0 0.498380892 0.886010452 0.500000000 0.500000000 0.000000000 0.000000000 0.971980989 -0.015453209 0.234551013 -0.106068480 0.015982058 0.999872208 -0.000353962 0.040921305 -0.234515578 0.004092652 0.972103775 -0.237138850
0 0.498380892 0.886010452 0.500000000 0.500000000 0.000000000 0.000000000 0.969737411 -0.016148949 0.243615538 -0.114568560 0.016668223 0.999861062 -0.000070169 0.044640994 -0.243580565 0.004128684 0.969871879 -0.245417880
0 0.498380892 0.886010452 0.500000000 0.500000000 0.000000000 0.000000000 0.967419386 -0.016728764 0.252626061 -0.123636301 0.017275508 0.999850750 0.000053857 0.047987990 -0.252589256 0.004312141 0.967563987 -0.253633823
0 0.498380892 0.886010452 0.500000000 0.500000000 0.000000000 0.000000000 0.965220869 -0.017323053 0.260861218 -0.132473112 0.017933108 0.999839187 0.000041622 0.051543878 -0.260819972 0.004637877 0.965376318 -0.261510846
0 0.498380892 0.886010452 0.500000000 0.500000000 0.000000000 0.000000000 0.963015974 -0.017966365 0.268844664 -0.140484761 0.018566854 0.999827564 0.000309064 0.054967261 -0.268803865 0.004693966 0.963183522 -0.269001388
0 0.498380892 0.886010452 0.500000000 0.500000000 0.000000000 0.000000000 0.960576057 -0.018747374 0.277384430 -0.148344327 0.019246025 0.999814332 0.000925150 0.058035477 -0.277350277 0.004449870 0.960758567 -0.276394221
0 0.498380892 0.886010452 0.500000000 0.500000000 0.000000000 0.000000000 0.958008707 -0.019409906 0.286081403 -0.156528040 0.019817062 0.999802530 0.001472154 0.060827785 -0.286053479 0.004258956 0.958204210 -0.283671912
0 0.498380892 0.886010452 0.500000000 0.500000000 0.000000000 0.000000000 0.955551505 -0.020149630 0.294134885 -0.164396795 0.020483160 0.999788284 0.001946895 0.063176678 -0.294111848 0.004164454 0.955761909 -0.290890075
0 0.498380892 0.886010452 0.500000000 0.500000000 0.000000000 0.000000000 0.953185260 -0.020945225 0.301660717 -0.171537959 0.021270018 0.999771357 0.002208336 0.065621413 -0.301638007 0.004311375 0.953412771 -0.298171297
0 0.498380892 0.886010452 0.500000000 0.500000000 0.000000000 0.000000000 0.950649977 -0.021579321 0.309514135 -0.178368067 0.021884996 0.999757409 0.002484914 0.068158617 -0.309492677 0.004411432 0.950891614 -0.305316853
0 0.498380892 0.886010452 0.500000000 0.500000000 0.000000000 0.000000000 0.947950482 -0.022175355 0.317644745 -0.185175289 0.022424210 0.999744415 0.002873167 0.070709249 -0.317627251 0.004399312 0.948205471 -0.312201266
0 0.498380892 0.886010452 0.500000000 0.500000000 0.000000000 0.000000000 0.945435226 -0.022857035 0.325007290 -0.191611805 0.023071824 0.999728680 0.003193523 0.073468887 -0.324992120 0.004479242 0.945706129 -0.318751996
0 0.498380892 0.886010452 0.500000000 0.500000000 0.000000000 0.000000000 0.942923903 -0.023569062 0.332173169 -0.197939769 0.023800099 0.999711037 0.003373447 0.076183923 -0.332156688 0.004724851 0.943212390 -0.325344930
0 0.498380892 0.886010452 0.500000000 0.500000000 0.000000000 0.000000000 0.940342486 -0.024275498 0.339362234 -0.204438935 0.024607481 0.999691665 0.003325515 0.079010173 -0.339338332 0.005223727 0.940649867 -0.331851096
0 0.498380892 0.886010452 0.500000000 0.500000000 0.000000000 0.000000000 0.937886953 -0.024924027 0.346044630 -0.210986225 0.025376983 0.999672771 0.003222499 0.081863477 -0.346011698 0.005759229 0.938212514 -0.338557867
0 0.498380892 0.886010452 0.500000000 0.500000000 0.000000000 0.000000000 0.935514867 -0.025587279 0.352359504 -0.217265443 0.026066855 0.999654472 0.003384353 0.084458285 -0.352324337 0.006018791 0.935858607 -0.345356537
0 0.498380892 0.886010452 0.500000000 0.500000000 0.000000000 0.000000000 0.933109879 -0.026249621 0.358632058 -0.223766650 0.026734792 0.999636054 0.003606959 0.087360255 -0.358596236 0.006222264 0.933472037 -0.352417468
0 0.498380892 0.886010452 0.500000000 0.500000000 0.000000000 0.000000000 0.930782259 -0.026865527 0.364585519 -0.230168208 0.027308935 0.999619246 0.003940436 0.090223150 -0.364552587 0.006288755 0.931161582 -0.359660217
0 0.498380892 0.886010452 0.500000000 0.500000000 0.000000000 0.000000000 0.928467035 -0.027449915 0.370398998 -0.236916322 0.027736589 0.999604881 0.004553363 0.092510268 -0.370377630 0.006045957 0.928861618 -0.367253575
0 0.498380892 0.886010452 0.500000000 0.500000000 0.000000000 0.000000000 0.926160455 -0.027980229 0.376090258 -0.243951824 0.028296573 0.999588609 0.004683849 0.095745407 -0.376066595 0.006304070 0.926571190 -0.375113410
0 0.498380892 0.886010452 0.500000000 0.500000000 0.000000000 0.000000000 0.923806131 -0.028538447 0.381795436 -0.251378180 0.028844969 0.999571800 0.004921656 0.098964587 -0.381772399 0.006466222 0.924233735 -0.383210275
0 0.498380892 0.886010452 0.500000000 0.500000000 0.000000000 0.000000000 0.921480000 -0.028935026 0.387346566 -0.259509365 0.029250799 0.999559164 0.005081355 0.102374389 -0.387322843 0.006647829 0.921920180 -0.391531118
0 0.498380892 0.886010452 0.500000000 0.500000000 0.000000000 0.000000000 0.919265211 -0.029353376 0.392542839 -0.267880717 0.029691193 0.999545515 0.005212060 0.105971349 -0.392517447 0.006863800 0.919718921 -0.400241795
0 0.498380892 0.886010452 0.500000000 0.500000000 0.000000000 0.000000000 0.917053163 -0.029784212 0.397651047 -0.276379480 0.030107271 0.999531925 0.005432656 0.109545699 -0.397626728 0.006990153 0.917520642 -0.408771411
0 0.498380892 0.886010452 0.500000000 0.500000000 0.000000000 0.000000000 0.914776146 -0.030247053 0.402827084 -0.285275905 0.030551916 0.999517083 0.005670625 0.113131126 -0.402804106 0.007119787 0.915258527 -0.417187750
0 0.498380892 0.886010452 0.500000000 0.500000000 0.000000000 0.000000000 0.912533045 -0.030654289 0.407852620 -0.294703056 0.030958671 0.999503493 0.005855689 0.116601814 -0.407829612 0.007283065 0.913029015 -0.425683960
0 0.498380892 0.886010452 0.500000000 0.500000000 0.000000000 0.000000000 0.910325706 -0.031115076 0.412721425 -0.304395077 0.031481635 0.999486864 0.005913358 0.120560754 -0.412693650 0.007610063 0.910838127 -0.434121119
0 0.498380892 0.886010452 0.500000000 0.500000000 0.000000000 0.000000000 0.908074617 -0.031586431 0.417615563 -0.314019592 0.031957902 0.999470592 0.006105017 0.124707909 -0.417587310 0.007802306 0.908603311 -0.442175443
0 0.498380892 0.886010452 0.500000000 0.500000000 0.000000000 0.000000000 0.905624747 -0.031993289 0.422871411 -0.324211743 0.032354154 0.999456465 0.006326212 0.128849862 -0.422843933 0.007952472 0.906167626 -0.450103668
0 0.498380892 0.886010452 0.500000000 0.500000000 0.000000000 0.000000000 0.903160393 -0.032337926 0.428083599 -0.334175790 0.032702643 0.999443948 0.006503899 0.132674004 -0.428055912 0.008125402 0.903715730 -0.457630147
0 0.498380892 0.886010452 0.500000000 0.500000000 0.000000000 0.000000000 0.900455236 -0.032699313 0.433717847 -0.344679482 0.033192672 0.999428213 0.006437602 0.136648972 -0.433680385 0.008599482 0.901025712 -0.464862223
0 0.498380892 0.886010452 0.500000000 0.500000000 0.000000000 0.000000000 0.897664666 -0.033172172 0.439428866 -0.355318098 0.033850681 0.999407053 0.006294402 0.140817024 -0.439377129 0.009224704 0.898255348 -0.471620071
0 0.498380892 0.886010452 0.500000000 0.500000000 0.000000000 0.000000000 0.894793153 -0.033652958 0.445210844 -0.366222638 0.034450337 0.999386549 0.006303499 0.144901346 -0.445149839 0.009697336 0.895403564 -0.478126068
0 0.498380892 0.886010452 0.500000000 0.500000000 0.000000000 0.000000000 0.891880810 -0.034073681 0.450985104 -0.377303005 0.034899175 0.999369800 0.006488685 0.148832631 -0.450921983 0.009951874 0.892507911 -0.484562264
0 0.498380892 0.886010452 0.500000000 0.500000000 0.000000000 0.000000000 0.888877332 -0.034469675 0.456846774 -0.388805379 0.035218790 0.999355972 0.006878219 0.152405562 -0.456789613 0.009975698 0.889518797 -0.490697932
0 0.498380892 0.886010452 0.500000000 0.500000000 0.000000000 0.000000000 0.885960996 -0.034875702 0.462446541 -0.400334849 0.035585780 0.999340773 0.007190235 0.156184616 -0.462392449 0.010086253 0.886618018 -0.496449867
0 0.498380892 0.886010452 0.500000000 0.500000000 0.000000000 0.000000000 0.883112967 -0.035228454 0.467835873 -0.411783664 0.035951477 0.999326229 0.007386141 0.160469410 -0.467780888 0.010296593 0.883784473 -0.502015653
0 0.498380892 0.886010452 0.500000000 0.500000000 0.000000000 0.000000000 0.880227029 -0.035643026 0.473212421 -0.423100245 0.036309987 0.999310672 0.007728924 0.164892036 -0.473161727 0.010379131 0.880914450 -0.507165333
0 0.498380892 0.886010452 0.500000000 0.500000000 0.000000000 0.000000000 0.877208889 -0.036019668 0.478755862 -0.435039436 0.036532801 0.999298453 0.008245331 0.168721009 -0.478716999 0.010257415 0.877909362 -0.512121547
0 0.498380892 0.886010452 0.500000000 0.500000000 0.000000000 0.000000000 0.874542594 -0.036478251 0.483574837 -0.446317589 0.036983393 0.999279737 0.008495948 0.172785424 -0.483536482 0.010454170 0.875261784 -0.516687458
0 0.498380892 0.886010452 0.500000000 0.500000000 0.000000000 0.000000000 0.871986866 -0.036987495 0.488129944 -0.457139876 0.037579421 0.999256730 0.008586325 0.177101526 -0.488084733 0.010856478 0.872728705 -0.520886855
0 0.498380892 0.886010452 0.500000000 0.500000000 0.000000000 0.000000000 0.869283617 -0.037278514 0.492905974 -0.468596226 0.037931610 0.999242663 0.008677020 0.181357692 -0.492856145 0.011153926 0.870039344 -0.524710848
0 0.498380892 0.886010452 0.500000000 0.500000000 0.000000000 0.000000000 0.866902590 -0.037931859 0.497032285 -0.477842755 0.038543347 0.999216139 0.009031203 0.185445408 -0.496985257 0.011328115 0.867685020 -0.528938843
0 0.498380892 0.886010452 0.500000000 0.500000000 0.000000000 0.000000000 0.864075780 -0.038157023 0.501913428 -0.489148715 0.038662888 0.999208093 0.009402301 0.189517409 -0.501874685 0.011281121 0.864866793 -0.532071142
0 0.498380892 0.886010452 0.500000000 0.500000000 0.000000000 0.000000000 0.861620426 -0.038541686 0.506087720 -0.499256495 0.038899563 0.999194384 0.009867813 0.193665834 -0.506060362 0.011184284 0.862425566 -0.535303144
0 0.498380892 0.886010452 0.500000000 0.500000000 0.000000000 0.000000000 0.859246314 -0.038924009 0.510079086 -0.508901868 0.039192591 0.999179363 0.010225817 0.197829004 -0.510058522 0.011204827 0.860066712 -0.538250114
0 0.498380892 0.886010452 0.500000000 0.500000000 0.000000000 0.000000000 0.856689692 -0.039349575 0.514329016 -0.518646603 0.039674137 0.999158978 0.010359237 0.201957561 -0.514304101 0.011530908 0.857530355 -0.540317262
0 0.498380892 0.886010452 0.500000000 0.500000000 0.000000000 0.000000000 0.854036510 -0.039738573 0.518693030 -0.528856671 0.040284101 0.999136031 0.010218275 0.206616513 -0.518650949 0.012168302 0.854899466 -0.541985674
0 0.498380892 0.886010452 0.500000000 0.500000000 0.000000000 0.000000000 0.851748288 -0.040199846 0.522406816 -0.538535184 0.040827151 0.999112964 0.010317115 0.211280440 -0.522358179 0.012540798 0.852633953 -0.543851711
0 0.498380892 0.886010452 0.500000000 0.500000000 0.000000000 0.000000000 0.849561691 -0.040551595 0.525928199 -0.548022117 0.041062921 0.999099195 0.010704088 0.215733869 -0.525888562 0.012502366 0.850461602 -0.545729812
0 0.498380892 0.886010452 0.500000000 0.500000000 0.000000000 0.000000000 0.847273231 -0.040819127 0.529586494 -0.558121036 0.041050348 0.999092817 0.011331922 0.220213704 -0.529568613 0.012138477 0.848180234 -0.547462882
0 0.498380892 0.886010452 0.500000000 0.500000000 0.000000000 0.000000000 0.845335364 -0.041077819 0.532654405 -0.568154883 0.040899280 0.999089539 0.012140719 0.224497296 -0.532668114 0.011522202 0.846245766 -0.549223025
0 0.498380892 0.886010452 0.500000000 0.500000000 0.000000000 0.000000000 0.843606353 -0.041349322 0.535367668 -0.577558384 0.040910907 0.999082088 0.012699061 0.228885504 -0.535401344 0.011189368 0.844523668 -0.550775261
0 0.498380892 0.886010452 0.500000000 0.500000000 0.000000000 0.000000000 0.841669679 -0.041639727 0.538384855 -0.587540358 0.041239358 0.999067307 0.012799338 0.233700556 -0.538415670 0.011429833 0.842601895 -0.551764181
0 0.498380892 0.886010452 0.500000000 0.500000000 0.000000000 0.000000000 0.839881063 -0.042034678 0.541140318 -0.597560276 0.041774001 0.999045491 0.012768155 0.238513835 -0.541160524 0.011881866 0.840835392 -0.552555769
0 0.498380892 0.886010452 0.500000000 0.500000000 0.000000000 0.000000000 0.838253617 -0.042515248 0.543620527 -0.607720270 0.042277586 0.999022126 0.012939787 0.243083707 -0.543639064 0.012136138 0.839231372 -0.553210025
0 0.498380892 0.886010452 0.500000000 0.500000000 0.000000000 0.000000000 0.836870193 -0.042935308 0.545715034 -0.617503119 0.042610239 0.999003828 0.013254718 0.247828735 -0.545740485 0.012160569 0.837866008 -0.553637745
0 0.498380892 0.886010452 0.500000000 0.500000000 0.000000000 0.000000000 0.835577965 -0.043205392 0.547670305 -0.626932238 0.042624224 0.998996139 0.013778656 0.252369620 -0.547715843 0.011830880 0.836580753 -0.553986676
0 0.498380892 0.886010452 0.500000000 0.500000000 0.000000000 0.000000000 0.834051728 -0.043386362 0.549977541 -0.636618096 0.042456642 0.998994231 0.014421837 0.256518092 -0.550050080 0.011321641 0.835054934 -0.553838138
0 0.498380892 0.886010452 0.500000000 0.500000000 0.000000000 0.000000000 0.832360625 -0.043547500 0.552520931 -0.646548538 0.042499553 0.998988152 0.014711625 0.260735749 -0.552602530 0.011236517 0.833369195 -0.552943448
0 0.498380892 0.886010452 0.500000000 0.500000000 0.000000000 0.000000000 0.830684245 -0.043575749 0.555035830 -0.656765384 0.042728394 0.998981774 0.014481179 0.265462341 -0.555101752 0.011686504 0.831700385 -0.551661019
0 0.498380892 0.886010452 0.500000000 0.500000000 0.000000000 0.000000000 0.829086542 -0.043709792 0.557409108 -0.666884175 0.043137938 0.998968601 0.014172043 0.270617369 -0.557453692 0.012295632 0.830116987 -0.549959032
0 0.498380892 0.886010452 0.500000000 0.500000000 0.000000000 0.000000000 0.827621400 -0.043970656 0.559561849 -0.676689156 0.043509383 0.998952866 0.014145568 0.275627744 -0.559597850 0.012639015 0.828667879 -0.548236243
0 0.498380892 0.886010452 0.500000000 0.500000000 0.000000000 0.000000000 0.826058865 -0.044162124 0.561850965 -0.686478865 0.043600176 0.998945057 0.014415260 0.280524298 -0.561894834 0.012588946 0.827112854 -0.546093131
0 0.498380892 0.886010452 0.500000000 0.500000000 0.000000000 0.000000000 0.824313223 -0.044433661 0.564387560 -0.696636335 0.043479312 0.998939574 0.015142027 0.285220129 -0.564461887 0.012057409 0.825371087 -0.543505264
0 0.498380892 0.886010452 0.500000000 0.500000000 0.000000000 0.000000000 0.822593570 -0.044630118 0.566875577 -0.706830341 0.043247480 0.998938024 0.015889946 0.289903397 -0.566982746 0.011444975 0.823650122 -0.540765164
0 0.498380892 0.886010452 0.500000000 0.500000000 0.000000000 0.000000000 0.820986390 -0.044889223 0.569180369 -0.716775788 0.043248482 0.998929739 0.016400358 0.293958794 -0.569307387 0.011151716 0.822049141 -0.537816549
0 0.498380892 0.886010452 0.500000000 0.500000000 0.000000000 0.000000000 0.819433570 -0.045237880 0.571386158 -0.726332386 0.043750688 0.998908818 0.016342251 0.298337004 -0.571501970 0.011607150 0.820518613 -0.534686401
0 0.498380892 0.886010452 0.500000000 0.500000000 0.000000000 0.000000000 0.817842603 -0.045606274 0.573631883 -0.735768348 0.044419643 0.998883426 0.016085364 0.303029265 -0.573725045 0.012325230 0.818955243 -0.531535693
0 0.498380892 0.886010452 0.500000000 0.500000000 0.000000000 0.000000000 0.816168785 -0.045941107 0.575984299 -0.745136823 0.044896718 0.998862684 0.016051754 0.307897659 -0.576066613 0.012758863 0.817303181 -0.528437716
0 0.498380892 0.886010452 0.500000000 0.500000000 0.000000000 0.000000000 0.814465880 -0.046300106 0.578361154 -0.754153458 0.045041364 0.998848319 0.016533144 0.312182366 -0.578460574 0.012584493 0.815613270 -0.525448125
0 0.498380892 0.886010452 0.500000000 0.500000000 0.000000000 0.000000000 0.812832892 -0.046625573 0.580627918 -0.762940789 0.044874802 0.998841286 0.017387785 0.316317997 -0.580765843 0.011922200 0.813983381 -0.522454555
0 0.498380892 0.886010452 0.500000000 0.500000000 0.000000000 0.000000000 0.811072767 -0.046895403 0.583062410 -0.771396013 0.044627618 0.998836875 0.018256387 0.320167059 -0.583240390 0.011213428 0.812222242 -0.518942082
0 0.498380892 0.886010452 0.500000000 0.500000000 0.000000000 0.000000000 0.809089780 -0.047144771 0.585790992 -0.780052592 0.044745848 0.998825550 0.018583408 0.324596678 -0.585979104 0.011176070 0.810249090 -0.514657474
0 0.498380892 0.886010452 0.500000000 0.500000000 0.000000000 0.000000000 0.807211578 -0.047467422 0.588350475 -0.788579886 0.045255758 0.998804271 0.018491857 0.329420814 -0.588524699 0.011699405 0.808394551 -0.510019764
0 0.498380892 0.886010452 0.500000000 0.500000000 0.000000000 0.000000000 0.805454016 -0.047789991 0.590728343 -0.796698894 0.045812771 0.998781741 0.018336162 0.334494048 -0.590884984 0.012293967 0.806662142 -0.505064362
0 0.498380892 0.886010452 0.500000000 0.500000000 0.000000000 0.000000000 0.803768098 -0.048135892 0.592992246 -0.804552843 0.046353702 0.998758495 0.018243926 0.339940847 -0.593134224 0.012823501 0.805001438 -0.500052018
0 0.498380892 0.886010452 0.500000000 0.500000000 0.000000000 0.000000000 0.802232921 -0.048429698 0.595043659 -0.811976368 0.046596635 0.998743117 0.018464986 0.345042557 -0.595189989 0.012913811 0.803481221 -0.494913430
0 0.498380892 0.886010452 0.500000000 0.500000000 0.000000000 0.000000000 0.800693691 -0.048797071 0.597083271 -0.818872137 0.046771482 0.998726785 0.018900730 0.349783900 -0.597245336 0.012792774 0.801956534 -0.489873784
0 0.498380892 0.886010452 0.500000000 0.500000000 0.000000000 0.000000000 0.799130082 -0.049128380 0.599147320 -0.825996875 0.046817116 0.998714149 0.019448036 0.354175613 -0.599332392 0.012508840 0.800402522 -0.484684125
0 0.498380892 0.886010452 0.500000000 0.500000000 0.000000000 0.000000000 0.797620833 -0.049486816 0.601125658 -0.832726016 0.047070853 0.998696089 0.019758927 0.358978069 -0.601319611 0.012535365 0.798910260 -0.479666670
