0 0.496224413 0.882176775 0.500000000 0.500000000 0.000000000 0.000000000 0.999949098 0.004447619 -0.009056312 -0.342343935 -0.004442955 0.999989986 0.000535043 0.003397935 0.009058601 -0.000494779 0.999958873 -0.214948096
0 0.496224413 0.882176775 0.500000000 0.500000000 0.000000000 0.000000000 0.999946535 0.004329964 -0.009387927 -0.353250115 -0.004323681 0.999990404 0.000689435 0.004511148 0.009390823 -0.000648808 0.999955714 -0.222525937
0 0.496224413 0.882176775 0.500000000 0.500000000 0.000000000 0.000000000 0.999946833 0.004432856 -0.009310783 -0.364947408 -0.004425281 0.999989867 0.000834040 0.005856979 0.009314386 -0.000792792 0.999956310 -0.230225761
0 0.496224413 0.882176775 0.500000000 0.500000000 0.000000000 0.000000000 0.999946058 0.004342867 -0.009435254 -0.375381539 -0.004333403 0.999990106 0.001023286 0.007431597 0.009439604 -0.000982344 0.999954939 -0.237776773
0 0.496224413 0.882176775 0.500000000 0.500000000 0.000000000 0.000000000 0.999946415 0.004352587 -0.009393543 -0.385897244 -0.004340198 0.999989688 0.001338782 0.009131483 0.009399273 -0.001297940 0.999954998 -0.244858967
0 0.496224413 0.882176775 0.500000000 0.500000000 0.000000000 0.000000000 0.999948025 0.004433966 -0.009179280 -0.396769111 -0.004419583 0.999988973 0.001586597 0.011344006 0.009186214 -0.001545946 0.999956608 -0.252159435
0 0.496224413 0.882176775 0.500000000 0.500000000 0.000000000 0.000000000 0.999950588 0.004340756 -0.008943026 -0.407576946 -0.004327369 0.999989510 0.001515738 0.013274267 0.008949512 -0.001476963 0.999958873 -0.259112413
0 0.496224413 0.882176775 0.500000000 0.500000000 0.000000000 0.000000000 0.999952137 0.004300779 -0.008790985 -0.419223972 -0.004288107 0.999989748 0.001459878 0.015042580 0.008797173 -0.001422112 0.999960303 -0.266783971
0 0.496224413 0.882176775 0.500000000 0.500000000 0.000000000 0.000000000 0.999952674 0.004272066 -0.008739305 -0.430455803 -0.004258167 0.999989629 0.001608365 0.017062966 0.008746086 -0.001571076 0.999960542 -0.274550369
0 0.496224413 0.882176775 0.500000000 0.500000000 0.000000000 0.000000000 0.999955654 0.004221196 -0.008420240 -0.442181173 -0.004203007 0.999988794 0.002176737 0.018667962 0.008429334 -0.002141250 0.999962151 -0.282750377
0 0.496224413 0.882176775 0.500000000 0.500000000 0.000000000 0.000000000 0.999959886 0.004130864 -0.007947822 -0.453647935 -0.004112839 0.999988914 0.002282935 0.021467325 0.007957165 -0.002250155 0.999965787 -0.290160509
0 0.496224413 0.882176775 0.500000000 0.500000000 0.000000000 0.000000000 0.999962986 0.003998078 -0.007616714 -0.465336568 -0.003979804 0.999989152 0.002412960 0.023271209 0.007626279 -0.002382558 0.999968052 -0.298128079
0 0.496224413 0.882176775 0.500000000 0.500000000 0.000000000 0.000000000 0.999962807 0.003975997 -0.007656726 -0.477051614 -0.003959121 0.999989688 0.002217921 0.025932762 0.007665466 -0.002187524 0.999968231 -0.306306251
0 0.496224413 0.882176775 0.500000000 0.500000000 0.000000000 0.000000000 0.999964297 0.003803900 -0.007546212 -0.489483939 -0.003786149 0.999990046 0.002365166 0.027826008 0.007555134 -0.002336510 0.999968708 -0.314802261
0 0.496224413 0.882176775 0.500000000 0.500000000 0.000000000 0.000000000 0.999965191 0.003812495 -0.007418162 -0.502258695 -0.003795181 0.999990046 0.002346607 0.030975703 0.007427034 -0.002318372 0.999969721 -0.323293315
0 0.496224413 0.882176775 0.500000000 0.500000000 0.000000000 0.000000000 0.999963760 0.003761237 -0.007638139 -0.514243290 -0.003743557 0.999990284 0.002327694 0.034133560 0.007646820 -0.002299015 0.999968112 -0.331774919
0 0.496224413 0.882176775 0.500000000 0.500000000 0.000000000 0.000000000 0.999963939 0.003771616 -0.007610935 -0.526918988 -0.003751940 0.999989569 0.002597850 0.037188616 0.007620654 -0.002569201 0.999967635 -0.340127687
0 0.496224413 0.882176775 0.500000000 0.500000000 0.000000000 0.000000000 0.999963760 0.003987243 -0.007523606 -0.539455903 -0.003965466 0.999987900 0.002907192 0.041019791 0.007535106 -0.002877252 0.999967456 -0.348699947
0 0.496224413 0.882176775 0.500000000 0.500000000 0.000000000 0.000000000 0.999964893 0.003786337 -0.007476870 -0.551514079 -0.003762738 0.999987900 0.003167721 0.043379623 0.007488774 -0.003139476 0.999967039 -0.356976268
0 0.496224413 0.882176775 0.500000000 0.500000000 0.000000000 0.000000000 0.999966323 0.003776016 -0.007285232 -0.563877305 -0.003751953 0.999987483 0.003313853 0.045744382 0.007297654 -0.003286407 0.999967992 -0.364812603
0 0.496224413 0.882176775 0.500000000 0.500000000 0.000000000 0.000000000 0.999967575 0.003744961 -0.007127847 -0.576226246 -0.003721421 0.999987602 0.003312829 0.048849625 0.007140165 -0.003286196 0.999969125 -0.372805604
0 0.496224413 0.882176775 0.500000000 0.500000000 0.000000000 0.000000000 0.999969721 0.003898778 -0.006735088 -0.589205625 -0.003876549 0.999987006 0.003310334 0.052226784 0.006747907 -0.003284125 0.999971867 -0.380136057
0 0.496224413 0.882176775 0.500000000 0.500000000 0.000000000 0.000000000 0.999970376 0.003871148 -0.006653231 -0.601299525 -0.003848175 0.999986589 0.003462349 0.054126819 0.006666545 -0.003436644 0.999971867 -0.387357150
0 0.496224413 0.882176775 0.500000000 0.500000000 0.000000000 0.000000000 0.999971032 0.003821198 -0.006582543 -0.613208568 -0.003798288 0.999986708 0.003489372 0.056345888 0.006595789 -0.003464268 0.999972224 -0.394434891
0 0.496224413 0.882176775 0.500000000 0.500000000 0.000000000 0.000000000 0.999973297 0.003925276 -0.006166464 -0.625585413 -0.003903602 0.999986172 0.003522983 0.059125595 0.006180207 -0.003498817 0.999974787 -0.400675735
0 0.496224413 0.882176775 0.500000000 0.500000000 0.000000000 0.000000000 0.999977529 0.004008675 -0.005371766 -0.638164088 -0.003988420 0.999984920 0.003776067 0.061603516 0.005386821 -0.003754557 0.999978423 -0.406496645
0 0.496224413 0.882176775 0.500000000 0.500000000 0.000000000 0.000000000 0.999979377 0.003790141 -0.005188224 -0.649669743 -0.003770526 0.999985754 0.003785271 0.064261628 0.005202496 -0.003765631 0.999979377 -0.412363202
0 0.496224413 0.882176775 0.500000000 0.500000000 0.000000000 0.000000000 0.999979675 0.003691139 -0.005196917 -0.661503267 -0.003671016 0.999985754 0.003876333 0.066765833 0.005211152 -0.003857177 0.999978960 -0.418159645
0 0.496224413 0.882176775 0.500000000 0.500000000 0.000000000 0.000000000 0.999979854 0.003694018 -0.005159116 -0.673059434 -0.003674153 0.999985814 0.003854625 0.069890601 0.005173282 -0.003835592 0.999979258 -0.423966578
0 0.496224413 0.882176775 0.500000000 0.500000000 0.000000000 0.000000000 0.999980569 0.003785031 -0.004958366 -0.684471268 -0.003765350 0.999985039 0.003972576 0.073058596 0.004973328 -0.003953828 0.999979794 -0.429575001
0 0.496224413 0.882176775 0.500000000 0.500000000 0.000000000 0.000000000 0.999981105 0.003591170 -0.004989345 -0.695111949 -0.003569120 0.999983847 0.004421181 0.074858769 0.005005142 -0.004403290 0.999977767 -0.434887329
0 0.496224413 0.882176775 0.500000000 0.500000000 0.000000000 0.000000000 0.999980569 0.003577645 -0.005099554 -0.705557050 -0.003552881 0.999981880 0.004856928 0.077069635 0.005116838 -0.004838715 0.999975204 -0.440501137
0 0.496224413 0.882176775 0.500000000 0.500000000 0.000000000 0.000000000 0.999981523 0.003544777 -0.004933284 -0.715256453 -0.003518501 0.999979615 0.005324702 0.079542002 0.004952058 -0.005307246 0.999973655 -0.445497135
0 0.496224413 0.882176775 0.500000000 0.500000000 0.000000000 0.000000000 0.999984860 0.003388430 -0.004329611 -0.725501560 -0.003362762 0.999976814 0.005922206 0.080995752 0.004349577 -0.005907557 0.999973118 -0.450321446
0 0.496224413 0.882176775 0.500000000 0.500000000 0.000000000 0.000000000 0.999988556 0.003113779 -0.003637843 -0.735444213 -0.003091327 0.999976218 0.006161027 0.082342535 0.003656940 -0.006149711 0.999974430 -0.454233310
0 0.496224413 0.882176775 0.500000000 0.500000000 0.000000000 0.000000000 0.999991179 0.002887439 -0.003057391 -0.745056860 -0.002868856 0.999977469 0.006064952 0.083855036 0.003074834 -0.006056128 0.999976933 -0.458367151
0 0.496224413 0.882176775 0.500000000 0.500000000 0.000000000 0.000000000 0.999993086 0.002611501 -0.002637036 -0.755069127 -0.002595877 0.999979138 0.005911056 0.085069864 0.002652417 -0.005904170 0.999979079 -0.462495480
0 0.496224413 0.882176775 0.500000000 0.500000000 0.000000000 0.000000000 0.999995291 0.002366614 -0.001968565 -0.764870921 -0.002354705 0.999979019 0.006030481 0.085977511 0.001982796 -0.006025818 0.999979854 -0.466243110
0 0.496224413 0.882176775 0.500000000 0.500000000 0.000000000 0.000000000 0.999996960 0.002141718 -0.001208219 -0.774618353 -0.002133946 0.999977231 0.006397398 0.086720436 0.001221893 -0.006394800 0.999978781 -0.469801428
0 0.496224413 0.882176775 0.500000000 0.500000000 0.000000000 0.000000000 0.999998152 0.001867036 -0.000407781 -0.785033360 -0.001864288 0.999976218 0.006639228 0.087496337 0.000420167 -0.006638456 0.999977887 -0.473362985
0 0.496224413 0.882176775 0.500000000 0.500000000 0.000000000 0.000000000 0.999998450 0.001648093 0.000574474 -0.795805602 -0.001651887 0.999976397 0.006666142 0.088255513 -0.000563474 -0.006667081 0.999977589 -0.477220887
0 0.496224413 0.882176775 0.500000000 0.500000000 0.000000000 0.000000000 0.999997079 0.001419117 0.001949297 -0.808028652 -0.001431883 0.999977410 0.006563518 0.089418788 -0.001939938 -0.006566290 0.999976575 -0.480665663
0 0.496224413 0.882176775 0.500000000 0.500000000 0.000000000 0.000000000 0.999993920 0.001086349 0.003312625 -0.820014284 -0.001108312 0.999977350 0.006635517 0.090834288 -0.003305342 -0.006639148 0.999972522 -0.484365477
0 0.496224413 0.882176775 0.500000000 0.500000000 0.000000000 0.000000000 0.999987304 0.000903869 0.004957454 -0.833122947 -0.000939341 0.999973953 0.007157488 0.092540751 -0.004950855 -0.007162054 0.999962091 -0.487969850
0 0.496224413 0.882176775 0.500000000 0.500000000 0.000000000 0.000000000 0.999976158 0.000582171 0.006884933 -0.847426183 -0.000636558 0.999968588 0.007899771 0.094187990 -0.006880118 -0.007903966 0.999945104 -0.491281346
0 0.496224413 0.882176775 0.500000000 0.500000000 0.000000000 0.000000000 0.999960363 0.000239057 0.008900752 -0.862268323 -0.000313492 0.999965012 0.008362362 0.096460592 -0.008898442 -0.008364822 0.999925435 -0.494434924
0 0.496224413 0.882176775 0.500000000 0.500000000 0.000000000 0.000000000 0.999940932 -0.000036698 0.010867886 -0.876781846 -0.000054491 0.999964774 0.008390250 0.099529314 -0.010867812 -0.008390347 0.999905765 -0.497329101
0 0.496224413 0.882176775 0.500000000 0.500000000 0.000000000 0.000000000 0.999912262 -0.000389308 0.013242298 -0.892488336 0.000280430 0.999966145 0.008222919 0.103354269 -0.013245051 -0.008218484 0.999878526 -0.499533878
0 0.496224413 0.882176775 0.500000000 0.500000000 0.000000000 0.000000000 0.999871850 -0.000897178 0.015982911 -0.908736918 0.000762663 0.999964237 0.008420266 0.106369991 -0.015989896 -0.008406998 0.999836802 -0.501577392
0 0.496224413 0.882176775 0.500000000 0.500000000 0.000000000 0.000000000 0.999821901 -0.001420534 0.018819178 -0.924906290 0.001254965 0.999960423 0.008806781 0.108964609 -0.018830944 -0.008781595 0.999784112 -0.503472719
0 0.496224413 0.882176775 0.500000000 0.500000000 0.000000000 0.000000000 0.999758601 -0.001883250 0.021889247 -0.941363612 0.001687986 0.999958634 0.008935606 0.112054693 -0.021905169 -0.008896501 0.999720454 -0.505294398
0 0.496224413 0.882176775 0.500000000 0.500000000 0.000000000 0.000000000 0.999673247 -0.002510113 0.025438890 -0.957983919 0.002282085 0.999957025 0.008988812 0.114791639 -0.025460359 -0.008927820 0.999635994 -0.506428249
0 0.496224413 0.882176775 0.500000000 0.500000000 0.000000000 0.000000000 0.999565482 -0.003211830 0.029301472 -0.974648474 0.002939221 0.999952018 0.009341951 0.116767703 -0.029330073 -0.009251767 0.999526978 -0.507048786
0 0.496224413 0.882176775 0.500000000 0.500000000 0.000000000 0.000000000 0.999426782 -0.003908601 0.033627786 -0.992110624 0.003583143 0.999946237 0.009733053 0.119299364 -0.033664018 -0.009606981 0.999387026 -0.507316314
0 0.496224413 0.882176775 0.500000000 0.500000000 0.000000000 0.000000000 0.999255776 -0.004641763 0.038292985 -1.009200610 0.004257330 0.999939799 0.010114716 0.121698462 -0.038337629 -0.009944163 0.999215364 -0.506846809
0 0.496224413 0.882176775 0.500000000 0.500000000 0.000000000 0.000000000 0.999064028 -0.005533603 0.042900063 -1.025580307 0.005102187 0.999935389 0.010159265 0.123699806 -0.042953506 -0.009930872 0.999027729 -0.505924281
0 0.496224413 0.882176775 0.500000000 0.500000000 0.000000000 0.000000000 0.998812616 -0.006324122 0.048304658 -1.042998707 0.005851006 0.999933600 0.009929559 0.126470868 -0.048364244 -0.009635138 0.998783290 -0.503958375
0 0.496224413 0.882176775 0.500000000 0.500000000 0.000000000 0.000000000 0.998514950 -0.007384997 0.053975374 -1.060620716 0.006855674 0.999926627 0.009985346 0.128428954 -0.054045156 -0.009600480 0.998492360 -0.501674531
0 0.496224413 0.882176775 0.500000000 0.500000000 0.000000000 0.000000000 0.998195767 -0.008273275 0.059470952 -1.077657005 0.007675172 0.999917746 0.010278456 0.130588124 -0.059551094 -0.009803462 0.998177111 -0.499025876
0 0.496224413 0.882176775 0.500000000 0.500000000 0.000000000 0.000000000 0.997829974 -0.009358507 0.065174632 -1.094740396 0.008677930 0.999904931 0.010717654 0.132427859 -0.065268740 -0.010128816 0.997816324 -0.496111698
0 0.496224413 0.882176775 0.500000000 0.500000000 0.000000000 0.000000000 0.997423828 -0.010467341 0.070965566 -1.111496319 0.009703691 0.999891341 0.011097086 0.134354408 -0.071074009 -0.010379869 0.997417033 -0.492622911
0 0.496224413 0.882176775 0.500000000 0.500000000 0.000000000 0.000000000 0.996964216 -0.011585252 0.076994032 -1.128155090 0.010739118 0.999877393 0.011394587 0.136176743 -0.077116601 -0.010533148 0.996966422 -0.488476709
0 0.496224413 0.882176775 0.500000000 0.500000000 0.000000000 0.000000000 0.996431351 -0.012736623 0.083440796 -1.144864616 0.011821173 0.999864519 0.011456141 0.137962952 -0.083575398 -0.010428891 0.996446908 -0.484027674
0 0.496224413 0.882176775 0.500000000 0.500000000 0.000000000 0.000000000 0.995858252 -0.013888504 0.089852348 -1.161644462 0.012918828 0.999851942 0.011364491 0.139793554 -0.089996882 -0.010156635 0.995890260 -0.479562388
0 0.496224413 0.882176775 0.500000000 0.500000000 0.000000000 0.000000000 0.995260835 -0.015029478 0.096072540 -1.178346529 0.014000368 0.999837279 0.011376965 0.141535755 -0.096227892 -0.009977997 0.995309293 -0.475105793
0 0.496224413 0.882176775 0.500000000 0.500000000 0.000000000 0.000000000 0.994645298 -0.016082829 0.102088444 -1.194363826 0.014970553 0.999820054 0.011652086 0.143200496 -0.102257468 -0.010061372 0.994707108 -0.470807610
0 0.496224413 0.882176775 0.500000000 0.500000000 0.000000000 0.000000000 0.993980944 -0.017248608 0.108186603 -1.210466896 0.016035164 0.999798477 0.012076216 0.144391876 -0.108373106 -0.010268738 0.994057238 -0.466520698
0 0.496224413 0.882176775 0.500000000 0.500000000 0.000000000 0.000000000 0.993321538 -0.018463966 0.113892041 -1.225867257 0.017163195 0.999775946 0.012391183 0.145159862 -0.114095308 -0.010353678 0.993415833 -0.462563328
0 0.496224413 0.882176775 0.500000000 0.500000000 0.000000000 0.000000000 0.992632329 -0.019615170 0.119567141 -1.241276501 0.018259054 0.999756038 0.012426972 0.146354537 -0.119781725 -0.010152232 0.992748320 -0.458462164
0 0.496224413 0.882176775 0.500000000 0.500000000 0.000000000 0.000000000 0.991865158 -0.020774154 0.125586271 -1.257281144 0.019352881 0.999734223 0.012526715 0.147040062 -0.125813127 -0.009994356 0.992003620 -0.454575943
0 0.496224413 0.882176775 0.500000000 0.500000000 0.000000000 0.000000000 0.991094530 -0.021995308 0.131331012 -1.273293916 0.020508224 0.999709487 0.012665171 0.147351973 -0.131571427 -0.009859016 0.991257668 -0.450940951
0 0.496224413 0.882176775 0.500000000 0.500000000 0.000000000 0.000000000 0.990329683 -0.023101734 0.136796907 -1.288962250 0.021537211 0.999684751 0.012906082 0.147762561 -0.137051925 -0.009835053 0.990515053 -0.447855571
0 0.496224413 0.882176775 0.500000000 0.500000000 0.000000000 0.000000000 0.989578485 -0.024231965 0.141940936 -1.304816432 0.022596171 0.999658525 0.013125215 0.148493169 -0.142210513 -0.009781109 0.989788115 -0.445246468
0 0.496224413 0.882176775 0.500000000 0.500000000 0.000000000 0.000000000 0.988855839 -0.025174912 0.146732107 -1.319956400 0.023428619 0.999632776 0.013617604 0.148857486 -0.147021040 -0.010028117 0.989082515 -0.443140474
0 0.496224413 0.882176775 0.500000000 0.500000000 0.000000000 0.000000000 0.988044500 -0.026247814 0.151918247 -1.335586014 0.024389690 0.999603331 0.014081945 0.149472564 -0.152227610 -0.010208349 0.988292754 -0.440519656
0 0.496224413 0.882176775 0.500000000 0.500000000 0.000000000 0.000000000 0.987166941 -0.027259666 0.157347709 -1.351788560 0.025304956 0.999575853 0.014413224 0.150666556 -0.157673866 -0.010246581 0.987438083 -0.437748422
0 0.496224413 0.882176775 0.500000000 0.500000000 0.000000000 0.000000000 0.986263573 -0.028244380 0.162746623 -1.367949683 0.026216442 0.999549747 0.014595335 0.151887875 -0.163085580 -0.010128210 0.986559927 -0.434733465
0 0.496224413 0.882176775 0.500000000 0.500000000 0.000000000 0.000000000 0.985315502 -0.029271297 0.168215722 -1.384585361 0.027182018 0.999522269 0.014709980 0.152992795 -0.168565944 -0.009921529 0.985640466 -0.432117123
0 0.496224413 0.882176775 0.500000000 0.500000000 0.000000000 0.000000000 0.984383225 -0.030222449 0.173425213 -1.401523067 0.028081067 0.999496222 0.014788479 0.154536918 -0.173784792 -0.009687565 0.984736025 -0.429556353
0 0.496224413 0.882176775 0.500000000 0.500000000 0.000000000 0.000000000 0.983519316 -0.031050544 0.178116724 -1.418550715 0.028845608 0.999471962 0.014956117 0.156907046 -0.178487077 -0.009571745 0.983895719 -0.427690028
0 0.496224413 0.882176775 0.500000000 0.500000000 0.000000000 0.000000000 0.982665241 -0.031678300 0.182662368 -1.434697302 0.029363552 0.999450743 0.015363637 0.159451576 -0.183048725 -0.009733696 0.983055651 -0.425568146
