0 0.502227429 0.892848683 0.500000000 0.500000000 0.000000000 0.000000000 0.976579070 -0.028466938 0.213267222 -0.520967828 0.028398082 0.999590933 0.003386931 0.579444934 -0.213276416 0.002748775 0.976988018 -2.701828698
0 0.502227429 0.892848683 0.500000000 0.500000000 0.000000000 0.000000000 0.976421714 -0.028534153 0.213977769 -0.525162983 0.028550699 0.999587774 0.003013728 0.585409113 -0.213975564 0.003166545 0.976833880 -2.724513006
0 0.502227429 0.892848683 0.500000000 0.500000000 0.000000000 0.000000000 0.976248682 -0.028783169 0.214732617 -0.529821185 0.028820699 0.999580204 0.002956783 0.590364794 -0.214727581 0.003302188 0.976668417 -2.747099860
0 0.502227429 0.892848683 0.500000000 0.500000000 0.000000000 0.000000000 0.976140141 -0.028936718 0.215204656 -0.534200444 0.028967043 0.999575853 0.003013638 0.594797042 -0.215200573 0.003292109 0.976564348 -2.769253931
0 0.502227429 0.892848683 0.500000000 0.500000000 0.000000000 0.000000000 0.976083100 -0.029033542 0.215450302 -0.537114037 0.029040888 0.999573290 0.003132201 0.599420578 -0.215449303 0.003199580 0.976509809 -2.791058254
0 0.502227429 0.892848683 0.500000000 0.500000000 0.000000000 0.000000000 0.976032495 -0.029065799 0.215675190 -0.539959463 0.029020242 0.999573112 0.003378653 0.603697884 -0.215681329 0.002961271 0.976459324 -2.812830375
0 0.502227429 0.892848683 0.500000000 0.500000000 0.000000000 0.000000000 0.975967407 -0.028971422 0.215982214 -0.543302504 0.028879877 0.999576449 0.003580548 0.607848768 -0.215994462 0.002743042 0.976390719 -2.834030067
0 0.502227429 0.892848683 0.500000000 0.500000000 0.000000000 0.000000000 0.975879669 -0.028960386 0.216379568 -0.547408252 0.028848080 0.999577045 0.003678179 0.611533788 -0.216394573 0.002652674 0.976302385 -2.855502907
0 0.502227429 0.892848683 0.500000000 0.500000000 0.000000000 0.000000000 0.975839913 -0.029020578 0.216550961 -0.550299933 0.028973095 0.999574423 0.003394699 0.616877950 -0.216557324 0.002961469 0.976265430 -2.876423842
0 0.502227429 0.892848683 0.500000000 0.500000000 0.000000000 0.000000000 0.975841582 -0.029000647 0.216546118 -0.552675000 0.028995041 0.999574423 0.003203664 0.621979567 -0.216546878 0.003152496 0.976267159 -2.897379553
0 0.502227429 0.892848683 0.500000000 0.500000000 0.000000000 0.000000000 0.975771189 -0.029006304 0.216862261 -0.555974336 0.028992904 0.999574363 0.003244074 0.625834142 -0.216864049 0.003121993 0.976196826 -2.918866888
0 0.502227429 0.892848683 0.500000000 0.500000000 0.000000000 0.000000000 0.975656509 -0.029049389 0.217371792 -0.560783394 0.029005216 0.999573469 0.003394511 0.628071958 -0.217377692 0.002993039 0.976082981 -2.940459952
0 0.502227429 0.892848683 0.500000000 0.500000000 0.000000000 0.000000000 0.975627542 -0.029138930 0.217489898 -0.564946510 0.029139524 0.999570191 0.003205138 0.630630378 -0.217489824 0.003210531 0.976057291 -2.962670267
0 0.502227429 0.892848683 0.500000000 0.500000000 0.000000000 0.000000000 0.975598574 -0.029248588 0.217605054 -0.568473204 0.029354062 0.999565303 0.002748519 0.634265108 -0.217590854 0.003706141 0.976033032 -2.985077252
0 0.502227429 0.892848683 0.500000000 0.500000000 0.000000000 0.000000000 0.975549996 -0.029406130 0.217801392 -0.572923686 0.029559705 0.999559760 0.002553766 0.636967246 -0.217780605 0.003946819 0.975989759 -3.008442437
0 0.502227429 0.892848683 0.500000000 0.500000000 0.000000000 0.000000000 0.975526512 -0.029417716 0.217904970 -0.577706463 0.029550483 0.999559760 0.002650164 0.638095489 -0.217887014 0.003853892 0.975966394 -3.032277312
0 0.502227429 0.892848683 0.500000000 0.500000000 0.000000000 0.000000000 0.975566626 -0.029377086 0.217730939 -0.581437114 0.029485075 0.999561429 0.002753617 0.638085530 -0.217716351 0.003733477 0.976004958 -3.056517302
0 0.502227429 0.892848683 0.500000000 0.500000000 0.000000000 0.000000000 0.975660384 -0.029265458 0.217325374 -0.583776323 0.029428201 0.999563813 0.002488259 0.640095021 -0.217303395 0.003967799 0.976096034 -3.081511274
0 0.502227429 0.892848683 0.500000000 0.500000000 0.000000000 0.000000000 0.975593984 -0.029195992 0.217632562 -0.588641349 0.029357018 0.999565899 0.002494052 0.641126390 -0.217610896 0.003955862 0.976027608 -3.106780381
0 0.502227429 0.892848683 0.500000000 0.500000000 0.000000000 0.000000000 0.975461423 -0.029157175 0.218231246 -0.595765262 0.029247634 0.999568224 0.002816496 0.640417838 -0.218219131 0.003635365 0.975893021 -3.132160091
0 0.502227429 0.892848683 0.500000000 0.500000000 0.000000000 0.000000000 0.975437164 -0.029070342 0.218351200 -0.601811292 0.029094640 0.999571860 0.003104633 0.639458286 -0.218347967 0.003324475 0.975865304 -3.158489788
0 0.502227429 0.892848683 0.500000000 0.500000000 0.000000000 0.000000000 0.975405693 -0.028963048 0.218505919 -0.607637679 0.029013867 0.999574602 0.002976733 0.640583135 -0.218499184 0.003436179 0.975831091 -3.184174424
0 0.502227429 0.892848683 0.500000000 0.500000000 0.000000000 0.000000000 0.975350201 -0.028925424 0.218758523 -0.614512597 0.029029857 0.999574780 0.002737479 0.642607249 -0.218744680 0.003680528 0.975775182 -3.210014824
0 0.502227429 0.892848683 0.500000000 0.500000000 0.000000000 0.000000000 0.975390673 -0.028976129 0.218571350 -0.620576485 0.029070556 0.999573469 0.002784546 0.643950797 -0.218558803 0.003637970 0.975817025 -3.236013282
0 0.502227429 0.892848683 0.500000000 0.500000000 0.000000000 0.000000000 0.975484073 -0.028735392 0.218186021 -0.625385849 0.028821498 0.999580681 0.002788591 0.646207889 -0.218174666 0.003568222 0.975903213 -3.262094964
0 0.502227429 0.892848683 0.500000000 0.500000000 0.000000000 0.000000000 0.975482345 -0.028516263 0.218222499 -0.631474619 0.028591692 0.999587238 0.002812732 0.647554247 -0.218212634 0.003495580 0.975894988 -3.287413828
0 0.502227429 0.892848683 0.500000000 0.500000000 0.000000000 0.000000000 0.975403011 -0.028411305 0.218590289 -0.639375271 0.028530367 0.999589503 0.002612357 0.649092045 -0.218574777 0.003688360 0.975813210 -3.312431548
0 0.502227429 0.892848683 0.500000000 0.500000000 0.000000000 0.000000000 0.975388229 -0.028427364 0.218654215 -0.646191611 0.028611321 0.999587893 0.002325600 0.650406965 -0.218630224 0.003987623 0.975799620 -3.336710626
0 0.502227429 0.892848683 0.500000000 0.500000000 0.000000000 0.000000000 0.975361884 -0.028379809 0.218777835 -0.653926097 0.028665096 0.999587297 0.001870646 0.652781226 -0.218740642 0.004446731 0.975772917 -3.360834041
0 0.502227429 0.892848683 0.500000000 0.500000000 0.000000000 0.000000000 0.975282073 -0.028415600 0.219128743 -0.662911777 0.028730836 0.999585629 0.001748550 0.654538950 -0.219087631 0.004590422 0.975694358 -3.384149365
0 0.502227429 0.892848683 0.500000000 0.500000000 0.000000000 0.000000000 0.975261152 -0.028330207 0.219232932 -0.671842145 0.028549451 0.999590039 0.002168569 0.653081374 -0.219204485 0.004144059 0.975670159 -3.408348549
0 0.502227429 0.892848683 0.500000000 0.500000000 0.000000000 0.000000000 0.975278735 -0.028194461 0.219172105 -0.680193756 0.028372493 0.999594688 0.002335810 0.652185701 -0.219149128 0.003940393 0.975683391 -3.431492136
0 0.502227429 0.892848683 0.500000000 0.500000000 0.000000000 0.000000000 0.975270391 -0.028097900 0.219221830 -0.689195300 0.028305102 0.999596894 0.002196161 0.651738905 -0.219195172 0.004063246 0.975672543 -3.454351675
0 0.502227429 0.892848683 0.500000000 0.500000000 0.000000000 0.000000000 0.975255907 -0.028065687 0.219290376 -0.698328960 0.028324006 0.999596834 0.001966433 0.652367631 -0.219257161 0.004293407 0.975657642 -3.476853591
0 0.502227429 0.892848683 0.500000000 0.500000000 0.000000000 0.000000000 0.975313783 -0.028037429 0.219036326 -0.706376073 0.028254302 0.999598444 0.002142843 0.651988078 -0.219008446 0.004098773 0.975714326 -3.499478356
0 0.502227429 0.892848683 0.500000000 0.500000000 0.000000000 0.000000000 0.975401044 -0.027850857 0.218671262 -0.713378715 0.028006347 0.999604881 0.002389119 0.651484616 -0.218651399 0.003793835 0.975795686 -3.521852786
0 0.502227429 0.892848683 0.500000000 0.500000000 0.000000000 0.000000000 0.975461781 -0.027751384 0.218412921 -0.720855802 0.027890801 0.999607980 0.002445351 0.652144083 -0.218395159 0.003706364 0.975853384 -3.543201498
0 0.502227429 0.892848683 0.500000000 0.500000000 0.000000000 0.000000000 0.975475609 -0.027706016 0.218356773 -0.728395106 0.027844660 0.999609292 0.002442805 0.653124964 -0.218339145 0.003697173 0.975865960 -3.564532922
0 0.502227429 0.892848683 0.500000000 0.500000000 0.000000000 0.000000000 0.975453496 -0.027646629 0.218463153 -0.736865289 0.027783835 0.999610960 0.002444503 0.654500526 -0.218445748 0.003685246 0.975842118 -3.584736331
0 0.502227429 0.892848683 0.500000000 0.500000000 0.000000000 0.000000000 0.975515842 -0.027588857 0.218192011 -0.743564107 0.027710121 0.999612868 0.002504741 0.655958198 -0.218176633 0.003602712 0.975902617 -3.605302287
0 0.502227429 0.892848683 0.500000000 0.500000000 0.000000000 0.000000000 0.975465655 -0.027488548 0.218428910 -0.751909802 0.027570385 0.999616265 0.002673809 0.656904239 -0.218418598 0.003413960 0.975849211 -3.625405529
0 0.502227429 0.892848683 0.500000000 0.500000000 0.000000000 0.000000000 0.975378573 -0.027491819 0.218816936 -0.761291627 0.027538529 0.999616742 0.002837036 0.657400661 -0.218811065 0.003258712 0.975761831 -3.645871183
0 0.502227429 0.892848683 0.500000000 0.500000000 0.000000000 0.000000000 0.975367069 -0.027484579 0.218869030 -0.769570367 0.027521400 0.999617040 0.002881110 0.658146825 -0.218864411 0.003213442 0.975749969 -3.667167269
0 0.502227429 0.892848683 0.500000000 0.500000000 0.000000000 0.000000000 0.975381374 -0.027489506 0.218804836 -0.777062404 0.027518632 0.999617040 0.002915005 0.658929510 -0.218801185 0.003177969 0.975764275 -3.688796002
0 0.502227429 0.892848683 0.500000000 0.500000000 0.000000000 0.000000000 0.975402296 -0.027504154 0.218709484 -0.784555776 0.027485758 0.999617279 0.003127232 0.658642841 -0.218711793 0.002961087 0.975785017 -3.710767940
0 0.502227429 0.892848683 0.500000000 0.500000000 0.000000000 0.000000000 0.975461960 -0.027463838 0.218448266 -0.791399553 0.027392302 0.999619126 0.003356538 0.657753992 -0.218457252 0.002709626 0.975842774 -3.733225480
0 0.502227429 0.892848683 0.500000000 0.500000000 0.000000000 0.000000000 0.975504935 -0.027449846 0.218258262 -0.798321456 0.027337771 0.999620020 0.003533824 0.656723556 -0.218272328 0.002519432 0.975884616 -3.755551842
0 0.502227429 0.892848683 0.500000000 0.500000000 0.000000000 0.000000000 0.975493670 -0.027435746 0.218310311 -0.805963201 0.027329296 0.999620318 0.003507742 0.656149644 -0.218323663 0.002544487 0.975873113 -3.777731026
0 0.502227429 0.892848683 0.500000000 0.500000000 0.000000000 0.000000000 0.975429296 -0.027470488 0.218593240 -0.815469916 0.027415168 0.999618709 0.003286723 0.655794200 -0.218600184 0.002786805 0.975810528 -3.799686969
0 0.502227429 0.892848683 0.500000000 0.500000000 0.000000000 0.000000000 0.975464165 -0.027666133 0.218412980 -0.822658446 0.027696744 0.999612093 0.002922086 0.655967881 -0.218409106 0.003198938 0.975852072 -3.822292760
0 0.502227429 0.892848683 0.500000000 0.500000000 0.000000000 0.000000000 0.975510120 -0.027836684 0.218185931 -0.829611815 0.027889274 0.999606967 0.002839206 0.655308646 -0.218179211 0.003315373 0.975903094 -3.845497117
0 0.502227429 0.892848683 0.500000000 0.500000000 0.000000000 0.000000000 0.975515187 -0.027983168 0.218144730 -0.837079534 0.027955683 0.999603987 0.003212981 0.652165054 -0.218148246 0.002964073 0.975911140 -3.869160775
0 0.502227429 0.892848683 0.500000000 0.500000000 0.000000000 0.000000000 0.975575924 -0.027953539 0.217876479 -0.843527983 0.027908675 0.999605060 0.003283822 0.650229966 -0.217882231 0.002877027 0.975970805 -3.893380303
0 0.502227429 0.892848683 0.500000000 0.500000000 0.000000000 0.000000000 0.975596547 -0.027894901 0.217791885 -0.850368658 0.027901219 0.999606013 0.003046847 0.649697090 -0.217791080 0.003104165 0.975990474 -3.917817661
0 0.502227429 0.892848683 0.500000000 0.500000000 0.000000000 0.000000000 0.975597918 -0.027968604 0.217776135 -0.857876313 0.028022772 0.999603271 0.002840306 0.649673457 -0.217769176 0.003331694 0.975994587 -3.942731325
0 0.502227429 0.892848683 0.500000000 0.500000000 0.000000000 0.000000000 0.975688457 -0.027938103 0.217374146 -0.863272143 0.027999140 0.999604046 0.002799799 0.649902338 -0.217366293 0.003354558 0.976084352 -3.968294621
0 0.502227429 0.892848683 0.500000000 0.500000000 0.000000000 0.000000000 0.975697875 -0.027621502 0.217372283 -0.870149394 0.027659480 0.999613285 0.002868463 0.649562774 -0.217367455 0.003213651 0.976084530 -3.993541711
0 0.502227429 0.892848683 0.500000000 0.500000000 0.000000000 0.000000000 0.975678921 -0.027397664 0.217485696 -0.878459024 0.027454685 0.999619246 0.002760068 0.650145516 -0.217478514 0.003278061 0.976059616 -4.018545799
0 0.502227429 0.892848683 0.500000000 0.500000000 0.000000000 0.000000000 0.975758374 -0.027332569 0.217137039 -0.885214087 0.027425369 0.999620497 0.002586673 0.651566088 -0.217125326 0.003431095 0.976137698 -4.044028692
0 0.502227429 0.892848683 0.500000000 0.500000000 0.000000000 0.000000000 0.975867927 -0.027207270 0.216659904 -0.891238485 0.027311046 0.999623835 0.002515744 0.653269551 -0.216646850 0.003462175 0.976243913 -4.069075928
0 0.502227429 0.892848683 0.500000000 0.500000000 0.000000000 0.000000000 0.976020873 -0.027126340 0.215980217 -0.896656093 0.027180113 0.999626875 0.002721823 0.653713766 -0.215973452 0.003213811 0.976393938 -4.094349247
0 0.502227429 0.892848683 0.500000000 0.500000000 0.000000000 0.000000000 0.976257861 -0.027019726 0.214919910 -0.900043104 0.027033973 0.999630392 0.002873674 0.654987363 -0.214918107 0.003004693 0.976627469 -4.119200796
0 0.502227429 0.892848683 0.500000000 0.500000000 0.000000000 0.000000000 0.976441205 -0.026876967 0.214103237 -0.904411006 0.026853809 0.999634802 0.003017167 0.655957958 -0.214106143 0.002803401 0.976806402 -4.143477379
0 0.502227429 0.892848683 0.500000000 0.500000000 0.000000000 0.000000000 0.976681173 -0.026783165 0.213017613 -0.907732330 0.026744153 0.999637604 0.003065225 0.657187855 -0.213022515 0.002703228 0.977043569 -4.167096313
0 0.502227429 0.892848683 0.500000000 0.500000000 0.000000000 0.000000000 0.976908922 -0.026560917 0.211998746 -0.911842731 0.026522787 0.999643624 0.003024101 0.658689819 -0.212003514 0.002668527 0.977265239 -4.190243284
0 0.502227429 0.892848683 0.500000000 0.500000000 0.000000000 0.000000000 0.977188289 -0.026396774 0.210727900 -0.915157941 0.026339574 0.999648333 0.003078692 0.659564679 -0.210735053 0.002542021 0.977539897 -4.213254307
0 0.502227429 0.892848683 0.500000000 0.500000000 0.000000000 0.000000000 0.977507353 -0.026098680 0.209280178 -0.917820251 0.025999129 0.999656737 0.003227171 0.659972870 -0.209292576 0.002286519 0.977850378 -4.235785505
0 0.502227429 0.892848683 0.500000000 0.500000000 0.000000000 0.000000000 0.977846980 -0.025806464 0.207724169 -0.920051744 0.025683159 0.999664724 0.003290959 0.660976281 -0.207739457 0.002116959 0.978181899 -4.257545501
0 0.502227429 0.892848683 0.500000000 0.500000000 0.000000000 0.000000000 0.978163004 -0.025531804 0.206264988 -0.923325446 0.025397431 0.999671996 0.003299645 0.661455147 -0.206281573 0.002011010 0.978490591 -4.278695799
0 0.502227429 0.892848683 0.500000000 0.500000000 0.000000000 0.000000000 0.978632689 -0.025342496 0.204048604 -0.923585348 0.025195248 0.999677062 0.003319886 0.661591795 -0.204066843 0.001892106 0.978955150 -4.299994513
0 0.502227429 0.892848683 0.500000000 0.500000000 0.000000000 0.000000000 0.979268849 -0.024995059 0.201016963 -0.919831124 0.024851533 0.999685884 0.003237914 0.662049508 -0.201034755 0.001824791 0.979582429 -4.321588064
0 0.502227429 0.892848683 0.500000000 0.500000000 0.000000000 0.000000000 0.979910851 -0.024527801 0.197921947 -0.915693197 0.024376841 0.999697745 0.003199521 0.661716595 -0.197940588 0.001689466 0.980212569 -4.342967222
0 0.502227429 0.892848683 0.500000000 0.500000000 0.000000000 0.000000000 0.980501294 -0.023949258 0.195047736 -0.912859560 0.023803651 0.999711871 0.003090770 0.661350395 -0.195065558 0.001612345 0.980788887 -4.363970190
0 0.502227429 0.892848683 0.500000000 0.500000000 0.000000000 0.000000000 0.981044769 -0.023401313 0.192363009 -0.912112033 0.023270290 0.999724865 0.002940678 0.660879585 -0.192378908 0.001591407 0.981319427 -4.384397303
0 0.502227429 0.892848683 0.500000000 0.500000000 0.000000000 0.000000000 0.981764138 -0.022836084 0.188726351 -0.907675143 0.022727095 0.999737918 0.002741816 0.660056804 -0.188739508 0.001597385 0.982025862 -4.406203592
0 0.502227429 0.892848683 0.500000000 0.500000000 0.000000000 0.000000000 0.982583344 -0.022072133 0.184506789 -0.901065511 0.021978965 0.999755204 0.002550380 0.659632504 -0.184517905 0.001549307 0.982827902 -4.428411250
0 0.502227429 0.892848683 0.500000000 0.500000000 0.000000000 0.000000000 0.983432591 -0.021308668 0.180017471 -0.893826798 0.021168370 0.999772251 0.002700581 0.656977881 -0.180034027 0.001154836 0.983659685 -4.451332652
0 0.502227429 0.892848683 0.500000000 0.500000000 0.000000000 0.000000000 0.984364033 -0.020348076 0.174966753 -0.884650796 0.020185217 0.999792576 0.002710534 0.654390098 -0.174985617 0.000863590 0.984570622 -4.475137148
0 0.502227429 0.892848683 0.500000000 0.500000000 0.000000000 0.000000000 0.985338628 -0.019482492 0.169494063 -0.874608784 0.019343810 0.999809861 0.002469602 0.653235156 -0.169509947 0.000845267 0.985528111 -4.499213332
0 0.502227429 0.892848683 0.500000000 0.500000000 0.000000000 0.000000000 0.986366630 -0.018504651 0.163518831 -0.862155458 0.018370247 0.999828517 0.002334167 0.652064749 -0.163533986 0.000701537 0.986537457 -4.523866498
0 0.502227429 0.892848683 0.500000000 0.500000000 0.000000000 0.000000000 0.987401664 -0.017501678 0.157263145 -0.849037894 0.017326629 0.999846816 0.002484088 0.649112285 -0.157282531 0.000272048 0.987553596 -4.549290261
