0 0.475269574 0.844923738 0.500000000 0.500000000 0.000000000 0.000000000 0.995709121 -0.014664524 0.091369040 0.349768875 0.014819741 0.999889672 -0.001020537 0.206745289 -0.091343991 0.002370224 0.995816588 -1.519027003
0 0.475269574 0.844923738 0.500000000 0.500000000 0.000000000 0.000000000 0.995662391 -0.014886459 0.091841012 0.353523669 0.015014792 0.999887049 -0.000706508 0.208045837 -0.091820121 0.002082417 0.995773435 -1.538599394
0 0.475269574 0.844923738 0.500000000 0.500000000 0.000000000 0.000000000 0.995638788 -0.015014372 0.092076108 0.358198865 0.015110002 0.999885798 -0.000341527 0.209466974 -0.092060462 0.001731307 0.995751917 -1.557910950
0 0.475269574 0.844923738 0.500000000 0.500000000 0.000000000 0.000000000 0.995584667 -0.015052778 0.092653140 0.360910287 0.015087065 0.999886155 0.000330404 0.209482313 -0.092647560 0.001068919 0.995698392 -1.577069401
0 0.475269574 0.844923738 0.500000000 0.500000000 0.000000000 0.000000000 0.995534241 -0.015250506 0.093160920 0.364304415 0.015227518 0.999883592 0.000957644 0.210092262 -0.093164675 0.000465242 0.995650589 -1.596339104
0 0.475269574 0.844923738 0.500000000 0.500000000 0.000000000 0.000000000 0.995497286 -0.015313789 0.093545005 0.367842461 0.015237064 0.999882758 0.001534428 0.210786694 -0.093557529 -0.000102167 0.995613873 -1.616166976
0 0.475269574 0.844923738 0.500000000 0.500000000 0.000000000 0.000000000 0.995451033 -0.015463601 0.094011091 0.371046683 0.015354823 0.999880314 0.001880368 0.212437028 -0.094028920 -0.000428290 0.995569348 -1.636264313
0 0.475269574 0.844923738 0.500000000 0.500000000 0.000000000 0.000000000 0.995419741 -0.015332360 0.094363719 0.374810867 0.015150749 0.999881744 0.002640766 0.212143446 -0.094393045 -0.001198990 0.995534301 -1.656355316
0 0.475269574 0.844923738 0.500000000 0.500000000 0.000000000 0.000000000 0.995365918 -0.015270674 0.094939463 0.377117832 0.015023752 0.999881625 0.003315115 0.212573246 -0.094978854 -0.001873406 0.995477557 -1.676654812
0 0.475269574 0.844923738 0.500000000 0.500000000 0.000000000 0.000000000 0.995311379 -0.015225327 0.095516726 0.379653140 0.014907561 0.999880731 0.004039548 0.212389969 -0.095566832 -0.002596687 0.995419621 -1.698007870
0 0.475269574 0.844923738 0.500000000 0.500000000 0.000000000 0.000000000 0.995255411 -0.014986215 0.096135542 0.381653868 0.014604148 0.999882400 0.004676688 0.212865850 -0.096194327 -0.003250521 0.995357275 -1.718701361
0 0.475269574 0.844923738 0.500000000 0.500000000 0.000000000 0.000000000 0.995197952 -0.014882780 0.096744694 0.383916448 0.014440044 0.999881804 0.005274905 0.212942782 -0.096811764 -0.003852577 0.995295227 -1.739454582
0 0.475269574 0.844923738 0.500000000 0.500000000 0.000000000 0.000000000 0.995164812 -0.015005180 0.097066320 0.387326911 0.014506740 0.999877751 0.005838782 0.212940328 -0.097142063 -0.004402435 0.995260775 -1.760678092
0 0.475269574 0.844923738 0.500000000 0.500000000 0.000000000 0.000000000 0.995129108 -0.015035660 0.097426884 0.390238178 0.014497158 0.999875486 0.006232814 0.213385230 -0.097508468 -0.004790042 0.995223165 -1.781756485
0 0.475269574 0.844923738 0.500000000 0.500000000 0.000000000 0.000000000 0.995094001 -0.015015281 0.097788140 0.392607120 0.014449012 0.999874532 0.006496400 0.213562355 -0.097873412 -0.005051586 0.995186031 -1.802638985
0 0.475269574 0.844923738 0.500000000 0.500000000 0.000000000 0.000000000 0.995077193 -0.015040912 0.097954877 0.395739536 0.014488757 0.999874890 0.006345773 0.215259572 -0.098038070 -0.004895289 0.995170653 -1.824159047
0 0.475269574 0.844923738 0.500000000 0.500000000 0.000000000 0.000000000 0.995087147 -0.014920357 0.097872041 0.399980018 0.014391529 0.999877810 0.006107029 0.217057533 -0.097951196 -0.004668497 0.995180249 -1.845942749
0 0.475269574 0.844923738 0.500000000 0.500000000 0.000000000 0.000000000 0.995053232 -0.014673527 0.098253392 0.401978898 0.014139050 0.999881208 0.006133913 0.217396004 -0.098331727 -0.004714360 0.995142519 -1.865900565
0 0.475269574 0.844923738 0.500000000 0.500000000 0.000000000 0.000000000 0.995008111 -0.014360649 0.098755278 0.403743109 0.013814141 0.999885261 0.006215550 0.217376729 -0.098833203 -0.004820303 0.995092332 -1.886570891
0 0.475269574 0.844923738 0.500000000 0.500000000 0.000000000 0.000000000 0.994981825 -0.014001435 0.099071525 0.406269886 0.013458643 0.999890566 0.006145025 0.218129854 -0.099146716 -0.004780820 0.995061338 -1.907044133
0 0.475269574 0.844923738 0.500000000 0.500000000 0.000000000 0.000000000 0.994945288 -0.013612174 0.099491641 0.408057364 0.013050091 0.999895036 0.006298202 0.217683220 -0.099566922 -0.004967991 0.995018482 -1.927040430
0 0.475269574 0.844923738 0.500000000 0.500000000 0.000000000 0.000000000 0.994897485 -0.013265884 0.100015171 0.409822342 0.012687865 0.999898911 0.006413206 0.217664258 -0.100090139 -0.005111503 0.994965255 -1.947056920
0 0.475269574 0.844923738 0.500000000 0.500000000 0.000000000 0.000000000 0.994846284 -0.012938505 0.100565910 0.411219837 0.012353594 0.999902964 0.006436803 0.218209122 -0.100639433 -0.005161279 0.994909585 -1.966502736
0 0.475269574 0.844923738 0.500000000 0.500000000 0.000000000 0.000000000 0.994800508 -0.012489340 0.101073965 0.412843404 0.011861866 0.999906480 0.006806719 0.217100786 -0.101149522 -0.005572402 0.994855642 -1.986667488
0 0.475269574 0.844923738 0.500000000 0.500000000 0.000000000 0.000000000 0.994740605 -0.012162382 0.101701573 0.413930623 0.011502245 0.999908805 0.007074844 0.216668844 -0.101778343 -0.005867838 0.994789779 -2.006116056
0 0.475269574 0.844923738 0.500000000 0.500000000 0.000000000 0.000000000 0.994699597 -0.011811097 0.102142878 0.415571340 0.011144131 0.999912739 0.007097930 0.217499990 -0.102217793 -0.005922014 0.994744420 -2.025851838
0 0.475269574 0.844923738 0.500000000 0.500000000 0.000000000 0.000000000 0.994653881 -0.011608774 0.102610253 0.416381933 0.010907429 0.999913156 0.007393498 0.216244113 -0.102687173 -0.006234758 0.994694173 -2.044958105
0 0.475269574 0.844923738 0.500000000 0.500000000 0.000000000 0.000000000 0.994645894 -0.011201245 0.102732942 0.419089719 0.010486769 0.999916971 0.007492176 0.215691689 -0.102808326 -0.006374726 0.994680762 -2.064953353
0 0.475269574 0.844923738 0.500000000 0.500000000 0.000000000 0.000000000 0.994606078 -0.011081344 0.103130735 0.420114259 0.010352499 0.999917507 0.007599784 0.214769489 -0.103206448 -0.006491131 0.994638801 -2.084280700
0 0.475269574 0.844923738 0.500000000 0.500000000 0.000000000 0.000000000 0.994624257 -0.010858689 0.102979220 0.423818068 0.010136430 0.999920249 0.007534374 0.214840304 -0.103052825 -0.006450029 0.994654953 -2.104902108
0 0.475269574 0.844923738 0.500000000 0.500000000 0.000000000 0.000000000 0.994611025 -0.010446746 0.103149123 0.425582565 0.009705110 0.999923348 0.007689208 0.213579999 -0.103221543 -0.006646697 0.994636178 -2.125030152
0 0.475269574 0.844923738 0.500000000 0.500000000 0.000000000 0.000000000 0.994622886 -0.010359193 0.103043906 0.428962975 0.009619259 0.999924302 0.007675116 0.213419668 -0.103115611 -0.006642640 0.994647205 -2.145770894
0 0.475269574 0.844923738 0.500000000 0.500000000 0.000000000 0.000000000 0.994636416 -0.010036376 0.102944739 0.432288266 0.009287049 0.999926805 0.007755655 0.212960743 -0.103015043 -0.006758004 0.994656861 -2.166833963
0 0.475269574 0.844923738 0.500000000 0.500000000 0.000000000 0.000000000 0.994633555 -0.009692189 0.103005745 0.434690865 0.008932054 0.999929368 0.007838248 0.212598609 -0.103074446 -0.006876132 0.994649887 -2.188150738
0 0.475269574 0.844923738 0.500000000 0.500000000 0.000000000 0.000000000 0.994675338 -0.009646988 0.102605827 0.439932965 0.008873626 0.999928713 0.007991000 0.212189378 -0.102675602 -0.007037965 0.994690001 -2.210263724
0 0.475269574 0.844923738 0.500000000 0.500000000 0.000000000 0.000000000 0.994691372 -0.009395953 0.102473333 0.443483363 0.008590570 0.999928653 0.008297936 0.211385187 -0.102543987 -0.007373581 0.994701147 -2.232235590
0 0.475269574 0.844923738 0.500000000 0.500000000 0.000000000 0.000000000 0.994700968 -0.009364717 0.102382950 0.447190210 0.008530819 0.999926805 0.008579728 0.210871975 -0.102455802 -0.007660854 0.994708061 -2.254016976
0 0.475269574 0.844923738 0.500000000 0.500000000 0.000000000 0.000000000 0.994726777 -0.009353884 0.102133252 0.451826107 0.008506536 0.999925733 0.008728880 0.210942815 -0.102207318 -0.007814050 0.994732440 -2.276467124
0 0.475269574 0.844923738 0.500000000 0.500000000 0.000000000 0.000000000 0.994733930 -0.009200350 0.102077022 0.455183351 0.008373813 0.999928594 0.008522757 0.211730616 -0.102148153 -0.007623102 0.994740009 -2.298136422
0 0.475269574 0.844923738 0.500000000 0.500000000 0.000000000 0.000000000 0.994778216 -0.008921422 0.101669736 0.461154874 0.008153578 0.999935031 0.007965401 0.214116051 -0.101734191 -0.007094835 0.994786322 -2.319701486
0 0.475269574 0.844923738 0.500000000 0.500000000 0.000000000 0.000000000 0.994779348 -0.008662314 0.101681136 0.465100509 0.007949232 0.999940932 0.007416032 0.216049700 -0.101739369 -0.006569029 0.994789422 -2.340818761
0 0.475269574 0.844923738 0.500000000 0.500000000 0.000000000 0.000000000 0.994779110 -0.008475683 0.101698801 0.469592613 0.007795709 0.999944508 0.007081728 0.217502434 -0.101753183 -0.006251941 0.994790018 -2.360280770
0 0.475269574 0.844923738 0.500000000 0.500000000 0.000000000 0.000000000 0.994800210 -0.008147720 0.101519227 0.474496463 0.007507249 0.999949455 0.006689322 0.219049097 -0.101568595 -0.005892409 0.994811058 -2.380794448
0 0.475269574 0.844923738 0.500000000 0.500000000 0.000000000 0.000000000 0.994796336 -0.007848785 0.101580612 0.477763762 0.007226441 0.999952793 0.006493148 0.219797102 -0.101626784 -0.005725294 0.994806111 -2.400499849
0 0.475269574 0.844923738 0.500000000 0.500000000 0.000000000 0.000000000 0.994823933 -0.007666176 0.101323858 0.483255316 0.007068915 0.999955475 0.006252317 0.221161828 -0.101367272 -0.005503705 0.994833827 -2.420089097
0 0.475269574 0.844923738 0.500000000 0.500000000 0.000000000 0.000000000 0.994821072 -0.007254025 0.101382606 0.486566923 0.006653927 0.999958277 0.006256058 0.221536392 -0.101423763 -0.005549066 0.994827867 -2.439071711
0 0.475269574 0.844923738 0.500000000 0.500000000 0.000000000 0.000000000 0.994837582 -0.007013389 0.101237178 0.490946333 0.006416500 0.999960065 0.006220387 0.222138750 -0.101276763 -0.005538687 0.994842887 -2.458277010
0 0.475269574 0.844923738 0.500000000 0.500000000 0.000000000 0.000000000 0.994843662 -0.006742501 0.101195723 0.494848529 0.006143665 0.999961734 0.006228094 0.222960956 -0.101233847 -0.005574268 0.994847059 -2.477203075
0 0.475269574 0.844923738 0.500000000 0.500000000 0.000000000 0.000000000 0.994833350 -0.006267224 0.101327747 0.497711497 0.005632622 0.999962687 0.006547763 0.222284768 -0.101365000 -0.005943193 0.994831562 -2.495615704
0 0.475269574 0.844923738 0.500000000 0.500000000 0.000000000 0.000000000 0.994852424 -0.005860132 0.101164766 0.501420663 0.005205464 0.999963760 0.006734077 0.222029133 -0.101200558 -0.006172803 0.994846880 -2.515452366
0 0.475269574 0.844923738 0.500000000 0.500000000 0.000000000 0.000000000 0.994856179 -0.005532436 0.101146199 0.504796240 0.004889091 0.999966204 0.006607336 0.223749857 -0.101179339 -0.006078837 0.994849622 -2.533752702
0 0.475269574 0.844923738 0.500000000 0.500000000 0.000000000 0.000000000 0.994871497 -0.005309314 0.101007529 0.508006486 0.004655698 0.999966681 0.006705602 0.223654159 -0.101039767 -0.006200952 0.994863033 -2.552660822
0 0.475269574 0.844923738 0.500000000 0.500000000 0.000000000 0.000000000 0.994908512 -0.005142154 0.100650765 0.512495346 0.004493137 0.999967635 0.006673845 0.224374621 -0.100681826 -0.006187628 0.994899452 -2.571164769
0 0.475269574 0.844923738 0.500000000 0.500000000 0.000000000 0.000000000 0.994929433 -0.005137307 0.100444205 0.515774275 0.004485778 0.999967396 0.006711261 0.224834278 -0.100475408 -0.006226661 0.994920075 -2.590354117
0 0.475269574 0.844923738 0.500000000 0.500000000 0.000000000 0.000000000 0.994964123 -0.004719376 0.100120544 0.519001243 0.004058532 0.999968648 0.006803141 0.224758577 -0.100149512 -0.006362538 0.994952083 -2.609796084
0 0.475269574 0.844923738 0.500000000 0.500000000 0.000000000 0.000000000 0.995010197 -0.004485545 0.099672288 0.523361975 0.003824289 0.999969423 0.006824381 0.225260600 -0.099699855 -0.006409153 0.994996905 -2.629017283
0 0.475269574 0.844923738 0.500000000 0.500000000 0.000000000 0.000000000 0.995039344 -0.004499164 0.099380225 0.526686489 0.003798572 0.999966621 0.007237718 0.223131523 -0.099409468 -0.006824311 0.995023191 -2.648816467
0 0.475269574 0.844923738 0.500000000 0.500000000 0.000000000 0.000000000 0.995091140 -0.004076130 0.098878682 0.531303476 0.003363803 0.999967158 0.007369701 0.222769995 -0.098905474 -0.007000916 0.995072186 -2.668480574
0 0.475269574 0.844923738 0.500000000 0.500000000 0.000000000 0.000000000 0.995083570 -0.003601192 0.098973572 0.532336279 0.002892578 0.999969184 0.007302198 0.223715377 -0.098996818 -0.006980008 0.995063245 -2.688547446
0 0.475269574 0.844923738 0.500000000 0.500000000 0.000000000 0.000000000 0.995116174 -0.003831930 0.098636247 0.536343812 0.003076535 0.999964774 0.007809355 0.221169550 -0.098662697 -0.007467758 0.995092928 -2.708928400
0 0.475269574 0.844923738 0.500000000 0.500000000 0.000000000 0.000000000 0.995107412 -0.003401658 0.098740630 0.537392007 0.002639005 0.999965668 0.007853381 0.221057777 -0.098763958 -0.007554381 0.995082200 -2.730049897
0 0.475269574 0.844923738 0.500000000 0.500000000 0.000000000 0.000000000 0.995167971 -0.003427085 0.098127216 0.542918615 0.002677561 0.999966264 0.007768958 0.221150497 -0.098150529 -0.007468676 0.995143533 -2.750574483
0 0.475269574 0.844923738 0.500000000 0.500000000 0.000000000 0.000000000 0.995155036 -0.002917680 0.098274998 0.543395546 0.002217329 0.999971390 0.007234907 0.223152901 -0.098293297 -0.006981946 0.995132983 -2.771224375
0 0.475269574 0.844923738 0.500000000 0.500000000 0.000000000 0.000000000 0.995202243 -0.002701520 0.097801656 0.547733071 0.002067085 0.999976158 0.006587692 0.225711927 -0.097817115 -0.006353922 0.995184124 -2.791881328
0 0.475269574 0.844923738 0.500000000 0.500000000 0.000000000 0.000000000 0.995244801 -0.002568411 0.097371489 0.551283259 0.002001751 0.999980509 0.005916818 0.228509213 -0.097384788 -0.005693769 0.995230496 -2.812023016
0 0.475269574 0.844923738 0.500000000 0.500000000 0.000000000 0.000000000 0.995274484 -0.002217022 0.097076364 0.553359752 0.001717425 0.999984860 0.005229688 0.231170620 -0.097086489 -0.005038253 0.995263219 -2.832661725
0 0.475269574 0.844923738 0.500000000 0.500000000 0.000000000 0.000000000 0.995317876 -0.001951021 0.096636012 0.556674915 0.001516000 0.999988377 0.004574864 0.233791206 -0.096643820 -0.004406944 0.995309293 -2.852355101
0 0.475269574 0.844923738 0.500000000 0.500000000 0.000000000 0.000000000 0.995361865 -0.001916321 0.096182525 0.560147485 0.001527339 0.999990344 0.004117667 0.235747890 -0.096189491 -0.003951665 0.995355189 -2.871632769
0 0.475269574 0.844923738 0.500000000 0.500000000 0.000000000 0.000000000 0.995396972 -0.001755591 0.095821403 0.562804590 0.001428492 0.999992907 0.003482122 0.238490785 -0.095826834 -0.003329214 0.995392442 -2.891171151
0 0.475269574 0.844923738 0.500000000 0.500000000 0.000000000 0.000000000 0.995404124 -0.001360284 0.095753491 0.563379753 0.001048415 0.999993980 0.003307232 0.238321289 -0.095757417 -0.003191643 0.995399594 -2.911161574
0 0.475269574 0.844923738 0.500000000 0.500000000 0.000000000 0.000000000 0.995449305 -0.001248533 0.095284313 0.566996376 0.000969112 0.999995112 0.002978716 0.239662165 -0.095287569 -0.002872820 0.995445669 -2.929726400
0 0.475269574 0.844923738 0.500000000 0.500000000 0.000000000 0.000000000 0.995472074 -0.000971437 0.095049486 0.569155371 0.000688250 0.999995232 0.003012107 0.238619320 -0.095051959 -0.002933051 0.995468020 -2.949151142
0 0.475269574 0.844923738 0.500000000 0.500000000 0.000000000 0.000000000 0.995492816 -0.000858600 0.094833389 0.571079036 0.000603520 0.999996126 0.002718418 0.239565665 -0.094835356 -0.002648932 0.995489419 -2.968530444
0 0.475269574 0.844923738 0.500000000 0.500000000 0.000000000 0.000000000 0.995527089 -0.000688170 0.094473816 0.573310841 0.000442171 0.999996483 0.002624788 0.239587859 -0.094475292 -0.002571274 0.995523870 -2.988167618
0 0.475269574 0.844923738 0.500000000 0.500000000 0.000000000 0.000000000 0.995600343 -0.000839874 0.093697459 0.576569809 0.000585150 0.999996066 0.002746026 0.238548985 -0.093699396 -0.002679117 0.995596945 -3.007194869
0 0.475269574 0.844923738 0.500000000 0.500000000 0.000000000 0.000000000 0.995721400 -0.001266449 0.092397705 0.581706173 0.001026621 0.999996006 0.002643082 0.239386604 -0.092400678 -0.002536916 0.995718658 -3.026734349
0 0.475269574 0.844923738 0.500000000 0.500000000 0.000000000 0.000000000 0.995888293 -0.001730685 0.090573311 0.589396720 0.001513003 0.999995828 0.002471979 0.240947973 -0.090577208 -0.002324778 0.995886743 -3.045478143
0 0.475269574 0.844923738 0.500000000 0.500000000 0.000000000 0.000000000 0.996051788 -0.002186110 0.088747121 0.596717680 0.001967225 0.999994814 0.002553786 0.241234547 -0.088752247 -0.002369118 0.996050894 -3.064641723
0 0.475269574 0.844923738 0.500000000 0.500000000 0.000000000 0.000000000 0.996217787 -0.002808028 0.086846329 0.604595222 0.002591924 0.999993265 0.002601008 0.241939027 -0.086853050 -0.002366071 0.996218324 -3.084235381
0 0.475269574 0.844923738 0.500000000 0.500000000 0.000000000 0.000000000 0.996372044 -0.003334573 0.085038826 0.611996330 0.003112830 0.999991417 0.002740012 0.242025683 -0.085047238 -0.002465360 0.996373892 -3.104111077
0 0.475269574 0.844923738 0.500000000 0.500000000 0.000000000 0.000000000 0.996531904 -0.003946623 0.083117582 0.620210050 0.003709265 0.999988616 0.003009910 0.241577608 -0.083128512 -0.002691167 0.996535182 -3.124239488
