0 0.490407095 0.871834826 0.500000000 0.500000000 0.000000000 0.000000000 -0.050841119 -0.015733022 -0.998582840 5.001580818 -0.140429676 0.990054607 -0.008448922 0.700239034 0.988784432 0.139801115 -0.052544869 -1.508127341
0 0.490407095 0.871834826 0.500000000 0.500000000 0.000000000 0.000000000 -0.055549789 -0.016476255 -0.998319983 5.010528697 -0.140406445 0.990057230 -0.008527213 0.701198792 0.988534391 0.139696866 -0.057310842 -1.507252553
0 0.490407095 0.871834826 0.500000000 0.500000000 0.000000000 0.000000000 -0.060399111 -0.017316019 -0.998024106 5.018774291 -0.140592903 0.990029514 -0.008668814 0.703809078 0.988223433 0.139791518 -0.062231410 -1.505577222
0 0.490407095 0.871834826 0.500000000 0.500000000 0.000000000 0.000000000 -0.065902233 -0.017218184 -0.997677505 5.029271407 -0.140436783 0.990058839 -0.007810056 0.701027873 0.987893939 0.139595926 -0.067665152 -1.499929847
0 0.490407095 0.871834826 0.500000000 0.500000000 0.000000000 0.000000000 -0.071545728 -0.018474208 -0.997266233 5.038659585 -0.140224770 0.990085065 -0.008281193 0.704630737 0.987531364 0.139248952 -0.073426902 -1.493361073
0 0.490407095 0.871834826 0.500000000 0.500000000 0.000000000 0.000000000 -0.076691061 -0.018665615 -0.996880174 5.047448484 -0.139888361 0.990136743 -0.007777589 0.702875556 0.987192869 0.138855457 -0.078545734 -1.489621153
0 0.490407095 0.871834826 0.500000000 0.500000000 0.000000000 0.000000000 -0.081952110 -0.018634759 -0.996462047 5.057156525 -0.139674172 0.990172565 -0.007029905 0.701673050 0.986800373 0.138603896 -0.083749525 -1.483078337
0 0.490407095 0.871834826 0.500000000 0.500000000 0.000000000 0.000000000 -0.087100461 -0.019444458 -0.996009767 5.066173943 -0.139599323 0.990182459 -0.007122817 0.703428958 0.986369908 0.138421893 -0.088959783 -1.477548421
0 0.490407095 0.871834826 0.500000000 0.500000000 0.000000000 0.000000000 -0.092307784 -0.019810302 -0.995533466 5.075309528 -0.139314502 0.990224898 -0.006787157 0.702691592 0.985936463 0.138065740 -0.094165333 -1.470897531
0 0.490407095 0.871834826 0.500000000 0.500000000 0.000000000 0.000000000 -0.098124027 -0.020523673 -0.994962513 5.086055904 -0.139181763 0.990244210 -0.006700125 0.703650315 0.985393405 0.137823194 -0.100023270 -1.461570977
0 0.490407095 0.871834826 0.500000000 0.500000000 0.000000000 0.000000000 -0.103764802 -0.020539446 -0.994389772 5.096636362 -0.138793930 0.990303278 -0.005971858 0.700195917 0.984870076 0.137395591 -0.105609372 -1.452276435
0 0.490407095 0.871834826 0.500000000 0.500000000 0.000000000 0.000000000 -0.108876690 -0.020594552 -0.993841887 5.106031288 -0.138581023 0.990336716 -0.005340183 0.697540692 0.984348118 0.137146205 -0.110678598 -1.446147868
0 0.490407095 0.871834826 0.500000000 0.500000000 0.000000000 0.000000000 -0.113758139 -0.020691570 -0.993292987 5.115295431 -0.138240352 0.990387082 -0.004798883 0.693850663 0.983843863 0.136767268 -0.115525000 -1.440380429
0 0.490407095 0.871834826 0.500000000 0.500000000 0.000000000 0.000000000 -0.118114822 -0.020964259 -0.992778599 5.123120932 -0.138236597 0.990389168 -0.004467243 0.692310096 0.983330846 0.136710688 -0.119877666 -1.438030081
0 0.490407095 0.871834826 0.500000000 0.500000000 0.000000000 0.000000000 -0.122725457 -0.021405917 -0.992209792 5.131650788 -0.138103023 0.990408599 -0.004285230 0.691656649 0.982784808 0.136501268 -0.124504574 -1.434760541
0 0.490407095 0.871834826 0.500000000 0.500000000 0.000000000 0.000000000 -0.127241954 -0.022213664 -0.991622925 5.140360726 -0.137790531 0.990451157 -0.004506565 0.692046798 0.982254148 0.136062831 -0.129087761 -1.431517121
0 0.490407095 0.871834826 0.500000000 0.500000000 0.000000000 0.000000000 -0.131164148 -0.021732336 -0.991122425 5.147212612 -0.137679219 0.990470707 -0.003497716 0.687093575 0.981753707 0.135998175 -0.132906348 -1.432977797
0 0.490407095 0.871834826 0.500000000 0.500000000 0.000000000 0.000000000 -0.135319546 -0.021550229 -0.990567625 5.154980747 -0.137396798 0.990512192 -0.002779509 0.682779431 0.981229186 0.135724694 -0.136996597 -1.434580069
0 0.490407095 0.871834826 0.500000000 0.500000000 0.000000000 0.000000000 -0.139410064 -0.022515358 -0.989978731 5.162438850 -0.137443215 0.990504563 -0.003172391 0.685307033 0.980649889 0.135623589 -0.141180888 -1.434484194
0 0.490407095 0.871834826 0.500000000 0.500000000 0.000000000 0.000000000 -0.143497705 -0.022904923 -0.989385545 5.170074596 -0.137272865 0.990528643 -0.003021714 0.684336094 0.980083942 0.135382190 -0.145282820 -1.435313601
0 0.490407095 0.871834826 0.500000000 0.500000000 0.000000000 0.000000000 -0.147673920 -0.023285000 -0.988761961 5.177466887 -0.137223616 0.990536034 -0.002832108 0.684058016 0.979470313 0.135263264 -0.149471596 -1.435090279
0 0.490407095 0.871834826 0.500000000 0.500000000 0.000000000 0.000000000 -0.151732370 -0.023277519 -0.988147497 5.184338344 -0.137105733 0.990553796 -0.002281296 0.681736703 0.978866339 0.135134533 -0.153490558 -1.436692413
0 0.490407095 0.871834826 0.500000000 0.500000000 0.000000000 0.000000000 -0.155737817 -0.023885069 -0.987509608 5.191434043 -0.137111589 0.990552843 -0.002335130 0.683684296 0.978236258 0.135035351 -0.157541454 -1.436986864
0 0.490407095 0.871834826 0.500000000 0.500000000 0.000000000 0.000000000 -0.159299120 -0.023807591 -0.986943245 5.196656074 -0.137122810 0.990552485 -0.001762133 0.682562447 0.977661073 0.135051727 -0.161058709 -1.441603047
0 0.490407095 0.871834826 0.500000000 0.500000000 0.000000000 0.000000000 -0.163175181 -0.024341827 -0.986296773 5.202799862 -0.137067094 0.990560174 -0.001770357 0.684258016 0.977029383 0.134899959 -0.164971307 -1.442336232
0 0.490407095 0.871834826 0.500000000 0.500000000 0.000000000 0.000000000 -0.167275250 -0.024847677 -0.985597074 5.210091788 -0.137084961 0.990557849 -0.001706721 0.686875765 0.976333320 0.134825051 -0.169102043 -1.443937284
0 0.490407095 0.871834826 0.500000000 0.500000000 0.000000000 0.000000000 -0.170946419 -0.024920097 -0.984965146 5.215646631 -0.136917412 0.990581632 -0.001299386 0.686530155 0.975720704 0.134636745 -0.172748372 -1.448019590
0 0.490407095 0.871834826 0.500000000 0.500000000 0.000000000 0.000000000 -0.174494207 -0.025186393 -0.984336019 5.221475221 -0.136690989 0.990613103 -0.001115660 0.687475980 0.975124300 0.134355202 -0.176299006 -1.452243163
0 0.490407095 0.871834826 0.500000000 0.500000000 0.000000000 0.000000000 -0.177861437 -0.026153520 -0.983707964 5.226089977 -0.136713460 0.990609288 -0.001618232 0.691308389 0.974512577 0.134198293 -0.179766744 -1.457156557
0 0.490407095 0.871834826 0.500000000 0.500000000 0.000000000 0.000000000 -0.181457072 -0.026116690 -0.983052015 5.231134253 -0.137104198 0.990556121 -0.001008614 0.691548800 0.973794520 0.134597540 -0.183324128 -1.458689555
0 0.490407095 0.871834826 0.500000000 0.500000000 0.000000000 0.000000000 -0.185074270 -0.026172481 -0.982375979 5.235114683 -0.137037799 0.990565658 -0.000573497 0.691513563 0.973122895 0.134516507 -0.186914846 -1.459623855
0 0.490407095 0.871834826 0.500000000 0.500000000 0.000000000 0.000000000 -0.188779220 -0.026553610 -0.981660485 5.240783400 -0.135938317 0.990717113 -0.000656832 0.691742079 0.972565234 0.133321285 -0.190636456 -1.460335454
0 0.490407095 0.871834826 0.500000000 0.500000000 0.000000000 0.000000000 -0.192353487 -0.026990052 -0.980954468 5.244580053 -0.135041863 0.990839601 -0.000781930 0.692514930 0.971989632 0.132319510 -0.194236234 -1.461236849
0 0.490407095 0.871834826 0.500000000 0.500000000 0.000000000 0.000000000 -0.195792869 -0.026779201 -0.980279565 5.249682478 -0.134587809 0.990901649 -0.000187928 0.690320575 0.971365690 0.131896883 -0.197615638 -1.461888283
0 0.490407095 0.871834826 0.500000000 0.500000000 0.000000000 0.000000000 -0.199036479 -0.027489927 -0.979606450 5.253644604 -0.134673551 0.990889907 -0.000443590 0.693148438 0.970694363 0.131838784 -0.200925410 -1.463852452
0 0.490407095 0.871834826 0.500000000 0.500000000 0.000000000 0.000000000 -0.202398852 -0.027793093 -0.978908718 5.259231228 -0.133880287 0.990997434 -0.000455270 0.692721754 0.970108628 0.130964428 -0.204297692 -1.464086386
0 0.490407095 0.871834826 0.500000000 0.500000000 0.000000000 0.000000000 -0.205434546 -0.027968360 -0.978271127 5.263393850 -0.132953256 0.991122246 -0.000415910 0.691951451 0.969597876 0.129978895 -0.207329229 -1.466157012
0 0.490407095 0.871834826 0.500000000 0.500000000 0.000000000 0.000000000 -0.208617285 -0.028223513 -0.977590024 5.268697027 -0.132081643 0.991238773 -0.000431393 0.690884914 0.969037294 0.129031703 -0.210517347 -1.466854493
0 0.490407095 0.871834826 0.500000000 0.500000000 0.000000000 0.000000000 -0.211534977 -0.028543869 -0.976953506 5.271913119 -0.131779015 0.991279006 -0.000428956 0.691242444 0.968445778 0.128651232 -0.213451669 -1.468225556
0 0.490407095 0.871834826 0.500000000 0.500000000 0.000000000 0.000000000 -0.214687854 -0.028783068 -0.976258516 5.277702090 -0.131675303 0.991292834 -0.000269767 0.691539312 0.967765868 0.128491223 -0.216608554 -1.466751885
0 0.490407095 0.871834826 0.500000000 0.500000000 0.000000000 0.000000000 -0.217779040 -0.028822867 -0.975572407 5.283050155 -0.130591691 0.991436243 -0.000139305 0.687233335 0.967221856 0.127371311 -0.219678059 -1.468718346
0 0.490407095 0.871834826 0.500000000 0.500000000 0.000000000 0.000000000 -0.220891848 -0.029218676 -0.974860549 5.288145960 -0.129689679 0.991554558 -0.000332887 0.685721754 0.966637135 0.126355827 -0.222815678 -1.468014922
0 0.490407095 0.871834826 0.500000000 0.500000000 0.000000000 0.000000000 -0.223763257 -0.029536352 -0.974195898 5.292917139 -0.129047617 0.991638303 -0.000424208 0.684449392 0.966062486 0.125622734 -0.225703806 -1.468949289
0 0.490407095 0.871834826 0.500000000 0.500000000 0.000000000 0.000000000 -0.226619229 -0.029979102 -0.973521948 5.298001397 -0.129018441 0.991642058 -0.000503822 0.684812837 0.965400398 0.125488102 -0.228593022 -1.466960769
0 0.490407095 0.871834826 0.500000000 0.500000000 0.000000000 0.000000000 -0.229568347 -0.030302281 -0.972820699 5.303407133 -0.128684938 0.991685390 -0.000522542 0.684024430 0.964747906 0.125067413 -0.231559023 -1.467862412
0 0.490407095 0.871834826 0.500000000 0.500000000 0.000000000 0.000000000 -0.232330710 -0.030335315 -0.972163677 5.309072343 -0.127800167 0.991799831 -0.000405959 0.680408773 0.964204133 0.124148361 -0.234302416 -1.467731987
0 0.490407095 0.871834826 0.500000000 0.500000000 0.000000000 0.000000000 -0.235210091 -0.030506877 -0.971465647 5.314796028 -0.127121031 0.991887152 -0.000369781 0.677800295 0.963595569 0.123406745 -0.237179920 -1.469945017
0 0.490407095 0.871834826 0.500000000 0.500000000 0.000000000 0.000000000 -0.238097504 -0.030374717 -0.970766187 5.321221423 -0.126274854 0.991995275 -0.000067831 0.671784722 0.962997556 0.122567207 -0.240027159 -1.471844187
0 0.490407095 0.871834826 0.500000000 0.500000000 0.000000000 0.000000000 -0.240762264 -0.030533517 -0.970103741 5.327422556 -0.126013696 0.992028475 0.000050741 0.670775604 0.962368965 0.122258574 -0.242690668 -1.472838440
0 0.490407095 0.871834826 0.500000000 0.500000000 0.000000000 0.000000000 -0.243876219 -0.030716166 -0.969319820 5.335495731 -0.125607476 0.992080033 0.000164840 0.668190713 0.961637735 0.121794015 -0.245802894 -1.474816546
0 0.490407095 0.871834826 0.500000000 0.500000000 0.000000000 0.000000000 -0.246935114 -0.031127516 -0.968531966 5.343746830 -0.125410497 0.992104948 0.000089305 0.668716188 0.960882545 0.121486135 -0.248889267 -1.474242214
0 0.490407095 0.871834826 0.500000000 0.500000000 0.000000000 0.000000000 -0.249970242 -0.031080907 -0.967754543 5.351428417 -0.124957621 0.992161989 0.000411667 0.665440693 0.960156500 0.121031210 -0.251894772 -1.477030162
0 0.490407095 0.871834826 0.500000000 0.500000000 0.000000000 0.000000000 -0.252879947 -0.031405061 -0.966987848 5.359319780 -0.124631241 0.992203057 0.000368713 0.665151827 0.959436715 0.120610133 -0.254822314 -1.479732394
0 0.490407095 0.871834826 0.500000000 0.500000000 0.000000000 0.000000000 -0.255988330 -0.031387255 -0.966170192 5.368629203 -0.124083959 0.992271543 0.000641054 0.662616457 0.958683014 0.120050319 -0.257904589 -1.483386953
0 0.490407095 0.871834826 0.500000000 0.500000000 0.000000000 0.000000000 -0.258828193 -0.031795934 -0.965399921 5.377246984 -0.124100700 0.992269456 0.000591078 0.664593246 0.957918048 0.119959787 -0.260773212 -1.486773803
0 0.490407095 0.871834826 0.500000000 0.500000000 0.000000000 0.000000000 -0.261645406 -0.031989850 -0.964633763 5.384919536 -0.123767816 0.992311001 0.000662844 0.663528323 0.957195520 0.119564041 -0.263592929 -1.490968525
0 0.490407095 0.871834826 0.500000000 0.500000000 0.000000000 0.000000000 -0.264738470 -0.032846276 -0.963760674 5.393754780 -0.124139436 0.992264748 0.000282522 0.669354885 0.956296444 0.119715504 -0.266768157 -1.493338560
0 0.490407095 0.871834826 0.500000000 0.500000000 0.000000000 0.000000000 -0.268078744 -0.032923359 -0.962834299 5.403666980 -0.123587735 0.992333531 0.000478059 0.667371692 0.955437005 0.119122662 -0.270092458 -1.495352844
0 0.490407095 0.871834826 0.500000000 0.500000000 0.000000000 0.000000000 -0.271264136 -0.033318676 -0.961928070 5.413389402 -0.123389475 0.992358208 0.000423189 0.668082529 0.954563141 0.118806601 -0.273302376 -1.497136174
0 0.490407095 0.871834826 0.500000000 0.500000000 0.000000000 0.000000000 -0.274588197 -0.033651348 -0.960972905 5.423565327 -0.123468101 0.992348373 0.000529695 0.668901706 0.953602076 0.118794940 -0.276642025 -1.497928655
0 0.490407095 0.871834826 0.500000000 0.500000000 0.000000000 0.000000000 -0.277984411 -0.034258366 -0.959974468 5.433414066 -0.123291917 0.992370427 0.000287763 0.670267329 0.952640414 0.118437089 -0.280087292 -1.498127434
0 0.490407095 0.871834826 0.500000000 0.500000000 0.000000000 0.000000000 -0.281577349 -0.034424134 -0.958920836 5.444128700 -0.122648522 0.992450118 0.000386695 0.667328697 0.951667786 0.117719106 -0.283673525 -1.496093418
0 0.490407095 0.871834826 0.500000000 0.500000000 0.000000000 0.000000000 -0.285105109 -0.034648154 -0.957869828 5.454226027 -0.122503623 0.992467880 0.000562945 0.667702717 0.950635552 0.117503017 -0.287202209 -1.492932472
0 0.490407095 0.871834826 0.500000000 0.500000000 0.000000000 0.000000000 -0.288367271 -0.034603190 -0.956894398 5.462973508 -0.121873103 0.992545366 0.000834971 0.664164213 0.949732184 0.116860472 -0.290434778 -1.491489134
0 0.490407095 0.871834826 0.500000000 0.500000000 0.000000000 0.000000000 -0.291464746 -0.035043564 -0.955939472 5.470232329 -0.121813096 0.992552757 0.000754898 0.665999580 0.948793888 0.116665967 -0.293562919 -1.489189520
0 0.490407095 0.871834826 0.500000000 0.500000000 0.000000000 0.000000000 -0.294922084 -0.035472076 -0.954862654 5.478781138 -0.121236227 0.992623508 0.000570579 0.664484008 0.947798908 0.115932226 -0.297047108 -1.485622799
0 0.490407095 0.871834826 0.500000000 0.500000000 0.000000000 0.000000000 -0.298150897 -0.035693612 -0.953851163 5.485212855 -0.121347070 0.992609799 0.000786190 0.665276628 0.946773946 0.115981445 -0.300278813 -1.481101900
0 0.490407095 0.871834826 0.500000000 0.500000000 0.000000000 0.000000000 -0.301948994 -0.036190026 -0.952636898 5.493474625 -0.121327549 0.992612243 0.000747472 0.665549824 0.945572019 0.115806803 -0.304109097 -1.474857498
0 0.490407095 0.871834826 0.500000000 0.500000000 0.000000000 0.000000000 -0.306037545 -0.036237638 -0.951329529 5.501757664 -0.121172734 0.992630720 0.001169743 0.663494287 0.944276571 0.115633182 -0.308173269 -1.465535474
0 0.490407095 0.871834826 0.500000000 0.500000000 0.000000000 0.000000000 -0.310471922 -0.036270570 -0.949890316 5.510861158 -0.120465845 0.992716372 0.001468458 0.658410917 0.942918420 0.114885256 -0.312579930 -1.453962767
0 0.490407095 0.871834826 0.500000000 0.500000000 0.000000000 0.000000000 -0.314939797 -0.036515553 -0.948408961 5.519958713 -0.120100133 0.992760420 0.001658693 0.656478771 0.941482306 0.114426434 -0.317045301 -1.442254759
0 0.490407095 0.871834826 0.500000000 0.500000000 0.000000000 0.000000000 -0.319018990 -0.036487348 -0.947045684 5.527978374 -0.119883880 0.992785633 0.002134128 0.654525680 0.940135479 0.114216335 -0.321091712 -1.431341210
0 0.490407095 0.871834826 0.500000000 0.500000000 0.000000000 0.000000000 -0.322833002 -0.036504827 -0.945751667 5.535814967 -0.119312704 0.992853820 0.002404563 0.650370527 0.938905418 0.113616459 -0.324881464 -1.422514976
0 0.490407095 0.871834826 0.500000000 0.500000000 0.000000000 0.000000000 -0.326415569 -0.036579110 -0.944518328 5.543887369 -0.118815199 0.992912948 0.002607952 0.646493396 0.937729061 0.113074407 -0.328448415 -1.415011264
0 0.490407095 0.871834826 0.500000000 0.500000000 0.000000000 0.000000000 -0.329687238 -0.036716320 -0.943375945 5.550309362 -0.118674852 0.992929161 0.002829076 0.645847919 0.936601639 0.112887718 -0.331713378 -1.408085204
0 0.490407095 0.871834826 0.500000000 0.500000000 0.000000000 0.000000000 -0.333370239 -0.036864530 -0.942075014 5.558224890 -0.118222699 0.992982626 0.002978624 0.643447594 0.935354292 0.112367630 -0.335389078 -1.400453078
0 0.490407095 0.871834826 0.500000000 0.500000000 0.000000000 0.000000000 -0.336930454 -0.037050538 -0.940800250 5.565495737 -0.117976844 0.993011355 0.003144543 0.642020199 0.934108853 0.112052135 -0.338946879 -1.392248892
0 0.490407095 0.871834826 0.500000000 0.500000000 0.000000000 0.000000000 -0.340492845 -0.037312478 -0.939506471 5.573575071 -0.118055910 0.993001282 0.003348412 0.642136052 0.932806194 0.112054400 -0.342514783 -1.384827236
0 0.490407095 0.871834826 0.500000000 0.500000000 0.000000000 0.000000000 -0.343715757 -0.037461478 -0.938326240 5.580761320 -0.117669627 0.993046761 0.003457118 0.639830534 0.931672335 0.111600764 -0.345733911 -1.380642995
0 0.490407095 0.871834826 0.500000000 0.500000000 0.000000000 0.000000000 -0.346991569 -0.037761126 -0.937107742 5.588509055 -0.117662184 0.993047297 0.003552634 0.640125664 0.930458188 0.111494884 -0.349022090 -1.375306334
0 0.490407095 0.871834826 0.500000000 0.500000000 0.000000000 0.000000000 -0.350219667 -0.037682433 -0.935909271 5.595609284 -0.116679691 0.993162811 0.003674215 0.633918992 0.929371834 0.110488385 -0.352221936 -1.373472906
