0 0.475771696 0.845816408 0.500000000 0.500000000 0.000000000 0.000000000 0.988725781 -0.014840754 -0.149000138 0.024517130 0.012084623 0.999739051 -0.019385906 0.020747243 0.149248958 0.017366735 0.988647103 -1.292105573
0 0.475771696 0.845816408 0.500000000 0.500000000 0.000000000 0.000000000 0.988520801 -0.014934219 -0.150345042 0.028708050 0.012136883 0.999736071 -0.019506572 0.021831745 0.150596678 0.017457930 0.988441110 -1.303177361
0 0.475771696 0.845816408 0.500000000 0.500000000 0.000000000 0.000000000 0.988330424 -0.015046661 -0.151580200 0.032004222 0.012242776 0.999736547 -0.019414069 0.022418139 0.151832387 0.017331753 0.988254309 -1.313966002
0 0.475771696 0.845816408 0.500000000 0.500000000 0.000000000 0.000000000 0.988148332 -0.015015351 -0.152765840 0.035174014 0.012200296 0.999738395 -0.019348046 0.022344878 0.153016388 0.017254950 0.988072991 -1.324599197
0 0.475771696 0.845816408 0.500000000 0.500000000 0.000000000 0.000000000 0.987919092 -0.015174723 -0.154225782 0.039141830 0.012281500 0.999730587 -0.019695196 0.023106630 0.154483095 0.017563136 0.987839341 -1.335402062
0 0.475771696 0.845816408 0.500000000 0.500000000 0.000000000 0.000000000 0.987672329 -0.015205463 -0.155795351 0.043398193 0.012284405 0.999730587 -0.019695068 0.022804130 0.156052858 0.017538421 0.987592995 -1.346145591
0 0.475771696 0.845816408 0.500000000 0.500000000 0.000000000 0.000000000 0.987428963 -0.015324197 -0.157318637 0.047721727 0.012408839 0.999732912 -0.019497095 0.022156681 0.157575399 0.017299855 0.987355411 -1.357216018
0 0.475771696 0.845816408 0.500000000 0.500000000 0.000000000 0.000000000 0.987210929 -0.015421687 -0.158671945 0.051922419 0.012448378 0.999728143 -0.019715646 0.022712952 0.158932850 0.017488291 0.987134516 -1.368423160
0 0.475771696 0.845816408 0.500000000 0.500000000 0.000000000 0.000000000 0.987011373 -0.015507435 -0.159900308 0.055647267 0.012471658 0.999722779 -0.019971620 0.022688686 0.160165682 0.017717993 0.986931086 -1.379785431
0 0.475771696 0.845816408 0.500000000 0.500000000 0.000000000 0.000000000 0.986789703 -0.015724471 -0.161241427 0.059833457 0.012633444 0.999716580 -0.020177584 0.023316076 0.161513016 0.017873999 0.986708701 -1.391421247
0 0.475771696 0.845816408 0.500000000 0.500000000 0.000000000 0.000000000 0.986540318 -0.015877176 -0.162745506 0.064589981 0.012746698 0.999713480 -0.020261662 0.023871304 0.163020566 0.017914480 0.986460030 -1.403191662
0 0.475771696 0.845816408 0.500000000 0.500000000 0.000000000 0.000000000 0.986319840 -0.015939308 -0.164070398 0.068406111 0.012739382 0.999707937 -0.020537203 0.024910518 0.164349839 0.018166095 0.986234844 -1.415028227
0 0.475771696 0.845816408 0.500000000 0.500000000 0.000000000 0.000000000 0.986074328 -0.016069841 -0.165526837 0.073067365 0.012779539 0.999699414 -0.020923704 0.025920430 0.165813327 0.018516971 0.985983312 -1.426896939
0 0.475771696 0.845816408 0.500000000 0.500000000 0.000000000 0.000000000 0.985852480 -0.016137969 -0.166836679 0.077700177 0.012737966 0.999689221 -0.021429328 0.027420353 0.167130664 0.019000996 0.985751629 -1.438840860
0 0.475771696 0.845816408 0.500000000 0.500000000 0.000000000 0.000000000 0.985671103 -0.016285650 -0.167890593 0.080959829 0.012841764 0.999684691 -0.021578098 0.028419202 0.168189064 0.019112896 0.985569477 -1.450688970
0 0.475771696 0.845816408 0.500000000 0.500000000 0.000000000 0.000000000 0.985466063 -0.016369052 -0.169081926 0.085051321 0.012901788 0.999683797 -0.021584811 0.029263391 0.169381782 0.019089639 0.985365629 -1.462641226
0 0.475771696 0.845816408 0.500000000 0.500000000 0.000000000 0.000000000 0.985260725 -0.016374795 -0.170273900 0.088893790 0.012846194 0.999679744 -0.021804282 0.030743021 0.170576409 0.019295532 0.985155523 -1.474346773
0 0.475771696 0.845816408 0.500000000 0.500000000 0.000000000 0.000000000 0.984980941 -0.016363185 -0.171885908 0.093799764 0.012784390 0.999678254 -0.021907208 0.031343600 0.172189087 0.019380726 0.984873235 -1.485774764
0 0.475771696 0.845816408 0.500000000 0.500000000 0.000000000 0.000000000 0.984726489 -0.016542230 -0.173320875 0.097371527 0.012905451 0.999672711 -0.022088945 0.032500154 0.173629537 0.019514784 0.984617651 -1.497140972
0 0.475771696 0.845816408 0.500000000 0.500000000 0.000000000 0.000000000 0.984415591 -0.016498344 -0.175082028 0.102447093 0.012821169 0.999673247 -0.022113038 0.033622489 0.175389647 0.019523663 0.984305501 -1.508072640
0 0.475771696 0.845816408 0.500000000 0.500000000 0.000000000 0.000000000 0.984140813 -0.016465830 -0.176623091 0.106370165 0.012780288 0.999676645 -0.021984110 0.033729343 0.176927969 0.019378165 0.984032989 -1.519081102
0 0.475771696 0.845816408 0.500000000 0.500000000 0.000000000 0.000000000 0.983888090 -0.016527919 -0.178019971 0.110585943 0.012759649 0.999670088 -0.022291876 0.035271299 0.178329676 0.019661238 0.983774364 -1.529557256
0 0.475771696 0.845816408 0.500000000 0.500000000 0.000000000 0.000000000 0.983629167 -0.016562058 -0.179441750 0.114500864 0.012756890 0.999669075 -0.022338880 0.035906391 0.179752350 0.019684056 0.983514965 -1.539943844
0 0.475771696 0.845816408 0.500000000 0.500000000 0.000000000 0.000000000 0.983332813 -0.016613211 -0.181054175 0.119191854 0.012783535 0.999669611 -0.022298593 0.035741102 0.181364819 0.019612426 0.983220279 -1.550110396
0 0.475771696 0.845816408 0.500000000 0.500000000 0.000000000 0.000000000 0.983011007 -0.016682228 -0.182786897 0.123935257 0.012804998 0.999667704 -0.022371581 0.036255985 0.183099374 0.019650923 0.982897997 -1.559995269
0 0.475771696 0.845816408 0.500000000 0.500000000 0.000000000 0.000000000 0.982668936 -0.016743157 -0.184611678 0.129509787 0.012823587 0.999666750 -0.022405067 0.036947321 0.184925273 0.019649379 0.982556105 -1.569818790
0 0.475771696 0.845816408 0.500000000 0.500000000 0.000000000 0.000000000 0.982435644 -0.016814219 -0.185842723 0.133500119 0.012870908 0.999666154 -0.022404792 0.036927020 0.186157390 0.019619301 0.982324064 -1.579904758
0 0.475771696 0.845816408 0.500000000 0.500000000 0.000000000 0.000000000 0.982247055 -0.016729940 -0.186844349 0.137657525 0.012689481 0.999659538 -0.022799933 0.038245928 0.187162176 0.020024210 0.982124925 -1.589404499
0 0.475771696 0.845816408 0.500000000 0.500000000 0.000000000 0.000000000 0.981984258 -0.016672298 -0.188225776 0.143014217 0.012640768 0.999664724 -0.022598781 0.038165094 0.188539430 0.019812329 0.981865764 -1.599058637
0 0.475771696 0.845816408 0.500000000 0.500000000 0.000000000 0.000000000 0.981698811 -0.016626045 -0.189713091 0.148097807 0.012619685 0.999671519 -0.022306602 0.037564275 0.190021649 0.019504245 0.981586158 -1.608609493
0 0.475771696 0.845816408 0.500000000 0.500000000 0.000000000 0.000000000 0.981392384 -0.016796233 -0.191276953 0.153726376 0.012745815 0.999668121 -0.022386456 0.037579168 0.191589490 0.019531917 0.981280804 -1.618001196
0 0.475771696 0.845816408 0.500000000 0.500000000 0.000000000 0.000000000 0.981093287 -0.016893491 -0.192796573 0.159976373 0.012760507 0.999661803 -0.022658752 0.038363679 0.193114161 0.019770168 0.980977118 -1.627574038
0 0.475771696 0.845816408 0.500000000 0.500000000 0.000000000 0.000000000 0.980845809 -0.017048862 -0.194038361 0.165367902 0.012872835 0.999658048 -0.022762338 0.038463672 0.194360077 0.019828521 0.980729818 -1.637115579
0 0.475771696 0.845816408 0.500000000 0.500000000 0.000000000 0.000000000 0.980638564 -0.017268378 -0.195063725 0.170282287 0.013081075 0.999655962 -0.022734268 0.038207344 0.195389196 0.019742455 0.980527043 -1.646848503
0 0.475771696 0.845816408 0.500000000 0.500000000 0.000000000 0.000000000 0.980394185 -0.017418753 -0.196274936 0.175850768 0.013160857 0.999649346 -0.022977045 0.038486442 0.196606353 0.019943414 0.980279684 -1.656539044
0 0.475771696 0.845816408 0.500000000 0.500000000 0.000000000 0.000000000 0.980069578 -0.017469894 -0.197884813 0.182607342 0.013117336 0.999642789 -0.023285026 0.038433355 0.198220924 0.020225223 0.979948699 -1.666505662
0 0.475771696 0.845816408 0.500000000 0.500000000 0.000000000 0.000000000 0.979739010 -0.017597202 -0.199503839 0.189462382 0.013121687 0.999632180 -0.023733381 0.038665973 0.199848101 0.020634692 0.979609609 -1.676438057
0 0.475771696 0.845816408 0.500000000 0.500000000 0.000000000 0.000000000 0.979416430 -0.017846668 -0.201059490 0.195985922 0.013334056 0.999628365 -0.023776256 0.037864289 0.201409101 0.020605916 0.979290426 -1.686651289
0 0.475771696 0.845816408 0.500000000 0.500000000 0.000000000 0.000000000 0.979094863 -0.017965624 -0.202609167 0.202603383 0.013389070 0.999623835 -0.023936214 0.037722900 0.202962980 0.020723077 0.978967071 -1.696187430
0 0.475771696 0.845816408 0.500000000 0.500000000 0.000000000 0.000000000 0.978740275 -0.017998796 -0.204312280 0.209937377 0.013328452 0.999617994 -0.024212087 0.037480040 0.204670027 0.020974178 0.978606284 -1.705915972
0 0.475771696 0.845816408 0.500000000 0.500000000 0.000000000 0.000000000 0.978376627 -0.018149188 -0.206033468 0.217281295 0.013354078 0.999607205 -0.024640363 0.038117848 0.206399739 0.021356167 0.978234649 -1.715371269
0 0.475771696 0.845816408 0.500000000 0.500000000 0.000000000 0.000000000 0.978105068 -0.018352663 -0.207300857 0.223383067 0.013526469 0.999604046 -0.024674714 0.037804956 0.207671613 0.021330414 0.977966011 -1.725172992
0 0.475771696 0.845816408 0.500000000 0.500000000 0.000000000 0.000000000 0.977810025 -0.018329212 -0.208690107 0.230265410 0.013519925 0.999609649 -0.024448400 0.037100060 0.209056765 0.021084417 0.977676153 -1.734562624
0 0.475771696 0.845816408 0.500000000 0.500000000 0.000000000 0.000000000 0.977506161 -0.018329743 -0.210108802 0.237570424 0.013468518 0.999607980 -0.024544423 0.037484676 0.210476339 0.021162471 0.977369845 -1.743756241
0 0.475771696 0.845816408 0.500000000 0.500000000 0.000000000 0.000000000 0.977230847 -0.018530341 -0.211368293 0.244348433 0.013578552 0.999598861 -0.024854856 0.038499564 0.211744070 0.021418855 0.977090418 -1.753129826
0 0.475771696 0.845816408 0.500000000 0.500000000 0.000000000 0.000000000 0.976935327 -0.018617438 -0.212722197 0.251032528 0.013621203 0.999596417 -0.024928708 0.039359064 0.213100448 0.021456202 0.976794660 -1.762235698
0 0.475771696 0.845816408 0.500000000 0.500000000 0.000000000 0.000000000 0.976619124 -0.018636921 -0.214167640 0.258186546 0.013622436 0.999597967 -0.024866024 0.039799462 0.214544967 0.021367149 0.976480365 -1.771249607
0 0.475771696 0.845816408 0.500000000 0.500000000 0.000000000 0.000000000 0.976303518 -0.018621067 -0.215603232 0.265195526 0.013594498 0.999600649 -0.024773628 0.040043740 0.215978444 0.021255560 0.976166725 -1.779736310
0 0.475771696 0.845816408 0.500000000 0.500000000 0.000000000 0.000000000 0.975987315 -0.018769080 -0.217017323 0.271698767 0.013629971 0.999590695 -0.025153376 0.042057867 0.217400610 0.021591436 0.975843608 -1.788283569
0 0.475771696 0.845816408 0.500000000 0.500000000 0.000000000 0.000000000 0.975683570 -0.018909696 -0.218366638 0.278114806 0.013738910 0.999588668 -0.025173673 0.042558170 0.218752846 0.021561420 0.975542068 -1.796579171
0 0.475771696 0.845816408 0.500000000 0.500000000 0.000000000 0.000000000 0.975331068 -0.018955000 -0.219931886 0.285190434 0.013771537 0.999590635 -0.025077917 0.043284448 0.220317200 0.021430470 0.975192845 -1.804472276
0 0.475771696 0.845816408 0.500000000 0.500000000 0.000000000 0.000000000 0.974973619 -0.019052401 -0.221502677 0.292425595 0.013885141 0.999594450 -0.024862131 0.043769982 0.221886531 0.021164326 0.974842787 -1.812375769
0 0.475771696 0.845816408 0.500000000 0.500000000 0.000000000 0.000000000 0.974614084 -0.018993013 -0.223084286 0.299764401 0.013826663 0.999599338 -0.024698026 0.043866440 0.223463997 0.020986535 0.974486232 -1.820123508
0 0.475771696 0.845816408 0.500000000 0.500000000 0.000000000 0.000000000 0.974288523 -0.019125961 -0.224490762 0.306271885 0.013883382 0.999593318 -0.024908654 0.044220846 0.224875867 0.021151526 0.974157810 -1.828103740
0 0.475771696 0.845816408 0.500000000 0.500000000 0.000000000 0.000000000 0.973979771 -0.019142127 -0.225824997 0.313207782 0.013836749 0.999590337 -0.025052903 0.044403029 0.226212054 0.021276338 0.973845661 -1.835967240
0 0.475771696 0.845816408 0.500000000 0.500000000 0.000000000 0.000000000 0.973682821 -0.019359229 -0.227083683 0.319974815 0.014061158 0.999590397 -0.024925582 0.044208889 0.227473214 0.021076551 0.973556221 -1.844160536
0 0.475771696 0.845816408 0.500000000 0.500000000 0.000000000 0.000000000 0.973406732 -0.019539619 -0.228248924 0.326122051 0.014237395 0.999589682 -0.024853680 0.044174055 0.228640899 0.020943070 0.973285556 -1.851992625
0 0.475771696 0.845816408 0.500000000 0.500000000 0.000000000 0.000000000 0.973094404 -0.019656153 -0.229566827 0.333152878 0.014271430 0.999583244 -0.025092969 0.044702967 0.229964390 0.021141579 0.972969353 -1.860019816
0 0.475771696 0.845816408 0.500000000 0.500000000 0.000000000 0.000000000 0.972780764 -0.019775843 -0.230881900 0.340031026 0.014336370 0.999579310 -0.025213657 0.044528190 0.231283396 0.021217354 0.972655058 -1.868421905
0 0.475771696 0.845816408 0.500000000 0.500000000 0.000000000 0.000000000 0.972523689 -0.019927425 -0.231949478 0.345869361 0.014474707 0.999577999 -0.025186609 0.044126455 0.232353494 0.021137174 0.972401679 -1.876947345
0 0.475771696 0.845816408 0.500000000 0.500000000 0.000000000 0.000000000 0.972245276 -0.019986682 -0.233108640 0.352812700 0.014533085 0.999579549 -0.025089404 0.043218802 0.233512074 0.021005267 0.972127020 -1.885137095
0 0.475771696 0.845816408 0.500000000 0.500000000 0.000000000 0.000000000 0.972116828 -0.020024115 -0.233640462 0.356963532 0.014445861 0.999568820 -0.025562430 0.044434691 0.234051585 0.021474533 0.971987009 -1.894296272
0 0.475771696 0.845816408 0.500000000 0.500000000 0.000000000 0.000000000 0.971918821 -0.019975452 -0.234467089 0.362220898 0.014327871 0.999565303 -0.025765838 0.044529774 0.234879851 0.021682888 0.971782565 -1.903227634
0 0.475771696 0.845816408 0.500000000 0.500000000 0.000000000 0.000000000 0.971728861 -0.020060819 -0.235245720 0.367656545 0.014429604 0.999567211 -0.025634790 0.044084645 0.235658169 0.021515563 0.971597791 -1.912411739
0 0.475771696 0.845816408 0.500000000 0.500000000 0.000000000 0.000000000 0.971576691 -0.020138385 -0.235866830 0.372131346 0.014479255 0.999564826 -0.025700575 0.044824468 0.236281753 0.021554904 0.971445501 -1.921989790
0 0.475771696 0.845816408 0.500000000 0.500000000 0.000000000 0.000000000 0.971364558 -0.020255556 -0.236729041 0.377887442 0.014553956 0.999560952 -0.025807844 0.045134948 0.237147853 0.021623481 0.971232891 -1.931658852
0 0.475771696 0.845816408 0.500000000 0.500000000 0.000000000 0.000000000 0.971186280 -0.020404529 -0.237446561 0.383162250 0.014576359 0.999548495 -0.026275201 0.046720127 0.237875476 0.022057008 0.971045196 -1.941346546
0 0.475771696 0.845816408 0.500000000 0.500000000 0.000000000 0.000000000 0.971107066 -0.020507742 -0.237761334 0.387144209 0.014493158 0.999529898 -0.027017390 0.049417935 0.238203630 0.022790868 0.970947802 -1.951590138
0 0.475771696 0.845816408 0.500000000 0.500000000 0.000000000 0.000000000 0.971016884 -0.020639885 -0.238118023 0.392098474 0.014602609 0.999526322 -0.027090471 0.049565681 0.238564372 0.022828162 0.970858335 -1.962037986
0 0.475771696 0.845816408 0.500000000 0.500000000 0.000000000 0.000000000 0.970988274 -0.020725580 -0.238227189 0.396004674 0.014660900 0.999522448 -0.027201435 0.050548167 0.238677189 0.022919649 0.970828474 -1.971910983
0 0.475771696 0.845816408 0.500000000 0.500000000 0.000000000 0.000000000 0.970906258 -0.020793220 -0.238555476 0.400554240 0.014667478 0.999516249 -0.027425131 0.052189014 0.239010334 0.023128225 0.970741570 -1.981912306
0 0.475771696 0.845816408 0.500000000 0.500000000 0.000000000 0.000000000 0.970832527 -0.020987108 -0.238838285 0.405022124 0.014765226 0.999504149 -0.027810201 0.053815193 0.239303514 0.023472546 0.970661044 -1.991651112
0 0.475771696 0.845816408 0.500000000 0.500000000 0.000000000 0.000000000 0.970777273 -0.021192828 -0.239044681 0.409488744 0.014895824 0.999493599 -0.028118465 0.055791782 0.239519536 0.023736000 0.970601380 -2.001311441
0 0.475771696 0.845816408 0.500000000 0.500000000 0.000000000 0.000000000 0.970785320 -0.021423122 -0.238991410 0.412757123 0.015151537 0.999491751 -0.028048471 0.056896884 0.239470825 0.023607956 0.970616519 -2.010870986
0 0.475771696 0.845816408 0.500000000 0.500000000 0.000000000 0.000000000 0.970646381 -0.021544233 -0.239544332 0.418144198 0.015303535 0.999494076 -0.027882157 0.057344761 0.240023836 0.023397839 0.970484972 -2.019809322
0 0.475771696 0.845816408 0.500000000 0.500000000 0.000000000 0.000000000 0.970588624 -0.021837547 -0.239751667 0.422172610 0.015487616 0.999478400 -0.028337875 0.059317683 0.240245447 0.023791237 0.970420599 -2.028819884
0 0.475771696 0.845816408 0.500000000 0.500000000 0.000000000 0.000000000 0.970553577 -0.021964308 -0.239882007 0.426530585 0.015437912 0.999458671 -0.029052190 0.062213872 0.240390256 0.024493428 0.970367253 -2.037716802
0 0.475771696 0.845816408 0.500000000 0.500000000 0.000000000 0.000000000 0.970555425 -0.022118555 -0.239860222 0.429743198 0.015653526 0.999461889 -0.028825285 0.062173362 0.240368724 0.024221878 0.970379412 -2.046673719
0 0.475771696 0.845816408 0.500000000 0.500000000 0.000000000 0.000000000 0.970518172 -0.022308467 -0.239993364 0.434090711 0.015905013 0.999464810 -0.028585892 0.062852090 0.240502626 0.023926031 0.970353544 -2.055250560
0 0.475771696 0.845816408 0.500000000 0.500000000 0.000000000 0.000000000 0.970529199 -0.022403998 -0.239939928 0.436833093 0.016017612 0.999464452 -0.028533978 0.062785386 0.240450710 0.023849795 0.970368326 -2.063849126
0 0.475771696 0.845816408 0.500000000 0.500000000 0.000000000 0.000000000 0.970473170 -0.022632826 -0.240144908 0.441135779 0.016089680 0.999444902 -0.029172633 0.064788688 0.240671858 0.024447404 0.970298588 -2.072337729
