0 0.480033576 0.853393100 0.500000000 0.500000000 0.000000000 0.000000000 0.999852717 -0.004923074 -0.016440986 -0.093961872 0.005080305 0.999941647 0.009535334 0.036498997 0.016393084 -0.009617454 0.999819398 -0.251720387
0 0.480033576 0.853393100 0.500000000 0.500000000 0.000000000 0.000000000 0.999840260 -0.004804130 -0.017215872 -0.097413517 0.004970761 0.999941111 0.009649279 0.037634058 0.017168501 -0.009733314 0.999805212 -0.259363937
0 0.480033576 0.853393100 0.500000000 0.500000000 0.000000000 0.000000000 0.999829233 -0.004639625 -0.017887721 -0.100669128 0.004808895 0.999943972 0.009431507 0.038372280 0.017842960 -0.009515916 0.999795496 -0.267191576
0 0.480033576 0.853393100 0.500000000 0.500000000 0.000000000 0.000000000 0.999812961 -0.004499564 -0.018810730 -0.103381562 0.004670892 0.999947906 0.009074015 0.038811913 0.018768921 -0.009160180 0.999781907 -0.276012217
0 0.480033576 0.853393100 0.500000000 0.500000000 0.000000000 0.000000000 0.999805212 -0.004213907 -0.019281743 -0.106515384 0.004385331 0.999951184 0.008856860 0.039369938 0.019243481 -0.008939691 0.999774873 -0.285121246
0 0.480033576 0.853393100 0.500000000 0.500000000 0.000000000 0.000000000 0.999799490 -0.004059095 -0.019607896 -0.109147321 0.004243610 0.999947011 0.009377842 0.038689881 0.019568792 -0.009459171 0.999763787 -0.293650176
0 0.480033576 0.853393100 0.500000000 0.500000000 0.000000000 0.000000000 0.999788046 -0.003887484 -0.020216757 -0.111048060 0.004092496 0.999940515 0.010109210 0.037873982 0.020176256 -0.010189805 0.999744534 -0.302420431
0 0.480033576 0.853393100 0.500000000 0.500000000 0.000000000 0.000000000 0.999770045 -0.003693503 -0.021122396 -0.113354995 0.003918628 0.999935865 0.010626675 0.037265683 0.021081792 -0.010707002 0.999720395 -0.310835838
0 0.480033576 0.853393100 0.500000000 0.500000000 0.000000000 0.000000000 0.999755323 -0.003496691 -0.021841045 -0.115798613 0.003728688 0.999936998 0.010590376 0.036805761 0.021802638 -0.010669224 0.999705374 -0.319378385
0 0.480033576 0.853393100 0.500000000 0.500000000 0.000000000 0.000000000 0.999743640 -0.003285274 -0.022401484 -0.117964367 0.003518717 0.999939859 0.010389430 0.034921307 0.022366004 -0.010465591 0.999695063 -0.327310294
0 0.480033576 0.853393100 0.500000000 0.500000000 0.000000000 0.000000000 0.999732077 -0.003039000 -0.022947542 -0.120069270 0.003272810 0.999943078 0.010158240 0.033218897 0.022915365 -0.010230621 0.999685049 -0.335726942
0 0.480033576 0.853393100 0.500000000 0.500000000 0.000000000 0.000000000 0.999714136 -0.002788979 -0.023745243 -0.121670346 0.003029188 0.999944568 0.010086158 0.031089641 0.023715796 -0.010155204 0.999667168 -0.343681069
0 0.480033576 0.853393100 0.500000000 0.500000000 0.000000000 0.000000000 0.999698579 -0.002629051 -0.024409393 -0.123453815 0.002874265 0.999945700 0.010016251 0.029278949 0.024381734 -0.010083391 0.999651849 -0.351585155
0 0.480033576 0.853393100 0.500000000 0.500000000 0.000000000 0.000000000 0.999670029 -0.002407874 -0.025573423 -0.124236495 0.002662231 0.999947309 0.009916789 0.027974565 0.025548197 -0.009981600 0.999623775 -0.359097654
0 0.480033576 0.853393100 0.500000000 0.500000000 0.000000000 0.000000000 0.999644697 -0.002165218 -0.026567657 -0.125242826 0.002429602 0.999947786 0.009923100 0.025990184 0.026544783 -0.009984123 0.999597788 -0.367164102
0 0.480033576 0.853393100 0.500000000 0.500000000 0.000000000 0.000000000 0.999619007 -0.001957085 -0.027532177 -0.125268946 0.002231758 0.999948025 0.009949270 0.024614484 0.027511273 -0.010006924 0.999571383 -0.374527098
0 0.480033576 0.853393100 0.500000000 0.500000000 0.000000000 0.000000000 0.999592543 -0.001694237 -0.028493801 -0.126032207 0.001990284 0.999944329 0.010364719 0.021959674 0.028474653 -0.010417206 0.999540210 -0.383086276
0 0.480033576 0.853393100 0.500000000 0.500000000 0.000000000 0.000000000 0.999564886 -0.001413419 -0.029463219 -0.126508411 0.001732013 0.999940276 0.010790570 0.019469525 0.029446207 -0.010836905 0.999507606 -0.392171484
0 0.480033576 0.853393100 0.500000000 0.500000000 0.000000000 0.000000000 0.999531090 -0.001055333 -0.030602273 -0.127074962 0.001398681 0.999936283 0.011200443 0.017047669 0.030588504 -0.011237993 0.999468863 -0.401216350
0 0.480033576 0.853393100 0.500000000 0.500000000 0.000000000 0.000000000 0.999505579 -0.000779814 -0.031431418 -0.127366722 0.001136642 0.999935091 0.011336314 0.015053646 0.031420536 -0.011366435 0.999441624 -0.411376828
0 0.480033576 0.853393100 0.500000000 0.500000000 0.000000000 0.000000000 0.999476075 -0.000467736 -0.032362673 -0.126816779 0.000838534 0.999934137 0.011444965 0.011542397 0.032355189 -0.011466106 0.999410689 -0.421885446
0 0.480033576 0.853393100 0.500000000 0.500000000 0.000000000 0.000000000 0.999440610 -0.000137776 -0.033443458 -0.126165849 0.000516827 0.999935746 0.011325710 0.008272051 0.033439748 -0.011336658 0.999376416 -0.432852367
0 0.480033576 0.853393100 0.500000000 0.500000000 0.000000000 0.000000000 0.999406934 0.000167771 -0.034434333 -0.125527363 0.000215758 0.999938011 0.011133974 0.004434358 0.034434065 -0.011134801 0.999344945 -0.443917437
0 0.480033576 0.853393100 0.500000000 0.500000000 0.000000000 0.000000000 0.999376953 0.000564115 -0.035290148 -0.123935811 -0.000169058 0.999937296 0.011196540 -0.000545816 0.035294250 -0.011183598 0.999314368 -0.454874714
0 0.480033576 0.853393100 0.500000000 0.500000000 0.000000000 0.000000000 0.999342620 0.000925340 -0.036241520 -0.121915096 -0.000506546 0.999933004 0.011563127 -0.006074487 0.036249790 -0.011537167 0.999276161 -0.465940428
0 0.480033576 0.853393100 0.500000000 0.500000000 0.000000000 0.000000000 0.999305725 0.001193600 -0.037237544 -0.119926622 -0.000756788 0.999930799 0.011742328 -0.011245158 0.037248980 -0.011705996 0.999237478 -0.477108358
0 0.480033576 0.853393100 0.500000000 0.500000000 0.000000000 0.000000000 0.999253273 0.001499018 -0.038608294 -0.117038542 -0.001052637 0.999932408 0.011579515 -0.016145704 0.038623042 -0.011530228 0.999187350 -0.488437032
0 0.480033576 0.853393100 0.500000000 0.500000000 0.000000000 0.000000000 0.999187410 0.001906128 -0.040259734 -0.113398563 -0.001460494 0.999937356 0.011095500 -0.020743432 0.040278360 -0.011027684 0.999127626 -0.499695629
0 0.480033576 0.853393100 0.500000000 0.500000000 0.000000000 0.000000000 0.999121666 0.002295486 -0.041840732 -0.109151752 -0.001842928 0.999939442 0.010851576 -0.025759308 0.041863110 -0.010764935 0.999065340 -0.511204569
0 0.480033576 0.853393100 0.500000000 0.500000000 0.000000000 0.000000000 0.999043584 0.002831278 -0.043633174 -0.104517221 -0.002357065 0.999937654 0.010915806 -0.030642763 0.043661360 -0.010802520 0.998987973 -0.523506984
0 0.480033576 0.853393100 0.500000000 0.500000000 0.000000000 0.000000000 0.998970568 0.003316202 -0.045241080 -0.100319947 -0.002807771 0.999932230 0.011297189 -0.035151769 0.045275476 -0.011158532 0.998912215 -0.535284351
0 0.480033576 0.853393100 0.500000000 0.500000000 0.000000000 0.000000000 0.998898685 0.003749655 -0.046768922 -0.095532087 -0.003195924 0.999924004 0.011908893 -0.039957744 0.046810020 -0.011746308 0.998834729 -0.547137216
0 0.480033576 0.853393100 0.500000000 0.500000000 0.000000000 0.000000000 0.998807609 0.004273777 -0.048632171 -0.089902752 -0.003677221 0.999916971 0.012349556 -0.045033533 0.048680913 -0.012156000 0.998740435 -0.558487397
0 0.480033576 0.853393100 0.500000000 0.500000000 0.000000000 0.000000000 0.998722732 0.004735769 -0.050303970 -0.085566955 -0.004127500 0.999917209 0.012188885 -0.049173877 0.050357528 -0.011965687 0.998659551 -0.569836016
0 0.480033576 0.853393100 0.500000000 0.500000000 0.000000000 0.000000000 0.998649001 0.005242810 -0.051697690 -0.080507712 -0.004644799 0.999920964 0.011680831 -0.052677536 0.051754843 -0.011424925 0.998594463 -0.580401534
0 0.480033576 0.853393100 0.500000000 0.500000000 0.000000000 0.000000000 0.998564124 0.005589273 -0.053276595 -0.074981317 -0.004980375 0.999920845 0.011554922 -0.057547206 0.053336963 -0.011272993 0.998512924 -0.592062162
0 0.480033576 0.853393100 0.500000000 0.500000000 0.000000000 0.000000000 0.998440742 0.005999361 -0.055498537 -0.070201818 -0.005357915 0.999917209 0.011699485 -0.062304129 0.055564132 -0.011383886 0.998390198 -0.602548628
0 0.480033576 0.853393100 0.500000000 0.500000000 0.000000000 0.000000000 0.998322248 0.006621283 -0.057522438 -0.064834681 -0.005935457 0.999909341 0.012085445 -0.068090146 0.057597246 -0.011723747 0.998271048 -0.612405634
0 0.480033576 0.853393100 0.500000000 0.500000000 0.000000000 0.000000000 0.998237371 0.007365022 -0.058888588 -0.061352276 -0.006675887 0.999907017 0.011890541 -0.069726862 0.058970686 -0.011476449 0.998193741 -0.622380015
0 0.480033576 0.853393100 0.500000000 0.500000000 0.000000000 0.000000000 0.998175561 0.008252546 -0.059811391 -0.056829545 -0.007515103 0.999893069 0.012543952 -0.075296581 0.059908517 -0.012071579 0.998130858 -0.630718865
0 0.480033576 0.853393100 0.500000000 0.500000000 0.000000000 0.000000000 0.998054206 0.008674790 -0.061746031 -0.050818588 -0.007894900 0.999886096 0.012863407 -0.078519626 0.061850585 -0.012350898 0.998009026 -0.640574248
0 0.480033576 0.853393100 0.500000000 0.500000000 0.000000000 0.000000000 0.997914732 0.009314572 -0.063870683 -0.046285977 -0.008515514 0.999882162 0.012771391 -0.080702924 0.063982122 -0.012200868 0.997876465 -0.648564173
0 0.480033576 0.853393100 0.500000000 0.500000000 0.000000000 0.000000000 0.997838020 0.009909219 -0.064969584 -0.041783077 -0.009118564 0.999880850 0.012454872 -0.082712607 0.065085262 -0.011835515 0.997809529 -0.656245576
0 0.480033576 0.853393100 0.500000000 0.500000000 0.000000000 0.000000000 0.997743368 0.010486254 -0.066319011 -0.036777413 -0.009684806 0.999876261 0.012394737 -0.085687250 0.066440783 -0.011724479 0.997721493 -0.664728972
0 0.480033576 0.853393100 0.500000000 0.500000000 0.000000000 0.000000000 0.997587502 0.011180456 -0.068514273 -0.031325411 -0.010352848 0.999869227 0.012422555 -0.088273057 0.068644203 -0.011683268 0.997572780 -0.673041505
0 0.480033576 0.853393100 0.500000000 0.500000000 0.000000000 0.000000000 0.997439981 0.012005168 -0.070493340 -0.027733949 -0.011143699 0.999858499 0.012601161 -0.090821846 0.070634648 -0.011783346 0.997432649 -0.681012853
0 0.480033576 0.853393100 0.500000000 0.500000000 0.000000000 0.000000000 0.997268975 0.012808539 -0.072736144 -0.023153139 -0.011902660 0.999846280 0.012874161 -0.093159582 0.072889864 -0.011973248 0.997268140 -0.688684171
0 0.480033576 0.853393100 0.500000000 0.500000000 0.000000000 0.000000000 0.997083724 0.013621496 -0.075089797 -0.019118329 -0.012663952 0.999832511 0.013213434 -0.095864479 0.075257212 -0.012223966 0.997089207 -0.696405234
0 0.480033576 0.853393100 0.500000000 0.500000000 0.000000000 0.000000000 0.996907234 0.014514143 -0.077235676 -0.015854632 -0.013528164 0.999820411 0.013273792 -0.098185075 0.077414460 -0.012187883 0.996924520 -0.704386789
0 0.480033576 0.853393100 0.500000000 0.500000000 0.000000000 0.000000000 0.996705711 0.015509919 -0.079606138 -0.012157749 -0.014519635 0.999810040 0.013003643 -0.099455545 0.079792701 -0.011804952 0.996741593 -0.713206176
0 0.480033576 0.853393100 0.500000000 0.500000000 0.000000000 0.000000000 0.996495605 0.016523469 -0.081996962 -0.008887306 -0.015515823 0.999796271 0.012910898 -0.101079325 0.082193591 -0.011593402 0.996548951 -0.722234554
0 0.480033576 0.853393100 0.500000000 0.500000000 0.000000000 0.000000000 0.996274829 0.017710147 -0.084396720 -0.005508652 -0.016685199 0.999778390 0.012834376 -0.102370740 0.084605314 -0.011378389 0.996349573 -0.731201269
0 0.480033576 0.853393100 0.500000000 0.500000000 0.000000000 0.000000000 0.996054173 0.018776530 -0.086738132 -0.002433288 -0.017711939 0.999758244 0.013027027 -0.104977383 0.086961761 -0.011439324 0.996145964 -0.740301439
0 0.480033576 0.853393100 0.500000000 0.500000000 0.000000000 0.000000000 0.995807171 0.019882593 -0.089290239 0.000740875 -0.018778451 0.999736667 0.013188914 -0.106798087 0.089528956 -0.011456884 0.995918334 -0.749832548
0 0.480033576 0.853393100 0.500000000 0.500000000 0.000000000 0.000000000 0.995521605 0.020940721 -0.092185885 0.004763888 -0.019780617 0.999713480 0.013480241 -0.109909376 0.092441753 -0.011596378 0.995650589 -0.758877070
0 0.480033576 0.853393100 0.500000000 0.500000000 0.000000000 0.000000000 0.995234966 0.021969888 -0.094998173 0.008165110 -0.020760963 0.999690652 0.013695603 -0.112842843 0.095269680 -0.011658090 0.995383203 -0.768512786
0 0.480033576 0.853393100 0.500000000 0.500000000 0.000000000 0.000000000 0.994930625 0.023007480 -0.097896487 0.012424894 -0.021737790 0.999665439 0.014016757 -0.116681056 0.098186225 -0.011817648 0.995097876 -0.778112575
0 0.480033576 0.853393100 0.500000000 0.500000000 0.000000000 0.000000000 0.994620144 0.024074430 -0.100752890 0.015790124 -0.022756288 0.999640048 0.014212005 -0.120001625 0.101058766 -0.011842785 0.994809985 -0.788043841
0 0.480033576 0.853393100 0.500000000 0.500000000 0.000000000 0.000000000 0.994288027 0.025202300 -0.103711814 0.020488594 -0.023835544 0.999612212 0.014396936 -0.123276919 0.104034431 -0.011842674 0.994503200 -0.797914469
0 0.480033576 0.853393100 0.500000000 0.500000000 0.000000000 0.000000000 0.993977368 0.026241148 -0.106397100 0.024309933 -0.024833057 0.999585927 0.014537832 -0.126888071 0.106734529 -0.011808111 0.994217455 -0.808602883
0 0.480033576 0.853393100 0.500000000 0.500000000 0.000000000 0.000000000 0.993651330 0.027277566 -0.109146550 0.029231570 -0.025831277 0.999559045 0.014643214 -0.131532875 0.109497853 -0.011730854 0.993917823 -0.819131981
0 0.480033576 0.853393100 0.500000000 0.500000000 0.000000000 0.000000000 0.993309915 0.028320348 -0.111952566 0.033867984 -0.026879592 0.999535561 0.014358144 -0.135351398 0.112307198 -0.011252848 0.993609846 -0.830182161
0 0.480033576 0.853393100 0.500000000 0.500000000 0.000000000 0.000000000 0.992962599 0.029435394 -0.114712156 0.038889810 -0.027982067 0.999506712 0.014259409 -0.141579610 0.115075305 -0.010949176 0.993296444 -0.841680938
0 0.480033576 0.853393100 0.500000000 0.500000000 0.000000000 0.000000000 0.992641211 0.030408656 -0.117212340 0.043613942 -0.028960774 0.999481976 0.014036473 -0.146879031 0.117578454 -0.010538621 0.993007660 -0.854162538
0 0.480033576 0.853393100 0.500000000 0.500000000 0.000000000 0.000000000 0.992331743 0.031360757 -0.119558454 0.048480344 -0.029869827 0.999452353 0.014242447 -0.155041125 0.119939633 -0.010562042 0.992725015 -0.865862598
0 0.480033576 0.853393100 0.500000000 0.500000000 0.000000000 0.000000000 0.992017746 0.032154255 -0.121929981 0.053669688 -0.030621476 0.999426961 0.014424522 -0.163004732 0.122323915 -0.010575706 0.992433906 -0.878711923
0 0.480033576 0.853393100 0.500000000 0.500000000 0.000000000 0.000000000 0.991702974 0.032937504 -0.124259055 0.058904858 -0.031392079 0.999403775 0.014375181 -0.170285191 0.124658450 -0.010355160 0.992145658 -0.891782066
0 0.480033576 0.853393100 0.500000000 0.500000000 0.000000000 0.000000000 0.991447091 0.033581298 -0.126115099 0.063156948 -0.031985011 0.999380827 0.014661682 -0.179432302 0.126529366 -0.010502488 0.991907239 -0.905009786
0 0.480033576 0.853393100 0.500000000 0.500000000 0.000000000 0.000000000 0.991208196 0.034102924 -0.127840951 0.067602020 -0.032446902 0.999360681 0.015014639 -0.188608318 0.128271267 -0.010734590 0.991681039 -0.917685926
0 0.480033576 0.853393100 0.500000000 0.500000000 0.000000000 0.000000000 0.990922749 0.034668885 -0.129885077 0.072482521 -0.032976475 0.999341190 0.015158811 -0.197542340 0.130325034 -0.010738059 0.991413176 -0.930946361
0 0.480033576 0.853393100 0.500000000 0.500000000 0.000000000 0.000000000 0.990682304 0.035223674 -0.131559491 0.076763778 -0.033521440 0.999323428 0.015131919 -0.205576362 0.132003471 -0.010580860 0.991192758 -0.943715545
0 0.480033576 0.853393100 0.500000000 0.500000000 0.000000000 0.000000000 0.990476668 0.035780791 -0.132950068 0.080551987 -0.034066305 0.999304771 0.015148807 -0.213892897 0.133399665 -0.010475422 0.991006970 -0.956717628
0 0.480033576 0.853393100 0.500000000 0.500000000 0.000000000 0.000000000 0.990312576 0.036362104 -0.134010613 0.084086143 -0.034613948 0.999282837 0.015352516 -0.222774665 0.134472758 -0.010565152 0.990860939 -0.969036996
0 0.480033576 0.853393100 0.500000000 0.500000000 0.000000000 0.000000000 0.990180135 0.036674369 -0.134901077 0.086840666 -0.034908343 0.999271333 0.015434261 -0.229837946 0.135368824 -0.010573526 0.990738869 -0.981715733
0 0.480033576 0.853393100 0.500000000 0.500000000 0.000000000 0.000000000 0.990101397 0.036722295 -0.135464653 0.089463194 -0.034915540 0.999267101 0.015690126 -0.237321576 0.135941550 -0.010804993 0.990657926 -0.993411331
0 0.480033576 0.853393100 0.500000000 0.500000000 0.000000000 0.000000000 0.989974439 0.036938015 -0.136331260 0.092692921 -0.035085179 0.999256730 0.015969418 -0.244957105 0.136819810 -0.011026110 0.990534604 -1.004887314
0 0.480033576 0.853393100 0.500000000 0.500000000 0.000000000 0.000000000 0.989856005 0.037246957 -0.137105063 0.095721781 -0.035367902 0.999244392 0.016116718 -0.252532773 0.137601763 -0.011104111 0.990425408 -1.016359271
0 0.480033576 0.853393100 0.500000000 0.500000000 0.000000000 0.000000000 0.989772618 0.037489861 -0.137639478 0.099158701 -0.035573490 0.999233186 0.016357554 -0.260726972 0.138147175 -0.011293943 0.990347326 -1.026966576
0 0.480033576 0.853393100 0.500000000 0.500000000 0.000000000 0.000000000 0.989700019 0.037785355 -0.138080150 0.102668427 -0.035918035 0.999226809 0.015991142 -0.266152915 0.138577625 -0.010866866 0.990291953 -1.037920906
0 0.480033576 0.853393100 0.500000000 0.500000000 0.000000000 0.000000000 0.989695251 0.037804149 -0.138109043 0.106210487 -0.035920434 0.999224842 0.016107276 -0.273045910 0.138610914 -0.010980358 0.990286052 -1.048078744
0 0.480033576 0.853393100 0.500000000 0.500000000 0.000000000 0.000000000 0.989708245 0.037653644 -0.138057172 0.110484880 -0.035755787 0.999229193 0.016202144 -0.278782010 0.138560817 -0.011099053 0.990291715 -1.058065047
