0 0.492818476 0.876121693 0.500000000 0.500000000 0.000000000 0.000000000 0.992418528 0.001530681 0.122894630 -0.226627445 -0.007865336 0.998663783 0.051076844 -0.010844948 -0.122652225 -0.051656213 0.991104484 -0.654984595
0 0.492818476 0.876121693 0.500000000 0.500000000 0.000000000 0.000000000 0.991135716 0.001689078 0.132842526 -0.245569860 -0.009118679 0.998425961 0.055339422 -0.010907976 -0.132539958 -0.056060225 0.989591002 -0.693182211
0 0.492818476 0.876121693 0.500000000 0.500000000 0.000000000 0.000000000 0.989791393 0.001762928 0.142512932 -0.262974797 -0.010335882 0.998178482 0.059437759 -0.011385521 -0.142148569 -0.060303979 0.988006711 -0.730815186
0 0.492818476 0.876121693 0.500000000 0.500000000 0.000000000 0.000000000 0.988328457 0.002027833 0.152324334 -0.279821921 -0.011962899 0.997856677 0.064335003 -0.014526867 -0.151867390 -0.065406360 0.986234426 -0.767834532
0 0.492818476 0.876121693 0.500000000 0.500000000 0.000000000 0.000000000 0.986766219 0.002089374 0.162136063 -0.296119591 -0.013619641 0.997451484 0.070035942 -0.018694848 -0.161576524 -0.071317337 0.984279871 -0.804180861
0 0.492818476 0.876121693 0.500000000 0.500000000 0.000000000 0.000000000 0.985171974 0.002259634 0.171555027 -0.313000208 -0.015511611 0.996991336 0.075945131 -0.023989380 -0.170867264 -0.077480108 0.982242942 -0.838949956
0 0.492818476 0.876121693 0.500000000 0.500000000 0.000000000 0.000000000 0.983570695 0.002357860 0.180508047 -0.329234897 -0.017317418 0.996535659 0.081343815 -0.029687214 -0.179690897 -0.083133325 0.980204105 -0.873532131
0 0.492818476 0.876121693 0.500000000 0.500000000 0.000000000 0.000000000 0.981874645 0.002555990 0.189514130 -0.344819579 -0.019211758 0.996101081 0.086101823 -0.037139610 -0.188555166 -0.088182099 0.978095531 -0.908321554
0 0.492818476 0.876121693 0.500000000 0.500000000 0.000000000 0.000000000 0.980158210 0.002686324 0.198198676 -0.359425235 -0.021006921 0.995684803 0.090390980 -0.044457297 -0.197100595 -0.092761002 0.975984991 -0.943416399
0 0.492818476 0.876121693 0.500000000 0.500000000 0.000000000 0.000000000 0.978381753 0.002741708 0.206788972 -0.373659313 -0.022924127 0.995187819 0.095266357 -0.053442802 -0.205532670 -0.097947322 0.973736405 -0.979285195
0 0.492818476 0.876121693 0.500000000 0.500000000 0.000000000 0.000000000 0.976577818 0.002805012 0.215146348 -0.386230848 -0.025000473 0.994621575 0.100512892 -0.062464713 -0.213707268 -0.103537418 0.971395493 -1.016437549
0 0.492818476 0.876121693 0.500000000 0.500000000 0.000000000 0.000000000 0.974635839 0.002941391 0.223777294 -0.400346054 -0.027299082 0.994009197 0.105832428 -0.073185378 -0.222125381 -0.109256998 0.968877316 -1.053628665
0 0.492818476 0.876121693 0.500000000 0.500000000 0.000000000 0.000000000 0.972666562 0.002914195 0.232188001 -0.413889781 -0.029356234 0.993441522 0.110508479 -0.083293563 -0.230343163 -0.114304066 0.966372907 -1.092755171
0 0.492818476 0.876121693 0.500000000 0.500000000 0.000000000 0.000000000 0.970674515 0.002766646 0.240381733 -0.427369409 -0.031254973 0.992898941 0.114781618 -0.092263419 -0.238357201 -0.118928716 0.963868141 -1.133988987
0 0.492818476 0.876121693 0.500000000 0.500000000 0.000000000 0.000000000 0.968748271 0.002474025 0.248033673 -0.439758549 -0.033099011 0.992297053 0.119377509 -0.101392194 -0.245827734 -0.123856425 0.961367965 -1.176875394
0 0.492818476 0.876121693 0.500000000 0.500000000 0.000000000 0.000000000 0.966873646 0.002427849 0.255243897 -0.451641486 -0.035321798 0.991607249 0.124368280 -0.111055542 -0.252799749 -0.129264086 0.958844662 -1.221725446
0 0.492818476 0.876121693 0.500000000 0.500000000 0.000000000 0.000000000 0.964942694 0.002490993 0.262448937 -0.464137423 -0.037716314 0.990892410 0.129266202 -0.118613450 -0.259736627 -0.134633079 0.956248283 -1.267505054
0 0.492818476 0.876121693 0.500000000 0.500000000 0.000000000 0.000000000 0.962971032 0.002821878 0.269590050 -0.475495552 -0.040380336 0.990175426 0.133873418 -0.125225853 -0.266563654 -0.139802352 0.953624189 -1.313184088
0 0.492818476 0.876121693 0.500000000 0.500000000 0.000000000 0.000000000 0.960885167 0.002042158 0.276939601 -0.487177403 -0.041984696 0.989489436 0.138375938 -0.130110031 -0.273746222 -0.144590616 0.950871468 -1.357874589
0 0.492818476 0.876121693 0.500000000 0.500000000 0.000000000 0.000000000 0.958432376 0.002094504 0.285312027 -0.505076892 -0.044576511 0.988792777 0.142484501 -0.133690473 -0.281816036 -0.149279982 0.947784364 -1.401356048
0 0.492818476 0.876121693 0.500000000 0.500000000 0.000000000 0.000000000 0.956050515 0.002134499 0.293194145 -0.524400192 -0.047503751 0.987889409 0.147708744 -0.141377994 -0.289328098 -0.155144855 0.944573641 -1.445273862
0 0.492818476 0.876121693 0.500000000 0.500000000 0.000000000 0.000000000 0.953899086 0.002576552 0.300116509 -0.541237521 -0.050770592 0.986936986 0.152897716 -0.148268307 -0.295802146 -0.161086082 0.941569090 -1.487740914
0 0.492818476 0.876121693 0.500000000 0.500000000 0.000000000 0.000000000 0.951910615 0.002951055 0.306361616 -0.553699799 -0.053939380 0.985948682 0.158100352 -0.155614089 -0.301590294 -0.167022362 0.938694239 -1.528302967
0 0.492818476 0.876121693 0.500000000 0.500000000 0.000000000 0.000000000 0.949593663 0.003046334 0.313468695 -0.567732719 -0.056844458 0.985048890 0.162626609 -0.160320714 -0.308286577 -0.172248155 0.935569346 -1.566775809
0 0.492818476 0.876121693 0.500000000 0.500000000 0.000000000 0.000000000 0.947373331 0.003113430 0.320115656 -0.581175069 -0.060017057 0.983949959 0.168048948 -0.168694061 -0.314454585 -0.178417504 0.932354808 -1.602452181
0 0.492818476 0.876121693 0.500000000 0.500000000 0.000000000 0.000000000 0.945315659 0.003004204 0.326143056 -0.592439708 -0.063057840 0.982774436 0.173718587 -0.176513775 -0.320003182 -0.184784770 0.929221451 -1.637029382
0 0.492818476 0.876121693 0.500000000 0.500000000 0.000000000 0.000000000 0.943252563 0.002704020 0.332065195 -0.603722441 -0.066204205 0.981424153 0.180065528 -0.188402337 -0.325409919 -0.191831380 0.925909877 -1.670390062
0 0.492818476 0.876121693 0.500000000 0.500000000 0.000000000 0.000000000 0.941511929 0.002088401 0.336973190 -0.611797661 -0.068707243 0.980164409 0.185895219 -0.200895270 -0.329900920 -0.198175073 0.922979951 -1.703144767
0 0.492818476 0.876121693 0.500000000 0.500000000 0.000000000 0.000000000 0.939697206 0.001981079 0.342001766 -0.620898982 -0.071412362 0.979077756 0.190543950 -0.211624119 -0.334468842 -0.203476772 0.920178115 -1.736634364
0 0.492818476 0.876121693 0.500000000 0.500000000 0.000000000 0.000000000 0.937824726 0.001742899 0.347104728 -0.628526077 -0.073706627 0.978182554 0.194232509 -0.221981577 -0.339193255 -0.207739979 0.917492270 -1.769528169
0 0.492818476 0.876121693 0.500000000 0.500000000 0.000000000 0.000000000 0.935541749 0.001346863 0.353213489 -0.639630286 -0.075895034 0.977402389 0.197292984 -0.231542926 -0.344965994 -0.211382985 0.914502978 -1.803813710
0 0.492818476 0.876121693 0.500000000 0.500000000 0.000000000 0.000000000 0.933388114 0.001278280 0.358866334 -0.650165558 -0.078571662 0.976459444 0.200881660 -0.244208770 -0.350161642 -0.215697274 0.911516070 -1.838754439
0 0.492818476 0.876121693 0.500000000 0.500000000 0.000000000 0.000000000 0.931526899 0.001257470 0.363670260 -0.657766463 -0.081305906 0.975402355 0.204889178 -0.258575642 -0.354467183 -0.220428318 0.908715785 -1.873451626
0 0.492818476 0.876121693 0.500000000 0.500000000 0.000000000 0.000000000 0.929268658 0.001505716 0.369401455 -0.668142528 -0.084608793 0.974276245 0.208871171 -0.274987077 -0.359584570 -0.225352049 0.905491769 -1.907622907
0 0.492818476 0.876121693 0.500000000 0.500000000 0.000000000 0.000000000 0.926889896 0.001794597 0.375328988 -0.678760052 -0.087619424 0.973393619 0.211725473 -0.288050499 -0.364962906 -0.229132324 0.902386010 -1.943277567
0 0.492818476 0.876121693 0.500000000 0.500000000 0.000000000 0.000000000 0.924797297 0.001454726 0.380457401 -0.685381475 -0.089932285 0.972490013 0.214884579 -0.304014207 -0.369678408 -0.232940078 0.899486959 -1.978566659
0 0.492818476 0.876121693 0.500000000 0.500000000 0.000000000 0.000000000 0.922065616 0.001730111 0.387029648 -0.699351629 -0.093299553 0.971493304 0.217935547 -0.319699251 -0.375619680 -0.237060577 0.895942032 -2.016031649
0 0.492818476 0.876121693 0.500000000 0.500000000 0.000000000 0.000000000 0.919528961 0.001836237 0.393017948 -0.710787510 -0.096667074 0.970326483 0.221634731 -0.336993133 -0.380948752 -0.241791442 0.892420828 -2.052406843
0 0.492818476 0.876121693 0.500000000 0.500000000 0.000000000 0.000000000 0.916877151 0.001864938 0.399165183 -0.722477459 -0.100176908 0.969061077 0.225577489 -0.355317016 -0.386394769 -0.246813968 0.888696790 -2.088807862
0 0.492818476 0.876121693 0.500000000 0.500000000 0.000000000 0.000000000 0.914048910 0.001935601 0.405599296 -0.736150854 -0.103697687 0.967870295 0.229071766 -0.371955008 -0.392124146 -0.251442522 0.884881556 -2.126240520
0 0.492818476 0.876121693 0.500000000 0.500000000 0.000000000 0.000000000 0.911324859 0.001889451 0.411683679 -0.748850481 -0.106846631 0.966809571 0.232084140 -0.386647796 -0.397581220 -0.255491048 0.881279469 -2.164496668
0 0.492818476 0.876121693 0.500000000 0.500000000 0.000000000 0.000000000 0.908378839 0.001837474 0.418144077 -0.764328090 -0.110154793 0.965719402 0.235057265 -0.400847290 -0.403377950 -0.259581625 0.877441525 -2.203093379
0 0.492818476 0.876121693 0.500000000 0.500000000 0.000000000 0.000000000 0.905674934 0.001889058 0.423968583 -0.777878463 -0.113285154 0.964709997 0.237699509 -0.411664608 -0.408557713 -0.263307840 0.873927653 -2.242108533
0 0.492818476 0.876121693 0.500000000 0.500000000 0.000000000 0.000000000 0.902605236 0.002180175 0.430463701 -0.794231832 -0.116950810 0.963616669 0.240344465 -0.423184460 -0.414277971 -0.267279267 0.870020449 -2.280783070
0 0.492818476 0.876121693 0.500000000 0.500000000 0.000000000 0.000000000 0.899421632 0.002316574 0.437075943 -0.810696249 -0.120658934 0.962444127 0.243192703 -0.434292925 -0.420097798 -0.271469891 0.865922570 -2.317860264
0 0.492818476 0.876121693 0.500000000 0.500000000 0.000000000 0.000000000 0.896206379 0.002780138 0.443628728 -0.827220731 -0.124946572 0.961082697 0.246390656 -0.445473238 -0.425678879 -0.276246756 0.861675799 -2.352981370
0 0.492818476 0.876121693 0.500000000 0.500000000 0.000000000 0.000000000 0.893096566 0.002514271 0.449858040 -0.841701359 -0.128841594 0.959524572 0.250424504 -0.458869056 -0.431020200 -0.281613678 0.857272029 -2.385641950
0 0.492818476 0.876121693 0.500000000 0.500000000 0.000000000 0.000000000 0.889476001 0.002427146 0.456975400 -0.860372244 -0.133104816 0.958003581 0.253992498 -0.471474296 -0.437167615 -0.286745876 0.852444291 -2.415435049
0 0.492818476 0.876121693 0.500000000 0.500000000 0.000000000 0.000000000 0.886149585 0.002203142 0.463394105 -0.876582865 -0.137172058 0.956420362 0.257767260 -0.484664760 -0.442631662 -0.291985065 0.847833693 -2.442643760
0 0.492818476 0.876121693 0.500000000 0.500000000 0.000000000 0.000000000 0.882859349 0.002499965 0.469630867 -0.892440332 -0.141800776 0.954733491 0.261489064 -0.498449934 -0.447718590 -0.297452092 0.843249857 -2.468774959
0 0.492818476 0.876121693 0.500000000 0.500000000 0.000000000 0.000000000 0.880061388 0.002532691 0.474853128 -0.903238565 -0.146138653 0.952897906 0.265761316 -0.514400619 -0.451813459 -0.303280681 0.838978827 -2.494550954
0 0.492818476 0.876121693 0.500000000 0.500000000 0.000000000 0.000000000 0.877323031 0.002263798 0.479894906 -0.912106281 -0.150127128 0.951093256 0.269969314 -0.532507449 -0.455813676 -0.308895558 0.834755898 -2.518908894
0 0.492818476 0.876121693 0.500000000 0.500000000 0.000000000 0.000000000 0.874290049 0.001828512 0.485400379 -0.922760521 -0.153805450 0.949508905 0.273453414 -0.549512658 -0.460391939 -0.313734829 0.830427408 -2.543759119
0 0.492818476 0.876121693 0.500000000 0.500000000 0.000000000 0.000000000 0.871485293 0.001002926 0.490420640 -0.931735906 -0.156888336 0.948017776 0.276854336 -0.567996003 -0.464649826 -0.318215758 0.826340914 -2.568665859
0 0.492818476 0.876121693 0.500000000 0.500000000 0.000000000 0.000000000 0.869025648 0.000641555 0.494766653 -0.939082583 -0.160082161 0.946574688 0.279946536 -0.586267739 -0.468153983 -0.322484046 0.822700381 -2.594775420
0 0.492818476 0.876121693 0.500000000 0.500000000 0.000000000 0.000000000 0.867081225 0.000445726 0.498166591 -0.942319406 -0.163233414 0.945046663 0.283269495 -0.606140859 -0.470664412 -0.326935112 0.819504976 -2.621414763
0 0.492818476 0.876121693 0.500000000 0.500000000 0.000000000 0.000000000 0.864914238 0.000182592 0.501919627 -0.946290945 -0.166436642 0.943524301 0.286462516 -0.626682511 -0.473521024 -0.331303328 0.816097975 -2.648123261
0 0.492818476 0.876121693 0.500000000 0.500000000 0.000000000 0.000000000 0.862841904 -0.000341177 0.505473733 -0.948531431 -0.169187486 0.942125797 0.289438367 -0.646839113 -0.476318628 -0.335259378 0.812847912 -2.675369748
0 0.492818476 0.876121693 0.500000000 0.500000000 0.000000000 0.000000000 0.860803545 -0.000733322 0.508936822 -0.951132717 -0.171921298 0.940796375 0.292139143 -0.666821655 -0.479020149 -0.338971496 0.809714794 -2.704895540
0 0.492818476 0.876121693 0.500000000 0.500000000 0.000000000 0.000000000 0.858963132 -0.000822618 0.512036800 -0.950758905 -0.174717516 0.939511299 0.294605315 -0.686221792 -0.481306702 -0.342516899 0.806861877 -2.734830538
0 0.492818476 0.876121693 0.500000000 0.500000000 0.000000000 0.000000000 0.857367098 -0.001406037 0.514703512 -0.946859973 -0.177157179 0.938089907 0.297662079 -0.707876525 -0.483256698 -0.346389085 0.804038286 -2.766790086
0 0.492818476 0.876121693 0.500000000 0.500000000 0.000000000 0.000000000 0.855280221 -0.001612381 0.518163204 -0.946910090 -0.180240855 0.936622143 0.300420076 -0.729182064 -0.485807538 -0.350337505 0.800783753 -2.799801687
0 0.492818476 0.876121693 0.500000000 0.500000000 0.000000000 0.000000000 0.853940248 -0.002158993 0.520366609 -0.939456358 -0.182545066 0.935200274 0.303443134 -0.749020779 -0.487302125 -0.354112655 0.798211038 -2.833350894
0 0.492818476 0.876121693 0.500000000 0.500000000 0.000000000 0.000000000 0.852450490 -0.002656082 0.522801220 -0.933057337 -0.185101032 0.933680475 0.306558937 -0.768792170 -0.488943547 -0.358097345 0.795424700 -2.870052443
0 0.492818476 0.876121693 0.500000000 0.500000000 0.000000000 0.000000000 0.851085305 -0.003047184 0.525018573 -0.923912242 -0.187482491 0.932290018 0.309330910 -0.784871605 -0.490412146 -0.361698776 0.792887092 -2.906871591
0 0.492818476 0.876121693 0.500000000 0.500000000 0.000000000 0.000000000 0.849752367 -0.003978482 0.527167082 -0.914974328 -0.189395934 0.930906713 0.312316984 -0.800133763 -0.491985917 -0.365235388 0.790286660 -2.944663817
0 0.492818476 0.876121693 0.500000000 0.500000000 0.000000000 0.000000000 0.848683655 -0.004529064 0.528881371 -0.904665604 -0.191396758 0.929561973 0.315090239 -0.812126347 -0.493055046 -0.368638128 0.788037181 -2.985340233
0 0.492818476 0.876121693 0.500000000 0.500000000 0.000000000 0.000000000 0.847816586 -0.005090861 0.530265093 -0.893163902 -0.193245694 0.928227544 0.317883253 -0.821097818 -0.493824959 -0.371978164 0.785982907 -3.024032348
0 0.492818476 0.876121693 0.500000000 0.500000000 0.000000000 0.000000000 0.846908867 -0.005619857 0.531708419 -0.882029555 -0.195489034 0.926624894 0.321170181 -0.831882407 -0.494499207 -0.375945032 0.783668220 -3.063013221
0 0.492818476 0.876121693 0.500000000 0.500000000 0.000000000 0.000000000 0.845909774 -0.006105321 0.533291101 -0.874035345 -0.197712839 0.925095260 0.324204206 -0.839037122 -0.495324463 -0.379685998 0.781340003 -3.099673875
0 0.492818476 0.876121693 0.500000000 0.500000000 0.000000000 0.000000000 0.845342398 -0.006631924 0.534183681 -0.863645972 -0.199536383 0.923636496 0.327232093 -0.844383073 -0.495561749 -0.383212268 0.779465795 -3.134797501
0 0.492818476 0.876121693 0.500000000 0.500000000 0.000000000 0.000000000 0.845049977 -0.006988968 0.534641683 -0.852983178 -0.201114342 0.922331274 0.329936504 -0.848604323 -0.495422632 -0.386336923 0.778010368 -3.171667316
0 0.492818476 0.876121693 0.500000000 0.500000000 0.000000000 0.000000000 0.844483852 -0.006874721 0.535536826 -0.844107009 -0.202671990 0.921457767 0.331420690 -0.847343044 -0.495752990 -0.388417751 0.776762903 -3.206806943
0 0.492818476 0.876121693 0.500000000 0.500000000 0.000000000 0.000000000 0.843909979 -0.007569823 0.536431372 -0.837308827 -0.203625366 0.920557559 0.333332360 -0.846643221 -0.496339232 -0.390533537 0.775326312 -3.240809978
0 0.492818476 0.876121693 0.500000000 0.500000000 0.000000000 0.000000000 0.843684018 -0.008228320 0.536777079 -0.829115479 -0.204650909 0.919448614 0.335756183 -0.847531212 -0.496301621 -0.393124044 0.774040163 -3.273328652
0 0.492818476 0.876121693 0.500000000 0.500000000 0.000000000 0.000000000 0.843688190 -0.008401831 0.536767721 -0.820118029 -0.206065312 0.918212473 0.338264644 -0.848758058 -0.495708853 -0.395999104 0.772953689 -3.304480177
0 0.492818476 0.876121693 0.500000000 0.500000000 0.000000000 0.000000000 0.843530953 -0.007754012 0.537024558 -0.812106654 -0.208208710 0.916981995 0.340283871 -0.849741741 -0.495080411 -0.398853183 0.771888316 -3.335869787
0 0.492818476 0.876121693 0.500000000 0.500000000 0.000000000 0.000000000 0.843435645 -0.007444373 0.537178695 -0.803325433 -0.209653288 0.916060150 0.341876090 -0.849865262 -0.494633049 -0.400971770 0.771077037 -3.365022640
0 0.492818476 0.876121693 0.500000000 0.500000000 0.000000000 0.000000000 0.843531847 -0.007797424 0.537022531 -0.794414236 -0.210213855 0.915329456 0.343485236 -0.852008576 -0.494230837 -0.402630299 0.770470440 -3.394249687
0 0.492818476 0.876121693 0.500000000 0.500000000 0.000000000 0.000000000 0.843512714 -0.008002447 0.537049592 -0.788491748 -0.210810825 0.914720833 0.344738394 -0.854186142 -0.494009227 -0.404007077 0.769891679 -3.424990681
0 0.492818476 0.876121693 0.500000000 0.500000000 0.000000000 0.000000000 0.843604088 -0.007962061 0.536906660 -0.781858924 -0.211630359 0.914026797 0.346074641 -0.859320466 -0.493502527 -0.405575722 0.769391716 -3.453703975
