0 0.487544301 0.866745439 0.500000000 0.500000000 0.000000000 0.000000000 0.991633892 0.017812349 -0.127847120 -0.073890345 -0.019095214 0.999778807 -0.008815635 0.003473254 0.127661809 0.011183150 0.991754711 -0.127281867
0 0.487544301 0.866745439 0.500000000 0.500000000 0.000000000 0.000000000 0.990739882 0.018478939 -0.134510294 -0.075298289 -0.019934082 0.999756336 -0.009479228 0.004821321 0.134302348 0.012072789 0.990866840 -0.133459045
0 0.487544301 0.866745439 0.500000000 0.500000000 0.000000000 0.000000000 0.989808559 0.019324325 -0.141087294 -0.076644781 -0.020915668 0.999733150 -0.009804845 0.005644029 0.140860170 0.012655854 0.989948630 -0.139611368
0 0.487544301 0.866745439 0.500000000 0.500000000 0.000000000 0.000000000 0.988876462 0.020211082 -0.147359788 -0.079850146 -0.021946419 0.999707520 -0.010159669 0.006217217 0.147111356 0.013280677 0.989030778 -0.144516758
0 0.487544301 0.866745439 0.500000000 0.500000000 0.000000000 0.000000000 0.987819970 0.021023639 -0.154174179 -0.080138638 -0.022938004 0.999680161 -0.010648373 0.007394303 0.153901011 0.014055123 0.987986326 -0.151085059
0 0.487544301 0.866745439 0.500000000 0.500000000 0.000000000 0.000000000 0.986734748 0.021994760 -0.160844058 -0.081793791 -0.024089407 0.999648333 -0.011084197 0.008359056 0.160543710 0.014811801 0.986917615 -0.157070125
0 0.487544301 0.866745439 0.500000000 0.500000000 0.000000000 0.000000000 0.985565901 0.022842957 -0.167743966 -0.081721251 -0.025139019 0.999616921 -0.011576889 0.009928795 0.167415261 0.015626706 0.985762596 -0.163690262
0 0.487544301 0.866745439 0.500000000 0.500000000 0.000000000 0.000000000 0.984333098 0.023749696 -0.174712092 -0.082580733 -0.026259655 0.999582291 -0.012068261 0.010883962 0.174352497 0.016467068 0.984545588 -0.170208131
0 0.487544301 0.866745439 0.500000000 0.500000000 0.000000000 0.000000000 0.983063698 0.024546854 -0.181612864 -0.083047479 -0.027343718 0.999542713 -0.012912009 0.013587312 0.181212857 0.017659299 0.983285308 -0.177511756
0 0.487544301 0.866745439 0.500000000 0.500000000 0.000000000 0.000000000 0.981772184 0.025059657 -0.188402176 -0.084077846 -0.028100455 0.999514103 -0.013485851 0.014870865 0.187972695 0.018534221 0.981999338 -0.184496356
0 0.487544301 0.866745439 0.500000000 0.500000000 0.000000000 0.000000000 0.980392635 0.025968321 -0.195335388 -0.084777625 -0.029299036 0.999470115 -0.014180736 0.016657726 0.194863632 0.019625828 0.980633974 -0.191610003
0 0.487544301 0.866745439 0.500000000 0.500000000 0.000000000 0.000000000 0.978941798 0.026922738 -0.202356488 -0.085033552 -0.030591434 0.999419034 -0.015023664 0.019801323 0.201834455 0.020897666 0.979196668 -0.198994741
0 0.487544301 0.866745439 0.500000000 0.500000000 0.000000000 0.000000000 0.977547765 0.028010935 -0.208843946 -0.088065934 -0.031902045 0.999374092 -0.015285918 0.020457688 0.208285064 0.021605264 0.977829516 -0.206242594
0 0.487544301 0.866745439 0.500000000 0.500000000 0.000000000 0.000000000 0.976046622 0.029106217 -0.215605602 -0.089381456 -0.033257604 0.999324262 -0.015650908 0.021326749 0.215004370 0.022446541 0.976355076 -0.214661152
0 0.487544301 0.866745439 0.500000000 0.500000000 0.000000000 0.000000000 0.974503279 0.030039018 -0.222353384 -0.090348388 -0.034502283 0.999273062 -0.016214754 0.023282396 0.221704677 0.023473030 0.974831283 -0.223250460
0 0.487544301 0.866745439 0.500000000 0.500000000 0.000000000 0.000000000 0.972981572 0.030428763 -0.228868768 -0.091397619 -0.035240900 0.999234796 -0.016967222 0.025375795 0.228177354 0.024574336 0.973309398 -0.232869831
0 0.487544301 0.866745439 0.500000000 0.500000000 0.000000000 0.000000000 0.971346915 0.031126397 -0.235619009 -0.091183542 -0.036271714 0.999188125 -0.017533785 0.026891392 0.234881952 0.025577694 0.971687317 -0.243291338
0 0.487544301 0.866745439 0.500000000 0.500000000 0.000000000 0.000000000 0.969860733 0.031741731 -0.241583481 -0.094721006 -0.037084129 0.999157190 -0.017598320 0.026248495 0.240821257 0.026026832 0.970220447 -0.251642817
0 0.487544301 0.866745439 0.500000000 0.500000000 0.000000000 0.000000000 0.968310177 0.032195628 -0.247666687 -0.097666380 -0.037855595 0.999118865 -0.018123964 0.026981589 0.246864945 0.026925189 0.968675792 -0.258901165
0 0.487544301 0.866745439 0.500000000 0.500000000 0.000000000 0.000000000 0.966811717 0.032484043 -0.253416419 -0.100657165 -0.038430199 0.999089122 -0.018547773 0.027824382 0.252583086 0.027671047 0.967179477 -0.266522060
0 0.487544301 0.866745439 0.500000000 0.500000000 0.000000000 0.000000000 0.965075076 0.032912150 -0.259897918 -0.100802633 -0.039165080 0.999053717 -0.018916018 0.028515205 0.259029418 0.028434299 0.965450823 -0.271758008
0 0.487544301 0.866745439 0.500000000 0.500000000 0.000000000 0.000000000 0.963474691 0.033323854 -0.265717924 -0.103462998 -0.039866552 0.999019265 -0.019265704 0.029162440 0.264815301 0.029155275 0.963858306 -0.278297633
0 0.487544301 0.866745439 0.500000000 0.500000000 0.000000000 0.000000000 0.961833477 0.033726208 -0.271549106 -0.106109951 -0.040490363 0.998992682 -0.019343665 0.028552010 0.270623177 0.029600507 0.962230146 -0.285918614
0 0.487544301 0.866745439 0.500000000 0.500000000 0.000000000 0.000000000 0.960385501 0.034108970 -0.276579499 -0.112325819 -0.041112419 0.998963058 -0.019561002 0.028893136 0.275625467 0.030156955 0.960791945 -0.292188877
0 0.487544301 0.866745439 0.500000000 0.500000000 0.000000000 0.000000000 0.958613932 0.034264032 -0.282639802 -0.113754496 -0.041541487 0.998940706 -0.019793795 0.028761081 0.281662166 0.030715885 0.959021866 -0.301080888
0 0.487544301 0.866745439 0.500000000 0.500000000 0.000000000 0.000000000 0.956890941 0.034855921 -0.288348377 -0.116718425 -0.042419933 0.998899221 -0.020023335 0.029472609 0.287333041 0.031391867 0.957316160 -0.309247880
0 0.487544301 0.866745439 0.500000000 0.500000000 0.000000000 0.000000000 0.955135942 0.035461023 -0.294037074 -0.119447235 -0.043231498 0.998865545 -0.019967439 0.028580212 0.292995453 0.031783283 0.955585420 -0.319325917
0 0.487544301 0.866745439 0.500000000 0.500000000 0.000000000 0.000000000 0.953465283 0.035539508 -0.299400955 -0.123164401 -0.043498285 0.998854160 -0.019957578 0.027284701 0.298348606 0.032052286 0.953918636 -0.329888492
0 0.487544301 0.866745439 0.500000000 0.500000000 0.000000000 0.000000000 0.951815009 0.036064576 -0.304544777 -0.126597684 -0.044385292 0.998805344 -0.020440659 0.028956044 0.303443789 0.032973032 0.952278674 -0.340184743
0 0.487544301 0.866745439 0.500000000 0.500000000 0.000000000 0.000000000 0.950216889 0.036100183 -0.309490949 -0.130644697 -0.044697270 0.998785496 -0.020730060 0.029015708 0.308366686 0.033531453 0.950676382 -0.350800817
0 0.487544301 0.866745439 0.500000000 0.500000000 0.000000000 0.000000000 0.948625326 0.036745213 -0.314260691 -0.135489141 -0.045717862 0.998728871 -0.021226382 0.030369564 0.313081235 0.034503210 0.949099422 -0.363796969
0 0.487544301 0.866745439 0.500000000 0.500000000 0.000000000 0.000000000 0.946827054 0.037115723 -0.319594949 -0.135654876 -0.046540178 0.998676360 -0.021899307 0.032734383 0.318359107 0.035608862 0.947301149 -0.375095273
0 0.487544301 0.866745439 0.500000000 0.500000000 0.000000000 0.000000000 0.945523441 0.038082264 -0.323319018 -0.143590663 -0.047832932 0.998607218 -0.022262640 0.034652725 0.322020888 0.036515143 0.946028113 -0.388410013
0 0.487544301 0.866745439 0.500000000 0.500000000 0.000000000 0.000000000 0.943979144 0.038649712 -0.327733964 -0.147253350 -0.048689403 0.998560965 -0.022480702 0.035061170 0.326393455 0.037178483 0.944502532 -0.400945812
0 0.487544301 0.866745439 0.500000000 0.500000000 0.000000000 0.000000000 0.942463040 0.039325975 -0.331989259 -0.150904115 -0.049713746 0.998502076 -0.022851042 0.036840667 0.330593318 0.038040694 0.943006337 -0.414796756
0 0.487544301 0.866745439 0.500000000 0.500000000 0.000000000 0.000000000 0.941127241 0.040064551 -0.335669994 -0.156725429 -0.050774127 0.998440981 -0.023185948 0.038690647 0.334217757 0.038864277 0.941694260 -0.429343876
0 0.487544301 0.866745439 0.500000000 0.500000000 0.000000000 0.000000000 0.939558208 0.040784698 -0.339951456 -0.160074916 -0.051857948 0.998376787 -0.023547670 0.040260877 0.338439286 0.039753590 0.940148115 -0.444025012
0 0.487544301 0.866745439 0.500000000 0.500000000 0.000000000 0.000000000 0.938210905 0.041653778 -0.343548089 -0.166507929 -0.052972574 0.998316526 -0.023623461 0.040948320 0.341985703 0.040362414 0.938837945 -0.458565753
0 0.487544301 0.866745439 0.500000000 0.500000000 0.000000000 0.000000000 0.936650336 0.042353965 -0.347695678 -0.169375614 -0.054047987 0.998249888 -0.023998646 0.043960003 0.346070737 0.041270591 0.937300265 -0.473250778
0 0.487544301 0.866745439 0.500000000 0.500000000 0.000000000 0.000000000 0.935317457 0.042939942 -0.351194292 -0.175123954 -0.054779906 0.998213768 -0.023842536 0.043685025 0.349543184 0.041538730 0.935998976 -0.487206426
0 0.487544301 0.866745439 0.500000000 0.500000000 0.000000000 0.000000000 0.933987617 0.043411404 -0.354658335 -0.179501096 -0.055690117 0.998147905 -0.024482371 0.046864047 0.352938652 0.042617194 0.934675395 -0.501475180
0 0.487544301 0.866745439 0.500000000 0.500000000 0.000000000 0.000000000 0.932833970 0.044024698 -0.357606739 -0.185534385 -0.056411538 0.998112440 -0.024275264 0.046833038 0.355863035 0.042817935 0.933556736 -0.516767920
0 0.487544301 0.866745439 0.500000000 0.500000000 0.000000000 0.000000000 0.931462944 0.044477146 -0.361107469 -0.187986071 -0.057110976 0.998070002 -0.024384575 0.047613699 0.359325975 0.043336529 0.932205319 -0.531744206
0 0.487544301 0.866745439 0.500000000 0.500000000 0.000000000 0.000000000 0.930159390 0.044884522 -0.364402145 -0.191513299 -0.057534419 0.998056769 -0.023926524 0.046306526 0.362620085 0.043221146 0.930934250 -0.546037134
0 0.487544301 0.866745439 0.500000000 0.500000000 0.000000000 0.000000000 0.928946555 0.045421839 -0.367416859 -0.196055086 -0.058383420 0.998000026 -0.024234274 0.049424876 0.365581244 0.043963399 0.929740608 -0.560892356
0 0.487544301 0.866745439 0.500000000 0.500000000 0.000000000 0.000000000 0.927894354 0.046171635 -0.369973272 -0.201693577 -0.059293151 0.997948050 -0.024166308 0.050564139 0.368098319 0.044360664 0.928728044 -0.575881722
0 0.487544301 0.866745439 0.500000000 0.500000000 0.000000000 0.000000000 0.926908791 0.047055840 -0.372324914 -0.207594730 -0.060328990 0.997888207 -0.024073072 0.051987795 0.370405853 0.044775527 0.927790225 -0.591772127
0 0.487544301 0.866745439 0.500000000 0.500000000 0.000000000 0.000000000 0.925982356 0.047669612 -0.374545515 -0.213428518 -0.061058328 0.997846723 -0.023954278 0.053634072 0.372597098 0.045050360 0.926899076 -0.606586809
0 0.487544301 0.866745439 0.500000000 0.500000000 0.000000000 0.000000000 0.925207019 0.048238944 -0.376384169 -0.220567465 -0.061643455 0.997818112 -0.023644095 0.053782239 0.374422371 0.045077302 0.926161945 -0.622502574
0 0.487544301 0.866745439 0.500000000 0.500000000 0.000000000 0.000000000 0.924134970 0.049040236 -0.378905803 -0.222797086 -0.062840618 0.997731745 -0.024133207 0.058510579 0.376862854 0.046113014 0.925120533 -0.636986493
0 0.487544301 0.866745439 0.500000000 0.500000000 0.000000000 0.000000000 0.923232079 0.049688805 -0.381016433 -0.227300123 -0.063567251 0.997690916 -0.023918277 0.059743444 0.378948152 0.046302285 0.924258828 -0.652342219
0 0.487544301 0.866745439 0.500000000 0.500000000 0.000000000 0.000000000 0.922443569 0.050173484 -0.382858306 -0.232746564 -0.064108536 0.997661054 -0.023717329 0.060511212 0.380772829 0.046422381 0.923502564 -0.667786244
0 0.487544301 0.866745439 0.500000000 0.500000000 0.000000000 0.000000000 0.921673179 0.050833233 -0.384622633 -0.237322330 -0.064875335 0.997613966 -0.023612516 0.062709974 0.382504612 0.046715543 0.922771871 -0.683386165
0 0.487544301 0.866745439 0.500000000 0.500000000 0.000000000 0.000000000 0.921117902 0.051238827 -0.385896921 -0.244216455 -0.065463439 0.997571051 -0.023802143 0.065556358 0.383740008 0.047186721 0.922234774 -0.699874030
0 0.487544301 0.866745439 0.500000000 0.500000000 0.000000000 0.000000000 0.920424521 0.051673330 -0.387490124 -0.248684011 -0.065925755 0.997546136 -0.023570020 0.066588062 0.385321319 0.047240000 0.921572506 -0.714989055
0 0.487544301 0.866745439 0.500000000 0.500000000 0.000000000 0.000000000 0.919747591 0.052062903 -0.389042109 -0.252695373 -0.066455550 0.997509778 -0.023619765 0.068982446 0.386843622 0.047578234 0.920917094 -0.729473945
0 0.487544301 0.866745439 0.500000000 0.500000000 0.000000000 0.000000000 0.919171095 0.052504759 -0.390343070 -0.257708651 -0.066844851 0.997492850 -0.023232730 0.069520080 0.388144612 0.047447279 0.920376301 -0.745011457
0 0.487544301 0.866745439 0.500000000 0.500000000 0.000000000 0.000000000 0.918510914 0.052789889 -0.391855776 -0.260559648 -0.067301258 0.997458756 -0.023379013 0.072308401 0.389625788 0.047846265 0.919729590 -0.759882898
0 0.487544301 0.866745439 0.500000000 0.500000000 0.000000000 0.000000000 0.917995214 0.053309578 -0.392992198 -0.265025862 -0.067918055 0.997417629 -0.023350427 0.075038307 0.390732557 0.048126847 0.919245303 -0.774674485
0 0.487544301 0.866745439 0.500000000 0.500000000 0.000000000 0.000000000 0.917537272 0.053814646 -0.393991500 -0.270103740 -0.068473667 0.997382402 -0.023232389 0.077352402 0.391709924 0.048294626 0.918820441 -0.790319573
0 0.487544301 0.866745439 0.500000000 0.500000000 0.000000000 0.000000000 0.917074382 0.054205272 -0.395014435 -0.274231164 -0.068940282 0.997351170 -0.023193274 0.080077097 0.392710894 0.048502363 0.918382108 -0.805457796
0 0.487544301 0.866745439 0.500000000 0.500000000 0.000000000 0.000000000 0.916680157 0.054448988 -0.395894974 -0.279007766 -0.069144368 0.997343063 -0.022932721 0.081083039 0.393594444 0.048395880 0.918009400 -0.820898151
0 0.487544301 0.866745439 0.500000000 0.500000000 0.000000000 0.000000000 0.916513860 0.054852135 -0.396224141 -0.285707147 -0.069687180 0.997300684 -0.023131333 0.085010045 0.393885791 0.048811931 0.917862415 -0.835941220
0 0.487544301 0.866745439 0.500000000 0.500000000 0.000000000 0.000000000 0.916079521 0.055202477 -0.397178739 -0.288802313 -0.070188358 0.997262061 -0.023281170 0.088400554 0.394806087 0.049204729 0.917445958 -0.850916567
0 0.487544301 0.866745439 0.500000000 0.500000000 0.000000000 0.000000000 0.915701509 0.055378370 -0.398025095 -0.292012395 -0.070446953 0.997242868 -0.023321893 0.090952602 0.395636141 0.049395546 0.917078018 -0.866642387
0 0.487544301 0.866745439 0.500000000 0.500000000 0.000000000 0.000000000 0.915525019 0.055747740 -0.398379385 -0.296995720 -0.070806324 0.997220874 -0.023174269 0.093370597 0.395980328 0.049424402 0.916927934 -0.881438688
0 0.487544301 0.866745439 0.500000000 0.500000000 0.000000000 0.000000000 0.915283740 0.056013536 -0.398896188 -0.300930784 -0.071144670 0.997195780 -0.023216819 0.096232303 0.396477133 0.049629316 0.916702151 -0.896265071
0 0.487544301 0.866745439 0.500000000 0.500000000 0.000000000 0.000000000 0.915082872 0.056070644 -0.399348766 -0.304326660 -0.071194664 0.997194290 -0.023126874 0.098362253 0.396931589 0.049594507 0.916507363 -0.911093101
0 0.487544301 0.866745439 0.500000000 0.500000000 0.000000000 0.000000000 0.914992154 0.056201112 -0.399538159 -0.308821858 -0.071204066 0.997201264 -0.022794673 0.100033773 0.397138894 0.049305692 0.916433096 -0.925956403
0 0.487544301 0.866745439 0.500000000 0.500000000 0.000000000 0.000000000 0.914773166 0.056339338 -0.400019884 -0.311593968 -0.071346425 0.997193038 -0.022710375 0.102298330 0.397617549 0.049314830 0.916225076 -0.940300718
0 0.487544301 0.866745439 0.500000000 0.500000000 0.000000000 0.000000000 0.914721489 0.056545917 -0.400108993 -0.315682306 -0.071446002 0.997192740 -0.022408929 0.104028068 0.397718638 0.049084116 0.916193545 -0.955206719
0 0.487544301 0.866745439 0.500000000 0.500000000 0.000000000 0.000000000 0.914822280 0.056647360 -0.399864137 -0.321143351 -0.071358658 0.997208416 -0.021985628 0.105274969 0.397502452 0.048646707 0.916310728 -0.969817602
0 0.487544301 0.866745439 0.500000000 0.500000000 0.000000000 0.000000000 0.914889574 0.056848306 -0.399681598 -0.325593434 -0.071470775 0.997205257 -0.021763407 0.106994944 0.397327363 0.048476666 0.916395664 -0.984229261
0 0.487544301 0.866745439 0.500000000 0.500000000 0.000000000 0.000000000 0.914931715 0.056895763 -0.399578333 -0.329093687 -0.071401231 0.997215986 -0.021497374 0.108828040 0.397242814 0.048199013 0.916446924 -0.998442513
0 0.487544301 0.866745439 0.500000000 0.500000000 0.000000000 0.000000000 0.915143192 0.056798071 -0.399107665 -0.334306827 -0.071089827 0.997247040 -0.021086210 0.110225245 0.396811277 0.047669396 0.916661561 -1.012816720
0 0.487544301 0.866745439 0.500000000 0.500000000 0.000000000 0.000000000 0.915491104 0.056700502 -0.398322880 -0.340593079 -0.070769459 0.997278035 -0.020693377 0.111323639 0.396065325 0.047133695 0.917011797 -1.027097234
0 0.487544301 0.866745439 0.500000000 0.500000000 0.000000000 0.000000000 0.915878415 0.056680601 -0.397434354 -0.346617897 -0.070623778 0.997291923 -0.020520840 0.113786355 0.395194948 0.046862911 0.917401135 -1.040726085
0 0.487544301 0.866745439 0.500000000 0.500000000 0.000000000 0.000000000 0.916300535 0.056571495 -0.396475703 -0.352729669 -0.070338733 0.997317433 -0.020257687 0.115133671 0.394266129 0.046449728 0.917821705 -1.054674056
0 0.487544301 0.866745439 0.500000000 0.500000000 0.000000000 0.000000000 0.916715443 0.056475528 -0.395529181 -0.358001546 -0.070063151 0.997342467 -0.019979639 0.116850978 0.393349677 0.046027664 0.918236077 -1.067843679
0 0.487544301 0.866745439 0.500000000 0.500000000 0.000000000 0.000000000 0.917284250 0.056180380 -0.394250423 -0.364609478 -0.069558866 0.997383058 -0.019713091 0.118300520 0.392111182 0.045506120 0.918791592 -1.081328570
0 0.487544301 0.866745439 0.500000000 0.500000000 0.000000000 0.000000000 0.917878568 0.055909082 -0.392903417 -0.371311788 -0.069080934 0.997421384 -0.019452613 0.120029428 0.390802681 0.044997271 0.919373989 -1.094441613
