0 0.493041010 0.876517420 0.500000000 0.500000000 0.000000000 0.000000000 0.998510361 0.000938601 -0.054554828 -0.849626241 -0.000727670 0.999992192 0.003886144 0.438712128 0.054558046 -0.003840657 0.998503208 -2.644489980
0 0.493041010 0.876517420 0.500000000 0.500000000 0.000000000 0.000000000 0.998549759 0.000890314 -0.053828701 -0.862255324 -0.000700119 0.999993443 0.003552090 0.444780574 0.053831514 -0.003509253 0.998543859 -2.671495763
0 0.493041010 0.876517420 0.500000000 0.500000000 0.000000000 0.000000000 0.998581827 0.000725213 -0.053233523 -0.873762245 -0.000560472 0.999994993 0.003109554 0.451653361 0.053235512 -0.003075308 0.998577237 -2.698256192
0 0.493041010 0.876517420 0.500000000 0.500000000 0.000000000 0.000000000 0.998591006 0.000625663 -0.053062234 -0.882203933 -0.000470696 0.999995589 0.002932906 0.457160616 0.053063836 -0.002903797 0.998586893 -2.723537817
0 0.493041010 0.876517420 0.500000000 0.500000000 0.000000000 0.000000000 0.998663604 0.000740414 -0.051676400 -0.896899390 -0.000575727 0.999994695 0.003201716 0.460605363 0.051678497 -0.003167686 0.998658776 -2.747401332
0 0.493041010 0.876517420 0.500000000 0.500000000 0.000000000 0.000000000 0.998696864 0.000294852 -0.051033784 -0.907192431 -0.000147702 0.999995828 0.002887129 0.467407320 0.051034424 -0.002875829 0.998692751 -2.771364935
0 0.493041010 0.876517420 0.500000000 0.500000000 0.000000000 0.000000000 0.998759866 0.000268820 -0.049786076 -0.920566283 -0.000111997 0.999995053 0.003152694 0.471535094 0.049786676 -0.003143208 0.998754919 -2.793785010
0 0.493041010 0.876517420 0.500000000 0.500000000 0.000000000 0.000000000 0.998784304 0.000155316 -0.049293589 -0.930151993 -0.000004341 0.999995291 0.003062861 0.476953387 0.049293835 -0.003058923 0.998779655 -2.817206524
0 0.493041010 0.876517420 0.500000000 0.500000000 0.000000000 0.000000000 0.998784781 0.000071818 -0.049284309 -0.938585468 0.000096105 0.999994218 0.003404845 0.480393564 0.049284264 -0.003405444 0.998778999 -2.841278511
0 0.493041010 0.876517420 0.500000000 0.500000000 0.000000000 0.000000000 0.998782694 -0.000043953 -0.049326777 -0.946551125 0.000211118 0.999994278 0.003383720 0.486311316 0.049326345 -0.003390015 0.998776972 -2.864897905
0 0.493041010 0.876517420 0.500000000 0.500000000 0.000000000 0.000000000 0.998806238 -0.000094964 -0.048847694 -0.953784124 0.000284847 0.999992430 0.003880291 0.488528699 0.048846956 -0.003889573 0.998798728 -2.887532617
0 0.493041010 0.876517420 0.500000000 0.500000000 0.000000000 0.000000000 0.998873115 -0.000171283 -0.047460046 -0.964387575 0.000338498 0.999993742 0.003515273 0.494719271 0.047459148 -0.003527377 0.998866975 -2.910619391
0 0.493041010 0.876517420 0.500000000 0.500000000 0.000000000 0.000000000 0.998939395 -0.000606901 -0.046040077 -0.975887110 0.000760415 0.999994218 0.003316925 0.499674835 0.046037797 -0.003348417 0.998934090 -2.933194154
0 0.493041010 0.876517420 0.500000000 0.500000000 0.000000000 0.000000000 0.998975098 -0.000785622 -0.045255773 -0.984532128 0.000938138 0.999993980 0.003348948 0.502465259 0.045252871 -0.003387972 0.998969793 -2.957902616
0 0.493041010 0.876517420 0.500000000 0.500000000 0.000000000 0.000000000 0.998990774 -0.000951428 -0.044906165 -0.991323621 0.001117043 0.999992669 0.003663064 0.504114052 0.044902351 -0.003709530 0.998984516 -2.982745391
0 0.493041010 0.876517420 0.500000000 0.500000000 0.000000000 0.000000000 0.999009371 -0.001273247 -0.044482715 -0.998167825 0.001424403 0.999993324 0.003366551 0.507849822 0.044478130 -0.003426577 0.999004483 -3.008490845
0 0.493041010 0.876517420 0.500000000 0.500000000 0.000000000 0.000000000 0.999045312 -0.001342110 -0.043665424 -1.007225006 0.001499498 0.999992490 0.003571868 0.508508517 0.043660302 -0.003633934 0.999039829 -3.033497871
0 0.493041010 0.876517420 0.500000000 0.500000000 0.000000000 0.000000000 0.999018192 -0.001591946 -0.044273749 -1.008372589 0.001734870 0.999993384 0.003189946 0.511446731 0.044268377 -0.003263623 0.999014318 -3.061995188
0 0.493041010 0.876517420 0.500000000 0.500000000 0.000000000 0.000000000 0.999031305 -0.001849572 -0.043966461 -1.014785986 0.001996718 0.999992549 0.003303085 0.512632007 0.043960024 -0.003387674 0.999027550 -3.089124032
0 0.493041010 0.876517420 0.500000000 0.500000000 0.000000000 0.000000000 0.999058485 -0.001900796 -0.043341659 -1.021737980 0.002064503 0.999990880 0.003732688 0.512250200 0.043334167 -0.003818653 0.999053359 -3.117696527
0 0.493041010 0.876517420 0.500000000 0.500000000 0.000000000 0.000000000 0.999104977 -0.002098541 -0.042247131 -1.030789033 0.002258621 0.999990463 0.003741767 0.514996328 0.042238876 -0.003833839 0.999100208 -3.146016155
0 0.493041010 0.876517420 0.500000000 0.500000000 0.000000000 0.000000000 0.999109924 -0.002330812 -0.042118512 -1.034737516 0.002500736 0.999988973 0.003982179 0.516602406 0.042108763 -0.004083962 0.999104679 -3.175552804
0 0.493041010 0.876517420 0.500000000 0.500000000 0.000000000 0.000000000 0.999155939 -0.002404189 -0.041007437 -1.044136230 0.002559975 0.999989688 0.003746868 0.521445317 0.040998004 -0.003848684 0.999151826 -3.203588912
0 0.493041010 0.876517420 0.500000000 0.500000000 0.000000000 0.000000000 0.999168158 -0.002647513 -0.040693097 -1.048392409 0.002794128 0.999989808 0.003546504 0.525418511 0.040683292 -0.003657256 0.999165416 -3.232468169
0 0.493041010 0.876517420 0.500000000 0.500000000 0.000000000 0.000000000 0.999181926 -0.002771057 -0.040345676 -1.053585890 0.002911668 0.999989867 0.003426798 0.529227354 0.040335774 -0.003541467 0.999179900 -3.262188319
0 0.493041010 0.876517420 0.500000000 0.500000000 0.000000000 0.000000000 0.999209344 -0.002880036 -0.039653763 -1.058352905 0.003011333 0.999990165 0.003251747 0.533432623 0.039644010 -0.003368587 0.999208212 -3.290138903
0 0.493041010 0.876517420 0.500000000 0.500000000 0.000000000 0.000000000 0.999270380 -0.003074394 -0.038069412 -1.067329057 0.003208836 0.999988854 0.003470900 0.535100183 0.038058318 -0.003590526 0.999269068 -3.317260814
0 0.493041010 0.876517420 0.500000000 0.500000000 0.000000000 0.000000000 0.999313533 -0.003413287 -0.036889963 -1.075135835 0.003524938 0.999989390 0.002961975 0.540812042 0.036879461 -0.003089976 0.999314964 -3.344878260
0 0.493041010 0.876517420 0.500000000 0.500000000 0.000000000 0.000000000 0.999333799 -0.003633516 -0.036313966 -1.079311316 0.003736449 0.999989212 0.002767072 0.544628809 0.036303520 -0.002900914 0.999336600 -3.372265852
0 0.493041010 0.876517420 0.500000000 0.500000000 0.000000000 0.000000000 0.999348521 -0.003702607 -0.035900038 -1.084043348 0.003807467 0.999988675 0.002852966 0.547657734 0.035889070 -0.002987795 0.999351323 -3.400244576
0 0.493041010 0.876517420 0.500000000 0.500000000 0.000000000 0.000000000 0.999344230 -0.003898429 -0.035998981 -1.086004248 0.004006763 0.999987662 0.002937716 0.551144022 0.035987083 -0.003080029 0.999347508 -3.426867002
0 0.493041010 0.876517420 0.500000000 0.500000000 0.000000000 0.000000000 0.999359250 -0.003596060 -0.035611942 -1.090063761 0.003699741 0.999989092 0.002845931 0.555157074 0.035601322 -0.002975863 0.999361634 -3.452654104
0 0.493041010 0.876517420 0.500000000 0.500000000 0.000000000 0.000000000 0.999365985 -0.003780566 -0.035402153 -1.092655344 0.003881566 0.999988616 0.002784636 0.557970278 0.035391219 -0.002920286 0.999369264 -3.478159608
0 0.493041010 0.876517420 0.500000000 0.500000000 0.000000000 0.000000000 0.999397099 -0.004095599 -0.034477755 -1.099259503 0.004178700 0.999988556 0.002338569 0.562644588 0.034467783 -0.002481232 0.999402702 -3.502040768
0 0.493041010 0.876517420 0.500000000 0.500000000 0.000000000 0.000000000 0.999401867 -0.004119853 -0.034336042 -1.102044827 0.004203001 0.999988377 0.002349766 0.564762148 0.034325965 -0.002492675 0.999407589 -3.525980797
0 0.493041010 0.876517420 0.500000000 0.500000000 0.000000000 0.000000000 0.999405801 -0.004288245 -0.034199521 -1.104660810 0.004379446 0.999987066 0.002592260 0.565692428 0.034187961 -0.002740495 0.999411643 -3.550215749
0 0.493041010 0.876517420 0.500000000 0.500000000 0.000000000 0.000000000 0.999444127 -0.004429030 -0.033043250 -1.112371150 0.004525451 0.999985695 0.002843786 0.566278445 0.033030182 -0.002991740 0.999449849 -3.573320947
0 0.493041010 0.876517420 0.500000000 0.500000000 0.000000000 0.000000000 0.999448061 -0.004724507 -0.032882854 -1.115984553 0.004818053 0.999984562 0.002766181 0.568289513 0.032869279 -0.002923086 0.999455392 -3.597496887
0 0.493041010 0.876517420 0.500000000 0.500000000 0.000000000 0.000000000 0.999454677 -0.004569585 -0.032702919 -1.120482046 0.004675014 0.999984145 0.003148104 0.568051217 0.032688014 -0.003299274 0.999460161 -3.621707474
0 0.493041010 0.876517420 0.500000000 0.500000000 0.000000000 0.000000000 0.999465048 -0.004635490 -0.032374870 -1.124793718 0.004738134 0.999983966 0.003094476 0.569624074 0.032360006 -0.003246217 0.999471009 -3.645845255
0 0.493041010 0.876517420 0.500000000 0.500000000 0.000000000 0.000000000 0.999503613 -0.004806484 -0.031135794 -1.134613907 0.004901517 0.999983549 0.002976601 0.571405078 0.031120975 -0.003127736 0.999510705 -3.668006026
0 0.493041010 0.876517420 0.500000000 0.500000000 0.000000000 0.000000000 0.999508739 -0.005043302 -0.030933639 -1.140570233 0.005131120 0.999983013 0.002760223 0.573580797 0.030919192 -0.002917591 0.999517620 -3.692240685
0 0.493041010 0.876517420 0.500000000 0.500000000 0.000000000 0.000000000 0.999507010 -0.004802743 -0.031027291 -1.144861100 0.004891338 0.999984145 0.002780121 0.574969580 0.031013448 -0.002930515 0.999514699 -3.717262431
0 0.493041010 0.876517420 0.500000000 0.500000000 0.000000000 0.000000000 0.999527335 -0.004698024 -0.030382344 -1.153663007 0.004785109 0.999984622 0.002794218 0.576189687 0.030368751 -0.002938280 0.999534428 -3.741891096
0 0.493041010 0.876517420 0.500000000 0.500000000 0.000000000 0.000000000 0.999530017 -0.004735422 -0.030286331 -1.159454155 0.004826808 0.999984026 0.002945024 0.575607591 0.030271901 -0.003089826 0.999536932 -3.768252309
0 0.493041010 0.876517420 0.500000000 0.500000000 0.000000000 0.000000000 0.999544859 -0.004452773 -0.029836770 -1.168238640 0.004534022 0.999986172 0.002656016 0.578563159 0.029824533 -0.002790088 0.999551237 -3.793881973
0 0.493041010 0.876517420 0.500000000 0.500000000 0.000000000 0.000000000 0.999550939 -0.004320080 -0.029651562 -1.175571148 0.004400159 0.999986827 0.002635948 0.580817746 0.029639784 -0.002765236 0.999556839 -3.820991618
0 0.493041010 0.876517420 0.500000000 0.500000000 0.000000000 0.000000000 0.999563634 -0.004258140 -0.029230086 -1.184060844 0.004348452 0.999985993 0.003026858 0.581623059 0.029216787 -0.003152642 0.999568105 -3.848888226
0 0.493041010 0.876517420 0.500000000 0.500000000 0.000000000 0.000000000 0.999576986 -0.004359999 -0.028755326 -1.193105228 0.004465467 0.999983549 0.003604575 0.581959444 0.028739136 -0.003731456 0.999579966 -3.877112913
0 0.493041010 0.876517420 0.500000000 0.500000000 0.000000000 0.000000000 0.999588311 -0.004117983 -0.028394522 -1.201864289 0.004227110 0.999983907 0.003784268 0.584573919 0.028378481 -0.003902737 0.999589622 -3.905615128
0 0.493041010 0.876517420 0.500000000 0.500000000 0.000000000 0.000000000 0.999601424 -0.004133761 -0.027925817 -1.211273175 0.004224916 0.999985933 0.003205974 0.590970792 0.027912172 -0.003322680 0.999604881 -3.932981981
0 0.493041010 0.876517420 0.500000000 0.500000000 0.000000000 0.000000000 0.999616444 -0.004143456 -0.027382353 -1.221471522 0.004213196 0.999988019 0.002489718 0.598625377 0.027371710 -0.002604130 0.999621928 -3.960434014
0 0.493041010 0.876517420 0.500000000 0.500000000 0.000000000 0.000000000 0.999630928 -0.004005668 -0.026869034 -1.231327320 0.004061989 0.999989688 0.002041912 0.605660418 0.026860576 -0.002150300 0.999636889 -3.987564165
0 0.493041010 0.876517420 0.500000000 0.500000000 0.000000000 0.000000000 0.999651492 -0.004136574 -0.026071619 -1.242136511 0.004198948 0.999988437 0.002338157 0.609044647 0.026061647 -0.002446815 0.999657333 -4.015974514
0 0.493041010 0.876517420 0.500000000 0.500000000 0.000000000 0.000000000 0.999668539 -0.003531277 -0.025502095 -1.253093944 0.003610632 0.999988794 0.003066346 0.611598499 0.025490981 -0.003157408 0.999670088 -4.042787124
0 0.493041010 0.876517420 0.500000000 0.500000000 0.000000000 0.000000000 0.999683261 -0.003576495 -0.024911342 -1.263476092 0.003659473 0.999987900 0.003286138 0.615302264 0.024899287 -0.003376259 0.999684274 -4.068934116
0 0.493041010 0.876517420 0.500000000 0.500000000 0.000000000 0.000000000 0.999701500 -0.003887285 -0.024120865 -1.275001931 0.003959500 0.999987841 0.002946831 0.621576869 0.024109116 -0.003041458 0.999704719 -4.093072550
0 0.493041010 0.876517420 0.500000000 0.500000000 0.000000000 0.000000000 0.999704480 -0.003650664 -0.024033749 -1.281803521 0.003725159 0.999988377 0.003055567 0.624551241 0.024022315 -0.003144193 0.999706507 -4.119642855
0 0.493041010 0.876517420 0.500000000 0.500000000 0.000000000 0.000000000 0.999711990 -0.003581880 -0.023729129 -1.289679954 0.003651036 0.999989212 0.002871721 0.629881725 0.023718586 -0.002957530 0.999714315 -4.143952622
0 0.493041010 0.876517420 0.500000000 0.500000000 0.000000000 0.000000000 0.999727130 -0.003575368 -0.023085456 -1.299556240 0.003650380 0.999988198 0.003208016 0.633178087 0.023073714 -0.003291411 0.999728322 -4.167103729
0 0.493041010 0.876517420 0.500000000 0.500000000 0.000000000 0.000000000 0.999734640 -0.003682922 -0.022740670 -1.306213715 0.003768163 0.999986053 0.003706681 0.634548023 0.022726702 -0.003791388 0.999734521 -4.190886974
0 0.493041010 0.876517420 0.500000000 0.500000000 0.000000000 0.000000000 0.999755681 -0.003820989 -0.021770054 -1.317065328 0.003896408 0.999986529 0.003423020 0.641090074 0.021756683 -0.003507009 0.999757171 -4.211789232
0 0.493041010 0.876517420 0.500000000 0.500000000 0.000000000 0.000000000 0.999760985 -0.003354347 -0.021602409 -1.321417718 0.003434262 0.999987364 0.003663349 0.642789569 0.021589847 -0.003736662 0.999759912 -4.234949203
0 0.493041010 0.876517420 0.500000000 0.500000000 0.000000000 0.000000000 0.999779224 -0.003631318 -0.020695437 -1.331265128 0.003694746 0.999988616 0.003027420 0.649541848 0.020684207 -0.003103216 0.999781251 -4.256057452
0 0.493041010 0.876517420 0.500000000 0.500000000 0.000000000 0.000000000 0.999793053 -0.004085352 -0.019929854 -1.340266285 0.004129800 0.999989092 0.002189618 0.657354435 0.019920692 -0.002271471 0.999798954 -4.276117143
0 0.493041010 0.876517420 0.500000000 0.500000000 0.000000000 0.000000000 0.999804974 -0.003759322 -0.019387197 -1.347430045 0.003810402 0.999989390 0.002598446 0.657975515 0.019377222 -0.002671812 0.999808669 -4.298364560
0 0.493041010 0.876517420 0.500000000 0.500000000 0.000000000 0.000000000 0.999816597 -0.003912187 -0.018747108 -1.355767953 0.003956398 0.999989450 0.002321772 0.663153414 0.018737826 -0.002395517 0.999821544 -4.319248132
0 0.493041010 0.876517420 0.500000000 0.500000000 0.000000000 0.000000000 0.999829173 -0.003899176 -0.018068288 -1.362962449 0.003952057 0.999988019 0.002891930 0.662024758 0.018056793 -0.002962843 0.999832571 -4.340599252
0 0.493041010 0.876517420 0.500000000 0.500000000 0.000000000 0.000000000 0.999841690 -0.004268368 -0.017273556 -1.371637729 0.004314538 0.999987245 0.002636474 0.665218747 0.017262083 -0.002710584 0.999847353 -4.361957492
0 0.493041010 0.876517420 0.500000000 0.500000000 0.000000000 0.000000000 0.999851942 -0.003977139 -0.016740307 -1.378244548 0.004022166 0.999988377 0.002656922 0.666762462 0.016729547 -0.002723861 0.999856353 -4.383906382
0 0.493041010 0.876517420 0.500000000 0.500000000 0.000000000 0.000000000 0.999857903 -0.004259518 -0.016310886 -1.384513648 0.004303437 0.999987185 0.002658486 0.667592156 0.016299354 -0.002728301 0.999863446 -4.407175801
0 0.493041010 0.876517420 0.500000000 0.500000000 0.000000000 0.000000000 0.999862432 -0.004196434 -0.016046965 -1.389737610 0.004242508 0.999986947 0.002838192 0.668440732 0.016034845 -0.002905881 0.999867201 -4.431220665
0 0.493041010 0.876517420 0.500000000 0.500000000 0.000000000 0.000000000 0.999865294 -0.004466180 -0.015793601 -1.395785367 0.004519360 0.999984205 0.003333097 0.667545218 0.015778465 -0.003404025 0.999869704 -4.454812904
0 0.493041010 0.876517420 0.500000000 0.500000000 0.000000000 0.000000000 0.999872148 -0.004148547 -0.015443487 -1.401602721 0.004214343 0.999982178 0.004230357 0.664362560 0.015425663 -0.004294901 0.999871790 -4.479716608
0 0.493041010 0.876517420 0.500000000 0.500000000 0.000000000 0.000000000 0.999877036 -0.004601928 -0.014992732 -1.408888600 0.004658723 0.999982119 0.003755455 0.668662955 0.014975181 -0.003824840 0.999880552 -4.502738252
0 0.493041010 0.876517420 0.500000000 0.500000000 0.000000000 0.000000000 0.999882340 -0.004660866 -0.014612785 -1.415639430 0.004707625 0.999983907 0.003167074 0.673774825 0.014597788 -0.003235493 0.999888241 -4.526450703
0 0.493041010 0.876517420 0.500000000 0.500000000 0.000000000 0.000000000 0.999887109 -0.004702011 -0.014272693 -1.422188745 0.004745891 0.999984086 0.003042086 0.675234335 0.014258161 -0.003109479 0.999893486 -4.550565602
0 0.493041010 0.876517420 0.500000000 0.500000000 0.000000000 0.000000000 0.999897003 -0.004607259 -0.013591550 -1.430622965 0.004646618 0.999985099 0.002865682 0.678555450 0.013578145 -0.002928542 0.999903500 -4.575528767
0 0.493041010 0.876517420 0.500000000 0.500000000 0.000000000 0.000000000 0.999900818 -0.004753754 -0.013256057 -1.436570168 0.004785145 0.999985814 0.002337382 0.686028506 0.013244757 -0.002400582 0.999909401 -4.600198942
0 0.493041010 0.876517420 0.500000000 0.500000000 0.000000000 0.000000000 0.999896824 -0.004785232 -0.013546057 -1.438609543 0.004831904 0.999982476 0.003414782 0.683491152 0.013529480 -0.003479882 0.999902427 -4.627482420
0 0.493041010 0.876517420 0.500000000 0.500000000 0.000000000 0.000000000 0.999909818 -0.004552696 -0.012632413 -1.448451482 0.004594613 0.999984026 0.003291205 0.690868992 0.012617228 -0.003348949 0.999914765 -4.649958929
