0 0.505246358 0.898215728 0.500000000 0.500000000 0.000000000 0.000000000 0.929500520 0.017926330 -0.368384898 0.011127808 -0.018222390 0.999830365 0.002675374 0.040725773 0.368370354 0.004226092 0.929669499 0.185624888
0 0.505246358 0.898215728 0.500000000 0.500000000 0.000000000 0.000000000 0.921757817 0.018856104 -0.387307286 0.009363017 -0.019787120 0.999802947 0.001583898 0.042878124 0.387260854 0.006203725 0.921949327 0.194648788
0 0.505246358 0.898215728 0.500000000 0.500000000 0.000000000 0.000000000 0.913780272 0.019690823 -0.405731261 0.006839580 -0.021958139 0.999758482 -0.000933739 0.045627271 0.405614883 0.009762336 0.913991928 0.204205198
0 0.505246358 0.898215728 0.500000000 0.500000000 0.000000000 0.000000000 0.905784786 0.020474408 -0.423243135 0.003063437 -0.023963474 0.999708533 -0.002923400 0.047932855 0.423059940 0.012790347 0.906011403 0.213360744
0 0.505246358 0.898215728 0.500000000 0.500000000 0.000000000 0.000000000 0.897500396 0.020774662 -0.440524101 -0.000356627 -0.025337044 0.999668956 -0.004476991 0.051724239 0.440285265 0.015179680 0.897729635 0.221697471
0 0.505246358 0.898215728 0.500000000 0.500000000 0.000000000 0.000000000 0.889083683 0.021369066 -0.457245618 -0.004234908 -0.026551004 0.999635398 -0.004909372 0.054393276 0.456974000 0.016505172 0.889326930 0.230248460
0 0.505246358 0.898215728 0.500000000 0.500000000 0.000000000 0.000000000 0.880643964 0.021745700 -0.473279327 -0.008282598 -0.028100383 0.999584854 -0.006359373 0.057519051 0.472944587 0.018899674 0.880889475 0.238346160
0 0.505246358 0.898215728 0.500000000 0.500000000 0.000000000 0.000000000 0.872163713 0.022483516 -0.488697201 -0.013284877 -0.030371442 0.999504864 -0.008218760 0.061089078 0.488270432 0.022010542 0.872414768 0.247724032
0 0.505246358 0.898215728 0.500000000 0.500000000 0.000000000 0.000000000 0.863668263 0.023197804 -0.503526568 -0.018365592 -0.032231130 0.999437749 -0.009239318 0.063110961 0.503029168 0.024208937 0.863930345 0.254838099
0 0.505246358 0.898215728 0.500000000 0.500000000 0.000000000 0.000000000 0.855227351 0.023526043 -0.517718732 -0.023870877 -0.033626463 0.999383092 -0.010134349 0.066865532 0.517160892 0.026076222 0.855490863 0.262348646
0 0.505246358 0.898215728 0.500000000 0.500000000 0.000000000 0.000000000 0.846668959 0.023898281 -0.531583011 -0.030281355 -0.034746807 0.999341905 -0.010415098 0.070751809 0.530984282 0.027288953 0.846942127 0.270145507
0 0.505246358 0.898215728 0.500000000 0.500000000 0.000000000 0.000000000 0.838096440 0.024432946 -0.544974685 -0.036487984 -0.036031831 0.999294341 -0.010610485 0.074401179 0.544330835 0.028529044 0.838385344 0.277760929
0 0.505246358 0.898215728 0.500000000 0.500000000 0.000000000 0.000000000 0.829535186 0.024835991 -0.557901919 -0.043225546 -0.037671633 0.999223650 -0.011531120 0.078113353 0.557182431 0.030582547 0.829826772 0.285262874
0 0.505246358 0.898215728 0.500000000 0.500000000 0.000000000 0.000000000 0.820818543 0.025336286 -0.570626855 -0.050568867 -0.039546657 0.999139249 -0.012523335 0.081771648 0.569818377 0.032845769 0.821114004 0.292715475
0 0.505246358 0.898215728 0.500000000 0.500000000 0.000000000 0.000000000 0.811951458 0.025694404 -0.583159208 -0.058065195 -0.041304141 0.999055564 -0.013490007 0.085521232 0.582261801 0.035040122 0.812245905 0.299641984
0 0.505246358 0.898215728 0.500000000 0.500000000 0.000000000 0.000000000 0.802875102 0.026064562 -0.595577180 -0.065538737 -0.042728629 0.998990297 -0.013881507 0.088813858 0.594614029 0.036593314 0.803178132 0.305152198
0 0.505246358 0.898215728 0.500000000 0.500000000 0.000000000 0.000000000 0.793609798 0.026509989 -0.607849300 -0.073558334 -0.044177271 0.998924017 -0.014112132 0.092241906 0.606821120 0.038052648 0.793927014 0.311202398
0 0.505246358 0.898215728 0.500000000 0.500000000 0.000000000 0.000000000 0.784337878 0.026861180 -0.619751990 -0.081450434 -0.045887735 0.998837233 -0.014782595 0.096424368 0.618634284 0.040033564 0.784658492 0.316992218
0 0.505246358 0.898215728 0.500000000 0.500000000 0.000000000 0.000000000 0.775008202 0.027171204 -0.631366789 -0.088909648 -0.047621991 0.998745561 -0.015474861 0.100149665 0.630154312 0.042060088 0.775329947 0.321891450
0 0.505246358 0.898215728 0.500000000 0.500000000 0.000000000 0.000000000 0.765380740 0.027693668 -0.642981648 -0.096513973 -0.049611051 0.998639762 -0.016042983 0.103038955 0.641662717 0.044177983 0.765713573 0.326462793
0 0.505246358 0.898215728 0.500000000 0.500000000 0.000000000 0.000000000 0.755747437 0.028348014 -0.654249370 -0.104645332 -0.051708210 0.998526514 -0.016464828 0.106462014 0.652818561 0.046273313 0.756099641 0.330956907
0 0.505246358 0.898215728 0.500000000 0.500000000 0.000000000 0.000000000 0.746251702 0.028732223 -0.665043473 -0.112993037 -0.053560328 0.998420477 -0.016965276 0.110547646 0.663505614 0.048280314 0.746611893 0.335088798
0 0.505246358 0.898215728 0.500000000 0.500000000 0.000000000 0.000000000 0.736478567 0.029211422 -0.675829828 -0.120968942 -0.055195328 0.998330891 -0.016997639 0.113990641 0.674205303 0.049821045 0.736861646 0.338556383
0 0.505246358 0.898215728 0.500000000 0.500000000 0.000000000 0.000000000 0.726699352 0.029734755 -0.686311841 -0.129054372 -0.056788053 0.998243511 -0.016880538 0.116685448 0.684604406 0.051241387 0.727111518 0.341739361
0 0.505246358 0.898215728 0.500000000 0.500000000 0.000000000 0.000000000 0.717246711 0.029972050 -0.696174443 -0.137383799 -0.058602352 0.998129666 -0.017404186 0.120121816 0.694350719 0.053280555 0.717661619 0.344785110
0 0.505246358 0.898215728 0.500000000 0.500000000 0.000000000 0.000000000 0.707756519 0.030226406 -0.705809534 -0.145673636 -0.060654726 0.997995019 -0.018082745 0.122923590 0.703847826 0.055608865 0.708170831 0.347529614
0 0.505246358 0.898215728 0.500000000 0.500000000 0.000000000 0.000000000 0.698568702 0.030508222 -0.714892328 -0.153349818 -0.062799498 0.997849405 -0.018782062 0.125584718 0.712781847 0.058015436 0.698982298 0.349745597
0 0.505246358 0.898215728 0.500000000 0.500000000 0.000000000 0.000000000 0.689682245 0.030550858 -0.723467410 -0.160400789 -0.064467669 0.997732699 -0.019324459 0.128482279 0.721236706 0.059967991 0.690088034 0.350880578
0 0.505246358 0.898215728 0.500000000 0.500000000 0.000000000 0.000000000 0.681178033 0.030859694 -0.731467128 -0.168708636 -0.065838933 0.997645080 -0.019223025 0.131243258 0.729151368 0.061253317 0.681605697 0.352993128
0 0.505246358 0.898215728 0.500000000 0.500000000 0.000000000 0.000000000 0.672688544 0.030857882 -0.739282012 -0.175195120 -0.067039497 0.997562408 -0.019362081 0.134441657 0.736882508 0.062585741 0.673117518 0.353672156
0 0.505246358 0.898215728 0.500000000 0.500000000 0.000000000 0.000000000 0.664682746 0.030785998 -0.746491194 -0.181409539 -0.068390407 0.997462928 -0.019759146 0.137272214 0.743988991 0.064186402 0.665101826 0.354221281
0 0.505246358 0.898215728 0.500000000 0.500000000 0.000000000 0.000000000 0.657007098 0.030768225 -0.753256261 -0.187635378 -0.070114352 0.997330010 -0.020417430 0.139975024 0.750616848 0.066228472 0.657410204 0.354529095
0 0.505246358 0.898215728 0.500000000 0.500000000 0.000000000 0.000000000 0.649465203 0.030706413 -0.759771109 -0.193929801 -0.071640618 0.997210741 -0.020936996 0.142601637 0.757008970 0.068028323 0.649853468 0.354747645
0 0.505246358 0.898215728 0.500000000 0.500000000 0.000000000 0.000000000 0.642167807 0.030657288 -0.765950799 -0.199631179 -0.073089577 0.997096419 -0.021368867 0.145259871 0.763071716 0.069705419 0.642543972 0.354819320
0 0.505246358 0.898215728 0.500000000 0.500000000 0.000000000 0.000000000 0.635424793 0.030646950 -0.771554351 -0.205466213 -0.074253231 0.997006536 -0.021550180 0.147985365 0.768584251 0.070983924 0.635798335 0.354834452
0 0.505246358 0.898215728 0.500000000 0.500000000 0.000000000 0.000000000 0.628959477 0.030545907 -0.776837766 -0.210878827 -0.075180009 0.996934533 -0.021668501 0.150745126 0.773794472 0.072031282 0.629327893 0.354669287
0 0.505246358 0.898215728 0.500000000 0.500000000 0.000000000 0.000000000 0.622640550 0.030457281 -0.781915009 -0.215469591 -0.076010928 0.996870875 -0.021697383 0.153474126 0.778807461 0.072943754 0.623007357 0.354472636
0 0.505246358 0.898215728 0.500000000 0.500000000 0.000000000 0.000000000 0.616602302 0.030362109 -0.786689103 -0.220436347 -0.076921761 0.996798337 -0.021819593 0.155676120 0.783507884 0.073967524 0.616963685 0.354011527
0 0.505246358 0.898215728 0.500000000 0.500000000 0.000000000 0.000000000 0.610919714 0.030313700 -0.791112006 -0.224927763 -0.078213573 0.996689260 -0.022207821 0.158325115 0.787819624 0.075442888 0.611268044 0.353713033
0 0.505246358 0.898215728 0.500000000 0.500000000 0.000000000 0.000000000 0.605398595 0.030207533 -0.795349002 -0.229645706 -0.079279877 0.996598542 -0.022494713 0.160674168 0.791964173 0.076673441 0.605734229 0.353311852
0 0.505246358 0.898215728 0.500000000 0.500000000 0.000000000 0.000000000 0.600069404 0.030124206 -0.799380541 -0.233767480 -0.080006532 0.996540248 -0.022504285 0.163073956 0.795936942 0.077459797 0.600403488 0.353022575
0 0.505246358 0.898215728 0.500000000 0.500000000 0.000000000 0.000000000 0.595053077 0.029976184 -0.803127170 -0.237436949 -0.080494314 0.996502280 -0.022446075 0.165715162 0.799645245 0.078003779 0.595384657 0.352576193
0 0.505246358 0.898215728 0.500000000 0.500000000 0.000000000 0.000000000 0.590412855 0.029820513 -0.806550264 -0.241319092 -0.080822967 0.996478498 -0.022321513 0.168251968 0.803044379 0.078366697 0.590743899 0.352540410
0 0.505246358 0.898215728 0.500000000 0.500000000 0.000000000 0.000000000 0.585934639 0.029588372 -0.809817970 -0.244537664 -0.081273273 0.996440172 -0.022397356 0.170196431 0.806272447 0.078939945 0.586253524 0.352133985
0 0.505246358 0.898215728 0.500000000 0.500000000 0.000000000 0.000000000 0.581730664 0.029387509 -0.812850416 -0.247663715 -0.081964560 0.996378124 -0.022636665 0.172063023 0.809241176 0.079793371 0.582032442 0.351681398
0 0.505246358 0.898215728 0.500000000 0.500000000 0.000000000 0.000000000 0.577798009 0.029151795 -0.815658987 -0.250514684 -0.082418062 0.996337593 -0.022774180 0.173897073 0.812007844 0.080383912 0.578084528 0.351226939
0 0.505246358 0.898215728 0.500000000 0.500000000 0.000000000 0.000000000 0.574063182 0.028917545 -0.818300247 -0.253247437 -0.082529947 0.996330261 -0.022688463 0.175531075 0.814641237 0.080558889 0.574343085 0.350656904
0 0.505246358 0.898215728 0.500000000 0.500000000 0.000000000 0.000000000 0.570427597 0.028659256 -0.820847750 -0.255820254 -0.082682945 0.996317983 -0.022672785 0.177096588 0.817175567 0.080803290 0.570696890 0.350207123
0 0.505246358 0.898215728 0.500000000 0.500000000 0.000000000 0.000000000 0.566947520 0.028474979 -0.823261619 -0.258117168 -0.082942769 0.996296644 -0.022659473 0.178182626 0.819567561 0.081130333 0.567209721 0.349920068
0 0.505246358 0.898215728 0.500000000 0.500000000 0.000000000 0.000000000 0.563732266 0.028406311 -0.825468957 -0.260553373 -0.083330572 0.996265113 -0.022624617 0.179192352 0.821743250 0.081541032 0.563993931 0.349495924
0 0.505246358 0.898215728 0.500000000 0.500000000 0.000000000 0.000000000 0.560678005 0.028203215 -0.827553511 -0.262339996 -0.083446637 0.996256292 -0.022583509 0.180149495 0.823818445 0.081718631 0.560932457 0.349012425
0 0.505246358 0.898215728 0.500000000 0.500000000 0.000000000 0.000000000 0.557875097 0.028111028 -0.829448700 -0.264253745 -0.083604239 0.996245742 -0.022467008 0.181015896 0.825703144 0.081879206 0.558130860 0.348544267
0 0.505246358 0.898215728 0.500000000 0.500000000 0.000000000 0.000000000 0.555226326 0.027975779 -0.831228673 -0.265750313 -0.083722889 0.996237397 -0.022394121 0.181463255 0.827474594 0.082026675 0.555479467 0.348195696
0 0.505246358 0.898215728 0.500000000 0.500000000 0.000000000 0.000000000 0.552662075 0.027874036 -0.832939208 -0.267324681 -0.083892308 0.996224701 -0.022324912 0.181959032 0.829172313 0.082215324 0.552914023 0.347733419
0 0.505246358 0.898215728 0.500000000 0.500000000 0.000000000 0.000000000 0.550177693 0.027692640 -0.834588289 -0.268674214 -0.083986066 0.996217132 -0.022309655 0.182401726 0.830813348 0.082368061 0.550422251 0.347177892
0 0.505246358 0.898215728 0.500000000 0.500000000 0.000000000 0.000000000 0.547770083 0.027580773 -0.836174190 -0.269927505 -0.084092945 0.996209919 -0.022229051 0.183056677 0.832391918 0.082492761 0.548013330 0.346619797
0 0.505246358 0.898215728 0.500000000 0.500000000 0.000000000 0.000000000 0.545399308 0.027538734 -0.837723792 -0.270827301 -0.084207639 0.996203661 -0.022074822 0.183484328 0.833935618 0.082582340 0.545647800 0.346190052
0 0.505246358 0.898215728 0.500000000 0.500000000 0.000000000 0.000000000 0.543192863 0.027563035 -0.839155436 -0.271700165 -0.084433921 0.996187627 -0.021933893 0.184114949 0.835351706 0.082767516 0.543449223 0.345690582
0 0.505246358 0.898215728 0.500000000 0.500000000 0.000000000 0.000000000 0.541081727 0.027629800 -0.840516031 -0.272356606 -0.084617168 0.996176660 -0.021725509 0.184554503 0.836702168 0.082877360 0.541350961 0.345295587
0 0.505246358 0.898215728 0.500000000 0.500000000 0.000000000 0.000000000 0.539075971 0.027559306 -0.841806114 -0.273174790 -0.084705070 0.996171236 -0.021630494 0.184908132 0.837986946 0.082965732 0.539346397 0.344886938
0 0.505246358 0.898215728 0.500000000 0.500000000 0.000000000 0.000000000 0.537118554 0.027463667 -0.843059540 -0.273831078 -0.084727809 0.996171534 -0.021529147 0.185052344 0.839240670 0.082994290 0.537389100 0.344563141
0 0.505246358 0.898215728 0.500000000 0.500000000 0.000000000 0.000000000 0.535315871 0.027399585 -0.844207406 -0.274513259 -0.084866926 0.996160686 -0.021483136 0.185286938 0.840377629 0.083145551 0.535585940 0.344361351
0 0.505246358 0.898215728 0.500000000 0.500000000 0.000000000 0.000000000 0.533556879 0.027334863 -0.845322371 -0.275314449 -0.084956281 0.996154606 -0.021411072 0.185456492 0.841486514 0.083239473 0.533827364 0.344101122
0 0.505246358 0.898215728 0.500000000 0.500000000 0.000000000 0.000000000 0.531827033 0.027153609 -0.846417546 -0.275927548 -0.084990665 0.996150970 -0.021444786 0.185763955 0.842577338 0.083342507 0.532087803 0.344076929
0 0.505246358 0.898215728 0.500000000 0.500000000 0.000000000 0.000000000 0.530102670 0.027000491 -0.847503483 -0.276490931 -0.084986784 0.996151745 -0.021421902 0.185940807 0.843663692 0.083382405 0.530357420 0.344008990
0 0.505246358 0.898215728 0.500000000 0.500000000 0.000000000 0.000000000 0.528440297 0.026844112 -0.848545969 -0.276922848 -0.084961489 0.996154487 -0.021396825 0.186008001 0.844708502 0.083400667 0.528688848 0.343875997
0 0.505246358 0.898215728 0.500000000 0.500000000 0.000000000 0.000000000 0.526859581 0.026719837 -0.849532247 -0.277147520 -0.085017040 0.996149778 -0.021394227 0.186283309 0.845689714 0.083496466 0.527102709 0.343832680
0 0.505246358 0.898215728 0.500000000 0.500000000 0.000000000 0.000000000 0.525326252 0.026615737 -0.850484550 -0.277358672 -0.085085280 0.996144235 -0.021381248 0.186589231 0.846636176 0.083595850 0.525565326 0.343778573
0 0.505246358 0.898215728 0.500000000 0.500000000 0.000000000 0.000000000 0.523886144 0.026480118 -0.851376593 -0.277132624 -0.085051604 0.996147752 -0.021352768 0.186792463 0.847531438 0.083597362 0.524120152 0.343732156
0 0.505246358 0.898215728 0.500000000 0.500000000 0.000000000 0.000000000 0.522627354 0.026381927 -0.852152944 -0.277236679 -0.085072815 0.996146262 -0.021335514 0.187063066 0.848306119 0.083645575 0.522857666 0.343849643
0 0.505246358 0.898215728 0.500000000 0.500000000 0.000000000 0.000000000 0.521249056 0.026260432 -0.853000462 -0.277004570 -0.085127242 0.996141255 -0.021352148 0.187398426 0.849148273 0.083743364 0.521473169 0.343786310
0 0.505246358 0.898215728 0.500000000 0.500000000 0.000000000 0.000000000 0.520023465 0.026194403 -0.853750229 -0.276562503 -0.085192837 0.996136189 -0.021328351 0.187811344 0.849892795 0.083824649 0.520245790 0.343793664
0 0.505246358 0.898215728 0.500000000 0.500000000 0.000000000 0.000000000 0.518925369 0.026261773 -0.854416013 -0.276032253 -0.085229680 0.996136904 -0.021146050 0.188141871 0.850560009 0.083794825 0.519159019 0.343784887
0 0.505246358 0.898215728 0.500000000 0.500000000 0.000000000 0.000000000 0.517880976 0.026211891 -0.855051041 -0.275259693 -0.085265860 0.996134639 -0.021106333 0.188502438 0.851192713 0.083837226 0.518114150 0.343759176
0 0.505246358 0.898215728 0.500000000 0.500000000 0.000000000 0.000000000 0.516917825 0.026109364 -0.855636716 -0.274384716 -0.085354246 0.996125758 -0.021168940 0.188987238 0.851769090 0.083974831 0.517143726 0.343923331
0 0.505246358 0.898215728 0.500000000 0.500000000 0.000000000 0.000000000 0.515983820 0.025948923 -0.856205165 -0.273616525 -0.085317440 0.996127665 -0.021226196 0.189323139 0.852338910 0.084001608 0.516199708 0.343925181
0 0.505246358 0.898215728 0.500000000 0.500000000 0.000000000 0.000000000 0.515024602 0.025820348 -0.856786430 -0.272552362 -0.085331745 0.996125460 -0.021274433 0.189677468 0.852917433 0.084067933 0.515232444 0.344042359
0 0.505246358 0.898215728 0.500000000 0.500000000 0.000000000 0.000000000 0.514220953 0.025573483 -0.857276380 -0.271497296 -0.085209660 0.996133268 -0.021395661 0.189815103 0.853414416 0.084050328 0.514411688 0.344261660
0 0.505246358 0.898215728 0.500000000 0.500000000 0.000000000 0.000000000 0.513331711 0.025366606 -0.857815266 -0.270247203 -0.085194506 0.996131778 -0.021525102 0.190005580 0.853951097 0.084130667 0.513507187 0.344270779
0 0.505246358 0.898215728 0.500000000 0.500000000 0.000000000 0.000000000 0.512603760 0.025198553 -0.858255446 -0.269205354 -0.085169084 0.996131897 -0.021621665 0.190067292 0.854390800 0.084180184 0.512767076 0.344328753
0 0.505246358 0.898215728 0.500000000 0.500000000 0.000000000 0.000000000 0.511760890 0.024998667 -0.858764112 -0.267619153 -0.085083380 0.996137381 -0.021705894 0.190040749 0.854904413 0.084174789 0.511911154 0.344403398
