0 0.480654119 0.854496275 0.500000000 0.500000000 0.000000000 0.000000000 0.979267240 -0.008438717 0.202396825 -0.074367547 0.007860018 0.999962389 0.003662813 -0.020450941 -0.202420115 -0.001996031 0.979296744 -0.206947581
0 0.480654119 0.854496275 0.500000000 0.500000000 0.000000000 0.000000000 0.977240086 -0.008598386 0.211961985 -0.078309130 0.007957644 0.999960840 0.003875795 -0.020942940 -0.211987004 -0.002100865 0.977270246 -0.214860136
0 0.480654119 0.854496275 0.500000000 0.500000000 0.000000000 0.000000000 0.975218296 -0.009315033 0.221048579 -0.081612888 0.008641283 0.999954581 0.004014836 -0.020294832 -0.221075952 -0.002005198 0.975254536 -0.221853145
0 0.480654119 0.854496275 0.500000000 0.500000000 0.000000000 0.000000000 0.973131657 -0.009277365 0.230062395 -0.084173888 0.008562867 0.999954939 0.004103889 -0.021105544 -0.230090097 -0.002023631 0.973167241 -0.229853955
0 0.480654119 0.854496275 0.500000000 0.500000000 0.000000000 0.000000000 0.971013963 -0.009172975 0.238846689 -0.085107921 0.008339591 0.999955118 0.004499554 -0.021577560 -0.238877237 -0.002377246 0.971046865 -0.238404749
0 0.480654119 0.854496275 0.500000000 0.500000000 0.000000000 0.000000000 0.968645155 -0.009381407 0.248271018 -0.089055454 0.008500058 0.999953210 0.004621672 -0.021164417 -0.248302758 -0.002366442 0.968679607 -0.245655297
0 0.480654119 0.854496275 0.500000000 0.500000000 0.000000000 0.000000000 0.966332674 -0.009951964 0.257103264 -0.092205189 0.009048386 0.999948025 0.004697321 -0.020983745 -0.257136643 -0.002212806 0.966372550 -0.253069989
0 0.480654119 0.854496275 0.500000000 0.500000000 0.000000000 0.000000000 0.964069366 -0.010427881 0.265445828 -0.094963119 0.009531903 0.999943674 0.004663393 -0.020389866 -0.265479505 -0.001965630 0.964114487 -0.261724377
0 0.480654119 0.854496275 0.500000000 0.500000000 0.000000000 0.000000000 0.961765826 -0.010907693 0.273655772 -0.097630888 0.009892900 0.999938130 0.005088013 -0.020718319 -0.273694336 -0.002186227 0.961814225 -0.269819359
0 0.480654119 0.854496275 0.500000000 0.500000000 0.000000000 0.000000000 0.959552050 -0.011073222 0.281313419 -0.099460971 0.010077752 0.999936819 0.004985166 -0.020216748 -0.281350851 -0.001948519 0.959603012 -0.278039435
0 0.480654119 0.854496275 0.500000000 0.500000000 0.000000000 0.000000000 0.957303107 -0.011222129 0.288868219 -0.102103313 0.010086275 0.999934435 0.005420364 -0.021885912 -0.288910121 -0.002275327 0.957353532 -0.286578606
0 0.480654119 0.854496275 0.500000000 0.500000000 0.000000000 0.000000000 0.955006838 -0.011496584 0.296360880 -0.105494985 0.010443712 0.999932289 0.005135593 -0.021031685 -0.296399832 -0.001809420 0.955062211 -0.295203326
0 0.480654119 0.854496275 0.500000000 0.500000000 0.000000000 0.000000000 0.952819467 -0.011369360 0.303324610 -0.107766125 0.010214653 0.999933302 0.005393168 -0.021051173 -0.303365678 -0.002040360 0.952872038 -0.304270484
0 0.480654119 0.854496275 0.500000000 0.500000000 0.000000000 0.000000000 0.950606763 -0.011734511 0.310175985 -0.111260592 0.010601730 0.999929547 0.005337639 -0.020779934 -0.310216755 -0.001785594 0.950664163 -0.312914126
0 0.480654119 0.854496275 0.500000000 0.500000000 0.000000000 0.000000000 0.948522687 -0.011318045 0.316506922 -0.114782066 0.010118764 0.999934018 0.005432493 -0.022827078 -0.316547513 -0.001950184 0.948574662 -0.321935564
0 0.480654119 0.854496275 0.500000000 0.500000000 0.000000000 0.000000000 0.946719527 -0.011518988 0.321853161 -0.116095465 0.010449118 0.999932647 0.005051459 -0.021156904 -0.321889669 -0.001419234 0.946776152 -0.332073030
0 0.480654119 0.854496275 0.500000000 0.500000000 0.000000000 0.000000000 0.944590449 -0.012142531 0.328026623 -0.121748388 0.011118177 0.999925673 0.004998082 -0.020816465 -0.328062922 -0.001074082 0.944655240 -0.340795303
0 0.480654119 0.854496275 0.500000000 0.500000000 0.000000000 0.000000000 0.942542374 -0.012401765 0.333856344 -0.127556323 0.011490384 0.999922931 0.004704525 -0.020628004 -0.333888978 -0.000598077 0.942612231 -0.349758564
0 0.480654119 0.854496275 0.500000000 0.500000000 0.000000000 0.000000000 0.940698862 -0.011550150 0.339046031 -0.130530413 0.010460667 0.999932587 0.005040711 -0.023733033 -0.339081377 -0.001195143 0.940756261 -0.360697206
0 0.480654119 0.854496275 0.500000000 0.500000000 0.000000000 0.000000000 0.938696861 -0.011863667 0.344539434 -0.135695977 0.010846136 0.999929249 0.004880698 -0.023564771 -0.344572961 -0.000844574 0.938759148 -0.370487024
0 0.480654119 0.854496275 0.500000000 0.500000000 0.000000000 0.000000000 0.937011302 -0.011910421 0.349095881 -0.138289423 0.010994461 0.999928951 0.004605153 -0.023240953 -0.349125922 -0.000476960 0.937075675 -0.381316332
0 0.480654119 0.854496275 0.500000000 0.500000000 0.000000000 0.000000000 0.935120881 -0.012450636 0.354110092 -0.144051213 0.011611033 0.999922454 0.004495640 -0.023591262 -0.354138613 -0.000092383 0.935192943 -0.390846010
0 0.480654119 0.854496275 0.500000000 0.500000000 0.000000000 0.000000000 0.933508575 -0.012411720 0.358340263 -0.146634263 0.011499809 0.999922931 0.004675985 -0.024900448 -0.358370692 -0.000244228 0.933579326 -0.402255837
0 0.480654119 0.854496275 0.500000000 0.500000000 0.000000000 0.000000000 0.931967318 -0.012641816 0.362321794 -0.148770432 0.011760822 0.999920070 0.004637052 -0.024707867 -0.362351477 -0.000060379 0.932041526 -0.412969510
0 0.480654119 0.854496275 0.500000000 0.500000000 0.000000000 0.000000000 0.930193663 -0.013066946 0.366836518 -0.154029220 0.012140127 0.999914646 0.004833653 -0.025321426 -0.366868377 -0.000042791 0.930272877 -0.422988245
0 0.480654119 0.854496275 0.500000000 0.500000000 0.000000000 0.000000000 0.928711236 -0.013231133 0.370567620 -0.156264145 0.012268876 0.999912441 0.004953837 -0.025583204 -0.370600730 -0.000054237 0.928792298 -0.433702040
0 0.480654119 0.854496275 0.500000000 0.500000000 0.000000000 0.000000000 0.927324355 -0.013371211 0.374019712 -0.158701900 0.012412731 0.999910593 0.004971363 -0.025042402 -0.374052733 0.000032540 0.927407444 -0.444218630
0 0.480654119 0.854496275 0.500000000 0.500000000 0.000000000 0.000000000 0.925901592 -0.013579221 0.377520680 -0.161389922 0.012523797 0.999907792 0.005250481 -0.026081417 -0.377557158 -0.000133437 0.925986290 -0.454199112
0 0.480654119 0.854496275 0.500000000 0.500000000 0.000000000 0.000000000 0.924735129 -0.013726941 0.380363673 -0.162389132 0.012808532 0.999905765 0.004945656 -0.025595098 -0.380395710 0.000298478 0.924823761 -0.465254405
0 0.480654119 0.854496275 0.500000000 0.500000000 0.000000000 0.000000000 0.923198760 -0.013956311 0.384069353 -0.167501289 0.012996187 0.999902546 0.005095139 -0.027104577 -0.384103060 0.000287612 0.923290193 -0.472655031
0 0.480654119 0.854496275 0.500000000 0.500000000 0.000000000 0.000000000 0.922174931 -0.014069939 0.386517048 -0.168261315 0.012989716 0.999900997 0.005406633 -0.028164793 -0.386554867 0.000034885 0.922266424 -0.482571976
0 0.480654119 0.854496275 0.500000000 0.500000000 0.000000000 0.000000000 0.921247721 -0.014198886 0.388717204 -0.168708303 0.013006037 0.999899149 0.005699961 -0.028854478 -0.388758928 -0.000195406 0.921339512 -0.491823606
0 0.480654119 0.854496275 0.500000000 0.500000000 0.000000000 0.000000000 0.920277655 -0.014362183 0.391002238 -0.170290764 0.013143183 0.999896824 0.005793636 -0.029682294 -0.391045094 -0.000192740 0.920371473 -0.499879265
0 0.480654119 0.854496275 0.500000000 0.500000000 0.000000000 0.000000000 0.919438899 -0.014627787 0.392960697 -0.171306376 0.013203650 0.999892831 0.006327020 -0.030724786 -0.393011123 -0.000628793 0.919533491 -0.508071585
0 0.480654119 0.854496275 0.500000000 0.500000000 0.000000000 0.000000000 0.918725550 -0.014576382 0.394627482 -0.171082283 0.012976745 0.999893188 0.006722182 -0.031284615 -0.394683301 -0.001054860 0.918816626 -0.516597491
0 0.480654119 0.854496275 0.500000000 0.500000000 0.000000000 0.000000000 0.918151259 -0.014779270 0.395954281 -0.171046397 0.013230230 0.999890387 0.006642932 -0.031608926 -0.396009058 -0.000860651 0.918246210 -0.523889529
0 0.480654119 0.854496275 0.500000000 0.500000000 0.000000000 0.000000000 0.917514503 -0.014977543 0.397420138 -0.170956918 0.013528799 0.999887705 0.006449072 -0.031145762 -0.397472113 -0.000540500 0.917614102 -0.532104569
0 0.480654119 0.854496275 0.500000000 0.500000000 0.000000000 0.000000000 0.916894019 -0.014984824 0.398849338 -0.171050748 0.013400210 0.999887347 0.006760858 -0.031978978 -0.398905694 -0.000854325 0.916991532 -0.540165444
0 0.480654119 0.854496275 0.500000000 0.500000000 0.000000000 0.000000000 0.916372478 -0.015036329 0.400044203 -0.171210693 0.013366743 0.999886394 0.006963492 -0.032627740 -0.400103480 -0.001033864 0.916469395 -0.547850780
0 0.480654119 0.854496275 0.500000000 0.500000000 0.000000000 0.000000000 0.916089356 -0.015294072 0.400682449 -0.170571492 0.013749353 0.999882817 0.006730130 -0.032089661 -0.400738418 -0.000656276 0.916192293 -0.555977061
0 0.480654119 0.854496275 0.500000000 0.500000000 0.000000000 0.000000000 0.915853202 -0.015503732 0.401213855 -0.169635271 0.013929307 0.999879599 0.006840903 -0.032297865 -0.401271611 -0.000676632 0.915958881 -0.564947560
0 0.480654119 0.854496275 0.500000000 0.500000000 0.000000000 0.000000000 0.915801167 -0.015668755 0.401326209 -0.167904490 0.014105073 0.999877036 0.006850753 -0.031773676 -0.401384205 -0.000613193 0.915909588 -0.574278104
0 0.480654119 0.854496275 0.500000000 0.500000000 0.000000000 0.000000000 0.915706635 -0.015646873 0.401542723 -0.166615923 0.013975003 0.999877214 0.007092519 -0.032536897 -0.401604384 -0.000883106 0.915812850 -0.584006729
0 0.480654119 0.854496275 0.500000000 0.500000000 0.000000000 0.000000000 0.915552139 -0.015801447 0.401888788 -0.165484808 0.014097493 0.999874711 0.007197209 -0.032837496 -0.401952147 -0.000923796 0.915660203 -0.592880251
0 0.480654119 0.854496275 0.500000000 0.500000000 0.000000000 0.000000000 0.915355325 -0.015923906 0.402332008 -0.165365811 0.014312756 0.999872983 0.007010694 -0.031987939 -0.402392536 -0.000658796 0.915466964 -0.602072589
0 0.480654119 0.854496275 0.500000000 0.500000000 0.000000000 0.000000000 0.915312052 -0.016328005 0.402414292 -0.164302352 0.014612826 0.999866366 0.007332067 -0.032085854 -0.402480245 -0.000830719 0.915428281 -0.612007441
0 0.480654119 0.854496275 0.500000000 0.500000000 0.000000000 0.000000000 0.915276885 -0.016435606 0.402489930 -0.163178651 0.014729209 0.999864638 0.007334537 -0.031579712 -0.402556002 -0.000784774 0.915395021 -0.621397873
0 0.480654119 0.854496275 0.500000000 0.500000000 0.000000000 0.000000000 0.915253520 -0.016652023 0.402534068 -0.161942916 0.014785270 0.999860704 0.007744518 -0.032868481 -0.402606964 -0.001136622 0.915372252 -0.631507960
0 0.480654119 0.854496275 0.500000000 0.500000000 0.000000000 0.000000000 0.915251493 -0.017007655 0.402523786 -0.160115148 0.015204508 0.999854922 0.007674671 -0.031742834 -0.402595937 -0.000904078 0.915377378 -0.641730908
0 0.480654119 0.854496275 0.500000000 0.500000000 0.000000000 0.000000000 0.915229797 -0.017044546 0.402571648 -0.158537140 0.015166408 0.999854147 0.007852794 -0.031823858 -0.402646780 -0.001081545 0.915354788 -0.651756908
0 0.480654119 0.854496275 0.500000000 0.500000000 0.000000000 0.000000000 0.915248990 -0.017438462 0.402511120 -0.157073055 0.015531154 0.999847353 0.008002085 -0.030915845 -0.402589232 -0.001072437 0.915380120 -0.662514520
0 0.480654119 0.854496275 0.500000000 0.500000000 0.000000000 0.000000000 0.915301681 -0.017669139 0.402381182 -0.155392387 0.015733033 0.999843299 0.008116427 -0.029964801 -0.402461529 -0.001098302 0.915436268 -0.673442694
0 0.480654119 0.854496275 0.500000000 0.500000000 0.000000000 0.000000000 0.915272593 -0.017885717 0.402437806 -0.153865399 0.016000781 0.999839604 0.008045396 -0.029045978 -0.402517170 -0.000924410 0.915411949 -0.683771835
0 0.480654119 0.854496275 0.500000000 0.500000000 0.000000000 0.000000000 0.915252864 -0.018124525 0.402472019 -0.152715349 0.016446861 0.999835670 0.007624158 -0.027417263 -0.402544081 -0.000358631 0.915400565 -0.694150068
0 0.480654119 0.854496275 0.500000000 0.500000000 0.000000000 0.000000000 0.915257871 -0.017969627 0.402467519 -0.150578062 0.016427988 0.999838531 0.007282275 -0.026609239 -0.402533382 -0.000053428 0.915405333 -0.704318915
0 0.480654119 0.854496275 0.500000000 0.500000000 0.000000000 0.000000000 0.915476561 -0.017927529 0.401971787 -0.147175757 0.016213214 0.999839187 0.007666779 -0.026391948 -0.402044564 -0.000501502 0.915619969 -0.715320338
0 0.480654119 0.854496275 0.500000000 0.500000000 0.000000000 0.000000000 0.915375829 -0.017980378 0.402198762 -0.146871587 0.016151911 0.999838054 0.007937361 -0.024723711 -0.402276337 -0.000769390 0.915517986 -0.724703465
0 0.480654119 0.854496275 0.500000000 0.500000000 0.000000000 0.000000000 0.915387273 -0.018104913 0.402167082 -0.145479799 0.016480789 0.999836087 0.007498479 -0.022227635 -0.402236909 -0.000235981 0.915535569 -0.734003402
0 0.480654119 0.854496275 0.500000000 0.500000000 0.000000000 0.000000000 0.915570498 -0.018394811 0.401736557 -0.143208417 0.016672909 0.999830723 0.007782396 -0.023050934 -0.401811689 -0.000427216 0.915722191 -0.743393351
0 0.480654119 0.854496275 0.500000000 0.500000000 0.000000000 0.000000000 0.915884376 -0.018550094 0.401013345 -0.140921951 0.016819177 0.999827862 0.007836347 -0.021652468 -0.401089668 -0.000432472 0.916038692 -0.752668885
0 0.480654119 0.854496275 0.500000000 0.500000000 0.000000000 0.000000000 0.916086972 -0.018490067 0.400553077 -0.139643282 0.016623890 0.999828756 0.008133680 -0.020872666 -0.400634855 -0.000792408 0.916237473 -0.760491709
0 0.480654119 0.854496275 0.500000000 0.500000000 0.000000000 0.000000000 0.916382432 -0.018449908 0.399878502 -0.137721456 0.016576512 0.999829412 0.008143315 -0.019472495 -0.399960548 -0.000833800 0.916531980 -0.769063592
0 0.480654119 0.854496275 0.500000000 0.500000000 0.000000000 0.000000000 0.916856468 -0.018378129 0.398793787 -0.134791222 0.016564678 0.999830842 0.007993074 -0.017611699 -0.398873240 -0.000722611 0.917005777 -0.778242611
0 0.480654119 0.854496275 0.500000000 0.500000000 0.000000000 0.000000000 0.917309999 -0.018642288 0.397737086 -0.133127555 0.016822176 0.999825954 0.008065357 -0.015741111 -0.397818208 -0.000707630 0.917463958 -0.786372310
0 0.480654119 0.854496275 0.500000000 0.500000000 0.000000000 0.000000000 0.917690277 -0.018679181 0.396857232 -0.131908803 0.016694803 0.999824882 0.008454558 -0.016039538 -0.396945655 -0.001133212 0.917841434 -0.792680180
0 0.480654119 0.854496275 0.500000000 0.500000000 0.000000000 0.000000000 0.918208361 -0.018721975 0.395655006 -0.130409444 0.016702596 0.999823987 0.008548398 -0.014859990 -0.395745397 -0.001240744 0.918359458 -0.800464127
0 0.480654119 0.854496275 0.500000000 0.500000000 0.000000000 0.000000000 0.918818414 -0.018939612 0.394225806 -0.128393309 0.016782876 0.999819398 0.008918176 -0.014507266 -0.394323498 -0.001577942 0.918970346 -0.808476754
0 0.480654119 0.854496275 0.500000000 0.500000000 0.000000000 0.000000000 0.919487536 -0.019053774 0.392657131 -0.126517654 0.016933747 0.999817312 0.008862502 -0.013539649 -0.392754257 -0.001499804 0.919642210 -0.815762740
0 0.480654119 0.854496275 0.500000000 0.500000000 0.000000000 0.000000000 0.920320928 -0.019127576 0.390696228 -0.124328085 0.016980326 0.999815762 0.008949927 -0.013715851 -0.390795439 -0.001602656 0.920476139 -0.822747826
0 0.480654119 0.854496275 0.500000000 0.500000000 0.000000000 0.000000000 0.921204269 -0.019271357 0.388601720 -0.122107435 0.017086525 0.999812782 0.009077599 -0.013617487 -0.388703912 -0.001722471 0.921361089 -0.830438463
0 0.480654119 0.854496275 0.500000000 0.500000000 0.000000000 0.000000000 0.922083378 -0.019331662 0.386508167 -0.119887982 0.017159840 0.999811649 0.009068935 -0.012927389 -0.386610657 -0.001729896 0.922241390 -0.837675406
0 0.480654119 0.854496275 0.500000000 0.500000000 0.000000000 0.000000000 0.922947407 -0.019117991 0.384451061 -0.118544287 0.016923420 0.999815464 0.009090980 -0.012839271 -0.384553909 -0.001884269 0.923100591 -0.844556619
0 0.480654119 0.854496275 0.500000000 0.500000000 0.000000000 0.000000000 0.923923433 -0.018930236 0.382108778 -0.116336577 0.016809909 0.999819219 0.008886853 -0.011865594 -0.382207930 -0.001787558 0.924074590 -0.851921999
0 0.480654119 0.854496275 0.500000000 0.500000000 0.000000000 0.000000000 0.924994230 -0.018851714 0.379513264 -0.113774201 0.016642379 0.999820054 0.009101706 -0.012762156 -0.379616559 -0.002103021 0.925141513 -0.859114722
0 0.480654119 0.854496275 0.500000000 0.500000000 0.000000000 0.000000000 0.926230848 -0.019008724 0.376477122 -0.110759623 0.016649375 0.999816060 0.009520004 -0.013447936 -0.376588851 -0.002549612 0.926376998 -0.867384802
0 0.480654119 0.854496275 0.500000000 0.500000000 0.000000000 0.000000000 0.927409470 -0.019049032 0.373562247 -0.108865685 0.016834570 0.999816060 0.009189866 -0.011726647 -0.373668581 -0.002234008 0.927559614 -0.875329748
0 0.480654119 0.854496275 0.500000000 0.500000000 0.000000000 0.000000000 0.928686082 -0.019193931 0.370369792 -0.105916420 0.016966652 0.999813080 0.009270865 -0.012107489 -0.370478511 -0.002325788 0.928838134 -0.882626041
0 0.480654119 0.854496275 0.500000000 0.500000000 0.000000000 0.000000000 0.930087090 -0.019327026 0.366830289 -0.102607755 0.016965641 0.999809384 0.009660648 -0.013859384 -0.366947085 -0.002761734 0.930237710 -0.890321088
0 0.480654119 0.854496275 0.500000000 0.500000000 0.000000000 0.000000000 0.931549311 -0.019642079 0.363084167 -0.098675578 0.017268278 0.999803007 0.009782742 -0.013623745 -0.363204807 -0.002843268 0.931704998 -0.899382042
0 0.480654119 0.854496275 0.500000000 0.500000000 0.000000000 0.000000000 0.932956040 -0.019699302 0.359450907 -0.096268568 0.017481698 0.999802828 0.009419260 -0.012346905 -0.359565586 -0.002503943 0.933116436 -0.907918189
0 0.480654119 0.854496275 0.500000000 0.500000000 0.000000000 0.000000000 0.934596360 -0.019868214 0.355154693 -0.091218953 0.017687030 0.999799490 0.009387449 -0.011983590 -0.355269998 -0.002491845 0.934760392 -0.917176349
