0 0.524907087 0.933168146 0.500000000 0.500000000 0.000000000 0.000000000 0.942178845 -0.113630332 0.315257221 -0.110096066 0.105702929 0.993502319 0.042190719 0.148360993 -0.318002939 -0.006427591 0.948067963 -0.592288775
0 0.524907087 0.933168146 0.500000000 0.500000000 0.000000000 0.000000000 0.937138498 -0.119127207 0.327994168 -0.117548723 0.110666826 0.992864728 0.044412553 0.157888174 -0.330944598 -0.005322638 0.943635166 -0.612402187
0 0.524907087 0.933168146 0.500000000 0.500000000 0.000000000 0.000000000 0.931982994 -0.123585448 0.340784818 -0.129806618 0.114428006 0.992322624 0.046926025 0.165024630 -0.343967885 -0.004738928 0.938969433 -0.632672566
0 0.524907087 0.933168146 0.500000000 0.500000000 0.000000000 0.000000000 0.926695764 -0.128107980 0.353303373 -0.143118306 0.118223660 0.991751671 0.049515344 0.172253523 -0.356732517 -0.004116841 0.934197485 -0.653830435
0 0.524907087 0.933168146 0.500000000 0.500000000 0.000000000 0.000000000 0.921250999 -0.132894978 0.365561873 -0.158016353 0.122239150 0.991124094 0.052255120 0.177152256 -0.369261622 -0.003454110 0.929319084 -0.678590063
0 0.524907087 0.933168146 0.500000000 0.500000000 0.000000000 0.000000000 0.915656924 -0.137329996 0.377773613 -0.171967053 0.126052111 0.990522623 0.054551117 0.186110266 -0.381684810 -0.002330946 0.924289584 -0.699496939
0 0.524907087 0.933168146 0.500000000 0.500000000 0.000000000 0.000000000 0.909960806 -0.141646370 0.389753342 -0.187692967 0.129666016 0.989916384 0.057028562 0.193539864 -0.393901110 -0.001355992 0.919151843 -0.720036204
0 0.524907087 0.933168146 0.500000000 0.500000000 0.000000000 0.000000000 0.904109001 -0.145962134 0.401599288 -0.206155619 0.133163556 0.989289999 0.059772279 0.197214692 -0.406022668 -0.000562262 0.913862824 -0.744304692
0 0.524907087 0.933168146 0.500000000 0.500000000 0.000000000 0.000000000 0.898265302 -0.150030613 0.413049906 -0.219214975 0.136647820 0.988681018 0.061945107 0.206448487 -0.417668253 0.000799228 0.908599257 -0.760509210
0 0.524907087 0.933168146 0.500000000 0.500000000 0.000000000 0.000000000 0.892243564 -0.154539570 0.424286395 -0.235626957 0.140460640 0.987984419 0.064479060 0.211932347 -0.429152906 0.002064510 0.903229475 -0.782088044
0 0.524907087 0.933168146 0.500000000 0.500000000 0.000000000 0.000000000 0.886057079 -0.158322155 0.435702831 -0.258191933 0.143375576 0.987383187 0.067214817 0.215032469 -0.440847248 0.002912978 0.897577405 -0.804331534
0 0.524907087 0.933168146 0.500000000 0.500000000 0.000000000 0.000000000 0.879858911 -0.161431059 0.446976900 -0.281088126 0.145721734 0.986876190 0.069573857 0.220472285 -0.452342242 0.003919076 0.891835809 -0.825581105
0 0.524907087 0.933168146 0.500000000 0.500000000 0.000000000 0.000000000 0.873687029 -0.164269999 0.457915157 -0.304107547 0.147707507 0.986404240 0.072036222 0.223617092 -0.463522851 0.004700399 0.886072516 -0.847964136
0 0.524907087 0.933168146 0.500000000 0.500000000 0.000000000 0.000000000 0.867667913 -0.167308718 0.468145490 -0.327853505 0.150178164 0.985885680 0.073999435 0.229657483 -0.473918676 0.006098291 0.880547523 -0.872006653
0 0.524907087 0.933168146 0.500000000 0.500000000 0.000000000 0.000000000 0.861566186 -0.169581056 0.478482962 -0.354207419 0.151842520 0.985489249 0.075860433 0.236967318 -0.484404296 0.007295273 0.874813855 -0.894918052
0 0.524907087 0.933168146 0.500000000 0.500000000 0.000000000 0.000000000 0.855289876 -0.171901628 0.488803744 -0.382853588 0.153424755 0.985079110 0.077974156 0.241097665 -0.494914263 0.008304092 0.868902147 -0.919885141
0 0.524907087 0.933168146 0.500000000 0.500000000 0.000000000 0.000000000 0.849019170 -0.174680084 0.498651505 -0.409830324 0.155754894 0.984574556 0.079708293 0.249899219 -0.504883051 0.009993547 0.863129914 -0.941251296
0 0.524907087 0.933168146 0.500000000 0.500000000 0.000000000 0.000000000 0.842992842 -0.177286208 0.507870793 -0.436355091 0.157825246 0.984093308 0.081557371 0.255281761 -0.514251232 0.011402554 0.857563794 -0.973441457
0 0.524907087 0.933168146 0.500000000 0.500000000 0.000000000 0.000000000 0.836743951 -0.180033624 0.517153203 -0.466202457 0.160091519 0.983574271 0.083381139 0.261666557 -0.523669958 0.013023176 0.851821661 -1.000714513
0 0.524907087 0.933168146 0.500000000 0.500000000 0.000000000 0.000000000 0.830274284 -0.183239028 0.526372552 -0.496901068 0.162873089 0.982954979 0.085274927 0.269522370 -0.533026218 0.014930343 0.845966995 -1.025134460
0 0.524907087 0.933168146 0.500000000 0.500000000 0.000000000 0.000000000 0.823857605 -0.185829192 0.535468161 -0.527040155 0.165102065 0.982438564 0.086924255 0.278020430 -0.542217672 0.016793694 0.840070248 -1.046018326
0 0.524907087 0.933168146 0.500000000 0.500000000 0.000000000 0.000000000 0.817264378 -0.188223422 0.544656634 -0.561874479 0.167136610 0.981948912 0.088553019 0.285946356 -0.551492810 0.018660842 0.833970904 -1.068462330
0 0.524907087 0.933168146 0.500000000 0.500000000 0.000000000 0.000000000 0.811025143 -0.190945551 0.552972019 -0.587328017 0.169716671 0.981378317 0.089959964 0.295655605 -0.559852242 0.020888776 0.828329146 -1.087465249
0 0.524907087 0.933168146 0.500000000 0.500000000 0.000000000 0.000000000 0.804501355 -0.193025872 0.561710477 -0.621627754 0.171517462 0.980929077 0.091432631 0.302501171 -0.568646967 0.022785475 0.822266042 -1.111209215
0 0.524907087 0.933168146 0.500000000 0.500000000 0.000000000 0.000000000 0.798036993 -0.195284307 0.570088565 -0.653072545 0.173673347 0.980427802 0.092730172 0.310815655 -0.577039421 0.025007084 0.816333354 -1.132345383
0 0.524907087 0.933168146 0.500000000 0.500000000 0.000000000 0.000000000 0.791684508 -0.198007211 0.577952266 -0.680230919 0.176264748 0.979821265 0.094238929 0.317550952 -0.584949911 0.027265117 0.810611010 -1.153313323
0 0.524907087 0.933168146 0.500000000 0.500000000 0.000000000 0.000000000 0.785631537 -0.199457511 0.585661829 -0.705538194 0.177370459 0.979485095 0.095648773 0.321520666 -0.592724919 0.028734412 0.804892242 -1.166626978
0 0.524907087 0.933168146 0.500000000 0.500000000 0.000000000 0.000000000 0.779506266 -0.201637864 0.593053222 -0.730414745 0.179089084 0.978993356 0.097463518 0.320650396 -0.600247502 0.030235929 0.799242616 -1.182637172
0 0.524907087 0.933168146 0.500000000 0.500000000 0.000000000 0.000000000 0.773793280 -0.203629166 0.599815905 -0.750055445 0.181228414 0.978506327 0.098395348 0.328081910 -0.606959820 0.032566030 0.794064999 -1.200731905
0 0.524907087 0.933168146 0.500000000 0.500000000 0.000000000 0.000000000 0.768182278 -0.206303969 0.606081426 -0.767512025 0.183884755 0.977869213 0.099790700 0.332145711 -0.613255560 0.034791689 0.789117932 -1.220783818
0 0.524907087 0.933168146 0.500000000 0.500000000 0.000000000 0.000000000 0.762652218 -0.207976222 0.612460196 -0.786588817 0.185322046 0.977457881 0.101152271 0.334928698 -0.619691372 0.036358379 0.784003019 -1.235167210
0 0.524907087 0.933168146 0.500000000 0.500000000 0.000000000 0.000000000 0.757246494 -0.210196838 0.618380964 -0.801517787 0.187550038 0.976903200 0.102396995 0.338842617 -0.625621855 0.038437609 0.779178977 -1.251759745
0 0.524907087 0.933168146 0.500000000 0.500000000 0.000000000 0.000000000 0.752117217 -0.212292463 0.623900354 -0.814919527 0.189588070 0.976374567 0.103677645 0.341075500 -0.631170392 0.040306319 0.774596214 -1.271772349
0 0.524907087 0.933168146 0.500000000 0.500000000 0.000000000 0.000000000 0.746621072 -0.214202613 0.629820824 -0.835534043 0.191456303 0.975875676 0.104934290 0.343881371 -0.637103975 0.042237014 0.769619763 -1.283782216
0 0.524907087 0.933168146 0.500000000 0.500000000 0.000000000 0.000000000 0.741643250 -0.215807557 0.635131776 -0.849820730 0.193059668 0.975444019 0.106004447 0.347630003 -0.642412066 0.044000849 0.765095174 -1.302176659
0 0.524907087 0.933168146 0.500000000 0.500000000 0.000000000 0.000000000 0.737242222 -0.217622370 0.639620543 -0.858786976 0.195167556 0.974942446 0.106756292 0.354103597 -0.646825731 0.046127934 0.761241555 -1.323921895
0 0.524907087 0.933168146 0.500000000 0.500000000 0.000000000 0.000000000 0.732617319 -0.219402596 0.644309223 -0.875527913 0.196886390 0.974464476 0.107956961 0.354144085 -0.651542485 0.047764570 0.757106960 -1.346277399
0 0.524907087 0.933168146 0.500000000 0.500000000 0.000000000 0.000000000 0.728029609 -0.221604392 0.648740590 -0.888166769 0.199587017 0.973835230 0.108673491 0.359234351 -0.655848980 0.050362688 0.753210247 -1.368164656
0 0.524907087 0.933168146 0.500000000 0.500000000 0.000000000 0.000000000 0.722778201 -0.223464400 0.653953612 -0.908402489 0.202000692 0.973265350 0.109317318 0.364134550 -0.660898924 0.053086895 0.748594940 -1.381063460
0 0.524907087 0.933168146 0.500000000 0.500000000 0.000000000 0.000000000 0.717919469 -0.224491104 0.658935010 -0.924421218 0.203471661 0.972907662 0.109772354 0.368787746 -0.665725887 0.055266894 0.744146943 -1.397686048
0 0.524907087 0.933168146 0.500000000 0.500000000 0.000000000 0.000000000 0.713539839 -0.226385802 0.663031161 -0.935041159 0.206350967 0.972285807 0.109907433 0.377945053 -0.669537246 0.058393791 0.740479589 -1.413418519
0 0.524907087 0.933168146 0.500000000 0.500000000 0.000000000 0.000000000 0.709170282 -0.228312105 0.667046547 -0.950190799 0.208259910 0.971733153 0.111186683 0.377216741 -0.673576474 0.060068760 0.736672580 -1.432105342
0 0.524907087 0.933168146 0.500000000 0.500000000 0.000000000 0.000000000 0.704249024 -0.230142340 0.671615779 -0.969437255 0.210478351 0.971152484 0.112079151 0.383028618 -0.678035498 0.062428959 0.732373178 -1.444033678
0 0.524907087 0.933168146 0.500000000 0.500000000 0.000000000 0.000000000 0.700553238 -0.231366605 0.675051630 -0.977510524 0.211951733 0.970753551 0.112756550 0.384620486 -0.681396842 0.064086393 0.729103088 -1.454302134
0 0.524907087 0.933168146 0.500000000 0.500000000 0.000000000 0.000000000 0.696857929 -0.232789069 0.678379178 -0.988221811 0.214319319 0.970230639 0.112782016 0.393955753 -0.684438646 0.066796720 0.726004064 -1.472314611
0 0.524907087 0.933168146 0.500000000 0.500000000 0.000000000 0.000000000 0.692962229 -0.234411925 0.681802332 -0.996312313 0.216650754 0.969665587 0.113185883 0.401340415 -0.687652409 0.069279440 0.722727180 -1.482677351
0 0.524907087 0.933168146 0.500000000 0.500000000 0.000000000 0.000000000 0.688610792 -0.235876918 0.685694754 -1.013213231 0.219133273 0.969094217 0.113300309 0.411071933 -0.691227734 0.072238728 0.719017208 -1.496326845
0 0.524907087 0.933168146 0.500000000 0.500000000 0.000000000 0.000000000 0.684767425 -0.236942887 0.689167321 -1.024077850 0.221171007 0.968635023 0.113267809 0.422883606 -0.694389582 0.074861720 0.715694606 -1.508076821
0 0.524907087 0.933168146 0.500000000 0.500000000 0.000000000 0.000000000 0.680982828 -0.238554448 0.692354083 -1.037027083 0.223103777 0.968091369 0.114121750 0.426222381 -0.697486281 0.076751865 0.712476015 -1.520128826
0 0.524907087 0.933168146 0.500000000 0.500000000 0.000000000 0.000000000 0.678065360 -0.238981605 0.695064843 -1.047717763 0.225880027 0.967654765 0.112349622 0.446497116 -0.699432313 0.080820881 0.710114360 -1.539993564
0 0.524907087 0.933168146 0.500000000 0.500000000 0.000000000 0.000000000 0.675676763 -0.239879638 0.697078705 -1.052863318 0.227740601 0.967247307 0.112101980 0.452256393 -0.701138496 0.083008423 0.708176851 -1.561099331
0 0.524907087 0.933168146 0.500000000 0.500000000 0.000000000 0.000000000 0.672984302 -0.240321830 0.699526608 -1.061385164 0.229737371 0.966884673 0.111152083 0.462456130 -0.703073859 0.085903801 0.705909133 -1.585229305
0 0.524907087 0.933168146 0.500000000 0.500000000 0.000000000 0.000000000 0.670112848 -0.241102517 0.702010214 -1.071630384 0.232466847 0.966365039 0.109989882 0.479677868 -0.704916954 0.089488462 0.703621984 -1.606825600
0 0.524907087 0.933168146 0.500000000 0.500000000 0.000000000 0.000000000 0.667624354 -0.241807491 0.704135537 -1.079660660 0.234323472 0.965966523 0.109549761 0.487018528 -0.706661284 0.091857396 0.701563954 -1.630605897
0 0.524907087 0.933168146 0.500000000 0.500000000 0.000000000 0.000000000 0.665237725 -0.242095351 0.706292152 -1.087569345 0.236402854 0.965598941 0.108316235 0.501231171 -0.708217800 0.094913438 0.699584842 -1.654697032
0 0.524907087 0.933168146 0.500000000 0.500000000 0.000000000 0.000000000 0.663135469 -0.242156491 0.708245397 -1.094552074 0.238037080 0.965324342 0.107178546 0.513400040 -0.709640503 0.097514778 0.697783053 -1.679079799
0 0.524907087 0.933168146 0.500000000 0.500000000 0.000000000 0.000000000 0.660953283 -0.242580011 0.710137844 -1.102702436 0.240038410 0.964936316 0.106204875 0.527013738 -0.711000979 0.100263894 0.696006298 -1.701790186
0 0.524907087 0.933168146 0.500000000 0.500000000 0.000000000 0.000000000 0.659247518 -0.242779568 0.711653590 -1.105977744 0.241420686 0.964673698 0.105454534 0.536355043 -0.712115705 0.102287248 0.694570780 -1.726717503
0 0.524907087 0.933168146 0.500000000 0.500000000 0.000000000 0.000000000 0.657484233 -0.242827117 0.713266730 -1.113329768 0.243156761 0.964376569 0.104175694 0.552572088 -0.713154435 0.104941748 0.693107486 -1.746908899
0 0.524907087 0.933168146 0.500000000 0.500000000 0.000000000 0.000000000 0.656086743 -0.242917582 0.714521706 -1.115762200 0.244169682 0.964183271 0.103594571 0.559733039 -0.714094758 0.106497511 0.691900969 -1.770686873
0 0.524907087 0.933168146 0.500000000 0.500000000 0.000000000 0.000000000 0.654609799 -0.243489131 0.715680838 -1.119524655 0.245385498 0.963886023 0.103487499 0.566821251 -0.715032816 0.107873760 0.690717995 -1.793715447
0 0.524907087 0.933168146 0.500000000 0.500000000 0.000000000 0.000000000 0.653272688 -0.243963197 0.716740370 -1.121555237 0.246457085 0.963625789 0.103364542 0.573738856 -0.715886652 0.109120511 0.689636886 -1.816529206
0 0.524907087 0.933168146 0.500000000 0.500000000 0.000000000 0.000000000 0.651977777 -0.244353145 0.717785835 -1.125393099 0.247326717 0.963407934 0.103318051 0.579177441 -0.716766655 0.110166542 0.688555658 -1.837728051
0 0.524907087 0.933168146 0.500000000 0.500000000 0.000000000 0.000000000 0.650922000 -0.244418293 0.718721271 -1.127420521 0.248172477 0.963244498 0.102812678 0.586876594 -0.717433572 0.111443803 0.687654912 -1.858908626
0 0.524907087 0.933168146 0.500000000 0.500000000 0.000000000 0.000000000 0.649802446 -0.244736835 0.719625354 -1.132305124 0.249184355 0.963016093 0.102504581 0.596672056 -0.718097448 0.112711653 0.686754823 -1.878031935
0 0.524907087 0.933168146 0.500000000 0.500000000 0.000000000 0.000000000 0.648597896 -0.244517401 0.720785737 -1.140650247 0.249832869 0.962917924 0.101845957 0.605214160 -0.718960583 0.114018895 0.685635030 -1.897513633
0 0.524907087 0.933168146 0.500000000 0.500000000 0.000000000 0.000000000 0.647596598 -0.244348049 0.721742809 -1.145256672 0.250426412 0.962824762 0.101267457 0.614854376 -0.719656348 0.115163006 0.684713244 -1.918098788
0 0.524907087 0.933168146 0.500000000 0.500000000 0.000000000 0.000000000 0.646678150 -0.244683772 0.722452223 -1.151148744 0.251019508 0.962661862 0.101347752 0.622408460 -0.720275342 0.115810223 0.683952749 -1.934629248
0 0.524907087 0.933168146 0.500000000 0.500000000 0.000000000 0.000000000 0.645948946 -0.244850338 0.723047912 -1.152924172 0.251264721 0.962582529 0.101493239 0.628157849 -0.720843971 0.116116993 0.683301389 -1.955307146
0 0.524907087 0.933168146 0.500000000 0.500000000 0.000000000 0.000000000 0.645126939 -0.244431689 0.723922908 -1.158922623 0.251742303 0.962545156 0.100660995 0.639877062 -0.721413255 0.117302902 0.682497621 -1.974365015
0 0.524907087 0.933168146 0.500000000 0.500000000 0.000000000 0.000000000 0.644478083 -0.244380355 0.724517941 -1.161100365 0.251666307 0.962549984 0.100804791 0.643793753 -0.722019434 0.117370278 0.681844652 -1.996347388
0 0.524907087 0.933168146 0.500000000 0.500000000 0.000000000 0.000000000 0.643734515 -0.243051767 0.725625038 -1.170514380 0.252167881 0.962633789 0.098729603 0.663047225 -0.722507596 0.119423687 0.680970430 -2.012394658
0 0.524907087 0.933168146 0.500000000 0.500000000 0.000000000 0.000000000 0.643172264 -0.243261769 0.726053119 -1.174982372 0.252353132 0.962561905 0.098956935 0.670457497 -0.722943544 0.119575426 0.680480957 -2.030929524
0 0.524907087 0.933168146 0.500000000 0.500000000 0.000000000 0.000000000 0.642548740 -0.242159754 0.726972997 -1.180416021 0.252102822 0.962738693 0.097869143 0.680083842 -0.723585010 0.120386243 0.679655731 -2.054817355
0 0.524907087 0.933168146 0.500000000 0.500000000 0.000000000 0.000000000 0.642127991 -0.241780251 0.727470934 -1.184421665 0.251641870 0.962856948 0.097891927 0.684390476 -0.724118829 0.120202996 0.679119408 -2.073082283
0 0.524907087 0.933168146 0.500000000 0.500000000 0.000000000 0.000000000 0.641860485 -0.241409719 0.727829933 -1.186192488 0.251105696 0.962989748 0.097962789 0.688901437 -0.724541962 0.119883798 0.678724408 -2.094032342
0 0.524907087 0.933168146 0.500000000 0.500000000 0.000000000 0.000000000 0.641667783 -0.240982354 0.728141487 -1.187171450 0.250298083 0.963176250 0.098195583 0.691829219 -0.724991977 0.119243465 0.678356588 -2.116986921
0 0.524907087 0.933168146 0.500000000 0.500000000 0.000000000 0.000000000 0.641397297 -0.240521744 0.728531957 -1.192797221 0.249497533 0.963363707 0.098393597 0.695466807 -0.725507081 0.118657544 0.677908480 -2.136446525
0 0.524907087 0.933168146 0.500000000 0.500000000 0.000000000 0.000000000 0.641137898 -0.239935279 0.728953540 -1.200108864 0.249345586 0.963461876 0.097816370 0.709242283 -0.725788534 0.119047575 0.677538693 -2.150585418
0 0.524907087 0.933168146 0.500000000 0.500000000 0.000000000 0.000000000 0.641117096 -0.239416510 0.729142368 -1.202090588 0.248443812 0.963678479 0.097976707 0.715276185 -0.726116061 0.118336372 0.677312315 -2.169654560
0 0.524907087 0.933168146 0.500000000 0.500000000 0.000000000 0.000000000 0.641143084 -0.237983495 0.729588509 -1.207383983 0.247745678 0.963984311 0.096728377 0.727758178 -0.726331592 0.118735671 0.677011251 -2.189227415
