0 0.484845628 0.861947835 0.500000000 0.500000000 0.000000000 0.000000000 0.950667799 0.027787659 -0.308963776 -0.293203930 -0.019474287 0.999361396 0.029959297 0.343798470 0.309598982 -0.022464488 0.950601816 -3.880023832
0 0.484845628 0.861947835 0.500000000 0.500000000 0.000000000 0.000000000 0.949778914 0.027942147 -0.311671674 -0.291479573 -0.019467101 0.999352157 0.030270968 0.344352011 0.312315583 -0.022683382 0.949707568 -3.899089201
0 0.484845628 0.861947835 0.500000000 0.500000000 0.000000000 0.000000000 0.949000120 0.027949978 -0.314034253 -0.292401794 -0.019255700 0.999341488 0.030754318 0.343024199 0.314687043 -0.023138903 0.948913395 -3.917286548
0 0.484845628 0.861947835 0.500000000 0.500000000 0.000000000 0.000000000 0.948137045 0.027991498 -0.316626906 -0.291766200 -0.019094376 0.999331772 0.031168252 0.342294794 0.317287773 -0.023505982 0.948037922 -3.936151501
0 0.484845628 0.861947835 0.500000000 0.500000000 0.000000000 0.000000000 0.947281420 0.028292652 -0.319151193 -0.290766283 -0.019179391 0.999314606 0.031662047 0.341576687 0.319828242 -0.023871742 0.947174788 -3.954587219
0 0.484845628 0.861947835 0.500000000 0.500000000 0.000000000 0.000000000 0.946448028 0.028263656 -0.321616650 -0.290770067 -0.018916372 0.999303997 0.032152005 0.340004039 0.322301507 -0.024346381 0.946323931 -3.973374261
0 0.484845628 0.861947835 0.500000000 0.500000000 0.000000000 0.000000000 0.945562899 0.028509561 -0.324188262 -0.289318427 -0.018983079 0.999291062 0.032510910 0.340202640 0.324885309 -0.024587020 0.945433795 -3.992064698
0 0.484845628 0.861947835 0.500000000 0.500000000 0.000000000 0.000000000 0.944625795 0.028647803 -0.326896608 -0.287065255 -0.018845001 0.999273837 0.033116050 0.338079542 0.327607930 -0.025121910 0.944479704 -4.011267311
0 0.484845628 0.861947835 0.500000000 0.500000000 0.000000000 0.000000000 0.943710566 0.028783016 -0.329517663 -0.285222687 -0.018677773 0.999254346 0.033792250 0.335165534 0.330244571 -0.025735447 0.943544507 -4.030719232
0 0.484845628 0.861947835 0.500000000 0.500000000 0.000000000 0.000000000 0.942704141 0.028953929 -0.332371205 -0.282202344 -0.018640421 0.999241948 0.034177378 0.334500949 0.333108813 -0.026023615 0.942529202 -4.050494989
0 0.484845628 0.861947835 0.500000000 0.500000000 0.000000000 0.000000000 0.941745341 0.029199041 -0.335056871 -0.279636301 -0.018578585 0.999219537 0.034859624 0.331839557 0.335813224 -0.026604004 0.941552818 -4.070012984
0 0.484845628 0.861947835 0.500000000 0.500000000 0.000000000 0.000000000 0.940785944 0.029479202 -0.337717026 -0.277254344 -0.018586878 0.999198854 0.035441842 0.329965952 0.338491261 -0.027066080 0.940580189 -4.088387871
0 0.484845628 0.861947835 0.500000000 0.500000000 0.000000000 0.000000000 0.939748764 0.029744672 -0.340569407 -0.272877107 -0.018531820 0.999175251 0.036130328 0.327044644 0.341363221 -0.027642058 0.939524889 -4.106752270
0 0.484845628 0.861947835 0.500000000 0.500000000 0.000000000 0.000000000 0.938724101 0.029944453 -0.343366325 -0.268958000 -0.018429151 0.999154508 0.036751557 0.324490801 0.344176501 -0.028171623 0.938482225 -4.125301525
0 0.484845628 0.861947835 0.500000000 0.500000000 0.000000000 0.000000000 0.937693715 0.030001052 -0.346165359 -0.265354456 -0.018170346 0.999136209 0.037372075 0.321495402 0.346987545 -0.028753616 0.937428832 -4.144356181
0 0.484845628 0.861947835 0.500000000 0.500000000 0.000000000 0.000000000 0.936610401 0.030175265 -0.349070758 -0.260423049 -0.018065369 0.999118388 0.037896182 0.319307899 0.349906534 -0.029187867 0.936329782 -4.162493956
0 0.484845628 0.861947835 0.500000000 0.500000000 0.000000000 0.000000000 0.935565531 0.030545264 -0.351829648 -0.256026689 -0.018170763 0.999096394 0.038421217 0.317689112 0.352685332 -0.029552555 0.935275197 -4.180647742
0 0.484845628 0.861947835 0.500000000 0.500000000 0.000000000 0.000000000 0.934373975 0.030551229 -0.354981542 -0.249400153 -0.017887203 0.999082863 0.038903072 0.315701788 0.355844498 -0.030000392 0.934063494 -4.199848466
0 0.484845628 0.861947835 0.500000000 0.500000000 0.000000000 0.000000000 0.933208287 0.030820135 -0.358011752 -0.242805896 -0.017923255 0.999067187 0.039287139 0.315036379 0.358888626 -0.030246347 0.932890177 -4.218112922
0 0.484845628 0.861947835 0.500000000 0.500000000 0.000000000 0.000000000 0.932168961 0.031045068 -0.360689998 -0.238908496 -0.017902905 0.999050379 0.039721247 0.313509770 0.361580610 -0.030569514 0.931839585 -4.236088517
0 0.484845628 0.861947835 0.500000000 0.500000000 0.000000000 0.000000000 0.931004405 0.031324081 -0.363661438 -0.232597644 -0.017892072 0.999029577 0.040246461 0.311654119 0.364569217 -0.030962974 0.930661380 -4.254839778
0 0.484845628 0.861947835 0.500000000 0.500000000 0.000000000 0.000000000 0.929919720 0.031561255 -0.366405815 -0.227650665 -0.017876077 0.999012172 0.040683750 0.309932001 0.367327899 -0.031282719 0.929565310 -4.272323700
0 0.484845628 0.861947835 0.500000000 0.500000000 0.000000000 0.000000000 0.928750455 0.031738054 -0.369344473 -0.221107021 -0.017769894 0.998994529 0.041160345 0.307723284 0.370279431 -0.031664476 0.928380549 -4.290148811
0 0.484845628 0.861947835 0.500000000 0.500000000 0.000000000 0.000000000 0.927551925 0.032228611 -0.372301966 -0.214413407 -0.017954694 0.998966992 0.041744098 0.305716026 0.373262733 -0.032035250 0.927172422 -4.308533211
0 0.484845628 0.861947835 0.500000000 0.500000000 0.000000000 0.000000000 0.926401794 0.032437459 -0.375136703 -0.208198169 -0.017912922 0.998951077 0.042141616 0.304132958 0.376110166 -0.032320276 0.926011086 -4.325276424
0 0.484845628 0.861947835 0.500000000 0.500000000 0.000000000 0.000000000 0.925175130 0.032561082 -0.378141224 -0.200679902 -0.017702056 0.998930871 0.042705659 0.301304529 0.379127473 -0.032816339 0.924762368 -4.342619185
0 0.484845628 0.861947835 0.500000000 0.500000000 0.000000000 0.000000000 0.924109817 0.032811489 -0.380715668 -0.196370506 -0.017686155 0.998911619 0.043160360 0.299402668 0.381717443 -0.033151519 0.923684359 -4.359404209
0 0.484845628 0.861947835 0.500000000 0.500000000 0.000000000 0.000000000 0.922928333 0.033008479 -0.383554101 -0.189992257 -0.017561942 0.998890102 0.043705516 0.296745942 0.384571046 -0.033601105 0.922483623 -4.376764528
0 0.484845628 0.861947835 0.500000000 0.500000000 0.000000000 0.000000000 0.921759248 0.033126220 -0.386345118 -0.183784125 -0.017416455 0.998875618 0.044093203 0.294817410 0.387371361 -0.033914555 0.921299756 -4.393586522
0 0.484845628 0.861947835 0.500000000 0.500000000 0.000000000 0.000000000 0.920648277 0.033356003 -0.388965487 -0.178543982 -0.017351244 0.998854756 0.044588558 0.292482612 0.390007317 -0.034301344 0.920172632 -4.411182317
0 0.484845628 0.861947835 0.500000000 0.500000000 0.000000000 0.000000000 0.919443727 0.033610653 -0.391782522 -0.172483218 -0.017356530 0.998838127 0.044956699 0.291338806 0.392838359 -0.034535170 0.918958843 -4.428431301
0 0.484845628 0.861947835 0.500000000 0.500000000 0.000000000 0.000000000 0.918351591 0.033764064 -0.394322604 -0.167918061 -0.017342620 0.998830318 0.045135498 0.291503211 0.395385325 -0.034611668 0.917863011 -4.445747950
0 0.484845628 0.861947835 0.500000000 0.500000000 0.000000000 0.000000000 0.917271912 0.034011777 -0.396806598 -0.163584765 -0.017397217 0.998817563 0.045396373 0.291332731 0.397881389 -0.034737486 0.916778982 -4.462781677
0 0.484845628 0.861947835 0.500000000 0.500000000 0.000000000 0.000000000 0.916306317 0.034136243 -0.399020612 -0.161370688 -0.017450282 0.998817563 0.045376290 0.292823350 0.400097787 -0.034615558 0.915818512 -4.479218993
0 0.484845628 0.861947835 0.500000000 0.500000000 0.000000000 0.000000000 0.915368199 0.034413349 -0.401144356 -0.159687901 -0.017607685 0.998808861 0.045506913 0.293502776 0.402232587 -0.034592357 0.914883792 -4.495343693
0 0.484845628 0.861947835 0.500000000 0.500000000 0.000000000 0.000000000 0.914412200 0.034578916 -0.403304607 -0.157773420 -0.017703783 0.998807609 0.045496948 0.295096463 0.404396921 -0.034462947 0.913934052 -4.511597322
0 0.484845628 0.861947835 0.500000000 0.500000000 0.000000000 0.000000000 0.913401484 0.034774121 -0.405571848 -0.155156991 -0.017875466 0.998809814 0.045381002 0.297907616 0.406667233 -0.034201287 0.912935913 -4.528271949
0 0.484845628 0.861947835 0.500000000 0.500000000 0.000000000 0.000000000 0.912469923 0.034887090 -0.407653660 -0.153795583 -0.017995981 0.998815954 0.045197662 0.300843254 0.408747792 -0.033905379 0.912017345 -4.544943001
0 0.484845628 0.861947835 0.500000000 0.500000000 0.000000000 0.000000000 0.911588371 0.034904946 -0.409619689 -0.153740906 -0.018025085 0.998824418 0.044998948 0.303783331 0.410708815 -0.033637088 0.911145866 -4.560964316
0 0.484845628 0.861947835 0.500000000 0.500000000 0.000000000 0.000000000 0.910750210 0.035051066 -0.411467522 -0.154415615 -0.018172016 0.998827815 0.044863354 0.306769253 0.412557721 -0.033382114 0.910319567 -4.577518294
0 0.484845628 0.861947835 0.500000000 0.500000000 0.000000000 0.000000000 0.909875214 0.035226554 -0.413383782 -0.153782021 -0.018354276 0.998831093 0.044716977 0.309569224 0.414475799 -0.033099510 0.909458220 -4.593453647
0 0.484845628 0.861947835 0.500000000 0.500000000 0.000000000 0.000000000 0.908979177 0.035132017 -0.415358454 -0.153155559 -0.018270573 0.998842239 0.044500783 0.312259816 0.416440964 -0.032861445 0.908568680 -4.609674220
0 0.484845628 0.861947835 0.500000000 0.500000000 0.000000000 0.000000000 0.908108473 0.035298672 -0.417244524 -0.153042207 -0.018480267 0.998848200 0.044280808 0.315859425 0.418326974 -0.032500990 0.907714844 -4.625482125
0 0.484845628 0.861947835 0.500000000 0.500000000 0.000000000 0.000000000 0.907218874 0.035576377 -0.419151813 -0.152033527 -0.018752061 0.998847067 0.044191949 0.318582932 0.420240760 -0.032231811 0.906840026 -4.641090132
0 0.484845628 0.861947835 0.500000000 0.500000000 0.000000000 0.000000000 0.906395137 0.035631113 -0.420925438 -0.152301059 -0.018792694 0.998851001 0.044085164 0.320691085 0.422012597 -0.032048255 0.906023324 -4.656549613
0 0.484845628 0.861947835 0.500000000 0.500000000 0.000000000 0.000000000 0.905487835 0.035896908 -0.422851294 -0.151384365 -0.019007642 0.998846650 0.044091903 0.322471702 0.423946351 -0.031887274 0.905125797 -4.672413383
0 0.484845628 0.861947835 0.500000000 0.500000000 0.000000000 0.000000000 0.904693902 0.036072582 -0.424532384 -0.151985587 -0.019189354 0.998848140 0.043979075 0.324626110 0.425629824 -0.031641100 0.904344022 -4.687404194
0 0.484845628 0.861947835 0.500000000 0.500000000 0.000000000 0.000000000 0.903748453 0.036086794 -0.426540136 -0.151115833 -0.019162619 0.998851895 0.043904837 0.326097597 0.427634835 -0.031505302 0.903402388 -4.704351683
0 0.484845628 0.861947835 0.500000000 0.500000000 0.000000000 0.000000000 0.902713001 0.036445741 -0.428696811 -0.148217090 -0.019465216 0.998845041 0.043928821 0.328085130 0.429802686 -0.031310443 0.902379811 -4.721076500
0 0.484845628 0.861947835 0.500000000 0.500000000 0.000000000 0.000000000 0.901659131 0.036596283 -0.430896193 -0.145230539 -0.019599147 0.998847127 0.043821096 0.330174308 0.432003111 -0.031066494 0.901336908 -4.737958214
0 0.484845628 0.861947835 0.500000000 0.500000000 0.000000000 0.000000000 0.900677204 0.036923978 -0.432917118 -0.143640076 -0.019853307 0.998839200 0.043887611 0.331807409 0.434035093 -0.030933734 0.900364757 -4.754835916
0 0.484845628 0.861947835 0.500000000 0.500000000 0.000000000 0.000000000 0.899583936 0.037054472 -0.435173213 -0.140001270 -0.019876622 0.998835504 0.043960962 0.332434503 0.436295420 -0.030896800 0.899272859 -4.772092737
0 0.484845628 0.861947835 0.500000000 0.500000000 0.000000000 0.000000000 0.898578286 0.037239503 -0.437230229 -0.137912439 -0.019920882 0.998827100 0.044130877 0.332188871 0.438360810 -0.030945035 0.898266196 -4.789725565
0 0.484845628 0.861947835 0.500000000 0.500000000 0.000000000 0.000000000 0.897582769 0.037367340 -0.439259440 -0.135444146 -0.019926805 0.998821735 0.044250283 0.332144290 0.440395385 -0.030965256 0.897269785 -4.805892966
0 0.484845628 0.861947835 0.500000000 0.500000000 0.000000000 0.000000000 0.896549463 0.037560191 -0.441348284 -0.132282287 -0.019963380 0.998812199 0.044448838 0.331659747 0.442493558 -0.031039776 0.896234334 -4.822751736
0 0.484845628 0.861947835 0.500000000 0.500000000 0.000000000 0.000000000 0.895570576 0.037677828 -0.443321228 -0.130056707 -0.019862030 0.998800099 0.044763859 0.329629833 0.444475919 -0.031283937 0.895244360 -4.839471274
0 0.484845628 0.861947835 0.500000000 0.500000000 0.000000000 0.000000000 0.894571304 0.037776317 -0.445325851 -0.127489970 -0.019820660 0.998794377 0.044910435 0.328954806 0.446485490 -0.031348936 0.894241571 -4.855770219
0 0.484845628 0.861947835 0.500000000 0.500000000 0.000000000 0.000000000 0.893678963 0.037710741 -0.447119474 -0.126551575 -0.019547483 0.998788118 0.045168832 0.327138058 0.448280960 -0.031626374 0.893333077 -4.872482729
0 0.484845628 0.861947835 0.500000000 0.500000000 0.000000000 0.000000000 0.892729938 0.037857644 -0.448998898 -0.124248206 -0.019614426 0.998784721 0.045214478 0.327875977 0.450164944 -0.031557463 0.892387629 -4.888561607
0 0.484845628 0.861947835 0.500000000 0.500000000 0.000000000 0.000000000 0.891796112 0.037960988 -0.450842172 -0.122321785 -0.019627815 0.998781860 0.045272466 0.328621944 0.452011555 -0.031524763 0.891454816 -4.904858806
0 0.484845628 0.861947835 0.500000000 0.500000000 0.000000000 0.000000000 0.890729129 0.038150724 -0.452930599 -0.118225481 -0.019820416 0.998783588 0.045149729 0.331131971 0.454102129 -0.031238906 0.890401781 -4.921484724
0 0.484845628 0.861947835 0.500000000 0.500000000 0.000000000 0.000000000 0.889793634 0.038500752 -0.454736233 -0.115789152 -0.020287151 0.998786926 0.044867050 0.335594093 0.455912024 -0.030697113 0.889495313 -4.937416911
0 0.484845628 0.861947835 0.500000000 0.500000000 0.000000000 0.000000000 0.888734162 0.038866792 -0.456772357 -0.111338777 -0.020688549 0.998784721 0.044733308 0.339111020 0.457955867 -0.030306060 0.888458192 -4.953414423
0 0.484845628 0.861947835 0.500000000 0.500000000 0.000000000 0.000000000 0.887914240 0.039218873 -0.458334118 -0.111181404 -0.021144774 0.998785555 0.044501372 0.343659350 0.459522784 -0.029822031 0.887665153 -4.969230484
0 0.484845628 0.861947835 0.500000000 0.500000000 0.000000000 0.000000000 0.886965811 0.039344069 -0.460156143 -0.108218893 -0.021499371 0.998802006 0.043958403 0.349369182 0.461334378 -0.029096533 0.886749089 -4.984425585
0 0.484845628 0.861947835 0.500000000 0.500000000 0.000000000 0.000000000 0.886219263 0.039538585 -0.461575687 -0.108306040 -0.021834081 0.998808861 0.043636844 0.353744454 0.462751210 -0.028593728 0.886026919 -4.998990993
0 0.484845628 0.861947835 0.500000000 0.500000000 0.000000000 0.000000000 0.885440767 0.039733347 -0.463050693 -0.107798645 -0.022270303 0.998821557 0.043121606 0.359793416 0.464218378 -0.027869349 0.885282218 -5.013485740
0 0.484845628 0.861947835 0.500000000 0.500000000 0.000000000 0.000000000 0.884687126 0.039928671 -0.464472175 -0.107291382 -0.022650700 0.998830199 0.042721994 0.364704107 0.465634674 -0.027274979 0.884556651 -5.028004283
0 0.484845628 0.861947835 0.500000000 0.500000000 0.000000000 0.000000000 0.884030879 0.040126920 -0.465702951 -0.108255906 -0.023024304 0.998837173 0.042357616 0.369537379 0.466861099 -0.026722953 0.883926809 -5.042249952
0 0.484845628 0.861947835 0.500000000 0.500000000 0.000000000 0.000000000 0.883454084 0.040348921 -0.466777086 -0.110978437 -0.023524420 0.998848259 0.041818041 0.375729003 0.467926770 -0.025963660 0.883385777 -5.056859720
0 0.484845628 0.861947835 0.500000000 0.500000000 0.000000000 0.000000000 0.882863164 0.040403172 -0.467889130 -0.112575224 -0.023821579 0.998862565 0.041304700 0.381108877 0.469025791 -0.025320539 0.882821441 -5.070924075
0 0.484845628 0.861947835 0.500000000 0.500000000 0.000000000 0.000000000 0.882302225 0.040458672 -0.468941242 -0.114584605 -0.024018425 0.998870850 0.040989097 0.384745430 0.470070124 -0.024901539 0.882277727 -5.085092113
0 0.484845628 0.861947835 0.500000000 0.500000000 0.000000000 0.000000000 0.881802976 0.040508050 -0.469875127 -0.117603261 -0.024235228 0.998880208 0.040632062 0.388648731 0.470994890 -0.024441943 0.881797254 -5.099241227
0 0.484845628 0.861947835 0.500000000 0.500000000 0.000000000 0.000000000 0.881349087 0.040411483 -0.470734209 -0.120931786 -0.024323342 0.998895049 0.040212665 0.392376636 0.471839130 -0.023991566 0.881358206 -5.113782394
0 0.484845628 0.861947835 0.500000000 0.500000000 0.000000000 0.000000000 0.881145477 0.040422197 -0.471114337 -0.128360551 -0.024513993 0.998904586 0.039857686 0.395928619 0.472209424 -0.023571523 0.881171167 -5.128442947
0 0.484845628 0.861947835 0.500000000 0.500000000 0.000000000 0.000000000 0.880820155 0.040456120 -0.471719414 -0.133354103 -0.024726054 0.998913586 0.039500095 0.399492660 0.472804934 -0.023128720 0.880863547 -5.143121243
0 0.484845628 0.861947835 0.500000000 0.500000000 0.000000000 0.000000000 0.880595088 0.040385272 -0.472145379 -0.139751538 -0.024857275 0.998926759 0.039082736 0.402917112 0.473217040 -0.022679819 0.880653858 -5.157639599
0 0.484845628 0.861947835 0.500000000 0.500000000 0.000000000 0.000000000 0.880407870 0.040343430 -0.472498000 -0.146642609 -0.025032807 0.998939216 0.038648952 0.406809387 0.473556012 -0.022198891 0.880483925 -5.172603861
0 0.484845628 0.861947835 0.500000000 0.500000000 0.000000000 0.000000000 0.880278289 0.040243197 -0.472747952 -0.154302523 -0.025174599 0.998954475 0.038160857 0.410788963 0.473789394 -0.021690933 0.880371034 -5.187544096
0 0.484845628 0.861947835 0.500000000 0.500000000 0.000000000 0.000000000 0.880193532 0.040068369 -0.472920597 -0.161895446 -0.025270589 0.998973072 0.037605073 0.414922901 0.473941743 -0.021148760 0.880302191 -5.201569671
0 0.484845628 0.861947835 0.500000000 0.500000000 0.000000000 0.000000000 0.880221426 0.039862160 -0.472886145 -0.171304187 -0.025345298 0.998992562 0.037033290 0.419392566 0.473885953 -0.020612054 0.880344927 -5.215967801
