0 0.480517833 0.854253891 0.500000000 0.500000000 0.000000000 0.000000000 -0.164682403 -0.039078400 0.985572219 -0.714906878 0.015383568 0.998991549 0.042180970 -0.062233381 -0.986226678 0.022108080 -0.163915172 -0.623223019
0 0.480517833 0.854253891 0.500000000 0.500000000 0.000000000 0.000000000 -0.173629031 -0.039196312 0.984030783 -0.720876558 0.014840703 0.998990059 0.042410769 -0.062259943 -0.984699309 0.021967448 -0.172871962 -0.624069978
0 0.480517833 0.854253891 0.500000000 0.500000000 0.000000000 0.000000000 -0.182451636 -0.039266258 0.982430458 -0.726566955 0.014672862 0.998982191 0.042652771 -0.061889534 -0.983105361 0.022197135 -0.181689784 -0.624584658
0 0.480517833 0.854253891 0.500000000 0.500000000 0.000000000 0.000000000 -0.191247284 -0.039404962 0.980750620 -0.731941803 0.014510114 0.998971164 0.042966519 -0.061704135 -0.981434643 0.022448033 -0.190478742 -0.625111821
0 0.480517833 0.854253891 0.500000000 0.500000000 0.000000000 0.000000000 -0.199899703 -0.039408095 0.979023576 -0.736972826 0.014737778 0.998956859 0.043219659 -0.059764917 -0.979705513 0.023068229 -0.199110389 -0.625376543
0 0.480517833 0.854253891 0.500000000 0.500000000 0.000000000 0.000000000 -0.208514735 -0.039567720 0.977218509 -0.741747265 0.014464116 0.998947263 0.043533813 -0.058380392 -0.977912247 0.023212044 -0.207722917 -0.625455877
0 0.480517833 0.854253891 0.500000000 0.500000000 0.000000000 0.000000000 -0.217006326 -0.039650925 0.975364566 -0.746608761 0.014000836 0.998945534 0.043724556 -0.057354363 -0.976069808 0.023144424 -0.216222361 -0.625552160
0 0.480517833 0.854253891 0.500000000 0.500000000 0.000000000 0.000000000 -0.225263774 -0.039862037 0.973482013 -0.750684936 0.013663833 0.998935163 0.044066101 -0.056499384 -0.974201977 0.023227992 -0.224479243 -0.625896729
0 0.480517833 0.854253891 0.500000000 0.500000000 0.000000000 0.000000000 -0.233375639 -0.039958503 0.971565306 -0.754411822 0.013651621 0.998922229 0.044362839 -0.055469881 -0.972290814 0.023616647 -0.232578605 -0.625965109
0 0.480517833 0.854253891 0.500000000 0.500000000 0.000000000 0.000000000 -0.241145015 -0.040224269 0.969655156 -0.757364632 0.013799420 0.998897552 0.044869132 -0.053599129 -0.970390975 0.024200646 -0.240324095 -0.626329948
0 0.480517833 0.854253891 0.500000000 0.500000000 0.000000000 0.000000000 -0.248950481 -0.040363904 0.967674732 -0.760875271 0.013328598 0.998893797 0.045095127 -0.053152724 -0.968424499 0.024124200 -0.248137087 -0.627192362
0 0.480517833 0.854253891 0.500000000 0.500000000 0.000000000 0.000000000 -0.256484896 -0.040571388 0.965696335 -0.763616252 0.012866551 0.998886764 0.045383107 -0.051930843 -0.966462612 0.024065264 -0.255677372 -0.628187461
0 0.480517833 0.854253891 0.500000000 0.500000000 0.000000000 0.000000000 -0.263911992 -0.040529944 0.963694870 -0.766184669 0.012841818 0.998880565 0.045526531 -0.049876681 -0.964461267 0.024390591 -0.263096094 -0.629436753
0 0.480517833 0.854253891 0.500000000 0.500000000 0.000000000 0.000000000 -0.271119148 -0.040724728 0.961683869 -0.768479400 0.012902587 0.998861015 0.045936596 -0.048107421 -0.962459326 0.024862500 -0.270284921 -0.630962082
0 0.480517833 0.854253891 0.500000000 0.500000000 0.000000000 0.000000000 -0.278057545 -0.041238137 0.959678829 -0.770415742 0.012679812 0.998833418 0.046594493 -0.047689668 -0.960480750 0.025124498 -0.277210295 -0.632953065
0 0.480517833 0.854253891 0.500000000 0.500000000 0.000000000 0.000000000 -0.284702837 -0.041506674 0.957716823 -0.772074118 0.012580665 0.998814344 0.047027692 -0.047007622 -0.958533287 0.025437631 -0.283843100 -0.635107822
0 0.480517833 0.854253891 0.500000000 0.500000000 0.000000000 0.000000000 -0.291222185 -0.041578434 0.955751479 -0.773851984 0.012982642 0.998791277 0.047406688 -0.044292646 -0.956567347 0.026214059 -0.290330380 -0.637692027
0 0.480517833 0.854253891 0.500000000 0.500000000 0.000000000 0.000000000 -0.297435015 -0.041866411 0.953823686 -0.775156371 0.012436864 0.998783410 0.047718082 -0.044106961 -0.954661071 0.026055602 -0.296552479 -0.640959634
0 0.480517833 0.854253891 0.500000000 0.500000000 0.000000000 0.000000000 -0.303358614 -0.042045429 0.951948404 -0.775896871 0.012108898 0.998775244 0.047972426 -0.043546588 -0.952799499 0.026079895 -0.302477956 -0.644910895
0 0.480517833 0.854253891 0.500000000 0.500000000 0.000000000 0.000000000 -0.309464067 -0.042290773 0.949970245 -0.776845754 0.011827161 0.998762071 0.048315726 -0.043318797 -0.950837612 0.026187431 -0.308580786 -0.649615443
0 0.480517833 0.854253891 0.500000000 0.500000000 0.000000000 0.000000000 -0.315245658 -0.042555079 0.948055506 -0.777234002 0.011785765 0.998741508 0.048749190 -0.042719620 -0.948936939 0.026541531 -0.314347386 -0.654679312
0 0.480517833 0.854253891 0.500000000 0.500000000 0.000000000 0.000000000 -0.320948839 -0.042657141 0.946135402 -0.777813760 0.011804030 0.998727441 0.049032461 -0.042223908 -0.947022974 0.026905123 -0.320036888 -0.660458719
0 0.480517833 0.854253891 0.500000000 0.500000000 0.000000000 0.000000000 -0.326380700 -0.042828377 0.944267631 -0.777543467 0.011795870 0.998710632 0.049374878 -0.040770143 -0.945164800 0.027253466 -0.325454682 -0.667272521
0 0.480517833 0.854253891 0.500000000 0.500000000 0.000000000 0.000000000 -0.331961602 -0.042889040 0.942317367 -0.777929300 0.011546106 0.998706222 0.049523033 -0.039626051 -0.943222225 0.027319841 -0.331036896 -0.674487896
0 0.480517833 0.854253891 0.500000000 0.500000000 0.000000000 0.000000000 -0.337304682 -0.043187823 0.940404356 -0.777746897 0.010590198 0.998709857 0.049663983 -0.039996777 -0.941335976 0.026710963 -0.336412132 -0.681993160
0 0.480517833 0.854253891 0.500000000 0.500000000 0.000000000 0.000000000 -0.342470288 -0.043289106 0.938530862 -0.777491966 0.010066383 0.998711586 0.049738131 -0.038490802 -0.939474761 0.026481442 -0.341593266 -0.689774671
0 0.480517833 0.854253891 0.500000000 0.500000000 0.000000000 0.000000000 -0.347900838 -0.043332543 0.936529398 -0.777537189 0.009489457 0.998717368 0.049735069 -0.037692205 -0.937483311 0.026190028 -0.347043395 -0.697265389
0 0.480517833 0.854253891 0.500000000 0.500000000 0.000000000 0.000000000 -0.353241533 -0.043506552 0.934520006 -0.777421200 0.009545720 0.998698473 0.050102588 -0.036203896 -0.935483456 0.026618982 -0.352366477 -0.705225491
0 0.480517833 0.854253891 0.500000000 0.500000000 0.000000000 0.000000000 -0.358147919 -0.043744024 0.932639539 -0.776755238 0.009992961 0.998665035 0.050678302 -0.034434425 -0.933611393 0.027470158 -0.357232690 -0.713778723
0 0.480517833 0.854253891 0.500000000 0.500000000 0.000000000 0.000000000 -0.363140523 -0.043919612 0.930698693 -0.776212919 0.010343267 0.998636842 0.051161353 -0.032722811 -0.931676984 0.028205225 -0.362191230 -0.722108165
0 0.480517833 0.854253891 0.500000000 0.500000000 0.000000000 0.000000000 -0.368323117 -0.043957222 0.928658068 -0.775584764 0.010486363 0.998621643 0.051427972 -0.030951254 -0.929638684 0.028680356 -0.367354482 -0.730864746
0 0.480517833 0.854253891 0.500000000 0.500000000 0.000000000 0.000000000 -0.373224378 -0.043985382 0.926697850 -0.774632016 0.010507570 0.998610973 0.051630601 -0.028862788 -0.927681625 0.029007141 -0.372243792 -0.740196462
0 0.480517833 0.854253891 0.500000000 0.500000000 0.000000000 0.000000000 -0.378116190 -0.044017114 0.924711108 -0.773875772 0.010222377 0.998609602 0.051714703 -0.027139515 -0.925701678 0.029006911 -0.377140492 -0.749196016
0 0.480517833 0.854253891 0.500000000 0.500000000 0.000000000 0.000000000 -0.383046567 -0.044107378 0.922675371 -0.773003831 0.009694004 0.998612404 0.051761899 -0.025985877 -0.923678160 0.028771637 -0.382087469 -0.758125886
0 0.480517833 0.854253891 0.500000000 0.500000000 0.000000000 0.000000000 -0.387856603 -0.044170029 0.920660794 -0.772279792 0.009653019 0.998601675 0.051975988 -0.024098212 -0.921669185 0.029046386 -0.386887878 -0.767050278
0 0.480517833 0.854253891 0.500000000 0.500000000 0.000000000 0.000000000 -0.392633915 -0.044214681 0.918631434 -0.771030583 0.009833352 0.998584807 0.052265812 -0.021985746 -0.919642270 0.029554555 -0.391643494 -0.775396552
0 0.480517833 0.854253891 0.500000000 0.500000000 0.000000000 0.000000000 -0.397435963 -0.044231571 0.916563272 -0.770278131 0.010037769 0.998568296 0.052541509 -0.020303931 -0.917575002 0.030082136 -0.396422982 -0.784579288
0 0.480517833 0.854253891 0.500000000 0.500000000 0.000000000 0.000000000 -0.401963502 -0.044328243 0.914582074 -0.769105253 0.010175840 0.998549521 0.052870341 -0.018362533 -0.915599167 0.030558588 -0.400929421 -0.793190343
0 0.480517833 0.854253891 0.500000000 0.500000000 0.000000000 0.000000000 -0.406376094 -0.044434126 0.912624836 -0.767937576 0.009896455 0.998544216 0.053024113 -0.017203056 -0.913652301 0.030579483 -0.405344754 -0.802045082
0 0.480517833 0.854253891 0.500000000 0.500000000 0.000000000 0.000000000 -0.410910338 -0.044371709 0.910595298 -0.766975197 0.009677159 0.998546362 0.053024270 -0.015457811 -0.911624372 0.030600198 -0.409883618 -0.810955630
0 0.480517833 0.854253891 0.500000000 0.500000000 0.000000000 0.000000000 -0.415422201 -0.044426911 0.908543110 -0.765977001 0.009267664 0.998548031 0.053065613 -0.014416363 -0.909581482 0.030464707 -0.414407313 -0.819238617
0 0.480517833 0.854253891 0.500000000 0.500000000 0.000000000 0.000000000 -0.419876993 -0.044538230 0.906487525 -0.764900913 0.009186530 0.998535454 0.053315915 -0.013035938 -0.907534540 0.030713599 -0.418852895 -0.827476754
0 0.480517833 0.854253891 0.500000000 0.500000000 0.000000000 0.000000000 -0.423991710 -0.044651449 0.904564679 -0.763563270 0.009439457 0.998511791 0.053713407 -0.011277584 -0.905616879 0.031312637 -0.422939241 -0.836079006
0 0.480517833 0.854253891 0.500000000 0.500000000 0.000000000 0.000000000 -0.428193331 -0.044811841 0.902575433 -0.762161502 0.009747655 0.998482645 0.054197937 -0.009375689 -0.903634548 0.032005191 -0.427106798 -0.844449198
0 0.480517833 0.854253891 0.500000000 0.500000000 0.000000000 0.000000000 -0.432497323 -0.044870894 0.900518000 -0.760911336 0.009970313 0.998461843 0.054539729 -0.007839652 -0.901580095 0.032566734 -0.431384712 -0.852997917
0 0.480517833 0.854253891 0.500000000 0.500000000 0.000000000 0.000000000 -0.436718732 -0.044935349 0.898475111 -0.759695413 0.010079188 0.998444617 0.054834269 -0.006476792 -0.899541616 0.033003055 -0.435586542 -0.862272634
0 0.480517833 0.854253891 0.500000000 0.500000000 0.000000000 0.000000000 -0.441045463 -0.045006014 0.896355629 -0.758085293 0.010021259 0.998432636 0.055062193 -0.005434328 -0.897428811 0.033267543 -0.439903170 -0.871309452
0 0.480517833 0.854253891 0.500000000 0.500000000 0.000000000 0.000000000 -0.445477694 -0.045138251 0.894154429 -0.756534780 0.009732367 0.998425066 0.055250760 -0.005017566 -0.895240128 0.033315223 -0.444336802 -0.880671628
0 0.480517833 0.854253891 0.500000000 0.500000000 0.000000000 0.000000000 -0.449639320 -0.045355938 0.892057896 -0.754607793 0.009470487 0.998411715 0.055536982 -0.004815956 -0.893159986 0.033419833 -0.448495626 -0.890614890
0 0.480517833 0.854253891 0.500000000 0.500000000 0.000000000 0.000000000 -0.454041868 -0.045511398 0.889817238 -0.753127624 0.009248666 0.998400033 0.055784333 -0.004987203 -0.890932322 0.033558045 -0.452894479 -0.901386184
0 0.480517833 0.854253891 0.500000000 0.500000000 0.000000000 0.000000000 -0.458277702 -0.045597460 0.887638688 -0.751762356 0.009054668 0.998391867 0.055961601 -0.005303611 -0.888762951 0.033683229 -0.457127839 -0.912619227
0 0.480517833 0.854253891 0.500000000 0.500000000 0.000000000 0.000000000 -0.462103039 -0.045727134 0.885646522 -0.749783435 0.008793495 0.998384416 0.056136113 -0.005781875 -0.886782646 0.033728596 -0.460954368 -0.924477942
0 0.480517833 0.854253891 0.500000000 0.500000000 0.000000000 0.000000000 -0.466061085 -0.045715876 0.883570671 -0.748051297 0.008698619 0.998379111 0.056244358 -0.005525549 -0.884709775 0.033899155 -0.464908004 -0.936628226
0 0.480517833 0.854253891 0.500000000 0.500000000 0.000000000 0.000000000 -0.470050275 -0.045714445 0.881455004 -0.746485638 0.008429488 0.998379827 0.056273621 -0.005728963 -0.882599413 0.033881646 -0.468903363 -0.949298703
0 0.480517833 0.854253891 0.500000000 0.500000000 0.000000000 0.000000000 -0.473774761 -0.045682710 0.879460394 -0.744529148 0.008155547 0.998383224 0.056253519 -0.005467861 -0.880608320 0.033823978 -0.472636193 -0.962052571
0 0.480517833 0.854253891 0.500000000 0.500000000 0.000000000 0.000000000 -0.477602154 -0.045645427 0.877389669 -0.742652500 0.007873482 0.998387039 0.056226093 -0.004934741 -0.878540933 0.033761814 -0.476472408 -0.975469055
0 0.480517833 0.854253891 0.500000000 0.500000000 0.000000000 0.000000000 -0.481504411 -0.045684226 0.875252247 -0.740447135 0.007621738 0.998384595 0.056304146 -0.003963789 -0.876410544 0.033781637 -0.480378389 -0.988711011
0 0.480517833 0.854253891 0.500000000 0.500000000 0.000000000 0.000000000 -0.485416263 -0.045715403 0.873087108 -0.738874671 0.007464433 0.998378873 0.056425810 -0.003053676 -0.874251306 0.033907108 -0.484288126 -1.002570132
0 0.480517833 0.854253891 0.500000000 0.500000000 0.000000000 0.000000000 -0.489344239 -0.045668107 0.870894194 -0.737747461 0.007731301 0.998361528 0.056696381 -0.001070824 -0.872056425 0.034477193 -0.488189369 -1.016885962
0 0.480517833 0.854253891 0.500000000 0.500000000 0.000000000 0.000000000 -0.493077666 -0.045543049 0.868792415 -0.736315317 0.008176494 0.998342156 0.056974705 0.001665240 -0.869946897 0.035196632 -0.491887838 -1.030759429
0 0.480517833 0.854253891 0.500000000 0.500000000 0.000000000 0.000000000 -0.496883959 -0.045491550 0.866623819 -0.735910719 0.008198155 0.998334467 0.057105877 0.003969861 -0.867778242 0.035479713 -0.495683461 -1.044955293
0 0.480517833 0.854253891 0.500000000 0.500000000 0.000000000 0.000000000 -0.500666022 -0.045208279 0.864459217 -0.735759424 0.008079459 0.998347759 0.056889553 0.006217156 -0.865602791 0.035467029 -0.499473572 -1.059496627
0 0.480517833 0.854253891 0.500000000 0.500000000 0.000000000 0.000000000 -0.504186690 -0.045179922 0.862412035 -0.734819471 0.007717659 0.998354971 0.056813613 0.008318951 -0.863560200 0.035300471 -0.503008604 -1.073447673
0 0.480517833 0.854253891 0.500000000 0.500000000 0.000000000 0.000000000 -0.507880211 -0.045189079 0.860241592 -0.734088908 0.007487147 0.998353839 0.056864563 0.010177912 -0.861395180 0.035321143 -0.506705821 -1.087329975
0 0.480517833 0.854253891 0.500000000 0.500000000 0.000000000 0.000000000 -0.511637807 -0.045268409 0.858007848 -0.733754476 0.007598306 0.998333633 0.057202920 0.012535978 -0.859167635 0.035786584 -0.510441303 -1.101372143
0 0.480517833 0.854253891 0.500000000 0.500000000 0.000000000 0.000000000 -0.515298188 -0.045370709 0.855809152 -0.733434216 0.007555472 0.998318374 0.057475124 0.014292279 -0.856977642 0.036082868 -0.514088869 -1.115462766
0 0.480517833 0.854253891 0.500000000 0.500000000 0.000000000 0.000000000 -0.519057453 -0.045349129 0.853535473 -0.733865619 0.007510042 0.998311043 0.057608243 0.016489845 -0.854706347 0.036312073 -0.517840207 -1.129402296
0 0.480517833 0.854253891 0.500000000 0.500000000 0.000000000 0.000000000 -0.522572637 -0.045292042 0.851390898 -0.733631139 0.007172485 0.998319149 0.057510663 0.017557647 -0.852564573 0.036160089 -0.521369398 -1.143265268
0 0.480517833 0.854253891 0.500000000 0.500000000 0.000000000 0.000000000 -0.526021957 -0.045254666 0.849266112 -0.732817782 0.007008259 0.998318732 0.057538006 0.019252725 -0.850442111 0.036218133 -0.524820387 -1.155943340
0 0.480517833 0.854253891 0.500000000 0.500000000 0.000000000 0.000000000 -0.529580712 -0.045252200 0.847051680 -0.732538291 0.006819862 0.998316646 0.057597063 0.020670786 -0.848232150 0.036279067 -0.528380573 -1.168086124
0 0.480517833 0.854253891 0.500000000 0.500000000 0.000000000 0.000000000 -0.533205867 -0.045250855 0.844774425 -0.732654051 0.006662839 0.998312831 0.057680696 0.021742448 -0.845959246 0.036384281 -0.532004774 -1.180708878
0 0.480517833 0.854253891 0.500000000 0.500000000 0.000000000 0.000000000 -0.536795497 -0.045270596 0.842496991 -0.732565287 0.006654823 0.998301208 0.057882663 0.023169540 -0.843686163 0.036677819 -0.535582304 -1.191961070
0 0.480517833 0.854253891 0.500000000 0.500000000 0.000000000 0.000000000 -0.540386617 -0.045324508 0.840195239 -0.732423131 0.006726061 0.998283505 0.058178600 0.024719125 -0.841389954 0.037090141 -0.539154172 -1.203321082
0 0.480517833 0.854253891 0.500000000 0.500000000 0.000000000 0.000000000 -0.543768466 -0.045448583 0.838003755 -0.731689648 0.006830198 0.998259842 0.058571983 0.025975301 -0.839207470 0.037573330 -0.542511821 -1.214531414
0 0.480517833 0.854253891 0.500000000 0.500000000 0.000000000 0.000000000 -0.547129035 -0.045441914 0.835813880 -0.730608364 0.007267379 0.998229802 0.059029490 0.027583334 -0.837016702 0.038370926 -0.545830250 -1.225983186
0 0.480517833 0.854253891 0.500000000 0.500000000 0.000000000 0.000000000 -0.550444901 -0.045618996 0.833624184 -0.729077084 0.007226385 0.998208284 0.059397250 0.027635019 -0.834840238 0.038719002 -0.549129009 -1.237662093
0 0.480517833 0.854253891 0.500000000 0.500000000 0.000000000 0.000000000 -0.553934813 -0.045574255 0.831311762 -0.728160298 0.006953175 0.998212576 0.059357274 0.027180769 -0.832530975 0.038660318 -0.552627802 -1.249925243
0 0.480517833 0.854253891 0.500000000 0.500000000 0.000000000 0.000000000 -0.557609975 -0.045608815 0.828849137 -0.727655973 0.006137448 0.998235643 0.059058569 0.025323071 -0.830080390 0.038018670 -0.556346238 -1.262280493
0 0.480517833 0.854253891 0.500000000 0.500000000 0.000000000 0.000000000 -0.560899496 -0.045707054 0.826621175 -0.725758067 0.005371182 0.998252869 0.058841813 0.023229361 -0.827866435 0.037444279 -0.559674084 -1.274527033
0 0.480517833 0.854253891 0.500000000 0.500000000 0.000000000 0.000000000 -0.564071953 -0.045740750 0.824457765 -0.723923213 0.004835823 0.998264432 0.058692049 0.021238012 -0.825711489 0.037093468 -0.562871754 -1.287356710
0 0.480517833 0.854253891 0.500000000 0.500000000 0.000000000 0.000000000 -0.567217648 -0.045808833 0.822292924 -0.721653196 0.004700170 0.998255551 0.058853649 0.019828440 -0.823554516 0.037247747 -0.566012859 -1.299961680
