0 0.577311514 1.026331501 0.500000000 0.500000000 0.000000000 0.000000000 0.999980271 -0.004304575 -0.004580917 0.113858724 0.004359101 0.999918997 0.011960144 -1.087492497 0.004529063 -0.011979876 0.999917984 1.136278879
0 0.577311514 1.026331501 0.500000000 0.500000000 0.000000000 0.000000000 0.999979317 -0.004201229 -0.004871062 0.115045299 0.004259008 0.999919951 0.011912489 -1.093162625 0.004820626 -0.011932989 0.999917150 1.143367512
0 0.577311514 1.026331501 0.500000000 0.500000000 0.000000000 0.000000000 0.999978960 -0.004013158 -0.005091113 0.117196409 0.004074047 0.999919593 0.012006423 -1.104069183 0.005042520 -0.012026912 0.999914944 1.158016780
0 0.577311514 1.026331501 0.500000000 0.500000000 0.000000000 0.000000000 0.999978364 -0.004033776 -0.005194147 0.119974372 0.004095832 0.999919713 0.011992485 -1.115075324 0.005145355 -0.012013501 0.999914587 1.172354238
0 0.577311514 1.026331501 0.500000000 0.500000000 0.000000000 0.000000000 0.999979496 -0.004027761 -0.004979230 0.120944684 0.004086893 0.999920547 0.011923265 -1.120726065 0.004930810 -0.011943370 0.999916494 1.179565680
0 0.577311514 1.026331501 0.500000000 0.500000000 0.000000000 0.000000000 0.999978662 -0.003894065 -0.005241175 0.123812153 0.003956525 0.999920666 0.011960038 -1.131325772 0.005194186 -0.011980520 0.999914765 1.193766513
0 0.577311514 1.026331501 0.500000000 0.500000000 0.000000000 0.000000000 0.999977589 -0.003825078 -0.005496792 0.125460372 0.003890463 0.999921203 0.011933970 -1.136726971 0.005450711 -0.011955088 0.999913692 1.200873350
0 0.577311514 1.026331501 0.500000000 0.500000000 0.000000000 0.000000000 0.999978781 -0.003869876 -0.005245094 0.127914626 0.003933468 0.999918222 0.012168696 -1.147479977 0.005197574 -0.012189069 0.999912202 1.215098380
0 0.577311514 1.026331501 0.500000000 0.500000000 0.000000000 0.000000000 0.999978006 -0.003904991 -0.005365101 0.130880963 0.003970216 0.999917686 0.012200830 -1.157865998 0.005317016 -0.012221862 0.999911189 1.229065609
0 0.577311514 1.026331501 0.500000000 0.500000000 0.000000000 0.000000000 0.999977648 -0.003962463 -0.005382057 0.132465379 0.004027224 0.999918997 0.012075592 -1.162945406 0.005333772 -0.012096997 0.999912620 1.235890168
0 0.577311514 1.026331501 0.500000000 0.500000000 0.000000000 0.000000000 0.999977350 -0.004079797 -0.005357672 0.135683476 0.004145675 0.999915242 0.012343132 -1.173437158 0.005306860 -0.012365063 0.999909461 1.249890077
0 0.577311514 1.026331501 0.500000000 0.500000000 0.000000000 0.000000000 0.999976277 -0.003982874 -0.005618151 0.137476054 0.004051809 0.999916017 0.012312438 -1.178531440 0.005568640 -0.012334910 0.999908388 1.256672847
0 0.577311514 1.026331501 0.500000000 0.500000000 0.000000000 0.000000000 0.999976397 -0.004066475 -0.005542881 0.140920570 0.004134255 0.999916136 0.012272200 -1.188775036 0.005492512 -0.012294825 0.999909341 1.270377180
0 0.577311514 1.026331501 0.500000000 0.500000000 0.000000000 0.000000000 0.999976873 -0.004011061 -0.005492886 0.144534484 0.004078253 0.999916315 0.012276501 -1.199161012 0.005443185 -0.012298618 0.999909580 1.283997081
0 0.577311514 1.026331501 0.500000000 0.500000000 0.000000000 0.000000000 0.999976516 -0.004275650 -0.005360763 0.146790439 0.004340966 0.999915779 0.012232187 -1.204496466 0.005308011 -0.012255170 0.999910831 1.290912588
0 0.577311514 1.026331501 0.500000000 0.500000000 0.000000000 0.000000000 0.999976873 -0.004304606 -0.005262356 0.149935970 0.004369413 0.999913990 0.012366277 -1.214561461 0.005208672 -0.012388985 0.999909699 1.304176031
0 0.577311514 1.026331501 0.500000000 0.500000000 0.000000000 0.000000000 0.999976695 -0.004189413 -0.005396168 0.151521511 0.004254801 0.999916971 0.012163668 -1.219707675 0.005344762 -0.012186344 0.999911487 1.310444095
0 0.577311514 1.026331501 0.500000000 0.500000000 0.000000000 0.000000000 0.999976516 -0.004246500 -0.005379197 0.155340911 0.004311945 0.999916136 0.012213683 -1.229855116 0.005326880 -0.012236590 0.999910951 1.323773318
0 0.577311514 1.026331501 0.500000000 0.500000000 0.000000000 0.000000000 0.999975324 -0.004196389 -0.005634103 0.158428534 0.004265327 0.999915481 0.012280088 -1.239888906 0.005582094 -0.012303816 0.999908745 1.336994305
0 0.577311514 1.026331501 0.500000000 0.500000000 0.000000000 0.000000000 0.999975502 -0.004358317 -0.005478686 0.160188960 0.004425779 0.999913812 0.012362268 -1.244832560 0.005424335 -0.012386212 0.999908566 1.343584452
0 0.577311514 1.026331501 0.500000000 0.500000000 0.000000000 0.000000000 0.999975741 -0.004314534 -0.005462879 0.163919429 0.004382695 0.999911904 0.012527176 -1.254428687 0.005408349 -0.012550814 0.999906600 1.356516448
0 0.577311514 1.026331501 0.500000000 0.500000000 0.000000000 0.000000000 0.999975562 -0.004173434 -0.005609041 0.164869771 0.004243577 0.999912202 0.012552055 -1.259186528 0.005556164 -0.012575550 0.999905467 1.362698880
0 0.577311514 1.026331501 0.500000000 0.500000000 0.000000000 0.000000000 0.999975562 -0.003970158 -0.005753650 0.168493984 0.004041827 0.999913692 0.012498759 -1.269446401 0.005703532 -0.012521709 0.999905348 1.375563120
0 0.577311514 1.026331501 0.500000000 0.500000000 0.000000000 0.000000000 0.999972165 -0.003827228 -0.006407743 0.171339364 0.003907776 0.999912918 0.012605509 -1.278945118 0.006358941 -0.012630198 0.999900043 1.388094361
0 0.577311514 1.026331501 0.500000000 0.500000000 0.000000000 0.000000000 0.999973655 -0.003962490 -0.006077656 0.172655170 0.004038852 0.999912381 0.012603994 -1.284238786 0.006027181 -0.012628209 0.999902070 1.394281126
0 0.577311514 1.026331501 0.500000000 0.500000000 0.000000000 0.000000000 0.999972165 -0.003733076 -0.006462546 0.175846722 0.003814979 0.999911964 0.012707911 -1.294141151 0.006414538 -0.012732211 0.999898374 1.407193109
0 0.577311514 1.026331501 0.500000000 0.500000000 0.000000000 0.000000000 0.999974608 -0.003875120 -0.005984034 0.176755315 0.003949954 0.999913514 0.012544729 -1.299525802 0.005934904 -0.012568046 0.999903381 1.413410001
0 0.577311514 1.026331501 0.500000000 0.500000000 0.000000000 0.000000000 0.999974370 -0.004392921 -0.005653443 0.181533117 0.004463382 0.999911785 0.012511669 -1.310243686 0.005597982 -0.012536582 0.999905765 1.426554033
0 0.577311514 1.026331501 0.500000000 0.500000000 0.000000000 0.000000000 0.999974370 -0.005013891 -0.005111642 0.185817964 0.005077756 0.999908268 0.012558438 -1.320624165 0.005048207 -0.012584072 0.999908090 1.439633845
0 0.577311514 1.026331501 0.500000000 0.500000000 0.000000000 0.000000000 0.999974668 -0.005192912 -0.004865411 0.188597433 0.005252711 0.999909818 0.012359438 -1.325046831 0.004800790 -0.012384682 0.999911785 1.445278268
0 0.577311514 1.026331501 0.500000000 0.500000000 0.000000000 0.000000000 0.999973774 -0.005878396 -0.004237202 0.193717087 0.005931121 0.999903798 0.012540005 -1.335020691 0.004163080 -0.012564807 0.999912381 1.458436520
0 0.577311514 1.026331501 0.500000000 0.500000000 0.000000000 0.000000000 0.999973118 -0.005729335 -0.004569580 0.194877025 0.005786160 0.999904871 0.012520828 -1.339828551 0.004497409 -0.012546932 0.999911189 1.464501611
0 0.577311514 1.026331501 0.500000000 0.500000000 0.000000000 0.000000000 0.999972999 -0.006059880 -0.004151959 0.199222585 0.006110669 0.999905288 0.012330989 -1.350196508 0.004076842 -0.012356028 0.999915361 1.476634567
0 0.577311514 1.026331501 0.500000000 0.500000000 0.000000000 0.000000000 0.999971867 -0.006160081 -0.004282223 0.202725406 0.006213145 0.999902666 0.012490800 -1.360131181 0.004204862 -0.012517054 0.999912798 1.489029544
0 0.577311514 1.026331501 0.500000000 0.500000000 0.000000000 0.000000000 0.999972761 -0.006137899 -0.004099797 0.204175617 0.006188587 0.999903142 0.012467402 -1.364992354 0.004022876 -0.012492434 0.999913871 1.494729919
0 0.577311514 1.026331501 0.500000000 0.500000000 0.000000000 0.000000000 0.999971569 -0.006365882 -0.004034854 0.207810984 0.006415256 0.999903202 0.012344331 -1.375504106 0.003955882 -0.012369864 0.999915659 1.506499087
0 0.577311514 1.026331501 0.500000000 0.500000000 0.000000000 0.000000000 0.999971271 -0.006338532 -0.004161203 0.209363152 0.006390001 0.999901772 0.012474278 -1.380347040 0.004081726 -0.012500510 0.999913514 1.512398593
0 0.577311514 1.026331501 0.500000000 0.500000000 0.000000000 0.000000000 0.999970615 -0.006479388 -0.004089995 0.212915052 0.006529696 0.999901712 0.012409170 -1.390373936 0.004009190 -0.012435513 0.999914646 1.523252096
0 0.577311514 1.026331501 0.500000000 0.500000000 0.000000000 0.000000000 0.999969304 -0.006611209 -0.004207028 0.216347204 0.006663688 0.999898612 0.012584805 -1.400222044 0.004123401 -0.012612453 0.999911964 1.534408984
0 0.577311514 1.026331501 0.500000000 0.500000000 0.000000000 0.000000000 0.999969065 -0.006705015 -0.004106921 0.217927553 0.006755964 0.999898791 0.012520042 -1.404921200 0.004022558 -0.012547402 0.999913216 1.539495141
0 0.577311514 1.026331501 0.500000000 0.500000000 0.000000000 0.000000000 0.999968588 -0.006853843 -0.003981444 0.221651273 0.006903196 0.999897838 0.012517103 -1.414917883 0.003895247 -0.012544195 0.999913752 1.550016612
0 0.577311514 1.026331501 0.500000000 0.500000000 0.000000000 0.000000000 0.999969780 -0.006716235 -0.003909492 0.222713809 0.006765304 0.999896765 0.012676452 -1.419381440 0.003823950 -0.012702518 0.999912024 1.555279377
0 0.577311514 1.026331501 0.500000000 0.500000000 0.000000000 0.000000000 0.999968469 -0.006905929 -0.003927771 0.226230551 0.006954934 0.999896407 0.012602819 -1.429094761 0.003840330 -0.012629739 0.999912858 1.565436974
0 0.577311514 1.026331501 0.500000000 0.500000000 0.000000000 0.000000000 0.999967158 -0.006930110 -0.004206344 0.228795221 0.006982219 0.999897480 0.012502601 -1.438612332 0.004119268 -0.012531561 0.999912977 1.575040621
0 0.577311514 1.026331501 0.500000000 0.500000000 0.000000000 0.000000000 0.999965489 -0.006895711 -0.004637958 0.230869829 0.006953594 0.999896646 0.012582216 -1.443285883 0.004550716 -0.012614033 0.999910057 1.580059118
0 0.577311514 1.026331501 0.500000000 0.500000000 0.000000000 0.000000000 0.999964476 -0.007161897 -0.004445027 0.234054039 0.007218097 0.999892533 0.012758913 -1.452181026 0.004353171 -0.012790544 0.999908745 1.589776056
0 0.577311514 1.026331501 0.500000000 0.500000000 0.000000000 0.000000000 0.999965727 -0.007146580 -0.004177324 0.235249781 0.007199790 0.999891341 0.012864641 -1.456384604 0.004084933 -0.012894276 0.999908507 1.594250277
0 0.577311514 1.026331501 0.500000000 0.500000000 0.000000000 0.000000000 0.999965250 -0.007263596 -0.004091775 0.238605183 0.007315676 0.999890566 0.012860358 -1.465421303 0.003997914 -0.012889844 0.999908924 1.603476431
0 0.577311514 1.026331501 0.500000000 0.500000000 0.000000000 0.000000000 0.999965012 -0.007154238 -0.004329067 0.241379228 0.007210038 0.999889314 0.013014176 -1.474147471 0.004235481 -0.013044934 0.999905944 1.612493143
0 0.577311514 1.026331501 0.500000000 0.500000000 0.000000000 0.000000000 0.999962926 -0.007226048 -0.004679296 0.243596125 0.007285101 0.999892473 0.012728610 -1.478181128 0.004586815 -0.012762227 0.999908030 1.616301752
0 0.577311514 1.026331501 0.500000000 0.500000000 0.000000000 0.000000000 0.999964058 -0.007330814 -0.004255367 0.246818879 0.007383919 0.999893367 0.012600861 -1.486791218 0.004162539 -0.012631830 0.999911547 1.624802040
0 0.577311514 1.026331501 0.500000000 0.500000000 0.000000000 0.000000000 0.999963522 -0.007160231 -0.004652183 0.247333608 0.007218920 0.999893010 0.012723399 -1.491181469 0.004560582 -0.012756519 0.999908209 1.629248305
0 0.577311514 1.026331501 0.500000000 0.500000000 0.000000000 0.000000000 0.999963820 -0.007234778 -0.004469839 0.250299522 0.007290641 0.999893904 0.012610412 -1.500258276 0.004378131 -0.012642545 0.999910474 1.637468142
0 0.577311514 1.026331501 0.500000000 0.500000000 0.000000000 0.000000000 0.999965429 -0.007026756 -0.004449106 0.252703952 0.007081982 0.999896526 0.012521264 -1.508736200 0.004360662 -0.012552340 0.999911726 1.645232407
0 0.577311514 1.026331501 0.500000000 0.500000000 0.000000000 0.000000000 0.999963701 -0.007027423 -0.004814469 0.254106627 0.007087460 0.999895871 0.012568740 -1.512928620 0.004725642 -0.012602407 0.999909401 1.649448879
0 0.577311514 1.026331501 0.500000000 0.500000000 0.000000000 0.000000000 0.999963939 -0.007046317 -0.004736279 0.256304374 0.007105129 0.999896407 0.012517426 -1.521198221 0.004647586 -0.012550627 0.999910414 1.657291361
0 0.577311514 1.026331501 0.500000000 0.500000000 0.000000000 0.000000000 0.999964714 -0.006931060 -0.004747560 0.257072675 0.006990415 0.999896169 0.012601629 -1.524810385 0.004659724 -0.012634371 0.999909341 1.661228981
0 0.577311514 1.026331501 0.500000000 0.500000000 0.000000000 0.000000000 0.999960423 -0.007078742 -0.005387631 0.258783797 0.007146460 0.999894381 0.012655530 -1.532138939 0.005297477 -0.012693532 0.999905407 1.669252844
0 0.577311514 1.026331501 0.500000000 0.500000000 0.000000000 0.000000000 0.999960840 -0.007271477 -0.005039832 0.260914499 0.007335071 0.999892235 0.012716622 -1.539710392 0.004946820 -0.012753092 0.999906421 1.676964266
0 0.577311514 1.026331501 0.500000000 0.500000000 0.000000000 0.000000000 0.999960482 -0.007202762 -0.005207898 0.262754642 0.007268562 0.999892592 0.012727928 -1.543405898 0.005115662 -0.012765280 0.999905407 1.680874684
0 0.577311514 1.026331501 0.500000000 0.500000000 0.000000000 0.000000000 0.999959528 -0.007223495 -0.005368130 0.265237987 0.007290772 0.999893785 0.012620633 -1.550758892 0.005276395 -0.012659260 0.999905944 1.688561475
0 0.577311514 1.026331501 0.500000000 0.500000000 0.000000000 0.000000000 0.999960244 -0.007409190 -0.004967221 0.266230232 0.007472672 0.999889076 0.012885734 -1.553978573 0.004871197 -0.012922340 0.999904633 1.692784091
0 0.577311514 1.026331501 0.500000000 0.500000000 0.000000000 0.000000000 0.999959290 -0.007359357 -0.005226411 0.269257867 0.007426491 0.999888659 0.012944021 -1.560296635 0.005130570 -0.012982308 0.999902546 1.700480839
0 0.577311514 1.026331501 0.500000000 0.500000000 0.000000000 0.000000000 0.999958217 -0.007441015 -0.005311301 0.271699543 0.007509097 0.999888420 0.012915643 -1.566646269 0.005214603 -0.012954986 0.999902487 1.708050946
0 0.577311514 1.026331501 0.500000000 0.500000000 0.000000000 0.000000000 0.999957502 -0.007419658 -0.005470725 0.272722389 0.007489812 0.999888539 0.012916535 -1.569927892 0.005374279 -0.012956961 0.999901593 1.711856213
0 0.577311514 1.026331501 0.500000000 0.500000000 0.000000000 0.000000000 0.999955714 -0.007607527 -0.005544379 0.275506931 0.007677699 0.999889255 0.012747074 -1.576844014 0.005446791 -0.012789078 0.999903381 1.719217826
0 0.577311514 1.026331501 0.500000000 0.500000000 0.000000000 0.000000000 0.999958754 -0.007414173 -0.005250265 0.275793518 0.007481363 0.999888837 0.012895513 -1.580279698 0.005154072 -0.012934260 0.999903083 1.722759737
0 0.577311514 1.026331501 0.500000000 0.500000000 0.000000000 0.000000000 0.999956906 -0.007210815 -0.005850032 0.277165141 0.007284819 0.999892473 0.012729040 -1.587393887 0.005757616 -0.012771108 0.999901891 1.729739655
0 0.577311514 1.026331501 0.500000000 0.500000000 0.000000000 0.000000000 0.999959469 -0.006915980 -0.005760925 0.279242339 0.006988969 0.999894321 0.012747379 -1.594493737 0.005672156 -0.012787125 0.999902129 1.736559909
0 0.577311514 1.026331501 0.500000000 0.500000000 0.000000000 0.000000000 0.999958515 -0.006654598 -0.006223053 0.280074148 0.006733640 0.999895811 0.012767999 -1.598174465 0.006137439 -0.012809373 0.999899149 1.740300226
0 0.577311514 1.026331501 0.500000000 0.500000000 0.000000000 0.000000000 0.999958396 -0.006271805 -0.006623961 0.280906786 0.006355282 0.999899685 0.012657345 -1.605152319 0.006543912 -0.012698916 0.999897957 1.747352571
0 0.577311514 1.026331501 0.500000000 0.500000000 0.000000000 0.000000000 0.999958396 -0.006087319 -0.006793655 0.281244139 0.006173119 0.999900520 0.012680887 -1.608569752 0.006715787 -0.012722298 0.999896526 1.750947434
0 0.577311514 1.026331501 0.500000000 0.500000000 0.000000000 0.000000000 0.999956548 -0.005733222 -0.007349863 0.281454537 0.005826061 0.999902725 0.012672824 -1.615574128 0.007276492 -0.012715094 0.999892712 1.758144458
0 0.577311514 1.026331501 0.500000000 0.500000000 0.000000000 0.000000000 0.999953389 -0.005500172 -0.007934235 0.282208819 0.005601344 0.999902546 0.012785912 -1.622278640 0.007863137 -0.012829758 0.999886751 1.765661924
0 0.577311514 1.026331501 0.500000000 0.500000000 0.000000000 0.000000000 0.999952793 -0.005508482 -0.008007015 0.282538428 0.005609721 0.999903917 0.012676848 -1.625596457 0.007936415 -0.012721166 0.999887586 1.769030375
0 0.577311514 1.026331501 0.500000000 0.500000000 0.000000000 0.000000000 0.999951065 -0.005400851 -0.008285077 0.283203249 0.005504399 0.999906361 0.012526646 -1.632297463 0.008216647 -0.012571638 0.999887228 1.776064508
0 0.577311514 1.026331501 0.500000000 0.500000000 0.000000000 0.000000000 0.999953091 -0.005181334 -0.008182910 0.283730204 0.005283617 0.999907553 0.012527799 -1.635516091 0.008117243 -0.012570447 0.999888062 1.779290109
0 0.577311514 1.026331501 0.500000000 0.500000000 0.000000000 0.000000000 0.999951422 -0.005075511 -0.008450925 0.284451004 0.005181242 0.999907970 0.012536732 -1.642054433 0.008386517 -0.012579910 0.999885678 1.786544166
0 0.577311514 1.026331501 0.500000000 0.500000000 0.000000000 0.000000000 0.999946535 -0.004844986 -0.009136044 0.284604342 0.004959644 0.999908686 0.012569508 -1.648232445 0.009074311 -0.012614147 0.999879241 1.793639153
0 0.577311514 1.026331501 0.500000000 0.500000000 0.000000000 0.000000000 0.999948144 -0.004948493 -0.008902889 0.284554550 0.005059990 0.999908507 0.012545074 -1.651282255 0.008839995 -0.012589472 0.999881685 1.797018183
0 0.577311514 1.026331501 0.500000000 0.500000000 0.000000000 0.000000000 0.999944985 -0.004629613 -0.009411039 0.284936519 0.004746915 0.999910831 0.012480335 -1.657431523 0.009352420 -0.012524323 0.999877810 1.803923107
