0 0.472263972 0.839580352 0.500000000 0.500000000 0.000000000 0.000000000 0.994285464 0.000829788 0.106750660 -0.082267763 -0.000448028 0.999993443 -0.003600117 -0.017400683 -0.106752947 0.003531717 0.994279325 0.677131734
0 0.472263972 0.839580352 0.500000000 0.500000000 0.000000000 0.000000000 0.994762540 0.000555595 0.102211244 -0.080782262 -0.000247397 0.999995410 -0.003027960 -0.018032927 -0.102212459 0.002986815 0.994758129 0.662049456
0 0.472263972 0.839580352 0.500000000 0.500000000 0.000000000 0.000000000 0.995173335 0.000625126 0.098130494 -0.080630803 -0.000346428 0.999995887 -0.002857091 -0.017700777 -0.098131873 0.002809305 0.995169461 0.643884423
0 0.472263972 0.839580352 0.500000000 0.500000000 0.000000000 0.000000000 0.995586455 0.001129349 0.093841925 -0.080095856 -0.000861870 0.999995470 -0.002890794 -0.017733893 -0.093844764 0.002797155 0.995582938 0.625879424
0 0.472263972 0.839580352 0.500000000 0.500000000 0.000000000 0.000000000 0.996011496 0.001169126 0.089217372 -0.078063082 -0.000911126 0.999995291 -0.002932484 -0.016022829 -0.089220375 0.002839499 0.996007860 0.612523074
0 0.472263972 0.839580352 0.500000000 0.500000000 0.000000000 0.000000000 0.996356249 0.001527950 0.085275233 -0.078169117 -0.001316087 0.999995887 -0.002540624 -0.015244383 -0.085278764 0.002419137 0.996354222 0.595039728
0 0.472263972 0.839580352 0.500000000 0.500000000 0.000000000 0.000000000 0.996648133 0.001628506 0.081791364 -0.079878608 -0.001413467 0.999995410 -0.002686952 -0.013553103 -0.081795357 0.002562337 0.996645868 0.579511830
0 0.472263972 0.839580352 0.500000000 0.500000000 0.000000000 0.000000000 0.996929765 0.002005646 0.078275084 -0.078858689 -0.001818732 0.999995351 -0.002459127 -0.012473571 -0.078279644 0.002309215 0.996928751 0.564467408
0 0.472263972 0.839580352 0.500000000 0.500000000 0.000000000 0.000000000 0.997166395 0.002067655 0.075199172 -0.079529153 -0.001924234 0.999996185 -0.001979614 -0.011619872 -0.075202979 0.001829304 0.997166574 0.549121161
0 0.472263972 0.839580352 0.500000000 0.500000000 0.000000000 0.000000000 0.997433603 0.001939346 0.071571678 -0.078889264 -0.001810958 0.999996662 -0.001858688 -0.009915121 -0.071575038 0.001724305 0.997433722 0.536042162
0 0.472263972 0.839580352 0.500000000 0.500000000 0.000000000 0.000000000 0.997712910 0.001732724 0.067571670 -0.078496976 -0.001624816 0.999997318 -0.001651868 -0.010574438 -0.067574352 0.001538299 0.997713029 0.520824566
0 0.472263972 0.839580352 0.500000000 0.500000000 0.000000000 0.000000000 0.998011172 0.001684056 0.063014552 -0.076681961 -0.001583465 0.999997377 -0.001646226 -0.009443920 -0.063017160 0.001543171 0.998011231 0.508006981
0 0.472263972 0.839580352 0.500000000 0.500000000 0.000000000 0.000000000 0.998260021 0.001631985 0.058942705 -0.075966078 -0.001558362 0.999997973 -0.001295006 -0.008721425 -0.058944698 0.001200899 0.998260498 0.493923284
0 0.472263972 0.839580352 0.500000000 0.500000000 0.000000000 0.000000000 0.998447955 0.001795499 0.055663262 -0.076017419 -0.001740097 0.999997914 -0.001043758 -0.009407234 -0.055665020 0.000945278 0.998449028 0.478903481
0 0.472263972 0.839580352 0.500000000 0.500000000 0.000000000 0.000000000 0.998635948 0.001960458 0.052176215 -0.073702250 -0.001908298 0.999997616 -0.001049501 -0.008822303 -0.052178148 0.000948502 0.998637319 0.465761327
0 0.472263972 0.839580352 0.500000000 0.500000000 0.000000000 0.000000000 0.998791516 0.001847929 0.049112596 -0.072120371 -0.001805451 0.999997973 -0.000909255 -0.008953453 -0.049114175 0.000819486 0.998792827 0.452374814
0 0.472263972 0.839580352 0.500000000 0.500000000 0.000000000 0.000000000 0.998943090 0.002048878 0.045918033 -0.070355299 -0.002015717 0.999997675 -0.000768478 -0.008905249 -0.045919500 0.000675108 0.998944938 0.438461203
0 0.472263972 0.839580352 0.500000000 0.500000000 0.000000000 0.000000000 0.999083161 0.002111204 0.042759497 -0.068458226 -0.002093424 0.999997675 -0.000460570 -0.009253914 -0.042760372 0.000370634 0.999085307 0.424418170
0 0.472263972 0.839580352 0.500000000 0.500000000 0.000000000 0.000000000 0.999212086 0.002268845 0.039624039 -0.065575679 -0.002237927 0.999997139 -0.000824628 -0.008200797 -0.039625797 0.000735303 0.999214292 0.410491063
0 0.472263972 0.839580352 0.500000000 0.500000000 0.000000000 0.000000000 0.999312341 0.002303270 0.037007168 -0.064208023 -0.002287530 0.999997258 -0.000467661 -0.009879959 -0.037008144 0.000382684 0.999314904 0.394733371
0 0.472263972 0.839580352 0.500000000 0.500000000 0.000000000 0.000000000 0.999415278 0.001962982 0.034135420 -0.060902161 -0.001953756 0.999998033 -0.000303618 -0.010687398 -0.034135949 0.000236749 0.999417186 0.379028851
0 0.472263972 0.839580352 0.500000000 0.500000000 0.000000000 0.000000000 0.999491274 0.002404500 0.031802144 -0.059326016 -0.002390570 0.999997020 -0.000476038 -0.010770845 -0.031803194 0.000399770 0.999494076 0.363092241
0 0.472263972 0.839580352 0.500000000 0.500000000 0.000000000 0.000000000 0.999571323 0.002453359 0.029175488 -0.056899854 -0.002440426 0.999996901 -0.000478878 -0.011650723 -0.029176572 0.000407472 0.999574184 0.346704198
0 0.472263972 0.839580352 0.500000000 0.500000000 0.000000000 0.000000000 0.999646664 0.002358953 0.026476895 -0.053719038 -0.002351943 0.999997199 -0.000295883 -0.012702467 -0.026477519 0.000233507 0.999649405 0.329531668
0 0.472263972 0.839580352 0.500000000 0.500000000 0.000000000 0.000000000 0.999710381 0.002637983 0.023921793 -0.050920813 -0.002626070 0.999996424 -0.000529410 -0.012087954 -0.023923105 0.000466436 0.999713719 0.312233071
0 0.472263972 0.839580352 0.500000000 0.500000000 0.000000000 0.000000000 0.999770522 0.002192147 0.021309976 -0.048246508 -0.002189729 0.999997616 -0.000136795 -0.013159943 -0.021310223 0.000090101 0.999772906 0.294457994
0 0.472263972 0.839580352 0.500000000 0.500000000 0.000000000 0.000000000 0.999823093 0.002218848 0.018678492 -0.045060771 -0.002217236 0.999997556 -0.000107030 -0.013867055 -0.018678684 0.000065596 0.999825537 0.276562687
0 0.472263972 0.839580352 0.500000000 0.500000000 0.000000000 0.000000000 0.999870777 0.002131610 0.015934462 -0.041140905 -0.002128930 0.999997735 -0.000185155 -0.014345115 -0.015934821 0.000151208 0.999873042 0.259494888
0 0.472263972 0.839580352 0.500000000 0.500000000 0.000000000 0.000000000 0.999904156 0.001955150 0.013706364 -0.037663462 -0.001953779 0.999998093 -0.000113385 -0.014388522 -0.013706559 0.000086595 0.999906063 0.242440248
0 0.472263972 0.839580352 0.500000000 0.500000000 0.000000000 0.000000000 0.999932528 0.002203022 0.011403470 -0.034352125 -0.002199068 0.999997497 -0.000359278 -0.013274008 -0.011404234 0.000334177 0.999934912 0.226130730
0 0.472263972 0.839580352 0.500000000 0.500000000 0.000000000 0.000000000 0.999957621 0.002218482 0.008934407 -0.031030991 -0.002216720 0.999997497 -0.000207114 -0.013341096 -0.008934844 0.000187300 0.999960065 0.209627760
0 0.472263972 0.839580352 0.500000000 0.500000000 0.000000000 0.000000000 0.999976039 0.002086437 0.006603076 -0.027728322 -0.002085371 0.999997795 -0.000168285 -0.012541559 -0.006603412 0.000154511 0.999978185 0.193847928
0 0.472263972 0.839580352 0.500000000 0.500000000 0.000000000 0.000000000 0.999987602 0.002230207 0.004451335 -0.024770582 -0.002230286 0.999997497 0.000012943 -0.011138794 -0.004451295 -0.000022871 0.999990106 0.178821806
0 0.472263972 0.839580352 0.500000000 0.500000000 0.000000000 0.000000000 0.999993801 0.002385035 0.002597808 -0.021849637 -0.002385339 0.999997139 0.000113919 -0.009419313 -0.002597529 -0.000120115 0.999996603 0.163442106
0 0.472263972 0.839580352 0.500000000 0.500000000 0.000000000 0.000000000 0.999997020 0.002356586 0.000676875 -0.018532972 -0.002356727 0.999997199 0.000207649 -0.007854736 -0.000676384 -0.000209243 0.999999762 0.149295627
0 0.472263972 0.839580352 0.500000000 0.500000000 0.000000000 0.000000000 0.999996603 0.002454283 -0.000892684 -0.015831152 -0.002454099 0.999996960 0.000207292 -0.006616256 0.000893190 -0.000205100 0.999999583 0.135057948
0 0.472263972 0.839580352 0.500000000 0.500000000 0.000000000 0.000000000 0.999994159 0.002577819 -0.002255008 -0.013199727 -0.002577327 0.999996662 0.000221034 -0.005113517 0.002255570 -0.000215221 0.999997437 0.120453955
0 0.472263972 0.839580352 0.500000000 0.500000000 0.000000000 0.000000000 0.999990404 0.002449570 -0.003626765 -0.011201289 -0.002447373 0.999996841 0.000609994 -0.004012925 0.003628248 -0.000601113 0.999993265 0.106602894
0 0.472263972 0.839580352 0.500000000 0.500000000 0.000000000 0.000000000 0.999983370 0.002394452 -0.005250393 -0.008591103 -0.002389727 0.999996722 0.000906055 -0.003222689 0.005252545 -0.000893493 0.999985814 0.092860198
0 0.472263972 0.839580352 0.500000000 0.500000000 0.000000000 0.000000000 0.999973655 0.002391884 -0.006850635 -0.006562548 -0.002385328 0.999996662 0.000965020 -0.002491469 0.006852921 -0.000948653 0.999976039 0.079673150
0 0.472263972 0.839580352 0.500000000 0.500000000 0.000000000 0.000000000 0.999962687 0.002345413 -0.008316344 -0.004733820 -0.002336980 0.999996722 0.001023571 -0.002311321 0.008318718 -0.001004098 0.999964893 0.066523202
0 0.472263972 0.839580352 0.500000000 0.500000000 0.000000000 0.000000000 0.999950826 0.002456224 -0.009606807 -0.002408020 -0.002446322 0.999996483 0.001042340 -0.002166444 0.009609334 -0.001018788 0.999953330 0.053392387
0 0.472263972 0.839580352 0.500000000 0.500000000 0.000000000 0.000000000 0.999938488 0.002236315 -0.010862635 0.000066405 -0.002223562 0.999996841 0.001185983 -0.002408153 0.010865252 -0.001161757 0.999940276 0.040555306
0 0.472263972 0.839580352 0.500000000 0.500000000 0.000000000 0.000000000 0.999928772 0.002376194 -0.011695137 0.001601698 -0.002364908 0.999996722 0.000978769 -0.001790041 0.011697425 -0.000951041 0.999931157 0.027975470
0 0.472263972 0.839580352 0.500000000 0.500000000 0.000000000 0.000000000 0.999916553 0.002163977 -0.012733848 0.003784515 -0.002148485 0.999996960 0.001230199 -0.002251489 0.012736471 -0.001202738 0.999918163 0.014877844
0 0.472263972 0.839580352 0.500000000 0.500000000 0.000000000 0.000000000 0.999905527 0.002339757 -0.013544661 0.005615030 -0.002323620 0.999996543 0.001206957 -0.002210877 0.013547438 -0.001175371 0.999907553 0.001721886
0 0.472263972 0.839580352 0.500000000 0.500000000 0.000000000 0.000000000 0.999891758 0.002311668 -0.014531977 0.007913396 -0.002294963 0.999996662 0.001166055 -0.002252011 0.014534624 -0.001132578 0.999893725 -0.011455262
0 0.472263972 0.839580352 0.500000000 0.500000000 0.000000000 0.000000000 0.999882340 0.002286338 -0.015169200 0.010045350 -0.002269346 0.999996781 0.001137282 -0.002050254 0.015171751 -0.001102724 0.999884307 -0.025427564
0 0.472263972 0.839580352 0.500000000 0.500000000 0.000000000 0.000000000 0.999876499 0.002324548 -0.015543016 0.012017366 -0.002306909 0.999996662 0.001152736 -0.001848667 0.015545644 -0.001116737 0.999878526 -0.039195883
0 0.472263972 0.839580352 0.500000000 0.500000000 0.000000000 0.000000000 0.999868393 0.002336396 -0.016053276 0.014538873 -0.002316977 0.999996543 0.001228184 -0.001317983 0.016056091 -0.001190827 0.999870360 -0.053411516
0 0.472263972 0.839580352 0.500000000 0.500000000 0.000000000 0.000000000 0.999862015 0.002154413 -0.016471218 0.016480685 -0.002132981 0.999996841 0.001318664 -0.001055457 0.016474007 -0.001283349 0.999863446 -0.067902065
0 0.472263972 0.839580352 0.500000000 0.500000000 0.000000000 0.000000000 0.999853969 0.002130208 -0.016955080 0.018294889 -0.002109903 0.999997020 0.001215377 -0.000329431 0.016957618 -0.001179426 0.999855518 -0.082353407
0 0.472263972 0.839580352 0.500000000 0.500000000 0.000000000 0.000000000 0.999846339 0.002099088 -0.017402390 0.019965754 -0.002077564 0.999997079 0.001254836 0.000505280 0.017404974 -0.001218489 0.999847770 -0.097136761
0 0.472263972 0.839580352 0.500000000 0.500000000 0.000000000 0.000000000 0.999839246 0.002115519 -0.017805248 0.021267356 -0.002091289 0.999996841 0.001379322 0.001126643 0.017808111 -0.001341864 0.999840498 -0.111545485
0 0.472263972 0.839580352 0.500000000 0.500000000 0.000000000 0.000000000 0.999832928 0.001985366 -0.018169666 0.022727750 -0.001959727 0.999997079 0.001428792 0.001982784 0.018172449 -0.001392945 0.999833882 -0.125489545
0 0.472263972 0.839580352 0.500000000 0.500000000 0.000000000 0.000000000 0.999831200 0.001832056 -0.018282095 0.023621996 -0.001805091 0.999997258 0.001491323 0.002623836 0.018284777 -0.001458071 0.999831736 -0.139462626
0 0.472263972 0.839580352 0.500000000 0.500000000 0.000000000 0.000000000 0.999830902 0.001823587 -0.018299000 0.024441428 -0.001801792 0.999997675 0.001207459 0.003684686 0.018301159 -0.001174284 0.999831855 -0.152882971
0 0.472263972 0.839580352 0.500000000 0.500000000 0.000000000 0.000000000 0.999830723 0.001770839 -0.018312456 0.025091246 -0.001750721 0.999997854 0.001114588 0.004588477 0.018314391 -0.001082340 0.999831676 -0.166197462
0 0.472263972 0.839580352 0.500000000 0.500000000 0.000000000 0.000000000 0.999833703 0.001733348 -0.018154567 0.025687604 -0.001711117 0.999997795 0.001239981 0.005699241 0.018156676 -0.001208710 0.999834418 -0.179239300
0 0.472263972 0.839580352 0.500000000 0.500000000 0.000000000 0.000000000 0.999835551 0.001677802 -0.018057583 0.026161981 -0.001655541 0.999997854 0.001247631 0.006562907 0.018059637 -0.001217531 0.999836147 -0.191535373
0 0.472263972 0.839580352 0.500000000 0.500000000 0.000000000 0.000000000 0.999836922 0.001562910 -0.017991126 0.026586517 -0.001540908 0.999998033 0.001236767 0.007152810 0.017993024 -0.001208842 0.999837399 -0.203778269
0 0.472263972 0.839580352 0.500000000 0.500000000 0.000000000 0.000000000 0.999836683 0.001367148 -0.018022019 0.026920987 -0.001344806 0.999998331 0.001251778 0.007862747 0.018023701 -0.001227338 0.999836802 -0.216197758
0 0.472263972 0.839580352 0.500000000 0.500000000 0.000000000 0.000000000 0.999833941 0.001293988 -0.018176999 0.027367172 -0.001268264 0.999998152 0.001426700 0.008630067 0.018178813 -0.001403410 0.999833763 -0.228034520
0 0.472263972 0.839580352 0.500000000 0.500000000 0.000000000 0.000000000 0.999828279 0.001153335 -0.018496018 0.028067119 -0.001120602 0.999997795 0.001779954 0.008895664 0.018498030 -0.001758921 0.999827325 -0.239449715
0 0.472263972 0.839580352 0.500000000 0.500000000 0.000000000 0.000000000 0.999820411 0.001110054 -0.018918363 0.028509189 -0.001076150 0.999997795 0.001802212 0.009282244 0.018920323 -0.001781530 0.999819398 -0.250803159
0 0.472263972 0.839580352 0.500000000 0.500000000 0.000000000 0.000000000 0.999813735 0.001063221 -0.019270619 0.028972549 -0.001031024 0.999998033 0.001680635 0.009385594 0.019272368 -0.001660454 0.999812901 -0.261778230
0 0.472263972 0.839580352 0.500000000 0.500000000 0.000000000 0.000000000 0.999812722 0.000964621 -0.019328954 0.029553410 -0.000933619 0.999998271 0.001612894 0.009550551 0.019330477 -0.001594546 0.999811888 -0.272502261
0 0.472263972 0.839580352 0.500000000 0.500000000 0.000000000 0.000000000 0.999814093 0.000909907 -0.019261455 0.030193081 -0.000877398 0.999998152 0.001696148 0.009627958 0.019262964 -0.001678932 0.999813020 -0.282760220
0 0.472263972 0.839580352 0.500000000 0.500000000 0.000000000 0.000000000 0.999819756 0.000855280 -0.018966600 0.030869150 -0.000824355 0.999998331 0.001638239 0.009794661 0.018967969 -0.001622309 0.999818802 -0.292697221
0 0.472263972 0.839580352 0.500000000 0.500000000 0.000000000 0.000000000 0.999823153 0.000602553 -0.018796330 0.031813883 -0.000568529 0.999998212 0.001815396 0.009720107 0.018797390 -0.001804389 0.999821663 -0.302768302
0 0.472263972 0.839580352 0.500000000 0.500000000 0.000000000 0.000000000 0.999822795 0.000496845 -0.018818816 0.032795508 -0.000462145 0.999998212 0.001848212 0.010030853 0.018819701 -0.001839187 0.999821186 -0.313014327
0 0.472263972 0.839580352 0.500000000 0.500000000 0.000000000 0.000000000 0.999819934 0.000356839 -0.018973747 0.033894088 -0.000324354 0.999998450 0.001715132 0.010471146 0.018974330 -0.001708669 0.999818504 -0.323023763
0 0.472263972 0.839580352 0.500000000 0.500000000 0.000000000 0.000000000 0.999817014 0.000218079 -0.019126967 0.034871286 -0.000183917 0.999998391 0.001787800 0.010882654 0.019127326 -0.001783955 0.999815464 -0.333236457
0 0.472263972 0.839580352 0.500000000 0.500000000 0.000000000 0.000000000 0.999813855 0.000120254 -0.019293280 0.035998477 -0.000081688 0.999997973 0.001999671 0.011499450 0.019293481 -0.001997723 0.999811888 -0.343608898
0 0.472263972 0.839580352 0.500000000 0.500000000 0.000000000 0.000000000 0.999810457 -0.000034443 -0.019469846 0.037091124 0.000077011 0.999997616 0.002185592 0.011815640 0.019469723 -0.002186677 0.999808073 -0.353876808
0 0.472263972 0.839580352 0.500000000 0.500000000 0.000000000 0.000000000 0.999808609 -0.000143042 -0.019564291 0.037744593 0.000183361 0.999997854 0.002059055 0.012666047 0.019563954 -0.002062248 0.999806464 -0.364259841
0 0.472263972 0.839580352 0.500000000 0.500000000 0.000000000 0.000000000 0.999803305 -0.000251571 -0.019831346 0.038952871 0.000288349 0.999998271 0.001851709 0.013599591 0.019830845 -0.001857064 0.999801636 -0.375031086
0 0.472263972 0.839580352 0.500000000 0.500000000 0.000000000 0.000000000 0.999801636 -0.000298260 -0.019914491 0.039513810 0.000336432 0.999998093 0.001913478 0.014573867 0.019913882 -0.001919798 0.999799848 -0.385660878
0 0.472263972 0.839580352 0.500000000 0.500000000 0.000000000 0.000000000 0.999801517 -0.000378630 -0.019920841 0.040478138 0.000419736 0.999997795 0.002059284 0.015717589 0.019920016 -0.002067237 0.999799430 -0.396402171
0 0.472263972 0.839580352 0.500000000 0.500000000 0.000000000 0.000000000 0.999808133 -0.000465433 -0.019582381 0.040557942 0.000504719 0.999997854 0.002001276 0.016668442 0.019581409 -0.002010775 0.999806225 -0.407142115
0 0.472263972 0.839580352 0.500000000 0.500000000 0.000000000 0.000000000 0.999811769 -0.000531649 -0.019392991 0.041315552 0.000562871 0.999998569 0.001604544 0.017902081 0.019392110 -0.001615157 0.999810636 -0.417957790
