0 0.479285135 0.852062418 0.500000000 0.500000000 0.000000000 0.000000000 0.986879170 -0.009273737 0.161193803 0.176784762 0.008930216 0.999956071 0.002855478 0.009532005 -0.161213204 -0.001378516 0.986918628 -0.356636129
0 0.479285135 0.852062418 0.500000000 0.500000000 0.000000000 0.000000000 0.986775577 -0.009205570 0.161830947 0.180525171 0.008853333 0.999956608 0.002897575 0.009723677 -0.161850587 -0.001426514 0.986814260 -0.363137791
0 0.479285135 0.852062418 0.500000000 0.500000000 0.000000000 0.000000000 0.986662328 -0.009251687 0.162517264 0.183946058 0.008895181 0.999956191 0.002921171 0.009815798 -0.162537158 -0.001436588 0.986701369 -0.369396656
0 0.479285135 0.852062418 0.500000000 0.500000000 0.000000000 0.000000000 0.986585081 -0.009195857 0.162988693 0.187414679 0.008826656 0.999956548 0.002989229 0.009886798 -0.163009107 -0.001510484 0.986623406 -0.375427895
0 0.479285135 0.852062418 0.500000000 0.500000000 0.000000000 0.000000000 0.986527145 -0.009192191 0.163339183 0.190838193 0.008796072 0.999956369 0.003148215 0.010035660 -0.163360998 -0.001669056 0.986564934 -0.381560766
0 0.479285135 0.852062418 0.500000000 0.500000000 0.000000000 0.000000000 0.986501753 -0.009187318 0.163492694 0.194511222 0.008754110 0.999956012 0.003369994 0.010086776 -0.163516462 -0.001893272 0.986538768 -0.387583383
0 0.479285135 0.852062418 0.500000000 0.500000000 0.000000000 0.000000000 0.986464083 -0.009162247 0.163721174 0.198434962 0.008729539 0.999956250 0.003362241 0.010208278 -0.163744822 -0.001887519 0.986500919 -0.393463947
0 0.479285135 0.852062418 0.500000000 0.500000000 0.000000000 0.000000000 0.986355305 -0.009083399 0.164379716 0.201854009 0.008670057 0.999957204 0.003231862 0.010301468 -0.164402038 -0.001762583 0.986391842 -0.400096523
0 0.479285135 0.852062418 0.500000000 0.500000000 0.000000000 0.000000000 0.986236393 -0.008926463 0.165100321 0.205031323 0.008514894 0.999958634 0.003200449 0.010578650 -0.165122047 -0.001750587 0.986271560 -0.406752710
0 0.479285135 0.852062418 0.500000000 0.500000000 0.000000000 0.000000000 0.986130893 -0.008992055 0.165725514 0.208212059 0.008540911 0.999957621 0.003434710 0.010332440 -0.165749386 -0.001971626 0.986165941 -0.413053056
0 0.479285135 0.852062418 0.500000000 0.500000000 0.000000000 0.000000000 0.986065447 -0.009019425 0.166113257 0.211324942 0.008570308 0.999957442 0.003420299 0.010399576 -0.166137025 -0.001948996 0.986100733 -0.419389615
0 0.479285135 0.852062418 0.500000000 0.500000000 0.000000000 0.000000000 0.986044824 -0.009075546 0.166232347 0.214669644 0.008617577 0.999956846 0.003476075 0.010391995 -0.166256711 -0.001995046 0.986080468 -0.425666525
0 0.479285135 0.852062418 0.500000000 0.500000000 0.000000000 0.000000000 0.986033320 -0.009027061 0.166303292 0.218074204 0.008550335 0.999957025 0.003582358 0.010397911 -0.166328490 -0.002110376 0.986068130 -0.431761839
0 0.479285135 0.852062418 0.500000000 0.500000000 0.000000000 0.000000000 0.986018062 -0.008952042 0.166398004 0.221440760 0.008472848 0.999957681 0.003589482 0.010220393 -0.166423082 -0.002129429 0.986052155 -0.437782134
0 0.479285135 0.852062418 0.500000000 0.500000000 0.000000000 0.000000000 0.985958695 -0.008925612 0.166750729 0.224802539 0.008445522 0.999957919 0.003587999 0.009998954 -0.166775733 -0.002129322 0.985992551 -0.444097483
0 0.479285135 0.852062418 0.500000000 0.500000000 0.000000000 0.000000000 0.985896826 -0.008944129 0.167115122 0.228130031 0.008446017 0.999957502 0.003691149 0.009592149 -0.167141035 -0.002227635 0.985930502 -0.450608481
0 0.479285135 0.852062418 0.500000000 0.500000000 0.000000000 0.000000000 0.985875249 -0.009004332 0.167238995 0.231487691 0.008482483 0.999956667 0.003834465 0.009004627 -0.167266279 -0.002361702 0.985908926 -0.457038313
0 0.479285135 0.852062418 0.500000000 0.500000000 0.000000000 0.000000000 0.985870957 -0.008962116 0.167266592 0.234958969 0.008437020 0.999957025 0.003849654 0.008504629 -0.167293906 -0.002384031 0.985904157 -0.463705323
0 0.479285135 0.852062418 0.500000000 0.500000000 0.000000000 0.000000000 0.985864043 -0.008911151 0.167310178 0.238382709 0.008384076 0.999957442 0.003856388 0.008192013 -0.167337418 -0.002399133 0.985896766 -0.470380798
0 0.479285135 0.852062418 0.500000000 0.500000000 0.000000000 0.000000000 0.985870898 -0.008924119 0.167268932 0.242172443 0.008395963 0.999957263 0.003864446 0.008025601 -0.167296275 -0.002405461 0.985903740 -0.477108293
0 0.479285135 0.852062418 0.500000000 0.500000000 0.000000000 0.000000000 0.985872328 -0.008858699 0.167264089 0.246070778 0.008327974 0.999957800 0.003874152 0.007784038 -0.167291358 -0.002426448 0.985904515 -0.483818861
0 0.479285135 0.852062418 0.500000000 0.500000000 0.000000000 0.000000000 0.985867679 -0.008846067 0.167292312 0.250041179 0.008304207 0.999957740 0.003938284 0.007605572 -0.167320088 -0.002493397 0.985899448 -0.490642750
0 0.479285135 0.852062418 0.500000000 0.500000000 0.000000000 0.000000000 0.985862494 -0.008764291 0.167326853 0.253931945 0.008217850 0.999958396 0.003957863 0.007367497 -0.167354569 -0.002526843 0.985893548 -0.497404146
0 0.479285135 0.852062418 0.500000000 0.500000000 0.000000000 0.000000000 0.985882223 -0.008841679 0.167206720 0.258521549 0.008282083 0.999957502 0.004043764 0.007173453 -0.167235374 -0.002601855 0.985913575 -0.504286972
0 0.479285135 0.852062418 0.500000000 0.500000000 0.000000000 0.000000000 0.985848606 -0.008737636 0.167410076 0.262735153 0.008190546 0.999958634 0.003958161 0.007293947 -0.167437732 -0.002530968 0.985879421 -0.511365192
0 0.479285135 0.852062418 0.500000000 0.500000000 0.000000000 0.000000000 0.985824287 -0.008740616 0.167553097 0.267020725 0.008186023 0.999958515 0.004000360 0.007489612 -0.167581111 -0.002572059 0.985854924 -0.518628143
0 0.479285135 0.852062418 0.500000000 0.500000000 0.000000000 0.000000000 0.985748887 -0.008562910 0.168005422 0.270945103 0.008008196 0.999960005 0.003979030 0.007805457 -0.168032765 -0.002576904 0.985778034 -0.525857727
0 0.479285135 0.852062418 0.500000000 0.500000000 0.000000000 0.000000000 0.985664010 -0.008427252 0.168509379 0.274351641 0.007883307 0.999961317 0.003896721 0.008362172 -0.168535709 -0.002512446 0.985692322 -0.533116594
0 0.479285135 0.852062418 0.500000000 0.500000000 0.000000000 0.000000000 0.985640943 -0.008283777 0.168651581 0.277943762 0.007719062 0.999962211 0.004003761 0.008829107 -0.168678373 -0.002644439 0.985667586 -0.540000697
0 0.479285135 0.852062418 0.500000000 0.500000000 0.000000000 0.000000000 0.985623240 -0.008160275 0.168760985 0.281042750 0.007554195 0.999962509 0.004233083 0.009134554 -0.168789208 -0.002897371 0.985647917 -0.546439578
0 0.479285135 0.852062418 0.500000000 0.500000000 0.000000000 0.000000000 0.985672712 -0.008219752 0.168468699 0.284764473 0.007609281 0.999961913 0.004268912 0.009557976 -0.168497369 -0.002925824 0.985697746 -0.552407083
0 0.479285135 0.852062418 0.500000000 0.500000000 0.000000000 0.000000000 0.985681951 -0.008180805 0.168416560 0.288369672 0.007620592 0.999963045 0.003972425 0.010751637 -0.168442845 -0.002632114 0.985707879 -0.558470509
0 0.479285135 0.852062418 0.500000000 0.500000000 0.000000000 0.000000000 0.985675633 -0.008358399 0.168444857 0.292016359 0.007765654 0.999961138 0.004177385 0.011498375 -0.168473229 -0.002809462 0.985702217 -0.564724554
0 0.479285135 0.852062418 0.500000000 0.500000000 0.000000000 0.000000000 0.985677660 -0.008548785 0.168423384 0.295739746 0.007905227 0.999958694 0.004491213 0.011907570 -0.168454826 -0.003095463 0.985704541 -0.570910535
0 0.479285135 0.852062418 0.500000000 0.500000000 0.000000000 0.000000000 0.985697865 -0.008552870 0.168304965 0.299464737 0.007886174 0.999958217 0.004629259 0.012046404 -0.168337509 -0.003235769 0.985724092 -0.577039131
0 0.479285135 0.852062418 0.500000000 0.500000000 0.000000000 0.000000000 0.985720217 -0.008500902 0.168176502 0.303338918 0.007835713 0.999958634 0.004618533 0.012771206 -0.168208808 -0.003234799 0.985746086 -0.583134171
0 0.479285135 0.852062418 0.500000000 0.500000000 0.000000000 0.000000000 0.985708117 -0.008462717 0.168249354 0.307028717 0.007765227 0.999958336 0.004803091 0.013339641 -0.168283001 -0.003427952 0.985732794 -0.589150372
0 0.479285135 0.852062418 0.500000000 0.500000000 0.000000000 0.000000000 0.985695601 -0.008344910 0.168328688 0.310527130 0.007582109 0.999957860 0.005173848 0.012905459 -0.168364763 -0.003823553 0.985717356 -0.594991178
0 0.479285135 0.852062418 0.500000000 0.500000000 0.000000000 0.000000000 0.985693276 -0.008259794 0.168346629 0.314070649 0.007495718 0.999958515 0.005173684 0.012708439 -0.168382376 -0.003837787 0.985714257 -0.600874995
0 0.479285135 0.852062418 0.500000000 0.500000000 0.000000000 0.000000000 0.985690475 -0.008149124 0.168368235 0.317601765 0.007430156 0.999960363 0.004899777 0.012830997 -0.168401495 -0.003578662 0.985711992 -0.606622805
0 0.479285135 0.852062418 0.500000000 0.500000000 0.000000000 0.000000000 0.985654056 -0.007941274 0.168591395 0.320847335 0.007226455 0.999962091 0.004853087 0.012615576 -0.168623552 -0.003565147 0.985674083 -0.613010501
0 0.479285135 0.852062418 0.500000000 0.500000000 0.000000000 0.000000000 0.985621750 -0.007835764 0.168785036 0.323998335 0.007098566 0.999962449 0.004970639 0.012663159 -0.168817639 -0.003701038 0.985640347 -0.619305241
0 0.479285135 0.852062418 0.500000000 0.500000000 0.000000000 0.000000000 0.985615253 -0.007798949 0.168824524 0.327378974 0.007041176 0.999962270 0.005086728 0.012464047 -0.168857828 -0.003824834 0.985633016 -0.625523086
0 0.479285135 0.852062418 0.500000000 0.500000000 0.000000000 0.000000000 0.985602856 -0.007799610 0.168897107 0.330621216 0.007029734 0.999961972 0.005155735 0.012067109 -0.168930903 -0.003894205 0.985620201 -0.632197573
0 0.479285135 0.852062418 0.500000000 0.500000000 0.000000000 0.000000000 0.985601187 -0.007710455 0.168910757 0.333908312 0.006932851 0.999962509 0.005192914 0.011824909 -0.168944463 -0.003947109 0.985617697 -0.639170484
0 0.479285135 0.852062418 0.500000000 0.500000000 0.000000000 0.000000000 0.985585153 -0.007686407 0.169005290 0.337186166 0.006897254 0.999962389 0.005255968 0.011906037 -0.169039339 -0.004014532 0.985601127 -0.646190138
0 0.479285135 0.852062418 0.500000000 0.500000000 0.000000000 0.000000000 0.985589385 -0.007813093 0.168974966 0.340705015 0.007006929 0.999961078 0.005366676 0.011755297 -0.169010326 -0.004105343 0.985605717 -0.653137926
0 0.479285135 0.852062418 0.500000000 0.500000000 0.000000000 0.000000000 0.985583246 -0.007844531 0.169009328 0.343831235 0.007035152 0.999960721 0.005387248 0.011508331 -0.169044957 -0.004120575 0.985599756 -0.660555351
0 0.479285135 0.852062418 0.500000000 0.500000000 0.000000000 0.000000000 0.985584080 -0.007952934 0.168999314 0.347128340 0.007145741 0.999959946 0.005383966 0.011515298 -0.169035375 -0.004098726 0.985601485 -0.668013444
0 0.479285135 0.852062418 0.500000000 0.500000000 0.000000000 0.000000000 0.985600114 -0.007980311 0.168904513 0.350758465 0.007187548 0.999960124 0.005304446 0.011779350 -0.168940097 -0.004014053 0.985618174 -0.675435094
0 0.479285135 0.852062418 0.500000000 0.500000000 0.000000000 0.000000000 0.985596895 -0.007941671 0.168925017 0.353943645 0.007151064 0.999960423 0.005288084 0.011715595 -0.168960318 -0.004003925 0.985614717 -0.683026430
0 0.479285135 0.852062418 0.500000000 0.500000000 0.000000000 0.000000000 0.985581636 -0.007815395 0.169020146 0.357196293 0.007049440 0.999961972 0.005131332 0.011936043 -0.169053823 -0.003865849 0.985599220 -0.690644099
0 0.479285135 0.852062418 0.500000000 0.500000000 0.000000000 0.000000000 0.985556006 -0.007865206 0.169167027 0.360297595 0.007125099 0.999962211 0.004981619 0.012216258 -0.169199809 -0.003704333 0.985574782 -0.698463760
0 0.479285135 0.852062418 0.500000000 0.500000000 0.000000000 0.000000000 0.985554338 -0.007844938 0.169177741 0.363410439 0.007137632 0.999963045 0.004788597 0.013008400 -0.169209063 -0.003511894 0.985573947 -0.706148768
0 0.479285135 0.852062418 0.500000000 0.500000000 0.000000000 0.000000000 0.985535502 -0.007820124 0.169288442 0.366528056 0.007103830 0.999963045 0.004836469 0.013332507 -0.169320017 -0.003563916 0.985554695 -0.713914191
0 0.479285135 0.852062418 0.500000000 0.500000000 0.000000000 0.000000000 0.985532939 -0.007738181 0.169307113 0.369469885 0.007027537 0.999963820 0.004796203 0.014102224 -0.169338107 -0.003537005 0.985551655 -0.721469812
0 0.479285135 0.852062418 0.500000000 0.500000000 0.000000000 0.000000000 0.985502541 -0.007725310 0.169484735 0.372424089 0.007023897 0.999964118 0.004737685 0.015277304 -0.169515252 -0.003478558 0.985521436 -0.729222367
0 0.479285135 0.852062418 0.500000000 0.500000000 0.000000000 0.000000000 0.985465467 -0.007731474 0.169700012 0.375069945 0.007007258 0.999963582 0.004866126 0.016168427 -0.169731453 -0.003606268 0.985483766 -0.736924201
0 0.479285135 0.852062418 0.500000000 0.500000000 0.000000000 0.000000000 0.985464633 -0.007824510 0.169700280 0.377776721 0.007076095 0.999962389 0.005014571 0.016865780 -0.169733122 -0.003740867 0.985482991 -0.744341799
0 0.479285135 0.852062418 0.500000000 0.500000000 0.000000000 0.000000000 0.985487401 -0.007743476 0.169571802 0.380642320 0.006981702 0.999962687 0.005088154 0.017617671 -0.169604868 -0.003830412 0.985504687 -0.751276303
0 0.479285135 0.852062418 0.500000000 0.500000000 0.000000000 0.000000000 0.985476136 -0.007637194 0.169642150 0.383112433 0.006866925 0.999963284 0.005126808 0.018270201 -0.169675082 -0.003887427 0.985492408 -0.758360486
0 0.479285135 0.852062418 0.500000000 0.500000000 0.000000000 0.000000000 0.985500753 -0.007598042 0.169500843 0.385933185 0.006799639 0.999962866 0.005290302 0.018625586 -0.169534758 -0.004061052 0.985515833 -0.764653032
0 0.479285135 0.852062418 0.500000000 0.500000000 0.000000000 0.000000000 0.985492170 -0.007478635 0.169555992 0.388487044 0.006693591 0.999964058 0.005201136 0.019352299 -0.169588804 -0.003990741 0.985506833 -0.771012648
0 0.479285135 0.852062418 0.500000000 0.500000000 0.000000000 0.000000000 0.985486448 -0.007514520 0.169587582 0.391310231 0.006708562 0.999963343 0.005324963 0.019784115 -0.169621378 -0.004109990 0.985500753 -0.777174226
0 0.479285135 0.852062418 0.500000000 0.500000000 0.000000000 0.000000000 0.985449016 -0.007456282 0.169807598 0.393603289 0.006638699 0.999963462 0.005382036 0.020195867 -0.169841513 -0.004176421 0.985462546 -0.783290240
0 0.479285135 0.852062418 0.500000000 0.500000000 0.000000000 0.000000000 0.985419095 -0.007424301 0.169982478 0.395703598 0.006584843 0.999963164 0.005501728 0.020504104 -0.170017064 -0.004302200 0.985431731 -0.789423715
0 0.479285135 0.852062418 0.500000000 0.500000000 0.000000000 0.000000000 0.985429406 -0.007399817 0.169924021 0.398184369 0.006539303 0.999962807 0.005623224 0.020964918 -0.169959307 -0.004430105 0.985441148 -0.795215977
0 0.479285135 0.852062418 0.500000000 0.500000000 0.000000000 0.000000000 0.985459387 -0.007399044 0.169749990 0.401116325 0.006502121 0.999961793 0.005839089 0.021149157 -0.169786721 -0.004650450 0.985469878 -0.800993785
0 0.479285135 0.852062418 0.500000000 0.500000000 0.000000000 0.000000000 0.985441685 -0.007297440 0.169857219 0.403388449 0.006376444 0.999961853 0.005967057 0.021157764 -0.169894278 -0.004797101 0.985450625 -0.806753928
0 0.479285135 0.852062418 0.500000000 0.500000000 0.000000000 0.000000000 0.985437512 -0.007260947 0.169882834 0.406219422 0.006337128 0.999962032 0.005979578 0.021360179 -0.169919804 -0.004815932 0.985446155 -0.812725182
0 0.479285135 0.852062418 0.500000000 0.500000000 0.000000000 0.000000000 0.985416412 -0.007230042 0.170006394 0.408875871 0.006285134 0.999961674 0.006095595 0.021473302 -0.170043960 -0.004938187 0.985424101 -0.818645036
0 0.479285135 0.852062418 0.500000000 0.500000000 0.000000000 0.000000000 0.985392869 -0.007229414 0.170143038 0.411397434 0.006258830 0.999960959 0.006240193 0.021423095 -0.170181513 -0.005084145 0.985399604 -0.824571702
0 0.479285135 0.852062418 0.500000000 0.500000000 0.000000000 0.000000000 0.985387504 -0.007259664 0.170172855 0.414169109 0.006276317 0.999960363 0.006315769 0.021211464 -0.170211956 -0.005155420 0.985394001 -0.830423679
0 0.479285135 0.852062418 0.500000000 0.500000000 0.000000000 0.000000000 0.985363305 -0.007278377 0.170312107 0.416761391 0.006295302 0.999960244 0.006311515 0.021248344 -0.170351282 -0.005146969 0.985369980 -0.836499140
0 0.479285135 0.852062418 0.500000000 0.500000000 0.000000000 0.000000000 0.985353649 -0.007290174 0.170367256 0.419687214 0.006292707 0.999959767 0.006394064 0.021195308 -0.170407012 -0.005228343 0.985359907 -0.842458660
0 0.479285135 0.852062418 0.500000000 0.500000000 0.000000000 0.000000000 0.985342860 -0.007314908 0.170428663 0.422688903 0.006305832 0.999959230 0.006461369 0.021205336 -0.170468986 -0.005291970 0.985348821 -0.848469409
0 0.479285135 0.852062418 0.500000000 0.500000000 0.000000000 0.000000000 0.985353172 -0.007350793 0.170367599 0.425836628 0.006344142 0.999959052 0.006452350 0.021190116 -0.170408055 -0.005277007 0.985359430 -0.854564219
0 0.479285135 0.852062418 0.500000000 0.500000000 0.000000000 0.000000000 0.985369980 -0.007372316 0.170269445 0.429471186 0.006348005 0.999958336 0.006559462 0.020919232 -0.170310706 -0.005382626 0.985375702 -0.860722551
0 0.479285135 0.852062418 0.500000000 0.500000000 0.000000000 0.000000000 0.985360503 -0.007361528 0.170324773 0.432846857 0.006327415 0.999958098 0.006613452 0.020905447 -0.170366332 -0.005438919 0.985365808 -0.866821265
0 0.479285135 0.852062418 0.500000000 0.500000000 0.000000000 0.000000000 0.985357344 -0.007408969 0.170340836 0.436366715 0.006353054 0.999957085 0.006743083 0.020615815 -0.170383483 -0.005562162 0.985362113 -0.873102383
0 0.479285135 0.852062418 0.500000000 0.500000000 0.000000000 0.000000000 0.985361695 -0.007422024 0.170315117 0.440303462 0.006374263 0.999957263 0.006697894 0.020896950 -0.170357555 -0.005514215 0.985366881 -0.879128692
