0 0.475665841 0.845628175 0.500000000 0.500000000 0.000000000 0.000000000 0.869452059 0.013874930 -0.493822485 1.110551153 -0.024724862 0.999574959 -0.015446943 0.262792611 0.493398249 0.025640069 0.869425535 -1.070744190
0 0.475665841 0.845628175 0.500000000 0.500000000 0.000000000 0.000000000 0.867474139 0.013851441 -0.497289389 1.124982961 -0.024879918 0.999569356 -0.015558766 0.265086317 0.496859729 0.025869347 0.867445230 -1.083031240
0 0.475665841 0.845628175 0.500000000 0.500000000 0.000000000 0.000000000 0.865288377 0.013828816 -0.501083672 1.140532179 -0.025046570 0.999563515 -0.015665498 0.267936618 0.500648320 0.026105599 0.865257084 -1.094432795
0 0.475665841 0.845628175 0.500000000 0.500000000 0.000000000 0.000000000 0.863192618 0.013811687 -0.504685819 1.155867076 -0.025200106 0.999558389 -0.015746348 0.271061118 0.504245460 0.026310267 0.863159478 -1.105910254
0 0.475665841 0.845628175 0.500000000 0.500000000 0.000000000 0.000000000 0.861075997 0.013782294 -0.508289397 1.171412358 -0.025383402 0.999551356 -0.015898282 0.274630892 0.507842243 0.026591744 0.861039579 -1.117229575
0 0.475665841 0.845628175 0.500000000 0.500000000 0.000000000 0.000000000 0.858813524 0.013770008 -0.512103260 1.187240679 -0.025521215 0.999547482 -0.015922936 0.278153723 0.511652231 0.026744330 0.858776271 -1.128221635
0 0.475665841 0.845628175 0.500000000 0.500000000 0.000000000 0.000000000 0.856531143 0.013914287 -0.515907705 1.203846866 -0.025710413 0.999545693 -0.015727237 0.281856010 0.515454531 0.026735069 0.856499791 -1.138776129
0 0.475665841 0.845628175 0.500000000 0.500000000 0.000000000 0.000000000 0.854499996 0.013925308 -0.519264698 1.219572051 -0.025563061 0.999556720 -0.015261003 0.284713005 0.518821955 0.026314521 0.854477227 -1.149387677
0 0.475665841 0.845628175 0.500000000 0.500000000 0.000000000 0.000000000 0.852386177 0.013956088 -0.522726595 1.235604911 -0.025563344 0.999560714 -0.014998060 0.288000304 0.522287607 0.026146777 0.852368474 -1.159034596
0 0.475665841 0.845628175 0.500000000 0.500000000 0.000000000 0.000000000 0.850332737 0.013941682 -0.526060760 1.251497070 -0.025730757 0.999554813 -0.015101353 0.291671098 0.525615990 0.026377115 0.850312889 -1.167926161
0 0.475665841 0.845628175 0.500000000 0.500000000 0.000000000 0.000000000 0.848329902 0.013900227 -0.529285491 1.266859520 -0.025961667 0.999544919 -0.015360627 0.295271655 0.528831124 0.026772013 0.848304749 -1.176581353
0 0.475665841 0.845628175 0.500000000 0.500000000 0.000000000 0.000000000 0.846427619 0.014000854 -0.532319665 1.281774240 -0.026288960 0.999534011 -0.015512058 0.298671785 0.531854451 0.027123965 0.846401274 -1.185546899
0 0.475665841 0.845628175 0.500000000 0.500000000 0.000000000 0.000000000 0.844703615 0.013992995 -0.535051405 1.295901003 -0.026267320 0.999537408 -0.015328581 0.300858781 0.534589410 0.027002474 0.844680429 -1.194852522
0 0.475665841 0.845628175 0.500000000 0.500000000 0.000000000 0.000000000 0.842958868 0.013928263 -0.537797689 1.309579978 -0.026076660 0.999547601 -0.014986286 0.302060438 0.537345648 0.026656790 0.842940688 -1.204127397
0 0.475665841 0.845628175 0.500000000 0.500000000 0.000000000 0.000000000 0.841054499 0.013978091 -0.540769756 1.323877483 -0.026217921 0.999544621 -0.014939769 0.303696525 0.540314674 0.026743019 0.841037989 -1.212865310
0 0.475665841 0.845628175 0.500000000 0.500000000 0.000000000 0.000000000 0.839405835 0.013954998 -0.543326020 1.337663025 -0.026443206 0.999535024 -0.015180702 0.305094906 0.542861521 0.027110050 0.839384556 -1.222187572
0 0.475665841 0.845628175 0.500000000 0.500000000 0.000000000 0.000000000 0.837933600 0.014094711 -0.545590222 1.350293765 -0.027010357 0.999512434 -0.015662022 0.307030317 0.545103431 0.027860319 0.837905765 -1.232299268
0 0.475665841 0.845628175 0.500000000 0.500000000 0.000000000 0.000000000 0.836367905 0.014275684 -0.547982633 1.363252592 -0.027719459 0.999483347 -0.016269414 0.309425424 0.547467232 0.028796997 0.836331487 -1.242182657
0 0.475665841 0.845628175 0.500000000 0.500000000 0.000000000 0.000000000 0.835141420 0.014314566 -0.549848974 1.374946884 -0.028056093 0.999468625 -0.016593367 0.310819702 0.549319267 0.029284421 0.835099280 -1.253306843
0 0.475665841 0.845628175 0.500000000 0.500000000 0.000000000 0.000000000 0.833889782 0.014422933 -0.551742494 1.386242462 -0.028165167 0.999468088 -0.016441338 0.311195872 0.551211894 0.029250184 0.833852410 -1.264884684
0 0.475665841 0.845628175 0.500000000 0.500000000 0.000000000 0.000000000 0.832647562 0.014597122 -0.553610802 1.397618228 -0.027982453 0.999484599 -0.015732935 0.310209619 0.553095818 0.028591380 0.832626879 -1.276787657
0 0.475665841 0.845628175 0.500000000 0.500000000 0.000000000 0.000000000 0.831413269 0.014772639 -0.555458128 1.409041958 -0.027614987 0.999509752 -0.014751912 0.308064706 0.554967940 0.027603906 0.831413627 -1.288980313
0 0.475665841 0.845628175 0.500000000 0.500000000 0.000000000 0.000000000 0.830146372 0.014897652 -0.557346404 1.420648233 -0.027555823 0.999517620 -0.014326641 0.306530379 0.556864142 0.027251350 0.830156446 -1.300825684
0 0.475665841 0.845628175 0.500000000 0.500000000 0.000000000 0.000000000 0.828718960 0.014908221 -0.559466422 1.432512932 -0.027778007 0.999508739 -0.014512512 0.305075027 0.558975220 0.027567655 0.828725934 -1.312721425
0 0.475665841 0.845628175 0.500000000 0.500000000 0.000000000 0.000000000 0.827391565 0.014992017 -0.561425328 1.444089535 -0.028387178 0.999482274 -0.015145482 0.304765434 0.560907602 0.028468525 0.827388823 -1.325498056
0 0.475665841 0.845628175 0.500000000 0.500000000 0.000000000 0.000000000 0.826129615 0.015149676 -0.563276470 1.454763396 -0.028983291 0.999457717 -0.015627308 0.304049987 0.562734246 0.029235786 0.826120734 -1.339272321
0 0.475665841 0.845628175 0.500000000 0.500000000 0.000000000 0.000000000 0.824672759 0.015265637 -0.565404058 1.465816799 -0.029323919 0.999445319 -0.015785998 0.303022161 0.564849436 0.029598145 0.824662983 -1.353327077
0 0.475665841 0.845628175 0.500000000 0.500000000 0.000000000 0.000000000 0.823273003 0.015341860 -0.567438304 1.476705923 -0.029597664 0.999435127 -0.015920257 0.302685294 0.566873491 0.029901566 0.823261976 -1.367990617
0 0.475665841 0.845628175 0.500000000 0.500000000 0.000000000 0.000000000 0.821716607 0.015466498 -0.569686353 1.487643520 -0.029901085 0.999424875 -0.015995849 0.302747161 0.569111347 0.030178295 0.821706474 -1.382917716
0 0.475665841 0.845628175 0.500000000 0.500000000 0.000000000 0.000000000 0.820108056 0.015674293 -0.571994007 1.498858522 -0.030333102 0.999410093 -0.016103970 0.303837430 0.571404159 0.030557347 0.820099711 -1.397615355
0 0.475665841 0.845628175 0.500000000 0.500000000 0.000000000 0.000000000 0.818478346 0.015876595 -0.574317992 1.509923975 -0.030784091 0.999394059 -0.016243853 0.305919506 0.573712111 0.030975100 0.818471134 -1.411792586
0 0.475665841 0.845628175 0.500000000 0.500000000 0.000000000 0.000000000 0.816743195 0.015902156 -0.576782227 1.521054446 -0.030993765 0.999386072 -0.016334681 0.308774964 0.576168358 0.031217892 0.816734612 -1.425383483
0 0.475665841 0.845628175 0.500000000 0.500000000 0.000000000 0.000000000 0.814769208 0.015972130 -0.579565346 1.532811615 -0.031003343 0.999390543 -0.016043358 0.311161747 0.578955889 0.031040097 0.814767838 -1.438228764
0 0.475665841 0.845628175 0.500000000 0.500000000 0.000000000 0.000000000 0.812655747 0.016073992 -0.582522333 1.544807520 -0.030795593 0.999407291 -0.015384388 0.312740450 0.581929743 0.030441331 0.812669098 -1.450100758
0 0.475665841 0.845628175 0.500000000 0.500000000 0.000000000 0.000000000 0.810556829 0.016069045 -0.585439503 1.556667599 -0.030480934 0.999426246 -0.014769595 0.314012090 0.584866285 0.029816341 0.810581505 -1.461401025
0 0.475665841 0.845628175 0.500000000 0.500000000 0.000000000 0.000000000 0.808234155 0.016025700 -0.588643134 1.568945257 -0.030590449 0.999422550 -0.014793004 0.316161304 0.588066101 0.029963069 0.808257639 -1.471426101
0 0.475665841 0.845628175 0.500000000 0.500000000 0.000000000 0.000000000 0.805778861 0.016027287 -0.591999650 1.581655952 -0.031175796 0.999395609 -0.015377031 0.319654564 0.591395378 0.030846545 0.805791557 -1.480488548
0 0.475665841 0.845628175 0.500000000 0.500000000 0.000000000 0.000000000 0.803309619 0.016060526 -0.595345080 1.593789095 -0.031711835 0.999371707 -0.015829455 0.322528205 0.594716787 0.031595439 0.803314209 -1.489173706
0 0.475665841 0.845628175 0.500000000 0.500000000 0.000000000 0.000000000 0.800809383 0.016197003 -0.598700225 1.605575100 -0.032026835 0.999362111 -0.015802095 0.324283374 0.598062396 0.031828940 0.800817251 -1.497347256
0 0.475665841 0.845628175 0.500000000 0.500000000 0.000000000 0.000000000 0.798021615 0.016500322 -0.602402866 1.618662277 -0.032312531 0.999358654 -0.015432130 0.325607129 0.601761878 0.031780336 0.798043013 -1.504160623
0 0.475665841 0.845628175 0.500000000 0.500000000 0.000000000 0.000000000 0.795219541 0.016758230 -0.606090009 1.632289648 -0.032364637 0.999366045 -0.014831766 0.326393063 0.605457187 0.031410392 0.795257807 -1.510252873
0 0.475665841 0.845628175 0.500000000 0.500000000 0.000000000 0.000000000 0.792595029 0.016747655 -0.609518409 1.645474359 -0.032332957 0.999370754 -0.014584997 0.327451559 0.608890593 0.031267527 0.792637765 -1.516234013
0 0.475665841 0.845628175 0.500000000 0.500000000 0.000000000 0.000000000 0.789754808 0.016866067 -0.613190711 1.659215898 -0.032704536 0.999357939 -0.014633825 0.328688382 0.612550199 0.031611253 0.789799333 -1.521334384
0 0.475665841 0.845628175 0.500000000 0.500000000 0.000000000 0.000000000 0.787120283 0.016933167 -0.616567016 1.672202289 -0.033076793 0.999343514 -0.014780817 0.329164285 0.615911961 0.032028340 0.787163675 -1.526905550
0 0.475665841 0.845628175 0.500000000 0.500000000 0.000000000 0.000000000 0.784357786 0.017020527 -0.620075107 1.685448834 -0.033556167 0.999324024 -0.015015955 0.329690880 0.619400382 0.032585226 0.784398735 -1.532294109
0 0.475665841 0.845628175 0.500000000 0.500000000 0.000000000 0.000000000 0.781338692 0.017237492 -0.623869181 1.699944244 -0.034227755 0.999297619 -0.015256539 0.330218669 0.623167992 0.033274166 0.781379879 -1.536729518
0 0.475665841 0.845628175 0.500000000 0.500000000 0.000000000 0.000000000 0.778554559 0.017333377 -0.627337456 1.713966706 -0.034706339 0.999277949 -0.015462041 0.330373267 0.626616478 0.033810630 0.778594017 -1.541925312
0 0.475665841 0.845628175 0.500000000 0.500000000 0.000000000 0.000000000 0.775786400 0.017296813 -0.630758464 1.727667941 -0.034788921 0.999276221 -0.015385413 0.329549547 0.630035818 0.033879202 0.775826693 -1.547464989
0 0.475665841 0.845628175 0.500000000 0.500000000 0.000000000 0.000000000 0.772673607 0.017337516 -0.634566665 1.742678980 -0.034638036 0.999289215 -0.014874251 0.327314430 0.633857787 0.033473086 0.772724986 -1.552226763
0 0.475665841 0.845628175 0.500000000 0.500000000 0.000000000 0.000000000 0.769468248 0.017393524 -0.638448238 1.757990235 -0.034477241 0.999302745 -0.014328091 0.324322548 0.637753844 0.033036944 0.769531429 -1.556493707
0 0.475665841 0.845628175 0.500000000 0.500000000 0.000000000 0.000000000 0.766030967 0.017662248 -0.642560959 1.774502760 -0.034709480 0.999300599 -0.013910966 0.321120060 0.641865849 0.032959189 0.766108274 -1.560051450
0 0.475665841 0.845628175 0.500000000 0.500000000 0.000000000 0.000000000 0.762483954 0.017806826 -0.646762013 1.791533973 -0.034936436 0.999295950 -0.013674553 0.317722095 0.646063209 0.033022188 0.762569249 -1.563025537
0 0.475665841 0.845628175 0.500000000 0.500000000 0.000000000 0.000000000 0.758689761 0.017915601 -0.651205719 1.810096171 -0.035469264 0.999275029 -0.013832116 0.315786543 0.650485814 0.033592071 0.758775175 -1.565034572
0 0.475665841 0.845628175 0.500000000 0.500000000 0.000000000 0.000000000 0.755051374 0.018034151 -0.655417562 1.828907625 -0.036077540 0.999249995 -0.014067018 0.314354163 0.654672265 0.034267172 0.755135715 -1.567692430
0 0.475665841 0.845628175 0.500000000 0.500000000 0.000000000 0.000000000 0.751405180 0.018117294 -0.659592330 1.847906024 -0.036563076 0.999230385 -0.014206254 0.313018129 0.658827305 0.034791376 0.751489282 -1.570802331
0 0.475665841 0.845628175 0.500000000 0.500000000 0.000000000 0.000000000 0.747285783 0.018191300 -0.664253712 1.868844559 -0.036824036 0.999222815 -0.014062273 0.311471673 0.663481653 0.034969039 0.747374892 -1.573131059
0 0.475665841 0.845628175 0.500000000 0.500000000 0.000000000 0.000000000 0.743013203 0.018407531 -0.669023573 1.891911129 -0.037174780 0.999213576 -0.013793680 0.310831871 0.668243527 0.035119690 0.743113160 -1.575031476
0 0.475665841 0.845628175 0.500000000 0.500000000 0.000000000 0.000000000 0.738755882 0.018462032 -0.673720241 1.915552097 -0.037388790 0.999208033 -0.013616598 0.310794457 0.672935247 0.035248928 0.738861024 -1.576968835
0 0.475665841 0.845628175 0.500000000 0.500000000 0.000000000 0.000000000 0.734412849 0.018483644 -0.678451300 1.939629395 -0.037610102 0.999201417 -0.013490221 0.310879753 0.677660167 0.035424016 0.734521508 -1.578320560
0 0.475665841 0.845628175 0.500000000 0.500000000 0.000000000 0.000000000 0.730108917 0.018505614 -0.683080137 1.963881691 -0.038181681 0.999176323 -0.013741307 0.312406265 0.682263255 0.036113799 0.730214119 -1.579124903
0 0.475665841 0.845628175 0.500000000 0.500000000 0.000000000 0.000000000 0.725732207 0.018550890 -0.687727153 1.987768289 -0.038815074 0.999148190 -0.014008841 0.313737421 0.686881483 0.036860846 0.725834072 -1.579346389
0 0.475665841 0.845628175 0.500000000 0.500000000 0.000000000 0.000000000 0.720959008 0.018540369 -0.692729592 2.012745935 -0.039256569 0.999129474 -0.014115390 0.314819142 0.691864848 0.037370808 0.721059263 -1.578089409
0 0.475665841 0.845628175 0.500000000 0.500000000 0.000000000 0.000000000 0.716018438 0.018547019 -0.697834969 2.038658342 -0.039398141 0.999127328 -0.013869987 0.315481858 0.696968734 0.037424568 0.716124296 -1.575905601
0 0.475665841 0.845628175 0.500000000 0.500000000 0.000000000 0.000000000 0.711067140 0.018545099 -0.702879488 2.064329820 -0.039172560 0.999144375 -0.013266979 0.314964568 0.702032089 0.036967300 0.711185217 -1.573693523
0 0.475665841 0.845628175 0.500000000 0.500000000 0.000000000 0.000000000 0.705507398 0.018499529 -0.708461106 2.091585435 -0.039018929 0.999156892 -0.012765995 0.314894428 0.707627654 0.036649898 0.705634415 -1.569115024
0 0.475665841 0.845628175 0.500000000 0.500000000 0.000000000 0.000000000 0.699818194 0.018448029 -0.714082718 2.119248113 -0.038933218 0.999165595 -0.012342460 0.315099934 0.713259220 0.036439016 0.699952483 -1.563034441
0 0.475665841 0.845628175 0.500000000 0.500000000 0.000000000 0.000000000 0.694188654 0.018177642 -0.719563544 2.145714194 -0.038572285 0.999184132 -0.011970636 0.314710835 0.718758821 0.036065090 0.694323421 -1.556528598
0 0.475665841 0.845628175 0.500000000 0.500000000 0.000000000 0.000000000 0.687849700 0.017957559 -0.725630999 2.173356048 -0.038455516 0.999191523 -0.011725761 0.314252515 0.724833786 0.035970077 0.687984109 -1.546440897
0 0.475665841 0.845628175 0.500000000 0.500000000 0.000000000 0.000000000 0.681384504 0.017725667 -0.731710970 2.201044089 -0.038595296 0.999186039 -0.011735505 0.314024098 0.730907321 0.036236994 0.681514025 -1.534631514
0 0.475665841 0.845628175 0.500000000 0.500000000 0.000000000 0.000000000 0.674499810 0.017668545 -0.738063574 2.229113459 -0.038956467 0.999172628 -0.011682196 0.313006023 0.737246513 0.036631986 0.674630046 -1.520963690
0 0.475665841 0.845628175 0.500000000 0.500000000 0.000000000 0.000000000 0.667161226 0.017597457 -0.744705439 2.258105393 -0.039484840 0.999150932 -0.011763362 0.312172211 0.743866146 0.037252635 0.667289615 -1.504738699
0 0.475665841 0.845628175 0.500000000 0.500000000 0.000000000 0.000000000 0.659675121 0.017594095 -0.751344919 2.287353116 -0.040073980 0.999127150 -0.011788287 0.310741688 0.750481725 0.037885822 0.659804404 -1.487378406
0 0.475665841 0.845628175 0.500000000 0.500000000 0.000000000 0.000000000 0.652015865 0.017652946 -0.757999778 2.316601389 -0.040778555 0.999098420 -0.011809022 0.309159671 0.757107913 0.038609806 0.652147889 -1.468786778
0 0.475665841 0.845628175 0.500000000 0.500000000 0.000000000 0.000000000 0.644368052 0.017699562 -0.764510632 2.345276799 -0.041131772 0.999087095 -0.011537571 0.306534632 0.763608515 0.038880121 0.644507825 -1.449788037
0 0.475665841 0.845628175 0.500000000 0.500000000 0.000000000 0.000000000 0.636612654 0.017788947 -0.770978510 2.373685363 -0.041330352 0.999084175 -0.011075238 0.304002481 0.770075381 0.038915448 0.636764824 -1.429922214
0 0.475665841 0.845628175 0.500000000 0.500000000 0.000000000 0.000000000 0.628296793 0.017855765 -0.777768791 2.402816756 -0.041221727 0.999096274 -0.010362781 0.300816648 0.776880920 0.038571876 0.628464997 -1.407879801
0 0.475665841 0.845628175 0.500000000 0.500000000 0.000000000 0.000000000 0.619927585 0.017944572 -0.784453809 2.432268471 -0.041015413 0.999112785 -0.009558158 0.297162677 0.783586323 0.038100060 0.620113611 -1.384721535
0 0.475665841 0.845628175 0.500000000 0.500000000 0.000000000 0.000000000 0.611480057 0.018118130 -0.791052341 2.461768875 -0.040940523 0.999123156 -0.008763100 0.293763089 0.790199935 0.037744559 0.611685693 -1.360488719
0 0.475665841 0.845628175 0.500000000 0.500000000 0.000000000 0.000000000 0.602832675 0.018149538 -0.797661185 2.491556365 -0.040597938 0.999143958 -0.007947939 0.289601521 0.796834111 0.037174676 0.603053451 -1.334720644
0 0.475665841 0.845628175 0.500000000 0.500000000 0.000000000 0.000000000 0.594086766 0.018048793 -0.804198444 2.521167691 -0.040492177 0.999151766 -0.007488677 0.286523192 0.803381145 0.037012670 0.594313681 -1.307838183
0 0.475665841 0.845628175 0.500000000 0.500000000 0.000000000 0.000000000 0.585063875 0.018040344 -0.810786545 2.550544106 -0.040999584 0.999132097 -0.007354203 0.284968809 0.809950173 0.037544589 0.585295737 -1.279359136
