0 0.479840030 0.853048911 0.500000000 0.500000000 0.000000000 0.000000000 0.904797435 -0.014502795 -0.425595164 -0.440569306 0.017280320 0.999847114 0.002665939 -0.063027429 0.425491422 -0.009766555 0.904909730 -0.640041645
0 0.479840030 0.853048911 0.500000000 0.500000000 0.000000000 0.000000000 0.901974380 -0.013861938 -0.431566983 -0.443368388 0.016574545 0.999859452 0.002525275 -0.062643443 0.431471318 -0.009430760 0.902077377 -0.665634816
0 0.479840030 0.853048911 0.500000000 0.500000000 0.000000000 0.000000000 0.899256945 -0.013926136 -0.437199056 -0.448079666 0.016819354 0.999854743 0.002746591 -0.066067026 0.437097311 -0.009823297 0.899360597 -0.689356939
0 0.479840030 0.853048911 0.500000000 0.500000000 0.000000000 0.000000000 0.896565020 -0.012599706 -0.442732900 -0.452124449 0.015544466 0.999874592 0.003023263 -0.066615129 0.442639321 -0.009592598 0.896648467 -0.715868849
0 0.479840030 0.853048911 0.500000000 0.500000000 0.000000000 0.000000000 0.893465281 -0.011914376 -0.448974192 -0.453688855 0.014960879 0.999882817 0.003238596 -0.069345549 0.448883027 -0.009610622 0.893538833 -0.739509145
0 0.479840030 0.853048911 0.500000000 0.500000000 0.000000000 0.000000000 0.890221953 -0.011427441 -0.455383718 -0.454151936 0.014027606 0.999898911 0.002330775 -0.066946188 0.455311030 -0.008462850 0.890292227 -0.765985460
0 0.479840030 0.853048911 0.500000000 0.500000000 0.000000000 0.000000000 0.887462318 -0.009634785 -0.460779607 -0.458916413 0.013091316 0.999905050 0.004306133 -0.074734995 0.460694373 -0.009853742 0.887504160 -0.792158425
0 0.479840030 0.853048911 0.500000000 0.500000000 0.000000000 0.000000000 0.884181321 -0.009515884 -0.467046976 -0.460783534 0.012638647 0.999913812 0.003553800 -0.074110649 0.466972888 -0.009045045 0.884225368 -0.817993233
0 0.479840030 0.853048911 0.500000000 0.500000000 0.000000000 0.000000000 0.881167471 -0.008327660 -0.472730964 -0.464092807 0.011720324 0.999922335 0.004231909 -0.076450313 0.472659022 -0.009269580 0.881196618 -0.844983313
0 0.479840030 0.853048911 0.500000000 0.500000000 0.000000000 0.000000000 0.878002226 -0.007553895 -0.478596956 -0.466257827 0.010864818 0.999932349 0.004149526 -0.075291819 0.478533238 -0.008843162 0.878024936 -0.873945838
0 0.479840030 0.853048911 0.500000000 0.500000000 0.000000000 0.000000000 0.875145376 -0.006509099 -0.483816355 -0.470586798 0.010055974 0.999938190 0.004736801 -0.075978754 0.483755618 -0.009010634 0.875156760 -0.902304536
0 0.479840030 0.853048911 0.500000000 0.500000000 0.000000000 0.000000000 0.872299850 -0.005681754 -0.488938361 -0.475231697 0.009825545 0.999934256 0.005909624 -0.079457756 0.488872647 -0.009959050 0.872298300 -0.931845837
0 0.479840030 0.853048911 0.500000000 0.500000000 0.000000000 0.000000000 0.869150817 -0.005433305 -0.494517267 -0.477508368 0.009321533 0.999942005 0.005396836 -0.077821363 0.494459242 -0.009300324 0.869151056 -0.961957837
0 0.479840030 0.853048911 0.500000000 0.500000000 0.000000000 0.000000000 0.866179883 -0.004156042 -0.499715000 -0.480476875 0.008320126 0.999946773 0.006105289 -0.078562087 0.499663025 -0.009445971 0.866168380 -0.991393365
0 0.479840030 0.853048911 0.500000000 0.500000000 0.000000000 0.000000000 0.863115013 -0.003227137 -0.504997075 -0.483726424 0.007826429 0.999944985 0.006986473 -0.081364085 0.504946768 -0.009982453 0.863092780 -1.020705387
0 0.479840030 0.853048911 0.500000000 0.500000000 0.000000000 0.000000000 0.859980583 -0.002177760 -0.510322154 -0.486737851 0.006851075 0.999950051 0.007278031 -0.080177388 0.510280788 -0.009755220 0.859952509 -1.050588011
0 0.479840030 0.853048911 0.500000000 0.500000000 0.000000000 0.000000000 0.857084572 -0.000916736 -0.515174925 -0.491566434 0.005796121 0.999952257 0.007863490 -0.079700081 0.515143156 -0.009725692 0.857048988 -1.079489846
0 0.479840030 0.853048911 0.500000000 0.500000000 0.000000000 0.000000000 0.853719890 -0.000047529 -0.520732522 -0.492280610 0.005103652 0.999952734 0.008275962 -0.079973192 0.520707548 -0.009722990 0.853679776 -1.109825156
0 0.479840030 0.853048911 0.500000000 0.500000000 0.000000000 0.000000000 0.850660920 0.000817032 -0.525714159 -0.495965186 0.004937998 0.999942243 0.009544248 -0.083398246 0.525691569 -0.010714893 0.850607753 -1.138131506
0 0.479840030 0.853048911 0.500000000 0.500000000 0.000000000 0.000000000 0.847601175 0.001421775 -0.530631959 -0.499033714 0.004800885 0.999934912 0.010347885 -0.086089054 0.530612111 -0.011318383 0.847539186 -1.167121798
0 0.479840030 0.853048911 0.500000000 0.500000000 0.000000000 0.000000000 0.844872773 0.002346607 -0.534962177 -0.504166782 0.003985371 0.999935031 0.010680354 -0.084750780 0.534952462 -0.011155562 0.844808519 -1.196408344
0 0.479840030 0.853048911 0.500000000 0.500000000 0.000000000 0.000000000 0.841760337 0.002351901 -0.539846241 -0.505979240 0.004362931 0.999928236 0.011159242 -0.086589177 0.539833724 -0.011748720 0.841689646 -1.226025412
0 0.479840030 0.853048911 0.500000000 0.500000000 0.000000000 0.000000000 0.839211822 0.003596358 -0.543792725 -0.511377328 0.003528204 0.999921083 0.012057874 -0.086104244 0.543793201 -0.012037723 0.839132905 -1.254588392
0 0.479840030 0.853048911 0.500000000 0.500000000 0.000000000 0.000000000 0.836528957 0.004364907 -0.547905385 -0.514915463 0.003226553 0.999911666 0.012892054 -0.086811638 0.547913253 -0.012552422 0.836440980 -1.282207147
0 0.479840030 0.853048911 0.500000000 0.500000000 0.000000000 0.000000000 0.833890259 0.005258169 -0.551905215 -0.517724409 0.002682206 0.999904215 0.013579019 -0.086514244 0.551923752 -0.012803735 0.833796263 -1.309230504
0 0.479840030 0.853048911 0.500000000 0.500000000 0.000000000 0.000000000 0.831290245 0.006284837 -0.555803061 -0.520666513 0.001999855 0.999895811 0.014297585 -0.086486289 0.555835009 -0.012996968 0.831191003 -1.336924993
0 0.479840030 0.853048911 0.500000000 0.500000000 0.000000000 0.000000000 0.828270972 0.007442767 -0.560278356 -0.520252713 0.001425795 0.999880552 0.015390247 -0.087949082 0.560325980 -0.013546136 0.828161418 -1.364758107
0 0.479840030 0.853048911 0.500000000 0.500000000 0.000000000 0.000000000 0.825914383 0.007820108 -0.563741326 -0.524796337 0.001020226 0.999881446 0.015364849 -0.086059172 0.563794613 -0.013265193 0.825808465 -1.392332608
0 0.479840030 0.853048911 0.500000000 0.500000000 0.000000000 0.000000000 0.822725296 0.008941786 -0.568368852 -0.522300327 0.000668504 0.999860346 0.016697841 -0.088620426 0.568438828 -0.014117694 0.822604418 -1.421657524
0 0.479840030 0.853048911 0.500000000 0.500000000 0.000000000 0.000000000 0.820371509 0.009504840 -0.571751893 -0.526939944 0.000304385 0.999854445 0.017058387 -0.088267145 0.571830809 -0.014168248 0.820249200 -1.449157302
0 0.479840030 0.853048911 0.500000000 0.500000000 0.000000000 0.000000000 0.817533314 0.010662117 -0.575782537 -0.526422602 -0.000101821 0.999831259 0.018369913 -0.090426815 0.575881243 -0.014959389 0.817396462 -1.479341300
0 0.479840030 0.853048911 0.500000000 0.500000000 0.000000000 0.000000000 0.815227449 0.010989693 -0.579036653 -0.529555855 -0.000055324 0.999821424 0.018897990 -0.090613101 0.579140961 -0.015374126 0.815082431 -1.508009935
0 0.479840030 0.853048911 0.500000000 0.500000000 0.000000000 0.000000000 0.812989771 0.011838227 -0.582157552 -0.533021082 -0.000352660 0.999803126 0.019838592 -0.090842455 0.582277834 -0.015923269 0.812833905 -1.536371326
0 0.479840030 0.853048911 0.500000000 0.500000000 0.000000000 0.000000000 0.810630441 0.012457793 -0.585425556 -0.535000433 -0.000381256 0.999784648 0.020747390 -0.091466880 0.585557938 -0.016595269 0.810460627 -1.566690372
0 0.479840030 0.853048911 0.500000000 0.500000000 0.000000000 0.000000000 0.807775259 0.013134710 -0.589344203 -0.533443131 -0.000507424 0.999766886 0.021586305 -0.092148767 0.589490294 -0.017137835 0.807593644 -1.597388535
0 0.479840030 0.853048911 0.500000000 0.500000000 0.000000000 0.000000000 0.805244386 0.014017626 -0.592777371 -0.533903247 -0.000665639 0.999741256 0.022737032 -0.093893947 0.592942715 -0.017914291 0.805045366 -1.628216750
0 0.479840030 0.853048911 0.500000000 0.500000000 0.000000000 0.000000000 0.802627087 0.014249082 -0.596310914 -0.533438389 -0.000568443 0.999732435 0.023123879 -0.093181842 0.596480906 -0.018220883 0.802420437 -1.659516758
0 0.479840030 0.853048911 0.500000000 0.500000000 0.000000000 0.000000000 0.800190032 0.014121737 -0.599580288 -0.534356766 -0.000320234 0.999732673 0.023119029 -0.091139533 0.599746466 -0.018307609 0.799980581 -1.689597097
0 0.479840030 0.853048911 0.500000000 0.500000000 0.000000000 0.000000000 0.797459424 0.014715631 -0.603193164 -0.533223450 -0.000055173 0.999704301 0.024316061 -0.093517707 0.603372633 -0.019357791 0.797224402 -1.718579999
0 0.479840030 0.853048911 0.500000000 0.500000000 0.000000000 0.000000000 0.794479668 0.014961923 -0.607106447 -0.529271476 -0.000122464 0.999700367 0.024477001 -0.090595727 0.607290745 -0.019372130 0.794243455 -1.749948887
0 0.479840030 0.853048911 0.500000000 0.500000000 0.000000000 0.000000000 0.791940331 0.015066891 -0.610412598 -0.529477278 0.000224972 0.999688268 0.024967307 -0.090386054 0.610598445 -0.019909943 0.791690052 -1.777700463
0 0.479840030 0.853048911 0.500000000 0.500000000 0.000000000 0.000000000 0.788876414 0.015416423 -0.614358425 -0.525424001 0.000387692 0.999672651 0.025583137 -0.089262330 0.614551723 -0.020420115 0.788612187 -1.807393357
0 0.479840030 0.853048911 0.500000000 0.500000000 0.000000000 0.000000000 0.785805404 0.015010748 -0.618291616 -0.521640497 0.000833549 0.999678791 0.025329364 -0.086006372 0.618473232 -0.020419328 0.785540521 -1.835944218
0 0.479840030 0.853048911 0.500000000 0.500000000 0.000000000 0.000000000 0.782959759 0.014996151 -0.621891618 -0.519148303 0.001134607 0.999673307 0.025534360 -0.084900760 0.622071326 -0.020697979 0.782686949 -1.863435835
0 0.479840030 0.853048911 0.500000000 0.500000000 0.000000000 0.000000000 0.779872715 0.015096523 -0.625756085 -0.515160075 0.001530068 0.999660134 0.026023960 -0.085371059 0.625936270 -0.021252826 0.779584587 -1.891365299
0 0.479840030 0.853048911 0.500000000 0.500000000 0.000000000 0.000000000 0.776868761 0.015037638 -0.629482925 -0.511591807 0.001979184 0.999651551 0.026323134 -0.086153526 0.629659414 -0.021695483 0.776568294 -1.918453761
0 0.479840030 0.853048911 0.500000000 0.500000000 0.000000000 0.000000000 0.773597479 0.015352716 -0.633491278 -0.505851796 0.002127497 0.999637902 0.026824335 -0.086567987 0.633673728 -0.022098990 0.773284733 -1.945720445
0 0.479840030 0.853048911 0.500000000 0.500000000 0.000000000 0.000000000 0.770509124 0.015059913 -0.637251019 -0.501234340 0.002388827 0.999645650 0.026512612 -0.085172242 0.637424469 -0.021950491 0.770200133 -1.972234200
0 0.479840030 0.853048911 0.500000000 0.500000000 0.000000000 0.000000000 0.767418146 0.014698425 -0.640978396 -0.496638164 0.003012757 0.999643445 0.026530113 -0.085993983 0.641139805 -0.022290802 0.767100275 -1.999343998
0 0.479840030 0.853048911 0.500000000 0.500000000 0.000000000 0.000000000 0.764443278 0.014682311 -0.644523799 -0.492157177 0.003362600 0.999636233 0.026760045 -0.087036668 0.644682229 -0.022623811 0.764115810 -2.026418027
0 0.479840030 0.853048911 0.500000000 0.500000000 0.000000000 0.000000000 0.761632442 0.014714292 -0.647842228 -0.488286305 0.003559390 0.999632061 0.026888995 -0.087556911 0.647999525 -0.022785453 0.761299849 -2.052830406
0 0.479840030 0.853048911 0.500000000 0.500000000 0.000000000 0.000000000 0.758842647 0.015050245 -0.651100099 -0.483734460 0.003752304 0.999615312 0.027479436 -0.089121369 0.651263177 -0.023295695 0.758494258 -2.079512809
0 0.479840030 0.853048911 0.500000000 0.500000000 0.000000000 0.000000000 0.756401658 0.014896672 -0.653937757 -0.480563016 0.003972635 0.999617577 0.027366338 -0.089387103 0.654095352 -0.023297800 0.756053209 -2.106580920
0 0.479840030 0.853048911 0.500000000 0.500000000 0.000000000 0.000000000 0.753914833 0.015268181 -0.656794727 -0.476869605 0.004091250 0.999601424 0.027933460 -0.091090238 0.656959474 -0.023746561 0.753551841 -2.133481340
0 0.479840030 0.853048911 0.500000000 0.500000000 0.000000000 0.000000000 0.751338303 0.015247487 -0.659741044 -0.472302334 0.004250113 0.999600530 0.027942279 -0.091274624 0.659903526 -0.023798078 0.750973344 -2.159931579
0 0.479840030 0.853048911 0.500000000 0.500000000 0.000000000 0.000000000 0.749038160 0.015337038 -0.662349284 -0.469974172 0.004304212 0.999598265 0.028013762 -0.091392468 0.662512839 -0.023834269 0.748671234 -2.186637559
0 0.479840030 0.853048911 0.500000000 0.500000000 0.000000000 0.000000000 0.746670783 0.015796755 -0.665006161 -0.466779698 0.004428068 0.999577820 0.028716115 -0.094245616 0.665179014 -0.024386179 0.746285617 -2.212639785
0 0.479840030 0.853048911 0.500000000 0.500000000 0.000000000 0.000000000 0.744004607 0.015969651 -0.667983651 -0.462164721 0.004376854 0.999576390 0.028772090 -0.095137085 0.668160141 -0.024330234 0.743619561 -2.239627648
0 0.479840030 0.853048911 0.500000000 0.500000000 0.000000000 0.000000000 0.741831005 0.016385259 -0.670386672 -0.460998100 0.004331115 0.999563515 0.029223528 -0.096972309 0.670572937 -0.024582440 0.741436243 -2.265580507
0 0.479840030 0.853048911 0.500000000 0.500000000 0.000000000 0.000000000 0.739256442 0.016429851 -0.673223555 -0.457099389 0.004312521 0.999566317 0.029129677 -0.097601838 0.673410177 -0.024437593 0.738865018 -2.291774759
0 0.479840030 0.853048911 0.500000000 0.500000000 0.000000000 0.000000000 0.736920834 0.016315430 -0.675782084 -0.454754201 0.004440399 0.999570251 0.028974786 -0.098564299 0.675964415 -0.024352865 0.736531734 -2.318057992
0 0.479840030 0.853048911 0.500000000 0.500000000 0.000000000 0.000000000 0.734685838 0.016030192 -0.678218067 -0.453031517 0.004449190 0.999585450 0.028445575 -0.097971901 0.678392887 -0.023916082 0.734309971 -2.344090568
0 0.479840030 0.853048911 0.500000000 0.500000000 0.000000000 0.000000000 0.732333779 0.016085260 -0.680755794 -0.450537449 0.004327111 0.999590874 0.028273821 -0.098424069 0.680932045 -0.023651581 0.731964588 -2.369953933
0 0.479840030 0.853048911 0.500000000 0.500000000 0.000000000 0.000000000 0.729578435 0.015822817 -0.683714092 -0.445363005 0.004275048 0.999607265 0.027695179 -0.096914686 0.683883786 -0.023128714 0.729224265 -2.396876663
0 0.479840030 0.853048911 0.500000000 0.500000000 0.000000000 0.000000000 0.727266014 0.015705733 -0.686176002 -0.443708716 0.004297962 0.999614358 0.027435290 -0.096794249 0.686342239 -0.022901911 0.726918042 -2.422064753
0 0.479840030 0.853048911 0.500000000 0.500000000 0.000000000 0.000000000 0.725120902 0.016013088 -0.688435376 -0.443265309 0.004221398 0.999607444 0.027697334 -0.097449497 0.688608646 -0.022990076 0.724768639 -2.447277984
0 0.479840030 0.853048911 0.500000000 0.500000000 0.000000000 0.000000000 0.722592175 0.015242644 -0.691106498 -0.439799757 0.004353471 0.999636710 0.026599213 -0.094484254 0.691260874 -0.022229094 0.722263277 -2.472047824
0 0.479840030 0.853048911 0.500000000 0.500000000 0.000000000 0.000000000 0.719890535 0.015684804 -0.693910360 -0.434058311 0.003762910 0.999641776 0.026499197 -0.090924857 0.694077373 -0.021687644 0.719573617 -2.496391021
0 0.479840030 0.853048911 0.500000000 0.500000000 0.000000000 0.000000000 0.717495978 0.015387009 -0.696392655 -0.430610959 0.003854337 0.999652982 0.026058776 -0.089304888 0.696551979 -0.021381199 0.717187703 -2.519464143
0 0.479840030 0.853048911 0.500000000 0.500000000 0.000000000 0.000000000 0.715080976 0.015330327 -0.698873520 -0.426470512 0.003748519 0.999661028 0.025763782 -0.087887933 0.699031591 -0.021042932 0.714781106 -2.542198137
0 0.479840030 0.853048911 0.500000000 0.500000000 0.000000000 0.000000000 0.712747037 0.015146465 -0.701257646 -0.422792146 0.003718000 0.999671221 0.025370816 -0.086449709 0.701411366 -0.020690249 0.712456346 -2.565207304
0 0.479840030 0.853048911 0.500000000 0.500000000 0.000000000 0.000000000 0.710222900 0.015212173 -0.703812480 -0.416195924 0.003376200 0.999681413 0.025014021 -0.084201518 0.703968763 -0.020141743 0.709945261 -2.586811862
0 0.479840030 0.853048911 0.500000000 0.500000000 0.000000000 0.000000000 0.707556784 0.014825699 -0.706500947 -0.408940650 0.003132232 0.999704301 0.024115389 -0.081311900 0.706649542 -0.019275932 0.707301080 -2.609143415
0 0.479840030 0.853048911 0.500000000 0.500000000 0.000000000 0.000000000 0.705272019 0.014738431 -0.708783567 -0.404138725 0.003006323 0.999712706 0.023779435 -0.080729831 0.708930373 -0.018901803 0.705025136 -2.630574653
0 0.479840030 0.853048911 0.500000000 0.500000000 0.000000000 0.000000000 0.702830672 0.014748889 -0.711204290 -0.397987305 0.002657525 0.999723613 0.023358410 -0.079413076 0.711352229 -0.018307051 0.702597201 -2.652481826
0 0.479840030 0.853048911 0.500000000 0.500000000 0.000000000 0.000000000 0.700579643 0.014038269 -0.713436067 -0.392978984 0.002962875 0.999740601 0.022581361 -0.079710200 0.713568032 -0.017933864 0.700356364 -2.673727703
0 0.479840030 0.853048911 0.500000000 0.500000000 0.000000000 0.000000000 0.698001921 0.013770319 -0.715963423 -0.385083840 0.002652291 0.999758542 0.021814378 -0.077853457 0.716090977 -0.017125420 0.697796881 -2.695075332
0 0.479840030 0.853048911 0.500000000 0.500000000 0.000000000 0.000000000 0.695579886 0.013264663 -0.718326271 -0.378476871 0.002493181 0.999778986 0.020876221 -0.075807532 0.718444407 -0.016311998 0.695393085 -2.717118447
0 0.479840030 0.853048911 0.500000000 0.500000000 0.000000000 0.000000000 0.693185329 0.013046484 -0.720641315 -0.370703354 0.002289208 0.999791265 0.020302204 -0.075254016 0.720755756 -0.015722888 0.693010747 -2.738108823
0 0.479840030 0.853048911 0.500000000 0.500000000 0.000000000 0.000000000 0.690893650 0.012837556 -0.722842395 -0.363606765 0.001584769 0.999813020 0.019271230 -0.070153748 0.722954631 -0.014459909 0.690744162 -2.759925625
0 0.479840030 0.853048911 0.500000000 0.500000000 0.000000000 0.000000000 0.688853562 0.012397719 -0.724794507 -0.357341379 0.001866016 0.999820113 0.018875556 -0.071277502 0.724898160 -0.014354973 0.688706458 -2.782140387
