0 0.504466840 0.896829860 0.500000000 0.500000000 0.000000000 0.000000000 0.995890319 -0.013977168 0.089482769 0.097462486 0.013892830 0.999902248 0.001565292 0.000418420 -0.089495897 -0.000315690 0.995987117 -0.355307786
0 0.504466840 0.896829860 0.500000000 0.500000000 0.000000000 0.000000000 0.995277941 -0.014805127 0.095930047 0.103721240 0.014693049 0.999890268 0.001874644 0.001636255 -0.095947281 -0.000456287 0.995386302 -0.376316317
0 0.504466840 0.896829860 0.500000000 0.500000000 0.000000000 0.000000000 0.994617820 -0.015633002 0.102425858 0.109435640 0.015454791 0.999877334 0.002533296 0.002303154 -0.102452897 -0.000936691 0.994737387 -0.397738253
0 0.504466840 0.896829860 0.500000000 0.500000000 0.000000000 0.000000000 0.993937790 -0.016494872 0.108699426 0.115408951 0.016279198 0.999863386 0.002871290 0.003023576 -0.108731933 -0.001084344 0.994070530 -0.418541768
0 0.504466840 0.896829860 0.500000000 0.500000000 0.000000000 0.000000000 0.993253171 -0.017364323 0.114658751 0.121594161 0.017171839 0.999849021 0.002666326 0.003976927 -0.114687733 -0.000679436 0.993401349 -0.439434101
0 0.504466840 0.896829860 0.500000000 0.500000000 0.000000000 0.000000000 0.992492557 -0.018151825 0.120950505 0.126780992 0.017993128 0.999835193 0.002404192 0.004699415 -0.120974213 -0.000209865 0.992655635 -0.460499591
0 0.504466840 0.896829860 0.500000000 0.500000000 0.000000000 0.000000000 0.991691470 -0.019019339 0.127225578 0.132169242 0.018865734 0.999819100 0.002412345 0.004751573 -0.127248451 0.000007902 0.991870880 -0.481606445
0 0.504466840 0.896829860 0.500000000 0.500000000 0.000000000 0.000000000 0.990951836 -0.019971121 0.132723927 0.138296302 0.019737847 0.999800444 0.003073148 0.004019535 -0.132758811 -0.000425657 0.991148293 -0.502515892
0 0.504466840 0.896829860 0.500000000 0.500000000 0.000000000 0.000000000 0.990121722 -0.020805713 0.138658047 0.143955072 0.020490317 0.999783218 0.003701868 0.003578848 -0.138705000 -0.000824153 0.990333378 -0.524225044
0 0.504466840 0.896829860 0.500000000 0.500000000 0.000000000 0.000000000 0.989168108 -0.021661401 0.145179942 0.149277131 0.021266408 0.999764740 0.004272294 0.002093757 -0.145238340 -0.001138561 0.989396036 -0.546225959
0 0.504466840 0.896829860 0.500000000 0.500000000 0.000000000 0.000000000 0.988133252 -0.022601159 0.151927322 0.153869236 0.022212928 0.999744236 0.004252336 0.000496609 -0.151984572 -0.000827124 0.988382518 -0.568990333
0 0.504466840 0.896829860 0.500000000 0.500000000 0.000000000 0.000000000 0.987083375 -0.023451012 0.158481807 0.158150203 0.023152683 0.999724984 0.003728719 -0.000580055 -0.158525661 -0.000011278 0.987354875 -0.592652392
0 0.504466840 0.896829860 0.500000000 0.500000000 0.000000000 0.000000000 0.986000717 -0.024342550 0.164954528 0.161812846 0.024096262 0.999703526 0.003494306 -0.001514595 -0.164990693 0.000529400 0.986294985 -0.616491851
0 0.504466840 0.896829860 0.500000000 0.500000000 0.000000000 0.000000000 0.984850705 -0.025221689 0.171560273 0.165284989 0.024921864 0.999681771 0.003901521 -0.002773893 -0.171604082 0.000433185 0.985165894 -0.640742874
0 0.504466840 0.896829860 0.500000000 0.500000000 0.000000000 0.000000000 0.983534813 -0.026043525 0.178832263 0.167980610 0.025663840 0.999660790 0.004436620 -0.003513088 -0.178887144 0.000225952 0.983869553 -0.665045367
0 0.504466840 0.896829860 0.500000000 0.500000000 0.000000000 0.000000000 0.982095301 -0.026919696 0.186451480 0.169690030 0.026502553 0.999637544 0.004729956 -0.003724017 -0.186511233 0.000296173 0.982452810 -0.689847223
0 0.504466840 0.896829860 0.500000000 0.500000000 0.000000000 0.000000000 0.980619729 -0.027795885 0.193939120 0.171153698 0.027409649 0.999613345 0.004675155 -0.002857223 -0.193994090 0.000731255 0.981002450 -0.714476616
0 0.504466840 0.896829860 0.500000000 0.500000000 0.000000000 0.000000000 0.979047060 -0.028744077 0.201595262 0.172625780 0.028358489 0.999586284 0.004801154 -0.001746552 -0.201649874 0.001016382 0.979457140 -0.739029673
0 0.504466840 0.896829860 0.500000000 0.500000000 0.000000000 0.000000000 0.977368355 -0.029680453 0.209452152 0.174109675 0.029238187 0.999558926 0.005208276 -0.000357475 -0.209514350 0.001033597 0.977805018 -0.763567310
0 0.504466840 0.896829860 0.500000000 0.500000000 0.000000000 0.000000000 0.975633681 -0.030615738 0.217259213 0.175093877 0.030068966 0.999530852 0.005822899 0.001238962 -0.217335567 0.000851744 0.976096570 -0.787528872
0 0.504466840 0.896829860 0.500000000 0.500000000 0.000000000 0.000000000 0.973828614 -0.031420439 0.225101411 0.175493853 0.030758966 0.999506056 0.006445807 0.002749706 -0.225192755 0.000646775 0.974314034 -0.810879777
0 0.504466840 0.896829860 0.500000000 0.500000000 0.000000000 0.000000000 0.971952915 -0.032226302 0.232957155 0.175927435 0.031476069 0.999480426 0.006938197 0.004624196 -0.233059704 0.000588975 0.972462237 -0.833925195
0 0.504466840 0.896829860 0.500000000 0.500000000 0.000000000 0.000000000 0.970067441 -0.033094700 0.240569934 0.176567458 0.032293826 0.999451935 0.007271795 0.006325992 -0.240678757 0.000714793 0.970604539 -0.856796969
0 0.504466840 0.896829860 0.500000000 0.500000000 0.000000000 0.000000000 0.968269289 -0.034088220 0.247573271 0.177777811 0.033337366 0.999418020 0.007225474 0.008596479 -0.247675493 0.001257235 0.968842208 -0.879016374
0 0.504466840 0.896829860 0.500000000 0.500000000 0.000000000 0.000000000 0.966536283 -0.035121638 0.254114240 0.179330514 0.034477167 0.999381006 0.006990817 0.011006336 -0.254202485 0.002004260 0.967148960 -0.901913905
0 0.504466840 0.896829860 0.500000000 0.500000000 0.000000000 0.000000000 0.965000033 -0.035700139 0.259808570 0.182087518 0.035121739 0.999359429 0.006869638 0.013936658 -0.259887397 0.002495728 0.965635717 -0.923755874
0 0.504466840 0.896829860 0.500000000 0.500000000 0.000000000 0.000000000 0.963432133 -0.036367960 0.265473068 0.184619213 0.035633963 0.999336123 0.007582352 0.016656995 -0.265572578 0.002154777 0.964088440 -0.944958341
0 0.504466840 0.896829860 0.500000000 0.500000000 0.000000000 0.000000000 0.961824119 -0.037107360 0.271140903 0.186650585 0.036043242 0.999310553 0.008905025 0.018610447 -0.271284401 0.001207729 0.962498486 -0.966374217
0 0.504466840 0.896829860 0.500000000 0.500000000 0.000000000 0.000000000 0.960540593 -0.037504908 0.275599688 0.191441818 0.036180649 0.999296308 0.009889477 0.021119024 -0.275776684 0.000472132 0.961221635 -0.987566171
0 0.504466840 0.896829860 0.500000000 0.500000000 0.000000000 0.000000000 0.959294379 -0.037914090 0.279851377 0.196466621 0.036428571 0.999280989 0.010509526 0.023270299 -0.280048609 0.000112857 0.959985793 -1.008304113
0 0.504466840 0.896829860 0.500000000 0.500000000 0.000000000 0.000000000 0.957933605 -0.038336903 0.284417719 0.201264462 0.036984377 0.999264538 0.010126413 0.026974963 -0.284596741 0.000818580 0.958646953 -1.028904809
0 0.504466840 0.896829860 0.500000000 0.500000000 0.000000000 0.000000000 0.956528127 -0.038744241 0.289055139 0.205345991 0.037644740 0.999247313 0.009364386 0.031006518 -0.289200395 0.001924108 0.957266629 -1.049890664
0 0.504466840 0.896829860 0.500000000 0.500000000 0.000000000 0.000000000 0.955501735 -0.039271142 0.292359799 0.211845127 0.038367495 0.999224722 0.008826408 0.035003473 -0.292479783 0.002783467 0.956267655 -1.070565868
0 0.504466840 0.896829860 0.500000000 0.500000000 0.000000000 0.000000000 0.954585254 -0.039663751 0.295285851 0.218958576 0.038753424 0.999208868 0.008936837 0.038185123 -0.295406699 0.002912364 0.955367148 -1.091391601
0 0.504466840 0.896829860 0.500000000 0.500000000 0.000000000 0.000000000 0.953627944 -0.040101722 0.298304468 0.226777578 0.039007310 0.999192595 0.009624000 0.041145031 -0.298449546 0.002458339 0.954422235 -1.112495591
0 0.504466840 0.896829860 0.500000000 0.500000000 0.000000000 0.000000000 0.952764869 -0.040421277 0.301007092 0.235057203 0.039181899 0.999180496 0.010155962 0.044609029 -0.301170945 0.002117786 0.953567803 -1.133860862
0 0.504466840 0.896829860 0.500000000 0.500000000 0.000000000 0.000000000 0.951978028 -0.040936988 0.303417176 0.244020754 0.039666411 0.999159336 0.010352163 0.049034705 -0.303585917 0.002180439 0.952801585 -1.155164454
0 0.504466840 0.896829860 0.500000000 0.500000000 0.000000000 0.000000000 0.951324344 -0.041389324 0.305399626 0.254256714 0.040196490 0.999139786 0.010195899 0.054492399 -0.305558920 0.002576386 0.952169657 -1.176700638
0 0.504466840 0.896829860 0.500000000 0.500000000 0.000000000 0.000000000 0.950647116 -0.041742802 0.307453394 0.265597952 0.040580742 0.999124467 0.010174840 0.059974468 -0.307608932 0.002804005 0.951508760 -1.198906121
0 0.504466840 0.896829860 0.500000000 0.500000000 0.000000000 0.000000000 0.949861109 -0.042263564 0.309802532 0.275877149 0.041025445 0.999102771 0.010513693 0.066147901 -0.309968919 0.002723239 0.950742781 -1.220902685
0 0.504466840 0.896829860 0.500000000 0.500000000 0.000000000 0.000000000 0.949061990 -0.042705987 0.312181830 0.286317741 0.041298155 0.999084949 0.011123007 0.071696094 -0.312371194 0.002336110 0.949957252 -1.243177483
0 0.504466840 0.896829860 0.500000000 0.500000000 0.000000000 0.000000000 0.948304713 -0.043131772 0.314416707 0.297021999 0.041656028 0.999066830 0.011414509 0.077650519 -0.314615637 0.002272919 0.949216425 -1.265164434
0 0.504466840 0.896829860 0.500000000 0.500000000 0.000000000 0.000000000 0.947613597 -0.043651782 0.316422164 0.307740138 0.042202100 0.999043643 0.011436461 0.083487589 -0.316618770 0.002516333 0.948549509 -1.286946147
0 0.504466840 0.896829860 0.500000000 0.500000000 0.000000000 0.000000000 0.947135687 -0.044067699 0.317792356 0.320402730 0.042762700 0.999023736 0.011084598 0.089713594 -0.317970604 0.003091041 0.948095560 -1.308557547
0 0.504466840 0.896829860 0.500000000 0.500000000 0.000000000 0.000000000 0.946616173 -0.044432510 0.319286048 0.331844484 0.043182258 0.999006689 0.010997513 0.095230876 -0.319457531 0.003377068 0.947594583 -1.330029567
0 0.504466840 0.896829860 0.500000000 0.500000000 0.000000000 0.000000000 0.946118116 -0.044643622 0.320729584 0.343550941 0.043268982 0.998998225 0.011415643 0.099457738 -0.320917934 0.003077097 0.947102010 -1.351221829
0 0.504466840 0.896829860 0.500000000 0.500000000 0.000000000 0.000000000 0.945622683 -0.044927996 0.322147846 0.354291921 0.043385815 0.998986661 0.011969218 0.103493912 -0.322359145 0.002658283 0.946613729 -1.372579891
0 0.504466840 0.896829860 0.500000000 0.500000000 0.000000000 0.000000000 0.945271254 -0.045180343 0.323142439 0.366224213 0.043532528 0.998975933 0.012329013 0.107216076 -0.323368549 0.002412946 0.946270049 -1.394055568
0 0.504466840 0.896829860 0.500000000 0.500000000 0.000000000 0.000000000 0.944737494 -0.045408804 0.324667752 0.376412214 0.043820824 0.998964846 0.012205170 0.111928223 -0.324885905 0.002696527 0.945749402 -1.415646076
0 0.504466840 0.896829860 0.500000000 0.500000000 0.000000000 0.000000000 0.944260180 -0.045587040 0.326028436 0.386729522 0.044024613 0.998956263 0.012173088 0.116420596 -0.326243073 0.002858713 0.945281565 -1.437317260
0 0.504466840 0.896829860 0.500000000 0.500000000 0.000000000 0.000000000 0.943855345 -0.045751713 0.327175528 0.396495252 0.044186082 0.998948574 0.012220775 0.121521144 -0.327390641 0.002921960 0.944884539 -1.458667465
0 0.504466840 0.896829860 0.500000000 0.500000000 0.000000000 0.000000000 0.943450332 -0.045859966 0.328326643 0.406060251 0.044166442 0.998944521 0.012617681 0.125450469 -0.328558743 0.002596864 0.944479942 -1.479974587
0 0.504466840 0.896829860 0.500000000 0.500000000 0.000000000 0.000000000 0.943076372 -0.045946140 0.329387099 0.415604777 0.044189215 0.998940885 0.012822821 0.129402903 -0.329627395 0.002462458 0.944107890 -1.501133118
0 0.504466840 0.896829860 0.500000000 0.500000000 0.000000000 0.000000000 0.942862093 -0.046109065 0.329977244 0.425920057 0.044405457 0.998932838 0.012702806 0.133495735 -0.330210835 0.002675796 0.943903387 -1.522479231
0 0.504466840 0.896829860 0.500000000 0.500000000 0.000000000 0.000000000 0.942814112 -0.046128530 0.330111653 0.437091032 0.044524379 0.998931050 0.012423087 0.137133488 -0.330331862 0.002985355 0.943860114 -1.543954883
0 0.504466840 0.896829860 0.500000000 0.500000000 0.000000000 0.000000000 0.942652762 -0.046224989 0.330558687 0.447486201 0.044669073 0.998926044 0.012306206 0.140488382 -0.330772549 0.003165271 0.943705201 -1.566187139
0 0.504466840 0.896829860 0.500000000 0.500000000 0.000000000 0.000000000 0.942435384 -0.046258342 0.331173211 0.457704555 0.044594605 0.998925388 0.012625104 0.142192021 -0.331401348 0.002870194 0.943485498 -1.589412987
0 0.504466840 0.896829860 0.500000000 0.500000000 0.000000000 0.000000000 0.942337275 -0.046241224 0.331454754 0.468938719 0.044480674 0.998926938 0.012900124 0.144135943 -0.331695586 0.002587063 0.943382919 -1.613021136
0 0.504466840 0.896829860 0.500000000 0.500000000 0.000000000 0.000000000 0.942305803 -0.046265360 0.331540853 0.480421867 0.044422355 0.998926401 0.013139410 0.145822158 -0.331792831 0.002346484 0.943349361 -1.637074260
0 0.504466840 0.896829860 0.500000000 0.500000000 0.000000000 0.000000000 0.942124248 -0.046350267 0.332044572 0.491176855 0.044556737 0.998922050 0.013017301 0.148180707 -0.332289994 0.002530908 0.943173885 -1.661734162
0 0.504466840 0.896829860 0.500000000 0.500000000 0.000000000 0.000000000 0.942017436 -0.046350967 0.332347274 0.502058813 0.044689499 0.998920918 0.012645384 0.151222420 -0.332574785 0.002940261 0.943072319 -1.686583375
0 0.504466840 0.896829860 0.500000000 0.500000000 0.000000000 0.000000000 0.941959500 -0.046320591 0.332515746 0.513641532 0.044751991 0.998921454 0.012378569 0.154607385 -0.332730502 0.003220631 0.943016469 -1.711900396
0 0.504466840 0.896829860 0.500000000 0.500000000 0.000000000 0.000000000 0.941832840 -0.046345111 0.332870960 0.524354717 0.044782300 0.998920202 0.012370036 0.158348618 -0.333084822 0.003256222 0.942891240 -1.737180140
0 0.504466840 0.896829860 0.500000000 0.500000000 0.000000000 0.000000000 0.941694438 -0.046335433 0.333263516 0.535258013 0.044762127 0.998920679 0.012402125 0.162783255 -0.333478481 0.003238571 0.942752123 -1.762752385
0 0.504466840 0.896829860 0.500000000 0.500000000 0.000000000 0.000000000 0.941516817 -0.046406344 0.333755255 0.545336357 0.044809740 0.998917520 0.012485160 0.167983677 -0.333973348 0.003200498 0.942577064 -1.788364970
0 0.504466840 0.896829860 0.500000000 0.500000000 0.000000000 0.000000000 0.941316783 -0.046392009 0.334320962 0.555090712 0.044837799 0.998917699 0.012369037 0.173859220 -0.334532946 0.003347034 0.942378104 -1.814164692
0 0.504466840 0.896829860 0.500000000 0.500000000 0.000000000 0.000000000 0.941264451 -0.046434160 0.334462464 0.565963577 0.044991355 0.998914540 0.012064126 0.180795343 -0.334659606 0.003692386 0.942331851 -1.839721646
0 0.504466840 0.896829860 0.500000000 0.500000000 0.000000000 0.000000000 0.941405952 -0.046431430 0.334064275 0.578445053 0.045069207 0.998913825 0.011831785 0.187731555 -0.334250778 0.003917499 0.942476034 -1.864597476
0 0.504466840 0.896829860 0.500000000 0.500000000 0.000000000 0.000000000 0.941312373 -0.046542168 0.334312499 0.589772333 0.045093082 0.998909533 0.012098671 0.193963245 -0.334511042 0.003686552 0.942384601 -1.889704335
0 0.504466840 0.896829860 0.500000000 0.500000000 0.000000000 0.000000000 0.941004694 -0.046632905 0.335164964 0.598631624 0.044974267 0.998907268 0.012712994 0.199087058 -0.335391551 0.003110812 0.942073703 -1.915267070
0 0.504466840 0.896829860 0.500000000 0.500000000 0.000000000 0.000000000 0.940930307 -0.046728175 0.335360378 0.607886366 0.044917691 0.998904049 0.013157625 0.204265741 -0.335607678 0.002683206 0.941998005 -1.940043051
0 0.504466840 0.896829860 0.500000000 0.500000000 0.000000000 0.000000000 0.941100240 -0.046900690 0.334859163 0.619054644 0.045064803 0.998896122 0.013254589 0.210334266 -0.335111171 0.002616465 0.942174971 -1.963593734
0 0.504466840 0.896829860 0.500000000 0.500000000 0.000000000 0.000000000 0.941146255 -0.047096424 0.334702373 0.629543668 0.045279115 0.998886704 0.013234807 0.216402710 -0.334953070 0.002699139 0.942230940 -1.987142686
0 0.504466840 0.896829860 0.500000000 0.500000000 0.000000000 0.000000000 0.941030383 -0.047265027 0.335004270 0.638499280 0.045496318 0.998878241 0.013129948 0.222586382 -0.335249066 0.002885781 0.942125142 -2.010920869
0 0.504466840 0.896829860 0.500000000 0.500000000 0.000000000 0.000000000 0.941028953 -0.047286626 0.335005224 0.648490469 0.045537557 0.998876989 0.013078486 0.228400211 -0.335247457 0.002948086 0.942125499 -2.034368528
0 0.504466840 0.896829860 0.500000000 0.500000000 0.000000000 0.000000000 0.941144288 -0.047266938 0.334683895 0.659263828 0.045409527 0.998878896 0.013376893 0.232627504 -0.334940970 0.002608251 0.942235529 -2.057667180
0 0.504466840 0.896829860 0.500000000 0.500000000 0.000000000 0.000000000 0.941182971 -0.047281478 0.334572971 0.669956828 0.045294605 0.998879135 0.013742804 0.235882400 -0.334847748 0.002219858 0.942269623 -2.081152329
0 0.504466840 0.896829860 0.500000000 0.500000000 0.000000000 0.000000000 0.941077769 -0.047225151 0.334876806 0.679464813 0.045236714 0.998881817 0.013739615 0.239735798 -0.335151196 0.002218681 0.942161739 -2.105002634
0 0.504466840 0.896829860 0.500000000 0.500000000 0.000000000 0.000000000 0.941044509 -0.047325298 0.334955961 0.689770568 0.045352548 0.998876929 0.013713378 0.243456959 -0.335228771 0.002286208 0.942133963 -2.128735818
0 0.504466840 0.896829860 0.500000000 0.500000000 0.000000000 0.000000000 0.941097021 -0.047317185 0.334809601 0.700331516 0.045335207 0.998877406 0.013736873 0.246404841 -0.335083753 0.002250933 0.942185640 -2.153024087
0 0.504466840 0.896829860 0.500000000 0.500000000 0.000000000 0.000000000 0.941195011 -0.047215391 0.334548414 0.711554918 0.045221362 0.998882353 0.013751364 0.249081564 -0.334823787 0.002186021 0.942278206 -2.177348725
