0 0.783437544 1.392777894 0.500000000 0.500000000 0.000000000 0.000000000 0.964960396 -0.012230921 0.262110382 -0.479458521 0.016509039 0.999763906 -0.014125866 0.031384772 -0.261875719 0.017958092 0.964934528 -0.266045586
0 0.783437544 1.392777894 0.500000000 0.500000000 0.000000000 0.000000000 0.964344323 -0.012246417 0.264367282 -0.485835812 0.016554032 0.999763966 -0.014072315 0.030966160 -0.264132529 0.017946901 0.964319408 -0.267779668
0 0.783437544 1.392777894 0.500000000 0.500000000 0.000000000 0.000000000 0.963723361 -0.012136708 0.266627133 -0.492297825 0.016512653 0.999763131 -0.014176337 0.030632758 -0.266391933 0.018064788 0.963695467 -0.269432315
0 0.783437544 1.392777894 0.500000000 0.500000000 0.000000000 0.000000000 0.963090003 -0.012203357 0.268902749 -0.498735126 0.016620446 0.999761641 -0.014155811 0.030289213 -0.268665910 0.018102603 0.963063300 -0.271107093
0 0.783437544 1.392777894 0.500000000 0.500000000 0.000000000 0.000000000 0.962497830 -0.012135282 0.271017849 -0.504975934 0.016630340 0.999759495 -0.014295376 0.030186021 -0.270779192 0.018266387 0.962468147 -0.272881412
0 0.783437544 1.392777894 0.500000000 0.500000000 0.000000000 0.000000000 0.961884081 -0.012178533 0.273186177 -0.511476228 0.016698508 0.999759376 -0.014226292 0.029795247 -0.272947192 0.018245846 0.961856008 -0.274266129
0 0.783437544 1.392777894 0.500000000 0.500000000 0.000000000 0.000000000 0.961262286 -0.012119276 0.275368690 -0.517995757 0.016723830 0.999756753 -0.014379482 0.029564664 -0.275127441 0.018427674 0.961231172 -0.275808224
0 0.783437544 1.392777894 0.500000000 0.500000000 0.000000000 0.000000000 0.960625112 -0.012123880 0.277583122 -0.524404443 0.016769785 0.999756098 -0.014368864 0.029211656 -0.277341217 0.018458100 0.960594177 -0.277150054
0 0.783437544 1.392777894 0.500000000 0.500000000 0.000000000 0.000000000 0.960027814 -0.012190834 0.279638946 -0.530783581 0.016904078 0.999752700 -0.014449229 0.029114882 -0.279393673 0.018598700 0.959996521 -0.278717012
0 0.783437544 1.392777894 0.500000000 0.500000000 0.000000000 0.000000000 0.959384322 -0.012203397 0.281838179 -0.537256179 0.016984858 0.999750197 -0.014528400 0.028901124 -0.281590492 0.018725300 0.959351957 -0.279945799
0 0.783437544 1.392777894 0.500000000 0.500000000 0.000000000 0.000000000 0.958737075 -0.012177374 0.284033358 -0.543924351 0.016982557 0.999751210 -0.014461194 0.028451795 -0.283786595 0.018688096 0.958705306 -0.281147434
0 0.783437544 1.392777894 0.500000000 0.500000000 0.000000000 0.000000000 0.958087564 -0.012194109 0.286215901 -0.550368333 0.017064290 0.999748826 -0.014527626 0.028293715 -0.285966843 0.018802809 0.958055019 -0.282319550
0 0.783437544 1.392777894 0.500000000 0.500000000 0.000000000 0.000000000 0.957465708 -0.012193439 0.288289309 -0.556895932 0.017124385 0.999746919 -0.014588324 0.028200626 -0.288038492 0.018904598 0.957432210 -0.283360404
0 0.783437544 1.392777894 0.500000000 0.500000000 0.000000000 0.000000000 0.956837654 -0.012192657 0.290367097 -0.563427280 0.017185818 0.999744952 -0.014652112 0.027934356 -0.290114373 0.019009888 0.956803143 -0.284573785
0 0.783437544 1.392777894 0.500000000 0.500000000 0.000000000 0.000000000 0.956202745 -0.012101893 0.292454809 -0.569936547 0.017111706 0.999747276 -0.014578063 0.027709186 -0.292204499 0.018943984 0.956168234 -0.285568133
0 0.783437544 1.392777894 0.500000000 0.500000000 0.000000000 0.000000000 0.955524445 -0.012074626 0.294664592 -0.576408509 0.017108744 0.999748290 -0.014512218 0.027467159 -0.294415206 0.018908121 0.955490530 -0.286562350
0 0.783437544 1.392777894 0.500000000 0.500000000 0.000000000 0.000000000 0.954871476 -0.012120020 0.296771914 -0.582931586 0.017207529 0.999746263 -0.014536532 0.027333902 -0.296520442 0.018987231 0.954837739 -0.287520612
0 0.783437544 1.392777894 0.500000000 0.500000000 0.000000000 0.000000000 0.954207122 -0.012116829 0.298901290 -0.589589196 0.017276611 0.999743760 -0.014626036 0.027207405 -0.298647493 0.019120269 0.954171956 -0.288274968
0 0.783437544 1.392777894 0.500000000 0.500000000 0.000000000 0.000000000 0.953500688 -0.012115496 0.301147193 -0.596207541 0.017262168 0.999746799 -0.014435004 0.026757584 -0.300896049 0.018962240 0.953468382 -0.289026053
0 0.783437544 1.392777894 0.500000000 0.500000000 0.000000000 0.000000000 0.952809393 -0.012027991 0.303330749 -0.602684273 0.017289426 0.999742985 -0.014665938 0.026837598 -0.303076386 0.019218259 0.952772439 -0.289657670
0 0.783437544 1.392777894 0.500000000 0.500000000 0.000000000 0.000000000 0.952118278 -0.012106083 0.305490166 -0.609278028 0.017435007 0.999739587 -0.014721448 0.027036297 -0.305232406 0.019342782 0.952081442 -0.290412062
0 0.783437544 1.392777894 0.500000000 0.500000000 0.000000000 0.000000000 0.951425672 -0.012073210 0.307641685 -0.615845325 0.017446866 0.999739408 -0.014722754 0.026904085 -0.307383776 0.019374989 0.951388359 -0.291075363
0 0.783437544 1.392777894 0.500000000 0.500000000 0.000000000 0.000000000 0.950703919 -0.012063447 0.309865415 -0.622451435 0.017472127 0.999739468 -0.014685456 0.026817163 -0.309607536 0.019375527 0.950667024 -0.291529634
0 0.783437544 1.392777894 0.500000000 0.500000000 0.000000000 0.000000000 0.949973464 -0.012042456 0.312098384 -0.629026869 0.017465802 0.999741018 -0.014587421 0.026779940 -0.311841905 0.019308712 0.949937761 -0.291993174
0 0.783437544 1.392777894 0.500000000 0.500000000 0.000000000 0.000000000 0.949290872 -0.011918155 0.314173222 -0.635609653 0.017408788 0.999740720 -0.014676425 0.027008676 -0.313916862 0.019401571 0.949252248 -0.292503514
0 0.783437544 1.392777894 0.500000000 0.500000000 0.000000000 0.000000000 0.948568523 -0.011955697 0.316346049 -0.642340124 0.017476341 0.999740362 -0.014619789 0.027141621 -0.316089153 0.019396443 0.948531210 -0.292868443
0 0.783437544 1.392777894 0.500000000 0.500000000 0.000000000 0.000000000 0.947855473 -0.011994340 0.318474650 -0.649004801 0.017543001 0.999740064 -0.014560048 0.027126178 -0.318217218 0.019387823 0.947819531 -0.293176384
0 0.783437544 1.392777894 0.500000000 0.500000000 0.000000000 0.000000000 0.947103500 -0.011936163 0.320706248 -0.655637989 0.017510831 0.999741495 -0.014503904 0.027332531 -0.320450217 0.019352531 0.947067678 -0.293425670
0 0.783437544 1.392777894 0.500000000 0.500000000 0.000000000 0.000000000 0.946393073 -0.011948796 0.322796136 -0.662356405 0.017613417 0.999737799 -0.014633236 0.027639986 -0.322536647 0.019534336 0.946355402 -0.293639796
0 0.783437544 1.392777894 0.500000000 0.500000000 0.000000000 0.000000000 0.945662439 -0.011921857 0.324931473 -0.669083181 0.017638389 0.999737024 -0.014653060 0.027791369 -0.324671328 0.019588115 0.945624053 -0.293851188
0 0.783437544 1.392777894 0.500000000 0.500000000 0.000000000 0.000000000 0.944896698 -0.011836558 0.327154666 -0.675754688 0.017569784 0.999739408 -0.014574626 0.027908239 -0.326896876 0.019519553 0.944858432 -0.293780155
0 0.783437544 1.392777894 0.500000000 0.500000000 0.000000000 0.000000000 0.944116116 -0.011814783 0.329401255 -0.682325134 0.017588025 0.999739408 -0.014551960 0.028096478 -0.329143494 0.019532258 0.944077909 -0.293858380
0 0.783437544 1.392777894 0.500000000 0.500000000 0.000000000 0.000000000 0.943284571 -0.011829507 0.331774533 -0.689226718 0.017655244 0.999738276 -0.014550569 0.028309745 -0.331515551 0.019582888 0.943246484 -0.293591423
0 0.783437544 1.392777894 0.500000000 0.500000000 0.000000000 0.000000000 0.942508101 -0.011759649 0.333976328 -0.695885876 0.017703258 0.999734342 -0.014758348 0.028691052 -0.333714038 0.019822331 0.942465901 -0.293438185
0 0.783437544 1.392777894 0.500000000 0.500000000 0.000000000 0.000000000 0.941638947 -0.011758132 0.336419076 -0.702791368 0.017750528 0.999733746 -0.014742290 0.028792675 -0.336156160 0.019853530 0.941596985 -0.292981239
0 0.783437544 1.392777894 0.500000000 0.500000000 0.000000000 0.000000000 0.940806985 -0.011740585 0.338739455 -0.709556511 0.017784817 0.999733090 -0.014744749 0.029028299 -0.338475943 0.019896382 0.940764666 -0.292506959
0 0.783437544 1.392777894 0.500000000 0.500000000 0.000000000 0.000000000 0.939944625 -0.011670076 0.341127485 -0.716357323 0.017758301 0.999733806 -0.014730123 0.029255120 -0.340864748 0.019903345 0.939901650 -0.292009640
0 0.783437544 1.392777894 0.500000000 0.500000000 0.000000000 0.000000000 0.939063668 -0.011643128 0.343546063 -0.723170112 0.017811766 0.999731719 -0.014805519 0.029587791 -0.343281507 0.020022487 0.939019144 -0.291421978
0 0.783437544 1.392777894 0.500000000 0.500000000 0.000000000 0.000000000 0.938188016 -0.011591918 0.345931917 -0.730087250 0.017778147 0.999733686 -0.014715070 0.029749127 -0.345669210 0.019955531 0.938144207 -0.290793025
0 0.783437544 1.392777894 0.500000000 0.500000000 0.000000000 0.000000000 0.937326431 -0.011591710 0.348259628 -0.736852537 0.017818974 0.999733388 -0.014683230 0.030022627 -0.347996563 0.019968610 0.937283099 -0.290133345
0 0.783437544 1.392777894 0.500000000 0.500000000 0.000000000 0.000000000 0.936460733 -0.011532892 0.350582838 -0.743558360 0.017863307 0.999730468 -0.014828171 0.030488905 -0.350317329 0.020148568 0.936414361 -0.289432897
0 0.783437544 1.392777894 0.500000000 0.500000000 0.000000000 0.000000000 0.935554385 -0.011554448 0.352993637 -0.750367697 0.017965047 0.999727726 -0.014889719 0.030972530 -0.352725476 0.020271689 0.935507238 -0.288553412
0 0.783437544 1.392777894 0.500000000 0.500000000 0.000000000 0.000000000 0.934607387 -0.011484602 0.355495542 -0.757280827 0.017931784 0.999728978 -0.014846002 0.031273809 -0.355228722 0.020249853 0.934560061 -0.287498477
0 0.783437544 1.392777894 0.500000000 0.500000000 0.000000000 0.000000000 0.933705509 -0.011507753 0.357856959 -0.764035445 0.017995598 0.999728441 -0.014804687 0.031745775 -0.357589424 0.020263068 0.933659017 -0.286660890
0 0.783437544 1.392777894 0.500000000 0.500000000 0.000000000 0.000000000 0.932775080 -0.011440150 0.360277325 -0.770870689 0.018003184 0.999727428 -0.014866019 0.032181774 -0.360009044 0.020352790 0.932726800 -0.285618760
0 0.783437544 1.392777894 0.500000000 0.500000000 0.000000000 0.000000000 0.931870222 -0.011329586 0.362614900 -0.777581706 0.018006483 0.999724746 -0.015038650 0.032808852 -0.362344712 0.020543488 0.931817710 -0.284551738
0 0.783437544 1.392777894 0.500000000 0.500000000 0.000000000 0.000000000 0.930900693 -0.011255557 0.365098953 -0.784418927 0.017971531 0.999725938 -0.015002063 0.033263959 -0.364830047 0.020526819 0.930847824 -0.283230701
0 0.783437544 1.392777894 0.500000000 0.500000000 0.000000000 0.000000000 0.929927230 -0.011207444 0.367572814 -0.791153614 0.017942674 0.999727845 -0.014911298 0.033610172 -0.367305666 0.020461660 0.929875195 -0.281874876
0 0.783437544 1.392777894 0.500000000 0.500000000 0.000000000 0.000000000 0.928947449 -0.011066413 0.370046198 -0.797934226 0.017924843 0.999725282 -0.015100451 0.034062987 -0.369777411 0.020660546 0.928890646 -0.280373218
0 0.783437544 1.392777894 0.500000000 0.500000000 0.000000000 0.000000000 0.928009868 -0.010994567 0.372393370 -0.804514430 0.017924761 0.999724507 -0.015152842 0.034497478 -0.372124165 0.020737048 0.927951276 -0.279315097
0 0.783437544 1.392777894 0.500000000 0.500000000 0.000000000 0.000000000 0.927001834 -0.010971551 0.374896258 -0.811215857 0.017961616 0.999723792 -0.015156006 0.034781670 -0.374626428 0.020783387 0.926942885 -0.277811670
0 0.783437544 1.392777894 0.500000000 0.500000000 0.000000000 0.000000000 0.925961733 -0.010987715 0.377457440 -0.817966301 0.018033255 0.999722779 -0.015136637 0.035090662 -0.377186507 0.020822734 0.925903201 -0.276219445
0 0.783437544 1.392777894 0.500000000 0.500000000 0.000000000 0.000000000 0.924899876 -0.010888810 0.380054802 -0.824768110 0.017961474 0.999725103 -0.015068215 0.035320029 -0.379786253 0.020762935 0.924841225 -0.274543841
0 0.783437544 1.392777894 0.500000000 0.500000000 0.000000000 0.000000000 0.923925340 -0.010828799 0.382419527 -0.831424095 0.017978838 0.999723911 -0.015128139 0.035691138 -0.382150114 0.020852732 0.923864961 -0.273083408
0 0.783437544 1.392777894 0.500000000 0.500000000 0.000000000 0.000000000 0.922925830 -0.010770438 0.384827107 -0.838033636 0.017914196 0.999727249 -0.014983283 0.035831619 -0.384560764 0.020722328 0.922867060 -0.271433912
0 0.783437544 1.392777894 0.500000000 0.500000000 0.000000000 0.000000000 0.921905398 -0.010730868 0.387266397 -0.844686533 0.017892083 0.999729037 -0.014891167 0.035994631 -0.387001663 0.020657251 0.921847582 -0.269796273
0 0.783437544 1.392777894 0.500000000 0.500000000 0.000000000 0.000000000 0.920913160 -0.010661845 0.389621943 -0.851264459 0.017932367 0.999726236 -0.015027969 0.036276428 -0.389355063 0.020826299 0.920852244 -0.268241094
0 0.783437544 1.392777894 0.500000000 0.500000000 0.000000000 0.000000000 0.919875264 -0.010668597 0.392065853 -0.857871756 0.018018097 0.999724090 -0.015070806 0.036429772 -0.391796887 0.020927543 0.919813693 -0.266522601
0 0.783437544 1.392777894 0.500000000 0.500000000 0.000000000 0.000000000 0.918838620 -0.010621465 0.394490600 -0.864424975 0.017998701 0.999725401 -0.015005055 0.036347665 -0.394222885 0.020887543 0.918777466 -0.264864563
0 0.783437544 1.392777894 0.500000000 0.500000000 0.000000000 0.000000000 0.917778373 -0.010623309 0.396950871 -0.870931594 0.018078141 0.999723434 -0.015043059 0.036441859 -0.396681279 0.020982329 0.917716563 -0.263049819
0 0.783437544 1.392777894 0.500000000 0.500000000 0.000000000 0.000000000 0.916659355 -0.010545269 0.399530202 -0.877469058 0.018010488 0.999726236 -0.014935292 0.036572138 -0.399263322 0.020886309 0.916598380 -0.261121948
0 0.783437544 1.392777894 0.500000000 0.500000000 0.000000000 0.000000000 0.915615320 -0.010533680 0.401917487 -0.883974826 0.018073173 0.999724567 -0.014971470 0.036571052 -0.401649088 0.020972032 0.915553510 -0.259202309
0 0.783437544 1.392777894 0.500000000 0.500000000 0.000000000 0.000000000 0.914560676 -0.010455761 0.404313564 -0.890380879 0.018019751 0.999726474 -0.014907375 0.036449558 -0.404047102 0.020919329 0.914498925 -0.257357667
0 0.783437544 1.392777894 0.500000000 0.500000000 0.000000000 0.000000000 0.913477123 -0.010387313 0.406757444 -0.896816318 0.017998515 0.999727130 -0.014890329 0.036494062 -0.406491786 0.020923005 0.913414836 -0.255392130
0 0.783437544 1.392777894 0.500000000 0.500000000 0.000000000 0.000000000 0.912381291 -0.010315822 0.409211397 -0.903171400 0.018023033 0.999725342 -0.014982209 0.036436230 -0.408944458 0.021044718 0.912316561 -0.253393186
0 0.783437544 1.392777894 0.500000000 0.500000000 0.000000000 0.000000000 0.911294222 -0.010303779 0.411626905 -0.909534433 0.018040080 0.999726057 -0.014913660 0.036310272 -0.411360472 0.021016514 0.911230445 -0.251360827
0 0.783437544 1.392777894 0.500000000 0.500000000 0.000000000 0.000000000 0.910170853 -0.010270260 0.414105713 -0.915971595 0.018083273 0.999724686 -0.014951341 0.036176108 -0.413838148 0.021096662 0.910106003 -0.249255766
0 0.783437544 1.392777894 0.500000000 0.500000000 0.000000000 0.000000000 0.909060895 -0.010188074 0.416538656 -0.922160094 0.018068949 0.999724507 -0.014981824 0.036102568 -0.416271269 0.021145808 0.908994555 -0.247142242
0 0.783437544 1.392777894 0.500000000 0.500000000 0.000000000 0.000000000 0.907959819 -0.010135391 0.418934613 -0.928427812 0.018140495 0.999720991 -0.015129515 0.036108578 -0.418664366 0.021336673 0.907890379 -0.244978316
0 0.783437544 1.392777894 0.500000000 0.500000000 0.000000000 0.000000000 0.906826198 -0.010010613 0.421385795 -0.934712757 0.018106062 0.999720275 -0.015214652 0.036000229 -0.421115637 0.021426681 0.906753838 -0.242815232
0 0.783437544 1.392777894 0.500000000 0.500000000 0.000000000 0.000000000 0.905707538 -0.009975117 0.423785776 -0.940945202 0.018118611 0.999720454 -0.015191247 0.035765307 -0.423515767 0.021437237 0.905635059 -0.240665610
0 0.783437544 1.392777894 0.500000000 0.500000000 0.000000000 0.000000000 0.904580891 -0.009868063 0.426187843 -0.947072408 0.018059231 0.999721646 -0.015182788 0.035678926 -0.425919354 0.021430684 0.904507279 -0.238483547
0 0.783437544 1.392777894 0.500000000 0.500000000 0.000000000 0.000000000 0.903438449 -0.009814524 0.428605527 -0.953215830 0.018091578 0.999720156 -0.015242103 0.035653808 -0.428335965 0.021524452 0.903363168 -0.236334248
0 0.783437544 1.392777894 0.500000000 0.500000000 0.000000000 0.000000000 0.902265429 -0.009769967 0.431070417 -0.959375329 0.018054254 0.999722540 -0.015130876 0.035425852 -0.430802971 0.021434721 0.902191401 -0.234053767
0 0.783437544 1.392777894 0.500000000 0.500000000 0.000000000 0.000000000 0.901083469 -0.009686687 0.433537453 -0.965463791 0.018015187 0.999723613 -0.015106371 0.035259036 -0.433271289 0.021422360 0.901008904 -0.231692868
0 0.783437544 1.392777894 0.500000000 0.500000000 0.000000000 0.000000000 0.899884403 -0.009590140 0.436023057 -0.971463814 0.017990250 0.999723494 -0.015140615 0.035175661 -0.435757279 0.021468967 0.899808109 -0.229367996
0 0.783437544 1.392777894 0.500000000 0.500000000 0.000000000 0.000000000 0.898683190 -0.009488923 0.438495725 -0.977491666 0.018002765 0.999721467 -0.015262412 0.035156412 -0.438228756 0.021610208 0.898603678 -0.226954757
0 0.783437544 1.392777894 0.500000000 0.500000000 0.000000000 0.000000000 0.897463858 -0.009431853 0.440987140 -0.983418311 0.017997760 0.999721766 -0.015245593 0.034970915 -0.440720677 0.021619150 0.897383928 -0.224583595
0 0.783437544 1.392777894 0.500000000 0.500000000 0.000000000 0.000000000 0.896238327 -0.009428039 0.443472683 -0.989271680 0.018038379 0.999721706 -0.015201095 0.034741646 -0.443205953 0.021623332 0.896158993 -0.222150767
0 0.783437544 1.392777894 0.500000000 0.500000000 0.000000000 0.000000000 0.894938886 -0.009263014 0.446092576 -0.995248076 0.017966460 0.999721766 -0.015284823 0.034730356 -0.445826858 0.021693688 0.894856274 -0.219473608
0 0.783437544 1.392777894 0.500000000 0.500000000 0.000000000 0.000000000 0.893770695 -0.009247361 0.448428810 -1.001048499 0.018033508 0.999719918 -0.015326958 0.034571013 -0.448161483 0.021785531 0.893687129 -0.217350513
