0 0.492108015 0.874858715 0.500000000 0.500000000 0.000000000 0.000000000 0.585805237 -0.023986800 0.810096860 0.836075994 0.029896222 0.999521196 0.007976763 0.083875651 -0.809900284 0.019546006 0.586241841 -1.577527565
0 0.492108015 0.874858715 0.500000000 0.500000000 0.000000000 0.000000000 0.586916864 -0.024135495 0.809287369 0.843724171 0.030147944 0.999513865 0.007944551 0.081574754 -0.809085727 0.019735560 0.587359190 -1.587285538
0 0.492108015 0.874858715 0.500000000 0.500000000 0.000000000 0.000000000 0.588080168 -0.024022782 0.808445811 0.851072075 0.030647779 0.999502778 0.007406170 0.080509879 -0.808221757 0.020421647 0.588524044 -1.597518797
0 0.492108015 0.874858715 0.500000000 0.500000000 0.000000000 0.000000000 0.589127421 -0.024005910 0.807683468 0.858346697 0.030771250 0.999500096 0.007262403 0.078714750 -0.807454050 0.020574950 0.589571595 -1.607448243
0 0.492108015 0.874858715 0.500000000 0.500000000 0.000000000 0.000000000 0.590383410 -0.024071315 0.806763887 0.866067270 0.030591108 0.999504328 0.007435757 0.076396610 -0.806542993 0.020289855 0.590827107 -1.616859635
0 0.492108015 0.874858715 0.500000000 0.500000000 0.000000000 0.000000000 0.591556549 -0.024034858 0.805905163 0.873743209 0.030304192 0.999512076 0.007564771 0.073753072 -0.805693805 0.019947315 0.591996312 -1.626160371
0 0.492108015 0.874858715 0.500000000 0.500000000 0.000000000 0.000000000 0.592674077 -0.023905836 0.805087507 0.881207531 0.030036118 0.999520183 0.007567793 0.070758228 -0.804882109 0.019696470 0.593107760 -1.635377057
0 0.492108015 0.874858715 0.500000000 0.500000000 0.000000000 0.000000000 0.593939304 -0.023837436 0.804156661 0.889380075 0.030017046 0.999521554 0.007458407 0.068232451 -0.803949654 0.019708566 0.594370663 -1.644444879
0 0.492108015 0.874858715 0.500000000 0.500000000 0.000000000 0.000000000 0.595097542 -0.023650300 0.803305447 0.897317507 0.030178210 0.999519527 0.007070734 0.066470670 -0.803086698 0.020034542 0.595525324 -1.653636082
0 0.492108015 0.874858715 0.500000000 0.500000000 0.000000000 0.000000000 0.596204162 -0.023493338 0.802489042 0.905280038 0.030160040 0.999521554 0.006854370 0.063649306 -0.802266121 0.020116497 0.596627533 -1.663195272
0 0.492108015 0.874858715 0.500000000 0.500000000 0.000000000 0.000000000 0.597362757 -0.023520479 0.801626146 0.913300557 0.030044163 0.999524474 0.006938435 0.060882883 -0.801408172 0.019939424 0.597785354 -1.672685909
0 0.492108015 0.874858715 0.500000000 0.500000000 0.000000000 0.000000000 0.598806679 -0.023617089 0.800545335 0.922336944 0.029859366 0.999528527 0.007152583 0.057658082 -0.800336778 0.019620761 0.599229515 -1.681583947
0 0.492108015 0.874858715 0.500000000 0.500000000 0.000000000 0.000000000 0.600267768 -0.023679633 0.799448490 0.931443337 0.029823672 0.999529123 0.007212840 0.055077556 -0.799242854 0.019512855 0.600691319 -1.690975348
0 0.492108015 0.874858715 0.500000000 0.500000000 0.000000000 0.000000000 0.601770282 -0.023641512 0.798319221 0.941105922 0.029761367 0.999531329 0.007166213 0.052238784 -0.798114538 0.019446656 0.602191865 -1.699885727
0 0.492108015 0.874858715 0.500000000 0.500000000 0.000000000 0.000000000 0.603318274 -0.023594826 0.797151387 0.951052584 0.029863795 0.999529600 0.006982807 0.049921434 -0.796941161 0.019593110 0.603739083 -1.708920922
0 0.492108015 0.874858715 0.500000000 0.500000000 0.000000000 0.000000000 0.604907155 -0.023599299 0.795946240 0.961373513 0.030051786 0.999525249 0.006796381 0.047921398 -0.795728743 0.019808426 0.605329216 -1.717798508
0 0.492108015 0.874858715 0.500000000 0.500000000 0.000000000 0.000000000 0.606625319 -0.023751905 0.794632971 0.972019216 0.030143050 0.999522030 0.006864824 0.045580428 -0.794416249 0.019788286 0.607051313 -1.726601336
0 0.492108015 0.874858715 0.500000000 0.500000000 0.000000000 0.000000000 0.608697653 -0.023922127 0.793041527 0.983440110 0.029971773 0.999525189 0.007145932 0.042489317 -0.792835951 0.019419147 0.609125674 -1.735282876
0 0.492108015 0.874858715 0.500000000 0.500000000 0.000000000 0.000000000 0.610730410 -0.023906427 0.791477621 0.995298405 0.029813353 0.999529660 0.007185624 0.039362866 -0.791277111 0.019208122 0.611155927 -1.743487227
0 0.492108015 0.874858715 0.500000000 0.500000000 0.000000000 0.000000000 0.612686813 -0.023839079 0.789966166 1.006753812 0.030015793 0.999525726 0.006883197 0.037935420 -0.789755642 0.019494217 0.613111734 -1.751993131
0 0.492108015 0.874858715 0.500000000 0.500000000 0.000000000 0.000000000 0.614942670 -0.024013784 0.788206100 1.019636656 0.030179689 0.999520659 0.006906183 0.035696018 -0.787994146 0.019540910 0.615372598 -1.760054631
0 0.492108015 0.874858715 0.500000000 0.500000000 0.000000000 0.000000000 0.617117107 -0.024029458 0.786504328 1.032105943 0.030326556 0.999517322 0.006742266 0.034744428 -0.786286712 0.019691201 0.617547929 -1.768109573
0 0.492108015 0.874858715 0.500000000 0.500000000 0.000000000 0.000000000 0.619313002 -0.023897028 0.784780443 1.044194711 0.029946748 0.999528348 0.006803618 0.032205930 -0.784572840 0.019288052 0.619736552 -1.776247582
0 0.492108015 0.874858715 0.500000000 0.500000000 0.000000000 0.000000000 0.621607542 -0.023803787 0.782967091 1.056365290 0.029326554 0.999544621 0.007105459 0.028907531 -0.782779694 0.018544920 0.622022569 -1.784041417
0 0.492108015 0.874858715 0.500000000 0.500000000 0.000000000 0.000000000 0.624016702 -0.023745805 0.781050086 1.069028181 0.028856933 0.999556661 0.007333803 0.026242292 -0.780878007 0.017962294 0.624425292 -1.791297504
0 0.492108015 0.874858715 0.500000000 0.500000000 0.000000000 0.000000000 0.626467824 -0.023653952 0.779088318 1.081790570 0.028803859 0.999559224 0.007186396 0.024551541 -0.778914869 0.017938703 0.626873016 -1.798416927
0 0.492108015 0.874858715 0.500000000 0.500000000 0.000000000 0.000000000 0.628919840 -0.023579240 0.777112544 1.094364986 0.029141316 0.999552548 0.006744375 0.023770115 -0.776923835 0.018404409 0.629325569 -1.805430069
0 0.492108015 0.874858715 0.500000000 0.500000000 0.000000000 0.000000000 0.631181061 -0.023491833 0.775279701 1.106001083 0.029584458 0.999543071 0.006201567 0.023858459 -0.775071084 0.019021917 0.631587625 -1.812427239
0 0.492108015 0.874858715 0.500000000 0.500000000 0.000000000 0.000000000 0.633593619 -0.023474649 0.773309827 1.117777099 0.029480582 0.999546170 0.006188060 0.022210492 -0.773104131 0.018876908 0.633998156 -1.818962566
0 0.492108015 0.874858715 0.500000000 0.500000000 0.000000000 0.000000000 0.636172771 -0.023473050 0.771189451 1.130181114 0.029178202 0.999554038 0.006354086 0.020110394 -0.770994723 0.018459626 0.636573970 -1.825054947
0 0.492108015 0.874858715 0.500000000 0.500000000 0.000000000 0.000000000 0.638700306 -0.023369899 0.769100606 1.142383016 0.028979188 0.999560118 0.006306852 0.019240903 -0.768909693 0.018259723 0.639096618 -1.830611357
0 0.492108015 0.874858715 0.500000000 0.500000000 0.000000000 0.000000000 0.641144753 -0.023201182 0.767069161 1.154316794 0.028781030 0.999566674 0.006177176 0.018271149 -0.766880095 0.018116578 0.641534686 -1.836192382
0 0.492108015 0.874858715 0.500000000 0.500000000 0.000000000 0.000000000 0.643541992 -0.023061734 0.765063286 1.165756442 0.028804613 0.999567628 0.005901190 0.017702457 -0.764868617 0.018239690 0.643928051 -1.841657260
0 0.492108015 0.874858715 0.500000000 0.500000000 0.000000000 0.000000000 0.645767748 -0.022955250 0.763188779 1.176941772 0.028875953 0.999567151 0.005631837 0.017269630 -0.762987673 0.018400943 0.646151066 -1.847337022
0 0.492108015 0.874858715 0.500000000 0.500000000 0.000000000 0.000000000 0.648099899 -0.022961669 0.761209071 1.188502739 0.028865902 0.999567747 0.005575019 0.016483156 -0.761008084 0.018359818 0.648482561 -1.852869671
0 0.492108015 0.874858715 0.500000000 0.500000000 0.000000000 0.000000000 0.650377333 -0.022925468 0.759265304 1.199338633 0.028626652 0.999574125 0.005660182 0.014590020 -0.759071708 0.018053969 0.650756657 -1.858539166
0 0.492108015 0.874858715 0.500000000 0.500000000 0.000000000 0.000000000 0.652605891 -0.022841558 0.757353187 1.210394406 0.028547466 0.999577045 0.005547813 0.013895616 -0.757159531 0.017999979 0.652981937 -1.864103104
0 0.492108015 0.874858715 0.500000000 0.500000000 0.000000000 0.000000000 0.654908419 -0.022748204 0.755365789 1.221567551 0.028457349 0.999580264 0.005430083 0.013249304 -0.755172253 0.017939502 0.655280828 -1.869660513
0 0.492108015 0.874858715 0.500000000 0.500000000 0.000000000 0.000000000 0.657095790 -0.022676662 0.753465891 1.232731568 0.028257977 0.999585867 0.005440289 0.011465395 -0.753277242 0.017716631 0.657464445 -1.875548578
0 0.492108015 0.874858715 0.500000000 0.500000000 0.000000000 0.000000000 0.659251988 -0.022598201 0.751582384 1.243448999 0.028310612 0.999585509 0.005222324 0.011185362 -0.751388907 0.017834930 0.659618556 -1.881954301
0 0.492108015 0.874858715 0.500000000 0.500000000 0.000000000 0.000000000 0.661379695 -0.022568628 0.749711633 1.254287412 0.028255353 0.999587417 0.005164383 0.010361337 -0.749518871 0.017767750 0.661744475 -1.888460236
0 0.492108015 0.874858715 0.500000000 0.500000000 0.000000000 0.000000000 0.663253725 -0.022283927 0.748062789 1.264461518 0.028151600 0.999592066 0.004816684 0.010533591 -0.747864962 0.017864481 0.663610518 -1.895365529
0 0.492108015 0.874858715 0.500000000 0.500000000 0.000000000 0.000000000 0.665337086 -0.022280021 0.746210575 1.275475850 0.028001951 0.999595940 0.004878360 0.009852819 -0.746017754 0.017649598 0.665692151 -1.902327910
0 0.492108015 0.874858715 0.500000000 0.500000000 0.000000000 0.000000000 0.667545974 -0.022283921 0.744235098 1.286643974 0.027962552 0.999597192 0.004848813 0.009694383 -0.744043350 0.017573906 0.667900205 -1.908962668
0 0.492108015 0.874858715 0.500000000 0.500000000 0.000000000 0.000000000 0.669465065 -0.021943416 0.742519379 1.297231098 0.027754148 0.999604583 0.004517467 0.009684483 -0.742324889 0.017583707 0.669809401 -1.916262784
0 0.492108015 0.874858715 0.500000000 0.500000000 0.000000000 0.000000000 0.671188593 -0.021873360 0.740963876 1.307518066 0.027642397 0.999607861 0.004469208 0.009700896 -0.740771055 0.017482337 0.671530008 -1.923557835
0 0.492108015 0.874858715 0.500000000 0.500000000 0.000000000 0.000000000 0.672929168 -0.021788282 0.739385962 1.317574372 0.027629882 0.999608934 0.004310074 0.010064928 -0.739190757 0.017528772 0.673268020 -1.930734586
0 0.492108015 0.874858715 0.500000000 0.500000000 0.000000000 0.000000000 0.674930334 -0.021829193 0.737558544 1.328693602 0.027580425 0.999610126 0.004346527 0.010121511 -0.737365842 0.017408576 0.675269246 -1.937280699
0 0.492108015 0.874858715 0.500000000 0.500000000 0.000000000 0.000000000 0.676706493 -0.021725193 0.735932291 1.339116046 0.027460448 0.999613822 0.004258731 0.010279415 -0.735740602 0.017327119 0.677041769 -1.943885543
0 0.492108015 0.874858715 0.500000000 0.500000000 0.000000000 0.000000000 0.678297758 -0.021779029 0.734464288 1.348565564 0.027379271 0.999615610 0.004356043 0.010624321 -0.734276831 0.017154403 0.678633332 -1.950939457
0 0.492108015 0.874858715 0.500000000 0.500000000 0.000000000 0.000000000 0.680255771 -0.022000924 0.732644558 1.359229160 0.027191672 0.999618828 0.004770725 0.010256386 -0.732470274 0.016676519 0.680594742 -1.956779658
0 0.492108015 0.874858715 0.500000000 0.500000000 0.000000000 0.000000000 0.682315648 -0.022170383 0.730721474 1.370557608 0.027124200 0.999619544 0.005001472 0.010384063 -0.730554342 0.016407654 0.682657421 -1.961929679
0 0.492108015 0.874858715 0.500000000 0.500000000 0.000000000 0.000000000 0.683998883 -0.022248782 0.729143679 1.380392850 0.027186738 0.999617875 0.004998440 0.010792888 -0.728976250 0.016404111 0.684342384 -1.967803580
0 0.492108015 0.874858715 0.500000000 0.500000000 0.000000000 0.000000000 0.685754538 -0.022284696 0.727491677 1.390678805 0.027280757 0.999615788 0.004904842 0.011351258 -0.727321446 0.016483007 0.686098993 -1.973122645
0 0.492108015 0.874858715 0.500000000 0.500000000 0.000000000 0.000000000 0.687401533 -0.022277938 0.725935817 1.400354190 0.027456472 0.999612033 0.004677652 0.012456314 -0.725758374 0.016716210 0.687746525 -1.978867904
0 0.492108015 0.874858715 0.500000000 0.500000000 0.000000000 0.000000000 0.688828468 -0.022238238 0.724583209 1.409713232 0.027562330 0.999610066 0.004476850 0.013071354 -0.724400222 0.016887419 0.689172804 -1.984452169
0 0.492108015 0.874858715 0.500000000 0.500000000 0.000000000 0.000000000 0.690229177 -0.022302818 0.723247051 1.419317108 0.027493415 0.999611437 0.004586808 0.012420873 -0.723068297 0.016718581 0.690574169 -1.989667449
0 0.492108015 0.874858715 0.500000000 0.500000000 0.000000000 0.000000000 0.691261649 -0.022297772 0.722260416 1.427188553 0.027393879 0.999613941 0.004642129 0.012005172 -0.722085118 0.016576588 0.691605628 -1.996622662
0 0.492108015 0.874858715 0.500000000 0.500000000 0.000000000 0.000000000 0.692550480 -0.022094745 0.721030951 1.436157648 0.027366702 0.999616027 0.004345776 0.012521682 -0.720850110 0.016722571 0.692889214 -2.002586723
0 0.492108015 0.874858715 0.500000000 0.500000000 0.000000000 0.000000000 0.694051743 -0.022183556 0.719583273 1.446201523 0.027205333 0.999619365 0.004576544 0.010977224 -0.719410896 0.016400145 0.694391072 -2.007886212
0 0.492108015 0.874858715 0.500000000 0.500000000 0.000000000 0.000000000 0.695197582 -0.022128500 0.718478024 1.454869338 0.027075754 0.999622822 0.004589084 0.009800266 -0.718308568 0.016263014 0.695534527 -2.013801385
0 0.492108015 0.874858715 0.500000000 0.500000000 0.000000000 0.000000000 0.696445942 -0.022158859 0.717267096 1.464392837 0.027068466 0.999623001 0.004599099 0.008704604 -0.717098594 0.016212296 0.696783185 -2.019441406
0 0.492108015 0.874858715 0.500000000 0.500000000 0.000000000 0.000000000 0.697842002 -0.022047985 0.715912282 1.474308041 0.027199036 0.999620914 0.004272867 0.008229715 -0.715735137 0.016490338 0.698177159 -2.024811769
0 0.492108015 0.874858715 0.500000000 0.500000000 0.000000000 0.000000000 0.699050367 -0.022138020 0.714729667 1.483734785 0.027470019 0.999614239 0.004094631 0.008131571 -0.714544594 0.016771285 0.699388802 -2.030535017
0 0.492108015 0.874858715 0.500000000 0.500000000 0.000000000 0.000000000 0.700231075 -0.022198301 0.713571072 1.493418723 0.027384225 0.999616027 0.004224515 0.006663871 -0.713390887 0.016582454 0.700570107 -2.036100567
0 0.492108015 0.874858715 0.500000000 0.500000000 0.000000000 0.000000000 0.701499283 -0.022102216 0.712327361 1.503475716 0.027236966 0.999620199 0.004193450 0.006254134 -0.712149501 0.016459933 0.701834857 -2.041873893
0 0.492108015 0.874858715 0.500000000 0.500000000 0.000000000 0.000000000 0.702813685 -0.022139244 0.711029410 1.513993097 0.027051698 0.999624431 0.004386070 0.005339800 -0.710859478 0.016151963 0.703148603 -2.047583101
0 0.492108015 0.874858715 0.500000000 0.500000000 0.000000000 0.000000000 0.704083860 -0.022217261 0.709769189 1.524763279 0.027025737 0.999624670 0.004481085 0.004848000 -0.709602356 0.016026976 0.704420090 -2.053316122
0 0.492108015 0.874858715 0.500000000 0.500000000 0.000000000 0.000000000 0.705617309 -0.022194456 0.708245456 1.536778125 0.026849780 0.999629021 0.004575468 0.003943265 -0.708084285 0.015787706 0.705951393 -2.058421472
0 0.492108015 0.874858715 0.500000000 0.500000000 0.000000000 0.000000000 0.706970572 -0.022090368 0.706897914 1.548405213 0.026869610 0.999629438 0.004365777 0.004011623 -0.706732392 0.015907595 0.707302153 -2.063982637
0 0.492108015 0.874858715 0.500000000 0.500000000 0.000000000 0.000000000 0.708430171 -0.022105208 0.705434680 1.560303335 0.027138572 0.999623418 0.004069974 0.004965007 -0.705258965 0.016261196 0.708763301 -2.069572780
0 0.492108015 0.874858715 0.500000000 0.500000000 0.000000000 0.000000000 0.710183978 -0.022474904 0.703657329 1.573175086 0.027368218 0.999616146 0.004305800 0.005259443 -0.703483999 0.016199937 0.710526466 -2.074503616
0 0.492108015 0.874858715 0.500000000 0.500000000 0.000000000 0.000000000 0.711765230 -0.022416569 0.702059686 1.585645872 0.027203446 0.999620497 0.004338088 0.004819479 -0.701890469 0.016010743 0.712104917 -2.079602344
0 0.492108015 0.874858715 0.500000000 0.500000000 0.000000000 0.000000000 0.713651359 -0.022446124 0.700141370 1.599283850 0.027002821 0.999625146 0.004523528 0.004140932 -0.699980438 0.015677571 0.713989913 -2.083689037
0 0.492108015 0.874858715 0.500000000 0.500000000 0.000000000 0.000000000 0.715722978 -0.022294313 0.698028326 1.613140666 0.026790526 0.999631107 0.004457547 0.003660726 -0.697870255 0.015510176 0.716056287 -2.086816023
0 0.492108015 0.874858715 0.500000000 0.500000000 0.000000000 0.000000000 0.717779756 -0.022451594 0.695908189 1.627398067 0.026712855 0.999632120 0.004698015 0.002862871 -0.695757627 0.015217555 0.718115389 -2.089603230
0 0.492108015 0.874858715 0.500000000 0.500000000 0.000000000 0.000000000 0.719595909 -0.022433970 0.694030583 1.640359527 0.026680239 0.999633193 0.004649294 0.002898610 -0.693880320 0.015171289 0.719930470 -2.092991024
0 0.492108015 0.874858715 0.500000000 0.500000000 0.000000000 0.000000000 0.721473932 -0.022490023 0.692076266 1.653534602 0.026703238 0.999632597 0.004646986 0.003290483 -0.691926479 0.015127998 0.721809447 -2.095773914
0 0.492108015 0.874858715 0.500000000 0.500000000 0.000000000 0.000000000 0.723492742 -0.022552531 0.689963460 1.667180625 0.026492666 0.999637008 0.004894597 0.002461561 -0.689823449 0.014737766 0.723827600 -2.097962766
0 0.492108015 0.874858715 0.500000000 0.500000000 0.000000000 0.000000000 0.725441635 -0.022505084 0.687915683 1.680721790 0.026228761 0.999643266 0.005043670 0.001659342 -0.687783718 0.014384288 0.725773096 -2.099662040
0 0.492108015 0.874858715 0.500000000 0.500000000 0.000000000 0.000000000 0.727202654 -0.022488520 0.686054349 1.693546668 0.026118005 0.999645948 0.005083381 0.001545568 -0.685925782 0.014221722 0.727532506 -2.101986954
