0 0.492399213 0.875376378 0.500000000 0.500000000 0.000000000 0.000000000 0.866058826 0.037812717 -0.498510122 1.596713248 -0.039881598 0.999183238 0.006503428 0.153454080 0.498348892 0.014249030 0.866859496 -1.593544018
0 0.492399213 0.875376378 0.500000000 0.500000000 0.000000000 0.000000000 0.861262202 0.038494658 -0.506700635 1.628683079 -0.040610854 0.999151349 0.006878609 0.153780108 0.506535411 0.014653259 0.862094641 -1.597810868
0 0.492399213 0.875376378 0.500000000 0.500000000 0.000000000 0.000000000 0.856282532 0.039098348 -0.515025735 1.661246286 -0.041231390 0.999122977 0.007297377 0.153976010 0.514859378 0.014986610 0.857143641 -1.601321821
0 0.492399213 0.875376378 0.500000000 0.500000000 0.000000000 0.000000000 0.850924969 0.039788704 -0.523778200 1.695720578 -0.042066224 0.999086261 0.007555007 0.155646276 0.523600221 0.015604626 0.851821184 -1.603483243
0 0.492399213 0.875376378 0.500000000 0.500000000 0.000000000 0.000000000 0.845509291 0.040439673 -0.532427192 1.731125232 -0.042850357 0.999050796 0.007833772 0.157697754 0.532238603 0.016191166 0.846439540 -1.605169963
0 0.492399213 0.875376378 0.500000000 0.500000000 0.000000000 0.000000000 0.840116978 0.040961400 -0.540856421 1.766296834 -0.043425601 0.999022961 0.008206977 0.159990094 0.540664136 0.016592193 0.841074884 -1.606283402
0 0.492399213 0.875376378 0.500000000 0.500000000 0.000000000 0.000000000 0.834465921 0.041474000 -0.549496591 1.801903448 -0.043897565 0.998997808 0.008737835 0.161577901 0.549308300 0.016830137 0.835450232 -1.606259242
0 0.492399213 0.875376378 0.500000000 0.500000000 0.000000000 0.000000000 0.828695297 0.042025048 -0.558120072 1.838221781 -0.044538163 0.998966336 0.009089521 0.163711527 0.557925165 0.017325200 0.829710424 -1.604549167
0 0.492399213 0.875376378 0.500000000 0.500000000 0.000000000 0.000000000 0.822915316 0.042555917 -0.566568077 1.873580271 -0.045212869 0.998933494 0.009361928 0.165964394 0.566362202 0.017912094 0.823961794 -1.601970442
0 0.492399213 0.875376378 0.500000000 0.500000000 0.000000000 0.000000000 0.816878915 0.043076292 -0.575198412 1.909562533 -0.045931280 0.998898685 0.009576794 0.168906109 0.574977517 0.018596521 0.817957878 -1.597245449
0 0.492399213 0.875376378 0.500000000 0.500000000 0.000000000 0.000000000 0.810655177 0.043553900 -0.583901763 1.945701223 -0.046477336 0.998869479 0.009980395 0.170824634 0.583676338 0.019047540 0.811762989 -1.591858792
0 0.492399213 0.875376378 0.500000000 0.500000000 0.000000000 0.000000000 0.804268956 0.044022143 -0.592632711 1.982482044 -0.047143221 0.998835862 0.010217234 0.173503614 0.592392623 0.019721210 0.805408001 -1.584963269
0 0.492399213 0.875376378 0.500000000 0.500000000 0.000000000 0.000000000 0.798030794 0.044566754 -0.600966454 2.018195267 -0.047821820 0.998799980 0.010566293 0.175168117 0.600716233 0.020307083 0.799204409 -1.578406578
0 0.492399213 0.875376378 0.500000000 0.500000000 0.000000000 0.000000000 0.791809142 0.045136139 -0.609098494 2.053133936 -0.048595097 0.998759747 0.010839161 0.177288584 0.608832300 0.021016654 0.793020487 -1.571313856
0 0.492399213 0.875376378 0.500000000 0.500000000 0.000000000 0.000000000 0.785513937 0.045613322 -0.617160678 2.088151507 -0.049184769 0.998726785 0.011212512 0.179148240 0.616886318 0.021547319 0.786757290 -1.563770852
0 0.492399213 0.875376378 0.500000000 0.500000000 0.000000000 0.000000000 0.779256105 0.046207808 -0.624999762 2.123120398 -0.049841620 0.998688698 0.011692530 0.180889785 0.624720514 0.022039525 0.780537367 -1.555625058
0 0.492399213 0.875376378 0.500000000 0.500000000 0.000000000 0.000000000 0.772973895 0.046824958 -0.632707477 2.158540220 -0.050603718 0.998645663 0.012084871 0.182993228 0.632416487 0.022676060 0.774296582 -1.546861353
0 0.492399213 0.875376378 0.500000000 0.500000000 0.000000000 0.000000000 0.766853273 0.047256555 -0.640080333 2.193445816 -0.051068008 0.998616397 0.012544520 0.184077764 0.639787555 0.023067823 0.768205583 -1.538281207
0 0.492399213 0.875376378 0.500000000 0.500000000 0.000000000 0.000000000 0.760660589 0.047590312 -0.647402942 2.228755444 -0.051482126 0.998590350 0.012917459 0.185144625 0.647105098 0.023503879 0.762038410 -1.529025668
0 0.492399213 0.875376378 0.500000000 0.500000000 0.000000000 0.000000000 0.754209697 0.048078761 -0.654871106 2.265342199 -0.052094199 0.998553395 0.013314468 0.186152424 0.654563904 0.024073083 0.755623341 -1.518454923
0 0.492399213 0.875376378 0.500000000 0.500000000 0.000000000 0.000000000 0.747996449 0.048547700 -0.661924779 2.301877517 -0.052695990 0.998516798 0.013686270 0.187085504 0.661607444 0.024643499 0.749445319 -1.508416746
0 0.492399213 0.875376378 0.500000000 0.500000000 0.000000000 0.000000000 0.741869569 0.048888914 -0.668759584 2.338379750 -0.053057246 0.998491406 0.014136028 0.187519761 0.668441772 0.024995452 0.743344307 -1.498218339
0 0.492399213 0.875376378 0.500000000 0.500000000 0.000000000 0.000000000 0.735642672 0.049283162 -0.675574601 2.375266134 -0.053429544 0.998464048 0.014657762 0.187568733 0.675259292 0.025312766 0.737145960 -1.487132238
0 0.492399213 0.875376378 0.500000000 0.500000000 0.000000000 0.000000000 0.729186296 0.049840432 -0.682497799 2.413101014 -0.054062158 0.998422623 0.015150862 0.187884505 0.682176411 0.025849503 0.730730593 -1.474625384
0 0.492399213 0.875376378 0.500000000 0.500000000 0.000000000 0.000000000 0.722719312 0.050271563 -0.689310908 2.451733316 -0.054800309 0.998379230 0.015355687 0.189762350 0.688965678 0.026676601 0.724302888 -1.461503915
0 0.492399213 0.875376378 0.500000000 0.500000000 0.000000000 0.000000000 0.716316342 0.050614960 -0.695937514 2.490715620 -0.055436574 0.998341143 0.015548623 0.192207051 0.695570052 0.027442658 0.717934012 -1.447942943
0 0.492399213 0.875376378 0.500000000 0.500000000 0.000000000 0.000000000 0.709756792 0.050877102 -0.702607155 2.530525630 -0.055840265 0.998313427 0.015881255 0.194817864 0.702230096 0.027961940 0.711400747 -1.433502813
0 0.492399213 0.875376378 0.500000000 0.500000000 0.000000000 0.000000000 0.703139007 0.051261567 -0.709202230 2.570856670 -0.056359671 0.998277843 0.016278297 0.198524574 0.708815336 0.028524501 0.704817116 -1.418000200
0 0.492399213 0.875376378 0.500000000 0.500000000 0.000000000 0.000000000 0.696478248 0.051463343 -0.715730071 2.611308021 -0.056666799 0.998254538 0.016635213 0.202940677 0.715336919 0.028972071 0.698178828 -1.401314682
0 0.492399213 0.875376378 0.500000000 0.500000000 0.000000000 0.000000000 0.689770937 0.051907700 -0.722164571 2.651331069 -0.057060421 0.998221695 0.017249219 0.206435372 0.721775711 0.029309006 0.691506147 -1.383930857
0 0.492399213 0.875376378 0.500000000 0.500000000 0.000000000 0.000000000 0.682703257 0.052242234 -0.728825808 2.692142025 -0.057438854 0.998191297 0.017746424 0.209944789 0.728434682 0.029747376 0.684469163 -1.364747719
0 0.492399213 0.875376378 0.500000000 0.500000000 0.000000000 0.000000000 0.675706387 0.052590076 -0.735292554 2.733264932 -0.057981569 0.998153448 0.018107688 0.213546631 0.734887064 0.030397935 0.677507937 -1.345229920
0 0.492399213 0.875376378 0.500000000 0.500000000 0.000000000 0.000000000 0.669038415 0.053024001 -0.741333961 2.772079265 -0.058602791 0.998109877 0.018502133 0.216710062 0.740913808 0.031065602 0.670881212 -1.326085588
0 0.492399213 0.875376378 0.500000000 0.500000000 0.000000000 0.000000000 0.661722541 0.053302102 -0.747851729 2.811288645 -0.059097383 0.998074353 0.018845167 0.220411255 0.747416079 0.031725809 0.663598239 -1.303659934
0 0.492399213 0.875376378 0.500000000 0.500000000 0.000000000 0.000000000 0.654246151 0.053710528 -0.754372001 2.850461916 -0.059667516 0.998031497 0.019310838 0.223972363 0.753924251 0.032377463 0.656163037 -1.280495772
0 0.492399213 0.875376378 0.500000000 0.500000000 0.000000000 0.000000000 0.646928787 0.054247856 -0.760618389 2.888505734 -0.060329396 0.997980833 0.019864757 0.227067579 0.760160208 0.033036567 0.648895264 -1.257542830
0 0.492399213 0.875376378 0.500000000 0.500000000 0.000000000 0.000000000 0.639505625 0.054690674 -0.766838610 2.925148812 -0.060966618 0.997932792 0.020329073 0.229966137 0.766365170 0.033751000 0.641517937 -1.233800936
0 0.492399213 0.875376378 0.500000000 0.500000000 0.000000000 0.000000000 0.632210851 0.055187203 -0.772828460 2.959729747 -0.061601158 0.997882724 0.020865481 0.232117143 0.772343695 0.034415744 0.634271860 -1.210381685
0 0.492399213 0.875376378 0.500000000 0.500000000 0.000000000 0.000000000 0.624497175 0.055725981 -0.779036522 2.993887484 -0.062292859 0.997827590 0.021440851 0.234070600 0.778538942 0.035138659 0.626611888 -1.185405016
0 0.492399213 0.875376378 0.500000000 0.500000000 0.000000000 0.000000000 0.616955459 0.056159347 -0.784991801 3.026113255 -0.062892757 0.997778833 0.021952555 0.236152020 0.784481049 0.035826553 0.619117081 -1.161264949
0 0.492399213 0.875376378 0.500000000 0.500000000 0.000000000 0.000000000 0.609098971 0.056721225 -0.791063309 3.057681052 -0.063462242 0.997726619 0.022675170 0.237401884 0.790551066 0.036391228 0.611313879 -1.136054102
0 0.492399213 0.875376378 0.500000000 0.500000000 0.000000000 0.000000000 0.601151764 0.057326682 -0.797076046 3.089203394 -0.064037129 0.997671783 0.023457205 0.238202676 0.796564996 0.036941122 0.603423238 -1.111115047
0 0.492399213 0.875376378 0.500000000 0.500000000 0.000000000 0.000000000 0.593400061 0.057863146 -0.802825153 3.119626049 -0.064501040 0.997623503 0.024227833 0.238478149 0.802319109 0.037406258 0.595722079 -1.087071131
0 0.492399213 0.875376378 0.500000000 0.500000000 0.000000000 0.000000000 0.585548759 0.058351275 -0.808534324 3.149065123 -0.065012060 0.997573495 0.024911685 0.238280474 0.808026016 0.037977476 0.587921441 -1.062694183
0 0.492399213 0.875376378 0.500000000 0.500000000 0.000000000 0.000000000 0.577304780 0.058860358 -0.814404488 3.179189071 -0.065729074 0.997511625 0.025501063 0.238204777 0.813878894 0.038808163 0.579737067 -1.036933176
0 0.492399213 0.875376378 0.500000000 0.500000000 0.000000000 0.000000000 0.569045007 0.059524458 -0.820149124 3.209180511 -0.066551872 0.997438490 0.026215939 0.237671529 0.819608808 0.039664410 0.571548879 -1.011419755
0 0.492399213 0.875376378 0.500000000 0.500000000 0.000000000 0.000000000 0.560879886 0.059880707 -0.825728774 3.238921057 -0.066961378 0.997394323 0.026845846 0.237347902 0.825184762 0.040234644 0.563428104 -0.986344797
0 0.492399213 0.875376378 0.500000000 0.500000000 0.000000000 0.000000000 0.552884459 0.060409363 -0.831065238 3.267494010 -0.067516498 0.997336924 0.027578656 0.236864163 0.830518067 0.040862810 0.555490732 -0.961611136
0 0.492399213 0.875376378 0.500000000 0.500000000 0.000000000 0.000000000 0.544416308 0.060772941 -0.836610734 3.296359355 -0.067884512 0.997292578 0.028269978 0.236691005 0.836063743 0.041402273 0.547067881 -0.934632909
0 0.492399213 0.875376378 0.500000000 0.500000000 0.000000000 0.000000000 0.535398602 0.061117202 -0.842385292 3.326299217 -0.068528198 0.997233510 0.028797057 0.237390359 0.841814816 0.042309243 0.538105667 -0.905419851
0 0.492399213 0.875376378 0.500000000 0.500000000 0.000000000 0.000000000 0.526628673 0.061464757 -0.847870469 3.356538867 -0.069367662 0.997163653 0.029201895 0.239032854 0.847260535 0.043436237 0.529398620 -0.877059957
0 0.492399213 0.875376378 0.500000000 0.500000000 0.000000000 0.000000000 0.518198252 0.061787009 -0.853025734 3.386227417 -0.070051774 0.997102082 0.029667627 0.240690372 0.852386832 0.044382252 0.521024883 -0.849853893
0 0.492399213 0.875376378 0.500000000 0.500000000 0.000000000 0.000000000 0.509515584 0.062204976 -0.858210027 3.416589312 -0.070913278 0.997026265 0.030165780 0.243150483 0.857534349 0.045488548 0.512411594 -0.821344524
0 0.492399213 0.875376378 0.500000000 0.500000000 0.000000000 0.000000000 0.500952959 0.062448684 -0.863218546 3.446810337 -0.071383871 0.996976376 0.030698948 0.245988839 0.862525642 0.046241153 0.503896117 -0.792820206
0 0.492399213 0.875376378 0.500000000 0.500000000 0.000000000 0.000000000 0.492373288 0.062732570 -0.868120492 3.476527803 -0.071799017 0.996927321 0.031318109 0.249093787 0.867417693 0.046909999 0.495364517 -0.763808129
0 0.492399213 0.875376378 0.500000000 0.500000000 0.000000000 0.000000000 0.484135181 0.062969275 -0.872724473 3.505670920 -0.072018743 0.996890545 0.031976491 0.251988932 0.872024357 0.047371574 0.487164766 -0.735672039
0 0.492399213 0.875376378 0.500000000 0.500000000 0.000000000 0.000000000 0.475889295 0.063277043 -0.877225935 3.532765453 -0.072177760 0.996853948 0.032750223 0.253923073 0.876538515 0.047730725 0.478959322 -0.706581690
0 0.492399213 0.875376378 0.500000000 0.500000000 0.000000000 0.000000000 0.466984868 0.063501775 -0.881982207 3.560304321 -0.072793111 0.996793449 0.033226147 0.257132460 0.881264031 0.048686124 0.470109940 -0.674217979
0 0.492399213 0.875376378 0.500000000 0.500000000 0.000000000 0.000000000 0.458279639 0.063908078 -0.886507511 3.587146525 -0.073564410 0.996716738 0.033823945 0.259601327 0.885758460 0.049714573 0.461476356 -0.642454229
0 0.492399213 0.875376378 0.500000000 0.500000000 0.000000000 0.000000000 0.450040311 0.064291231 -0.890690923 3.613084320 -0.074354343 0.996639431 0.034369636 0.262168885 0.889907360 0.050759017 0.453308254 -0.612141581
0 0.492399213 0.875376378 0.500000000 0.500000000 0.000000000 0.000000000 0.441799611 0.064525329 -0.894790232 3.637969838 -0.075002395 0.996574759 0.034833066 0.265097607 0.893972993 0.051722176 0.445125908 -0.581113888
0 0.492399213 0.875376378 0.500000000 0.500000000 0.000000000 0.000000000 0.433358908 0.064730681 -0.898893774 3.662427285 -0.075535908 0.996516466 0.035344590 0.268359699 0.898050308 0.052581865 0.436738759 -0.548907702
0 0.492399213 0.875376378 0.500000000 0.500000000 0.000000000 0.000000000 0.425218761 0.065043822 -0.902750432 3.686274617 -0.075842924 0.996467054 0.036072202 0.270594020 0.901907325 0.053128656 0.428649604 -0.517643108
0 0.492399213 0.875376378 0.500000000 0.500000000 0.000000000 0.000000000 0.417279869 0.065398365 -0.906421840 3.709285288 -0.076279879 0.996408045 0.036774710 0.272696789 0.905571043 0.053796403 0.420769602 -0.486782706
0 0.492399213 0.875376378 0.500000000 0.500000000 0.000000000 0.000000000 0.409264654 0.065567113 -0.910056829 3.732300695 -0.076717079 0.996355534 0.037284005 0.274985622 0.909184754 0.054557875 0.412803233 -0.455097524
0 0.492399213 0.875376378 0.500000000 0.500000000 0.000000000 0.000000000 0.401390076 0.065815270 -0.913539469 3.754663406 -0.077413142 0.996283710 0.037762806 0.277120554 0.912629843 0.055562343 0.404993325 -0.423802538
0 0.492399213 0.875376378 0.500000000 0.500000000 0.000000000 0.000000000 0.393617630 0.066042885 -0.916898847 3.776723747 -0.078119330 0.996211112 0.038219605 0.279628938 0.915948987 0.056583613 0.397285491 -0.392605625
0 0.492399213 0.875376378 0.500000000 0.500000000 0.000000000 0.000000000 0.385513484 0.066247448 -0.920320928 3.799087928 -0.078470312 0.996159732 0.038836103 0.281810616 0.919359446 0.057246029 0.389231443 -0.359955195
0 0.492399213 0.875376378 0.500000000 0.500000000 0.000000000 0.000000000 0.377403498 0.066339366 -0.923669696 3.821609949 -0.078450218 0.996135592 0.039489891 0.283930081 0.922719955 0.057558466 0.381149381 -0.327175643
0 0.492399213 0.875376378 0.500000000 0.500000000 0.000000000 0.000000000 0.369423240 0.066555910 -0.926874757 3.843676747 -0.078436658 0.996105611 0.040264770 0.285372210 0.925944984 0.057826214 0.373204976 -0.294221548
0 0.492399213 0.875376378 0.500000000 0.500000000 0.000000000 0.000000000 0.360878706 0.066827074 -0.930215418 3.866245219 -0.078517377 0.996065319 0.041096803 0.285663221 0.929301679 0.058207110 0.364705861 -0.258537451
0 0.492399213 0.875376378 0.500000000 0.500000000 0.000000000 0.000000000 0.352213115 0.067086406 -0.933512390 3.889398054 -0.079076290 0.995994270 0.041741244 0.286319444 0.932573259 0.059116881 0.356107205 -0.222129200
0 0.492399213 0.875376378 0.500000000 0.500000000 0.000000000 0.000000000 0.343631178 0.067217976 -0.936695993 3.912621141 -0.079758964 0.995920181 0.042208001 0.287679103 0.935711563 0.060205918 0.347590476 -0.185314666
0 0.492399213 0.875376378 0.500000000 0.500000000 0.000000000 0.000000000 0.334271342 0.067164205 -0.940080643 3.936730410 -0.080267303 0.995862305 0.042608306 0.289902434 0.939052641 0.061215002 0.338279307 -0.144894912
0 0.492399213 0.875376378 0.500000000 0.500000000 0.000000000 0.000000000 0.324905753 0.067277238 -0.943350434 3.962121203 -0.080729701 0.995798826 0.043213055 0.292295035 0.942294538 0.062116224 0.328972071 -0.104343781
0 0.492399213 0.875376378 0.500000000 0.500000000 0.000000000 0.000000000 0.315951228 0.067350268 -0.946381927 3.986375626 -0.080939166 0.995754361 0.043842226 0.295145840 0.945316732 0.062747359 0.320061088 -0.064586611
0 0.492399213 0.875376378 0.500000000 0.500000000 0.000000000 0.000000000 0.306222528 0.067308113 -0.949577451 4.010891313 -0.081023715 0.995720506 0.044450063 0.298238271 0.948505640 0.063326679 0.310365617 -0.021250969
0 0.492399213 0.875376378 0.500000000 0.500000000 0.000000000 0.000000000 0.296515614 0.067458764 -0.952642560 4.035922312 -0.081424534 0.995655835 0.045160770 0.300936366 0.951550603 0.064177603 0.300720304 0.022079647
0 0.492399213 0.875376378 0.500000000 0.500000000 0.000000000 0.000000000 0.287051320 0.067612782 -0.955526054 4.060440408 -0.081819952 0.995591104 0.045868095 0.303419194 0.954414487 0.065014601 0.291317791 0.064918331
0 0.492399213 0.875376378 0.500000000 0.500000000 0.000000000 0.000000000 0.277319580 0.067607969 -0.958396077 4.084036200 -0.082029536 0.995544851 0.046492644 0.305882877 0.957269549 0.065723464 0.281629920 0.109131112
0 0.492399213 0.875376378 0.500000000 0.500000000 0.000000000 0.000000000 0.267600775 0.067606173 -0.961155176 4.106548452 -0.082378082 0.995488226 0.047085747 0.308624389 0.960001945 0.066577934 0.271962672 0.153537669
