0 0.500715637 0.890161147 0.500000000 0.500000000 0.000000000 0.000000000 0.984820843 -0.009594713 0.173308611 -0.088887966 0.015347096 0.999373794 -0.031882059 0.165067081 -0.172894180 0.034057900 0.984351397 -0.118674041
0 0.500715637 0.890161147 0.500000000 0.500000000 0.000000000 0.000000000 0.983299732 -0.010436215 0.181694031 -0.095470824 0.016747348 0.999307215 -0.033235420 0.172478773 -0.181221306 0.035723273 0.982793331 -0.124327423
0 0.500715637 0.890161147 0.500000000 0.500000000 0.000000000 0.000000000 0.981771231 -0.011123713 0.189740747 -0.100931424 0.017955026 0.999249518 -0.034322426 0.179192797 -0.189216554 0.037103567 0.981234133 -0.132462336
0 0.500715637 0.890161147 0.500000000 0.500000000 0.000000000 0.000000000 0.980253041 -0.011896112 0.197389081 -0.106483035 0.019270100 0.999184608 -0.035478972 0.186280831 -0.196806073 0.038582079 0.979682982 -0.140483200
0 0.500715637 0.890161147 0.500000000 0.500000000 0.000000000 0.000000000 0.978605509 -0.012331049 0.205375761 -0.112510047 0.020127684 0.999152064 -0.035916943 0.190672893 -0.204758719 0.039282255 0.978023887 -0.150857172
0 0.500715637 0.890161147 0.500000000 0.500000000 0.000000000 0.000000000 0.976902664 -0.012816490 0.213299960 -0.119337075 0.021206420 0.999086797 -0.037092473 0.197513254 -0.212629780 0.040759064 0.976282358 -0.159024792
0 0.500715637 0.890161147 0.500000000 0.500000000 0.000000000 0.000000000 0.974982023 -0.013320130 0.221884295 -0.126633414 0.022351088 0.999018610 -0.038239978 0.204632921 -0.221157163 0.042242650 0.974322855 -0.168685286
0 0.500715637 0.890161147 0.500000000 0.500000000 0.000000000 0.000000000 0.972974777 -0.013656706 0.230507195 -0.134680380 0.023332819 0.998954833 -0.039303813 0.211264021 -0.229729518 0.043620002 0.972276509 -0.177442194
0 0.500715637 0.890161147 0.500000000 0.500000000 0.000000000 0.000000000 0.970904171 -0.014140858 0.239050388 -0.143176348 0.024374373 0.998906076 -0.039907031 0.216968798 -0.238224551 0.044572607 0.970186770 -0.187377280
0 0.500715637 0.890161147 0.500000000 0.500000000 0.000000000 0.000000000 0.968775570 -0.014521243 0.247513667 -0.151446151 0.025383461 0.998846889 -0.040750802 0.223604294 -0.246636495 0.045761134 0.968027055 -0.197942763
0 0.500715637 0.890161147 0.500000000 0.500000000 0.000000000 0.000000000 0.966587543 -0.015828142 0.255847484 -0.161523177 0.027425773 0.998748422 -0.041826006 0.232656371 -0.254865229 0.047445312 0.965811908 -0.205844736
0 0.500715637 0.890161147 0.500000000 0.500000000 0.000000000 0.000000000 0.964290261 -0.016315632 0.264344752 -0.170019282 0.028647328 0.998670220 -0.042862229 0.240756897 -0.263293892 0.048904397 0.963475347 -0.215455371
0 0.500715637 0.890161147 0.500000000 0.500000000 0.000000000 0.000000000 0.961639762 -0.016610384 0.273812056 -0.179884957 0.029588930 0.998622239 -0.043337736 0.246790507 -0.272714943 0.049777094 0.960806310 -0.224298043
0 0.500715637 0.890161147 0.500000000 0.500000000 0.000000000 0.000000000 0.958908916 -0.017131019 0.283196509 -0.189020375 0.030823987 0.998557389 -0.043966256 0.253455522 -0.282034785 0.050888881 0.958053589 -0.232820312
0 0.500715637 0.890161147 0.500000000 0.500000000 0.000000000 0.000000000 0.956048369 -0.017698247 0.292674303 -0.197629059 0.032075346 0.998498917 -0.044397142 0.259322704 -0.291449219 0.051833447 0.955180943 -0.241273654
0 0.500715637 0.890161147 0.500000000 0.500000000 0.000000000 0.000000000 0.953168035 -0.018384079 0.301882058 -0.205805818 0.033542819 0.998418868 -0.045106787 0.266739481 -0.300575495 0.053120323 0.952277601 -0.248467092
0 0.500715637 0.890161147 0.500000000 0.500000000 0.000000000 0.000000000 0.950280547 -0.019101778 0.310808599 -0.213448854 0.034975324 0.998348296 -0.045578349 0.274093785 -0.309424609 0.054182850 0.949379086 -0.255097614
0 0.500715637 0.890161147 0.500000000 0.500000000 0.000000000 0.000000000 0.947138190 -0.019383280 0.320239872 -0.221991499 0.035806090 0.998323619 -0.045473818 0.278765830 -0.318821609 0.054536525 0.946244419 -0.260944683
0 0.500715637 0.890161147 0.500000000 0.500000000 0.000000000 0.000000000 0.943753958 -0.019996604 0.330043256 -0.229352131 0.037078954 0.998273969 -0.045543488 0.283815274 -0.328562886 0.055219505 0.942866504 -0.266775032
0 0.500715637 0.890161147 0.500000000 0.500000000 0.000000000 0.000000000 0.940197766 -0.020512791 0.340010852 -0.237671006 0.038315274 0.998218894 -0.045727003 0.287745390 -0.338467270 0.056020033 0.939309120 -0.272378952
0 0.500715637 0.890161147 0.500000000 0.500000000 0.000000000 0.000000000 0.936723590 -0.021322543 0.349419832 -0.244233945 0.040034574 0.998119593 -0.046416603 0.294281745 -0.347773045 0.057468403 0.935815811 -0.277368928
0 0.500715637 0.890161147 0.500000000 0.500000000 0.000000000 0.000000000 0.933023632 -0.021775384 0.359155536 -0.249898940 0.041187968 0.998069406 -0.046486836 0.299371002 -0.357449889 0.058166202 0.932119250 -0.282744931
0 0.500715637 0.890161147 0.500000000 0.500000000 0.000000000 0.000000000 0.929056406 -0.021982845 0.369284421 -0.256396674 0.042117514 0.998027682 -0.046549637 0.304284340 -0.367532760 0.058800578 0.928149879 -0.287789473
0 0.500715637 0.890161147 0.500000000 0.500000000 0.000000000 0.000000000 0.925043881 -0.022903452 0.379169166 -0.262724055 0.043988064 0.997924149 -0.047037009 0.312072737 -0.377304733 0.060190216 0.924131095 -0.290647412
0 0.500715637 0.890161147 0.500000000 0.500000000 0.000000000 0.000000000 0.920733750 -0.023034098 0.389510900 -0.271962997 0.044895671 0.997880042 -0.047114715 0.315830661 -0.387599915 0.060867462 0.919816017 -0.296507201
0 0.500715637 0.890161147 0.500000000 0.500000000 0.000000000 0.000000000 0.917068362 -0.023625024 0.398029506 -0.276519054 0.046272878 0.997804165 -0.047389064 0.321434963 -0.396035910 0.061876979 0.916147828 -0.299655149
0 0.500715637 0.890161147 0.500000000 0.500000000 0.000000000 0.000000000 0.912818789 -0.023892848 0.407665342 -0.284048428 0.047146779 0.997777402 -0.047089409 0.325338414 -0.405634165 0.062204204 0.911916435 -0.304811451
0 0.500715637 0.890161147 0.500000000 0.500000000 0.000000000 0.000000000 0.908690751 -0.024483548 0.416751325 -0.290420001 0.048417091 0.997722924 -0.046954539 0.330340597 -0.414652735 0.062845044 0.907807052 -0.307933047
0 0.500715637 0.890161147 0.500000000 0.500000000 0.000000000 0.000000000 0.904827952 -0.025191624 0.425031483 -0.296117814 0.049819771 0.997655153 -0.046927746 0.335171921 -0.422852635 0.063636504 0.903961301 -0.312504334
0 0.500715637 0.890161147 0.500000000 0.500000000 0.000000000 0.000000000 0.900907159 -0.025777122 0.433245748 -0.303138624 0.050999586 0.997606456 -0.046695132 0.339618356 -0.431005090 0.064163327 0.900065362 -0.317285007
0 0.500715637 0.890161147 0.500000000 0.500000000 0.000000000 0.000000000 0.896855712 -0.026474133 0.441530287 -0.310612075 0.052184951 0.997568846 -0.046186183 0.344484005 -0.439234108 0.064463578 0.896056831 -0.321873310
0 0.500715637 0.890161147 0.500000000 0.500000000 0.000000000 0.000000000 0.892754912 -0.027084079 0.449727863 -0.317353832 0.053269338 0.997535288 -0.045670155 0.348557650 -0.447382450 0.064728960 0.891997278 -0.326035831
0 0.500715637 0.890161147 0.500000000 0.500000000 0.000000000 0.000000000 0.888198137 -0.027795471 0.458619148 -0.326589337 0.054853246 0.997444332 -0.045781154 0.354322365 -0.456174552 0.065819487 0.887452841 -0.329956903
0 0.500715637 0.890161147 0.500000000 0.500000000 0.000000000 0.000000000 0.883639097 -0.028189763 0.467319250 -0.334956089 0.055955615 0.997389555 -0.045639880 0.357471226 -0.464812756 0.066478319 0.882909834 -0.334760098
0 0.500715637 0.890161147 0.500000000 0.500000000 0.000000000 0.000000000 0.878697276 -0.028673213 0.476517469 -0.345237602 0.057191204 0.997328222 -0.045448810 0.361469042 -0.473941177 0.067188352 0.877989471 -0.338600333
0 0.500715637 0.890161147 0.500000000 0.500000000 0.000000000 0.000000000 0.873720229 -0.029120855 0.485556364 -0.354014602 0.058583431 0.997240186 -0.045607563 0.367624926 -0.482888162 0.068293802 0.873014867 -0.341264455
0 0.500715637 0.890161147 0.500000000 0.500000000 0.000000000 0.000000000 0.868203223 -0.029571237 0.495326817 -0.365506735 0.059628662 0.997206569 -0.044982757 0.372097299 -0.492612988 0.068589851 0.867541313 -0.345303658
0 0.500715637 0.890161147 0.500000000 0.500000000 0.000000000 0.000000000 0.862793803 -0.030027794 0.504663408 -0.375193465 0.060923856 0.997135282 -0.044827800 0.377974271 -0.501871645 0.069423191 0.862151563 -0.348100811
0 0.500715637 0.890161147 0.500000000 0.500000000 0.000000000 0.000000000 0.856923163 -0.030429807 0.514545143 -0.386518158 0.062052686 0.997085869 -0.044375610 0.382573349 -0.511695325 0.069955394 0.856314242 -0.351402285
0 0.500715637 0.890161147 0.500000000 0.500000000 0.000000000 0.000000000 0.851083219 -0.030960960 0.524117172 -0.398615399 0.063225776 0.997038901 -0.043770969 0.386708243 -0.521210015 0.070390448 0.850520611 -0.355035232
0 0.500715637 0.890161147 0.500000000 0.500000000 0.000000000 0.000000000 0.845374882 -0.031544231 0.533241272 -0.410066641 0.064598687 0.996965587 -0.043435492 0.392489717 -0.530253053 0.071165964 0.844847381 -0.357462787
0 0.500715637 0.890161147 0.500000000 0.500000000 0.000000000 0.000000000 0.839456081 -0.032111652 0.542477965 -0.421239356 0.065740369 0.996921957 -0.042717565 0.397898080 -0.539436460 0.071522221 0.838983238 -0.360979096
0 0.500715637 0.890161147 0.500000000 0.500000000 0.000000000 0.000000000 0.833328664 -0.032768957 0.551805735 -0.432520680 0.066835038 0.996890903 -0.041732945 0.402863617 -0.548722565 0.071657218 0.832927883 -0.363519496
0 0.500715637 0.890161147 0.500000000 0.500000000 0.000000000 0.000000000 0.826980114 -0.033215649 0.561249137 -0.443670957 0.067836449 0.996855319 -0.040958986 0.407586220 -0.558123708 0.071945414 0.826632798 -0.365570315
0 0.500715637 0.890161147 0.500000000 0.500000000 0.000000000 0.000000000 0.820418596 -0.033709992 0.570768714 -0.455228490 0.069099844 0.996789277 -0.040452536 0.412911468 -0.567572474 0.072628044 0.820113778 -0.366812004
0 0.500715637 0.890161147 0.500000000 0.500000000 0.000000000 0.000000000 0.813805282 -0.034316346 0.580123544 -0.466542366 0.070440866 0.996719420 -0.039855964 0.417595254 -0.576852679 0.073299401 0.813552797 -0.368365688
0 0.500715637 0.890161147 0.500000000 0.500000000 0.000000000 0.000000000 0.807246029 -0.034783676 0.589189231 -0.477339210 0.071621194 0.996657789 -0.039288733 0.422318688 -0.585853457 0.073914111 0.807039261 -0.369264493
0 0.500715637 0.890161147 0.500000000 0.500000000 0.000000000 0.000000000 0.800326824 -0.035178196 0.598531067 -0.488078493 0.072635837 0.996613204 -0.038549967 0.427025509 -0.595147848 0.074327379 0.800171494 -0.369213547
0 0.500715637 0.890161147 0.500000000 0.500000000 0.000000000 0.000000000 0.793112338 -0.035597380 0.608034253 -0.498427421 0.073439516 0.996596336 -0.037447825 0.430797451 -0.604631722 0.074354075 0.793027103 -0.368292220
0 0.500715637 0.890161147 0.500000000 0.500000000 0.000000000 0.000000000 0.785615087 -0.036131561 0.617659688 -0.509499514 0.074390948 0.996567428 -0.036322780 0.434285110 -0.614227116 0.074484013 0.785606265 -0.367357085
0 0.500715637 0.890161147 0.500000000 0.500000000 0.000000000 0.000000000 0.778186917 -0.036581352 0.626966417 -0.519834193 0.075534113 0.996507168 -0.035609692 0.438847634 -0.623473883 0.075068355 0.778232038 -0.365808983
0 0.500715637 0.890161147 0.500000000 0.500000000 0.000000000 0.000000000 0.770917714 -0.037068155 0.635855138 -0.529114993 0.076547883 0.996461332 -0.034717243 0.442031552 -0.632318139 0.075437509 0.771027207 -0.363674921
0 0.500715637 0.890161147 0.500000000 0.500000000 0.000000000 0.000000000 0.763341248 -0.037433423 0.644909978 -0.539076744 0.077817388 0.996378303 -0.034273572 0.447029587 -0.641291320 0.076347642 0.763489664 -0.360687629
0 0.500715637 0.890161147 0.500000000 0.500000000 0.000000000 0.000000000 0.755241573 -0.037874114 0.654351354 -0.549019272 0.079050586 0.996305108 -0.033572353 0.450852764 -0.650662124 0.077082098 0.755445004 -0.357209557
0 0.500715637 0.890161147 0.500000000 0.500000000 0.000000000 0.000000000 0.747062087 -0.038159501 0.663658142 -0.557938182 0.080059797 0.996249020 -0.032838099 0.454082420 -0.659915686 0.077664427 0.747314870 -0.354425173
0 0.500715637 0.890161147 0.500000000 0.500000000 0.000000000 0.000000000 0.738749504 -0.038638849 0.672871590 -0.567475996 0.081254438 0.996179402 -0.032005291 0.458087692 -0.669064164 0.078317694 0.739066601 -0.351038942
0 0.500715637 0.890161147 0.500000000 0.500000000 0.000000000 0.000000000 0.730721831 -0.039031263 0.681558609 -0.575385440 0.082014181 0.996152580 -0.030882832 0.461184231 -0.677730978 0.078464232 0.731111586 -0.347196019
0 0.500715637 0.890161147 0.500000000 0.500000000 0.000000000 0.000000000 0.722757041 -0.039469786 0.689974189 -0.583681904 0.082638666 0.996140480 -0.029581143 0.463603283 -0.686143637 0.078398526 0.723229229 -0.344240353
0 0.500715637 0.890161147 0.500000000 0.500000000 0.000000000 0.000000000 0.714939892 -0.040012661 0.698040068 -0.591149701 0.083762765 0.996072531 -0.028694391 0.466815361 -0.694150388 0.078984536 0.715483546 -0.339765244
0 0.500715637 0.890161147 0.500000000 0.500000000 0.000000000 0.000000000 0.706902444 -0.040556852 0.706147373 -0.597742332 0.085088477 0.995980561 -0.027976330 0.468807071 -0.702174425 0.079861537 0.707511961 -0.335014724
0 0.500715637 0.890161147 0.500000000 0.500000000 0.000000000 0.000000000 0.698515832 -0.040856842 0.714427233 -0.605335772 0.086779431 0.995836914 -0.027896551 0.472587470 -0.710313261 0.081483774 0.699153423 -0.330235844
0 0.500715637 0.890161147 0.500000000 0.500000000 0.000000000 0.000000000 0.690412581 -0.041546300 0.722221851 -0.612002045 0.087930351 0.995766699 -0.026775423 0.474279188 -0.718052030 0.081991307 0.691143036 -0.327287306
0 0.500715637 0.890161147 0.500000000 0.500000000 0.000000000 0.000000000 0.682775199 -0.042044953 0.729417741 -0.618890646 0.088846959 0.995711863 -0.025771029 0.477874628 -0.725206316 0.082402363 0.683582962 -0.324551390
0 0.500715637 0.890161147 0.500000000 0.500000000 0.000000000 0.000000000 0.675402641 -0.042678289 0.736213207 -0.624376874 0.089494407 0.995688856 -0.024382146 0.480515525 -0.731998682 0.082354724 0.676310301 -0.321695621
0 0.500715637 0.890161147 0.500000000 0.500000000 0.000000000 0.000000000 0.667520344 -0.042970184 0.743350625 -0.631363901 0.090315074 0.995634794 -0.023548158 0.483597904 -0.739093900 0.082854636 0.668487370 -0.318479505
0 0.500715637 0.890161147 0.500000000 0.500000000 0.000000000 0.000000000 0.659798741 -0.043281831 0.750194848 -0.637843213 0.091481179 0.995540679 -0.023021152 0.486965002 -0.745853066 0.083818041 0.660815954 -0.315827365
0 0.500715637 0.890161147 0.500000000 0.500000000 0.000000000 0.000000000 0.652130425 -0.043645717 0.756849349 -0.644103937 0.092476092 0.995465696 -0.022274785 0.490033192 -0.752445400 0.084516533 0.653209686 -0.313832058
0 0.500715637 0.890161147 0.500000000 0.500000000 0.000000000 0.000000000 0.644796789 -0.044053629 0.763083458 -0.649445412 0.093003742 0.995441735 -0.021119174 0.492201312 -0.758674800 0.084587194 0.645954788 -0.312417379
0 0.500715637 0.890161147 0.500000000 0.500000000 0.000000000 0.000000000 0.637752175 -0.044491287 0.768955588 -0.654290737 0.093346760 0.995436251 -0.019824106 0.493920283 -0.764564276 0.084422380 0.638994753 -0.310659785
0 0.500715637 0.890161147 0.500000000 0.500000000 0.000000000 0.000000000 0.630604446 -0.044966202 0.774800658 -0.659593830 0.094082884 0.995386720 -0.018805254 0.496979123 -0.770380735 0.084754162 0.631925821 -0.309242523
0 0.500715637 0.890161147 0.500000000 0.500000000 0.000000000 0.000000000 0.623929262 -0.045367796 0.780162811 -0.664875651 0.095037371 0.995308638 -0.018126518 0.500926971 -0.775680482 0.085454293 0.625313818 -0.307620127
0 0.500715637 0.890161147 0.500000000 0.500000000 0.000000000 0.000000000 0.617390513 -0.045906235 0.785316229 -0.669400632 0.095868737 0.995245516 -0.017191136 0.503857556 -0.780793250 0.085900918 0.618856132 -0.307191078
0 0.500715637 0.890161147 0.500000000 0.500000000 0.000000000 0.000000000 0.610989153 -0.046367563 0.790279925 -0.673332723 0.096387804 0.995213151 -0.016128829 0.506795032 -0.785749137 0.086027883 0.612533689 -0.306171839
0 0.500715637 0.890161147 0.500000000 0.500000000 0.000000000 0.000000000 0.604500711 -0.046689928 0.795235157 -0.677326347 0.097007751 0.995165825 -0.015312491 0.511134881 -0.790675938 0.086400390 0.606107712 -0.304301927
0 0.500715637 0.890161147 0.500000000 0.500000000 0.000000000 0.000000000 0.597691774 -0.047184911 0.800336242 -0.681040285 0.097558506 0.995128632 -0.014187615 0.514281370 -0.795768082 0.086559430 0.599383533 -0.303250837
0 0.500715637 0.890161147 0.500000000 0.500000000 0.000000000 0.000000000 0.590615928 -0.047568716 0.805549502 -0.684852285 0.098307624 0.995066941 -0.013317608 0.517792065 -0.800942183 0.087057248 0.592378795 -0.301884618
0 0.500715637 0.890161147 0.500000000 0.500000000 0.000000000 0.000000000 0.583153546 -0.047948293 0.810945690 -0.689257307 0.099218592 0.994986892 -0.012518408 0.521963768 -0.806280136 0.087761045 0.584987521 -0.300809288
0 0.500715637 0.890161147 0.500000000 0.500000000 0.000000000 0.000000000 0.575654745 -0.048400190 0.816259146 -0.693556218 0.099911012 0.994930327 -0.011466255 0.525212577 -0.811565995 0.088153884 0.577572107 -0.300248382
0 0.500715637 0.890161147 0.500000000 0.500000000 0.000000000 0.000000000 0.568036497 -0.048681241 0.821562350 -0.698028041 0.100665778 0.994863272 -0.010651240 0.529214415 -0.816823661 0.088753507 0.570019186 -0.299635625
0 0.500715637 0.890161147 0.500000000 0.500000000 0.000000000 0.000000000 0.560305715 -0.049034953 0.826833189 -0.702586314 0.101671264 0.994768739 -0.009903510 0.533619737 -0.822022200 0.089614160 0.562360048 -0.298476852
0 0.500715637 0.890161147 0.500000000 0.500000000 0.000000000 0.000000000 0.552732706 -0.049335193 0.831897020 -0.706460964 0.102466732 0.994694889 -0.009091567 0.536708970 -0.827035189 0.090266980 0.554855585 -0.298337788
