0 0.500656767 0.890056499 0.500000000 0.500000000 0.000000000 0.000000000 0.976741076 -0.011592234 -0.214108646 0.167115480 -0.000265922 0.998471260 -0.055272169 0.245342171 0.214422062 0.054043535 0.975244820 -0.404163442
0 0.500656767 0.890056499 0.500000000 0.500000000 0.000000000 0.000000000 0.975697577 -0.011527797 -0.218818173 0.171440002 -0.000798604 0.998421490 -0.056159850 0.252800538 0.219120160 0.054969776 0.974148154 -0.414816613
0 0.500656767 0.890056499 0.500000000 0.500000000 0.000000000 0.000000000 0.974690497 -0.011499520 -0.223262653 0.175056808 -0.001296203 0.998368680 -0.057081457 0.260374355 0.223554850 0.055926148 0.973085582 -0.424787419
0 0.500656767 0.890056499 0.500000000 0.500000000 0.000000000 0.000000000 0.973682642 -0.011495995 -0.227618113 0.179021675 -0.001864645 0.998291790 -0.058395751 0.268510607 0.227900594 0.057283353 0.971997917 -0.434072603
0 0.500656767 0.890056499 0.500000000 0.500000000 0.000000000 0.000000000 0.972775638 -0.011299665 -0.231473148 0.182384433 -0.002653301 0.998202085 -0.059879154 0.276674205 0.231733605 0.058863152 0.970996737 -0.442707720
0 0.500656767 0.890056499 0.500000000 0.500000000 0.000000000 0.000000000 0.971766770 -0.011509806 -0.235662520 0.185970196 -0.003133453 0.998091817 -0.061667964 0.285974995 0.235922620 0.060665317 0.969876409 -0.450408045
0 0.500656767 0.890056499 0.500000000 0.500000000 0.000000000 0.000000000 0.970669210 -0.011472347 -0.240145117 0.189970901 -0.003804853 0.998002708 -0.063056402 0.294217814 0.240388885 0.062120620 0.968686819 -0.457924892
0 0.500656767 0.890056499 0.500000000 0.500000000 0.000000000 0.000000000 0.969635069 -0.011436600 -0.244288772 0.194321863 -0.004467667 0.997910857 -0.064451240 0.302853662 0.244515523 0.063585579 0.967558265 -0.465158852
0 0.500656767 0.890056499 0.500000000 0.500000000 0.000000000 0.000000000 0.968613803 -0.011449575 -0.248306647 0.197638257 -0.004980683 0.997844040 -0.065440252 0.311512942 0.248520568 0.064623073 0.966468513 -0.471669803
0 0.500656767 0.890056499 0.500000000 0.500000000 0.000000000 0.000000000 0.967426181 -0.011405189 -0.252896309 0.201719617 -0.005472090 0.997809112 -0.065932333 0.319786109 0.253094196 0.065168537 0.965244234 -0.478427012
0 0.500656767 0.890056499 0.500000000 0.500000000 0.000000000 0.000000000 0.966351509 -0.011331435 -0.256975502 0.204849558 -0.005954467 0.997776031 -0.066388987 0.328456613 0.257156283 0.065685242 0.964134872 -0.484209951
0 0.500656767 0.890056499 0.500000000 0.500000000 0.000000000 0.000000000 0.965220451 -0.011336071 -0.261191428 0.207887971 -0.006365150 0.997744381 -0.066825606 0.336857132 0.261359811 0.066163965 0.962971151 -0.490036681
0 0.500656767 0.890056499 0.500000000 0.500000000 0.000000000 0.000000000 0.963859320 -0.011232340 -0.266174883 0.210863477 -0.007037208 0.997688770 -0.067584358 0.344491711 0.266318828 0.067014940 0.961552560 -0.495065765
0 0.500656767 0.890056499 0.500000000 0.500000000 0.000000000 0.000000000 0.962448597 -0.011213131 -0.271232307 0.214077646 -0.007741507 0.997606456 -0.068712667 0.351768050 0.271353573 0.068232156 0.960058153 -0.500040974
0 0.500656767 0.890056499 0.500000000 0.500000000 0.000000000 0.000000000 0.961012959 -0.011220403 -0.276275545 0.217310093 -0.008442448 0.997519732 -0.069879062 0.358394945 0.276374400 0.069487125 0.958534658 -0.505322303
0 0.500656767 0.890056499 0.500000000 0.500000000 0.000000000 0.000000000 0.959514499 -0.011261063 -0.281433940 0.220889534 -0.009086524 0.997442722 -0.070890233 0.364929490 0.281512529 0.070577465 0.956958473 -0.510704312
0 0.500656767 0.890056499 0.500000000 0.500000000 0.000000000 0.000000000 0.958009124 -0.011158641 -0.286520451 0.224592969 -0.009778934 0.997389734 -0.071540520 0.370601454 0.286570877 0.071338333 0.955399394 -0.516605187
0 0.500656767 0.890056499 0.500000000 0.500000000 0.000000000 0.000000000 0.956583083 -0.011013481 -0.291251630 0.228210045 -0.010402846 0.997358918 -0.071881421 0.375607556 0.291274071 0.071790397 0.953942120 -0.522981145
0 0.500656767 0.890056499 0.500000000 0.500000000 0.000000000 0.000000000 0.955131054 -0.010929054 -0.295981735 0.232010320 -0.010949551 0.997332931 -0.072160408 0.379917609 0.295980960 0.072163515 0.952463984 -0.529874283
0 0.500656767 0.890056499 0.500000000 0.500000000 0.000000000 0.000000000 0.953459918 -0.011090217 -0.301315755 0.235901169 -0.011482066 0.997263074 -0.073038176 0.384519237 0.301301092 0.073098697 0.950722992 -0.536018476
0 0.500656767 0.890056499 0.500000000 0.500000000 0.000000000 0.000000000 0.951700568 -0.011003972 -0.306830555 0.241327098 -0.012376649 0.997170269 -0.074150689 0.387910887 0.306778252 0.074366786 0.948871255 -0.542878557
0 0.500656767 0.890056499 0.500000000 0.500000000 0.000000000 0.000000000 0.949955821 -0.011055409 -0.312188625 0.246047009 -0.013215708 0.997056544 -0.075522311 0.391200622 0.312104613 0.075868651 0.947013557 -0.550055285
0 0.500656767 0.890056499 0.500000000 0.500000000 0.000000000 0.000000000 0.948062360 -0.011121637 -0.317890108 0.251338346 -0.014114453 0.996933281 -0.076972865 0.393989163 0.317771286 0.077461913 0.944997907 -0.557577680
0 0.500656767 0.890056499 0.500000000 0.500000000 0.000000000 0.000000000 0.946119785 -0.011342832 -0.323618174 0.257170001 -0.015022158 0.996772885 -0.078855239 0.398123734 0.323468268 0.079467937 0.942896128 -0.565377039
0 0.500656767 0.890056499 0.500000000 0.500000000 0.000000000 0.000000000 0.944161057 -0.011408777 -0.329286784 0.263044921 -0.015787188 0.996685982 -0.079798572 0.400745295 0.329105914 0.080541216 0.940851927 -0.573755013
0 0.500656767 0.890056499 0.500000000 0.500000000 0.000000000 0.000000000 0.942182779 -0.011604435 -0.334898442 0.268864034 -0.016321419 0.996624887 -0.080451339 0.404477004 0.334701717 0.081265882 0.938813388 -0.582453161
0 0.500656767 0.890056499 0.500000000 0.500000000 0.000000000 0.000000000 0.940084338 -0.011782636 -0.340738297 0.274720189 -0.016759792 0.996597409 -0.080701709 0.408375420 0.340529770 0.081577115 0.936688125 -0.591209127
0 0.500656767 0.890056499 0.500000000 0.500000000 0.000000000 0.000000000 0.937921226 -0.011870627 -0.346645117 0.281314982 -0.017245101 0.996582150 -0.080787525 0.411978199 0.346419334 0.081750266 0.934510827 -0.599818705
0 0.500656767 0.890056499 0.500000000 0.500000000 0.000000000 0.000000000 0.935751259 -0.012022167 -0.352455735 0.288097443 -0.017822947 0.996529460 -0.081310324 0.416343087 0.352210045 0.082368039 0.932289422 -0.607976163
0 0.500656767 0.890056499 0.500000000 0.500000000 0.000000000 0.000000000 0.933433592 -0.012198632 -0.358542800 0.294844637 -0.018720070 0.996403933 -0.082636453 0.422827966 0.358261496 0.083847590 0.929848552 -0.615318783
0 0.500656767 0.890056499 0.500000000 0.500000000 0.000000000 0.000000000 0.931118250 -0.012196599 -0.364513487 0.302511767 -0.019715302 0.996296167 -0.083697043 0.429478882 0.364184201 0.085118338 0.927429080 -0.622661587
0 0.500656767 0.890056499 0.500000000 0.500000000 0.000000000 0.000000000 0.928861320 -0.012326480 -0.370222539 0.309380171 -0.020599870 0.996180654 -0.084851198 0.438650533 0.369854450 0.086441532 0.925059736 -0.629339824
0 0.500656767 0.890056499 0.500000000 0.500000000 0.000000000 0.000000000 0.926580369 -0.012331268 -0.375894666 0.316749632 -0.021348644 0.996126354 -0.085302450 0.447399595 0.375490487 0.087064415 0.922727823 -0.636555126
0 0.500656767 0.890056499 0.500000000 0.500000000 0.000000000 0.000000000 0.924191296 -0.012443584 -0.381727159 0.323718454 -0.021793945 0.996122360 -0.085236549 0.456414577 0.381307602 0.087094218 0.920336425 -0.643723057
0 0.500656767 0.890056499 0.500000000 0.500000000 0.000000000 0.000000000 0.921526849 -0.012449221 -0.388115048 0.332394693 -0.022142125 0.996175170 -0.084526911 0.464869146 0.387682855 0.086487509 0.917726517 -0.650558123
0 0.500656767 0.890056499 0.500000000 0.500000000 0.000000000 0.000000000 0.919046819 -0.012587418 -0.393947393 0.339541218 -0.022430239 0.996199906 -0.084158503 0.474779363 0.393509686 0.086181939 0.915271997 -0.656454400
0 0.500656767 0.890056499 0.500000000 0.500000000 0.000000000 0.000000000 0.916588008 -0.012758547 -0.399629414 0.345312503 -0.022818999 0.996192455 -0.084141925 0.484699526 0.399181336 0.086242624 0.912806928 -0.661653012
0 0.500656767 0.890056499 0.500000000 0.500000000 0.000000000 0.000000000 0.913709462 -0.012759424 -0.406167656 0.352963180 -0.023628166 0.996147811 -0.084446780 0.494189234 0.405680507 0.086756818 0.909888208 -0.666177059
0 0.500656767 0.890056499 0.500000000 0.500000000 0.000000000 0.000000000 0.910652518 -0.012949281 -0.412970126 0.358981947 -0.024439346 0.996070504 -0.085125163 0.504464249 0.412449658 0.087612167 0.906757593 -0.670202856
0 0.500656767 0.890056499 0.500000000 0.500000000 0.000000000 0.000000000 0.907368362 -0.012977839 -0.420136005 0.366682238 -0.025251063 0.996035099 -0.085301898 0.513960489 0.419577241 0.088009126 0.903443038 -0.674206257
0 0.500656767 0.890056499 0.500000000 0.500000000 0.000000000 0.000000000 0.904091775 -0.013121160 -0.427136809 0.374616285 -0.025827190 0.996023655 -0.085263401 0.522959536 0.426557124 0.088117689 0.900157928 -0.679046485
0 0.500656767 0.890056499 0.500000000 0.500000000 0.000000000 0.000000000 0.900694728 -0.013463323 -0.434243828 0.382263376 -0.026066070 0.996044457 -0.084946841 0.531422107 0.433669835 0.087830208 0.896781087 -0.682321916
0 0.500656767 0.890056499 0.500000000 0.500000000 0.000000000 0.000000000 0.896937191 -0.013873530 -0.441940248 0.390810608 -0.026259568 0.996071994 -0.084563956 0.538768217 0.441377491 0.087453723 0.893049717 -0.686404887
0 0.500656767 0.890056499 0.500000000 0.500000000 0.000000000 0.000000000 0.893151700 -0.014044537 -0.449536264 0.397292185 -0.026829155 0.996068656 -0.084424399 0.547006781 0.448954672 0.087464474 0.889263570 -0.688812666
0 0.500656767 0.890056499 0.500000000 0.500000000 0.000000000 0.000000000 0.889080346 -0.014146941 -0.457532465 0.406216947 -0.027581258 0.996050656 -0.084394068 0.553307914 0.456919432 0.087652430 0.885178924 -0.691824653
0 0.500656767 0.890056499 0.500000000 0.500000000 0.000000000 0.000000000 0.885191083 -0.014238563 -0.465009689 0.411208591 -0.028521750 0.995990455 -0.084791072 0.560550673 0.464352518 0.088319190 0.881235778 -0.694809876
0 0.500656767 0.890056499 0.500000000 0.500000000 0.000000000 0.000000000 0.881208956 -0.014285932 -0.472511083 0.416603098 -0.029505847 0.995932162 -0.085137978 0.566865749 0.471805274 0.088966183 0.877202809 -0.697343295
0 0.500656767 0.890056499 0.500000000 0.500000000 0.000000000 0.000000000 0.877376080 -0.014281495 -0.479590714 0.422368176 -0.030551547 0.995865583 -0.085547216 0.573842670 0.478829622 0.089709319 0.873312354 -0.700219073
0 0.500656767 0.890056499 0.500000000 0.500000000 0.000000000 0.000000000 0.873572767 -0.014404244 -0.486480385 0.426718105 -0.031280477 0.995833576 -0.085656084 0.579221470 0.485687315 0.090044156 0.869482517 -0.704552754
0 0.500656767 0.890056499 0.500000000 0.500000000 0.000000000 0.000000000 0.869562924 -0.014340417 -0.493613929 0.430813119 -0.031955939 0.995849073 -0.085225694 0.583509635 0.492787153 0.089883000 0.865495145 -0.710399523
0 0.500656767 0.890056499 0.500000000 0.500000000 0.000000000 0.000000000 0.865483224 -0.014414984 -0.500730515 0.435082331 -0.032675233 0.995832622 -0.085145153 0.588884457 0.499871135 0.090053186 0.861405432 -0.715749482
0 0.500656767 0.890056499 0.500000000 0.500000000 0.000000000 0.000000000 0.861155689 -0.014446161 -0.508136034 0.440686059 -0.033591289 0.995794177 -0.085238457 0.593959509 0.507230282 0.090472527 0.857048512 -0.720955213
0 0.500656767 0.890056499 0.500000000 0.500000000 0.000000000 0.000000000 0.856923938 -0.014645911 -0.515234709 0.445221546 -0.034337271 0.995753706 -0.085413791 0.597755295 0.514297843 0.090884872 0.852782309 -0.726608505
0 0.500656767 0.890056499 0.500000000 0.500000000 0.000000000 0.000000000 0.852721989 -0.014576921 -0.522161603 0.448678436 -0.035408217 0.995698452 -0.085620202 0.602267483 0.521163583 0.091499038 0.848537803 -0.733795348
0 0.500656767 0.890056499 0.500000000 0.500000000 0.000000000 0.000000000 0.848267674 -0.014750721 -0.529362202 0.454509013 -0.036032297 0.995687783 -0.085484274 0.602538867 0.528340399 0.091587685 0.844078243 -0.741193808
0 0.500656767 0.890056499 0.500000000 0.500000000 0.000000000 0.000000000 0.843995154 -0.014563716 -0.536153018 0.457751329 -0.037348609 0.995608926 -0.085837081 0.608416753 0.535048842 0.092470653 0.839745164 -0.749049446
0 0.500656767 0.890056499 0.500000000 0.500000000 0.000000000 0.000000000 0.839641273 -0.014541280 -0.542946696 0.460911468 -0.038337439 0.995561540 -0.085950308 0.612192807 0.541786671 0.092982613 0.835357070 -0.756891775
0 0.500656767 0.890056499 0.500000000 0.500000000 0.000000000 0.000000000 0.835080206 -0.014544415 -0.549935877 0.464894268 -0.039220072 0.995532811 -0.085885189 0.615311262 0.548728347 0.093289547 0.830779314 -0.765922186
0 0.500656767 0.890056499 0.500000000 0.500000000 0.000000000 0.000000000 0.830371678 -0.014555045 -0.557019770 0.469310463 -0.040046614 0.995514810 -0.085712105 0.617870345 0.555768967 0.093479663 0.826064408 -0.777627538
0 0.500656767 0.890056499 0.500000000 0.500000000 0.000000000 0.000000000 0.825836897 -0.014523796 -0.563721955 0.473131906 -0.040815402 0.995506823 -0.085441768 0.619221211 0.562430024 0.093569502 0.821533442 -0.786948830
0 0.500656767 0.890056499 0.500000000 0.500000000 0.000000000 0.000000000 0.821161687 -0.014829092 -0.570502937 0.477044599 -0.041644264 0.995440304 -0.085815765 0.622810650 0.569174170 0.094226792 0.816799879 -0.797466945
0 0.500656767 0.890056499 0.500000000 0.500000000 0.000000000 0.000000000 0.816576064 -0.014680144 -0.577051163 0.480088723 -0.042854320 0.995376110 -0.085964777 0.627707602 0.575644910 0.094925918 0.812171161 -0.807663975
0 0.500656767 0.890056499 0.500000000 0.500000000 0.000000000 0.000000000 0.811858475 -0.014715945 -0.583668828 0.484077020 -0.043840326 0.995323658 -0.086074963 0.632584204 0.582206011 0.095468916 0.807416737 -0.818373576
0 0.500656767 0.890056499 0.500000000 0.500000000 0.000000000 0.000000000 0.806951165 -0.014765226 -0.590433598 0.487196777 -0.044767976 0.995282412 -0.086074270 0.637580780 0.588919044 0.095890246 0.802483261 -0.828370517
0 0.500656767 0.890056499 0.500000000 0.500000000 0.000000000 0.000000000 0.801847696 -0.014848296 -0.597343922 0.491256982 -0.045425300 0.995283484 -0.085716836 0.641648746 0.595799267 0.095866375 0.797391295 -0.839389085
0 0.500656767 0.890056499 0.500000000 0.500000000 0.000000000 0.000000000 0.796922207 -0.014741634 -0.603902102 0.493656923 -0.046004273 0.995317936 -0.085004576 0.644875321 0.602327704 0.095524110 0.792512774 -0.848445282
0 0.500656767 0.890056499 0.500000000 0.500000000 0.000000000 0.000000000 0.791797638 -0.014836527 -0.610603333 0.496234564 -0.046582241 0.995326400 -0.084589936 0.648657739 0.609004617 0.095421381 0.787405968 -0.858881754
0 0.500656767 0.890056499 0.500000000 0.500000000 0.000000000 0.000000000 0.786440432 -0.014959110 -0.617484987 0.500704964 -0.047335461 0.995307028 -0.084399499 0.652424163 0.615849674 0.095604114 0.782041550 -0.867989849
0 0.500656767 0.890056499 0.500000000 0.500000000 0.000000000 0.000000000 0.781217813 -0.014997134 -0.624078333 0.503648672 -0.048142098 0.995286763 -0.084181599 0.656633172 0.622399390 0.095808610 0.776813805 -0.876103811
0 0.500656767 0.890056499 0.500000000 0.500000000 0.000000000 0.000000000 0.775718868 -0.014873860 -0.630903363 0.507972820 -0.049202286 0.995253682 -0.083959624 0.662214554 0.629157662 0.096170947 0.771305203 -0.884955135
0 0.500656767 0.890056499 0.500000000 0.500000000 0.000000000 0.000000000 0.770277381 -0.015107144 -0.637530029 0.509429021 -0.049635030 0.995266318 -0.083554298 0.664869531 0.635774434 0.096003808 0.765881300 -0.894709321
0 0.500656767 0.890056499 0.500000000 0.500000000 0.000000000 0.000000000 0.764242530 -0.015366144 -0.644745886 0.514819665 -0.050251670 0.995257914 -0.083285123 0.668883736 0.642968237 0.096049584 0.759846270 -0.901954354
0 0.500656767 0.890056499 0.500000000 0.500000000 0.000000000 0.000000000 0.758281887 -0.015468401 -0.651743293 0.519345655 -0.050970986 0.995251477 -0.082924254 0.672670914 0.649931192 0.096099965 0.753892779 -0.909406009
0 0.500656767 0.890056499 0.500000000 0.500000000 0.000000000 0.000000000 0.752338827 -0.015450015 -0.658595204 0.524437719 -0.051923823 0.995224059 -0.082661606 0.677382531 0.656726897 0.096386313 0.747943461 -0.917114465
0 0.500656767 0.890056499 0.500000000 0.500000000 0.000000000 0.000000000 0.746319652 -0.015614873 -0.665404558 0.529789714 -0.052648954 0.995207250 -0.082405485 0.681246802 0.663502157 0.096533678 0.741920590 -0.925356722
0 0.500656767 0.890056499 0.500000000 0.500000000 0.000000000 0.000000000 0.740163505 -0.015927365 -0.672238290 0.534781196 -0.053137753 0.995207608 -0.082086451 0.683320405 0.670324087 0.096478626 0.735769987 -0.933275481
0 0.500656767 0.890056499 0.500000000 0.500000000 0.000000000 0.000000000 0.733691454 -0.016076740 -0.679292560 0.539707266 -0.053966906 0.995183170 -0.081841551 0.687668817 0.677336276 0.096705765 0.729289770 -0.941148210
0 0.500656767 0.890056499 0.500000000 0.500000000 0.000000000 0.000000000 0.727240622 -0.016034007 -0.686195314 0.545344747 -0.054761998 0.995184779 -0.081291646 0.691150387 0.684194565 0.096696012 0.722860754 -0.949519310
0 0.500656767 0.890056499 0.500000000 0.500000000 0.000000000 0.000000000 0.720671415 -0.016062463 -0.693090737 0.551465220 -0.055445749 0.995193779 -0.080715887 0.696012155 0.691056073 0.096598566 0.716317117 -0.958156538
0 0.500656767 0.890056499 0.500000000 0.500000000 0.000000000 0.000000000 0.713372350 -0.016504915 -0.700590849 0.560030644 -0.055330921 0.995275021 -0.079787627 0.696693603 0.698597431 0.095682621 0.709088445 -0.967480113
0 0.500656767 0.890056499 0.500000000 0.500000000 0.000000000 0.000000000 0.706367373 -0.016492538 -0.707653284 0.564216721 -0.055975541 0.995296240 -0.079070158 0.701099824 0.705628753 0.095463857 0.702121615 -0.975185628
