0 0.500850404 0.890400699 0.500000000 0.500000000 0.000000000 0.000000000 0.973282278 0.009888843 -0.229398772 -0.032922192 -0.017925628 0.999295354 -0.032976724 -0.021726052 0.228911027 0.036207780 0.972773731 -0.516456534
0 0.500850404 0.890400699 0.500000000 0.500000000 0.000000000 0.000000000 0.971042812 0.010373291 -0.238680214 -0.033118032 -0.019057265 0.999236584 -0.034104411 -0.020136113 0.238144234 0.037665434 0.970499158 -0.534751945
0 0.500850404 0.890400699 0.500000000 0.500000000 0.000000000 0.000000000 0.968670547 0.010918541 -0.248109147 -0.032558622 -0.020226680 0.999182642 -0.034998197 -0.019776093 0.247524232 0.038920149 0.968099654 -0.553700967
0 0.500850404 0.890400699 0.500000000 0.500000000 0.000000000 0.000000000 0.966018140 0.011274903 -0.258228153 -0.029448676 -0.021457843 0.999097764 -0.036649510 -0.015883374 0.257581979 0.040945113 0.965388536 -0.572321673
0 0.500850404 0.890400699 0.500000000 0.500000000 0.000000000 0.000000000 0.963388383 0.011914960 -0.267844826 -0.027202542 -0.022782175 0.999036849 -0.037501559 -0.014957367 0.267140031 0.042230655 0.962731957 -0.590312928
0 0.500850404 0.890400699 0.500000000 0.500000000 0.000000000 0.000000000 0.960617900 0.012385330 -0.277596474 -0.024013832 -0.023919817 0.998983681 -0.038203157 -0.015096419 0.276841164 0.043338694 0.959937871 -0.609627544
0 0.500850404 0.890400699 0.500000000 0.500000000 0.000000000 0.000000000 0.957790434 0.012657022 -0.287188619 -0.020759568 -0.025055626 0.998903871 -0.039538093 -0.013285493 0.286373377 0.045064896 0.957057714 -0.628302960
0 0.500850404 0.890400699 0.500000000 0.500000000 0.000000000 0.000000000 0.954978526 0.013183891 -0.296381861 -0.018396740 -0.026291080 0.998842418 -0.040281773 -0.013978739 0.295507699 0.046260428 0.954219639 -0.648076958
0 0.500850404 0.890400699 0.500000000 0.500000000 0.000000000 0.000000000 0.951886892 0.013451035 -0.306154221 -0.013235627 -0.027395532 0.998771310 -0.041295979 -0.013637575 0.305222601 0.047696359 0.951085806 -0.666422213
0 0.500850404 0.890400699 0.500000000 0.500000000 0.000000000 0.000000000 0.948669076 0.013782413 -0.315970004 -0.007684924 -0.028612629 0.998693287 -0.042344250 -0.013507930 0.314973503 0.049211413 0.947823763 -0.685084909
0 0.500850404 0.890400699 0.500000000 0.500000000 0.000000000 0.000000000 0.945268393 0.014157169 -0.325986534 -0.000765527 -0.029792977 0.998629808 -0.043021992 -0.014198241 0.324930787 0.050379440 0.944395006 -0.703258774
0 0.500850404 0.890400699 0.500000000 0.500000000 0.000000000 0.000000000 0.941770673 0.014397637 -0.335947454 0.006392418 -0.030906225 0.998560190 -0.043845158 -0.014707984 0.334832489 0.051674951 0.940859675 -0.721723268
0 0.500850404 0.890400699 0.500000000 0.500000000 0.000000000 0.000000000 0.938171744 0.015048325 -0.345842957 0.013483851 -0.032478910 0.998474121 -0.044660244 -0.014546885 0.344643176 0.053131580 0.937228978 -0.739889418
0 0.500850404 0.890400699 0.500000000 0.500000000 0.000000000 0.000000000 0.934301734 0.015596084 -0.356141865 0.021996860 -0.034053314 0.998378515 -0.045614619 -0.013046788 0.354852974 0.054745626 0.933317900 -0.756901633
0 0.500850404 0.890400699 0.500000000 0.500000000 0.000000000 0.000000000 0.930212498 0.016050238 -0.366670221 0.031681883 -0.035436757 0.998303413 -0.046201482 -0.012563826 0.365306586 0.055970803 0.929203093 -0.774961032
0 0.500850404 0.890400699 0.500000000 0.500000000 0.000000000 0.000000000 0.925935090 0.016580431 -0.377318591 0.042390281 -0.036917355 0.998225152 -0.046729933 -0.011564229 0.375874072 0.057198491 0.924903810 -0.791979069
0 0.500850404 0.890400699 0.500000000 0.500000000 0.000000000 0.000000000 0.921452940 0.016893091 -0.388122529 0.052990755 -0.038275447 0.998141110 -0.047426607 -0.010701733 0.386599898 0.058556952 0.920386672 -0.808210535
0 0.500850404 0.890400699 0.500000000 0.500000000 0.000000000 0.000000000 0.916615367 0.017213654 -0.399399459 0.065310900 -0.039407276 0.998097301 -0.047422234 -0.012857326 0.397823215 0.059207194 0.915549695 -0.825813243
0 0.500850404 0.890400699 0.500000000 0.500000000 0.000000000 0.000000000 0.911699712 0.017968316 -0.410464168 0.077401016 -0.041463621 0.997966528 -0.048410054 -0.009385797 0.408759654 0.061154760 0.910590827 -0.840280873
0 0.500850404 0.890400699 0.500000000 0.500000000 0.000000000 0.000000000 0.906614602 0.018351013 -0.421560496 0.090347485 -0.042733379 0.997910440 -0.048462879 -0.010609613 0.419790268 0.061951857 0.905504346 -0.855631134
0 0.500850404 0.890400699 0.500000000 0.500000000 0.000000000 0.000000000 0.901197076 0.019081982 -0.432989240 0.104738271 -0.044482600 0.997826874 -0.048608776 -0.009910466 0.431120753 0.063066572 0.900087476 -0.870562798
0 0.500850404 0.890400699 0.500000000 0.500000000 0.000000000 0.000000000 0.895629108 0.019775297 -0.444361806 0.117829013 -0.046405513 0.997713685 -0.049131233 -0.006790769 0.442374289 0.064624205 0.894499123 -0.882960602
0 0.500850404 0.890400699 0.500000000 0.500000000 0.000000000 0.000000000 0.889546633 0.020389074 -0.456389189 0.133648634 -0.048213422 0.997614503 -0.049404435 -0.006048065 0.454293162 0.065951630 0.888407648 -0.896725582
0 0.500850404 0.890400699 0.500000000 0.500000000 0.000000000 0.000000000 0.883334994 0.021025717 -0.468270451 0.148287382 -0.050298996 0.997477055 -0.050095394 -0.003581980 0.466035724 0.067804545 0.882163942 -0.908145151
0 0.500850404 0.890400699 0.500000000 0.500000000 0.000000000 0.000000000 0.876740038 0.021674382 -0.480475903 0.163553883 -0.052179221 0.997374117 -0.050221343 -0.002676875 0.478125721 0.069101922 0.875568807 -0.920955614
0 0.500850404 0.890400699 0.500000000 0.500000000 0.000000000 0.000000000 0.869780421 0.022336809 -0.492933184 0.180044019 -0.053883493 0.997300327 -0.049885668 -0.003272406 0.490488142 0.069950536 0.868635893 -0.934261841
0 0.500850404 0.890400699 0.500000000 0.500000000 0.000000000 0.000000000 0.863133669 0.022656925 -0.504467010 0.195121771 -0.055609260 0.997181773 -0.050360382 -0.000968469 0.501904249 0.071520776 0.861961067 -0.944294110
0 0.500850404 0.890400699 0.500000000 0.500000000 0.000000000 0.000000000 0.856257796 0.023347868 -0.516020834 0.210981891 -0.057550084 0.997070551 -0.050382141 -0.000293533 0.513332844 0.072837144 0.855093062 -0.954573726
0 0.500850404 0.890400699 0.500000000 0.500000000 0.000000000 0.000000000 0.849014163 0.023809247 -0.527833343 0.227778531 -0.059065152 0.996999502 -0.050033491 -0.001115572 0.525058270 0.073655702 0.847873032 -0.965416385
0 0.500850404 0.890400699 0.500000000 0.500000000 0.000000000 0.000000000 0.841749072 0.024153655 -0.539328396 0.242762758 -0.060892943 0.996871412 -0.050393205 0.001326971 0.536423862 0.075259730 0.840586305 -0.973838851
0 0.500850404 0.890400699 0.500000000 0.500000000 0.000000000 0.000000000 0.833988369 0.025121588 -0.551209867 0.260350575 -0.063229591 0.996733606 -0.050240774 0.003385981 0.548147261 0.076752990 0.832852662 -0.982635347
0 0.500850404 0.890400699 0.500000000 0.500000000 0.000000000 0.000000000 0.826635420 0.025765847 -0.562147677 0.274131103 -0.065465406 0.996571660 -0.050589044 0.006583768 0.558916926 0.078619920 0.825488210 -0.989468382
0 0.500850404 0.890400699 0.500000000 0.500000000 0.000000000 0.000000000 0.819066703 0.026566738 -0.573082864 0.288178085 -0.067938738 0.996389747 -0.050909799 0.009913356 0.569661379 0.080633052 0.817914546 -0.997133390
0 0.500850404 0.890400699 0.500000000 0.500000000 0.000000000 0.000000000 0.811333179 0.027298287 -0.583946288 0.301466104 -0.070455909 0.996193826 -0.051321212 0.012737870 0.580322683 0.082781069 0.810168386 -1.003374541
0 0.500850404 0.890400699 0.500000000 0.500000000 0.000000000 0.000000000 0.802846611 0.027143907 -0.595567346 0.319591067 -0.072225414 0.996033609 -0.051966723 0.013816058 0.591794550 0.084736407 0.801622689 -1.011534000
0 0.500850404 0.890400699 0.500000000 0.500000000 0.000000000 0.000000000 0.795069873 0.027720399 -0.605884016 0.333949618 -0.074502558 0.995853484 -0.052203529 0.015748615 0.601924658 0.086645365 0.793838322 -1.019084678
0 0.500850404 0.890400699 0.500000000 0.500000000 0.000000000 0.000000000 0.787137687 0.028088182 -0.616137445 0.349702466 -0.076494351 0.995695651 -0.052332971 0.017294562 0.612015426 0.088324286 0.785898149 -1.028505996
0 0.500850404 0.890400699 0.500000000 0.500000000 0.000000000 0.000000000 0.779868126 0.028576018 -0.625291228 0.361015427 -0.078807168 0.995490909 -0.052794658 0.019986181 0.620963037 0.090450302 0.778603673 -1.035240185
0 0.500850404 0.890400699 0.500000000 0.500000000 0.000000000 0.000000000 0.772220314 0.029083811 -0.634688854 0.375299004 -0.081188187 0.995279372 -0.053173538 0.023174682 0.630146205 0.092590921 0.770936251 -1.044155621
0 0.500850404 0.890400699 0.500000000 0.500000000 0.000000000 0.000000000 0.764558017 0.029213013 -0.643892586 0.389737988 -0.083164133 0.995093226 -0.053602312 0.026230666 0.639167249 0.094530843 0.763235986 -1.052688133
0 0.500850404 0.890400699 0.500000000 0.500000000 0.000000000 0.000000000 0.756974936 0.029034279 -0.652798593 0.404408900 -0.084946238 0.994907439 -0.054252185 0.029807852 0.647898972 0.096520327 0.755586326 -1.060804893
0 0.500850404 0.890400699 0.500000000 0.500000000 0.000000000 0.000000000 0.749958813 0.029172914 -0.660840929 0.416246262 -0.087130219 0.994679153 -0.054969937 0.034946073 0.655721068 0.098804399 0.748510242 -1.068883993
0 0.500850404 0.890400699 0.500000000 0.500000000 0.000000000 0.000000000 0.743243337 0.029262258 -0.668380916 0.427336924 -0.089097746 0.994473279 -0.055538356 0.039245825 0.663061738 0.100829750 0.741742849 -1.078162411
0 0.500850404 0.890400699 0.500000000 0.500000000 0.000000000 0.000000000 0.736386359 0.029149009 -0.675933003 0.440525111 -0.090657614 0.994312763 -0.055886891 0.043618004 0.670459807 0.102432817 0.734840930 -1.086158442
0 0.500850404 0.890400699 0.500000000 0.500000000 0.000000000 0.000000000 0.729675353 0.029596785 -0.683152914 0.452267328 -0.092740901 0.994114935 -0.055987682 0.048666105 0.677475452 0.104209051 0.728126049 -1.094700131
0 0.500850404 0.890400699 0.500000000 0.500000000 0.000000000 0.000000000 0.723295152 0.030150961 -0.689880431 0.462548297 -0.095113508 0.993874013 -0.056283500 0.055238115 0.683957279 0.106326535 0.721732020 -1.100009849
0 0.500850404 0.890400699 0.500000000 0.500000000 0.000000000 0.000000000 0.716490924 0.030531187 -0.696927965 0.476126468 -0.097246841 0.993658304 -0.056446165 0.061936411 0.690784931 0.108217210 0.714916229 -1.106632382
0 0.500850404 0.890400699 0.500000000 0.500000000 0.000000000 0.000000000 0.710042834 0.031053955 -0.703473389 0.488876010 -0.099287733 0.993461370 -0.056359831 0.069469707 0.697123468 0.109864175 0.708483398 -1.112189503
0 0.500850404 0.890400699 0.500000000 0.500000000 0.000000000 0.000000000 0.704327106 0.031434938 -0.709179223 0.497815913 -0.101124093 0.993273616 -0.056404565 0.076581529 0.702635944 0.111442372 0.702768326 -1.117919822
0 0.500850404 0.890400699 0.500000000 0.500000000 0.000000000 0.000000000 0.698260605 0.031829067 -0.715135694 0.508474687 -0.103197642 0.993051231 -0.056564026 0.084457256 0.708365977 0.113296747 0.696693242 -1.122701571
0 0.500850404 0.890400699 0.500000000 0.500000000 0.000000000 0.000000000 0.692401767 0.032007165 -0.720801890 0.518311820 -0.105003305 0.992849708 -0.056778666 0.092312571 0.713830590 0.115000226 0.690811694 -1.126517450
0 0.500850404 0.890400699 0.500000000 0.500000000 0.000000000 0.000000000 0.686504066 0.032178130 -0.726413667 0.528097725 -0.106849283 0.992639601 -0.057007708 0.101683930 0.719232559 0.116752803 0.684889317 -1.130290670
0 0.500850404 0.890400699 0.500000000 0.500000000 0.000000000 0.000000000 0.680791676 0.032463934 -0.731757343 0.538296867 -0.108768150 0.992422163 -0.057164475 0.110693563 0.724356413 0.118508995 0.679163754 -1.132617094
0 0.500850404 0.890400699 0.500000000 0.500000000 0.000000000 0.000000000 0.674983263 0.032736376 -0.737106442 0.548604106 -0.110650219 0.992208660 -0.057258666 0.118209779 0.729488909 0.120209627 0.673346519 -1.135623860
0 0.500850404 0.890400699 0.500000000 0.500000000 0.000000000 0.000000000 0.669195652 0.033090662 -0.742349088 0.558582388 -0.112858847 0.991944671 -0.057520837 0.126330862 0.734465837 0.122273356 0.667539656 -1.136686828
0 0.500850404 0.890400699 0.500000000 0.500000000 0.000000000 0.000000000 0.663306653 0.033695407 -0.747588754 0.569569176 -0.115375862 0.991646230 -0.057672955 0.135804868 0.739400268 0.124508552 0.661653161 -1.137424264
0 0.500850404 0.890400699 0.500000000 0.500000000 0.000000000 0.000000000 0.657553375 0.034248307 -0.752629101 0.580498269 -0.117396504 0.991421878 -0.057451870 0.142354232 0.744205356 0.126133710 0.655933440 -1.138311691
0 0.500850404 0.890400699 0.500000000 0.500000000 0.000000000 0.000000000 0.652134538 0.034550667 -0.757315516 0.590838781 -0.119321935 0.991187513 -0.057529215 0.148911517 0.748654008 0.127881140 0.650510252 -1.139097727
0 0.500850404 0.890400699 0.500000000 0.500000000 0.000000000 0.000000000 0.646844923 0.035079975 -0.761814296 0.601464230 -0.121830009 0.990865648 -0.057816688 0.156864233 0.752827406 0.130210280 0.645210207 -1.139592585
0 0.500850404 0.890400699 0.500000000 0.500000000 0.000000000 0.000000000 0.641475320 0.035565499 -0.766318798 0.613318922 -0.124072775 0.990583241 -0.057885870 0.162455719 0.757043839 0.132211655 0.639847398 -1.140390049
0 0.500850404 0.890400699 0.500000000 0.500000000 0.000000000 0.000000000 0.636451602 0.035664570 -0.770491660 0.623478508 -0.126257449 0.990273714 -0.058454975 0.169314714 0.760912895 0.134484082 0.634764194 -1.140745273
0 0.500850404 0.890400699 0.500000000 0.500000000 0.000000000 0.000000000 0.630879283 0.035793483 -0.775054932 0.635853887 -0.128423885 0.989973724 -0.058815658 0.175505949 0.765178800 0.136641145 0.629150689 -1.141278690
0 0.500850404 0.890400699 0.500000000 0.500000000 0.000000000 0.000000000 0.625378728 0.036259171 -0.779478490 0.647425691 -0.130941793 0.989631653 -0.059020221 0.182282131 0.769256592 0.138976306 0.623642445 -1.141101753
0 0.500850404 0.890400699 0.500000000 0.500000000 0.000000000 0.000000000 0.619860053 0.036699839 -0.783853710 0.660046964 -0.133581460 0.989261091 -0.059317298 0.189641239 0.773259044 0.141476750 0.618105829 -1.140644189
0 0.500850404 0.890400699 0.500000000 0.500000000 0.000000000 0.000000000 0.614362657 0.037201867 -0.788146317 0.672767450 -0.136119008 0.988908529 -0.059427030 0.196792264 0.777193785 0.143791437 0.612612307 -1.140139713
0 0.500850404 0.890400699 0.500000000 0.500000000 0.000000000 0.000000000 0.608811617 0.037480853 -0.792428970 0.685521415 -0.138569504 0.988551438 -0.059703730 0.205887210 0.781119049 0.146154806 0.607035279 -1.138937119
0 0.500850404 0.890400699 0.500000000 0.500000000 0.000000000 0.000000000 0.603265107 0.038015179 -0.796634197 0.697777760 -0.141038939 0.988205552 -0.059647266 0.214417218 0.784970880 0.148339555 0.601511538 -1.137299324
0 0.500850404 0.890400699 0.500000000 0.500000000 0.000000000 0.000000000 0.597279370 0.038584542 -0.801104605 0.711294145 -0.143693030 0.987828672 -0.059555221 0.223547825 0.789056182 0.150684252 0.595553994 -1.135702169
0 0.500850404 0.890400699 0.500000000 0.500000000 0.000000000 0.000000000 0.591036379 0.038606506 -0.805720508 0.726420054 -0.146322995 0.987414241 -0.060022797 0.234213385 0.793262601 0.153371096 0.589246750 -1.131655027
0 0.500850404 0.890400699 0.500000000 0.500000000 0.000000000 0.000000000 0.584732950 0.038751267 -0.810299754 0.741430058 -0.148699299 0.987054408 -0.060100932 0.243970861 0.797480941 0.155634001 0.582925558 -1.129146793
0 0.500850404 0.890400699 0.500000000 0.500000000 0.000000000 0.000000000 0.578806341 0.039078776 -0.814528108 0.755708369 -0.151108637 0.986692190 -0.060039576 0.254014928 0.801342249 0.157833517 0.577008843 -1.126972722
0 0.500850404 0.890400699 0.500000000 0.500000000 0.000000000 0.000000000 0.573112547 0.039685532 -0.818515182 0.768510713 -0.153700247 0.986306489 -0.059797842 0.263783664 0.804933667 0.160076872 0.571364284 -1.124239178
0 0.500850404 0.890400699 0.500000000 0.500000000 0.000000000 0.000000000 0.567052305 0.039915983 -0.822714031 0.782088277 -0.156168401 0.985918283 -0.059804197 0.273961466 0.808741689 0.162394047 0.565300882 -1.121472318
0 0.500850404 0.890400699 0.500000000 0.500000000 0.000000000 0.000000000 0.560994685 0.040235702 -0.826840997 0.796091155 -0.158413976 0.985577166 -0.059520528 0.282888399 0.812520742 0.164373875 0.559277475 -1.118893341
0 0.500850404 0.890400699 0.500000000 0.500000000 0.000000000 0.000000000 0.555349350 0.040608089 -0.830625117 0.808184839 -0.161093950 0.985141218 -0.059543964 0.293424098 0.815865099 0.166876376 0.553639233 -1.115900074
0 0.500850404 0.890400699 0.500000000 0.500000000 0.000000000 0.000000000 0.549473226 0.040969811 -0.834506214 0.820959703 -0.163471729 0.984764814 -0.059289794 0.302309559 0.819363296 0.168996334 0.547799289 -1.112689318
0 0.500850404 0.890400699 0.500000000 0.500000000 0.000000000 0.000000000 0.543689430 0.041075330 -0.838280737 0.832917606 -0.165545776 0.984427691 -0.059132695 0.311942689 0.822797894 0.170923665 0.542022824 -1.108976502
0 0.500850404 0.890400699 0.500000000 0.500000000 0.000000000 0.000000000 0.538067043 0.041332096 -0.841888070 0.844633745 -0.167284250 0.984165788 -0.058597460 0.320420224 0.826135457 0.172363967 0.536461413 -1.104415567
0 0.500850404 0.890400699 0.500000000 0.500000000 0.000000000 0.000000000 0.532433152 0.041538868 -0.845452249 0.855971495 -0.169183716 0.983864307 -0.058206014 0.329343029 0.829392433 0.174027562 0.530869663 -1.099464769
0 0.500850404 0.890400699 0.500000000 0.500000000 0.000000000 0.000000000 0.526974320 0.041773446 -0.848853946 0.866567008 -0.170958981 0.983585477 -0.057728712 0.337094017 0.832508922 0.175540760 0.525465846 -1.093864127
0 0.500850404 0.890400699 0.500000000 0.500000000 0.000000000 0.000000000 0.521713793 0.042002007 -0.852086008 0.876557593 -0.172954664 0.983254075 -0.057428699 0.346133874 0.835404932 0.177333593 0.520241678 -1.087988498
