0 0.497812544 0.885000068 0.500000000 0.500000000 0.000000000 0.000000000 0.638559461 0.037109789 -0.768677235 -0.897996647 -0.035522945 0.999193370 0.018728720 0.035367419 0.768752217 0.015346277 0.639362633 -0.857006329
0 0.497812544 0.885000068 0.500000000 0.500000000 0.000000000 0.000000000 0.635446072 0.037313722 -0.771243095 -0.902542232 -0.035799820 0.999181271 0.018845314 0.035447923 0.771314859 0.015635185 0.636261642 -0.870158112
0 0.497812544 0.885000068 0.500000000 0.500000000 0.000000000 0.000000000 0.629222333 0.037720226 -0.776309550 -0.910793438 -0.036093052 0.999162138 0.019293936 0.034917935 0.776386857 0.015879204 0.630056560 -0.896944780
0 0.497812544 0.885000068 0.500000000 0.500000000 0.000000000 0.000000000 0.622810543 0.037836742 -0.781457245 -0.918804251 -0.036392361 0.999149799 0.019372817 0.035961818 0.781525850 0.016373478 0.623658001 -0.925528711
0 0.497812544 0.885000068 0.500000000 0.500000000 0.000000000 0.000000000 0.619517326 0.037813287 -0.784071684 -0.922022427 -0.036449209 0.999147475 0.019386150 0.036603124 0.784136295 0.016568737 0.620367408 -0.940087817
0 0.497812544 0.885000068 0.500000000 0.500000000 0.000000000 0.000000000 0.613035083 0.037904374 -0.789145887 -0.929153671 -0.036443193 0.999141932 0.019680638 0.037756202 0.789214730 0.016694073 0.613890409 -0.969283451
0 0.497812544 0.885000068 0.500000000 0.500000000 0.000000000 0.000000000 0.609789789 0.037971359 -0.791653097 -0.932949996 -0.036486089 0.999137640 0.019818995 0.039050229 0.791722894 0.016798904 0.610649347 -0.983648478
0 0.497812544 0.885000068 0.500000000 0.500000000 0.000000000 0.000000000 0.606546104 0.038020927 -0.794138670 -0.935927539 -0.036560174 0.999133050 0.019911554 0.040471600 0.794207275 0.016956575 0.607410312 -0.997545689
0 0.497812544 0.885000068 0.500000000 0.500000000 0.000000000 0.000000000 0.603334844 0.038034122 -0.796580493 -0.939342384 -0.036506347 0.999132156 0.020055180 0.041738311 0.796651959 0.016980255 0.604199708 -1.011571984
0 0.497812544 0.885000068 0.500000000 0.500000000 0.000000000 0.000000000 0.596568882 0.038062587 -0.801658809 -0.942472384 -0.036381256 0.999130487 0.020364732 0.044920086 0.801736832 0.017016388 0.597434878 -1.036939261
0 0.497812544 0.885000068 0.500000000 0.500000000 0.000000000 0.000000000 0.593260348 0.038146511 -0.804106355 -0.944683009 -0.036321674 0.999127805 0.020600546 0.046280937 0.804190814 0.016984999 0.594128430 -1.049329306
0 0.497812544 0.885000068 0.500000000 0.500000000 0.000000000 0.000000000 0.589801073 0.038252309 -0.806642056 -0.946022698 -0.036310460 0.999123454 0.020830587 0.047798933 0.806731820 0.017003642 0.590673029 -1.061491683
0 0.497812544 0.885000068 0.500000000 0.500000000 0.000000000 0.000000000 0.586299360 0.038218606 -0.809192419 -0.947227061 -0.036128350 0.999126256 0.021012537 0.048420657 0.809288442 0.016915150 0.587167859 -1.072855518
0 0.497812544 0.885000068 0.500000000 0.500000000 0.000000000 0.000000000 0.579245806 0.038547106 -0.814240992 -0.950617741 -0.036220737 0.999111831 0.021531906 0.050895703 0.814347804 0.017020144 0.580127537 -1.095466618
0 0.497812544 0.885000068 0.500000000 0.500000000 0.000000000 0.000000000 0.575515270 0.038632847 -0.816877961 -0.951380839 -0.036171779 0.999108493 0.021767013 0.051760685 0.816990674 0.017020680 0.576399624 -1.106314701
0 0.497812544 0.885000068 0.500000000 0.500000000 0.000000000 0.000000000 0.571780145 0.038825016 -0.819487691 -0.952459615 -0.036273029 0.999099135 0.022025766 0.053242632 0.819604576 0.017131403 0.572673380 -1.117376573
0 0.497812544 0.885000068 0.500000000 0.500000000 0.000000000 0.000000000 0.568134546 0.038969573 -0.822012484 -0.954654900 -0.036286246 0.999092937 0.022285253 0.054260563 0.822135270 0.017166723 0.569033265 -1.128289685
0 0.497812544 0.885000068 0.500000000 0.500000000 0.000000000 0.000000000 0.560615182 0.039437551 -0.827136815 -0.957946917 -0.036574572 0.999069750 0.022845799 0.057478894 0.827268362 0.017444475 0.561536074 -1.150685651
0 0.497812544 0.885000068 0.500000000 0.500000000 0.000000000 0.000000000 0.556885242 0.039441083 -0.829652488 -0.960120886 -0.036376964 0.999071658 0.023077942 0.057276345 0.829792500 0.017328475 0.557802975 -1.162155779
0 0.497812544 0.885000068 0.500000000 0.500000000 0.000000000 0.000000000 0.553186119 0.039698537 -0.832111299 -0.963137313 -0.036525227 0.999059141 0.023381416 0.058720228 0.832256615 0.017458780 0.554115653 -1.174323471
0 0.497812544 0.885000068 0.500000000 0.500000000 0.000000000 0.000000000 0.549369931 0.039858788 -0.834628046 -0.965465647 -0.036613133 0.999050558 0.023611465 0.059926773 0.834776700 0.017586917 0.550307691 -1.186201962
0 0.497812544 0.885000068 0.500000000 0.500000000 0.000000000 0.000000000 0.541815937 0.040226027 -0.839533985 -0.971000923 -0.036763437 0.999032319 0.024142064 0.062645487 0.839692771 0.017783599 0.542770505 -1.210497245
0 0.497812544 0.885000068 0.500000000 0.500000000 0.000000000 0.000000000 0.538001299 0.040506180 -0.841970205 -0.974552301 -0.036832329 0.999020457 0.024526590 0.063339178 0.842138946 0.017816387 0.538966238 -1.223608687
0 0.497812544 0.885000068 0.500000000 0.500000000 0.000000000 0.000000000 0.534082413 0.040576458 -0.844458103 -0.976713726 -0.036825582 0.999016106 0.024712462 0.064230212 0.844630003 0.017899171 0.535051227 -1.235748312
0 0.497812544 0.885000068 0.500000000 0.500000000 0.000000000 0.000000000 0.530256927 0.040676102 -0.846860707 -0.980404550 -0.036719594 0.999013066 0.024992466 0.064231015 0.847041488 0.017843952 0.531227171 -1.248495820
0 0.497812544 0.885000068 0.500000000 0.500000000 0.000000000 0.000000000 0.522531450 0.040864445 -0.851640165 -0.987764630 -0.036692977 0.999003172 0.025422093 0.064741987 0.851830065 0.017965369 0.523510039 -1.274081562
0 0.497812544 0.885000068 0.500000000 0.500000000 0.000000000 0.000000000 0.518653393 0.040984273 -0.854001701 -0.992029278 -0.036788605 0.998995125 0.025600132 0.065809066 0.854192734 0.018139936 0.519639969 -1.286461356
0 0.497812544 0.885000068 0.500000000 0.500000000 0.000000000 0.000000000 0.514774740 0.041104387 -0.856339574 -0.996757012 -0.036900863 0.998986602 0.025769103 0.066809681 0.856530964 0.018334385 0.515769839 -1.299522011
0 0.497812544 0.885000068 0.500000000 0.500000000 0.000000000 0.000000000 0.510885954 0.041035566 -0.858668506 -1.001172801 -0.036867604 0.998986900 0.025806062 0.067315463 0.858857572 0.018473096 0.511881232 -1.312368603
0 0.497812544 0.885000068 0.500000000 0.500000000 0.000000000 0.000000000 0.503063202 0.041242927 -0.863264978 -1.011214171 -0.037063885 0.998971283 0.026127579 0.069997121 0.863454521 0.018852130 0.504074275 -1.338693430
0 0.497812544 0.885000068 0.500000000 0.500000000 0.000000000 0.000000000 0.499120355 0.041207042 -0.865552306 -1.016133487 -0.037008990 0.998970985 0.026217591 0.070635310 0.865741968 0.018947484 0.500131786 -1.352323353
0 0.497812544 0.885000068 0.500000000 0.500000000 0.000000000 0.000000000 0.495184749 0.041258618 -0.867807448 -1.020943220 -0.037022159 0.998966455 0.026368948 0.072396407 0.867998540 0.019070605 0.496200442 -1.365982792
0 0.497812544 0.885000068 0.500000000 0.500000000 0.000000000 0.000000000 0.491307080 0.041298240 -0.870006800 -1.025893177 -0.036859322 0.998966277 0.026604736 0.072843917 0.870206177 0.018996764 0.492321432 -1.379267064
0 0.497812544 0.885000068 0.500000000 0.500000000 0.000000000 0.000000000 0.483508527 0.041352928 -0.874362290 -1.034979864 -0.036855523 0.998959422 0.026865220 0.075217530 0.874563396 0.019235518 0.484529495 -1.406824874
0 0.497812544 0.885000068 0.500000000 0.500000000 0.000000000 0.000000000 0.479843080 0.041452728 -0.876374543 -1.040622257 -0.036794778 0.998955190 0.027104506 0.075954978 0.876582444 0.019240098 0.480866969 -1.419996492
0 0.497812544 0.885000068 0.500000000 0.500000000 0.000000000 0.000000000 0.476151615 0.041387830 -0.878388703 -1.045659598 -0.036781371 0.998955011 0.027130436 0.076743068 0.878593624 0.019390140 0.477176338 -1.433016651
0 0.497812544 0.885000068 0.500000000 0.500000000 0.000000000 0.000000000 0.472556025 0.041503269 -0.880322814 -1.050424385 -0.036720738 0.998950303 0.027384380 0.077024443 0.880535305 0.019385451 0.473584026 -1.444637520
0 0.497812544 0.885000068 0.500000000 0.500000000 0.000000000 0.000000000 0.465247095 0.041488558 -0.884208024 -1.059796149 -0.036661725 0.998947024 0.027581869 0.077172406 0.884421289 0.019584207 0.466278255 -1.469188698
0 0.497812544 0.885000068 0.500000000 0.500000000 0.000000000 0.000000000 0.461662978 0.041549586 -0.886081755 -1.064114587 -0.036753729 0.998940587 0.027692402 0.077654122 0.886293650 0.019782254 0.462700993 -1.481080103
0 0.497812544 0.885000068 0.500000000 0.500000000 0.000000000 0.000000000 0.458016366 0.041659694 -0.887967050 -1.068439088 -0.036709886 0.998935580 0.027930792 0.076866990 0.888185441 0.019804409 0.459058166 -1.492706775
0 0.497812544 0.885000068 0.500000000 0.500000000 0.000000000 0.000000000 0.454467118 0.041614741 -0.889790893 -1.072610240 -0.036706727 0.998934567 0.027971068 0.076328408 0.890006900 0.019949380 0.455510437 -1.504271556
0 0.497812544 0.885000068 0.500000000 0.500000000 0.000000000 0.000000000 0.447157145 0.041647539 -0.893485308 -1.079275570 -0.036604773 0.998930633 0.028243236 0.074929904 0.893706083 0.020076662 0.448203444 -1.526458614
0 0.497812544 0.885000068 0.500000000 0.500000000 0.000000000 0.000000000 0.443387717 0.041603319 -0.895363867 -1.081792023 -0.036677022 0.998927712 0.028252836 0.074343786 0.895579219 0.020312319 0.444438159 -1.538029505
0 0.497812544 0.885000068 0.500000000 0.500000000 0.000000000 0.000000000 0.439759880 0.041691802 -0.897147179 -1.084843146 -0.036640696 0.998923123 0.028461104 0.073703930 0.897367656 0.020356046 0.440813929 -1.549246810
0 0.497812544 0.885000068 0.500000000 0.500000000 0.000000000 0.000000000 0.436140329 0.041931193 -0.898901224 -1.088554788 -0.036689479 0.998911798 0.028794931 0.072928615 0.899130404 0.020421587 0.437204152 -1.561315977
0 0.497812544 0.885000068 0.500000000 0.500000000 0.000000000 0.000000000 0.428758681 0.042177502 -0.902433991 -1.094923730 -0.036759410 0.998896837 0.029221039 0.072177005 0.902670920 0.020644167 0.429836094 -1.583885391
0 0.497812544 0.885000068 0.500000000 0.500000000 0.000000000 0.000000000 0.425064415 0.042281523 -0.904175043 -1.098265065 -0.036713406 0.998891771 0.029451268 0.070992337 0.904418230 0.020676661 0.426145613 -1.595270653
0 0.497812544 0.885000068 0.500000000 0.500000000 0.000000000 0.000000000 0.421412408 0.042468850 -0.905874133 -1.102237905 -0.036898043 0.998878658 0.029664094 0.071118942 0.906118155 0.020924166 0.422506869 -1.606781934
0 0.497812544 0.885000068 0.500000000 0.500000000 0.000000000 0.000000000 0.417632371 0.042461377 -0.907623410 -1.105277206 -0.036746837 0.998879552 0.029821983 0.069940808 0.907872736 0.020897664 0.418724746 -1.617478000
0 0.497812544 0.885000068 0.500000000 0.500000000 0.000000000 0.000000000 0.410209417 0.042900518 -0.910981774 -1.112861453 -0.037017480 0.998853028 0.030369867 0.069421655 0.911239803 0.021264244 0.411326975 -1.639680218
0 0.497812544 0.885000068 0.500000000 0.500000000 0.000000000 0.000000000 0.406389207 0.043017402 -0.912686884 -1.115938024 -0.037098903 0.998844206 0.030559322 0.069036125 0.912946582 0.021440703 0.407515407 -1.651707919
0 0.497812544 0.885000068 0.500000000 0.500000000 0.000000000 0.000000000 0.402600080 0.043094538 -0.914361000 -1.119561498 -0.037118077 0.998838186 0.030732643 0.068444239 0.914623082 0.021566359 0.403731942 -1.664190203
0 0.497812544 0.885000068 0.500000000 0.500000000 0.000000000 0.000000000 0.398685575 0.043302368 -0.916064799 -1.122225849 -0.037347846 0.998822629 0.030959968 0.068946475 0.916326880 0.021869756 0.399833411 -1.676617457
0 0.497812544 0.885000068 0.500000000 0.500000000 0.000000000 0.000000000 0.390857875 0.043315120 -0.919431329 -1.127558231 -0.037451435 0.998813331 0.031133952 0.069264174 0.919688821 0.022265073 0.392016262 -1.703496231
0 0.497812544 0.885000068 0.500000000 0.500000000 0.000000000 0.000000000 0.387066692 0.043500662 -0.921025038 -1.130629545 -0.037576921 0.998800874 0.031382129 0.070144358 0.921285689 0.022462308 0.388237149 -1.716932913
0 0.497812544 0.885000068 0.500000000 0.500000000 0.000000000 0.000000000 0.383096188 0.043625109 -0.922677696 -1.133016791 -0.037631549 0.998791933 0.031599231 0.071091711 0.922941566 0.022616249 0.384275079 -1.730994755
0 0.497812544 0.885000068 0.500000000 0.500000000 0.000000000 0.000000000 0.379149258 0.043759897 -0.924300253 -1.135425176 -0.037634935 0.998783886 0.031848338 0.071710876 0.924569845 0.022710705 0.380335093 -1.744924377
0 0.497812544 0.885000068 0.500000000 0.500000000 0.000000000 0.000000000 0.371129900 0.043659836 -0.927554011 -1.138838649 -0.037605155 0.998781264 0.031966038 0.073246340 0.927819192 0.023017259 0.372319430 -1.771452928
0 0.497812544 0.885000068 0.500000000 0.500000000 0.000000000 0.000000000 0.367049366 0.043515597 -0.929183066 -1.140631796 -0.037450217 0.998786569 0.031981550 0.073482014 0.929447293 0.023059299 0.368233651 -1.785000235
0 0.497812544 0.885000068 0.500000000 0.500000000 0.000000000 0.000000000 0.362870008 0.043488625 -0.930824399 -1.141817694 -0.037479669 0.998783231 0.032052726 0.074519293 0.931085706 0.023256021 0.364058405 -1.798449169
0 0.497812544 0.885000068 0.500000000 0.500000000 0.000000000 0.000000000 0.358612746 0.043408670 -0.932476580 -1.142429848 -0.037314396 0.998786449 0.032145120 0.074566625 0.932740331 0.023267152 0.359797299 -1.811477429
0 0.497812544 0.885000068 0.500000000 0.500000000 0.000000000 0.000000000 0.349828064 0.043451034 -0.935805738 -1.142827457 -0.037395146 0.998775303 0.032395560 0.075931850 0.936067283 0.023661714 0.351024508 -1.838123440
0 0.497812544 0.885000068 0.500000000 0.500000000 0.000000000 0.000000000 0.345448643 0.043497045 -0.937429070 -1.143202430 -0.037344273 0.998771191 0.032581735 0.075912217 0.937694311 0.023752291 0.346648514 -1.851132145
0 0.497812544 0.885000068 0.500000000 0.500000000 0.000000000 0.000000000 0.340981722 0.043465253 -0.939064562 -1.143645758 -0.037262373 0.998770416 0.032698520 0.075626045 0.939331114 0.023842176 0.342182070 -1.864385914
0 0.497812544 0.885000068 0.500000000 0.500000000 0.000000000 0.000000000 0.336552829 0.043501347 -0.940659225 -1.144536742 -0.037166942 0.998767674 0.032890867 0.074935215 0.940930843 0.023891913 0.337754875 -1.878017281
0 0.497812544 0.885000068 0.500000000 0.500000000 0.000000000 0.000000000 0.327621937 0.043565027 -0.943803966 -1.146798277 -0.037165459 0.998757482 0.033200406 0.074103755 0.944077671 0.024199728 0.328833967 -1.904377306
0 0.497812544 0.885000068 0.500000000 0.500000000 0.000000000 0.000000000 0.323083490 0.043618537 -0.945364714 -1.147611047 -0.037266489 0.998748839 0.033345621 0.074012162 0.945636451 0.024457004 0.324304789 -1.917300099
0 0.497812544 0.885000068 0.500000000 0.500000000 0.000000000 0.000000000 0.318538100 0.043645512 -0.946904719 -1.148531301 -0.037168577 0.998746276 0.033531550 0.072710349 0.947181046 0.024514025 0.319761008 -1.930342369
0 0.497812544 0.885000068 0.500000000 0.500000000 0.000000000 0.000000000 0.314014047 0.043740984 -0.948410213 -1.149763823 -0.037216738 0.998737454 0.033739813 0.071953078 0.948688626 0.024701960 0.315245509 -1.943449739
0 0.497812544 0.885000068 0.500000000 0.500000000 0.000000000 0.000000000 0.304939479 0.043870065 -0.951360762 -1.153164078 -0.037054088 0.998728633 0.034177400 0.069085684 0.951650620 0.024829768 0.306177348 -1.970980626
0 0.497812544 0.885000068 0.500000000 0.500000000 0.000000000 0.000000000 0.300477922 0.044026304 -0.952772141 -1.155481366 -0.037023205 0.998719633 0.034473386 0.068216321 0.953069925 0.024916187 0.301723212 -1.984728690
0 0.497812544 0.885000068 0.500000000 0.500000000 0.000000000 0.000000000 0.295982689 0.044111460 -0.954174221 -1.157649416 -0.036909927 0.998715222 0.034721214 0.066629270 0.954479933 0.024941619 0.297230572 -1.998638019
0 0.497812544 0.885000068 0.500000000 0.500000000 0.000000000 0.000000000 0.291545212 0.044165578 -0.955536902 -1.160573766 -0.036890406 0.998709500 0.034905363 0.065626182 0.955845416 0.025073655 0.292798251 -2.012738601
0 0.497812544 0.885000068 0.500000000 0.500000000 0.000000000 0.000000000 0.283030748 0.044337954 -0.958085477 -1.169277975 -0.036844995 0.998696148 0.035332840 0.064106300 0.958402872 0.025300372 0.284295350 -2.040890144
0 0.497812544 0.885000068 0.500000000 0.500000000 0.000000000 0.000000000 0.278660148 0.044319354 -0.959366620 -1.173459036 -0.036827184 0.998693049 0.035439175 0.063529605 0.959683418 0.025455285 0.279928118 -2.055124413
0 0.497812544 0.885000068 0.500000000 0.500000000 0.000000000 0.000000000 0.274348527 0.044323780 -0.960608304 -1.178056224 -0.036807884 0.998689175 0.035568599 0.063840880 0.960925639 0.025599767 0.275620371 -2.068832395
0 0.497812544 0.885000068 0.500000000 0.500000000 0.000000000 0.000000000 0.270080328 0.044279013 -0.961819112 -1.182951947 -0.036801971 0.998686790 0.035642229 0.064129095 0.962134182 0.025770575 0.271355212 -2.082771100
0 0.497812544 0.885000068 0.500000000 0.500000000 0.000000000 0.000000000 0.261872172 0.044333994 -0.964083731 -1.193599365 -0.036759987 0.998677671 0.035939772 0.064878687 0.964402258 0.026028078 0.263155609 -2.109930444
0 0.497812544 0.885000068 0.500000000 0.500000000 0.000000000 0.000000000 0.258052349 0.044288721 -0.965115249 -1.199064521 -0.036692996 0.998677313 0.036017902 0.065477147 0.965433896 0.026118468 0.259336114 -2.122844706
0 0.497812544 0.885000068 0.500000000 0.500000000 0.000000000 0.000000000 0.254343212 0.044325206 -0.966097713 -1.204395626 -0.036764231 0.998670220 0.036140785 0.066688590 0.966414988 0.026325675 0.255634576 -2.135867282
0 0.497812544 0.885000068 0.500000000 0.500000000 0.000000000 0.000000000 0.250851244 0.044240713 -0.967014194 -1.209917099 -0.036645878 0.998673081 0.036182866 0.066787850 0.967331767 0.026360566 0.252139598 -2.148913863
