0 0.501232564 0.891080183 0.500000000 0.500000000 0.000000000 0.000000000 0.997729719 0.008322932 -0.066828802 0.178746661 -0.007384133 0.999870718 0.014282574 -0.027347425 0.066939034 -0.013756676 0.997662246 -0.235534028
0 0.501232564 0.891080183 0.500000000 0.500000000 0.000000000 0.000000000 0.997325957 0.009111715 -0.072511502 0.189650591 -0.007992842 0.999844730 0.015705531 -0.030436026 0.072643347 -0.015083960 0.997243881 -0.251146033
0 0.501232564 0.891080183 0.500000000 0.500000000 0.000000000 0.000000000 0.996901393 0.009991110 -0.078024194 0.200605766 -0.008684489 0.999816597 0.017067770 -0.034188148 0.078180410 -0.016337283 0.996805370 -0.266709476
0 0.501232564 0.891080183 0.500000000 0.500000000 0.000000000 0.000000000 0.996516109 0.010668183 -0.082715169 0.210780238 -0.009209819 0.999795675 0.017992714 -0.037464050 0.082890220 -0.017168239 0.996410787 -0.282157471
0 0.501232564 0.891080183 0.500000000 0.500000000 0.000000000 0.000000000 0.996038437 0.011348109 -0.088196911 0.221171873 -0.009700267 0.999770701 0.019089887 -0.040959543 0.088393323 -0.018158728 0.995920122 -0.297260714
0 0.501232564 0.891080183 0.500000000 0.500000000 0.000000000 0.000000000 0.995476663 0.012314422 -0.094204955 0.232055668 -0.010445157 0.999739170 0.020309966 -0.045130105 0.094430491 -0.019234112 0.995345652 -0.312421090
0 0.501232564 0.891080183 0.500000000 0.500000000 0.000000000 0.000000000 0.994950354 0.013208412 -0.099495344 0.242648947 -0.011123880 0.999707460 0.021476777 -0.049766570 0.099749908 -0.020261554 0.994806230 -0.328004003
0 0.501232564 0.891080183 0.500000000 0.500000000 0.000000000 0.000000000 0.994449735 0.013911291 -0.104288794 0.252789813 -0.011617501 0.999677777 0.022569895 -0.054220755 0.104569159 -0.021233050 0.994290948 -0.343650483
0 0.501232564 0.891080183 0.500000000 0.500000000 0.000000000 0.000000000 0.993870914 0.014566765 -0.109582752 0.262672785 -0.012035779 0.999646127 0.023722710 -0.058474999 0.109889530 -0.022258397 0.993694544 -0.359318149
0 0.501232564 0.891080183 0.500000000 0.500000000 0.000000000 0.000000000 0.993193626 0.015367509 -0.115456931 0.272783715 -0.012579461 0.999612331 0.024837937 -0.063099188 0.115793869 -0.023216495 0.993001878 -0.375158578
0 0.501232564 0.891080183 0.500000000 0.500000000 0.000000000 0.000000000 0.992526770 0.016333506 -0.120928906 0.282523493 -0.013321423 0.999581575 0.025674600 -0.067461952 0.121297665 -0.023871783 0.992329061 -0.391291990
0 0.501232564 0.891080183 0.500000000 0.500000000 0.000000000 0.000000000 0.991841674 0.017122338 -0.126320541 0.291876223 -0.013912599 0.999558628 0.026248179 -0.071192521 0.126714215 -0.024276590 0.991642177 -0.407744933
0 0.501232564 0.891080183 0.500000000 0.500000000 0.000000000 0.000000000 0.991100669 0.017938867 -0.131899998 0.301381227 -0.014507833 0.999532104 0.026927602 -0.074244494 0.132321328 -0.024774382 0.990897238 -0.424114901
0 0.501232564 0.891080183 0.500000000 0.500000000 0.000000000 0.000000000 0.990376174 0.018659461 -0.137138009 0.310720825 -0.014990185 0.999502778 0.027740380 -0.076705474 0.137587428 -0.025417687 0.990163445 -0.440571024
0 0.501232564 0.891080183 0.500000000 0.500000000 0.000000000 0.000000000 0.989591181 0.019381840 -0.142596200 0.320165432 -0.015456351 0.999471843 0.028585156 -0.078435288 0.143074930 -0.026083600 0.989368081 -0.456729309
0 0.501232564 0.891080183 0.500000000 0.500000000 0.000000000 0.000000000 0.988699138 0.020267742 -0.148536831 0.330481976 -0.016083580 0.999440789 0.029316539 -0.079364769 0.149047941 -0.026596233 0.988472223 -0.472552743
0 0.501232564 0.891080183 0.500000000 0.500000000 0.000000000 0.000000000 0.987859726 0.021068260 -0.153913245 0.340457233 -0.016613951 0.999406695 0.030169634 -0.080483769 0.154457554 -0.027246259 0.987623692 -0.488342110
0 0.501232564 0.891080183 0.500000000 0.500000000 0.000000000 0.000000000 0.987101078 0.021807536 -0.158606231 0.349707868 -0.017102988 0.999374092 0.030966679 -0.081396964 0.159182265 -0.027854601 0.986856163 -0.504017050
0 0.501232564 0.891080183 0.500000000 0.500000000 0.000000000 0.000000000 0.986228704 0.022666076 -0.163826555 0.358909381 -0.017666152 0.999334514 0.031912573 -0.082164044 0.164440855 -0.028578911 0.985972822 -0.518999567
0 0.501232564 0.891080183 0.500000000 0.500000000 0.000000000 0.000000000 0.985258758 0.023600336 -0.169434890 0.368862623 -0.018269526 0.999289930 0.032952890 -0.082938918 0.170092270 -0.029371627 0.984990299 -0.533119510
0 0.501232564 0.891080183 0.500000000 0.500000000 0.000000000 0.000000000 0.984318078 0.024380330 -0.174709886 0.378946119 -0.018736618 0.999250233 0.033880502 -0.083497068 0.175404921 -0.030075720 0.984036863 -0.546807193
0 0.501232564 0.891080183 0.500000000 0.500000000 0.000000000 0.000000000 0.983373344 0.025078166 -0.179855511 0.389090125 -0.019145524 0.999216259 0.034646221 -0.083788377 0.180583403 -0.030626740 0.983082712 -0.559916444
0 0.501232564 0.891080183 0.500000000 0.500000000 0.000000000 0.000000000 0.982392192 0.025771448 -0.185044229 0.399710086 -0.019547420 0.999182701 0.035381559 -0.083875120 0.185804814 -0.031141430 0.982093036 -0.572373314
0 0.501232564 0.891080183 0.500000000 0.500000000 0.000000000 0.000000000 0.981397271 0.026619252 -0.190133750 0.410792158 -0.020045532 0.999135733 0.036414448 -0.084193478 0.190938756 -0.031925704 0.981082618 -0.584170855
0 0.501232564 0.891080183 0.500000000 0.500000000 0.000000000 0.000000000 0.980424821 0.027551096 -0.194956616 0.421750720 -0.020624457 0.999084890 0.037470669 -0.084428284 0.195810556 -0.032716300 0.980095863 -0.595379612
0 0.501232564 0.891080183 0.500000000 0.500000000 0.000000000 0.000000000 0.979498506 0.028296636 -0.199454069 0.432465678 -0.020998444 0.999033630 0.038612120 -0.084800396 0.200353920 -0.033632290 0.979146123 -0.606197033
0 0.501232564 0.891080183 0.500000000 0.500000000 0.000000000 0.000000000 0.978427112 0.028897509 -0.204561353 0.443659497 -0.021193923 0.998984814 0.039750729 -0.085548685 0.205502376 -0.034557734 0.978046298 -0.616109978
0 0.501232564 0.891080183 0.500000000 0.500000000 0.000000000 0.000000000 0.977153182 0.029556947 -0.210471034 0.455528186 -0.021505982 0.998950541 0.040439241 -0.085956542 0.211445421 -0.034988943 0.976763308 -0.625140418
0 0.501232564 0.891080183 0.500000000 0.500000000 0.000000000 0.000000000 0.975887001 0.030471770 -0.216138855 0.467422061 -0.022049421 0.998904586 0.041272763 -0.087019924 0.217159748 -0.035511814 0.975489914 -0.634082491
0 0.501232564 0.891080183 0.500000000 0.500000000 0.000000000 0.000000000 0.974667013 0.031314500 -0.221458063 0.478877166 -0.022483855 0.998852551 0.042284738 -0.088392138 0.222528085 -0.036234308 0.974252701 -0.642792681
0 0.501232564 0.891080183 0.500000000 0.500000000 0.000000000 0.000000000 0.973149598 0.032077141 -0.227927372 0.491038253 -0.022761384 0.998799145 0.043383952 -0.089660034 0.229045302 -0.037031133 0.972711146 -0.650510506
0 0.501232564 0.891080183 0.500000000 0.500000000 0.000000000 0.000000000 0.971499205 0.032906137 -0.234747663 0.503855398 -0.023066206 0.998741210 0.044541094 -0.091290272 0.235917851 -0.037856899 0.971035361 -0.657683242
0 0.501232564 0.891080183 0.500000000 0.500000000 0.000000000 0.000000000 0.969811201 0.033801395 -0.241503030 0.516648340 -0.023479179 0.998688698 0.045493025 -0.092941096 0.242724061 -0.038449351 0.969333112 -0.664380136
0 0.501232564 0.891080183 0.500000000 0.500000000 0.000000000 0.000000000 0.967761219 0.034823358 -0.249450490 0.530857374 -0.024031820 0.998644114 0.046177812 -0.094086539 0.250720322 -0.038694348 0.967285931 -0.670266531
0 0.501232564 0.891080183 0.500000000 0.500000000 0.000000000 0.000000000 0.965434372 0.036069494 -0.258138418 0.546479148 -0.024723491 0.998585761 0.047066130 -0.095234844 0.259470999 -0.039057177 0.964960814 -0.675281487
0 0.501232564 0.891080183 0.500000000 0.500000000 0.000000000 0.000000000 0.963036001 0.037365824 -0.266768485 0.562278481 -0.025416037 0.998518705 0.048108809 -0.096295187 0.268170953 -0.039550319 0.962559164 -0.679766032
0 0.501232564 0.891080183 0.500000000 0.500000000 0.000000000 0.000000000 0.960491240 0.038504351 -0.275633723 0.578518545 -0.025928658 0.998456001 0.049125530 -0.096631492 0.277099669 -0.040037833 0.960006654 -0.683391895
0 0.501232564 0.891080183 0.500000000 0.500000000 0.000000000 0.000000000 0.957408011 0.039952599 -0.285961062 0.596222894 -0.026676398 0.998384178 0.050174113 -0.096362056 0.287503600 -0.040408686 0.956926763 -0.685370832
0 0.501232564 0.891080183 0.500000000 0.500000000 0.000000000 0.000000000 0.953875542 0.041648537 -0.297299325 0.615099874 -0.027642982 0.998307765 0.051160883 -0.095809913 0.298927009 -0.040582877 0.953412652 -0.685790224
0 0.501232564 0.891080183 0.500000000 0.500000000 0.000000000 0.000000000 0.950005651 0.043329868 -0.309211493 0.634841555 -0.028638834 0.998241782 0.051895324 -0.094758766 0.310916454 -0.040445395 0.949576318 -0.685134284
0 0.501232564 0.891080183 0.500000000 0.500000000 0.000000000 0.000000000 0.945592225 0.045289923 -0.322186559 0.655695481 -0.029881110 0.998167753 0.052614216 -0.093736972 0.323979139 -0.040124301 0.945212960 -0.683193424
0 0.501232564 0.891080183 0.500000000 0.500000000 0.000000000 0.000000000 0.940818846 0.047424339 -0.335575372 0.676763316 -0.031259473 0.998083115 0.053412538 -0.092681710 0.337465167 -0.039761610 0.940497875 -0.679760988
0 0.501232564 0.891080183 0.500000000 0.500000000 0.000000000 0.000000000 0.935724735 0.049886346 -0.349185616 0.697775825 -0.032813884 0.997966707 0.054641858 -0.091951693 0.351201504 -0.039671600 0.935459077 -0.675174550
0 0.501232564 0.891080183 0.500000000 0.500000000 0.000000000 0.000000000 0.930146217 0.051954314 -0.363495231 0.718814752 -0.033897683 0.997861683 0.055883583 -0.090622419 0.365621358 -0.039658256 0.929918408 -0.669118019
0 0.501232564 0.891080183 0.500000000 0.500000000 0.000000000 0.000000000 0.923870862 0.054185942 -0.378848970 0.739850087 -0.034992073 0.997739434 0.057371926 -0.089903870 0.381101340 -0.039747540 0.923678458 -0.660310469
0 0.501232564 0.891080183 0.500000000 0.500000000 0.000000000 0.000000000 0.917095959 0.056448597 -0.394649893 0.761110164 -0.036192942 0.997625887 0.058589097 -0.089311578 0.397020221 -0.039448284 0.916961730 -0.649924181
0 0.501232564 0.891080183 0.500000000 0.500000000 0.000000000 0.000000000 0.909695268 0.058994103 -0.411064774 0.782271330 -0.037837438 0.997515500 0.059423711 -0.088424469 0.413549125 -0.038503829 0.909667313 -0.637713648
0 0.501232564 0.891080183 0.500000000 0.500000000 0.000000000 0.000000000 0.901920855 0.061624277 -0.427482456 0.803048541 -0.039666723 0.997404397 0.060091544 -0.087391200 0.430075973 -0.037240986 0.902024269 -0.624042517
0 0.501232564 0.891080183 0.500000000 0.500000000 0.000000000 0.000000000 0.893858790 0.064243585 -0.443722039 0.822849702 -0.041330691 0.997273743 0.061129801 -0.087391692 0.446439534 -0.036302071 0.894077122 -0.609392791
0 0.501232564 0.891080183 0.500000000 0.500000000 0.000000000 0.000000000 0.885315657 0.066785768 -0.460169345 0.841716386 -0.042754050 0.997131169 0.062462516 -0.087744954 0.463020802 -0.035624940 0.885631204 -0.592840868
0 0.501232564 0.891080183 0.500000000 0.500000000 0.000000000 0.000000000 0.876156449 0.069697350 -0.476961315 0.860152255 -0.044537153 0.996963859 0.063871473 -0.087831658 0.479964852 -0.034718901 0.876600444 -0.574660559
0 0.501232564 0.891080183 0.500000000 0.500000000 0.000000000 0.000000000 0.866508067 0.072486982 -0.493871838 0.878092082 -0.046341367 0.996808827 0.064997621 -0.087830083 0.497007281 -0.033434264 0.867102027 -0.555049763
0 0.501232564 0.891080183 0.500000000 0.500000000 0.000000000 0.000000000 0.856311023 0.075538762 -0.510906339 0.895732185 -0.048576787 0.996640623 0.065938018 -0.088070195 0.514170885 -0.031645264 0.857103765 -0.534182518
0 0.501232564 0.891080183 0.500000000 0.500000000 0.000000000 0.000000000 0.845689833 0.078338623 -0.527893722 0.913152264 -0.050750006 0.996489882 0.066575684 -0.087841258 0.531256199 -0.029511765 0.846697032 -0.512336243
0 0.501232564 0.891080183 0.500000000 0.500000000 0.000000000 0.000000000 0.834994078 0.081026152 -0.544260681 0.930295238 -0.052665785 0.996326387 0.067528084 -0.087369029 0.547732830 -0.027721632 0.836193919 -0.489833665
0 0.501232564 0.891080183 0.500000000 0.500000000 0.000000000 0.000000000 0.824262679 0.083779380 -0.559975088 0.945829194 -0.054266710 0.996128857 0.069154926 -0.087364553 0.563601077 -0.026613820 0.825618267 -0.466823926
0 0.501232564 0.891080183 0.500000000 0.500000000 0.000000000 0.000000000 0.813091338 0.086220555 -0.575715601 0.962027522 -0.055415992 0.995943606 0.070890121 -0.087437874 0.579492450 -0.025736297 0.814571142 -0.442901273
0 0.501232564 0.891080183 0.500000000 0.500000000 0.000000000 0.000000000 0.801712453 0.088599592 -0.591106832 0.977700657 -0.056619193 0.995762885 0.072460465 -0.087478947 0.595022202 -0.024624465 0.803331971 -0.417969419
0 0.501232564 0.891080183 0.500000000 0.500000000 0.000000000 0.000000000 0.790264845 0.090915352 -0.605983436 0.992536540 -0.058091972 0.995593727 0.073610455 -0.086991813 0.610005617 -0.022968981 0.792064130 -0.392505529
0 0.501232564 0.891080183 0.500000000 0.500000000 0.000000000 0.000000000 0.778585553 0.093101583 -0.620593786 1.006390574 -0.059486274 0.995429873 0.074704178 -0.086692086 0.624712706 -0.021246782 0.780565619 -0.366697436
0 0.501232564 0.891080183 0.500000000 0.500000000 0.000000000 0.000000000 0.766712368 0.095370561 -0.634867370 1.019014973 -0.061055873 0.995254099 0.075772740 -0.085566328 0.639080822 -0.019333517 0.768896520 -0.339781757
0 0.501232564 0.891080183 0.500000000 0.500000000 0.000000000 0.000000000 0.754293323 0.097632766 -0.649237573 1.031028505 -0.062334005 0.995063782 0.077217817 -0.084643854 0.653571784 -0.017775303 0.756655753 -0.312034604
0 0.501232564 0.891080183 0.500000000 0.500000000 0.000000000 0.000000000 0.741052270 0.099882573 -0.663976669 1.042898536 -0.063560598 0.994868457 0.078720078 -0.082882733 0.668432176 -0.016132940 0.743598104 -0.282400791
0 0.501232564 0.891080183 0.500000000 0.500000000 0.000000000 0.000000000 0.727840126 0.102304719 -0.678072631 1.053571404 -0.064848095 0.994646072 0.080460332 -0.081691981 0.682673752 -0.014590537 0.730577588 -0.252584700
0 0.501232564 0.891080183 0.500000000 0.500000000 0.000000000 0.000000000 0.713957727 0.104470596 -0.692351282 1.063469234 -0.066291571 0.994450331 0.081694715 -0.079786880 0.697043657 -0.012429520 0.716920972 -0.222384676
0 0.501232564 0.891080183 0.500000000 0.500000000 0.000000000 0.000000000 0.699117839 0.106900781 -0.706969917 1.073017923 -0.067992128 0.994219124 0.083098717 -0.078247088 0.711766303 -0.010027410 0.702344775 -0.190700182
0 0.501232564 0.891080183 0.500000000 0.500000000 0.000000000 0.000000000 0.684430301 0.109357819 -0.720830083 1.080925339 -0.069634706 0.993972123 0.084678099 -0.076627621 0.725745261 -0.007761470 0.687919796 -0.159280676
0 0.501232564 0.891080183 0.500000000 0.500000000 0.000000000 0.000000000 0.669354916 0.111912414 -0.734465480 1.087433702 -0.071122818 0.993701577 0.086595125 -0.074715892 0.739530623 -0.005725620 0.673098564 -0.127674508
0 0.501232564 0.891080183 0.500000000 0.500000000 0.000000000 0.000000000 0.653740823 0.114192165 -0.748052835 1.092721154 -0.072279476 0.993451476 0.088486165 -0.072234619 0.753258646 -0.003778153 0.657713592 -0.095300908
0 0.501232564 0.891080183 0.500000000 0.500000000 0.000000000 0.000000000 0.637820184 0.116400503 -0.761338532 1.096649368 -0.073554881 0.993201137 0.090228356 -0.069507818 0.766664922 -0.001549307 0.642045557 -0.062673156
0 0.501232564 0.891080183 0.500000000 0.500000000 0.000000000 0.000000000 0.621997952 0.118728533 -0.773965180 1.098965030 -0.075196475 0.992926180 0.091886066 -0.066582192 0.779399812 0.001046509 0.626526058 -0.030718454
0 0.501232564 0.891080183 0.500000000 0.500000000 0.000000000 0.000000000 0.605842173 0.121007688 -0.786328435 1.100423958 -0.076734677 0.992645025 0.093635909 -0.064095074 0.791875660 0.003610074 0.610671699 0.001233652
0 0.501232564 0.891080183 0.500000000 0.500000000 0.000000000 0.000000000 0.589353561 0.122719489 -0.798500061 1.100724961 -0.077984929 0.992421389 0.094963990 -0.060739956 0.804102421 0.006303600 0.594457328 0.033318718
0 0.501232564 0.891080183 0.500000000 0.500000000 0.000000000 0.000000000 0.572649598 0.124805421 -0.810244441 1.099301601 -0.079311110 0.992141783 0.096769802 -0.058497123 0.815954745 0.008846194 0.578048110 0.065355882
0 0.501232564 0.891080183 0.500000000 0.500000000 0.000000000 0.000000000 0.555924892 0.126816571 -0.821501672 1.097029600 -0.080939300 0.991855741 0.098341331 -0.055915559 0.827282488 0.011821377 0.561661780 0.096958454
0 0.501232564 0.891080183 0.500000000 0.500000000 0.000000000 0.000000000 0.539347172 0.128422692 -0.832233310 1.094193464 -0.082273938 0.991610587 0.099696904 -0.053854482 0.838054657 0.014699866 0.545388222 0.127580926
0 0.501232564 0.891080183 0.500000000 0.500000000 0.000000000 0.000000000 0.523018062 0.130232468 -0.842313230 1.090371261 -0.083896056 0.991324604 0.101177916 -0.051352479 0.848182499 0.017748887 0.529406667 0.156914570
0 0.501232564 0.891080183 0.500000000 0.500000000 0.000000000 0.000000000 0.507055223 0.131783321 -0.851779401 1.086786697 -0.085688487 0.991053879 0.102321774 -0.047129130 0.857643545 0.021104898 0.513811350 0.185927296
0 0.501232564 0.891080183 0.500000000 0.500000000 0.000000000 0.000000000 0.492617846 0.133397311 -0.859960914 1.079896889 -0.086221881 0.990801096 0.104302146 -0.046837591 0.865963876 0.022766355 0.499588072 0.211663478
0 0.501232564 0.891080183 0.500000000 0.500000000 0.000000000 0.000000000 0.477737337 0.134395942 -0.868161738 1.075373054 -0.087523773 0.990593493 0.105185896 -0.043206864 0.874131918 0.025733557 0.485006362 0.238661921
0 0.501232564 0.891080183 0.500000000 0.500000000 0.000000000 0.000000000 0.463638395 0.135282770 -0.875635743 1.069549124 -0.088845037 0.990392327 0.105969906 -0.040599157 0.881558836 0.028664172 0.471203119 0.263811135
