0 0.418217034 0.743496939 0.500000000 0.500000000 0.000000000 0.000000000 0.999628901 0.001583523 -0.027194390 -0.401640666 -0.001999018 0.999881566 -0.015258343 0.168772196 0.027167009 0.015307043 0.999513686 -1.672192031
0 0.418217034 0.743496939 0.500000000 0.500000000 0.000000000 0.000000000 0.999595165 0.001557575 -0.028408611 -0.406808151 -0.001987041 0.999884069 -0.015095496 0.172957135 0.028381806 0.015145834 0.999482393 -1.689626857
0 0.418217034 0.743496939 0.500000000 0.500000000 0.000000000 0.000000000 0.999561071 0.001696525 -0.029577684 -0.411412085 -0.002136486 0.999887466 -0.014849530 0.177230997 0.029549163 0.014906203 0.999452174 -1.706141847
0 0.418217034 0.743496939 0.500000000 0.500000000 0.000000000 0.000000000 0.999534786 0.002008258 -0.030433076 -0.417169949 -0.002450657 0.999891758 -0.014506469 0.180406196 0.030400651 0.014574302 0.999431551 -1.722412365
0 0.418217034 0.743496939 0.500000000 0.500000000 0.000000000 0.000000000 0.999500215 0.002109060 -0.031542063 -0.421921051 -0.002570692 0.999890089 -0.014602048 0.184540359 0.031507798 0.014675835 0.999395728 -1.739620634
0 0.418217034 0.743496939 0.500000000 0.500000000 0.000000000 0.000000000 0.999473691 0.002392028 -0.032352261 -0.428029568 -0.002869587 0.999887466 -0.014722862 0.189039103 0.032313406 0.014807951 0.999368072 -1.755956404
0 0.418217034 0.743496939 0.500000000 0.500000000 0.000000000 0.000000000 0.999443829 0.002653493 -0.033241220 -0.433834840 -0.003138374 0.999889314 -0.014543082 0.192424211 0.033198949 0.014639317 0.999341547 -1.772168452
0 0.418217034 0.743496939 0.500000000 0.500000000 0.000000000 0.000000000 0.999400318 0.002632584 -0.034526400 -0.437890811 -0.003136582 0.999889195 -0.014551455 0.196333681 0.034484267 0.014651024 0.999297857 -1.788799080
0 0.418217034 0.743496939 0.500000000 0.500000000 0.000000000 0.000000000 0.999354661 0.002811627 -0.035810411 -0.442079643 -0.003335640 0.999888122 -0.014581646 0.199850187 0.035765406 0.014691686 0.999252200 -1.805412385
0 0.418217034 0.743496939 0.500000000 0.500000000 0.000000000 0.000000000 0.999313712 0.003101095 -0.036911279 -0.446587892 -0.003644750 0.999885738 -0.014670509 0.203680993 0.036861565 0.014794974 0.999210835 -1.821750429
0 0.418217034 0.743496939 0.500000000 0.500000000 0.000000000 0.000000000 0.999266922 0.003418923 -0.038130306 -0.450609599 -0.003991150 0.999880433 -0.014941119 0.207627542 0.038074665 0.015082350 0.999161065 -1.838047523
0 0.418217034 0.743496939 0.500000000 0.500000000 0.000000000 0.000000000 0.999220312 0.003658222 -0.039310753 -0.454287766 -0.004259464 0.999875069 -0.015221728 0.211417465 0.039250158 0.015377304 0.999111116 -1.854424212
0 0.418217034 0.743496939 0.500000000 0.500000000 0.000000000 0.000000000 0.999180675 0.003928210 -0.040281404 -0.459103350 -0.004544540 0.999873817 -0.015220483 0.214135500 0.040216535 0.015391073 0.999072433 -1.871461782
0 0.418217034 0.743496939 0.500000000 0.500000000 0.000000000 0.000000000 0.999128401 0.004255235 -0.041525505 -0.462438854 -0.004892528 0.999871612 -0.015257476 0.217386234 0.041455250 0.015447342 0.999020934 -1.888778299
0 0.418217034 0.743496939 0.500000000 0.500000000 0.000000000 0.000000000 0.999090552 0.004506443 -0.042400062 -0.467171906 -0.005158787 0.999869823 -0.015288644 0.220256234 0.042325646 0.015493473 0.998983741 -1.905580402
0 0.418217034 0.743496939 0.500000000 0.500000000 0.000000000 0.000000000 0.999043941 0.004603439 -0.043473698 -0.471525747 -0.005273166 0.999868989 -0.015303232 0.223692780 0.043397553 0.015517845 0.998937368 -1.923022369
0 0.418217034 0.743496939 0.500000000 0.500000000 0.000000000 0.000000000 0.999000609 0.004762028 -0.044442624 -0.475876381 -0.005442810 0.999869525 -0.015209824 0.226824528 0.044364393 0.015436516 0.998896122 -1.940462919
0 0.418217034 0.743496939 0.500000000 0.500000000 0.000000000 0.000000000 0.998954058 0.004935356 -0.045458030 -0.480224573 -0.005614221 0.999874413 -0.014818334 0.228700488 0.045379188 0.015058046 0.998856366 -1.959172057
0 0.418217034 0.743496939 0.500000000 0.500000000 0.000000000 0.000000000 0.998901129 0.005086790 -0.046590742 -0.483970514 -0.005778368 0.999874949 -0.014721032 0.232011250 0.046510033 0.014974074 0.998805583 -1.977165371
0 0.418217034 0.743496939 0.500000000 0.500000000 0.000000000 0.000000000 0.998847604 0.005198005 -0.047712322 -0.487569234 -0.005896762 0.999877274 -0.014516159 0.235478640 0.047631010 0.014780778 0.998755634 -1.995776331
0 0.418217034 0.743496939 0.500000000 0.500000000 0.000000000 0.000000000 0.998792648 0.005455543 -0.048820775 -0.490990027 -0.006155276 0.999880314 -0.014193843 0.238498407 0.048737496 0.014477211 0.998706698 -2.014388585
0 0.418217034 0.743496939 0.500000000 0.500000000 0.000000000 0.000000000 0.998732388 0.005620682 -0.050020162 -0.494042947 -0.006338077 0.999879181 -0.014195067 0.242834190 0.049934331 0.014494105 0.998647332 -2.033010126
0 0.418217034 0.743496939 0.500000000 0.500000000 0.000000000 0.000000000 0.998677671 0.005890775 -0.051070791 -0.497547485 -0.006618848 0.999878705 -0.014098769 0.246461508 0.050981540 0.014418156 0.998595536 -2.051283707
0 0.418217034 0.743496939 0.500000000 0.500000000 0.000000000 0.000000000 0.998609185 0.006102628 -0.052367996 -0.499315757 -0.006858486 0.999874711 -0.014266029 0.251479614 0.052274372 0.014605353 0.998525977 -2.069484915
0 0.418217034 0.743496939 0.500000000 0.500000000 0.000000000 0.000000000 0.998548150 0.006349236 -0.053490780 -0.501758489 -0.007136503 0.999868810 -0.014539680 0.256532341 0.053391449 0.014900308 0.998462498 -2.087591191
0 0.418217034 0.743496939 0.500000000 0.500000000 0.000000000 0.000000000 0.998491943 0.006456614 -0.054516982 -0.504601540 -0.007281837 0.999861717 -0.014951938 0.262524652 0.054412905 0.015326373 0.998400867 -2.105911102
0 0.418217034 0.743496939 0.500000000 0.500000000 0.000000000 0.000000000 0.998418510 0.006658993 -0.055822704 -0.506332686 -0.007521972 0.999855220 -0.015263445 0.268084428 0.055712979 0.015659202 0.998324037 -2.123881303
0 0.418217034 0.743496939 0.500000000 0.500000000 0.000000000 0.000000000 0.998340786 0.007048790 -0.057149224 -0.508294678 -0.007931010 0.999852657 -0.015225039 0.272156724 0.057033483 0.015653027 0.998249531 -2.142374351
0 0.418217034 0.743496939 0.500000000 0.500000000 0.000000000 0.000000000 0.998266339 0.007387369 -0.058393233 -0.510137162 -0.008292260 0.999849021 -0.015269388 0.276548517 0.058271617 0.015727127 0.998176873 -2.160799240
0 0.418217034 0.743496939 0.500000000 0.500000000 0.000000000 0.000000000 0.998186588 0.007544922 -0.059721068 -0.511912462 -0.008490299 0.999842405 -0.015591986 0.282280547 0.059594017 0.016070761 0.998093307 -2.179647091
0 0.418217034 0.743496939 0.500000000 0.500000000 0.000000000 0.000000000 0.998105764 0.007827717 -0.061021488 -0.513863984 -0.008767152 0.999846935 -0.015142652 0.285198982 0.060893614 0.015648954 0.998021603 -2.198863138
0 0.418217034 0.743496939 0.500000000 0.500000000 0.000000000 0.000000000 0.998016715 0.008116961 -0.062424228 -0.515227541 -0.009051028 0.999851048 -0.014695025 0.288046644 0.062295653 0.015230883 0.997941494 -2.217425589
0 0.418217034 0.743496939 0.500000000 0.500000000 0.000000000 0.000000000 0.997939587 0.008451573 -0.063601620 -0.517439856 -0.009375690 0.999854565 -0.014245384 0.290363855 0.063471980 0.014812342 0.997873664 -2.236017453
0 0.418217034 0.743496939 0.500000000 0.500000000 0.000000000 0.000000000 0.997865498 0.008929297 -0.064689487 -0.520489068 -0.009861608 0.999851882 -0.014107137 0.292703096 0.064553939 0.014714967 0.997805715 -2.253994776
0 0.418217034 0.743496939 0.500000000 0.500000000 0.000000000 0.000000000 0.997765660 0.009173677 -0.066177607 -0.522324760 -0.010159547 0.999842167 -0.014576199 0.296648174 0.066033445 0.015215965 0.997701406 -2.272353675
0 0.418217034 0.743496939 0.500000000 0.500000000 0.000000000 0.000000000 0.997638702 0.009492400 -0.068021826 -0.522395468 -0.010569656 0.999824107 -0.015494548 0.302352081 0.067862779 0.016176928 0.997563481 -2.290616651
0 0.418217034 0.743496939 0.500000000 0.500000000 0.000000000 0.000000000 0.997531950 0.009862744 -0.069518246 -0.523962163 -0.010966782 0.999819458 -0.015517533 0.304919440 0.069352649 0.016241627 0.997460008 -2.309545915
0 0.418217034 0.743496939 0.500000000 0.500000000 0.000000000 0.000000000 0.997423947 0.010168483 -0.071007624 -0.525452736 -0.011294939 0.999816358 -0.015480394 0.307841614 0.070837177 0.016242541 0.997355640 -2.328420256
0 0.418217034 0.743496939 0.500000000 0.500000000 0.000000000 0.000000000 0.997309089 0.010485044 -0.072557479 -0.526867785 -0.011614281 0.999817669 -0.015158968 0.310082140 0.072385304 0.015960880 0.997249007 -2.347908796
0 0.418217034 0.743496939 0.500000000 0.500000000 0.000000000 0.000000000 0.997210741 0.011088137 -0.073809244 -0.529714195 -0.012205480 0.999817371 -0.014704441 0.311612755 0.073632717 0.015564304 0.997163951 -2.367450598
0 0.418217034 0.743496939 0.500000000 0.500000000 0.000000000 0.000000000 0.997102499 0.011467590 -0.075200513 -0.532216965 -0.012622162 0.999809384 -0.014895969 0.315463874 0.075015351 0.015802002 0.997057140 -2.387120782
0 0.418217034 0.743496939 0.500000000 0.500000000 0.000000000 0.000000000 0.997011304 0.011549253 -0.076387987 -0.535699319 -0.012745052 0.999803483 -0.015185325 0.320327350 0.076197594 0.016113508 0.996962547 -2.407020250
0 0.418217034 0.743496939 0.500000000 0.500000000 0.000000000 0.000000000 0.996917069 0.011666087 -0.077590555 -0.539103148 -0.012852300 0.999807775 -0.014806328 0.323625487 0.077402912 0.015757898 0.996875346 -2.427321344
0 0.418217034 0.743496939 0.500000000 0.500000000 0.000000000 0.000000000 0.996829569 0.011807063 -0.078685567 -0.542936379 -0.012988823 0.999810159 -0.014523903 0.327439344 0.078499146 0.015499889 0.996793687 -2.447127069
0 0.418217034 0.743496939 0.500000000 0.500000000 0.000000000 0.000000000 0.996725917 0.011924586 -0.079969995 -0.546275633 -0.013123378 0.999809027 -0.014481721 0.331943851 0.079782031 0.015483784 0.996692061 -2.466957349
0 0.418217034 0.743496939 0.500000000 0.500000000 0.000000000 0.000000000 0.996613979 0.012141230 -0.081321381 -0.549020720 -0.013376653 0.999803007 -0.014664302 0.337427158 0.081127316 0.015702456 0.996580064 -2.486812695
0 0.418217034 0.743496939 0.500000000 0.500000000 0.000000000 0.000000000 0.996507943 0.012175294 -0.082605779 -0.551564701 -0.013408987 0.999806464 -0.014396376 0.341794674 0.082414515 0.015453763 0.996478319 -2.506794492
0 0.418217034 0.743496939 0.500000000 0.500000000 0.000000000 0.000000000 0.996403754 0.012250784 -0.083841652 -0.553546561 -0.013456123 0.999813855 -0.013826398 0.345036424 0.083656661 0.014904859 0.996383190 -2.525761296
0 0.418217034 0.743496939 0.500000000 0.500000000 0.000000000 0.000000000 0.996311665 0.012510782 -0.084891185 -0.555811849 -0.013700821 0.999815643 -0.013450291 0.348231167 0.084707260 0.014563761 0.996299446 -2.544289199
0 0.418217034 0.743496939 0.500000000 0.500000000 0.000000000 0.000000000 0.996213377 0.012567421 -0.086028762 -0.557196041 -0.013797281 0.999810755 -0.013716273 0.353257325 0.085840106 0.014851297 0.996198237 -2.562472151
0 0.418217034 0.743496939 0.500000000 0.500000000 0.000000000 0.000000000 0.996082604 0.012584859 -0.087527484 -0.556789009 -0.013858167 0.999806583 -0.013955103 0.358213905 0.087334931 0.015113407 0.996064365 -2.581286881
0 0.418217034 0.743496939 0.500000000 0.500000000 0.000000000 0.000000000 0.995955527 0.012623372 -0.088956229 -0.556334347 -0.013929444 0.999803901 -0.014076705 0.362928929 0.088761091 0.015258883 0.995936036 -2.599493919
0 0.418217034 0.743496939 0.500000000 0.500000000 0.000000000 0.000000000 0.995827973 0.012918606 -0.090331331 -0.555418084 -0.014219243 0.999804080 -0.013769801 0.365992298 0.090135746 0.014996796 0.995816588 -2.617807177
0 0.418217034 0.743496939 0.500000000 0.500000000 0.000000000 0.000000000 0.995720208 0.013108276 -0.091484696 -0.554912449 -0.014415763 0.999802947 -0.013645709 0.369673135 0.091287799 0.014906131 0.995712996 -2.635491633
0 0.418217034 0.743496939 0.500000000 0.500000000 0.000000000 0.000000000 0.995610297 0.013303549 -0.092645414 -0.553898382 -0.014626786 0.999800265 -0.013618442 0.373068370 0.092445739 0.014913766 0.995606005 -2.653115420
0 0.418217034 0.743496939 0.500000000 0.500000000 0.000000000 0.000000000 0.995509565 0.013596166 -0.093679607 -0.552799954 -0.014966412 0.999790847 -0.013939887 0.377429693 0.093470484 0.015279339 0.995504797 -2.670286201
0 0.418217034 0.743496939 0.500000000 0.500000000 0.000000000 0.000000000 0.995389044 0.013598927 -0.094951086 -0.550844210 -0.015029100 0.999783874 -0.014363318 0.382015848 0.094735242 0.015724119 0.995378315 -2.688024830
0 0.418217034 0.743496939 0.500000000 0.500000000 0.000000000 0.000000000 0.995240629 0.013674459 -0.096483819 -0.547458152 -0.015163561 0.999776721 -0.014717351 0.386471569 0.096261024 0.016110344 0.995225728 -2.705786378
0 0.418217034 0.743496939 0.500000000 0.500000000 0.000000000 0.000000000 0.995104790 0.013955262 -0.097834907 -0.544439314 -0.015473067 0.999771178 -0.014772393 0.390142731 0.097606368 0.016213885 0.995092988 -2.724216938
0 0.418217034 0.743496939 0.500000000 0.500000000 0.000000000 0.000000000 0.994967580 0.014023480 -0.099211007 -0.541082051 -0.015556470 0.999770999 -0.014695097 0.393361880 0.098982207 0.016164519 0.994957924 -2.743235332
0 0.418217034 0.743496939 0.500000000 0.500000000 0.000000000 0.000000000 0.994796097 0.014181065 -0.100893930 -0.535799687 -0.015738808 0.999768674 -0.014660143 0.397136556 0.100662693 0.016171804 0.994789183 -2.762238052
0 0.418217034 0.743496939 0.500000000 0.500000000 0.000000000 0.000000000 0.994639993 0.014388686 -0.102392517 -0.530979734 -0.015950093 0.999768436 -0.014446828 0.400616655 0.102160938 0.016002562 0.994639158 -2.781809378
0 0.418217034 0.743496939 0.500000000 0.500000000 0.000000000 0.000000000 0.994481504 0.014514133 -0.103903472 -0.525842799 -0.016080033 0.999769151 -0.014248920 0.404192288 0.103672676 0.015841058 0.994485319 -2.801206398
0 0.418217034 0.743496939 0.500000000 0.500000000 0.000000000 0.000000000 0.994313955 0.014771637 -0.105459057 -0.520078667 -0.016358975 0.999765337 -0.014202544 0.408573666 0.105224513 0.015846990 0.994322240 -2.820925015
0 0.418217034 0.743496939 0.500000000 0.500000000 0.000000000 0.000000000 0.994126022 0.014869833 -0.107202411 -0.513085324 -0.016496131 0.999761701 -0.014299522 0.413390810 0.106964231 0.015983952 0.994134367 -2.840429137
0 0.418217034 0.743496939 0.500000000 0.500000000 0.000000000 0.000000000 0.993913770 0.015098291 -0.109121516 -0.504810830 -0.016785329 0.999753118 -0.014558126 0.419517989 0.108874775 0.016301163 0.993921816 -2.860481175
0 0.418217034 0.743496939 0.500000000 0.500000000 0.000000000 0.000000000 0.993698478 0.015428721 -0.111019276 -0.496176419 -0.017160097 0.999745309 -0.014656649 0.425250794 0.110764869 0.016469391 0.993710160 -2.880193323
0 0.418217034 0.743496939 0.500000000 0.500000000 0.000000000 0.000000000 0.993476629 0.015673354 -0.112953901 -0.487282169 -0.017434333 0.999741137 -0.014619281 0.430691356 0.112695523 0.016493190 0.993492663 -2.900081172
0 0.418217034 0.743496939 0.500000000 0.500000000 0.000000000 0.000000000 0.993252337 0.015887603 -0.114879847 -0.478251293 -0.017669382 0.999738634 -0.014508248 0.435663371 0.114619322 0.016440207 0.993273437 -2.919849736
0 0.418217034 0.743496939 0.500000000 0.500000000 0.000000000 0.000000000 0.992997885 0.016105393 -0.117028929 -0.467995939 -0.017909106 0.999736249 -0.014377289 0.441052800 0.116766512 0.016372502 0.993024409 -2.939554840
0 0.418217034 0.743496939 0.500000000 0.500000000 0.000000000 0.000000000 0.992742062 0.016438331 -0.119134054 -0.457966719 -0.018223777 0.999737144 -0.013912895 0.445306638 0.118874028 0.015982987 0.992780685 -2.958713681
0 0.418217034 0.743496939 0.500000000 0.500000000 0.000000000 0.000000000 0.992437303 0.017079387 -0.121558607 -0.446479463 -0.018811747 0.999736965 -0.013117831 0.448056347 0.121302590 0.015305355 0.992497563 -2.977810421
0 0.418217034 0.743496939 0.500000000 0.500000000 0.000000000 0.000000000 0.992141545 0.017614434 -0.123874277 -0.435462946 -0.019329276 0.999733090 -0.012655144 0.451445970 0.123618305 0.014950094 0.992217243 -2.996162283
0 0.418217034 0.743496939 0.500000000 0.500000000 0.000000000 0.000000000 0.991796613 0.018066563 -0.126542896 -0.422949217 -0.019826828 0.999723196 -0.012664621 0.456234987 0.126279071 0.015069672 0.991880298 -3.014210497
0 0.418217034 0.743496939 0.500000000 0.500000000 0.000000000 0.000000000 0.991448522 0.018543702 -0.129174083 -0.410299160 -0.020363322 0.999710977 -0.012779990 0.461597822 0.128899753 0.015301116 0.991539598 -3.031795122
0 0.418217034 0.743496939 0.500000000 0.500000000 0.000000000 0.000000000 0.991072357 0.019116165 -0.131947502 -0.396867561 -0.020955773 0.999701440 -0.012567342 0.465596505 0.131667867 0.015220208 0.991177022 -3.049116957
0 0.418217034 0.743496939 0.500000000 0.500000000 0.000000000 0.000000000 0.990692794 0.019707443 -0.134682536 -0.383288086 -0.021562282 0.999691486 -0.012327020 0.469368531 0.134398043 0.015116353 0.990812123 -3.065903505
0 0.418217034 0.743496939 0.500000000 0.500000000 0.000000000 0.000000000 0.990298867 0.020329714 -0.137458652 -0.369752068 -0.022189295 0.999681652 -0.012009362 0.472290707 0.137170747 0.014942967 0.990434706 -3.082167469
0 0.418217034 0.743496939 0.500000000 0.500000000 0.000000000 0.000000000 0.989876807 0.020942893 -0.140375406 -0.355557921 -0.022866828 0.999665201 -0.012106545 0.476318371 0.140074864 0.015193929 0.990024328 -3.097692032
0 0.418217034 0.743496939 0.500000000 0.500000000 0.000000000 0.000000000 0.989424348 0.021640135 -0.143426478 -0.340858253 -0.023658980 0.999643385 -0.012385104 0.480978508 0.143107310 0.015647447 0.989583492 -3.113111612
0 0.418217034 0.743496939 0.500000000 0.500000000 0.000000000 0.000000000 0.988971889 0.022232821 -0.146425158 -0.326481748 -0.024328221 0.999625444 -0.012534959 0.485175330 0.146091625 0.015958985 0.989142299 -3.128290682
