0 0.562546955 1.000083442 0.500000000 0.500000000 0.000000000 0.000000000 0.999968946 0.001947425 -0.007639389 -0.022761225 -0.001903391 0.999981582 0.005767089 -0.006008777 0.007650478 -0.005752369 0.999954164 0.127014559
0 0.562546955 1.000083442 0.500000000 0.500000000 0.000000000 0.000000000 0.999963701 0.002075625 -0.008261359 -0.025118573 -0.002032310 0.999984145 0.005248054 0.010222201 0.008272121 -0.005231074 0.999952078 0.122456144
0 0.562546955 1.000083442 0.500000000 0.500000000 0.000000000 0.000000000 0.999953210 0.002148712 -0.009428930 -0.023881473 -0.002098779 0.999983728 0.005302398 0.023935196 0.009440170 -0.005282361 0.999941468 0.119086445
0 0.562546955 1.000083442 0.500000000 0.500000000 0.000000000 0.000000000 0.999946833 0.002389167 -0.010030504 -0.026226901 -0.002343859 0.999987006 0.004526429 0.041402975 0.010041188 -0.004502679 0.999939442 0.115626034
0 0.562546955 1.000083442 0.500000000 0.500000000 0.000000000 0.000000000 0.999942720 0.002710924 -0.010353634 -0.030226345 -0.002664634 0.999986410 0.004482016 0.056591058 0.010365644 -0.004454170 0.999936342 0.113045740
0 0.562546955 1.000083442 0.500000000 0.500000000 0.000000000 0.000000000 0.999933362 0.003005329 -0.011143674 -0.031495364 -0.002960875 0.999987602 0.004003590 0.073783212 0.011155568 -0.003970328 0.999929905 0.109250044
0 0.562546955 1.000083442 0.500000000 0.500000000 0.000000000 0.000000000 0.999926150 0.003298143 -0.011698796 -0.034337713 -0.003254494 0.999987662 0.003748101 0.090037004 0.011711014 -0.003709750 0.999924541 0.106589017
0 0.562546955 1.000083442 0.500000000 0.500000000 0.000000000 0.000000000 0.999915302 0.003621155 -0.012499204 -0.036196074 -0.003580162 0.999988139 0.003300508 0.106960665 0.012511007 -0.003255480 0.999916434 0.102134990
0 0.562546955 1.000083442 0.500000000 0.500000000 0.000000000 0.000000000 0.999909759 0.004018321 -0.012819748 -0.040530124 -0.003978745 0.999987245 0.003111148 0.123652689 0.012832087 -0.003059860 0.999912977 0.099316920
0 0.562546955 1.000083442 0.500000000 0.500000000 0.000000000 0.000000000 0.999904811 0.004308818 -0.013108461 -0.046127003 -0.004270114 0.999986470 0.002979212 0.140392962 0.013121121 -0.002922953 0.999909639 0.095694998
0 0.562546955 1.000083442 0.500000000 0.500000000 0.000000000 0.000000000 0.999891102 0.004528495 -0.014043947 -0.047532122 -0.004490921 0.999986231 0.002705834 0.157150266 0.014056007 -0.002642469 0.999897718 0.091804671
0 0.562546955 1.000083442 0.500000000 0.500000000 0.000000000 0.000000000 0.999885798 0.004969175 -0.014270996 -0.053704115 -0.004931596 0.999984264 0.002667225 0.173985912 0.014284026 -0.002596542 0.999894619 0.088117693
0 0.562546955 1.000083442 0.500000000 0.500000000 0.000000000 0.000000000 0.999873817 0.005282007 -0.014981838 -0.057091374 -0.005246635 0.999983370 0.002399276 0.192633701 0.014994262 -0.002320369 0.999884903 0.085156970
0 0.562546955 1.000083442 0.500000000 0.500000000 0.000000000 0.000000000 0.999862015 0.005525925 -0.015667284 -0.060626864 -0.005489200 0.999982059 0.002386132 0.209011654 0.015680188 -0.002299802 0.999874413 0.081801516
0 0.562546955 1.000083442 0.500000000 0.500000000 0.000000000 0.000000000 0.999847293 0.005965475 -0.016425677 -0.063994184 -0.005926799 0.999979556 0.002402326 0.226670153 0.016439673 -0.002304607 0.999862194 0.078353778
0 0.562546955 1.000083442 0.500000000 0.500000000 0.000000000 0.000000000 0.999833524 0.006290997 -0.017125739 -0.067407405 -0.006250574 0.999977529 0.002412839 0.244056595 0.017140532 -0.002305392 0.999850452 0.075355627
0 0.562546955 1.000083442 0.500000000 0.500000000 0.000000000 0.000000000 0.999820709 0.006592420 -0.017751910 -0.072091655 -0.006546342 0.999975026 0.002652547 0.260462238 0.017768953 -0.002535861 0.999838889 0.071520639
0 0.562546955 1.000083442 0.500000000 0.500000000 0.000000000 0.000000000 0.999803960 0.006794346 -0.018598048 -0.075128950 -0.006745624 0.999973655 0.002681209 0.278089405 0.018615775 -0.002555229 0.999823451 0.068629485
0 0.562546955 1.000083442 0.500000000 0.500000000 0.000000000 0.000000000 0.999789834 0.006997661 -0.019269045 -0.079620716 -0.006942894 0.999971688 0.002907661 0.295216486 0.019288845 -0.002773267 0.999810100 0.064300998
0 0.562546955 1.000083442 0.500000000 0.500000000 0.000000000 0.000000000 0.999774992 0.007349770 -0.019898366 -0.084287464 -0.007294291 0.999969304 0.002859271 0.313832218 0.019918771 -0.002713484 0.999797940 0.060603451
0 0.562546955 1.000083442 0.500000000 0.500000000 0.000000000 0.000000000 0.999751329 0.007560557 -0.020978315 -0.086284878 -0.007494583 0.999966741 0.003221701 0.331118542 0.021001974 -0.003063676 0.999774754 0.057141259
0 0.562546955 1.000083442 0.500000000 0.500000000 0.000000000 0.000000000 0.999730885 0.007831896 -0.021835694 -0.089837124 -0.007755013 0.999963462 0.003603423 0.347887542 0.021863116 -0.003433117 0.999755085 0.052883834
0 0.562546955 1.000083442 0.500000000 0.500000000 0.000000000 0.000000000 0.999714136 0.008194256 -0.022461204 -0.095085580 -0.008107465 0.999959350 0.003952374 0.365492905 0.022492677 -0.003769141 0.999739885 0.049683365
0 0.562546955 1.000083442 0.500000000 0.500000000 0.000000000 0.000000000 0.999691546 0.008466717 -0.023349015 -0.098660057 -0.008370590 0.999956071 0.004211606 0.383594141 0.023383649 -0.004014861 0.999718487 0.046704332
0 0.562546955 1.000083442 0.500000000 0.500000000 0.000000000 0.000000000 0.999668241 0.008636139 -0.024265092 -0.102172817 -0.008530485 0.999953687 0.004454300 0.402060197 0.024302436 -0.004245829 0.999695659 0.043422106
0 0.562546955 1.000083442 0.500000000 0.500000000 0.000000000 0.000000000 0.999647021 0.008898498 -0.025033716 -0.106941277 -0.008778008 0.999949396 0.004918914 0.419492317 0.025076220 -0.004697432 0.999674499 0.040303117
0 0.562546955 1.000083442 0.500000000 0.500000000 0.000000000 0.000000000 0.999622881 0.009141030 -0.025895804 -0.111216134 -0.009003461 0.999944746 0.005424004 0.437074680 0.025943954 -0.005188806 0.999649942 0.036731242
0 0.562546955 1.000083442 0.500000000 0.500000000 0.000000000 0.000000000 0.999598444 0.009273175 -0.026775019 -0.115941320 -0.009122185 0.999941826 0.005755839 0.455575921 0.026826836 -0.005509282 0.999624908 0.033604397
0 0.562546955 1.000083442 0.500000000 0.500000000 0.000000000 0.000000000 0.999577463 0.009661271 -0.027414609 -0.122007843 -0.009494685 0.999935687 0.006200230 0.474348545 0.027472749 -0.005937317 0.999604940 0.030571314
0 0.562546955 1.000083442 0.500000000 0.500000000 0.000000000 0.000000000 0.999548554 0.009692647 -0.028438462 -0.125817023 -0.009499088 0.999930859 0.006933427 0.490766490 0.028503697 -0.006660158 0.999571502 0.026799830
0 0.562546955 1.000083442 0.500000000 0.500000000 0.000000000 0.000000000 0.999523044 0.009771540 -0.029296031 -0.130273066 -0.009559792 0.999927223 0.007359249 0.509575092 0.029365810 -0.007075674 0.999543667 0.024583796
0 0.562546955 1.000083442 0.500000000 0.500000000 0.000000000 0.000000000 0.999496460 0.009815478 -0.030173808 -0.135690923 -0.009577989 0.999922097 0.008005191 0.526675305 0.030250033 -0.007712156 0.999512613 0.020107751
0 0.562546955 1.000083442 0.500000000 0.500000000 0.000000000 0.000000000 0.999467134 0.010311765 -0.030969806 -0.141280929 -0.010049493 0.999912441 0.008612371 0.545658574 0.031055903 -0.008296551 0.999483228 0.017944179
0 0.562546955 1.000083442 0.500000000 0.500000000 0.000000000 0.000000000 0.999435842 0.010265008 -0.031977694 -0.145604879 -0.009975757 0.999907970 0.009191844 0.563405659 0.032069106 -0.008867657 0.999446332 0.014801897
0 0.562546955 1.000083442 0.500000000 0.500000000 0.000000000 0.000000000 0.999411047 0.010354830 -0.032715369 -0.151607751 -0.010036507 0.999900818 0.009879374 0.581308164 0.032814424 -0.009545208 0.999415874 0.011530004
0 0.562546955 1.000083442 0.500000000 0.500000000 0.000000000 0.000000000 0.999378204 0.010483882 -0.033664085 -0.156874025 -0.010134004 0.999893010 0.010547084 0.599609397 0.033771057 -0.010199375 0.999377549 0.008308599
0 0.562546955 1.000083442 0.500000000 0.500000000 0.000000000 0.000000000 0.999350071 0.010615092 -0.034448937 -0.162944292 -0.010232924 0.999884367 0.011251152 0.617977475 0.034564383 -0.010891327 0.999343097 0.004909987
0 0.562546955 1.000083442 0.500000000 0.500000000 0.000000000 0.000000000 0.999316812 0.010511294 -0.035432048 -0.167830010 -0.010092510 0.999877334 0.011977579 0.635215798 0.035553604 -0.011611797 0.999300301 0.002024857
0 0.562546955 1.000083442 0.500000000 0.500000000 0.000000000 0.000000000 0.999287128 0.010498959 -0.036263138 -0.173614426 -0.010050573 0.999871075 0.012525015 0.654207146 0.036389962 -0.012151621 0.999263763 -0.000790158
0 0.562546955 1.000083442 0.500000000 0.500000000 0.000000000 0.000000000 0.999246478 0.010538294 -0.037354860 -0.178320641 -0.010041796 0.999859035 0.013454197 0.671238304 0.037491381 -0.013068949 0.999211490 -0.004116096
0 0.562546955 1.000083442 0.500000000 0.500000000 0.000000000 0.000000000 0.999208152 0.010476515 -0.038384359 -0.182477931 -0.009945159 0.999852419 0.014007922 0.690042291 0.038525447 -0.013615091 0.999164879 -0.007045671
0 0.562546955 1.000083442 0.500000000 0.500000000 0.000000000 0.000000000 0.999173641 0.010533507 -0.039256696 -0.188606907 -0.009962922 0.999842286 0.014702121 0.708242534 0.039405368 -0.014298860 0.999121010 -0.009547156
0 0.562546955 1.000083442 0.500000000 0.500000000 0.000000000 0.000000000 0.999136031 0.010254954 -0.040274024 -0.193243499 -0.009634047 0.999832213 0.015580982 0.724978734 0.040427048 -0.015179520 0.999067187 -0.013016411
0 0.562546955 1.000083442 0.500000000 0.500000000 0.000000000 0.000000000 0.999105096 0.010064731 -0.041081682 -0.199888893 -0.009395228 0.999820411 0.016457561 0.741548488 0.041239947 -0.016056862 0.999020219 -0.016781302
0 0.562546955 1.000083442 0.500000000 0.500000000 0.000000000 0.000000000 0.999056816 0.009990084 -0.042257152 -0.204763182 -0.009269758 0.999808967 0.017207976 0.759204411 0.042420991 -0.016800031 0.998958588 -0.020629276
0 0.562546955 1.000083442 0.500000000 0.500000000 0.000000000 0.000000000 0.999016345 0.009527623 -0.043307848 -0.209086869 -0.008752392 0.999798715 0.018054970 0.775567980 0.043471150 -0.017658163 0.998898625 -0.023055228
0 0.562546955 1.000083442 0.500000000 0.500000000 0.000000000 0.000000000 0.998975635 0.009367043 -0.044270631 -0.214584991 -0.008546974 0.999789059 0.018677130 0.793564305 0.044436242 -0.018279620 0.998844981 -0.027067131
0 0.562546955 1.000083442 0.500000000 0.500000000 0.000000000 0.000000000 0.998927832 0.008977002 -0.045416124 -0.219045532 -0.008088456 0.999773026 0.019710647 0.808809043 0.045582760 -0.019322168 0.998773694 -0.030476575
0 0.562546955 1.000083442 0.500000000 0.500000000 0.000000000 0.000000000 0.998889863 0.008790514 -0.046278849 -0.225096847 -0.007869032 0.999767900 0.020056184 0.828296651 0.046444412 -0.019669751 0.998727202 -0.033294418
0 0.562546955 1.000083442 0.500000000 0.500000000 0.000000000 0.000000000 0.998841882 0.008241072 -0.047402583 -0.229419423 -0.007265037 0.999758780 0.020725900 0.844979074 0.047561955 -0.020357516 0.998660803 -0.036682665
0 0.562546955 1.000083442 0.500000000 0.500000000 0.000000000 0.000000000 0.998782039 0.007750643 -0.048727676 -0.232877166 -0.006713099 0.999747992 0.021420427 0.862182894 0.048881419 -0.021067224 0.998582363 -0.040197843
0 0.562546955 1.000083442 0.500000000 0.500000000 0.000000000 0.000000000 0.998737097 0.007358258 -0.049699351 -0.238108569 -0.006269479 0.999737680 0.022027770 0.878738891 0.049848400 -0.021688363 0.998521268 -0.043455808
0 0.562546955 1.000083442 0.500000000 0.500000000 0.000000000 0.000000000 0.998670757 0.006670293 -0.051109929 -0.240975219 -0.005506330 0.999723017 0.022880783 0.894761162 0.051248394 -0.022568941 0.998430908 -0.047322464
0 0.562546955 1.000083442 0.500000000 0.500000000 0.000000000 0.000000000 0.998629212 0.006272882 -0.051964380 -0.247249158 -0.005085360 0.999723613 0.022953385 0.914221532 0.052093998 -0.022657664 0.998385131 -0.049988729
0 0.562546955 1.000083442 0.500000000 0.500000000 0.000000000 0.000000000 0.998589933 0.005936446 -0.052753270 -0.253820488 -0.004708072 0.999715567 0.023379114 0.932001136 0.052877057 -0.023097781 0.998333871 -0.054395958
0 0.562546955 1.000083442 0.500000000 0.500000000 0.000000000 0.000000000 0.998532653 0.005134191 -0.053909544 -0.258127064 -0.003843434 0.999704123 0.024019446 0.947386075 0.054016910 -0.023777002 0.998256922 -0.057925119
0 0.562546955 1.000083442 0.500000000 0.500000000 0.000000000 0.000000000 0.998465538 0.004618417 -0.055183951 -0.261456998 -0.003274405 0.999696434 0.024420772 0.964896621 0.055279981 -0.024202604 0.998177528 -0.062063103
0 0.562546955 1.000083442 0.500000000 0.500000000 0.000000000 0.000000000 0.998398602 0.003866660 -0.056437913 -0.264575842 -0.002465545 0.999687552 0.024874339 0.980939016 0.056516461 -0.024695357 0.998096228 -0.065758633
0 0.562546955 1.000083442 0.500000000 0.500000000 0.000000000 0.000000000 0.998345792 0.003233739 -0.057403792 -0.269748805 -0.001799959 0.999685526 0.025011243 0.998684686 0.057466622 -0.024866546 0.998037696 -0.069342996
0 0.562546955 1.000083442 0.500000000 0.500000000 0.000000000 0.000000000 0.998277426 0.002501468 -0.058616690 -0.273978211 -0.001016351 0.999678075 0.025352204 1.014952524 0.058661237 -0.025248958 0.997958601 -0.073461034
0 0.562546955 1.000083442 0.500000000 0.500000000 0.000000000 0.000000000 0.998220384 0.001991391 -0.059599694 -0.279012620 -0.000458620 0.999669075 0.025720399 1.030971301 0.059631187 -0.025647292 0.997890949 -0.077156569
0 0.562546955 1.000083442 0.500000000 0.500000000 0.000000000 0.000000000 0.998172641 0.001287017 -0.060413141 -0.285327343 0.000272451 0.999667108 0.025798062 1.047932532 0.060426235 -0.025767379 0.997840047 -0.081327281
0 0.562546955 1.000083442 0.500000000 0.500000000 0.000000000 0.000000000 0.998094916 0.000613712 -0.061694577 -0.288265160 0.000988393 0.999663174 0.025934456 1.065292212 0.061689712 -0.025946025 0.997758090 -0.083815647
0 0.562546955 1.000083442 0.500000000 0.500000000 0.000000000 0.000000000 0.998043358 0.000038607 -0.062526062 -0.294413165 0.001596538 0.999658048 0.026101252 1.080672259 0.062505685 -0.026150005 0.997701943 -0.088974516
0 0.562546955 1.000083442 0.500000000 0.500000000 0.000000000 0.000000000 0.997980595 -0.000658620 -0.063515946 -0.299457040 0.002336069 0.999650359 0.026339252 1.095944590 0.063476384 -0.026434440 0.997633159 -0.093168181
0 0.562546955 1.000083442 0.500000000 0.500000000 0.000000000 0.000000000 0.997914553 -0.001176501 -0.064538337 -0.304141707 0.002881890 0.999648929 0.026337711 1.111844767 0.064484693 -0.026468776 0.997567594 -0.096783644
0 0.562546955 1.000083442 0.500000000 0.500000000 0.000000000 0.000000000 0.997858703 -0.001787752 -0.065382391 -0.309976559 0.003515272 0.999647498 0.026316294 1.127856113 0.065312296 -0.026489779 0.997513235 -0.100488780
0 0.562546955 1.000083442 0.500000000 0.500000000 0.000000000 0.000000000 0.997783422 -0.002461209 -0.066499136 -0.313854620 0.004211795 0.999647915 0.026197596 1.143551287 0.066411242 -0.026419608 0.997442484 -0.104231637
0 0.562546955 1.000083442 0.500000000 0.500000000 0.000000000 0.000000000 0.997732401 -0.003150843 -0.067232057 -0.320668734 0.004904363 0.999651670 0.025932528 1.159633171 0.067126930 -0.026203454 0.997400284 -0.109461570
0 0.562546955 1.000083442 0.500000000 0.500000000 0.000000000 0.000000000 0.997645736 -0.003969640 -0.068463065 -0.323586557 0.005754330 0.999648213 0.025890438 1.174715778 0.068336211 -0.026223443 0.997317672 -0.113337751
0 0.562546955 1.000083442 0.500000000 0.500000000 0.000000000 0.000000000 0.997583926 -0.004496773 -0.069325745 -0.328939326 0.006278538 0.999655008 0.025504915 1.190168572 0.069187142 -0.025878560 0.997267962 -0.117862387
0 0.562546955 1.000083442 0.500000000 0.500000000 0.000000000 0.000000000 0.997487307 -0.005295860 -0.070646927 -0.331570640 0.007109873 0.999650776 0.025450457 1.204275236 0.070487477 -0.025888799 0.997176647 -0.121634808
0 0.562546955 1.000083442 0.500000000 0.500000000 0.000000000 0.000000000 0.997420311 -0.005866847 -0.071542144 -0.336635438 0.007668769 0.999659598 0.024938256 1.220091396 0.071371481 -0.025422564 0.997125745 -0.126458415
0 0.562546955 1.000083442 0.500000000 0.500000000 0.000000000 0.000000000 0.997332871 -0.006443108 -0.072702222 -0.340290981 0.008246433 0.999665022 0.024531426 1.234773241 0.072519809 -0.025065532 0.997051954 -0.131302079
0 0.562546955 1.000083442 0.500000000 0.500000000 0.000000000 0.000000000 0.997244775 -0.007348484 -0.073816054 -0.344097226 0.009163027 0.999663353 0.024273453 1.248377061 0.073612832 -0.024882954 0.996976435 -0.135402628
0 0.562546955 1.000083442 0.500000000 0.500000000 0.000000000 0.000000000 0.997147143 -0.007974951 -0.075059459 -0.346948439 0.009779117 0.999671280 0.023699731 1.262761834 0.074845783 -0.024366135 0.996897399 -0.139861404
0 0.562546955 1.000083442 0.500000000 0.500000000 0.000000000 0.000000000 0.997042537 -0.008680913 -0.076359577 -0.349805407 0.010487896 0.999673605 0.023295045 1.276504194 0.076132432 -0.024027003 0.996808171 -0.144980987
0 0.562546955 1.000083442 0.500000000 0.500000000 0.000000000 0.000000000 0.996927381 -0.009353222 -0.077770866 -0.351076677 0.011155341 0.999678493 0.022770096 1.290029863 0.077532887 -0.023567693 0.996711195 -0.149331244
0 0.562546955 1.000083442 0.500000000 0.500000000 0.000000000 0.000000000 0.996823609 -0.010000278 -0.079010844 -0.353740906 0.011780239 0.999686480 0.022094149 1.303898862 0.078765124 -0.022954736 0.996628881 -0.153745046
0 0.562546955 1.000083442 0.500000000 0.500000000 0.000000000 0.000000000 0.996720731 -0.010544593 -0.080228403 -0.356587202 0.012303786 0.999693871 0.021464644 1.317447984 0.079977512 -0.022381369 0.996545374 -0.158644212
0 0.562546955 1.000083442 0.500000000 0.500000000 0.000000000 0.000000000 0.996592164 -0.011085749 -0.081738576 -0.357684626 0.012814576 0.999704480 0.020656504 1.331499459 0.081485428 -0.021633554 0.996439695 -0.163232662
