0 0.483857899 0.860191859 0.500000000 0.500000000 0.000000000 0.000000000 0.994394720 -0.004486185 0.105636112 -0.251456422 0.004447283 0.999989927 0.000603821 -0.040237267 -0.105637759 -0.000130642 0.994404674 -4.618250578
0 0.483857899 0.860191859 0.500000000 0.500000000 0.000000000 0.000000000 0.994453609 -0.004400236 0.105084114 -0.249272169 0.004376533 0.999990344 0.000456146 -0.039309047 -0.105085105 0.000006289 0.994463205 -4.638144369
0 0.483857899 0.860191859 0.500000000 0.500000000 0.000000000 0.000000000 0.994552195 -0.004806378 0.104128696 -0.242263564 0.004800980 0.999988437 0.000302482 -0.038493921 -0.104128942 0.000199085 0.994563758 -4.659464776
0 0.483857899 0.860191859 0.500000000 0.500000000 0.000000000 0.000000000 0.994657874 -0.004550684 0.103126325 -0.237571993 0.004514403 0.999989629 0.000585207 -0.043054737 -0.103127919 -0.000116527 0.994668067 -4.679671784
0 0.483857899 0.860191859 0.500000000 0.500000000 0.000000000 0.000000000 0.994777918 -0.004238528 0.101974867 -0.231163375 0.004206332 0.999991000 0.000530753 -0.041621032 -0.101976201 -0.000099041 0.994786859 -4.700335452
0 0.483857899 0.860191859 0.500000000 0.500000000 0.000000000 0.000000000 0.994857728 -0.004536604 0.101180837 -0.226613846 0.004557982 0.999989629 0.000019895 -0.036620645 -0.101179875 0.000441388 0.994868040 -4.719334387
0 0.483857899 0.860191859 0.500000000 0.500000000 0.000000000 0.000000000 0.994969010 -0.004446191 0.100084350 -0.220292687 0.004435082 0.999990106 0.000333502 -0.040894398 -0.100084849 0.000112058 0.994978905 -4.740981740
0 0.483857899 0.860191859 0.500000000 0.500000000 0.000000000 0.000000000 0.995148361 -0.004364321 0.098288812 -0.210485741 0.004330636 0.999990463 0.000556060 -0.043424716 -0.098290302 -0.000127709 0.995157778 -4.763076848
0 0.483857899 0.860191859 0.500000000 0.500000000 0.000000000 0.000000000 0.995324016 -0.004618059 0.096482202 -0.201446720 0.004601268 0.999989331 0.000396523 -0.040643948 -0.096483007 0.000049271 0.995334625 -4.783569929
0 0.483857899 0.860191859 0.500000000 0.500000000 0.000000000 0.000000000 0.995495439 -0.004654296 0.094695032 -0.191499251 0.004672759 0.999989092 0.000026771 -0.037157926 -0.094694123 0.000415837 0.995506346 -4.804868190
0 0.483857899 0.860191859 0.500000000 0.500000000 0.000000000 0.000000000 0.995653331 -0.004427594 0.093031466 -0.183245471 0.004431617 0.999990165 0.000163349 -0.039160081 -0.093031272 0.000249641 0.995663166 -4.826122752
0 0.483857899 0.860191859 0.500000000 0.500000000 0.000000000 0.000000000 0.995861351 -0.004526019 0.090772606 -0.170940008 0.004527132 0.999989748 0.000193630 -0.038846557 -0.090772547 0.000218111 0.995871603 -4.846741880
0 0.483857899 0.860191859 0.500000000 0.500000000 0.000000000 0.000000000 0.996054947 -0.004664150 0.088615872 -0.159914033 0.004690653 0.999988973 -0.000090845 -0.034685727 -0.088614479 0.000506153 0.996065855 -4.866961278
0 0.483857899 0.860191859 0.500000000 0.500000000 0.000000000 0.000000000 0.996245742 -0.004163700 0.086470068 -0.147994616 0.004138874 0.999991298 0.000466380 -0.038676719 -0.086471260 -0.000106740 0.996254325 -4.886727743
0 0.483857899 0.860191859 0.500000000 0.500000000 0.000000000 0.000000000 0.996391177 -0.004337308 0.084769055 -0.140600545 0.004362350 0.999990463 -0.000110186 -0.033400417 -0.084767774 0.000479580 0.996400595 -4.906031284
0 0.483857899 0.860191859 0.500000000 0.500000000 0.000000000 0.000000000 0.996611834 -0.004490659 0.082125776 -0.126052118 0.004543517 0.999989569 -0.000456742 -0.029317138 -0.082122870 0.000828335 0.996621847 -4.927006741
0 0.483857899 0.860191859 0.500000000 0.500000000 0.000000000 0.000000000 0.996834636 -0.004081098 0.079398207 -0.111506636 0.004055334 0.999991655 0.000485745 -0.036876940 -0.079399534 -0.000162221 0.996842861 -4.946804169
0 0.483857899 0.860191859 0.500000000 0.500000000 0.000000000 0.000000000 0.996980250 -0.004334283 0.077534445 -0.105056772 0.004323066 0.999990582 0.000312526 -0.034079771 -0.077535078 0.000023605 0.996989608 -4.965315915
0 0.483857899 0.860191859 0.500000000 0.500000000 0.000000000 0.000000000 0.997196019 -0.004152600 0.074718304 -0.090257244 0.004144772 0.999991357 0.000259827 -0.033116737 -0.074718744 0.000050592 0.997204661 -4.986040001
0 0.483857899 0.860191859 0.500000000 0.500000000 0.000000000 0.000000000 0.997364581 -0.004506043 0.072412662 -0.079666667 0.004507410 0.999989808 0.000144524 -0.029543544 -0.072412573 0.000182250 0.997374773 -5.004596324
0 0.483857899 0.860191859 0.500000000 0.500000000 0.000000000 0.000000000 0.997547567 -0.004476879 0.069848217 -0.067347627 0.004467845 0.999989986 0.000285563 -0.029044916 -0.069848798 0.000027208 0.997557580 -5.023544501
0 0.483857899 0.860191859 0.500000000 0.500000000 0.000000000 0.000000000 0.997724116 -0.004509476 0.067277417 -0.054735878 0.004503886 0.999989808 0.000234756 -0.027829663 -0.067277789 0.000068788 0.997734308 -5.041306934
0 0.483857899 0.860191859 0.500000000 0.500000000 0.000000000 0.000000000 0.997888327 -0.004395183 0.064803958 -0.043014528 0.004372823 0.999990344 0.000486872 -0.029368883 -0.064805470 -0.000202468 0.997897923 -5.059256964
0 0.483857899 0.860191859 0.500000000 0.500000000 0.000000000 0.000000000 0.998077929 -0.004110580 0.061834674 -0.029769049 0.004072107 0.999991417 0.000748196 -0.031123582 -0.061837219 -0.000494960 0.998086154 -5.077311926
0 0.483857899 0.860191859 0.500000000 0.500000000 0.000000000 0.000000000 0.998248458 -0.004078476 0.059020430 -0.016997296 0.004038824 0.999991536 0.000791105 -0.031276694 -0.059023157 -0.000551347 0.998256445 -5.093681318
0 0.483857899 0.860191859 0.500000000 0.500000000 0.000000000 0.000000000 0.998394489 -0.003583770 0.056529194 -0.005014656 0.003524231 0.999993145 0.001152902 -0.033900572 -0.056532938 -0.000951829 0.998400271 -5.111168702
0 0.483857899 0.860191859 0.500000000 0.500000000 0.000000000 0.000000000 0.998535931 -0.004485946 0.053905673 0.005277273 0.004479896 0.999989927 0.000233059 -0.024688660 -0.053906176 0.000008774 0.998546004 -5.127103484
0 0.483857899 0.860191859 0.500000000 0.500000000 0.000000000 0.000000000 0.998713195 -0.004126283 0.050546344 0.021709634 0.004089016 0.999991298 0.000840669 -0.029236231 -0.050549373 -0.000632902 0.998721361 -5.144052741
0 0.483857899 0.860191859 0.500000000 0.500000000 0.000000000 0.000000000 0.998832405 -0.004291330 0.048118681 0.032465321 0.004268107 0.999990702 0.000585346 -0.025948002 -0.048120745 -0.000379287 0.998841465 -5.160666947
0 0.483857899 0.860191859 0.500000000 0.500000000 0.000000000 0.000000000 0.998965919 -0.004157480 0.045274545 0.045915620 0.004126516 0.999991179 0.000777362 -0.028171169 -0.045277379 -0.000589732 0.998974264 -5.177280562
0 0.483857899 0.860191859 0.500000000 0.500000000 0.000000000 0.000000000 0.999113441 -0.004239791 0.041885734 0.061909627 0.004222784 0.999990940 0.000494512 -0.024956867 -0.041887455 -0.000317199 0.999122262 -5.195984034
0 0.483857899 0.860191859 0.500000000 0.500000000 0.000000000 0.000000000 0.999233186 -0.003872013 0.038962662 0.075518969 0.003833557 0.999992073 0.001061660 -0.029604469 -0.038966466 -0.000911480 0.999240100 -5.213084426
0 0.483857899 0.860191859 0.500000000 0.500000000 0.000000000 0.000000000 0.999354064 -0.004299731 0.035678718 0.091179650 0.004286436 0.999990702 0.000449107 -0.023101637 -0.035680316 -0.000295883 0.999363184 -5.231935166
0 0.483857899 0.860191859 0.500000000 0.500000000 0.000000000 0.000000000 0.999464929 -0.004109354 0.032449238 0.104397190 0.004090244 0.999991417 0.000655288 -0.024772290 -0.032451652 -0.000522212 0.999473155 -5.250302733
0 0.483857899 0.860191859 0.500000000 0.500000000 0.000000000 0.000000000 0.999580860 -0.003912782 0.028684864 0.123455665 0.003890597 0.999992073 0.000829174 -0.025103406 -0.028687881 -0.000717225 0.999588132 -5.268382998
0 0.483857899 0.860191859 0.500000000 0.500000000 0.000000000 0.000000000 0.999675453 -0.003647540 0.025211629 0.139387693 0.003631104 0.999993145 0.000697651 -0.022368643 -0.025214000 -0.000605878 0.999681890 -5.287425219
0 0.483857899 0.860191859 0.500000000 0.500000000 0.000000000 0.000000000 0.999764860 -0.003800251 0.021349713 0.158447207 0.003797077 0.999992788 0.000189207 -0.017109176 -0.021350278 -0.000108096 0.999772072 -5.306559306
0 0.483857899 0.860191859 0.500000000 0.500000000 0.000000000 0.000000000 0.999839246 -0.003927833 0.017492937 0.177338103 0.003928434 0.999992311 0.000000007 -0.013928419 -0.017492801 0.000068713 0.999846995 -5.327268255
0 0.483857899 0.860191859 0.500000000 0.500000000 0.000000000 0.000000000 0.999899805 -0.003706011 0.013660713 0.194583990 0.003699790 0.999993026 0.000480628 -0.017081557 -0.013662400 -0.000430039 0.999906600 -5.345657360
0 0.483857899 0.860191859 0.500000000 0.500000000 0.000000000 0.000000000 0.999939978 -0.003851508 0.010257998 0.208706720 0.003849572 0.999992549 0.000208454 -0.013713603 -0.010258725 -0.000168953 0.999947369 -5.364118582
0 0.483857899 0.860191859 0.500000000 0.500000000 0.000000000 0.000000000 0.999976516 -0.003750102 0.005733605 0.232548825 0.003750020 0.999992967 0.000025108 -0.011138913 -0.005733659 -0.000003606 0.999983549 -5.385839533
0 0.483857899 0.860191859 0.500000000 0.500000000 0.000000000 0.000000000 0.999992669 -0.003595362 0.001322511 0.254160173 0.003594895 0.999993503 0.000355511 -0.012710556 -0.001323780 -0.000350754 0.999999046 -5.404292052
0 0.483857899 0.860191859 0.500000000 0.500000000 0.000000000 0.000000000 0.999989033 -0.003607135 -0.002989408 0.275400101 0.003607920 0.999993443 0.000257182 -0.010485126 0.002988461 -0.000267965 0.999995470 -5.423386892
0 0.483857899 0.860191859 0.500000000 0.500000000 0.000000000 0.000000000 0.999970078 -0.003472238 -0.006911170 0.293935368 0.003473385 0.999993980 0.000154046 -0.009325074 0.006910594 -0.000178047 0.999976099 -5.441848928
0 0.483857899 0.860191859 0.500000000 0.500000000 0.000000000 0.000000000 0.999931455 -0.003830196 -0.011063581 0.313374007 0.003830175 0.999992669 -0.000023098 -0.007069355 0.011063588 -0.000019279 0.999938786 -5.460505099
0 0.483857899 0.860191859 0.500000000 0.500000000 0.000000000 0.000000000 0.999875247 -0.003451974 -0.015412864 0.335151790 0.003458835 0.999993920 0.000418513 -0.008603397 0.015411326 -0.000471772 0.999881148 -5.478477142
0 0.483857899 0.860191859 0.500000000 0.500000000 0.000000000 0.000000000 0.999804020 -0.003532868 -0.019479949 0.354020348 0.003545450 0.999993503 0.000611365 -0.010717340 0.019477664 -0.000680310 0.999810040 -5.496501856
0 0.483857899 0.860191859 0.500000000 0.500000000 0.000000000 0.000000000 0.999702871 -0.003508917 -0.024122881 0.378412829 0.003510461 0.999993861 0.000021687 -0.006721696 0.024122655 -0.000106363 0.999709010 -5.513834988
0 0.483857899 0.860191859 0.500000000 0.500000000 0.000000000 0.000000000 0.999582291 -0.003207310 -0.028722918 0.401843327 0.003219882 0.999994755 0.000391461 -0.011156101 0.028721510 -0.000483782 0.999587357 -5.534427232
0 0.483857899 0.860191859 0.500000000 0.500000000 0.000000000 0.000000000 0.999441624 -0.003498907 -0.033228595 0.424555033 0.003506789 0.999993861 0.000178952 -0.008607439 0.033227764 -0.000295378 0.999447763 -5.551129535
0 0.483857899 0.860191859 0.500000000 0.500000000 0.000000000 0.000000000 0.999289036 -0.002929706 -0.037587825 0.446989400 0.002954899 0.999995470 0.000614701 -0.013117309 0.037585851 -0.000725332 0.999293149 -5.569177112
0 0.483857899 0.860191859 0.500000000 0.500000000 0.000000000 0.000000000 0.999116004 -0.002794841 -0.041944999 0.469036962 0.002837050 0.999995530 0.000946789 -0.017237160 0.041942164 -0.001064952 0.999119461 -5.586469532
0 0.483857899 0.860191859 0.500000000 0.500000000 0.000000000 0.000000000 0.998911381 -0.002821333 -0.046562314 0.491372096 0.002870491 0.999995410 0.000988908 -0.017566346 0.046559311 -0.001121488 0.998914897 -5.602330083
0 0.483857899 0.860191859 0.500000000 0.500000000 0.000000000 0.000000000 0.998656571 -0.002896942 -0.051736314 0.519313362 0.002944391 0.999995291 0.000840934 -0.017372959 0.051733635 -0.000992136 0.998660445 -5.618719704
0 0.483857899 0.860191859 0.500000000 0.500000000 0.000000000 0.000000000 0.998366058 -0.002838797 -0.057071108 0.546966246 0.002890141 0.999995470 0.000817127 -0.019028017 0.057068530 -0.000980735 0.998369753 -5.635077341
0 0.483857899 0.860191859 0.500000000 0.500000000 0.000000000 0.000000000 0.998070717 -0.002503404 -0.062036894 0.572414804 0.002559781 0.999996364 0.000829316 -0.021052087 0.062034592 -0.000986517 0.998073518 -5.650391194
0 0.483857899 0.860191859 0.500000000 0.500000000 0.000000000 0.000000000 0.997714818 -0.002524568 -0.067518651 0.600094517 0.002598453 0.999996126 0.001006490 -0.025102168 0.067515843 -0.001179634 0.997717500 -5.664958065
0 0.483857899 0.860191859 0.500000000 0.500000000 0.000000000 0.000000000 0.997309744 -0.002253367 -0.073267594 0.629663174 0.002332631 0.999996781 0.000996295 -0.024330832 0.073265113 -0.001164521 0.997311831 -5.679470829
0 0.483857899 0.860191859 0.500000000 0.500000000 0.000000000 0.000000000 0.996865213 -0.001988427 -0.079093322 0.660274017 0.002070654 0.999997377 0.000957621 -0.025213959 0.079091214 -0.001118394 0.996866763 -5.691519095
0 0.483857899 0.860191859 0.500000000 0.500000000 0.000000000 0.000000000 0.996387541 -0.001559124 -0.084908724 0.690650242 0.001669526 0.999997854 0.001229254 -0.029882232 0.084906630 -0.001366571 0.996387959 -5.704150117
0 0.483857899 0.860191859 0.500000000 0.500000000 0.000000000 0.000000000 0.995880127 -0.001453710 -0.090667576 0.718211712 0.001571881 0.999998033 0.001231945 -0.030113825 0.090665601 -0.001369388 0.995880425 -5.716783324
0 0.483857899 0.860191859 0.500000000 0.500000000 0.000000000 0.000000000 0.995268106 -0.001465429 -0.097155787 0.751977243 0.001565080 0.999998331 0.000949487 -0.027552809 0.097154237 -0.001097050 0.995268762 -5.727899580
0 0.483857899 0.860191859 0.500000000 0.500000000 0.000000000 0.000000000 0.994688570 -0.001438791 -0.102920033 0.779189296 0.001586651 0.999997795 0.001354801 -0.033724756 0.102917857 -0.001510903 0.994688690 -5.739364097
0 0.483857899 0.860191859 0.500000000 0.500000000 0.000000000 0.000000000 0.994026661 -0.001306513 -0.109129876 0.809669200 0.001475936 0.999997854 0.001471735 -0.035418653 0.109127723 -0.001624013 0.994026423 -5.751200524
0 0.483857899 0.860191859 0.500000000 0.500000000 0.000000000 0.000000000 0.993305027 -0.000930270 -0.115517259 0.843239411 0.001114567 0.999998212 0.001530822 -0.037703818 0.115515627 -0.001649325 0.993304312 -5.761490669
0 0.483857899 0.860191859 0.500000000 0.500000000 0.000000000 0.000000000 0.992613673 -0.000871352 -0.121314928 0.871059137 0.001096341 0.999997795 0.001787857 -0.042971773 0.121313103 -0.001907654 0.992612481 -5.770842272
0 0.483857899 0.860191859 0.500000000 0.500000000 0.000000000 0.000000000 0.991892517 -0.000799600 -0.127077043 0.899115880 0.001061163 0.999997437 0.001990622 -0.045646465 0.127075121 -0.002109332 0.991890848 -5.780848935
0 0.483857899 0.860191859 0.500000000 0.500000000 0.000000000 0.000000000 0.991082847 -0.000633777 -0.133245796 0.930287785 0.000890141 0.999997854 0.001864437 -0.045149238 0.133244336 -0.001966419 0.991081297 -5.791075310
0 0.483857899 0.860191859 0.500000000 0.500000000 0.000000000 0.000000000 0.990307271 -0.000186872 -0.138893753 0.958219357 0.000451801 0.999998152 0.001875902 -0.046471440 0.138893142 -0.001920472 0.990305483 -5.802150678
0 0.483857899 0.860191859 0.500000000 0.500000000 0.000000000 0.000000000 0.989514589 -0.000214790 -0.144432619 0.985481502 0.000485078 0.999998212 0.001836165 -0.045466242 0.144431964 -0.001886973 0.989512920 -5.812504506
0 0.483857899 0.860191859 0.500000000 0.500000000 0.000000000 0.000000000 0.988636732 -0.000197130 -0.150324315 1.014188050 0.000486302 0.999998093 0.001886896 -0.047459153 0.150323659 -0.001938558 0.988634944 -5.823492608
0 0.483857899 0.860191859 0.500000000 0.500000000 0.000000000 0.000000000 0.987789214 -0.000035705 -0.155796319 1.041172526 0.000313731 0.999998391 0.001759965 -0.047532985 0.155796006 -0.001787352 0.987787664 -5.835677511
0 0.483857899 0.860191859 0.500000000 0.500000000 0.000000000 0.000000000 0.986887157 0.000056399 -0.161411598 1.068964647 0.000217561 0.999998569 0.001679602 -0.046658846 0.161411464 -0.001692695 0.986885726 -5.848125201
0 0.483857899 0.860191859 0.500000000 0.500000000 0.000000000 0.000000000 0.985968828 0.000075584 -0.166929349 1.095139001 0.000182713 0.999998808 0.001531987 -0.044961635 0.166929260 -0.001540991 0.985967696 -5.858342476
0 0.483857899 0.860191859 0.500000000 0.500000000 0.000000000 0.000000000 0.985003352 0.000440576 -0.172534704 1.124467570 -0.000104039 0.999998093 0.001959586 -0.051481310 0.172535226 -0.001912249 0.985001504 -5.869649258
0 0.483857899 0.860191859 0.500000000 0.500000000 0.000000000 0.000000000 0.984048426 0.000599135 -0.177899748 1.151038547 -0.000251703 0.999998033 0.001975526 -0.051427402 0.177900583 -0.001899235 0.984046638 -5.881303751
0 0.483857899 0.860191859 0.500000000 0.500000000 0.000000000 0.000000000 0.983087957 0.000818085 -0.183132157 1.178206845 -0.000428344 0.999997556 0.002167744 -0.053666549 0.183133483 -0.002052639 0.983085930 -5.894886878
0 0.483857899 0.860191859 0.500000000 0.500000000 0.000000000 0.000000000 0.982129216 0.000855622 -0.188206062 1.203610791 -0.000527790 0.999998271 0.001791988 -0.049558604 0.188207269 -0.001660630 0.982127905 -5.908996144
0 0.483857899 0.860191859 0.500000000 0.500000000 0.000000000 0.000000000 0.981094420 0.001227863 -0.193525925 1.231287956 -0.000869369 0.999997735 0.001937350 -0.049727272 0.193527862 -0.001732478 0.981093228 -5.923117647
0 0.483857899 0.860191859 0.500000000 0.500000000 0.000000000 0.000000000 0.980048060 0.001409596 -0.198755562 1.258517195 -0.001037991 0.999997497 0.001973843 -0.049353133 0.198757842 -0.001728155 0.980047107 -5.936414532
0 0.483857899 0.860191859 0.500000000 0.500000000 0.000000000 0.000000000 0.979009748 0.001557886 -0.203807443 1.284124042 -0.001172153 0.999997258 0.002013332 -0.050895516 0.203810036 -0.001732178 0.979008913 -5.949507215
