0 0.488546046 0.868526325 0.500000000 0.500000000 0.000000000 0.000000000 0.835212588 -0.122158125 0.536187768 -0.726573906 0.111846477 0.992370963 0.051867254 0.180003224 -0.538433194 0.016650533 0.842503667 -1.420969622
0 0.488546046 0.868526325 0.500000000 0.500000000 0.000000000 0.000000000 0.835635960 -0.121961884 0.535572410 -0.720326020 0.111370541 0.992405713 0.052225314 0.182093683 -0.537874639 0.016005637 0.842872918 -1.440753807
0 0.488546046 0.868526325 0.500000000 0.500000000 0.000000000 0.000000000 0.836069047 -0.121756010 0.534943044 -0.713945434 0.110985853 0.992438376 0.052423351 0.184924781 -0.537280858 0.015541568 0.843260169 -1.460551517
0 0.488546046 0.868526325 0.500000000 0.500000000 0.000000000 0.000000000 0.836398661 -0.121666767 0.534447849 -0.708867797 0.110728748 0.992455423 0.052643981 0.187304779 -0.536820650 0.015147385 0.843560398 -1.479873175
0 0.488546046 0.868526325 0.500000000 0.500000000 0.000000000 0.000000000 0.836830914 -0.121608242 0.533784091 -0.702740858 0.110679626 0.992463768 0.052589890 0.190720223 -0.536156714 0.015070177 0.843983889 -1.499137003
0 0.488546046 0.868526325 0.500000000 0.500000000 0.000000000 0.000000000 0.837382019 -0.121196501 0.533012927 -0.696176397 0.110211968 0.992518842 0.052532110 0.193599066 -0.535392106 0.014754958 0.844474733 -1.518240296
0 0.488546046 0.868526325 0.500000000 0.500000000 0.000000000 0.000000000 0.837976694 -0.120848276 0.532156646 -0.689401322 0.109881401 0.992563844 0.052374750 0.196645585 -0.534528852 0.014585298 0.845024347 -1.537052642
0 0.488546046 0.868526325 0.500000000 0.500000000 0.000000000 0.000000000 0.838531673 -0.120601945 0.531337798 -0.682929815 0.109626263 0.992596507 0.052290604 0.199605940 -0.533710361 0.014401252 0.845544696 -1.555667780
0 0.488546046 0.868526325 0.500000000 0.500000000 0.000000000 0.000000000 0.839079618 -0.120555609 0.530482590 -0.676121101 0.109517932 0.992605388 0.052348353 0.202425315 -0.532870770 0.014172921 0.846077919 -1.574934535
0 0.488546046 0.868526325 0.500000000 0.500000000 0.000000000 0.000000000 0.839561343 -0.120314226 0.529774725 -0.670093294 0.109167576 0.992639720 0.052429467 0.204618972 -0.532183468 0.013816467 0.846516311 -1.592894248
0 0.488546046 0.868526325 0.500000000 0.500000000 0.000000000 0.000000000 0.840075612 -0.119948015 0.529042006 -0.663908712 0.108705886 0.992689133 0.052453164 0.207003394 -0.531465888 0.013445356 0.846973002 -1.610868246
0 0.488546046 0.868526325 0.500000000 0.500000000 0.000000000 0.000000000 0.840633631 -0.119639002 0.528224945 -0.657160796 0.108314112 0.992730975 0.052471686 0.209667686 -0.530662894 0.013104750 0.847481668 -1.630100714
0 0.488546046 0.868526325 0.500000000 0.500000000 0.000000000 0.000000000 0.841197908 -0.119294450 0.527403951 -0.650989390 0.107855260 0.992777765 0.052531384 0.211534892 -0.529861629 0.012693999 0.847989082 -1.648361374
0 0.488546046 0.868526325 0.500000000 0.500000000 0.000000000 0.000000000 0.841680229 -0.118897744 0.526723504 -0.645151013 0.107505254 0.992826700 0.052323107 0.214820531 -0.529166281 0.012586220 0.848424792 -1.666890242
0 0.488546046 0.868526325 0.500000000 0.500000000 0.000000000 0.000000000 0.842163146 -0.118381262 0.526067615 -0.639369566 0.106984034 0.992891431 0.052163873 0.217662430 -0.528503239 0.012350342 0.848841429 -1.686272125
0 0.488546046 0.868526325 0.500000000 0.500000000 0.000000000 0.000000000 0.842703342 -0.118069425 0.525272012 -0.633197393 0.106633626 0.992931664 0.052114639 0.220118413 -0.527712345 0.012094476 0.849337041 -1.705086040
0 0.488546046 0.868526325 0.500000000 0.500000000 0.000000000 0.000000000 0.843254447 -0.117584191 0.524495900 -0.627023383 0.106221862 0.992990375 0.051836282 0.223376447 -0.526914477 0.012001753 0.849833548 -1.723718785
0 0.488546046 0.868526325 0.500000000 0.500000000 0.000000000 0.000000000 0.843934715 -0.116957851 0.523540914 -0.619722494 0.105681233 0.993065894 0.051493205 0.227199644 -0.525933146 0.011871547 0.850443065 -1.743157556
0 0.488546046 0.868526325 0.500000000 0.500000000 0.000000000 0.000000000 0.844611824 -0.116245613 0.522606730 -0.612714350 0.105076015 0.993150890 0.051091924 0.230821005 -0.524966538 0.011760589 0.851041615 -1.762001537
0 0.488546046 0.868526325 0.500000000 0.500000000 0.000000000 0.000000000 0.845277131 -0.115752369 0.521639705 -0.605505614 0.104718529 0.993208408 0.050705589 0.234814625 -0.523966253 0.011765066 0.851657808 -1.780575316
0 0.488546046 0.868526325 0.500000000 0.500000000 0.000000000 0.000000000 0.845815241 -0.115430318 0.520838261 -0.599702450 0.104443282 0.993247032 0.050516844 0.237861423 -0.523152173 0.011670141 0.852159381 -1.799213767
0 0.488546046 0.868526325 0.500000000 0.500000000 0.000000000 0.000000000 0.846561015 -0.114906862 0.519741178 -0.592555300 0.104068562 0.993307590 0.050096996 0.241641595 -0.522019327 0.011678555 0.852853656 -1.817928184
0 0.488546046 0.868526325 0.500000000 0.500000000 0.000000000 0.000000000 0.847499609 -0.114147402 0.518377066 -0.583754599 0.103478402 0.993395746 0.049569402 0.245699638 -0.520611823 0.011630785 0.853714287 -1.836920971
0 0.488546046 0.868526325 0.500000000 0.500000000 0.000000000 0.000000000 0.848284543 -0.113675505 0.517195463 -0.575927978 0.103286937 0.993446648 0.048944417 0.251041612 -0.519369900 0.011900745 0.854466677 -1.857295326
0 0.488546046 0.868526325 0.500000000 0.500000000 0.000000000 0.000000000 0.849055946 -0.113236859 0.516024649 -0.568832035 0.103094041 0.993494093 0.048384398 0.255602584 -0.518146336 0.012118004 0.855206132 -1.876573293
0 0.488546046 0.868526325 0.500000000 0.500000000 0.000000000 0.000000000 0.849895358 -0.112523317 0.514797449 -0.561066584 0.102526933 0.993575871 0.047908723 0.259776257 -0.516881168 0.012063202 0.855972171 -1.895517610
0 0.488546046 0.868526325 0.500000000 0.500000000 0.000000000 0.000000000 0.850908935 -0.111678645 0.513304889 -0.551649313 0.101893269 0.993671060 0.047281742 0.264029683 -0.515336573 0.012069851 0.856902897 -1.914667235
0 0.488546046 0.868526325 0.500000000 0.500000000 0.000000000 0.000000000 0.851735234 -0.111071497 0.512064636 -0.543792652 0.101454318 0.993738890 0.046798479 0.267618756 -0.514056504 0.012091252 0.857671082 -1.933251424
0 0.488546046 0.868526325 0.500000000 0.500000000 0.000000000 0.000000000 0.852601349 -0.110411346 0.510764420 -0.535879269 0.101075061 0.993809700 0.046109587 0.272130227 -0.512693644 0.012312448 0.858483315 -1.952457372
0 0.488546046 0.868526325 0.500000000 0.500000000 0.000000000 0.000000000 0.853517413 -0.110125728 0.509293914 -0.527314682 0.100933865 0.993840814 0.045746930 0.275569781 -0.511195004 0.012359200 0.859375894 -1.973018847
0 0.488546046 0.868526325 0.500000000 0.500000000 0.000000000 0.000000000 0.854415119 -0.109724574 0.507873297 -0.519278454 0.100634187 0.993885934 0.045425389 0.278619076 -0.509752452 0.012297277 0.860233247 -1.993300105
0 0.488546046 0.868526325 0.500000000 0.500000000 0.000000000 0.000000000 0.855506241 -0.109128721 0.506162047 -0.509729043 0.100190945 0.993952096 0.044955451 0.282080947 -0.508006752 0.012253189 0.861265898 -2.013947160
0 0.488546046 0.868526325 0.500000000 0.500000000 0.000000000 0.000000000 0.856847405 -0.108536966 0.504016161 -0.498218972 0.099781416 0.994017243 0.044423513 0.285840061 -0.505822301 0.012227273 0.862551033 -2.034485742
0 0.488546046 0.868526325 0.500000000 0.500000000 0.000000000 0.000000000 0.858110785 -0.108022891 0.501973033 -0.487402790 0.099386737 0.994074583 0.044022243 0.288770527 -0.503754079 0.012113501 0.863762200 -2.054314198
0 0.488546046 0.868526325 0.500000000 0.500000000 0.000000000 0.000000000 0.859557331 -0.107548907 0.499594301 -0.474776759 0.099063016 0.994126856 0.043569189 0.292143782 -0.501345932 0.012041104 0.865163147 -2.074297470
0 0.488546046 0.868526325 0.500000000 0.500000000 0.000000000 0.000000000 0.861126900 -0.106977046 0.497007430 -0.460893541 0.098562539 0.994191825 0.043220393 0.294791739 -0.498744309 0.011768067 0.866669238 -2.094195858
0 0.488546046 0.868526325 0.500000000 0.500000000 0.000000000 0.000000000 0.862586439 -0.106595851 0.494552314 -0.448062930 0.098353900 0.994232833 0.042750496 0.298159132 -0.496257156 0.011765148 0.868095875 -2.113947288
0 0.488546046 0.868526325 0.500000000 0.500000000 0.000000000 0.000000000 0.864192545 -0.106319875 0.491800040 -0.433974788 0.098076291 0.994266450 0.042605687 0.299982240 -0.493510127 0.011414410 0.869665146 -2.133189080
0 0.488546046 0.868526325 0.500000000 0.500000000 0.000000000 0.000000000 0.865989089 -0.105946846 0.488710761 -0.417627058 0.097858422 0.994307339 0.042150505 0.303281524 -0.490394384 0.011322585 0.871427059 -2.151616546
0 0.488546046 0.868526325 0.500000000 0.500000000 0.000000000 0.000000000 0.867941916 -0.105454385 0.485341281 -0.399819225 0.097541109 0.994360864 0.041619580 0.306699537 -0.486993343 0.011217346 0.873333633 -2.169186825
0 0.488546046 0.868526325 0.500000000 0.500000000 0.000000000 0.000000000 0.869855225 -0.104803115 0.482045889 -0.382472528 0.097053148 0.994431496 0.041069396 0.309929465 -0.483665824 0.011059642 0.875182867 -2.186738524
0 0.488546046 0.868526325 0.500000000 0.500000000 0.000000000 0.000000000 0.872071326 -0.104043186 0.478190958 -0.361584164 0.096581563 0.994511008 0.040247675 0.314683034 -0.479753673 0.011085588 0.877333224 -2.204717394
0 0.488546046 0.868526325 0.500000000 0.500000000 0.000000000 0.000000000 0.874181509 -0.103344388 0.474475116 -0.342081586 0.096082821 0.994585156 0.039603699 0.318137603 -0.475998729 0.010968086 0.879377604 -2.223214507
0 0.488546046 0.868526325 0.500000000 0.500000000 0.000000000 0.000000000 0.876223624 -0.102619193 0.470851898 -0.322821014 0.095660947 0.994659007 0.038761072 0.322957054 -0.472314715 0.011078771 0.881360352 -2.241458907
0 0.488546046 0.868526325 0.500000000 0.500000000 0.000000000 0.000000000 0.878276467 -0.101887241 0.467171729 -0.303333280 0.095210567 0.994733453 0.037950609 0.327828102 -0.468578041 0.011148557 0.883351743 -2.259565283
0 0.488546046 0.868526325 0.500000000 0.500000000 0.000000000 0.000000000 0.880388379 -0.101144254 0.463342369 -0.283144985 0.094643652 0.994811118 0.037329324 0.331412441 -0.464713752 0.010988111 0.885392785 -2.277434043
0 0.488546046 0.868526325 0.500000000 0.500000000 0.000000000 0.000000000 0.882435620 -0.100358382 0.459603757 -0.263649200 0.094130516 0.994890094 0.036512829 0.335867025 -0.460919589 0.011042518 0.887373209 -2.295983943
0 0.488546046 0.868526325 0.500000000 0.500000000 0.000000000 0.000000000 0.884321511 -0.099625945 0.456125110 -0.245636081 0.093737558 0.994960904 0.035581861 0.341305652 -0.457371533 0.011290248 0.889204025 -2.315243224
0 0.488546046 0.868526325 0.500000000 0.500000000 0.000000000 0.000000000 0.886083126 -0.098756485 0.452883899 -0.229165336 0.093208581 0.995044708 0.034614980 0.346902578 -0.454058200 0.011540917 0.890897274 -2.334769745
0 0.488546046 0.868526325 0.500000000 0.500000000 0.000000000 0.000000000 0.887686968 -0.098139182 0.449867219 -0.214207835 0.092732430 0.995106876 0.034102503 0.350112600 -0.451012760 0.011444931 0.892444134 -2.353802103
0 0.488546046 0.868526325 0.500000000 0.500000000 0.000000000 0.000000000 0.889284194 -0.097315550 0.446881711 -0.199192780 0.092119411 0.995187581 0.033402316 0.354307304 -0.447981685 0.011462327 0.893969238 -2.372781351
0 0.488546046 0.868526325 0.500000000 0.500000000 0.000000000 0.000000000 0.890650094 -0.096601613 0.444309026 -0.186353224 0.091567285 0.995257378 0.032835379 0.357859341 -0.445373774 0.011439337 0.895271659 -2.390892973
0 0.488546046 0.868526325 0.500000000 0.500000000 0.000000000 0.000000000 0.892082155 -0.095843345 0.441591978 -0.172506966 0.091068506 0.995328605 0.032054566 0.362479346 -0.442601353 0.011619817 0.896643221 -2.409021212
0 0.488546046 0.868526325 0.500000000 0.500000000 0.000000000 0.000000000 0.893374383 -0.095071301 0.439139724 -0.160167704 0.090481430 0.995402217 0.031425964 0.366259061 -0.440108359 0.011658843 0.897868991 -2.427378318
0 0.488546046 0.868526325 0.500000000 0.500000000 0.000000000 0.000000000 0.894613862 -0.094287798 0.436778992 -0.148432198 0.089912832 0.995475292 0.030733874 0.370456075 -0.437700540 0.011777088 0.899043679 -2.446641055
0 0.488546046 0.868526325 0.500000000 0.500000000 0.000000000 0.000000000 0.895806432 -0.093627222 0.434470683 -0.137226607 0.089393988 0.995537758 0.030220050 0.373837591 -0.435361415 0.011767752 0.900178850 -2.465874492
0 0.488546046 0.868526325 0.500000000 0.500000000 0.000000000 0.000000000 0.896992326 -0.092947960 0.432163626 -0.125856037 0.088886887 0.995600700 0.029637361 0.377523013 -0.433017135 0.011829195 0.901308060 -2.484696756
0 0.488546046 0.868526325 0.500000000 0.500000000 0.000000000 0.000000000 0.898118138 -0.092311941 0.429956168 -0.114956216 0.088386208 0.995659888 0.029142587 0.380989236 -0.430780321 0.011828711 0.902379274 -2.504271817
0 0.488546046 0.868526325 0.500000000 0.500000000 0.000000000 0.000000000 0.899168015 -0.091742530 0.427878648 -0.104557299 0.087917008 0.995713115 0.028739648 0.383786240 -0.428681046 0.011776039 0.903379142 -2.523377803
0 0.488546046 0.868526325 0.500000000 0.500000000 0.000000000 0.000000000 0.900253654 -0.091201760 0.425706029 -0.093626388 0.087426007 0.995764792 0.028446667 0.386360637 -0.426497459 0.011608565 0.904414237 -2.541464861
0 0.488546046 0.868526325 0.500000000 0.500000000 0.000000000 0.000000000 0.901406586 -0.090538733 0.423401564 -0.081475205 0.086888649 0.995825529 0.027961107 0.389734818 -0.424165666 0.011584466 0.905510485 -2.559315684
0 0.488546046 0.868526325 0.500000000 0.500000000 0.000000000 0.000000000 0.902566075 -0.089845464 0.421072751 -0.069117698 0.086320415 0.995888710 0.027468421 0.393024515 -0.421809494 0.011555108 0.906610847 -2.577437175
0 0.488546046 0.868526325 0.500000000 0.500000000 0.000000000 0.000000000 0.903657854 -0.089105554 0.418882608 -0.057520616 0.085753322 0.995954156 0.026865238 0.397007972 -0.419581711 0.011643589 0.907642901 -2.596318206
0 0.488546046 0.868526325 0.500000000 0.500000000 0.000000000 0.000000000 0.904749453 -0.088507764 0.416647136 -0.044976563 0.085314713 0.996006370 0.026319295 0.400837312 -0.417312652 0.011733763 0.908687234 -2.614075808
0 0.488546046 0.868526325 0.500000000 0.500000000 0.000000000 0.000000000 0.906011224 -0.087711774 0.414065570 -0.030471028 0.084646046 0.996077359 0.025786828 0.404271948 -0.414703161 0.011685858 0.909881711 -2.630675156
0 0.488546046 0.868526325 0.500000000 0.500000000 0.000000000 0.000000000 0.907344401 -0.086966373 0.411294252 -0.014730295 0.084011734 0.996143699 0.025294362 0.407576619 -0.411907941 0.011602845 0.911151588 -2.646830055
0 0.488546046 0.868526325 0.500000000 0.500000000 0.000000000 0.000000000 0.908592880 -0.086043708 0.408724159 0.000342957 0.083364002 0.996220291 0.024404105 0.412965115 -0.409279138 0.011899484 0.912331641 -2.664242835
0 0.488546046 0.868526325 0.500000000 0.500000000 0.000000000 0.000000000 0.909695446 -0.085252106 0.406431168 0.013895702 0.082770303 0.996286392 0.023718026 0.417602816 -0.406943858 0.012064252 0.913373530 -2.682171073
0 0.488546046 0.868526325 0.500000000 0.500000000 0.000000000 0.000000000 0.910483658 -0.084318101 0.404857963 0.023452591 0.081903808 0.996367455 0.023316173 0.420431604 -0.405353278 0.011930415 0.914082229 -2.702502539
0 0.488546046 0.868526325 0.500000000 0.500000000 0.000000000 0.000000000 0.911025643 -0.083771333 0.403750688 0.030146632 0.081529953 0.996410668 0.022773383 0.424995377 -0.404209256 0.012170639 0.914585590 -2.724404114
0 0.488546046 0.868526325 0.500000000 0.500000000 0.000000000 0.000000000 0.911508858 -0.083412722 0.402733088 0.036777702 0.081370577 0.996436357 0.022211902 0.429997215 -0.403150648 0.012524281 0.915047944 -2.745833086
0 0.488546046 0.868526325 0.500000000 0.500000000 0.000000000 0.000000000 0.912099063 -0.082992040 0.401481837 0.045075446 0.081100933 0.996468842 0.021736724 0.434628945 -0.401868105 0.012734504 0.915609002 -2.765362818
0 0.488546046 0.868526325 0.500000000 0.500000000 0.000000000 0.000000000 0.912846923 -0.082665503 0.399846107 0.055177254 0.080815710 0.996496797 0.021517118 0.437895013 -0.400224090 0.012672012 0.916329682 -2.782577589
0 0.488546046 0.868526325 0.500000000 0.500000000 0.000000000 0.000000000 0.913699031 -0.082186379 0.397994339 0.066768089 0.080368258 0.996538043 0.021280348 0.440855247 -0.398365438 0.012542276 0.917141020 -2.799304727
0 0.488546046 0.868526325 0.500000000 0.500000000 0.000000000 0.000000000 0.914488375 -0.081624962 0.396293312 0.077868008 0.079923116 0.996583223 0.020836372 0.444716429 -0.396640033 0.012618376 0.917887509 -2.815629794
0 0.488546046 0.868526325 0.500000000 0.500000000 0.000000000 0.000000000 0.915196002 -0.081066564 0.394771397 0.088000380 0.079449505 0.996628702 0.020471070 0.448362951 -0.395100027 0.012629349 0.918551266 -2.832833988
0 0.488546046 0.868526325 0.500000000 0.500000000 0.000000000 0.000000000 0.915798545 -0.080653109 0.393456548 0.097057710 0.079091877 0.996662438 0.020209862 0.451595835 -0.393773347 0.012611053 0.919121027 -2.850788466
0 0.488546046 0.868526325 0.500000000 0.500000000 0.000000000 0.000000000 0.916246057 -0.080253139 0.392495394 0.104269187 0.078710563 0.996695876 0.020050500 0.454211646 -0.392807633 0.012522344 0.919535398 -2.869085321
0 0.488546046 0.868526325 0.500000000 0.500000000 0.000000000 0.000000000 0.916661203 -0.079938963 0.391589075 0.111645859 0.078426935 0.996721566 0.019882984 0.457304119 -0.391894698 0.012485171 0.919925332 -2.887089261
0 0.488546046 0.868526325 0.500000000 0.500000000 0.000000000 0.000000000 0.917186797 -0.079571746 0.390431494 0.120520827 0.078099772 0.996751428 0.019673539 0.460254133 -0.390728593 0.012448302 0.920421779 -2.904630031
0 0.488546046 0.868526325 0.500000000 0.500000000 0.000000000 0.000000000 0.917778313 -0.079250433 0.389104515 0.130400799 0.077881128 0.996775448 0.019319428 0.464158062 -0.389380902 0.012572946 0.920991004 -2.921120912
