0 0.475376804 0.845114370 0.500000000 0.500000000 0.000000000 0.000000000 0.986848891 -0.024171991 0.159827873 -0.595779583 0.021644538 0.999611914 0.017535886 -0.341433629 -0.160189718 -0.013845869 0.986989141 -3.086515795
0 0.475376804 0.845114370 0.500000000 0.500000000 0.000000000 0.000000000 0.986474752 -0.024463203 0.162077621 -0.602721118 0.021893514 0.999605000 0.017622057 -0.341941554 -0.162444696 -0.013835265 0.986620665 -3.115805589
0 0.475376804 0.845114370 0.500000000 0.500000000 0.000000000 0.000000000 0.986100912 -0.024930453 0.164266303 -0.608813276 0.022301329 0.999592304 0.017830359 -0.343238668 -0.164643854 -0.013919177 0.986254871 -3.145754215
0 0.475376804 0.845114370 0.500000000 0.500000000 0.000000000 0.000000000 0.985702634 -0.025088644 0.166616097 -0.616157995 0.022410145 0.999587953 0.017936852 -0.344203944 -0.166997448 -0.013946511 0.985858679 -3.174793011
0 0.475376804 0.845114370 0.500000000 0.500000000 0.000000000 0.000000000 0.985313773 -0.025403859 0.168853104 -0.622341550 0.022675537 0.999579608 0.018066945 -0.344780011 -0.169241101 -0.013972774 0.985475600 -3.204426464
0 0.475376804 0.845114370 0.500000000 0.500000000 0.000000000 0.000000000 0.984925210 -0.025565574 0.171081036 -0.628934209 0.022803308 0.999576271 0.018091941 -0.344610861 -0.171471074 -0.013917996 0.985090852 -3.234649041
0 0.475376804 0.845114370 0.500000000 0.500000000 0.000000000 0.000000000 0.984529495 -0.025859009 0.173300356 -0.635455517 0.023027657 0.999566793 0.018328877 -0.345796713 -0.173699245 -0.014054618 0.984698474 -3.264075872
0 0.475376804 0.845114370 0.500000000 0.500000000 0.000000000 0.000000000 0.984138906 -0.026052367 0.175476015 -0.641767316 0.023201250 0.999563694 0.018280258 -0.345409597 -0.175875694 -0.013919051 0.984313965 -3.293775716
0 0.475376804 0.845114370 0.500000000 0.500000000 0.000000000 0.000000000 0.983773708 -0.026284471 0.177477986 -0.647510867 0.023431133 0.999560595 0.018154301 -0.344412586 -0.177877173 -0.013701214 0.983957291 -3.323671487
0 0.475376804 0.845114370 0.500000000 0.500000000 0.000000000 0.000000000 0.983411431 -0.026503872 0.179442242 -0.652858740 0.023611071 0.999554873 0.018238051 -0.343780034 -0.179845735 -0.013698684 0.983599424 -3.352551691
0 0.475376804 0.845114370 0.500000000 0.500000000 0.000000000 0.000000000 0.983000100 -0.026596574 0.181668431 -0.659563745 0.023668632 0.999552965 0.018266335 -0.342280752 -0.182073042 -0.013655966 0.983190179 -3.380576638
0 0.475376804 0.845114370 0.500000000 0.500000000 0.000000000 0.000000000 0.982630312 -0.026764471 0.183633849 -0.665290267 0.023732632 0.999543667 0.018688565 -0.342869863 -0.184050232 -0.014005836 0.982817054 -3.408963331
0 0.475376804 0.845114370 0.500000000 0.500000000 0.000000000 0.000000000 0.982293367 -0.026862277 0.185413629 -0.670175154 0.023788856 0.999540567 0.018781248 -0.341503774 -0.185832962 -0.014037916 0.982481062 -3.435803294
0 0.475376804 0.845114370 0.500000000 0.500000000 0.000000000 0.000000000 0.981921911 -0.027083972 0.187338829 -0.676096042 0.023921367 0.999530971 0.019122334 -0.342340795 -0.187768862 -0.014295237 0.982109189 -3.463241188
0 0.475376804 0.845114370 0.500000000 0.500000000 0.000000000 0.000000000 0.981555104 -0.027130114 0.189244539 -0.682497110 0.023922641 0.999529183 0.019212972 -0.341582734 -0.189676687 -0.014331361 0.981742024 -3.490956619
0 0.475376804 0.845114370 0.500000000 0.500000000 0.000000000 0.000000000 0.981211782 -0.027324535 0.190988898 -0.688336291 0.024023345 0.999519646 0.019579258 -0.342707208 -0.191432163 -0.014623207 0.981396914 -3.517860457
0 0.475376804 0.845114370 0.500000000 0.500000000 0.000000000 0.000000000 0.980899096 -0.027489658 0.192564964 -0.694003202 0.024103429 0.999511242 0.019905968 -0.343857422 -0.193018049 -0.014884270 0.981082320 -3.544594694
0 0.475376804 0.845114370 0.500000000 0.500000000 0.000000000 0.000000000 0.980630398 -0.027672594 0.193902582 -0.698993300 0.024209272 0.999502659 0.020208512 -0.345528384 -0.194365367 -0.015122840 0.980812609 -3.572960477
0 0.475376804 0.845114370 0.500000000 0.500000000 0.000000000 0.000000000 0.980393112 -0.027661107 0.195100516 -0.703718405 0.024166893 0.999502480 0.020267960 -0.346066463 -0.195564076 -0.015155595 0.980573833 -3.600277921
0 0.475376804 0.845114370 0.500000000 0.500000000 0.000000000 0.000000000 0.980159938 -0.027861776 0.196240142 -0.707913706 0.024288911 0.999492943 0.020590223 -0.347735028 -0.196714312 -0.015415253 0.980339646 -3.628681628
0 0.475376804 0.845114370 0.500000000 0.500000000 0.000000000 0.000000000 0.979895115 -0.027866255 0.197557732 -0.713434937 0.024230033 0.999490023 0.020799760 -0.348820603 -0.198036581 -0.015594753 0.980070591 -3.657171493
0 0.475376804 0.845114370 0.500000000 0.500000000 0.000000000 0.000000000 0.979635954 -0.028037917 0.198814809 -0.718816662 0.024333332 0.999482214 0.021052731 -0.349784511 -0.199302137 -0.015786186 0.979810953 -3.685282337
0 0.475376804 0.845114370 0.500000000 0.500000000 0.000000000 0.000000000 0.979396641 -0.027988976 0.199996963 -0.724354559 0.024215728 0.999480069 0.021288425 -0.350615660 -0.200488821 -0.016006740 0.979565203 -3.713432540
0 0.475376804 0.845114370 0.500000000 0.500000000 0.000000000 0.000000000 0.979160190 -0.028000288 0.201149896 -0.729832583 0.024184719 0.999478400 0.021401793 -0.350046043 -0.201644242 -0.016091030 0.979326665 -3.742552808
0 0.475376804 0.845114370 0.500000000 0.500000000 0.000000000 0.000000000 0.978935778 -0.028049385 0.202232376 -0.735502918 0.024183467 0.999475002 0.021562312 -0.349083087 -0.202730998 -0.016217439 0.979100168 -3.769938927
0 0.475376804 0.845114370 0.500000000 0.500000000 0.000000000 0.000000000 0.978738189 -0.028426493 0.203134194 -0.739836082 0.024461821 0.999458611 0.022002133 -0.349203835 -0.203649670 -0.016565295 0.978903651 -3.797380338
0 0.475376804 0.845114370 0.500000000 0.500000000 0.000000000 0.000000000 0.978571415 -0.028491288 0.203927115 -0.743731482 0.024459887 0.999452889 0.022262638 -0.348617337 -0.204449832 -0.016797548 0.978732884 -3.825925948
0 0.475376804 0.845114370 0.500000000 0.500000000 0.000000000 0.000000000 0.978423595 -0.028583653 0.204622194 -0.747026026 0.024513112 0.999448478 0.022400705 -0.346823150 -0.205149636 -0.016901450 0.978584647 -3.852520677
0 0.475376804 0.845114370 0.500000000 0.500000000 0.000000000 0.000000000 0.978291988 -0.028678790 0.205237240 -0.749989157 0.024508581 0.999438822 0.022832841 -0.346474654 -0.205776900 -0.017307112 0.978445888 -3.879240455
0 0.475376804 0.845114370 0.500000000 0.500000000 0.000000000 0.000000000 0.978175104 -0.028700376 0.205790699 -0.752245193 0.024464285 0.999433756 0.023100032 -0.344946171 -0.206337154 -0.017561354 0.978323340 -3.905711967
0 0.475376804 0.845114370 0.500000000 0.500000000 0.000000000 0.000000000 0.978059292 -0.028807314 0.206325248 -0.754203400 0.024503533 0.999426186 0.023384800 -0.344462586 -0.206880510 -0.017816024 0.978204012 -3.932207743
0 0.475376804 0.845114370 0.500000000 0.500000000 0.000000000 0.000000000 0.977932811 -0.028929939 0.206907049 -0.756261570 0.024573481 0.999419570 0.023594819 -0.343605989 -0.207469553 -0.017989721 0.978076041 -3.959050984
0 0.475376804 0.845114370 0.500000000 0.500000000 0.000000000 0.000000000 0.977808535 -0.029074907 0.207473099 -0.758488702 0.024653003 0.999411106 0.023867521 -0.342853143 -0.208044872 -0.018223030 0.977949500 -3.985616236
0 0.475376804 0.845114370 0.500000000 0.500000000 0.000000000 0.000000000 0.977707922 -0.029226730 0.207925513 -0.759848822 0.024776390 0.999405444 0.023976279 -0.342057895 -0.208502650 -0.018290155 0.977850735 -4.011629449
0 0.475376804 0.845114370 0.500000000 0.500000000 0.000000000 0.000000000 0.977599263 -0.029314766 0.208423287 -0.761271659 0.024790831 0.999397635 0.024285231 -0.342230437 -0.209009662 -0.018574238 0.977737188 -4.038167669
0 0.475376804 0.845114370 0.500000000 0.500000000 0.000000000 0.000000000 0.977510929 -0.029426536 0.208821580 -0.762492858 0.024843974 0.999390244 0.024534507 -0.342684344 -0.209416211 -0.018794792 0.977645934 -4.064991009
0 0.475376804 0.845114370 0.500000000 0.500000000 0.000000000 0.000000000 0.977412224 -0.029477857 0.209275901 -0.763769076 0.024854898 0.999386191 0.024686471 -0.342836206 -0.209875152 -0.018927326 0.977544963 -4.091436676
0 0.475376804 0.845114370 0.500000000 0.500000000 0.000000000 0.000000000 0.977318227 -0.029641092 0.209691405 -0.765096811 0.024953863 0.999376833 0.024964092 -0.343547780 -0.210300714 -0.019165251 0.977448881 -4.118443114
0 0.475376804 0.845114370 0.500000000 0.500000000 0.000000000 0.000000000 0.977280200 -0.029896414 0.209832206 -0.764795609 0.025134480 0.999363244 0.025324749 -0.344569740 -0.210455716 -0.019475352 0.977409363 -4.146371736
0 0.475376804 0.845114370 0.500000000 0.500000000 0.000000000 0.000000000 0.977209270 -0.029939951 0.210156292 -0.765574288 0.025123265 0.999357760 0.025552580 -0.344361354 -0.210786358 -0.019690406 0.977333844 -4.173721699
0 0.475376804 0.845114370 0.500000000 0.500000000 0.000000000 0.000000000 0.977144599 -0.030047810 0.210441232 -0.766373359 0.025153533 0.999348164 0.025895990 -0.344368699 -0.211082175 -0.020010788 0.977263451 -4.200768167
0 0.475376804 0.845114370 0.500000000 0.500000000 0.000000000 0.000000000 0.977125168 -0.030084288 0.210526481 -0.766133695 0.025159840 0.999344468 0.026031196 -0.343118960 -0.211171597 -0.020138923 0.977241516 -4.228967282
0 0.475376804 0.845114370 0.500000000 0.500000000 0.000000000 0.000000000 0.977125645 -0.030090075 0.210523233 -0.765607784 0.025141545 0.999341965 0.026143556 -0.341844330 -0.211171359 -0.020252662 0.977239192 -4.256138696
0 0.475376804 0.845114370 0.500000000 0.500000000 0.000000000 0.000000000 0.977125525 -0.030174278 0.210511759 -0.765040639 0.025204539 0.999337554 0.026251700 -0.340600724 -0.211164445 -0.020345354 0.977238774 -4.283718546
0 0.475376804 0.845114370 0.500000000 0.500000000 0.000000000 0.000000000 0.977141857 -0.030313693 0.210416079 -0.764112775 0.025293637 0.999328554 0.026508749 -0.339490677 -0.211078361 -0.020580620 0.977252483 -4.311188710
0 0.475376804 0.845114370 0.500000000 0.500000000 0.000000000 0.000000000 0.977151811 -0.030261355 0.210377306 -0.763555662 0.025207452 0.999326587 0.026663853 -0.337646812 -0.211042508 -0.020751556 0.977256596 -4.336931227
0 0.475376804 0.845114370 0.500000000 0.500000000 0.000000000 0.000000000 0.977119863 -0.030282889 0.210522473 -0.763788100 0.025172014 0.999320745 0.026915152 -0.335976786 -0.211194545 -0.021000056 0.977218449 -4.362297626
0 0.475376804 0.845114370 0.500000000 0.500000000 0.000000000 0.000000000 0.977079511 -0.030245984 0.210714892 -0.764516984 0.025087718 0.999317586 0.027110787 -0.333804470 -0.211391076 -0.021203039 0.977171540 -4.388102325
0 0.475376804 0.845114370 0.500000000 0.500000000 0.000000000 0.000000000 0.977070153 -0.030117422 0.210776672 -0.765026234 0.024904473 0.999315798 0.027343625 -0.332543988 -0.211455986 -0.021467360 0.977151752 -4.412844069
0 0.475376804 0.845114370 0.500000000 0.500000000 0.000000000 0.000000000 0.977058113 -0.030270213 0.210810676 -0.765182872 0.024939295 0.999299526 0.027901191 -0.333287035 -0.211507589 -0.022003615 0.977128625 -4.437858547
0 0.475376804 0.845114370 0.500000000 0.500000000 0.000000000 0.000000000 0.977050841 -0.030167758 0.210859075 -0.765529055 0.024772050 0.999295712 0.028184516 -0.332825029 -0.211560830 -0.022314293 0.977110088 -4.463382682
0 0.475376804 0.845114370 0.500000000 0.500000000 0.000000000 0.000000000 0.977040648 -0.030094285 0.210916862 -0.766320726 0.024668511 0.999294758 0.028309369 -0.331643343 -0.211620063 -0.022456398 0.977093995 -4.488172649
0 0.475376804 0.845114370 0.500000000 0.500000000 0.000000000 0.000000000 0.977048218 -0.030097190 0.210881367 -0.766374663 0.024615131 0.999288559 0.028573452 -0.331865759 -0.211591318 -0.022726769 0.977093935 -4.513474853
0 0.475376804 0.845114370 0.500000000 0.500000000 0.000000000 0.000000000 0.977032542 -0.030090662 0.210954756 -0.767110124 0.024537191 0.999281287 0.028894350 -0.332212074 -0.211672589 -0.023054484 0.977068663 -4.539419755
0 0.475376804 0.845114370 0.500000000 0.500000000 0.000000000 0.000000000 0.977024436 -0.030038778 0.210999757 -0.768178900 0.024449769 0.999278963 0.029047880 -0.331908034 -0.211720169 -0.023221593 0.977054417 -4.565300416
0 0.475376804 0.845114370 0.500000000 0.500000000 0.000000000 0.000000000 0.977004886 -0.030170904 0.211071596 -0.769080901 0.024486793 0.999265015 0.029492434 -0.333660457 -0.211806282 -0.023645785 0.977025568 -4.591404791
0 0.475376804 0.845114370 0.500000000 0.500000000 0.000000000 0.000000000 0.976989925 -0.030185098 0.211138815 -0.770522383 0.024480093 0.999262512 0.029582588 -0.333072220 -0.211876050 -0.023733191 0.977008343 -4.617420764
0 0.475376804 0.845114370 0.500000000 0.500000000 0.000000000 0.000000000 0.976982415 -0.030166766 0.211175993 -0.771973269 0.024445239 0.999261320 0.029652577 -0.332242379 -0.211914524 -0.023807798 0.976998150 -4.644578138
0 0.475376804 0.845114370 0.500000000 0.500000000 0.000000000 0.000000000 0.976938188 -0.030223452 0.211372435 -0.774353435 0.024451802 0.999254763 0.029866848 -0.332489085 -0.212117597 -0.024009628 0.976949155 -4.670986933
0 0.475376804 0.845114370 0.500000000 0.500000000 0.000000000 0.000000000 0.976918995 -0.030116029 0.211476594 -0.776514222 0.024323376 0.999255717 0.029940173 -0.331500698 -0.212220877 -0.024105299 0.976924360 -4.697412776
0 0.475376804 0.845114370 0.500000000 0.500000000 0.000000000 0.000000000 0.976921797 -0.030232929 0.211446777 -0.777996882 0.024404131 0.999248266 0.030122353 -0.330772243 -0.212198511 -0.024267009 0.976925254 -4.724045678
0 0.475376804 0.845114370 0.500000000 0.500000000 0.000000000 0.000000000 0.976904690 -0.030165303 0.211535603 -0.779732114 0.024323586 0.999248981 0.030164292 -0.329108436 -0.212286636 -0.024322335 0.976904690 -4.750004050
0 0.475376804 0.845114370 0.500000000 0.500000000 0.000000000 0.000000000 0.976879954 -0.030117786 0.211656481 -0.781430003 0.024236759 0.999246180 0.030325918 -0.327298260 -0.212410271 -0.024494914 0.976873517 -4.775508161
0 0.475376804 0.845114370 0.500000000 0.500000000 0.000000000 0.000000000 0.976827204 -0.030048629 0.211909652 -0.783596511 0.024177192 0.999250054 0.030244762 -0.324019641 -0.212659553 -0.024420524 0.976821125 -4.801087941
0 0.475376804 0.845114370 0.500000000 0.500000000 0.000000000 0.000000000 0.976766527 -0.030168252 0.212172121 -0.786061856 0.024268994 0.999244511 0.030354222 -0.322542452 -0.212927565 -0.024499783 0.976760805 -4.826024646
0 0.475376804 0.845114370 0.500000000 0.500000000 0.000000000 0.000000000 0.976791978 -0.030182729 0.212052867 -0.786447824 0.024322115 0.999248147 0.030192416 -0.319363960 -0.212804720 -0.024334136 0.976791680 -4.851567202
0 0.475376804 0.845114370 0.500000000 0.500000000 0.000000000 0.000000000 0.976782560 -0.030378809 0.212068394 -0.787486870 0.024574328 0.999249160 0.029953660 -0.315838887 -0.212819129 -0.024046775 0.976795673 -4.877491324
0 0.475376804 0.845114370 0.500000000 0.500000000 0.000000000 0.000000000 0.976803839 -0.030398518 0.211967543 -0.787368485 0.024639664 0.999253392 0.029757876 -0.313043106 -0.212713882 -0.023844797 0.976823568 -4.902903197
0 0.475376804 0.845114370 0.500000000 0.500000000 0.000000000 0.000000000 0.976794958 -0.030367948 0.212012812 -0.788016895 0.024652718 0.999259293 0.029549174 -0.310196373 -0.212753117 -0.023636790 0.976820052 -4.928589765
0 0.475376804 0.845114370 0.500000000 0.500000000 0.000000000 0.000000000 0.976762533 -0.030335568 0.212166637 -0.789147821 0.024663517 0.999265432 0.029330179 -0.307565188 -0.212900534 -0.023415845 0.976793230 -4.954942256
0 0.475376804 0.845114370 0.500000000 0.500000000 0.000000000 0.000000000 0.976738930 -0.030445391 0.212259591 -0.789781314 0.024816226 0.999267399 0.029134672 -0.305589967 -0.212991104 -0.023189487 0.976778924 -4.980821976
0 0.475376804 0.845114370 0.500000000 0.500000000 0.000000000 0.000000000 0.976713359 -0.030542128 0.212363467 -0.790036525 0.024947317 0.999268770 0.028975865 -0.304514860 -0.213093162 -0.023003215 0.976761043 -5.007584903
0 0.475376804 0.845114370 0.500000000 0.500000000 0.000000000 0.000000000 0.976680756 -0.030505393 0.212518573 -0.790552241 0.024953745 0.999274909 0.028757168 -0.302840045 -0.213241726 -0.022783438 0.976733804 -5.034590216
0 0.475376804 0.845114370 0.500000000 0.500000000 0.000000000 0.000000000 0.976681292 -0.030617366 0.212499872 -0.789804548 0.025095025 0.999274850 0.028636822 -0.302563692 -0.213222548 -0.022636360 0.976741374 -5.061516720
0 0.475376804 0.845114370 0.500000000 0.500000000 0.000000000 0.000000000 0.976680756 -0.030628076 0.212500945 -0.789285215 0.025141789 0.999278367 0.028472682 -0.301679782 -0.213219658 -0.022466067 0.976745963 -5.088556265
0 0.475376804 0.845114370 0.500000000 0.500000000 0.000000000 0.000000000 0.976653516 -0.030966559 0.212577134 -0.788985885 0.025522202 0.999273360 0.028308360 -0.300913912 -0.213299274 -0.022222022 0.976734161 -5.119667356
0 0.475376804 0.845114370 0.500000000 0.500000000 0.000000000 0.000000000 0.976663351 -0.031158874 0.212503776 -0.787681848 0.025796635 0.999276102 0.027960407 -0.299042673 -0.213221163 -0.021826021 0.976760149 -5.146244920
0 0.475376804 0.845114370 0.500000000 0.500000000 0.000000000 0.000000000 0.976683617 -0.031289209 0.212391272 -0.786468622 0.025937678 0.999273121 0.027936917 -0.298677732 -0.213111013 -0.021776592 0.976785302 -5.172903945
0 0.475376804 0.845114370 0.500000000 0.500000000 0.000000000 0.000000000 0.976703882 -0.031451859 0.212274224 -0.784711464 0.026141616 0.999272287 0.027777052 -0.297346942 -0.212993383 -0.021580761 0.976815283 -5.198592720
0 0.475376804 0.845114370 0.500000000 0.500000000 0.000000000 0.000000000 0.976690829 -0.031370956 0.212346092 -0.784605130 0.026110401 0.999279797 0.027533237 -0.294978608 -0.213056907 -0.021347020 0.976806581 -5.224057101
0 0.475376804 0.845114370 0.500000000 0.500000000 0.000000000 0.000000000 0.976672292 -0.031425953 0.212423295 -0.784178126 0.026169801 0.999278903 0.027510978 -0.293765835 -0.213134676 -0.021310136 0.976790428 -5.248604611
