0 0.498256741 0.885789843 0.500000000 0.500000000 0.000000000 0.000000000 0.947246552 -0.049259007 0.316697836 0.802908108 0.050191298 0.998726010 0.005218588 0.414699907 -0.316551417 0.010952187 0.948512137 -1.743856957
0 0.498256741 0.885789843 0.500000000 0.500000000 0.000000000 0.000000000 0.947428584 -0.049045250 0.316186160 0.807737558 0.050193019 0.998729289 0.004518320 0.416641485 -0.316005975 0.011589551 0.948686421 -1.747322709
0 0.498256741 0.885789843 0.500000000 0.500000000 0.000000000 0.000000000 0.947718620 -0.049082868 0.315309823 0.813989721 0.050314192 0.998724461 0.004238893 0.417232427 -0.315115690 0.011847280 0.948979318 -1.751119815
0 0.498256741 0.885789843 0.500000000 0.500000000 0.000000000 0.000000000 0.947967768 -0.048875071 0.314592332 0.819313764 0.050297450 0.998727798 0.003599997 0.419765557 -0.314368039 0.012410511 0.949220061 -1.754901343
0 0.498256741 0.885789843 0.500000000 0.500000000 0.000000000 0.000000000 0.948335052 -0.048997406 0.313464314 0.826209030 0.050250363 0.998728275 0.004086315 0.418986717 -0.313265890 0.011876499 0.949591219 -1.758907875
0 0.498256741 0.885789843 0.500000000 0.500000000 0.000000000 0.000000000 0.948637784 -0.048731547 0.312588573 0.831900817 0.049769171 0.998749852 0.004663352 0.418193823 -0.312425047 0.011133444 0.949877143 -1.763100479
0 0.498256741 0.885789843 0.500000000 0.500000000 0.000000000 0.000000000 0.949022770 -0.048579853 0.311441451 0.838700598 0.049412794 0.998764813 0.005220819 0.417446565 -0.311310381 0.010434516 0.950250983 -1.766970710
0 0.498256741 0.885789843 0.500000000 0.500000000 0.000000000 0.000000000 0.949447513 -0.048482221 0.310159475 0.846216933 0.049174894 0.998774529 0.005590116 0.417339708 -0.310050398 0.009944537 0.950668097 -1.770406330
0 0.498256741 0.885789843 0.500000000 0.500000000 0.000000000 0.000000000 0.949875832 -0.048294432 0.308874726 0.853444542 0.048972573 0.998784661 0.005561715 0.417587257 -0.308767945 0.009843453 0.951086462 -1.773725237
0 0.498256741 0.885789843 0.500000000 0.500000000 0.000000000 0.000000000 0.950261712 -0.048305634 0.307683617 0.860645282 0.049060602 0.998781800 0.005285879 0.418013008 -0.307564139 0.010072176 0.951474011 -1.776956770
0 0.498256741 0.885789843 0.500000000 0.500000000 0.000000000 0.000000000 0.950761259 -0.048174761 0.306157172 0.869218180 0.049189456 0.998779774 0.004404760 0.420188234 -0.305995792 0.010871829 0.951970816 -1.780283038
0 0.498256741 0.885789843 0.500000000 0.500000000 0.000000000 0.000000000 0.951293707 -0.048240788 0.304488212 0.878504772 0.049399029 0.998771489 0.003903393 0.421294275 -0.304302454 0.011328150 0.952508092 -1.784013731
0 0.498256741 0.885789843 0.500000000 0.500000000 0.000000000 0.000000000 0.951637983 -0.048288029 0.303403020 0.885938969 0.049345959 0.998772979 0.004183518 0.420566019 -0.303232759 0.010990518 0.952853143 -1.789471905
0 0.498256741 0.885789843 0.500000000 0.500000000 0.000000000 0.000000000 0.952192128 -0.048029877 0.301700652 0.896100670 0.048975959 0.998790145 0.004432346 0.420771209 -0.301548511 0.010555635 0.953392386 -1.794131185
0 0.498256741 0.885789843 0.500000000 0.500000000 0.000000000 0.000000000 0.952669978 -0.047704034 0.300240278 0.905173838 0.048379302 0.998815536 0.005189246 0.419072616 -0.300132215 0.009581777 0.953849494 -1.799363446
0 0.498256741 0.885789843 0.500000000 0.500000000 0.000000000 0.000000000 0.953028500 -0.047551867 0.299124569 0.913466113 0.048052464 0.998828650 0.005685920 0.418106504 -0.299044549 0.008954828 0.954197109 -1.804720710
0 0.498256741 0.885789843 0.500000000 0.500000000 0.000000000 0.000000000 0.953641951 -0.047687404 0.297141254 0.926007755 0.048086204 0.998825312 0.005971455 0.417426430 -0.297077000 0.008593766 0.954814851 -1.808725775
0 0.498256741 0.885789843 0.500000000 0.500000000 0.000000000 0.000000000 0.954194009 -0.047567911 0.295382887 0.936837971 0.048039339 0.998829365 0.005665115 0.417560410 -0.295306593 0.008784380 0.955362141 -1.812826425
0 0.498256741 0.885789843 0.500000000 0.500000000 0.000000000 0.000000000 0.954883277 -0.047491271 0.293159604 0.949757637 0.048095271 0.998829484 0.005151846 0.418761934 -0.293061137 0.009180181 0.956049621 -1.816480493
0 0.498256741 0.885789843 0.500000000 0.500000000 0.000000000 0.000000000 0.955479562 -0.047374886 0.291229159 0.962078425 0.047941588 0.998836637 0.005193721 0.418082119 -0.291136384 0.008999494 0.956639230 -1.820583864
0 0.498256741 0.885789843 0.500000000 0.500000000 0.000000000 0.000000000 0.956131041 -0.047145665 0.289120585 0.975472468 0.047704905 0.998848379 0.005116312 0.418306931 -0.289028853 0.008900605 0.957279027 -1.824458502
0 0.498256741 0.885789843 0.500000000 0.500000000 0.000000000 0.000000000 0.956810713 -0.047171120 0.286859125 0.988982726 0.047695827 0.998848557 0.005162566 0.417452768 -0.286772341 0.008742386 0.957958877 -1.827529358
0 0.498256741 0.885789843 0.500000000 0.500000000 0.000000000 0.000000000 0.957565606 -0.047187839 0.284326196 1.003339443 0.047774963 0.998846233 0.004873747 0.417233560 -0.284228116 0.008916740 0.958715200 -1.830185918
0 0.498256741 0.885789843 0.500000000 0.500000000 0.000000000 0.000000000 0.958311558 -0.046889875 0.281851500 1.016905804 0.047899880 0.998846650 0.003309502 0.421481135 -0.281681627 0.010329119 0.959452331 -1.832479361
0 0.498256741 0.885789843 0.500000000 0.500000000 0.000000000 0.000000000 0.959132910 -0.046552181 0.279100299 1.032832733 0.047771856 0.998855293 0.002434019 0.423098997 -0.278894126 0.010998593 0.960258842 -1.835307115
0 0.498256741 0.885789843 0.500000000 0.500000000 0.000000000 0.000000000 0.959858000 -0.046495892 0.276605755 1.046955448 0.047707729 0.998858571 0.002350552 0.423190385 -0.276399344 0.010940036 0.960980594 -1.838868959
0 0.498256741 0.885789843 0.500000000 0.500000000 0.000000000 0.000000000 0.960595310 -0.046397258 0.274050981 1.061075337 0.047503255 0.998867691 0.002602864 0.422809527 -0.273861438 0.010518015 0.961711645 -1.841724729
0 0.498256741 0.885789843 0.500000000 0.500000000 0.000000000 0.000000000 0.961464703 -0.046112828 0.271033734 1.076477178 0.047113229 0.998885572 0.002817850 0.422201778 -0.270861626 0.010060010 0.962565720 -1.844525614
0 0.498256741 0.885789843 0.500000000 0.500000000 0.000000000 0.000000000 0.962229252 -0.045977443 0.268330008 1.089996747 0.046833694 0.998897552 0.003212490 0.420978089 -0.268181890 0.009475733 0.963321686 -1.847302771
0 0.498256741 0.885789843 0.500000000 0.500000000 0.000000000 0.000000000 0.963035285 -0.045651261 0.265478760 1.104334814 0.046521451 0.998912752 0.003012776 0.421588466 -0.265327662 0.009449048 0.964111984 -1.849811647
0 0.498256741 0.885789843 0.500000000 0.500000000 0.000000000 0.000000000 0.963911474 -0.045314185 0.262338221 1.118603080 0.046097226 0.998931944 0.003172021 0.420954983 -0.262201786 0.009035517 0.964970767 -1.852014642
0 0.498256741 0.885789843 0.500000000 0.500000000 0.000000000 0.000000000 0.964850068 -0.044930991 0.258931458 1.133585717 0.045597509 0.998953998 0.003434237 0.420281320 -0.258814931 0.008493106 0.965889573 -1.853635233
0 0.498256741 0.885789843 0.500000000 0.500000000 0.000000000 0.000000000 0.965729296 -0.044495936 0.255708873 1.147333505 0.045088582 0.998976707 0.003547152 0.419773912 -0.255605042 0.008103962 0.966747344 -1.855318949
0 0.498256741 0.885789843 0.500000000 0.500000000 0.000000000 0.000000000 0.966669083 -0.044361066 0.252156585 1.162358053 0.044877384 0.998985648 0.003705977 0.418564681 -0.252065182 0.007733674 0.967679381 -1.856624576
0 0.498256741 0.885789843 0.500000000 0.500000000 0.000000000 0.000000000 0.967560530 -0.043814089 0.248811141 1.176193015 0.044508256 0.999004960 0.002837754 0.421078208 -0.248687908 0.008328451 0.968547881 -1.857779784
0 0.498256741 0.885789843 0.500000000 0.500000000 0.000000000 0.000000000 0.968518913 -0.043480646 0.245113403 1.191001796 0.044075623 0.999023497 0.003060274 0.418917957 -0.245007113 0.007839593 0.969489574 -1.859055283
0 0.498256741 0.885789843 0.500000000 0.500000000 0.000000000 0.000000000 0.969421208 -0.042783674 0.241644561 1.205069220 0.043489989 0.999050975 0.002412445 0.420814971 -0.241518438 0.008170444 0.970361829 -1.860543882
0 0.498256741 0.885789843 0.500000000 0.500000000 0.000000000 0.000000000 0.970273674 -0.042240083 0.238295466 1.218672724 0.042946056 0.999074876 0.002230749 0.420885439 -0.238169238 0.008069414 0.971190155 -1.861877002
0 0.498256741 0.885789843 0.500000000 0.500000000 0.000000000 0.000000000 0.971149564 -0.041759532 0.234786332 1.233231084 0.042422093 0.999097288 0.002230268 0.420035711 -0.234667525 0.007794203 0.972044468 -1.863116512
0 0.498256741 0.885789843 0.500000000 0.500000000 0.000000000 0.000000000 0.971924782 -0.041466877 0.231609046 1.246667986 0.042174295 0.999108493 0.001898315 0.419687169 -0.231481269 0.007922929 0.972807109 -1.864825226
0 0.498256741 0.885789843 0.500000000 0.500000000 0.000000000 0.000000000 0.972711682 -0.040571474 0.228442505 1.259723827 0.041547451 0.999136388 0.000537319 0.422414387 -0.228267014 0.008968548 0.973557234 -1.866401287
0 0.498256741 0.885789843 0.500000000 0.500000000 0.000000000 0.000000000 0.973485291 -0.040633049 0.225111738 1.273022541 0.041548271 0.999136269 0.000672213 0.419348320 -0.224944606 0.008698613 0.974332750 -1.868807903
0 0.498256741 0.885789843 0.500000000 0.500000000 0.000000000 0.000000000 0.974178612 -0.040326260 0.222148180 1.285424303 0.041365586 0.999144077 -0.000025773 0.419671031 -0.221956998 0.009214398 0.975012898 -1.871374019
0 0.498256741 0.885789843 0.500000000 0.500000000 0.000000000 0.000000000 0.974819541 -0.039414808 0.219484225 1.296761013 0.040640958 0.999173224 -0.001072410 0.421410277 -0.219260499 0.009965456 0.975615442 -1.874968747
0 0.498256741 0.885789843 0.500000000 0.500000000 0.000000000 0.000000000 0.975443363 -0.039072942 0.216756895 1.308255780 0.040254224 0.999188960 -0.001035561 0.419644802 -0.216540635 0.009735513 0.976225078 -1.879277338
0 0.498256741 0.885789843 0.500000000 0.500000000 0.000000000 0.000000000 0.976048112 -0.038978674 0.214034393 1.320431473 0.040105786 0.999195039 -0.000924532 0.418449971 -0.213826060 0.009486404 0.976825714 -1.883350777
0 0.498256741 0.885789843 0.500000000 0.500000000 0.000000000 0.000000000 0.976555347 -0.038122922 0.211863831 1.330012644 0.039271161 0.999227881 -0.001212947 0.417675451 -0.211653993 0.009504649 0.977298439 -1.887881263
0 0.498256741 0.885789843 0.500000000 0.500000000 0.000000000 0.000000000 0.977023244 -0.037680574 0.209775507 1.338904538 0.038832173 0.999244809 -0.001372016 0.416165407 -0.209565386 0.009486530 0.977748632 -1.892865454
0 0.498256741 0.885789843 0.500000000 0.500000000 0.000000000 0.000000000 0.977602184 -0.037155062 0.207155615 1.350168375 0.038333047 0.999263644 -0.001673955 0.415577872 -0.206940874 0.009577367 0.978306592 -1.897942449
0 0.498256741 0.885789843 0.500000000 0.500000000 0.000000000 0.000000000 0.978103459 -0.036874894 0.204826534 1.360780086 0.038062908 0.999273598 -0.001861819 0.414103452 -0.204609096 0.009617344 0.978796542 -1.903793743
0 0.498256741 0.885789843 0.500000000 0.500000000 0.000000000 0.000000000 0.978591502 -0.035890717 0.202658787 1.370742525 0.037259780 0.999301255 -0.002943192 0.416010401 -0.202411562 0.010431205 0.979245007 -1.909401238
0 0.498256741 0.885789843 0.500000000 0.500000000 0.000000000 0.000000000 0.979008973 -0.035844751 0.200640559 1.379363759 0.037079796 0.999309421 -0.002399594 0.411626494 -0.200415984 0.009788935 0.979662001 -1.916729597
0 0.498256741 0.885789843 0.500000000 0.500000000 0.000000000 0.000000000 0.979443908 -0.035849687 0.198505551 1.389545791 0.037032370 0.999311566 -0.002247416 0.409492881 -0.198288307 0.009552348 0.980097175 -1.923950136
0 0.498256741 0.885789843 0.500000000 0.500000000 0.000000000 0.000000000 0.979933798 -0.035720572 0.196096450 1.400498416 0.036923714 0.999315023 -0.002481884 0.409065603 -0.195873469 0.009672691 0.980581462 -1.931051055
0 0.498256741 0.885789843 0.500000000 0.500000000 0.000000000 0.000000000 0.980372787 -0.035119552 0.193999603 1.410329187 0.036317900 0.999336839 -0.002622785 0.408223608 -0.193778843 0.009616965 0.980998099 -1.939449369
0 0.498256741 0.885789843 0.500000000 0.500000000 0.000000000 0.000000000 0.980671644 -0.034432266 0.192607298 1.418320725 0.035693888 0.999357998 -0.003083063 0.409378697 -0.192377493 0.009898376 0.981271088 -1.948473619
0 0.498256741 0.885789843 0.500000000 0.500000000 0.000000000 0.000000000 0.980998397 -0.034143254 0.190987796 1.428364031 0.035506174 0.999362528 -0.003717578 0.411625839 -0.190739110 0.010428184 0.981585383 -1.956813035
0 0.498256741 0.885789843 0.500000000 0.500000000 0.000000000 0.000000000 0.981366515 -0.034256179 0.189066857 1.438644871 0.035703089 0.999353409 -0.004251330 0.412715294 -0.188798979 0.010922384 0.981954992 -1.964431609
0 0.498256741 0.885789843 0.500000000 0.500000000 0.000000000 0.000000000 0.981771886 -0.034058236 0.186986566 1.449118520 0.035491157 0.999360681 -0.004319884 0.411242329 -0.186719880 0.010877510 0.982352972 -1.972901081
0 0.498256741 0.885789843 0.500000000 0.500000000 0.000000000 0.000000000 0.981929421 -0.033777885 0.186208680 1.454866419 0.035294537 0.999365270 -0.004834894 0.412133000 -0.185927168 0.011319673 0.982498348 -1.982413266
0 0.498256741 0.885789843 0.500000000 0.500000000 0.000000000 0.000000000 0.982194483 -0.033344083 0.184884235 1.463374145 0.034839503 0.999381185 -0.004844764 0.411036016 -0.184608281 0.011199776 0.982748389 -1.992487788
0 0.498256741 0.885789843 0.500000000 0.500000000 0.000000000 0.000000000 0.982449710 -0.033058185 0.183574870 1.471960927 0.034522310 0.999392450 -0.004784591 0.410118422 -0.183305174 0.011038048 0.982994080 -2.002775816
0 0.498256741 0.885789843 0.500000000 0.500000000 0.000000000 0.000000000 0.982624471 -0.032687105 0.182703927 1.479048878 0.034190685 0.999402404 -0.005084903 0.410335823 -0.182428539 0.011243323 0.983154833 -2.013194536
0 0.498256741 0.885789843 0.500000000 0.500000000 0.000000000 0.000000000 0.982795537 -0.031956516 0.181911424 1.485121521 0.033552859 0.999420643 -0.005703866 0.411498538 -0.181623757 0.011709382 0.983298361 -2.023057792
0 0.498256741 0.885789843 0.500000000 0.500000000 0.000000000 0.000000000 0.983101845 -0.032207936 0.180203885 1.494605601 0.033693668 0.999418736 -0.005189062 0.409412470 -0.179932013 0.011173106 0.983615577 -2.032649490
0 0.498256741 0.885789843 0.500000000 0.500000000 0.000000000 0.000000000 0.983196497 -0.031883650 0.179744646 1.499670695 0.033319216 0.999432385 -0.004972504 0.408163168 -0.179484084 0.010877899 0.983700752 -2.043725018
0 0.498256741 0.885789843 0.500000000 0.500000000 0.000000000 0.000000000 0.983382463 -0.031637512 0.178767890 1.506540352 0.033053499 0.999441326 -0.004947159 0.408464011 -0.178511515 0.010773853 0.983878851 -2.052811144
0 0.498256741 0.885789843 0.500000000 0.500000000 0.000000000 0.000000000 0.983550608 -0.031278182 0.177904159 1.512949320 0.032704093 0.999452114 -0.005087472 0.409514142 -0.177647561 0.010821979 0.984034657 -2.062081669
0 0.498256741 0.885789843 0.500000000 0.500000000 0.000000000 0.000000000 0.983747780 -0.031299748 0.176806852 1.520136145 0.032786258 0.999447286 -0.005491650 0.410966757 -0.176537246 0.011199234 0.984230220 -2.071107728
0 0.498256741 0.885789843 0.500000000 0.500000000 0.000000000 0.000000000 0.983888566 -0.030996596 0.176075205 1.525775973 0.032542113 0.999452949 -0.005896181 0.410900629 -0.175796136 0.011531045 0.984359086 -2.080808605
0 0.498256741 0.885789843 0.500000000 0.500000000 0.000000000 0.000000000 0.984053969 -0.031151930 0.175121084 1.532499112 0.032729309 0.999445498 -0.006125750 0.411187721 -0.174833149 0.011759660 0.984527826 -2.089242540
0 0.498256741 0.885789843 0.500000000 0.500000000 0.000000000 0.000000000 0.984231472 -0.030632887 0.174212456 1.538304256 0.032468542 0.999443114 -0.007695974 0.415877665 -0.173879683 0.013231045 0.984678030 -2.099446500
0 0.498256741 0.885789843 0.500000000 0.500000000 0.000000000 0.000000000 0.984386742 -0.030777896 0.173307315 1.545444815 0.032607876 0.999438405 -0.007721266 0.416848585 -0.172972336 0.013251896 0.984837532 -2.109679169
0 0.498256741 0.885789843 0.500000000 0.500000000 0.000000000 0.000000000 0.984481573 -0.030739548 0.172774717 1.550256141 0.032486077 0.999445617 -0.007289487 0.416585267 -0.172454849 0.012789139 0.984934390 -2.120629730
0 0.498256741 0.885789843 0.500000000 0.500000000 0.000000000 0.000000000 0.984654784 -0.030144971 0.171890303 1.556664610 0.031746641 0.999474287 -0.006576043 0.415065628 -0.171601713 0.011932072 0.985094130 -2.131318478
0 0.498256741 0.885789843 0.500000000 0.500000000 0.000000000 0.000000000 0.984851539 -0.029915713 0.170799673 1.564779604 0.031370096 0.999490857 -0.005822045 0.413116333 -0.170538545 0.011091852 0.985288560 -2.140756913
0 0.498256741 0.885789843 0.500000000 0.500000000 0.000000000 0.000000000 0.984969914 -0.029749280 0.170144901 1.570307656 0.031223388 0.999494433 -0.005994057 0.412126926 -0.169880569 0.011216466 0.985400796 -2.149779022
0 0.498256741 0.885789843 0.500000000 0.500000000 0.000000000 0.000000000 0.985118747 -0.029693659 0.169290766 1.577395485 0.031329155 0.999484599 -0.006997322 0.413635200 -0.168995738 0.012196929 0.985541284 -2.158288641
0 0.498256741 0.885789843 0.500000000 0.500000000 0.000000000 0.000000000 0.985242903 -0.029539922 0.168593705 1.583875748 0.031452708 0.999467492 -0.008685759 0.417835981 -0.168247342 0.013860311 0.985647380 -2.168244738
0 0.498256741 0.885789843 0.500000000 0.500000000 0.000000000 0.000000000 0.985373020 -0.029822458 0.167781636 1.590964252 0.031776007 0.999454737 -0.008970124 0.418831674 -0.167422637 0.014170348 0.985783398 -2.178631985
0 0.498256741 0.885789843 0.500000000 0.500000000 0.000000000 0.000000000 0.985443473 -0.029570222 0.167412058 1.596294237 0.031505153 0.999463856 -0.008913212 0.420299997 -0.167058736 0.014057809 0.985846698 -2.190483385
