0 0.503681425 0.895433666 0.500000000 0.500000000 0.000000000 0.000000000 0.950005591 -0.044029169 0.309112936 -0.013964830 0.044038456 0.999005675 0.006950890 0.150909639 -0.309111625 0.007009472 0.950999916 -0.241167531
0 0.503681425 0.895433666 0.500000000 0.500000000 0.000000000 0.000000000 0.947490215 -0.045227457 0.316570282 -0.019517031 0.045154866 0.998951316 0.007569360 0.160351176 -0.316580653 0.007122794 0.948538840 -0.247690837
0 0.503681425 0.895433666 0.500000000 0.500000000 0.000000000 0.000000000 0.945513666 -0.046668638 0.322220325 -0.017252351 0.046567041 0.998882890 0.008027829 0.169848706 -0.322235018 0.007414425 0.946630657 -0.252485635
0 0.503681425 0.895433666 0.500000000 0.500000000 0.000000000 0.000000000 0.942734003 -0.047626793 0.330127656 -0.023732453 0.047712985 0.998830259 0.007846744 0.179708777 -0.330115229 0.008353985 0.943903685 -0.258625147
0 0.503681425 0.895433666 0.500000000 0.500000000 0.000000000 0.000000000 0.940485477 -0.049080573 0.336271048 -0.023518930 0.049443360 0.998748839 0.007489210 0.190507614 -0.336217910 0.009582878 0.941735446 -0.262637831
0 0.503681425 0.895433666 0.500000000 0.500000000 0.000000000 0.000000000 0.937676251 -0.050033536 0.343889356 -0.028709075 0.050528537 0.998694241 0.007527992 0.200429103 -0.343816966 0.010317408 0.938979983 -0.267350375
0 0.503681425 0.895433666 0.500000000 0.500000000 0.000000000 0.000000000 0.935409665 -0.051251944 0.349831462 -0.029076046 0.051872581 0.998624802 0.007601806 0.210390299 -0.349739969 0.011035858 0.936781824 -0.270670631
0 0.503681425 0.895433666 0.500000000 0.500000000 0.000000000 0.000000000 0.932880104 -0.052273635 0.356373668 -0.032622561 0.052921265 0.998567104 0.007939810 0.218627365 -0.356278062 0.011452855 0.934309781 -0.274532206
0 0.503681425 0.895433666 0.500000000 0.500000000 0.000000000 0.000000000 0.930614591 -0.053348988 0.362091631 -0.033894520 0.054030977 0.998505175 0.008249916 0.225380490 -0.361990482 0.011886671 0.932106018 -0.278569648
0 0.503681425 0.895433666 0.500000000 0.500000000 0.000000000 0.000000000 0.928379714 -0.054414831 0.367627680 -0.034968786 0.055151977 0.998441696 0.008508774 0.230950348 -0.367517799 0.012376020 0.929934144 -0.283581980
0 0.503681425 0.895433666 0.500000000 0.500000000 0.000000000 0.000000000 0.926160693 -0.055433486 0.373032868 -0.036835186 0.056431092 0.998372376 0.008253970 0.237805416 -0.372883260 0.013406149 0.927781403 -0.287728533
0 0.503681425 0.895433666 0.500000000 0.500000000 0.000000000 0.000000000 0.923863351 -0.056243874 0.378567278 -0.039927870 0.057326701 0.998319983 0.008419502 0.243961274 -0.378404826 0.013923544 0.925535500 -0.292416064
0 0.503681425 0.895433666 0.500000000 0.500000000 0.000000000 0.000000000 0.921786785 -0.057303835 0.383438975 -0.040005677 0.058408059 0.998254240 0.008773282 0.250399747 -0.383272320 0.014308831 0.923524559 -0.296155775
0 0.503681425 0.895433666 0.500000000 0.500000000 0.000000000 0.000000000 0.919583261 -0.058027569 0.388586491 -0.042710475 0.059200916 0.998205841 0.008963992 0.256244319 -0.388409466 0.014761540 0.921368659 -0.300237090
0 0.503681425 0.895433666 0.500000000 0.500000000 0.000000000 0.000000000 0.917608678 -0.058990557 0.393083245 -0.044576491 0.060364131 0.998136938 0.008878531 0.263443651 -0.392874658 0.015581112 0.919459999 -0.302932190
0 0.503681425 0.895433666 0.500000000 0.500000000 0.000000000 0.000000000 0.915786982 -0.059739288 0.397196919 -0.045354946 0.061241355 0.998083174 0.008914326 0.271550552 -0.396968096 0.016161254 0.917690098 -0.305020099
0 0.503681425 0.895433666 0.500000000 0.500000000 0.000000000 0.000000000 0.914007068 -0.060569569 0.401151389 -0.046363375 0.062022626 0.998030722 0.009375942 0.279860622 -0.400929302 0.016310787 0.915963769 -0.306457825
0 0.503681425 0.895433666 0.500000000 0.500000000 0.000000000 0.000000000 0.912172973 -0.061307885 0.405193567 -0.047455770 0.062666543 0.997985184 0.009925225 0.288240898 -0.404985666 0.016338557 0.914177060 -0.307197451
0 0.503681425 0.895433666 0.500000000 0.500000000 0.000000000 0.000000000 0.910410941 -0.062160309 0.409008592 -0.048375791 0.063473530 0.997929573 0.010377816 0.295666672 -0.408806860 0.016513141 0.912471533 -0.308545117
0 0.503681425 0.895433666 0.500000000 0.500000000 0.000000000 0.000000000 0.908918738 -0.063170046 0.412160516 -0.049154319 0.064524770 0.997859359 0.010644022 0.303307869 -0.411950618 0.016920011 0.911049068 -0.310164249
0 0.503681425 0.895433666 0.500000000 0.500000000 0.000000000 0.000000000 0.907502472 -0.064247601 0.415104240 -0.049492329 0.065581009 0.997785985 0.011058487 0.310766291 -0.414895684 0.017187351 0.909706652 -0.312515485
0 0.503681425 0.895433666 0.500000000 0.500000000 0.000000000 0.000000000 0.906026483 -0.065011449 0.418197989 -0.049850707 0.066331826 0.997732520 0.011395677 0.317693040 -0.417990595 0.017415052 0.908284426 -0.314625468
0 0.503681425 0.895433666 0.500000000 0.500000000 0.000000000 0.000000000 0.904558063 -0.065494820 0.421289831 -0.050480856 0.066958912 0.997691333 0.011335167 0.324782125 -0.421059608 0.017955791 0.906855226 -0.316964905
0 0.503681425 0.895433666 0.500000000 0.500000000 0.000000000 0.000000000 0.903010488 -0.066004023 0.424517989 -0.050950942 0.067569204 0.997649610 0.011385120 0.331278565 -0.424271703 0.018403461 0.905347943 -0.319376032
0 0.503681425 0.895433666 0.500000000 0.500000000 0.000000000 0.000000000 0.901581168 -0.066795245 0.427422285 -0.051764632 0.068374008 0.997591436 0.011673822 0.338250835 -0.427172571 0.018699676 0.903976738 -0.321563473
0 0.503681425 0.895433666 0.500000000 0.500000000 0.000000000 0.000000000 0.900367677 -0.067533873 0.429857224 -0.051861063 0.069011927 0.997541606 0.012170889 0.344918857 -0.429622382 0.018706998 0.902814865 -0.323146492
0 0.503681425 0.895433666 0.500000000 0.500000000 0.000000000 0.000000000 0.899096429 -0.068214886 0.432402968 -0.052009204 0.069572143 0.997496068 0.012701146 0.350496954 -0.432186663 0.018663647 0.901591003 -0.324741162
0 0.503681425 0.895433666 0.500000000 0.500000000 0.000000000 0.000000000 0.897854865 -0.068666264 0.434904128 -0.052068234 0.070109673 0.997457862 0.012746242 0.357230291 -0.434673786 0.019046711 0.900386572 -0.325863291
0 0.503681425 0.895433666 0.500000000 0.500000000 0.000000000 0.000000000 0.896536231 -0.069147766 0.437540174 -0.051995325 0.070608146 0.997420073 0.012951057 0.363442483 -0.437306881 0.019282809 0.899105608 -0.327424450
0 0.503681425 0.895433666 0.500000000 0.500000000 0.000000000 0.000000000 0.895178139 -0.069755621 0.440216094 -0.052292953 0.071158193 0.997375786 0.013341879 0.369643614 -0.439991534 0.019381624 0.897792757 -0.329064992
0 0.503681425 0.895433666 0.500000000 0.500000000 0.000000000 0.000000000 0.893922865 -0.070265129 0.442678988 -0.053263207 0.071662016 0.997336328 0.013593717 0.375704643 -0.442454994 0.019571533 0.896577120 -0.330725561
0 0.503681425 0.895433666 0.500000000 0.500000000 0.000000000 0.000000000 0.892726839 -0.070656657 0.445024103 -0.053835065 0.072093062 0.997303486 0.013722231 0.381803837 -0.444793671 0.019832948 0.895413458 -0.332360653
0 0.503681425 0.895433666 0.500000000 0.500000000 0.000000000 0.000000000 0.891496897 -0.071151398 0.447404474 -0.055141942 0.072611682 0.997263253 0.013910430 0.387922579 -0.447169811 0.020085687 0.894223511 -0.333686811
0 0.503681425 0.895433666 0.500000000 0.500000000 0.000000000 0.000000000 0.890444517 -0.071563855 0.449429870 -0.055735674 0.072994515 0.997231662 0.014169464 0.393767119 -0.449199706 0.020188794 0.893203259 -0.334528882
0 0.503681425 0.895433666 0.500000000 0.500000000 0.000000000 0.000000000 0.889223397 -0.071986794 0.451773912 -0.057091267 0.073400065 0.997198284 0.014423260 0.399647996 -0.451546460 0.020334736 0.892015874 -0.335380483
0 0.503681425 0.895433666 0.500000000 0.500000000 0.000000000 0.000000000 0.888323426 -0.072579399 0.453446478 -0.057199791 0.073916808 0.997154593 0.014799638 0.404880448 -0.453230381 0.020370452 0.891160607 -0.336159066
0 0.503681425 0.895433666 0.500000000 0.500000000 0.000000000 0.000000000 0.887284935 -0.072782129 0.455442846 -0.058310814 0.074116610 0.997137427 0.014955190 0.410094983 -0.455227584 0.020486364 0.890139401 -0.336666823
0 0.503681425 0.895433666 0.500000000 0.500000000 0.000000000 0.000000000 0.886081457 -0.073168382 0.457718283 -0.058958847 0.074511491 0.997105122 0.015147553 0.415272684 -0.457501560 0.020683305 0.888968229 -0.337400980
0 0.503681425 0.895433666 0.500000000 0.500000000 0.000000000 0.000000000 0.884936512 -0.073539600 0.459868759 -0.060261227 0.074862070 0.997075140 0.015387718 0.420055263 -0.459655344 0.020809576 0.887853563 -0.337961533
0 0.503681425 0.895433666 0.500000000 0.500000000 0.000000000 0.000000000 0.884118795 -0.073856808 0.461388290 -0.060322272 0.075151995 0.997050107 0.015595659 0.424572387 -0.461179107 0.020885834 0.887061238 -0.338501304
0 0.503681425 0.895433666 0.500000000 0.500000000 0.000000000 0.000000000 0.883104265 -0.074056715 0.463295251 -0.061444088 0.075282983 0.997035861 0.015874278 0.428557294 -0.463097543 0.020859605 0.886061788 -0.339137369
0 0.503681425 0.895433666 0.500000000 0.500000000 0.000000000 0.000000000 0.882207274 -0.074317932 0.464959264 -0.061789838 0.075622775 0.997010112 0.015874002 0.433354178 -0.464748830 0.021157350 0.885189772 -0.339627376
0 0.503681425 0.895433666 0.500000000 0.500000000 0.000000000 0.000000000 0.881372690 -0.074618995 0.466491401 -0.062093140 0.075924665 0.996984780 0.016026193 0.437757869 -0.466280669 0.021293154 0.884380519 -0.340103409
0 0.503681425 0.895433666 0.500000000 0.500000000 0.000000000 0.000000000 0.880434811 -0.075044096 0.468191147 -0.062990057 0.076307587 0.996951103 0.016299842 0.442519563 -0.467986882 0.021375589 0.883476853 -0.340522671
0 0.503681425 0.895433666 0.500000000 0.500000000 0.000000000 0.000000000 0.879593968 -0.075600721 0.469679624 -0.063651406 0.076692544 0.996912599 0.016839147 0.446887765 -0.469502568 0.021209314 0.882676303 -0.340871521
0 0.503681425 0.895433666 0.500000000 0.500000000 0.000000000 0.000000000 0.878797174 -0.076237686 0.471066117 -0.063800200 0.077385001 0.996856928 0.016966501 0.452529626 -0.470879018 0.021543337 0.881934702 -0.340606183
0 0.503681425 0.895433666 0.500000000 0.500000000 0.000000000 0.000000000 0.877870321 -0.076735616 0.472710639 -0.064618539 0.077961124 0.996810913 0.017031850 0.457495557 -0.472510070 0.021901300 0.881053090 -0.340870343
0 0.503681425 0.895433666 0.500000000 0.500000000 0.000000000 0.000000000 0.877166033 -0.077185027 0.473943233 -0.063702336 0.078497455 0.996768534 0.017049097 0.462565615 -0.473727643 0.022248449 0.880390346 -0.340656430
0 0.503681425 0.895433666 0.500000000 0.500000000 0.000000000 0.000000000 0.876353621 -0.077554896 0.475383639 -0.064010645 0.078823484 0.996738434 0.017301196 0.467357175 -0.475174934 0.022309426 0.879608452 -0.341106929
0 0.503681425 0.895433666 0.500000000 0.500000000 0.000000000 0.000000000 0.875435948 -0.078008190 0.476997465 -0.064864797 0.079188667 0.996703088 0.017665505 0.471998290 -0.476802915 0.022307774 0.878727138 -0.341136097
0 0.503681425 0.895433666 0.500000000 0.500000000 0.000000000 0.000000000 0.874637187 -0.078248248 0.478421330 -0.065328878 0.079363503 0.996684611 0.017922593 0.476182681 -0.478237599 0.022293426 0.877947509 -0.340849157
0 0.503681425 0.895433666 0.500000000 0.500000000 0.000000000 0.000000000 0.873940289 -0.078638919 0.479629278 -0.064691907 0.079795927 0.996648490 0.018010752 0.480559832 -0.479438156 0.022532141 0.877286375 -0.339817476
0 0.503681425 0.895433666 0.500000000 0.500000000 0.000000000 0.000000000 0.873132229 -0.078908190 0.481054723 -0.064806092 0.080082670 0.996623456 0.018124752 0.484887396 -0.480860591 0.022698840 0.876503170 -0.338029252
0 0.503681425 0.895433666 0.500000000 0.500000000 0.000000000 0.000000000 0.872168183 -0.079190612 0.482754141 -0.066497103 0.080333963 0.996599138 0.018345932 0.488471648 -0.482565194 0.022780815 0.875563741 -0.337088736
0 0.503681425 0.895433666 0.500000000 0.500000000 0.000000000 0.000000000 0.871568799 -0.079595752 0.483768940 -0.065797028 0.080714196 0.996564627 0.018550886 0.491756367 -0.483583599 0.022878647 0.874999106 -0.335007261
0 0.503681425 0.895433666 0.500000000 0.500000000 0.000000000 0.000000000 0.870867491 -0.079896286 0.484980822 -0.065507142 0.081011355 0.996537745 0.018700765 0.495374470 -0.484795809 0.023003064 0.874324799 -0.333191163
0 0.503681425 0.895433666 0.500000000 0.500000000 0.000000000 0.000000000 0.870039403 -0.080133833 0.486425757 -0.065828055 0.081159018 0.996519983 0.019002737 0.498915031 -0.486255765 0.022944707 0.873515248 -0.331636978
0 0.503681425 0.895433666 0.500000000 0.500000000 0.000000000 0.000000000 0.869334579 -0.080302872 0.487656534 -0.066006689 0.081195101 0.996510327 0.019351609 0.502065721 -0.487508774 0.022772295 0.872821093 -0.329467670
0 0.503681425 0.895433666 0.500000000 0.500000000 0.000000000 0.000000000 0.868505418 -0.080415316 0.489113212 -0.067199927 0.081384979 0.996495426 0.019321093 0.505767986 -0.488952786 0.023025993 0.872006297 -0.327294848
0 0.503681425 0.895433666 0.500000000 0.500000000 0.000000000 0.000000000 0.867945850 -0.080805078 0.490041375 -0.066705599 0.081815638 0.996458650 0.019401159 0.509257730 -0.489873677 0.023253893 0.871483266 -0.324877455
0 0.503681425 0.895433666 0.500000000 0.500000000 0.000000000 0.000000000 0.867428362 -0.081382610 0.490861416 -0.067473954 0.082304358 0.996411383 0.019755950 0.512399753 -0.490707725 0.023263162 0.871013641 -0.321795430
0 0.503681425 0.895433666 0.500000000 0.500000000 0.000000000 0.000000000 0.866944253 -0.081560165 0.491686523 -0.066953303 0.082408637 0.996398389 0.019977616 0.515275478 -0.491545022 0.023199737 0.870543063 -0.318417968
0 0.503681425 0.895433666 0.500000000 0.500000000 0.000000000 0.000000000 0.866007984 -0.081688769 0.493312389 -0.068236314 0.082520224 0.996386051 0.020129988 0.517692815 -0.493173957 0.023275519 0.869619250 -0.314678010
0 0.503681425 0.895433666 0.500000000 0.500000000 0.000000000 0.000000000 0.865532935 -0.081964359 0.494099766 -0.068305795 0.082871988 0.996357262 0.020112023 0.520426128 -0.493948340 0.023539415 0.869172573 -0.310313637
0 0.503681425 0.895433666 0.500000000 0.500000000 0.000000000 0.000000000 0.865019202 -0.082313620 0.494940609 -0.069541279 0.083233409 0.996324718 0.020229893 0.523019231 -0.494786769 0.023696348 0.868691266 -0.305644953
0 0.503681425 0.895433666 0.500000000 0.500000000 0.000000000 0.000000000 0.864491820 -0.082686551 0.495799124 -0.070423942 0.083509371 0.996295154 0.020546708 0.525419626 -0.495661199 0.023641411 0.868194163 -0.301067486
0 0.503681425 0.895433666 0.500000000 0.500000000 0.000000000 0.000000000 0.864109457 -0.082925759 0.496425420 -0.071021752 0.083536647 0.996283054 0.021015683 0.527694588 -0.496322989 0.023309868 0.867824972 -0.296645172
0 0.503681425 0.895433666 0.500000000 0.500000000 0.000000000 0.000000000 0.863617837 -0.083090775 0.497252613 -0.071381680 0.083537087 0.996275008 0.021391837 0.530293615 -0.497177839 0.023064665 0.867342055 -0.291788272
0 0.503681425 0.895433666 0.500000000 0.500000000 0.000000000 0.000000000 0.863156140 -0.083373234 0.498006374 -0.071370354 0.083879679 0.996245980 0.021403324 0.532787909 -0.497921318 0.023298204 0.866909206 -0.286415854
0 0.503681425 0.895433666 0.500000000 0.500000000 0.000000000 0.000000000 0.862716258 -0.083575919 0.498734117 -0.072330482 0.084129147 0.996224701 0.021415837 0.534661516 -0.498641074 0.023482285 0.866490424 -0.281372184
0 0.503681425 0.895433666 0.500000000 0.500000000 0.000000000 0.000000000 0.862157881 -0.083759904 0.499667913 -0.073350378 0.084276207 0.996208727 0.021580234 0.536681060 -0.499581099 0.023504546 0.865948200 -0.276061862
0 0.503681425 0.895433666 0.500000000 0.500000000 0.000000000 0.000000000 0.861725271 -0.083957918 0.500380456 -0.073326619 0.084329158 0.996196747 0.021923391 0.538440609 -0.500318050 0.023304723 0.865528047 -0.270407017
0 0.503681425 0.895433666 0.500000000 0.500000000 0.000000000 0.000000000 0.861403584 -0.084084585 0.500912786 -0.073241799 0.084422551 0.996186197 0.022043778 0.540281875 -0.500855923 0.023299744 0.865217030 -0.264371370
0 0.503681425 0.895433666 0.500000000 0.500000000 0.000000000 0.000000000 0.861017048 -0.084184006 0.501560211 -0.073046758 0.084485270 0.996178091 0.022168828 0.541528379 -0.501509607 0.023286711 0.864838660 -0.258208472
0 0.503681425 0.895433666 0.500000000 0.500000000 0.000000000 0.000000000 0.860483468 -0.084431961 0.502433538 -0.073236754 0.084729262 0.996154666 0.022289835 0.543067497 -0.502383471 0.023390789 0.864328504 -0.251940292
0 0.503681425 0.895433666 0.500000000 0.500000000 0.000000000 0.000000000 0.860019743 -0.084671512 0.503186584 -0.073751450 0.084883325 0.996135890 0.022542313 0.543966485 -0.503150880 0.023325315 0.863883734 -0.245942836
0 0.503681425 0.895433666 0.500000000 0.500000000 0.000000000 0.000000000 0.859770417 -0.084789105 0.503592670 -0.073624876 0.085051365 0.996122301 0.022509594 0.545158999 -0.503548443 0.023478165 0.863647938 -0.239852864
0 0.503681425 0.895433666 0.500000000 0.500000000 0.000000000 0.000000000 0.859431565 -0.085067198 0.504123986 -0.074085425 0.085229263 0.996100783 0.022785632 0.545687865 -0.504096627 0.023383424 0.863330662 -0.234339793
0 0.503681425 0.895433666 0.500000000 0.500000000 0.000000000 0.000000000 0.859165728 -0.085066907 0.504576921 -0.075075853 0.085216053 0.996100843 0.022832010 0.547004947 -0.504551768 0.023381576 0.863064766 -0.228461178
0 0.503681425 0.895433666 0.500000000 0.500000000 0.000000000 0.000000000 0.859032393 -0.085232452 0.504775941 -0.075458145 0.085302159 0.996089101 0.023023676 0.547791589 -0.504764199 0.023280393 0.862943292 -0.222579099
0 0.503681425 0.895433666 0.500000000 0.500000000 0.000000000 0.000000000 0.858826697 -0.085280433 0.505117774 -0.075967216 0.085296042 0.996086717 0.023147462 0.548469844 -0.505115092 0.023204885 0.862739980 -0.216379893
