0 0.500355525 0.889520994 0.500000000 0.500000000 0.000000000 0.000000000 0.999981105 -0.005097059 0.003441401 0.011147687 0.005088614 0.999984026 0.002458037 0.260164767 -0.003453874 -0.002440479 0.999991059 -0.660003461
0 0.500355525 0.889520994 0.500000000 0.500000000 0.000000000 0.000000000 0.999979913 -0.005268574 0.003521507 0.013072064 0.005259647 0.999982953 0.002539310 0.262082357 -0.003534826 -0.002520737 0.999990582 -0.679807082
0 0.500355525 0.889520994 0.500000000 0.500000000 0.000000000 0.000000000 0.999976456 -0.005768372 0.003717377 0.014749237 0.005757641 0.999979258 0.002890848 0.262762019 -0.003733976 -0.002869376 0.999988914 -0.697209814
0 0.500355525 0.889520994 0.500000000 0.500000000 0.000000000 0.000000000 0.999977648 -0.005576351 0.003684323 0.017921288 0.005566266 0.999980748 0.002741850 0.265344573 -0.003699541 -0.002721280 0.999989450 -0.714330322
0 0.500355525 0.889520994 0.500000000 0.500000000 0.000000000 0.000000000 0.999976635 -0.005713933 0.003752938 0.020974124 0.005702931 0.999979436 0.002935951 0.266816191 -0.003769637 -0.002914479 0.999988675 -0.731988248
0 0.500355525 0.889520994 0.500000000 0.500000000 0.000000000 0.000000000 0.999974251 -0.006014199 0.003917946 0.022449917 0.006001893 0.999977052 0.003145069 0.268066130 -0.003936771 -0.003121473 0.999987364 -0.749616853
0 0.500355525 0.889520994 0.500000000 0.500000000 0.000000000 0.000000000 0.999971807 -0.006360848 0.003985331 0.025436490 0.006347567 0.999974310 0.003336249 0.269306737 -0.004006450 -0.003310858 0.999986470 -0.765181049
0 0.500355525 0.889520994 0.500000000 0.500000000 0.000000000 0.000000000 0.999968648 -0.006746348 0.004152687 0.026933825 0.006731417 0.999970853 0.003598871 0.270906597 -0.004176845 -0.003570804 0.999984920 -0.781285150
0 0.500355525 0.889520994 0.500000000 0.500000000 0.000000000 0.000000000 0.999969840 -0.006609208 0.004072740 0.030014971 0.006594997 0.999972165 0.003492824 0.273751149 -0.004095711 -0.003465859 0.999985635 -0.796767144
0 0.500355525 0.889520994 0.500000000 0.500000000 0.000000000 0.000000000 0.999960482 -0.007629686 0.004564232 0.029944606 0.007609786 0.999961555 0.004361633 0.272619965 -0.004597334 -0.004326728 0.999980092 -0.812483680
0 0.500355525 0.889520994 0.500000000 0.500000000 0.000000000 0.000000000 0.999963164 -0.007338565 0.004453679 0.033289188 0.007320134 0.999964654 0.004140570 0.276311374 -0.004483907 -0.004107816 0.999981523 -0.827610426
0 0.500355525 0.889520994 0.500000000 0.500000000 0.000000000 0.000000000 0.999957860 -0.007919290 0.004649469 0.034770689 0.007898181 0.999958515 0.004541057 0.276765939 -0.004685238 -0.004504143 0.999978900 -0.840977151
0 0.500355525 0.889520994 0.500000000 0.500000000 0.000000000 0.000000000 0.999945700 -0.009056515 0.005157737 0.034647358 0.009028664 0.999944687 0.005397702 0.275171828 -0.005206335 -0.005350841 0.999972105 -0.855462006
0 0.500355525 0.889520994 0.500000000 0.500000000 0.000000000 0.000000000 0.999944270 -0.009206672 0.005167149 0.037701449 0.009178438 0.999942958 0.005461521 0.277108264 -0.005217136 -0.005413791 0.999971747 -0.865967652
0 0.500355525 0.889520994 0.500000000 0.500000000 0.000000000 0.000000000 0.999934793 -0.009997136 0.005525027 0.038349121 0.009963392 0.999931753 0.006101492 0.276997597 -0.005585648 -0.006046046 0.999966145 -0.877636257
0 0.500355525 0.889520994 0.500000000 0.500000000 0.000000000 0.000000000 0.999923289 -0.010885011 0.005910062 0.039674738 0.010845453 0.999918818 0.006684828 0.276914809 -0.005982347 -0.006620218 0.999960184 -0.887411789
0 0.500355525 0.889520994 0.500000000 0.500000000 0.000000000 0.000000000 0.999917507 -0.011316353 0.006075774 0.041744466 0.011273257 0.999911368 0.007081087 0.277569051 -0.006155368 -0.007012010 0.999956489 -0.897899310
0 0.500355525 0.889520994 0.500000000 0.500000000 0.000000000 0.000000000 0.999909103 -0.011933093 0.006271737 0.042967547 0.011885847 0.999901116 0.007517181 0.278451661 -0.006360820 -0.007441953 0.999952078 -0.910796048
0 0.500355525 0.889520994 0.500000000 0.500000000 0.000000000 0.000000000 0.999893248 -0.012963831 0.006738591 0.043103618 0.012907101 0.999881446 0.008395199 0.277017241 -0.006846626 -0.008307327 0.999942064 -0.918463079
0 0.500355525 0.889520994 0.500000000 0.500000000 0.000000000 0.000000000 0.999873340 -0.014169084 0.007247010 0.042508462 0.014101044 0.999856830 0.009355071 0.275509138 -0.007378526 -0.009251696 0.999929965 -0.929778882
0 0.500355525 0.889520994 0.500000000 0.500000000 0.000000000 0.000000000 0.999862611 -0.014798889 0.007469860 0.043183927 0.014724812 0.999842823 0.009876244 0.275893745 -0.007614844 -0.009764894 0.999923348 -0.941034808
0 0.500355525 0.889520994 0.500000000 0.500000000 0.000000000 0.000000000 0.999851406 -0.015430700 0.007682623 0.044559904 0.015351512 0.999829471 0.010261958 0.276888531 -0.007839662 -0.010142493 0.999917805 -0.950895846
0 0.500355525 0.889520994 0.500000000 0.500000000 0.000000000 0.000000000 0.999833167 -0.016431022 0.007981430 0.045110221 0.016343368 0.999806762 0.010925976 0.277095741 -0.008159412 -0.010793709 0.999908447 -0.961220289
0 0.500355525 0.889520994 0.500000000 0.500000000 0.000000000 0.000000000 0.999822795 -0.016933316 0.008226001 0.045151279 0.016840287 0.999794900 0.011249697 0.278528706 -0.008414809 -0.011109175 0.999902904 -0.972099103
0 0.500355525 0.889520994 0.500000000 0.500000000 0.000000000 0.000000000 0.999805927 -0.017737867 0.008569946 0.044793307 0.017635088 0.999773383 0.011923244 0.278611422 -0.008779496 -0.011769799 0.999892175 -0.983786145
0 0.500355525 0.889520994 0.500000000 0.500000000 0.000000000 0.000000000 0.999793351 -0.018302698 0.008847057 0.044185933 0.018192710 0.999758124 0.012356702 0.279565009 -0.009071078 -0.012193196 0.999884486 -0.994991824
0 0.500355525 0.889520994 0.500000000 0.500000000 0.000000000 0.000000000 0.999785006 -0.018670667 0.009017419 0.043850480 0.018555494 0.999747276 0.012691439 0.280649754 -0.009252098 -0.012521388 0.999878824 -1.007598114
0 0.500355525 0.889520994 0.500000000 0.500000000 0.000000000 0.000000000 0.999783695 -0.018703077 0.009095228 0.043456255 0.018586498 0.999746144 0.012737571 0.282879435 -0.009331151 -0.012565767 0.999877512 -1.020425191
0 0.500355525 0.889520994 0.500000000 0.500000000 0.000000000 0.000000000 0.999769211 -0.019317091 0.009401336 0.041631562 0.019194042 0.999731183 0.013007159 0.284592192 -0.009650069 -0.012823708 0.999871194 -1.034449359
0 0.500355525 0.889520994 0.500000000 0.500000000 0.000000000 0.000000000 0.999762893 -0.019591685 0.009503745 0.041381063 0.019464351 0.999721944 0.013310688 0.285581881 -0.009761881 -0.013122547 0.999866247 -1.046297024
0 0.500355525 0.889520994 0.500000000 0.500000000 0.000000000 0.000000000 0.999767303 -0.019368770 0.009495532 0.040821245 0.019243330 0.999728620 0.013128414 0.288891957 -0.009747237 -0.012942634 0.999868751 -1.058927563
0 0.500355525 0.889520994 0.500000000 0.500000000 0.000000000 0.000000000 0.999764502 -0.019517668 0.009488252 0.040380811 0.019391002 0.999723971 0.013263244 0.290352554 -0.009744501 -0.013076133 0.999867022 -1.070666916
0 0.500355525 0.889520994 0.500000000 0.500000000 0.000000000 0.000000000 0.999766111 -0.019456515 0.009441777 0.039669589 0.019331396 0.999726415 0.013166894 0.292905967 -0.009695376 -0.012981292 0.999868751 -1.083152990
0 0.500355525 0.889520994 0.500000000 0.500000000 0.000000000 0.000000000 0.999757409 -0.019834107 0.009578264 0.038054102 0.019703755 0.999714494 0.013516775 0.293839451 -0.009843623 -0.013324768 0.999862790 -1.097089088
0 0.500355525 0.889520994 0.500000000 0.500000000 0.000000000 0.000000000 0.999761105 -0.019659430 0.009554082 0.036804374 0.019531325 0.999720514 0.013321640 0.296679742 -0.009813307 -0.013131853 0.999865592 -1.110756822
0 0.500355525 0.889520994 0.500000000 0.500000000 0.000000000 0.000000000 0.999771535 -0.019223576 0.009346721 0.036199219 0.019100977 0.999732614 0.013033842 0.299706434 -0.009594779 -0.012852333 0.999871373 -1.123809518
0 0.500355525 0.889520994 0.500000000 0.500000000 0.000000000 0.000000000 0.999777973 -0.018941937 0.009231244 0.035494275 0.018822676 0.999740422 0.012839354 0.302350887 -0.009472051 -0.012662746 0.999874949 -1.137134281
0 0.500355525 0.889520994 0.500000000 0.500000000 0.000000000 0.000000000 0.999788165 -0.018516079 0.008984765 0.035095602 0.018402876 0.999752223 0.012522593 0.305356875 -0.009214408 -0.012354595 0.999881208 -1.150916054
0 0.500355525 0.889520994 0.500000000 0.500000000 0.000000000 0.000000000 0.999792576 -0.018330071 0.008875587 0.033791088 0.018220188 0.999758244 0.012306714 0.307673527 -0.009099024 -0.012142447 0.999884903 -1.164534185
0 0.500355525 0.889520994 0.500000000 0.500000000 0.000000000 0.000000000 0.999796450 -0.018184911 0.008737367 0.032506807 0.018076921 0.999761164 0.012283553 0.309619483 -0.008958654 -0.012123109 0.999886394 -1.178876291
0 0.500355525 0.889520994 0.500000000 0.500000000 0.000000000 0.000000000 0.999807417 -0.017647922 0.008580546 0.031552145 0.017544853 0.999774754 0.011942415 0.312878532 -0.008789372 -0.011789571 0.999891877 -1.193669333
0 0.500355525 0.889520994 0.500000000 0.500000000 0.000000000 0.000000000 0.999811828 -0.017421421 0.008535006 0.030022233 0.017320344 0.999780655 0.011776756 0.315489227 -0.008738302 -0.011626710 0.999894202 -1.207911302
0 0.500355525 0.889520994 0.500000000 0.500000000 0.000000000 0.000000000 0.999821126 -0.016948804 0.008394961 0.028740569 0.016851978 0.999792159 0.011473441 0.318241979 -0.008587678 -0.011329918 0.999898911 -1.221481779
0 0.500355525 0.889520994 0.500000000 0.500000000 0.000000000 0.000000000 0.999830365 -0.016460843 0.008261187 0.027203489 0.016369993 0.999806046 0.010947129 0.322005430 -0.008439784 -0.010810036 0.999905944 -1.236015127
0 0.500355525 0.889520994 0.500000000 0.500000000 0.000000000 0.000000000 0.999840021 -0.015966177 0.008065775 0.026146224 0.015878748 0.999815702 0.010789606 0.324053963 -0.008236557 -0.010659805 0.999909282 -1.250536828
0 0.500355525 0.889520994 0.500000000 0.500000000 0.000000000 0.000000000 0.999848783 -0.015581926 0.007720083 0.025590808 0.015503629 0.999828815 0.010100099 0.329019277 -0.007876140 -0.009978883 0.999919176 -1.265648304
0 0.500355525 0.889520994 0.500000000 0.500000000 0.000000000 0.000000000 0.999856651 -0.015096268 0.007669523 0.023728240 0.015020787 0.999839127 0.009805728 0.331759624 -0.007816319 -0.009689120 0.999922514 -1.279245441
0 0.500355525 0.889520994 0.500000000 0.500000000 0.000000000 0.000000000 0.999861062 -0.014881936 0.007507355 0.022220904 0.014809194 0.999843717 0.009653785 0.333918769 -0.007649849 -0.009541266 0.999925196 -1.294745766
0 0.500355525 0.889520994 0.500000000 0.500000000 0.000000000 0.000000000 0.999860168 -0.014931477 0.007529738 0.019905252 0.014858716 0.999843240 0.009628172 0.336077582 -0.007672321 -0.009514944 0.999925315 -1.309919752
0 0.500355525 0.889520994 0.500000000 0.500000000 0.000000000 0.000000000 0.999873996 -0.014150566 0.007193136 0.019172382 0.014085311 0.999859929 0.009042970 0.340094050 -0.007320092 -0.008940512 0.999933243 -1.324579422
0 0.500355525 0.889520994 0.500000000 0.500000000 0.000000000 0.000000000 0.999884129 -0.013553877 0.006930606 0.018330782 0.013493951 0.999871790 0.008621374 0.343050214 -0.007046570 -0.008526854 0.999938846 -1.340046006
0 0.500355525 0.889520994 0.500000000 0.500000000 0.000000000 0.000000000 0.999889255 -0.013236636 0.006801578 0.016795534 0.013179146 0.999877632 0.008429063 0.344850455 -0.006912318 -0.008338491 0.999941349 -1.355578075
0 0.500355525 0.889520994 0.500000000 0.500000000 0.000000000 0.000000000 0.999891400 -0.013102683 0.006750274 0.014506355 0.013046471 0.999880373 0.008305170 0.347416366 -0.006858286 -0.008216200 0.999942720 -1.370122038
0 0.500355525 0.889520994 0.500000000 0.500000000 0.000000000 0.000000000 0.999897480 -0.012728223 0.006560805 0.013013128 0.012675790 0.999887884 0.007972348 0.350501966 -0.006661544 -0.007888366 0.999946713 -1.384901535
0 0.500355525 0.889520994 0.500000000 0.500000000 0.000000000 0.000000000 0.999896765 -0.012772600 0.006583935 0.010356004 0.012719583 0.999886811 0.008032506 0.352070580 -0.006685786 -0.007947933 0.999946058 -1.399943037
0 0.500355525 0.889520994 0.500000000 0.500000000 0.000000000 0.000000000 0.999903858 -0.012305828 0.006388763 0.008641508 0.012256895 0.999895692 0.007642679 0.355528400 -0.006482146 -0.007563639 0.999950409 -1.413796456
0 0.500355525 0.889520994 0.500000000 0.500000000 0.000000000 0.000000000 0.999904573 -0.012252171 0.006386192 0.006368880 0.012203560 0.999896705 0.007595910 0.357049991 -0.006478599 -0.007517250 0.999950767 -1.427156533
0 0.500355525 0.889520994 0.500000000 0.500000000 0.000000000 0.000000000 0.999906659 -0.012088729 0.006367979 0.004287604 0.012040619 0.999899089 0.007539885 0.358882712 -0.006458484 -0.007462507 0.999951303 -1.441836019
0 0.500355525 0.889520994 0.500000000 0.500000000 0.000000000 0.000000000 0.999911070 -0.011777910 0.006259914 0.001842158 0.011731938 0.999904335 0.007330608 0.361412866 -0.006345655 -0.007256515 0.999953508 -1.457110988
0 0.500355525 0.889520994 0.500000000 0.500000000 0.000000000 0.000000000 0.999913394 -0.011595458 0.006223350 -0.000335703 0.011550439 0.999907196 0.007221824 0.363656312 -0.006306513 -0.007149316 0.999954581 -1.471251763
0 0.500355525 0.889520994 0.500000000 0.500000000 0.000000000 0.000000000 0.999920428 -0.011124752 0.005946429 -0.001920145 0.011084381 0.999915600 0.006779431 0.367136137 -0.006021346 -0.006712980 0.999959350 -1.486142074
0 0.500355525 0.889520994 0.500000000 0.500000000 0.000000000 0.000000000 0.999919891 -0.011116357 0.006054650 -0.005162079 0.011074428 0.999914765 0.006915182 0.368185932 -0.006131005 -0.006847576 0.999957740 -1.501122532
0 0.500355525 0.889520994 0.500000000 0.500000000 0.000000000 0.000000000 0.999924123 -0.010825393 0.005883132 -0.006887556 0.010786162 0.999919653 0.006659699 0.371128012 -0.005954753 -0.006595737 0.999960542 -1.514381438
0 0.500355525 0.889520994 0.500000000 0.500000000 0.000000000 0.000000000 0.999928117 -0.010516127 0.005763020 -0.009316486 0.010479071 0.999924481 0.006422737 0.373462620 -0.005830127 -0.006361884 0.999962747 -1.529297393
0 0.500355525 0.889520994 0.500000000 0.500000000 0.000000000 0.000000000 0.999934852 -0.010011384 0.005483079 -0.010545284 0.009978564 0.999932349 0.005980894 0.376564477 -0.005542585 -0.005925791 0.999967098 -1.543844968
0 0.500355525 0.889520994 0.500000000 0.500000000 0.000000000 0.000000000 0.999941230 -0.009497875 0.005231093 -0.011934651 0.009469160 0.999940097 0.005487142 0.380028011 -0.005282896 -0.005437285 0.999971271 -1.557647034
0 0.500355525 0.889520994 0.500000000 0.500000000 0.000000000 0.000000000 0.999946117 -0.009104371 0.004985548 -0.013235369 0.009079228 0.999946058 0.005042760 0.383321788 -0.005031190 -0.004997224 0.999974847 -1.570204937
0 0.500355525 0.889520994 0.500000000 0.500000000 0.000000000 0.000000000 0.999949574 -0.008762357 0.004900626 -0.015292114 0.008738494 0.999949932 0.004869736 0.385371934 -0.004943051 -0.004826667 0.999976158 -1.583202145
0 0.500355525 0.889520994 0.500000000 0.500000000 0.000000000 0.000000000 0.999948263 -0.008857296 0.004999216 -0.018315934 0.008832130 0.999948323 0.005033722 0.386474113 -0.005043543 -0.004989307 0.999974847 -1.596438563
0 0.500355525 0.889520994 0.500000000 0.500000000 0.000000000 0.000000000 0.999950290 -0.008714999 0.004848803 -0.020171248 0.008691479 0.999950469 0.004850802 0.388804638 -0.004890838 -0.004808418 0.999976456 -1.609309172
0 0.500355525 0.889520994 0.500000000 0.500000000 0.000000000 0.000000000 0.999950051 -0.008717237 0.004885818 -0.022607767 0.008693301 0.999950230 0.004899031 0.390071140 -0.004928281 -0.004856312 0.999976039 -1.622296834
0 0.500355525 0.889520994 0.500000000 0.500000000 0.000000000 0.000000000 0.999949038 -0.008785851 0.004976358 -0.025249687 0.008761230 0.999949396 0.004948011 0.391726998 -0.005019579 -0.004904160 0.999975383 -1.635136508
0 0.500355525 0.889520994 0.500000000 0.500000000 0.000000000 0.000000000 0.999949574 -0.008752200 0.004927894 -0.027583152 0.008728292 0.999950111 0.004852374 0.393993186 -0.004970117 -0.004809117 0.999976099 -1.648543719
0 0.500355525 0.889520994 0.500000000 0.500000000 0.000000000 0.000000000 0.999951482 -0.008569913 0.004854168 -0.029478372 0.008546843 0.999952197 0.004753644 0.396193047 -0.004894674 -0.004711926 0.999976933 -1.662047434
0 0.500355525 0.889520994 0.500000000 0.500000000 0.000000000 0.000000000 0.999955535 -0.008182227 0.004686607 -0.031200960 0.008161496 0.999956906 0.004425395 0.400034846 -0.004722614 -0.004386948 0.999979198 -1.675595693
0 0.500355525 0.889520994 0.500000000 0.500000000 0.000000000 0.000000000 0.999952137 -0.008479238 0.004882390 -0.034397784 0.008455789 0.999952734 0.004803721 0.400494283 -0.004922891 -0.004762207 0.999976516 -1.689439746
0 0.500355525 0.889520994 0.500000000 0.500000000 0.000000000 0.000000000 0.999954343 -0.008277007 0.004781259 -0.036149639 0.008255016 0.999955356 0.004600919 0.403472881 -0.004819128 -0.004561239 0.999978006 -1.702462787
0 0.500355525 0.889520994 0.500000000 0.500000000 0.000000000 0.000000000 0.999954939 -0.008213944 0.004757498 -0.038464415 0.008192214 0.999956012 0.004569064 0.406075002 -0.004794819 -0.004529884 0.999978244 -1.715803520
0 0.500355525 0.889520994 0.500000000 0.500000000 0.000000000 0.000000000 0.999950767 -0.008624610 0.004912857 -0.041549685 0.008600401 0.999950886 0.004927794 0.407228347 -0.004955116 -0.004885299 0.999975801 -1.729864699
0 0.500355525 0.889520994 0.500000000 0.500000000 0.000000000 0.000000000 0.999951959 -0.008518343 0.004851261 -0.043510512 0.008494988 0.999952316 0.004814635 0.410503820 -0.004892042 -0.004773192 0.999976635 -1.743340645
0 0.500355525 0.889520994 0.500000000 0.500000000 0.000000000 0.000000000 0.999952257 -0.008492493 0.004839538 -0.045778920 0.008469433 0.999952793 0.004765652 0.413125180 -0.004879781 -0.004724436 0.999976933 -1.756628274
