0 0.502223750 0.892842199 0.500000000 0.500000000 0.000000000 0.000000000 0.995813310 -0.021654319 0.088808216 0.167861992 0.020930622 0.999739766 0.009072272 0.050737951 -0.088981561 -0.007175478 0.996007442 -0.468140131
0 0.502223750 0.892842199 0.500000000 0.500000000 0.000000000 0.000000000 0.995433331 -0.022710301 0.092718564 0.170897579 0.021935094 0.999715447 0.009371550 0.052518574 -0.092905015 -0.007294963 0.995648265 -0.484516352
0 0.502223750 0.892842199 0.500000000 0.500000000 0.000000000 0.000000000 0.994998157 -0.023599081 0.097065784 0.173045792 0.022845237 0.999699652 0.008870529 0.057284774 -0.097245961 -0.006608670 0.995238423 -0.507157761
0 0.502223750 0.892842199 0.500000000 0.500000000 0.000000000 0.000000000 0.994608343 -0.024554523 0.100753710 0.177492770 0.023827059 0.999680638 0.008417451 0.061335393 -0.100928225 -0.005971402 0.994875789 -0.533355793
0 0.502223750 0.892842199 0.500000000 0.500000000 0.000000000 0.000000000 0.994268477 -0.024727719 0.104013078 0.183425116 0.024019251 0.999679029 0.008058586 0.065165838 -0.104178965 -0.005514082 0.994543254 -0.558142204
0 0.502223750 0.892842199 0.500000000 0.500000000 0.000000000 0.000000000 0.993864715 -0.025033144 0.107732318 0.186131412 0.024343852 0.999673903 0.007708791 0.068664098 -0.107890159 -0.005038876 0.994150043 -0.581638798
0 0.502223750 0.892842199 0.500000000 0.500000000 0.000000000 0.000000000 0.993478119 -0.025144977 0.111215554 0.189529549 0.024485404 0.999673605 0.007292664 0.072329437 -0.111362621 -0.004521944 0.993769526 -0.604341309
0 0.502223750 0.892842199 0.500000000 0.500000000 0.000000000 0.000000000 0.993104458 -0.025331538 0.114463300 0.192671663 0.024694413 0.999670684 0.006980965 0.075757654 -0.114602439 -0.004106224 0.993402958 -0.623709806
0 0.502223750 0.892842199 0.500000000 0.500000000 0.000000000 0.000000000 0.992733181 -0.025883501 0.117519878 0.196049629 0.025275480 0.999658346 0.006661433 0.079607006 -0.117652148 -0.003642654 0.993048191 -0.645530581
0 0.502223750 0.892842199 0.500000000 0.500000000 0.000000000 0.000000000 0.992418885 -0.025958130 0.120129034 0.200539327 0.025386002 0.999657929 0.006290775 0.083078876 -0.120251238 -0.003193488 0.992738366 -0.670029061
0 0.502223750 0.892842199 0.500000000 0.500000000 0.000000000 0.000000000 0.992098272 -0.026472580 0.122638352 0.204670219 0.025937991 0.999645829 0.005953823 0.086670726 -0.122752532 -0.002725785 0.992433548 -0.695748822
0 0.502223750 0.892842199 0.500000000 0.500000000 0.000000000 0.000000000 0.991768956 -0.026738318 0.125217289 0.208408274 0.026270060 0.999640346 0.005389594 0.090766897 -0.125316352 -0.002055766 0.992114723 -0.720596326
0 0.502223750 0.892842199 0.500000000 0.500000000 0.000000000 0.000000000 0.991471767 -0.027134454 0.127465650 0.213155515 0.026725732 0.999630690 0.004916040 0.094528021 -0.127551973 -0.001467502 0.991830826 -0.741645816
0 0.502223750 0.892842199 0.500000000 0.500000000 0.000000000 0.000000000 0.991160691 -0.027016209 0.129886866 0.216685702 0.026649296 0.999634445 0.004562408 0.097298210 -0.129962638 -0.001060686 0.991518319 -0.762590638
0 0.502223750 0.892842199 0.500000000 0.500000000 0.000000000 0.000000000 0.990902185 -0.027067292 0.131833851 0.221630980 0.026797593 0.999633610 0.003819817 0.101727599 -0.131888941 -0.000252235 0.991264462 -0.783963613
0 0.502223750 0.892842199 0.500000000 0.500000000 0.000000000 0.000000000 0.990499854 -0.027316293 0.134773463 0.222805265 0.027080797 0.999626815 0.003580629 0.104083628 -0.134820983 0.000103160 0.990869939 -0.797526708
0 0.502223750 0.892842199 0.500000000 0.500000000 0.000000000 0.000000000 0.990185916 -0.027527066 0.137018457 0.226294538 0.027334210 0.999620914 0.003289199 0.106591174 -0.137057066 0.000488373 0.990563035 -0.813661345
0 0.502223750 0.892842199 0.500000000 0.500000000 0.000000000 0.000000000 0.989950836 -0.027839614 0.138644353 0.231587805 0.027705882 0.999611914 0.002894811 0.109643821 -0.138671145 0.000975543 0.990338027 -0.830515907
0 0.502223750 0.892842199 0.500000000 0.500000000 0.000000000 0.000000000 0.989706099 -0.027567983 0.140434638 0.235486802 0.027502527 0.999618828 0.002407216 0.112987937 -0.140447482 0.001479872 0.990087032 -0.848037072
0 0.502223750 0.892842199 0.500000000 0.500000000 0.000000000 0.000000000 0.989555120 -0.026911244 0.141620964 0.241256943 0.026926393 0.999635756 0.001809712 0.116238831 -0.141618088 0.002022532 0.989919305 -0.869381795
0 0.502223750 0.892842199 0.500000000 0.500000000 0.000000000 0.000000000 0.989421248 -0.025791047 0.142759919 0.247481460 0.025901999 0.999663889 0.001081472 0.119577770 -0.142739832 0.002627736 0.989756763 -0.893248896
0 0.502223750 0.892842199 0.500000000 0.500000000 0.000000000 0.000000000 0.989246190 -0.024882646 0.144127846 0.252533038 0.025098819 0.999684930 0.000318437 0.123207017 -0.144090354 0.003302426 0.989558995 -0.914628853
0 0.502223750 0.892842199 0.500000000 0.500000000 0.000000000 0.000000000 0.989091635 -0.024294497 0.145284429 0.257915461 0.024634782 0.999696374 -0.000543320 0.127794118 -0.145227119 0.004116444 0.989389777 -0.937002873
0 0.502223750 0.892842199 0.500000000 0.500000000 0.000000000 0.000000000 0.988892198 -0.023546975 0.146757588 0.262149117 0.024040194 0.999709725 -0.001587788 0.132655129 -0.146677598 0.005098232 0.989171207 -0.959203634
0 0.502223750 0.892842199 0.500000000 0.500000000 0.000000000 0.000000000 0.988695264 -0.023082923 0.148151338 0.266306373 0.023679113 0.999717057 -0.002261436 0.136782691 -0.148057222 0.005743963 0.988962114 -0.981270810
0 0.502223750 0.892842199 0.500000000 0.500000000 0.000000000 0.000000000 0.988515019 -0.022533126 0.149433404 0.271089306 0.023244692 0.999725282 -0.003016675 0.141157109 -0.149324372 0.006455562 0.988767207 -1.002899552
0 0.502223750 0.892842199 0.500000000 0.500000000 0.000000000 0.000000000 0.988315046 -0.022164254 0.150804892 0.275713811 0.022964029 0.999729931 -0.003563733 0.144599084 -0.150685176 0.006985179 0.988557100 -1.026984992
0 0.502223750 0.892842199 0.500000000 0.500000000 0.000000000 0.000000000 0.988044143 -0.022071589 0.152582988 0.278682111 0.022950968 0.999728560 -0.004004192 0.148079999 -0.152453199 0.007458246 0.988282561 -1.049887058
0 0.502223750 0.892842199 0.500000000 0.500000000 0.000000000 0.000000000 0.987794697 -0.021821359 0.154225245 0.282322129 0.022804722 0.999729335 -0.004609704 0.152088282 -0.154082909 0.008070505 0.988024950 -1.071827547
0 0.502223750 0.892842199 0.500000000 0.500000000 0.000000000 0.000000000 0.987478256 -0.021584783 0.156271458 0.284021644 0.022685640 0.999728799 -0.005264214 0.156172640 -0.156115443 0.008743415 0.987700105 -1.094797295
0 0.502223750 0.892842199 0.500000000 0.500000000 0.000000000 0.000000000 0.987119377 -0.021433875 0.158543304 0.285297645 0.022626139 0.999727666 -0.005718710 0.159610296 -0.158377558 0.009232272 0.987335443 -1.115478614
0 0.502223750 0.892842199 0.500000000 0.500000000 0.000000000 0.000000000 0.986686826 -0.021788625 0.161165491 0.285145863 0.023075320 0.999715030 -0.006116064 0.163058385 -0.160986304 0.009753586 0.986908436 -1.135740670
0 0.502223750 0.892842199 0.500000000 0.500000000 0.000000000 0.000000000 0.986253262 -0.021650931 0.163816154 0.284939598 0.023034900 0.999713182 -0.006553223 0.166533180 -0.163627297 0.010236626 0.986469090 -1.154327668
0 0.502223750 0.892842199 0.500000000 0.500000000 0.000000000 0.000000000 0.985817313 -0.021301193 0.166464731 0.284821745 0.022737717 0.999718845 -0.006728337 0.168835331 -0.166274607 0.010417939 0.986024439 -1.173200654
0 0.502223750 0.892842199 0.500000000 0.500000000 0.000000000 0.000000000 0.985303760 -0.021134887 0.169498891 0.283092842 0.022633597 0.999719918 -0.006914496 0.171403938 -0.169305280 0.010649248 0.985506117 -1.192929001
0 0.502223750 0.892842199 0.500000000 0.500000000 0.000000000 0.000000000 0.984778881 -0.020881126 0.172553033 0.281512416 0.022467878 0.999721289 -0.007247538 0.174636165 -0.172353610 0.011014123 0.984973550 -1.211667880
0 0.502223750 0.892842199 0.500000000 0.500000000 0.000000000 0.000000000 0.984169602 -0.020937985 0.175988108 0.278497537 0.022570686 0.999718726 -0.007280542 0.176922408 -0.175786167 0.011137460 0.984365344 -1.229819937
0 0.502223750 0.892842199 0.500000000 0.500000000 0.000000000 0.000000000 0.983546734 -0.021160923 0.179410130 0.275623048 0.022869514 0.999710619 -0.007460214 0.179811472 -0.179200351 0.011440492 0.983746052 -1.246564667
0 0.502223750 0.892842199 0.500000000 0.500000000 0.000000000 0.000000000 0.982858837 -0.021434389 0.183109537 0.271730474 0.023261748 0.999698699 -0.007837292 0.183375734 -0.182886377 0.011962400 0.983061254 -1.262533849
0 0.502223750 0.892842199 0.500000000 0.500000000 0.000000000 0.000000000 0.982116938 -0.022257477 0.186951816 0.267287553 0.024141498 0.999678075 -0.007806616 0.186267140 -0.186717868 0.012180306 0.982338071 -1.277981563
0 0.502223750 0.892842199 0.500000000 0.500000000 0.000000000 0.000000000 0.981344879 -0.023000628 0.190874726 0.262799808 0.024977352 0.999656379 -0.007956390 0.189971663 -0.190626130 0.012575508 0.981582165 -1.292713900
0 0.502223750 0.892842199 0.500000000 0.500000000 0.000000000 0.000000000 0.980544388 -0.023739494 0.194856822 0.257722813 0.025798898 0.999634862 -0.008037383 0.193360942 -0.194594875 0.012908102 0.980798781 -1.308265649
0 0.502223750 0.892842199 0.500000000 0.500000000 0.000000000 0.000000000 0.979661226 -0.024632450 0.199140951 0.251646568 0.026736908 0.999611378 -0.007885038 0.195826214 -0.198869348 0.013049079 0.979939163 -1.323021366
0 0.502223750 0.892842199 0.500000000 0.500000000 0.000000000 0.000000000 0.978834867 -0.025064511 0.203110889 0.246215814 0.027273379 0.999595344 -0.008083103 0.199989063 -0.202826098 0.013451544 0.979122400 -1.343593819
0 0.502223750 0.892842199 0.500000000 0.500000000 0.000000000 0.000000000 0.977980793 -0.024847694 0.207210332 0.239676194 0.027223175 0.999592185 -0.008620141 0.204661831 -0.206911638 0.014071256 0.978258431 -1.366351904
0 0.502223750 0.892842199 0.500000000 0.500000000 0.000000000 0.000000000 0.977105319 -0.024910007 0.211292967 0.233522425 0.027397864 0.999585390 -0.008854621 0.208447226 -0.210984796 0.014440873 0.977382660 -1.389003929
0 0.502223750 0.892842199 0.500000000 0.500000000 0.000000000 0.000000000 0.976156592 -0.025101962 0.215611279 0.226492802 0.027690167 0.999576092 -0.008991262 0.212135836 -0.215294182 0.014747192 0.976437867 -1.412237384
0 0.502223750 0.892842199 0.500000000 0.500000000 0.000000000 0.000000000 0.975159109 -0.025434714 0.220040366 0.218635154 0.028128013 0.999562740 -0.009115127 0.215546045 -0.219712317 0.015077998 0.975448191 -1.435321465
0 0.502223750 0.892842199 0.500000000 0.500000000 0.000000000 0.000000000 0.974158823 -0.025837181 0.224381387 0.211145605 0.028553911 0.999552906 -0.008870681 0.218018133 -0.224051878 0.015048418 0.974461019 -1.457960370
0 0.502223750 0.892842199 0.500000000 0.500000000 0.000000000 0.000000000 0.973253846 -0.026246384 0.228228197 0.206003092 0.029000701 0.999541342 -0.008722396 0.220668871 -0.227894589 0.015107883 0.973568618 -1.478446940
0 0.502223750 0.892842199 0.500000000 0.500000000 0.000000000 0.000000000 0.972091615 -0.026013922 0.233154759 0.196139228 0.028851127 0.999545276 -0.008766057 0.223395401 -0.232820690 0.015248189 0.972400129 -1.500376972
0 0.502223750 0.892842199 0.500000000 0.500000000 0.000000000 0.000000000 0.970978320 -0.025968142 0.237753659 0.187715131 0.028896796 0.999543309 -0.008840571 0.226424680 -0.237415493 0.015454321 0.971285284 -1.521694503
0 0.502223750 0.892842199 0.500000000 0.500000000 0.000000000 0.000000000 0.969787776 -0.025831882 0.242578655 0.178060035 0.028884681 0.999541879 -0.009036084 0.229888297 -0.242234111 0.015769891 0.970089674 -1.542941321
0 0.502223750 0.892842199 0.500000000 0.500000000 0.000000000 0.000000000 0.968621612 -0.026066253 0.247169331 0.169428271 0.029226424 0.999531150 -0.009124573 0.233035759 -0.246815607 0.016062135 0.968929350 -1.562946741
0 0.502223750 0.892842199 0.500000000 0.500000000 0.000000000 0.000000000 0.967434168 -0.026216129 0.251761407 0.160633041 0.029463923 0.999524057 -0.009138633 0.235897543 -0.251401991 0.016258905 0.967746198 -1.583435301
0 0.502223750 0.892842199 0.500000000 0.500000000 0.000000000 0.000000000 0.966068566 -0.026250523 0.256948352 0.149628136 0.029713156 0.999512374 -0.009602021 0.241017572 -0.256570995 0.016910957 0.966377437 -1.603358959
0 0.502223750 0.892842199 0.500000000 0.500000000 0.000000000 0.000000000 0.964848638 -0.026333651 0.261483639 0.141352643 0.029858174 0.999508858 -0.009514562 0.243588567 -0.261104643 0.016987536 0.965161026 -1.621864919
0 0.502223750 0.892842199 0.500000000 0.500000000 0.000000000 0.000000000 0.963600934 -0.026739821 0.266004115 0.132653815 0.030381415 0.999492407 -0.009583727 0.247062942 -0.265612841 0.017316470 0.963924229 -1.641347894
0 0.502223750 0.892842199 0.500000000 0.500000000 0.000000000 0.000000000 0.962391198 -0.027501412 0.270271897 0.125187203 0.031199146 0.999469042 -0.009394140 0.250130404 -0.269870043 0.017473089 0.962738216 -1.659921433
0 0.502223750 0.892842199 0.500000000 0.500000000 0.000000000 0.000000000 0.961104035 -0.028375268 0.274725169 0.116793943 0.032166671 0.999439180 -0.009304436 0.253858427 -0.274307102 0.017779525 0.961477757 -1.678183445
0 0.502223750 0.892842199 0.500000000 0.500000000 0.000000000 0.000000000 0.959841371 -0.029315956 0.279007316 0.109149834 0.033151865 0.999409437 -0.009038790 0.256906750 -0.278577566 0.017925419 0.960246444 -1.695964367
0 0.502223750 0.892842199 0.500000000 0.500000000 0.000000000 0.000000000 0.958534241 -0.030099554 0.283383280 0.101137387 0.033899803 0.999388993 -0.008514831 0.258938236 -0.282953829 0.017768394 0.958968937 -1.712460208
0 0.502223750 0.892842199 0.500000000 0.500000000 0.000000000 0.000000000 0.957212389 -0.031263635 0.287692517 0.093389708 0.034957621 0.999359071 -0.007710570 0.259739168 -0.287267059 0.017437698 0.957691789 -1.728667141
0 0.502223750 0.892842199 0.500000000 0.500000000 0.000000000 0.000000000 0.955793858 -0.032202315 0.292268902 0.084339577 0.035843566 0.999332130 -0.007110766 0.261436594 -0.291844726 0.017272387 0.956309736 -1.745193777
0 0.502223750 0.892842199 0.500000000 0.500000000 0.000000000 0.000000000 0.954344273 -0.033440564 0.296831101 0.075317397 0.036998801 0.999294996 -0.006376044 0.263002100 -0.296408623 0.017067337 0.954908729 -1.761862736
0 0.502223750 0.892842199 0.500000000 0.500000000 0.000000000 0.000000000 0.952817202 -0.034624476 0.301563501 0.065529085 0.038095325 0.999258220 -0.005634252 0.264144209 -0.301144749 0.016856572 0.953429461 -1.777239918
0 0.502223750 0.892842199 0.500000000 0.500000000 0.000000000 0.000000000 0.951329648 -0.035673063 0.306103438 0.056442784 0.039039254 0.999225736 -0.004879904 0.265256730 -0.305692375 0.016592447 0.951985776 -1.792078749
0 0.502223750 0.892842199 0.500000000 0.500000000 0.000000000 0.000000000 0.949690282 -0.036523022 0.311053663 0.045423808 0.039805196 0.999198616 -0.004207816 0.266422581 -0.310650706 0.016377674 0.950383008 -1.808952515
0 0.502223750 0.892842199 0.500000000 0.500000000 0.000000000 0.000000000 0.948084772 -0.037696913 0.315775633 0.035140004 0.041051727 0.999149084 -0.003976488 0.269860893 -0.315357059 0.016733183 0.948825538 -1.826152567
0 0.502223750 0.892842199 0.500000000 0.500000000 0.000000000 0.000000000 0.946473300 -0.038814433 0.320439935 0.024907893 0.042166516 0.999104381 -0.003525810 0.272582701 -0.320016086 0.016848920 0.947262287 -1.842874415
0 0.502223750 0.892842199 0.500000000 0.500000000 0.000000000 0.000000000 0.944845974 -0.040027626 0.325059742 0.014774863 0.043369781 0.999054492 -0.003039401 0.275296536 -0.324630708 0.016969535 0.945688605 -1.860440525
0 0.502223750 0.892842199 0.500000000 0.500000000 0.000000000 0.000000000 0.943206012 -0.041048929 0.329662472 0.004737648 0.044441666 0.999008179 -0.002758675 0.278404406 -0.329222262 0.017252749 0.944094837 -1.877400532
0 0.502223750 0.892842199 0.500000000 0.500000000 0.000000000 0.000000000 0.941522360 -0.041930802 0.334331423 -0.005502836 0.045384344 0.998966396 -0.002521184 0.281916158 -0.333880126 0.017547162 0.942452192 -1.894544995
0 0.502223750 0.892842199 0.500000000 0.500000000 0.000000000 0.000000000 0.939791322 -0.043365214 0.338986367 -0.016213866 0.046728682 0.998906076 -0.001762404 0.283669468 -0.338539124 0.017496679 0.940789640 -1.913047251
0 0.502223750 0.892842199 0.500000000 0.500000000 0.000000000 0.000000000 0.937908411 -0.044453971 0.344022781 -0.028848522 0.047775183 0.998857439 -0.001178895 0.285530297 -0.343577296 0.017541448 0.938960552 -1.931299914
0 0.502223750 0.892842199 0.500000000 0.500000000 0.000000000 0.000000000 0.935900688 -0.045660850 0.349292070 -0.042724632 0.048842568 0.998806417 -0.000301879 0.285984954 -0.348861367 0.017342851 0.937013865 -1.948426622
0 0.502223750 0.892842199 0.500000000 0.500000000 0.000000000 0.000000000 0.934118509 -0.046725065 0.353891820 -0.052839999 0.049737077 0.998762190 0.000584660 0.286601922 -0.353481084 0.017055403 0.935286164 -1.963679330
0 0.502223750 0.892842199 0.500000000 0.500000000 0.000000000 0.000000000 0.932188690 -0.047322344 0.358866096 -0.065046710 0.050372917 0.998730123 0.000850421 0.289395508 -0.358450621 0.017284378 0.933388650 -1.980329233
0 0.502223750 0.892842199 0.500000000 0.500000000 0.000000000 0.000000000 0.930095494 -0.048404474 0.364114463 -0.079328474 0.051383123 0.998677850 0.001508500 0.290767809 -0.363706082 0.017306289 0.931352973 -1.997909723
0 0.502223750 0.892842199 0.500000000 0.500000000 0.000000000 0.000000000 0.928088605 -0.049352232 0.369074404 -0.092080900 0.052344501 0.998627245 0.001907882 0.293371783 -0.368661910 0.017548332 0.929397881 -2.014922415
0 0.502223750 0.892842199 0.500000000 0.500000000 0.000000000 0.000000000 0.925990164 -0.050240129 0.374190003 -0.105698928 0.053373415 0.998572648 0.001991400 0.297089571 -0.373755932 0.018127780 0.927349925 -2.030812144
