0 0.477663098 0.849178847 0.500000000 0.500000000 0.000000000 0.000000000 0.970988989 -0.026893893 0.237606943 0.462334956 0.018806316 0.999166191 0.036239438 0.057070255 -0.238383442 -0.030719586 0.970685124 1.329951640
0 0.477663098 0.849178847 0.500000000 0.500000000 0.000000000 0.000000000 0.972392440 -0.026565315 0.231834546 0.446907545 0.018847015 0.999193907 0.035444275 0.054841824 -0.232589245 -0.030096354 0.972109258 1.304717317
0 0.477663098 0.849178847 0.500000000 0.500000000 0.000000000 0.000000000 0.973746240 -0.025823554 0.226166844 0.429670727 0.018609619 0.999249518 0.033971068 0.055702096 -0.226874366 -0.028870318 0.973496020 1.279479977
0 0.477663098 0.849178847 0.500000000 0.500000000 0.000000000 0.000000000 0.975281417 -0.025055075 0.219541326 0.415405242 0.018185001 0.999281347 0.033258319 0.053167226 -0.220216841 -0.028443860 0.975036144 1.249978027
0 0.477663098 0.849178847 0.500000000 0.500000000 0.000000000 0.000000000 0.976650655 -0.025092976 0.213363037 0.400441504 0.018746410 0.999321043 0.031717051 0.053277322 -0.214014053 -0.026976688 0.976458013 1.221375706
0 0.477663098 0.849178847 0.500000000 0.500000000 0.000000000 0.000000000 0.977876961 -0.024494408 0.207741767 0.383708835 0.018484462 0.999353945 0.030822171 0.051835214 -0.208362520 -0.026300296 0.977697968 1.196119590
0 0.477663098 0.849178847 0.500000000 0.500000000 0.000000000 0.000000000 0.979506254 -0.024479592 0.199920535 0.374887571 0.018734803 0.999356806 0.030577103 0.046380017 -0.200540468 -0.026204992 0.979334891 1.164711967
0 0.477663098 0.849178847 0.500000000 0.500000000 0.000000000 0.000000000 0.980605185 -0.023807094 0.194542259 0.351922969 0.018466670 0.999402463 0.029219130 0.045731346 -0.195121631 -0.025059884 0.980458856 1.135799403
0 0.477663098 0.849178847 0.500000000 0.500000000 0.000000000 0.000000000 0.981914818 -0.022905093 0.187932447 0.338971941 0.017939832 0.999444723 0.028079169 0.043496655 -0.188471243 -0.024199875 0.981780529 1.108568892
0 0.477663098 0.849178847 0.500000000 0.500000000 0.000000000 0.000000000 0.983138621 -0.022292238 0.181498080 0.323815754 0.017599467 0.999468923 0.027425531 0.040155534 -0.182013065 -0.023768829 0.983008802 1.078889001
0 0.477663098 0.849178847 0.500000000 0.500000000 0.000000000 0.000000000 0.984265566 -0.020995270 0.175443769 0.305402483 0.016595593 0.999510884 0.026507245 0.036479109 -0.175914481 -0.023178576 0.984132528 1.048533899
0 0.477663098 0.849178847 0.500000000 0.500000000 0.000000000 0.000000000 0.985542297 -0.019724248 0.168277502 0.290579804 0.015664482 0.999554157 0.025418995 0.032224683 -0.168703854 -0.022415515 0.985411882 1.015770953
0 0.477663098 0.849178847 0.500000000 0.500000000 0.000000000 0.000000000 0.986516237 -0.018847754 0.162574425 0.273654330 0.015101488 0.999591887 0.024248585 0.029856688 -0.162965104 -0.021466509 0.986398280 0.985459669
0 0.477663098 0.849178847 0.500000000 0.500000000 0.000000000 0.000000000 0.987573624 -0.018037099 0.156118706 0.258204069 0.014489559 0.999610960 0.023831712 0.026687017 -0.156487823 -0.021273479 0.987450778 0.951896062
0 0.477663098 0.849178847 0.500000000 0.500000000 0.000000000 0.000000000 0.988460779 -0.015915032 0.150638551 0.237828965 0.012518399 0.999646187 0.023469780 0.022525629 -0.150958776 -0.021313203 0.988310277 0.922871705
0 0.477663098 0.849178847 0.500000000 0.500000000 0.000000000 0.000000000 0.990333974 -0.014506322 0.137942880 0.210170146 0.011757744 0.999716163 0.020719539 0.021176050 -0.138204306 -0.018897366 0.990223467 0.850661723
0 0.477663098 0.849178847 0.500000000 0.500000000 0.000000000 0.000000000 0.991043866 -0.013261123 0.132876620 0.188320505 0.010854896 0.999764025 0.018816816 0.025137924 -0.133094802 -0.017205929 0.990953922 0.820299969
0 0.477663098 0.849178847 0.500000000 0.500000000 0.000000000 0.000000000 0.991887033 -0.012266965 0.126529306 0.175785119 0.010006668 0.999779105 0.018484022 0.020719553 -0.126728103 -0.017067924 0.991790652 0.784281114
0 0.477663098 0.849178847 0.500000000 0.500000000 0.000000000 0.000000000 0.992590249 -0.011062254 0.121004842 0.160526427 0.009057282 0.999812663 0.017106848 0.019910861 -0.121171415 -0.015884114 0.992504478 0.750519820
0 0.477663098 0.849178847 0.500000000 0.500000000 0.000000000 0.000000000 0.993289769 -0.010006467 0.115218513 0.146440594 0.008219413 0.999838591 0.015974803 0.019070862 -0.115359776 -0.014920580 0.993211687 0.716653272
0 0.477663098 0.849178847 0.500000000 0.500000000 0.000000000 0.000000000 0.993940294 -0.009439095 0.109515071 0.133276873 0.007891952 0.999862969 0.014552086 0.018639739 -0.109637424 -0.013599616 0.993878603 0.684238079
0 0.477663098 0.849178847 0.500000000 0.500000000 0.000000000 0.000000000 0.994569838 -0.009029003 0.103678875 0.119142865 0.007668015 0.999879241 0.013518048 0.015737361 -0.103788406 -0.012649631 0.994518936 0.645121673
0 0.477663098 0.849178847 0.500000000 0.500000000 0.000000000 0.000000000 0.995176911 -0.007840473 0.097782709 0.106735224 0.006595335 0.999893069 0.013050471 0.012849296 -0.097874574 -0.012342618 0.995122194 0.612134119
0 0.477663098 0.849178847 0.500000000 0.500000000 0.000000000 0.000000000 0.995733738 -0.006712153 0.092028916 0.095618007 0.005642259 0.999913514 0.011880887 0.013041027 -0.092100702 -0.011310949 0.995685458 0.577560471
0 0.477663098 0.849178847 0.500000000 0.500000000 0.000000000 0.000000000 0.996227086 -0.006681567 0.086527184 0.084855123 0.005736612 0.999921203 0.011164955 0.009555075 -0.086594969 -0.010626458 0.996186912 0.542784425
0 0.477663098 0.849178847 0.500000000 0.500000000 0.000000000 0.000000000 0.996724546 -0.005759287 0.080666065 0.074527515 0.005012946 0.999942780 0.009451699 0.011698326 -0.080715887 -0.009016367 0.996696353 0.505742491
0 0.477663098 0.849178847 0.500000000 0.500000000 0.000000000 0.000000000 0.997167408 -0.005515110 0.075011432 0.065415319 0.004889518 0.999951720 0.008521043 0.008531923 -0.075054802 -0.008130136 0.997146249 0.467138893
0 0.477663098 0.849178847 0.500000000 0.500000000 0.000000000 0.000000000 0.997601211 -0.005149458 0.069030799 0.058688913 0.004641803 0.999961019 0.007512427 0.004097093 -0.069066793 -0.007173980 0.997586250 0.427374388
0 0.477663098 0.849178847 0.500000000 0.500000000 0.000000000 0.000000000 0.997870445 -0.004174639 0.065093391 0.041946668 0.003852913 0.999979734 0.005067286 0.007996747 -0.065113224 -0.004805696 0.997866333 0.388228446
0 0.477663098 0.849178847 0.500000000 0.500000000 0.000000000 0.000000000 0.998297036 -0.004221297 0.058182497 0.042121445 0.003965493 0.999981940 0.004511345 0.002773292 -0.058200490 -0.004272940 0.998295784 0.349034990
0 0.477663098 0.849178847 0.500000000 0.500000000 0.000000000 0.000000000 0.998545825 -0.003472986 0.053797651 0.029377383 0.003296355 0.999988854 0.003371623 0.002216590 -0.053808760 -0.003189384 0.998546183 0.310999757
0 0.477663098 0.849178847 0.500000000 0.500000000 0.000000000 0.000000000 0.998831928 -0.003186791 0.048213985 0.023913268 0.003062661 0.999991775 0.002648228 -0.001929017 -0.048222028 -0.002497472 0.998833537 0.269290210
0 0.477663098 0.849178847 0.500000000 0.500000000 0.000000000 0.000000000 0.999039173 -0.002253968 0.043768588 0.012526018 0.002149602 0.999994755 0.002431407 -0.006925842 -0.043773837 -0.002334986 0.999038756 0.231493334
0 0.477663098 0.849178847 0.500000000 0.500000000 0.000000000 0.000000000 0.999265015 -0.002461749 0.038254131 0.009734888 0.002431983 0.999996722 0.000824628 -0.006739347 -0.038256034 -0.000730988 0.999267697 0.189410953
0 0.477663098 0.849178847 0.500000000 0.500000000 0.000000000 0.000000000 0.999465048 -0.002835144 0.032582264 0.005741160 0.002845707 0.999995887 -0.000277829 -0.007080993 -0.032581344 0.000370400 0.999469042 0.146739165
0 0.477663098 0.849178847 0.500000000 0.500000000 0.000000000 0.000000000 0.999618828 -0.002227769 0.027517021 -0.000246035 0.002251747 0.999997139 -0.000840407 -0.007486927 -0.027515069 0.000902048 0.999620974 0.105879100
0 0.477663098 0.849178847 0.500000000 0.500000000 0.000000000 0.000000000 0.999762535 -0.002188838 0.021682091 -0.003278464 0.002215905 0.999996781 -0.001224383 -0.009704685 -0.021679340 0.001272138 0.999764144 0.062830989
0 0.477663098 0.849178847 0.500000000 0.500000000 0.000000000 0.000000000 0.999857366 -0.002270904 0.016734557 -0.009040044 0.002311952 0.999994338 -0.002433945 -0.007017163 -0.016728934 0.002472287 0.999857008 0.022836693
0 0.477663098 0.849178847 0.500000000 0.500000000 0.000000000 0.000000000 0.999930739 -0.001603314 0.011659922 -0.014293282 0.001639080 0.999993980 -0.003058533 -0.004710059 -0.011654949 0.003077433 0.999927342 -0.016414237
0 0.477663098 0.849178847 0.500000000 0.500000000 0.000000000 0.000000000 0.999979377 -0.001630885 0.006215692 -0.016247247 0.001653984 0.999991715 -0.003712906 -0.000314130 -0.006209585 0.003723110 0.999973774 -0.054678127
0 0.477663098 0.849178847 0.500000000 0.500000000 0.000000000 0.000000000 0.999998093 -0.000849317 0.001747439 -0.023530673 0.000855822 0.999992669 -0.003724985 -0.000354448 -0.001744263 0.003726473 0.999991536 -0.093579953
0 0.477663098 0.849178847 0.500000000 0.500000000 0.000000000 0.000000000 0.999994397 0.000148672 -0.003344891 -0.026819878 -0.000161504 0.999992609 -0.003836259 0.001493533 0.003344296 0.003836778 0.999987066 -0.130971652
0 0.477663098 0.849178847 0.500000000 0.500000000 0.000000000 0.000000000 0.999969006 0.000337781 -0.007867748 -0.035852935 -0.000368922 0.999992132 -0.003956917 0.002042915 0.007866349 0.003959696 0.999961197 -0.172535978
0 0.477663098 0.849178847 0.500000000 0.500000000 0.000000000 0.000000000 0.999918342 0.001010950 -0.012740101 -0.042273014 -0.001077049 0.999985993 -0.005182479 0.007926803 0.012734683 0.005195777 0.999905407 -0.212367362
0 0.477663098 0.849178847 0.500000000 0.500000000 0.000000000 0.000000000 0.999835908 0.001602298 -0.018045492 -0.044902025 -0.001695149 0.999985397 -0.005131289 0.009370179 0.018037006 0.005161037 0.999823987 -0.249813730
0 0.477663098 0.849178847 0.500000000 0.500000000 0.000000000 0.000000000 0.999731243 0.002879312 -0.023004413 -0.049412484 -0.003013185 0.999978721 -0.005786916 0.013388246 0.022987260 0.005854677 0.999718606 -0.289700687
0 0.477663098 0.849178847 0.500000000 0.500000000 0.000000000 0.000000000 0.999619365 0.003579037 -0.027356233 -0.056911329 -0.003724990 0.999979079 -0.005286146 0.012043932 0.027336743 0.005386035 0.999611795 -0.328955932
0 0.477663098 0.849178847 0.500000000 0.500000000 0.000000000 0.000000000 0.999492884 0.004252376 -0.031558432 -0.066220570 -0.004416331 0.999977112 -0.005127401 0.012739315 0.031535905 0.005264173 0.999488771 -0.367360381
0 0.477663098 0.849178847 0.500000000 0.500000000 0.000000000 0.000000000 0.999316514 0.005555560 -0.036546778 -0.069150246 -0.005751564 0.999969602 -0.005260138 0.014850363 0.036516443 0.005466744 0.999318123 -0.408878805
0 0.477663098 0.849178847 0.500000000 0.500000000 0.000000000 0.000000000 0.999123216 0.005522112 -0.041501019 -0.071726859 -0.005754045 0.999968469 -0.005471238 0.014304130 0.041469496 0.005705239 0.999123454 -0.451383978
0 0.477663098 0.849178847 0.500000000 0.500000000 0.000000000 0.000000000 0.998902440 0.006248306 -0.046421237 -0.074515193 -0.006505565 0.999964297 -0.005392840 0.016626557 0.046385884 0.005688917 0.998907387 -0.492096783
0 0.477663098 0.849178847 0.500000000 0.500000000 0.000000000 0.000000000 0.998682261 0.006028650 -0.050964974 -0.078247396 -0.006304071 0.999966383 -0.005245110 0.017115749 0.050931640 0.005559485 0.998686671 -0.531223915
0 0.477663098 0.849178847 0.500000000 0.500000000 0.000000000 0.000000000 0.998400033 0.007055555 -0.056103699 -0.079561513 -0.007375476 0.999957681 -0.005497293 0.022086320 0.056062538 0.005902288 0.998409808 -0.574078925
0 0.477663098 0.849178847 0.500000000 0.500000000 0.000000000 0.000000000 0.998153806 0.006798509 -0.060354982 -0.085827395 -0.007180267 0.999955535 -0.006110588 0.025815393 0.060310755 0.006532671 0.998158276 -0.616874048
0 0.477663098 0.849178847 0.500000000 0.500000000 0.000000000 0.000000000 0.997829497 0.006913766 -0.065486297 -0.085612747 -0.007326959 0.999954700 -0.006071545 0.028255171 0.065441355 0.006538182 0.997834980 -0.656836065
0 0.477663098 0.849178847 0.500000000 0.500000000 0.000000000 0.000000000 0.997584820 0.006420142 -0.069161110 -0.092658716 -0.006855830 0.999958098 -0.006064081 0.031474140 0.069119282 0.006523592 0.997587085 -0.696813484
0 0.477663098 0.849178847 0.500000000 0.500000000 0.000000000 0.000000000 0.997218192 0.006039816 -0.074292772 -0.090855702 -0.006532030 0.999958277 -0.006384132 0.035297448 0.074251115 0.006851655 0.997216046 -0.737082383
0 0.477663098 0.849178847 0.500000000 0.500000000 0.000000000 0.000000000 0.996939182 0.005837566 -0.077962518 -0.095221284 -0.006303714 0.999963701 -0.005734365 0.036541758 0.077926211 0.006208267 0.996939778 -0.775530640
0 0.477663098 0.849178847 0.500000000 0.500000000 0.000000000 0.000000000 0.996572733 0.005826958 -0.082516015 -0.094760532 -0.006333535 0.999962687 -0.005878705 0.042300794 0.082478672 0.006381175 0.996572375 -0.815327580
0 0.477663098 0.849178847 0.500000000 0.500000000 0.000000000 0.000000000 0.996175289 0.005027931 -0.087232478 -0.092303936 -0.005530999 0.999969423 -0.005526232 0.045279223 0.087202027 0.005987579 0.996172667 -0.853733285
0 0.477663098 0.849178847 0.500000000 0.500000000 0.000000000 0.000000000 0.995843470 0.003689478 -0.091006175 -0.094885350 -0.004176268 0.999977946 -0.005159124 0.045738669 0.090985134 0.005517747 0.995836973 -0.893736857
0 0.477663098 0.849178847 0.500000000 0.500000000 0.000000000 0.000000000 0.995404661 0.003727946 -0.095685296 -0.093007270 -0.004201281 0.999979913 -0.004745801 0.048152025 0.095665678 0.005125993 0.995400310 -0.933949960
0 0.477663098 0.849178847 0.500000000 0.500000000 0.000000000 0.000000000 0.995024383 0.002958513 -0.099587843 -0.093234618 -0.003370428 0.999986470 -0.003968211 0.047753092 0.099574752 0.004284121 0.995020866 -0.972645396
0 0.477663098 0.849178847 0.500000000 0.500000000 0.000000000 0.000000000 0.994578540 0.002806382 -0.103950225 -0.091900136 -0.003299140 0.999984145 -0.004568686 0.054410831 0.103935756 0.004886864 0.994571984 -1.013117829
0 0.477663098 0.849178847 0.500000000 0.500000000 0.000000000 0.000000000 0.994181216 0.002331709 -0.107695296 -0.092172427 -0.002770597 0.999988437 -0.003925831 0.052346113 0.107684895 0.004201367 0.994176209 -1.052208809
0 0.477663098 0.849178847 0.500000000 0.500000000 0.000000000 0.000000000 0.993698120 0.001651895 -0.112077266 -0.087972292 -0.002056828 0.999991775 -0.003497448 0.051764219 0.112070568 0.003705931 0.993693352 -1.093226994
0 0.477663098 0.849178847 0.500000000 0.500000000 0.000000000 0.000000000 0.993274033 0.001323968 -0.115779959 -0.086680666 -0.001722354 0.999992907 -0.003340912 0.052065057 0.115774721 0.003517854 0.993269265 -1.132954980
0 0.477663098 0.849178847 0.500000000 0.500000000 0.000000000 0.000000000 0.992758572 0.000880335 -0.120123357 -0.080752058 -0.001288239 0.999993682 -0.003318092 0.053535309 0.120119676 0.003448812 0.992753446 -1.174796414
0 0.477663098 0.849178847 0.500000000 0.500000000 0.000000000 0.000000000 0.992269754 0.000372354 -0.124099046 -0.077422059 -0.000807219 0.999993682 -0.003453912 0.055001701 0.124096975 0.003527388 0.992263854 -1.216919345
0 0.477663098 0.849178847 0.500000000 0.500000000 0.000000000 0.000000000 0.991742969 -0.000121754 -0.128241450 -0.072261761 -0.000206333 0.999996722 -0.002545064 0.052647360 0.128241330 0.002550510 0.991739690 -1.257873727
0 0.477663098 0.849178847 0.500000000 0.500000000 0.000000000 0.000000000 0.991281092 -0.000230968 -0.131763861 -0.071362581 0.000015578 0.999998689 -0.001635691 0.049857827 0.131764054 0.001619377 0.991279781 -1.299724396
0 0.477663098 0.849178847 0.500000000 0.500000000 0.000000000 0.000000000 0.990671933 -0.000900907 -0.136265472 -0.063644072 0.000685309 0.999998450 -0.001629093 0.053220420 0.136266723 0.001520513 0.990671039 -1.339306276
0 0.477663098 0.849178847 0.500000000 0.500000000 0.000000000 0.000000000 0.990097821 -0.001881820 -0.140366450 -0.057346876 0.001613257 0.999996662 -0.002027063 0.056422149 0.140369788 0.001780544 0.990097523 -1.381057679
0 0.477663098 0.849178847 0.500000000 0.500000000 0.000000000 0.000000000 0.989550471 -0.002158297 -0.144170687 -0.051270225 0.001901755 0.999996364 -0.001917218 0.057814571 0.144174308 0.001623006 0.989550948 -1.421758975
0 0.477663098 0.849178847 0.500000000 0.500000000 0.000000000 0.000000000 0.989061594 -0.003221878 -0.147468030 -0.046921119 0.002942317 0.999993443 -0.002113844 0.058982468 0.147473887 0.001656824 0.989064574 -1.462411598
0 0.477663098 0.849178847 0.500000000 0.500000000 0.000000000 0.000000000 0.988526285 -0.003659181 -0.151004568 -0.040890745 0.003473601 0.999992847 -0.001492728 0.058694111 0.151008949 0.000951072 0.988531947 -1.501327939
0 0.477663098 0.849178847 0.500000000 0.500000000 0.000000000 0.000000000 0.988068044 -0.003127113 -0.153986424 -0.039060063 0.002977747 0.999994874 -0.001200632 0.062515960 0.153989390 0.000727774 0.988072217 -1.540623423
0 0.477663098 0.849178847 0.500000000 0.500000000 0.000000000 0.000000000 0.987565875 -0.003119464 -0.157174692 -0.035890103 0.002999472 0.999994993 -0.001000623 0.066144163 0.157177031 0.000516740 0.987570286 -1.579001161
0 0.477663098 0.849178847 0.500000000 0.500000000 0.000000000 0.000000000 0.986963928 -0.004027139 -0.160891145 -0.028870445 0.003986114 0.999991894 -0.000577755 0.066294936 0.160892159 -0.000071107 0.986971974 -1.618611042
0 0.477663098 0.849178847 0.500000000 0.500000000 0.000000000 0.000000000 0.986474156 -0.003920327 -0.163870066 -0.027805661 0.004031598 0.999991834 0.000346443 0.065694441 0.163867369 -0.001002416 0.986481845 -1.657394661
0 0.477663098 0.849178847 0.500000000 0.500000000 0.000000000 0.000000000 0.985857844 -0.004238609 -0.167530283 -0.021526877 0.004376647 0.999990344 0.000454747 0.069428809 0.167526737 -0.001181536 0.985866845 -1.695343589
