0 0.574035728 1.020507955 0.500000000 0.500000000 0.000000000 0.000000000 0.999904156 -0.011346311 0.007935767 -0.042453966 0.011353044 0.999935210 -0.000803790 0.850549531 -0.007926133 0.000893808 0.999968171 -1.498351989
0 0.574035728 1.020507955 0.500000000 0.500000000 0.000000000 0.000000000 0.999903858 -0.011361345 0.007952830 -0.042182473 0.011368245 0.999935031 -0.000822973 0.854558051 -0.007942963 0.000913303 0.999968052 -1.505826150
0 0.574035728 1.020507955 0.500000000 0.500000000 0.000000000 0.000000000 0.999904096 -0.011388145 0.007879262 -0.041322353 0.011394452 0.999934793 -0.000755998 0.858082950 -0.007870139 0.000845705 0.999968648 -1.513431955
0 0.574035728 1.020507955 0.500000000 0.500000000 0.000000000 0.000000000 0.999903560 -0.011354747 0.007997410 -0.041293686 0.011361759 0.999935091 -0.000831928 0.862119586 -0.007987445 0.000922713 0.999967694 -1.521046394
0 0.574035728 1.020507955 0.500000000 0.500000000 0.000000000 0.000000000 0.999902070 -0.011479580 0.008001578 -0.041113318 0.011487016 0.999933660 -0.000884003 0.866252301 -0.007990899 0.000975831 0.999967575 -1.528625833
0 0.574035728 1.020507955 0.500000000 0.500000000 0.000000000 0.000000000 0.999901891 -0.011533557 0.007949382 -0.040067643 0.011540435 0.999933064 -0.000819959 0.873862356 -0.007939393 0.000911618 0.999968052 -1.543732017
0 0.574035728 1.020507955 0.500000000 0.500000000 0.000000000 0.000000000 0.999901056 -0.011620596 0.007928165 -0.039613705 0.011627551 0.999932051 -0.000831758 0.877835016 -0.007917960 0.000923860 0.999968231 -1.551252731
0 0.574035728 1.020507955 0.500000000 0.500000000 0.000000000 0.000000000 0.999902368 -0.011435772 0.008028327 -0.039476414 0.011442351 0.999934256 -0.000773971 0.881454712 -0.008018948 0.000865759 0.999967456 -1.558977684
0 0.574035728 1.020507955 0.500000000 0.500000000 0.000000000 0.000000000 0.999902904 -0.011429780 0.007972378 -0.038884203 0.011436806 0.999934256 -0.000836262 0.885569913 -0.007962296 0.000927360 0.999967873 -1.566673813
0 0.574035728 1.020507955 0.500000000 0.500000000 0.000000000 0.000000000 0.999904633 -0.011309576 0.007927258 -0.038432296 0.011316495 0.999935627 -0.000828468 0.889332391 -0.007917378 0.000918098 0.999968231 -1.574179662
0 0.574035728 1.020507955 0.500000000 0.500000000 0.000000000 0.000000000 0.999904573 -0.011330006 0.007902230 -0.037756990 0.011337340 0.999935329 -0.000883891 0.893391193 -0.007891705 0.000973397 0.999968410 -1.581853842
0 0.574035728 1.020507955 0.500000000 0.500000000 0.000000000 0.000000000 0.999904156 -0.011358487 0.007918297 -0.037049858 0.011364966 0.999935091 -0.000773611 0.900952785 -0.007908996 0.000863528 0.999968350 -1.597125088
0 0.574035728 1.020507955 0.500000000 0.500000000 0.000000000 0.000000000 0.999904156 -0.011357308 0.007915102 -0.036274708 0.011363975 0.999935091 -0.000797792 0.904731705 -0.007905528 0.000887663 0.999968350 -1.604800054
0 0.574035728 1.020507955 0.500000000 0.500000000 0.000000000 0.000000000 0.999904394 -0.011381568 0.007853971 -0.035640808 0.011388370 0.999934793 -0.000821841 0.908679909 -0.007844104 0.000911207 0.999968827 -1.612445255
0 0.574035728 1.020507955 0.500000000 0.500000000 0.000000000 0.000000000 0.999903917 -0.011416769 0.007859609 -0.035480432 0.011423817 0.999934375 -0.000852448 0.912612199 -0.007849361 0.000942153 0.999968767 -1.620098916
0 0.574035728 1.020507955 0.500000000 0.500000000 0.000000000 0.000000000 0.999904752 -0.011309947 0.007912463 -0.035236001 0.011316999 0.999935627 -0.000847063 0.916528820 -0.007902373 0.000936527 0.999968350 -1.627791309
0 0.574035728 1.020507955 0.500000000 0.500000000 0.000000000 0.000000000 0.999904752 -0.011418753 0.007750242 -0.033796489 0.011425368 0.999934375 -0.000809851 0.924085032 -0.007740485 0.000898323 0.999969661 -1.643190359
0 0.574035728 1.020507955 0.500000000 0.500000000 0.000000000 0.000000000 0.999904811 -0.011349504 0.007846456 -0.033716858 0.011356678 0.999935150 -0.000870281 0.928019324 -0.007836069 0.000959308 0.999968827 -1.650905989
0 0.574035728 1.020507955 0.500000000 0.500000000 0.000000000 0.000000000 0.999904692 -0.011378634 0.007821797 -0.032952044 0.011386152 0.999934733 -0.000917409 0.931961117 -0.007810848 0.001006382 0.999969006 -1.658569386
0 0.574035728 1.020507955 0.500000000 0.500000000 0.000000000 0.000000000 0.999905169 -0.011363862 0.007781043 -0.032559887 0.011370989 0.999934971 -0.000872442 0.935534520 -0.007770623 0.000960837 0.999969363 -1.666334114
0 0.574035728 1.020507955 0.500000000 0.500000000 0.000000000 0.000000000 0.999904394 -0.011401661 0.007823261 -0.032137334 0.011409211 0.999934494 -0.000921161 0.939750936 -0.007812245 0.001010330 0.999968946 -1.674164366
0 0.574035728 1.020507955 0.500000000 0.500000000 0.000000000 0.000000000 0.999904275 -0.011327197 0.007947988 -0.031584396 0.011334564 0.999935389 -0.000882511 0.947333339 -0.007937478 0.000972514 0.999968052 -1.689554287
0 0.574035728 1.020507955 0.500000000 0.500000000 0.000000000 0.000000000 0.999903560 -0.011384362 0.007953336 -0.030982705 0.011392385 0.999934614 -0.000964043 0.951397404 -0.007941841 0.001054557 0.999967933 -1.697243604
0 0.574035728 1.020507955 0.500000000 0.500000000 0.000000000 0.000000000 0.999903560 -0.011418356 0.007907143 -0.030163694 0.011425995 0.999934316 -0.000921613 0.955076718 -0.007896100 0.001011871 0.999968290 -1.705056713
0 0.574035728 1.020507955 0.500000000 0.500000000 0.000000000 0.000000000 0.999902368 -0.011499451 0.007934872 -0.030107517 0.011507623 0.999933302 -0.000984915 0.959176267 -0.007923016 0.001076131 0.999968052 -1.712851139
0 0.574035728 1.020507955 0.500000000 0.500000000 0.000000000 0.000000000 0.999902964 -0.011456928 0.007928379 -0.029425468 0.011465266 0.999933779 -0.001007037 0.962943072 -0.007916316 0.001097840 0.999968052 -1.720569274
0 0.574035728 1.020507955 0.500000000 0.500000000 0.000000000 0.000000000 0.999901354 -0.011570115 0.007966549 -0.029065517 0.011578870 0.999932408 -0.001053742 0.967063998 -0.007953819 0.001145882 0.999967694 -1.728189009
0 0.574035728 1.020507955 0.500000000 0.500000000 0.000000000 0.000000000 0.999900222 -0.011646594 0.007994607 -0.028165123 0.011655638 0.999931455 -0.001085530 0.974850511 -0.007981417 0.001178604 0.999967456 -1.743973166
0 0.574035728 1.020507955 0.500000000 0.500000000 0.000000000 0.000000000 0.999899685 -0.011635678 0.008078090 -0.028099710 0.011645129 0.999931574 -0.001123891 0.978877844 -0.008064460 0.001217848 0.999966741 -1.751769289
0 0.574035728 1.020507955 0.500000000 0.500000000 0.000000000 0.000000000 0.999898076 -0.011756673 0.008103952 -0.027750057 0.011765948 0.999930203 -0.001097841 0.982828777 -0.008090478 0.001193080 0.999966562 -1.759664768
0 0.574035728 1.020507955 0.500000000 0.500000000 0.000000000 0.000000000 0.999897778 -0.011745306 0.008154472 -0.027538135 0.011754303 0.999930382 -0.001056404 0.986717452 -0.008141496 0.001152146 0.999966204 -1.767427991
0 0.574035728 1.020507955 0.500000000 0.500000000 0.000000000 0.000000000 0.999898612 -0.011657272 0.008176251 -0.026965726 0.011666371 0.999931395 -0.001065955 0.990464081 -0.008163264 0.001161234 0.999966025 -1.775206732
0 0.574035728 1.020507955 0.500000000 0.500000000 0.000000000 0.000000000 0.999897361 -0.011739226 0.008210976 -0.026009581 0.011748981 0.999930322 -0.001140758 0.998844405 -0.008197012 0.001237111 0.999965668 -1.790700529
0 0.574035728 1.020507955 0.500000000 0.500000000 0.000000000 0.000000000 0.999897480 -0.011741618 0.008198448 -0.025439368 0.011750795 0.999930382 -0.001072053 1.002388461 -0.008185289 0.001168281 0.999965847 -1.798846028
0 0.574035728 1.020507955 0.500000000 0.500000000 0.000000000 0.000000000 0.999897659 -0.011770129 0.008135297 -0.024837576 0.011779576 0.999930024 -0.001114222 1.006504781 -0.008121613 0.001209939 0.999966264 -1.806666969
0 0.574035728 1.020507955 0.500000000 0.500000000 0.000000000 0.000000000 0.999897182 -0.011757090 0.008210005 -0.024800787 0.011766179 0.999930203 -0.001059648 1.010359862 -0.008196973 0.001156139 0.999965727 -1.814778970
0 0.574035728 1.020507955 0.500000000 0.500000000 0.000000000 0.000000000 0.999896765 -0.011755476 0.008264275 -0.024312089 0.011765402 0.999930143 -0.001153532 1.014654130 -0.008250138 0.001250646 0.999965191 -1.822315396
0 0.574035728 1.020507955 0.500000000 0.500000000 0.000000000 0.000000000 0.999894500 -0.011941283 0.008270294 -0.023679544 0.011951680 0.999927819 -0.001208937 1.022339228 -0.008255262 0.001307653 0.999965072 -1.838064905
0 0.574035728 1.020507955 0.500000000 0.500000000 0.000000000 0.000000000 0.999894738 -0.011959242 0.008217407 -0.022885892 0.011969310 0.999927700 -0.001177091 1.026155961 -0.008202735 0.001275324 0.999965549 -1.846126279
0 0.574035728 1.020507955 0.500000000 0.500000000 0.000000000 0.000000000 0.999895573 -0.011892079 0.008212296 -0.022513406 0.011902538 0.999928415 -0.001225907 1.030080053 -0.008197130 0.001323526 0.999965549 -1.853902878
0 0.574035728 1.020507955 0.500000000 0.500000000 0.000000000 0.000000000 0.999894977 -0.011953432 0.008194148 -0.021757869 0.011964828 0.999927521 -0.001343103 1.034671841 -0.008177499 0.001441003 0.999965549 -1.861849047
0 0.574035728 1.020507955 0.500000000 0.500000000 0.000000000 0.000000000 0.999893665 -0.012021938 0.008252636 -0.021600984 0.012033157 0.999926746 -0.001311206 1.038472701 -0.008236268 0.001410372 0.999965072 -1.869532769
0 0.574035728 1.020507955 0.500000000 0.500000000 0.000000000 0.000000000 0.999892771 -0.012054683 0.008310901 -0.021425215 0.012066417 0.999926269 -0.001363176 1.042588747 -0.008293855 0.001463313 0.999964535 -1.877452815
0 0.574035728 1.020507955 0.500000000 0.500000000 0.000000000 0.000000000 0.999891579 -0.012221068 0.008215315 -0.020108441 0.012232199 0.999924302 -0.001306028 1.050405584 -0.008198733 0.001406378 0.999965429 -1.893414406
0 0.574035728 1.020507955 0.500000000 0.500000000 0.000000000 0.000000000 0.999893010 -0.012156190 0.008137978 -0.019369626 0.012166840 0.999925196 -0.001260400 1.053933143 -0.008122047 0.001359278 0.999966085 -1.901492504
0 0.574035728 1.020507955 0.500000000 0.500000000 0.000000000 0.000000000 0.999893963 -0.012035930 0.008195741 -0.018960514 0.012047157 0.999926567 -0.001321813 1.058188941 -0.008179230 0.001420408 0.999965549 -1.909279120
0 0.574035728 1.020507955 0.500000000 0.500000000 0.000000000 0.000000000 0.999893665 -0.012121556 0.008104241 -0.017786330 0.012133321 0.999925375 -0.001404069 1.062299594 -0.008086616 0.001502251 0.999966204 -1.917260929
0 0.574035728 1.020507955 0.500000000 0.500000000 0.000000000 0.000000000 0.999892175 -0.012167608 0.008223006 -0.018106120 0.012179143 0.999924898 -0.001354054 1.066310048 -0.008205912 0.001454057 0.999965250 -1.925441473
0 0.574035728 1.020507955 0.500000000 0.500000000 0.000000000 0.000000000 0.999894857 -0.011990386 0.008156459 -0.016591716 0.012001071 0.999927163 -0.001262290 1.073761510 -0.008140730 0.001360043 0.999965966 -1.941613207
0 0.574035728 1.020507955 0.500000000 0.500000000 0.000000000 0.000000000 0.999894559 -0.012018490 0.008152424 -0.015657504 0.012029989 0.999926686 -0.001362842 1.078184063 -0.008135448 0.001460772 0.999965847 -1.949538566
0 0.574035728 1.020507955 0.500000000 0.500000000 0.000000000 0.000000000 0.999894202 -0.012008505 0.008205970 -0.015562616 0.012019892 0.999926865 -0.001339807 1.081864700 -0.008189281 0.001438300 0.999965429 -1.957489499
0 0.574035728 1.020507955 0.500000000 0.500000000 0.000000000 0.000000000 0.999893963 -0.012043600 0.008184322 -0.014828017 0.012055769 0.999926269 -0.001439139 1.086165490 -0.008166387 0.001537655 0.999965489 -1.965625403
0 0.574035728 1.020507955 0.500000000 0.500000000 0.000000000 0.000000000 0.999893010 -0.012038644 0.008311316 -0.014803564 0.012050831 0.999926388 -0.001417642 1.090159353 -0.008293638 0.001517649 0.999964476 -1.973624643
0 0.574035728 1.020507955 0.500000000 0.500000000 0.000000000 0.000000000 0.999890983 -0.012175729 0.008350975 -0.013816268 0.012187419 0.999924839 -0.001350295 1.097803268 -0.008333907 0.001451924 0.999964237 -1.989873386
0 0.574035728 1.020507955 0.500000000 0.500000000 0.000000000 0.000000000 0.999891281 -0.012245763 0.008214328 -0.012673953 0.012257690 0.999923885 -0.001403174 1.102337108 -0.008196520 0.001503710 0.999965250 -1.997934571
0 0.574035728 1.020507955 0.500000000 0.500000000 0.000000000 0.000000000 0.999890685 -0.012250835 0.008280106 -0.012444692 0.012261934 0.999924004 -0.001291034 1.105623980 -0.008263661 0.001392422 0.999964893 -2.006244040
0 0.574035728 1.020507955 0.500000000 0.500000000 0.000000000 0.000000000 0.999891281 -0.012217518 0.008256881 -0.011660132 0.012229004 0.999924302 -0.001342013 1.109893930 -0.008239861 0.001442840 0.999965012 -2.014283281
0 0.574035728 1.020507955 0.500000000 0.500000000 0.000000000 0.000000000 0.999891162 -0.012190354 0.008312600 -0.011272198 0.012201956 0.999924660 -0.001346313 1.113985152 -0.008295561 0.001447596 0.999964535 -2.022279063
0 0.574035728 1.020507955 0.500000000 0.500000000 0.000000000 0.000000000 0.999891341 -0.012187810 0.008293217 -0.010626193 0.012198981 0.999924719 -0.001297775 1.117884641 -0.008276776 0.001398803 0.999964774 -2.030681504
0 0.574035728 1.020507955 0.500000000 0.500000000 0.000000000 0.000000000 0.999890804 -0.012174175 0.008373659 -0.009619586 0.012185179 0.999924958 -0.001264330 1.125608156 -0.008357638 0.001366226 0.999964118 -2.046938594
0 0.574035728 1.020507955 0.500000000 0.500000000 0.000000000 0.000000000 0.999891758 -0.012159542 0.008286343 -0.008412452 0.012170778 0.999925077 -0.001306812 1.129936052 -0.008269832 0.001407522 0.999964833 -2.054990220
0 0.574035728 1.020507955 0.500000000 0.500000000 0.000000000 0.000000000 0.999891937 -0.012125138 0.008314658 -0.008298895 0.012136404 0.999925494 -0.001305922 1.133898662 -0.008298204 0.001406691 0.999964595 -2.063348864
0 0.574035728 1.020507955 0.500000000 0.500000000 0.000000000 0.000000000 0.999891102 -0.012186448 0.008325991 -0.007795374 0.012197508 0.999924779 -0.001278979 1.137834361 -0.008309779 0.001380396 0.999964535 -2.071622456
0 0.574035728 1.020507955 0.500000000 0.500000000 0.000000000 0.000000000 0.999890447 -0.012264290 0.008288302 -0.007182446 0.012275118 0.999923885 -0.001256813 1.141877946 -0.008272257 0.001358415 0.999964833 -2.079996409
0 0.574035728 1.020507955 0.500000000 0.500000000 0.000000000 0.000000000 0.999891996 -0.012129279 0.008296917 -0.005855155 0.012140843 0.999925375 -0.001344887 1.149975394 -0.008279986 0.001445473 0.999964654 -2.096241422
0 0.574035728 1.020507955 0.500000000 0.500000000 0.000000000 0.000000000 0.999891520 -0.012199776 0.008255119 -0.005097679 0.012211017 0.999924600 -0.001312717 1.153968876 -0.008238481 0.001413378 0.999965072 -2.104369936
0 0.574035728 1.020507955 0.500000000 0.500000000 0.000000000 0.000000000 0.999891222 -0.012247393 0.008215184 -0.004488950 0.012258505 0.999924004 -0.001303614 1.157886317 -0.008198595 0.001404178 0.999965429 -2.112861414
0 0.574035728 1.020507955 0.500000000 0.500000000 0.000000000 0.000000000 0.999890149 -0.012302110 0.008268772 -0.004364345 0.012312553 0.999923468 -0.001213247 1.161557630 -0.008253213 0.001314923 0.999965072 -2.121158705
0 0.574035728 1.020507955 0.500000000 0.500000000 0.000000000 0.000000000 0.999889731 -0.012365081 0.008226631 -0.003419283 0.012375526 0.999922693 -0.001219999 1.165650320 -0.008210910 0.001321673 0.999965429 -2.129523120
0 0.574035728 1.020507955 0.500000000 0.500000000 0.000000000 0.000000000 0.999889433 -0.012316253 0.008329899 -0.002385734 0.012326366 0.999923348 -0.001163824 1.173521576 -0.008314926 0.001266373 0.999964654 -2.146211821
0 0.574035728 1.020507955 0.500000000 0.500000000 0.000000000 0.000000000 0.999889374 -0.012346156 0.008293948 -0.001503777 0.012356522 0.999922931 -0.001199702 1.177670226 -0.008278497 0.001302054 0.999964893 -2.154225136
0 0.574035728 1.020507955 0.500000000 0.500000000 0.000000000 0.000000000 0.999890089 -0.012284033 0.008299760 -0.001212790 0.012294305 0.999923706 -0.001187719 1.181608919 -0.008284536 0.001289628 0.999964833 -2.162745260
0 0.574035728 1.020507955 0.500000000 0.500000000 0.000000000 0.000000000 0.999891400 -0.012196304 0.008270325 -0.000347736 0.012206535 0.999924779 -0.001187686 1.185681387 -0.008255218 0.001288509 0.999965072 -2.171014089
0 0.574035728 1.020507955 0.500000000 0.500000000 0.000000000 0.000000000 0.999890745 -0.012190312 0.008362451 -0.000024500 0.012200645 0.999924839 -0.001185725 1.189623911 -0.008347368 0.001287623 0.999964356 -2.179323689
0 0.574035728 1.020507955 0.500000000 0.500000000 0.000000000 0.000000000 0.999890506 -0.012243522 0.008307669 0.000722269 0.012254529 0.999924123 -0.001275216 1.194024929 -0.008291425 0.001376883 0.999964654 -2.187625561
0 0.574035728 1.020507955 0.500000000 0.500000000 0.000000000 0.000000000 0.999890864 -0.012228461 0.008290214 0.002381389 0.012239365 0.999924302 -0.001265804 1.202177317 -0.008274107 0.001367133 0.999964833 -2.204194151
0 0.574035728 1.020507955 0.500000000 0.500000000 0.000000000 0.000000000 0.999890327 -0.012244462 0.008332013 0.002609316 0.012254878 0.999924183 -0.001200152 1.205758103 -0.008316686 0.001302128 0.999964595 -2.212685758
0 0.574035728 1.020507955 0.500000000 0.500000000 0.000000000 0.000000000 0.999890625 -0.012231880 0.008316007 0.003426999 0.012242406 0.999924302 -0.001216030 1.209884975 -0.008300504 0.001317705 0.999964654 -2.221084213
0 0.574035728 1.020507955 0.500000000 0.500000000 0.000000000 0.000000000 0.999890506 -0.012224230 0.008335790 0.003846623 0.012234378 0.999924481 -0.001167356 1.213576190 -0.008320889 0.001269211 0.999964595 -2.229620930
0 0.574035728 1.020507955 0.500000000 0.500000000 0.000000000 0.000000000 0.999890089 -0.012267322 0.008327430 0.004760436 0.012277904 0.999923885 -0.001220777 1.217937799 -0.008311821 0.001322886 0.999964595 -2.237786202
0 0.574035728 1.020507955 0.500000000 0.500000000 0.000000000 0.000000000 0.999887943 -0.012407678 0.008373563 0.005750593 0.012417897 0.999922216 -0.001169456 1.225780382 -0.008358402 0.001273307 0.999964237 -2.254756042
