0.000000000 0.864009615 1.497616667 0.729799038 0.000131523 0.000000000 0.000000000 0.992389100 -0.003474340 -0.123092700 69.611080000 0.000058860 0.999615100 -0.027740000 -10.196530000 0.123141700 0.027521620 0.992007300 231.273600000
0.000000000 0.864009615 1.497616667 0.729799038 0.000131523 0.000000000 0.000000000 0.994831700 -0.002181110 -0.101514300 69.566160000 -0.000516383 0.999647600 -0.026538690 -10.213060000 0.101536400 0.026453950 0.994480000 231.805900000
0.000000000 0.864009615 1.497616667 0.729799038 0.000131523 0.000000000 0.000000000 0.996344400 -0.005409735 -0.085255990 69.533100000 0.003546329 0.999751800 -0.021992920 -10.231460000 0.085353800 0.021610180 0.996116300 232.343200000
0.000000000 0.864009615 1.497616667 0.729799038 0.000131523 0.000000000 0.000000000 0.997257000 -0.008615302 -0.073514580 69.507330000 0.007499222 0.999852600 -0.015444310 -10.252720000 0.073636800 0.014850640 0.997174500 232.885000000
0.000000000 0.864009615 1.497616667 0.729799038 0.000131523 0.000000000 0.000000000 0.997892400 -0.009297228 -0.064221400 69.477900000 0.008639287 0.999907400 -0.010515020 -10.272640000 0.064313210 0.009938032 0.997880200 233.425700000
0.000000000 0.864009615 1.497616667 0.729799038 0.000131523 0.000000000 0.000000000 0.998355500 -0.005058996 -0.057103740 69.443340000 0.004646736 0.999962200 -0.007349975 -10.291470000 0.057138760 0.007072542 0.998341100 233.967200000
0.000000000 0.864009615 1.497616667 0.729799038 0.000131523 0.000000000 0.000000000 0.998616000 -0.004579204 -0.052394110 69.413710000 0.004221307 0.999967000 -0.006939495 -10.307730000 0.052424150 0.006708719 0.998602300 234.508900000
0.000000000 0.864009615 1.497616667 0.729799038 0.000131523 0.000000000 0.000000000 0.998551500 -0.012364180 -0.052365740 69.396430000 0.012049670 0.999907400 -0.006317477 -10.320160000 0.052439000 0.005677335 0.998607900 235.055800000
0.000000000 0.864009615 1.497616667 0.729799038 0.000131523 0.000000000 0.000000000 0.998086900 -0.021900510 -0.057818070 69.378840000 0.021533950 0.999743900 -0.006955394 -10.330770000 0.057955590 0.005697036 0.998302900 235.601500000
0.000000000 0.864009615 1.497616667 0.729799038 0.000131523 0.000000000 0.000000000 0.997394000 -0.026308450 -0.067180020 69.343880000 0.025751660 0.999626600 -0.009140766 -10.343210000 0.067395410 0.007386948 0.997698900 236.144900000
0.000000000 0.864009615 1.497616667 0.729799038 0.000131523 0.000000000 0.000000000 0.996507000 -0.025675660 -0.079464660 69.291890000 0.024989630 0.999641400 -0.009615738 -10.358880000 0.079683060 0.007596357 0.996791200 236.690300000
0.000000000 0.864009615 1.497616667 0.729799038 0.000131523 0.000000000 0.000000000 0.995186400 -0.025692000 -0.094573110 69.230100000 0.024888130 0.999643500 -0.009669886 -10.376000000 0.094787830 0.007269590 0.995470900 237.232000000
0.000000000 0.864009615 1.497616667 0.729799038 0.000131523 0.000000000 0.000000000 0.993018500 -0.029671200 -0.114166400 69.165330000 0.028453590 0.999519700 -0.012280380 -10.388070000 0.114475900 0.008946202 0.993385700 237.775100000
0.000000000 0.864009615 1.497616667 0.729799038 0.000131523 0.000000000 0.000000000 0.989906600 -0.032983200 -0.137829700 69.084730000 0.031595050 0.999425700 -0.012247800 -10.401310000 0.138154500 0.007769443 0.990380200 238.316600000
0.000000000 0.864009615 1.497616667 0.729799038 0.000131523 0.000000000 0.000000000 0.985924600 -0.030605030 -0.164365800 68.978710000 0.029600950 0.999525200 -0.008555294 -10.414410000 0.164549500 0.003569493 0.986362300 238.847800000
0.000000000 0.864009615 1.497616667 0.729799038 0.000131523 0.000000000 0.000000000 0.980413200 -0.026025580 -0.195224700 68.850580000 0.025536140 0.999661300 -0.005023915 -10.431380000 0.195289300 -0.000059771 0.980745600 239.377200000
0.000000000 0.864009615 1.497616667 0.729799038 0.000131523 0.000000000 0.000000000 0.972665400 -0.023557790 -0.231013100 68.707740000 0.023002070 0.999722400 -0.005098975 -10.448870000 0.231069100 -0.000354184 0.972937200 239.897800000
0.000000000 0.864009615 1.497616667 0.729799038 0.000131523 0.000000000 0.000000000 0.962745400 -0.020240610 -0.269650900 68.575100000 0.018748010 0.999791300 -0.008109850 -10.434370000 0.269758800 0.002752303 0.962923900 240.383400000
0.000000000 0.864009615 1.497616667 0.729799038 0.000131523 0.000000000 0.000000000 0.950098900 -0.015699650 -0.311553500 68.411010000 0.013126430 0.999860200 -0.010354730 -10.413700000 0.311672500 0.005748430 0.950172100 240.827300000
0.000000000 0.864009615 1.497616667 0.729799038 0.000131523 0.000000000 0.000000000 0.934198200 -0.009426163 -0.356630000 68.216830000 0.005620304 0.999915700 -0.011706510 -10.400460000 0.356710300 0.008931828 0.934172300 241.289400000
0.000000000 0.864009615 1.497616667 0.729799038 0.000131523 0.000000000 0.000000000 0.914873800 -0.000235856 -0.403740000 67.988300000 -0.006126640 0.999876600 -0.014467060 -10.336950000 0.403693500 0.015709100 0.914759300 241.693300000
0.000000000 0.864009615 1.497616667 0.729799038 0.000131523 0.000000000 0.000000000 0.891077300 0.013035150 -0.453664400 67.727420000 -0.021928140 0.999656600 -0.014347580 -10.290060000 0.453321500 0.022732820 0.891057100 242.111200000
0.000000000 0.864009615 1.497616667 0.729799038 0.000131523 0.000000000 0.000000000 0.863301300 0.027845570 -0.503920200 67.444700000 -0.037814920 0.999238900 -0.009567550 -10.235060000 0.503270300 0.027315380 0.863697200 242.496600000
0.000000000 0.864009615 1.497616667 0.729799038 0.000131523 0.000000000 0.000000000 0.831504100 0.038888470 -0.554155800 67.125370000 -0.050302500 0.998719400 -0.005392089 -10.198440000 0.553236500 0.032358960 0.832395500 242.831100000
0.000000000 0.864009615 1.497616667 0.729799038 0.000131523 0.000000000 0.000000000 0.795347900 0.046486770 -0.604368100 66.803100000 -0.058259560 0.998301400 0.000117805 -10.153670000 0.603347000 0.035116520 0.796705200 243.182900000
0.000000000 0.864009615 1.497616667 0.729799038 0.000131523 0.000000000 0.000000000 0.755159100 0.052330820 -0.653449500 66.459210000 -0.059008490 0.998188400 0.011745700 -10.119920000 0.652880400 0.029689190 0.756878900 243.534300000
0.000000000 0.864009615 1.497616667 0.729799038 0.000131523 0.000000000 0.000000000 0.711513300 0.060010760 -0.700105400 66.086350000 -0.060172870 0.997890100 0.024382540 -10.069720000 0.700091500 0.024778850 0.713623000 243.807300000
0.000000000 0.864009615 1.497616667 0.729799038 0.000131523 0.000000000 0.000000000 0.665151900 0.067455350 -0.743655000 65.701790000 -0.060667600 0.997500700 0.036217870 -10.033790000 0.744239500 0.021025380 0.667581800 244.107800000
0.000000000 0.864009615 1.497616667 0.729799038 0.000131523 0.000000000 0.000000000 0.616292100 0.077251510 -0.783719500 65.297200000 -0.067283050 0.996703400 0.045336160 -10.000310000 0.784638100 0.024790710 0.619458100 244.371000000
0.000000000 0.864009615 1.497616667 0.729799038 0.000131523 0.000000000 0.000000000 0.564172900 0.080381410 -0.821734700 64.869540000 -0.069446870 0.996342700 0.049781770 -9.961987000 0.822730800 0.028981370 0.567691800 244.556500000
0.000000000 0.864009615 1.497616667 0.729799038 0.000131523 0.000000000 0.000000000 0.507953500 0.074983340 -0.858114700 64.448250000 -0.064042900 0.996734200 0.049186500 -9.923632000 0.859000400 0.029971690 0.511096800 244.782200000
0.000000000 0.864009615 1.497616667 0.729799038 0.000131523 0.000000000 0.000000000 0.449812400 0.064776300 -0.890771000 64.018070000 -0.051528320 0.997587300 0.046523680 -9.878884000 0.891635400 0.024973010 0.452064800 244.986500000
0.000000000 0.864009615 1.497616667 0.729799038 0.000131523 0.000000000 0.000000000 0.389368900 0.058286400 -0.919235900 63.555630000 -0.040222510 0.998119700 0.046250830 -9.838486000 0.920203200 0.018965340 0.390981200 245.119600000
0.000000000 0.864009615 1.497616667 0.729799038 0.000131523 0.000000000 0.000000000 0.329900500 0.058553750 -0.942198100 63.080800000 -0.036199530 0.998125100 0.049354520 -9.798650000 0.943321400 0.017825050 0.331401500 245.260000000
0.000000000 0.864009615 1.497616667 0.729799038 0.000131523 0.000000000 0.000000000 0.273934400 0.062692870 -0.959702900 62.589190000 -0.037766650 0.997804600 0.054401900 -9.766015000 0.961006500 0.021342210 0.275700700 245.365800000
0.000000000 0.864009615 1.497616667 0.729799038 0.000131523 0.000000000 0.000000000 0.221851800 0.065837760 -0.972855200 62.083690000 -0.040158290 0.997488300 0.058347030 -9.729817000 0.974253000 0.026123800 0.223938500 245.413500000
0.000000000 0.864009615 1.497616667 0.729799038 0.000131523 0.000000000 0.000000000 0.173674700 0.066031330 -0.982586900 61.580750000 -0.040526340 0.997383600 0.059862570 -9.695895000 0.983968800 0.029424040 0.175896300 245.474700000
0.000000000 0.864009615 1.497616667 0.729799038 0.000131523 0.000000000 0.000000000 0.129356700 0.064566270 -0.989493900 61.066770000 -0.037587070 0.997480000 0.060173620 -9.663459000 0.990885400 0.029408310 0.131457600 245.502800000
0.000000000 0.864009615 1.497616667 0.729799038 0.000131523 0.000000000 0.000000000 0.089842610 0.061485480 -0.994056300 60.547830000 -0.035814510 0.997646500 0.058470640 -9.629494000 0.995311800 0.030348490 0.091833230 245.534100000
0.000000000 0.864009615 1.497616667 0.729799038 0.000131523 0.000000000 0.000000000 0.056690050 0.057995370 -0.996706000 60.021940000 -0.036396540 0.997767900 0.055987030 -9.593959000 0.997728100 0.033102740 0.058674340 245.545100000
0.000000000 0.864009615 1.497616667 0.729799038 0.000131523 0.000000000 0.000000000 0.029749160 0.055876390 -0.997994400 59.483240000 -0.040253480 0.997693300 0.054659630 -9.559976000 0.998746500 0.038546670 0.031929760 245.533700000
0.000000000 0.864009615 1.497616667 0.729799038 0.000131523 0.000000000 0.000000000 0.009653026 0.053573010 -0.998517300 58.935830000 -0.044715650 0.997588000 0.053090870 -9.528225000 0.998953100 0.044136860 0.012025290 245.520200000
0.000000000 0.864009615 1.497616667 0.729799038 0.000131523 0.000000000 0.000000000 -0.005367240 0.051878980 -0.998639000 58.373630000 -0.047580730 0.997509000 0.052076010 -9.496583000 0.998852900 0.047795470 -0.002885431 245.501300000
0.000000000 0.864009615 1.497616667 0.729799038 0.000131523 0.000000000 0.000000000 -0.018090840 0.050396610 -0.998565500 57.782930000 -0.046703820 0.997596100 0.051193820 -9.482206000 0.998744900 0.047562950 -0.015693640 245.462000000
0.000000000 0.864009615 1.497616667 0.729799038 0.000131523 0.000000000 0.000000000 -0.028013640 0.048638720 -0.998423500 57.176410000 -0.044591360 0.997760400 0.049857560 -9.440360000 0.998612400 0.045917760 -0.025782030 245.424300000
0.000000000 0.864009615 1.497616667 0.729799038 0.000131523 0.000000000 0.000000000 -0.034005680 0.047627730 -0.998286200 56.557790000 -0.044995800 0.997778000 0.049136240 -9.402285000 0.998408200 0.046589590 -0.031787070 245.387700000
0.000000000 0.864009615 1.497616667 0.729799038 0.000131523 0.000000000 0.000000000 -0.037130730 0.047911710 -0.998161200 55.915780000 -0.047087290 0.997656600 0.049639100 -9.362804000 0.998200400 0.048843840 -0.034787680 245.343100000
0.000000000 0.864009615 1.497616667 0.729799038 0.000131523 0.000000000 0.000000000 -0.038346680 0.048293770 -0.998096800 55.257350000 -0.048172100 0.997580800 0.050119580 -9.324777000 0.998102600 0.050002330 -0.035927500 245.305300000
0.000000000 0.864009615 1.497616667 0.729799038 0.000131523 0.000000000 0.000000000 -0.037276360 0.049112730 -0.998097400 54.575700000 -0.047380240 0.997581400 0.050856880 -9.285086000 0.998181100 0.049185850 -0.034859230 245.267600000
0.000000000 0.864009615 1.497616667 0.729799038 0.000131523 0.000000000 0.000000000 -0.036243550 0.049347870 -0.998123900 53.877330000 -0.045866410 0.997645400 0.050989710 -9.249048000 0.998289800 0.047628400 -0.033894800 245.234500000
0.000000000 0.864009615 1.497616667 0.729799038 0.000131523 0.000000000 0.000000000 -0.035247590 0.048173780 -0.998216900 53.159480000 -0.043600480 0.997812300 0.049693820 -9.212307000 0.998427000 0.045274320 -0.033070080 245.201200000
0.000000000 0.864009615 1.497616667 0.729799038 0.000131523 0.000000000 0.000000000 -0.034033470 0.045847230 -0.998368600 52.422320000 -0.040390770 0.998068000 0.047210320 -9.177032000 0.998604100 0.041931610 -0.032115920 245.171900000
0.000000000 0.864009615 1.497616667 0.729799038 0.000131523 0.000000000 0.000000000 -0.033398290 0.044559940 -0.998448300 51.664760000 -0.039267790 0.998175700 0.045861300 -9.139110000 0.998670400 0.040738550 -0.031587590 245.141200000
0.000000000 0.864009615 1.497616667 0.729799038 0.000131523 0.000000000 0.000000000 -0.032580920 0.043832730 -0.998507500 50.886640000 -0.039359160 0.998206600 0.045103810 -9.096874000 0.998693800 0.040769930 -0.030797270 245.111400000
0.000000000 0.864009615 1.497616667 0.729799038 0.000131523 0.000000000 0.000000000 -0.032090510 0.044265630 -0.998504300 50.087930000 -0.039583020 0.998178700 0.045523340 -9.057067000 0.998700800 0.040984680 -0.030279900 245.081900000
0.000000000 0.864009615 1.497616667 0.729799038 0.000131523 0.000000000 0.000000000 -0.031834610 0.045470360 -0.998458300 49.268670000 -0.037719690 0.998198300 0.046661170 -9.011002000 0.998781100 0.039146980 -0.030062120 245.058700000
0.000000000 0.864009615 1.497616667 0.729799038 0.000131523 0.000000000 0.000000000 -0.031114670 0.045400850 -0.998484200 48.434380000 -0.034591950 0.998320500 0.046471360 -8.968180000 0.998917000 0.035985450 -0.029491910 245.035100000
0.000000000 0.864009615 1.497616667 0.729799038 0.000131523 0.000000000 0.000000000 -0.031065060 0.044968270 -0.998505300 47.581640000 -0.032060730 0.998428500 0.045962280 -8.929268000 0.999003000 0.033440620 -0.029574520 245.008900000
0.000000000 0.864009615 1.497616667 0.729799038 0.000131523 0.000000000 0.000000000 -0.031425020 0.044615400 -0.998509900 46.709670000 -0.030244180 0.998503300 0.045566960 -8.895416000 0.999048400 0.031631050 -0.030028630 244.985500000
0.000000000 0.864009615 1.497616667 0.729799038 0.000131523 0.000000000 0.000000000 -0.033357640 0.045724850 -0.998397000 45.820140000 -0.028472430 0.998504000 0.046681050 -8.854608000 0.999037800 0.029983960 -0.032005840 244.963800000
0.000000000 0.864009615 1.497616667 0.729799038 0.000131523 0.000000000 0.000000000 -0.036065800 0.048218530 -0.998185500 44.918970000 -0.026250940 0.998444900 0.049179550 -8.803572000 0.999004500 0.027977000 -0.034743930 244.937600000
0.000000000 0.864009615 1.497616667 0.729799038 0.000131523 0.000000000 0.000000000 -0.039185560 0.050474000 -0.997956400 44.005290000 -0.024895040 0.998364100 0.051472150 -8.749626000 0.998921700 0.026861130 -0.037864900 244.907500000
0.000000000 0.864009615 1.497616667 0.729799038 0.000131523 0.000000000 0.000000000 -0.042527860 0.048470580 -0.997918900 43.069320000 -0.025252200 0.998451200 0.049572610 -8.707462000 0.998776100 0.027307870 -0.041238000 244.864300000
0.000000000 0.864009615 1.497616667 0.729799038 0.000131523 0.000000000 0.000000000 -0.045696150 0.043649050 -0.998001300 42.122820000 -0.026671350 0.998635400 0.044898010 -8.671159000 0.998599200 0.028669710 -0.044469620 244.817200000
0.000000000 0.864009615 1.497616667 0.729799038 0.000131523 0.000000000 0.000000000 -0.048234050 0.040032400 -0.998033500 41.157910000 -0.025779030 0.998813800 0.041309580 -8.634776000 0.998503300 0.027720860 -0.047144840 244.771500000
0.000000000 0.864009615 1.497616667 0.729799038 0.000131523 0.000000000 0.000000000 -0.050314240 0.041716800 -0.997861800 40.172070000 -0.024564770 0.998773300 0.042993520 -8.596479000 0.998431300 0.026675430 -0.049227750 244.723800000
0.000000000 0.864009615 1.497616667 0.729799038 0.000131523 0.000000000 0.000000000 -0.051814000 0.047928760 -0.997506000 39.164720000 -0.023170780 0.998521000 0.049181120 -8.559737000 0.998387900 0.025661260 -0.050626830 244.672400000
0.000000000 0.864009615 1.497616667 0.729799038 0.000131523 0.000000000 0.000000000 -0.053013830 0.054435360 -0.997109000 38.137270000 -0.021245540 0.998225600 0.055625900 -8.510418000 0.998367700 0.024133060 -0.051763250 244.619600000
0.000000000 0.864009615 1.497616667 0.729799038 0.000131523 0.000000000 0.000000000 -0.053833210 0.054689750 -0.997051200 37.102630000 -0.017711390 0.998289600 0.055713980 -8.453846000 0.998392800 0.020658430 -0.052772500 244.568400000
0.000000000 0.864009615 1.497616667 0.729799038 0.000131523 0.000000000 0.000000000 -0.054866480 0.053088110 -0.997081400 36.057060000 -0.017679460 0.998377400 0.054129970 -8.397715000 0.998337100 0.020597790 -0.053838880 244.510700000
0.000000000 0.864009615 1.497616667 0.729799038 0.000131523 0.000000000 0.000000000 -0.055498510 0.050488460 -0.997181500 34.997620000 -0.019166740 0.998482800 0.051621090 -8.342557000 0.998274700 0.021977610 -0.054446600 244.449600000
0.000000000 0.864009615 1.497616667 0.729799038 0.000131523 0.000000000 0.000000000 -0.055618860 0.049579160 -0.997220400 33.924070000 -0.019862870 0.998513800 0.050751310 -8.289686000 0.998254400 0.022630390 -0.054551410 244.386000000
0.000000000 0.864009615 1.497616667 0.729799038 0.000131523 0.000000000 0.000000000 -0.055064020 0.049476180 -0.997256300 32.840100000 -0.023376420 0.998433900 0.050825360 -8.240889000 0.998209100 0.026110930 -0.053821200 244.318200000
0.000000000 0.864009615 1.497616667 0.729799038 0.000131523 0.000000000 0.000000000 -0.054404950 0.048251640 -0.997352500 31.755240000 -0.028173070 0.998359900 0.049837210 -8.195062000 0.998121400 0.030809870 -0.052956320 244.248300000
0.000000000 0.864009615 1.497616667 0.729799038 0.000131523 0.000000000 0.000000000 -0.054042300 0.046454580 -0.997457500 30.676330000 -0.029351090 0.998411700 0.048089270 -8.137184000 0.998107100 0.031875320 -0.052592960 244.183900000
0.000000000 0.864009615 1.497616667 0.729799038 0.000131523 0.000000000 0.000000000 -0.053738000 0.046541610 -0.997469900 29.595440000 -0.031680740 0.998330900 0.048288570 -8.086906000 0.998052300 0.034195510 -0.052173830 244.119000000
0.000000000 0.864009615 1.497616667 0.729799038 0.000131523 0.000000000 0.000000000 -0.052638580 0.046937800 -0.997509900 28.515740000 -0.030937550 0.998338600 0.048609380 -8.039974000 0.998134200 0.033419240 -0.051098980 244.056700000
0.000000000 0.864009615 1.497616667 0.729799038 0.000131523 0.000000000 0.000000000 -0.052372340 0.047065760 -0.997517900 27.438540000 -0.029445670 0.998381600 0.048652500 -7.979478000 0.998193400 0.031920620 -0.050901700 243.994200000
0.000000000 0.864009615 1.497616667 0.729799038 0.000131523 0.000000000 0.000000000 -0.051849670 0.048683280 -0.997467600 26.356030000 -0.026593240 0.998389500 0.050110640 -7.929510000 0.998300700 0.029124110 -0.050471520 243.938500000
0.000000000 0.864009615 1.497616667 0.729799038 0.000131523 0.000000000 0.000000000 -0.051659160 0.050480310 -0.997388200 25.279910000 -0.018513750 0.998501600 0.051495580 -7.868716000 0.998493100 0.021125610 -0.050647170 243.891000000
0.000000000 0.864009615 1.497616667 0.729799038 0.000131523 0.000000000 0.000000000 -0.052108050 0.050538570 -0.997361900 24.208570000 -0.015909550 0.998549800 0.051429990 -7.813927000 0.998514700 0.018547500 -0.051228440 243.837400000