0.000000000 0.864009615 1.497616667 0.729799038 0.000131523 0.000000000 0.000000000 1.000000000 0.000000000 0.000000000 0.000000000 0.000000000 1.000000000 0.000000000 0.000000000 0.000000000 0.000000000 0.999999900 -0.000000000
0.000000000 0.864009615 1.497616667 0.729799038 0.000131523 0.000000000 0.000000000 0.999997800 0.000527263 -0.002066935 -0.046902940 -0.000529651 0.999999200 -0.001154865 -0.028399280 0.002066324 0.001155958 0.999997100 0.858694100
0.000000000 0.864009615 1.497616667 0.729799038 0.000131523 0.000000000 0.000000000 0.999991000 0.001048972 -0.004131348 -0.093743450 -0.001058514 0.999996800 -0.002308104 -0.056760640 0.004128913 0.002312456 0.999988700 1.716275000
0.000000000 0.864009615 1.497616667 0.729799038 0.000131523 0.000000000 0.000000000 0.999979600 0.001566466 -0.006198571 -0.140642900 -0.001587952 0.999992700 -0.003462706 -0.085157620 0.006193102 0.003472479 0.999974700 2.574964000
0.000000000 0.864009615 1.497616667 0.729799038 0.000131523 0.000000000 0.000000000 0.999963700 0.002078471 -0.008263498 -0.187485800 -0.002116664 0.999987100 -0.004615826 -0.113520200 0.008253797 0.004633149 0.999955100 3.432648000
0.000000000 0.864009615 1.497616667 0.729799038 0.000131523 0.000000000 0.000000000 0.999943300 0.002586172 -0.010330940 -0.234381800 -0.002645881 0.999979800 -0.005770163 -0.141915000 0.010315810 0.005797170 0.999929900 4.291335000
0.000000000 0.864009615 1.497616667 0.729799038 0.000131523 0.000000000 0.000000000 0.999918400 0.003088363 -0.012395990 -0.281219500 -0.003174350 0.999971000 -0.006922975 -0.170274300 0.012374250 0.006961759 0.999899100 5.148987000
0.000000000 0.864009615 1.497616667 0.729799038 0.000131523 0.000000000 0.000000000 0.999889000 0.003586305 -0.014463840 -0.328117800 -0.003703403 0.999960500 -0.008077186 -0.198670300 0.014434300 0.008129853 0.999862700 6.007777000
0.000000000 0.864009615 1.497616667 0.729799038 0.000131523 0.000000000 0.000000000 0.999855100 0.004078705 -0.016529130 -0.374954700 -0.004231669 0.999948400 -0.009229794 -0.227029000 0.016490630 0.009298401 0.999820700 6.865477000
0.000000000 0.864009615 1.497616667 0.729799038 0.000131523 0.000000000 0.000000000 0.999816700 0.004566671 -0.018596520 -0.421836700 -0.004760342 0.999934700 -0.010383420 -0.255415100 0.018547880 0.010470040 0.999773100 7.724036000
0.000000000 0.864009615 1.497616667 0.729799038 0.000131523 0.000000000 0.000000000 0.999773800 0.005049868 -0.020664630 -0.468732900 -0.005289072 0.999919400 -0.011537300 -0.283809600 0.020604700 0.011643990 0.999719800 8.582886000
0.000000000 0.864009615 1.497616667 0.729799038 0.000131523 0.000000000 0.000000000 0.999726400 0.005527315 -0.022729220 -0.515547400 -0.005816781 0.999902500 -0.012689080 -0.312154700 0.022656860 0.012817820 0.999661100 9.440275000
0.000000000 0.864009615 1.497616667 0.729799038 0.000131523 0.000000000 0.000000000 0.999674500 0.006000540 -0.024796920 -0.562431000 -0.006345160 0.999884000 -0.013842460 -0.340541600 0.024710980 0.013995300 0.999596600 10.298960000
0.000000000 0.864009615 1.497616667 0.729799038 0.000131523 0.000000000 0.000000000 0.999618200 0.006468772 -0.026864400 -0.609308700 -0.006873365 0.999863900 -0.014995610 -0.368925000 0.026763740 0.015174530 0.999526600 11.157570000
0.000000000 0.864009615 1.497616667 0.729799038 0.000131523 0.000000000 0.000000000 0.999556200 0.007058450 -0.028942130 -0.656205200 -0.007530449 0.999839900 -0.016231920 -0.397396400 0.028822920 0.016442660 0.999449200 12.015410000
0.000000000 0.864009615 1.497616667 0.729799038 0.000131523 0.000000000 0.000000000 0.999509500 0.005595311 -0.030814500 -0.701878800 -0.006093682 0.999851700 -0.016103150 -0.423911900 0.030719830 0.016283030 0.999395300 12.869650000
0.000000000 0.864009615 1.497616667 0.729799038 0.000131523 0.000000000 0.000000000 0.999422600 0.007842768 -0.033061670 -0.749824100 -0.008456089 0.999794000 -0.018451980 -0.454003900 0.032910140 0.018720890 0.999282900 13.731460000
0.000000000 0.864009615 1.497616667 0.729799038 0.000131523 0.000000000 0.000000000 0.999358700 0.008704386 -0.034734000 -0.799251100 -0.009439421 0.999733800 -0.021054220 -0.484077000 0.034541490 0.021368590 0.999174700 14.600260000
0.000000000 0.864009615 1.497616667 0.729799038 0.000131523 0.000000000 0.000000000 0.999248200 0.012356880 -0.036748490 -0.854664200 -0.013206760 0.999648800 -0.022974770 -0.515507000 0.036451690 0.023442820 0.999060400 15.479570000
0.000000000 0.864009615 1.497616667 0.729799038 0.000131523 0.000000000 0.000000000 0.999182600 0.013522790 -0.038097830 -0.907286800 -0.014391610 0.999640400 -0.022623730 -0.546470500 0.037778190 0.023153520 0.999017800 16.369400000
0.000000000 0.864009615 1.497616667 0.729799038 0.000131523 0.000000000 0.000000000 0.999124100 0.013287770 -0.039679960 -0.960916300 -0.014126040 0.999681300 -0.020920520 -0.578359500 0.039389330 0.021462710 0.998993400 17.268960000
0.000000000 0.864009615 1.497616667 0.729799038 0.000131523 0.000000000 0.000000000 0.999060400 0.013514330 -0.041180290 -1.011589000 -0.014324360 0.999708400 -0.019438940 -0.609240300 0.040905580 0.020010550 0.998962600 18.173180000
0.000000000 0.864009615 1.497616667 0.729799038 0.000131523 0.000000000 0.000000000 0.999017400 0.013048220 -0.042356540 -1.066256000 -0.013861150 0.999724200 -0.018955790 -0.638736300 0.042097520 0.019524270 0.998922700 19.084110000
0.000000000 0.864009615 1.497616667 0.729799038 0.000131523 0.000000000 0.000000000 0.998938300 0.013259990 -0.044119630 -1.118651000 -0.014134940 0.999708400 -0.019578700 -0.668621900 0.043847150 0.020181540 0.998834300 19.997220000
0.000000000 0.864009615 1.497616667 0.729799038 0.000131523 0.000000000 0.000000000 0.998912000 0.011528570 -0.045188630 -1.171840000 -0.012477770 0.999706200 -0.020779770 -0.699077800 0.044935790 0.021321010 0.998762300 20.913680000
0.000000000 0.864009615 1.497616667 0.729799038 0.000131523 0.000000000 0.000000000 0.998880000 0.011288920 -0.045950030 -1.224279000 -0.012181320 0.999741700 -0.019187600 -0.728742100 0.045721550 0.019725840 0.998759400 21.840420000
0.000000000 0.864009615 1.497616667 0.729799038 0.000131523 0.000000000 0.000000000 0.998859300 0.012994210 -0.045949140 -1.280807000 -0.013708120 0.999789600 -0.015256100 -0.760471700 0.045741230 0.015868570 0.998827200 22.774320000
0.000000000 0.864009615 1.497616667 0.729799038 0.000131523 0.000000000 0.000000000 0.998887600 0.013790300 -0.045094950 -1.334841000 -0.014325580 0.999830400 -0.011568500 -0.792967300 0.044927760 0.012201640 0.998915700 23.709530000
0.000000000 0.864009615 1.497616667 0.729799038 0.000131523 0.000000000 0.000000000 0.998964900 0.012851730 -0.043635800 -1.385747000 -0.013256870 0.999871500 -0.009007757 -0.820924400 0.043514420 0.009576906 0.999006800 24.651750000
0.000000000 0.864009615 1.497616667 0.729799038 0.000131523 0.000000000 0.000000000 0.999029800 0.012652530 -0.042183210 -1.436633000 -0.012994030 0.999884900 -0.007831284 -0.845620800 0.042079260 0.008371815 0.999079100 25.596940000
0.000000000 0.864009615 1.497616667 0.729799038 0.000131523 0.000000000 0.000000000 0.999074600 0.012895920 -0.041033090 -1.487044000 -0.013333340 0.999857000 -0.010404380 -0.870212700 0.040893050 0.010941860 0.999103600 26.544710000
0.000000000 0.864009615 1.497616667 0.729799038 0.000131523 0.000000000 0.000000000 0.999096700 0.013910100 -0.040154650 -1.538025000 -0.014549980 0.999771100 -0.015687430 -0.897112100 0.039927240 0.016257510 0.999070300 27.496270000
0.000000000 0.864009615 1.497616667 0.729799038 0.000131523 0.000000000 0.000000000 0.999153300 0.013206450 -0.038965020 -1.586551000 -0.013963250 0.999717800 -0.019214740 -0.925415100 0.038700260 0.019742550 0.999055800 28.454660000
0.000000000 0.864009615 1.497616667 0.729799038 0.000131523 0.000000000 0.000000000 0.999210500 0.010790960 -0.038235840 -1.633363000 -0.011486110 0.999771800 -0.018007930 -0.955563000 0.038032790 0.018432890 0.999106400 29.422930000
0.000000000 0.864009615 1.497616667 0.729799038 0.000131523 0.000000000 0.000000000 0.999221500 0.009086312 -0.038392290 -1.680971000 -0.009596057 0.999867900 -0.013113910 -0.983837700 0.038268060 0.013472110 0.999176600 30.398390000
0.000000000 0.864009615 1.497616667 0.729799038 0.000131523 0.000000000 0.000000000 0.999210500 0.005838117 -0.039297630 -1.728893000 -0.006198498 0.999939800 -0.009054940 -1.011772000 0.039242390 0.009291377 0.999186500 31.377650000
0.000000000 0.864009615 1.497616667 0.729799038 0.000131523 0.000000000 0.000000000 0.999183000 -0.001840283 -0.040374630 -1.768976000 0.001460769 0.999954500 -0.009427292 -1.036363000 0.040390140 0.009360611 0.999140100 32.357140000
0.000000000 0.864009615 1.497616667 0.729799038 0.000131523 0.000000000 0.000000000 0.999106300 -0.004894794 -0.041984750 -1.815834000 0.004337365 0.999901400 -0.013357770 -1.059789000 0.042045990 0.013163730 0.999028900 33.336310000
0.000000000 0.864009615 1.497616667 0.729799038 0.000131523 0.000000000 0.000000000 0.999044200 -0.004076714 -0.043522400 -1.870663000 0.003306848 0.999837000 -0.017746340 -1.088016000 0.043587660 0.017585450 0.998894800 34.320210000
0.000000000 0.864009615 1.497616667 0.729799038 0.000131523 0.000000000 0.000000000 0.998962000 -0.003501086 -0.045418140 -1.929780000 0.002639355 0.999815600 -0.019019400 -1.129880000 0.045476350 0.018879780 0.998786900 35.330970000
0.000000000 0.864009615 1.497616667 0.729799038 0.000131523 0.000000000 0.000000000 0.998912600 -0.003564847 -0.046487000 -1.993748000 0.002782576 0.999853600 -0.016881610 -1.194548000 0.046540370 0.016733900 0.998776200 36.387510000
0.000000000 0.864009615 1.497616667 0.729799038 0.000131523 0.000000000 0.000000000 0.998870800 -0.000238626 -0.047509250 -2.061112000 -0.000415198 0.999905300 -0.013751680 -1.249881000 0.047508030 0.013755870 0.998776100 37.428500000
0.000000000 0.864009615 1.497616667 0.729799038 0.000131523 0.000000000 0.000000000 0.998808500 0.000002160 -0.048801450 -2.126953000 -0.000625757 0.999918300 -0.012762970 -1.305052000 0.048797430 0.012778300 0.998726900 38.471510000
0.000000000 0.864009615 1.497616667 0.729799038 0.000131523 0.000000000 0.000000000 0.998759200 0.000880921 -0.049792990 -2.190967000 -0.001403287 0.999944300 -0.010456760 -1.349142000 0.049781010 0.010513660 0.998704800 39.503650000
0.000000000 0.864009615 1.497616667 0.729799038 0.000131523 0.000000000 0.000000000 0.998756900 0.000489421 -0.049845260 -2.256115000 -0.000821033 0.999977600 -0.006632571 -1.393047000 0.049840900 0.006665250 0.998734900 40.538550000
0.000000000 0.864009615 1.497616667 0.729799038 0.000131523 0.000000000 0.000000000 0.998713200 0.006466500 -0.050301510 -2.329940000 -0.006722014 0.999965300 -0.004912121 -1.426813000 0.050268000 0.005243927 0.998721900 41.561110000
0.000000000 0.864009615 1.497616667 0.729799038 0.000131523 0.000000000 0.000000000 0.998714300 0.006952179 -0.050214980 -2.399728000 -0.007192513 0.999963500 -0.004606971 -1.460731000 0.050181120 0.004962219 0.998727800 42.583030000
0.000000000 0.864009615 1.497616667 0.729799038 0.000131523 0.000000000 0.000000000 0.998708300 0.006676282 -0.050371600 -2.465214000 -0.007006772 0.999955000 -0.006387280 -1.489501000 0.050326690 0.006731971 0.998710100 43.593020000
0.000000000 0.864009615 1.497616667 0.729799038 0.000131523 0.000000000 0.000000000 0.998701300 0.008983148 -0.050150690 -2.535885000 -0.009456170 0.999912900 -0.009202712 -1.522850000 0.050063650 0.009664992 0.998699200 44.597900000
0.000000000 0.864009615 1.497616667 0.729799038 0.000131523 0.000000000 0.000000000 0.998653500 0.008808468 -0.051124390 -2.600016000 -0.009296065 0.999913500 -0.009307503 -1.559885000 0.051037980 0.009770225 0.998648900 45.598820000
0.000000000 0.864009615 1.497616667 0.729799038 0.000131523 0.000000000 0.000000000 0.998601200 0.006863746 -0.052427790 -2.661881000 -0.007280160 0.999943400 -0.007755765 -1.593756000 0.052371590 0.008126598 0.998594500 46.598030000
0.000000000 0.864009615 1.497616667 0.729799038 0.000131523 0.000000000 0.000000000 0.998554000 0.007061951 -0.053293450 -2.728914000 -0.007431486 0.999949700 -0.006738977 -1.629817000 0.053243170 0.007125281 0.998556100 47.592750000
0.000000000 0.864009615 1.497616667 0.729799038 0.000131523 0.000000000 0.000000000 0.998515400 0.009830435 -0.053576090 -2.800794000 -0.010322180 0.999907000 -0.008909522 -1.664529000 0.053483520 0.009449317 0.998524000 48.578560000
0.000000000 0.864009615 1.497616667 0.729799038 0.000131523 0.000000000 0.000000000 0.998468600 0.010237900 -0.054366340 -2.871336000 -0.011032550 0.999836300 -0.014336510 -1.697621000 0.054210670 0.014914350 0.998418100 49.556000000
0.000000000 0.864009615 1.497616667 0.729799038 0.000131523 0.000000000 0.000000000 0.998438500 0.010648950 -0.054838880 -2.937935000 -0.011494600 0.999819500 -0.015128290 -1.729013000 0.054667880 0.015735010 0.998380500 50.537730000
0.000000000 0.864009615 1.497616667 0.729799038 0.000131523 0.000000000 0.000000000 0.998427400 0.010268930 -0.055112210 -3.002463000 -0.010938850 0.999869700 -0.011867630 -1.766742000 0.054983160 0.012451830 0.998409600 51.518450000
0.000000000 0.864009615 1.497616667 0.729799038 0.000131523 0.000000000 0.000000000 0.998435600 0.007566176 -0.055400700 -3.065844000 -0.008064009 0.999929000 -0.008767995 -1.798994000 0.055330430 0.009201029 0.998425600 52.495010000
0.000000000 0.864009615 1.497616667 0.729799038 0.000131523 0.000000000 0.000000000 0.998428500 0.006348755 -0.055680460 -3.130185000 -0.006799312 0.999945600 -0.007906116 -1.830051000 0.055627240 0.008272279 0.998417300 53.464980000
0.000000000 0.864009615 1.497616667 0.729799038 0.000131523 0.000000000 0.000000000 0.998432600 0.003282949 -0.055871380 -3.191520000 -0.003779690 0.999954200 -0.008787440 -1.858398000 0.055839970 0.008984842 0.998399200 54.428040000
0.000000000 0.864009615 1.497616667 0.729799038 0.000131523 0.000000000 0.000000000 0.998406800 -0.000146036 -0.056426380 -3.248811000 -0.000450891 0.999944100 -0.010566000 -1.886487000 0.056424760 0.010574610 0.998350800 55.391780000
0.000000000 0.864009615 1.497616667 0.729799038 0.000131523 0.000000000 0.000000000 0.998336700 -0.001591214 -0.057632180 -3.310922000 0.001036802 0.999952900 -0.009648457 -1.913841000 0.057644810 0.009572654 0.998291200 56.350390000
0.000000000 0.864009615 1.497616667 0.729799038 0.000131523 0.000000000 0.000000000 0.998264100 -0.004382863 -0.058733970 -3.371514000 0.004075329 0.999977300 -0.005354817 -1.938229000 0.058756110 0.005106161 0.998259300 57.312510000
0.000000000 0.864009615 1.497616667 0.729799038 0.000131523 0.000000000 0.000000000 0.998226800 -0.005964740 -0.059226940 -3.438994000 0.005986946 0.999982000 0.000197466 -1.956763000 0.059224700 -0.000551704 0.998244500 58.274000000
0.000000000 0.864009615 1.497616667 0.729799038 0.000131523 0.000000000 0.000000000 0.998202200 -0.004407760 -0.059774590 -3.511313000 0.004547914 0.999987200 0.002208854 -1.975962000 0.059764080 -0.002476732 0.998209400 59.225400000
0.000000000 0.864009615 1.497616667 0.729799038 0.000131523 0.000000000 0.000000000 0.998116100 -0.002919496 -0.061285110 -3.579193000 0.002920554 0.999995700 -0.000072311 -1.998111000 0.061285060 -0.000106811 0.998120200 60.166330000
0.000000000 0.864009615 1.497616667 0.729799038 0.000131523 0.000000000 0.000000000 0.998024200 -0.001762043 -0.062806740 -3.641784000 0.001227247 0.999962700 -0.008552514 -2.021539000 0.062819460 0.008458535 0.997989000 61.091250000
0.000000000 0.864009615 1.497616667 0.729799038 0.000131523 0.000000000 0.000000000 0.997954700 -0.000959211 -0.063918300 -3.703384000 0.000050241 0.999898900 -0.014220890 -2.049159000 0.063925470 0.014188600 0.997853800 62.006320000
0.000000000 0.864009615 1.497616667 0.729799038 0.000131523 0.000000000 0.000000000 0.997864300 0.004204986 -0.065186100 -3.776035000 -0.005092497 0.999896500 -0.013454870 -2.078109000 0.065122770 0.013758090 0.997782400 62.916780000
0.000000000 0.864009615 1.497616667 0.729799038 0.000131523 0.000000000 0.000000000 0.997790500 0.007492613 -0.066015190 -3.843940000 -0.008206300 0.999910700 -0.010546410 -2.112094000 0.065930280 0.011064850 0.997762800 63.815190000
0.000000000 0.864009615 1.497616667 0.729799038 0.000131523 0.000000000 0.000000000 0.997676400 0.010254480 -0.067355210 -3.912602000 -0.010870730 0.999902300 -0.008789172 -2.145353000 0.067258490 0.009500949 0.997690300 64.697860000
0.000000000 0.864009615 1.497616667 0.729799038 0.000131523 0.000000000 0.000000000 0.997590900 0.010345020 -0.068596200 -3.978228000 -0.011033500 0.999892400 -0.009665437 -2.173835000 0.068488830 0.010399010 0.997597600 65.566720000
0.000000000 0.864009615 1.497616667 0.729799038 0.000131523 0.000000000 0.000000000 0.997461600 0.011835470 -0.070216610 -4.046625000 -0.012481740 0.999883600 -0.008772233 -2.201409000 0.070104610 0.009626390 0.997493100 66.421630000
0.000000000 0.864009615 1.497616667 0.729799038 0.000131523 0.000000000 0.000000000 0.997339600 0.013183800 -0.071693630 -4.114442000 -0.013800460 0.999871800 -0.008112825 -2.230822000 0.071577480 0.009080646 0.997393700 67.264550000
0.000000000 0.864009615 1.497616667 0.729799038 0.000131523 0.000000000 0.000000000 0.997225800 0.012967740 -0.073298230 -4.179994000 -0.013523500 0.999883400 -0.007090915 -2.258366000 0.073197720 0.008062491 0.997284800 68.093280000
0.000000000 0.864009615 1.497616667 0.729799038 0.000131523 0.000000000 0.000000000 0.997124100 0.012566120 -0.074737540 -4.244856000 -0.013077570 0.999894200 -0.006357728 -2.283310000 0.074649740 0.007316829 0.997182900 68.909940000
0.000000000 0.864009615 1.497616667 0.729799038 0.000131523 0.000000000 0.000000000 0.996989400 0.014899530 -0.076093720 -4.313021000 -0.015257720 0.999875100 -0.004127928 -2.307845000 0.076022710 0.005276517 0.997092100 69.714240000
0.000000000 0.864009615 1.497616667 0.729799038 0.000131523 0.000000000 0.000000000 0.996877200 0.016771810 -0.077166220 -4.381935000 -0.016779760 0.999859000 0.000545446 -2.329476000 0.077164490 0.000751088 0.997018000 70.507990000
0.000000000 0.864009615 1.497616667 0.729799038 0.000131523 0.000000000 0.000000000 0.996688600 0.019288650 -0.078993310 -4.445510000 -0.019166940 0.999813600 0.002298764 -2.355391000 0.079022920 -0.000777090 0.996872400 71.284370000
0.000000000 0.864009615 1.497616667 0.729799038 0.000131523 0.000000000 0.000000000 0.996496100 0.022323450 -0.080605640 -4.514875000 -0.022469830 0.999747100 -0.000909195 -2.382091000 0.080564950 0.002717205 0.996745600 72.037350000
0.000000000 0.864009615 1.497616667 0.729799038 0.000131523 0.000000000 0.000000000 0.996370700 0.022840270 -0.081999480 -4.580210000 -0.023610730 0.999685600 -0.008438421 -2.409731000 0.081780960 0.010343860 0.996596600 72.767910000
0.000000000 0.864009615 1.497616667 0.729799038 0.000131523 0.000000000 0.000000000 0.996256300 0.021649890 -0.083694510 -4.644343000 -0.022911840 0.999637400 -0.014147020 -2.432982000 0.083357880 0.016011650 0.996391000 73.480650000