0.000000000 0.864009615 1.497616667 0.729799038 0.000131523 0.000000000 0.000000000 0.605132500 0.041017990 -0.795067500 197.730700000 -0.032577440 0.999111200 0.026749770 -13.698010000 0.795458000 0.009714111 0.605930800 200.791700000
0.000000000 0.864009615 1.497616667 0.729799038 0.000131523 0.000000000 0.000000000 0.595916700 0.043417840 -0.801871700 197.252900000 -0.030914000 0.999037500 0.031119550 -13.694860000 0.802451000 0.006244404 0.596685200 201.145600000
0.000000000 0.864009615 1.497616667 0.729799038 0.000131523 0.000000000 0.000000000 0.586890300 0.043660910 -0.808488400 196.761100000 -0.025486030 0.999046400 0.035451070 -13.689330000 0.809265200 -0.000200723 0.587443300 201.508800000
0.000000000 0.864009615 1.497616667 0.729799038 0.000131523 0.000000000 0.000000000 0.577431800 0.038503250 -0.815530500 196.253000000 -0.019712350 0.999253600 0.033220070 -13.678720000 0.816200900 -0.003106295 0.577759800 201.872000000
0.000000000 0.864009615 1.497616667 0.729799038 0.000131523 0.000000000 0.000000000 0.567709500 0.031863890 -0.822612100 195.732300000 -0.015578990 0.999487500 0.027963630 -13.665220000 0.823081600 -0.003059751 0.567914900 202.233900000
0.000000000 0.864009615 1.497616667 0.729799038 0.000131523 0.000000000 0.000000000 0.557149100 0.028475050 -0.829924100 195.184900000 -0.013785960 0.999591300 0.025041550 -13.653000000 0.830298000 -0.002510572 0.557314000 202.599000000
0.000000000 0.864009615 1.497616667 0.729799038 0.000131523 0.000000000 0.000000000 0.546470700 0.024281490 -0.837126200 194.623700000 -0.009969527 0.999697400 0.022488960 -13.643110000 0.837418900 -0.003943797 0.546547300 202.967100000
0.000000000 0.864009615 1.497616667 0.729799038 0.000131523 0.000000000 0.000000000 0.542480200 0.023762080 -0.839732500 193.955400000 -0.008732601 0.999705400 0.022647470 -13.630860000 0.840023200 -0.004952749 0.542527800 203.350900000
0.000000000 0.864009615 1.497616667 0.729799038 0.000131523 0.000000000 0.000000000 0.538482300 0.023252720 -0.842316000 193.288100000 -0.007496301 0.999711800 0.022805460 -13.618620000 0.842603400 -0.005966077 0.538501400 203.734200000
0.000000000 0.864009615 1.497616667 0.729799038 0.000131523 0.000000000 0.000000000 0.534466300 0.022752110 -0.844883500 192.619800000 -0.006257289 0.999716700 0.022963350 -13.606360000 0.845166600 -0.006986455 0.534457300 204.117900000
0.000000000 0.864009615 1.497616667 0.729799038 0.000131523 0.000000000 0.000000000 0.530437500 0.022260940 -0.847431700 191.951600000 -0.005017165 0.999720100 0.023120950 -13.594100000 0.847709200 -0.008012507 0.530400700 204.501700000
0.000000000 0.864009615 1.497616667 0.729799038 0.000131523 0.000000000 0.000000000 0.526397300 0.021779410 -0.849959800 191.283500000 -0.003776330 0.999721900 0.023278170 -13.581840000 0.850230300 -0.009043832 0.526333100 204.885300000
0.000000000 0.864009615 1.497616667 0.729799038 0.000131523 0.000000000 0.000000000 0.522344000 0.021307360 -0.852468700 190.615300000 -0.002534266 0.999722100 0.023435100 -13.569580000 0.852731100 -0.010080800 0.522252800 205.269000000
0.000000000 0.864009615 1.497616667 0.729799038 0.000131523 0.000000000 0.000000000 0.518278200 0.020844880 -0.854958100 189.947200000 -0.001291088 0.999720800 0.023591710 -13.557320000 0.855211100 -0.011123240 0.518160300 205.652700000
0.000000000 0.864009615 1.497616667 0.729799038 0.000131523 0.000000000 0.000000000 0.514200000 0.020392020 -0.857427900 189.279000000 -0.000046848 0.999718000 0.023747990 -13.545060000 0.857670300 -0.012171040 0.514055900 206.036300000
0.000000000 0.864009615 1.497616667 0.729799038 0.000131523 0.000000000 0.000000000 0.510114800 0.019949370 -0.859875000 188.611600000 0.001196902 0.999713500 0.023903730 -13.532810000 0.860105400 -0.013222830 0.509944800 206.419500000
0.000000000 0.864009615 1.497616667 0.729799038 0.000131523 0.000000000 0.000000000 0.506012700 0.019515890 -0.862305300 187.943500000 0.002443210 0.999707500 0.024059320 -13.520550000 0.862522600 -0.014281110 0.505816900 206.803100000
0.000000000 0.864009615 1.497616667 0.729799038 0.000131523 0.000000000 0.000000000 0.501898400 0.019092150 -0.864715900 187.275300000 0.003690598 0.999699900 0.024214580 -13.508280000 0.864918700 -0.015344570 0.501677300 207.186700000
0.000000000 0.864009615 1.497616667 0.729799038 0.000131523 0.000000000 0.000000000 0.497777800 0.018678720 -0.867103500 186.608000000 0.004937409 0.999690800 0.024369270 -13.496030000 0.867290500 -0.016411720 0.497531600 207.569800000
0.000000000 0.864009615 1.497616667 0.729799038 0.000131523 0.000000000 0.000000000 0.493640000 0.018274580 -0.869474400 185.939900000 0.006186880 0.999680100 0.024523810 -13.483760000 0.869644300 -0.017485260 0.493369000 207.953400000
0.000000000 0.864009615 1.497616667 0.729799038 0.000131523 0.000000000 0.000000000 0.489495900 0.017880790 -0.871822300 185.272600000 0.007435807 0.999667800 0.024677800 -13.471500000 0.871973900 -0.018562380 0.489200300 208.336500000
0.000000000 0.864009615 1.497616667 0.729799038 0.000131523 0.000000000 0.000000000 0.485335500 0.017496440 -0.874153000 184.604500000 0.008687236 0.999653900 0.024831600 -13.459230000 0.874284800 -0.019645620 0.485015500 208.720100000
0.000000000 0.864009615 1.497616667 0.729799038 0.000131523 0.000000000 0.000000000 0.480629200 0.017214230 -0.876755000 183.947100000 0.010224550 0.999629300 0.025231760 -13.446790000 0.876864300 -0.021091540 0.480275000 209.100400000
0.000000000 0.864009615 1.497616667 0.729799038 0.000131523 0.000000000 0.000000000 0.480690300 0.016139070 -0.876741900 183.204100000 0.009232008 0.999682000 0.023463780 -13.436280000 0.876841800 -0.019372890 0.480388500 209.508400000
0.000000000 0.864009615 1.497616667 0.729799038 0.000131523 0.000000000 0.000000000 0.480841800 0.018034660 -0.876621900 182.452000000 0.009369177 0.999625700 0.025704360 -13.425990000 0.876757300 -0.020572950 0.480492800 209.923800000
0.000000000 0.864009615 1.497616667 0.729799038 0.000131523 0.000000000 0.000000000 0.481103700 0.021147660 -0.876408600 181.695200000 0.011794880 0.999462300 0.030591720 -13.416080000 0.876584300 -0.025054920 0.480595500 210.347400000
0.000000000 0.864009615 1.497616667 0.729799038 0.000131523 0.000000000 0.000000000 0.481257900 0.026213320 -0.876187100 180.929900000 0.013041400 0.999228000 0.037057570 -13.402420000 0.876482000 -0.029260940 0.480544400 210.774300000
0.000000000 0.864009615 1.497616667 0.729799038 0.000131523 0.000000000 0.000000000 0.481657400 0.029422020 -0.875865600 180.162600000 0.014025040 0.999049500 0.041272690 -13.383720000 0.876247300 -0.032163340 0.480786900 211.202300000
0.000000000 0.864009615 1.497616667 0.729799038 0.000131523 0.000000000 0.000000000 0.482254800 0.031440000 -0.875466700 179.391300000 0.010156700 0.999087900 0.041474400 -13.366660000 0.875972100 -0.028893070 0.481495600 211.625200000
0.000000000 0.864009615 1.497616667 0.729799038 0.000131523 0.000000000 0.000000000 0.483362700 0.031876270 -0.874839700 178.619300000 0.005062070 0.999218300 0.039205090 -13.347590000 0.875405500 -0.023378770 0.482823400 212.048100000
0.000000000 0.864009615 1.497616667 0.729799038 0.000131523 0.000000000 0.000000000 0.483735100 0.027538100 -0.874781200 177.855000000 0.005532440 0.999388700 0.034520070 -13.327490000 0.875197000 -0.021538230 0.483287000 212.473600000
0.000000000 0.864009615 1.497616667 0.729799038 0.000131523 0.000000000 0.000000000 0.483846300 0.027404060 -0.874723900 177.088200000 0.005515287 0.999394300 0.034360580 -13.310820000 0.875135600 -0.021449580 0.483402100 212.901600000
0.000000000 0.864009615 1.497616667 0.729799038 0.000131523 0.000000000 0.000000000 0.483530200 0.027694060 -0.874889500 176.321500000 0.005234356 0.999390000 0.034527940 -13.298650000 0.875312000 -0.021274780 0.483090200 213.330200000
0.000000000 0.864009615 1.497616667 0.729799038 0.000131523 0.000000000 0.000000000 0.483405400 0.030255020 -0.874873700 175.554100000 0.006716409 0.999244900 0.038267170 -13.282870000 0.875370800 -0.024374550 0.482837200 213.761200000
0.000000000 0.864009615 1.497616667 0.729799038 0.000131523 0.000000000 0.000000000 0.482840000 0.028432140 -0.875246900 174.791500000 0.007572747 0.999299800 0.036639560 -13.268480000 0.875675800 -0.024319060 0.482286600 214.187700000
0.000000000 0.864009615 1.497616667 0.729799038 0.000131523 0.000000000 0.000000000 0.482755200 0.030951420 -0.875208300 174.024500000 0.004922988 0.999263500 0.038054060 -13.251050000 0.875741500 -0.022679430 0.482247300 214.608700000
0.000000000 0.864009615 1.497616667 0.729799038 0.000131523 0.000000000 0.000000000 0.482578800 0.032410640 -0.875252700 173.260900000 0.005750594 0.999176300 0.040170190 -13.232270000 0.875833700 -0.024418490 0.481994800 215.031900000
0.000000000 0.864009615 1.497616667 0.729799038 0.000131523 0.000000000 0.000000000 0.482770500 0.031284510 -0.875188000 172.505600000 0.009977850 0.999100300 0.041217870 -13.217440000 0.875690000 -0.028631260 0.482024000 215.457300000
0.000000000 0.864009615 1.497616667 0.729799038 0.000131523 0.000000000 0.000000000 0.482464600 0.026763190 -0.875506500 171.754700000 0.011228130 0.999262000 0.036733730 -13.203150000 0.875843500 -0.027553010 0.481808000 215.878900000
0.000000000 0.864009615 1.497616667 0.729799038 0.000131523 0.000000000 0.000000000 0.481699000 0.018905390 -0.876132800 171.006800000 0.011728560 0.999538600 0.028016650 -13.189410000 0.876258200 -0.023771350 0.481255000 216.296100000
0.000000000 0.864009615 1.497616667 0.729799038 0.000131523 0.000000000 0.000000000 0.479927700 0.013199820 -0.877208800 170.262900000 0.014256610 0.999637400 0.022841980 -13.174940000 0.877192200 -0.023468520 0.479565500 216.716600000
0.000000000 0.864009615 1.497616667 0.729799038 0.000131523 0.000000000 0.000000000 0.478775200 0.014285410 -0.877821300 169.515300000 0.018786490 0.999471900 0.026511520 -13.165010000 0.877736500 -0.029184230 0.478254000 217.138500000
0.000000000 0.864009615 1.497616667 0.729799038 0.000131523 0.000000000 0.000000000 0.478534300 0.021628920 -0.877802500 168.770100000 0.016538300 0.999297200 0.033638400 -13.162450000 0.877913100 -0.030614480 0.477840200 217.549300000
0.000000000 0.864009615 1.497616667 0.729799038 0.000131523 0.000000000 0.000000000 0.478202300 0.024607290 -0.877905000 168.039400000 0.012241110 0.999323500 0.034678440 -13.156940000 0.878164400 -0.027329840 0.477577600 217.944600000
0.000000000 0.864009615 1.497616667 0.729799038 0.000131523 0.000000000 0.000000000 0.477443400 0.021137870 -0.878408200 167.327500000 0.012847740 0.999435700 0.031033420 -13.146190000 0.878568500 -0.026102260 0.476902400 218.336000000
0.000000000 0.864009615 1.497616667 0.729799038 0.000131523 0.000000000 0.000000000 0.476404700 0.017445980 -0.879053100 166.635700000 0.018277810 0.999390500 0.029739940 -13.138130000 0.879036100 -0.030235400 0.475795400 218.725900000
0.000000000 0.864009615 1.497616667 0.729799038 0.000131523 0.000000000 0.000000000 0.475146400 0.019415840 -0.879692600 165.953100000 0.018202250 0.999325700 0.031887820 -13.136330000 0.879718500 -0.031163760 0.474472500 219.101900000
0.000000000 0.864009615 1.497616667 0.729799038 0.000131523 0.000000000 0.000000000 0.473979200 0.022584060 -0.880246400 165.285500000 0.017957940 0.999215200 0.035306060 -13.130050000 0.880352900 -0.032541730 0.473201600 219.466500000
0.000000000 0.864009615 1.497616667 0.729799038 0.000131523 0.000000000 0.000000000 0.471412400 0.020393580 -0.881677100 164.640400000 0.021443180 0.999172000 0.034576470 -13.120980000 0.881652100 -0.035205720 0.470584700 219.823800000
0.000000000 0.864009615 1.497616667 0.729799038 0.000131523 0.000000000 0.000000000 0.467930800 0.020190210 -0.883534500 164.010300000 0.022430960 0.999145600 0.034711830 -13.113390000 0.883480400 -0.036061250 0.467078100 220.165100000
0.000000000 0.864009615 1.497616667 0.729799038 0.000131523 0.000000000 0.000000000 0.463868500 0.023006960 -0.885605300 163.394800000 0.019298970 0.999163000 0.036065610 -13.105110000 0.885693800 -0.033820950 0.463036200 220.485400000
0.000000000 0.864009615 1.497616667 0.729799038 0.000131523 0.000000000 0.000000000 0.458151200 0.023385950 -0.888566600 162.800000000 0.017815320 0.999211400 0.035483690 -13.099120000 0.888695700 -0.032086980 0.457373300 220.792300000
0.000000000 0.864009615 1.497616667 0.729799038 0.000131523 0.000000000 0.000000000 0.451045600 0.027930470 -0.892063800 162.218400000 0.014934530 0.999134000 0.038834040 -13.095200000 0.892375900 -0.030838460 0.450237800 221.083600000
0.000000000 0.864009615 1.497616667 0.729799038 0.000131523 0.000000000 0.000000000 0.443041300 0.030169080 -0.895993500 161.653300000 0.013104840 0.999108900 0.040121030 -13.085790000 0.896405400 -0.029517110 0.442251100 221.359700000
0.000000000 0.864009615 1.497616667 0.729799038 0.000131523 0.000000000 0.000000000 0.433602800 0.028636140 -0.900649000 161.109900000 0.010938210 0.999254000 0.037037320 -13.077900000 0.901037700 -0.025910970 0.432966100 221.618400000
0.000000000 0.864009615 1.497616667 0.729799038 0.000131523 0.000000000 0.000000000 0.422402500 0.022767320 -0.906122400 160.574500000 0.012626540 0.999439700 0.030998070 -13.071970000 0.906320400 -0.024534840 0.421878300 221.866600000
0.000000000 0.864009615 1.497616667 0.729799038 0.000131523 0.000000000 0.000000000 0.407276700 0.014881450 -0.913183600 160.045000000 0.017790510 0.999548200 0.024223380 -13.066650000 0.913131500 -0.026111610 0.406827900 222.107800000
0.000000000 0.864009615 1.497616667 0.729799038 0.000131523 0.000000000 0.000000000 0.387741700 0.010485690 -0.921708400 159.510500000 0.020825970 0.999580400 0.020132600 -13.059160000 0.921532700 -0.027001720 0.387360600 222.334400000
0.000000000 0.864009615 1.497616667 0.729799038 0.000131523 0.000000000 0.000000000 0.362898000 0.011524490 -0.931757600 158.959700000 0.020483690 0.999583200 0.020341320 -13.047500000 0.931603700 -0.026467650 0.362510600 222.530300000
0.000000000 0.864009615 1.497616667 0.729799038 0.000131523 0.000000000 0.000000000 0.334161700 0.017807590 -0.942347500 158.407800000 0.017310340 0.999536900 0.025026650 -13.041810000 0.942356700 -0.024675290 0.333698700 222.712800000
0.000000000 0.864009615 1.497616667 0.729799038 0.000131523 0.000000000 0.000000000 0.303334700 0.024376000 -0.952572300 157.845500000 0.013339160 0.999466100 0.029823690 -13.036270000 0.952790700 -0.021753070 0.302847600 222.860900000
0.000000000 0.864009615 1.497616667 0.729799038 0.000131523 0.000000000 0.000000000 0.270118100 0.029506910 -0.962375000 157.293500000 0.010672820 0.999377100 0.033637050 -13.032930000 0.962768000 -0.019357220 0.269634900 223.002900000
0.000000000 0.864009615 1.497616667 0.729799038 0.000131523 0.000000000 0.000000000 0.235072500 0.034384590 -0.971369500 156.741800000 0.006247567 0.999300000 0.036885200 -13.023240000 0.971957700 -0.014739390 0.234693100 223.119400000
0.000000000 0.864009615 1.497616667 0.729799038 0.000131523 0.000000000 0.000000000 0.199545200 0.037643100 -0.979165300 156.181300000 0.003874573 0.999223700 0.039203840 -13.011460000 0.979880900 -0.011616780 0.199244400 223.202900000
0.000000000 0.864009615 1.497616667 0.729799038 0.000131523 0.000000000 0.000000000 0.164320300 0.039655150 -0.985609600 155.633000000 0.001418464 0.999181000 0.040437680 -12.999750000 0.986406000 -0.008042776 0.164129400 223.279700000
0.000000000 0.864009615 1.497616667 0.729799038 0.000131523 0.000000000 0.000000000 0.129584400 0.041566200 -0.990696800 155.079700000 -0.000065886 0.999121300 0.041911050 -12.988010000 0.991568300 -0.005365741 0.129473300 223.337300000
0.000000000 0.864009615 1.497616667 0.729799038 0.000131523 0.000000000 0.000000000 0.094286050 0.043340180 -0.994601300 154.511100000 -0.002901006 0.999059600 0.043259450 -12.975700000 0.995540900 -0.001193413 0.094323110 223.364000000
0.000000000 0.864009615 1.497616667 0.729799038 0.000131523 0.000000000 0.000000000 0.059497810 0.042304500 -0.997331600 153.945500000 -0.007614139 0.999091700 0.041924930 -12.961460000 0.998199400 0.005099384 0.059765880 223.380800000
0.000000000 0.864009615 1.497616667 0.729799038 0.000131523 0.000000000 0.000000000 0.027119230 0.042034050 -0.998748100 153.375200000 -0.014147890 0.999031600 0.041661820 -12.945790000 0.999532000 0.013000350 0.027687660 223.375200000
0.000000000 0.864009615 1.497616667 0.729799038 0.000131523 0.000000000 0.000000000 -0.000822237 0.044169130 -0.999023800 152.786900000 -0.019609060 0.998831200 0.044176760 -12.928880000 0.999807300 0.019626240 0.000044838 223.350100000
0.000000000 0.864009615 1.497616667 0.729799038 0.000131523 0.000000000 0.000000000 -0.023543460 0.048347860 -0.998553100 152.194300000 -0.019886110 0.998609600 0.048819480 -12.909030000 0.999525000 0.021006720 -0.022549270 223.327000000
0.000000000 0.864009615 1.497616667 0.729799038 0.000131523 0.000000000 0.000000000 -0.042077060 0.055332340 -0.997581000 151.587600000 -0.020641220 0.998204000 0.056237530 -12.887290000 0.998901100 0.022957600 -0.040859360 223.291200000
0.000000000 0.864009615 1.497616667 0.729799038 0.000131523 0.000000000 0.000000000 -0.055904270 0.062059420 -0.996505600 150.969000000 -0.023231790 0.997715300 0.063438080 -12.863320000 0.998165800 0.026697060 -0.054334800 223.245000000
0.000000000 0.864009615 1.497616667 0.729799038 0.000131523 0.000000000 0.000000000 -0.067601670 0.063353090 -0.995699000 150.343300000 -0.028946450 0.997437300 0.065428990 -12.834530000 0.997292400 0.033245060 -0.065594580 223.185200000
0.000000000 0.864009615 1.497616667 0.729799038 0.000131523 0.000000000 0.000000000 -0.077379060 0.064469820 -0.994915200 149.703300000 -0.033503690 0.997175300 0.067222030 -12.801370000 0.996438600 0.038534910 -0.075000510 223.122300000
0.000000000 0.864009615 1.497616667 0.729799038 0.000131523 0.000000000 0.000000000 -0.082229780 0.064700210 -0.994511000 149.048400000 -0.033127320 0.997161600 0.067611750 -12.760270000 0.996062600 0.038505180 -0.079853030 223.060600000
0.000000000 0.864009615 1.497616667 0.729799038 0.000131523 0.000000000 0.000000000 -0.084744310 0.064096540 -0.994339000 148.382800000 -0.029827540 0.997318400 0.066830710 -12.719810000 0.995956100 0.035322210 -0.082605210 223.003900000
0.000000000 0.864009615 1.497616667 0.729799038 0.000131523 0.000000000 0.000000000 -0.086839900 0.064183450 -0.994152600 147.697400000 -0.024433020 0.997485000 0.066532850 -12.682530000 0.995922600 0.030067850 -0.085053300 222.947800000
0.000000000 0.864009615 1.497616667 0.729799038 0.000131523 0.000000000 0.000000000 -0.087894870 0.062050170 -0.994195300 146.999200000 -0.022229270 0.997687300 0.064233370 -12.646040000 0.995881700 0.027746020 -0.086312260 222.886700000
0.000000000 0.864009615 1.497616667 0.729799038 0.000131523 0.000000000 0.000000000 -0.088244120 0.057335000 -0.994447400 146.285700000 -0.018878950 0.998066500 0.059218920 -12.609050000 0.995919900 0.023999850 -0.086991070 222.824600000
0.000000000 0.864009615 1.497616667 0.729799038 0.000131523 0.000000000 0.000000000 -0.088165900 0.052938150 -0.994698100 145.559400000 -0.013841970 0.998425200 0.054363420 -12.572390000 0.996009600 0.018561590 -0.087294290 222.768000000