0 0.500151956 0.889158951 0.500000000 0.500000000 0.000000000 0.000000000 0.995811701 0.004241430 -0.091329359 0.216130522 -0.003795672 0.999980032 0.005053904 0.039897112 0.091348976 -0.004686081 0.995807946 -0.301209302
0 0.500151956 0.889158951 0.500000000 0.500000000 0.000000000 0.000000000 0.995281577 0.004601249 -0.096919365 0.229885750 -0.004134783 0.999978900 0.005013225 0.041658521 0.096940383 -0.004588830 0.995279610 -0.317635098
0 0.500151956 0.889158951 0.500000000 0.500000000 0.000000000 0.000000000 0.994729102 0.004816602 -0.102424726 0.243950370 -0.004342864 0.999978840 0.004847717 0.043791959 0.102445908 -0.004377348 0.994728923 -0.333467274
0 0.500151956 0.889158951 0.500000000 0.500000000 0.000000000 0.000000000 0.994157314 0.005034525 -0.107823297 0.257328184 -0.004509199 0.999976754 0.005115363 0.045588033 0.107846543 -0.004599279 0.994156897 -0.349356701
0 0.500151956 0.889158951 0.500000000 0.500000000 0.000000000 0.000000000 0.993494630 0.005167709 -0.113761507 0.271600628 -0.004570987 0.999974370 0.005505603 0.046975513 0.113787048 -0.004949785 0.993492842 -0.364500348
0 0.500151956 0.889158951 0.500000000 0.500000000 0.000000000 0.000000000 0.992750227 0.005463833 -0.120071508 0.285853075 -0.004860321 0.999974072 0.005318556 0.048788591 0.120097451 -0.004696412 0.992751002 -0.378896771
0 0.500151956 0.889158951 0.500000000 0.500000000 0.000000000 0.000000000 0.991982877 0.005709988 -0.126243070 0.300079273 -0.005097209 0.999973595 0.005176469 0.050014788 0.126269296 -0.004491482 0.991985857 -0.392710403
0 0.500151956 0.889158951 0.500000000 0.500000000 0.000000000 0.000000000 0.991227210 0.006234410 -0.132021576 0.313661132 -0.005595831 0.999970794 0.005207395 0.051719812 0.132050186 -0.004422941 0.991233170 -0.406844428
0 0.500151956 0.889158951 0.500000000 0.500000000 0.000000000 0.000000000 0.990453362 0.006605778 -0.137689710 0.327484534 -0.005925757 0.999968112 0.005348119 0.053322542 0.137720644 -0.004481147 0.990460992 -0.420048643
0 0.500151956 0.889158951 0.500000000 0.500000000 0.000000000 0.000000000 0.989605248 0.006798184 -0.143649727 0.341266546 -0.006105268 0.999967515 0.005263898 0.055108970 0.143680841 -0.004332161 0.989614606 -0.432699915
0 0.500151956 0.889158951 0.500000000 0.500000000 0.000000000 0.000000000 0.988674283 0.007168390 -0.149905980 0.355029894 -0.006477949 0.999966025 0.005093629 0.057456973 0.149937406 -0.004064857 0.988687158 -0.445316865
0 0.500151956 0.889158951 0.500000000 0.500000000 0.000000000 0.000000000 0.987759173 0.007750468 -0.155793861 0.368768343 -0.007016378 0.999961555 0.005261300 0.059391930 0.155828655 -0.004103788 0.987775564 -0.457590606
0 0.500151956 0.889158951 0.500000000 0.500000000 0.000000000 0.000000000 0.986824334 0.008152814 -0.161589786 0.382613742 -0.007339410 0.999957204 0.005630034 0.061605548 0.161628768 -0.004369881 0.986841977 -0.469847894
0 0.500151956 0.889158951 0.500000000 0.500000000 0.000000000 0.000000000 0.985878408 0.008619632 -0.167240635 0.396038843 -0.007707325 0.999951661 0.006103360 0.063477294 0.167285159 -0.004728193 0.985897243 -0.481726450
0 0.500151956 0.889158951 0.500000000 0.500000000 0.000000000 0.000000000 0.984946072 0.008944619 -0.172630459 0.409019203 -0.007976515 0.999948323 0.006300854 0.065857277 0.172677889 -0.004829012 0.984966516 -0.492980857
0 0.500151956 0.889158951 0.500000000 0.500000000 0.000000000 0.000000000 0.983948767 0.009390846 -0.178204030 0.421474820 -0.008437467 0.999945760 0.006107054 0.068336710 0.178251714 -0.004505438 0.983974636 -0.504186004
0 0.500151956 0.889158951 0.500000000 0.500000000 0.000000000 0.000000000 0.982824981 0.009527903 -0.184293941 0.434433269 -0.008586938 0.999945700 0.005903226 0.071046950 0.184340179 -0.004219318 0.982853472 -0.514694716
0 0.500151956 0.889158951 0.500000000 0.500000000 0.000000000 0.000000000 0.981736302 0.010173683 -0.189974532 0.446993661 -0.009224248 0.999940157 0.005881288 0.073995308 0.190022990 -0.004021502 0.981771410 -0.525474421
0 0.500151956 0.889158951 0.500000000 0.500000000 0.000000000 0.000000000 0.980690300 0.010547449 -0.195282638 0.459328569 -0.009518960 0.999935448 0.006204423 0.076976215 0.195335478 -0.004225729 0.980727375 -0.536087688
0 0.500151956 0.889158951 0.500000000 0.500000000 0.000000000 0.000000000 0.979594707 0.010827332 -0.200691149 0.471996111 -0.009705617 0.999931276 0.006572371 0.079577723 0.200748518 -0.004490428 0.979632497 -0.546875536
0 0.500151956 0.889158951 0.500000000 0.500000000 0.000000000 0.000000000 0.978534579 0.011425664 -0.205765784 0.484254629 -0.010272350 0.999924958 0.006672426 0.082056558 0.205826581 -0.004415501 0.978578508 -0.557869389
0 0.500151956 0.889158951 0.500000000 0.500000000 0.000000000 0.000000000 0.977511585 0.011789715 -0.210552007 0.496531073 -0.010625111 0.999921381 0.006661625 0.084400140 0.210613981 -0.004274677 0.977559984 -0.569129375
0 0.500151956 0.889158951 0.500000000 0.500000000 0.000000000 0.000000000 0.976520658 0.012059839 -0.215085894 0.508143033 -0.010837403 0.999917746 0.006861900 0.086402610 0.215150952 -0.004369814 0.976571023 -0.580691717
0 0.500151956 0.889158951 0.500000000 0.500000000 0.000000000 0.000000000 0.975515723 0.012208051 -0.219590649 0.519878588 -0.010887451 0.999914646 0.007223120 0.088041470 0.219660088 -0.004655485 0.975565374 -0.591361596
0 0.500151956 0.889158951 0.500000000 0.500000000 0.000000000 0.000000000 0.974468350 0.012640310 -0.224168703 0.531317049 -0.011317939 0.999910176 0.007182986 0.089942060 0.224239364 -0.004462465 0.974523902 -0.602304126
0 0.500151956 0.889158951 0.500000000 0.500000000 0.000000000 0.000000000 0.973340631 0.012808675 -0.229006574 0.543050493 -0.011521185 0.999909401 0.006958217 0.091553019 0.229074955 -0.004134288 0.973399997 -0.613366107
0 0.500151956 0.889158951 0.500000000 0.500000000 0.000000000 0.000000000 0.972150803 0.012935956 -0.233998790 0.555457315 -0.011651440 0.999908507 0.006871043 0.093450377 0.234066263 -0.003953267 0.972212613 -0.623861476
0 0.500151956 0.889158951 0.500000000 0.500000000 0.000000000 0.000000000 0.971060574 0.013169689 -0.238469943 0.567472755 -0.011803327 0.999904752 0.007156828 0.095667019 0.238541469 -0.004134975 0.971123517 -0.634817987
0 0.500151956 0.889158951 0.500000000 0.500000000 0.000000000 0.000000000 0.969974041 0.013349924 -0.242841825 0.579661422 -0.011940525 0.999902248 0.007274779 0.098223547 0.242915213 -0.004156687 0.970038593 -0.645455097
0 0.500151956 0.889158951 0.500000000 0.500000000 0.000000000 0.000000000 0.968880713 0.013386372 -0.247165889 0.592387595 -0.012027111 0.999903083 0.007008407 0.101199864 0.247235760 -0.003817619 0.968947828 -0.656077295
0 0.500151956 0.889158951 0.500000000 0.500000000 0.000000000 0.000000000 0.967883646 0.013833590 -0.251017660 0.604659740 -0.012561908 0.999898851 0.006667759 0.105102110 0.251084507 -0.003300354 0.967959523 -0.666788008
0 0.500151956 0.889158951 0.500000000 0.500000000 0.000000000 0.000000000 0.966945887 0.013930042 -0.254600853 0.616379897 -0.012602272 0.999897182 0.006845593 0.108831877 0.254670024 -0.003410768 0.967022002 -0.677270180
0 0.500151956 0.889158951 0.500000000 0.500000000 0.000000000 0.000000000 0.965916991 0.014090792 -0.258468181 0.628517236 -0.012685149 0.999894321 0.007105330 0.112807747 0.258540988 -0.003584451 0.965993643 -0.687167477
0 0.500151956 0.889158951 0.500000000 0.500000000 0.000000000 0.000000000 0.964881659 0.014403773 -0.262289703 0.640404268 -0.013013633 0.999890566 0.007036418 0.116720652 0.262362331 -0.003375969 0.964963555 -0.696979095
0 0.500151956 0.889158951 0.500000000 0.500000000 0.000000000 0.000000000 0.963864684 0.014788914 -0.265981406 0.652689168 -0.013508426 0.999886692 0.006643107 0.121130008 0.266049504 -0.002810067 0.963955283 -0.706347531
0 0.500151956 0.889158951 0.500000000 0.500000000 0.000000000 0.000000000 0.963017881 0.015085229 -0.269014955 0.664219111 -0.013954280 0.999883950 0.006115858 0.125962875 0.269075990 -0.002135771 0.963116586 -0.715967384
0 0.500151956 0.889158951 0.500000000 0.500000000 0.000000000 0.000000000 0.962205648 0.015349761 -0.271890968 0.675109177 -0.014261632 0.999880433 0.005977770 0.130112119 0.271950215 -0.001874235 0.962309480 -0.725702748
0 0.500151956 0.889158951 0.500000000 0.500000000 0.000000000 0.000000000 0.961177826 0.015413137 -0.275498927 0.686457696 -0.014342566 0.999879718 0.005900305 0.134927859 0.275556713 -0.001719881 0.961283267 -0.734526418
0 0.500151956 0.889158951 0.500000000 0.500000000 0.000000000 0.000000000 0.960000336 0.015579368 -0.279565066 0.698827549 -0.014436035 0.999876916 0.006148304 0.139383045 0.279626429 -0.001866563 0.960107088 -0.742647594
0 0.500151956 0.889158951 0.500000000 0.500000000 0.000000000 0.000000000 0.959086478 0.016015487 -0.282659948 0.710720775 -0.014789079 0.999869704 0.006472065 0.143871098 0.282726794 -0.002026989 0.959198356 -0.750664533
0 0.500151956 0.889158951 0.500000000 0.500000000 0.000000000 0.000000000 0.958282828 0.016650744 -0.285336286 0.721733660 -0.015325592 0.999858916 0.006876600 0.147815551 0.285410523 -0.002216780 0.958402812 -0.759192523
0 0.500151956 0.889158951 0.500000000 0.500000000 0.000000000 0.000000000 0.957326293 0.016803144 -0.288520306 0.733451921 -0.015429372 0.999856234 0.007035147 0.151843365 0.288597047 -0.002283244 0.957447946 -0.766353016
0 0.500151956 0.889158951 0.500000000 0.500000000 0.000000000 0.000000000 0.956365108 0.017109722 -0.291672766 0.744648413 -0.015738579 0.999851286 0.007046770 0.156001494 0.291749954 -0.002148770 0.956492186 -0.773581184
0 0.500151956 0.889158951 0.500000000 0.500000000 0.000000000 0.000000000 0.955362558 0.017299380 -0.294929087 0.755973920 -0.015917547 0.999848187 0.007085519 0.159599111 0.295006901 -0.002074692 0.955492854 -0.779952393
0 0.500151956 0.889158951 0.500000000 0.500000000 0.000000000 0.000000000 0.954374850 0.017596889 -0.298092216 0.767051936 -0.016173545 0.999843001 0.007241049 0.162771235 0.298172832 -0.002089467 0.954509616 -0.786529957
0 0.500151956 0.889158951 0.500000000 0.500000000 0.000000000 0.000000000 0.953443229 0.017776895 -0.301048130 0.777971537 -0.016278965 0.999839485 0.007483762 0.165631030 0.301132828 -0.002234590 0.953579605 -0.792279092
0 0.500151956 0.889158951 0.500000000 0.500000000 0.000000000 0.000000000 0.952563167 0.018070210 -0.303804040 0.787884382 -0.016499605 0.999833941 0.007736214 0.168313356 0.303893387 -0.002356586 0.952703118 -0.798498591
0 0.500151956 0.889158951 0.500000000 0.500000000 0.000000000 0.000000000 0.951575041 0.018245583 -0.306874663 0.797631511 -0.016608313 0.999830484 0.007946033 0.170436776 0.306967616 -0.002464576 0.951716781 -0.803881320
0 0.500151956 0.889158951 0.500000000 0.500000000 0.000000000 0.000000000 0.950580418 0.018499980 -0.309926778 0.807424613 -0.016895754 0.999826372 0.007859899 0.173045978 0.310018361 -0.002235019 0.950727940 -0.809161188
0 0.500151956 0.889158951 0.500000000 0.500000000 0.000000000 0.000000000 0.949549198 0.018857449 -0.313050687 0.817193739 -0.017331781 0.999820471 0.007655902 0.175832675 0.313138843 -0.001843930 0.949705541 -0.814437179
0 0.500151956 0.889158951 0.500000000 0.500000000 0.000000000 0.000000000 0.948559642 0.019149393 -0.316018820 0.827335285 -0.017679216 0.999815464 0.007518750 0.178781782 0.316104501 -0.001545017 0.948723137 -0.819668214
0 0.500151956 0.889158951 0.500000000 0.500000000 0.000000000 0.000000000 0.947729230 0.019369135 -0.318487316 0.836425699 -0.017782874 0.999810755 0.007887660 0.181120705 0.318579823 -0.001811746 0.947894335 -0.825553865
0 0.500151956 0.889158951 0.500000000 0.500000000 0.000000000 0.000000000 0.946825147 0.019546978 -0.321154237 0.845830723 -0.017831888 0.999806702 0.008281128 0.183749358 0.321254045 -0.002113993 0.946990669 -0.831146784
0 0.500151956 0.889158951 0.500000000 0.500000000 0.000000000 0.000000000 0.945869982 0.019654084 -0.323950082 0.855559226 -0.017827943 0.999804020 0.008604150 0.186215705 0.324055701 -0.002363044 0.946035028 -0.836271006
0 0.500151956 0.889158951 0.500000000 0.500000000 0.000000000 0.000000000 0.944956362 0.019794427 -0.326597124 0.865522540 -0.017880164 0.999800861 0.008862637 0.188813615 0.326707512 -0.002535196 0.945122123 -0.841342328
0 0.500151956 0.889158951 0.500000000 0.500000000 0.000000000 0.000000000 0.944121242 0.019865794 -0.328999072 0.874608132 -0.017940363 0.999799550 0.008887365 0.192009006 0.329109699 -0.002488388 0.944288433 -0.846941515
0 0.500151956 0.889158951 0.500000000 0.500000000 0.000000000 0.000000000 0.943091035 0.019935483 -0.331936628 0.885087015 -0.017886730 0.999797463 0.009226553 0.193890666 0.332053304 -0.002764219 0.943256557 -0.852392773
0 0.500151956 0.889158951 0.500000000 0.500000000 0.000000000 0.000000000 0.942186952 0.020144980 -0.334481657 0.895648472 -0.018102398 0.999793589 0.009223164 0.196468240 0.334598422 -0.002635025 0.942357123 -0.858370648
0 0.500151956 0.889158951 0.500000000 0.500000000 0.000000000 0.000000000 0.941428244 0.020446267 -0.336592942 0.905354256 -0.018398225 0.999787748 0.009273268 0.198344479 0.336711109 -0.002537404 0.941604555 -0.865263834
0 0.500151956 0.889158951 0.500000000 0.500000000 0.000000000 0.000000000 0.940601170 0.020581439 -0.338889062 0.915484519 -0.018542377 0.999785244 0.009253877 0.200516770 0.339006752 -0.002420399 0.940780818 -0.871712899
0 0.500151956 0.889158951 0.500000000 0.500000000 0.000000000 0.000000000 0.939749300 0.020691378 -0.341237664 0.925712046 -0.018644903 0.999783158 0.009276107 0.202356806 0.341355592 -0.002354871 0.939931273 -0.878953139
0 0.500151956 0.889158951 0.500000000 0.500000000 0.000000000 0.000000000 0.938986719 0.020926669 -0.343316138 0.936394065 -0.018885998 0.999778509 0.009286867 0.203603572 0.343434453 -0.002236377 0.939173996 -0.886202251
0 0.500151956 0.889158951 0.500000000 0.500000000 0.000000000 0.000000000 0.938213587 0.020935174 -0.345422924 0.946993921 -0.018942289 0.999778748 0.009144238 0.205060105 0.345537961 -0.002036147 0.938402593 -0.893778293
0 0.500151956 0.889158951 0.500000000 0.500000000 0.000000000 0.000000000 0.937353313 0.021037308 -0.347744435 0.958096727 -0.019085076 0.999777019 0.009038702 0.206355907 0.347857028 -0.001835728 0.937545776 -0.901203414
0 0.500151956 0.889158951 0.500000000 0.500000000 0.000000000 0.000000000 0.936610162 0.020959672 -0.349745780 0.969009287 -0.019012716 0.999778748 0.008999481 0.208283993 0.349857002 -0.001779388 0.936801434 -0.908822231
0 0.500151956 0.889158951 0.500000000 0.500000000 0.000000000 0.000000000 0.935803175 0.021159489 -0.351887316 0.980471420 -0.019186683 0.999774575 0.009093140 0.209378022 0.352000415 -0.001757839 0.935998201 -0.916840738
0 0.500151956 0.889158951 0.500000000 0.500000000 0.000000000 0.000000000 0.935001016 0.021007886 -0.354022235 0.992388739 -0.019035332 0.999777794 0.009053566 0.210705220 0.354133785 -0.001726162 0.935193181 -0.924962877
0 0.500151956 0.889158951 0.500000000 0.500000000 0.000000000 0.000000000 0.934110105 0.020990027 -0.356367439 1.004753089 -0.019080169 0.999778569 0.008873989 0.211890709 0.356474787 -0.001489731 0.934303761 -0.933236519
0 0.500151956 0.889158951 0.500000000 0.500000000 0.000000000 0.000000000 0.933251560 0.021196717 -0.358597547 1.017619570 -0.019361505 0.999774635 0.008708327 0.213167939 0.358701319 -0.001184072 0.933451653 -0.941797564
0 0.500151956 0.889158951 0.500000000 0.500000000 0.000000000 0.000000000 0.932477117 0.021167532 -0.360608369 1.030432675 -0.019295556 0.999775171 0.008791004 0.213597416 0.360713392 -0.001239271 0.932675898 -0.950809780
0 0.500151956 0.889158951 0.500000000 0.500000000 0.000000000 0.000000000 0.931691289 0.021211620 -0.362631202 1.043419327 -0.019298352 0.999774158 0.008898086 0.213929321 0.362738043 -0.001292085 0.931890249 -0.959660548
0 0.500151956 0.889158951 0.500000000 0.500000000 0.000000000 0.000000000 0.930933654 0.021322414 -0.364565402 1.056218292 -0.019357067 0.999771714 0.009044753 0.214368381 0.364675015 -0.001363149 0.931133866 -0.967958851
0 0.500151956 0.889158951 0.500000000 0.500000000 0.000000000 0.000000000 0.930159509 0.021411167 -0.366530836 1.068886701 -0.019420525 0.999769807 0.009118067 0.215160672 0.366641700 -0.001363036 0.930361211 -0.976279404
0 0.500151956 0.889158951 0.500000000 0.500000000 0.000000000 0.000000000 0.929434717 0.021442112 -0.368363142 1.081416510 -0.019448357 0.999769211 0.009124655 0.215177976 0.368473768 -0.001316714 0.929637194 -0.984440180
0 0.500151956 0.889158951 0.500000000 0.500000000 0.000000000 0.000000000 0.928670764 0.021533987 -0.370279551 1.093824471 -0.019597083 0.999767542 0.008992512 0.215083572 0.370387107 -0.001094684 0.928876817 -0.992305277
0 0.500151956 0.889158951 0.500000000 0.500000000 0.000000000 0.000000000 0.927885354 0.021537371 -0.372243106 1.106584111 -0.019666124 0.999767661 0.008823425 0.215022766 0.372346640 -0.000866547 0.928093314 -0.999916370
0 0.500151956 0.889158951 0.500000000 0.500000000 0.000000000 0.000000000 0.927086592 0.021675317 -0.374220073 1.119755888 -0.019847741 0.999764860 0.008737226 0.215653184 0.374321461 -0.000672741 0.927298784 -1.007000464
0 0.500151956 0.889158951 0.500000000 0.500000000 0.000000000 0.000000000 0.926275790 0.021742417 -0.376218647 1.133272675 -0.019877028 0.999763370 0.008839705 0.216095078 0.376321822 -0.000709896 0.926488757 -1.014029115
0 0.500151956 0.889158951 0.500000000 0.500000000 0.000000000 0.000000000 0.925496042 0.021869574 -0.378125340 1.146624802 -0.019944122 0.999760509 0.009007937 0.216556673 0.378231794 -0.000795432 0.925710559 -1.021101137
0 0.500151956 0.889158951 0.500000000 0.500000000 0.000000000 0.000000000 0.924704134 0.021923071 -0.380054832 1.160027782 -0.019983251 0.999759376 0.009049221 0.217273824 0.380161762 -0.000773121 0.924919724 -1.028311696
0 0.500151956 0.889158951 0.500000000 0.500000000 0.000000000 0.000000000 0.923931539 0.021920830 -0.381929368 1.173685067 -0.019908641 0.999759316 0.009219852 0.217458879 0.382039517 -0.000914818 0.924145520 -1.035616883
