0 0.490039970 0.871182185 0.500000000 0.500000000 0.000000000 0.000000000 0.999538958 -0.001184721 -0.030339114 0.011036845 0.001178062 0.999999285 -0.000237353 -0.027109976 0.030339373 0.000201502 0.999539614 -1.414007242
0 0.490039970 0.871182185 0.500000000 0.500000000 0.000000000 0.000000000 0.999526441 -0.001144501 -0.030749654 0.010448949 0.001133981 0.999999285 -0.000359556 -0.027252891 0.030750046 0.000324517 0.999527037 -1.427554771
0 0.490039970 0.871182185 0.500000000 0.500000000 0.000000000 0.000000000 0.999518275 -0.001066520 -0.031017423 0.010129810 0.001054000 0.999999344 -0.000419982 -0.027508819 0.031017851 0.000387087 0.999518752 -1.441075652
0 0.490039970 0.871182185 0.500000000 0.500000000 0.000000000 0.000000000 0.999516785 -0.000948479 -0.031068685 0.008702044 0.000941388 0.999999523 -0.000242855 -0.028584039 0.031068899 0.000213490 0.999517202 -1.454978997
0 0.490039970 0.871182185 0.500000000 0.500000000 0.000000000 0.000000000 0.999510229 -0.000790578 -0.031283040 0.007501115 0.000787398 0.999999702 -0.000113975 -0.030101000 0.031283122 0.000089287 0.999510586 -1.468900270
0 0.490039970 0.871182185 0.500000000 0.500000000 0.000000000 0.000000000 0.999501288 -0.000662725 -0.031571995 0.006171119 0.000656815 0.999999762 -0.000197555 -0.031411844 0.031572122 0.000176719 0.999501467 -1.482814186
0 0.490039970 0.871182185 0.500000000 0.500000000 0.000000000 0.000000000 0.999492109 -0.000467600 -0.031864036 0.004617605 0.000456266 0.999999821 -0.000362949 -0.032577373 0.031864204 0.000348226 0.999492168 -1.497448516
0 0.490039970 0.871182185 0.500000000 0.500000000 0.000000000 0.000000000 0.999481022 -0.000305374 -0.032212257 0.003125607 0.000290729 0.999999881 -0.000459336 -0.033809032 0.032212395 0.000449732 0.999480963 -1.512004304
0 0.490039970 0.871182185 0.500000000 0.500000000 0.000000000 0.000000000 0.999469876 -0.000144722 -0.032556701 0.001591730 0.000132474 0.999999940 -0.000378350 -0.035138327 0.032556754 0.000373836 0.999469817 -1.526467888
0 0.490039970 0.871182185 0.500000000 0.500000000 0.000000000 0.000000000 0.999459982 -0.000050105 -0.032859642 -0.000524137 0.000041371 0.999999940 -0.000266473 -0.036598831 0.032859653 0.000264970 0.999459922 -1.541057297
0 0.490039970 0.871182185 0.500000000 0.500000000 0.000000000 0.000000000 0.999447763 -0.000002245 -0.033228263 -0.002719920 -0.000006470 0.999999940 -0.000262171 -0.037742247 0.033228263 0.000262241 0.999447763 -1.555589753
0 0.490039970 0.871182185 0.500000000 0.500000000 0.000000000 0.000000000 0.999430776 0.000071752 -0.033736326 -0.004578018 -0.000085214 0.999999940 -0.000397574 -0.037976198 0.033736296 0.000400223 0.999430716 -1.569586218
0 0.490039970 0.871182185 0.500000000 0.500000000 0.000000000 0.000000000 0.999410689 0.000130147 -0.034326378 -0.005932268 -0.000147686 0.999999881 -0.000508437 -0.038000877 0.034326307 0.000513207 0.999410570 -1.583397387
0 0.490039970 0.871182185 0.500000000 0.500000000 0.000000000 0.000000000 0.999399722 0.000259435 -0.034643173 -0.007411642 -0.000279698 0.999999821 -0.000580057 -0.037756165 0.034643017 0.000589398 0.999399602 -1.597023928
0 0.490039970 0.871182185 0.500000000 0.500000000 0.000000000 0.000000000 0.999398291 0.000281213 -0.034684457 -0.009675420 -0.000303460 0.999999762 -0.000636142 -0.036999107 0.034684267 0.000646284 0.999398112 -1.609845363
0 0.490039970 0.871182185 0.500000000 0.500000000 0.000000000 0.000000000 0.999386489 0.000148074 -0.035023659 -0.011648908 -0.000160762 0.999999940 -0.000359446 -0.036660327 0.035023604 0.000364856 0.999386430 -1.623012296
0 0.490039970 0.871182185 0.500000000 0.500000000 0.000000000 0.000000000 0.999366999 0.000042358 -0.035574879 -0.012201926 -0.000046017 1.000000000 -0.000102036 -0.036419474 0.035574876 0.000103609 0.999366999 -1.635796706
0 0.490039970 0.871182185 0.500000000 0.500000000 0.000000000 0.000000000 0.999356866 0.000053106 -0.035858028 -0.013880782 -0.000054653 1.000000000 -0.000042169 -0.035975505 0.035858028 0.000044101 0.999356866 -1.648875711
0 0.490039970 0.871182185 0.500000000 0.500000000 0.000000000 0.000000000 0.999339461 0.000005196 -0.036340069 -0.014823998 -0.000007725 1.000000000 -0.000069474 -0.035052823 0.036340069 0.000069709 0.999339461 -1.662100389
0 0.490039970 0.871182185 0.500000000 0.500000000 0.000000000 0.000000000 0.999325514 -0.000070034 -0.036721684 -0.015655296 0.000072146 1.000000000 0.000056180 -0.034503696 0.036721677 -0.000058792 0.999325514 -1.675727018
0 0.490039970 0.871182185 0.500000000 0.500000000 0.000000000 0.000000000 0.999315262 -0.000194510 -0.036999926 -0.016595257 0.000205305 0.999999940 0.000287960 -0.034715337 0.036999870 -0.000295359 0.999315202 -1.689054253
0 0.490039970 0.871182185 0.500000000 0.500000000 0.000000000 0.000000000 0.999307394 -0.000198832 -0.037212104 -0.017734548 0.000213486 0.999999881 0.000389813 -0.034851565 0.037212022 -0.000397487 0.999307334 -1.702849627
0 0.490039970 0.871182185 0.500000000 0.500000000 0.000000000 0.000000000 0.999295652 -0.000318480 -0.037525039 -0.018490842 0.000335819 0.999999821 0.000455763 -0.035274597 0.037524886 -0.000468043 0.999295592 -1.716837021
0 0.490039970 0.871182185 0.500000000 0.500000000 0.000000000 0.000000000 0.999281704 -0.000363053 -0.037894454 -0.019010707 0.000383625 0.999999762 0.000535613 -0.036013830 0.037894249 -0.000549766 0.999281585 -1.730927973
0 0.490039970 0.871182185 0.500000000 0.500000000 0.000000000 0.000000000 0.999271750 -0.000452352 -0.038154270 -0.019493945 0.000474230 0.999999702 0.000564368 -0.036700637 0.038154002 -0.000582051 0.999271691 -1.745374389
0 0.490039970 0.871182185 0.500000000 0.500000000 0.000000000 0.000000000 0.999258041 -0.000539998 -0.038510829 -0.019832200 0.000564058 0.999999642 0.000613901 -0.037482504 0.038510483 -0.000635168 0.999257982 -1.759893882
0 0.490039970 0.871182185 0.500000000 0.500000000 0.000000000 0.000000000 0.999243617 -0.000663087 -0.038881049 -0.019880169 0.000685011 0.999999642 0.000550565 -0.038032234 0.038880669 -0.000576782 0.999243677 -1.774322997
0 0.490039970 0.871182185 0.500000000 0.500000000 0.000000000 0.000000000 0.999227285 -0.000848516 -0.039295837 -0.019640064 0.000861233 0.999999583 0.000306705 -0.038320591 0.039295562 -0.000340311 0.999227583 -1.789139216
0 0.490039970 0.871182185 0.500000000 0.500000000 0.000000000 0.000000000 0.999217033 -0.000886483 -0.039554421 -0.019744987 0.000884936 0.999999583 -0.000056633 -0.037708687 0.039554454 0.000021585 0.999217391 -1.803988439
0 0.490039970 0.871182185 0.500000000 0.500000000 0.000000000 0.000000000 0.999200642 -0.000945033 -0.039964266 -0.019374061 0.000939020 0.999999523 -0.000169244 -0.037457146 0.039964408 0.000131581 0.999201119 -1.818749225
0 0.490039970 0.871182185 0.500000000 0.500000000 0.000000000 0.000000000 0.999189317 -0.000827686 -0.040249523 -0.018861045 0.000823885 0.999999642 -0.000111016 -0.037263602 0.040249601 0.000077765 0.999189675 -1.833339176
0 0.490039970 0.871182185 0.500000000 0.500000000 0.000000000 0.000000000 0.999185503 -0.000762885 -0.040344775 -0.019260491 0.000759914 0.999999702 -0.000088972 -0.036646965 0.040344831 0.000058241 0.999185801 -1.848182377
0 0.490039970 0.871182185 0.500000000 0.500000000 0.000000000 0.000000000 0.999175608 -0.000879638 -0.040587876 -0.019624082 0.000871994 0.999999583 -0.000206031 -0.035683410 0.040588040 0.000170469 0.999175966 -1.861827675
0 0.490039970 0.871182185 0.500000000 0.500000000 0.000000000 0.000000000 0.999159038 -0.000974950 -0.040991437 -0.019612143 0.000966912 0.999999523 -0.000215932 -0.034816329 0.040991630 0.000176115 0.999159455 -1.875794714
0 0.490039970 0.871182185 0.500000000 0.500000000 0.000000000 0.000000000 0.999135792 -0.000929574 -0.041555256 -0.018884806 0.000923601 0.999999583 -0.000162940 -0.033529445 0.041555390 0.000124419 0.999136209 -1.889326507
0 0.490039970 0.871182185 0.500000000 0.500000000 0.000000000 0.000000000 0.999122918 -0.000950869 -0.041863061 -0.018336653 0.000952703 0.999999523 0.000023858 -0.033056236 0.041863021 -0.000063720 0.999123335 -1.902846877
0 0.490039970 0.871182185 0.500000000 0.500000000 0.000000000 0.000000000 0.999119818 -0.000868283 -0.041939124 -0.018904487 0.000872635 0.999999642 0.000085453 -0.032572047 0.041939035 -0.000121975 0.999120176 -1.916426661
0 0.490039970 0.871182185 0.500000000 0.500000000 0.000000000 0.000000000 0.999109983 -0.000796182 -0.042173557 -0.019206065 0.000800701 0.999999702 0.000090273 -0.032186858 0.042173471 -0.000123961 0.999110281 -1.929981381
0 0.490039970 0.871182185 0.500000000 0.500000000 0.000000000 0.000000000 0.999095261 -0.000822720 -0.042520192 -0.019207126 0.000831335 0.999999642 0.000184931 -0.032218382 0.042520024 -0.000220112 0.999095619 -1.943273959
0 0.490039970 0.871182185 0.500000000 0.500000000 0.000000000 0.000000000 0.999082208 -0.000838835 -0.042825885 -0.019390595 0.000850324 0.999999583 0.000250054 -0.032416275 0.042825658 -0.000286240 0.999082506 -1.956558736
0 0.490039970 0.871182185 0.500000000 0.500000000 0.000000000 0.000000000 0.999067485 -0.000743312 -0.043170162 -0.019841737 0.000758029 0.999999642 0.000324530 -0.032847886 0.043169905 -0.000356952 0.999067664 -1.970184238
0 0.490039970 0.871182185 0.500000000 0.500000000 0.000000000 0.000000000 0.999049127 -0.000772783 -0.043592073 -0.019861132 0.000793553 0.999999583 0.000459164 -0.033651527 0.043591697 -0.000493320 0.999049306 -1.983614132
0 0.490039970 0.871182185 0.500000000 0.500000000 0.000000000 0.000000000 0.999031126 -0.000735902 -0.044003207 -0.020029269 0.000761951 0.999999523 0.000575205 -0.034680630 0.044002764 -0.000608176 0.999031246 -1.997439252
0 0.490039970 0.871182185 0.500000000 0.500000000 0.000000000 0.000000000 0.999012887 -0.000640823 -0.044416457 -0.020388092 0.000670840 0.999999583 0.000660913 -0.035747266 0.044416014 -0.000690056 0.999012887 -2.011514036
0 0.490039970 0.871182185 0.500000000 0.500000000 0.000000000 0.000000000 0.998995066 -0.000612575 -0.044815589 -0.020656680 0.000641370 0.999999583 0.000628144 -0.036450947 0.044815186 -0.000656256 0.998995066 -2.025499834
0 0.490039970 0.871182185 0.500000000 0.500000000 0.000000000 0.000000000 0.998984158 -0.000462457 -0.045060001 -0.021571589 0.000490720 0.999999702 0.000616171 -0.037350522 0.045059703 -0.000637657 0.998984098 -2.039890881
0 0.490039970 0.871182185 0.500000000 0.500000000 0.000000000 0.000000000 0.998971283 -0.000378425 -0.045345087 -0.022696710 0.000410603 0.999999642 0.000700295 -0.038436454 0.045344807 -0.000718194 0.998971164 -2.054369784
0 0.490039970 0.871182185 0.500000000 0.500000000 0.000000000 0.000000000 0.998951912 -0.000385921 -0.045770511 -0.023229636 0.000420513 0.999999642 0.000746135 -0.039326627 0.045770206 -0.000764600 0.998951674 -2.068762134
0 0.490039970 0.871182185 0.500000000 0.500000000 0.000000000 0.000000000 0.998934984 -0.000368330 -0.046138991 -0.024118905 0.000399566 0.999999702 0.000667788 -0.039974598 0.046138730 -0.000685513 0.998934805 -2.083208748
0 0.490039970 0.871182185 0.500000000 0.500000000 0.000000000 0.000000000 0.998911083 -0.000344741 -0.046652950 -0.024613624 0.000365136 0.999999821 0.000428631 -0.039617420 0.046652794 -0.000445199 0.998911083 -2.097665056
0 0.490039970 0.871182185 0.500000000 0.500000000 0.000000000 0.000000000 0.998892069 -0.000365549 -0.047059096 -0.025063820 0.000384628 0.999999821 0.000396373 -0.039474119 0.047058944 -0.000414034 0.998892009 -2.111674694
0 0.490039970 0.871182185 0.500000000 0.500000000 0.000000000 0.000000000 0.998879254 -0.000379736 -0.047329616 -0.025814456 0.000404598 0.999999762 0.000515704 -0.039593825 0.047329411 -0.000534276 0.998879194 -2.125862030
0 0.490039970 0.871182185 0.500000000 0.500000000 0.000000000 0.000000000 0.998869181 -0.000350179 -0.047542214 -0.027085907 0.000375369 0.999999821 0.000520934 -0.039554315 0.047542024 -0.000538191 0.998869121 -2.139696905
0 0.490039970 0.871182185 0.500000000 0.500000000 0.000000000 0.000000000 0.998844564 -0.000530368 -0.048054785 -0.027274024 0.000555930 0.999999702 0.000518579 -0.039243673 0.048054494 -0.000544695 0.998844564 -2.153105337
0 0.490039970 0.871182185 0.500000000 0.500000000 0.000000000 0.000000000 0.998819411 -0.000591227 -0.048573747 -0.026873301 0.000623910 0.999999583 0.000657679 -0.039100904 0.048573341 -0.000687208 0.998819411 -2.166507636
0 0.490039970 0.871182185 0.500000000 0.500000000 0.000000000 0.000000000 0.998802662 -0.000674656 -0.048916239 -0.027176247 0.000711534 0.999999464 0.000736499 -0.038830556 0.048915714 -0.000770423 0.998802602 -2.179844933
0 0.490039970 0.871182185 0.500000000 0.500000000 0.000000000 0.000000000 0.998787463 -0.000787693 -0.049223587 -0.026966933 0.000827440 0.999999344 0.000787097 -0.038373101 0.049222935 -0.000826872 0.998787463 -2.193058015
0 0.490039970 0.871182185 0.500000000 0.500000000 0.000000000 0.000000000 0.998776019 -0.001044372 -0.049450774 -0.027271246 0.001095057 0.999998927 0.000997873 -0.038563689 0.049449679 -0.001050804 0.998776078 -2.206364062
0 0.490039970 0.871182185 0.500000000 0.500000000 0.000000000 0.000000000 0.998755693 -0.001209499 -0.049855482 -0.026970522 0.001268186 0.999998569 0.001145516 -0.038603332 0.049854022 -0.001207317 0.998755813 -2.219968490
0 0.490039970 0.871182185 0.500000000 0.500000000 0.000000000 0.000000000 0.998737454 -0.001391273 -0.050215121 -0.026554826 0.001449239 0.999998331 0.001117962 -0.038481493 0.050213482 -0.001189324 0.998737812 -2.233588296
0 0.490039970 0.871182185 0.500000000 0.500000000 0.000000000 0.000000000 0.998723626 -0.001430514 -0.050488118 -0.026709228 0.001488027 0.999998271 0.001101565 -0.038349326 0.050486453 -0.001175287 0.998724043 -2.247824291
0 0.490039970 0.871182185 0.500000000 0.500000000 0.000000000 0.000000000 0.998708665 -0.001493042 -0.050781589 -0.026410778 0.001559508 0.999997973 0.001269262 -0.038918627 0.050779592 -0.001346817 0.998708963 -2.262042725
0 0.490039970 0.871182185 0.500000000 0.500000000 0.000000000 0.000000000 0.998693407 -0.001564488 -0.051078860 -0.025990246 0.001639270 0.999997616 0.001422184 -0.039812520 0.051076517 -0.001504058 0.998693585 -2.276205937
0 0.490039970 0.871182185 0.500000000 0.500000000 0.000000000 0.000000000 0.998675048 -0.001588389 -0.051435534 -0.025735341 0.001664471 0.999997556 0.001436372 -0.040382896 0.051433127 -0.001520082 0.998675287 -2.290807989
0 0.490039970 0.871182185 0.500000000 0.500000000 0.000000000 0.000000000 0.998649120 -0.001652395 -0.051935166 -0.024447128 0.001718699 0.999997735 0.001232029 -0.040281123 0.051933013 -0.001319626 0.998649716 -2.305450790
0 0.490039970 0.871182185 0.500000000 0.500000000 0.000000000 0.000000000 0.998634040 -0.001603838 -0.052225810 -0.023710101 0.001659890 0.999998093 0.001029910 -0.040262236 0.052224055 -0.001115193 0.998634756 -2.319928169
0 0.490039970 0.871182185 0.500000000 0.500000000 0.000000000 0.000000000 0.998628795 -0.001475365 -0.052329108 -0.022729447 0.001518873 0.999998510 0.000791683 -0.039420703 0.052327864 -0.000870079 0.998629570 -2.334427823
0 0.490039970 0.871182185 0.500000000 0.500000000 0.000000000 0.000000000 0.998658001 -0.001339671 -0.051773161 -0.023990973 0.001379965 0.999998748 0.000742545 -0.038913775 0.051772103 -0.000812994 0.998658597 -2.348557981
0 0.490039970 0.871182185 0.500000000 0.500000000 0.000000000 0.000000000 0.998681724 -0.001272038 -0.051315032 -0.024673529 0.001317120 0.999998748 0.000844729 -0.038547659 0.051313892 -0.000911203 0.998682141 -2.362345087
0 0.490039970 0.871182185 0.500000000 0.500000000 0.000000000 0.000000000 0.998727500 -0.001257501 -0.050416525 -0.026644341 0.001306263 0.999998689 0.000934246 -0.038185495 0.050415289 -0.000998914 0.998727858 -2.376062405
0 0.490039970 0.871182185 0.500000000 0.500000000 0.000000000 0.000000000 0.998774886 -0.001253868 -0.049469151 -0.029380857 0.001298637 0.999998748 0.000872848 -0.037318249 0.049467992 -0.000936021 0.998775244 -2.389731427
0 0.490039970 0.871182185 0.500000000 0.500000000 0.000000000 0.000000000 0.998812258 -0.001329241 -0.048706241 -0.030864240 0.001368423 0.999998748 0.000771116 -0.036337722 0.048705157 -0.000836851 0.998812854 -2.403200372
0 0.490039970 0.871182185 0.500000000 0.500000000 0.000000000 0.000000000 0.998861194 -0.001263307 -0.047694556 -0.033822559 0.001301298 0.999998868 0.000765498 -0.035448381 0.047693536 -0.000826691 0.998861670 -2.416551111
0 0.490039970 0.871182185 0.500000000 0.500000000 0.000000000 0.000000000 0.998893797 -0.001334535 -0.047003839 -0.035462985 0.001371604 0.999998748 0.000756394 -0.034205298 0.047002770 -0.000820028 0.998894393 -2.429668270
0 0.490039970 0.871182185 0.500000000 0.500000000 0.000000000 0.000000000 0.998937786 -0.001370785 -0.046058882 -0.037558768 0.001413429 0.999998629 0.000893301 -0.033467963 0.046057593 -0.000957453 0.998938322 -2.442332028
0 0.490039970 0.871182185 0.500000000 0.500000000 0.000000000 0.000000000 0.998990119 -0.001447764 -0.044907119 -0.040353913 0.001492665 0.999998391 0.000966350 -0.032509842 0.044905651 -0.001032405 0.998990715 -2.455153622
0 0.490039970 0.871182185 0.500000000 0.500000000 0.000000000 0.000000000 0.999048054 -0.001536310 -0.043596223 -0.043557829 0.001588126 0.999998093 0.001153929 -0.032352030 0.043594368 -0.001222067 0.999048591 -2.467956807
0 0.490039970 0.871182185 0.500000000 0.500000000 0.000000000 0.000000000 0.999110401 -0.001568479 -0.042141609 -0.047561098 0.001623032 0.999997914 0.001260331 -0.032122665 0.042139541 -0.001327607 0.999110878 -2.480736169
0 0.490039970 0.871182185 0.500000000 0.500000000 0.000000000 0.000000000 0.999171376 -0.001546611 -0.040670939 -0.052186015 0.001601554 0.999997854 0.001318360 -0.032208238 0.040668812 -0.001382405 0.999171734 -2.493861430
0 0.490039970 0.871182185 0.500000000 0.500000000 0.000000000 0.000000000 0.999221623 -0.001523589 -0.039419051 -0.056379132 0.001579843 0.999997795 0.001395951 -0.032777475 0.039416838 -0.001457141 0.999221802 -2.507098420
0 0.490039970 0.871182185 0.500000000 0.500000000 0.000000000 0.000000000 0.999269903 -0.001501269 -0.038176071 -0.060885634 0.001559846 0.999997675 0.001504646 -0.033824265 0.038173724 -0.001563097 0.999269903 -2.520332984
