0.000000000 0.864009615 1.497616667 0.729799038 0.000131523 0.000000000 0.000000000 1.000000000 0.000000000 0.000000000 0.000000000 0.000000000 1.000000000 0.000000000 0.000000000 0.000000000 0.000000000 0.999999900 -0.000000000
0.000000000 0.864009615 1.497616667 0.729799038 0.000131523 0.000000000 0.000000000 0.999049800 -0.001649780 0.043551940 0.051546560 0.001760423 0.999995300 -0.002502237 -0.024248830 -0.043547600 0.002576529 0.999048000 1.000725000
0.000000000 0.864009615 1.497616667 0.729799038 0.000131523 0.000000000 0.000000000 0.996049500 -0.005367949 0.088638310 0.146463200 0.006010224 0.999957500 -0.006980718 -0.050516220 -0.088597070 0.007485875 0.996039400 1.995659000
0.000000000 0.864009615 1.497616667 0.729799038 0.000131523 0.000000000 0.000000000 0.990927100 -0.005886878 0.134272100 0.287920400 0.007448178 0.999910300 -0.011128520 -0.079030590 -0.134194600 0.012027630 0.990882000 2.986691000
0.000000000 0.864009615 1.497616667 0.729799038 0.000131523 0.000000000 0.000000000 0.983622200 -0.003565066 0.180207200 0.465750300 0.006172884 0.999884100 -0.013912500 -0.110292800 -0.180136800 0.014797040 0.983530200 3.963845000
0.000000000 0.864009615 1.497616667 0.729799038 0.000131523 0.000000000 0.000000000 0.974047900 -0.006173619 0.226257900 0.697164500 0.009486835 0.999863000 -0.013559120 -0.143877000 -0.226143200 0.015353700 0.973973000 4.934639000
0.000000000 0.864009615 1.497616667 0.729799038 0.000131523 0.000000000 0.000000000 0.962421200 -0.007368625 0.271461300 0.971568900 0.011640150 0.999832400 -0.014128470 -0.180223700 -0.271311700 0.016757390 0.962345600 5.887651000
0.000000000 0.864009615 1.497616667 0.729799038 0.000131523 0.000000000 0.000000000 0.948837400 -0.009693544 0.315616400 1.288079000 0.015876160 0.999729000 -0.017023760 -0.218487700 -0.315365800 0.021163550 0.948734100 6.826202000
0.000000000 0.864009615 1.497616667 0.729799038 0.000131523 0.000000000 0.000000000 0.933620200 -0.012638570 0.358041500 1.651331000 0.020804610 0.999603700 -0.018964410 -0.254729000 -0.357659900 0.025154460 0.933513000 7.743952000
0.000000000 0.864009615 1.497616667 0.729799038 0.000131523 0.000000000 0.000000000 0.916194500 -0.012283940 0.400545600 2.050498000 0.021776480 0.999579300 -0.019155670 -0.291952800 -0.400141700 0.026272780 0.916076500 8.646240000
0.000000000 0.864009615 1.497616667 0.729799038 0.000131523 0.000000000 0.000000000 0.896555900 -0.013077650 0.442737600 2.488685000 0.023417900 0.999565500 -0.017896590 -0.330923700 -0.442311200 0.026413280 0.896472500 9.527392000
0.000000000 0.864009615 1.497616667 0.729799038 0.000131523 0.000000000 0.000000000 0.874511300 -0.013514290 0.484816800 2.966292000 0.024477540 0.999567600 -0.016289530 -0.369738500 -0.484387000 0.026112490 0.874464000 10.384170000
0.000000000 0.864009615 1.497616667 0.729799038 0.000131523 0.000000000 0.000000000 0.850369100 -0.013481620 0.526013900 3.483068000 0.025177230 0.999569200 -0.015083480 -0.408603100 -0.525583900 0.026070100 0.850342200 11.215600000
0.000000000 0.864009615 1.497616667 0.729799038 0.000131523 0.000000000 0.000000000 0.824542900 -0.014011000 0.565626000 4.036690000 0.026963900 0.999530500 -0.014547550 -0.443973500 -0.565156600 0.027246560 0.824533600 12.018780000
0.000000000 0.864009615 1.497616667 0.729799038 0.000131523 0.000000000 0.000000000 0.797030200 -0.016193330 0.603722400 4.631439000 0.031261040 0.999406600 -0.014464060 -0.479022700 -0.603129900 0.030401280 0.797063400 12.790060000
0.000000000 0.864009615 1.497616667 0.729799038 0.000131523 0.000000000 0.000000000 0.768151100 -0.015104450 0.640090400 5.252124000 0.031868020 0.999384500 -0.014660900 -0.513618600 -0.639475000 0.031660200 0.768159700 13.530580000
0.000000000 0.864009615 1.497616667 0.729799038 0.000131523 0.000000000 0.000000000 0.737423000 -0.018316970 0.675182800 5.913461000 0.037186190 0.999217100 -0.013506450 -0.546271300 -0.674406700 0.035067430 0.737526800 14.237310000
0.000000000 0.864009615 1.497616667 0.729799038 0.000131523 0.000000000 0.000000000 0.705166600 -0.018113090 0.708810300 6.602643000 0.038299430 0.999187200 -0.012569110 -0.577742900 -0.708006500 0.036010330 0.705287100 14.912160000
0.000000000 0.864009615 1.497616667 0.729799038 0.000131523 0.000000000 0.000000000 0.670680100 -0.016821640 0.741556000 7.315983000 0.038483980 0.999185400 -0.012140010 -0.609155600 -0.740747800 0.036680080 0.670781100 15.554830000
0.000000000 0.864009615 1.497616667 0.729799038 0.000131523 0.000000000 0.000000000 0.635064900 -0.017843060 0.772252800 8.059654000 0.043585630 0.998968200 -0.012761430 -0.636292000 -0.771228200 0.041763450 0.635187200 16.155000000
0.000000000 0.864009615 1.497616667 0.729799038 0.000131523 0.000000000 0.000000000 0.598391500 -0.016316340 0.801037700 8.824947000 0.044356180 0.998933900 -0.012787680 -0.665278300 -0.799975100 0.043182990 0.598477300 16.721740000
0.000000000 0.864009615 1.497616667 0.729799038 0.000131523 0.000000000 0.000000000 0.560638200 -0.015604190 0.827913900 9.617499000 0.047224240 0.998797700 -0.013153880 -0.693875500 -0.826713200 0.046472160 0.560701000 17.248350000
0.000000000 0.864009615 1.497616667 0.729799038 0.000131523 0.000000000 0.000000000 0.521730300 -0.014154590 0.852993100 10.435720000 0.052990640 0.998469300 -0.015842910 -0.720980200 -0.851463100 0.053466360 0.521681700 17.735820000
0.000000000 0.864009615 1.497616667 0.729799038 0.000131523 0.000000000 0.000000000 0.482402300 -0.013143330 0.875851200 11.273390000 0.054663430 0.998390200 -0.015125390 -0.744894900 -0.874242500 0.055173540 0.482344100 18.188610000
0.000000000 0.864009615 1.497616667 0.729799038 0.000131523 0.000000000 0.000000000 0.443752000 -0.014834900 0.896026900 12.138440000 0.059628920 0.998135900 -0.013005430 -0.770722800 -0.894163600 0.059200280 0.443809400 18.605410000
0.000000000 0.864009615 1.497616667 0.729799038 0.000131523 0.000000000 0.000000000 0.406332100 -0.015673290 0.913591100 13.023860000 0.063331680 0.997931400 -0.011047430 -0.796898700 -0.911528000 0.062348170 0.406484100 18.984860000
0.000000000 0.864009615 1.497616667 0.729799038 0.000131523 0.000000000 0.000000000 0.370596900 -0.013364620 0.928697700 13.922820000 0.065498730 0.997783100 -0.011778460 -0.819498300 -0.926481400 0.065193560 0.370650600 19.335290000
0.000000000 0.864009615 1.497616667 0.729799038 0.000131523 0.000000000 0.000000000 0.336710400 -0.013699240 0.941508600 14.845670000 0.066957700 0.997711200 -0.009428981 -0.839821700 -0.939224500 0.066216070 0.336857000 19.655580000
0.000000000 0.864009615 1.497616667 0.729799038 0.000131523 0.000000000 0.000000000 0.303210100 -0.016063720 0.952788400 15.788190000 0.068937840 0.997607800 -0.005119036 -0.859011000 -0.950426800 0.067235300 0.303592100 19.948580000
0.000000000 0.864009615 1.497616667 0.729799038 0.000131523 0.000000000 0.000000000 0.270038300 -0.015840840 0.962719300 16.746090000 0.069705520 0.997562700 -0.003137907 -0.877957900 -0.960323100 0.067954190 0.270484300 20.209590000
0.000000000 0.864009615 1.497616667 0.729799038 0.000131523 0.000000000 0.000000000 0.237384100 -0.013010400 0.971328800 17.710960000 0.067524500 0.997712700 -0.003138591 -0.892642800 -0.969066100 0.066333520 0.237719600 20.442900000
0.000000000 0.864009615 1.497616667 0.729799038 0.000131523 0.000000000 0.000000000 0.205801300 -0.010890490 0.978533200 18.690740000 0.067525730 0.997712700 -0.003097801 -0.906681600 -0.976261200 0.066713680 0.206066000 20.645440000
0.000000000 0.864009615 1.497616667 0.729799038 0.000131523 0.000000000 0.000000000 0.174876000 -0.010566140 0.984533800 19.691660000 0.069300530 0.997594500 -0.001603074 -0.920475200 -0.982148500 0.068509030 0.175187600 20.816490000
0.000000000 0.864009615 1.497616667 0.729799038 0.000131523 0.000000000 0.000000000 0.144015900 -0.010952600 0.989514800 20.708720000 0.070938370 0.997480400 0.000716251 -0.932317400 -0.987029400 0.070091400 0.144430000 20.958900000
0.000000000 0.864009615 1.497616667 0.729799038 0.000131523 0.000000000 0.000000000 0.113228000 -0.011888990 0.993497900 21.741570000 0.069606320 0.997566500 0.004004714 -0.942352500 -0.991127800 0.068700270 0.113780000 21.074500000
0.000000000 0.864009615 1.497616667 0.729799038 0.000131523 0.000000000 0.000000000 0.083475060 -0.011821210 0.996439800 22.790760000 0.070163750 0.997517700 0.005956143 -0.948405000 -0.994036700 0.069416740 0.084097260 21.161180000
0.000000000 0.864009615 1.497616667 0.729799038 0.000131523 0.000000000 0.000000000 0.055758690 -0.011194870 0.998381500 23.853650000 0.072760660 0.997324000 0.007119389 -0.951047000 -0.995789500 0.072245910 0.056424020 21.214680000
0.000000000 0.864009615 1.497616667 0.729799038 0.000131523 0.000000000 0.000000000 0.030224050 -0.010553590 0.999487500 24.931120000 0.076957680 0.997000600 0.008200162 -0.951926500 -0.996576100 0.076670380 0.030945580 21.240690000
0.000000000 0.864009615 1.497616667 0.729799038 0.000131523 0.000000000 0.000000000 0.007200764 -0.010110890 0.999923000 26.023480000 0.081252500 0.996648300 0.009492647 -0.950950600 -0.996667500 0.081177870 0.007998165 21.240270000
0.000000000 0.864009615 1.497616667 0.729799038 0.000131523 0.000000000 0.000000000 -0.013587800 -0.009968577 0.999858000 27.127230000 0.087196640 0.996129100 0.011116370 -0.948950800 -0.996098400 0.087335280 -0.012665970 21.215640000
0.000000000 0.864009615 1.497616667 0.729799038 0.000131523 0.000000000 0.000000000 -0.031629640 -0.010651860 0.999442900 28.242490000 0.091653570 0.995699200 0.013512540 -0.945628800 -0.995288500 0.092029890 -0.030517320 21.169690000
0.000000000 0.864009615 1.497616667 0.729799038 0.000131523 0.000000000 0.000000000 -0.047490410 -0.010302370 0.998818600 29.370220000 0.094889280 0.995378100 0.014778540 -0.941438600 -0.994354400 0.095479000 -0.046293330 21.107410000
0.000000000 0.864009615 1.497616667 0.729799038 0.000131523 0.000000000 0.000000000 -0.062134320 -0.010862170 0.998008700 30.502910000 0.097374730 0.995104400 0.016892940 -0.936359400 -0.993306300 0.098230440 -0.060772430 21.029600000
0.000000000 0.864009615 1.497616667 0.729799038 0.000131523 0.000000000 0.000000000 -0.075608680 -0.011935090 0.997066200 31.641960000 0.097516310 0.995046600 0.019305690 -0.929686800 -0.992357700 0.098689870 -0.074070290 20.939840000
0.000000000 0.864009615 1.497616667 0.729799038 0.000131523 0.000000000 0.000000000 -0.088055390 -0.011988090 0.996043500 32.786820000 0.097290370 0.995043300 0.020577020 -0.921677300 -0.991353000 0.098717330 -0.086452590 20.836960000
0.000000000 0.864009615 1.497616667 0.729799038 0.000131523 0.000000000 0.000000000 -0.099477880 -0.009193596 0.994997300 33.942320000 0.097353380 0.995069900 0.018927460 -0.911746200 -0.990265800 0.098749200 -0.098092400 20.718590000
0.000000000 0.864009615 1.497616667 0.729799038 0.000131523 0.000000000 0.000000000 -0.109796700 -0.005360682 0.993939600 35.114730000 0.097980710 0.995056600 0.016190260 -0.900720100 -0.989112900 0.099164530 -0.108728700 20.585330000
0.000000000 0.864009615 1.497616667 0.729799038 0.000131523 0.000000000 0.000000000 -0.119455400 -0.002512059 0.992836400 36.309120000 0.099051140 0.994977600 0.014435040 -0.889158400 -0.987886200 0.100065900 -0.118606600 20.436980000
0.000000000 0.864009615 1.497616667 0.729799038 0.000131523 0.000000000 0.000000000 -0.127088500 -0.001278670 0.991890600 37.526800000 0.098889570 0.995000600 0.013953150 -0.878156800 -0.986949500 0.099860900 -0.126326600 20.278900000
0.000000000 0.864009615 1.497616667 0.729799038 0.000131523 0.000000000 0.000000000 -0.132987100 -0.000714978 0.991117500 38.767330000 0.098391980 0.995050400 0.013919940 -0.867019900 -0.986221800 0.099369170 -0.132258500 20.110850000
0.000000000 0.864009615 1.497616667 0.729799038 0.000131523 0.000000000 0.000000000 -0.138159100 0.000894005 0.990409700 40.024030000 0.099410830 0.994961900 0.012969380 -0.856447900 -0.985408300 0.100249300 -0.137551900 19.932530000
0.000000000 0.864009615 1.497616667 0.729799038 0.000131523 0.000000000 0.000000000 -0.142685200 0.002815813 0.989764200 41.305500000 0.098691700 0.995052800 0.011396610 -0.846036200 -0.984835400 0.099307610 -0.142257100 19.746480000
0.000000000 0.864009615 1.497616667 0.729799038 0.000131523 0.000000000 0.000000000 -0.146825300 0.003917606 0.989154700 42.606790000 0.098973220 0.995032000 0.010750210 -0.837548000 -0.984198400 0.099478200 -0.146483600 19.550650000
0.000000000 0.864009615 1.497616667 0.729799038 0.000131523 0.000000000 0.000000000 -0.149919300 0.003009372 0.988693700 43.932780000 0.098739320 0.995041600 0.011943510 -0.829549600 -0.983755400 0.099413480 -0.149473100 19.347860000
0.000000000 0.864009615 1.497616667 0.729799038 0.000131523 0.000000000 0.000000000 -0.152230000 0.000581795 0.988345000 45.281370000 0.099333710 0.994945400 0.014714200 -0.818790300 -0.983340600 0.100415900 -0.151518300 19.137530000
0.000000000 0.864009615 1.497616667 0.729799038 0.000131523 0.000000000 0.000000000 -0.154507600 -0.000389785 0.987991600 46.648500000 0.099373780 0.994922600 0.015933140 -0.805992100 -0.982981300 0.100642200 -0.153684300 18.922310000
0.000000000 0.864009615 1.497616667 0.729799038 0.000131523 0.000000000 0.000000000 -0.156515500 0.000342574 0.987675500 48.035590000 0.101606100 0.994699900 0.015756340 -0.790753000 -0.982435300 0.102819900 -0.155720700 18.699440000
0.000000000 0.864009615 1.497616667 0.729799038 0.000131523 0.000000000 0.000000000 -0.157524100 0.000873982 0.987514800 49.442010000 0.101335100 0.994734900 0.015284160 -0.776593000 -0.982302000 0.102477500 -0.156783300 18.473180000
0.000000000 0.864009615 1.497616667 0.729799038 0.000131523 0.000000000 0.000000000 -0.158066200 0.001736308 0.987427000 50.871250000 0.103393000 0.994530400 0.014802230 -0.761208800 -0.982000400 0.104432800 -0.157381200 18.239940000
0.000000000 0.864009615 1.497616667 0.729799038 0.000131523 0.000000000 0.000000000 -0.158147500 0.002246276 0.987413000 52.316340000 0.102920900 0.994587800 0.014221560 -0.748866100 -0.982037000 0.103874500 -0.157522700 18.005710000
0.000000000 0.864009615 1.497616667 0.729799038 0.000131523 0.000000000 0.000000000 -0.157622700 0.003491308 0.987493300 53.784140000 0.102974000 0.994600100 0.012920160 -0.738559300 -0.982115800 0.103722600 -0.157131000 17.768220000
0.000000000 0.864009615 1.497616667 0.729799038 0.000131523 0.000000000 0.000000000 -0.156435300 0.003535458 0.987681900 55.275610000 0.103315800 0.994566200 0.012803690 -0.728246400 -0.982269700 0.104046000 -0.155950500 17.528650000
0.000000000 0.864009615 1.497616667 0.729799038 0.000131523 0.000000000 0.000000000 -0.154945300 0.002303011 0.987920400 56.786900000 0.102408100 0.994647500 0.013742970 -0.719321600 -0.982600900 0.103300400 -0.154351800 17.289470000
0.000000000 0.864009615 1.497616667 0.729799038 0.000131523 0.000000000 0.000000000 -0.153808400 0.003054216 0.988096000 58.319700000 0.103384300 0.994556300 0.013018750 -0.709022900 -0.982677300 0.104156000 -0.153286900 17.046980000
0.000000000 0.864009615 1.497616667 0.729799038 0.000131523 0.000000000 0.000000000 -0.152599700 0.003933834 0.988280300 59.870040000 0.103311400 0.994576700 0.011993340 -0.698229400 -0.982873300 0.103930800 -0.152178500 16.805550000
0.000000000 0.864009615 1.497616667 0.729799038 0.000131523 0.000000000 0.000000000 -0.151631600 0.004600354 0.988426400 61.449320000 0.104317900 0.994478900 0.011374580 -0.689853800 -0.982916900 0.104835300 -0.151274400 16.560090000
0.000000000 0.864009615 1.497616667 0.729799038 0.000131523 0.000000000 0.000000000 -0.150587600 0.004530984 0.988586300 63.045640000 0.103879800 0.994526000 0.011265400 -0.682234000 -0.983123700 0.104390600 -0.150233900 16.314830000
0.000000000 0.864009615 1.497616667 0.729799038 0.000131523 0.000000000 0.000000000 -0.149636500 0.002801779 0.988737100 64.661460000 0.105638100 0.994317400 0.013169780 -0.674294500 -0.983081600 0.106419000 -0.149082100 16.065550000
0.000000000 0.864009615 1.497616667 0.729799038 0.000131523 0.000000000 0.000000000 -0.148950200 0.001053388 0.988844200 66.292730000 0.106919000 0.994153900 0.015046230 -0.665932000 -0.983047300 0.107967400 -0.148192100 15.814290000
0.000000000 0.864009615 1.497616667 0.729799038 0.000131523 0.000000000 0.000000000 -0.148174100 0.001587223 0.988960000 67.933580000 0.108450300 0.993993800 0.014653610 -0.656659500 -0.982996900 0.109424300 -0.147456300 15.564290000
0.000000000 0.864009615 1.497616667 0.729799038 0.000131523 0.000000000 0.000000000 -0.147109400 0.003907489 0.989112500 69.591460000 0.110843100 0.993758500 0.012559700 -0.649547900 -0.982889900 0.111484000 -0.146624300 15.310650000
0.000000000 0.864009615 1.497616667 0.729799038 0.000131523 0.000000000 0.000000000 -0.146465000 0.003603548 0.989209300 71.263480000 0.110115400 0.993837900 0.012683560 -0.645550100 -0.983067900 0.110784800 -0.145959200 15.060480000
0.000000000 0.864009615 1.497616667 0.729799038 0.000131523 0.000000000 0.000000000 -0.146260400 0.003233250 0.989240900 72.949570000 0.110510500 0.993788700 0.013090990 -0.641150900 -0.983054000 0.111236200 -0.145709200 14.807080000
0.000000000 0.864009615 1.497616667 0.729799038 0.000131523 0.000000000 0.000000000 -0.146036100 0.001690015 0.989277800 74.656790000 0.109832500 0.993844100 0.014515530 -0.635142500 -0.983163400 0.110774600 -0.145322700 14.553820000
0.000000000 0.864009615 1.497616667 0.729799038 0.000131523 0.000000000 0.000000000 -0.145635800 0.001966691 0.989336300 76.375830000 0.111686200 0.993638200 0.014465570 -0.626639300 -0.983013900 0.112601900 -0.144928900 14.295830000
0.000000000 0.864009615 1.497616667 0.729799038 0.000131523 0.000000000 0.000000000 -0.145620400 0.002152571 0.989338200 78.112070000 0.112367900 0.993562600 0.014377620 -0.619273300 -0.982938500 0.113263500 -0.144924800 14.037650000
0.000000000 0.864009615 1.497616667 0.729799038 0.000131523 0.000000000 0.000000000 -0.145604300 0.003177492 0.989337800 79.864170000 0.112856600 0.993520700 0.013418560 -0.612184900 -0.982884900 0.113607100 -0.145019400 13.776110000
0.000000000 0.864009615 1.497616667 0.729799038 0.000131523 0.000000000 0.000000000 -0.145936900 0.003866772 0.989286400 81.626560000 0.112329900 0.993589900 0.012687010 -0.606953300 -0.982895900 0.112977900 -0.145435800 13.514710000
0.000000000 0.864009615 1.497616667 0.729799038 0.000131523 0.000000000 0.000000000 -0.147060400 0.004142622 0.989118900 83.403150000 0.111211700 0.993719700 0.012372850 -0.603744900 -0.982855600 0.111821100 -0.146597500 13.249300000
0.000000000 0.864009615 1.497616667 0.729799038 0.000131523 0.000000000 0.000000000 -0.148234100 0.004952492 0.988939900 85.193770000 0.110607800 0.993796400 0.011602400 -0.601808000 -0.982747400 0.111104300 -0.147862300 12.980000000
0.000000000 0.864009615 1.497616667 0.729799038 0.000131523 0.000000000 0.000000000 -0.149242300 0.004338053 0.988791200 87.005380000 0.109467100 0.993916000 0.012161770 -0.599481600 -0.982722600 0.110055100 -0.148809100 12.707110000