0 0.493609610 0.877528192 0.500000000 0.500000000 0.000000000 0.000000000 0.888262391 0.035254821 -0.457981408 1.311755948 -0.042717475 0.999069512 -0.005944151 0.028764294 0.457345724 0.024843777 0.888941884 -0.787010233
0 0.493609610 0.877528192 0.500000000 0.500000000 0.000000000 0.000000000 0.885611355 0.035755068 -0.463048756 1.319374697 -0.043377277 0.999041796 -0.005819260 0.027787682 0.462397009 0.025239397 0.886313677 -0.790457356
0 0.493609610 0.877528192 0.500000000 0.500000000 0.000000000 0.000000000 0.883039474 0.035629522 -0.467944235 1.327276711 -0.043461595 0.999037385 -0.005947458 0.027234829 0.467281878 0.025589442 0.883737981 -0.795765335
0 0.493609610 0.877528192 0.500000000 0.500000000 0.000000000 0.000000000 0.880415797 0.035867184 -0.472844094 1.334804733 -0.043807115 0.999023259 -0.005786957 0.025903922 0.472174674 0.025808863 0.881127119 -0.800115641
0 0.493609610 0.877528192 0.500000000 0.500000000 0.000000000 0.000000000 0.877821922 0.036866076 -0.477566302 1.342105136 -0.044540085 0.998996317 -0.004751567 0.021668404 0.476911813 0.025441874 0.878582835 -0.804713596
0 0.493609610 0.877528192 0.500000000 0.500000000 0.000000000 0.000000000 0.875567496 0.036642864 -0.481704116 1.347808685 -0.044705376 0.998986304 -0.005266418 0.022414010 0.481022865 0.026145870 0.876318097 -0.809636363
0 0.493609610 0.877528192 0.500000000 0.500000000 0.000000000 0.000000000 0.873286545 0.037322715 -0.485775292 1.352971845 -0.045335710 0.998960495 -0.004749413 0.019372613 0.485093057 0.026170565 0.874070823 -0.815047259
0 0.493609610 0.877528192 0.500000000 0.500000000 0.000000000 0.000000000 0.870961010 0.037736498 -0.489900947 1.358809347 -0.045812953 0.998939872 -0.004500507 0.017397916 0.489211768 0.026363574 0.871766508 -0.820712202
0 0.493609610 0.877528192 0.500000000 0.500000000 0.000000000 0.000000000 0.868714452 0.037772749 -0.493870854 1.365094372 -0.045856040 0.998938978 -0.004258469 0.015940558 0.493185997 0.026346354 0.869524837 -0.827347250
0 0.493609610 0.877528192 0.500000000 0.500000000 0.000000000 0.000000000 0.866781592 0.038102768 -0.497230172 1.369032757 -0.046158046 0.998926461 -0.003915852 0.013805921 0.496547192 0.026345361 0.867609799 -0.833923691
0 0.493609610 0.877528192 0.500000000 0.500000000 0.000000000 0.000000000 0.864263713 0.038065720 -0.501596630 1.375495179 -0.046358529 0.998916566 -0.004070037 0.013281412 0.500898302 0.026770867 0.865092039 -0.839038194
0 0.493609610 0.877528192 0.500000000 0.500000000 0.000000000 0.000000000 0.861728787 0.038554575 -0.505902231 1.382302216 -0.046825994 0.998896420 -0.003635638 0.011451277 0.505203724 0.026822308 0.862583160 -0.844376244
0 0.493609610 0.877528192 0.500000000 0.500000000 0.000000000 0.000000000 0.859496474 0.038728245 -0.509672403 1.388064223 -0.047530975 0.998860717 -0.004254860 0.013862017 0.508926988 0.027882265 0.860358000 -0.850193343
0 0.493609610 0.877528192 0.500000000 0.500000000 0.000000000 0.000000000 0.857533038 0.038788073 -0.512964487 1.393356328 -0.047775034 0.998848677 -0.004338029 0.014113443 0.512205660 0.028226899 0.858398855 -0.857084133
0 0.493609610 0.877528192 0.500000000 0.500000000 0.000000000 0.000000000 0.855796754 0.039253417 -0.515820801 1.397685844 -0.048220713 0.998828709 -0.003993030 0.013391631 0.515059888 0.028290469 0.856687188 -0.865120998
0 0.493609610 0.877528192 0.500000000 0.500000000 0.000000000 0.000000000 0.853940189 0.039368927 -0.518879771 1.402348405 -0.048619006 0.998808444 -0.004231627 0.015041159 0.518094897 0.028840976 0.854836762 -0.872086348
0 0.493609610 0.877528192 0.500000000 0.500000000 0.000000000 0.000000000 0.851915658 0.039485604 -0.522188246 1.406850719 -0.048612121 0.998810589 -0.003781756 0.013160816 0.521417856 0.028606417 0.852821827 -0.878745381
0 0.493609610 0.877528192 0.500000000 0.500000000 0.000000000 0.000000000 0.849786282 0.039663438 -0.525633037 1.411880458 -0.048920047 0.998795748 -0.003721060 0.013208934 0.524852455 0.028876098 0.850703299 -0.885762503
0 0.493609610 0.877528192 0.500000000 0.500000000 0.000000000 0.000000000 0.847406745 0.039439797 -0.529477417 1.418011485 -0.049003292 0.998790503 -0.004029681 0.014633081 0.528678060 0.029360915 0.848314464 -0.891622815
0 0.493609610 0.877528192 0.500000000 0.500000000 0.000000000 0.000000000 0.844950318 0.039547201 -0.533380687 1.423740438 -0.048709221 0.998808146 -0.003106237 0.011332329 0.532622159 0.028605174 0.845869601 -0.897151977
0 0.493609610 0.877528192 0.500000000 0.500000000 0.000000000 0.000000000 0.842684507 0.039571714 -0.536951542 1.428374997 -0.049137507 0.998785853 -0.003508230 0.013725102 0.536160767 0.029340791 0.843605816 -0.903274111
0 0.493609610 0.877528192 0.500000000 0.500000000 0.000000000 0.000000000 0.840365767 0.039881445 -0.540550530 1.434319771 -0.049004219 0.998795450 -0.002493868 0.010524229 0.539799929 0.028585017 0.841307878 -0.908659521
0 0.493609610 0.877528192 0.500000000 0.500000000 0.000000000 0.000000000 0.838238597 0.040102080 -0.543827057 1.438572701 -0.049438369 0.998773932 -0.002552719 0.011338913 0.543057919 0.029025711 0.839193404 -0.914480937
0 0.493609610 0.877528192 0.500000000 0.500000000 0.000000000 0.000000000 0.835860193 0.040141813 -0.547472656 1.443820794 -0.049835246 0.998753369 -0.002855903 0.012953657 0.546675563 0.029670572 0.836818695 -0.919210428
0 0.493609610 0.877528192 0.500000000 0.500000000 0.000000000 0.000000000 0.833431840 0.040460732 -0.551139116 1.449961916 -0.050070729 0.998742819 -0.002396263 0.011830982 0.550349295 0.029593060 0.834409893 -0.924027476
0 0.493609610 0.877528192 0.500000000 0.500000000 0.000000000 0.000000000 0.830856025 0.040594921 -0.555004776 1.457189152 -0.050120834 0.998741210 -0.001980845 0.009895973 0.554225743 0.029463101 0.831844807 -0.928698753
0 0.493609610 0.877528192 0.500000000 0.500000000 0.000000000 0.000000000 0.828489959 0.040533017 -0.558535039 1.462665686 -0.050599206 0.998715699 -0.002578130 0.011122930 0.557713270 0.030397387 0.829476893 -0.933242867
0 0.493609610 0.877528192 0.500000000 0.500000000 0.000000000 0.000000000 0.825918376 0.040695976 -0.562319040 1.469065038 -0.050645929 0.998714447 -0.002108666 0.008438369 0.561510324 0.030220756 0.826917708 -0.938122112
0 0.493609610 0.877528192 0.500000000 0.500000000 0.000000000 0.000000000 0.823477983 0.040857155 -0.565875173 1.475067152 -0.050774761 0.998708546 -0.001780439 0.007017109 0.565071642 0.030198328 0.824488997 -0.942689474
0 0.493609610 0.877528192 0.500000000 0.500000000 0.000000000 0.000000000 0.821032166 0.040971112 -0.569409847 1.481242960 -0.050929897 0.998700976 -0.001575656 0.005924646 0.568605602 0.030293649 0.822052300 -0.947856193
0 0.493609610 0.877528192 0.500000000 0.500000000 0.000000000 0.000000000 0.818277776 0.041129533 -0.573349655 1.489058451 -0.051424272 0.998675346 -0.001751615 0.005828089 0.572518170 0.030917399 0.819308877 -0.951778105
0 0.493609610 0.877528192 0.500000000 0.500000000 0.000000000 0.000000000 0.815313399 0.041259479 -0.577547967 1.497763598 -0.051527303 0.998670638 -0.001396023 0.003635218 0.576722622 0.030897684 0.816355526 -0.955770381
0 0.493609610 0.877528192 0.500000000 0.500000000 0.000000000 0.000000000 0.812570333 0.041459221 -0.581386745 1.504644988 -0.051351700 0.998680472 -0.000554452 0.000649321 0.580596626 0.030305730 0.813627124 -0.959677696
0 0.493609610 0.877528192 0.500000000 0.500000000 0.000000000 0.000000000 0.809995711 0.041825682 -0.584942341 1.511835505 -0.051741652 0.998660445 -0.000240814 0.000724831 0.584148705 0.030460941 0.811074853 -0.963666233
0 0.493609610 0.877528192 0.500000000 0.500000000 0.000000000 0.000000000 0.807398558 0.042058378 -0.588505387 1.520059589 -0.051897090 0.998652399 0.000170032 -0.000937435 0.587719500 0.030404435 0.808493257 -0.967940695
0 0.493609610 0.877528192 0.500000000 0.500000000 0.000000000 0.000000000 0.804900825 0.042113189 -0.591913104 1.526560797 -0.052252371 0.998633921 -0.000003918 -0.000621284 0.591104388 0.030932019 0.806001782 -0.972554732
0 0.493609610 0.877528192 0.500000000 0.500000000 0.000000000 0.000000000 0.802137017 0.042113338 -0.595653176 1.535614028 -0.052526556 0.998619497 -0.000131443 0.000449771 0.594825327 0.031393044 0.803241730 -0.975854626
0 0.493609610 0.877528192 0.500000000 0.500000000 0.000000000 0.000000000 0.799419165 0.042169899 -0.599291861 1.542736277 -0.052489869 0.998621404 0.000250890 -0.000024312 0.598476231 0.031256184 0.800530612 -0.979365716
0 0.493609610 0.877528192 0.500000000 0.500000000 0.000000000 0.000000000 0.796347022 0.042445477 -0.603348792 1.551816977 -0.052418880 0.998624623 0.001066515 -0.002548009 0.602564216 0.030777553 0.797476709 -0.981913732
0 0.493609610 0.877528192 0.500000000 0.500000000 0.000000000 0.000000000 0.793713689 0.042433988 -0.606809616 1.558852884 -0.052665353 0.998611748 0.000945716 -0.001260701 0.606007397 0.031207215 0.794846654 -0.985198658
0 0.493609610 0.877528192 0.500000000 0.500000000 0.000000000 0.000000000 0.790561378 0.042608462 -0.610898733 1.567957634 -0.052825842 0.998602927 0.001288043 -0.001408029 0.610100091 0.031252962 0.791707695 -0.987377289
0 0.493609610 0.877528192 0.500000000 0.500000000 0.000000000 0.000000000 0.787313342 0.042716987 -0.615071535 1.576384711 -0.052816570 0.998602688 0.001746316 -0.002458503 0.614286721 0.031111069 0.788469374 -0.988659833
0 0.493609610 0.877528192 0.500000000 0.500000000 0.000000000 0.000000000 0.783759892 0.042857893 -0.619583428 1.585020952 -0.053085808 0.998588085 0.001922021 -0.002944296 0.618790984 0.031384684 0.784928441 -0.989104959
0 0.493609610 0.877528192 0.500000000 0.500000000 0.000000000 0.000000000 0.780184925 0.043043345 -0.624066293 1.593547435 -0.053431213 0.998569369 0.002075963 -0.002970687 0.623262882 0.031724986 0.781368613 -0.989164857
0 0.493609610 0.877528192 0.500000000 0.500000000 0.000000000 0.000000000 0.776491821 0.043324716 -0.628636122 1.602461701 -0.053601697 0.998558998 0.002610417 -0.004199797 0.627843320 0.031668998 0.777695179 -0.989398028
0 0.493609610 0.877528192 0.500000000 0.500000000 0.000000000 0.000000000 0.772604108 0.043576367 -0.633390844 1.611139604 -0.053789366 0.998547554 0.003086860 -0.005359006 0.632605374 0.031684775 0.773825884 -0.988808957
0 0.493609610 0.877528192 0.500000000 0.500000000 0.000000000 0.000000000 0.769029856 0.043561891 -0.637726724 1.618938396 -0.053902693 0.998541057 0.003207569 -0.005689001 0.636936069 0.031908475 0.770255983 -0.989002591
0 0.493609610 0.877528192 0.500000000 0.500000000 0.000000000 0.000000000 0.765112460 0.043907352 -0.642397940 1.627720658 -0.054138169 0.998526335 0.003768478 -0.007468466 0.641616702 0.031894937 0.766362011 -0.988557622
0 0.493609610 0.877528192 0.500000000 0.500000000 0.000000000 0.000000000 0.761274159 0.043878023 -0.646943867 1.635198208 -0.054504186 0.998507082 0.003585918 -0.006734272 0.646135390 0.032531284 0.762529194 -0.987357276
0 0.493609610 0.877528192 0.500000000 0.500000000 0.000000000 0.000000000 0.757372439 0.044261597 -0.651481330 1.643655912 -0.054663576 0.998495638 0.004289192 -0.009310704 0.650691092 0.032363784 0.758652508 -0.986737984
0 0.493609610 0.877528192 0.500000000 0.500000000 0.000000000 0.000000000 0.753482878 0.044450667 -0.655963123 1.651773494 -0.054968398 0.998477876 0.004520464 -0.010169195 0.655165613 0.032651152 0.754779398 -0.986119957
0 0.493609610 0.877528192 0.500000000 0.500000000 0.000000000 0.000000000 0.749537647 0.044385243 -0.660472035 1.659639798 -0.055334009 0.998458624 0.004302843 -0.009295086 0.659644961 0.033321422 0.750838339 -0.984850377
0 0.493609610 0.877528192 0.500000000 0.500000000 0.000000000 0.000000000 0.745371282 0.044950891 -0.665132403 1.668234675 -0.055296846 0.998454750 0.005509805 -0.014524107 0.664352298 0.032672875 0.746705115 -0.983549724
0 0.493609610 0.877528192 0.500000000 0.500000000 0.000000000 0.000000000 0.741611898 0.045096759 -0.669311643 1.675452246 -0.055889789 0.998422623 0.005344430 -0.014142632 0.668496907 0.033444192 0.742962539 -0.983454370
0 0.493609610 0.877528192 0.500000000 0.500000000 0.000000000 0.000000000 0.737547576 0.045281682 -0.673775256 1.683263161 -0.055846229 0.998421550 0.005967795 -0.017288377 0.672981977 0.033226274 0.738912225 -0.982873987
0 0.493609610 0.877528192 0.500000000 0.500000000 0.000000000 0.000000000 0.733515382 0.045739502 -0.678132057 1.690915366 -0.056137186 0.998401105 0.006619479 -0.020002191 0.677350581 0.033212934 0.734910250 -0.982348536
0 0.493609610 0.877528192 0.500000000 0.500000000 0.000000000 0.000000000 0.729446352 0.045757700 -0.682505906 1.698151009 -0.056458637 0.998383164 0.006593599 -0.020338049 0.681704104 0.033723678 0.730850339 -0.981741200
0 0.493609610 0.877528192 0.500000000 0.500000000 0.000000000 0.000000000 0.725380778 0.045927942 -0.686813891 1.706022279 -0.057021752 0.998351514 0.006537065 -0.019599616 0.685981929 0.034421470 0.726803899 -0.980803039
0 0.493609610 0.877528192 0.500000000 0.500000000 0.000000000 0.000000000 0.721664190 0.046183657 -0.690701008 1.712293272 -0.057053525 0.998345554 0.007143129 -0.021287015 0.689888179 0.034251988 0.723105133 -0.981427442
0 0.493609610 0.877528192 0.500000000 0.500000000 0.000000000 0.000000000 0.717006981 0.046294536 -0.695527017 1.721444639 -0.057500217 0.998319745 0.007172534 -0.020464038 0.694690406 0.034850195 0.718464136 -0.979705510
0 0.493609610 0.877528192 0.500000000 0.500000000 0.000000000 0.000000000 0.712842345 0.046609275 -0.699773788 1.728259440 -0.057896655 0.998294294 0.007514696 -0.020789360 0.698930442 0.035157770 0.714324951 -0.979050201
0 0.493609610 0.877528192 0.500000000 0.500000000 0.000000000 0.000000000 0.708770931 0.046906084 -0.703877509 1.735869883 -0.058127318 0.998277187 0.007993323 -0.021338281 0.703039825 0.035249077 0.710276365 -0.978739747
0 0.493609610 0.877528192 0.500000000 0.500000000 0.000000000 0.000000000 0.704993427 0.047240596 -0.707638800 1.742990761 -0.058512982 0.998251736 0.008347115 -0.020866375 0.706795990 0.035521392 0.706525087 -0.978939331
0 0.493609610 0.877528192 0.500000000 0.500000000 0.000000000 0.000000000 0.701144040 0.047359131 -0.711445093 1.749775865 -0.058768187 0.998235166 0.008532758 -0.020445955 0.710593641 0.035827648 0.702689826 -0.978724552
0 0.493609610 0.877528192 0.500000000 0.500000000 0.000000000 0.000000000 0.696684957 0.047460094 -0.715805590 1.757639879 -0.059119258 0.998213470 0.008644544 -0.019570335 0.714937091 0.036295369 0.698246121 -0.976948425
0 0.493609610 0.877528192 0.500000000 0.500000000 0.000000000 0.000000000 0.692389667 0.047749948 -0.719941974 1.765261373 -0.059196770 0.998203278 0.009274244 -0.020322497 0.719091296 0.036196850 0.693972290 -0.975555409
0 0.493609610 0.877528192 0.500000000 0.500000000 0.000000000 0.000000000 0.688048601 0.047910765 -0.724081278 1.773606783 -0.059446078 0.998185754 0.009559773 -0.019735179 0.723225594 0.036466204 0.689648390 -0.973871112
0 0.493609610 0.877528192 0.500000000 0.500000000 0.000000000 0.000000000 0.683965564 0.048023395 -0.727931917 1.780383873 -0.059468389 0.998180330 0.009975769 -0.020388285 0.727086365 0.036465853 0.685576856 -0.972938348
0 0.493609610 0.877528192 0.500000000 0.500000000 0.000000000 0.000000000 0.679604948 0.048071407 -0.732001543 1.788299580 -0.059616774 0.998169184 0.010201539 -0.020000405 0.731151819 0.036706556 0.681226611 -0.970912405
0 0.493609610 0.877528192 0.500000000 0.500000000 0.000000000 0.000000000 0.675369859 0.048188917 -0.735903084 1.795941608 -0.059743065 0.998158216 0.010533315 -0.019982345 0.735055327 0.036851224 0.677004933 -0.969185537
0 0.493609610 0.877528192 0.500000000 0.500000000 0.000000000 0.000000000 0.671216667 0.048305422 -0.739685535 1.803299531 -0.059968445 0.998142183 0.010766548 -0.019438324 0.738831460 0.037131108 0.672866523 -0.967674803
0 0.493609610 0.877528192 0.500000000 0.500000000 0.000000000 0.000000000 0.666965544 0.048464466 -0.743510723 1.810837046 -0.060156621 0.998127282 0.011097770 -0.019513382 0.742656171 0.037325263 0.668631911 -0.965562790
0 0.493609610 0.877528192 0.500000000 0.500000000 0.000000000 0.000000000 0.662525535 0.048301209 -0.747480333 1.818783330 -0.060208283 0.998123765 0.011132143 -0.018620889 0.746615589 0.037629180 0.664190650 -0.962878625
0 0.493609610 0.877528192 0.500000000 0.500000000 0.000000000 0.000000000 0.658372045 0.048426274 -0.751133263 1.826128559 -0.060398947 0.998109102 0.011409062 -0.018216030 0.750265419 0.037856251 0.660052061 -0.960911144
0 0.493609610 0.877528192 0.500000000 0.500000000 0.000000000 0.000000000 0.654409409 0.048598211 -0.754577100 1.833356713 -0.060367022 0.998104990 0.011929030 -0.018823768 0.753726840 0.037745100 0.656102955 -0.959181259
0 0.493609610 0.877528192 0.500000000 0.500000000 0.000000000 0.000000000 0.650185525 0.048667509 -0.758215189 1.841121567 -0.060533978 0.998092115 0.012155311 -0.018305213 0.757360160 0.037994575 0.651891112 -0.956786156
0 0.493609610 0.877528192 0.500000000 0.500000000 0.000000000 0.000000000 0.645878375 0.048796441 -0.761879265 1.848874717 -0.060607761 0.998082817 0.012544833 -0.018389227 0.761030793 0.038073361 0.647597551 -0.954200177
0 0.493609610 0.877528192 0.500000000 0.500000000 0.000000000 0.000000000 0.641565382 0.048907377 -0.765507638 1.856962813 -0.060750961 0.998070240 0.012850665 -0.018077672 0.764658868 0.038260784 0.643298447 -0.951348292
0 0.493609610 0.877528192 0.500000000 0.500000000 0.000000000 0.000000000 0.637078285 0.048956592 -0.769242823 1.865212375 -0.060920008 0.998057127 0.013065653 -0.018048364 0.768387914 0.038538434 0.638822973 -0.948092765
0 0.493609610 0.877528192 0.500000000 0.500000000 0.000000000 0.000000000 0.632466793 0.048939403 -0.773039877 1.873482642 -0.061093174 0.998044789 0.013200240 -0.017931254 0.772174478 0.038878750 0.634220064 -0.944632825
0 0.493609610 0.877528192 0.500000000 0.500000000 0.000000000 0.000000000 0.627370417 0.049015973 -0.777176797 1.883213575 -0.061208278 0.998033226 0.013535281 -0.018115787 0.776311755 0.039078020 0.629136741 -0.940024767
