0 0.531530828 0.944943755 0.500000000 0.500000000 0.000000000 0.000000000 0.998108864 -0.056173753 0.024964845 0.275309326 0.056012079 0.998404622 0.007129375 0.300495656 -0.025325501 -0.005717559 0.999662936 -1.516227187
0 0.531530828 0.944943755 0.500000000 0.500000000 0.000000000 0.000000000 0.998163998 -0.055803727 0.023550237 0.283631561 0.055662703 0.998427808 0.006602413 0.304304324 -0.023881650 -0.005279421 0.999700844 -1.531268583
0 0.531530828 0.944943755 0.500000000 0.500000000 0.000000000 0.000000000 0.998219252 -0.055532437 0.021783302 0.292640088 0.055400018 0.998442173 0.006636462 0.305801608 -0.022117907 -0.005417849 0.999740660 -1.545863873
0 0.531530828 0.944943755 0.500000000 0.500000000 0.000000000 0.000000000 0.998296916 -0.054965887 0.019545082 0.304190587 0.054849204 0.998473763 0.006457147 0.307774651 -0.019870173 -0.005374118 0.999788105 -1.557681705
0 0.531530828 0.944943755 0.500000000 0.500000000 0.000000000 0.000000000 0.998372972 -0.054158393 0.017840778 0.313606438 0.054062545 0.998520613 0.005812014 0.311957547 -0.018129153 -0.004838040 0.999823928 -1.571867899
0 0.531530828 0.944943755 0.500000000 0.500000000 0.000000000 0.000000000 0.998421609 -0.053790901 0.016152009 0.321863831 0.053714994 0.998543322 0.005097424 0.316965053 -0.016402677 -0.004221773 0.999856532 -1.584445364
0 0.531530828 0.944943755 0.500000000 0.500000000 0.000000000 0.000000000 0.998514235 -0.052495338 0.014613404 0.330741809 0.052436918 0.998614728 0.004352815 0.320723789 -0.014821663 -0.003580066 0.999883771 -1.598585561
0 0.531530828 0.944943755 0.500000000 0.500000000 0.000000000 0.000000000 0.998546541 -0.052384853 0.012674595 0.340971951 0.052331418 0.998619556 0.004511656 0.322310952 -0.012893442 -0.003841819 0.999909520 -1.613259716
0 0.531530828 0.944943755 0.500000000 0.500000000 0.000000000 0.000000000 0.998596728 -0.051901586 0.010528266 0.352499544 0.051853847 0.998643339 0.004757915 0.322819530 -0.010760927 -0.004205307 0.999933243 -1.626280508
0 0.531530828 0.944943755 0.500000000 0.500000000 0.000000000 0.000000000 0.998657048 -0.051097382 0.008555458 0.362188476 0.051058896 0.998684764 0.004658309 0.325300746 -0.008782233 -0.004215221 0.999952555 -1.638200578
0 0.531530828 0.944943755 0.500000000 0.500000000 0.000000000 0.000000000 0.998704851 -0.050475366 0.006396266 0.373061937 0.050450645 0.998718679 0.003969210 0.328959238 -0.006588417 -0.003641373 0.999971688 -1.648779056
0 0.531530828 0.944943755 0.500000000 0.500000000 0.000000000 0.000000000 0.998724461 -0.050266642 0.004770769 0.381520558 0.050251789 0.998731494 0.003183892 0.334935100 -0.004924761 -0.002940091 0.999983549 -1.662792741
0 0.531530828 0.944943755 0.500000000 0.500000000 0.000000000 0.000000000 0.998750746 -0.049865879 0.003213500 0.390433488 0.049858570 0.998753607 0.002315820 0.340816254 -0.003324975 -0.002152706 0.999992132 -1.676128230
0 0.531530828 0.944943755 0.500000000 0.500000000 0.000000000 0.000000000 0.998819530 -0.048549570 0.001589896 0.400762779 0.048546739 0.998819351 0.001773832 0.344389338 -0.001674138 -0.001694554 0.999997139 -1.689505858
0 0.531530828 0.944943755 0.500000000 0.500000000 0.000000000 0.000000000 0.998811781 -0.048734102 -0.000113265 0.409633005 0.048734214 0.998806775 0.003157603 0.340040045 -0.000040753 -0.003159371 0.999994993 -1.703984246
0 0.531530828 0.944943755 0.500000000 0.500000000 0.000000000 0.000000000 0.998845577 -0.048004657 -0.001760948 0.419473042 0.048010055 0.998841822 0.003162832 0.341875387 0.001607078 -0.003243724 0.999993443 -1.718375030
0 0.531530828 0.944943755 0.500000000 0.500000000 0.000000000 0.000000000 0.998891354 -0.046982445 -0.002957751 0.428588069 0.046993315 0.998888254 0.003719038 0.340443438 0.002779733 -0.003853909 0.999988735 -1.734855030
0 0.531530828 0.944943755 0.500000000 0.500000000 0.000000000 0.000000000 0.998857796 -0.047606550 -0.004085110 0.435656273 0.047622483 0.998857796 0.003895735 0.343642534 0.003894981 -0.004085828 0.999984086 -1.748638023
0 0.531530828 0.944943755 0.500000000 0.500000000 0.000000000 0.000000000 0.998876929 -0.047096319 -0.005182212 0.443108881 0.047117699 0.998880982 0.004083449 0.344429969 0.004984098 -0.004323037 0.999978244 -1.763113222
0 0.531530828 0.944943755 0.500000000 0.500000000 0.000000000 0.000000000 0.998894036 -0.046696462 -0.005493324 0.447143097 0.046715803 0.998902261 0.003446819 0.350073946 0.005326340 -0.003699632 0.999978960 -1.777486142
0 0.531530828 0.944943755 0.500000000 0.500000000 0.000000000 0.000000000 0.998944223 -0.045458991 -0.006630826 0.455455038 0.045488071 0.998955607 0.004302891 0.346707983 0.006428296 -0.004599972 0.999968767 -1.792776410
0 0.531530828 0.944943755 0.500000000 0.500000000 0.000000000 0.000000000 0.998972118 -0.044831481 -0.006699323 0.458127912 0.044864856 0.998980939 0.004916979 0.345816008 0.006472060 -0.005212489 0.999965489 -1.806965416
0 0.531530828 0.944943755 0.500000000 0.500000000 0.000000000 0.000000000 0.998963833 -0.044822488 -0.007883825 0.466377089 0.044862512 0.998980761 0.004975212 0.348886305 0.007652788 -0.005323745 0.999956548 -1.822113099
0 0.531530828 0.944943755 0.500000000 0.500000000 0.000000000 0.000000000 0.998979986 -0.044300236 -0.008745642 0.472724904 0.044348747 0.999001324 0.005433040 0.348484728 0.008496223 -0.005815356 0.999947011 -1.835215301
0 0.531530828 0.944943755 0.500000000 0.500000000 0.000000000 0.000000000 0.999010026 -0.043651748 -0.008572262 0.474649333 0.043703657 0.999026716 0.005964134 0.348091011 0.008303574 -0.006332869 0.999945462 -1.849922369
0 0.531530828 0.944943755 0.500000000 0.500000000 0.000000000 0.000000000 0.999023736 -0.043134473 -0.009542088 0.481797544 0.043200631 0.999042988 0.006839539 0.346411593 0.009237936 -0.007245086 0.999931097 -1.864345520
0 0.531530828 0.944943755 0.500000000 0.500000000 0.000000000 0.000000000 0.999051869 -0.042357635 -0.010057127 0.486999879 0.042441115 0.999064982 0.008237435 0.341562072 0.009698805 -0.008656462 0.999915481 -1.879141819
0 0.531530828 0.944943755 0.500000000 0.500000000 0.000000000 0.000000000 0.999063730 -0.042005941 -0.010352986 0.490656096 0.042089049 0.999082267 0.007944247 0.345663779 0.010009780 -0.008372556 0.999914825 -1.892667165
0 0.531530828 0.944943755 0.500000000 0.500000000 0.000000000 0.000000000 0.999062896 -0.042077832 -0.010139410 0.491308359 0.042165108 0.999074042 0.008553200 0.345766632 0.009770122 -0.008972715 0.999912024 -1.905905239
0 0.531530828 0.944943755 0.500000000 0.500000000 0.000000000 0.000000000 0.999121666 -0.040636983 -0.010225640 0.495237876 0.040737387 0.999121726 0.009809837 0.340506013 0.009818017 -0.010217786 0.999899626 -1.920740698
0 0.531530828 0.944943755 0.500000000 0.500000000 0.000000000 0.000000000 0.999101937 -0.040870525 -0.011177339 0.502988524 0.040992089 0.999100327 0.010872043 0.338308178 0.010722936 -0.011320462 0.999878407 -1.936541013
0 0.531530828 0.944943755 0.500000000 0.500000000 0.000000000 0.000000000 0.999126554 -0.040304311 -0.011029215 0.505230479 0.040434886 0.999111474 0.011883776 0.335810713 0.010540448 -0.012319362 0.999868572 -1.950750801
0 0.531530828 0.944943755 0.500000000 0.500000000 0.000000000 0.000000000 0.999125123 -0.040147714 -0.011712075 0.511745872 0.040283073 0.999121428 0.011559406 0.339688937 0.011237701 -0.012021092 0.999864578 -1.964470365
0 0.531530828 0.944943755 0.500000000 0.500000000 0.000000000 0.000000000 0.999113500 -0.040101163 -0.012812457 0.519867791 0.040253211 0.999119401 0.011838214 0.340879679 0.012326447 -0.012343463 0.999847829 -1.978247132
0 0.531530828 0.944943755 0.500000000 0.500000000 0.000000000 0.000000000 0.999141812 -0.039219651 -0.013319740 0.525680323 0.039373711 0.999158263 0.011507773 0.343868924 0.012857198 -0.012022344 0.999845088 -1.991953727
0 0.531530828 0.944943755 0.500000000 0.500000000 0.000000000 0.000000000 0.999143302 -0.038923677 -0.014058001 0.531935010 0.039085418 0.999170601 0.011419605 0.346211081 0.013601849 -0.011959285 0.999835968 -2.004656313
0 0.531530828 0.944943755 0.500000000 0.500000000 0.000000000 0.000000000 0.999178231 -0.037989110 -0.014131130 0.534416099 0.038153023 0.999205530 0.011516476 0.346934144 0.013682403 -0.012046157 0.999833822 -2.016363028
0 0.531530828 0.944943755 0.500000000 0.500000000 0.000000000 0.000000000 0.999170125 -0.037581831 -0.015704906 0.543702705 0.037755653 0.999227285 0.010922007 0.351422689 0.015282301 -0.011505893 0.999817014 -2.027443517
0 0.531530828 0.944943755 0.500000000 0.500000000 0.000000000 0.000000000 0.999103367 -0.038970221 -0.016546693 0.549248318 0.039142273 0.999181569 0.010204623 0.358705185 0.016135475 -0.010843148 0.999810994 -2.038889430
0 0.531530828 0.944943755 0.500000000 0.500000000 0.000000000 0.000000000 0.999034524 -0.039976235 -0.018218551 0.559154342 0.040147912 0.999151766 0.009156760 0.366893724 0.017837044 -0.009879356 0.999792099 -2.051570584
0 0.531530828 0.944943755 0.500000000 0.500000000 0.000000000 0.000000000 0.999067128 -0.038996018 -0.018551668 0.563041607 0.039163142 0.999194682 0.008732197 0.369279724 0.018196207 -0.009450593 0.999789774 -2.062719085
0 0.531530828 0.944943755 0.500000000 0.500000000 0.000000000 0.000000000 0.999034941 -0.039770108 -0.018642113 0.564651703 0.039911129 0.999176919 0.007254603 0.379281229 0.018338252 -0.007991630 0.999799907 -2.072141747
0 0.531530828 0.944943755 0.500000000 0.500000000 0.000000000 0.000000000 0.999088645 -0.038379632 -0.018679293 0.568862143 0.038518950 0.999232233 0.007156603 0.380427652 0.018390285 -0.007869587 0.999799907 -2.086226608
0 0.531530828 0.944943755 0.500000000 0.500000000 0.000000000 0.000000000 0.999061584 -0.038865093 -0.019115392 0.573396258 0.038990859 0.999220014 0.006251071 0.387483032 0.018857535 -0.006990531 0.999797761 -2.098073462
0 0.531530828 0.944943755 0.500000000 0.500000000 0.000000000 0.000000000 0.999075949 -0.038653400 -0.018794196 0.575648968 0.038762227 0.999233544 0.005461008 0.393191108 0.018568704 -0.006184467 0.999808431 -2.112790734
0 0.531530828 0.944943755 0.500000000 0.500000000 0.000000000 0.000000000 0.999007285 -0.039936606 -0.019734837 0.581179102 0.040026814 0.999189794 0.004197259 0.402946512 0.019551223 -0.004983015 0.999796450 -2.123275324
0 0.531530828 0.944943755 0.500000000 0.500000000 0.000000000 0.000000000 0.998956501 -0.040478449 -0.021152960 0.590671795 0.040566836 0.999169707 0.003766021 0.407752079 0.020982955 -0.004620199 0.999769151 -2.135546888
0 0.531530828 0.944943755 0.500000000 0.500000000 0.000000000 0.000000000 0.999007285 -0.038591266 -0.022253327 0.599224697 0.038686514 0.999243915 0.003865395 0.406781970 0.022087332 -0.004722461 0.999744892 -2.146680117
0 0.531530828 0.944943755 0.500000000 0.500000000 0.000000000 0.000000000 0.998973727 -0.038696624 -0.023538500 0.607111921 0.038777415 0.999243438 0.002985461 0.412990994 0.023405164 -0.003895159 0.999718487 -2.158923656
0 0.531530828 0.944943755 0.500000000 0.500000000 0.000000000 0.000000000 0.998984754 -0.038175642 -0.023917057 0.610641577 0.038258944 0.999263227 0.003034902 0.413829198 0.023783578 -0.003946862 0.999709368 -2.169922505
0 0.531530828 0.944943755 0.500000000 0.500000000 0.000000000 0.000000000 0.998966455 -0.037769552 -0.025287842 0.618941690 0.037866697 0.999277115 0.003373551 0.413159175 0.025142144 -0.004327632 0.999674499 -2.179710763
0 0.531530828 0.944943755 0.500000000 0.500000000 0.000000000 0.000000000 0.999013603 -0.036092743 -0.025867015 0.624112884 0.036195155 0.999338627 0.003501928 0.412137435 0.025723513 -0.004434735 0.999659240 -2.190064134
0 0.531530828 0.944943755 0.500000000 0.500000000 0.000000000 0.000000000 0.999042094 -0.034626257 -0.026756875 0.630438876 0.034739286 0.999389291 0.003770838 0.410758732 0.026609965 -0.004696741 0.999634862 -2.201361202
0 0.531530828 0.944943755 0.500000000 0.500000000 0.000000000 0.000000000 0.999056816 -0.034225710 -0.026721673 0.631448711 0.034333602 0.999403954 0.003589171 0.414014077 0.026582904 -0.004503237 0.999636471 -2.210247681
0 0.531530828 0.944943755 0.500000000 0.500000000 0.000000000 0.000000000 0.998987794 -0.034496974 -0.028868325 0.642552240 0.034583345 0.999398708 0.002497828 0.419940009 0.028764799 -0.003493663 0.999580085 -2.220101249
0 0.531530828 0.944943755 0.500000000 0.500000000 0.000000000 0.000000000 0.998979867 -0.033758834 -0.029993007 0.649528794 0.033849049 0.999423802 0.002505111 0.420732143 0.029891156 -0.003517790 0.999546945 -2.231149058
0 0.531530828 0.944943755 0.500000000 0.500000000 0.000000000 0.000000000 0.998970389 -0.032375675 -0.031780332 0.659518082 0.032483250 0.999468148 0.002874324 0.419057585 0.031670373 -0.003903693 0.999490738 -2.241915775
0 0.531530828 0.944943755 0.500000000 0.500000000 0.000000000 0.000000000 0.998924613 -0.031912506 -0.033633672 0.668762863 0.032025263 0.999483109 0.002818975 0.419850629 0.033526324 -0.003893070 0.999430239 -2.250953164
0 0.531530828 0.944943755 0.500000000 0.500000000 0.000000000 0.000000000 0.998923302 -0.030037733 -0.035354890 0.677934460 0.030178452 0.999538541 0.003453182 0.416163583 0.035234850 -0.004516419 0.999368846 -2.260702312
0 0.531530828 0.944943755 0.500000000 0.500000000 0.000000000 0.000000000 0.998832285 -0.030617366 -0.037371341 0.687157902 0.030747693 0.999522924 0.002917501 0.420375114 0.037264187 -0.004063177 0.999297202 -2.268147822
0 0.531530828 0.944943755 0.500000000 0.500000000 0.000000000 0.000000000 0.998761058 -0.029909479 -0.039770871 0.699400773 0.030053759 0.999543667 0.003034795 0.420564986 0.039661951 -0.004226299 0.999204218 -2.277619751
0 0.531530828 0.944943755 0.500000000 0.500000000 0.000000000 0.000000000 0.998738587 -0.027733766 -0.041857369 0.710039409 0.027930891 0.999601305 0.004131938 0.413950895 0.041726086 -0.005295840 0.999115050 -2.286262916
0 0.531530828 0.944943755 0.500000000 0.500000000 0.000000000 0.000000000 0.998645604 -0.026882729 -0.044544831 0.723311007 0.027114620 0.999621689 0.004609666 0.412066984 0.044404060 -0.005811239 0.998996735 -2.295451041
0 0.531530828 0.944943755 0.500000000 0.500000000 0.000000000 0.000000000 0.998496592 -0.027919671 -0.047169909 0.734242840 0.028160872 0.999593496 0.004456556 0.415013313 0.047026306 -0.005778201 0.998876929 -2.301714731
0 0.531530828 0.944943755 0.500000000 0.500000000 0.000000000 0.000000000 0.998374820 -0.026217327 -0.050600011 0.750531727 0.026512921 0.999635041 0.005179324 0.411009349 0.050445754 -0.006512461 0.998705566 -2.310043014
0 0.531530828 0.944943755 0.500000000 0.500000000 0.000000000 0.000000000 0.998226762 -0.026516728 -0.053293113 0.761107771 0.026821006 0.999627709 0.005002334 0.412950312 0.053140629 -0.006422839 0.998566389 -2.314738357
0 0.531530828 0.944943755 0.500000000 0.500000000 0.000000000 0.000000000 0.998052597 -0.025855314 -0.056767315 0.776572334 0.026185054 0.999644220 0.005072379 0.413450628 0.056615971 -0.006548957 0.998374522 -2.320926369
0 0.531530828 0.944943755 0.500000000 0.500000000 0.000000000 0.000000000 0.997861445 -0.024080126 -0.060767025 0.795150681 0.024458950 0.999685705 0.005497852 0.409931716 0.060615536 -0.006972392 0.998136818 -2.328227219
0 0.531530828 0.944943755 0.500000000 0.500000000 0.000000000 0.000000000 0.997604668 -0.024875276 -0.064545974 0.811929113 0.025203761 0.999673188 0.004279782 0.417752347 0.064418420 -0.005896332 0.997905552 -2.331765406
0 0.531530828 0.944943755 0.500000000 0.500000000 0.000000000 0.000000000 0.997288644 -0.023178032 -0.069843493 0.839263767 0.023564333 0.999711215 0.004712007 0.414304213 0.069714114 -0.006345047 0.997546852 -2.341102049
0 0.531530828 0.944943755 0.500000000 0.500000000 0.000000000 0.000000000 0.997210681 -0.022790695 -0.071073592 0.845927551 0.023162771 0.999721944 0.004415204 0.415869382 0.070953205 -0.006049150 0.997461319 -2.349891121
0 0.531530828 0.944943755 0.500000000 0.500000000 0.000000000 0.000000000 0.996923149 -0.023082532 -0.074909270 0.864288187 0.023383087 0.999721646 0.003137584 0.422837343 0.074815996 -0.004879540 0.997185409 -2.355972182
0 0.531530828 0.944943755 0.500000000 0.500000000 0.000000000 0.000000000 0.996559680 -0.023199819 -0.079565056 0.886454031 0.023413518 0.999724329 0.001753835 0.429713798 0.079502434 -0.003610699 0.996828139 -2.362657042
0 0.531530828 0.944943755 0.500000000 0.500000000 0.000000000 0.000000000 0.996279895 -0.022413088 -0.083210990 0.903369027 0.022538137 0.999745846 0.000563647 0.435261429 0.083177201 -0.002436970 0.996531785 -2.367531048
0 0.531530828 0.944943755 0.500000000 0.500000000 0.000000000 0.000000000 0.995807946 -0.024404235 -0.088153034 0.924867173 0.024325320 0.999702156 -0.001969531 0.450138556 0.088174842 -0.000183076 0.996105015 -2.369251676
0 0.531530828 0.944943755 0.500000000 0.500000000 0.000000000 0.000000000 0.995402038 -0.024987860 -0.092468224 0.944238576 0.024728719 0.999686420 -0.003947377 0.460447000 0.092537865 0.001642606 0.995707810 -2.373384399
0 0.531530828 0.944943755 0.500000000 0.500000000 0.000000000 0.000000000 0.994990468 -0.024202373 -0.096996248 0.967071023 0.023826258 0.999703467 -0.005034170 0.465502388 0.097089320 0.002697893 0.995272040 -2.380030514
0 0.531530828 0.944943755 0.500000000 0.500000000 0.000000000 0.000000000 0.994537473 -0.025375750 -0.101248823 0.985495238 0.024749232 0.999666035 -0.007439454 0.478519636 0.101403795 0.004892985 0.994833291 -2.383230636
0 0.531530828 0.944943755 0.500000000 0.500000000 0.000000000 0.000000000 0.994058490 -0.026275691 -0.105628148 1.004516003 0.025379764 0.999629676 -0.009817370 0.490641588 0.105846986 0.007078223 0.994357228 -2.386395065
0 0.531530828 0.944943755 0.500000000 0.500000000 0.000000000 0.000000000 0.993643165 -0.026368141 -0.109444007 1.022145933 0.025269059 0.999615490 -0.011417460 0.498345447 0.109702982 0.008579333 0.993927360 -2.391171100
0 0.531530828 0.944943755 0.500000000 0.500000000 0.000000000 0.000000000 0.993192494 -0.027048564 -0.113300912 1.040186818 0.025769329 0.999586701 -0.012740250 0.505160188 0.113598697 0.009733832 0.993479013 -2.396901915
