0.000000000 0.864009615 1.497616667 0.729799038 0.000131523 0.000000000 0.000000000 -0.882216700 0.035780170 -0.469482100 381.591500000 0.004964636 0.997759900 0.066712110 -46.755750000 0.470817400 0.056523730 -0.880418000 412.030100000
0.000000000 0.864009615 1.497616667 0.729799038 0.000131523 0.000000000 0.000000000 -0.881201000 0.035795020 -0.471384700 381.140200000 0.003393326 0.997582500 0.069408900 -46.706240000 0.472729600 0.059563630 -0.879192100 411.173000000
0.000000000 0.864009615 1.497616667 0.729799038 0.000131523 0.000000000 0.000000000 -0.880218200 0.036033310 -0.473199400 380.682000000 0.002729461 0.997481100 0.070879290 -46.659460000 0.474561500 0.061097650 -0.878099300 410.317100000
0.000000000 0.864009615 1.497616667 0.729799038 0.000131523 0.000000000 0.000000000 -0.879232700 0.035233940 -0.475087900 380.224100000 0.002824668 0.997629200 0.068759670 -46.608790000 0.476384200 0.059113780 -0.877247700 409.463100000
0.000000000 0.864009615 1.497616667 0.729799038 0.000131523 0.000000000 0.000000000 -0.878222400 0.034071720 -0.477037300 379.764600000 0.003054136 0.997838200 0.065646570 -46.555650000 0.478242800 0.056195340 -0.876427900 408.608700000
0.000000000 0.864009615 1.497616667 0.729799038 0.000131523 0.000000000 0.000000000 -0.877196700 0.034225860 -0.478909900 379.300400000 0.003320751 0.997864600 0.065231140 -46.503420000 0.480119800 0.055630190 -0.875437100 407.749700000
0.000000000 0.864009615 1.497616667 0.729799038 0.000131523 0.000000000 0.000000000 -0.876172300 0.035482520 -0.480690300 378.830100000 0.003563130 0.997736200 0.067154040 -46.454820000 0.481984900 0.057125740 -0.874315200 406.889400000
0.000000000 0.864009615 1.497616667 0.729799038 0.000131523 0.000000000 0.000000000 -0.875040800 0.037363190 -0.482605100 378.356000000 0.004347236 0.997582900 0.069350450 -46.405390000 0.484029800 0.058586460 -0.873088000 406.027100000
0.000000000 0.864009615 1.497616667 0.729799038 0.000131523 0.000000000 0.000000000 -0.873836100 0.037033520 -0.484808300 377.881600000 0.003580686 0.997558200 0.069747520 -46.355060000 0.486207400 0.059211950 -0.871834900 405.166800000
0.000000000 0.864009615 1.497616667 0.729799038 0.000131523 0.000000000 0.000000000 -0.872265800 0.036162820 -0.487693200 377.404400000 0.002867221 0.997623100 0.068846360 -46.302890000 0.489023700 0.058653990 -0.870296200 404.303400000
0.000000000 0.864009615 1.497616667 0.729799038 0.000131523 0.000000000 0.000000000 -0.870522300 0.036443800 -0.490777800 376.921900000 0.003743040 0.997715700 0.067448360 -46.251040000 0.492114800 0.056878290 -0.868670100 403.442500000
0.000000000 0.864009615 1.497616667 0.729799038 0.000131523 0.000000000 0.000000000 -0.868688700 0.036764440 -0.493992400 376.433100000 0.004978732 0.997839700 0.065507200 -46.201490000 0.495333500 0.054445900 -0.866995000 402.583600000
0.000000000 0.864009615 1.497616667 0.729799038 0.000131523 0.000000000 0.000000000 -0.866712300 0.036498650 -0.497471300 375.940700000 0.005039757 0.997909200 0.064434530 -46.152870000 0.498782900 0.053339060 -0.865084100 401.722300000
0.000000000 0.864009615 1.497616667 0.729799038 0.000131523 0.000000000 0.000000000 -0.864762400 0.036333160 -0.500865200 375.444200000 0.004847040 0.997936700 0.064022550 -46.106200000 0.502157900 0.052936570 -0.863154100 400.862900000
0.000000000 0.864009615 1.497616667 0.729799038 0.000131523 0.000000000 0.000000000 -0.862678300 0.039492750 -0.504208900 374.941300000 0.007331339 0.997818300 0.065611720 -46.055170000 0.505700000 0.052905270 -0.861085600 399.998900000
0.000000000 0.864009615 1.497616667 0.729799038 0.000131523 0.000000000 0.000000000 -0.860614800 0.042745280 -0.507459500 374.431300000 0.009392359 0.997633900 0.068105820 -46.005680000 0.509170000 0.053846620 -0.858979800 399.137000000
0.000000000 0.864009615 1.497616667 0.729799038 0.000131523 0.000000000 0.000000000 -0.858389100 0.044262370 -0.511086100 373.918400000 0.009457005 0.997466800 0.070501750 -45.954770000 0.512912000 0.055684580 -0.856633200 398.272300000
0.000000000 0.864009615 1.497616667 0.729799038 0.000131523 0.000000000 0.000000000 -0.856244700 0.046178670 -0.514502400 373.398200000 0.011617100 0.997465700 0.070193220 -45.902270000 0.516439900 0.054125540 -0.854611100 397.411700000
0.000000000 0.864009615 1.497616667 0.729799038 0.000131523 0.000000000 0.000000000 -0.854138200 0.047821400 -0.517842700 372.878200000 0.012725910 0.997386900 0.071115750 -45.845360000 0.519890300 0.054152660 -0.852514800 396.550200000
0.000000000 0.864009615 1.497616667 0.729799038 0.000131523 0.000000000 0.000000000 -0.851870800 0.049962940 -0.521363500 372.351100000 0.013732980 0.997228100 0.073126970 -45.789430000 0.523571900 0.055134850 -0.850195600 395.686600000
0.000000000 0.864009615 1.497616667 0.729799038 0.000131523 0.000000000 0.000000000 -0.849859600 0.049974670 -0.524634300 371.821100000 0.013098530 0.997189200 0.073770070 -45.734430000 0.526846300 0.055822260 -0.848125400 394.823900000
0.000000000 0.864009615 1.497616667 0.729799038 0.000131523 0.000000000 0.000000000 -0.847856700 0.049587120 -0.527901700 371.286300000 0.013016650 0.997263800 0.072769610 -45.678180000 0.530065700 0.054826680 -0.846182200 393.960100000
0.000000000 0.864009615 1.497616667 0.729799038 0.000131523 0.000000000 0.000000000 -0.846064800 0.050123490 -0.530718400 370.745100000 0.014111360 0.997326700 0.071695980 -45.621990000 0.532893300 0.053170280 -0.844510300 393.098500000
0.000000000 0.864009615 1.497616667 0.729799038 0.000131523 0.000000000 0.000000000 -0.844291600 0.050701720 -0.533480200 370.205100000 0.013925290 0.997253700 0.072740260 -45.560950000 0.535703100 0.053985120 -0.842678900 392.233400000
0.000000000 0.864009615 1.497616667 0.729799038 0.000131523 0.000000000 0.000000000 -0.842524000 0.047031130 -0.536601700 369.662600000 0.010698350 0.997445600 0.070624800 -45.507540000 0.538552600 0.053762330 -0.840874900 391.367800000
0.000000000 0.864009615 1.497616667 0.729799038 0.000131523 0.000000000 0.000000000 -0.840612500 0.044649460 -0.539793700 369.115900000 0.011042210 0.997802100 0.065338140 -45.451320000 0.541524500 0.048963530 -0.839257800 390.506600000
0.000000000 0.864009615 1.497616667 0.729799038 0.000131523 0.000000000 0.000000000 -0.838656700 0.044996820 -0.542798600 368.557100000 0.014399400 0.998064900 0.060489480 -45.398450000 0.544470100 0.042913920 -0.837681700 389.649200000
0.000000000 0.864009615 1.497616667 0.729799038 0.000131523 0.000000000 0.000000000 -0.837287600 0.043785960 -0.545006700 368.012000000 0.012299990 0.998044400 0.061286790 -45.353250000 0.546624400 0.044611080 -0.836188700 388.798400000
0.000000000 0.864009615 1.497616667 0.729799038 0.000131523 0.000000000 0.000000000 -0.835970400 0.045086100 -0.546919400 367.465600000 0.014224410 0.998064700 0.060534830 -45.302010000 0.548590200 0.042825710 -0.834993800 387.952400000
0.000000000 0.864009615 1.497616667 0.729799038 0.000131523 0.000000000 0.000000000 -0.834954700 0.047466630 -0.548267900 366.917900000 0.017085950 0.998028900 0.060384870 -45.250700000 0.550053500 0.041050940 -0.834119800 387.108900000
0.000000000 0.864009615 1.497616667 0.729799038 0.000131523 0.000000000 0.000000000 -0.833856300 0.052346330 -0.549494000 366.357200000 0.021266030 0.997800600 0.062782130 -45.202240000 0.551571800 0.040665710 -0.833135500 386.258300000
0.000000000 0.864009615 1.497616667 0.729799038 0.000131523 0.000000000 0.000000000 -0.833172900 0.053557400 -0.550413100 365.799300000 0.019733090 0.997544700 0.067194690 -45.152280000 0.552660500 0.045123430 -0.832184000 385.402000000
0.000000000 0.864009615 1.497616667 0.729799038 0.000131523 0.000000000 0.000000000 -0.832556200 0.053334670 -0.551367200 365.246100000 0.017941910 0.997428200 0.069390910 -45.097270000 0.553650000 0.047879250 -0.831371800 384.545900000
0.000000000 0.864009615 1.497616667 0.729799038 0.000131523 0.000000000 0.000000000 -0.831745100 0.052397980 -0.552679400 364.686300000 0.014745980 0.997269800 0.072356670 -45.038550000 0.554961800 0.052032510 -0.830246900 383.683500000
0.000000000 0.864009615 1.497616667 0.729799038 0.000131523 0.000000000 0.000000000 -0.830601200 0.053262490 -0.554314700 364.125100000 0.012862540 0.996984800 0.076523790 -44.976080000 0.556719100 0.056430850 -0.828781800 382.821400000
0.000000000 0.864009615 1.497616667 0.729799038 0.000131523 0.000000000 0.000000000 -0.829421500 0.052645420 -0.556137200 363.556200000 0.010499890 0.996842700 0.078704280 -44.914140000 0.558524700 0.059439630 -0.827355400 381.958100000
0.000000000 0.864009615 1.497616667 0.729799038 0.000131523 0.000000000 0.000000000 -0.828093000 0.051197440 -0.558248000 362.990500000 0.008661328 0.996870500 0.078575910 -44.849920000 0.560523800 0.060232990 -0.825944900 381.103100000
0.000000000 0.864009615 1.497616667 0.729799038 0.000131523 0.000000000 0.000000000 -0.826815700 0.048992270 -0.560335300 362.420100000 0.006435506 0.996958200 0.077671840 -44.785490000 0.562436200 0.060614250 -0.824615900 380.247400000
0.000000000 0.864009615 1.497616667 0.729799038 0.000131523 0.000000000 0.000000000 -0.825109200 0.048721450 -0.562868700 361.850600000 0.005740281 0.996946200 0.077880190 -44.718510000 0.564944200 0.061028630 -0.822869000 379.394200000
0.000000000 0.864009615 1.497616667 0.729799038 0.000131523 0.000000000 0.000000000 -0.823213100 0.047845410 -0.565712900 361.274100000 0.004145265 0.996922500 0.078283080 -44.655450000 0.567717400 0.062098620 -0.820878000 378.545400000
0.000000000 0.864009615 1.497616667 0.729799038 0.000131523 0.000000000 0.000000000 -0.820820400 0.046743540 -0.569270600 360.666300000 0.003220171 0.997008700 0.077222580 -44.589920000 0.571177400 0.061552710 -0.818515500 377.709400000
0.000000000 0.864009615 1.497616667 0.729799038 0.000131523 0.000000000 0.000000000 -0.818434400 0.045998150 -0.572755900 360.068300000 0.003728937 0.997194800 0.074756510 -44.529130000 0.574587900 0.059047520 -0.816310000 376.887900000
0.000000000 0.864009615 1.497616667 0.729799038 0.000131523 0.000000000 0.000000000 -0.816117700 0.043344150 -0.576258000 359.479500000 0.002972307 0.997484800 0.070817910 -44.471920000 0.577878200 0.056082920 -0.814193700 376.079600000
0.000000000 0.864009615 1.497616667 0.729799038 0.000131523 0.000000000 0.000000000 -0.813491800 0.041222040 -0.580113800 358.895100000 0.002402379 0.997714500 0.067527310 -44.415370000 0.581571500 0.053539250 -0.811731500 375.280700000
0.000000000 0.864009615 1.497616667 0.729799038 0.000131523 0.000000000 0.000000000 -0.810994700 0.040167760 -0.583673100 358.316700000 0.001283039 0.997760000 0.066882050 -44.363190000 0.585052200 0.053492110 -0.809229500 374.492000000
0.000000000 0.864009615 1.497616667 0.729799038 0.000131523 0.000000000 0.000000000 -0.808525800 0.039836990 -0.587110900 357.743100000 -0.001175721 0.997594600 0.069308500 -44.312350000 0.588459600 0.056727980 -0.806534000 373.713700000
0.000000000 0.864009615 1.497616667 0.729799038 0.000131523 0.000000000 0.000000000 -0.806126600 0.039941200 -0.590393700 357.177300000 -0.002928993 0.997437900 0.071477760 -44.265290000 0.591735900 0.059349370 -0.803944200 372.944500000
0.000000000 0.864009615 1.497616667 0.729799038 0.000131523 0.000000000 0.000000000 -0.804035400 0.039175900 -0.593289500 356.612700000 -0.002462213 0.997599100 0.069209980 -44.221770000 0.594576400 0.057108070 -0.802008400 372.182800000
0.000000000 0.864009615 1.497616667 0.729799038 0.000131523 0.000000000 0.000000000 -0.802300400 0.038973770 -0.595646800 356.046500000 -0.001457465 0.997735300 0.067245960 -44.178000000 0.596918700 0.054819590 -0.800426700 371.424400000
0.000000000 0.864009615 1.497616667 0.729799038 0.000131523 0.000000000 0.000000000 -0.800917200 0.038197730 -0.597555600 355.480000000 -0.002374223 0.997752700 0.066961900 -44.132210000 0.598770500 0.055049660 -0.799026500 370.667700000
0.000000000 0.864009615 1.497616667 0.729799038 0.000131523 0.000000000 0.000000000 -0.799689300 0.037788840 -0.599223700 354.913000000 -0.003038459 0.997749900 0.066976070 -44.087880000 0.600406400 0.055380750 -0.797775100 369.914200000
0.000000000 0.864009615 1.497616667 0.729799038 0.000131523 0.000000000 0.000000000 -0.798666900 0.036617420 -0.600658300 354.349500000 -0.004179095 0.997785400 0.066383910 -44.042790000 0.601758800 0.055528840 -0.796745100 369.168400000
0.000000000 0.864009615 1.497616667 0.729799038 0.000131523 0.000000000 0.000000000 -0.797760400 0.034827710 -0.601967900 353.782200000 -0.006008368 0.997821800 0.065693030 -43.999890000 0.602944600 0.056024140 -0.795813400 368.420100000
0.000000000 0.864009615 1.497616667 0.729799038 0.000131523 0.000000000 0.000000000 -0.797228100 0.033843990 -0.602728800 353.221600000 -0.007669808 0.997778800 0.066171410 -43.958300000 0.603629500 0.057376510 -0.795197700 367.679300000
0.000000000 0.864009615 1.497616667 0.729799038 0.000131523 0.000000000 0.000000000 -0.797000100 0.034991480 -0.602964800 352.662900000 -0.006497730 0.997765800 0.066491450 -43.919710000 0.603944300 0.056911590 -0.794992000 366.944000000
0.000000000 0.864009615 1.497616667 0.729799038 0.000131523 0.000000000 0.000000000 -0.797369000 0.036139860 -0.602409100 352.109900000 -0.005746484 0.997705400 0.067460820 -43.883110000 0.603464800 0.057252890 -0.795331600 366.214800000
0.000000000 0.864009615 1.497616667 0.729799038 0.000131523 0.000000000 0.000000000 -0.797951800 0.037275810 -0.601567500 351.561900000 -0.004233959 0.997714400 0.067439010 -43.846300000 0.602706400 0.056360080 -0.795970100 365.491900000
0.000000000 0.864009615 1.497616667 0.729799038 0.000131523 0.000000000 0.000000000 -0.798940400 0.037405100 -0.600246000 351.018900000 -0.003105282 0.997794100 0.066312050 -43.813460000 0.601402200 0.054843300 -0.797061800 364.780500000
0.000000000 0.864009615 1.497616667 0.729799038 0.000131523 0.000000000 0.000000000 -0.799774600 0.038409940 -0.599070400 350.487200000 -0.001579434 0.997812800 0.066084290 -43.780340000 0.600298300 0.053798720 -0.797964600 364.075400000
0.000000000 0.864009615 1.497616667 0.729799038 0.000131523 0.000000000 0.000000000 -0.800548200 0.039914790 -0.597937700 349.959500000 -0.001435449 0.997648800 0.068519000 -43.743790000 0.599266700 0.055711070 -0.798608600 363.371800000
0.000000000 0.864009615 1.497616667 0.729799038 0.000131523 0.000000000 0.000000000 -0.801191100 0.040375880 -0.597044900 349.445300000 -0.003046232 0.997433000 0.071540460 -43.711540000 0.598400800 0.059136310 -0.799011400 362.679200000
0.000000000 0.864009615 1.497616667 0.729799038 0.000131523 0.000000000 0.000000000 -0.801529900 0.043018640 -0.596405300 348.939500000 -0.001766679 0.997234000 0.074304680 -43.676500000 0.597952100 0.060611070 -0.799236800 361.999500000
0.000000000 0.864009615 1.497616667 0.729799038 0.000131523 0.000000000 0.000000000 -0.801854000 0.044013640 -0.595896900 348.450500000 -0.000485214 0.997235100 0.074309890 -43.648370000 0.597519900 0.059874810 -0.799615500 361.328700000
0.000000000 0.864009615 1.497616667 0.729799038 0.000131523 0.000000000 0.000000000 -0.801838300 0.043028190 -0.595990000 347.970100000 -0.001525864 0.997253300 0.074050770 -43.615350000 0.597539200 0.060286130 -0.799570100 360.669800000
0.000000000 0.864009615 1.497616667 0.729799038 0.000131523 0.000000000 0.000000000 -0.801718500 0.042344750 -0.596200000 347.501600000 -0.002701987 0.997220300 0.074460400 -43.576510000 0.597695700 0.061307200 -0.799375500 360.018500000
0.000000000 0.864009615 1.497616667 0.729799038 0.000131523 0.000000000 0.000000000 -0.800845800 0.042572390 -0.597355600 347.039700000 -0.003125349 0.997159400 0.075255660 -43.538130000 0.598862500 0.062135120 -0.798437800 359.381700000
0.000000000 0.864009615 1.497616667 0.729799038 0.000131523 0.000000000 0.000000000 -0.798956200 0.040559480 -0.600020000 346.587900000 -0.006738101 0.997056800 0.076370060 -43.504560000 0.601351500 0.065059320 -0.796331300 358.760700000
0.000000000 0.864009615 1.497616667 0.729799038 0.000131523 0.000000000 0.000000000 -0.795840200 0.037867910 -0.604321500 346.143200000 -0.010286590 0.997052900 0.076023780 -43.470250000 0.605419300 0.066719180 -0.793105200 358.155500000
0.000000000 0.864009615 1.497616667 0.729799038 0.000131523 0.000000000 0.000000000 -0.792040700 0.036434060 -0.609380200 345.702900000 -0.012504310 0.997039700 0.075864200 -43.434570000 0.610340300 0.067707400 -0.789240400 357.570300000
0.000000000 0.864009615 1.497616667 0.729799038 0.000131523 0.000000000 0.000000000 -0.787678500 0.036499390 -0.615004500 345.269200000 -0.013659890 0.996963500 0.076663150 -43.400070000 0.615935100 0.068786790 -0.784788000 357.004900000
0.000000000 0.864009615 1.497616667 0.729799038 0.000131523 0.000000000 0.000000000 -0.782666300 0.035683130 -0.621417900 344.839100000 -0.015127160 0.996970100 0.076300570 -43.366710000 0.622257700 0.069118160 -0.779755000 356.456800000
0.000000000 0.864009615 1.497616667 0.729799038 0.000131523 0.000000000 0.000000000 -0.777335900 0.033632760 -0.628186100 344.412000000 -0.017488730 0.997028500 0.075021470 -43.339530000 0.628842600 0.069303040 -0.774437800 355.930200000
0.000000000 0.864009615 1.497616667 0.729799038 0.000131523 0.000000000 0.000000000 -0.771537700 0.032134340 -0.635371500 343.987600000 -0.018824940 0.997133000 0.073289990 -43.309770000 0.635905000 0.068506820 -0.768720700 355.420000000
0.000000000 0.864009615 1.497616667 0.729799038 0.000131523 0.000000000 0.000000000 -0.765094000 0.031507520 -0.643147300 343.565100000 -0.019420010 0.997218700 0.071955580 -43.281040000 0.643625700 0.067542700 -0.762354200 354.917000000
0.000000000 0.864009615 1.497616667 0.729799038 0.000131523 0.000000000 0.000000000 -0.757792600 0.030864600 -0.651765100 343.145600000 -0.021316040 0.997176400 0.072005380 -43.251690000 0.652147200 0.068458190 -0.754995000 354.427800000
0.000000000 0.864009615 1.497616667 0.729799038 0.000131523 0.000000000 0.000000000 -0.749191800 0.032339800 -0.661563200 342.722300000 -0.022856230 0.996950200 0.074618530 -43.222060000 0.661958700 0.071024420 -0.746167700 353.942300000
0.000000000 0.864009615 1.497616667 0.729799038 0.000131523 0.000000000 0.000000000 -0.738377100 0.036846240 -0.673380800 342.292300000 -0.022598520 0.996593700 0.079311690 -43.197730000 0.674009300 0.073779330 -0.735029200 353.479400000
0.000000000 0.864009615 1.497616667 0.729799038 0.000131523 0.000000000 0.000000000 -0.725913500 0.042204560 -0.686489900 341.861800000 -0.022492520 0.996124900 0.085024780 -43.169770000 0.687418100 0.077161520 -0.722151200 353.035400000
0.000000000 0.864009615 1.497616667 0.729799038 0.000131523 0.000000000 0.000000000 -0.711712600 0.046397780 -0.700936900 341.428400000 -0.022719810 0.995773900 0.088983310 -43.140000000 0.702103300 0.079255680 -0.707650600 352.599100000
0.000000000 0.864009615 1.497616667 0.729799038 0.000131523 0.000000000 0.000000000 -0.695458200 0.049069490 -0.716889200 341.005000000 -0.023577480 0.995570100 0.091017260 -43.112160000 0.718179600 0.080201140 -0.691220500 352.190700000
0.000000000 0.864009615 1.497616667 0.729799038 0.000131523 0.000000000 0.000000000 -0.677839800 0.049965960 -0.733509800 340.568600000 -0.024975160 0.995547200 0.090895360 -43.084330000 0.734785300 0.079932010 -0.673573600 351.790400000