0.000000000 0.864009615 1.497616667 0.729799038 0.000131523 0.000000000 0.000000000 -0.993522800 -0.025349660 -0.110769900 136.518100000 -0.022904880 0.999466400 -0.023288040 -39.244950000 0.111301100 -0.020600020 -0.993573100 435.237300000
0.000000000 0.864009615 1.497616667 0.729799038 0.000131523 0.000000000 0.000000000 -0.993839800 -0.024571680 -0.108068500 136.391200000 -0.022225160 0.999491500 -0.022864480 -39.286840000 0.108575400 -0.020321780 -0.993880400 433.965400000
0.000000000 0.864009615 1.497616667 0.729799038 0.000131523 0.000000000 0.000000000 -0.994188900 -0.023031800 -0.105157200 136.264400000 -0.020744980 0.999525000 -0.022788960 -39.331880000 0.105632200 -0.020475040 -0.994194400 432.692200000
0.000000000 0.864009615 1.497616667 0.729799038 0.000131523 0.000000000 0.000000000 -0.994503100 -0.022301110 -0.102304800 136.143200000 -0.019913570 0.999506300 -0.024299770 -39.380720000 0.102796200 -0.022128940 -0.994456200 431.414200000
0.000000000 0.864009615 1.497616667 0.729799038 0.000131523 0.000000000 0.000000000 -0.994799300 -0.022730080 -0.099286150 136.029800000 -0.020186010 0.999443500 -0.026553510 -39.432420000 0.099834460 -0.024411220 -0.994704500 430.140400000
0.000000000 0.864009615 1.497616667 0.729799038 0.000131523 0.000000000 0.000000000 -0.995131400 -0.024507910 -0.095461700 135.925800000 -0.021959450 0.999376200 -0.027655940 -39.485640000 0.096079940 -0.025425000 -0.995048800 428.863500000
0.000000000 0.864009615 1.497616667 0.729799038 0.000131523 0.000000000 0.000000000 -0.995480400 -0.027722140 -0.090831020 135.825400000 -0.025002170 0.999208200 -0.030947780 -39.541360000 0.091617040 -0.028536930 -0.995385300 427.592200000
0.000000000 0.864009615 1.497616667 0.729799038 0.000131523 0.000000000 0.000000000 -0.995816900 -0.030108320 -0.086268860 135.726600000 -0.027675220 0.999188500 -0.029262340 -39.600100000 0.087079890 -0.026752410 -0.995842000 426.314000000
0.000000000 0.864009615 1.497616667 0.729799038 0.000131523 0.000000000 0.000000000 -0.996070000 -0.033209970 -0.082107830 135.632300000 -0.031631630 0.999290400 -0.020449690 -39.664440000 0.082728690 -0.017772110 -0.996413600 425.023100000
0.000000000 0.864009615 1.497616667 0.729799038 0.000131523 0.000000000 0.000000000 -0.996274900 -0.036550980 -0.078104980 135.543200000 -0.035170150 0.999201000 -0.018982610 -39.725870000 0.078736410 -0.016164930 -0.996764300 423.737300000
0.000000000 0.864009615 1.497616667 0.729799038 0.000131523 0.000000000 0.000000000 -0.996662300 -0.034826300 -0.073834690 135.449100000 -0.033243970 0.999192800 -0.022552740 -39.785880000 0.074560510 -0.020022900 -0.997015400 422.454800000
0.000000000 0.864009615 1.497616667 0.729799038 0.000131523 0.000000000 0.000000000 -0.996977600 -0.034657490 -0.069532010 135.358500000 -0.032749860 0.999060300 -0.028390420 -39.851140000 0.070450600 -0.026027440 -0.997175600 421.184100000
0.000000000 0.864009615 1.497616667 0.729799038 0.000131523 0.000000000 0.000000000 -0.997285300 -0.034430560 -0.065089570 135.270100000 -0.032324830 0.998928100 -0.033132350 -39.925220000 0.066160560 -0.030938390 -0.997329200 419.908100000
0.000000000 0.864009615 1.497616667 0.729799038 0.000131523 0.000000000 0.000000000 -0.997570500 -0.033626690 -0.061011870 135.188400000 -0.031728850 0.998990100 -0.031812800 -40.002740000 0.062020010 -0.029799660 -0.997629900 418.617600000
0.000000000 0.864009615 1.497616667 0.729799038 0.000131523 0.000000000 0.000000000 -0.997773100 -0.033653620 -0.057588030 135.110700000 -0.032132980 0.999115300 -0.027130990 -40.081640000 0.058450130 -0.025220090 -0.997971700 417.325000000
0.000000000 0.864009615 1.497616667 0.729799038 0.000131523 0.000000000 0.000000000 -0.997948300 -0.033889520 -0.054320350 135.035900000 -0.032686600 0.999203600 -0.022882560 -40.157770000 0.055052570 -0.021060060 -0.998261300 416.031200000
0.000000000 0.864009615 1.497616667 0.729799038 0.000131523 0.000000000 0.000000000 -0.998165900 -0.032890150 -0.050823900 134.970400000 -0.031762160 0.999234300 -0.022844640 -40.220410000 0.051536350 -0.021188450 -0.998446300 414.741500000
0.000000000 0.864009615 1.497616667 0.729799038 0.000131523 0.000000000 0.000000000 -0.998346700 -0.032916320 -0.047121580 134.912900000 -0.031784150 0.999192500 -0.024577520 -40.277250000 0.047892530 -0.023039160 -0.998586700 413.455300000
0.000000000 0.864009615 1.497616667 0.729799038 0.000131523 0.000000000 0.000000000 -0.998519800 -0.032903360 -0.043309220 134.860400000 -0.031819970 0.999169000 -0.025471320 -40.336250000 0.044111320 -0.024055510 -0.998736900 412.167200000
0.000000000 0.864009615 1.497616667 0.729799038 0.000131523 0.000000000 0.000000000 -0.998668700 -0.032923460 -0.039711830 134.809200000 -0.031917480 0.999159900 -0.025705630 -40.399770000 0.040524790 -0.024403900 -0.998880400 410.880200000
0.000000000 0.864009615 1.497616667 0.729799038 0.000131523 0.000000000 0.000000000 -0.998767800 -0.033994900 -0.036156210 134.766500000 -0.033041330 0.999098500 -0.026652070 -40.468120000 0.037029650 -0.025424570 -0.998990600 409.595400000
0.000000000 0.864009615 1.497616667 0.729799038 0.000131523 0.000000000 0.000000000 -0.998806500 -0.036362680 -0.032609480 134.729600000 -0.035465610 0.998987500 -0.027678220 -40.532590000 0.033582920 -0.026488670 -0.999084800 408.319200000
0.000000000 0.864009615 1.497616667 0.729799038 0.000131523 0.000000000 0.000000000 -0.998812500 -0.039028560 -0.029161120 134.704000000 -0.038217600 0.998880700 -0.027867890 -40.591310000 0.030216120 -0.026720330 -0.999186100 407.046100000
0.000000000 0.864009615 1.497616667 0.729799038 0.000131523 0.000000000 0.000000000 -0.998766900 -0.042290380 -0.026004020 134.677900000 -0.041582850 0.998765500 -0.027172570 -40.656670000 0.027121060 -0.026057730 -0.999292400 405.778300000
0.000000000 0.864009615 1.497616667 0.729799038 0.000131523 0.000000000 0.000000000 -0.998633500 -0.046863550 -0.023131270 134.657500000 -0.046245950 0.998577200 -0.026549190 -40.723100000 0.024342540 -0.025443170 -0.999379800 404.515600000
0.000000000 0.864009615 1.497616667 0.729799038 0.000131523 0.000000000 0.000000000 -0.998484200 -0.051201440 -0.020194150 134.642800000 -0.050645030 0.998347200 -0.027163990 -40.787070000 0.021551610 -0.026100070 -0.999426900 403.256700000
0.000000000 0.864009615 1.497616667 0.729799038 0.000131523 0.000000000 0.000000000 -0.998489600 -0.052137340 -0.017328670 134.630700000 -0.051596340 0.998207500 -0.030323760 -40.848510000 0.018878610 -0.029383860 -0.999389900 402.009000000
0.000000000 0.864009615 1.497616667 0.729799038 0.000131523 0.000000000 0.000000000 -0.998572400 -0.051408370 -0.014502730 134.622800000 -0.050898540 0.998139500 -0.033568890 -40.907350000 0.016201470 -0.032782790 -0.999331100 400.768700000
0.000000000 0.864009615 1.497616667 0.729799038 0.000131523 0.000000000 0.000000000 -0.998751400 -0.048718810 -0.011054020 134.612200000 -0.048314180 0.998242500 -0.034316160 -40.964070000 0.012706430 -0.033739240 -0.999349800 399.532700000
0.000000000 0.864009615 1.497616667 0.729799038 0.000131523 0.000000000 0.000000000 -0.998969300 -0.044782480 -0.007416628 134.602600000 -0.044518420 0.998476700 -0.032592960 -41.026150000 0.008864923 -0.032229180 -0.999441100 398.302100000
0.000000000 0.864009615 1.497616667 0.729799038 0.000131523 0.000000000 0.000000000 -0.999079900 -0.042684780 -0.004166739 134.596400000 -0.042527680 0.998568700 -0.032432110 -41.084530000 0.005545132 -0.032225060 -0.999465200 397.079600000
0.000000000 0.864009615 1.497616667 0.729799038 0.000131523 0.000000000 0.000000000 -0.999088800 -0.042665170 -0.001159432 134.600400000 -0.042603240 0.998540600 -0.033191270 -41.145170000 0.002573851 -0.033111630 -0.999448300 395.865600000
0.000000000 0.864009615 1.497616667 0.729799038 0.000131523 0.000000000 0.000000000 -0.999025300 -0.044110110 0.001687880 134.609700000 -0.044141800 0.998479300 -0.033024230 -41.208070000 -0.000228611 -0.033066540 -0.999453100 394.660100000
0.000000000 0.864009615 1.497616667 0.729799038 0.000131523 0.000000000 0.000000000 -0.998970500 -0.045152700 0.004395510 134.623000000 -0.045267120 0.998498200 -0.030857140 -41.269790000 -0.002995626 -0.031024340 -0.999514100 393.460300000
0.000000000 0.864009615 1.497616667 0.729799038 0.000131523 0.000000000 0.000000000 -0.998985700 -0.044477630 0.007032118 134.633500000 -0.044663950 0.998580000 -0.029034550 -41.328100000 -0.005730745 -0.029319170 -0.999553600 392.267600000
0.000000000 0.864009615 1.497616667 0.729799038 0.000131523 0.000000000 0.000000000 -0.999045700 -0.042664220 0.009354649 134.646400000 -0.042915000 0.998672600 -0.028484440 -41.386980000 -0.008126965 -0.028858700 -0.999550400 391.082200000
0.000000000 0.864009615 1.497616667 0.729799038 0.000131523 0.000000000 0.000000000 -0.999046400 -0.042041000 0.011784340 134.664700000 -0.042372580 0.998667300 -0.029463030 -41.449770000 -0.010529980 -0.029934270 -0.999496300 389.903700000
0.000000000 0.864009615 1.497616667 0.729799038 0.000131523 0.000000000 0.000000000 -0.999058500 -0.040939790 0.014359580 134.686000000 -0.041373760 0.998651700 -0.031353460 -41.520120000 -0.013056620 -0.031918040 -0.999405100 388.727700000
0.000000000 0.864009615 1.497616667 0.729799038 0.000131523 0.000000000 0.000000000 -0.999031500 -0.040704680 0.016712500 134.712200000 -0.041224670 0.998635800 -0.032047620 -41.588530000 -0.015385210 -0.032705550 -0.999346600 387.558300000
0.000000000 0.864009615 1.497616667 0.729799038 0.000131523 0.000000000 0.000000000 -0.998947900 -0.041834000 0.018790310 134.742900000 -0.042416220 0.998595800 -0.031736690 -41.658990000 -0.017436250 -0.032500310 -0.999319600 386.395400000
0.000000000 0.864009615 1.497616667 0.729799038 0.000131523 0.000000000 0.000000000 -0.998869100 -0.042516900 0.021282650 134.777000000 -0.043187230 0.998551300 -0.032096030 -41.727820000 -0.019887190 -0.032978870 -0.999258100 385.238600000
0.000000000 0.864009615 1.497616667 0.729799038 0.000131523 0.000000000 0.000000000 -0.998823900 -0.042228610 0.023825990 134.812200000 -0.042970330 0.998578700 -0.031528930 -41.795400000 -0.022460700 -0.032515660 -0.999218800 384.090400000
0.000000000 0.864009615 1.497616667 0.729799038 0.000131523 0.000000000 0.000000000 -0.998811400 -0.041060200 0.026264900 134.849100000 -0.041815900 0.998707200 -0.028900780 -41.860020000 -0.025044280 -0.029964710 -0.999237100 382.945500000
0.000000000 0.864009615 1.497616667 0.729799038 0.000131523 0.000000000 0.000000000 -0.998829900 -0.038917070 0.028713610 134.886800000 -0.039726120 0.998813500 -0.028165860 -41.925330000 -0.027583410 -0.029273570 -0.999190700 381.809000000
0.000000000 0.864009615 1.497616667 0.729799038 0.000131523 0.000000000 0.000000000 -0.998804900 -0.037192070 0.031711910 134.928500000 -0.038183490 0.998781900 -0.031253080 -41.986720000 -0.030510910 -0.032426590 -0.999008300 380.684400000
0.000000000 0.864009615 1.497616667 0.729799038 0.000131523 0.000000000 0.000000000 -0.998850500 -0.033253520 0.034526200 134.972000000 -0.034444940 0.998810700 -0.034506610 -42.038300000 -0.033337670 -0.035656190 -0.998807900 379.565400000
0.000000000 0.864009615 1.497616667 0.729799038 0.000131523 0.000000000 0.000000000 -0.998803600 -0.031797410 0.037154460 135.021000000 -0.033033550 0.998904500 -0.033144350 -42.089770000 -0.036059850 -0.034332030 -0.998759700 378.453900000
0.000000000 0.864009615 1.497616667 0.729799038 0.000131523 0.000000000 0.000000000 -0.998720800 -0.030974440 0.039968720 135.074800000 -0.032129260 0.999074900 -0.028581640 -42.140310000 -0.039046450 -0.029829240 -0.998792000 377.341500000
0.000000000 0.864009615 1.497616667 0.729799038 0.000131523 0.000000000 0.000000000 -0.998590000 -0.030021330 0.043781890 135.131800000 -0.031204590 0.999159000 -0.026598060 -42.190820000 -0.042946560 -0.027926750 -0.998686900 376.244700000
0.000000000 0.864009615 1.497616667 0.729799038 0.000131523 0.000000000 0.000000000 -0.998397300 -0.030519680 0.047660890 135.194900000 -0.031867490 0.999105900 -0.027780080 -42.241630000 -0.046770440 -0.029254380 -0.998477100 375.157900000
0.000000000 0.864009615 1.497616667 0.729799038 0.000131523 0.000000000 0.000000000 -0.998196800 -0.031321850 0.051206720 135.262800000 -0.032933430 0.998978600 -0.030937220 -42.291960000 -0.050185410 -0.032567840 -0.998208700 374.085900000
0.000000000 0.864009615 1.497616667 0.729799038 0.000131523 0.000000000 0.000000000 -0.997941800 -0.032858170 0.055068650 135.333900000 -0.034711310 0.998851100 -0.033039800 -42.346970000 -0.053919750 -0.034883290 -0.997935700 373.018200000
0.000000000 0.864009615 1.497616667 0.729799038 0.000131523 0.000000000 0.000000000 -0.997667700 -0.033649790 0.059387560 135.404000000 -0.035640620 0.998826600 -0.032788040 -42.410660000 -0.058214560 -0.034828170 -0.997696300 371.959100000
0.000000000 0.864009615 1.497616667 0.729799038 0.000131523 0.000000000 0.000000000 -0.997370800 -0.033055110 0.064490450 135.478100000 -0.035159190 0.998876600 -0.031768570 -42.474250000 -0.063367890 -0.033952460 -0.997412500 370.906300000
0.000000000 0.864009615 1.497616667 0.729799038 0.000131523 0.000000000 0.000000000 -0.997019200 -0.031311870 0.070514880 135.556500000 -0.033497320 0.998987600 -0.030026380 -42.535260000 -0.069503310 -0.032298930 -0.997058700 369.861200000
0.000000000 0.864009615 1.497616667 0.729799038 0.000131523 0.000000000 0.000000000 -0.996575000 -0.028282220 0.077707130 135.640800000 -0.030453950 0.999173900 -0.026906030 -42.594020000 -0.076881970 -0.029180360 -0.996613000 368.824700000
0.000000000 0.864009615 1.497616667 0.729799038 0.000131523 0.000000000 0.000000000 -0.995915300 -0.026416170 0.086342480 135.733700000 -0.028571390 0.999307800 -0.023821390 -42.651090000 -0.085653450 -0.026191000 -0.995980600 367.791800000
0.000000000 0.864009615 1.497616667 0.729799038 0.000131523 0.000000000 0.000000000 -0.995023600 -0.025055970 0.096438570 135.838900000 -0.027440480 0.999347600 -0.023479230 -42.704920000 -0.095787350 -0.026008700 -0.995061900 366.777100000
0.000000000 0.864009615 1.497616667 0.729799038 0.000131523 0.000000000 0.000000000 -0.993893900 -0.023230860 0.107866900 135.952800000 -0.026059480 0.999350500 -0.024888040 -42.756070000 -0.107218600 -0.027547020 -0.993853700 365.769100000
0.000000000 0.864009615 1.497616667 0.729799038 0.000131523 0.000000000 0.000000000 -0.992508300 -0.022361550 0.120114000 136.081700000 -0.025623550 0.999341700 -0.025681930 -42.806920000 -0.119460600 -0.028567270 -0.992427800 364.774700000
0.000000000 0.864009615 1.497616667 0.729799038 0.000131523 0.000000000 0.000000000 -0.990777900 -0.022732960 0.133575800 136.225700000 -0.026482410 0.999301600 -0.026360310 -42.858870000 -0.132883300 -0.029654610 -0.990687900 363.791900000
0.000000000 0.864009615 1.497616667 0.729799038 0.000131523 0.000000000 0.000000000 -0.988697600 -0.022039290 0.148295000 136.381200000 -0.026395320 0.999274000 -0.027470260 -42.911430000 -0.147581900 -0.031074060 -0.988561500 362.812700000
0.000000000 0.864009615 1.497616667 0.729799038 0.000131523 0.000000000 0.000000000 -0.986165600 -0.021475420 0.164366100 136.552400000 -0.026391410 0.999265500 -0.027783460 -42.963550000 -0.163648700 -0.031736940 -0.986008000 361.849300000
0.000000000 0.864009615 1.497616667 0.729799038 0.000131523 0.000000000 0.000000000 -0.983327300 -0.020757880 0.180656000 136.738700000 -0.026132780 0.999282300 -0.027422860 -43.013610000 -0.179957000 -0.031686680 -0.983163900 360.891300000
0.000000000 0.864009615 1.497616667 0.729799038 0.000131523 0.000000000 0.000000000 -0.980238300 -0.021534070 0.196645000 136.930400000 -0.027423110 0.999251800 -0.027273670 -43.048890000 -0.195910500 -0.032127300 -0.980095300 359.946400000
0.000000000 0.864009615 1.497616667 0.729799038 0.000131523 0.000000000 0.000000000 -0.977034600 -0.021407000 0.212002900 137.135000000 -0.027834130 0.999237500 -0.027378090 -43.079630000 -0.211255200 -0.032650250 -0.976885400 359.017500000
0.000000000 0.864009615 1.497616667 0.729799038 0.000131523 0.000000000 0.000000000 -0.973605200 -0.023238690 0.227052900 137.359000000 -0.030529280 0.999123200 -0.028650410 -43.118130000 -0.226188000 -0.034825940 -0.973460900 358.081000000
0.000000000 0.864009615 1.497616667 0.729799038 0.000131523 0.000000000 0.000000000 -0.970292000 -0.024228980 0.240720500 137.595300000 -0.032162510 0.999059400 -0.029082890 -43.152330000 -0.239789500 -0.035961060 -0.970158600 357.154700000
0.000000000 0.864009615 1.497616667 0.729799038 0.000131523 0.000000000 0.000000000 -0.967091300 -0.027036740 0.252989000 137.849400000 -0.035533080 0.998945500 -0.029074440 -43.191460000 -0.251936100 -0.037107110 -0.967032100 356.228100000
0.000000000 0.864009615 1.497616667 0.729799038 0.000131523 0.000000000 0.000000000 -0.964040400 -0.030121930 0.264043200 138.112400000 -0.039303980 0.998789900 -0.029560090 -43.231850000 -0.262833300 -0.038875070 -0.964057700 355.303200000
0.000000000 0.864009615 1.497616667 0.729799038 0.000131523 0.000000000 0.000000000 -0.961107700 -0.032947150 0.274201800 138.388800000 -0.042589100 0.998663400 -0.029283540 -43.273330000 -0.272870500 -0.039822640 -0.961226200 354.380300000
0.000000000 0.864009615 1.497616667 0.729799038 0.000131523 0.000000000 0.000000000 -0.958311500 -0.035179930 0.283551800 138.674100000 -0.045063840 0.998580100 -0.028408290 -43.315790000 -0.282149700 -0.040001920 -0.958536000 353.455200000
0.000000000 0.864009615 1.497616667 0.729799038 0.000131523 0.000000000 0.000000000 -0.955509700 -0.037733550 0.292536300 138.966200000 -0.047698250 0.998496700 -0.027002880 -43.357620000 -0.291077600 -0.039754970 -0.955873000 352.534800000
0.000000000 0.864009615 1.497616667 0.729799038 0.000131523 0.000000000 0.000000000 -0.952600000 -0.039492670 0.301651500 139.267900000 -0.049625710 0.998429400 -0.025999580 -43.400050000 -0.300151000 -0.039736870 -0.953063600 351.618300000
0.000000000 0.864009615 1.497616667 0.729799038 0.000131523 0.000000000 0.000000000 -0.949433000 -0.041661130 0.311193700 139.576300000 -0.051680730 0.998374800 -0.024017100 -43.441230000 -0.309687300 -0.038885330 -0.950042900 350.707300000
0.000000000 0.864009615 1.497616667 0.729799038 0.000131523 0.000000000 0.000000000 -0.945900900 -0.042180620 0.321702300 139.893600000 -0.052240140 0.998376600 -0.022697550 -43.483370000 -0.320222600 -0.038275400 -0.946568700 349.805900000
0.000000000 0.864009615 1.497616667 0.729799038 0.000131523 0.000000000 0.000000000 -0.941977100 -0.042809180 0.332936200 140.218500000 -0.052946950 0.998367300 -0.021432140 -43.523730000 -0.331475100 -0.037816530 -0.942705700 348.915700000
0.000000000 0.864009615 1.497616667 0.729799038 0.000131523 0.000000000 0.000000000 -0.938082700 -0.043768830 0.343635400 140.552500000 -0.053930730 0.998343000 -0.020065390 -43.562560000 -0.342187800 -0.037355490 -0.938888700 348.031400000
0.000000000 0.864009615 1.497616667 0.729799038 0.000131523 0.000000000 0.000000000 -0.934110000 -0.045210890 0.354111100 140.896000000 -0.055028450 0.998327900 -0.017698790 -43.599900000 -0.352718700 -0.036018790 -0.935035800 347.157200000
0.000000000 0.864009615 1.497616667 0.729799038 0.000131523 0.000000000 0.000000000 -0.930121700 -0.045523450 0.364419100 141.246200000 -0.054703870 0.998391400 -0.014903280 -43.636620000 -0.363154400 -0.033797000 -0.931115700 346.291500000
0.000000000 0.864009615 1.497616667 0.729799038 0.000131523 0.000000000 0.000000000 -0.925787500 -0.045255670 0.375325900 141.603600000 -0.053986730 0.998459900 -0.012773610 -43.671450000 -0.374169700 -0.032088260 -0.926804900 345.428800000