0.000000000 0.864009615 1.497616667 0.729799038 0.000131523 0.000000000 0.000000000 0.682234000 -0.017176870 0.730932200 241.899800000 0.038168690 0.999197500 -0.012144610 -28.984640000 -0.730136900 0.036184180 0.682342000 913.107900000
0.000000000 0.864009615 1.497616667 0.729799038 0.000131523 0.000000000 0.000000000 0.660729700 -0.016447340 0.750443700 242.584400000 0.037810120 0.999220000 -0.011390270 -29.021370000 -0.749671000 0.035900250 0.660836200 913.691700000
0.000000000 0.864009615 1.497616667 0.729799038 0.000131523 0.000000000 0.000000000 0.638442700 -0.013173020 0.769556700 243.261500000 0.036346360 0.999254000 -0.013048910 -29.057810000 -0.768810700 0.036301550 0.638445200 914.214800000
0.000000000 0.864009615 1.497616667 0.729799038 0.000131523 0.000000000 0.000000000 0.614957900 -0.009046740 0.788508100 243.969200000 0.035347350 0.999245300 -0.016102840 -29.093000000 -0.787767300 0.037774230 0.614813500 914.753500000
0.000000000 0.864009615 1.497616667 0.729799038 0.000131523 0.000000000 0.000000000 0.589990400 -0.005977484 0.807388200 244.669700000 0.035321420 0.999206300 -0.018413150 -29.123530000 -0.806637300 0.039381670 0.589733200 915.224400000
0.000000000 0.864009615 1.497616667 0.729799038 0.000131523 0.000000000 0.000000000 0.563269900 -0.003368184 0.826266100 245.402800000 0.031589680 0.999348400 -0.017461120 -29.154610000 -0.825668900 0.035936800 0.563009200 915.724300000
0.000000000 0.864009615 1.497616667 0.729799038 0.000131523 0.000000000 0.000000000 0.535036400 -0.001740776 0.844827200 246.167200000 0.028464560 0.999467200 -0.015967440 -29.193880000 -0.844349300 0.032590790 0.534800900 916.200700000
0.000000000 0.864009615 1.497616667 0.729799038 0.000131523 0.000000000 0.000000000 0.506049100 0.000417924 0.862504600 246.933400000 0.025423690 0.999558100 -0.015400930 -29.235020000 -0.862129900 0.029721670 0.505814800 916.604100000
0.000000000 0.864009615 1.497616667 0.729799038 0.000131523 0.000000000 0.000000000 0.476489700 0.003212332 0.879174200 247.718500000 0.023381180 0.999593300 -0.016324320 -29.265190000 -0.878869100 0.028334500 0.476220800 917.027800000
0.000000000 0.864009615 1.497616667 0.729799038 0.000131523 0.000000000 0.000000000 0.446540200 0.004724214 0.894751100 248.519300000 0.023688790 0.999573100 -0.017099950 -29.296170000 -0.894449900 0.028831380 0.446237700 917.425900000
0.000000000 0.864009615 1.497616667 0.729799038 0.000131523 0.000000000 0.000000000 0.416154400 0.004637151 0.909282200 249.322000000 0.022834300 0.999618300 -0.015548500 -29.326040000 -0.909007200 0.027233390 0.415889600 917.748300000
0.000000000 0.864009615 1.497616667 0.729799038 0.000131523 0.000000000 0.000000000 0.385468400 0.004988678 0.922707600 250.146400000 0.020824220 0.999683600 -0.014104340 -29.352860000 -0.922486000 0.024651430 0.385242500 918.098000000
0.000000000 0.864009615 1.497616667 0.729799038 0.000131523 0.000000000 0.000000000 0.354677600 0.006387774 0.934966900 250.970500000 0.018705330 0.999728000 -0.013926060 -29.382390000 -0.934801500 0.022428120 0.354461600 918.372900000
0.000000000 0.864009615 1.497616667 0.729799038 0.000131523 0.000000000 0.000000000 0.323361100 0.008614199 0.946236500 251.818400000 0.014537540 0.999795300 -0.014069750 -29.406270000 -0.946163900 0.018305550 0.323169700 918.673900000
0.000000000 0.864009615 1.497616667 0.729799038 0.000131523 0.000000000 0.000000000 0.291067600 0.012378200 0.956622400 252.681500000 0.007508170 0.999855900 -0.015222100 -29.428310000 -0.956673000 0.011613140 0.290932700 918.954700000
0.000000000 0.864009615 1.497616667 0.729799038 0.000131523 0.000000000 0.000000000 0.258335000 0.015092920 0.965937500 253.540200000 0.000493776 0.999875700 -0.015755270 -29.455370000 -0.966055200 0.004547090 0.258295400 919.159700000
0.000000000 0.864009615 1.497616667 0.729799038 0.000131523 0.000000000 0.000000000 0.225880100 0.016771240 0.974010800 254.434800000 -0.001818368 0.999857300 -0.016794600 -29.477970000 -0.974153400 0.002022451 0.225878300 919.382600000
0.000000000 0.864009615 1.497616667 0.729799038 0.000131523 0.000000000 0.000000000 0.194846100 0.021153230 0.980605700 255.340300000 -0.000997940 0.999771100 -0.021368370 -29.501790000 -0.980833300 0.003184954 0.194822600 919.570800000
0.000000000 0.864009615 1.497616667 0.729799038 0.000131523 0.000000000 0.000000000 0.165382200 0.026139890 0.985883100 256.240400000 0.002379319 0.999635200 -0.026903650 -29.530800000 -0.986226600 0.006795112 0.165259700 919.688000000
0.000000000 0.864009615 1.497616667 0.729799038 0.000131523 0.000000000 0.000000000 0.138767800 0.028458080 0.989916000 257.168200000 0.011591540 0.999471900 -0.030357710 -29.558660000 -0.990257100 0.015687320 0.138364600 919.809400000
0.000000000 0.864009615 1.497616667 0.729799038 0.000131523 0.000000000 0.000000000 0.113822900 0.027059260 0.993132500 258.109300000 0.017729200 0.999414500 -0.029262370 -29.592410000 -0.993342800 0.020938160 0.113276600 919.907900000
0.000000000 0.864009615 1.497616667 0.729799038 0.000131523 0.000000000 0.000000000 0.089852750 0.022048130 0.995711000 259.064500000 0.021304370 0.999483600 -0.024054180 -29.619450000 -0.995727100 0.023374320 0.089336630 919.965800000
0.000000000 0.864009615 1.497616667 0.729799038 0.000131523 0.000000000 0.000000000 0.067363090 0.017166020 0.997580900 260.038000000 0.022642450 0.999568200 -0.018729180 -29.648230000 -0.997471500 0.023849320 0.066945310 920.031100000
0.000000000 0.864009615 1.497616667 0.729799038 0.000131523 0.000000000 0.000000000 0.045458730 0.012564050 0.998887200 261.017000000 0.020987480 0.999688200 -0.013529260 -29.671050000 -0.998745700 0.021579140 0.045180860 920.059500000
0.000000000 0.864009615 1.497616667 0.729799038 0.000131523 0.000000000 0.000000000 0.024552900 0.014168350 0.999598200 262.004800000 0.018199400 0.999727500 -0.014617220 -29.692440000 -0.999532800 0.018550980 0.024288360 920.092700000
0.000000000 0.864009615 1.497616667 0.729799038 0.000131523 0.000000000 0.000000000 0.006287240 0.019717620 0.999785800 263.000600000 0.016897120 0.999660700 -0.019821420 -29.714230000 -0.999837400 0.017018120 0.005951937 920.103300000
0.000000000 0.864009615 1.497616667 0.729799038 0.000131523 0.000000000 0.000000000 -0.009574375 0.026441060 0.999604600 264.006500000 0.016923080 0.999511400 -0.026276510 -29.739960000 -0.999810900 0.016664800 -0.010017160 920.084400000
0.000000000 0.864009615 1.497616667 0.729799038 0.000131523 0.000000000 0.000000000 -0.024377590 0.026384590 0.999354600 265.032800000 0.018072460 0.999499900 -0.025947590 -29.748520000 -0.999539400 0.017428250 -0.024842230 920.081200000
0.000000000 0.864009615 1.497616667 0.729799038 0.000131523 0.000000000 0.000000000 -0.038215040 0.023468910 0.998993900 266.087100000 0.018391350 0.999571300 -0.022778950 -29.727380000 -0.999100200 0.017502340 -0.038630280 920.098500000
0.000000000 0.864009615 1.497616667 0.729799038 0.000131523 0.000000000 0.000000000 -0.049840190 0.024675880 0.998452400 267.145100000 0.020358550 0.999512100 -0.023685830 -29.701230000 -0.998549600 0.019146530 -0.050318230 920.100300000
0.000000000 0.864009615 1.497616667 0.729799038 0.000131523 0.000000000 0.000000000 -0.059028860 0.027131690 0.997887500 268.210100000 0.022280490 0.999417300 -0.025855320 -29.692910000 -0.998007600 0.020707210 -0.059598970 920.078400000
0.000000000 0.864009615 1.497616667 0.729799038 0.000131523 0.000000000 0.000000000 -0.066862100 0.026857200 0.997400700 269.309200000 0.023470880 0.999403400 -0.025337730 -29.665300000 -0.997486100 0.021715730 -0.067452560 920.042600000
0.000000000 0.864009615 1.497616667 0.729799038 0.000131523 0.000000000 0.000000000 -0.073668370 0.023785770 0.996999100 270.394000000 0.024070880 0.999466700 -0.022066050 -29.651940000 -0.996992200 0.022373070 -0.074201620 919.988900000
0.000000000 0.864009615 1.497616667 0.729799038 0.000131523 0.000000000 0.000000000 -0.080324500 0.021316470 0.996540800 271.495300000 0.023466400 0.999534600 -0.019489050 -29.643930000 -0.996492500 0.021819770 -0.080787330 919.927300000
0.000000000 0.864009615 1.497616667 0.729799038 0.000131523 0.000000000 0.000000000 -0.087121600 0.021882610 0.995957300 272.598600000 0.020740890 0.999581800 -0.020147930 -29.633290000 -0.995981700 0.018901710 -0.087539030 919.861100000
0.000000000 0.864009615 1.497616667 0.729799038 0.000131523 0.000000000 0.000000000 -0.094095510 0.023201770 0.995292800 273.703600000 0.018942770 0.999589100 -0.021511070 -29.632850000 -0.995382900 0.016829500 -0.094496350 919.782700000
0.000000000 0.864009615 1.497616667 0.729799038 0.000131523 0.000000000 0.000000000 -0.101281300 0.021407760 0.994627500 274.820000000 0.017491980 0.999652200 -0.019734740 -29.629060000 -0.994704000 0.015399230 -0.101620500 919.698100000
0.000000000 0.864009615 1.497616667 0.729799038 0.000131523 0.000000000 0.000000000 -0.109059000 0.017085490 0.993888500 275.945600000 0.014667090 0.999771100 -0.015577210 -29.634900000 -0.993927000 0.012878610 -0.109284600 919.594400000
0.000000000 0.864009615 1.497616667 0.729799038 0.000131523 0.000000000 0.000000000 -0.116663600 0.014408030 0.993067000 277.089100000 0.013172940 0.999829200 -0.012958610 -29.669320000 -0.993084100 0.011569810 -0.116833400 919.470500000
0.000000000 0.864009615 1.497616667 0.729799038 0.000131523 0.000000000 0.000000000 -0.123931000 0.015153050 0.992175200 278.229300000 0.011237790 0.999840700 -0.013866430 -29.701920000 -0.992227200 0.009431374 -0.124081500 919.336300000
0.000000000 0.864009615 1.497616667 0.729799038 0.000131523 0.000000000 0.000000000 -0.131330500 0.016767370 0.991196900 279.387300000 0.008406696 0.999839800 -0.015799720 -29.756650000 -0.991302900 0.006257700 -0.131450400 919.194200000
0.000000000 0.864009615 1.497616667 0.729799038 0.000131523 0.000000000 0.000000000 -0.138891000 0.017746910 0.990148700 280.534100000 0.006047365 0.999835900 -0.017072270 -29.804510000 -0.990289200 0.003616601 -0.138975600 919.042000000
0.000000000 0.864009615 1.497616667 0.729799038 0.000131523 0.000000000 0.000000000 -0.145891300 0.018520820 0.989127300 281.674700000 0.002917534 0.999828400 -0.018290870 -29.851970000 -0.989296300 0.000217330 -0.145920300 918.885400000
0.000000000 0.864009615 1.497616667 0.729799038 0.000131523 0.000000000 0.000000000 -0.152480500 0.017749560 0.988147100 282.823400000 0.000582773 0.999840100 -0.017869680 -29.896680000 -0.988306300 -0.002148915 -0.152466500 918.716500000
0.000000000 0.864009615 1.497616667 0.729799038 0.000131523 0.000000000 0.000000000 -0.158753400 0.015869850 0.987190700 283.981200000 -0.002510799 0.999861100 -0.016477310 -29.941880000 -0.987315000 -0.005094469 -0.158691500 918.539600000
0.000000000 0.864009615 1.497616667 0.729799038 0.000131523 0.000000000 0.000000000 -0.164929900 0.017358620 0.986152600 285.133600000 -0.005124822 0.999816500 -0.018456250 -29.971290000 -0.986291900 -0.008097846 -0.164810700 918.345800000
0.000000000 0.864009615 1.497616667 0.729799038 0.000131523 0.000000000 0.000000000 -0.171279700 0.020029690 0.985018900 286.292400000 -0.008069967 0.999731200 -0.021732110 -29.994290000 -0.985189400 -0.011671340 -0.171072000 918.148100000
0.000000000 0.864009615 1.497616667 0.729799038 0.000131523 0.000000000 0.000000000 -0.177605900 0.021401550 0.983869000 287.453100000 -0.010006600 0.999672500 -0.023551690 -30.033170000 -0.984050800 -0.014028100 -0.177333500 917.943100000
0.000000000 0.864009615 1.497616667 0.729799038 0.000131523 0.000000000 0.000000000 -0.183993400 0.020689420 0.982709700 288.622600000 -0.011651140 0.999662300 -0.023227790 -30.075480000 -0.982858400 -0.015723440 -0.183690200 917.728600000
0.000000000 0.864009615 1.497616667 0.729799038 0.000131523 0.000000000 0.000000000 -0.190499300 0.018845840 0.981506400 289.793600000 -0.013673510 0.999667800 -0.021848430 -30.106860000 -0.981592100 -0.017582750 -0.190178300 917.500600000
0.000000000 0.864009615 1.497616667 0.729799038 0.000131523 0.000000000 0.000000000 -0.197004100 0.019296500 0.980212800 290.967200000 -0.010371100 0.999709300 -0.021764710 -30.132070000 -0.980347800 -0.014453620 -0.196746700 917.260600000
0.000000000 0.864009615 1.497616667 0.729799038 0.000131523 0.000000000 0.000000000 -0.203498900 0.020710480 0.978856100 292.132800000 -0.009378509 0.999689100 -0.023101010 -30.158230000 -0.979030200 -0.013881240 -0.203241400 917.013700000
0.000000000 0.864009615 1.497616667 0.729799038 0.000131523 0.000000000 0.000000000 -0.210210800 0.020401330 0.977443200 293.295400000 -0.006498839 0.999731000 -0.022264190 -30.197910000 -0.977634400 -0.011032420 -0.210021600 916.763000000
0.000000000 0.864009615 1.497616667 0.729799038 0.000131523 0.000000000 0.000000000 -0.216560300 0.018199310 0.976099600 294.456200000 -0.003070932 0.999808600 -0.019322700 -30.243050000 -0.976264400 -0.007182068 -0.216463000 916.500100000
0.000000000 0.864009615 1.497616667 0.729799038 0.000131523 0.000000000 0.000000000 -0.223565600 0.016252900 0.974553400 295.617300000 -0.003768008 0.999839100 -0.017539000 -30.272110000 -0.974681600 -0.007593243 -0.223468300 916.238200000
0.000000000 0.864009615 1.497616667 0.729799038 0.000131523 0.000000000 0.000000000 -0.231365200 0.013155510 0.972778100 296.778300000 -0.004916076 0.999880000 -0.014691270 -30.303560000 -0.972854500 -0.008181302 -0.231272700 915.961900000
0.000000000 0.864009615 1.497616667 0.729799038 0.000131523 0.000000000 0.000000000 -0.239414600 0.010071060 0.970865200 297.934600000 -0.005634636 0.999914900 -0.011761910 -30.337020000 -0.970901000 -0.008286446 -0.239337400 915.670200000
0.000000000 0.864009615 1.497616667 0.729799038 0.000131523 0.000000000 0.000000000 -0.247512900 0.010097710 0.968832000 299.090900000 -0.001399813 0.999940900 -0.010779570 -30.369560000 -0.968883500 -0.004024269 -0.247484100 915.358200000
0.000000000 0.864009615 1.497616667 0.729799038 0.000131523 0.000000000 0.000000000 -0.254974200 0.012018140 0.966873200 300.241500000 -0.002781940 0.999909500 -0.013162420 -30.397520000 -0.966943800 -0.006045862 -0.254917700 915.027300000
0.000000000 0.864009615 1.497616667 0.729799038 0.000131523 0.000000000 0.000000000 -0.262233500 0.016203410 0.964868400 301.388200000 0.003956743 0.999868600 -0.015715820 -30.413670000 -0.964996300 -0.000303481 -0.262263100 914.693300000
0.000000000 0.864009615 1.497616667 0.729799038 0.000131523 0.000000000 0.000000000 -0.269619600 0.016461860 0.962826200 302.533100000 0.004879641 0.999864400 -0.015728680 -30.436060000 -0.962954500 0.000457482 -0.269663300 914.353500000
0.000000000 0.864009615 1.497616667 0.729799038 0.000131523 0.000000000 0.000000000 -0.277470900 0.012789080 0.960649000 303.678100000 0.002299653 0.999917300 -0.012647640 -30.464190000 -0.960731300 -0.001300195 -0.277477300 914.010500000
0.000000000 0.864009615 1.497616667 0.729799038 0.000131523 0.000000000 0.000000000 -0.284718600 0.011501310 0.958542200 304.814500000 0.002660463 0.999933600 -0.011207710 -30.492930000 -0.958607400 -0.000640882 -0.284730300 913.654000000
0.000000000 0.864009615 1.497616667 0.729799038 0.000131523 0.000000000 0.000000000 -0.291774300 0.012827370 0.956401200 305.943200000 0.002373585 0.999916700 -0.012686890 -30.525920000 -0.956484200 -0.001431613 -0.291780400 913.309900000
0.000000000 0.864009615 1.497616667 0.729799038 0.000131523 0.000000000 0.000000000 -0.298804900 0.016482960 0.954171900 307.067600000 0.002463041 0.999860800 -0.016500910 -30.555520000 -0.954311000 -0.002580390 -0.298803900 912.949600000
0.000000000 0.864009615 1.497616667 0.729799038 0.000131523 0.000000000 0.000000000 -0.305009900 0.021288460 0.952111300 308.192000000 0.002475037 0.999764400 -0.021561080 -30.587280000 -0.952345900 -0.004219833 -0.304990700 912.575500000
0.000000000 0.864009615 1.497616667 0.729799038 0.000131523 0.000000000 0.000000000 -0.310581200 0.026948280 0.950164800 309.311700000 0.005010566 0.999630600 -0.026713420 -30.625840000 -0.950533600 -0.003535824 -0.310601400 912.191400000
0.000000000 0.864009615 1.497616667 0.729799038 0.000131523 0.000000000 0.000000000 -0.314429600 0.031889040 0.948745100 310.430900000 0.009512298 0.999491200 -0.030442190 -30.673220000 -0.949233100 -0.000547182 -0.314572900 911.810800000
0.000000000 0.864009615 1.497616667 0.729799038 0.000131523 0.000000000 0.000000000 -0.316835900 0.033772150 0.947878900 311.553700000 0.014054090 0.999423300 -0.030910950 -30.718320000 -0.948376200 0.003527875 -0.317127800 911.429400000
0.000000000 0.864009615 1.497616667 0.729799038 0.000131523 0.000000000 0.000000000 -0.318880600 0.033437880 0.947204900 312.679900000 0.016425200 0.999422300 -0.029751640 -30.765450000 -0.947652500 0.006070803 -0.319245600 911.045400000
0.000000000 0.864009615 1.497616667 0.729799038 0.000131523 0.000000000 0.000000000 -0.320814900 0.033333890 0.946555200 313.805800000 0.018633980 0.999409200 -0.028879610 -30.817110000 -0.946958600 0.008373078 -0.321246400 910.661200000
0.000000000 0.864009615 1.497616667 0.729799038 0.000131523 0.000000000 0.000000000 -0.322756800 0.031609460 0.945954000 314.932300000 0.017405280 0.999471400 -0.027459140 -30.869520000 -0.946321900 0.007601964 -0.323136300 910.280200000
0.000000000 0.864009615 1.497616667 0.729799038 0.000131523 0.000000000 0.000000000 -0.324608900 0.029232150 0.945396500 316.061700000 0.014283000 0.999559800 -0.026002740 -30.916260000 -0.945740400 0.005062369 -0.324883500 909.902400000
0.000000000 0.864009615 1.497616667 0.729799038 0.000131523 0.000000000 0.000000000 -0.326120900 0.025222010 0.944991600 317.194400000 0.011550890 0.999675700 -0.022695280 -30.955870000 -0.945257500 0.003514087 -0.326306400 909.524000000
0.000000000 0.864009615 1.497616667 0.729799038 0.000131523 0.000000000 0.000000000 -0.327343000 0.022880920 0.944628500 318.326100000 0.008958947 0.999737000 -0.021111220 -30.983850000 -0.944863100 0.001552263 -0.327461900 909.141000000
0.000000000 0.864009615 1.497616667 0.729799038 0.000131523 0.000000000 0.000000000 -0.328568700 0.026029540 0.944121400 319.450400000 0.007740482 0.999660800 -0.024866970 -31.017490000 -0.944448300 -0.000862558 -0.328658700 908.753400000
0.000000000 0.864009615 1.497616667 0.729799038 0.000131523 0.000000000 0.000000000 -0.329562300 0.033031650 0.943555900 320.572900000 0.009129826 0.999452500 -0.031799630 -31.053510000 -0.944089600 -0.001865462 -0.329683500 908.359700000
0.000000000 0.864009615 1.497616667 0.729799038 0.000131523 0.000000000 0.000000000 -0.330659400 0.034591150 0.943116000 321.699900000 0.009314754 0.999399000 -0.033389690 -31.082980000 -0.943704200 -0.002255725 -0.330782800 907.962000000
0.000000000 0.864009615 1.497616667 0.729799038 0.000131523 0.000000000 0.000000000 -0.331291700 0.031546730 0.943000900 322.840000000 0.010464070 0.999502300 -0.029760720 -31.124910000 -0.943470300 0.000008144 -0.331456900 907.560400000
0.000000000 0.864009615 1.497616667 0.729799038 0.000131523 0.000000000 0.000000000 -0.332039900 0.028114710 0.942846300 323.977700000 0.011316310 0.999602500 -0.025821900 -31.162820000 -0.943197400 0.002095635 -0.332226100 907.158300000
0.000000000 0.864009615 1.497616667 0.729799038 0.000131523 0.000000000 0.000000000 -0.332592400 0.027757480 0.942662100 325.109800000 0.012670220 0.999608000 -0.024963970 -31.191520000 -0.942985500 0.003640912 -0.332813700 906.756800000