0 0.503530940 0.895166080 0.500000000 0.500000000 0.000000000 0.000000000 0.990756750 0.020830931 -0.134041727 0.365925088 -0.021165008 0.999775410 -0.001067725 0.069236003 0.133989379 0.003894850 0.990975142 -0.134282222
0 0.503530940 0.895166080 0.500000000 0.500000000 0.000000000 0.000000000 0.989765048 0.021528438 -0.141073436 0.386603270 -0.021962900 0.999757648 -0.001523256 0.070997105 0.141006455 0.004606047 0.989997983 -0.140957222
0 0.503530940 0.895166080 0.500000000 0.500000000 0.000000000 0.000000000 0.988810122 0.022207532 -0.147517204 0.407291330 -0.022752061 0.999739110 -0.002004720 0.072137014 0.147434205 0.005338608 0.989057481 -0.147776617
0 0.503530940 0.895166080 0.500000000 0.500000000 0.000000000 0.000000000 0.987905204 0.022901140 -0.153358743 0.426823907 -0.023493525 0.999721885 -0.002051421 0.074373308 0.153269112 0.005629546 0.988168478 -0.155259190
0 0.503530940 0.895166080 0.500000000 0.500000000 0.000000000 0.000000000 0.987043977 0.023561714 -0.158710524 0.445382628 -0.023996640 0.999711692 -0.000824252 0.075971383 0.158645347 0.004622092 0.987324834 -0.162145623
0 0.503530940 0.895166080 0.500000000 0.500000000 0.000000000 0.000000000 0.986188054 0.024160383 -0.163857877 0.463770833 -0.024364239 0.999702871 0.000765799 0.076986744 0.163827688 0.003237050 0.986483634 -0.169284490
0 0.503530940 0.895166080 0.500000000 0.500000000 0.000000000 0.000000000 0.985327661 0.024764108 -0.168867350 0.480650917 -0.024751276 0.999691248 0.002181271 0.078323243 0.168869242 0.002030416 0.985636353 -0.175820410
0 0.503530940 0.895166080 0.500000000 0.500000000 0.000000000 0.000000000 0.984345794 0.025486723 -0.174395531 0.497378443 -0.025302183 0.999674439 0.003281782 0.079509392 0.174422413 0.001182179 0.984670222 -0.181222413
0 0.503530940 0.895166080 0.500000000 0.500000000 0.000000000 0.000000000 0.983335018 0.026148196 -0.179912388 0.513126166 -0.025895152 0.999657631 0.003755341 0.081282266 0.179948986 0.000966101 0.983675480 -0.185922486
0 0.503530940 0.895166080 0.500000000 0.500000000 0.000000000 0.000000000 0.982280910 0.026840053 -0.185482696 0.529223936 -0.026593752 0.999639034 0.003816156 0.082491502 0.185518175 0.001184144 0.982640147 -0.190682126
0 0.503530940 0.895166080 0.500000000 0.500000000 0.000000000 0.000000000 0.981295347 0.027576510 -0.190522939 0.543676691 -0.027461989 0.999617577 0.003241830 0.084011270 0.190539479 0.002050946 0.981677413 -0.195038517
0 0.503530940 0.895166080 0.500000000 0.500000000 0.000000000 0.000000000 0.980347812 0.028318275 -0.195233777 0.557575512 -0.028405724 0.999593735 0.002352462 0.085554690 0.195221066 0.003239526 0.980753899 -0.199498767
0 0.503530940 0.895166080 0.500000000 0.500000000 0.000000000 0.000000000 0.979444385 0.029052729 -0.199611112 0.570052435 -0.029260525 0.999570012 0.001909605 0.087655383 0.199580759 0.003970374 0.979873359 -0.204281946
0 0.503530940 0.895166080 0.500000000 0.500000000 0.000000000 0.000000000 0.978443325 0.029783960 -0.204356492 0.582645794 -0.029782809 0.999551654 0.003081942 0.088512436 0.204356655 0.003070805 0.978891671 -0.209540712
0 0.503530940 0.895166080 0.500000000 0.500000000 0.000000000 0.000000000 0.977410913 0.030410739 -0.209148452 0.594334764 -0.030064914 0.999536276 0.004833219 0.088921688 0.209198445 0.001563990 0.977871954 -0.214265800
0 0.503530940 0.895166080 0.500000000 0.500000000 0.000000000 0.000000000 0.976304710 0.031160239 -0.214145198 0.605834632 -0.030467676 0.999514401 0.006534689 0.088761774 0.214244843 0.000144659 0.976779997 -0.219360829
0 0.503530940 0.895166080 0.500000000 0.500000000 0.000000000 0.000000000 0.975149453 0.031822801 -0.219250754 0.617323184 -0.030811822 0.999492943 0.008029778 0.087902712 0.219395116 -0.001074719 0.975635529 -0.224504152
0 0.503530940 0.895166080 0.500000000 0.500000000 0.000000000 0.000000000 0.973981738 0.032559585 -0.224275485 0.629307060 -0.031320438 0.999468148 0.009081400 0.087159313 0.224451900 -0.001820711 0.974483490 -0.230586668
0 0.503530940 0.895166080 0.500000000 0.500000000 0.000000000 0.000000000 0.972863376 0.033170823 -0.228990242 0.640071383 -0.031871997 0.999448061 0.009369024 0.086176631 0.229174629 -0.001816404 0.973383605 -0.236929867
0 0.503530940 0.895166080 0.500000000 0.500000000 0.000000000 0.000000000 0.971620500 0.033874236 -0.234107211 0.651724520 -0.032594487 0.999425054 0.009334568 0.084462401 0.234288812 -0.001439052 0.972166002 -0.243734555
0 0.503530940 0.895166080 0.500000000 0.500000000 0.000000000 0.000000000 0.970371664 0.034623772 -0.239123344 0.663695351 -0.033372473 0.999399900 0.009280948 0.082167443 0.239301190 -0.001025832 0.970944822 -0.251081302
0 0.503530940 0.895166080 0.500000000 0.500000000 0.000000000 0.000000000 0.969152451 0.035164580 -0.243940577 0.676048874 -0.033907667 0.999381244 0.009351132 0.078802778 0.244118452 -0.000791216 0.969745100 -0.258427777
0 0.503530940 0.895166080 0.500000000 0.500000000 0.000000000 0.000000000 0.967809439 0.035811808 -0.249123335 0.688946502 -0.034535434 0.999358356 0.009493735 0.075080762 0.249303475 -0.000584543 0.968425214 -0.265550771
0 0.503530940 0.895166080 0.500000000 0.500000000 0.000000000 0.000000000 0.966418684 0.036507297 -0.254366189 0.701973441 -0.035243720 0.999333382 0.009524738 0.071875077 0.254544348 -0.000240073 0.967061043 -0.272683947
0 0.503530940 0.895166080 0.500000000 0.500000000 0.000000000 0.000000000 0.965041816 0.037132304 -0.259452373 0.716013300 -0.035925228 0.999310315 0.009394195 0.068975732 0.259622276 0.000255095 0.965710223 -0.280615608
0 0.503530940 0.895166080 0.500000000 0.500000000 0.000000000 0.000000000 0.963613987 0.037789028 -0.264613062 0.730868647 -0.036603451 0.999285579 0.009411611 0.066605922 0.264779657 0.000616591 0.964308739 -0.289764545
0 0.503530940 0.895166080 0.500000000 0.500000000 0.000000000 0.000000000 0.962258995 0.038375437 -0.269415975 0.745757070 -0.037158765 0.999263108 0.009616363 0.064520799 0.269586474 0.000757733 0.962975919 -0.299687686
0 0.503530940 0.895166080 0.500000000 0.500000000 0.000000000 0.000000000 0.960885406 0.038924698 -0.274197251 0.761069558 -0.037609641 0.999241948 0.010053472 0.063098979 0.274380714 0.000652226 0.961620927 -0.310156411
0 0.503530940 0.895166080 0.500000000 0.500000000 0.000000000 0.000000000 0.959441304 0.039524063 -0.279123992 0.776658460 -0.037960034 0.999218643 0.011008563 0.062072637 0.279341012 0.000033485 0.960191965 -0.321111505
0 0.503530940 0.895166080 0.500000000 0.500000000 0.000000000 0.000000000 0.958098948 0.040024232 -0.283627242 0.792707323 -0.038043860 0.999198020 0.012489459 0.060611081 0.283899665 -0.001175863 0.958853245 -0.332142202
0 0.503530940 0.895166080 0.500000000 0.500000000 0.000000000 0.000000000 0.956731558 0.040632527 -0.288121104 0.808238042 -0.038310189 0.999172032 0.013696731 0.060195559 0.288439065 -0.002066120 0.957496047 -0.343255852
0 0.503530940 0.895166080 0.500000000 0.500000000 0.000000000 0.000000000 0.955329120 0.041132130 -0.292667717 0.825195359 -0.038766421 0.999151886 0.013881112 0.060449961 0.292990446 -0.001915350 0.956113458 -0.353645237
0 0.503530940 0.895166080 0.500000000 0.500000000 0.000000000 0.000000000 0.953879058 0.041577440 -0.297297984 0.842268805 -0.039336596 0.999134541 0.013518770 0.061131529 0.297602773 -0.001200581 0.954689026 -0.363977368
0 0.503530940 0.895166080 0.500000000 0.500000000 0.000000000 0.000000000 0.952218235 0.042068291 -0.302507281 0.860900454 -0.039876111 0.999114454 0.013422088 0.060828594 0.302804053 -0.000717943 0.953052580 -0.373349590
0 0.503530940 0.895166080 0.500000000 0.500000000 0.000000000 0.000000000 0.950543523 0.042732526 -0.307637632 0.879075005 -0.040565662 0.999086499 0.013438088 0.060763580 0.307930857 -0.000293964 0.951408684 -0.383157863
0 0.503530940 0.895166080 0.500000000 0.500000000 0.000000000 0.000000000 0.948801696 0.043217454 -0.312901855 0.897946749 -0.041066978 0.999065697 0.013463181 0.060539616 0.313191354 0.000076044 0.949690044 -0.392519582
0 0.503530940 0.895166080 0.500000000 0.500000000 0.000000000 0.000000000 0.947122931 0.043737471 -0.317876071 0.916515225 -0.041603711 0.999042988 0.013501443 0.060173857 0.318162352 0.000437298 0.948036134 -0.402388427
0 0.503530940 0.895166080 0.500000000 0.500000000 0.000000000 0.000000000 0.945629954 0.044221893 -0.322224200 0.933703492 -0.042127710 0.999021411 0.013473204 0.059944236 0.322504699 0.000833902 0.946567476 -0.412755747
0 0.503530940 0.895166080 0.500000000 0.500000000 0.000000000 0.000000000 0.944122374 0.044532668 -0.326572746 0.951132907 -0.042431172 0.999007344 0.013559752 0.059508276 0.326852441 0.001054800 0.945074797 -0.422110529
0 0.503530940 0.895166080 0.500000000 0.500000000 0.000000000 0.000000000 0.942432046 0.045047492 -0.331349671 0.968759675 -0.042777762 0.998984516 0.014144005 0.058417479 0.331650347 0.000844635 0.943401992 -0.431068604
0 0.503530940 0.895166080 0.500000000 0.500000000 0.000000000 0.000000000 0.940752506 0.045609694 -0.336012632 0.984829568 -0.043074761 0.998959243 0.014998068 0.057106815 0.336347014 0.000364193 0.941738069 -0.438745690
0 0.503530940 0.895166080 0.500000000 0.500000000 0.000000000 0.000000000 0.938978493 0.046176963 -0.340862274 1.001900107 -0.043358598 0.998933256 0.015885929 0.056183986 0.341232240 -0.000137236 0.939979017 -0.445757263
0 0.503530940 0.895166080 0.500000000 0.500000000 0.000000000 0.000000000 0.937294126 0.046760559 -0.345388442 1.018074414 -0.043661032 0.998905957 0.016752655 0.054722819 0.345793933 -0.000622149 0.938310266 -0.452503615
0 0.503530940 0.895166080 0.500000000 0.500000000 0.000000000 0.000000000 0.935540855 0.047247577 -0.350044191 1.034761396 -0.043898705 0.998882711 0.017499942 0.052405828 0.350479901 -0.001005425 0.936569691 -0.458719270
0 0.503530940 0.895166080 0.500000000 0.500000000 0.000000000 0.000000000 0.933742702 0.047670439 -0.354756445 1.050439294 -0.044177257 0.998862505 0.017944776 0.050092436 0.355208337 -0.001083637 0.934786558 -0.464221243
0 0.503530940 0.895166080 0.500000000 0.500000000 0.000000000 0.000000000 0.931822360 0.048251204 -0.359692782 1.066237770 -0.044711195 0.998834908 0.018160198 0.048181074 0.360149950 -0.000839783 0.932894051 -0.468851171
0 0.503530940 0.895166080 0.500000000 0.500000000 0.000000000 0.000000000 0.929915130 0.048944116 -0.364502907 1.082206383 -0.045350432 0.998801351 0.018417949 0.045242973 0.364967436 -0.000596765 0.931020081 -0.472499186
0 0.503530940 0.895166080 0.500000000 0.500000000 0.000000000 0.000000000 0.928175688 0.049450811 -0.368842095 1.097667790 -0.045929525 0.998776555 0.018326655 0.042497847 0.369297087 -0.000069614 0.929311395 -0.475857273
0 0.503530940 0.895166080 0.500000000 0.500000000 0.000000000 0.000000000 0.926453114 0.049922306 -0.373084903 1.113104225 -0.046549387 0.998752892 0.018050099 0.040069717 0.373520732 0.000644304 0.927621603 -0.479375373
0 0.503530940 0.895166080 0.500000000 0.500000000 0.000000000 0.000000000 0.924675941 0.050444424 -0.377398700 1.129010988 -0.047220811 0.998725951 0.017796056 0.037494156 0.377815574 0.001365487 0.925879836 -0.482087175
0 0.503530940 0.895166080 0.500000000 0.500000000 0.000000000 0.000000000 0.922949851 0.051030513 -0.381522596 1.144248932 -0.047789831 0.998695731 0.017970996 0.035192447 0.381942064 0.001646573 0.924184799 -0.484970537
0 0.503530940 0.895166080 0.500000000 0.500000000 0.000000000 0.000000000 0.921220243 0.051506475 -0.385616869 1.160145390 -0.047913656 0.998672128 0.018928252 0.031533889 0.386079729 0.001039224 0.922464848 -0.486886949
0 0.503530940 0.895166080 0.500000000 0.500000000 0.000000000 0.000000000 0.919524550 0.052083518 -0.389566362 1.176836905 -0.047967575 0.998642743 0.020292988 0.028239044 0.390094548 0.000026653 0.920774817 -0.489009159
0 0.503530940 0.895166080 0.500000000 0.500000000 0.000000000 0.000000000 0.918041825 0.052552734 -0.392985255 1.192954596 -0.047870800 0.998617530 0.021712480 0.024208583 0.393583030 -0.001120445 0.919288397 -0.490549036
0 0.503530940 0.895166080 0.500000000 0.500000000 0.000000000 0.000000000 0.916540265 0.052842431 -0.396436095 1.209866035 -0.047712695 0.998600900 0.022797856 0.020932189 0.397086143 -0.001980119 0.917779207 -0.491526062
0 0.503530940 0.895166080 0.500000000 0.500000000 0.000000000 0.000000000 0.915008545 0.053240862 -0.399905980 1.227526900 -0.047879715 0.998579144 0.023392670 0.018014639 0.400583208 -0.002257109 0.916257620 -0.491832523
0 0.503530940 0.895166080 0.500000000 0.500000000 0.000000000 0.000000000 0.913484097 0.053570669 -0.403332353 1.245294526 -0.048198424 0.998562038 0.023467349 0.015085206 0.404009551 -0.001997066 0.914752603 -0.492183298
0 0.503530940 0.895166080 0.500000000 0.500000000 0.000000000 0.000000000 0.911909819 0.053962305 -0.406827390 1.262646498 -0.048695829 0.998541951 0.023295922 0.012519538 0.407491326 -0.001432984 0.913207948 -0.491686465
0 0.503530940 0.895166080 0.500000000 0.500000000 0.000000000 0.000000000 0.910049677 0.054429665 -0.410909981 1.281812602 -0.049296912 0.998517334 0.023086144 0.010388245 0.411557317 -0.000752944 0.911383569 -0.490749884
0 0.503530940 0.895166080 0.500000000 0.500000000 0.000000000 0.000000000 0.908052802 0.054987289 -0.415230602 1.302435083 -0.049908046 0.998487055 0.023083445 0.008773860 0.415871680 -0.000237639 0.909423292 -0.488249975
0 0.503530940 0.895166080 0.500000000 0.500000000 0.000000000 0.000000000 0.905892611 0.055328175 -0.419877827 1.323136346 -0.050223265 0.998468220 0.023212800 0.006560448 0.420518994 0.000059333 0.907283723 -0.484979441
0 0.503530940 0.895166080 0.500000000 0.500000000 0.000000000 0.000000000 0.903596818 0.055809170 -0.424733043 1.344568581 -0.050742883 0.998441279 0.023240650 0.005190564 0.425368041 0.000552002 0.905020297 -0.480819991
0 0.503530940 0.895166080 0.500000000 0.500000000 0.000000000 0.000000000 0.901484489 0.056212287 -0.429145515 1.366302013 -0.051134143 0.998418450 0.023364451 0.003880809 0.429780155 0.000881298 0.902933121 -0.476396693
0 0.503530940 0.895166080 0.500000000 0.500000000 0.000000000 0.000000000 0.899120212 0.056672335 -0.434017360 1.389378589 -0.051535409 0.998392165 0.023604324 0.003234030 0.434657246 0.001144137 0.900595248 -0.470861693
0 0.503530940 0.895166080 0.500000000 0.500000000 0.000000000 0.000000000 0.896855056 0.057119310 -0.438620985 1.412461632 -0.051847707 0.998366594 0.023998249 0.003736764 0.439275295 0.001218540 0.898351669 -0.465114744
0 0.503530940 0.895166080 0.500000000 0.500000000 0.000000000 0.000000000 0.894638896 0.057667628 -0.443052679 1.435406429 -0.052158643 0.998335242 0.024621168 0.003737052 0.443734944 0.001081971 0.896157444 -0.459237012
0 0.503530940 0.895166080 0.500000000 0.500000000 0.000000000 0.000000000 0.892176688 0.058078654 -0.447937131 1.459121934 -0.052429937 0.998311341 0.025012014 0.004503054 0.448633373 0.001170180 0.893715143 -0.451987067
0 0.503530940 0.895166080 0.500000000 0.500000000 0.000000000 0.000000000 0.889827907 0.058383387 -0.452545792 1.483185551 -0.052615300 0.998293459 0.025334876 0.005214332 0.453252643 0.001267154 0.891381204 -0.445182759
0 0.503530940 0.895166080 0.500000000 0.500000000 0.000000000 0.000000000 0.887535632 0.058898102 -0.456958950 1.505763580 -0.053008854 0.998263001 0.025710300 0.006680908 0.457679510 0.001404064 0.889116108 -0.439128441
0 0.503530940 0.895166080 0.500000000 0.500000000 0.000000000 0.000000000 0.885165334 0.059379056 -0.461472064 1.528713569 -0.053273275 0.998234630 0.026260689 0.008234687 0.462216735 0.001339076 0.886765957 -0.431674766
0 0.503530940 0.895166080 0.500000000 0.500000000 0.000000000 0.000000000 0.882717848 0.059824515 -0.466079682 1.551221882 -0.053352043 0.998208463 0.027082359 0.010054533 0.466864854 0.000960221 0.884328127 -0.424165499
0 0.503530940 0.895166080 0.500000000 0.500000000 0.000000000 0.000000000 0.880086899 0.060362577 -0.470960110 1.572562193 -0.053423800 0.998176396 0.028101990 0.012140733 0.471797585 0.000428286 0.881706774 -0.415643095
0 0.503530940 0.895166080 0.500000000 0.500000000 0.000000000 0.000000000 0.877420247 0.060852546 -0.475847304 1.594434515 -0.053349171 0.998146713 0.029274363 0.013537088 0.476746827 -0.000299860 0.879040599 -0.406294350
0 0.503530940 0.895166080 0.500000000 0.500000000 0.000000000 0.000000000 0.874355674 0.061471988 -0.481376499 1.616549310 -0.053746711 0.998108804 0.029835245 0.015272311 0.482300162 -0.000214211 0.876006007 -0.395304775
0 0.503530940 0.895166080 0.500000000 0.500000000 0.000000000 0.000000000 0.871132314 0.062160730 -0.487098098 1.638542242 -0.054650538 0.998065829 0.029629866 0.017194685 0.487997770 0.000808640 0.872844517 -0.383551990
0 0.503530940 0.895166080 0.500000000 0.500000000 0.000000000 0.000000000 0.868020535 0.062667236 -0.492557734 1.659509103 -0.055466160 0.998032570 0.029231438 0.016738578 0.493420511 0.001946797 0.869788706 -0.372032142
0 0.503530940 0.895166080 0.500000000 0.500000000 0.000000000 0.000000000 0.864719629 0.063329287 -0.498246253 1.680760539 -0.056749307 0.997985601 0.028358417 0.017971600 0.499038547 0.003753050 0.866571665 -0.359600067
0 0.503530940 0.895166080 0.500000000 0.500000000 0.000000000 0.000000000 0.861422896 0.064053752 -0.503832996 1.701506764 -0.057851508 0.997933626 0.027959224 0.018793327 0.504582763 0.005062782 0.863348484 -0.347593529
0 0.503530940 0.895166080 0.500000000 0.500000000 0.000000000 0.000000000 0.858101428 0.064662799 -0.509392440 1.722293834 -0.058212694 0.997894108 0.028611001 0.018641232 0.510169744 0.005101963 0.860058606 -0.334556955
0 0.503530940 0.895166080 0.500000000 0.500000000 0.000000000 0.000000000 0.854883134 0.065312602 -0.514693201 1.742487498 -0.058273412 0.997854769 0.029834341 0.018102253 0.515537620 0.004488055 0.856855214 -0.321593250
0 0.503530940 0.895166080 0.500000000 0.500000000 0.000000000 0.000000000 0.851780593 0.065982267 -0.519727051 1.761830779 -0.058498707 0.997812092 0.030804323 0.017857597 0.520622492 0.004164836 0.853776872 -0.308197860
