0.000000000 0.867232812 1.503203542 0.732643389 0.000129519 0.000000000 0.000000000 1.000000000 -0.000000000 0.000000001 -0.000000000 -0.000000000 0.999999900 -0.000000001 -0.000000000 0.000000001 -0.000000001 0.999999900 0.000000000
0.000000000 0.867232812 1.503203542 0.732643389 0.000129519 0.000000000 0.000000000 0.999998600 0.000712213 0.001533514 -0.011011020 -0.000705572 0.999990300 -0.004327036 -0.017121640 -0.001536580 0.004325946 0.999989400 0.961713000
0.000000000 0.867232812 1.503203542 0.732643389 0.000129519 0.000000000 0.000000000 0.999996800 -0.001383964 0.002129266 -0.016995290 0.001395070 0.999985300 -0.005223267 -0.033041580 -0.002122006 0.005226219 0.999984000 1.924885000
0.000000000 0.867232812 1.503203542 0.732643389 0.000129519 0.000000000 0.000000000 0.999993500 -0.002875213 0.002196984 -0.031067020 0.002877221 0.999995400 -0.000911193 -0.063418530 -0.002194353 0.000917508 0.999997100 2.888054000
0.000000000 0.867232812 1.503203542 0.732643389 0.000129519 0.000000000 0.000000000 0.999989400 -0.004378258 0.001426928 -0.044627380 0.004370282 0.999975000 0.005546374 -0.095036210 -0.001451175 -0.005540079 0.999983500 3.848312000
0.000000000 0.867232812 1.503203542 0.732643389 0.000129519 0.000000000 0.000000000 0.999961300 -0.008800744 0.000049304 -0.053372420 0.008800421 0.999950300 0.004659577 -0.122217300 -0.000090308 -0.004658963 0.999989100 4.806551000
0.000000000 0.867232812 1.503203542 0.732643389 0.000129519 0.000000000 0.000000000 0.999932900 -0.011541220 -0.000992883 -0.064585490 0.011542810 0.999932000 0.001608232 -0.144870500 0.000974255 -0.001619585 0.999998100 5.738958000
0.000000000 0.867232812 1.503203542 0.732643389 0.000129519 0.000000000 0.000000000 0.999925100 -0.012108510 -0.001791951 -0.075427920 0.012105900 0.999925600 -0.001463266 -0.153567300 0.001809537 0.001441462 0.999997300 6.676395000
0.000000000 0.867232812 1.503203542 0.732643389 0.000129519 0.000000000 0.000000000 0.999930700 -0.011482610 -0.002596193 -0.089364290 0.011477130 0.999931800 -0.002115606 -0.167881400 0.002620310 0.002085662 0.999994300 7.606157000
0.000000000 0.867232812 1.503203542 0.732643389 0.000129519 0.000000000 0.000000000 0.999935100 -0.010824590 -0.003547008 -0.101303400 0.010825330 0.999941300 0.000191505 -0.179166100 0.003544728 -0.000229891 0.999993600 8.535486000
0.000000000 0.867232812 1.503203542 0.732643389 0.000129519 0.000000000 0.000000000 0.999933200 -0.010746280 -0.004252912 -0.114131700 0.010759590 0.999937200 0.003119014 -0.186584800 0.004219129 -0.003164566 0.999986000 9.465868000
0.000000000 0.867232812 1.503203542 0.732643389 0.000129519 0.000000000 0.000000000 0.999926700 -0.010904910 -0.005254531 -0.127557400 0.010928220 0.999930400 0.004428359 -0.191630100 0.005205877 -0.004485457 0.999976300 10.388920000
0.000000000 0.867232812 1.503203542 0.732643389 0.000129519 0.000000000 0.000000000 0.999905100 -0.012462980 -0.005868031 -0.142194500 0.012492870 0.999909000 0.005084305 -0.199718500 0.005804133 -0.005157132 0.999969800 11.339520000
0.000000000 0.867232812 1.503203542 0.732643389 0.000129519 0.000000000 0.000000000 0.999896900 -0.012630690 -0.006826217 -0.154881300 0.012664780 0.999907400 0.004973288 -0.215560100 0.006762771 -0.005059228 0.999964300 12.223450000
0.000000000 0.867232812 1.503203542 0.732643389 0.000129519 0.000000000 0.000000000 0.999889000 -0.012872360 -0.007500847 -0.169312300 0.012898120 0.999911000 0.003394724 -0.235485800 0.007456483 -0.003491094 0.999966000 13.133250000
0.000000000 0.867232812 1.503203542 0.732643389 0.000129519 0.000000000 0.000000000 0.999869900 -0.013365740 -0.009034486 -0.184906300 0.013376920 0.999909800 0.001177817 -0.260252200 0.009017931 -0.001298518 0.999958400 14.041360000
0.000000000 0.867232812 1.503203542 0.732643389 0.000129519 0.000000000 0.000000000 0.999836800 -0.014686990 -0.010519980 -0.199284600 0.014686710 0.999892100 -0.000103411 -0.276057400 0.010520370 -0.000051111 0.999944600 14.945520000
0.000000000 0.867232812 1.503203542 0.732643389 0.000129519 0.000000000 0.000000000 0.999823100 -0.014326710 -0.012186250 -0.216948300 0.014319710 0.999897200 -0.000661617 -0.285110600 0.012194480 0.000486996 0.999925500 15.846270000
0.000000000 0.867232812 1.503203542 0.732643389 0.000129519 0.000000000 0.000000000 0.999822000 -0.013041430 -0.013636810 -0.236713000 0.013021220 0.999913900 -0.001569338 -0.293361000 0.013656110 0.001391489 0.999905700 16.743090000
0.000000000 0.867232812 1.503203542 0.732643389 0.000129519 0.000000000 0.000000000 0.999814800 -0.011596490 -0.015361250 -0.254852100 0.011572750 0.999931600 -0.001633665 -0.298243900 0.015379150 0.001455589 0.999880600 17.634840000
0.000000000 0.867232812 1.503203542 0.732643389 0.000129519 0.000000000 0.000000000 0.999783200 -0.012136640 -0.016918450 -0.273077900 0.012126890 0.999926200 -0.000678755 -0.304405500 0.016925450 0.000473439 0.999856600 18.526840000
0.000000000 0.867232812 1.503203542 0.732643389 0.000129519 0.000000000 0.000000000 0.999767400 -0.011484230 -0.018255990 -0.293743300 0.011499040 0.999933600 0.000706148 -0.313840200 0.018246680 -0.000915910 0.999833000 19.414190000
0.000000000 0.867232812 1.503203542 0.732643389 0.000129519 0.000000000 0.000000000 0.999740700 -0.011322860 -0.019758770 -0.314603400 0.011345590 0.999935000 0.001038627 -0.323688200 0.019745730 -0.001262534 0.999804200 20.294780000
0.000000000 0.867232812 1.503203542 0.732643389 0.000129519 0.000000000 0.000000000 0.999691300 -0.012467840 -0.021493260 -0.333566900 0.012491540 0.999921400 0.000968508 -0.322039800 0.021479500 -0.001236693 0.999768500 21.168900000
0.000000000 0.867232812 1.503203542 0.732643389 0.000129519 0.000000000 0.000000000 0.999652900 -0.012687800 -0.023088090 -0.351774900 0.012698850 0.999919200 0.000331807 -0.320508900 0.023082020 -0.000624885 0.999733300 22.037930000
0.000000000 0.867232812 1.503203542 0.732643389 0.000129519 0.000000000 0.000000000 0.999629700 -0.012613780 -0.024111980 -0.372549000 0.012636500 0.999919800 0.000789913 -0.317218500 0.024100090 -0.001094312 0.999708900 22.900890000
0.000000000 0.867232812 1.503203542 0.732643389 0.000129519 0.000000000 0.000000000 0.999606800 -0.012367240 -0.025164630 -0.393368400 0.012440260 0.999918800 0.002747129 -0.315926600 0.025128620 -0.003059103 0.999679500 23.757730000
0.000000000 0.867232812 1.503203542 0.732643389 0.000129519 0.000000000 0.000000000 0.999569200 -0.013638160 -0.025988400 -0.412103500 0.013788170 0.999889200 0.005601313 -0.314024100 0.025909130 -0.005957232 0.999646500 24.615430000
0.000000000 0.867232812 1.503203542 0.732643389 0.000129519 0.000000000 0.000000000 0.999556000 -0.013276700 -0.026675190 -0.428032800 0.013466650 0.999885100 0.006953738 -0.305738300 0.026579800 -0.007309876 0.999619900 25.442180000
0.000000000 0.867232812 1.503203542 0.732643389 0.000129519 0.000000000 0.000000000 0.999541300 -0.012824920 -0.027436740 -0.447402300 0.012987630 0.999899000 0.005760451 -0.298849200 0.027360090 -0.006114147 0.999606900 26.266210000
0.000000000 0.867232812 1.503203542 0.732643389 0.000129519 0.000000000 0.000000000 0.999537200 -0.011429930 -0.028193220 -0.469077400 0.011519220 0.999929100 0.003006464 -0.293049000 0.028156860 -0.003329837 0.999597900 27.080370000
0.000000000 0.867232812 1.503203542 0.732643389 0.000129519 0.000000000 0.000000000 0.999520600 -0.010923010 -0.028969740 -0.491623000 0.010968220 0.999938800 0.001401950 -0.293405100 0.028952660 -0.001719025 0.999579200 27.876970000
0.000000000 0.867232812 1.503203542 0.732643389 0.000129519 0.000000000 0.000000000 0.999500500 -0.010204250 -0.029909790 -0.514723400 0.010236900 0.999947100 0.000938649 -0.298276700 0.029898640 -0.001244365 0.999552100 28.669570000
0.000000000 0.867232812 1.503203542 0.732643389 0.000129519 0.000000000 0.000000000 0.999455100 -0.010424350 -0.031319360 -0.537728700 0.010446020 0.999945200 0.000528353 -0.303038600 0.031312140 -0.000855229 0.999509200 29.454710000
0.000000000 0.867232812 1.503203542 0.732643389 0.000129519 0.000000000 0.000000000 0.999398000 -0.010120000 -0.033184820 -0.561050200 0.010122450 0.999948700 -0.000094155 -0.302456100 0.033184080 -0.000241814 0.999449200 30.226650000
0.000000000 0.867232812 1.503203542 0.732643389 0.000129519 0.000000000 0.000000000 0.999334800 -0.010139920 -0.035031660 -0.583709700 0.010129330 0.999948500 -0.000479993 -0.289316600 0.035034730 0.000124826 0.999386000 30.993250000
0.000000000 0.867232812 1.503203542 0.732643389 0.000129519 0.000000000 0.000000000 0.999257200 -0.010454390 -0.037090500 -0.609882700 0.010485590 0.999944700 0.000646613 -0.284946000 0.037081690 -0.001035049 0.999311600 31.753310000
0.000000000 0.867232812 1.503203542 0.732643389 0.000129519 0.000000000 0.000000000 0.999182600 -0.010441670 -0.039052990 -0.637347300 0.010578140 0.999938600 0.003289435 -0.285958200 0.039016250 -0.003699855 0.999231700 32.497450000
0.000000000 0.867232812 1.503203542 0.732643389 0.000129519 0.000000000 0.000000000 0.999116600 -0.009676451 -0.040894570 -0.669497000 0.009870613 0.999940900 0.004548579 -0.291315500 0.040848140 -0.004948216 0.999153000 33.234900000
0.000000000 0.867232812 1.503203542 0.732643389 0.000129519 0.000000000 0.000000000 0.999048300 -0.008212274 -0.042838770 -0.707028100 0.008425612 0.999952900 0.004801790 -0.298098900 0.042797330 -0.005158163 0.999070400 33.962280000
0.000000000 0.867232812 1.503203542 0.732643389 0.000129519 0.000000000 0.000000000 0.998987100 -0.005570437 -0.044651250 -0.747597200 0.005752148 0.999975600 0.003942093 -0.301180900 0.044628210 -0.004194941 0.998994800 34.703530000
0.000000000 0.867232812 1.503203542 0.732643389 0.000129519 0.000000000 0.000000000 0.998914200 -0.004076822 -0.046408540 -0.786123100 0.004225973 0.999986100 0.003116198 -0.301298700 0.046395210 -0.003308936 0.998917600 35.393170000
0.000000000 0.867232812 1.503203542 0.732643389 0.000129519 0.000000000 0.000000000 0.998844700 -0.003602322 -0.047920240 -0.822501100 0.003824192 0.999982300 0.004539097 -0.293500200 0.047903050 -0.004717109 0.998840800 36.085730000
0.000000000 0.867232812 1.503203542 0.732643389 0.000129519 0.000000000 0.000000000 0.998797700 -0.002421920 -0.048961570 -0.857974500 0.002724895 0.999977500 0.006122217 -0.284560100 0.048945650 -0.006248272 0.998781800 36.773380000
0.000000000 0.867232812 1.503203542 0.732643389 0.000129519 0.000000000 0.000000000 0.998803800 0.000605960 -0.048894130 -0.897984100 -0.000270757 0.999976300 0.006862041 -0.282922200 0.048897140 -0.006840594 0.998780300 37.449210000
0.000000000 0.867232812 1.503203542 0.732643389 0.000129519 0.000000000 0.000000000 0.998848800 0.003748494 -0.047823700 -0.935693900 -0.003523552 0.999982300 0.004787030 -0.275350300 0.047840810 -0.004613010 0.998844300 38.111240000
0.000000000 0.867232812 1.503203542 0.732643389 0.000129519 0.000000000 0.000000000 0.998924800 0.005352123 -0.046051010 -0.966244000 -0.005291339 0.999984900 0.001441747 -0.264395200 0.046058040 -0.001196526 0.998938000 38.763550000
0.000000000 0.867232812 1.503203542 0.732643389 0.000129519 0.000000000 0.000000000 0.999019400 0.005712810 -0.043904100 -0.994068500 -0.005743068 0.999983300 -0.000563038 -0.259033300 0.043900160 0.000814629 0.999035500 39.400630000
0.000000000 0.867232812 1.503203542 0.732643389 0.000129519 0.000000000 0.000000000 0.999141400 0.006928143 -0.040847870 -1.022967000 -0.006919997 0.999975900 0.000340866 -0.254690900 0.040849250 -0.000057907 0.999165300 40.037480000
0.000000000 0.867232812 1.503203542 0.732643389 0.000129519 0.000000000 0.000000000 0.999232400 0.011976390 -0.037299380 -1.054571000 -0.011852760 0.999923400 0.003533972 -0.256141600 0.037338860 -0.003089159 0.999297800 40.686830000
0.000000000 0.867232812 1.503203542 0.732643389 0.000129519 0.000000000 0.000000000 0.999304800 0.016416040 -0.033473320 -1.082779000 -0.016180940 0.999842500 0.007282552 -0.255999300 0.033587600 -0.006735859 0.999413000 41.292110000
0.000000000 0.867232812 1.503203542 0.732643389 0.000129519 0.000000000 0.000000000 0.999347600 0.021316040 -0.029153610 -1.107347000 -0.021087630 0.999744600 0.008120116 -0.254243900 0.029319260 -0.007500038 0.999541900 41.890890000
0.000000000 0.867232812 1.503203542 0.732643389 0.000129519 0.000000000 0.000000000 0.999404400 0.025019990 -0.023766150 -1.127463000 -0.024830550 0.999657700 0.008233076 -0.250492700 0.023964010 -0.007638046 0.999683600 42.475690000
0.000000000 0.867232812 1.503203542 0.732643389 0.000129519 0.000000000 0.000000000 0.999426500 0.028709240 -0.017957910 -1.143225000 -0.028528660 0.999540500 0.010232930 -0.247275900 0.018243450 -0.009714743 0.999786300 43.044250000
0.000000000 0.867232812 1.503203542 0.732643389 0.000129519 0.000000000 0.000000000 0.999368300 0.033724310 -0.011207550 -1.156523000 -0.033593180 0.999367100 0.011690240 -0.246126500 0.011594700 -0.011306360 0.999868800 43.592390000
0.000000000 0.867232812 1.503203542 0.732643389 0.000129519 0.000000000 0.000000000 0.999306600 0.037009580 -0.004072654 -1.163695000 -0.036962710 0.999255600 0.011039520 -0.246330700 0.004478192 -0.010881330 0.999930700 44.119470000
0.000000000 0.867232812 1.503203542 0.732643389 0.000129519 0.000000000 0.000000000 0.999173900 0.040507880 0.003260896 -1.165311000 -0.040542680 0.999112400 0.011425370 -0.246031100 -0.002795184 -0.011548140 0.999929300 44.627050000
0.000000000 0.867232812 1.503203542 0.732643389 0.000129519 0.000000000 0.000000000 0.998930900 0.044946970 0.010811070 -1.165281000 -0.045064960 0.998924200 0.010929350 -0.240156900 -0.010308200 -0.011404860 0.999881800 45.110470000
0.000000000 0.867232812 1.503203542 0.732643389 0.000129519 0.000000000 0.000000000 0.998611000 0.049322160 0.018532370 -1.162119000 -0.049476200 0.998743600 0.007946644 -0.234850200 -0.018117140 -0.008852517 0.999796600 45.574470000
0.000000000 0.867232812 1.503203542 0.732643389 0.000129519 0.000000000 0.000000000 0.998344500 0.051056210 0.026487560 -1.153911000 -0.051195700 0.998677900 0.004614266 -0.236866100 -0.026216960 -0.005962677 0.999638400 46.013950000
0.000000000 0.867232812 1.503203542 0.732643389 0.000129519 0.000000000 0.000000000 0.998077800 0.051515620 0.034450990 -1.139704000 -0.051716850 0.998649300 0.004974724 -0.238030100 -0.034148190 -0.006746859 0.999393900 46.435620000
0.000000000 0.867232812 1.503203542 0.732643389 0.000129519 0.000000000 0.000000000 0.997805000 0.050996900 0.042243510 -1.119110000 -0.051308140 0.998662800 0.006315813 -0.239525600 -0.041864950 -0.008469386 0.999087300 46.832670000
0.000000000 0.867232812 1.503203542 0.732643389 0.000129519 0.000000000 0.000000000 0.997338300 0.052740120 0.050347230 -1.098158000 -0.053166510 0.998559900 0.007166379 -0.239174700 -0.049896780 -0.009824091 0.998706000 47.204560000
0.000000000 0.867232812 1.503203542 0.732643389 0.000129519 0.000000000 0.000000000 0.996645300 0.056185380 0.059509620 -1.077742000 -0.056705290 0.998365800 0.007082538 -0.238752500 -0.059014440 -0.010433290 0.998202500 47.567320000
0.000000000 0.867232812 1.503203542 0.732643389 0.000129519 0.000000000 0.000000000 0.995831800 0.060822990 0.067967210 -1.059487000 -0.061411230 0.998090700 0.006596949 -0.240415400 -0.067436210 -0.010743400 0.997665700 47.878400000
0.000000000 0.867232812 1.503203542 0.732643389 0.000129519 0.000000000 0.000000000 0.994946300 0.064397730 0.077037810 -1.036133000 -0.065107270 0.997855500 0.006731622 -0.244398400 -0.076439110 -0.011713320 0.997005400 48.176640000
0.000000000 0.867232812 1.503203542 0.732643389 0.000129519 0.000000000 0.000000000 0.994217300 0.063843190 0.086348730 -1.006263000 -0.064693750 0.997879900 0.007085063 -0.253270600 -0.085713350 -0.012630310 0.996239700 48.450880000
0.000000000 0.867232812 1.503203542 0.732643389 0.000129519 0.000000000 0.000000000 0.993296600 0.062791920 0.097052140 -0.973096300 -0.063583380 0.997963500 0.005080641 -0.260777200 -0.096535490 -0.011217490 0.995266300 48.716560000
0.000000000 0.867232812 1.503203542 0.732643389 0.000129519 0.000000000 0.000000000 0.992137900 0.061522640 0.108983600 -0.936955700 -0.061928520 0.998080500 0.000340155 -0.267589300 -0.108753500 -0.007086672 0.994043400 48.975590000
0.000000000 0.867232812 1.503203542 0.732643389 0.000129519 0.000000000 0.000000000 0.990537200 0.062487170 0.122194000 -0.897746200 -0.062470460 0.998038800 -0.003971708 -0.273442500 -0.122202600 -0.003699392 0.992498200 49.232390000
0.000000000 0.867232812 1.503203542 0.732643389 0.000129519 0.000000000 0.000000000 0.988370700 0.064316570 0.137792500 -0.856741500 -0.064110000 0.997925100 -0.005941497 -0.280568000 -0.137888800 -0.002961478 0.990443200 49.487080000
0.000000000 0.867232812 1.503203542 0.732643389 0.000129519 0.000000000 0.000000000 0.985725800 0.066286800 0.154760200 -0.808430900 -0.065964780 0.997795700 -0.007220978 -0.286092200 -0.154897700 -0.003090816 0.987925600 49.749700000
0.000000000 0.867232812 1.503203542 0.732643389 0.000129519 0.000000000 0.000000000 0.983018600 0.066691670 0.170958300 -0.757711700 -0.066217070 0.997769100 -0.008483377 -0.291571400 -0.171142700 -0.002981041 0.985241700 49.986150000
0.000000000 0.867232812 1.503203542 0.732643389 0.000129519 0.000000000 0.000000000 0.979732200 0.065954100 0.189142700 -0.697157900 -0.065301270 0.997818500 -0.009688392 -0.296761900 -0.189369100 -0.002859233 0.981901700 50.230580000
0.000000000 0.867232812 1.503203542 0.732643389 0.000129519 0.000000000 0.000000000 0.975727700 0.065031980 0.209108300 -0.629655100 -0.064333690 0.997876800 -0.010146710 -0.302290800 -0.209324200 -0.003552285 0.977839800 50.477330000
0.000000000 0.867232812 1.503203542 0.732643389 0.000129519 0.000000000 0.000000000 0.971302500 0.065513180 0.228647200 -0.562625300 -0.064609290 0.997844900 -0.011444960 -0.306784300 -0.228904300 -0.003656217 0.973442000 50.707270000
0.000000000 0.867232812 1.503203542 0.732643389 0.000129519 0.000000000 0.000000000 0.965914000 0.067609240 0.249878100 -0.488921100 -0.066237320 0.997706900 -0.013905500 -0.311706200 -0.250245300 -0.003119744 0.968177400 50.945300000
0.000000000 0.867232812 1.503203542 0.732643389 0.000129519 0.000000000 0.000000000 0.959667400 0.068922860 0.272558400 -0.407493700 -0.067070600 0.997617900 -0.016118530 -0.317908500 -0.273020100 -0.002812227 0.962004200 51.181490000
0.000000000 0.867232812 1.503203542 0.732643389 0.000129519 0.000000000 0.000000000 0.952273100 0.070183600 0.297069300 -0.317219200 -0.068152860 0.997526500 -0.017201020 -0.325504100 -0.297541800 -0.003866058 0.954700900 51.420200000
0.000000000 0.867232812 1.503203542 0.732643389 0.000129519 0.000000000 0.000000000 0.943611300 0.073089460 0.322886500 -0.221244900 -0.071026430 0.997308600 -0.018184190 -0.334079600 -0.323346600 -0.005774668 0.946262900 51.659300000
0.000000000 0.867232812 1.503203542 0.732643389 0.000129519 0.000000000 0.000000000 0.933412900 0.075496480 0.350771500 -0.114714000 -0.073331230 0.997117400 -0.019472970 -0.343953700 -0.351230600 -0.007546181 0.936258500 51.900750000