0 0.503304359 0.894763321 0.500000000 0.500000000 0.000000000 0.000000000 0.933611870 -0.074881189 0.350373715 -0.570261725 0.096059799 0.994427383 -0.043435514 0.365455152 -0.345168710 0.074208736 0.935602248 -0.879473294
0 0.503304359 0.894763321 0.500000000 0.500000000 0.000000000 0.000000000 0.933992624 -0.074513286 0.349436015 -0.562365412 0.095122837 0.994571984 -0.042168532 0.353812352 -0.344397157 0.072624445 0.936010838 -0.871582213
0 0.503304359 0.894763321 0.500000000 0.500000000 0.000000000 0.000000000 0.934389889 -0.074402578 0.348396063 -0.553711418 0.094505914 0.994677961 -0.041041695 0.342141365 -0.343488276 0.071274430 0.936448455 -0.862834364
0 0.503304359 0.894763321 0.500000000 0.500000000 0.000000000 0.000000000 0.934738636 -0.074114271 0.347520888 -0.544752578 0.093884163 0.994764149 -0.040374354 0.331760951 -0.342708975 0.070366174 0.936802626 -0.853706908
0 0.503304359 0.894763321 0.500000000 0.500000000 0.000000000 0.000000000 0.935299397 -0.074214593 0.345987290 -0.534200153 0.093343340 0.994872510 -0.038931809 0.319206926 -0.341323912 0.068708509 0.937431157 -0.845019087
0 0.503304359 0.894763321 0.500000000 0.500000000 0.000000000 0.000000000 0.935361207 -0.073801942 0.345908433 -0.526825674 0.092287689 0.995035231 -0.037254930 0.305710769 -0.341441572 0.066769905 0.937528372 -0.834352858
0 0.503304359 0.894763321 0.500000000 0.500000000 0.000000000 0.000000000 0.935424566 -0.073776685 0.345742494 -0.518645307 0.091786340 0.995128274 -0.035986122 0.293611173 -0.341403186 0.065396741 0.937639117 -0.823113484
0 0.503304359 0.894763321 0.500000000 0.500000000 0.000000000 0.000000000 0.935812056 -0.073771313 0.344693542 -0.507976901 0.091275252 0.995217204 -0.034807730 0.281758245 -0.340477109 0.064035483 0.938069701 -0.811935908
0 0.503304359 0.894763321 0.500000000 0.500000000 0.000000000 0.000000000 0.936120272 -0.073482141 0.343917429 -0.496815784 0.090643577 0.995300531 -0.034067716 0.271654493 -0.339797825 0.063065387 0.938381672 -0.800340401
0 0.503304359 0.894763321 0.500000000 0.500000000 0.000000000 0.000000000 0.936082304 -0.073353142 0.344048351 -0.487713728 0.089968137 0.995412409 -0.032556325 0.258948949 -0.340081871 0.061428789 0.938387334 -0.786938993
0 0.503304359 0.894763321 0.500000000 0.500000000 0.000000000 0.000000000 0.936088264 -0.073531322 0.343993962 -0.478195743 0.089488953 0.995513916 -0.030721797 0.245720520 -0.340191752 0.059541974 0.938469112 -0.773736687
0 0.503304359 0.894763321 0.500000000 0.500000000 0.000000000 0.000000000 0.936380625 -0.073375650 0.343230665 -0.466054465 0.088804044 0.995614290 -0.029427856 0.234839046 -0.339566052 0.058035947 0.938790023 -0.760542852
0 0.503304359 0.894763321 0.500000000 0.500000000 0.000000000 0.000000000 0.936383843 -0.073514745 0.343192160 -0.454489467 0.088405773 0.995693028 -0.027924938 0.223008827 -0.339661121 0.056488629 0.938849986 -0.747051728
0 0.503304359 0.894763321 0.500000000 0.500000000 0.000000000 0.000000000 0.936209142 -0.073473118 0.343677312 -0.444078575 0.087952413 0.995766521 -0.026710488 0.211987254 -0.340259850 0.055233855 0.938707888 -0.732789743
0 0.503304359 0.894763321 0.500000000 0.500000000 0.000000000 0.000000000 0.936494887 -0.073440284 0.342904985 -0.430906761 0.087683059 0.995803952 -0.026195638 0.203475123 -0.339542329 0.054599039 0.939004779 -0.719632108
0 0.503304359 0.894763321 0.500000000 0.500000000 0.000000000 0.000000000 0.936511874 -0.073682949 0.342806488 -0.419698085 0.087449409 0.995858908 -0.024852471 0.192295143 -0.339555681 0.053252861 0.939077258 -0.706223747
0 0.503304359 0.894763321 0.500000000 0.500000000 0.000000000 0.000000000 0.936509848 -0.073609859 0.342827767 -0.408350768 0.087042406 0.995916963 -0.023938458 0.182832743 -0.339665860 0.052259155 0.939093232 -0.691973384
0 0.503304359 0.894763321 0.500000000 0.500000000 0.000000000 0.000000000 0.936528265 -0.073700525 0.342757940 -0.397333228 0.086645551 0.995983124 -0.022585995 0.173232762 -0.339716524 0.050850876 0.939152181 -0.678295031
0 0.503304359 0.894763321 0.500000000 0.500000000 0.000000000 0.000000000 0.936612904 -0.073761404 0.342513561 -0.385917520 0.086064585 0.996071577 -0.020838756 0.163621842 -0.339630932 0.048996132 0.939281762 -0.664517802
0 0.503304359 0.894763321 0.500000000 0.500000000 0.000000000 0.000000000 0.936648369 -0.073571064 0.342457473 -0.375171241 0.085482091 0.996143043 -0.019796213 0.156412922 -0.339680195 0.047816072 0.939324737 -0.650763861
0 0.503304359 0.894763321 0.500000000 0.500000000 0.000000000 0.000000000 0.936787903 -0.073521137 0.342086375 -0.363628146 0.085154332 0.996184826 -0.019091392 0.149347865 -0.339377642 0.047014721 0.939474523 -0.637689914
0 0.503304359 0.894763321 0.500000000 0.500000000 0.000000000 0.000000000 0.936718225 -0.073489435 0.342283905 -0.353957867 0.084989317 0.996206403 -0.018699082 0.142200108 -0.339611232 0.046606246 0.939410508 -0.623074844
0 0.503304359 0.894763321 0.500000000 0.500000000 0.000000000 0.000000000 0.936831474 -0.073582903 0.341953784 -0.343065687 0.085048012 0.996202588 -0.018634610 0.136435132 -0.339284033 0.046539977 0.939531982 -0.609250023
0 0.503304359 0.894763321 0.500000000 0.500000000 0.000000000 0.000000000 0.937175155 -0.073472060 0.341034532 -0.331000625 0.084677316 0.996244609 -0.018066600 0.130205613 -0.338426411 0.045809455 0.939877152 -0.596008963
0 0.503304359 0.894763321 0.500000000 0.500000000 0.000000000 0.000000000 0.937392712 -0.073263124 0.340481102 -0.318220229 0.084298946 0.996283114 -0.017711448 0.125725166 -0.337917984 0.045304779 0.940084517 -0.583099460
0 0.503304359 0.894763321 0.500000000 0.500000000 0.000000000 0.000000000 0.937181890 -0.072972201 0.341123372 -0.308097834 0.083888225 0.996324301 -0.017338457 0.121164424 -0.338604271 0.044865523 0.939858615 -0.569231122
0 0.503304359 0.894763321 0.500000000 0.500000000 0.000000000 0.000000000 0.936990857 -0.072989695 0.341643959 -0.297027277 0.083799675 0.996338129 -0.016968304 0.116233149 -0.339154392 0.044528797 0.939676285 -0.555607319
0 0.503304359 0.894763321 0.500000000 0.500000000 0.000000000 0.000000000 0.936911762 -0.072983727 0.341862172 -0.285921322 0.083772890 0.996341884 -0.016881259 0.112346194 -0.339379549 0.044455033 0.939598441 -0.542268893
0 0.503304359 0.894763321 0.500000000 0.500000000 0.000000000 0.000000000 0.937109888 -0.072991215 0.341317147 -0.273245775 0.083588392 0.996365011 -0.016423468 0.107151906 -0.338877708 0.043920744 0.939804673 -0.529809627
0 0.503304359 0.894763321 0.500000000 0.500000000 0.000000000 0.000000000 0.937145412 -0.073110059 0.341194153 -0.262047190 0.083405301 0.996393859 -0.015581971 0.101014591 -0.338824540 0.043059971 0.939863682 -0.516450661
0 0.503304359 0.894763321 0.500000000 0.500000000 0.000000000 0.000000000 0.937179446 -0.073017046 0.341120511 -0.250901881 0.083102219 0.996427774 -0.015025417 0.096463613 -0.338804841 0.042429384 0.939899504 -0.503311409
0 0.503304359 0.894763321 0.500000000 0.500000000 0.000000000 0.000000000 0.937013805 -0.073386937 0.341495961 -0.240917216 0.083073042 0.996447861 -0.013804940 0.089697552 -0.339269817 0.041304525 0.939781845 -0.489215729
0 0.503304359 0.894763321 0.500000000 0.500000000 0.000000000 0.000000000 0.937248766 -0.072939001 0.340946734 -0.227279854 0.082515858 0.996496260 -0.013651518 0.086442723 -0.338756412 0.040928379 0.939983487 -0.475763609
0 0.503304359 0.894763321 0.500000000 0.500000000 0.000000000 0.000000000 0.936904669 -0.073196918 0.341835946 -0.218131364 0.082625195 0.996494830 -0.013081082 0.081245398 -0.339680254 0.040499989 0.939668596 -0.460377131
0 0.503304359 0.894763321 0.500000000 0.500000000 0.000000000 0.000000000 0.936724722 -0.073223025 0.342323244 -0.208818179 0.082522735 0.996508777 -0.012659667 0.076686646 -0.340201139 0.040108074 0.939496934 -0.445668705
0 0.503304359 0.894763321 0.500000000 0.500000000 0.000000000 0.000000000 0.936730921 -0.073196784 0.342311889 -0.197217873 0.082416087 0.996520340 -0.012443656 0.073024832 -0.340209901 0.039868362 0.939503968 -0.431491632
0 0.503304359 0.894763321 0.500000000 0.500000000 0.000000000 0.000000000 0.936780572 -0.073275968 0.342159033 -0.185836786 0.082313359 0.996534884 -0.011946185 0.069185553 -0.340098053 0.039355211 0.939566135 -0.416859895
0 0.503304359 0.894763321 0.500000000 0.500000000 0.000000000 0.000000000 0.936801136 -0.073123448 0.342135310 -0.175171460 0.081936568 0.996572852 -0.011356403 0.065378278 -0.340132356 0.038672086 0.939582050 -0.401782563
0 0.503304359 0.894763321 0.500000000 0.500000000 0.000000000 0.000000000 0.936559498 -0.072937295 0.342835933 -0.164602832 0.081639394 0.996601224 -0.010998684 0.061984392 -0.340868503 0.038289838 0.939330935 -0.386295790
0 0.503304359 0.894763321 0.500000000 0.500000000 0.000000000 0.000000000 0.936204731 -0.073354267 0.343714803 -0.153942724 0.081998341 0.996575475 -0.010660504 0.057329556 -0.341755748 0.038164459 0.939013541 -0.371624419
0 0.503304359 0.894763321 0.500000000 0.500000000 0.000000000 0.000000000 0.935994565 -0.073649757 0.344223589 -0.142333331 0.082289688 0.996552765 -0.010536284 0.053167629 -0.342260957 0.038187958 0.938828588 -0.357519556
0 0.503304359 0.894763321 0.500000000 0.500000000 0.000000000 0.000000000 0.935575783 -0.074113034 0.345261097 -0.133167062 0.082690045 0.996523559 -0.010158742 0.048627967 -0.343307912 0.038053930 0.938451707 -0.342280878
0 0.503304359 0.894763321 0.500000000 0.500000000 0.000000000 0.000000000 0.935559094 -0.074053384 0.345319033 -0.122418550 0.082620412 0.996529579 -0.010135266 0.045974549 -0.343370050 0.038012542 0.938430607 -0.327888266
0 0.503304359 0.894763321 0.500000000 0.500000000 0.000000000 0.000000000 0.935069859 -0.074179016 0.346614778 -0.114413471 0.082474411 0.996550500 -0.009221185 0.041850249 -0.344735116 0.037209302 0.937962234 -0.312773967
0 0.503304359 0.894763321 0.500000000 0.500000000 0.000000000 0.000000000 0.934562624 -0.074178562 0.347980261 -0.105670560 0.082405321 0.996559322 -0.008878650 0.039281976 -0.346124381 0.036973082 0.937459826 -0.298794337
0 0.503304359 0.894763321 0.500000000 0.500000000 0.000000000 0.000000000 0.934128523 -0.074367426 0.349103689 -0.097653647 0.082429104 0.996562600 -0.008271414 0.035941321 -0.347288549 0.036502868 0.937047601 -0.284398636
0 0.503304359 0.894763321 0.500000000 0.500000000 0.000000000 0.000000000 0.933768511 -0.074478783 0.350041747 -0.089180487 0.082481742 0.996560574 -0.007988309 0.033215304 -0.348242849 0.036331289 0.936700046 -0.269958977
0 0.503304359 0.894763321 0.500000000 0.500000000 0.000000000 0.000000000 0.933348775 -0.074524805 0.351149708 -0.081121699 0.082564570 0.996553957 -0.007955445 0.030615745 -0.349346757 0.036417730 0.936285555 -0.254703653
0 0.503304359 0.894763321 0.500000000 0.500000000 0.000000000 0.000000000 0.933075726 -0.074797191 0.351816833 -0.071861248 0.082857691 0.996530175 -0.007887178 0.028300474 -0.350006163 0.036510065 0.936035633 -0.239714841
0 0.503304359 0.894763321 0.500000000 0.500000000 0.000000000 0.000000000 0.932584405 -0.075021863 0.353069425 -0.063338539 0.082886219 0.996533096 -0.007184496 0.025685548 -0.351306379 0.035964739 0.935569525 -0.224278040
0 0.503304359 0.894763321 0.500000000 0.500000000 0.000000000 0.000000000 0.932131231 -0.075232454 0.354219496 -0.054738568 0.082838871 0.996542811 -0.006336004 0.023557321 -0.352518231 0.035249129 0.935140848 -0.208729351
0 0.503304359 0.894763321 0.500000000 0.500000000 0.000000000 0.000000000 0.931680501 -0.075221017 0.355405807 -0.046092039 0.082644522 0.996562600 -0.005728203 0.022007619 -0.353753269 0.034709200 0.934694529 -0.193741255
0 0.503304359 0.894763321 0.500000000 0.500000000 0.000000000 0.000000000 0.931040525 -0.075622395 0.356994092 -0.036963221 0.083042808 0.996530890 -0.005479554 0.019634024 -0.355341285 0.034747481 0.934090555 -0.178900986
0 0.503304359 0.894763321 0.500000000 0.500000000 0.000000000 0.000000000 0.930506766 -0.076170482 0.358266979 -0.027803508 0.083696596 0.996475995 -0.005521544 0.017826430 -0.356583863 0.035123557 0.933602870 -0.165359066
0 0.503304359 0.894763321 0.500000000 0.500000000 0.000000000 0.000000000 0.930065453 -0.076173216 0.359410554 -0.019170818 0.083659299 0.996480346 -0.005296207 0.016969343 -0.357742131 0.034993853 0.933164537 -0.153215741
0 0.503304359 0.894763321 0.500000000 0.500000000 0.000000000 0.000000000 0.929220438 -0.076373637 0.361547232 -0.011841680 0.083569631 0.996492743 -0.004283920 0.015295280 -0.359952003 0.034195077 0.932343960 -0.138837911
0 0.503304359 0.894763321 0.500000000 0.500000000 0.000000000 0.000000000 0.928440928 -0.076573998 0.363502294 -0.004021857 0.083707079 0.996482849 -0.003885545 0.014811603 -0.361926258 0.034035213 0.931585193 -0.125058025
0 0.503304359 0.894763321 0.500000000 0.500000000 0.000000000 0.000000000 0.927782476 -0.076973252 0.365095586 0.003574731 0.084134959 0.996447444 -0.003722692 0.012981492 -0.363512009 0.034171149 0.930962622 -0.109965698
0 0.503304359 0.894763321 0.500000000 0.500000000 0.000000000 0.000000000 0.927367687 -0.077043816 0.366133034 0.011800520 0.084286444 0.996434271 -0.003811237 0.011749167 -0.364533871 0.034394469 0.930554688 -0.094302434
0 0.503304359 0.894763321 0.500000000 0.500000000 0.000000000 0.000000000 0.926804543 -0.077055030 0.367553949 0.020505883 0.084129132 0.996449590 -0.003237109 0.009926475 -0.365999550 0.033922162 0.929996550 -0.078525063
0 0.503304359 0.894763321 0.500000000 0.500000000 0.000000000 0.000000000 0.925942123 -0.077566199 0.369614273 0.028370109 0.084355123 0.996433318 -0.002214236 0.008028311 -0.368124217 0.033229113 0.929182649 -0.061599850
0 0.503304359 0.894763321 0.500000000 0.500000000 0.000000000 0.000000000 0.925147474 -0.077541605 0.371603936 0.036868594 0.084111549 0.996455252 -0.001476977 0.007110843 -0.370172173 0.032622606 0.928390205 -0.043660462
0 0.503304359 0.894763321 0.500000000 0.500000000 0.000000000 0.000000000 0.924297988 -0.078085169 0.373598635 0.045560694 0.084587440 0.996415555 -0.001013728 0.005456591 -0.372180313 0.032538738 0.927589893 -0.025400296
0 0.503304359 0.894763321 0.500000000 0.500000000 0.000000000 0.000000000 0.923462987 -0.078280032 0.375617266 0.053891205 0.084822506 0.996395707 -0.000885368 0.004012995 -0.374194115 0.032678399 0.926774442 -0.006993674
0 0.503304359 0.894763321 0.500000000 0.500000000 0.000000000 0.000000000 0.922737598 -0.078708284 0.377306700 0.063676753 0.085284665 0.996356368 -0.000725853 0.003126609 -0.375874788 0.032848246 0.926088095 0.011076629
0 0.503304359 0.894763321 0.500000000 0.500000000 0.000000000 0.000000000 0.922285259 -0.078983568 0.378353685 0.073087950 0.085107222 0.996371627 0.000538778 0.000596305 -0.377023458 0.031703725 0.925660968 0.029359506
0 0.503304359 0.894763321 0.500000000 0.500000000 0.000000000 0.000000000 0.921757460 -0.079196721 0.379593253 0.081864638 0.084919214 0.996386409 0.001674470 -0.000034866 -0.378354162 0.030691303 0.925151944 0.049005318
0 0.503304359 0.894763321 0.500000000 0.500000000 0.000000000 0.000000000 0.921057343 -0.079412371 0.381244123 0.092012759 0.084739119 0.996399164 0.002824527 -0.001631934 -0.380095631 0.029704738 0.924470067 0.069379476
0 0.503304359 0.894763321 0.500000000 0.500000000 0.000000000 0.000000000 0.920330286 -0.079866566 0.382901490 0.102892660 0.085177876 0.996360958 0.003092564 -0.002910661 -0.381755084 0.029768554 0.923784018 0.089287573
0 0.503304359 0.894763321 0.500000000 0.500000000 0.000000000 0.000000000 0.919694781 -0.080074176 0.384382099 0.114100390 0.085444123 0.996338069 0.003117832 -0.004303833 -0.383224189 0.029975738 0.923168838 0.108657605
0 0.503304359 0.894763321 0.500000000 0.500000000 0.000000000 0.000000000 0.919142425 -0.080345690 0.385644674 0.124923208 0.085732602 0.996312916 0.003238691 -0.005239263 -0.384482980 0.030085502 0.922641695 0.126939126
0 0.503304359 0.894763321 0.500000000 0.500000000 0.000000000 0.000000000 0.918242514 -0.080725275 0.387703687 0.135576389 0.085856669 0.996299088 0.004099199 -0.005440139 -0.386599749 0.029522888 0.921774924 0.145691307
0 0.503304359 0.894763321 0.500000000 0.500000000 0.000000000 0.000000000 0.917428732 -0.081097886 0.389548004 0.146681321 0.085772850 0.996300042 0.005409719 -0.004917135 -0.388545394 0.028449612 0.920990288 0.163260707
0 0.503304359 0.894763321 0.500000000 0.500000000 0.000000000 0.000000000 0.916591763 -0.081399776 0.391450703 0.158261732 0.085622571 0.996305168 0.006688143 -0.004244200 -0.390548795 0.027386719 0.920174778 0.182185438
0 0.503304359 0.894763321 0.500000000 0.500000000 0.000000000 0.000000000 0.915609717 -0.081565291 0.393707931 0.169892038 0.085571915 0.996304512 0.007399876 -0.003538859 -0.392856568 0.026914945 0.919205785 0.200781633
0 0.503304359 0.894763321 0.500000000 0.500000000 0.000000000 0.000000000 0.914602399 -0.082063407 0.395939440 0.181076009 0.086116560 0.996256351 0.007561191 -0.003211108 -0.395077676 0.027181460 0.918245494 0.218464841
0 0.503304359 0.894763321 0.500000000 0.500000000 0.000000000 0.000000000 0.913605392 -0.082249373 0.398196250 0.191015590 0.086357281 0.996234894 0.007642529 -0.002014758 -0.397325605 0.027404891 0.917268395 0.237460583
0 0.503304359 0.894763321 0.500000000 0.500000000 0.000000000 0.000000000 0.913046598 -0.082482472 0.399427772 0.203831239 0.086389251 0.996227324 0.008246487 -0.000909750 -0.398601055 0.026976841 0.916727602 0.253189238
0 0.503304359 0.894763321 0.500000000 0.500000000 0.000000000 0.000000000 0.912050188 -0.082862832 0.401619434 0.214514757 0.086381324 0.996218026 0.009375410 -0.000615194 -0.400877416 0.026141575 0.915758669 0.270277076
0 0.503304359 0.894763321 0.500000000 0.500000000 0.000000000 0.000000000 0.911270738 -0.082864396 0.403384626 0.225421641 0.086059242 0.996237457 0.010236739 0.000095306 -0.402715117 0.025386535 0.914973259 0.286968319
0 0.503304359 0.894763321 0.500000000 0.500000000 0.000000000 0.000000000 0.910896361 -0.083094768 0.404181987 0.237505454 0.086083084 0.996229351 0.010808675 0.000871091 -0.403556108 0.024947651 0.914614737 0.302704515
