0 0.498538133 0.886290018 0.500000000 0.500000000 0.000000000 0.000000000 0.997981727 0.000092679 -0.063501611 -0.038644182 -0.002399686 0.999339700 -0.036254592 0.150152617 0.063456319 0.036333803 0.997322977 -0.339401969
0 0.498538133 0.886290018 0.500000000 0.500000000 0.000000000 0.000000000 0.997951210 0.000094136 -0.063979693 -0.038441743 -0.002472300 0.999308765 -0.037092458 0.156103605 0.063931979 0.037174638 0.997261643 -0.343094679
0 0.498538133 0.886290018 0.500000000 0.500000000 0.000000000 0.000000000 0.997889459 0.000040725 -0.064935669 -0.037014830 -0.002500371 0.999282300 -0.037797369 0.161973408 0.064887524 0.037879959 0.997173369 -0.347150950
0 0.498538133 0.886290018 0.500000000 0.500000000 0.000000000 0.000000000 0.997831643 -0.000010005 -0.065817691 -0.035949704 -0.002530053 0.999255061 -0.038508866 0.168178538 0.065769047 0.038591892 0.997088313 -0.350892650
0 0.498538133 0.886290018 0.500000000 0.500000000 0.000000000 0.000000000 0.997780681 0.000023072 -0.066586167 -0.035185462 -0.002621103 0.999238491 -0.038930483 0.173727066 0.066534564 0.039018612 0.997020900 -0.354449532
0 0.498538133 0.886290018 0.500000000 0.500000000 0.000000000 0.000000000 0.997711957 -0.000108549 -0.067607932 -0.034232407 -0.002571986 0.999213874 -0.039559923 0.179682212 0.067559086 0.039643295 0.996927381 -0.357900934
0 0.498538133 0.886290018 0.500000000 0.500000000 0.000000000 0.000000000 0.997629106 -0.000168791 -0.068819635 -0.033023058 -0.002599639 0.999190867 -0.040135786 0.185420052 0.068770722 0.040219534 0.996821463 -0.361307146
0 0.498538133 0.886290018 0.500000000 0.500000000 0.000000000 0.000000000 0.997589529 -0.000008777 -0.069391139 -0.032536849 -0.002824423 0.999166131 -0.040731199 0.191350302 0.069333635 0.040829007 0.996757686 -0.364254134
0 0.498538133 0.886290018 0.500000000 0.500000000 0.000000000 0.000000000 0.997539282 -0.000058944 -0.070109688 -0.032025289 -0.002831045 0.999150157 -0.041120887 0.196884006 0.070052527 0.041218184 0.996691406 -0.367220723
0 0.498538133 0.886290018 0.500000000 0.500000000 0.000000000 0.000000000 0.997460723 -0.000113815 -0.071218632 -0.031111001 -0.002853002 0.999132156 -0.041554764 0.202822187 0.071161553 0.041652434 0.996594727 -0.370430438
0 0.498538133 0.886290018 0.500000000 0.500000000 0.000000000 0.000000000 0.997372568 -0.000074945 -0.072442517 -0.029749491 -0.002958547 0.999123037 -0.041766260 0.208595761 0.072382115 0.041870847 0.996497691 -0.373218917
0 0.498538133 0.886290018 0.500000000 0.500000000 0.000000000 0.000000000 0.997307956 0.000012180 -0.073327258 -0.028543415 -0.003096923 0.999114692 -0.041954610 0.214401477 0.073261827 0.042068753 0.996425092 -0.375753789
0 0.498538133 0.886290018 0.500000000 0.500000000 0.000000000 0.000000000 0.997264504 0.000128725 -0.073915780 -0.027745651 -0.003252302 0.999106407 -0.042139784 0.219923616 0.073844306 0.042264905 0.996373773 -0.378293491
0 0.498538133 0.886290018 0.500000000 0.500000000 0.000000000 0.000000000 0.997212350 0.000120917 -0.074615397 -0.026985251 -0.003296996 0.999093413 -0.042444296 0.225550016 0.074542619 0.042571984 0.996308684 -0.380616220
0 0.498538133 0.886290018 0.500000000 0.500000000 0.000000000 0.000000000 0.997150898 0.000106444 -0.075432517 -0.025956192 -0.003338131 0.999081612 -0.042717312 0.231315816 0.075358696 0.042847410 0.996235490 -0.382898506
0 0.498538133 0.886290018 0.500000000 0.500000000 0.000000000 0.000000000 0.997076631 0.000162106 -0.076408029 -0.025142910 -0.003453553 0.999071360 -0.042947084 0.237118105 0.076330110 0.043085411 0.996151268 -0.385061381
0 0.498538133 0.886290018 0.500000000 0.500000000 0.000000000 0.000000000 0.996992707 0.000226196 -0.077495389 -0.024126303 -0.003563690 0.999071658 -0.042931419 0.242712666 0.077413738 0.043078478 0.996067941 -0.387323598
0 0.498538133 0.886290018 0.500000000 0.500000000 0.000000000 0.000000000 0.996930361 0.000314364 -0.078292839 -0.024032065 -0.003692247 0.999068141 -0.043003190 0.248906255 0.078206360 0.043160263 0.996002495 -0.389343819
0 0.498538133 0.886290018 0.500000000 0.500000000 0.000000000 0.000000000 0.996830106 0.000333590 -0.079558671 -0.023008288 -0.003753149 0.999075055 -0.042835947 0.254795528 0.079470791 0.042998757 0.995909393 -0.391368198
0 0.498538133 0.886290018 0.500000000 0.500000000 0.000000000 0.000000000 0.996759713 0.000368628 -0.080436215 -0.022785614 -0.003821464 0.999077380 -0.042776663 0.260818834 0.080346234 0.042945437 0.995841444 -0.393505718
0 0.498538133 0.886290018 0.500000000 0.500000000 0.000000000 0.000000000 0.996714950 0.000409634 -0.080988817 -0.023215565 -0.003915683 0.999061525 -0.043136459 0.267173944 0.080895141 0.043311879 0.995781124 -0.394940279
0 0.498538133 0.886290018 0.500000000 0.500000000 0.000000000 0.000000000 0.996628881 0.000472475 -0.082040541 -0.022910204 -0.004056646 0.999044061 -0.043526612 0.273005252 0.081941545 0.043712687 0.995678067 -0.396709588
0 0.498538133 0.886290018 0.500000000 0.500000000 0.000000000 0.000000000 0.996519029 0.000499991 -0.083363883 -0.022878761 -0.004182983 0.999022305 -0.044010904 0.278955297 0.083260372 0.044206414 0.995546818 -0.397914568
0 0.498538133 0.886290018 0.500000000 0.500000000 0.000000000 0.000000000 0.996424317 0.000586785 -0.084487937 -0.023189557 -0.004353345 0.999004185 -0.044403713 0.284883325 0.084377751 0.044612747 0.995434642 -0.398982147
0 0.498538133 0.886290018 0.500000000 0.500000000 0.000000000 0.000000000 0.996312678 0.000648915 -0.085793875 -0.022371204 -0.004481707 0.998999834 -0.044489369 0.290497228 0.085679196 0.044709828 0.995319068 -0.400153709
0 0.498538133 0.886290018 0.500000000 0.500000000 0.000000000 0.000000000 0.996218801 0.000778726 -0.086876199 -0.021689289 -0.004640819 0.999009192 -0.044262029 0.296030303 0.086755656 0.044497844 0.995235324 -0.401203446
0 0.498538133 0.886290018 0.500000000 0.500000000 0.000000000 0.000000000 0.996170282 0.000865293 -0.087430142 -0.022084243 -0.004722063 0.999024093 -0.043915406 0.301765258 0.087306820 0.044160072 0.995202184 -0.401907555
0 0.498538133 0.886290018 0.500000000 0.500000000 0.000000000 0.000000000 0.996092975 0.000973960 -0.088305622 -0.021724413 -0.004821453 0.999047577 -0.043367367 0.307318315 0.088179275 0.043623690 0.995148957 -0.402336884
0 0.498538133 0.886290018 0.500000000 0.500000000 0.000000000 0.000000000 0.995987296 0.001047719 -0.089488320 -0.021059727 -0.004921032 0.999059796 -0.043073237 0.312588278 0.089359052 0.043340772 0.995056033 -0.402770624
0 0.498538133 0.886290018 0.500000000 0.500000000 0.000000000 0.000000000 0.995901406 0.001282565 -0.090436243 -0.021142218 -0.005210351 0.999052465 -0.043208856 0.317786518 0.090295129 0.043502964 0.994964480 -0.402860700
0 0.498538133 0.886290018 0.500000000 0.500000000 0.000000000 0.000000000 0.995839536 0.001404390 -0.091113336 -0.021304025 -0.005428710 0.999019623 -0.043935515 0.323556413 0.090962306 0.044247348 0.994870842 -0.402673989
0 0.498538133 0.886290018 0.500000000 0.500000000 0.000000000 0.000000000 0.995788634 0.001310625 -0.091669567 -0.021664119 -0.005420300 0.998990357 -0.044596821 0.329059070 0.091518566 0.044905882 0.994790316 -0.402259194
0 0.498538133 0.886290018 0.500000000 0.500000000 0.000000000 0.000000000 0.995713055 0.001299007 -0.092487127 -0.021634786 -0.005485156 0.998970926 -0.045022171 0.334366698 0.092333466 0.045336466 0.994695485 -0.401687587
0 0.498538133 0.886290018 0.500000000 0.500000000 0.000000000 0.000000000 0.995625973 0.001240089 -0.093420424 -0.021590517 -0.005472851 0.998969018 -0.045066193 0.339554040 0.093268223 0.045380346 0.994606256 -0.401401520
0 0.498538133 0.886290018 0.500000000 0.500000000 0.000000000 0.000000000 0.995535791 0.001340398 -0.094375506 -0.021386167 -0.005592724 0.998979986 -0.044807456 0.344844186 0.094219178 0.045135241 0.994527817 -0.400749651
0 0.498538133 0.886290018 0.500000000 0.500000000 0.000000000 0.000000000 0.995445251 0.001410154 -0.095324501 -0.021298442 -0.005652218 0.999004662 -0.044245943 0.349979991 0.095167227 0.044583209 0.994462430 -0.400283484
0 0.498538133 0.886290018 0.500000000 0.500000000 0.000000000 0.000000000 0.995349169 0.001497978 -0.096321419 -0.020882814 -0.005736730 0.999026299 -0.043744467 0.355044146 0.096162103 0.044093587 0.994388580 -0.399233215
0 0.498538133 0.886290018 0.500000000 0.500000000 0.000000000 0.000000000 0.995276511 0.001580823 -0.097068153 -0.020563159 -0.005833144 0.999034703 -0.043539446 0.360308756 0.096905626 0.043899998 0.994324923 -0.398065308
0 0.498538133 0.886290018 0.500000000 0.500000000 0.000000000 0.000000000 0.995212436 0.001470407 -0.097724259 -0.020474329 -0.005793729 0.999015987 -0.043970980 0.366176545 0.097563446 0.044326656 0.994241655 -0.396728836
0 0.498538133 0.886290018 0.500000000 0.500000000 0.000000000 0.000000000 0.995137036 0.001450952 -0.098489545 -0.020021044 -0.005862324 0.998991489 -0.044515658 0.371905635 0.098325625 0.044876557 0.994141936 -0.395401334
0 0.498538133 0.886290018 0.500000000 0.500000000 0.000000000 0.000000000 0.995080233 0.001450597 -0.099062011 -0.019823591 -0.005912302 0.998980224 -0.044760816 0.377254753 0.098896064 0.045126289 0.994074047 -0.393923280
0 0.498538133 0.886290018 0.500000000 0.500000000 0.000000000 0.000000000 0.995007277 0.001428476 -0.099792250 -0.019289404 -0.005941354 0.998971999 -0.044940196 0.382722694 0.099625468 0.045308724 0.993992925 -0.392262331
0 0.498538133 0.886290018 0.500000000 0.500000000 0.000000000 0.000000000 0.994982481 0.001428664 -0.100039259 -0.019302075 -0.005947611 0.998974323 -0.044888079 0.387861313 0.099872515 0.045257848 0.993970454 -0.390803677
0 0.498538133 0.886290018 0.500000000 0.500000000 0.000000000 0.000000000 0.994907439 0.001334850 -0.100784227 -0.018583077 -0.005843177 0.998994470 -0.044450525 0.392521586 0.100623548 0.044813056 0.993914843 -0.389143225
0 0.498538133 0.886290018 0.500000000 0.500000000 0.000000000 0.000000000 0.994829118 0.001282831 -0.101554774 -0.017923213 -0.005772669 0.999017954 -0.043929469 0.396965005 0.101398692 0.044288557 0.993859589 -0.387478521
0 0.498538133 0.886290018 0.500000000 0.500000000 0.000000000 0.000000000 0.994747102 0.001398287 -0.102353647 -0.017225349 -0.005884970 0.999034107 -0.043546278 0.400776891 0.102193885 0.043919880 0.993794501 -0.385699437
0 0.498538133 0.886290018 0.500000000 0.500000000 0.000000000 0.000000000 0.994644761 0.001300365 -0.103344440 -0.016011391 -0.005855913 0.999023616 -0.043790046 0.404954075 0.103186592 0.044160720 0.993681192 -0.383312392
0 0.498538133 0.886290018 0.500000000 0.500000000 0.000000000 0.000000000 0.994579792 0.001466407 -0.103965878 -0.015139517 -0.006095189 0.999003291 -0.044218406 0.409067007 0.103797413 0.044612423 0.993597388 -0.380677000
0 0.498538133 0.886290018 0.500000000 0.500000000 0.000000000 0.000000000 0.994553089 0.001360381 -0.104222260 -0.014218082 -0.006035548 0.998988688 -0.044555426 0.413290318 0.104056247 0.044941776 0.993555486 -0.377832020
0 0.498538133 0.886290018 0.500000000 0.500000000 0.000000000 0.000000000 0.994504809 0.001283743 -0.104683064 -0.013447429 -0.005968020 0.998993933 -0.044446278 0.417086423 0.104520693 0.044826791 0.993511915 -0.375040987
0 0.498538133 0.886290018 0.500000000 0.500000000 0.000000000 0.000000000 0.994400144 0.001245582 -0.105673306 -0.011975898 -0.005937221 0.999009728 -0.044094618 0.420920406 0.105513737 0.044475101 0.993422806 -0.372399182
0 0.498538133 0.886290018 0.500000000 0.500000000 0.000000000 0.000000000 0.994352937 0.001311824 -0.106115691 -0.010747297 -0.005967898 0.999032497 -0.043571714 0.424188484 0.105955862 0.043958947 0.993398666 -0.369928556
0 0.498538133 0.886290018 0.500000000 0.500000000 0.000000000 0.000000000 0.994348109 0.001243360 -0.106161781 -0.010294098 -0.005893126 0.999036193 -0.043496411 0.427839857 0.106005386 0.043876197 0.993397057 -0.367066163
0 0.498538133 0.886290018 0.500000000 0.500000000 0.000000000 0.000000000 0.994339883 0.001165658 -0.106239438 -0.009948647 -0.005878513 0.999011636 -0.044058356 0.432134932 0.106083080 0.044433512 0.993363976 -0.364036157
0 0.498538133 0.886290018 0.500000000 0.500000000 0.000000000 0.000000000 0.994314134 0.001121405 -0.106480621 -0.009215581 -0.005874141 0.998999596 -0.044331621 0.435412080 0.106324382 0.044705041 0.993326008 -0.361159070
0 0.498538133 0.886290018 0.500000000 0.500000000 0.000000000 0.000000000 0.994277477 0.001061471 -0.106822841 -0.008510286 -0.005876762 0.998979926 -0.044772681 0.438999306 0.106666349 0.045144241 0.993269503 -0.358134852
0 0.498538133 0.886290018 0.500000000 0.500000000 0.000000000 0.000000000 0.994192660 0.000995658 -0.107610084 -0.007524867 -0.005847672 0.998979628 -0.044782706 0.441882708 0.107455693 0.045151904 0.993184090 -0.355032628
0 0.498538133 0.886290018 0.500000000 0.500000000 0.000000000 0.000000000 0.994140983 0.001041993 -0.108086176 -0.006844745 -0.005884919 0.998992205 -0.044496868 0.444300693 0.107930884 0.044872239 0.993145227 -0.352121555
0 0.498538133 0.886290018 0.500000000 0.500000000 0.000000000 0.000000000 0.994112194 0.000990681 -0.108350918 -0.006347068 -0.005810243 0.999006927 -0.044174399 0.446794786 0.108199559 0.044543855 0.993130744 -0.349025984
0 0.498538133 0.886290018 0.500000000 0.500000000 0.000000000 0.000000000 0.994084358 0.001056938 -0.108605608 -0.005883297 -0.005868552 0.999014556 -0.043993488 0.449028279 0.108452089 0.044370595 0.993110955 -0.345704554
0 0.498538133 0.886290018 0.500000000 0.500000000 0.000000000 0.000000000 0.994066238 0.001162680 -0.108770028 -0.005948536 -0.006005931 0.999004185 -0.044210445 0.451355514 0.108610310 0.044601377 0.993083358 -0.342422980
0 0.498538133 0.886290018 0.500000000 0.500000000 0.000000000 0.000000000 0.994020700 0.001217814 -0.109184809 -0.005500782 -0.006101740 0.998994827 -0.044407878 0.453475998 0.109020978 0.044808570 0.993028998 -0.339028086
0 0.498538133 0.886290018 0.500000000 0.500000000 0.000000000 0.000000000 0.993979990 0.001117401 -0.109555855 -0.005091818 -0.006030059 0.998990297 -0.044520531 0.455597595 0.109395489 0.044913147 0.992983103 -0.335634619
0 0.498538133 0.886290018 0.500000000 0.500000000 0.000000000 0.000000000 0.993949234 0.001168209 -0.109834291 -0.005076459 -0.006082859 0.998994350 -0.044421636 0.457469679 0.109671943 0.044820957 0.992956758 -0.332410117
0 0.498538133 0.886290018 0.500000000 0.500000000 0.000000000 0.000000000 0.993896186 0.001206117 -0.110313050 -0.004565171 -0.006102805 0.999010146 -0.044062160 0.458820758 0.110150710 0.044466432 0.992919683 -0.329201038
0 0.498538133 0.886290018 0.500000000 0.500000000 0.000000000 0.000000000 0.993853450 0.001244153 -0.110696882 -0.004081082 -0.006151651 0.999012470 -0.044002280 0.460557461 0.110532820 0.044412784 0.992879629 -0.326010125
0 0.498538133 0.886290018 0.500000000 0.500000000 0.000000000 0.000000000 0.993846714 0.001281750 -0.110756941 -0.003905880 -0.006192868 0.999011934 -0.044008780 0.461790233 0.110591099 0.044423882 0.992872655 -0.322738767
0 0.498538133 0.886290018 0.500000000 0.500000000 0.000000000 0.000000000 0.993809819 0.001310660 -0.111087114 -0.003653536 -0.006266604 0.998999715 -0.044275735 0.463127263 0.110917956 0.044697799 0.992823899 -0.319271623
0 0.498538133 0.886290018 0.500000000 0.500000000 0.000000000 0.000000000 0.993793845 0.001281505 -0.111230060 -0.003586078 -0.006265823 0.998990953 -0.044472910 0.464226585 0.111060835 0.044893853 0.992799103 -0.315898095
0 0.498538133 0.886290018 0.500000000 0.500000000 0.000000000 0.000000000 0.993765831 0.001350633 -0.111479178 -0.003219889 -0.006342213 0.998992205 -0.044433437 0.464951764 0.111306816 0.044863455 0.992772937 -0.312388073
0 0.498538133 0.886290018 0.500000000 0.500000000 0.000000000 0.000000000 0.993710697 0.001465221 -0.111968383 -0.003118368 -0.006477852 0.998992026 -0.044417601 0.465703398 0.111790441 0.044863559 0.992718577 -0.308910773
0 0.498538133 0.886290018 0.500000000 0.500000000 0.000000000 0.000000000 0.993679464 0.001491595 -0.112244748 -0.002762958 -0.006514117 0.998992920 -0.044392735 0.466225777 0.112065494 0.044843324 0.992688477 -0.305373474
0 0.498538133 0.886290018 0.500000000 0.500000000 0.000000000 0.000000000 0.993631124 0.001567435 -0.112670824 -0.002620629 -0.006611318 0.998991668 -0.044406861 0.466311494 0.112487607 0.044868942 0.992639542 -0.301717788
0 0.498538133 0.886290018 0.500000000 0.500000000 0.000000000 0.000000000 0.993576229 0.001694191 -0.113152333 -0.002457517 -0.006781093 0.998982489 -0.044586495 0.466422578 0.112961665 0.045067377 0.992576718 -0.297909036
0 0.498538133 0.886290018 0.500000000 0.500000000 0.000000000 0.000000000 0.993577898 0.001656849 -0.113138244 -0.002206572 -0.006758644 0.998976469 -0.044724807 0.466416430 0.112948343 0.045202240 0.992572129 -0.294056879
0 0.498538133 0.886290018 0.500000000 0.500000000 0.000000000 0.000000000 0.993534267 0.001637739 -0.113520645 -0.002044506 -0.006756293 0.998976767 -0.044719134 0.466162017 0.113331251 0.045196969 0.992528737 -0.290063755
0 0.498538133 0.886290018 0.500000000 0.500000000 0.000000000 0.000000000 0.993478477 0.001657241 -0.114007577 -0.001710481 -0.006796426 0.998977184 -0.044703666 0.465876582 0.113816887 0.045186974 0.992473602 -0.286022331
0 0.498538133 0.886290018 0.500000000 0.500000000 0.000000000 0.000000000 0.993443727 0.001638782 -0.114310220 -0.001688943 -0.006784054 0.998980224 -0.044637002 0.465429526 0.114120498 0.045119841 0.992441773 -0.281992175
0 0.498538133 0.886290018 0.500000000 0.500000000 0.000000000 0.000000000 0.993360221 0.001720159 -0.115032569 -0.000829244 -0.006902407 0.998978078 -0.044667136 0.464503094 0.114838183 0.045164559 0.992356956 -0.277869259
0 0.498538133 0.886290018 0.500000000 0.500000000 0.000000000 0.000000000 0.993303001 0.001710518 -0.115526080 -0.000028280 -0.006952208 0.998963475 -0.044984672 0.464031753 0.115329392 0.045486569 0.992285311 -0.273239297
0 0.498538133 0.886290018 0.500000000 0.500000000 0.000000000 0.000000000 0.993247747 0.001733775 -0.115999639 0.000849829 -0.007008330 0.998958886 -0.045078054 0.462622556 0.115800709 0.045586638 0.992225826 -0.268789985
