0.000000000 0.849869231 1.473106667 0.723422236 0.000138148 0.000000000 0.000000000 -0.020667740 0.018290320 0.999619100 12.440570000 0.033750510 0.999275500 -0.017586230 -3.020980000 -0.999216600 0.033374180 -0.021270080 111.376600000
0.000000000 0.849869231 1.473106667 0.723422236 0.000138148 0.000000000 0.000000000 -0.019936550 0.018836470 0.999623800 13.163550000 0.033193360 0.999283800 -0.018168060 -3.034345000 -0.999250100 0.032818660 -0.020547520 111.361200000
0.000000000 0.849869231 1.473106667 0.723422236 0.000138148 0.000000000 0.000000000 -0.019408000 0.018450050 0.999641400 13.902200000 0.033007900 0.999296500 -0.017802840 -3.051223000 -0.999266700 0.032650540 -0.020003340 111.345100000
0.000000000 0.849869231 1.473106667 0.723422236 0.000138148 0.000000000 0.000000000 -0.018754430 0.017036500 0.999678900 14.658270000 0.031610990 0.999365000 -0.016438120 -3.072877000 -0.999324300 0.031292550 -0.019281070 111.336300000
0.000000000 0.849869231 1.473106667 0.723422236 0.000138148 0.000000000 0.000000000 -0.018209590 0.015704940 0.999710800 15.423770000 0.032462560 0.999358700 -0.015108110 -3.095311000 -0.999307100 0.032178050 -0.018707740 111.324000000
0.000000000 0.849869231 1.473106667 0.723422236 0.000138148 0.000000000 0.000000000 -0.018806140 0.013519240 0.999731700 16.200840000 0.033323210 0.999361500 -0.012887390 -3.118178000 -0.999267700 0.033071900 -0.019244640 111.309100000
0.000000000 0.849869231 1.473106667 0.723422236 0.000138148 0.000000000 0.000000000 -0.020160640 0.011961330 0.999725200 16.980990000 0.031207170 0.999448700 -0.011328700 -3.141006000 -0.999309600 0.030970200 -0.020522810 111.294300000
0.000000000 0.849869231 1.473106667 0.723422236 0.000138148 0.000000000 0.000000000 -0.021802730 0.010950570 0.999702300 17.767470000 0.029610320 0.999508400 -0.010302680 -3.160636000 -0.999323700 0.029376880 -0.022116260 111.276000000
0.000000000 0.849869231 1.473106667 0.723422236 0.000138148 0.000000000 0.000000000 -0.023229680 0.008366561 0.999695100 18.565410000 0.031873090 0.999462800 -0.007623995 -3.176463000 -0.999222000 0.031686260 -0.023483870 111.251900000
0.000000000 0.849869231 1.473106667 0.723422236 0.000138148 0.000000000 0.000000000 -0.024479460 0.007293772 0.999673700 19.371510000 0.034737760 0.999375700 -0.006440963 -3.193647000 -0.999096600 0.034568750 -0.024717550 111.225100000
0.000000000 0.849869231 1.473106667 0.723422236 0.000138148 0.000000000 0.000000000 -0.026541990 0.005000474 0.999635200 20.187910000 0.030348930 0.999530500 -0.004194140 -3.214056000 -0.999186900 0.030226530 -0.026681290 111.206600000
0.000000000 0.849869231 1.473106667 0.723422236 0.000138148 0.000000000 0.000000000 -0.027424170 0.009939064 0.999574500 21.005650000 0.027774390 0.999572100 -0.009177032 -3.232298000 -0.999238000 0.027510890 -0.027688490 111.189000000
0.000000000 0.849869231 1.473106667 0.723422236 0.000138148 0.000000000 0.000000000 -0.028047450 0.015094200 0.999492600 21.827520000 0.029248170 0.999470200 -0.014273110 -3.250815000 -0.999178600 0.028833000 -0.028474080 111.168600000
0.000000000 0.849869231 1.473106667 0.723422236 0.000138148 0.000000000 0.000000000 -0.028775370 0.016938190 0.999442400 22.658380000 0.029979960 0.999421200 -0.016074670 -3.273148000 -0.999136300 0.029500680 -0.029266520 111.149700000
0.000000000 0.849869231 1.473106667 0.723422236 0.000138148 0.000000000 0.000000000 -0.029841410 0.014843830 0.999444400 23.496820000 0.026432420 0.999551700 -0.014056210 -3.298255000 -0.999205100 0.025998270 -0.030220400 111.137400000
0.000000000 0.849869231 1.473106667 0.723422236 0.000138148 0.000000000 0.000000000 -0.030613970 0.010713160 0.999473900 24.338230000 0.023299810 0.999678500 -0.010001680 -3.326366000 -0.999259700 0.022981360 -0.030853740 111.128000000
0.000000000 0.849869231 1.473106667 0.723422236 0.000138148 0.000000000 0.000000000 -0.030564970 0.004928690 0.999520600 25.182080000 0.021585340 0.999757900 -0.004269793 -3.350402000 -0.999299700 0.021444480 -0.030663960 111.111000000
0.000000000 0.849869231 1.473106667 0.723422236 0.000138148 0.000000000 0.000000000 -0.030490900 -0.000534990 0.999534900 26.027250000 0.018373720 0.999830600 0.001095637 -3.370419000 -0.999366200 0.018398580 -0.030475900 111.099300000
0.000000000 0.849869231 1.473106667 0.723422236 0.000138148 0.000000000 0.000000000 -0.030378240 -0.001870939 0.999536700 26.865460000 0.015300890 0.999880200 0.002336608 -3.392421000 -0.999421400 0.015364780 -0.030345970 111.086600000
0.000000000 0.849869231 1.473106667 0.723422236 0.000138148 0.000000000 0.000000000 -0.029404610 0.003384421 0.999561800 27.696480000 0.017707980 0.999839100 -0.002864439 -3.417654000 -0.999410800 0.017615990 -0.029459810 111.066500000
0.000000000 0.849869231 1.473106667 0.723422236 0.000138148 0.000000000 0.000000000 -0.028236850 0.015169880 0.999486100 28.517520000 0.020339130 0.999686500 -0.014598320 -3.439638000 -0.999394400 0.019916460 -0.028536540 111.041700000
0.000000000 0.849869231 1.473106667 0.723422236 0.000138148 0.000000000 0.000000000 -0.027650420 0.022037550 0.999374700 29.340250000 0.022606360 0.999515000 -0.021415190 -3.464646000 -0.999362000 0.022000080 -0.028135200 111.018500000
0.000000000 0.849869231 1.473106667 0.723422236 0.000138148 0.000000000 0.000000000 -0.026361090 0.016154970 0.999521900 30.171780000 0.023801990 0.999596100 -0.015528430 -3.494748000 -0.999369100 0.023381260 -0.026734960 110.996200000
0.000000000 0.849869231 1.473106667 0.723422236 0.000138148 0.000000000 0.000000000 -0.025116230 0.007842711 0.999653800 31.002910000 0.026441690 0.999624600 -0.007178141 -3.524637000 -0.999334800 0.026252240 -0.025314180 110.972700000
0.000000000 0.849869231 1.473106667 0.723422236 0.000138148 0.000000000 0.000000000 -0.024521450 0.005048207 0.999686500 31.824380000 0.028125940 0.999594900 -0.004357843 -3.550386000 -0.999303600 0.028010260 -0.024653510 110.949500000
0.000000000 0.849869231 1.473106667 0.723422236 0.000138148 0.000000000 0.000000000 -0.024484260 0.005625083 0.999684400 32.637280000 0.027254010 0.999616200 -0.004957200 -3.574008000 -0.999328700 0.027124020 -0.024628180 110.931000000
0.000000000 0.849869231 1.473106667 0.723422236 0.000138148 0.000000000 0.000000000 -0.025208820 0.006438168 0.999661500 33.449550000 0.024284600 0.999688100 -0.005825950 -3.597380000 -0.999387200 0.024129510 -0.025357310 110.914800000
0.000000000 0.849869231 1.473106667 0.723422236 0.000138148 0.000000000 0.000000000 -0.027111080 0.006831514 0.999609100 34.255590000 0.022355310 0.999730700 -0.006226037 -3.619497000 -0.999382500 0.022177770 -0.027256500 110.895700000
0.000000000 0.849869231 1.473106667 0.723422236 0.000138148 0.000000000 0.000000000 -0.029071360 0.006272478 0.999557600 35.059690000 0.021649300 0.999749700 -0.005644034 -3.643377000 -0.999342900 0.021475640 -0.029199880 110.873500000
0.000000000 0.849869231 1.473106667 0.723422236 0.000138148 0.000000000 0.000000000 -0.031182450 0.007053685 0.999488800 35.859530000 0.020945080 0.999760100 -0.006402152 -3.668997000 -0.999294300 0.020734730 -0.031322710 110.852100000
0.000000000 0.849869231 1.473106667 0.723422236 0.000138148 0.000000000 0.000000000 -0.033231360 0.007280968 0.999421100 36.655720000 0.019092260 0.999795600 -0.006648872 -3.692321000 -0.999265300 0.018860250 -0.033363580 110.832300000
0.000000000 0.849869231 1.473106667 0.723422236 0.000138148 0.000000000 0.000000000 -0.035287580 0.006548349 0.999355700 37.450300000 0.017021290 0.999837400 -0.005950483 -3.713275000 -0.999232300 0.016800340 -0.035393300 110.811900000
0.000000000 0.849869231 1.473106667 0.723422236 0.000138148 0.000000000 0.000000000 -0.037328200 0.004989269 0.999290600 38.240620000 0.017475710 0.999837800 -0.004339207 -3.739393000 -0.999150300 0.017301330 -0.037409340 110.787700000
0.000000000 0.849869231 1.473106667 0.723422236 0.000138148 0.000000000 0.000000000 -0.039316750 0.004742139 0.999215500 39.023530000 0.017205430 0.999843700 -0.004068132 -3.764360000 -0.999078700 0.017031980 -0.039392200 110.760300000
0.000000000 0.849869231 1.473106667 0.723422236 0.000138148 0.000000000 0.000000000 -0.041141670 0.005913874 0.999135800 39.804370000 0.016954350 0.999842600 -0.005219929 -3.788915000 -0.999009500 0.016724940 -0.041235460 110.730900000
0.000000000 0.849869231 1.473106667 0.723422236 0.000138148 0.000000000 0.000000000 -0.042132930 0.006779929 0.999089000 40.575530000 0.017529210 0.999828000 -0.006045719 -3.811300000 -0.998958300 0.017258510 -0.042244530 110.697700000
0.000000000 0.849869231 1.473106667 0.723422236 0.000138148 0.000000000 0.000000000 -0.043350890 0.005462525 0.999045000 41.348270000 0.019534350 0.999798500 -0.004619010 -3.834868000 -0.998868900 0.019315450 -0.043448860 110.661800000
0.000000000 0.849869231 1.473106667 0.723422236 0.000138148 0.000000000 0.000000000 -0.044749750 0.004542984 0.998987900 42.115860000 0.019669840 0.999799800 -0.003665569 -3.860486000 -0.998804600 0.019485890 -0.044830160 110.626000000
0.000000000 0.849869231 1.473106667 0.723422236 0.000138148 0.000000000 0.000000000 -0.046130780 0.003792299 0.998928200 42.876060000 0.018654180 0.999821700 -0.002934241 -3.885455000 -0.998761300 0.018498820 -0.046193300 110.593500000
0.000000000 0.849869231 1.473106667 0.723422236 0.000138148 0.000000000 0.000000000 -0.047527380 0.002697713 0.998866300 43.625630000 0.016826370 0.999856600 -0.001899772 -3.908535000 -0.998728200 0.016716990 -0.047565960 110.563400000
0.000000000 0.849869231 1.473106667 0.723422236 0.000138148 0.000000000 0.000000000 -0.048442120 0.001858945 0.998824200 44.359010000 0.015639440 0.999877100 -0.001102409 -3.927506000 -0.998703600 0.015567640 -0.048465240 110.532900000
0.000000000 0.849869231 1.473106667 0.723422236 0.000138148 0.000000000 0.000000000 -0.049300240 0.001121100 0.998783400 45.073720000 0.015752830 0.999875800 -0.000344766 -3.947128000 -0.998659800 0.015716670 -0.049311790 110.502500000
0.000000000 0.849869231 1.473106667 0.723422236 0.000138148 0.000000000 0.000000000 -0.049632670 0.003439404 0.998761600 45.778700000 0.015949920 0.999869300 -0.002650604 -3.968246000 -0.998640200 0.015798610 -0.049681050 110.472200000
0.000000000 0.849869231 1.473106667 0.723422236 0.000138148 0.000000000 0.000000000 -0.049716550 0.006537549 0.998742000 46.479190000 0.016242190 0.999851600 -0.005736295 -3.990288000 -0.998631300 0.015936570 -0.049815360 110.440700000
0.000000000 0.849869231 1.473106667 0.723422236 0.000138148 0.000000000 0.000000000 -0.049910820 0.008104079 0.998720800 47.176520000 0.014358160 0.999869500 -0.007395860 -4.011755000 -0.998650500 0.013970650 -0.050020680 110.412300000
0.000000000 0.849869231 1.473106667 0.723422236 0.000138148 0.000000000 0.000000000 -0.050130180 0.008979031 0.998702300 47.871130000 0.014656360 0.999858500 -0.008253750 -4.034285000 -0.998635200 0.014223580 -0.050254690 110.381700000
0.000000000 0.849869231 1.473106667 0.723422236 0.000138148 0.000000000 0.000000000 -0.050199600 0.008863095 0.998699900 48.565610000 0.015835620 0.999842000 -0.008077259 -4.055339000 -0.998613700 0.015409550 -0.050332030 110.347900000
0.000000000 0.849869231 1.473106667 0.723422236 0.000138148 0.000000000 0.000000000 -0.050480200 0.007914478 0.998693700 49.254000000 0.016850960 0.999833000 -0.007071760 -4.074607000 -0.998582900 0.016471960 -0.050605140 110.315200000
0.000000000 0.849869231 1.473106667 0.723422236 0.000138148 0.000000000 0.000000000 -0.050874750 0.008507834 0.998668800 49.939530000 0.013114970 0.999883200 -0.007850075 -4.093812000 -0.998619000 0.012698140 -0.050980390 110.289100000
0.000000000 0.849869231 1.473106667 0.723422236 0.000138148 0.000000000 0.000000000 -0.050833380 0.008201674 0.998673500 50.623650000 0.010216820 0.999918200 -0.007691857 -4.114385000 -0.998654900 0.009812257 -0.050913020 110.262900000
0.000000000 0.849869231 1.473106667 0.723422236 0.000138148 0.000000000 0.000000000 -0.050697050 0.006789371 0.998691000 51.298860000 0.012087480 0.999907800 -0.006184045 -4.131756000 -0.998641000 0.011758140 -0.050774450 110.229100000
0.000000000 0.849869231 1.473106667 0.723422236 0.000138148 0.000000000 0.000000000 -0.051598130 0.006404684 0.998647400 51.971720000 0.012761250 0.999902000 -0.005753386 -4.148661000 -0.998586400 0.012447130 -0.051674810 110.194600000
0.000000000 0.849869231 1.473106667 0.723422236 0.000138148 0.000000000 0.000000000 -0.054879740 0.005891529 0.998475600 52.641110000 0.009889219 0.999936700 -0.005356609 -4.167844000 -0.998444000 0.009580171 -0.054934530 110.163800000
0.000000000 0.849869231 1.473106667 0.723422236 0.000138148 0.000000000 0.000000000 -0.060120390 0.005456290 0.998176200 53.306770000 0.005756207 0.999970300 -0.005119404 -4.188031000 -0.998174600 0.005437925 -0.060150010 110.132000000
0.000000000 0.849869231 1.473106667 0.723422236 0.000138148 0.000000000 0.000000000 -0.065943650 0.008719935 0.997785200 53.966400000 0.008774153 0.999928200 -0.008158784 -4.204714000 -0.997784800 0.008216697 -0.066015430 110.084400000
0.000000000 0.849869231 1.473106667 0.723422236 0.000138148 0.000000000 0.000000000 -0.072320000 0.012096150 0.997308100 54.627460000 0.011541600 0.999869600 -0.011290280 -4.221113000 -0.997314700 0.010694010 -0.072450180 110.029400000
0.000000000 0.849869231 1.473106667 0.723422236 0.000138148 0.000000000 0.000000000 -0.079765510 0.013678260 0.996719800 55.296720000 0.010696260 0.999860000 -0.012865360 -4.239741000 -0.996756300 0.009634955 -0.079900660 109.975800000
0.000000000 0.849869231 1.473106667 0.723422236 0.000138148 0.000000000 0.000000000 -0.086101020 0.012892710 0.996203000 55.968740000 0.007212257 0.999898100 -0.012317190 -4.259740000 -0.996260300 0.006124346 -0.086185230 109.922700000
0.000000000 0.849869231 1.473106667 0.723422236 0.000138148 0.000000000 0.000000000 -0.091519170 0.011840830 0.995732900 56.645120000 0.005857237 0.999918400 -0.011352260 -4.283061000 -0.995786100 0.004793291 -0.091581060 109.859600000
0.000000000 0.849869231 1.473106667 0.723422236 0.000138148 0.000000000 0.000000000 -0.096016580 0.012278510 0.995304000 57.324600000 0.004243196 0.999919900 -0.011926120 -4.305330000 -0.995370700 0.003078162 -0.096060990 109.792000000
0.000000000 0.849869231 1.473106667 0.723422236 0.000138148 0.000000000 0.000000000 -0.099999020 0.011439010 0.994921800 58.012520000 0.001729848 0.999934400 -0.011322780 -4.323997000 -0.994986100 0.000588794 -0.100012200 109.724900000
0.000000000 0.849869231 1.473106667 0.723422236 0.000138148 0.000000000 0.000000000 -0.102798700 0.008949224 0.994661900 58.709230000 0.002193170 0.999959100 -0.008770224 -4.342226000 -0.994699800 0.001279893 -0.102814200 109.652500000
0.000000000 0.849869231 1.473106667 0.723422236 0.000138148 0.000000000 0.000000000 -0.104534100 0.005579471 0.994505600 59.418600000 0.003960115 0.999978600 -0.005193927 -4.360434000 -0.994513400 0.003395412 -0.104554000 109.575500000
0.000000000 0.849869231 1.473106667 0.723422236 0.000138148 0.000000000 0.000000000 -0.106344100 0.001341655 0.994328500 60.142410000 0.002969012 0.999995000 -0.001031768 -4.377079000 -0.994325000 0.002842448 -0.106347500 109.502900000
0.000000000 0.849869231 1.473106667 0.723422236 0.000138148 0.000000000 0.000000000 -0.107847000 0.001980980 0.994165500 60.868060000 0.002647993 0.999995000 -0.001705346 -4.390954000 -0.994164000 0.002448625 -0.107851700 109.429700000
0.000000000 0.849869231 1.473106667 0.723422236 0.000138148 0.000000000 0.000000000 -0.108576300 0.005064896 0.994075200 61.596530000 0.004061801 0.999980900 -0.004651347 -4.404393000 -0.994079900 0.003532707 -0.108594800 109.351100000
0.000000000 0.849869231 1.473106667 0.723422236 0.000138148 0.000000000 0.000000000 -0.108761200 0.009316179 0.994024200 62.329410000 0.009639908 0.999918900 -0.008316680 -4.420348000 -0.994021200 0.008677766 -0.108842200 109.265100000
0.000000000 0.849869231 1.473106667 0.723422236 0.000138148 0.000000000 0.000000000 -0.109326300 0.013539130 0.993913700 63.069980000 0.017246160 0.999782500 -0.011722070 -4.438119000 -0.993856300 0.015859660 -0.109536100 109.174200000
0.000000000 0.849869231 1.473106667 0.723422236 0.000138148 0.000000000 0.000000000 -0.110041000 0.015960050 0.993798900 63.814620000 0.018756110 0.999726300 -0.013978430 -4.456517000 -0.993750100 0.017101590 -0.110310200 109.091000000
0.000000000 0.849869231 1.473106667 0.723422236 0.000138148 0.000000000 0.000000000 -0.110627800 0.013540030 0.993769700 64.563430000 0.016627910 0.999792400 -0.011771060 -4.476878000 -0.993722800 0.015222110 -0.110830000 109.013700000
0.000000000 0.849869231 1.473106667 0.723422236 0.000138148 0.000000000 0.000000000 -0.110447000 0.007719378 0.993852000 65.315570000 0.015727970 0.999858200 -0.006018181 -4.499677000 -0.993757600 0.014966580 -0.110552800 108.934400000
0.000000000 0.849869231 1.473106667 0.723422236 0.000138148 0.000000000 0.000000000 -0.110549300 0.006344343 0.993850400 66.059660000 0.018483720 0.999819800 -0.004326448 -4.579860000 -0.993698800 0.017891760 -0.110646700 108.857400000
0.000000000 0.849869231 1.473106667 0.723422236 0.000138148 0.000000000 0.000000000 -0.111546400 0.005771519 0.993742400 66.805840000 0.018743940 0.999817400 -0.003702821 -4.708747000 -0.993582500 0.018213610 -0.111634300 108.790700000
0.000000000 0.849869231 1.473106667 0.723422236 0.000138148 0.000000000 0.000000000 -0.113314000 0.006359768 0.993538900 67.546180000 0.017314020 0.999840300 -0.004425430 -4.789634000 -0.993408400 0.016700680 -0.113406000 108.720100000
0.000000000 0.849869231 1.473106667 0.723422236 0.000138148 0.000000000 0.000000000 -0.115596800 0.007492320 0.993267900 68.285670000 0.016880450 0.999841900 -0.005577361 -4.884585000 -0.993152800 0.016122080 -0.115705000 108.647800000
0.000000000 0.849869231 1.473106667 0.723422236 0.000138148 0.000000000 0.000000000 -0.117766100 0.007254734 0.993014800 69.024790000 0.017585610 0.999831700 -0.005218985 -4.946543000 -0.992885700 0.016848150 -0.117873900 108.566800000
0.000000000 0.849869231 1.473106667 0.723422236 0.000138148 0.000000000 0.000000000 -0.119587800 0.007408337 0.992796000 69.770110000 0.018375440 0.999817400 -0.005247313 -5.019805000 -0.992653600 0.017615540 -0.119702100 108.482600000
0.000000000 0.849869231 1.473106667 0.723422236 0.000138148 0.000000000 0.000000000 -0.121674300 0.007133093 0.992544400 70.519380000 0.017974970 0.999826000 -0.004981908 -5.072470000 -0.992407300 0.017234780 -0.121781400 108.398300000
0.000000000 0.849869231 1.473106667 0.723422236 0.000138148 0.000000000 0.000000000 -0.123409500 0.007376899 0.992328400 71.274060000 0.015592890 0.999863300 -0.005493731 -5.125756000 -0.992233300 0.014795290 -0.123507700 108.316000000
0.000000000 0.849869231 1.473106667 0.723422236 0.000138148 0.000000000 0.000000000 -0.124644600 0.008735687 0.992163000 72.027720000 0.015951620 0.999849600 -0.006799383 -5.169640000 -0.992073300 0.014979090 -0.124765200 108.228500000
0.000000000 0.849869231 1.473106667 0.723422236 0.000138148 0.000000000 0.000000000 -0.125380800 0.008769852 0.992069900 72.786950000 0.014359010 0.999872200 -0.007024095 -5.215003000 -0.992004800 0.013364450 -0.125490700 108.143900000