0.000000000 0.849869231 1.473106667 0.723422236 0.000138148 0.000000000 0.000000000 0.978378600 -0.017853540 0.206050100 -0.766018600 0.020921740 0.999700200 -0.012721140 -0.644719600 -0.205761200 0.016757010 0.978458800 19.117060000
0.000000000 0.849869231 1.473106667 0.723422236 0.000138148 0.000000000 0.000000000 0.984662200 -0.018316890 0.173507800 -0.647611600 0.020661820 0.999717800 -0.011718110 -0.659890800 -0.173244200 0.015123360 0.984762800 19.882820000
0.000000000 0.849869231 1.473106667 0.723422236 0.000138148 0.000000000 0.000000000 0.989583500 -0.019738550 0.142600400 -0.548150000 0.021906580 0.999666800 -0.013649420 -0.674980500 -0.142283500 0.016631130 0.989686200 20.675410000
0.000000000 0.849869231 1.473106667 0.723422236 0.000138148 0.000000000 0.000000000 0.993353100 -0.019320600 0.113474100 -0.469374000 0.021339960 0.999634300 -0.016607980 -0.692924600 -0.113111700 0.018919120 0.993402100 21.489410000
0.000000000 0.849869231 1.473106667 0.723422236 0.000138148 0.000000000 0.000000000 0.996075500 -0.017284380 0.086803090 -0.411777800 0.019055930 0.999625800 -0.019621720 -0.711084700 -0.086431470 0.021198820 0.996032200 22.323270000
0.000000000 0.849869231 1.473106667 0.723422236 0.000138148 0.000000000 0.000000000 0.997904700 -0.014126250 0.063140410 -0.374002600 0.015492580 0.999655100 -0.021202580 -0.732034900 -0.062819130 0.022136350 0.997779400 23.184760000
0.000000000 0.849869231 1.473106667 0.723422236 0.000138148 0.000000000 0.000000000 0.999038400 -0.010714330 0.042515810 -0.353106900 0.011654220 0.999691800 -0.021920730 -0.755447100 -0.042267840 0.022395130 0.998855300 24.066230000
0.000000000 0.849869231 1.473106667 0.723422236 0.000138148 0.000000000 0.000000000 0.999636700 -0.007317665 0.025941090 -0.345649800 0.007903439 0.999714400 -0.022550730 -0.783142000 -0.025768670 0.022747560 0.999409100 24.974170000
0.000000000 0.849869231 1.473106667 0.723422236 0.000138148 0.000000000 0.000000000 0.999907900 -0.003955509 0.012986280 -0.347769300 0.004261324 0.999712200 -0.023606380 -0.811096300 -0.012889170 0.023659540 0.999637000 25.899740000
0.000000000 0.849869231 1.473106667 0.723422236 0.000138148 0.000000000 0.000000000 0.999992000 -0.001480101 0.003712568 -0.356191600 0.001567618 0.999718300 -0.023682130 -0.839601200 -0.003676470 0.023687750 0.999712700 26.850340000
0.000000000 0.849869231 1.473106667 0.723422236 0.000138148 0.000000000 0.000000000 0.999994500 0.000998674 -0.003165611 -0.369985700 -0.001072113 0.999728300 -0.023282750 -0.868662400 0.003141500 0.023286010 0.999723900 27.821270000
0.000000000 0.849869231 1.473106667 0.723422236 0.000138148 0.000000000 0.000000000 0.999965000 0.003467935 -0.007618840 -0.387238000 -0.003629077 0.999767800 -0.021239320 -0.897259800 0.007543415 0.021266220 0.999745400 28.818490000
0.000000000 0.849869231 1.473106667 0.723422236 0.000138148 0.000000000 0.000000000 0.999939700 0.005150416 -0.009703332 -0.405743600 -0.005347238 0.999778200 -0.020368250 -0.926674400 0.009596276 0.020418900 0.999745500 29.836580000
0.000000000 0.849869231 1.473106667 0.723422236 0.000138148 0.000000000 0.000000000 0.999930500 0.006070221 -0.010110330 -0.425019800 -0.006284404 0.999753600 -0.021289170 -0.955223600 0.009978607 0.021351220 0.999722200 30.874000000
0.000000000 0.849869231 1.473106667 0.723422236 0.000138148 0.000000000 0.000000000 0.999920700 0.007107561 -0.010400990 -0.443525400 -0.007337744 0.999725200 -0.022262540 -0.983422900 0.010239900 0.022337090 0.999698100 31.935120000
0.000000000 0.849869231 1.473106667 0.723422236 0.000138148 0.000000000 0.000000000 0.999923700 0.005653235 -0.010984720 -0.459356900 -0.005883322 0.999761600 -0.021027780 -1.012283000 0.010863230 0.021090800 0.999718600 33.017600000
0.000000000 0.849869231 1.473106667 0.723422236 0.000138148 0.000000000 0.000000000 0.999918400 0.004841705 -0.011819090 -0.474721400 -0.005047527 0.999835000 -0.017447030 -1.041566000 0.011732660 0.017505260 0.999777900 34.126270000
0.000000000 0.849869231 1.473106667 0.723422236 0.000138148 0.000000000 0.000000000 0.999908100 0.004792449 -0.012683290 -0.493185300 -0.004953123 0.999907500 -0.012667150 -1.069567000 0.012621410 0.012728810 0.999839300 35.252020000
0.000000000 0.849869231 1.473106667 0.723422236 0.000138148 0.000000000 0.000000000 0.999891800 0.004592205 -0.013977880 -0.512627500 -0.004722889 0.999945300 -0.009330704 -1.095653000 0.013934270 0.009395709 0.999858800 36.392400000
0.000000000 0.849869231 1.473106667 0.723422236 0.000138148 0.000000000 0.000000000 0.999873300 0.004274534 -0.015330990 -0.535546000 -0.004395839 0.999959200 -0.007887374 -1.121610000 0.015296660 0.007953767 0.999851400 37.538990000
0.000000000 0.849869231 1.473106667 0.723422236 0.000138148 0.000000000 0.000000000 0.999849200 0.004368950 -0.016807030 -0.558894900 -0.004470175 0.999972000 -0.005989872 -1.147517000 0.016780400 0.006064099 0.999840800 38.686200000
0.000000000 0.849869231 1.473106667 0.723422236 0.000138148 0.000000000 0.000000000 0.999816800 0.004212013 -0.018674300 -0.584303900 -0.004300653 0.999979600 -0.004708950 -1.174080000 0.018654090 0.004788399 0.999814500 39.835620000
0.000000000 0.849869231 1.473106667 0.723422236 0.000138148 0.000000000 0.000000000 0.999780600 0.003881639 -0.020584510 -0.609694800 -0.003947754 0.999987200 -0.003172178 -1.200981000 0.020571930 0.003252745 0.999783100 40.985690000
0.000000000 0.849869231 1.473106667 0.723422236 0.000138148 0.000000000 0.000000000 0.999740600 0.004010072 -0.022419610 -0.638780800 -0.004036515 0.999991200 -0.001134292 -1.227352000 0.022414860 0.001224495 0.999748000 42.134840000
0.000000000 0.849869231 1.473106667 0.723422236 0.000138148 0.000000000 0.000000000 0.999699900 0.004529809 -0.024074130 -0.669137500 -0.004545907 0.999989500 -0.000613930 -1.254196000 0.024071100 0.000723185 0.999710000 43.283040000
0.000000000 0.849869231 1.473106667 0.723422236 0.000138148 0.000000000 0.000000000 0.999649900 0.005415572 -0.025898410 -0.703524900 -0.005523426 0.999976300 -0.004094743 -1.285555000 0.025875620 0.004236358 0.999656200 44.422190000
0.000000000 0.849869231 1.473106667 0.723422236 0.000138148 0.000000000 0.000000000 0.999597500 0.006339772 -0.027653850 -0.739454300 -0.006567049 0.999945300 -0.008135540 -1.316843000 0.027600760 0.008313869 0.999584500 45.564330000
0.000000000 0.849869231 1.473106667 0.723422236 0.000138148 0.000000000 0.000000000 0.999557000 0.006124158 -0.029126570 -0.775721000 -0.006357676 0.999948300 -0.007931470 -1.350382000 0.029076490 0.008113133 0.999544300 46.706780000
0.000000000 0.849869231 1.473106667 0.723422236 0.000138148 0.000000000 0.000000000 0.999491700 0.008343771 -0.030770220 -0.814936100 -0.008478773 0.999955000 -0.004259502 -1.383309000 0.030733300 0.004518230 0.999517400 47.853300000
0.000000000 0.849869231 1.473106667 0.723422236 0.000138148 0.000000000 0.000000000 0.999482800 0.006783094 -0.031434130 -0.850379700 -0.006820229 0.999976100 -0.001074242 -1.414736000 0.031426090 0.001288075 0.999505300 48.997010000
0.000000000 0.849869231 1.473106667 0.723422236 0.000138148 0.000000000 0.000000000 0.999448000 0.005877263 -0.032698790 -0.884520000 -0.005963479 0.999979000 -0.002539713 -1.444282000 0.032683180 0.002733310 0.999462000 50.132480000
0.000000000 0.849869231 1.473106667 0.723422236 0.000138148 0.000000000 0.000000000 0.999426100 0.008429932 -0.032809010 -0.923089300 -0.008541723 0.999958200 -0.003268584 -1.474260000 0.032780080 0.003546954 0.999456300 51.266830000
0.000000000 0.849869231 1.473106667 0.723422236 0.000138148 0.000000000 0.000000000 0.999432000 0.007392943 -0.032879940 -0.957993100 -0.007547134 0.999961100 -0.004567812 -1.502468000 0.032844890 0.004813366 0.999448900 52.396620000
0.000000000 0.849869231 1.473106667 0.723422236 0.000138148 0.000000000 0.000000000 0.999453300 0.006641660 -0.032388240 -0.993630200 -0.006854964 0.999955500 -0.006479218 -1.535368000 0.032343760 0.006697695 0.999454400 53.521590000
0.000000000 0.849869231 1.473106667 0.723422236 0.000138148 0.000000000 0.000000000 0.999470700 0.005290414 -0.032100260 -1.026726000 -0.005595224 0.999940000 -0.009413138 -1.570397000 0.032048540 0.009587762 0.999440300 54.643860000
0.000000000 0.849869231 1.473106667 0.723422236 0.000138148 0.000000000 0.000000000 0.999473000 0.003681779 -0.032250870 -1.058519000 -0.004106329 0.999905600 -0.013107630 -1.607705000 0.032199570 0.013233150 0.999393900 55.761230000
0.000000000 0.849869231 1.473106667 0.723422236 0.000138148 0.000000000 0.000000000 0.999475400 0.001985117 -0.032325200 -1.089707000 -0.002422481 0.999906000 -0.013496570 -1.645788000 0.032295380 0.013567800 0.999386300 56.883700000
0.000000000 0.849869231 1.473106667 0.723422236 0.000138148 0.000000000 0.000000000 0.999470300 0.000697707 -0.032537160 -1.121249000 -0.000963447 0.999966300 -0.008152323 -1.681990000 0.032530380 0.008179352 0.999437300 58.008590000
0.000000000 0.849869231 1.473106667 0.723422236 0.000138148 0.000000000 0.000000000 0.999467500 -0.000545222 -0.032624300 -1.153354000 0.000510151 0.999999300 -0.001083311 -1.713449000 0.032624870 0.001066092 0.999467100 59.132200000
0.000000000 0.849869231 1.473106667 0.723422236 0.000138148 0.000000000 0.000000000 0.999469400 -0.001994817 -0.032512340 -1.185006000 0.002103689 0.999992300 0.003314755 -1.739715000 0.032505470 -0.003381391 0.999465800 60.248880000
0.000000000 0.849869231 1.473106667 0.723422236 0.000138148 0.000000000 0.000000000 0.999458300 -0.005041295 -0.032523150 -1.213473000 0.005073099 0.999986700 0.000895410 -1.765856000 0.032518210 -0.001059917 0.999470600 61.359870000
0.000000000 0.849869231 1.473106667 0.723422236 0.000138148 0.000000000 0.000000000 0.999419500 -0.010271690 -0.032484750 -1.238850000 0.010158320 0.999941700 -0.003653140 -1.790051000 0.032520390 0.003321029 0.999465600 62.463930000
0.000000000 0.849869231 1.473106667 0.723422236 0.000138148 0.000000000 0.000000000 0.999426400 -0.009400937 -0.032535930 -1.270319000 0.009137456 0.999924300 -0.008237488 -1.822128000 0.032610910 0.007935466 0.999436600 63.565850000
0.000000000 0.849869231 1.473106667 0.723422236 0.000138148 0.000000000 0.000000000 0.999454100 -0.007924512 -0.032073210 -1.304675000 0.007537162 0.999897400 -0.012180050 -1.856919000 0.032166440 0.011931660 0.999411300 64.664890000
0.000000000 0.849869231 1.473106667 0.723422236 0.000138148 0.000000000 0.000000000 0.999469500 -0.006885132 -0.031832910 -1.337326000 0.006388179 0.999856500 -0.015686780 -1.894574000 0.031936350 0.015475100 0.999370100 65.762700000
0.000000000 0.849869231 1.473106667 0.723422236 0.000138148 0.000000000 0.000000000 0.999527200 -0.001384840 -0.030716270 -1.374798000 0.001028236 0.999931900 -0.011622380 -1.935202000 0.030730280 0.011585300 0.999460600 66.868940000
0.000000000 0.849869231 1.473106667 0.723422236 0.000138148 0.000000000 0.000000000 0.999546100 0.002507463 -0.030021700 -1.411676000 -0.002804853 0.999947400 -0.009867812 -1.975334000 0.029995380 0.009947538 0.999500500 67.967030000
0.000000000 0.849869231 1.473106667 0.723422236 0.000138148 0.000000000 0.000000000 0.999544000 0.002872817 -0.030058650 -1.442686000 -0.003118330 0.999962100 -0.008124086 -2.008672000 0.030034180 0.008214114 0.999515100 69.061580000
0.000000000 0.849869231 1.473106667 0.723422236 0.000138148 0.000000000 0.000000000 0.999536000 0.002329081 -0.030371640 -1.472152000 -0.002512687 0.999978800 -0.006008532 -2.039409000 0.030357000 0.006082058 0.999520600 70.155470000
0.000000000 0.849869231 1.473106667 0.723422236 0.000138148 0.000000000 0.000000000 0.999522900 0.000656671 -0.030878980 -1.501593000 -0.000823201 0.999985200 -0.005380582 -2.071991000 0.030874990 0.005403434 0.999508700 71.243660000
0.000000000 0.849869231 1.473106667 0.723422236 0.000138148 0.000000000 0.000000000 0.999504200 -0.000897338 -0.031471720 -1.531721000 0.000769891 0.999991400 -0.004061482 -2.102578000 0.031475100 0.004035239 0.999496400 72.330850000
0.000000000 0.849869231 1.473106667 0.723422236 0.000138148 0.000000000 0.000000000 0.999482600 -0.002439063 -0.032073330 -1.562229000 0.002364997 0.999994400 -0.002347030 -2.132560000 0.032078870 0.002269963 0.999482800 73.416080000
0.000000000 0.849869231 1.473106667 0.723422236 0.000138148 0.000000000 0.000000000 0.999459200 -0.003414550 -0.032704350 -1.593624000 0.003309945 0.999989200 -0.003252133 -2.162929000 0.032715110 0.003142125 0.999459800 74.494540000
0.000000000 0.849869231 1.473106667 0.723422236 0.000138148 0.000000000 0.000000000 0.999442000 -0.004128080 -0.033146250 -1.625772000 0.003906661 0.999969600 -0.006742087 -2.193626000 0.033173080 0.006608834 0.999427800 75.568280000
0.000000000 0.849869231 1.473106667 0.723422236 0.000138148 0.000000000 0.000000000 0.999420300 -0.003909072 -0.033818670 -1.660434000 0.003581116 0.999946000 -0.009752666 -2.225262000 0.033854970 0.009625904 0.999380400 76.636610000
0.000000000 0.849869231 1.473106667 0.723422236 0.000138148 0.000000000 0.000000000 0.999403400 -0.002439574 -0.034452480 -1.698099000 0.002121785 0.999954900 -0.009257544 -2.257835000 0.034473510 0.009178920 0.999363500 77.709600000
0.000000000 0.849869231 1.473106667 0.723422236 0.000138148 0.000000000 0.000000000 0.999386300 -0.000793182 -0.035020250 -1.736262000 0.000597288 0.999984100 -0.005603858 -2.289900000 0.035024140 0.005579501 0.999370900 78.780680000
0.000000000 0.849869231 1.473106667 0.723422236 0.000138148 0.000000000 0.000000000 0.999371000 0.000611553 -0.035457490 -1.775229000 -0.000654500 0.999999000 -0.001199627 -2.319234000 0.035456730 0.001222080 0.999370500 79.852040000
0.000000000 0.849869231 1.473106667 0.723422236 0.000138148 0.000000000 0.000000000 0.999350900 0.002717302 -0.035921070 -1.815737000 -0.002671525 0.999995500 0.001322343 -2.346468000 0.035924500 -0.001225520 0.999353800 80.914530000
0.000000000 0.849869231 1.473106667 0.723422236 0.000138148 0.000000000 0.000000000 0.999338100 0.003124970 -0.036244670 -1.856476000 -0.003172348 0.999994200 -0.001249708 -2.370869000 0.036240550 0.001363862 0.999342200 81.972550000
0.000000000 0.849869231 1.473106667 0.723422236 0.000138148 0.000000000 0.000000000 0.999320200 0.002300476 -0.036795420 -1.895797000 -0.002412922 0.999992500 -0.003011856 -2.393122000 0.036788220 0.003098593 0.999318300 83.032260000
0.000000000 0.849869231 1.473106667 0.723422236 0.000138148 0.000000000 0.000000000 0.999301100 0.002445733 -0.037300640 -1.936720000 -0.002579075 0.999990400 -0.003527079 -2.417674000 0.037291660 0.003620816 0.999297900 84.088490000
0.000000000 0.849869231 1.473106667 0.723422236 0.000138148 0.000000000 0.000000000 0.999287900 0.001479581 -0.037702910 -1.977116000 -0.001647660 0.999988800 -0.004427287 -2.443876000 0.037695940 0.004486256 0.999279200 85.139080000
0.000000000 0.849869231 1.473106667 0.723422236 0.000138148 0.000000000 0.000000000 0.999271700 0.000327869 -0.038158290 -2.017852000 -0.000530176 0.999985800 -0.005291770 -2.466419000 0.038156020 0.005308146 0.999257700 86.185380000
0.000000000 0.849869231 1.473106667 0.723422236 0.000138148 0.000000000 0.000000000 0.999251000 0.000408433 -0.038694460 -2.060208000 -0.000539659 0.999994100 -0.003380956 -2.490081000 0.038692860 0.003399305 0.999245400 87.238020000
0.000000000 0.849869231 1.473106667 0.723422236 0.000138148 0.000000000 0.000000000 0.999240500 0.000742797 -0.038959960 -2.103774000 -0.000810346 0.999998200 -0.001718049 -2.513205000 0.038958610 0.001748316 0.999239300 88.286430000
0.000000000 0.849869231 1.473106667 0.723422236 0.000138148 0.000000000 0.000000000 0.999259300 0.001045037 -0.038468490 -2.146481000 -0.001107403 0.999998100 -0.001599954 -2.536284000 0.038466750 0.001641370 0.999258500 89.329260000
0.000000000 0.849869231 1.473106667 0.723422236 0.000138148 0.000000000 0.000000000 0.999305900 0.001340448 -0.037228930 -2.187833000 -0.001437955 0.999995600 -0.002592459 -2.559082000 0.037225300 0.002644194 0.999303400 90.368240000
0.000000000 0.849869231 1.473106667 0.723422236 0.000138148 0.000000000 0.000000000 0.999356800 0.000486856 -0.035856880 -2.226841000 -0.000626373 0.999992300 -0.003879812 -2.581569000 0.035854720 0.003899776 0.999349400 91.405530000
0.000000000 0.849869231 1.473106667 0.723422236 0.000138148 0.000000000 0.000000000 0.999391200 -0.000350278 -0.034886060 -2.263400000 0.000220315 0.999993000 -0.003729137 -2.605028000 0.034887130 0.003719181 0.999384300 92.442530000
0.000000000 0.849869231 1.473106667 0.723422236 0.000138148 0.000000000 0.000000000 0.999425400 -0.000374328 -0.033892370 -2.300411000 0.000281822 0.999996200 -0.002734139 -2.629120000 0.033893270 0.002723017 0.999421800 93.476930000
0.000000000 0.849869231 1.473106667 0.723422236 0.000138148 0.000000000 0.000000000 0.999462100 -0.000161695 -0.032793320 -2.336050000 0.000114683 0.999998900 -0.001435453 -2.652197000 0.032793530 0.001430921 0.999461100 94.508180000
0.000000000 0.849869231 1.473106667 0.723422236 0.000138148 0.000000000 0.000000000 0.999506800 0.000935524 -0.031388740 -2.372203000 -0.000955512 0.999999300 -0.000621782 -2.672743000 0.031388140 0.000651468 0.999507100 95.538220000
0.000000000 0.849869231 1.473106667 0.723422236 0.000138148 0.000000000 0.000000000 0.999559300 0.002283846 -0.029595810 -2.406668000 -0.002271120 0.999997300 0.000463617 -2.695230000 0.029596790 -0.000396196 0.999561800 96.565050000
0.000000000 0.849869231 1.473106667 0.723422236 0.000138148 0.000000000 0.000000000 0.999605800 0.002954897 -0.027921680 -2.437822000 -0.003016627 0.999993100 -0.002168958 -2.720792000 0.027915080 0.002252333 0.999607800 97.590230000
0.000000000 0.849869231 1.473106667 0.723422236 0.000138148 0.000000000 0.000000000 0.999648900 0.003360165 -0.026281990 -2.465941000 -0.003577676 0.999959700 -0.008233357 -2.746454000 0.026253270 0.008324494 0.999620700 98.605540000
0.000000000 0.849869231 1.473106667 0.723422236 0.000138148 0.000000000 0.000000000 0.999688300 0.002600246 -0.024828660 -2.491997000 -0.002954212 0.999894400 -0.014230330 -2.772152000 0.024789040 0.014299240 0.999590400 99.618070000
0.000000000 0.849869231 1.473106667 0.723422236 0.000138148 0.000000000 0.000000000 0.999731100 0.002420345 -0.023063810 -2.516259000 -0.002779228 0.999875300 -0.015541060 -2.802258000 0.023023320 0.015600980 0.999613200 100.632300000
0.000000000 0.849869231 1.473106667 0.723422236 0.000138148 0.000000000 0.000000000 0.999785300 0.004124556 -0.020306980 -2.540211000 -0.004366615 0.999919800 -0.011890060 -2.838082000 0.020256310 0.011976180 0.999723100 101.651500000
0.000000000 0.849869231 1.473106667 0.723422236 0.000138148 0.000000000 0.000000000 0.999852100 0.005093142 -0.016425130 -2.559424000 -0.005180910 0.999972500 -0.005305300 -2.870099000 0.016397660 0.005389612 0.999851000 102.672000000
0.000000000 0.849869231 1.473106667 0.723422236 0.000138148 0.000000000 0.000000000 0.999906500 0.005185198 -0.012651850 -2.573631000 -0.005175995 0.999986300 0.000760135 -2.899440000 0.012655620 -0.000694577 0.999919700 103.688400000