0 0.472234495 0.839528031 0.500000000 0.500000000 0.000000000 0.000000000 0.999965072 -0.004691801 -0.006918510 0.045885863 0.004107076 0.996604562 -0.082234047 0.152083802 0.007280844 0.082202755 0.996589005 -0.207239820
0 0.472234495 0.839528031 0.500000000 0.500000000 0.000000000 0.000000000 0.999966383 -0.004565266 -0.006811344 0.046202159 0.003978748 0.996477365 -0.083767667 0.155849510 0.007169771 0.083737746 0.996462047 -0.210576442
0 0.472234495 0.839528031 0.500000000 0.500000000 0.000000000 0.000000000 0.999965250 -0.004540126 -0.006989127 0.047327420 0.003916956 0.996224165 -0.086729541 0.163131998 0.007356500 0.086699158 0.996207356 -0.217482496
0 0.472234495 0.839528031 0.500000000 0.500000000 0.000000000 0.000000000 0.999961734 -0.004952171 -0.007210833 0.048354533 0.004284880 0.995952129 -0.089782871 0.170707136 0.007626264 0.089748539 0.995935261 -0.224187381
0 0.472234495 0.839528031 0.500000000 0.500000000 0.000000000 0.000000000 0.999960959 -0.004820506 -0.007401977 0.049235171 0.004124714 0.995815158 -0.091297202 0.174579546 0.007811100 0.091263108 0.995796204 -0.227652854
0 0.472234495 0.839528031 0.500000000 0.500000000 0.000000000 0.000000000 0.999960184 -0.004873435 -0.007475589 0.049941919 0.004146595 0.995531619 -0.094337545 0.182475852 0.007901934 0.094302788 0.995512187 -0.234410329
0 0.472234495 0.839528031 0.500000000 0.500000000 0.000000000 0.000000000 0.999959707 -0.004782796 -0.007599981 0.050812123 0.004032745 0.995391250 -0.095812216 0.186367164 0.008023204 0.095777705 0.995370388 -0.237922019
0 0.472234495 0.839528031 0.500000000 0.500000000 0.000000000 0.000000000 0.999958038 -0.004789852 -0.007806045 0.051942231 0.003992950 0.995070994 -0.099084750 0.194756644 0.008242169 0.099049427 0.995048404 -0.244682104
0 0.472234495 0.839528031 0.500000000 0.500000000 0.000000000 0.000000000 0.999954879 -0.004827484 -0.008180136 0.053539375 0.003967507 0.994769812 -0.102065228 0.202714087 0.008630071 0.102028169 0.994744062 -0.251580113
0 0.472234495 0.839528031 0.500000000 0.500000000 0.000000000 0.000000000 0.999952793 -0.004824250 -0.008430914 0.054373016 0.003925162 0.994613230 -0.103581324 0.207038669 0.008885201 0.103543349 0.994585276 -0.254915248
0 0.472234495 0.839528031 0.500000000 0.500000000 0.000000000 0.000000000 0.999951184 -0.004692637 -0.008697855 0.055562380 0.003738239 0.994287789 -0.106667057 0.215485581 0.009148722 0.106629334 0.994256735 -0.261876396
0 0.472234495 0.839528031 0.500000000 0.500000000 0.000000000 0.000000000 0.999950469 -0.004718178 -0.008765006 0.056061533 0.003740988 0.994107187 -0.108336754 0.219929923 0.009224508 0.108298600 0.994075596 -0.265214480
0 0.472234495 0.839528031 0.500000000 0.500000000 0.000000000 0.000000000 0.999948442 -0.004674560 -0.009014283 0.057236870 0.003642091 0.993776739 -0.111330651 0.228523441 0.009478607 0.111292079 0.993742526 -0.272012089
0 0.472234495 0.839528031 0.500000000 0.500000000 0.000000000 0.000000000 0.999944687 -0.004703345 -0.009407991 0.058925461 0.003595845 0.993422270 -0.114451803 0.237817013 0.009884414 0.114411637 0.993384242 -0.278820300
0 0.472234495 0.839528031 0.500000000 0.500000000 0.000000000 0.000000000 0.999944210 -0.004641645 -0.009491225 0.059547088 0.003509411 0.993242025 -0.116008401 0.242261427 0.009965553 0.115968615 0.993202865 -0.282233350
0 0.472234495 0.839528031 0.500000000 0.500000000 0.000000000 0.000000000 0.999941945 -0.004629270 -0.009731087 0.060736077 0.003438713 0.992890239 -0.118983969 0.251171063 0.010212710 0.118943602 0.992848516 -0.288847136
0 0.472234495 0.839528031 0.500000000 0.500000000 0.000000000 0.000000000 0.999940753 -0.004652490 -0.009841831 0.061409201 0.003431368 0.992690384 -0.120639905 0.256109234 0.010331168 0.120598987 0.992647529 -0.292178413
0 0.472234495 0.839528031 0.500000000 0.500000000 0.000000000 0.000000000 0.999940395 -0.004591284 -0.009908133 0.062521586 0.003327624 0.992279172 -0.123979881 0.265889748 0.010400862 0.123939514 0.992235243 -0.298909062
0 0.472234495 0.839528031 0.500000000 0.500000000 0.000000000 0.000000000 0.999937832 -0.004702031 -0.010111586 0.063855962 0.003379344 0.991889477 -0.127058268 0.275529149 0.010627008 0.127016187 0.991843700 -0.305412450
0 0.472234495 0.839528031 0.500000000 0.500000000 0.000000000 0.000000000 0.999936163 -0.004747434 -0.010255976 0.064400809 0.003387540 0.991669953 -0.128760427 0.280300532 0.010781825 0.128717467 0.991622686 -0.308588915
0 0.472234495 0.839528031 0.500000000 0.500000000 0.000000000 0.000000000 0.999932170 -0.005059398 -0.010492321 0.065754015 0.003631351 0.991254985 -0.131910592 0.290137094 0.011067954 0.131863549 0.991206110 -0.315328227
0 0.472234495 0.839528031 0.500000000 0.500000000 0.000000000 0.000000000 0.999931395 -0.005093590 -0.010547118 0.066185785 0.003639779 0.991037428 -0.133535013 0.295203626 0.011132762 0.133487463 0.990987957 -0.318502643
0 0.472234495 0.839528031 0.500000000 0.500000000 0.000000000 0.000000000 0.999930680 -0.005261261 -0.010533595 0.067175125 0.003768197 0.990556777 -0.137051225 0.305634492 0.011155186 0.137002036 0.990507960 -0.324935378
0 0.472234495 0.839528031 0.500000000 0.500000000 0.000000000 0.000000000 0.999929547 -0.005374893 -0.010580751 0.068166523 0.003841586 0.990152836 -0.139938027 0.315491430 0.011228712 0.139887527 0.990103722 -0.331472688
0 0.472234495 0.839528031 0.500000000 0.500000000 0.000000000 0.000000000 0.999926984 -0.005599693 -0.010709118 0.068727104 0.004027773 0.989924014 -0.141542166 0.320780326 0.011393807 0.141488701 0.989874303 -0.334601435
0 0.472234495 0.839528031 0.500000000 0.500000000 0.000000000 0.000000000 0.999927640 -0.005617783 -0.010638682 0.069726037 0.004017949 0.989447773 -0.144834131 0.331304233 0.011340068 0.144780904 0.989398777 -0.341185079
0 0.472234495 0.839528031 0.500000000 0.500000000 0.000000000 0.000000000 0.999927282 -0.005673965 -0.010640763 0.070249458 0.004056345 0.989230990 -0.146306366 0.336212468 0.011356310 0.146252558 0.989182115 -0.344431292
0 0.472234495 0.839528031 0.500000000 0.500000000 0.000000000 0.000000000 0.999927044 -0.005787392 -0.010604657 0.071303076 0.004137989 0.988763332 -0.149431914 0.346660171 0.011350318 0.149377123 0.988715172 -0.351009296
0 0.472234495 0.839528031 0.500000000 0.500000000 0.000000000 0.000000000 0.999923170 -0.006132698 -0.010772485 0.072293140 0.004414576 0.988242686 -0.152829826 0.357665643 0.011583088 0.152770534 0.988193810 -0.357553448
0 0.472234495 0.839528031 0.500000000 0.500000000 0.000000000 0.000000000 0.999922454 -0.006231933 -0.010783263 0.072718876 0.004494237 0.988020599 -0.154256627 0.362596210 0.011615403 0.154196203 0.987971961 -0.360806913
0 0.472234495 0.839528031 0.500000000 0.500000000 0.000000000 0.000000000 0.999922037 -0.006383136 -0.010734282 0.073592113 0.004614313 0.987524509 -0.157397643 0.373417779 0.011605057 0.157335833 0.987476945 -0.367426864
0 0.472234495 0.839528031 0.500000000 0.500000000 0.000000000 0.000000000 0.999922514 -0.006430936 -0.010661014 0.073940185 0.004653418 0.987255275 -0.159076557 0.379039820 0.011548154 0.159014612 0.987208664 -0.370725062
0 0.472234495 0.839528031 0.500000000 0.500000000 0.000000000 0.000000000 0.999919176 -0.006691534 -0.010809719 0.074856162 0.004850488 0.986754119 -0.162150592 0.389744044 0.011751571 0.162085056 0.986706793 -0.377422506
0 0.472234495 0.839528031 0.500000000 0.500000000 0.000000000 0.000000000 0.999917269 -0.006871473 -0.010872431 0.075756467 0.004977969 0.986201644 -0.165473670 0.400912355 0.011859457 0.165405855 0.986154258 -0.383902920
0 0.472234495 0.839528031 0.500000000 0.500000000 0.000000000 0.000000000 0.999916613 -0.006874775 -0.010932867 0.076460963 0.004951138 0.985921562 -0.167135000 0.406344290 0.011927966 0.167066932 0.985873401 -0.387304400
0 0.472234495 0.839528031 0.500000000 0.500000000 0.000000000 0.000000000 0.999916792 -0.007023528 -0.010821375 0.076925909 0.005076423 0.985351086 -0.170462608 0.417837113 0.011860102 0.170393482 0.985304713 -0.393781799
0 0.472234495 0.839528031 0.500000000 0.500000000 0.000000000 0.000000000 0.999918163 -0.007009933 -0.010704055 0.077159524 0.005062318 0.985049188 -0.172198758 0.423657052 0.011751124 0.172130480 0.985004067 -0.397065316
0 0.472234495 0.839528031 0.500000000 0.500000000 0.000000000 0.000000000 0.999916017 -0.007123180 -0.010828447 0.078081957 0.005116131 0.984518647 -0.175205350 0.434669689 0.011908826 0.175135225 0.984472334 -0.403680676
0 0.472234495 0.839528031 0.500000000 0.500000000 0.000000000 0.000000000 0.999914408 -0.007316043 -0.010845093 0.078931205 0.005263679 0.983935297 -0.178447932 0.446234075 0.011976402 0.178375572 0.983889580 -0.410169854
0 0.472234495 0.839528031 0.500000000 0.500000000 0.000000000 0.000000000 0.999914587 -0.007410290 -0.010768746 0.079310458 0.005350225 0.983636916 -0.180082828 0.452190871 0.011927002 0.180009827 0.983592510 -0.413298038
0 0.472234495 0.839528031 0.500000000 0.500000000 0.000000000 0.000000000 0.999913216 -0.007510700 -0.010825298 0.080021064 0.005400499 0.983057022 -0.183220461 0.463597789 0.012017999 0.183146104 0.983012259 -0.419809320
0 0.472234495 0.839528031 0.500000000 0.500000000 0.000000000 0.000000000 0.999911487 -0.007658178 -0.010879396 0.080739880 0.005511581 0.982691169 -0.185169429 0.469801942 0.012109146 0.185093075 0.982646406 -0.422763165
0 0.472234495 0.839528031 0.500000000 0.500000000 0.000000000 0.000000000 0.999913990 -0.007569226 -0.010708916 0.081337154 0.005413481 0.982030272 -0.188645884 0.481660772 0.011944382 0.188571692 0.981986761 -0.429079563
0 0.472234495 0.839528031 0.500000000 0.500000000 0.000000000 0.000000000 0.999911368 -0.007775136 -0.010807953 0.082489169 0.005554117 0.981353700 -0.192130208 0.493733008 0.012100263 0.192053154 0.981309950 -0.435330519
0 0.472234495 0.839528031 0.500000000 0.500000000 0.000000000 0.000000000 0.999912977 -0.007748265 -0.010675439 0.082735159 0.005532035 0.981012642 -0.193864822 0.499944222 0.011974856 0.193788901 0.980970144 -0.438276256
0 0.472234495 0.839528031 0.500000000 0.500000000 0.000000000 0.000000000 0.999910355 -0.007953310 -0.010769083 0.083620617 0.005676231 0.980385602 -0.197007284 0.511490917 0.012124714 0.196928501 0.980342865 -0.444818811
0 0.472234495 0.839528031 0.500000000 0.500000000 0.000000000 0.000000000 0.999911189 -0.007911810 -0.010722441 0.084050622 0.005627505 0.980103850 -0.198405430 0.517153283 0.012078851 0.198327482 0.980061412 -0.448059749
0 0.472234495 0.839528031 0.500000000 0.500000000 0.000000000 0.000000000 0.999907911 -0.008151009 -0.010850586 0.084961746 0.005793095 0.979393721 -0.201877192 0.529704060 0.012272499 0.201795742 0.979350746 -0.454366960
0 0.472234495 0.839528031 0.500000000 0.500000000 0.000000000 0.000000000 0.999907851 -0.008299333 -0.010745572 0.085635882 0.005920734 0.978745878 -0.204991400 0.541505392 0.012218476 0.204908878 0.978704810 -0.460929200
0 0.472234495 0.839528031 0.500000000 0.500000000 0.000000000 0.000000000 0.999907494 -0.008381356 -0.010709733 0.085708497 0.005989871 0.978433728 -0.206474170 0.547367914 0.012209297 0.206390932 0.978393435 -0.464324798
0 0.472234495 0.839528031 0.500000000 0.500000000 0.000000000 0.000000000 0.999904931 -0.008607588 -0.010772046 0.086476724 0.006155586 0.977710009 -0.209869549 0.559735490 0.012338407 0.209783286 0.977670074 -0.470644085
0 0.472234495 0.839528031 0.500000000 0.500000000 0.000000000 0.000000000 0.999904275 -0.008715180 -0.010748386 0.086674051 0.006248151 0.977409124 -0.211263657 0.565502084 0.012346772 0.211176276 0.977370024 -0.473959324
0 0.472234495 0.839528031 0.500000000 0.500000000 0.000000000 0.000000000 0.999903142 -0.008835010 -0.010753153 0.087446942 0.006321512 0.976673543 -0.214636609 0.577841946 0.012398636 0.214547858 0.976634800 -0.480378837
0 0.472234495 0.839528031 0.500000000 0.500000000 0.000000000 0.000000000 0.999902189 -0.008897137 -0.010791915 0.088467811 0.006333095 0.975965738 -0.217832044 0.590200671 0.012470620 0.217742398 0.975926578 -0.487040988
0 0.472234495 0.839528031 0.500000000 0.500000000 0.000000000 0.000000000 0.999901652 -0.008937053 -0.010810358 0.088866200 0.006344724 0.975557804 -0.219651476 0.596726930 0.012509166 0.219561279 0.975518525 -0.490269133
0 0.472234495 0.839528031 0.500000000 0.500000000 0.000000000 0.000000000 0.999901533 -0.009087942 -0.010690773 0.089462017 0.006478263 0.974846542 -0.222783089 0.608853472 0.012446502 0.222691894 0.974809408 -0.496695570
0 0.472234495 0.839528031 0.500000000 0.500000000 0.000000000 0.000000000 0.999903083 -0.008979975 -0.010640905 0.089688702 0.006360884 0.974427640 -0.224611402 0.615573364 0.012385798 0.224521950 0.974390328 -0.499904121
0 0.472234495 0.839528031 0.500000000 0.500000000 0.000000000 0.000000000 0.999901474 -0.009098733 -0.010688268 0.090535366 0.006423967 0.973664939 -0.227893159 0.628214191 0.012480331 0.227802053 0.973627508 -0.506372855
0 0.472234495 0.839528031 0.500000000 0.500000000 0.000000000 0.000000000 0.999900997 -0.009225390 -0.010623031 0.091234952 0.006519415 0.972876549 -0.231233016 0.641205641 0.012468113 0.231140882 0.972840369 -0.512879880
0 0.472234495 0.839528031 0.500000000 0.500000000 0.000000000 0.000000000 0.999897778 -0.009385022 -0.010788343 0.091976276 0.006614432 0.972471416 -0.232928261 0.647795046 0.012677392 0.232833087 0.972434103 -0.516178262
0 0.472234495 0.839528031 0.500000000 0.500000000 0.000000000 0.000000000 0.999900043 -0.009355625 -0.010603019 0.092075782 0.006587422 0.971691608 -0.236161038 0.660487354 0.012512299 0.236067578 0.971656084 -0.522554388
0 0.472234495 0.839528031 0.500000000 0.500000000 0.000000000 0.000000000 0.999893188 -0.009735218 -0.010899964 0.093107041 0.006861754 0.971240342 -0.238002226 0.667209149 0.012903488 0.237902015 0.971203446 -0.525772989
0 0.472234495 0.839528031 0.500000000 0.500000000 0.000000000 0.000000000 0.999897897 -0.009441404 -0.010727212 0.093762831 0.006574055 0.970421731 -0.241326421 0.680003847 0.012688380 0.241231263 0.970384717 -0.532359777
0 0.472234495 0.839528031 0.500000000 0.500000000 0.000000000 0.000000000 0.999895513 -0.009582781 -0.010823274 0.094757269 0.006641444 0.969537377 -0.244853273 0.693719414 0.012839944 0.244755805 0.969499707 -0.538846747
0 0.472234495 0.839528031 0.500000000 0.500000000 0.000000000 0.000000000 0.999897420 -0.009558736 -0.010667679 0.094853221 0.006638266 0.969190001 -0.246224776 0.699745243 0.012692605 0.246128693 0.969154060 -0.542165743
0 0.472234495 0.839528031 0.500000000 0.500000000 0.000000000 0.000000000 0.999893248 -0.009752326 -0.010880543 0.096078046 0.006725965 0.968279541 -0.249778926 0.713449532 0.012971332 0.249679089 0.968241751 -0.548697867
0 0.472234495 0.839528031 0.500000000 0.500000000 0.000000000 0.000000000 0.999890625 -0.009924009 -0.010965581 0.096610901 0.006849770 0.967872977 -0.251346380 0.720052575 0.013107653 0.251243770 0.967835069 -0.551991605
0 0.472234495 0.839528031 0.500000000 0.500000000 0.000000000 0.000000000 0.999889374 -0.010084869 -0.010931102 0.097463956 0.006969284 0.967007518 -0.254652441 0.733573707 0.013138594 0.254548073 0.966970861 -0.558547159
0 0.472234495 0.839528031 0.500000000 0.500000000 0.000000000 0.000000000 0.999885738 -0.010340434 -0.011024931 0.098175237 0.007146916 0.966127157 -0.257967502 0.747038941 0.013318981 0.257859230 0.966090679 -0.564976700
0 0.472234495 0.839528031 0.500000000 0.500000000 0.000000000 0.000000000 0.999884009 -0.010413792 -0.011113579 0.098808032 0.007170585 0.965657651 -0.259718776 0.754145249 0.013436571 0.259608954 0.965620339 -0.568272075
0 0.472234495 0.839528031 0.500000000 0.500000000 0.000000000 0.000000000 0.999884665 -0.010398277 -0.011069813 0.099702045 0.007120922 0.964760125 -0.263034523 0.767636367 0.013414821 0.262925357 0.964722931 -0.574670471
0 0.472234495 0.839528031 0.500000000 0.500000000 0.000000000 0.000000000 0.999886096 -0.010387259 -0.010950490 0.099910270 0.007116077 0.964252412 -0.264889866 0.774841244 0.013310515 0.264781743 0.964216471 -0.577898833
0 0.472234495 0.839528031 0.500000000 0.500000000 0.000000000 0.000000000 0.999881804 -0.010595104 -0.011143035 0.101307469 0.007217408 0.963305950 -0.268308640 0.789057080 0.013576910 0.268196493 0.963268578 -0.584386504
0 0.472234495 0.839528031 0.500000000 0.500000000 0.000000000 0.000000000 0.999878466 -0.010846991 -0.011196704 0.102185515 0.007397710 0.962359786 -0.271677881 0.803201899 0.013722145 0.271562040 0.962323129 -0.590658595
0 0.472234495 0.839528031 0.500000000 0.500000000 0.000000000 0.000000000 0.999877214 -0.010912293 -0.011243906 0.102940740 0.007422211 0.961855114 -0.273458749 0.810597515 0.013799069 0.273341745 0.961817980 -0.593728377
0 0.472234495 0.839528031 0.500000000 0.500000000 0.000000000 0.000000000 0.999875367 -0.010988511 -0.011335370 0.104044412 0.007420958 0.960875392 -0.276881665 0.824797101 0.013934395 0.276763022 0.960837185 -0.600034451
0 0.472234495 0.839528031 0.500000000 0.500000000 0.000000000 0.000000000 0.999876380 -0.010965936 -0.011270511 0.104345837 0.007393499 0.960400820 -0.278524071 0.831970572 0.013878485 0.278406292 0.960363090 -0.603156355
0 0.472234495 0.839528031 0.500000000 0.500000000 0.000000000 0.000000000 0.999876380 -0.010958306 -0.011273731 0.105309645 0.007333826 0.959363341 -0.282078445 0.846497263 0.013906705 0.281960905 0.959325075 -0.609231045
0 0.472234495 0.839528031 0.500000000 0.500000000 0.000000000 0.000000000 0.999873400 -0.011026537 -0.011471245 0.106786190 0.007287833 0.958243072 -0.285861969 0.861710970 0.014144308 0.285742193 0.958202124 -0.615100688
0 0.472234495 0.839528031 0.500000000 0.500000000 0.000000000 0.000000000 0.999874830 -0.011070394 -0.011305679 0.107150308 0.007350959 0.957705736 -0.287655473 0.869059707 0.014011973 0.287536353 0.957667232 -0.617822852
0 0.472234495 0.839528031 0.500000000 0.500000000 0.000000000 0.000000000 0.999872386 -0.011186534 -0.011406788 0.108512280 0.007382439 0.956669450 -0.291082621 0.883710205 0.014168731 0.290961266 0.956629932 -0.623746497
