0 0.499484212 0.887971894 0.500000000 0.500000000 0.000000000 0.000000000 0.999974549 -0.002081519 -0.006827335 -0.165161892 0.002163328 0.999925673 0.011997269 -0.442803490 0.006801855 -0.012011733 0.999904752 -1.506068386
0 0.499484212 0.887971894 0.500000000 0.500000000 0.000000000 0.000000000 0.999973297 -0.002100705 -0.006996240 -0.167580786 0.002186630 0.999921978 0.012296647 -0.453479741 0.006969863 -0.012311617 0.999899924 -1.528673453
0 0.499484212 0.887971894 0.500000000 0.500000000 0.000000000 0.000000000 0.999974310 -0.002045908 -0.006869299 -0.170961308 0.002132025 0.999918938 0.012552558 -0.462084316 0.006843061 -0.012566880 0.999897599 -1.549891060
0 0.499484212 0.887971894 0.500000000 0.500000000 0.000000000 0.000000000 0.999974251 -0.002091687 -0.006860951 -0.174218109 0.002180443 0.999913692 0.012954552 -0.470139669 0.006833262 -0.012969178 0.999892533 -1.569806256
0 0.499484212 0.887971894 0.500000000 0.500000000 0.000000000 0.000000000 0.999972522 -0.002147400 -0.007097249 -0.177303393 0.002241397 0.999909520 0.013262833 -0.477045204 0.007068126 -0.013278375 0.999886870 -1.589671186
0 0.499484212 0.887971894 0.500000000 0.500000000 0.000000000 0.000000000 0.999970198 -0.001999427 -0.007456867 -0.179316823 0.002101644 0.999903619 0.013725179 -0.484323420 0.007428705 -0.013740443 0.999877989 -1.608755157
0 0.499484212 0.887971894 0.500000000 0.500000000 0.000000000 0.000000000 0.999969065 -0.001949214 -0.007622006 -0.181694585 0.002057573 0.999896586 0.014234723 -0.490549168 0.007593472 -0.014249965 0.999869645 -1.625983401
0 0.499484212 0.887971894 0.500000000 0.500000000 0.000000000 0.000000000 0.999966443 -0.001998949 -0.007947193 -0.183422514 0.002116305 0.999888420 0.014786148 -0.496640998 0.007916750 -0.014802469 0.999859095 -1.642307071
0 0.499484212 0.887971894 0.500000000 0.500000000 0.000000000 0.000000000 0.999964118 -0.002050925 -0.008219348 -0.184522820 0.002175462 0.999882519 0.015171608 -0.502327217 0.008187267 -0.015188945 0.999851108 -1.657439099
0 0.499484212 0.887971894 0.500000000 0.500000000 0.000000000 0.000000000 0.999962449 -0.002126750 -0.008398471 -0.185115727 0.002258372 0.999874294 0.015693940 -0.508364755 0.008364039 -0.015712317 0.999841571 -1.671016943
0 0.499484212 0.887971894 0.500000000 0.500000000 0.000000000 0.000000000 0.999961793 -0.002150543 -0.008474553 -0.186383470 0.002288804 0.999863863 0.016339045 -0.515255737 0.008438262 -0.016357819 0.999830604 -1.685288082
0 0.499484212 0.887971894 0.500000000 0.500000000 0.000000000 0.000000000 0.999959588 -0.002210010 -0.008711396 -0.186768110 0.002357524 0.999853373 0.016959684 -0.523390451 0.008672638 -0.016979536 0.999818206 -1.699056163
0 0.499484212 0.887971894 0.500000000 0.500000000 0.000000000 0.000000000 0.999955952 -0.002428444 -0.009068955 -0.186138747 0.002586271 0.999844730 0.017431930 -0.531588544 0.009025214 -0.017454617 0.999806941 -1.713519722
0 0.499484212 0.887971894 0.500000000 0.500000000 0.000000000 0.000000000 0.999952376 -0.002423748 -0.009454574 -0.185868620 0.002593259 0.999835372 0.017958075 -0.540000511 0.009409492 -0.017981738 0.999794066 -1.727571264
0 0.499484212 0.887971894 0.500000000 0.500000000 0.000000000 0.000000000 0.999950349 -0.002509580 -0.009642798 -0.186060900 0.002688586 0.999823451 0.018595820 -0.549901040 0.009594428 -0.018620823 0.999780595 -1.740987461
0 0.499484212 0.887971894 0.500000000 0.500000000 0.000000000 0.000000000 0.999947190 -0.002648016 -0.009929152 -0.185519973 0.002837865 0.999812484 0.019155350 -0.560196715 0.009876567 -0.019182516 0.999767244 -1.754983969
0 0.499484212 0.887971894 0.500000000 0.500000000 0.000000000 0.000000000 0.999945343 -0.002635669 -0.010115678 -0.185830952 0.002833736 0.999803543 0.019616093 -0.571292554 0.010061990 -0.019643687 0.999756396 -1.768769002
0 0.499484212 0.887971894 0.500000000 0.500000000 0.000000000 0.000000000 0.999942422 -0.002720423 -0.010382245 -0.185354384 0.002927244 0.999796510 0.019957783 -0.582590334 0.010325839 -0.019987024 0.999746919 -1.783188780
0 0.499484212 0.887971894 0.500000000 0.500000000 0.000000000 0.000000000 0.999941945 -0.002837558 -0.010393973 -0.185831923 0.003049639 0.999786317 0.020445539 -0.594099034 0.010333736 -0.020476051 0.999736965 -1.797270137
0 0.499484212 0.887971894 0.500000000 0.500000000 0.000000000 0.000000000 0.999942124 -0.002841110 -0.010377254 -0.186227287 0.003057407 0.999777138 0.020887319 -0.606328208 0.010315598 -0.020917838 0.999727964 -1.812231201
0 0.499484212 0.887971894 0.500000000 0.500000000 0.000000000 0.000000000 0.999941826 -0.002956568 -0.010374896 -0.186443869 0.003176573 0.999769092 0.021253550 -0.618527229 0.010309663 -0.021285271 0.999720275 -1.827203372
0 0.499484212 0.887971894 0.500000000 0.500000000 0.000000000 0.000000000 0.999941289 -0.002921544 -0.010433968 -0.186893272 0.003145089 0.999764502 0.021472953 -0.630423077 0.010368777 -0.021504510 0.999714971 -1.842714753
0 0.499484212 0.887971894 0.500000000 0.500000000 0.000000000 0.000000000 0.999940336 -0.003044110 -0.010492827 -0.186586302 0.003273059 0.999755442 0.021871865 -0.642879896 0.010423680 -0.021904903 0.999705732 -1.859209204
0 0.499484212 0.887971894 0.500000000 0.500000000 0.000000000 0.000000000 0.999939978 -0.003228815 -0.010468588 -0.186709633 0.003461930 0.999744713 0.022326952 -0.654391971 0.010393826 -0.022361852 0.999695897 -1.874954033
0 0.499484212 0.887971894 0.500000000 0.500000000 0.000000000 0.000000000 0.999939561 -0.003242841 -0.010503859 -0.186710665 0.003481036 0.999735415 0.022738526 -0.666360057 0.010427343 -0.022773717 0.999686241 -1.891409332
0 0.499484212 0.887971894 0.500000000 0.500000000 0.000000000 0.000000000 0.999936700 -0.003562200 -0.010674953 -0.185752170 0.003805442 0.999731600 0.022853246 -0.678162040 0.010590681 -0.022892421 0.999681830 -1.909111929
0 0.499484212 0.887971894 0.500000000 0.500000000 0.000000000 0.000000000 0.999931455 -0.003818991 -0.011066707 -0.183811631 0.004071067 0.999730706 0.022845600 -0.689293788 0.010976479 -0.022889087 0.999677777 -1.928386344
0 0.499484212 0.887971894 0.500000000 0.500000000 0.000000000 0.000000000 0.999927104 -0.003905221 -0.011423318 -0.182292630 0.004170584 0.999719858 0.023299122 -0.701004913 0.011329129 -0.023345066 0.999663293 -1.947666256
0 0.499484212 0.887971894 0.500000000 0.500000000 0.000000000 0.000000000 0.999921441 -0.003814450 -0.011941710 -0.179748190 0.004095047 0.999714017 0.023561675 -0.712810168 0.011848421 -0.023608726 0.999651074 -1.968484722
0 0.499484212 0.887971894 0.500000000 0.500000000 0.000000000 0.000000000 0.999918282 -0.003868941 -0.012183151 -0.177638700 0.004156407 0.999711454 0.023659168 -0.723731438 0.012088099 -0.023707872 0.999645829 -1.990283022
0 0.499484212 0.887971894 0.500000000 0.500000000 0.000000000 0.000000000 0.999919355 -0.003757489 -0.012131152 -0.176215540 0.004048267 0.999702930 0.024034597 -0.735018210 0.012037239 -0.024081770 0.999637544 -2.012173065
0 0.499484212 0.887971894 0.500000000 0.500000000 0.000000000 0.000000000 0.999921679 -0.003719234 -0.011951910 -0.174927227 0.004012802 0.999688506 0.024633070 -0.746518780 0.011856571 -0.024679102 0.999625087 -2.034315195
0 0.499484212 0.887971894 0.500000000 0.500000000 0.000000000 0.000000000 0.999922693 -0.003853649 -0.011824363 -0.174176473 0.004148882 0.999677718 0.025046058 -0.757564313 0.011724032 -0.025093179 0.999616385 -2.055682055
0 0.499484212 0.887971894 0.500000000 0.500000000 0.000000000 0.000000000 0.999919832 -0.003856975 -0.012058440 -0.172322369 0.004161559 0.999670327 0.025336754 -0.767027316 0.011956740 -0.025384905 0.999606252 -2.078086752
0 0.499484212 0.887971894 0.500000000 0.500000000 0.000000000 0.000000000 0.999916375 -0.003754873 -0.012374987 -0.170652761 0.004071342 0.999662757 0.025648089 -0.775181627 0.012274508 -0.025696328 0.999594450 -2.100022838
0 0.499484212 0.887971894 0.500000000 0.500000000 0.000000000 0.000000000 0.999914944 -0.003807044 -0.012476451 -0.169542892 0.004130356 0.999653637 0.025991306 -0.782215744 0.012373179 -0.026040627 0.999584317 -2.121602000
0 0.499484212 0.887971894 0.500000000 0.500000000 0.000000000 0.000000000 0.999916315 -0.003610366 -0.012424066 -0.169694544 0.003937226 0.999644101 0.026385492 -0.788024356 0.012324383 -0.026432199 0.999574661 -2.141747360
0 0.499484212 0.887971894 0.500000000 0.500000000 0.000000000 0.000000000 0.999918580 -0.003782453 -0.012186277 -0.170361075 0.004107740 0.999632955 0.026779432 -0.793013449 0.012080512 -0.026827311 0.999567091 -2.161956841
0 0.499484212 0.887971894 0.500000000 0.500000000 0.000000000 0.000000000 0.999920428 -0.003859969 -0.012012353 -0.171382171 0.004183655 0.999625623 0.027038679 -0.795914679 0.011903487 -0.027086783 0.999562204 -2.181278617
0 0.499484212 0.887971894 0.500000000 0.500000000 0.000000000 0.000000000 0.999920189 -0.003777287 -0.012054296 -0.171861016 0.004107494 0.999613702 0.027487161 -0.798120324 0.011945813 -0.027534479 0.999549448 -2.199463907
0 0.499484212 0.887971894 0.500000000 0.500000000 0.000000000 0.000000000 0.999919415 -0.003910750 -0.012078776 -0.172587936 0.004245271 0.999604642 0.027794607 -0.799466281 0.011965303 -0.027843645 0.999540687 -2.218209561
0 0.499484212 0.887971894 0.500000000 0.500000000 0.000000000 0.000000000 0.999913812 -0.003887558 -0.012538713 -0.171740505 0.004236910 0.999600172 0.027956767 -0.800667187 0.012425017 -0.028007483 0.999530494 -2.237825962
0 0.499484212 0.887971894 0.500000000 0.500000000 0.000000000 0.000000000 0.999909878 -0.003863747 -0.012855107 -0.171441659 0.004224031 0.999595642 0.028118508 -0.801396773 0.012741266 -0.028170276 0.999521911 -2.257073785
0 0.499484212 0.887971894 0.500000000 0.500000000 0.000000000 0.000000000 0.999909461 -0.003962225 -0.012861141 -0.171764982 0.004330282 0.999578178 0.028717214 -0.803584220 0.012741933 -0.028770307 0.999504805 -2.276963139
0 0.499484212 0.887971894 0.500000000 0.500000000 0.000000000 0.000000000 0.999912202 -0.003806508 -0.012694408 -0.173175004 0.004177874 0.999560237 0.029357260 -0.806649177 0.012577076 -0.029407717 0.999488354 -2.295883142
0 0.499484212 0.887971894 0.500000000 0.500000000 0.000000000 0.000000000 0.999912560 -0.003822768 -0.012657731 -0.173866662 0.004193394 0.999559402 0.029384661 -0.808202984 0.012539824 -0.029435173 0.999488056 -2.314820066
0 0.499484212 0.887971894 0.500000000 0.500000000 0.000000000 0.000000000 0.999911427 -0.004026841 -0.012685620 -0.174537374 0.004397753 0.999559581 0.029347844 -0.808839991 0.012561855 -0.029401034 0.999488771 -2.334676949
0 0.499484212 0.887971894 0.500000000 0.500000000 0.000000000 0.000000000 0.999908149 -0.004179997 -0.012893043 -0.174343786 0.004560330 0.999551058 0.029612105 -0.809648795 0.012763475 -0.029668182 0.999478281 -2.354752804
0 0.499484212 0.887971894 0.500000000 0.500000000 0.000000000 0.000000000 0.999904037 -0.004282238 -0.013174536 -0.174081867 0.004678377 0.999533355 0.030186143 -0.810889351 0.013039123 -0.030244881 0.999457479 -2.374870319
0 0.499484212 0.887971894 0.500000000 0.500000000 0.000000000 0.000000000 0.999901831 -0.004181942 -0.013371370 -0.174606541 0.004590465 0.999519050 0.030668782 -0.811807811 0.013236684 -0.030727152 0.999440134 -2.395659782
0 0.499484212 0.887971894 0.500000000 0.500000000 0.000000000 0.000000000 0.999901235 -0.004062739 -0.013454634 -0.174807474 0.004475392 0.999516070 0.030783223 -0.811549732 0.013323058 -0.030840397 0.999435544 -2.416382429
0 0.499484212 0.887971894 0.500000000 0.500000000 0.000000000 0.000000000 0.999902427 -0.003795953 -0.013444025 -0.175479789 0.004214046 0.999504030 0.031208245 -0.812288789 0.013318893 -0.031261854 0.999422491 -2.437524643
0 0.499484212 0.887971894 0.500000000 0.500000000 0.000000000 0.000000000 0.999903917 -0.003605893 -0.013385632 -0.176324428 0.004025450 0.999497235 0.031450305 -0.812302368 0.013265496 -0.031501167 0.999415696 -2.458386447
0 0.499484212 0.887971894 0.500000000 0.500000000 0.000000000 0.000000000 0.999904037 -0.003489508 -0.013408353 -0.176225957 0.003913075 0.999489963 0.031694569 -0.813254114 0.013290915 -0.031743992 0.999407649 -2.478993960
0 0.499484212 0.887971894 0.500000000 0.500000000 0.000000000 0.000000000 0.999906778 -0.003379919 -0.013230236 -0.177410859 0.003800612 0.999483764 0.031902935 -0.813454269 0.013115577 -0.031950247 0.999403417 -2.499193403
0 0.499484212 0.887971894 0.500000000 0.500000000 0.000000000 0.000000000 0.999906898 -0.003491119 -0.013192790 -0.177877886 0.003914853 0.999472797 0.032230482 -0.814305170 0.013073314 -0.032279126 0.999393404 -2.520003375
0 0.499484212 0.887971894 0.500000000 0.500000000 0.000000000 0.000000000 0.999907374 -0.003567318 -0.013135136 -0.179529045 0.003992188 0.999464929 0.032463290 -0.814717941 0.013012301 -0.032512721 0.999386609 -2.540336981
0 0.499484212 0.887971894 0.500000000 0.500000000 0.000000000 0.000000000 0.999904990 -0.003657281 -0.013292418 -0.180774324 0.004089863 0.999458015 0.032663390 -0.815587546 0.013165755 -0.032714650 0.999378026 -2.560403267
0 0.499484212 0.887971894 0.500000000 0.500000000 0.000000000 0.000000000 0.999902368 -0.003854441 -0.013431692 -0.182113264 0.004292715 0.999454200 0.032755286 -0.815922607 0.013298107 -0.032809746 0.999373138 -2.581697322
0 0.499484212 0.887971894 0.500000000 0.500000000 0.000000000 0.000000000 0.999898672 -0.004007447 -0.013658400 -0.183266982 0.004454757 0.999449432 0.032878309 -0.816056574 0.013519122 -0.032935824 0.999366045 -2.602461485
0 0.499484212 0.887971894 0.500000000 0.500000000 0.000000000 0.000000000 0.999895930 -0.003856209 -0.013902321 -0.184928517 0.004318109 0.999434412 0.033349238 -0.817360330 0.013765857 -0.033405799 0.999347091 -2.622078098
0 0.499484212 0.887971894 0.500000000 0.500000000 0.000000000 0.000000000 0.999895751 -0.003531472 -0.013999343 -0.187456155 0.004000657 0.999426365 0.033629693 -0.817805483 0.013872550 -0.033682194 0.999336302 -2.642614151
0 0.499484212 0.887971894 0.500000000 0.500000000 0.000000000 0.000000000 0.999898970 -0.003237141 -0.013838772 -0.190367982 0.003703150 0.999422371 0.033782244 -0.818361398 0.013721420 -0.033830080 0.999333382 -2.662420108
0 0.499484212 0.887971894 0.500000000 0.500000000 0.000000000 0.000000000 0.999901712 -0.003359829 -0.013611903 -0.193180039 0.003818093 0.999421954 0.033781558 -0.817862028 0.013490534 -0.033830211 0.999336541 -2.682068745
0 0.499484212 0.887971894 0.500000000 0.500000000 0.000000000 0.000000000 0.999902546 -0.003430687 -0.013532026 -0.195982221 0.003890478 0.999410868 0.034099367 -0.817872267 0.013407070 -0.034148689 0.999326825 -2.701539385
0 0.499484212 0.887971894 0.500000000 0.500000000 0.000000000 0.000000000 0.999901295 -0.003552923 -0.013594378 -0.198204701 0.004018437 0.999401093 0.034370426 -0.818000020 0.013464120 -0.034421664 0.999316692 -2.720382444
0 0.499484212 0.887971894 0.500000000 0.500000000 0.000000000 0.000000000 0.999902785 -0.003480950 -0.013502647 -0.201303541 0.003945126 0.999396801 0.034503821 -0.817618896 0.013374397 -0.034553736 0.999313354 -2.739167271
0 0.499484212 0.887971894 0.500000000 0.500000000 0.000000000 0.000000000 0.999903083 -0.003681259 -0.013427564 -0.204447063 0.004146053 0.999387324 0.034752913 -0.816866319 0.013291403 -0.034805216 0.999305725 -2.757658873
0 0.499484212 0.887971894 0.500000000 0.500000000 0.000000000 0.000000000 0.999902785 -0.003562883 -0.013482278 -0.207606287 0.004034725 0.999374509 0.035133384 -0.817137824 0.013348669 -0.035184365 0.999291658 -2.774840542
0 0.499484212 0.887971894 0.500000000 0.500000000 0.000000000 0.000000000 0.999901891 -0.003341093 -0.013601948 -0.210674417 0.003819377 0.999369800 0.035290137 -0.817107907 0.013475468 -0.035338625 0.999284565 -2.792297214
0 0.499484212 0.887971894 0.500000000 0.500000000 0.000000000 0.000000000 0.999900639 -0.003410100 -0.013679143 -0.213086664 0.003893144 0.999364138 0.035442635 -0.816639596 0.013549582 -0.035492368 0.999278069 -2.810243919
0 0.499484212 0.887971894 0.500000000 0.500000000 0.000000000 0.000000000 0.999900758 -0.003149541 -0.013732365 -0.215651066 0.003638977 0.999353647 0.035762995 -0.816636721 0.013610853 -0.035809416 0.999265969 -2.827108215
0 0.499484212 0.887971894 0.500000000 0.500000000 0.000000000 0.000000000 0.999903738 -0.002959877 -0.013557196 -0.218950427 0.003448058 0.999341190 0.036128286 -0.817305803 0.013441329 -0.036171552 0.999255180 -2.843634242
0 0.499484212 0.887971894 0.500000000 0.500000000 0.000000000 0.000000000 0.999904692 -0.003020087 -0.013473777 -0.221547389 0.003506292 0.999338090 0.036208872 -0.816873056 0.013355505 -0.036252663 0.999253392 -2.861933885
0 0.499484212 0.887971894 0.500000000 0.500000000 0.000000000 0.000000000 0.999905050 -0.003053732 -0.013439693 -0.224491536 0.003542262 0.999328196 0.036477398 -0.817397948 0.013319272 -0.036521543 0.999244094 -2.878965263
0 0.499484212 0.887971894 0.500000000 0.500000000 0.000000000 0.000000000 0.999903738 -0.003181641 -0.013504101 -0.227194111 0.003676319 0.999317110 0.036766384 -0.817877187 0.013377902 -0.036812492 0.999232650 -2.895537014
0 0.499484212 0.887971894 0.500000000 0.500000000 0.000000000 0.000000000 0.999900579 -0.003302829 -0.013706779 -0.228997668 0.003808171 0.999307752 0.037007168 -0.818452004 0.013575062 -0.037055690 0.999220967 -2.912812370
0 0.499484212 0.887971894 0.500000000 0.500000000 0.000000000 0.000000000 0.999896765 -0.003370434 -0.013967384 -0.230486897 0.003886245 0.999305189 0.037068628 -0.818474625 0.013832741 -0.037119079 0.999215126 -2.929125031
0 0.499484212 0.887971894 0.500000000 0.500000000 0.000000000 0.000000000 0.999896467 -0.003368624 -0.013988484 -0.233388626 0.003887178 0.999299884 0.037209880 -0.819059493 0.013853344 -0.037260406 0.999209583 -2.945656356
0 0.499484212 0.887971894 0.500000000 0.500000000 0.000000000 0.000000000 0.999895275 -0.003459505 -0.014052064 -0.235470927 0.003982543 0.999293745 0.037365720 -0.818634795 0.013912872 -0.037417769 0.999202847 -2.963048717
0 0.499484212 0.887971894 0.500000000 0.500000000 0.000000000 0.000000000 0.999895394 -0.003584630 -0.014011461 -0.237196498 0.004113209 0.999273837 0.037879813 -0.819797087 0.013865502 -0.037933484 0.999184072 -2.980320279
