0 0.484679849 0.861652994 0.500000000 0.500000000 0.000000000 0.000000000 0.999317706 0.003640005 -0.036753461 -0.015619806 -0.003563256 0.999991357 0.002153503 0.044188027 0.036760982 -0.002021072 0.999322057 -0.293456639
0 0.484679849 0.861652994 0.500000000 0.500000000 0.000000000 0.000000000 0.999263883 0.003501565 -0.038202822 -0.016460114 -0.003423999 0.999991953 0.002095619 0.046613156 0.038209852 -0.001963270 0.999267817 -0.304135581
0 0.484679849 0.861652994 0.500000000 0.500000000 0.000000000 0.000000000 0.999209464 0.003357618 -0.039613411 -0.016922973 -0.003273648 0.999992251 0.002184413 0.048080993 0.039620437 -0.002053006 0.999212682 -0.314844120
0 0.484679849 0.861652994 0.500000000 0.500000000 0.000000000 0.000000000 0.999163091 0.003250746 -0.040774617 -0.017413379 -0.003156696 0.999992192 0.002370750 0.050142513 0.040782008 -0.002240053 0.999165535 -0.325606607
0 0.484679849 0.861652994 0.500000000 0.500000000 0.000000000 0.000000000 0.999120712 0.003212213 -0.041802637 -0.018307005 -0.003114939 0.999992311 0.002391916 0.052448559 0.041809998 -0.002259600 0.999123037 -0.335751866
0 0.484679849 0.861652994 0.500000000 0.500000000 0.000000000 0.000000000 0.999075949 0.003249514 -0.042857166 -0.018447913 -0.003145782 0.999991953 0.002487612 0.053981656 0.042864904 -0.002350494 0.999078095 -0.346743572
0 0.484679849 0.861652994 0.500000000 0.500000000 0.000000000 0.000000000 0.999029160 0.003244495 -0.043934043 -0.018927193 -0.003139244 0.999992013 0.002464437 0.055824733 0.043941692 -0.002324124 0.999031365 -0.357776468
0 0.484679849 0.861652994 0.500000000 0.500000000 0.000000000 0.000000000 0.998980463 0.003154327 -0.045034844 -0.019563605 -0.003043199 0.999992132 0.002535950 0.057919490 0.045042489 -0.002396315 0.998982191 -0.369150295
0 0.484679849 0.861652994 0.500000000 0.500000000 0.000000000 0.000000000 0.998925924 0.003114771 -0.046230726 -0.019857936 -0.002994773 0.999991953 0.002664671 0.059591404 0.046238653 -0.002523358 0.998927236 -0.380791148
0 0.484679849 0.861652994 0.500000000 0.500000000 0.000000000 0.000000000 0.998876393 0.003134404 -0.047287565 -0.020004324 -0.003016522 0.999992192 0.002564037 0.061774177 0.047295231 -0.002418512 0.998878002 -0.392819911
0 0.484679849 0.861652994 0.500000000 0.500000000 0.000000000 0.000000000 0.998833477 0.003040745 -0.048192296 -0.020544194 -0.002924963 0.999992669 0.002472839 0.063785596 0.048199460 -0.002328994 0.998835027 -0.405111104
0 0.484679849 0.861652994 0.500000000 0.500000000 0.000000000 0.000000000 0.998793423 0.002969058 -0.049019594 -0.020802799 -0.002859731 0.999993265 0.002300274 0.065922988 0.049026091 -0.002157316 0.998795152 -0.418089456
0 0.484679849 0.861652994 0.500000000 0.500000000 0.000000000 0.000000000 0.998756826 0.003086201 -0.049752362 -0.021282404 -0.002972254 0.999992788 0.002364104 0.067562002 0.049759299 -0.002213288 0.998758793 -0.431375941
0 0.484679849 0.861652994 0.500000000 0.500000000 0.000000000 0.000000000 0.998727620 0.002973666 -0.050341472 -0.021999592 -0.002855513 0.999993026 0.002418785 0.069698921 0.050348312 -0.002271957 0.998729110 -0.445306629
0 0.484679849 0.861652994 0.500000000 0.500000000 0.000000000 0.000000000 0.998691440 0.003080327 -0.051048331 -0.022605054 -0.002960135 0.999992669 0.002429912 0.072051706 0.051055443 -0.002275622 0.998693228 -0.458942668
0 0.484679849 0.861652994 0.500000000 0.500000000 0.000000000 0.000000000 0.998655498 0.003231883 -0.051737852 -0.022982751 -0.003108478 0.999992132 0.002465490 0.073959979 0.051745411 -0.002301349 0.998657644 -0.472922545
0 0.484679849 0.861652994 0.500000000 0.500000000 0.000000000 0.000000000 0.998622894 0.003130848 -0.052368712 -0.023287911 -0.003013493 0.999992788 0.002319752 0.076339354 0.052375596 -0.002158744 0.998625100 -0.487311946
0 0.484679849 0.861652994 0.500000000 0.500000000 0.000000000 0.000000000 0.998589754 0.003192876 -0.052993827 -0.023339239 -0.003073375 0.999992549 0.002336320 0.078623548 0.053000893 -0.002170155 0.998592079 -0.501853154
0 0.484679849 0.861652994 0.500000000 0.500000000 0.000000000 0.000000000 0.998558939 0.003115891 -0.053575452 -0.023527485 -0.002995560 0.999992788 0.002326163 0.081170590 0.053582314 -0.002162322 0.998561084 -0.517108963
0 0.484679849 0.861652994 0.500000000 0.500000000 0.000000000 0.000000000 0.998520792 0.003271558 -0.054273140 -0.023571050 -0.003150849 0.999992371 0.002309515 0.083488293 0.054280281 -0.002135092 0.998523474 -0.532473824
0 0.484679849 0.861652994 0.500000000 0.500000000 0.000000000 0.000000000 0.998479903 0.003381941 -0.055013586 -0.022850549 -0.003265865 0.999992251 0.002199711 0.086053720 0.055020597 -0.002016700 0.998483181 -0.548125742
0 0.484679849 0.861652994 0.500000000 0.500000000 0.000000000 0.000000000 0.998451531 0.003573302 -0.055513948 -0.022590051 -0.003453375 0.999991477 0.002256079 0.088526394 0.055521537 -0.002060875 0.998455346 -0.563558326
0 0.484679849 0.861652994 0.500000000 0.500000000 0.000000000 0.000000000 0.998424888 0.003503708 -0.055995647 -0.022297796 -0.003370910 0.999991298 0.002465858 0.090867848 0.056003798 -0.002273217 0.998427987 -0.578753491
0 0.484679849 0.861652994 0.500000000 0.500000000 0.000000000 0.000000000 0.998392642 0.003613367 -0.056560811 -0.021265802 -0.003478879 0.999990880 0.002476044 0.093145479 0.056569241 -0.002275296 0.998396099 -0.593656549
0 0.484679849 0.861652994 0.500000000 0.500000000 0.000000000 0.000000000 0.998366892 0.003806503 -0.057000928 -0.020762211 -0.003674046 0.999990284 0.002428388 0.095416418 0.057009619 -0.002214999 0.998371184 -0.608376444
0 0.484679849 0.861652994 0.500000000 0.500000000 0.000000000 0.000000000 0.998341203 0.003782696 -0.057450268 -0.020610929 -0.003644479 0.999990225 0.002510447 0.097554923 0.057459205 -0.002296907 0.998345196 -0.622797680
0 0.484679849 0.861652994 0.500000000 0.500000000 0.000000000 0.000000000 0.998306334 0.003883665 -0.058046136 -0.020259839 -0.003739300 0.999989629 0.002595481 0.099073178 0.058055613 -0.002374033 0.998310506 -0.637082749
0 0.484679849 0.861652994 0.500000000 0.500000000 0.000000000 0.000000000 0.998268068 0.003825069 -0.058704857 -0.019597440 -0.003683534 0.999990046 0.002518997 0.100969635 0.058713909 -0.002298393 0.998272181 -0.651247835
0 0.484679849 0.861652994 0.500000000 0.500000000 0.000000000 0.000000000 0.998232484 0.003792008 -0.059308268 -0.018708786 -0.003647045 0.999990106 0.002552285 0.101976711 0.059317362 -0.002331474 0.998236477 -0.664840377
0 0.484679849 0.861652994 0.500000000 0.500000000 0.000000000 0.000000000 0.998201311 0.003801568 -0.059830766 -0.018359960 -0.003661703 0.999990284 0.002447132 0.102926998 0.059839491 -0.002223648 0.998205543 -0.678103061
0 0.484679849 0.861652994 0.500000000 0.500000000 0.000000000 0.000000000 0.998165309 0.003618449 -0.060439046 -0.017602363 -0.003470531 0.999990702 0.002552192 0.103093407 0.060447719 -0.002337754 0.998168647 -0.691769313
0 0.484679849 0.861652994 0.500000000 0.500000000 0.000000000 0.000000000 0.998130679 0.003703754 -0.061003152 -0.017652472 -0.003550564 0.999990284 0.002619388 0.103492442 0.061012261 -0.002397896 0.998134136 -0.705092905
0 0.484679849 0.861652994 0.500000000 0.500000000 0.000000000 0.000000000 0.998086631 0.003907287 -0.061707228 -0.017214144 -0.003741721 0.999989092 0.002798431 0.103374596 0.061717492 -0.002562186 0.998090386 -0.718521189
0 0.484679849 0.861652994 0.500000000 0.500000000 0.000000000 0.000000000 0.998053193 0.003991240 -0.062240902 -0.017191184 -0.003826742 0.999988854 0.002761905 0.104081642 0.062251233 -0.002518348 0.998057306 -0.732665804
0 0.484679849 0.861652994 0.500000000 0.500000000 0.000000000 0.000000000 0.998010278 0.004002941 -0.062924698 -0.016214053 -0.003841014 0.999988973 0.002694112 0.104282194 0.062934786 -0.002447057 0.998014629 -0.747049802
0 0.484679849 0.861652994 0.500000000 0.500000000 0.000000000 0.000000000 0.997982740 0.004008024 -0.063359164 -0.016469924 -0.003842437 0.999988854 0.002735088 0.104484718 0.063369416 -0.002486117 0.997987032 -0.761155687
0 0.484679849 0.861652994 0.500000000 0.500000000 0.000000000 0.000000000 0.997959018 0.003923252 -0.063737065 -0.017372666 -0.003754465 0.999989092 0.002767725 0.105170887 0.063747235 -0.002522778 0.997962892 -0.775568092
0 0.484679849 0.861652994 0.500000000 0.500000000 0.000000000 0.000000000 0.997930408 0.004060283 -0.064174689 -0.018521521 -0.003880091 0.999988198 0.002932217 0.105812821 0.064185835 -0.002677144 0.997934401 -0.790268214
0 0.484679849 0.861652994 0.500000000 0.500000000 0.000000000 0.000000000 0.997890353 0.004070364 -0.064794309 -0.018921015 -0.003894220 0.999988377 0.002844582 0.106693975 0.064805135 -0.002586258 0.997894585 -0.805232316
0 0.484679849 0.861652994 0.500000000 0.500000000 0.000000000 0.000000000 0.997859061 0.004255639 -0.065262131 -0.019684731 -0.004072310 0.999987364 0.002941888 0.107425249 0.065273829 -0.002669822 0.997863829 -0.820621661
0 0.484679849 0.861652994 0.500000000 0.500000000 0.000000000 0.000000000 0.997825265 0.004245278 -0.065777712 -0.020055583 -0.004058463 0.999987364 0.002973471 0.108500930 0.065789506 -0.002700048 0.997829854 -0.836334351
0 0.484679849 0.861652994 0.500000000 0.500000000 0.000000000 0.000000000 0.997800350 0.004408492 -0.066143967 -0.021076350 -0.004217930 0.999986529 0.003020394 0.109610415 0.066156395 -0.002734759 0.997805536 -0.852428819
0 0.484679849 0.861652994 0.500000000 0.500000000 0.000000000 0.000000000 0.997764647 0.004450202 -0.066677719 -0.021233424 -0.004256002 0.999986291 0.003054293 0.110398626 0.066690400 -0.002763685 0.997769892 -0.868591048
0 0.484679849 0.861652994 0.500000000 0.500000000 0.000000000 0.000000000 0.997746825 0.004362290 -0.066949397 -0.022333749 -0.004168184 0.999986708 0.003038710 0.111323071 0.066961765 -0.002752806 0.997751772 -0.884753527
0 0.484679849 0.861652994 0.500000000 0.500000000 0.000000000 0.000000000 0.997714341 0.004479604 -0.067424595 -0.022690080 -0.004291097 0.999986470 0.002940389 0.112418598 0.067436852 -0.002644343 0.997720063 -0.900894853
0 0.484679849 0.861652994 0.500000000 0.500000000 0.000000000 0.000000000 0.997694612 0.004580735 -0.067708798 -0.023680416 -0.004391410 0.999985993 0.002944731 0.113862984 0.067721345 -0.002640605 0.997700751 -0.916925965
0 0.484679849 0.861652994 0.500000000 0.500000000 0.000000000 0.000000000 0.997669637 0.004540444 -0.068078056 -0.024637428 -0.004348280 0.999986112 0.002970621 0.114654558 0.068090603 -0.002667676 0.997675598 -0.933376952
0 0.484679849 0.861652994 0.500000000 0.500000000 0.000000000 0.000000000 0.997638941 0.004574526 -0.068524346 -0.025556447 -0.004382336 0.999986053 0.002954751 0.115564007 0.068536907 -0.002647479 0.997645080 -0.949294014
0 0.484679849 0.861652994 0.500000000 0.500000000 0.000000000 0.000000000 0.997592628 0.004731634 -0.069184922 -0.025656463 -0.004543369 0.999985516 0.002878279 0.116704720 0.069197543 -0.002557017 0.997599721 -0.965420724
0 0.484679849 0.861652994 0.500000000 0.500000000 0.000000000 0.000000000 0.997548223 0.004607771 -0.069831021 -0.025566548 -0.004417301 0.999986112 0.002881760 0.117690743 0.069843322 -0.002566230 0.997554660 -0.981012087
0 0.484679849 0.861652994 0.500000000 0.500000000 0.000000000 0.000000000 0.997512758 0.004637780 -0.070333749 -0.025894970 -0.004438212 0.999985695 0.002993457 0.118612384 0.070346624 -0.002673855 0.997519016 -0.996558584
0 0.484679849 0.861652994 0.500000000 0.500000000 0.000000000 0.000000000 0.997480214 0.004794538 -0.070782743 -0.025718886 -0.004590367 0.999984801 0.003046856 0.119816123 0.070796281 -0.002714260 0.997487128 -1.011909175
0 0.484679849 0.861652994 0.500000000 0.500000000 0.000000000 0.000000000 0.997462153 0.004818230 -0.071035616 -0.025771268 -0.004612174 0.999984682 0.003064487 0.120291501 0.071049295 -0.002729081 0.997469068 -1.027076355
0 0.484679849 0.861652994 0.500000000 0.500000000 0.000000000 0.000000000 0.997447670 0.004863237 -0.071235515 -0.026625304 -0.004655920 0.999984443 0.003076059 0.120940574 0.071249366 -0.002736541 0.997454762 -1.041848938
0 0.484679849 0.861652994 0.500000000 0.500000000 0.000000000 0.000000000 0.997423649 0.004756110 -0.071578383 -0.027017434 -0.004542940 0.999984741 0.003140636 0.121184915 0.071592227 -0.002807368 0.997430027 -1.056863353
0 0.484679849 0.861652994 0.500000000 0.500000000 0.000000000 0.000000000 0.997397482 0.004924476 -0.071930744 -0.027472632 -0.004703111 0.999983668 0.003246519 0.121033868 0.071945556 -0.002899771 0.997404337 -1.071538530
0 0.484679849 0.861652994 0.500000000 0.500000000 0.000000000 0.000000000 0.997388780 0.004864500 -0.072055317 -0.028530568 -0.004642271 0.999983966 0.003251296 0.121049837 0.072069980 -0.002908306 0.997395337 -1.086012892
0 0.484679849 0.861652994 0.500000000 0.500000000 0.000000000 0.000000000 0.997378528 0.004941913 -0.072191752 -0.029206179 -0.004715951 0.999983430 0.003300150 0.120911178 0.072206870 -0.002951046 0.997385323 -1.100362205
0 0.484679849 0.861652994 0.500000000 0.500000000 0.000000000 0.000000000 0.997372687 0.004966558 -0.072271094 -0.029834876 -0.004732510 0.999983013 0.003409356 0.120347856 0.072286800 -0.003058375 0.997379184 -1.114948906
0 0.484679849 0.861652994 0.500000000 0.500000000 0.000000000 0.000000000 0.997354507 0.004894347 -0.072525807 -0.029996989 -0.004651044 0.999982953 0.003523227 0.119512190 0.072541811 -0.003176585 0.997360289 -1.129761156
0 0.484679849 0.861652994 0.500000000 0.500000000 0.000000000 0.000000000 0.997344255 0.005013014 -0.072658829 -0.031127701 -0.004765620 0.999982238 0.003577833 0.118657029 0.072675481 -0.003222067 0.997350454 -1.144347119
0 0.484679849 0.861652994 0.500000000 0.500000000 0.000000000 0.000000000 0.997331083 0.004832408 -0.072852008 -0.032147692 -0.004587219 0.999983251 0.003532522 0.118180618 0.072867855 -0.003188906 0.997336507 -1.158719497
0 0.484679849 0.861652994 0.500000000 0.500000000 0.000000000 0.000000000 0.997301579 0.004948489 -0.073246293 -0.032370671 -0.004695981 0.999982417 0.003619195 0.116974765 0.073262915 -0.003265466 0.997307301 -1.173100317
0 0.484679849 0.861652994 0.500000000 0.500000000 0.000000000 0.000000000 0.997292519 0.005133123 -0.073357031 -0.033363461 -0.004874996 0.999981284 0.003697396 0.116057878 0.073374636 -0.003329771 0.997298896 -1.187343700
0 0.484679849 0.861652994 0.500000000 0.500000000 0.000000000 0.000000000 0.997285426 0.005260142 -0.073444925 -0.034274072 -0.004993047 0.999980211 0.003819799 0.114543791 0.073463567 -0.003442716 0.997291982 -1.201868688
0 0.484679849 0.861652994 0.500000000 0.500000000 0.000000000 0.000000000 0.997288942 0.004835679 -0.073425867 -0.035474333 -0.004578732 0.999982774 0.003667333 0.114348628 0.073442340 -0.003321193 0.997293949 -1.216554160
0 0.484679849 0.861652994 0.500000000 0.500000000 0.000000000 0.000000000 0.997274458 0.004763914 -0.073626935 -0.035225569 -0.004508126 0.999983191 0.003639900 0.113209956 0.073643036 -0.003298060 0.997279227 -1.232201512
0 0.484679849 0.861652994 0.500000000 0.500000000 0.000000000 0.000000000 0.997257471 0.004849538 -0.073851250 -0.035966092 -0.004582181 0.999982297 0.003789213 0.112235333 0.073868319 -0.003440421 0.997262061 -1.247513526
0 0.484679849 0.861652994 0.500000000 0.500000000 0.000000000 0.000000000 0.997241855 0.004824645 -0.074063525 -0.036126845 -0.004561694 0.999982655 0.003719099 0.112293186 0.074080184 -0.003370986 0.997246563 -1.262980065
0 0.484679849 0.861652994 0.500000000 0.500000000 0.000000000 0.000000000 0.997220993 0.004621238 -0.074357048 -0.036072329 -0.004355699 0.999983549 0.003732902 0.112016321 0.074373074 -0.003398651 0.997224689 -1.278532170
0 0.484679849 0.861652994 0.500000000 0.500000000 0.000000000 0.000000000 0.997192919 0.004657338 -0.074730277 -0.035560371 -0.004387228 0.999983251 0.003778220 0.110907220 0.074746624 -0.003439756 0.997196615 -1.294399356
0 0.484679849 0.861652994 0.500000000 0.500000000 0.000000000 0.000000000 0.997184455 0.004465250 -0.074854478 -0.035762585 -0.004215212 0.999984980 0.003497980 0.111695415 0.074868977 -0.003172604 0.997188330 -1.309666687
0 0.484679849 0.861652994 0.500000000 0.500000000 0.000000000 0.000000000 0.997176230 0.004643106 -0.074953653 -0.036127527 -0.004393605 0.999984264 0.003493298 0.111254233 0.074968688 -0.003154117 0.997180879 -1.325160648
0 0.484679849 0.861652994 0.500000000 0.500000000 0.000000000 0.000000000 0.997164905 0.004683991 -0.075101279 -0.037095939 -0.004428089 0.999983788 0.003573588 0.111280629 0.075116798 -0.003230902 0.997169495 -1.340210178
0 0.484679849 0.861652994 0.500000000 0.500000000 0.000000000 0.000000000 0.997143567 0.004676298 -0.075384438 -0.037200836 -0.004412588 0.999983549 0.003664382 0.111268623 0.075400338 -0.003321274 0.997147799 -1.355881635
0 0.484679849 0.861652994 0.500000000 0.500000000 0.000000000 0.000000000 0.997135043 0.004622555 -0.075500414 -0.037783748 -0.004363150 0.999984026 0.003600393 0.111875056 0.075515851 -0.003260659 0.997139275 -1.371198704
0 0.484679849 0.861652994 0.500000000 0.500000000 0.000000000 0.000000000 0.997121215 0.004542114 -0.075687848 -0.037792533 -0.004283017 0.999984384 0.003585200 0.111844979 0.075702950 -0.003250707 0.997125089 -1.386179444
0 0.484679849 0.861652994 0.500000000 0.500000000 0.000000000 0.000000000 0.997111142 0.004642563 -0.075814366 -0.039004141 -0.004371468 0.999983430 0.003741337 0.111649791 0.075830482 -0.003399109 0.997114956 -1.400569237
0 0.484679849 0.861652994 0.500000000 0.500000000 0.000000000 0.000000000 0.997090399 0.004458150 -0.076097608 -0.039597308 -0.004180458 0.999984026 0.003808061 0.112405084 0.076113366 -0.003478858 0.997093081 -1.414584151
0 0.484679849 0.861652994 0.500000000 0.500000000 0.000000000 0.000000000 0.997060359 0.004513362 -0.076487020 -0.039985028 -0.004233514 0.999983728 0.003820511 0.112934846 0.076503016 -0.003485471 0.997063279 -1.428361511
0 0.484679849 0.861652994 0.500000000 0.500000000 0.000000000 0.000000000 0.997030675 0.004513080 -0.076873034 -0.040199632 -0.004230736 0.999983668 0.003835319 0.113207890 0.076889090 -0.003498701 0.997033536 -1.442584375
