0 0.500323945 0.889464774 0.500000000 0.500000000 0.000000000 0.000000000 0.985283971 0.020985572 -0.169632316 -0.422499425 -0.020054521 0.999772966 0.007200335 0.047735677 0.169744909 -0.003692480 0.985481143 -0.729804874
0 0.500323945 0.889464774 0.500000000 0.500000000 0.000000000 0.000000000 0.983258009 0.022228243 -0.180857778 -0.425636712 -0.021206068 0.999746382 0.007583684 0.048660572 0.180980474 -0.003621435 0.983480036 -0.738982891
0 0.500323945 0.889464774 0.500000000 0.500000000 0.000000000 0.000000000 0.981108487 0.023386544 -0.192039743 -0.428713891 -0.022241587 0.999719679 0.008115921 0.049686574 0.192175716 -0.003691331 0.981353581 -0.748063299
0 0.500323945 0.889464774 0.500000000 0.500000000 0.000000000 0.000000000 0.978820324 0.024660606 -0.203230590 -0.431622535 -0.023422986 0.999689579 0.008493097 0.050439890 0.203376949 -0.003552949 0.979094088 -0.757227594
0 0.500323945 0.889464774 0.500000000 0.500000000 0.000000000 0.000000000 0.976389527 0.025818868 -0.214468926 -0.434591340 -0.024551775 0.999661803 0.008570198 0.051709301 0.214617670 -0.003102258 0.976693213 -0.766241115
0 0.500323945 0.889464774 0.500000000 0.500000000 0.000000000 0.000000000 0.973779082 0.026812337 -0.225910142 -0.437933669 -0.025537692 0.999637187 0.008563313 0.053378734 0.226057783 -0.002569551 0.974110484 -0.774222820
0 0.500323945 0.889464774 0.500000000 0.500000000 0.000000000 0.000000000 0.971021771 0.028243693 -0.237316251 -0.440997860 -0.026919687 0.999598682 0.008818433 0.054175441 0.237470075 -0.002174411 0.971392393 -0.782738334
0 0.500323945 0.889464774 0.500000000 0.500000000 0.000000000 0.000000000 0.968037128 0.029292542 -0.249090463 -0.443555538 -0.027958743 0.999569535 0.008891670 0.055635756 0.249243692 -0.001643211 0.968439400 -0.791145599
0 0.500323945 0.889464774 0.500000000 0.500000000 0.000000000 0.000000000 0.964834154 0.030537570 -0.261079520 -0.445839037 -0.029205911 0.999533057 0.008979837 0.057335107 0.261231840 -0.001038988 0.965275526 -0.799528216
0 0.500323945 0.889464774 0.500000000 0.500000000 0.000000000 0.000000000 0.961515248 0.031697284 -0.272917032 -0.448583986 -0.030318508 0.999497294 0.009268910 0.058725939 0.273073643 -0.000637761 0.961992919 -0.808063344
0 0.500323945 0.889464774 0.500000000 0.500000000 0.000000000 0.000000000 0.958063245 0.032915629 -0.284660190 -0.451162240 -0.031379480 0.999457955 0.009956650 0.059649200 0.284833640 -0.000606612 0.958576798 -0.816533683
0 0.500323945 0.889464774 0.500000000 0.500000000 0.000000000 0.000000000 0.954426885 0.034079209 -0.296492636 -0.453291980 -0.032298885 0.999418795 0.010902381 0.060605621 0.296691865 -0.000829143 0.954972923 -0.825724860
0 0.500323945 0.889464774 0.500000000 0.500000000 0.000000000 0.000000000 0.950700641 0.035171393 -0.308109105 -0.456455879 -0.033261269 0.999381065 0.011450863 0.061781007 0.308321178 -0.000638242 0.951282084 -0.833504059
0 0.500323945 0.889464774 0.500000000 0.500000000 0.000000000 0.000000000 0.946803153 0.036338039 -0.319755107 -0.459163235 -0.034472056 0.999339521 0.011495637 0.062991441 0.319961667 0.000138510 0.947430491 -0.841006897
0 0.500323945 0.889464774 0.500000000 0.500000000 0.000000000 0.000000000 0.942825377 0.037463967 -0.331174821 -0.460897588 -0.035761502 0.999297202 0.011235105 0.064670700 0.331362993 0.001250567 0.943502545 -0.848973606
0 0.500323945 0.889464774 0.500000000 0.500000000 0.000000000 0.000000000 0.938783884 0.038525064 -0.342345804 -0.463261115 -0.037070747 0.999254346 0.010792944 0.067089024 0.342506349 0.002558773 0.939512014 -0.856393011
0 0.500323945 0.889464774 0.500000000 0.500000000 0.000000000 0.000000000 0.934588373 0.039411996 -0.353541106 -0.464627299 -0.038046759 0.999217451 0.010813723 0.069735733 0.353690624 0.003344714 0.935356498 -0.864446449
0 0.500323945 0.889464774 0.500000000 0.500000000 0.000000000 0.000000000 0.930214763 0.040427785 -0.364782244 -0.465630614 -0.038745113 0.999177873 0.011933894 0.071063041 0.364964783 0.003032444 0.931016386 -0.872774593
0 0.500323945 0.889464774 0.500000000 0.500000000 0.000000000 0.000000000 0.925748467 0.041522518 -0.375853300 -0.466524179 -0.039338980 0.999134898 0.013485574 0.072430604 0.376088113 0.002301435 0.926581025 -0.880399597
0 0.500323945 0.889464774 0.500000000 0.500000000 0.000000000 0.000000000 0.921163201 0.042697724 -0.386827171 -0.466826722 -0.040166102 0.999085903 0.014629685 0.073895961 0.387098253 0.002061012 0.922036171 -0.888238393
0 0.500323945 0.889464774 0.500000000 0.500000000 0.000000000 0.000000000 0.916479647 0.043932784 -0.397661924 -0.467248362 -0.041510697 0.999029875 0.014702081 0.076036809 0.397922039 0.003033065 0.917414188 -0.896678533
0 0.500323945 0.889464774 0.500000000 0.500000000 0.000000000 0.000000000 0.911543667 0.044710137 -0.408765376 -0.466438075 -0.042597052 0.998990297 0.014276945 0.078867649 0.408990979 0.004398142 0.912527800 -0.905346722
0 0.500323945 0.889464774 0.500000000 0.500000000 0.000000000 0.000000000 0.906446755 0.045647375 -0.419845909 -0.466109732 -0.043553233 0.998944759 0.014578016 0.080858622 0.420068294 0.005071450 0.907478333 -0.913030737
0 0.500323945 0.889464774 0.500000000 0.500000000 0.000000000 0.000000000 0.901221454 0.046458066 -0.430861413 -0.465043636 -0.044218726 0.998905957 0.015216899 0.083400989 0.431097001 0.005338346 0.902289808 -0.921820009
0 0.500323945 0.889464774 0.500000000 0.500000000 0.000000000 0.000000000 0.895824790 0.047475833 -0.441864163 -0.463822947 -0.044683304 0.998861074 0.016732179 0.083933637 0.442155272 0.004754849 0.896925926 -0.930191336
0 0.500323945 0.889464774 0.500000000 0.500000000 0.000000000 0.000000000 0.890275896 0.048733152 -0.452806652 -0.461947971 -0.045608927 0.998800397 0.017822532 0.084323763 0.453132004 0.004785054 0.891430557 -0.938027924
0 0.500323945 0.889464774 0.500000000 0.500000000 0.000000000 0.000000000 0.884624243 0.049461585 -0.463673919 -0.459781399 -0.046645369 0.998757362 0.017547885 0.086789908 0.463965684 0.006104957 0.885832131 -0.946289680
0 0.500323945 0.889464774 0.500000000 0.500000000 0.000000000 0.000000000 0.878755808 0.050433293 -0.474599570 -0.456786551 -0.047671288 0.998703361 0.017860278 0.087441621 0.474884957 0.006929950 0.880020618 -0.954312233
0 0.500323945 0.889464774 0.500000000 0.500000000 0.000000000 0.000000000 0.872699738 0.051361557 -0.485548288 -0.452458111 -0.048419751 0.998653650 0.018610924 0.087908203 0.485850483 0.007268379 0.874011695 -0.963285321
0 0.500323945 0.889464774 0.500000000 0.500000000 0.000000000 0.000000000 0.866635978 0.052328669 -0.496189237 -0.448117809 -0.049256269 0.998600006 0.019283278 0.089537126 0.496503621 0.007728846 0.868000209 -0.971394246
0 0.500323945 0.889464774 0.500000000 0.500000000 0.000000000 0.000000000 0.860169470 0.053338870 -0.507211387 -0.442053461 -0.049920674 0.998545885 0.020348646 0.089806311 0.507559240 0.007817051 0.861581385 -0.980502785
0 0.500323945 0.889464774 0.500000000 0.500000000 0.000000000 0.000000000 0.853816867 0.054420359 -0.517721117 -0.435691009 -0.050611656 0.998487234 0.021488300 0.089410373 0.518107295 0.007855651 0.855279565 -0.988288616
0 0.500323945 0.889464774 0.500000000 0.500000000 0.000000000 0.000000000 0.847658038 0.055440266 -0.527638316 -0.431050530 -0.051380482 0.998428702 0.022363948 0.089846849 0.528049111 0.008153330 0.849174678 -0.994558719
0 0.500323945 0.889464774 0.500000000 0.500000000 0.000000000 0.000000000 0.841059387 0.056200441 -0.538015425 -0.424499023 -0.052124485 0.998380184 0.022805331 0.091069171 0.538425624 0.008863138 0.842626452 -1.002424296
0 0.500323945 0.889464774 0.500000000 0.500000000 0.000000000 0.000000000 0.834254384 0.057116650 -0.548413455 -0.417815339 -0.053140260 0.998319030 0.023136092 0.092731953 0.548813045 0.009841450 0.835887194 -1.009459132
0 0.500323945 0.889464774 0.500000000 0.500000000 0.000000000 0.000000000 0.827307940 0.057915717 -0.558755219 -0.410935926 -0.054265838 0.998258770 0.023123387 0.095172658 0.559121490 0.011191157 0.829010189 -1.016581844
0 0.500323945 0.889464774 0.500000000 0.500000000 0.000000000 0.000000000 0.820354700 0.058875106 -0.568816185 -0.405343823 -0.055202622 0.998193800 0.023703672 0.096033544 0.569184363 0.011954729 0.822123051 -1.022279341
0 0.500323945 0.889464774 0.500000000 0.500000000 0.000000000 0.000000000 0.813296318 0.059854262 -0.578762949 -0.398966237 -0.055775307 0.998134136 0.024847355 0.095967606 0.579170227 0.012072417 0.815117240 -1.028805301
0 0.500323945 0.889464774 0.500000000 0.500000000 0.000000000 0.000000000 0.806052685 0.060650773 -0.588727891 -0.391945639 -0.056341797 0.998081148 0.025682386 0.097603512 0.589155853 0.012468632 0.807923198 -1.035421110
0 0.500323945 0.889464774 0.500000000 0.500000000 0.000000000 0.000000000 0.798965693 0.061678771 -0.598205328 -0.386329969 -0.057218965 0.998010457 0.026479317 0.098393874 0.598648369 0.013072625 0.800905287 -1.041211499
0 0.500323945 0.889464774 0.500000000 0.500000000 0.000000000 0.000000000 0.791782260 0.062667385 -0.607580125 -0.380319540 -0.058236800 0.997936606 0.027037112 0.099277659 0.608020782 0.013976017 0.793798089 -1.047461263
0 0.500323945 0.889464774 0.500000000 0.500000000 0.000000000 0.000000000 0.784301162 0.063601963 -0.617111385 -0.372511003 -0.059168428 0.997865140 0.027645437 0.100627321 0.617552221 0.014831160 0.786390007 -1.054381310
0 0.500323945 0.889464774 0.500000000 0.500000000 0.000000000 0.000000000 0.777047098 0.064554282 -0.626123428 -0.366468821 -0.059798911 0.997798860 0.028661475 0.101262298 0.626595497 0.015170182 0.779196978 -1.061030577
0 0.500323945 0.889464774 0.500000000 0.500000000 0.000000000 0.000000000 0.769462049 0.065441392 -0.635331094 -0.358858774 -0.060324442 0.997736573 0.029710334 0.101053621 0.635837317 0.015465017 0.771668136 -1.068397123
0 0.500323945 0.889464774 0.500000000 0.500000000 0.000000000 0.000000000 0.761810601 0.066357955 -0.644392133 -0.352454950 -0.061336983 0.997659445 0.030223018 0.102427622 0.644889474 0.016500855 0.764097691 -1.075951656
0 0.500323945 0.889464774 0.500000000 0.500000000 0.000000000 0.000000000 0.753806949 0.067281634 -0.653642356 -0.344644731 -0.062216595 0.997583151 0.030933928 0.103270492 0.654143870 0.017349191 0.756171167 -1.084341928
0 0.500323945 0.889464774 0.500000000 0.500000000 0.000000000 0.000000000 0.745579600 0.068089403 -0.662928998 -0.335957314 -0.062801570 0.997518539 0.031823721 0.103793386 0.663450837 0.017905865 0.748005629 -1.092483601
0 0.500323945 0.889464774 0.500000000 0.500000000 0.000000000 0.000000000 0.737658322 0.068946250 -0.671644688 -0.329184206 -0.063376054 0.997451007 0.032786138 0.103911518 0.672193170 0.018381223 0.740147591 -1.100916071
0 0.500323945 0.889464774 0.500000000 0.500000000 0.000000000 0.000000000 0.729403198 0.069860838 -0.680507541 -0.321321065 -0.064292453 0.997369409 0.033477873 0.105325045 0.681056142 0.019332631 0.731975913 -1.109078973
0 0.500323945 0.889464774 0.500000000 0.500000000 0.000000000 0.000000000 0.721062064 0.070737123 -0.689250171 -0.314272984 -0.065177590 0.997288644 0.034165017 0.106496089 0.689798057 0.020288566 0.723717451 -1.118272642
0 0.500323945 0.889464774 0.500000000 0.500000000 0.000000000 0.000000000 0.712434411 0.071576513 -0.698078811 -0.306841117 -0.065856338 0.997213781 0.035037253 0.107007124 0.698641658 0.021011172 0.715163171 -1.127730963
0 0.500323945 0.889464774 0.500000000 0.500000000 0.000000000 0.000000000 0.703428686 0.072386205 -0.707070231 -0.298680300 -0.066525474 0.997138739 0.035899065 0.107825567 0.707645655 0.021785745 0.706231534 -1.137845402
0 0.500323945 0.889464774 0.500000000 0.500000000 0.000000000 0.000000000 0.694374204 0.073248722 -0.715876460 -0.290534767 -0.067317799 0.997055531 0.036723237 0.108748086 0.716458499 0.022691559 0.697260559 -1.148073267
0 0.500323945 0.889464774 0.500000000 0.500000000 0.000000000 0.000000000 0.685164511 0.074122377 -0.724607110 -0.281610403 -0.068287328 0.996963978 0.037412386 0.110080956 0.725180268 0.023847843 0.688145936 -1.158489906
0 0.500323945 0.889464774 0.500000000 0.500000000 0.000000000 0.000000000 0.675900936 0.075012885 -0.733165026 -0.273051897 -0.069102488 0.996874511 0.038288787 0.111249393 0.733745694 0.024784105 0.678972006 -1.169360920
0 0.500323945 0.889464774 0.500000000 0.500000000 0.000000000 0.000000000 0.666418135 0.075976916 -0.741696954 -0.263760686 -0.069843180 0.996781468 0.039352488 0.112742666 0.742299676 0.025577266 0.669579685 -1.180782539
0 0.500323945 0.889464774 0.500000000 0.500000000 0.000000000 0.000000000 0.656899989 0.076856516 -0.750050306 -0.253688582 -0.070519157 0.996693254 0.040368412 0.114251207 0.750672698 0.026374908 0.660147607 -1.192021323
0 0.500323945 0.889464774 0.500000000 0.500000000 0.000000000 0.000000000 0.647237718 0.077665836 -0.758321404 -0.243160800 -0.071075849 0.996611118 0.041406807 0.115079258 0.758967459 0.027098291 0.650564432 -1.203870997
0 0.500323945 0.889464774 0.500000000 0.500000000 0.000000000 0.000000000 0.637379169 0.078501128 -0.766541183 -0.232909051 -0.071761772 0.996520877 0.042383313 0.116835951 0.767201424 0.027994115 0.640795052 -1.216095852
0 0.500323945 0.889464774 0.500000000 0.500000000 0.000000000 0.000000000 0.627561986 0.079267919 -0.774520874 -0.222861909 -0.072356090 0.996436238 0.043352604 0.118708984 0.775197089 0.028834857 0.631061018 -1.227852357
0 0.500323945 0.889464774 0.500000000 0.500000000 0.000000000 0.000000000 0.617392182 0.080213279 -0.782555282 -0.211821113 -0.072679773 0.996349216 0.044787269 0.119015851 0.783290863 0.029224627 0.620968103 -1.239910085
0 0.500323945 0.889464774 0.500000000 0.500000000 0.000000000 0.000000000 0.606625497 0.080954894 -0.790855110 -0.199397000 -0.072837442 0.996277213 0.046112705 0.120484903 0.791644037 0.029630724 0.610263705 -1.251840641
0 0.500323945 0.889464774 0.500000000 0.500000000 0.000000000 0.000000000 0.595489264 0.081759982 -0.799192011 -0.186385882 -0.072858639 0.996204436 0.047627002 0.121161197 0.800052583 0.029866677 0.599185944 -1.262662530
0 0.500323945 0.889464774 0.500000000 0.500000000 0.000000000 0.000000000 0.584147096 0.082596414 -0.807434201 -0.173723894 -0.073648825 0.996098638 0.048613776 0.123462679 0.808299482 0.031068988 0.587951303 -1.273111543
0 0.500323945 0.889464774 0.500000000 0.500000000 0.000000000 0.000000000 0.572376192 0.083378710 -0.815741062 -0.158970165 -0.074827209 0.995977223 0.049297482 0.126361381 0.816569865 0.032822922 0.576312661 -1.283849153
0 0.500323945 0.889464774 0.500000000 0.500000000 0.000000000 0.000000000 0.560633957 0.084219694 -0.823769748 -0.145216398 -0.075904280 0.995852947 0.050154686 0.128971508 0.824577570 0.034409232 0.564701557 -1.293863745
0 0.500323945 0.889464774 0.500000000 0.500000000 0.000000000 0.000000000 0.548607171 0.085083134 -0.831739783 -0.131169708 -0.076875001 0.995727718 0.051152371 0.131440551 0.832538545 0.035877436 0.552804112 -1.303629170
0 0.500323945 0.889464774 0.500000000 0.500000000 0.000000000 0.000000000 0.536222577 0.085921839 -0.839692116 -0.115841805 -0.077970266 0.995594263 0.052083228 0.134623312 0.840467751 0.037542813 0.540559471 -1.312726531
0 0.500323945 0.889464774 0.500000000 0.500000000 0.000000000 0.000000000 0.523840189 0.086825289 -0.847379982 -0.101268956 -0.078731306 0.995468497 0.053328164 0.136579428 0.848170280 0.038779899 0.528302252 -1.323773807
0 0.500323945 0.889464774 0.500000000 0.500000000 0.000000000 0.000000000 0.510905445 0.087679431 -0.855153739 -0.083541444 -0.079195917 0.995355010 0.054739326 0.138168486 0.855981112 0.039758068 0.515476167 -1.333750121
0 0.500323945 0.889464774 0.500000000 0.500000000 0.000000000 0.000000000 0.497916877 0.088537417 -0.862693429 -0.066285399 -0.079552472 0.995243728 0.056225993 0.139376121 0.863568306 0.040633522 0.502591968 -1.343246980
0 0.500323945 0.889464774 0.500000000 0.500000000 0.000000000 0.000000000 0.484923512 0.089399971 -0.869975209 -0.048291604 -0.079919718 0.995129108 0.057713784 0.140865244 0.870897233 0.041541405 0.489706337 -1.351778670
0 0.500323945 0.889464774 0.500000000 0.500000000 0.000000000 0.000000000 0.471702456 0.090111606 -0.877141178 -0.029932454 -0.080041811 0.995033264 0.059178758 0.142221360 0.878117383 0.042293202 0.476572335 -1.359881861
0 0.500323945 0.889464774 0.500000000 0.500000000 0.000000000 0.000000000 0.458517730 0.090861559 -0.884028077 -0.011227642 -0.079849757 0.994948089 0.060846493 0.142373874 0.885090649 0.042690232 0.463456631 -1.367785460
0 0.500323945 0.889464774 0.500000000 0.500000000 0.000000000 0.000000000 0.445822924 0.091632269 -0.890418708 0.005823873 -0.080391333 0.994825423 0.062125616 0.144755356 0.891503870 0.043884922 0.450882405 -1.373914900
0 0.500323945 0.889464774 0.500000000 0.500000000 0.000000000 0.000000000 0.433035314 0.092379585 -0.896630585 0.022594444 -0.080964275 0.994699776 0.063381240 0.145617550 0.897733390 0.045148734 0.438219577 -1.379833065
0 0.500323945 0.889464774 0.500000000 0.500000000 0.000000000 0.000000000 0.419761717 0.092896700 -0.902867854 0.041691768 -0.081465438 0.994589567 0.064459063 0.147346209 0.903970957 0.046495080 0.425058484 -1.385819812
0 0.500323945 0.889464774 0.500000000 0.500000000 0.000000000 0.000000000 0.406532258 0.093486793 -0.908840895 0.060042486 -0.081191607 0.994512141 0.065981559 0.146334746 0.910021663 0.046966612 0.411891609 -1.391902439
0 0.500323945 0.889464774 0.500000000 0.500000000 0.000000000 0.000000000 0.393895894 0.094117887 -0.914323688 0.075925029 -0.081706949 0.994391024 0.067159966 0.148609374 0.915516257 0.048252568 0.399376631 -1.396027148
0 0.500323945 0.889464774 0.500000000 0.500000000 0.000000000 0.000000000 0.380799621 0.094584249 -0.919807315 0.094243760 -0.081721440 0.994304478 0.068412207 0.147528128 0.921039224 0.049116630 0.386360317 -1.400379296
0 0.500323945 0.889464774 0.500000000 0.500000000 0.000000000 0.000000000 0.368235260 0.095215611 -0.924844205 0.110268807 -0.082345754 0.994172871 0.069566488 0.149650580 0.926078796 0.050540157 0.373930097 -1.404503110
