0.000000000 0.849869231 1.473106667 0.723422236 0.000138148 0.000000000 0.000000000 -0.845112800 0.069167940 -0.530094400 319.641800000 0.038114250 0.996866800 0.069309180 -31.175860000 0.533227600 0.038369920 -0.845101300 161.678600000
0.000000000 0.849869231 1.473106667 0.723422236 0.000138148 0.000000000 0.000000000 -0.847395800 0.067940250 -0.526597000 319.193900000 0.038515960 0.997032400 0.066655120 -31.129770000 0.529562900 0.036200880 -0.847497900 160.949300000
0.000000000 0.849869231 1.473106667 0.723422236 0.000138148 0.000000000 0.000000000 -0.849376500 0.067585130 -0.523442200 318.741400000 0.038611470 0.997066700 0.066084150 -31.081200000 0.526373100 0.035919450 -0.849494600 160.215500000
0.000000000 0.849869231 1.473106667 0.723422236 0.000138148 0.000000000 0.000000000 -0.850984100 0.066469170 -0.520968200 318.295500000 0.036718830 0.997061300 0.067233880 -31.037570000 0.523906300 0.038085620 -0.850924000 159.472400000
0.000000000 0.849869231 1.473106667 0.723422236 0.000138148 0.000000000 0.000000000 -0.852267200 0.065166760 -0.519031700 317.848100000 0.035309840 0.997113700 0.067212210 -30.992090000 0.521913700 0.038955830 -0.852108300 158.728100000
0.000000000 0.849869231 1.473106667 0.723422236 0.000138148 0.000000000 0.000000000 -0.853010000 0.065982010 -0.517706800 317.400100000 0.036072190 0.997057400 0.067640470 -30.951170000 0.520646500 0.039023180 -0.852880100 157.979500000
0.000000000 0.849869231 1.473106667 0.723422236 0.000138148 0.000000000 0.000000000 -0.852972700 0.065183820 -0.517869400 316.951800000 0.034693650 0.997057600 0.068355670 -30.907990000 0.520801300 0.040338740 -0.852724400 157.229300000
0.000000000 0.849869231 1.473106667 0.723422236 0.000138148 0.000000000 0.000000000 -0.852029800 0.063991650 -0.519567400 316.505500000 0.032887270 0.997083200 0.068872840 -30.866000000 0.522459300 0.041594560 -0.851649100 156.472700000
0.000000000 0.849869231 1.473106667 0.723422236 0.000138148 0.000000000 0.000000000 -0.850674200 0.062737220 -0.521936300 316.051400000 0.031320770 0.997138000 0.068809010 -30.822770000 0.524759400 0.042186600 -0.850204600 155.718100000
0.000000000 0.849869231 1.473106667 0.723422236 0.000138148 0.000000000 0.000000000 -0.849180500 0.061811810 -0.524472900 315.588800000 0.030782560 0.997231500 0.067688450 -30.783260000 0.527204900 0.041335080 -0.848732200 154.961100000
0.000000000 0.849869231 1.473106667 0.723422236 0.000138148 0.000000000 0.000000000 -0.848051000 0.061846750 -0.526293200 315.109500000 0.031648880 0.997304300 0.066199200 -30.740580000 0.528968800 0.039483700 -0.847722300 154.210400000
0.000000000 0.849869231 1.473106667 0.723422236 0.000138148 0.000000000 0.000000000 -0.847317700 0.063632510 -0.527260600 314.624400000 0.034043730 0.997262100 0.065645840 -30.692110000 0.529994200 0.037672960 -0.847164100 153.454600000
0.000000000 0.849869231 1.473106667 0.723422236 0.000138148 0.000000000 0.000000000 -0.846725900 0.063943170 -0.528172800 314.135600000 0.033484320 0.997187900 0.067044990 -30.641890000 0.530974600 0.039083220 -0.846486000 152.692800000
0.000000000 0.849869231 1.473106667 0.723422236 0.000138148 0.000000000 0.000000000 -0.845800800 0.065551640 -0.529456400 313.647300000 0.034534820 0.997068400 0.068277420 -30.595550000 0.532380000 0.039464410 -0.845585100 151.922600000
0.000000000 0.849869231 1.473106667 0.723422236 0.000138148 0.000000000 0.000000000 -0.845149400 0.066720970 -0.530349700 313.142000000 0.035678940 0.997007900 0.068572340 -30.542330000 0.533338100 0.039031560 -0.845001200 151.158100000
0.000000000 0.849869231 1.473106667 0.723422236 0.000138148 0.000000000 0.000000000 -0.844819800 0.067033020 -0.530835300 312.631900000 0.036230900 0.997010800 0.068239790 -30.489830000 0.533822900 0.038417680 -0.844723200 150.387300000
0.000000000 0.849869231 1.473106667 0.723422236 0.000138148 0.000000000 0.000000000 -0.845017800 0.066601400 -0.530574400 312.142500000 0.036197290 0.997061800 0.067508690 -30.437660000 0.533511700 0.037840690 -0.844945800 149.601300000
0.000000000 0.849869231 1.473106667 0.723422236 0.000138148 0.000000000 0.000000000 -0.845502600 0.065971400 -0.529880200 311.650100000 0.035755580 0.997106100 0.067088880 -30.384310000 0.532772800 0.037777650 -0.845414700 148.810600000
0.000000000 0.849869231 1.473106667 0.723422236 0.000138148 0.000000000 0.000000000 -0.845982100 0.065980560 -0.529113300 311.148500000 0.035704500 0.997097000 0.067251510 -30.332700000 0.532014600 0.038001850 -0.845882000 148.012100000
0.000000000 0.849869231 1.473106667 0.723422236 0.000138148 0.000000000 0.000000000 -0.846348900 0.066229360 -0.528495300 310.636700000 0.035473650 0.997045000 0.068137960 -30.278550000 0.531446400 0.038920820 -0.846197300 147.209300000
0.000000000 0.849869231 1.473106667 0.723422236 0.000138148 0.000000000 0.000000000 -0.846521000 0.066624210 -0.528169900 310.129200000 0.035203960 0.996971900 0.069336770 -30.228860000 0.531190100 0.040101350 -0.846303100 146.398500000
0.000000000 0.849869231 1.473106667 0.723422236 0.000138148 0.000000000 0.000000000 -0.846431200 0.066857460 -0.528284300 309.612900000 0.034087930 0.996855000 0.071541260 -30.172830000 0.531405900 0.042546640 -0.846048200 145.580200000
0.000000000 0.849869231 1.473106667 0.723422236 0.000138148 0.000000000 0.000000000 -0.845833600 0.067791600 -0.529121700 309.096100000 0.034310540 0.996752000 0.072857380 -30.121000000 0.532342300 0.043470770 -0.845412300 144.757500000
0.000000000 0.849869231 1.473106667 0.723422236 0.000138148 0.000000000 0.000000000 -0.845425100 0.067531000 -0.529807500 308.562100000 0.034372560 0.996797300 0.072206070 -30.061450000 0.532986800 0.042833980 -0.845038700 143.936900000
0.000000000 0.849869231 1.473106667 0.723422236 0.000138148 0.000000000 0.000000000 -0.844480000 0.067100720 -0.531367100 308.016700000 0.034166190 0.996849300 0.071582630 -30.002260000 0.534496200 0.042295310 -0.844111900 143.109100000
0.000000000 0.849869231 1.473106667 0.723422236 0.000138148 0.000000000 0.000000000 -0.842834900 0.066399170 -0.534060400 307.460400000 0.032689240 0.996843600 0.072347590 -29.942590000 0.537178500 0.043519040 -0.842345100 142.276300000
0.000000000 0.849869231 1.473106667 0.723422236 0.000138148 0.000000000 0.000000000 -0.840582600 0.066747820 -0.537555300 306.900100000 0.032335910 0.996792400 0.073206870 -29.886600000 0.540717500 0.044154070 -0.840044700 141.438000000
0.000000000 0.849869231 1.473106667 0.723422236 0.000138148 0.000000000 0.000000000 -0.838618500 0.067513640 -0.540519100 306.331100000 0.032749440 0.996743500 0.073687530 -29.825560000 0.543733900 0.044094020 -0.838098600 140.598200000
0.000000000 0.849869231 1.473106667 0.723422236 0.000138148 0.000000000 0.000000000 -0.836882900 0.069156850 -0.542995700 305.736500000 0.034217990 0.996656300 0.074197980 -29.751780000 0.546311400 0.043514790 -0.836451000 139.764300000
0.000000000 0.849869231 1.473106667 0.723422236 0.000138148 0.000000000 0.000000000 -0.835530100 0.070540510 -0.544897700 305.146400000 0.035383950 0.996573800 0.074756220 -29.682230000 0.548304200 0.043180440 -0.835163400 138.921400000
0.000000000 0.849869231 1.473106667 0.723422236 0.000138148 0.000000000 0.000000000 -0.834598900 0.071516960 -0.546195900 304.564400000 0.036510390 0.996537800 0.074694530 -29.605310000 0.549646900 0.042398140 -0.834320500 138.076000000
0.000000000 0.849869231 1.473106667 0.723422236 0.000138148 0.000000000 0.000000000 -0.834100600 0.072036440 -0.546888500 303.984700000 0.036896900 0.996501800 0.074985550 -29.534470000 0.550377100 0.042366990 -0.833840600 137.220700000
0.000000000 0.849869231 1.473106667 0.723422236 0.000138148 0.000000000 0.000000000 -0.833526500 0.073393870 -0.547582900 303.390300000 0.038017860 0.996407100 0.075680430 -29.468610000 0.551170000 0.042263710 -0.833322000 136.368000000
0.000000000 0.849869231 1.473106667 0.723422236 0.000138148 0.000000000 0.000000000 -0.833182800 0.074588680 -0.547944400 302.797400000 0.039264170 0.996340300 0.075922850 -29.412850000 0.551602100 0.041743030 -0.833062200 135.508900000
0.000000000 0.849869231 1.473106667 0.723422236 0.000138148 0.000000000 0.000000000 -0.833212500 0.076139070 -0.547685900 302.195400000 0.040779230 0.996238500 0.076457930 -29.354240000 0.551447300 0.041371490 -0.833183300 134.648300000
0.000000000 0.849869231 1.473106667 0.723422236 0.000138148 0.000000000 0.000000000 -0.833607700 0.077155930 -0.546941600 301.600000000 0.041561950 0.996150500 0.077179320 -29.292730000 0.550791100 0.041605320 -0.833605600 133.773400000
0.000000000 0.849869231 1.473106667 0.723422236 0.000138148 0.000000000 0.000000000 -0.833917000 0.077867790 -0.546369000 300.997000000 0.042236300 0.996097500 0.077497750 -29.217310000 0.550271400 0.041550080 -0.833951500 132.893600000
0.000000000 0.849869231 1.473106667 0.723422236 0.000138148 0.000000000 0.000000000 -0.834193000 0.077221510 -0.546039200 300.404500000 0.041818330 0.996154400 0.076990830 -29.132190000 0.549884800 0.041390760 -0.834214300 132.002000000
0.000000000 0.849869231 1.473106667 0.723422236 0.000138148 0.000000000 0.000000000 -0.834500800 0.076525820 -0.545666800 299.813100000 0.041805960 0.996247600 0.075781740 -29.051950000 0.549418600 0.040427790 -0.834568700 131.111900000
0.000000000 0.849869231 1.473106667 0.723422236 0.000138148 0.000000000 0.000000000 -0.834819100 0.076157630 -0.545231200 299.222800000 0.042541760 0.996348000 0.074032540 -28.983850000 0.548878200 0.038608680 -0.835010200 130.218600000
0.000000000 0.849869231 1.473106667 0.723422236 0.000138148 0.000000000 0.000000000 -0.835306300 0.075815110 -0.544532400 298.630600000 0.042952170 0.996418100 0.072842950 -28.914800000 0.548104500 0.037457320 -0.835570700 129.319200000
0.000000000 0.849869231 1.473106667 0.723422236 0.000138148 0.000000000 0.000000000 -0.835760600 0.076352780 -0.543759500 298.034400000 0.044179630 0.996424900 0.072010210 -28.850810000 0.547313800 0.036160200 -0.836146000 128.411200000
0.000000000 0.849869231 1.473106667 0.723422236 0.000138148 0.000000000 0.000000000 -0.836494900 0.075751460 -0.542713600 297.437100000 0.043989610 0.996485400 0.071286510 -28.789760000 0.546206300 0.035757040 -0.836887200 127.496300000
0.000000000 0.849869231 1.473106667 0.723422236 0.000138148 0.000000000 0.000000000 -0.837171200 0.075502940 -0.541704400 296.837800000 0.044823290 0.996565300 0.069629980 -28.729280000 0.545101200 0.034011240 -0.837680100 126.578300000
0.000000000 0.849869231 1.473106667 0.723422236 0.000138148 0.000000000 0.000000000 -0.838073000 0.073650100 -0.540563900 296.245000000 0.044030970 0.996744500 0.067539090 -28.682230000 0.543778500 0.032801130 -0.838587600 125.653100000
0.000000000 0.849869231 1.473106667 0.723422236 0.000138148 0.000000000 0.000000000 -0.838900300 0.071447790 -0.539575300 295.655500000 0.042924410 0.996943700 0.065273830 -28.639240000 0.542589900 0.031597290 -0.839403300 124.725500000
0.000000000 0.849869231 1.473106667 0.723422236 0.000138148 0.000000000 0.000000000 -0.839771500 0.069613890 -0.538458700 295.058300000 0.041981010 0.997102500 0.063436160 -28.592220000 0.541314600 0.030666830 -0.840260700 123.793000000
0.000000000 0.849869231 1.473106667 0.723422236 0.000138148 0.000000000 0.000000000 -0.840696800 0.067520750 -0.537280100 294.478300000 0.040633930 0.997264400 0.061746650 -28.550740000 0.539979500 0.030078410 -0.841140600 122.852900000
0.000000000 0.849869231 1.473106667 0.723422236 0.000138148 0.000000000 0.000000000 -0.841547000 0.066109780 -0.536123300 293.887000000 0.039642600 0.997364900 0.060759320 -28.509280000 0.538727400 0.029878490 -0.841950200 121.904900000
0.000000000 0.849869231 1.473106667 0.723422236 0.000138148 0.000000000 0.000000000 -0.842305600 0.067025970 -0.534816500 293.297100000 0.039703500 0.997258000 0.062450790 -28.466880000 0.537535900 0.031368570 -0.842657200 120.954300000
0.000000000 0.849869231 1.473106667 0.723422236 0.000138148 0.000000000 0.000000000 -0.842942000 0.069402610 -0.533509300 292.699400000 0.039399800 0.996945200 0.067438140 -28.412940000 0.536559900 0.035826270 -0.843101400 119.987600000
0.000000000 0.849869231 1.473106667 0.723422236 0.000138148 0.000000000 0.000000000 -0.843317200 0.071921080 -0.532582000 292.106700000 0.038566470 0.996548600 0.073508150 -28.333430000 0.536030600 0.041450870 -0.843180300 119.014900000
0.000000000 0.849869231 1.473106667 0.723422236 0.000138148 0.000000000 0.000000000 -0.843579100 0.072551100 -0.532081400 291.500800000 0.038774630 0.996474500 0.074398150 -28.253740000 0.535603300 0.042129460 -0.843418200 118.044000000
0.000000000 0.849869231 1.473106667 0.723422236 0.000138148 0.000000000 0.000000000 -0.843878100 0.071568400 -0.531740200 290.889800000 0.038162080 0.996559900 0.073566140 -28.189340000 0.535176000 0.041788540 -0.843706300 117.074300000
0.000000000 0.849869231 1.473106667 0.723422236 0.000138148 0.000000000 0.000000000 -0.844257500 0.071207130 -0.531186300 290.285600000 0.036980500 0.996511900 0.074809360 -28.125650000 0.534660500 0.043514820 -0.843945900 116.096800000
0.000000000 0.849869231 1.473106667 0.723422236 0.000138148 0.000000000 0.000000000 -0.844608100 0.072423900 -0.530463900 289.693000000 0.036540100 0.996295700 0.077844280 -28.060750000 0.534136700 0.046364710 -0.844125800 115.104900000
0.000000000 0.849869231 1.473106667 0.723422236 0.000138148 0.000000000 0.000000000 -0.844780200 0.073998260 -0.529972300 289.093100000 0.036937730 0.996093900 0.080202260 -28.000340000 0.533837000 0.048177300 -0.844213800 114.117400000
0.000000000 0.849869231 1.473106667 0.723422236 0.000138148 0.000000000 0.000000000 -0.844759900 0.075682030 -0.529766900 288.486200000 0.038211640 0.995952900 0.081349160 -27.940990000 0.533779600 0.048477230 -0.844233000 113.134700000
0.000000000 0.849869231 1.473106667 0.723422236 0.000138148 0.000000000 0.000000000 -0.844598400 0.075504170 -0.530049700 287.878600000 0.038335520 0.995993500 0.080791620 -27.882990000 0.534026200 0.047916740 -0.844109000 112.153900000
0.000000000 0.849869231 1.473106667 0.723422236 0.000138148 0.000000000 0.000000000 -0.844374900 0.074055020 -0.530610000 287.278800000 0.038407480 0.996219600 0.077919320 -27.833100000 0.534374400 0.045413720 -0.844027000 111.179400000
0.000000000 0.849869231 1.473106667 0.723422236 0.000138148 0.000000000 0.000000000 -0.844196500 0.071076660 -0.531300700 286.686000000 0.037399290 0.996564500 0.073894400 -27.792250000 0.534727600 0.042511120 -0.843954500 110.204800000
0.000000000 0.849869231 1.473106667 0.723422236 0.000138148 0.000000000 0.000000000 -0.843863400 0.068806790 -0.532127900 286.086300000 0.036429570 0.996802200 0.071120490 -27.745950000 0.535319900 0.040630790 -0.843671600 109.227500000
0.000000000 0.849869231 1.473106667 0.723422236 0.000138148 0.000000000 0.000000000 -0.843597000 0.068361450 -0.532607500 285.496400000 0.035859130 0.996821000 0.071147130 -27.699570000 0.535778100 0.040920660 -0.843366700 108.247000000
0.000000000 0.849869231 1.473106667 0.723422236 0.000138148 0.000000000 0.000000000 -0.843207700 0.069616080 -0.533061300 284.893700000 0.036243830 0.996685400 0.072832650 -27.651170000 0.536364800 0.042092860 -0.842936000 107.269000000
0.000000000 0.849869231 1.473106667 0.723422236 0.000138148 0.000000000 0.000000000 -0.842865600 0.069829680 -0.533574200 284.302800000 0.036716710 0.996696700 0.072439390 -27.605620000 0.536870100 0.041465570 -0.842645300 106.295600000
0.000000000 0.849869231 1.473106667 0.723422236 0.000138148 0.000000000 0.000000000 -0.842444600 0.068895780 -0.534359800 283.712300000 0.036906040 0.996840100 0.070339880 -27.554410000 0.537517400 0.039536350 -0.842325300 105.321000000
0.000000000 0.849869231 1.473106667 0.723422236 0.000138148 0.000000000 0.000000000 -0.842175800 0.067487770 -0.534962900 283.126100000 0.036556460 0.996999900 0.068225950 -27.504450000 0.537962400 0.037901890 -0.842116300 104.350100000
0.000000000 0.849869231 1.473106667 0.723422236 0.000138148 0.000000000 0.000000000 -0.842085900 0.067082520 -0.535155400 282.533500000 0.036002820 0.997013200 0.068325420 -27.456450000 0.538140500 0.038268770 -0.841986000 103.382300000
0.000000000 0.849869231 1.473106667 0.723422236 0.000138148 0.000000000 0.000000000 -0.842183500 0.067484040 -0.534951300 281.941300000 0.035714370 0.996939800 0.069538090 -27.409080000 0.538007000 0.039458380 -0.842016400 102.418500000
0.000000000 0.849869231 1.473106667 0.723422236 0.000138148 0.000000000 0.000000000 -0.842414500 0.068369090 -0.534475000 281.355100000 0.035667590 0.996817400 0.071293560 -27.362540000 0.537648300 0.040995290 -0.842172000 101.454500000
0.000000000 0.849869231 1.473106667 0.723422236 0.000138148 0.000000000 0.000000000 -0.842666800 0.069545010 -0.533925300 280.764200000 0.036579480 0.996726800 0.072094520 -27.314530000 0.537191500 0.041220940 -0.842452500 100.495500000
0.000000000 0.849869231 1.473106667 0.723422236 0.000138148 0.000000000 0.000000000 -0.842978600 0.069604290 -0.533425000 280.179900000 0.036785130 0.996731300 0.071927110 -27.266280000 0.536687900 0.041010900 -0.842783600 99.542830000
0.000000000 0.849869231 1.473106667 0.723422236 0.000138148 0.000000000 0.000000000 -0.843240500 0.068882440 -0.533104700 279.594100000 0.036697030 0.996818600 0.070753250 -27.218670000 0.536282400 0.040098640 -0.843085600 98.593690000
0.000000000 0.849869231 1.473106667 0.723422236 0.000138148 0.000000000 0.000000000 -0.843429300 0.067580930 -0.532972700 279.014700000 0.036679440 0.996985300 0.068372560 -27.172600000 0.535986700 0.038118270 -0.843365500 97.651460000
0.000000000 0.849869231 1.473106667 0.723422236 0.000138148 0.000000000 0.000000000 -0.843519500 0.067284090 -0.532867500 278.431600000 0.036890170 0.997037200 0.067497430 -27.119670000 0.535830200 0.037277820 -0.843502400 96.714690000
0.000000000 0.849869231 1.473106667 0.723422236 0.000138148 0.000000000 0.000000000 -0.843580700 0.067975930 -0.532682700 277.853700000 0.036945590 0.996952100 0.068712920 -27.066290000 0.535730100 0.038284610 -0.843521000 95.782330000
0.000000000 0.849869231 1.473106667 0.723422236 0.000138148 0.000000000 0.000000000 -0.843580100 0.069106910 -0.532538200 277.273800000 0.037357550 0.996834500 0.070181040 -27.016390000 0.535702500 0.039309000 -0.843491400 94.853250000
0.000000000 0.849869231 1.473106667 0.723422236 0.000138148 0.000000000 0.000000000 -0.843302800 0.069703940 -0.532899500 276.697000000 0.037863120 0.996795400 0.070464540 -26.965030000 0.536103400 0.039245700 -0.843239500 93.930360000
0.000000000 0.849869231 1.473106667 0.723422236 0.000138148 0.000000000 0.000000000 -0.842930200 0.068664780 -0.533623300 276.123300000 0.037061100 0.996877100 0.069731690 -26.913120000 0.536745000 0.039002280 -0.842842600 93.015090000
0.000000000 0.849869231 1.473106667 0.723422236 0.000138148 0.000000000 0.000000000 -0.842554600 0.067838910 -0.534321600 275.548400000 0.036732420 0.996964000 0.068655090 -26.853920000 0.537356900 0.038218730 -0.842488500 92.104920000
0.000000000 0.849869231 1.473106667 0.723422236 0.000138148 0.000000000 0.000000000 -0.842216900 0.066037830 -0.535079200 274.977900000 0.034567220 0.997042200 0.068642970 -26.799270000 0.538029600 0.039316060 -0.842008600 91.198590000