0.000000000 0.849869231 1.473106667 0.723422236 0.000138148 0.000000000 0.000000000 -0.049471570 0.070275140 -0.996300100 -363.998800000 -0.034830240 0.996793400 0.072039460 2.023273000 0.998168100 0.038265280 -0.046865230 146.747300000
0.000000000 0.849869231 1.473106667 0.723422236 0.000138148 0.000000000 0.000000000 -0.045749070 0.072169170 -0.996342600 -364.872500000 -0.037251290 0.996569900 0.073896120 2.065987000 0.998258200 0.040495720 -0.042903760 146.710800000
0.000000000 0.849869231 1.473106667 0.723422236 0.000138148 0.000000000 0.000000000 -0.041639750 0.071275590 -0.996587100 -365.736600000 -0.039938840 0.996536200 0.072940700 2.106303000 0.998334200 0.042839760 -0.038648850 146.678100000
0.000000000 0.849869231 1.473106667 0.723422236 0.000138148 0.000000000 0.000000000 -0.037241410 0.068518580 -0.996954500 -366.592400000 -0.040163110 0.996737800 0.070004000 2.150730000 0.998498900 0.042647840 -0.034368000 146.651500000
0.000000000 0.849869231 1.473106667 0.723422236 0.000138148 0.000000000 0.000000000 -0.033071900 0.067057530 -0.997200800 -367.440300000 -0.040628620 0.996831700 0.068380160 2.197858000 0.998626900 0.042776350 -0.030242660 146.627500000
0.000000000 0.849869231 1.473106667 0.723422236 0.000138148 0.000000000 0.000000000 -0.028699010 0.067064330 -0.997335800 -368.278300000 -0.040531920 0.996848100 0.068197890 2.237361000 0.998766000 0.042381140 -0.025890300 146.605500000
0.000000000 0.849869231 1.473106667 0.723422236 0.000138148 0.000000000 0.000000000 -0.024284930 0.066868170 -0.997466200 -369.103200000 -0.040583900 0.996872000 0.067816430 2.275037000 0.998881000 0.042127980 -0.021495190 146.586000000
0.000000000 0.849869231 1.473106667 0.723422236 0.000138148 0.000000000 0.000000000 -0.019720900 0.066413660 -0.997597300 -369.913800000 -0.040068970 0.996937200 0.067161830 2.317775000 0.999002300 0.041297180 -0.016999370 146.571100000
0.000000000 0.849869231 1.473106667 0.723422236 0.000138148 0.000000000 0.000000000 -0.015082820 0.066382660 -0.997680200 -370.711200000 -0.041086910 0.996909800 0.066952570 2.358587000 0.999041800 0.042001430 -0.012308750 146.556100000
0.000000000 0.849869231 1.473106667 0.723422236 0.000138148 0.000000000 0.000000000 -0.010203530 0.070523900 -0.997457900 -371.498800000 -0.037771620 0.996770700 0.070861710 2.397216000 0.999234300 0.038398640 -0.007506780 146.552500000
0.000000000 0.849869231 1.473106667 0.723422236 0.000138148 0.000000000 0.000000000 -0.004246276 0.073193270 -0.997308700 -372.266700000 -0.037214920 0.996615300 0.073300840 2.430776000 0.999298300 0.037426020 -0.001508019 146.554600000
0.000000000 0.849869231 1.473106667 0.723422236 0.000138148 0.000000000 0.000000000 0.004840463 0.071572570 -0.997423600 -373.011600000 -0.041024050 0.996609800 0.071315100 2.460969000 0.999146500 0.040573160 0.007760252 146.558300000
0.000000000 0.849869231 1.473106667 0.723422236 0.000138148 0.000000000 0.000000000 0.015866960 0.068807580 -0.997503700 -373.734100000 -0.045657540 0.996638500 0.068021660 2.492985000 0.998831200 0.044464270 0.018955220 146.569400000
0.000000000 0.849869231 1.473106667 0.723422236 0.000138148 0.000000000 0.000000000 0.029700780 0.064987520 -0.997444000 -374.432200000 -0.043532070 0.997021500 0.063663760 2.523966000 0.998610500 0.041529930 0.032441360 146.595300000
0.000000000 0.849869231 1.473106667 0.723422236 0.000138148 0.000000000 0.000000000 0.047208760 0.064297070 -0.996813500 -375.111800000 -0.044341030 0.997077300 0.062214130 2.545502000 0.997900400 0.041262680 0.049921790 146.638600000
0.000000000 0.849869231 1.473106667 0.723422236 0.000138148 0.000000000 0.000000000 0.066411580 0.065525760 -0.995638400 -375.766000000 -0.044338080 0.997049500 0.062661180 2.566415000 0.996806800 0.039983260 0.069120920 146.687900000
0.000000000 0.849869231 1.473106667 0.723422236 0.000138148 0.000000000 0.000000000 0.084425570 0.066579450 -0.994202900 -376.397700000 -0.045303440 0.996989800 0.062919030 2.585909000 0.995399400 0.039728830 0.087187710 146.754900000
0.000000000 0.849869231 1.473106667 0.723422236 0.000138148 0.000000000 0.000000000 0.103347500 0.068112810 -0.992310400 -377.006600000 -0.043024130 0.997024900 0.063955530 2.606477000 0.993714400 0.036083640 0.105970500 146.836700000
0.000000000 0.849869231 1.473106667 0.723422236 0.000138148 0.000000000 0.000000000 0.123028400 0.070498990 -0.989895900 -377.587800000 -0.038854240 0.997050900 0.066179610 2.626681000 0.991642300 0.030319680 0.125404800 146.923500000
0.000000000 0.849869231 1.473106667 0.723422236 0.000138148 0.000000000 0.000000000 0.143470100 0.072019020 -0.987030700 -378.157100000 -0.034662370 0.997102300 0.067715560 2.648745000 0.989047500 0.024497660 0.145550700 147.029200000
0.000000000 0.849869231 1.473106667 0.723422236 0.000138148 0.000000000 0.000000000 0.164659000 0.072514490 -0.983681400 -378.700000000 -0.032075050 0.997160100 0.068139060 2.668898000 0.985828900 0.020331920 0.166517300 147.132700000
0.000000000 0.849869231 1.473106667 0.723422236 0.000138148 0.000000000 0.000000000 0.188051300 0.071238890 -0.979572200 -379.228200000 -0.031809810 0.997284500 0.066420410 2.684974000 0.981644000 0.018669550 0.189806800 147.254000000
0.000000000 0.849869231 1.473106667 0.723422236 0.000138148 0.000000000 0.000000000 0.212799100 0.067656370 -0.974750800 -379.725000000 -0.032837320 0.997531500 0.062068810 2.699238000 0.976544100 0.018800010 0.214495500 147.370300000
0.000000000 0.849869231 1.473106667 0.723422236 0.000138148 0.000000000 0.000000000 0.240209200 0.064150500 -0.968599100 -380.211600000 -0.032960430 0.997777600 0.057908940 2.711000000 0.970161400 0.018015180 0.241789800 147.516200000
0.000000000 0.849869231 1.473106667 0.723422236 0.000138148 0.000000000 0.000000000 0.270664100 0.059229990 -0.960850000 -380.680100000 -0.031895140 0.998109200 0.052542170 2.716656000 0.962145400 0.016425170 0.272041500 147.681500000
0.000000000 0.849869231 1.473106667 0.723422236 0.000138148 0.000000000 0.000000000 0.305518600 0.054574120 -0.950620800 -381.118600000 -0.028643360 0.998431100 0.048113220 2.728456000 0.951755200 0.012529490 0.306602500 147.840400000
0.000000000 0.849869231 1.473106667 0.723422236 0.000138148 0.000000000 0.000000000 0.343763400 0.052164500 -0.937606300 -381.566300000 -0.024808090 0.998611900 0.046462990 2.732779000 0.938728600 0.007287949 0.344580300 148.050400000
0.000000000 0.849869231 1.473106667 0.723422236 0.000138148 0.000000000 0.000000000 0.381792800 0.051752310 -0.922797900 -381.983900000 -0.023557600 0.998651600 0.046259770 2.739785000 0.923947700 0.004077260 0.382497200 148.240600000
0.000000000 0.849869231 1.473106667 0.723422236 0.000138148 0.000000000 0.000000000 0.420050900 0.050580000 -0.906089900 -382.410500000 -0.026210300 0.998705200 0.043599270 2.748608000 0.907122000 0.005434982 0.420832700 148.478100000
0.000000000 0.849869231 1.473106667 0.723422236 0.000138148 0.000000000 0.000000000 0.458864500 0.046846430 -0.887270400 -382.796800000 -0.027432920 0.998879900 0.038551920 2.753382000 0.888082700 0.006650320 0.459635700 148.693600000
0.000000000 0.849869231 1.473106667 0.723422236 0.000138148 0.000000000 0.000000000 0.497108500 0.043637610 -0.866590400 -383.189300000 -0.026688920 0.999031000 0.034996980 2.755781000 0.867277900 0.005731064 0.497791400 148.967100000
0.000000000 0.849869231 1.473106667 0.723422236 0.000138148 0.000000000 0.000000000 0.534345900 0.038794640 -0.844375100 -383.562400000 -0.021258740 0.999247000 0.032457050 2.762504000 0.844998500 0.000607061 0.534768300 149.258500000
0.000000000 0.849869231 1.473106667 0.723422236 0.000138148 0.000000000 0.000000000 0.569109100 0.034243640 -0.821548700 -383.902700000 -0.017565010 0.999410700 0.029489510 2.766956000 0.822074400 -0.002352232 0.569375200 149.525800000
0.000000000 0.849869231 1.473106667 0.723422236 0.000138148 0.000000000 0.000000000 0.602944200 0.036042210 -0.796968800 -384.260600000 -0.022705970 0.999349500 0.028016580 2.773668000 0.797460200 0.001203516 0.603370400 149.832600000
0.000000000 0.849869231 1.473106667 0.723422236 0.000138148 0.000000000 0.000000000 0.635469200 0.041789980 -0.770994500 -384.594400000 -0.033981940 0.999080400 0.026144260 2.772538000 0.771378100 0.009586022 0.636305000 150.111700000
0.000000000 0.849869231 1.473106667 0.723422236 0.000138148 0.000000000 0.000000000 0.666091200 0.041119960 -0.744736000 -384.936100000 -0.038754310 0.999038500 0.020499260 2.770941000 0.744862900 0.015207360 0.667044300 150.450200000
0.000000000 0.849869231 1.473106667 0.723422236 0.000138148 0.000000000 0.000000000 0.695611300 0.033231240 -0.717649400 -385.261700000 -0.032193070 0.999368000 0.015071960 2.762838000 0.717696700 0.012619120 0.696241500 150.822900000
0.000000000 0.849869231 1.473106667 0.723422236 0.000138148 0.000000000 0.000000000 0.724213700 0.023021820 -0.689191200 -385.556400000 -0.020965140 0.999715600 0.011364100 2.766241000 0.689256900 0.006218954 0.724490400 151.194700000
0.000000000 0.849869231 1.473106667 0.723422236 0.000138148 0.000000000 0.000000000 0.753238100 0.019612890 -0.657455400 -385.882100000 -0.017164910 0.999801000 0.010159980 2.770205000 0.657523900 0.003632277 0.753424900 151.626600000
0.000000000 0.849869231 1.473106667 0.723422236 0.000138148 0.000000000 0.000000000 0.782270300 0.025678250 -0.622409700 -386.189600000 -0.027065580 0.999607500 0.007222859 2.769888000 0.622350900 0.011195650 0.782658300 152.026900000
0.000000000 0.849869231 1.473106667 0.723422236 0.000138148 0.000000000 0.000000000 0.810823000 0.035643120 -0.584205200 -386.522100000 -0.039502650 0.999200600 0.006136509 2.775660000 0.583956900 0.018102030 0.811582800 152.500100000
0.000000000 0.849869231 1.473106667 0.723422236 0.000138148 0.000000000 0.000000000 0.838339500 0.041682140 -0.543552600 -386.832500000 -0.044952310 0.998962600 0.007273648 2.765584000 0.543292000 0.018336160 0.839343600 153.013600000
0.000000000 0.849869231 1.473106667 0.723422236 0.000138148 0.000000000 0.000000000 0.863983500 0.040870340 -0.501858700 -387.088300000 -0.043628190 0.999028300 0.006249969 2.757803000 0.501626500 0.016495310 0.864927100 153.508400000
0.000000000 0.849869231 1.473106667 0.723422236 0.000138148 0.000000000 0.000000000 0.887995000 0.039144840 -0.458184000 -387.355900000 -0.042832880 0.999079500 0.002342800 2.751713000 0.457854000 0.017544940 0.888854300 154.083900000
0.000000000 0.849869231 1.473106667 0.723422236 0.000138148 0.000000000 0.000000000 0.910055200 0.037511410 -0.412786100 -387.575000000 -0.042514100 0.999091500 -0.002938166 2.744945000 0.412301000 0.020223120 0.910823200 154.629200000
0.000000000 0.849869231 1.473106667 0.723422236 0.000138148 0.000000000 0.000000000 0.929370900 0.038234640 -0.367161800 -387.803500000 -0.043143060 0.999055500 -0.005167671 2.731001000 0.366617500 0.020643170 0.930142700 155.255200000
0.000000000 0.849869231 1.473106667 0.723422236 0.000138148 0.000000000 0.000000000 0.945279000 0.036798500 -0.324181400 -388.004600000 -0.040945340 0.999143500 -0.005977447 2.713501000 0.323683800 0.018924070 0.945976100 155.903900000
0.000000000 0.849869231 1.473106667 0.723422236 0.000138148 0.000000000 0.000000000 0.958278800 0.036421050 -0.283505500 -388.164900000 -0.040390300 0.999150600 -0.008165770 2.695081000 0.282967300 0.019275950 0.958935900 156.536500000
0.000000000 0.849869231 1.473106667 0.723422236 0.000138148 0.000000000 0.000000000 0.968677700 0.037072610 -0.245538400 -388.328200000 -0.040598260 0.999132100 -0.009310923 2.678055000 0.244980200 0.018987720 0.969342100 157.227600000
0.000000000 0.849869231 1.473106667 0.723422236 0.000138148 0.000000000 0.000000000 0.976731400 0.036923420 -0.211264100 -388.456800000 -0.039856010 0.999158900 -0.009638367 2.661018000 0.210730500 0.017834240 0.977381500 157.913100000
0.000000000 0.849869231 1.473106667 0.723422236 0.000138148 0.000000000 0.000000000 0.982873500 0.037365210 -0.180453600 -388.581700000 -0.039638210 0.999173500 -0.009005152 2.642337000 0.179968000 0.016003780 0.983542300 158.644200000
0.000000000 0.849869231 1.473106667 0.723422236 0.000138148 0.000000000 0.000000000 0.987640100 0.037904970 -0.152086600 -388.690100000 -0.039552240 0.999186900 -0.007819367 2.622200000 0.151666600 0.013738090 0.988336200 159.390500000
0.000000000 0.849869231 1.473106667 0.723422236 0.000138148 0.000000000 0.000000000 0.991326400 0.038085680 -0.125783100 -388.774900000 -0.039178540 0.999212800 -0.006225102 2.603357000 0.125447000 0.011099110 0.992038200 160.145200000
0.000000000 0.849869231 1.473106667 0.723422236 0.000138148 0.000000000 0.000000000 0.993948100 0.039170530 -0.102630000 -388.852700000 -0.039969460 0.999184400 -0.005738822 2.584504000 0.102321500 0.009806155 0.994703100 160.928900000
0.000000000 0.849869231 1.473106667 0.723422236 0.000138148 0.000000000 0.000000000 0.995803900 0.038641590 -0.082953960 -388.914300000 -0.039296450 0.999207900 -0.006275453 2.563277000 0.082645760 0.009508916 0.996533600 161.727400000
0.000000000 0.849869231 1.473106667 0.723422236 0.000138148 0.000000000 0.000000000 0.997044700 0.038743040 -0.066338440 -388.963800000 -0.039358820 0.999193100 -0.008000003 2.542089000 0.065974970 0.010587360 0.997765100 162.536000000
0.000000000 0.849869231 1.473106667 0.723422236 0.000138148 0.000000000 0.000000000 0.997964400 0.036559140 -0.052254310 -389.002300000 -0.037156750 0.999254100 -0.010510790 2.521108000 0.051831080 0.012430990 0.998578500 163.369900000
0.000000000 0.849869231 1.473106667 0.723422236 0.000138148 0.000000000 0.000000000 0.998588200 0.034288460 -0.040569960 -389.033800000 -0.034773870 0.999331100 -0.011319850 2.500351000 0.040154680 0.012714650 0.999112600 164.223600000
0.000000000 0.849869231 1.473106667 0.723422236 0.000138148 0.000000000 0.000000000 0.998956500 0.032620460 -0.031965700 -389.061900000 -0.033000070 0.999390100 -0.011420470 2.475464000 0.031573660 0.012463420 0.999423700 165.098800000
0.000000000 0.849869231 1.473106667 0.723422236 0.000138148 0.000000000 0.000000000 0.999172300 0.031182540 -0.026123160 -389.086500000 -0.031493550 0.999436900 -0.011579540 2.449919000 0.025747370 0.012392660 0.999591700 165.991400000
0.000000000 0.849869231 1.473106667 0.723422236 0.000138148 0.000000000 0.000000000 0.999333900 0.028409880 -0.022906090 -389.107700000 -0.028733240 0.999490300 -0.013913050 2.423001000 0.022499150 0.014561950 0.999640800 166.899500000
0.000000000 0.849869231 1.473106667 0.723422236 0.000138148 0.000000000 0.000000000 0.999439800 0.025395520 -0.021798230 -389.127900000 -0.025760400 0.999529900 -0.016624770 2.395290000 0.021365790 0.017176980 0.999624200 167.821300000
0.000000000 0.849869231 1.473106667 0.723422236 0.000138148 0.000000000 0.000000000 0.999484600 0.024358550 -0.020909790 -389.150100000 -0.024771320 0.999498700 -0.019713520 2.366321000 0.020419120 0.020221320 0.999587000 168.755300000
0.000000000 0.849869231 1.473106667 0.723422236 0.000138148 0.000000000 0.000000000 0.999513100 0.023818080 -0.020156220 -389.177200000 -0.024256000 0.999468700 -0.021767700 2.330230000 0.019627050 0.022246000 0.999559900 169.703100000
0.000000000 0.849869231 1.473106667 0.723422236 0.000138148 0.000000000 0.000000000 0.999538500 0.023276480 -0.019520230 -389.203300000 -0.023738900 0.999434800 -0.023801960 2.290624000 0.018955180 0.024254360 0.999526100 170.658300000
0.000000000 0.849869231 1.473106667 0.723422236 0.000138148 0.000000000 0.000000000 0.999570700 0.022018620 -0.019327530 -389.228300000 -0.022467830 0.999475000 -0.023340720 2.250546000 0.018803450 0.023764940 0.999540700 171.626100000
0.000000000 0.849869231 1.473106667 0.723422236 0.000138148 0.000000000 0.000000000 0.999599600 0.020783280 -0.019203080 -389.249200000 -0.021199800 0.999538700 -0.021747210 2.212388000 0.018742240 0.022145600 0.999579100 172.602600000
0.000000000 0.849869231 1.473106667 0.723422236 0.000138148 0.000000000 0.000000000 0.999650400 0.018726010 -0.018667830 -389.264700000 -0.019053160 0.999665200 -0.017503670 2.175958000 0.018333810 0.017853230 0.999672500 173.588800000
0.000000000 0.849869231 1.473106667 0.723422236 0.000138148 0.000000000 0.000000000 0.999698600 0.015961770 -0.018654750 -389.282100000 -0.016247270 0.999751600 -0.015254610 2.142271000 0.018406630 0.015553100 0.999709600 174.574600000
0.000000000 0.849869231 1.473106667 0.723422236 0.000138148 0.000000000 0.000000000 0.999729900 0.014180680 -0.018413240 -389.294800000 -0.014410720 0.999819000 -0.012420880 2.111015000 0.018233780 0.012682880 0.999753300 175.566200000
0.000000000 0.849869231 1.473106667 0.723422236 0.000138148 0.000000000 0.000000000 0.999754500 0.012233780 -0.018473390 -389.308200000 -0.012464600 0.999845000 -0.012431520 2.076855000 0.018318440 0.012658730 0.999752100 176.552300000
0.000000000 0.849869231 1.473106667 0.723422236 0.000138148 0.000000000 0.000000000 0.999773200 0.010661640 -0.018438740 -389.321100000 -0.010927190 0.999837100 -0.014361370 2.041216000 0.018282620 0.014559590 0.999726900 177.535500000
0.000000000 0.849869231 1.473106667 0.723422236 0.000138148 0.000000000 0.000000000 0.999771200 0.011067630 -0.018305830 -389.340400000 -0.011383540 0.999786500 -0.017244380 2.006405000 0.018111070 0.017448820 0.999683700 178.518800000
0.000000000 0.849869231 1.473106667 0.723422236 0.000138148 0.000000000 0.000000000 0.999774900 0.011928060 -0.017546890 -389.360900000 -0.012244580 0.999762200 -0.018042800 1.972475000 0.017327510 0.018253590 0.999683200 179.503000000
0.000000000 0.849869231 1.473106667 0.723422236 0.000138148 0.000000000 0.000000000 0.999749400 0.014620280 -0.016955380 -389.385600000 -0.014901000 0.999752000 -0.016549870 1.935822000 0.016709210 0.016798380 0.999719300 180.487200000
0.000000000 0.849869231 1.473106667 0.723422236 0.000138148 0.000000000 0.000000000 0.999759500 0.014692110 -0.016281530 -389.408400000 -0.014968400 0.999743800 -0.016979320 1.899292000 0.016027900 0.017218950 0.999723300 181.466200000
0.000000000 0.849869231 1.473106667 0.723422236 0.000138148 0.000000000 0.000000000 0.999767700 0.014438640 -0.016001020 -389.432400000 -0.014720310 0.999736200 -0.017626990 1.862098000 0.015742290 0.017858440 0.999716600 182.443000000
0.000000000 0.849869231 1.473106667 0.723422236 0.000138148 0.000000000 0.000000000 0.999777300 0.014406240 -0.015418480 -389.455800000 -0.014661920 0.999754700 -0.016600140 1.823795000 0.015175560 0.016822510 0.999743300 183.421000000
0.000000000 0.849869231 1.473106667 0.723422236 0.000138148 0.000000000 0.000000000 0.999775600 0.015053540 -0.014906180 -389.477100000 -0.015268100 0.999779900 -0.014386080 1.787575000 0.014686340 0.014610440 0.999785400 184.395100000
0.000000000 0.849869231 1.473106667 0.723422236 0.000138148 0.000000000 0.000000000 0.999785600 0.014874110 -0.014404240 -389.496800000 -0.015038110 0.999822500 -0.011344490 1.752590000 0.014232950 0.011558670 0.999831900 185.368500000
0.000000000 0.849869231 1.473106667 0.723422236 0.000138148 0.000000000 0.000000000 0.999801800 0.014025280 -0.014129620 -389.514600000 -0.014149940 0.999861500 -0.008761011 1.720446000 0.014004790 0.008959207 0.999861800 186.337800000