0 0.511236351 0.908864653 0.500000000 0.500000000 0.000000000 0.000000000 0.618779182 -0.032447997 0.784894586 -1.082251930 0.028799145 0.999411941 0.018612187 0.005023125 -0.785036922 0.011087458 0.619349778 -0.570114720
0 0.511236351 0.908864653 0.500000000 0.500000000 0.000000000 0.000000000 0.611349583 -0.032583725 0.790689588 -1.100514856 0.029213246 0.999400198 0.018597279 0.005926247 -0.790821254 0.011729171 0.611934721 -0.564578939
0 0.511236351 0.908864653 0.500000000 0.500000000 0.000000000 0.000000000 0.603787720 -0.032447573 0.796484470 -1.119522657 0.029288089 0.999399602 0.018511727 0.007220185 -0.796606898 0.012150354 0.604375541 -0.557113725
0 0.511236351 0.908864653 0.500000000 0.500000000 0.000000000 0.000000000 0.596036971 -0.032620043 0.802294135 -1.138058391 0.029068038 0.999396086 0.019038804 0.007239068 -0.802430689 0.011973285 0.596625209 -0.549842314
0 0.511236351 0.908864653 0.500000000 0.500000000 0.000000000 0.000000000 0.588637650 -0.033237796 0.807713389 -1.154477096 0.028947722 0.999380231 0.020028733 0.005507414 -0.807878554 0.011591797 0.589235008 -0.541839633
0 0.511236351 0.908864653 0.500000000 0.500000000 0.000000000 0.000000000 0.581192970 -0.033652216 0.813069642 -1.170423858 0.029471906 0.999359548 0.020295676 0.005260434 -0.813231945 0.012167008 0.581812501 -0.534842713
0 0.511236351 0.908864653 0.500000000 0.500000000 0.000000000 0.000000000 0.573496997 -0.033664007 0.818515658 -1.186425802 0.030063106 0.999347150 0.020037401 0.006315336 -0.818655849 0.013115734 0.574134648 -0.527304109
0 0.511236351 0.908864653 0.500000000 0.500000000 0.000000000 0.000000000 0.566234708 -0.034373648 0.823526978 -1.200476447 0.030855484 0.999313712 0.020495519 0.005791363 -0.823666275 0.013805049 0.566906750 -0.520444110
0 0.511236351 0.908864653 0.500000000 0.500000000 0.000000000 0.000000000 0.559063137 -0.034815673 0.828393757 -1.214817971 0.030994229 0.999297202 0.021081127 0.004240617 -0.828545570 0.013889746 0.559749365 -0.514325127
0 0.511236351 0.908864653 0.500000000 0.500000000 0.000000000 0.000000000 0.551675797 -0.034931660 0.833326817 -1.229228674 0.030955791 0.999291718 0.021395396 0.004245011 -0.833483994 0.013992970 0.552366376 -0.506685305
0 0.511236351 0.908864653 0.500000000 0.500000000 0.000000000 0.000000000 0.544537663 -0.035265099 0.837994695 -1.242439511 0.031271536 0.999274671 0.021731632 0.004589383 -0.838153243 0.014371688 0.545245469 -0.499160517
0 0.511236351 0.908864653 0.500000000 0.500000000 0.000000000 0.000000000 0.537475705 -0.035712089 0.842522740 -1.255406894 0.031408437 0.999257386 0.022319041 0.003016271 -0.842694104 0.014466379 0.538198233 -0.492221762
0 0.511236351 0.908864653 0.500000000 0.500000000 0.000000000 0.000000000 0.530187070 -0.035960879 0.847117782 -1.269133717 0.031791188 0.999240756 0.022521425 0.002251208 -0.847284496 0.014990311 0.530927777 -0.484499973
0 0.511236351 0.908864653 0.500000000 0.500000000 0.000000000 0.000000000 0.523173690 -0.036209751 0.851456463 -1.282191124 0.032100327 0.999225259 0.022769984 0.000174751 -0.851621330 0.015419377 0.523930728 -0.477558179
0 0.511236351 0.908864653 0.500000000 0.500000000 0.000000000 0.000000000 0.516507626 -0.036476001 0.855505347 -1.293838107 0.033188593 0.999194324 0.022564972 0.000873348 -0.855639160 0.016738040 0.517302096 -0.471281255
0 0.511236351 0.908864653 0.500000000 0.500000000 0.000000000 0.000000000 0.509627163 -0.036577344 0.859617531 -1.305913808 0.032927424 0.999193192 0.022995254 -0.002880721 -0.859765053 0.016585985 0.510420382 -0.465193015
0 0.511236351 0.908864653 0.500000000 0.500000000 0.000000000 0.000000000 0.502527595 -0.036750883 0.863779724 -1.317310111 0.033801872 0.999167383 0.022846002 -0.002487029 -0.863900125 0.017716624 0.503351450 -0.457494002
0 0.511236351 0.908864653 0.500000000 0.500000000 0.000000000 0.000000000 0.495181441 -0.036998373 0.868001401 -1.328881445 0.033636410 0.999160171 0.023399930 -0.006305302 -0.868138194 0.017609239 0.496010065 -0.451038977
0 0.511236351 0.908864653 0.500000000 0.500000000 0.000000000 0.000000000 0.488046199 -0.037328232 0.872019231 -1.340128771 0.033764806 0.999144673 0.023872774 -0.009105304 -0.872164488 0.017792543 0.488889128 -0.445433523
0 0.511236351 0.908864653 0.500000000 0.500000000 0.000000000 0.000000000 0.480842710 -0.037627473 0.875999093 -1.351161709 0.033564404 0.999136388 0.024492921 -0.012710982 -0.876164198 0.017625144 0.481690407 -0.439705335
0 0.511236351 0.908864653 0.500000000 0.500000000 0.000000000 0.000000000 0.473579317 -0.038188245 0.879922867 -1.361390473 0.034118675 0.999105096 0.024997842 -0.015182548 -0.880090058 0.018183341 0.474458456 -0.433543804
0 0.511236351 0.908864653 0.500000000 0.500000000 0.000000000 0.000000000 0.466223598 -0.038122971 0.883845150 -1.372497673 0.034347959 0.999097824 0.024975810 -0.017297351 -0.883999884 0.018713964 0.467112422 -0.427981248
0 0.511236351 0.908864653 0.500000000 0.500000000 0.000000000 0.000000000 0.458798587 -0.038558904 0.887703240 -1.382529661 0.035160627 0.999063313 0.025223678 -0.019202577 -0.887844324 0.019639617 0.459724605 -0.422591550
0 0.511236351 0.908864653 0.500000000 0.500000000 0.000000000 0.000000000 0.451218575 -0.038758647 0.891571403 -1.393021719 0.035192814 0.999052107 0.025620220 -0.021564030 -0.891719282 0.019816587 0.452154875 -0.417215383
0 0.511236351 0.908864653 0.500000000 0.500000000 0.000000000 0.000000000 0.443476647 -0.038931314 0.895440042 -1.402946947 0.035038751 0.999045551 0.026082473 -0.023079507 -0.895600796 0.019808132 0.444417447 -0.411401571
0 0.511236351 0.908864653 0.500000000 0.500000000 0.000000000 0.000000000 0.435658991 -0.039229214 0.899256527 -1.412881821 0.035203617 0.999028027 0.026526704 -0.024134794 -0.899423122 0.020100486 0.436616570 -0.406220016
0 0.511236351 0.908864653 0.500000000 0.500000000 0.000000000 0.000000000 0.427865505 -0.039403766 0.902983069 -1.422688281 0.035058714 0.999020934 0.026982537 -0.026006670 -0.903162241 0.020112529 0.428828061 -0.400959931
0 0.511236351 0.908864653 0.500000000 0.500000000 0.000000000 0.000000000 0.420403093 -0.039756786 0.906466007 -1.431252209 0.036070317 0.998982131 0.027085679 -0.025370862 -0.906620204 0.021309612 0.421409220 -0.395695929
0 0.511236351 0.908864653 0.500000000 0.500000000 0.000000000 0.000000000 0.412049294 -0.039798781 0.910291970 -1.442004229 0.036439147 0.998966157 0.027181292 -0.026449919 -0.910432637 0.021970229 0.413073510 -0.390030731
0 0.511236351 0.908864653 0.500000000 0.500000000 0.000000000 0.000000000 0.403814644 -0.039993349 0.913966238 -1.450881466 0.036777243 0.998946071 0.027462730 -0.026267819 -0.914101303 0.022523306 0.404859900 -0.383523061
0 0.511236351 0.908864653 0.500000000 0.500000000 0.000000000 0.000000000 0.395744503 -0.039993003 0.917489409 -1.460244557 0.036781151 0.998939991 0.027678436 -0.026473007 -0.917623818 0.022792727 0.396795988 -0.377915479
0 0.511236351 0.908864653 0.500000000 0.500000000 0.000000000 0.000000000 0.388079464 -0.040212508 0.920748234 -1.468490883 0.036707841 0.998929322 0.028155247 -0.026804557 -0.920894623 0.022872208 0.389140069 -0.372524669
0 0.511236351 0.908864653 0.500000000 0.500000000 0.000000000 0.000000000 0.380299985 -0.040521957 0.923975050 -1.476748860 0.036521260 0.998918474 0.028776854 -0.027885790 -0.924141824 0.022800894 0.381368607 -0.366951423
0 0.511236351 0.908864653 0.500000000 0.500000000 0.000000000 0.000000000 0.372434705 -0.040505428 0.927174032 -1.484816716 0.036652341 0.998909652 0.028916530 -0.027497608 -0.927334368 0.023213578 0.373513222 -0.361020422
0 0.511236351 0.908864653 0.500000000 0.500000000 0.000000000 0.000000000 0.365018547 -0.040780075 0.930106699 -1.491348300 0.037247803 0.998880029 0.029177582 -0.026073205 -0.930254817 0.023994070 0.366128713 -0.354280469
0 0.511236351 0.908864653 0.500000000 0.500000000 0.000000000 0.000000000 0.357838392 -0.041302763 0.932869673 -1.497877628 0.037780497 0.998843670 0.029731583 -0.025393845 -0.933018923 0.024605177 0.358985037 -0.350038255
0 0.511236351 0.908864653 0.500000000 0.500000000 0.000000000 0.000000000 0.350828826 -0.041580863 0.935516000 -1.503696823 0.037583474 0.998834014 0.030300939 -0.024348358 -0.935685098 0.024529496 0.351982504 -0.344711918
0 0.511236351 0.908864653 0.500000000 0.500000000 0.000000000 0.000000000 0.344070762 -0.041817889 0.938012004 -1.509816931 0.037388381 0.998825610 0.030814666 -0.023779666 -0.938199043 0.024468325 0.345230192 -0.340024531
0 0.511236351 0.908864653 0.500000000 0.500000000 0.000000000 0.000000000 0.338091671 -0.042043082 0.940173626 -1.514151986 0.037565742 0.998808324 0.031156287 -0.022374137 -0.940363109 0.024784638 0.339268178 -0.336368962
0 0.511236351 0.908864653 0.500000000 0.500000000 0.000000000 0.000000000 0.331884563 -0.042460125 0.942363918 -1.518832976 0.037977085 0.998777986 0.031627089 -0.020997102 -0.942555249 0.025291691 0.333091527 -0.332686465
0 0.511236351 0.908864653 0.500000000 0.500000000 0.000000000 0.000000000 0.325708896 -0.042593181 0.944510221 -1.524623743 0.037941687 0.998768866 0.031956032 -0.019764056 -0.944708467 0.025427947 0.326923966 -0.329811860
0 0.511236351 0.908864653 0.500000000 0.500000000 0.000000000 0.000000000 0.320354939 -0.042440608 0.946346402 -1.528995269 0.037854105 0.998771489 0.031977423 -0.016711200 -0.946540952 0.025578972 0.321567923 -0.327627288
0 0.511236351 0.908864653 0.500000000 0.500000000 0.000000000 0.000000000 0.315569460 -0.042641725 0.947943866 -1.531966141 0.037350871 0.998773754 0.032494161 -0.015828016 -0.948167086 0.025152365 0.316775203 -0.327188313
0 0.511236351 0.908864653 0.500000000 0.500000000 0.000000000 0.000000000 0.310151428 -0.042685956 0.949728370 -1.536749629 0.037219234 0.998770773 0.032735556 -0.014794374 -0.949958324 0.025195181 0.311358929 -0.324709738
0 0.511236351 0.908864653 0.500000000 0.500000000 0.000000000 0.000000000 0.305217057 -0.042851996 0.951318145 -1.540589731 0.037880939 0.998742640 0.032834660 -0.014162547 -0.951529086 0.026015125 0.306456566 -0.324058489
0 0.511236351 0.908864653 0.500000000 0.500000000 0.000000000 0.000000000 0.300615668 -0.043011814 0.952775002 -1.543839924 0.039053366 0.998699844 0.032763075 -0.012671464 -0.952945471 0.027359977 0.301904589 -0.324241098
0 0.511236351 0.908864653 0.500000000 0.500000000 0.000000000 0.000000000 0.296312451 -0.042983368 0.954123378 -1.547130255 0.039842524 0.998673499 0.032616865 -0.010873838 -0.954259694 0.028349901 0.297631949 -0.324557105
0 0.511236351 0.908864653 0.500000000 0.500000000 0.000000000 0.000000000 0.292031825 -0.043168265 0.955433905 -1.549912763 0.040035859 0.998656988 0.032884061 -0.010592460 -0.955570281 0.028648423 0.293367893 -0.326119760
0 0.511236351 0.908864653 0.500000000 0.500000000 0.000000000 0.000000000 0.287622601 -0.043284621 0.956765234 -1.553336904 0.039734267 0.998657405 0.033234939 -0.010781014 -0.956919253 0.028457245 0.288956344 -0.328021507
0 0.511236351 0.908864653 0.500000000 0.500000000 0.000000000 0.000000000 0.283846140 -0.043071937 0.957901955 -1.556115849 0.039353598 0.998672187 0.033243883 -0.009321386 -0.958061934 0.028260741 0.285164297 -0.330341982
0 0.511236351 0.908864653 0.500000000 0.500000000 0.000000000 0.000000000 0.280067921 -0.042988375 0.959017158 -1.559613578 0.038678821 0.998690963 0.033471145 -0.010233942 -0.959200680 0.027719459 0.281364024 -0.335373358
0 0.511236351 0.908864653 0.500000000 0.500000000 0.000000000 0.000000000 0.276266336 -0.042813670 0.960126996 -1.562330480 0.038455728 0.998699665 0.033468463 -0.009992675 -0.960311472 0.027676173 0.277553529 -0.338476883
0 0.511236351 0.908864653 0.500000000 0.500000000 0.000000000 0.000000000 0.273040712 -0.043126531 0.961035311 -1.564083169 0.039207086 0.998663485 0.033675931 -0.010298585 -0.961203218 0.028484495 0.274366647 -0.343360794
0 0.511236351 0.908864653 0.500000000 0.500000000 0.000000000 0.000000000 0.269772261 -0.043124821 0.961957991 -1.567520557 0.039760176 0.998643517 0.033619069 -0.010866598 -0.962102950 0.029178128 0.271120965 -0.349652052
0 0.511236351 0.908864653 0.500000000 0.500000000 0.000000000 0.000000000 0.266829073 -0.043220267 0.962774277 -1.569881713 0.040151700 0.998625100 0.033701774 -0.010779584 -0.962907076 0.029664410 0.268197566 -0.356741708
0 0.511236351 0.908864653 0.500000000 0.500000000 0.000000000 0.000000000 0.264128804 -0.043242931 0.963517547 -1.572577338 0.040022325 0.998625338 0.033847272 -0.010805508 -0.963656664 0.029622171 0.265496403 -0.365622557
0 0.511236351 0.908864653 0.500000000 0.500000000 0.000000000 0.000000000 0.261308938 -0.042793639 0.964306116 -1.575814422 0.039527319 0.998653173 0.033606716 -0.009926438 -0.964445531 0.029334700 0.262648523 -0.373636135
0 0.511236351 0.908864653 0.500000000 0.500000000 0.000000000 0.000000000 0.259107918 -0.043249913 0.964879572 -1.576695200 0.039768506 0.998627484 0.034083236 -0.009762144 -0.965029299 0.029540583 0.260472238 -0.383378605
0 0.511236351 0.908864653 0.500000000 0.500000000 0.000000000 0.000000000 0.256761819 -0.043222882 0.965507686 -1.578800229 0.040040374 0.998617470 0.034056991 -0.008464979 -0.965644956 0.029914755 0.258137524 -0.393156481
0 0.511236351 0.908864653 0.500000000 0.500000000 0.000000000 0.000000000 0.255055130 -0.043356478 0.965954006 -1.580233313 0.040600073 0.998593390 0.034101248 -0.008113268 -0.966073751 0.030520106 0.256456643 -0.404789391
0 0.511236351 0.908864653 0.500000000 0.500000000 0.000000000 0.000000000 0.253490061 -0.043348476 0.966366231 -1.580939850 0.041267488 0.998570561 0.033968091 -0.007291848 -0.966457307 0.031268936 0.254916608 -0.416504678
0 0.511236351 0.908864653 0.500000000 0.500000000 0.000000000 0.000000000 0.251747549 -0.043380380 0.966820180 -1.581964605 0.042050164 0.998541772 0.033854377 -0.005874140 -0.966878951 0.032132193 0.253204584 -0.428023382
0 0.511236351 0.908864653 0.500000000 0.500000000 0.000000000 0.000000000 0.250068337 -0.043648459 0.967243850 -1.583288544 0.042598803 0.998511970 0.034046121 -0.004393451 -0.967290640 0.032689571 0.251555592 -0.439088078
0 0.511236351 0.908864653 0.500000000 0.500000000 0.000000000 0.000000000 0.249131322 -0.043770581 0.967480063 -1.584121467 0.042101536 0.998523235 0.034333661 -0.005113008 -0.967554152 0.032178808 0.250606239 -0.452338723
0 0.511236351 0.908864653 0.500000000 0.500000000 0.000000000 0.000000000 0.248268902 -0.043609623 0.967709005 -1.584629939 0.041856803 0.998536050 0.034260336 -0.003152952 -0.967786431 0.031999432 0.249730811 -0.464693241
0 0.511236351 0.908864653 0.500000000 0.500000000 0.000000000 0.000000000 0.247488841 -0.043785769 0.967900872 -1.584318803 0.042013600 0.998523712 0.034428351 -0.001860941 -0.967979431 0.032144368 0.248963073 -0.477066009
0 0.511236351 0.908864653 0.500000000 0.500000000 0.000000000 0.000000000 0.246460840 -0.043621115 0.968170583 -1.586332642 0.040895652 0.998564839 0.034579996 -0.004930076 -0.968289495 0.031071352 0.247891054 -0.490386989
0 0.511236351 0.908864653 0.500000000 0.500000000 0.000000000 0.000000000 0.245955899 -0.043833308 0.968289375 -1.585660307 0.041783951 0.998527765 0.034588594 -0.002154693 -0.968379974 0.031951688 0.247425333 -0.502804105
0 0.511236351 0.908864653 0.500000000 0.500000000 0.000000000 0.000000000 0.245809808 -0.044130709 0.968312979 -1.584531959 0.041788958 0.998516798 0.034898963 -0.002646868 -0.968416870 0.031886283 0.247289389 -0.516336796
0 0.511236351 0.908864653 0.500000000 0.500000000 0.000000000 0.000000000 0.245697990 -0.044140019 0.968340933 -1.583664259 0.041801769 0.998515904 0.034909088 -0.001653634 -0.968444705 0.031901270 0.247178480 -0.529822254
0 0.511236351 0.908864653 0.500000000 0.500000000 0.000000000 0.000000000 0.245339409 -0.043947570 0.968440592 -1.583471059 0.041421745 0.998534858 0.034819685 -0.001276070 -0.968551934 0.031571858 0.246800333 -0.543408419
0 0.511236351 0.908864653 0.500000000 0.500000000 0.000000000 0.000000000 0.245235369 -0.044210691 0.968454957 -1.581436769 0.041922271 0.998508811 0.034966975 -0.000225590 -0.968556702 0.032024693 0.246723086 -0.556840609
0 0.511236351 0.908864653 0.500000000 0.500000000 0.000000000 0.000000000 0.245275661 -0.044307791 0.968440354 -1.579813648 0.042324629 0.998491943 0.034963198 -0.000316561 -0.968529046 0.032413255 0.246781081 -0.571204390
0 0.511236351 0.908864653 0.500000000 0.500000000 0.000000000 0.000000000 0.245378926 -0.044147704 0.968421459 -1.577713431 0.042879846 0.998479068 0.034653038 0.000931396 -0.968478441 0.033022638 0.246898770 -0.585725592
0 0.511236351 0.908864653 0.500000000 0.500000000 0.000000000 0.000000000 0.245250463 -0.044022996 0.968459725 -1.575487818 0.043333873 0.998467803 0.034413297 0.002978518 -0.968490779 0.033527233 0.246782377 -0.600074165
0 0.511236351 0.908864653 0.500000000 0.500000000 0.000000000 0.000000000 0.245041639 -0.044004235 0.968513429 -1.573422122 0.043024201 0.998478830 0.034480244 0.002239954 -0.968557417 0.033220418 0.246562138 -0.615010174
0 0.511236351 0.908864653 0.500000000 0.500000000 0.000000000 0.000000000 0.244530082 -0.043832421 0.968650460 -1.572832540 0.042506229 0.998502016 0.034452789 0.002229065 -0.968709588 0.032748938 0.246026918 -0.627940785
0 0.511236351 0.908864653 0.500000000 0.500000000 0.000000000 0.000000000 0.244881019 -0.043964371 0.968555868 -1.569640141 0.041673418 0.998525441 0.034788404 -0.000863032 -0.968657136 0.031844012 0.246352077 -0.644675535
0 0.511236351 0.908864653 0.500000000 0.500000000 0.000000000 0.000000000 0.245268613 -0.044149593 0.968449354 -1.563834304 0.042693421 0.998485208 0.034706369 0.000552037 -0.968514621 0.032834031 0.246781975 -0.660672944
0 0.511236351 0.908864653 0.500000000 0.500000000 0.000000000 0.000000000 0.244678468 -0.044804480 0.968568563 -1.562658047 0.041399654 0.998503566 0.035730906 -0.008613845 -0.968720019 0.031355817 0.246167213 -0.676958233
0 0.511236351 0.908864653 0.500000000 0.500000000 0.000000000 0.000000000 0.244581655 -0.044591732 0.968602777 -1.559239244 0.042601001 0.998471558 0.035209637 -0.005218980 -0.968692422 0.032651816 0.246107474 -0.691538612
