0.000000000 0.849869231 1.473106667 0.723422236 0.000138148 0.000000000 0.000000000 -0.716323600 0.056939430 -0.695441200 56.091860000 0.033551250 0.998322800 0.047179250 4.557136000 0.696961200 0.010462690 -0.717032500 0.584754300
0.000000000 0.849869231 1.473106667 0.723422236 0.000138148 0.000000000 0.000000000 -0.716929400 0.055405770 -0.694940600 55.055950000 0.032891990 0.998415000 0.045668260 4.611628000 0.696369500 0.009882938 -0.717615400 -0.486018500
0.000000000 0.849869231 1.473106667 0.723422236 0.000138148 0.000000000 0.000000000 -0.717219100 0.054011890 -0.694751400 54.028870000 0.033526910 0.998511700 0.043015930 4.655655000 0.696040800 0.007558977 -0.717962500 -1.555701000
0.000000000 0.849869231 1.473106667 0.723422236 0.000138148 0.000000000 0.000000000 -0.717421500 0.052926600 -0.694625900 53.008120000 0.033511220 0.998577400 0.041475060 4.695041000 0.695832900 0.006477350 -0.718174600 -2.625659000
0.000000000 0.849869231 1.473106667 0.723422236 0.000138148 0.000000000 0.000000000 -0.717540900 0.052788620 -0.694513100 51.987360000 0.033860130 0.998588600 0.040918020 4.730281000 0.695692900 0.005844056 -0.718315600 -3.692204000
0.000000000 0.849869231 1.473106667 0.723422236 0.000138148 0.000000000 0.000000000 -0.717686400 0.051792890 -0.694437700 50.966790000 0.033100650 0.998640300 0.040272280 4.764474000 0.695579400 0.005916531 -0.718424900 -4.761087000
0.000000000 0.849869231 1.473106667 0.723422236 0.000138148 0.000000000 0.000000000 -0.717865700 0.046807990 -0.694606300 49.955730000 0.030366220 0.998892800 0.035930160 4.792619000 0.695519100 0.004700459 -0.718492200 -5.822352000
0.000000000 0.849869231 1.473106667 0.723422236 0.000138148 0.000000000 0.000000000 -0.717690900 0.040934400 -0.695157600 48.947370000 0.026037800 0.999150100 0.031953230 4.816112000 0.695874900 0.004832170 -0.718146800 -6.885328000
0.000000000 0.849869231 1.473106667 0.723422236 0.000138148 0.000000000 0.000000000 -0.717540600 0.035299600 -0.695621600 47.942470000 0.020522480 0.999352800 0.029543440 4.832810000 0.696214300 0.006922748 -0.717800700 -7.950469000
0.000000000 0.849869231 1.473106667 0.723422236 0.000138148 0.000000000 0.000000000 -0.717433700 0.032823150 -0.695853100 46.935070000 0.016186980 0.999405100 0.030452620 4.844236000 0.696438700 0.010583980 -0.717538200 -9.021045000
0.000000000 0.849869231 1.473106667 0.723422236 0.000138148 0.000000000 0.000000000 -0.717616300 0.032256790 -0.695691300 45.918750000 0.013691030 0.999387100 0.032215620 4.868041000 0.696304200 0.013593720 -0.717618100 -10.102930000
0.000000000 0.849869231 1.473106667 0.723422236 0.000138148 0.000000000 0.000000000 -0.718355800 0.033210400 -0.694882700 44.902400000 0.013054640 0.999327500 0.034265060 4.905350000 0.695553400 0.015543060 -0.718306300 -11.163020000
0.000000000 0.849869231 1.473106667 0.723422236 0.000138148 0.000000000 0.000000000 -0.719646500 0.034286210 -0.693493600 43.893000000 0.013381520 0.999279400 0.035518070 4.944611000 0.694211700 0.016280460 -0.719586800 -12.216550000
0.000000000 0.849869231 1.473106667 0.723422236 0.000138148 0.000000000 0.000000000 -0.721407900 0.030652120 -0.691831700 42.899620000 0.013850150 0.999458700 0.029839530 4.971141000 0.692371900 0.011944500 -0.721442000 -13.250970000
0.000000000 0.849869231 1.473106667 0.723422236 0.000138148 0.000000000 0.000000000 -0.722997600 0.029377140 -0.690225700 41.910660000 0.018747170 0.999561800 0.022905730 4.990965000 0.690596200 0.003621018 -0.723231500 -14.274210000
0.000000000 0.849869231 1.473106667 0.723422236 0.000138148 0.000000000 0.000000000 -0.724702300 0.034084010 -0.688218600 40.929340000 0.024993870 0.999418900 0.023177370 5.000309000 0.688608700 -0.000404553 -0.725133000 -15.293680000
0.000000000 0.849869231 1.473106667 0.723422236 0.000138148 0.000000000 0.000000000 -0.726685400 0.042004940 -0.685685000 39.958580000 0.032935080 0.999111400 0.026300980 5.011392000 0.686180400 -0.003470546 -0.727423100 -16.307180000
0.000000000 0.849869231 1.473106667 0.723422236 0.000138148 0.000000000 0.000000000 -0.729334500 0.046525650 -0.682573400 39.010080000 0.036993640 0.998907300 0.028559700 5.019810000 0.683156400 -0.004421293 -0.730258800 -17.313700000
0.000000000 0.849869231 1.473106667 0.723422236 0.000138148 0.000000000 0.000000000 -0.732303600 0.046833780 -0.679365900 38.089530000 0.035580800 0.998901000 0.030508420 5.023344000 0.680048100 -0.001830946 -0.733165200 -18.317430000
0.000000000 0.849869231 1.473106667 0.723422236 0.000138148 0.000000000 0.000000000 -0.734564800 0.046046450 -0.676974300 37.185420000 0.032852070 0.998938200 0.032299000 5.023351000 0.677742800 0.001485699 -0.735297600 -19.318100000
0.000000000 0.849869231 1.473106667 0.723422236 0.000138148 0.000000000 0.000000000 -0.736797800 0.042636350 -0.674767400 36.295660000 0.029712160 0.999087400 0.030685530 5.026359000 0.675460000 0.002560239 -0.737392200 -20.310000000
0.000000000 0.849869231 1.473106667 0.723422236 0.000138148 0.000000000 0.000000000 -0.739160300 0.040997500 -0.672280600 35.418750000 0.031525280 0.999157600 0.026269900 5.036353000 0.672791400 -0.001776165 -0.739830100 -21.291630000
0.000000000 0.849869231 1.473106667 0.723422236 0.000138148 0.000000000 0.000000000 -0.741291600 0.040864440 -0.669937900 34.554470000 0.035831420 0.999130900 0.021296610 5.037946000 0.670226000 -0.008217823 -0.742111600 -22.250360000
0.000000000 0.849869231 1.473106667 0.723422236 0.000138148 0.000000000 0.000000000 -0.743061400 0.040826530 -0.667976700 33.704920000 0.037899060 0.999102700 0.018905720 5.035071000 0.668149300 -0.011267570 -0.743942000 -23.203010000
0.000000000 0.849869231 1.473106667 0.723422236 0.000138148 0.000000000 0.000000000 -0.744748800 0.039384100 -0.666181800 32.866820000 0.034479420 0.999194600 0.020525760 5.035514000 0.666453600 -0.007683023 -0.745506900 -24.157290000
0.000000000 0.849869231 1.473106667 0.723422236 0.000138148 0.000000000 0.000000000 -0.746213300 0.032548850 -0.664910700 32.073000000 0.026909250 0.999462400 0.018726300 5.036634000 0.665162900 -0.003918432 -0.746688000 -25.097460000
0.000000000 0.849869231 1.473106667 0.723422236 0.000138148 0.000000000 0.000000000 -0.747385500 0.025748740 -0.663891500 31.290070000 0.019655140 0.999668200 0.016644650 5.032932000 0.664099900 -0.000608903 -0.747643600 -26.023820000
0.000000000 0.849869231 1.473106667 0.723422236 0.000138148 0.000000000 0.000000000 -0.748179200 0.021030480 -0.663163300 30.511610000 0.011584720 0.999759200 0.018634900 5.030582000 0.663395600 0.006259685 -0.748242700 -26.943030000
0.000000000 0.849869231 1.473106667 0.723422236 0.000138148 0.000000000 0.000000000 -0.749392100 0.017819900 -0.661886600 29.742940000 0.003143223 0.999722200 0.023356640 5.025220000 0.662119000 0.015422830 -0.749240000 -27.840110000
0.000000000 0.849869231 1.473106667 0.723422236 0.000138148 0.000000000 0.000000000 -0.750413800 0.014236430 -0.660814900 28.994380000 -0.002406234 0.999702500 0.024269840 5.012866000 0.660963900 0.019802500 -0.750156400 -28.708570000
0.000000000 0.849869231 1.473106667 0.723422236 0.000138148 0.000000000 0.000000000 -0.751095200 0.004334683 -0.660179700 28.282770000 -0.010098700 0.999786000 0.018053940 5.001018000 0.660116700 0.020227190 -0.750890700 -29.552800000
0.000000000 0.849869231 1.473106667 0.723422236 0.000138148 0.000000000 0.000000000 -0.750483600 -0.006014183 -0.660861700 27.594400000 -0.021006350 0.999670400 0.014757580 4.988123000 0.660555200 0.024957610 -0.750362600 -30.382650000
0.000000000 0.849869231 1.473106667 0.723422236 0.000138148 0.000000000 0.000000000 -0.748453500 -0.013765030 -0.663044400 26.927940000 -0.033961450 0.999268300 0.017590990 4.960921000 0.662317100 0.035683980 -0.748373400 -31.196360000
0.000000000 0.849869231 1.473106667 0.723422236 0.000138148 0.000000000 0.000000000 -0.744303500 -0.018654000 -0.667580900 26.270910000 -0.044169430 0.998796200 0.021336610 4.937344000 0.666379300 0.045367580 -0.744231500 -31.981160000
0.000000000 0.849869231 1.473106667 0.723422236 0.000138148 0.000000000 0.000000000 -0.738614200 -0.024892220 -0.673668600 25.635890000 -0.054344960 0.998264200 0.022698020 4.911415000 0.671934300 0.053375570 -0.738684900 -32.730080000
0.000000000 0.849869231 1.473106667 0.723422236 0.000138148 0.000000000 0.000000000 -0.731004900 -0.032227860 -0.681610700 25.015300000 -0.063404590 0.997770600 0.020822810 4.883203000 0.679420100 0.058438820 -0.731418600 -33.444740000
0.000000000 0.849869231 1.473106667 0.723422236 0.000138148 0.000000000 0.000000000 -0.721447400 -0.040148560 -0.691304400 24.406470000 -0.072456970 0.997214400 0.017701550 4.868599000 0.688668100 0.062860550 -0.722346800 -34.119140000
0.000000000 0.849869231 1.473106667 0.723422236 0.000138148 0.000000000 0.000000000 -0.710023100 -0.048642850 -0.702496300 23.802140000 -0.083423600 0.996396300 0.015324090 4.863346000 0.699219400 0.069485220 -0.711522400 -34.764080000
0.000000000 0.849869231 1.473106667 0.723422236 0.000138148 0.000000000 0.000000000 -0.696865200 -0.053265360 -0.715221400 23.208410000 -0.089398900 0.995911900 0.012934980 4.857973000 0.711608500 0.072953940 -0.698778200 -35.367710000
0.000000000 0.849869231 1.473106667 0.723422236 0.000138148 0.000000000 0.000000000 -0.681168400 -0.057418320 -0.729871700 22.621160000 -0.094039710 0.995523600 0.009447648 4.849439000 0.726062100 0.075072350 -0.683518800 -35.934900000
0.000000000 0.849869231 1.473106667 0.723422236 0.000138148 0.000000000 0.000000000 -0.661327600 -0.062984220 -0.747448200 22.040020000 -0.103253000 0.994626500 0.007543374 4.839517000 0.742956700 0.082164900 -0.664277300 -36.469160000
0.000000000 0.849869231 1.473106667 0.723422236 0.000138148 0.000000000 0.000000000 -0.636983300 -0.066299140 -0.768021300 21.464760000 -0.110856300 0.993817400 0.006151326 4.829678000 0.762865100 0.089058260 -0.640394800 -36.966720000
0.000000000 0.849869231 1.473106667 0.723422236 0.000138148 0.000000000 0.000000000 -0.609988600 -0.064711770 -0.789763400 20.883450000 -0.112198200 0.993672000 0.005238722 4.829241000 0.784426800 0.091805600 -0.613389200 -37.415600000
0.000000000 0.849869231 1.473106667 0.723422236 0.000138148 0.000000000 0.000000000 -0.581040400 -0.061236140 -0.811567700 20.303290000 -0.109483800 0.993982800 0.003384636 4.821699000 0.806477100 0.090820150 -0.584248600 -37.820910000
0.000000000 0.849869231 1.473106667 0.723422236 0.000138148 0.000000000 0.000000000 -0.549426900 -0.061183480 -0.833298700 19.734310000 -0.111637000 0.993748800 0.000642413 4.809316000 0.828050300 0.093379870 -0.552822700 -38.186450000
0.000000000 0.849869231 1.473106667 0.723422236 0.000138148 0.000000000 0.000000000 -0.514459700 -0.061389160 -0.855314300 19.174900000 -0.111264200 0.993781100 -0.004403591 4.788276000 0.850265600 0.092900380 -0.518090700 -38.513760000
0.000000000 0.849869231 1.473106667 0.723422236 0.000138148 0.000000000 0.000000000 -0.478098400 -0.059587540 -0.876282600 18.624950000 -0.109196600 0.993987800 -0.008014043 4.765293000 0.871491900 0.091855590 -0.481730800 -38.801340000
0.000000000 0.849869231 1.473106667 0.723422236 0.000138148 0.000000000 0.000000000 -0.441417100 -0.054834670 -0.895625000 18.074010000 -0.103346800 0.994595500 -0.009958704 4.745044000 0.891330700 0.088164050 -0.444698500 -39.043980000
0.000000000 0.849869231 1.473106667 0.723422236 0.000138148 0.000000000 0.000000000 -0.402751700 -0.047418490 -0.914080200 17.516050000 -0.096433250 0.995297400 -0.009142366 4.729289000 0.910215200 0.084465600 -0.405430500 -39.260550000
0.000000000 0.849869231 1.473106667 0.723422236 0.000138148 0.000000000 0.000000000 -0.360290700 -0.039138540 -0.932018600 16.957070000 -0.090244650 0.995895500 -0.006935045 4.710410000 0.928464600 0.081611050 -0.362343900 -39.442020000
0.000000000 0.849869231 1.473106667 0.723422236 0.000138148 0.000000000 0.000000000 -0.313265200 -0.030162700 -0.949186500 16.396590000 -0.087638650 0.996148600 -0.002731177 4.684822000 0.945613300 0.082329840 -0.314702100 -39.597690000
0.000000000 0.849869231 1.473106667 0.723422236 0.000138148 0.000000000 0.000000000 -0.261408200 -0.019764260 -0.965026000 15.838890000 -0.086997610 0.996203500 0.003163296 4.661222000 0.961299800 0.084781850 -0.262135200 -39.714580000
0.000000000 0.849869231 1.473106667 0.723422236 0.000138148 0.000000000 0.000000000 -0.204911400 -0.009099087 -0.978738200 15.279350000 -0.084422390 0.996394500 0.008411680 4.645931000 0.975132900 0.084351060 -0.204940800 -39.794800000
0.000000000 0.849869231 1.473106667 0.723422236 0.000138148 0.000000000 0.000000000 -0.146470800 0.001005805 -0.989214500 14.733400000 -0.079534890 0.996750000 0.012790030 4.620685000 0.986012500 0.080550420 -0.145914800 -39.831350000
0.000000000 0.849869231 1.473106667 0.723422236 0.000138148 0.000000000 0.000000000 -0.088379680 0.009369087 -0.996042800 14.191360000 -0.074791370 0.997070600 0.016015060 4.600733000 0.993275100 0.075910800 -0.087420050 -39.829780000
0.000000000 0.849869231 1.473106667 0.723422236 0.000138148 0.000000000 0.000000000 -0.030003580 0.014917020 -0.999438500 13.657420000 -0.073027470 0.997183700 0.017075690 4.594101000 0.996878500 0.073498780 -0.028829730 -39.805610000
0.000000000 0.849869231 1.473106667 0.723422236 0.000138148 0.000000000 0.000000000 0.028260060 0.018228430 -0.999434400 13.133940000 -0.074130220 0.997118700 0.016090090 4.591217000 0.996848100 0.073633570 0.029529920 -39.755630000
0.000000000 0.849869231 1.473106667 0.723422236 0.000138148 0.000000000 0.000000000 0.085384520 0.020873010 -0.996129400 12.634270000 -0.075572080 0.997036100 0.014414250 4.572501000 0.993477900 0.074048810 0.086708880 -39.672360000
0.000000000 0.849869231 1.473106667 0.723422236 0.000138148 0.000000000 0.000000000 0.142065200 0.022553340 -0.989600300 12.137350000 -0.075273570 0.997091700 0.011917940 4.570481000 0.986991100 0.072797620 0.143349700 -39.567020000
0.000000000 0.849869231 1.473106667 0.723422236 0.000138148 0.000000000 0.000000000 0.198519600 0.023410480 -0.979817300 11.649030000 -0.073492400 0.997255700 0.008936933 4.569883000 0.977337700 0.070234950 0.199695300 -39.424110000
0.000000000 0.849869231 1.473106667 0.723422236 0.000138148 0.000000000 0.000000000 0.253772500 0.024370990 -0.966956800 11.172310000 -0.073447890 0.997281800 0.005859305 4.559489000 0.964471300 0.069534000 0.254872800 -39.260550000
0.000000000 0.849869231 1.473106667 0.723422236 0.000138148 0.000000000 0.000000000 0.308004400 0.024566730 -0.951067700 10.700450000 -0.074648270 0.997208600 0.001583668 4.562188000 0.948451900 0.070507770 0.308978500 -39.071240000
0.000000000 0.849869231 1.473106667 0.723422236 0.000138148 0.000000000 0.000000000 0.361438000 0.023906120 -0.932089600 10.239980000 -0.076970010 0.997024200 -0.004275233 4.558096000 0.929213800 0.073288170 0.362202500 -38.863130000
0.000000000 0.849869231 1.473106667 0.723422236 0.000138148 0.000000000 0.000000000 0.413261600 0.023627590 -0.910305700 9.789695000 -0.077245660 0.996969700 -0.009191046 4.558073000 0.907330100 0.074115460 0.413834500 -38.629800000
0.000000000 0.849869231 1.473106667 0.723422236 0.000138148 0.000000000 0.000000000 0.463615900 0.025363110 -0.885673200 9.346772000 -0.076374440 0.997013700 -0.011427490 4.558865000 0.882738500 0.072940750 0.464168500 -38.357210000
0.000000000 0.849869231 1.473106667 0.723422236 0.000138148 0.000000000 0.000000000 0.512719300 0.029246950 -0.858058000 8.918192000 -0.076318920 0.997015700 -0.011619850 4.555772000 0.855157500 0.071443770 0.513421300 -38.062530000
0.000000000 0.849869231 1.473106667 0.723422236 0.000138148 0.000000000 0.000000000 0.560187500 0.033075970 -0.827705300 8.497673000 -0.074432000 0.997170500 -0.010527270 4.557479000 0.825015100 0.067504990 0.561064300 -37.738490000
0.000000000 0.849869231 1.473106667 0.723422236 0.000138148 0.000000000 0.000000000 0.604922600 0.038198020 -0.795367600 8.088430000 -0.074293060 0.997199200 -0.008613005 4.554056000 0.792811000 0.064300480 0.606066200 -37.389940000
0.000000000 0.849869231 1.473106667 0.723422236 0.000138148 0.000000000 0.000000000 0.647195200 0.041814030 -0.761176700 7.694448000 -0.073518030 0.997263900 -0.007726041 4.557188000 0.758771000 0.060960450 0.648498600 -37.013860000
0.000000000 0.849869231 1.473106667 0.723422236 0.000138148 0.000000000 0.000000000 0.687224600 0.044576230 -0.725076100 7.308945000 -0.074792400 0.997153000 -0.009584984 4.562789000 0.722584600 0.060817200 0.688602100 -36.616890000
0.000000000 0.849869231 1.473106667 0.723422236 0.000138148 0.000000000 0.000000000 0.724447600 0.044876190 -0.687867500 6.938250000 -0.074734070 0.997109900 -0.013657290 4.579774000 0.685266700 0.061301120 0.725707800 -36.198750000
0.000000000 0.849869231 1.473106667 0.723422236 0.000138148 0.000000000 0.000000000 0.758925900 0.044268930 -0.649670500 6.587902000 -0.073160650 0.997166300 -0.017516580 4.590754000 0.647054200 0.060824100 0.760014100 -35.755890000
0.000000000 0.849869231 1.473106667 0.723422236 0.000138148 0.000000000 0.000000000 0.791000800 0.042784000 -0.610317400 6.256320000 -0.069923050 0.997337400 -0.020709050 4.593195000 0.607806400 0.059056120 0.791886200 -35.282630000
0.000000000 0.849869231 1.473106667 0.723422236 0.000138148 0.000000000 0.000000000 0.820378400 0.040751990 -0.570367000 5.946327000 -0.065861070 0.997553000 -0.023456320 4.589196000 0.568015500 0.056808030 0.821055000 -34.788220000
0.000000000 0.849869231 1.473106667 0.723422236 0.000138148 0.000000000 0.000000000 0.847205700 0.038974250 -0.529833500 5.653599000 -0.062095360 0.997734100 -0.025897930 4.581954000 0.527623700 0.054841070 0.847706200 -34.272080000
0.000000000 0.849869231 1.473106667 0.723422236 0.000138148 0.000000000 0.000000000 0.871700600 0.036752860 -0.488658600 5.377697000 -0.057299520 0.997987700 -0.027154160 4.574692000 0.486677300 0.051670190 0.872052400 -33.729560000
0.000000000 0.849869231 1.473106667 0.723422236 0.000138148 0.000000000 0.000000000 0.893130200 0.034482940 -0.448474400 5.122507000 -0.052577630 0.998225500 -0.027954580 4.565832000 0.446714700 0.048546790 0.893358400 -33.171640000
0.000000000 0.849869231 1.473106667 0.723422236 0.000138148 0.000000000 0.000000000 0.911671500 0.032989490 -0.409593500 4.885552000 -0.048886490 0.998400500 -0.028398130 4.558254000 0.408001500 0.045913350 0.911826100 -32.589860000
0.000000000 0.849869231 1.473106667 0.723422236 0.000138148 0.000000000 0.000000000 0.927357700 0.032001270 -0.372805200 4.666734000 -0.046621140 0.998454100 -0.030264230 4.543817000 0.371260400 0.045446370 0.927416000 -31.994970000
0.000000000 0.849869231 1.473106667 0.723422236 0.000138148 0.000000000 0.000000000 0.940399100 0.030427540 -0.338709000 4.467981000 -0.044126240 0.998486900 -0.032815110 4.521503000 0.337198000 0.045805250 0.940318800 -31.371810000
0.000000000 0.849869231 1.473106667 0.723422236 0.000138148 0.000000000 0.000000000 0.950942500 0.026386840 -0.308240300 4.285109000 -0.039468760 0.998561900 -0.036282140 4.492915000 0.306839700 0.046668090 0.950616400 -30.737910000