0 0.487927990 0.867427595 0.500000000 0.500000000 0.000000000 0.000000000 0.968654573 0.043477479 -0.244577274 0.261957936 -0.054946393 0.997677147 -0.040263690 0.297955741 0.242258593 0.052440248 0.968793452 -1.517794753
0 0.487927990 0.867427595 0.500000000 0.500000000 0.000000000 0.000000000 0.968177259 0.043765035 -0.246408969 0.265234566 -0.055300344 0.997664750 -0.040086631 0.298132800 0.244079158 0.052437466 0.968336582 -1.523824457
0 0.487927990 0.867427595 0.500000000 0.500000000 0.000000000 0.000000000 0.967633724 0.044178192 -0.248461902 0.269451557 -0.055859648 0.997630656 -0.040159713 0.299578608 0.246099025 0.052738886 0.967808783 -1.528809288
0 0.487927990 0.867427595 0.500000000 0.500000000 0.000000000 0.000000000 0.967141092 0.044680163 -0.250283331 0.272690025 -0.056448907 0.997602344 -0.040038720 0.300211787 0.247894302 0.052851312 0.967344403 -1.534147354
0 0.487927990 0.867427595 0.500000000 0.500000000 0.000000000 0.000000000 0.966630518 0.045016177 -0.252188385 0.276317463 -0.056879982 0.997581482 -0.039948795 0.300849281 0.249780118 0.052960198 0.966853201 -1.539474006
0 0.487927990 0.867427595 0.500000000 0.500000000 0.000000000 0.000000000 0.966111064 0.045417782 -0.254099697 0.280254926 -0.057432506 0.997545242 -0.040062573 0.302282465 0.251656383 0.053298477 0.966347933 -1.544712148
0 0.487927990 0.867427595 0.500000000 0.500000000 0.000000000 0.000000000 0.965629041 0.045841910 -0.255849779 0.283397270 -0.057942525 0.997520030 -0.039956108 0.302695792 0.253383607 0.053407360 0.965890467 -1.549942741
0 0.487927990 0.867427595 0.500000000 0.500000000 0.000000000 0.000000000 0.965115488 0.046227973 -0.257711262 0.286906944 -0.058396488 0.997501314 -0.039761126 0.302705237 0.255229235 0.053423513 0.965403497 -1.555063416
0 0.487927990 0.867427595 0.500000000 0.500000000 0.000000000 0.000000000 0.964113951 0.047156058 -0.261267275 0.293687827 -0.059457846 0.997453809 -0.039377876 0.302971272 0.258745134 0.053499147 0.964462936 -1.565326065
0 0.487927990 0.867427595 0.500000000 0.500000000 0.000000000 0.000000000 0.963697731 0.047498841 -0.262736648 0.295508842 -0.059901021 0.997426748 -0.039392550 0.304042765 0.260189474 0.053700704 0.964063108 -1.570076903
0 0.487927990 0.867427595 0.500000000 0.500000000 0.000000000 0.000000000 0.963160992 0.047980599 -0.264610499 0.299385909 -0.060446002 0.997402847 -0.039164156 0.303988753 0.262044132 0.053716034 0.963559806 -1.575468358
0 0.487927990 0.867427595 0.500000000 0.500000000 0.000000000 0.000000000 0.962689281 0.048515894 -0.266224563 0.302226896 -0.060956620 0.997391343 -0.038662679 0.302799907 0.263654292 0.053448297 0.963135362 -1.580716978
0 0.487927990 0.867427595 0.500000000 0.500000000 0.000000000 0.000000000 0.962176323 0.048920181 -0.267999172 0.305948542 -0.061480660 0.997358799 -0.038672734 0.303659893 0.265399456 0.053686757 0.962642670 -1.585287215
0 0.487927990 0.867427595 0.500000000 0.500000000 0.000000000 0.000000000 0.961665332 0.049294911 -0.269758880 0.309618160 -0.062036753 0.997315168 -0.038908944 0.305554910 0.267116606 0.054152347 0.962141514 -1.589955166
0 0.487927990 0.867427595 0.500000000 0.500000000 0.000000000 0.000000000 0.961178541 0.049648747 -0.271423757 0.313181888 -0.062471226 0.997292221 -0.038801644 0.305833143 0.268762350 0.054251481 0.961677492 -1.595013801
0 0.487927990 0.867427595 0.500000000 0.500000000 0.000000000 0.000000000 0.960735083 0.050124563 -0.272902191 0.315984065 -0.063017070 0.997262657 -0.038678151 0.306012187 0.270216465 0.054356955 0.961263955 -1.599738262
0 0.487927990 0.867427595 0.500000000 0.500000000 0.000000000 0.000000000 0.960279286 0.050461449 -0.274440140 0.319136389 -0.063512705 0.997223616 -0.038874000 0.307496445 0.271716565 0.054760333 0.960818112 -1.604102301
0 0.487927990 0.867427595 0.500000000 0.500000000 0.000000000 0.000000000 0.959807158 0.050847340 -0.276015818 0.322573306 -0.064061642 0.997180998 -0.039065953 0.309086859 0.273251325 0.055177808 0.960358858 -1.608449373
0 0.487927990 0.867427595 0.500000000 0.500000000 0.000000000 0.000000000 0.959425688 0.051172413 -0.277279139 0.324684895 -0.064487845 0.997151792 -0.039110899 0.309861881 0.274487972 0.055405132 0.959993005 -1.612863951
0 0.487927990 0.867427595 0.500000000 0.500000000 0.000000000 0.000000000 0.959015071 0.051541585 -0.278627932 0.327341801 -0.064859241 0.997140408 -0.038785756 0.308958613 0.275832057 0.055267721 0.959615648 -1.617409667
0 0.487927990 0.867427595 0.500000000 0.500000000 0.000000000 0.000000000 0.958604574 0.051929682 -0.279965341 0.330137509 -0.065371551 0.997103095 -0.038884170 0.310115163 0.277135044 0.055576310 0.959222317 -1.621570179
0 0.487927990 0.867427595 0.500000000 0.500000000 0.000000000 0.000000000 0.958212018 0.052159131 -0.281263560 0.332720004 -0.065729596 0.997074068 -0.039025214 0.311176958 0.278405070 0.055881768 0.958836734 -1.626105288
0 0.487927990 0.867427595 0.500000000 0.500000000 0.000000000 0.000000000 0.957778335 0.052387092 -0.282694578 0.336025831 -0.066092007 0.997044981 -0.039156072 0.312393598 0.279807925 0.056186691 0.958410442 -1.630234731
0 0.487927990 0.867427595 0.500000000 0.500000000 0.000000000 0.000000000 0.957348466 0.052626152 -0.284102768 0.339308291 -0.066486038 0.997010827 -0.039357096 0.313798502 0.281182319 0.056567322 0.957985699 -1.634655020
0 0.487927990 0.867427595 0.500000000 0.500000000 0.000000000 0.000000000 0.956938744 0.052848440 -0.285438746 0.342494031 -0.066814184 0.996986985 -0.039405569 0.314483670 0.282496184 0.056780074 0.957586527 -1.639051220
0 0.487927990 0.867427595 0.500000000 0.500000000 0.000000000 0.000000000 0.956552148 0.053025592 -0.286698967 0.345339421 -0.067137279 0.996957183 -0.039609704 0.315808234 0.283726275 0.057136938 0.957201540 -1.643302444
0 0.487927990 0.867427595 0.500000000 0.500000000 0.000000000 0.000000000 0.956158638 0.053291477 -0.287959576 0.348610489 -0.067539595 0.996923804 -0.039766088 0.317054585 0.284954548 0.057471361 0.956816554 -1.647857314
0 0.487927990 0.867427595 0.500000000 0.500000000 0.000000000 0.000000000 0.955863416 0.053384781 -0.288920671 0.350389503 -0.067713208 0.996909857 -0.039819807 0.317672835 0.285902113 0.057626043 0.956524551 -1.652301028
0 0.487927990 0.867427595 0.500000000 0.500000000 0.000000000 0.000000000 0.955537558 0.053533275 -0.289969325 0.352828395 -0.067970909 0.996887445 -0.039942533 0.318626889 0.286928505 0.057876065 0.956202090 -1.656668189
0 0.487927990 0.867427595 0.500000000 0.500000000 0.000000000 0.000000000 0.955223203 0.053602137 -0.290990412 0.355317195 -0.068215124 0.996856332 -0.040300429 0.320617260 0.287915438 0.058345851 0.955876827 -1.661020695
0 0.487927990 0.867427595 0.500000000 0.500000000 0.000000000 0.000000000 0.954904974 0.053736199 -0.292008400 0.358024866 -0.068519995 0.996822000 -0.040631220 0.322493761 0.288897008 0.058807369 0.955552280 -1.665308966
0 0.487927990 0.867427595 0.500000000 0.500000000 0.000000000 0.000000000 0.954662621 0.053783610 -0.292791128 0.359586401 -0.068686038 0.996801674 -0.040849604 0.323808256 0.289657652 0.059108250 0.955303431 -1.669517441
0 0.487927990 0.867427595 0.500000000 0.500000000 0.000000000 0.000000000 0.954404652 0.053879995 -0.293613166 0.361731047 -0.068883270 0.996782184 -0.040992368 0.324915744 0.290459722 0.059348345 0.955044985 -1.673804173
0 0.487927990 0.867427595 0.500000000 0.500000000 0.000000000 0.000000000 0.954183519 0.054022383 -0.294304967 0.363304811 -0.069104202 0.996763229 -0.041081771 0.325740843 0.291133016 0.059537258 0.954828203 -1.678223165
0 0.487927990 0.867427595 0.500000000 0.500000000 0.000000000 0.000000000 0.953993499 0.054009486 -0.294922680 0.364785873 -0.069172539 0.996752858 -0.041217718 0.326643485 0.291738868 0.059721984 0.954631686 -1.682605159
0 0.487927990 0.867427595 0.500000000 0.500000000 0.000000000 0.000000000 0.953792930 0.054112948 -0.295551658 0.366450831 -0.069356017 0.996735454 -0.041329443 0.327652232 0.292350382 0.059918016 0.954432368 -1.687084410
0 0.487927990 0.867427595 0.500000000 0.500000000 0.000000000 0.000000000 0.953646064 0.054098163 -0.296028078 0.367675159 -0.069494300 0.996709228 -0.041728560 0.329775625 0.292796463 0.060366537 0.954267323 -1.691233595
0 0.487927990 0.867427595 0.500000000 0.500000000 0.000000000 0.000000000 0.953516960 0.054115757 -0.296440363 0.368626554 -0.069600306 0.996693611 -0.041924953 0.331143941 0.293191403 0.060608495 0.954130709 -1.695513038
0 0.487927990 0.867427595 0.500000000 0.500000000 0.000000000 0.000000000 0.953393161 0.054126669 -0.296836346 0.369700696 -0.069683827 0.996681452 -0.042073809 0.332234852 0.293573976 0.060797576 0.954001009 -1.699526945
0 0.487927990 0.867427595 0.500000000 0.500000000 0.000000000 0.000000000 0.953269243 0.053975262 -0.297261477 0.370873965 -0.069608867 0.996679187 -0.042252280 0.333206032 0.293993741 0.060969833 0.953860760 -1.703858647
0 0.487927990 0.867427595 0.500000000 0.500000000 0.000000000 0.000000000 0.953174472 0.053941321 -0.297571510 0.371654324 -0.069668710 0.996664703 -0.042494074 0.334777440 0.294286817 0.061235689 0.953753352 -1.707987167
0 0.487927990 0.867427595 0.500000000 0.500000000 0.000000000 0.000000000 0.953079700 0.053841870 -0.297892839 0.372537681 -0.069591850 0.996669292 -0.042512063 0.335210092 0.294611722 0.061248295 0.953652263 -1.712117279
0 0.487927990 0.867427595 0.500000000 0.500000000 0.000000000 0.000000000 0.953006506 0.053762753 -0.298141241 0.373414369 -0.069540218 0.996670902 -0.042558711 0.335883558 0.294860631 0.061291531 0.953572512 -1.716332324
0 0.487927990 0.867427595 0.500000000 0.500000000 0.000000000 0.000000000 0.952983141 0.053666946 -0.298233122 0.373684823 -0.069471546 0.996672213 -0.042640660 0.336755338 0.294952273 0.061354544 0.953540146 -1.720310963
0 0.487927990 0.867427595 0.500000000 0.500000000 0.000000000 0.000000000 0.952979445 0.053486560 -0.298277318 0.373867140 -0.069348149 0.996672153 -0.042841993 0.337977303 0.294993222 0.061512519 0.953517258 -1.724263430
0 0.487927990 0.867427595 0.500000000 0.500000000 0.000000000 0.000000000 0.953033686 0.053328142 -0.298132420 0.373223702 -0.069131009 0.996693015 -0.042707179 0.337858209 0.294869006 0.061311577 0.953568637 -1.728467624
0 0.487927990 0.867427595 0.500000000 0.500000000 0.000000000 0.000000000 0.953043818 0.053200074 -0.298122823 0.373370957 -0.069031902 0.996694982 -0.042821892 0.339079458 0.294859409 0.061391126 0.953566492 -1.732377952
0 0.487927990 0.867427595 0.500000000 0.500000000 0.000000000 0.000000000 0.953096390 0.053034939 -0.297984213 0.373168357 -0.068830661 0.996711552 -0.042759713 0.339360084 0.294736534 0.061264578 0.953612626 -1.736648460
0 0.487927990 0.867427595 0.500000000 0.500000000 0.000000000 0.000000000 0.953167796 0.052932139 -0.297773927 0.372772060 -0.068678349 0.996726334 -0.042660329 0.339599337 0.294541001 0.061113071 0.953682780 -1.740821931
0 0.487927990 0.867427595 0.500000000 0.500000000 0.000000000 0.000000000 0.953276157 0.052659709 -0.297475189 0.372027218 -0.068402223 0.996741354 -0.042753473 0.340522041 0.294254422 0.061103832 0.953771830 -1.744979760
0 0.487927990 0.867427595 0.500000000 0.500000000 0.000000000 0.000000000 0.953481793 0.052170340 -0.296901822 0.371147436 -0.067930624 0.996762633 -0.043008048 0.342839194 0.293696910 0.061176118 0.953939021 -1.753200090
0 0.487927990 0.867427595 0.500000000 0.500000000 0.000000000 0.000000000 0.953602433 0.051914964 -0.296558917 0.370520267 -0.067676231 0.996774912 -0.043123603 0.343935450 0.293363720 0.061192762 0.954040468 -1.757200190
0 0.487927990 0.867427595 0.500000000 0.500000000 0.000000000 0.000000000 0.953806937 0.051647376 -0.295947343 0.368998443 -0.067391530 0.996789157 -0.043240666 0.345109280 0.292763859 0.061187591 0.954225004 -1.761392477
0 0.487927990 0.867427595 0.500000000 0.500000000 0.000000000 0.000000000 0.954011977 0.051336538 -0.295340031 0.367544674 -0.067052513 0.996808290 -0.043327056 0.346120201 0.292173117 0.061137822 0.954409242 -1.765684312
0 0.487927990 0.867427595 0.500000000 0.500000000 0.000000000 0.000000000 0.954249740 0.050968695 -0.294634789 0.365867133 -0.066631272 0.996835053 -0.043360446 0.346893208 0.291492254 0.061008584 0.954625666 -1.770129822
0 0.487927990 0.867427595 0.500000000 0.500000000 0.000000000 0.000000000 0.954461277 0.050607488 -0.294011086 0.364537024 -0.066206865 0.996864140 -0.043342248 0.347439572 0.290895671 0.060834050 0.954818785 -1.774314669
0 0.487927990 0.867427595 0.500000000 0.500000000 0.000000000 0.000000000 0.954673350 0.050248593 -0.293383539 0.363455915 -0.065785423 0.996892750 -0.043325979 0.348106332 0.290294856 0.060662515 0.955012560 -1.778556639
0 0.487927990 0.867427595 0.500000000 0.500000000 0.000000000 0.000000000 0.954922855 0.049888358 -0.292631924 0.361972227 -0.065325409 0.996927857 -0.043213453 0.348276347 0.289577067 0.060381815 0.955248237 -1.782917142
0 0.487927990 0.867427595 0.500000000 0.500000000 0.000000000 0.000000000 0.955191791 0.049526285 -0.291814655 0.360269239 -0.064917736 0.996951044 -0.043293264 0.349394116 0.288780749 0.060297318 0.955494583 -1.787271851
0 0.487927990 0.867427595 0.500000000 0.500000000 0.000000000 0.000000000 0.955441058 0.049113367 -0.291067362 0.359125458 -0.064454928 0.996978581 -0.043350492 0.350393359 0.288058847 0.060179565 0.955719888 -1.791667284
0 0.487927990 0.867427595 0.500000000 0.500000000 0.000000000 0.000000000 0.955774784 0.048752781 -0.290030569 0.356644389 -0.064014025 0.997006536 -0.043361474 0.351171179 0.287048370 0.060009830 0.956034541 -1.795982427
0 0.487927990 0.867427595 0.500000000 0.500000000 0.000000000 0.000000000 0.956102192 0.048349895 -0.289017081 0.354620742 -0.063559636 0.997030914 -0.043468606 0.352472626 0.286057264 0.059930250 0.956336558 -1.800495612
0 0.487927990 0.867427595 0.500000000 0.500000000 0.000000000 0.000000000 0.956443071 0.047960088 -0.287952125 0.352379300 -0.063049346 0.997068346 -0.043353144 0.352744614 0.285028726 0.059620008 0.956663013 -1.804966929
0 0.487927990 0.867427595 0.500000000 0.500000000 0.000000000 0.000000000 0.956807256 0.047542769 -0.286809206 0.349747835 -0.062565438 0.997095108 -0.043437947 0.353822355 0.283910900 0.059506085 0.957002401 -1.809358490
0 0.487927990 0.867427595 0.500000000 0.500000000 0.000000000 0.000000000 0.957156599 0.047180839 -0.285701245 0.347566316 -0.062090244 0.997128725 -0.043348484 0.354225204 0.282835692 0.059230547 0.957337797 -1.814154439
0 0.487927990 0.867427595 0.500000000 0.500000000 0.000000000 0.000000000 0.957550168 0.046790276 -0.284443945 0.344906098 -0.061600581 0.997159421 -0.043341700 0.354973006 0.281607985 0.059023764 0.957712471 -1.818799285
0 0.487927990 0.867427595 0.500000000 0.500000000 0.000000000 0.000000000 0.957977831 0.046438601 -0.283058226 0.341704939 -0.061119825 0.997192800 -0.043253280 0.355300022 0.280255020 0.058736153 0.958126903 -1.823400275
0 0.487927990 0.867427595 0.500000000 0.500000000 0.000000000 0.000000000 0.958427310 0.046086863 -0.281590283 0.338583226 -0.060686179 0.997215450 -0.043342266 0.356439776 0.278808683 0.058629051 0.958555341 -1.828009314
0 0.487927990 0.867427595 0.500000000 0.500000000 0.000000000 0.000000000 0.958932519 0.045745380 -0.279920965 0.334518759 -0.060253125 0.997237444 -0.043439671 0.357617892 0.277160496 0.058521826 0.959039748 -1.832665328
0 0.487927990 0.867427595 0.500000000 0.500000000 0.000000000 0.000000000 0.959386468 0.045297686 -0.278434455 0.331324570 -0.059732236 0.997262895 -0.043574337 0.358871698 0.275698543 0.058436140 0.959466279 -1.837356426
0 0.487927990 0.867427595 0.500000000 0.500000000 0.000000000 0.000000000 0.959849536 0.044942290 -0.276891828 0.328155162 -0.059254877 0.997292995 -0.043537345 0.359421426 0.274185598 0.058196492 0.959914267 -1.842035137
0 0.487927990 0.867427595 0.500000000 0.500000000 0.000000000 0.000000000 0.960342824 0.044557240 -0.275238603 0.324651269 -0.058776017 0.997317493 -0.043625470 0.360418392 0.272556424 0.058072839 0.960385621 -1.846606893
0 0.487927990 0.867427595 0.500000000 0.500000000 0.000000000 0.000000000 0.960861027 0.044160880 -0.273488432 0.321021645 -0.058288857 0.997340798 -0.043746069 0.361526429 0.270829320 0.057975221 0.960879982 -1.851432786
0 0.487927990 0.867427595 0.500000000 0.500000000 0.000000000 0.000000000 0.961424947 0.043809317 -0.271556377 0.316693969 -0.057806406 0.997368395 -0.043756995 0.362228682 0.268924773 0.057766765 0.961427331 -1.856154476
0 0.487927990 0.867427595 0.500000000 0.500000000 0.000000000 0.000000000 0.962002873 0.043437306 -0.269561976 0.312161820 -0.057325896 0.997391522 -0.043862548 0.363234796 0.266953558 0.057648778 0.961983562 -1.860907615
0 0.487927990 0.867427595 0.500000000 0.500000000 0.000000000 0.000000000 0.962576210 0.043031156 -0.267573029 0.307521632 -0.056834765 0.997411132 -0.044055402 0.364686889 0.264984548 0.057614133 0.962529898 -1.865450492
0 0.487927990 0.867427595 0.500000000 0.500000000 0.000000000 0.000000000 0.963155091 0.042693622 -0.265536219 0.302786967 -0.056373645 0.997434914 -0.044108681 0.365504458 0.262971967 0.057452749 0.963091314 -1.870256259
0 0.487927990 0.867427595 0.500000000 0.500000000 0.000000000 0.000000000 0.963718474 0.042305619 -0.263546735 0.298371096 -0.055874515 0.997458875 -0.044201598 0.366281145 0.261007071 0.057323445 0.963633418 -1.875014980
0 0.487927990 0.867427595 0.500000000 0.500000000 0.000000000 0.000000000 0.964310169 0.041989770 -0.261424512 0.293608146 -0.055422053 0.997483373 -0.044219084 0.366904159 0.258909851 0.057129592 0.964210510 -1.879928913
0 0.487927990 0.867427595 0.500000000 0.500000000 0.000000000 0.000000000 0.964923799 0.041637160 -0.259207159 0.288483113 -0.054927312 0.997509837 -0.044239510 0.367471379 0.256719679 0.056925312 0.964807987 -1.884522451
0 0.487927990 0.867427595 0.500000000 0.500000000 0.000000000 0.000000000 0.965518355 0.041299973 -0.257038146 0.283539672 -0.054486383 0.997527361 -0.044389322 0.368459229 0.254569292 0.056863785 0.965381265 -1.889308540
