0 0.489792542 0.870742285 0.500000000 0.500000000 0.000000000 0.000000000 0.811243713 -0.012660124 -0.584571064 -0.359620458 -0.057791438 0.993134141 -0.101709001 0.046169087 0.581845164 0.116293989 0.804942191 -0.866140030
0 0.489792542 0.870742285 0.500000000 0.500000000 0.000000000 0.000000000 0.809192836 -0.013288383 -0.587392926 -0.364721350 -0.057919931 0.993070424 -0.102256417 0.047746737 0.584681332 0.116766907 0.802815795 -0.880988299
0 0.489792542 0.870742285 0.500000000 0.500000000 0.000000000 0.000000000 0.807142794 -0.013898003 -0.590192616 -0.369118597 -0.058086328 0.993002355 -0.102821879 0.049496926 0.587491691 0.117274061 0.800687432 -0.894693746
0 0.489792542 0.870742285 0.500000000 0.500000000 0.000000000 0.000000000 0.805186331 -0.014377721 -0.592847586 -0.373919481 -0.058324099 0.992939353 -0.103294626 0.051325605 0.590146840 0.117748722 0.798662603 -0.907998734
0 0.489792542 0.870742285 0.500000000 0.500000000 0.000000000 0.000000000 0.803126276 -0.014917213 -0.595622122 -0.377836311 -0.058447085 0.992892385 -0.103675760 0.052390635 0.592935205 0.118077099 0.796546042 -0.923748305
0 0.489792542 0.870742285 0.500000000 0.500000000 0.000000000 0.000000000 0.801070392 -0.015417233 -0.598371565 -0.381041265 -0.058526654 0.992860675 -0.103933975 0.052866058 0.595701993 0.118279114 0.794448972 -0.937382417
0 0.489792542 0.870742285 0.500000000 0.500000000 0.000000000 0.000000000 0.799121618 -0.016065473 -0.600954652 -0.384314584 -0.058550086 0.992810607 -0.104398251 0.053843021 0.598311365 0.118612848 0.792435825 -0.951048597
0 0.489792542 0.870742285 0.500000000 0.500000000 0.000000000 0.000000000 0.797135174 -0.016332822 -0.603579938 -0.387542113 -0.058850635 0.992772937 -0.104587130 0.054410444 0.600926042 0.118891142 0.790413022 -0.964801671
0 0.489792542 0.870742285 0.500000000 0.500000000 0.000000000 0.000000000 0.795082986 -0.016804928 -0.606267810 -0.389527366 -0.058983043 0.992735267 -0.104869924 0.054114221 0.603625774 0.119139813 0.788315713 -0.978901039
0 0.489792542 0.870742285 0.500000000 0.500000000 0.000000000 0.000000000 0.793051362 -0.017102545 -0.608914614 -0.391686752 -0.059226103 0.992705107 -0.105018213 0.054141566 0.606268764 0.119348481 0.786253214 -0.992368714
0 0.489792542 0.870742285 0.500000000 0.500000000 0.000000000 0.000000000 0.790819407 -0.017368661 -0.611803055 -0.392608662 -0.059559125 0.992669404 -0.105167583 0.054548409 0.609144807 0.119607024 0.783987761 -1.006503001
0 0.489792542 0.870742285 0.500000000 0.500000000 0.000000000 0.000000000 0.788748980 -0.017762760 -0.614458740 -0.393623464 -0.059908532 0.992602885 -0.105595633 0.055692850 0.611789227 0.120099768 0.781850398 -1.020402246
0 0.489792542 0.870742285 0.500000000 0.500000000 0.000000000 0.000000000 0.786770344 -0.017836468 -0.616988122 -0.394995109 -0.060434770 0.992553651 -0.105758816 0.057003139 0.614280164 0.120495431 0.779833794 -1.033611869
0 0.489792542 0.870742285 0.500000000 0.500000000 0.000000000 0.000000000 0.784872532 -0.017851492 -0.619400084 -0.396685576 -0.061082516 0.992487729 -0.106004797 0.058938132 0.616639316 0.121034764 0.777885914 -1.047370997
0 0.489792542 0.870742285 0.500000000 0.500000000 0.000000000 0.000000000 0.783009648 -0.018082956 -0.621746659 -0.397654033 -0.061422329 0.992443979 -0.106217854 0.059594705 0.618969440 0.121358737 0.775982499 -1.060896209
0 0.489792542 0.870742285 0.500000000 0.500000000 0.000000000 0.000000000 0.781469345 -0.018212955 -0.623677790 -0.400631231 -0.061820149 0.992395341 -0.106441185 0.060704110 0.620873570 0.121736377 0.774400592 -1.074211033
0 0.489792542 0.870742285 0.500000000 0.500000000 0.000000000 0.000000000 0.779887438 -0.018386945 -0.625649631 -0.402167268 -0.062269669 0.992330432 -0.106783822 0.062116183 0.622814596 0.122238360 0.772761106 -1.088122213
0 0.489792542 0.870742285 0.500000000 0.500000000 0.000000000 0.000000000 0.778361738 -0.018282782 -0.627549827 -0.403797537 -0.063031964 0.992249608 -0.107087523 0.064348579 0.624643922 0.122908525 0.771176696 -1.101057401
0 0.489792542 0.870742285 0.500000000 0.500000000 0.000000000 0.000000000 0.777067125 -0.018597396 -0.629142880 -0.404947539 -0.063281558 0.992190242 -0.107489377 0.065696894 0.626228452 0.123339608 0.769821584 -1.115665575
0 0.489792542 0.870742285 0.500000000 0.500000000 0.000000000 0.000000000 0.775999606 -0.018720424 -0.630455494 -0.408453261 -0.063754514 0.992111921 -0.107931867 0.067776853 0.627502918 0.123949476 0.768684983 -1.131723094
0 0.489792542 0.870742285 0.500000000 0.500000000 0.000000000 0.000000000 0.774831593 -0.018860904 -0.631886244 -0.410028242 -0.064224012 0.992034554 -0.108363584 0.069742609 0.628896892 0.124545798 0.767448425 -1.145660780
0 0.489792542 0.870742285 0.500000000 0.500000000 0.000000000 0.000000000 0.773637474 -0.018793778 -0.633349717 -0.411485171 -0.064794734 0.991973579 -0.108582295 0.071174092 0.630306840 0.125041068 0.766210198 -1.159419841
0 0.489792542 0.870742285 0.500000000 0.500000000 0.000000000 0.000000000 0.772486508 -0.018312506 -0.634767056 -0.413083418 -0.065708973 0.991913557 -0.108581118 0.073087582 0.631622434 0.125587344 0.765036583 -1.173847871
0 0.489792542 0.870742285 0.500000000 0.500000000 0.000000000 0.000000000 0.771574378 -0.018502936 -0.635869980 -0.414900203 -0.066206552 0.991812885 -0.109196432 0.075568900 0.632684469 0.126351923 0.764032423 -1.191149634
0 0.489792542 0.870742285 0.500000000 0.500000000 0.000000000 0.000000000 0.770982981 -0.018690731 -0.636581361 -0.418659683 -0.066654101 0.991711378 -0.109844543 0.078919045 0.633358061 0.127119035 0.763346791 -1.208148668
0 0.489792542 0.870742285 0.500000000 0.500000000 0.000000000 0.000000000 0.770257413 -0.018564543 -0.637462854 -0.421360877 -0.067357905 0.991616786 -0.110268123 0.081781823 0.634165943 0.127873003 0.762549698 -1.227277841
0 0.489792542 0.870742285 0.500000000 0.500000000 0.000000000 0.000000000 0.769747257 -0.018371031 -0.638084352 -0.424456163 -0.067958236 0.991546869 -0.110528342 0.083861280 0.634721041 0.128441975 0.761992037 -1.246158588
0 0.489792542 0.870742285 0.500000000 0.500000000 0.000000000 0.000000000 0.769249082 -0.018110419 -0.638692260 -0.427568784 -0.068481088 0.991503537 -0.110594042 0.085913123 0.635268569 0.128812715 0.761473000 -1.264461824
0 0.489792542 0.870742285 0.500000000 0.500000000 0.000000000 0.000000000 0.768812299 -0.018054418 -0.639219582 -0.430937273 -0.068787694 0.991466403 -0.110736869 0.087423848 0.635764003 0.129106313 0.761009634 -1.283615759
0 0.489792542 0.870742285 0.500000000 0.500000000 0.000000000 0.000000000 0.768504083 -0.017967243 -0.639592588 -0.434348337 -0.069202960 0.991407931 -0.111001320 0.089550145 0.636091530 0.129566669 0.760657609 -1.301788406
0 0.489792542 0.870742285 0.500000000 0.500000000 0.000000000 0.000000000 0.768363416 -0.017835863 -0.639765203 -0.438609951 -0.069610707 0.991352558 -0.111240737 0.092023407 0.636216938 0.130007818 0.760477483 -1.318943139
0 0.489792542 0.870742285 0.500000000 0.500000000 0.000000000 0.000000000 0.768115759 -0.017751193 -0.640064895 -0.441718374 -0.069750309 0.991347492 -0.111197963 0.092852310 0.636500657 0.130057633 0.760231495 -1.334411420
0 0.489792542 0.870742285 0.500000000 0.500000000 0.000000000 0.000000000 0.767959893 -0.017464206 -0.640259802 -0.444915699 -0.070007995 0.991350234 -0.111011937 0.093307429 0.636660397 0.130076021 0.760094583 -1.349627700
0 0.489792542 0.870742285 0.500000000 0.500000000 0.000000000 0.000000000 0.767914891 -0.016966531 -0.640327156 -0.448806511 -0.070417270 0.991354346 -0.110715769 0.094312281 0.636669576 0.130110383 0.760080993 -1.365831154
0 0.489792542 0.870742285 0.500000000 0.500000000 0.000000000 0.000000000 0.767923534 -0.016497498 -0.640329063 -0.452705404 -0.070743009 0.991368473 -0.110381246 0.095400255 0.636623025 0.130063161 0.760128081 -1.381570727
0 0.489792542 0.870742285 0.500000000 0.500000000 0.000000000 0.000000000 0.767860711 -0.016532019 -0.640403509 -0.456258109 -0.070698477 0.991373837 -0.110361658 0.096092576 0.636703730 0.130017936 0.760068178 -1.398184275
0 0.489792542 0.870742285 0.500000000 0.500000000 0.000000000 0.000000000 0.767782152 -0.016405702 -0.640500903 -0.460083003 -0.070717521 0.991394401 -0.110164054 0.096505977 0.636796355 0.129876629 0.760014772 -1.414839878
0 0.489792542 0.870742285 0.500000000 0.500000000 0.000000000 0.000000000 0.767466724 -0.016861301 -0.640866995 -0.462532330 -0.070352063 0.991401553 -0.110333636 0.096886321 0.637216926 0.129763708 0.759681463 -1.431924106
0 0.489792542 0.870742285 0.500000000 0.500000000 0.000000000 0.000000000 0.767285526 -0.017146513 -0.641076386 -0.465303370 -0.070099317 0.991410255 -0.110416509 0.098106869 0.637462974 0.129660010 0.759492755 -1.451421342
0 0.489792542 0.870742285 0.500000000 0.500000000 0.000000000 0.000000000 0.766939521 -0.017182300 -0.641489327 -0.466636704 -0.070042506 0.991427720 -0.110295482 0.098946030 0.637885451 0.129521489 0.759161592 -1.471162658
0 0.489792542 0.870742285 0.500000000 0.500000000 0.000000000 0.000000000 0.766644537 -0.017568210 -0.641831338 -0.467978318 -0.069696143 0.991441905 -0.110387303 0.099806330 0.638277829 0.129360989 0.758859098 -1.493187642
0 0.489792542 0.870742285 0.500000000 0.500000000 0.000000000 0.000000000 0.766444385 -0.017797505 -0.642064035 -0.469452930 -0.069500595 0.991449058 -0.110446401 0.101111787 0.638539433 0.129274860 0.758653641 -1.514792385
0 0.489792542 0.870742285 0.500000000 0.500000000 0.000000000 0.000000000 0.766164660 -0.018159362 -0.642387688 -0.470625820 -0.069162443 0.991464972 -0.110516116 0.101759045 0.638911724 0.129102647 0.758369505 -1.534010458
0 0.489792542 0.870742285 0.500000000 0.500000000 0.000000000 0.000000000 0.765827298 -0.018451413 -0.642781496 -0.471143403 -0.068959095 0.991467476 -0.110620387 0.103054316 0.639338076 0.129041746 0.758020520 -1.549820336
0 0.489792542 0.870742285 0.500000000 0.500000000 0.000000000 0.000000000 0.765737772 -0.018373201 -0.642890394 -0.473606753 -0.068966456 0.991482556 -0.110480621 0.104215721 0.639444470 0.128937066 0.757948518 -1.563803080
0 0.489792542 0.870742285 0.500000000 0.500000000 0.000000000 0.000000000 0.765527070 -0.018621953 -0.643134117 -0.474235041 -0.068726510 0.991495430 -0.110514402 0.105475863 0.639722586 0.128802136 0.757736802 -1.580193379
0 0.489792542 0.870742285 0.500000000 0.500000000 0.000000000 0.000000000 0.765426278 -0.018949196 -0.643244565 -0.475654475 -0.068620183 0.991464078 -0.110861629 0.108041011 0.639854610 0.128995970 0.757592320 -1.597227290
0 0.489792542 0.870742285 0.500000000 0.500000000 0.000000000 0.000000000 0.765288532 -0.019401450 -0.643394887 -0.476781610 -0.068440683 0.991426945 -0.111303322 0.110789234 0.640038490 0.129213557 0.757399857 -1.614235156
0 0.489792542 0.870742285 0.500000000 0.500000000 0.000000000 0.000000000 0.765448213 -0.019669766 -0.643196821 -0.480186320 -0.068347022 0.991393805 -0.111655697 0.113297527 0.639857590 0.129427239 0.757516205 -1.630365864
0 0.489792542 0.870742285 0.500000000 0.500000000 0.000000000 0.000000000 0.765604794 -0.019692566 -0.643009782 -0.482820781 -0.068354249 0.991382897 -0.111748248 0.115243120 0.639669478 0.129507437 0.757661402 -1.647094797
0 0.489792542 0.870742285 0.500000000 0.500000000 0.000000000 0.000000000 0.765850604 -0.019521113 -0.642722189 -0.486139287 -0.068593696 0.991355479 -0.111844413 0.118151662 0.639349461 0.129742801 0.757891178 -1.661755974
0 0.489792542 0.870742285 0.500000000 0.500000000 0.000000000 0.000000000 0.766048551 -0.019885693 -0.642475009 -0.488532715 -0.068369977 0.991330385 -0.112203598 0.120174554 0.639136255 0.129879415 0.758047640 -1.676644965
0 0.489792542 0.870742285 0.500000000 0.500000000 0.000000000 0.000000000 0.766422033 -0.020218987 -0.642019033 -0.492139038 -0.068109445 0.991311729 -0.112526104 0.122021338 0.638716161 0.129970044 0.758386075 -1.691747971
0 0.489792542 0.870742285 0.500000000 0.500000000 0.000000000 0.000000000 0.766707599 -0.020614386 -0.641665399 -0.494119502 -0.067946650 0.991265237 -0.113033265 0.124681473 0.638390720 0.130262479 0.758609891 -1.704205919
0 0.489792542 0.870742285 0.500000000 0.500000000 0.000000000 0.000000000 0.766809702 -0.020785119 -0.641537905 -0.495811937 -0.067861043 0.991248906 -0.113227494 0.126355480 0.638277233 0.130359367 0.758688748 -1.717088937
0 0.489792542 0.870742285 0.500000000 0.500000000 0.000000000 0.000000000 0.767104447 -0.021122919 -0.641174376 -0.498822770 -0.067575328 0.991236925 -0.113502897 0.127176746 0.637953222 0.130396143 0.758954883 -1.730807917
0 0.489792542 0.870742285 0.500000000 0.500000000 0.000000000 0.000000000 0.767072320 -0.021250216 -0.641208589 -0.499775723 -0.067657851 0.991198659 -0.113787703 0.129413492 0.637983084 0.130666196 0.758883297 -1.742804642
0 0.489792542 0.870742285 0.500000000 0.500000000 0.000000000 0.000000000 0.767006576 -0.021224566 -0.641288102 -0.499701887 -0.067868181 0.991162479 -0.113977380 0.131793110 0.638039827 0.130944461 0.758787692 -1.754762200
0 0.489792542 0.870742285 0.500000000 0.500000000 0.000000000 0.000000000 0.767145276 -0.020597737 -0.641142607 -0.501944711 -0.068511121 0.991136611 -0.113817364 0.135644649 0.637804270 0.131239846 0.758934617 -1.769628923
0 0.489792542 0.870742285 0.500000000 0.500000000 0.000000000 0.000000000 0.767581403 -0.020550836 -0.640621960 -0.505689431 -0.068529472 0.991125226 -0.113905564 0.137949578 0.637277424 0.131333277 0.759360969 -1.788236132
0 0.489792542 0.870742285 0.500000000 0.500000000 0.000000000 0.000000000 0.768173635 -0.021130817 -0.639892757 -0.509990382 -0.068161644 0.991075873 -0.114553913 0.139912200 0.636602938 0.131613433 0.759878039 -1.807641890
0 0.489792542 0.870742285 0.500000000 0.500000000 0.000000000 0.000000000 0.768459857 -0.021963136 -0.639521003 -0.511465206 -0.067696504 0.991011977 -0.115379751 0.142547017 0.636307061 0.131958038 0.760066032 -1.824099451
0 0.489792542 0.870742285 0.500000000 0.500000000 0.000000000 0.000000000 0.768895626 -0.022262301 -0.638986647 -0.514633152 -0.067640819 0.990953028 -0.115917325 0.146315787 0.635786355 0.132349908 0.760433614 -1.838999543
0 0.489792542 0.870742285 0.500000000 0.500000000 0.000000000 0.000000000 0.769333780 -0.022495300 -0.638450861 -0.517953818 -0.067506179 0.990922153 -0.116259344 0.148285601 0.635270357 0.132541612 0.760831296 -1.853777377
0 0.489792542 0.870742285 0.500000000 0.500000000 0.000000000 0.000000000 0.769806087 -0.022982905 -0.637863934 -0.521188850 -0.067270115 0.990864396 -0.116886817 0.150938553 0.634723067 0.132889360 0.761227369 -1.868782889
0 0.489792542 0.870742285 0.500000000 0.500000000 0.000000000 0.000000000 0.770362079 -0.023006676 -0.637191474 -0.525051540 -0.067319907 0.990828156 -0.117164731 0.154109391 0.634042799 0.133154944 0.761747658 -1.882094251
0 0.489792542 0.870742285 0.500000000 0.500000000 0.000000000 0.000000000 0.770890236 -0.023085402 -0.636549532 -0.528918788 -0.067189440 0.990820646 -0.117303021 0.155374295 0.633414388 0.133197159 0.762262881 -1.895380950
0 0.489792542 0.870742285 0.500000000 0.500000000 0.000000000 0.000000000 0.771425426 -0.023185709 -0.635897160 -0.533227528 -0.067124851 0.990794957 -0.117556907 0.157990860 0.632769346 0.133370891 0.762768090 -1.909075436
0 0.489792542 0.870742285 0.500000000 0.500000000 0.000000000 0.000000000 0.772196293 -0.023312753 -0.634956181 -0.539091003 -0.066945560 0.990779102 -0.117792226 0.160137625 0.631847441 0.133466214 0.763515294 -1.924614664
0 0.489792542 0.870742285 0.500000000 0.500000000 0.000000000 0.000000000 0.772893429 -0.023369597 -0.634105325 -0.543869849 -0.066739812 0.990784705 -0.117862128 0.161051437 0.631016254 0.133414939 0.764211297 -1.940330233
0 0.489792542 0.870742285 0.500000000 0.500000000 0.000000000 0.000000000 0.773863673 -0.023209048 -0.632926822 -0.550047916 -0.066721141 0.990780294 -0.117909580 0.162887841 0.629828036 0.133475542 0.765180349 -1.952495474
0 0.489792542 0.870742285 0.500000000 0.500000000 0.000000000 0.000000000 0.774922788 -0.022886407 -0.631641448 -0.556586151 -0.066844136 0.990772426 -0.117905907 0.164916532 0.628511429 0.133589491 0.766242325 -1.965172084
0 0.489792542 0.870742285 0.500000000 0.500000000 0.000000000 0.000000000 0.776260972 -0.022587685 -0.630006909 -0.565001589 -0.066774786 0.990789831 -0.117799208 0.165504367 0.626865208 0.133511499 0.767603219 -1.977919658
0 0.489792542 0.870742285 0.500000000 0.500000000 0.000000000 0.000000000 0.777484834 -0.021885332 -0.628520727 -0.572813214 -0.067022026 0.990819633 -0.117407456 0.166546681 0.625320196 0.133407250 0.768880427 -1.988943206
0 0.489792542 0.870742285 0.500000000 0.500000000 0.000000000 0.000000000 0.778886020 -0.020826867 -0.626819611 -0.582244381 -0.067410924 0.990878224 -0.116687976 0.167379286 0.623532176 0.133141115 0.770377219 -2.000057292
0 0.489792542 0.870742285 0.500000000 0.500000000 0.000000000 0.000000000 0.780206442 -0.020315584 -0.625192106 -0.590782619 -0.067319021 0.990940511 -0.116211116 0.167046106 0.621889114 0.132755980 0.771770597 -2.010589719
0 0.489792542 0.870742285 0.500000000 0.500000000 0.000000000 0.000000000 0.781820536 -0.019923037 -0.623185158 -0.601323396 -0.066964850 0.991025031 -0.115693904 0.166453854 0.619897068 0.132183373 0.773469567 -2.020770872
0 0.489792542 0.870742285 0.500000000 0.500000000 0.000000000 0.000000000 0.783572435 -0.019199720 -0.621003747 -0.612685689 -0.066950530 0.991092980 -0.115118943 0.166989500 0.617682695 0.131780565 0.775307655 -2.031640707
0 0.489792542 0.870742285 0.500000000 0.500000000 0.000000000 0.000000000 0.785465658 -0.018702686 -0.618622601 -0.624018709 -0.066729762 0.991157293 -0.114692286 0.166814542 0.615297377 0.131367385 0.777271986 -2.043283260
0 0.489792542 0.870742285 0.500000000 0.500000000 0.000000000 0.000000000 0.787579954 -0.018732119 -0.615927696 -0.636443393 -0.066326462 0.991153955 -0.114954747 0.168414339 0.612632513 0.131388366 0.779370606 -2.052961654
0 0.489792542 0.870742285 0.500000000 0.500000000 0.000000000 0.000000000 0.789785504 -0.018792003 -0.613095224 -0.649483238 -0.065651134 0.991199195 -0.114952669 0.168683672 0.609859645 0.131038338 0.781601012 -2.062935672
