0 0.501128989 0.890896010 0.500000000 0.500000000 0.000000000 0.000000000 0.999236047 0.007159865 -0.038420279 -0.218521088 -0.007285773 0.999968529 -0.003138128 -0.001854330 0.038396601 0.003415652 0.999256730 -0.009341874
0 0.501128989 0.890896010 0.500000000 0.500000000 0.000000000 0.000000000 0.999192059 0.007296396 -0.039521366 -0.222549428 -0.007442429 0.999966025 -0.003549158 -0.001238315 0.039494127 0.003840426 0.999212444 -0.009753222
0 0.501128989 0.890896010 0.500000000 0.500000000 0.000000000 0.000000000 0.999146998 0.007460040 -0.040616143 -0.226225719 -0.007595739 0.999966085 -0.003187723 -0.001760321 0.040590987 0.003493513 0.999169767 -0.010054314
0 0.501128989 0.890896010 0.500000000 0.500000000 0.000000000 0.000000000 0.999105752 0.007585734 -0.041594774 -0.230022144 -0.007731192 0.999964535 -0.003337285 -0.001593333 0.041567985 0.003655878 0.999128997 -0.010536916
0 0.501128989 0.890896010 0.500000000 0.500000000 0.000000000 0.000000000 0.999064982 0.007779213 -0.042528208 -0.233817689 -0.007934053 0.999962509 -0.003473305 -0.001536813 0.042499594 0.003807478 0.999089241 -0.010857054
0 0.501128989 0.890896010 0.500000000 0.500000000 0.000000000 0.000000000 0.999027669 0.007938243 -0.043367136 -0.237608746 -0.008079999 0.999962568 -0.003094424 -0.002011689 0.043340947 0.003441822 0.999054432 -0.011214266
0 0.501128989 0.890896010 0.500000000 0.500000000 0.000000000 0.000000000 0.998989224 0.008061833 -0.044221360 -0.241450459 -0.008209651 0.999961317 -0.003162098 -0.001926412 0.044194158 0.003521943 0.999016762 -0.011510558
0 0.501128989 0.890896010 0.500000000 0.500000000 0.000000000 0.000000000 0.998946071 0.008203320 -0.045159891 -0.245322159 -0.008360723 0.999959588 -0.003297675 -0.001826319 0.045131013 0.003671769 0.998974323 -0.011932810
0 0.501128989 0.890896010 0.500000000 0.500000000 0.000000000 0.000000000 0.998906374 0.008308620 -0.046011675 -0.249504586 -0.008472777 0.999958396 -0.003373834 -0.001716298 0.045981731 0.003759991 0.998935223 -0.012136969
0 0.501128989 0.890896010 0.500000000 0.500000000 0.000000000 0.000000000 0.998865545 0.008559823 -0.046843316 -0.254135422 -0.008713661 0.999957263 -0.003080882 -0.002298361 0.046814945 0.003485564 0.998897493 -0.012633110
0 0.501128989 0.890896010 0.500000000 0.500000000 0.000000000 0.000000000 0.998799503 0.008805450 -0.048187807 -0.258381663 -0.008958333 0.999955475 -0.002957589 -0.002754240 0.048159622 0.003385721 0.998833895 -0.013126797
0 0.501128989 0.890896010 0.500000000 0.500000000 0.000000000 0.000000000 0.998731375 0.009044184 -0.049536847 -0.262941450 -0.009200852 0.999953389 -0.002935535 -0.002821624 0.049507987 0.003387592 0.998767972 -0.013486224
0 0.501128989 0.890896010 0.500000000 0.500000000 0.000000000 0.000000000 0.998673439 0.009228313 -0.050658200 -0.268107214 -0.009390981 0.999951482 -0.002973994 -0.002783881 0.050628297 0.003445779 0.998711646 -0.014160206
0 0.501128989 0.890896010 0.500000000 0.500000000 0.000000000 0.000000000 0.998609364 0.009416919 -0.051871710 -0.272653473 -0.009597292 0.999948740 -0.003229304 -0.002500466 0.051838640 0.003722641 0.998648524 -0.014536206
0 0.501128989 0.890896010 0.500000000 0.500000000 0.000000000 0.000000000 0.998551488 0.009724678 -0.052918319 -0.278074611 -0.009902212 0.999946177 -0.003093699 -0.002911882 0.052885387 0.003613226 0.998594046 -0.015052556
0 0.501128989 0.890896010 0.500000000 0.500000000 0.000000000 0.000000000 0.998482585 0.009911884 -0.054169148 -0.283185997 -0.010087143 0.999944746 -0.002962949 -0.003064189 0.054136787 0.003504865 0.998527408 -0.015515134
0 0.501128989 0.890896010 0.500000000 0.500000000 0.000000000 0.000000000 0.998403966 0.010102388 -0.055564746 -0.287643917 -0.010285118 0.999942601 -0.003003610 -0.003013512 0.055531211 0.003570306 0.998450577 -0.016279032
0 0.501128989 0.890896010 0.500000000 0.500000000 0.000000000 0.000000000 0.998346567 0.010213670 -0.056566615 -0.293054848 -0.010407263 0.999940932 -0.003128854 -0.002849310 0.056531318 0.003712384 0.998393953 -0.016593823
0 0.501128989 0.890896010 0.500000000 0.500000000 0.000000000 0.000000000 0.998264134 0.010482386 -0.057955779 -0.298183357 -0.010675659 0.999938428 -0.003026218 -0.003119922 0.057920489 0.003639681 0.998314559 -0.017188557
0 0.501128989 0.890896010 0.500000000 0.500000000 0.000000000 0.000000000 0.998191833 0.010624261 -0.059161935 -0.304432432 -0.010832048 0.999936223 -0.003192590 -0.002870489 0.059124246 0.003827662 0.998243272 -0.017730374
0 0.501128989 0.890896010 0.500000000 0.500000000 0.000000000 0.000000000 0.998094678 0.010872590 -0.060735658 -0.309839991 -0.011058277 0.999935150 -0.002722010 -0.003565400 0.060702123 0.003388456 0.998150170 -0.018336837
0 0.501128989 0.890896010 0.500000000 0.500000000 0.000000000 0.000000000 0.998009145 0.011065708 -0.062090866 -0.315371541 -0.011236356 0.999934018 -0.002399827 -0.004119155 0.062060215 0.003092724 0.998067617 -0.018867377
0 0.501128989 0.890896010 0.500000000 0.500000000 0.000000000 0.000000000 0.997918963 0.011293264 -0.063484319 -0.320834541 -0.011457749 0.999931872 -0.002227472 -0.004407349 0.063454837 0.002950224 0.997980356 -0.019374240
0 0.501128989 0.890896010 0.500000000 0.500000000 0.000000000 0.000000000 0.997835398 0.011454849 -0.064755559 -0.326136475 -0.011635890 0.999929368 -0.002419307 -0.004129314 0.064723276 0.003167558 0.997898221 -0.019905012
0 0.501128989 0.890896010 0.500000000 0.500000000 0.000000000 0.000000000 0.997740865 0.011663882 -0.066159502 -0.331169752 -0.011852636 0.999926746 -0.002461209 -0.004113662 0.066125944 0.003239813 0.997806013 -0.020454877
0 0.501128989 0.890896010 0.500000000 0.500000000 0.000000000 0.000000000 0.997644007 0.011878627 -0.067567661 -0.335826691 -0.012069765 0.999924242 -0.002421292 -0.004085926 0.067533784 0.003231113 0.997711778 -0.021059038
0 0.501128989 0.890896010 0.500000000 0.500000000 0.000000000 0.000000000 0.997547150 0.011973131 -0.068965845 -0.340062990 -0.012198648 0.999921560 -0.002849762 -0.003512115 0.068926312 0.003684062 0.997614980 -0.021498844
0 0.501128989 0.890896010 0.500000000 0.500000000 0.000000000 0.000000000 0.997451544 0.012226428 -0.070292048 -0.344608068 -0.012454021 0.999918520 -0.002800454 -0.003666395 0.070252083 0.003668736 0.997522533 -0.021939690
0 0.501128989 0.890896010 0.500000000 0.500000000 0.000000000 0.000000000 0.997381687 0.012320158 -0.071260333 -0.349353063 -0.012565657 0.999916553 -0.002997831 -0.003448334 0.071217455 0.003885414 0.997453272 -0.022459550
0 0.501128989 0.890896010 0.500000000 0.500000000 0.000000000 0.000000000 0.997327328 0.012505765 -0.071984552 -0.354317132 -0.012749822 0.999914408 -0.002931899 -0.003532359 0.071941726 0.003841853 0.997401416 -0.022800202
0 0.501128989 0.890896010 0.500000000 0.500000000 0.000000000 0.000000000 0.997227728 0.012633195 -0.073330030 -0.357856859 -0.012885591 0.999912560 -0.002969827 -0.003474545 0.073286101 0.003906494 0.997303307 -0.023227694
0 0.501128989 0.890896010 0.500000000 0.500000000 0.000000000 0.000000000 0.997167528 0.012744617 -0.074124604 -0.362072068 -0.013008748 0.999910653 -0.003081613 -0.003330512 0.074078709 0.004037153 0.997244239 -0.023654707
0 0.501128989 0.890896010 0.500000000 0.500000000 0.000000000 0.000000000 0.997093797 0.012902564 -0.075083248 -0.365745882 -0.013151220 0.999909520 -0.002818238 -0.003729882 0.075040095 0.003797483 0.997173309 -0.024055814
0 0.501128989 0.890896010 0.500000000 0.500000000 0.000000000 0.000000000 0.997014046 0.013039503 -0.076111220 -0.368991797 -0.013324039 0.999906003 -0.003231804 -0.003146126 0.076061927 0.004236263 0.997094095 -0.024449697
0 0.501128989 0.890896010 0.500000000 0.500000000 0.000000000 0.000000000 0.996944606 0.013158868 -0.076995142 -0.372471163 -0.013438755 0.999904811 -0.003118099 -0.003314228 0.076946788 0.004143291 0.997026563 -0.024848359
0 0.501128989 0.890896010 0.500000000 0.500000000 0.000000000 0.000000000 0.996868014 0.013349840 -0.077948719 -0.375880414 -0.013616072 0.999903142 -0.002884954 -0.003623446 0.077902652 0.003937274 0.996953189 -0.025212305
0 0.501128989 0.890896010 0.500000000 0.500000000 0.000000000 0.000000000 0.996805191 0.013436062 -0.078732856 -0.379511771 -0.013714119 0.999901474 -0.002991982 -0.003529313 0.078684896 0.004062174 0.996891260 -0.025652936
0 0.501128989 0.890896010 0.500000000 0.500000000 0.000000000 0.000000000 0.996713400 0.013587393 -0.079861179 -0.383012806 -0.013867986 0.999899447 -0.002959897 -0.003591195 0.079812929 0.004057683 0.996801615 -0.026016777
0 0.501128989 0.890896010 0.500000000 0.500000000 0.000000000 0.000000000 0.996641576 0.013754643 -0.080724262 -0.386918963 -0.014062310 0.999895871 -0.003244021 -0.003181814 0.080671236 0.004368296 0.996731222 -0.026370457
0 0.501128989 0.890896010 0.500000000 0.500000000 0.000000000 0.000000000 0.996570349 0.013849122 -0.081582911 -0.390748642 -0.014143120 0.999895394 -0.003026865 -0.003475763 0.081532463 0.004170320 0.996661961 -0.026788191
0 0.501128989 0.890896010 0.500000000 0.500000000 0.000000000 0.000000000 0.996479392 0.014146966 -0.082635790 -0.393738419 -0.014433484 0.999891698 -0.002870849 -0.003695252 0.082586221 0.004053464 0.996575654 -0.027212541
0 0.501128989 0.890896010 0.500000000 0.500000000 0.000000000 0.000000000 0.996403217 0.014149064 -0.083548695 -0.396618651 -0.014443327 0.999891400 -0.002918647 -0.003635622 0.083498329 0.004114871 0.996499419 -0.027692048
0 0.501128989 0.890896010 0.500000000 0.500000000 0.000000000 0.000000000 0.996350706 0.014249857 -0.084156230 -0.400679653 -0.014555742 0.999889493 -0.003022259 -0.003505576 0.084103860 0.004236186 0.996447980 -0.027898436
0 0.501128989 0.890896010 0.500000000 0.500000000 0.000000000 0.000000000 0.996257782 0.014431170 -0.085218526 -0.403756732 -0.014716169 0.999888003 -0.002717055 -0.003922272 0.085169777 0.003960978 0.996358573 -0.028205110
0 0.501128989 0.890896010 0.500000000 0.500000000 0.000000000 0.000000000 0.996194661 0.014528975 -0.085936919 -0.407359740 -0.014837099 0.999885559 -0.002947819 -0.003630704 0.085884258 0.004211656 0.996296227 -0.028602161
0 0.501128989 0.890896010 0.500000000 0.500000000 0.000000000 0.000000000 0.996096015 0.014770330 -0.087031998 -0.410492744 -0.015075052 0.999882340 -0.002845015 -0.003770365 0.086979732 0.004145920 0.996201456 -0.029043559
0 0.501128989 0.890896010 0.500000000 0.500000000 0.000000000 0.000000000 0.996029854 0.014885104 -0.087766580 -0.414469068 -0.015201426 0.999880135 -0.002936811 -0.003654662 0.087712348 0.004259329 0.996136725 -0.029368662
0 0.501128989 0.890896010 0.500000000 0.500000000 0.000000000 0.000000000 0.995943964 0.015063205 -0.088705763 -0.418296007 -0.015385045 0.999877334 -0.002945535 -0.003669982 0.088650510 0.004298330 0.996053517 -0.029798038
0 0.501128989 0.890896010 0.500000000 0.500000000 0.000000000 0.000000000 0.995844960 0.015167695 -0.089793108 -0.421989122 -0.015499279 0.999875367 -0.002996603 -0.003610378 0.089736469 0.004375881 0.995955944 -0.030236804
0 0.501128989 0.890896010 0.500000000 0.500000000 0.000000000 0.000000000 0.995759308 0.015419873 -0.090695001 -0.426032259 -0.015734427 0.999872386 -0.002754241 -0.004000985 0.090640955 0.004169595 0.995874882 -0.030618436
0 0.501128989 0.890896010 0.500000000 0.500000000 0.000000000 0.000000000 0.995649338 0.015638126 -0.091857828 -0.429409520 -0.015964741 0.999868572 -0.002821885 -0.003899117 0.091801628 0.004276094 0.995768130 -0.031164075
0 0.501128989 0.890896010 0.500000000 0.500000000 0.000000000 0.000000000 0.995581448 0.015762076 -0.092569418 -0.433205194 -0.016113214 0.999865532 -0.003047017 -0.003627444 0.092508942 0.004525144 0.995701551 -0.031483124
0 0.501128989 0.890896010 0.500000000 0.500000000 0.000000000 0.000000000 0.995509505 0.015851775 -0.093324937 -0.437056004 -0.016216606 0.999863505 -0.003152155 -0.003472783 0.093262233 0.004651414 0.995630741 -0.031857465
0 0.501128989 0.890896010 0.500000000 0.500000000 0.000000000 0.000000000 0.995406926 0.015952464 -0.094395906 -0.440107951 -0.016317105 0.999862075 -0.003092255 -0.003562479 0.094333559 0.004618319 0.995529950 -0.032270457
0 0.501128989 0.890896010 0.500000000 0.500000000 0.000000000 0.000000000 0.995311320 0.016110674 -0.095372155 -0.443768786 -0.016501959 0.999858320 -0.003315396 -0.003179864 0.095305234 0.004873678 0.995436192 -0.032750400
0 0.501128989 0.890896010 0.500000000 0.500000000 0.000000000 0.000000000 0.995223522 0.016399652 -0.096235275 -0.448040527 -0.016759446 0.999855280 -0.002931521 -0.003780954 0.096173264 0.004530368 0.995354295 -0.033088759
0 0.501128989 0.890896010 0.500000000 0.500000000 0.000000000 0.000000000 0.995131373 0.016526485 -0.097161740 -0.452731752 -0.016959209 0.999849617 -0.003629436 -0.002860325 0.097087145 0.005259552 0.995261967 -0.033520430
0 0.501128989 0.890896010 0.500000000 0.500000000 0.000000000 0.000000000 0.994971812 0.016779980 -0.098739460 -0.456642732 -0.017166780 0.999847949 -0.003069051 -0.003782645 0.098672949 0.004748658 0.995108604 -0.034229674
0 0.501128989 0.890896010 0.500000000 0.500000000 0.000000000 0.000000000 0.994848192 0.016956225 -0.099947818 -0.461214418 -0.017388629 0.999842823 -0.003456657 -0.003215350 0.099873498 0.005176804 0.994986653 -0.034736107
0 0.501128989 0.890896010 0.500000000 0.500000000 0.000000000 0.000000000 0.994749904 0.017068941 -0.100902304 -0.465906128 -0.017486399 0.999841809 -0.003254160 -0.003465723 0.100830801 0.005001493 0.994890988 -0.035103634
0 0.501128989 0.890896010 0.500000000 0.500000000 0.000000000 0.000000000 0.994637787 0.017244674 -0.101971939 -0.470387995 -0.017702714 0.999836862 -0.003588499 -0.003002292 0.101893418 0.005374436 0.994780779 -0.035537881
0 0.501128989 0.890896010 0.500000000 0.500000000 0.000000000 0.000000000 0.994541109 0.017496770 -0.102868266 -0.474942848 -0.017948113 0.999832928 -0.003463562 -0.003200677 0.102790482 0.005290946 0.994688928 -0.035958590
0 0.501128989 0.890896010 0.500000000 0.500000000 0.000000000 0.000000000 0.994431376 0.017595340 -0.103906929 -0.479188322 -0.018047445 0.999831319 -0.003412410 -0.003253800 0.103829354 0.005268662 0.994581163 -0.036389270
0 0.501128989 0.890896010 0.500000000 0.500000000 0.000000000 0.000000000 0.994324625 0.017681899 -0.104909174 -0.482788953 -0.018226745 0.999824882 -0.004236994 -0.002135007 0.104815885 0.006125100 0.994472802 -0.036912825
0 0.501128989 0.890896010 0.500000000 0.500000000 0.000000000 0.000000000 0.994193792 0.017931329 -0.106099859 -0.486220260 -0.018386250 0.999825478 -0.003310996 -0.003455794 0.106021978 0.005242550 0.994349957 -0.037369117
0 0.501128989 0.890896010 0.500000000 0.500000000 0.000000000 0.000000000 0.994068384 0.018187793 -0.107225128 -0.490042373 -0.018655937 0.999820292 -0.003364441 -0.003442251 0.107144669 0.005344870 0.994229078 -0.037868231
0 0.501128989 0.890896010 0.500000000 0.500000000 0.000000000 0.000000000 0.993961811 0.018268177 -0.108195037 -0.494182018 -0.018736955 0.999818921 -0.003317600 -0.003570638 0.108114839 0.005324813 0.994124174 -0.038345107
0 0.501128989 0.890896010 0.500000000 0.500000000 0.000000000 0.000000000 0.993853807 0.018373946 -0.109164886 -0.497708761 -0.018852424 0.999816656 -0.003352521 -0.003512152 0.109083273 0.005389938 0.994018018 -0.038763938
0 0.501128989 0.890896010 0.500000000 0.500000000 0.000000000 0.000000000 0.993746102 0.018556571 -0.110110812 -0.501420331 -0.019055849 0.999812365 -0.003483636 -0.003399554 0.110025510 0.005560105 0.993913233 -0.039203517
0 0.501128989 0.890896010 0.500000000 0.500000000 0.000000000 0.000000000 0.993639052 0.018659735 -0.111055307 -0.505019880 -0.019171691 0.999809921 -0.003543741 -0.003399367 0.110968076 0.005650317 0.993807912 -0.039572910
0 0.501128989 0.890896010 0.500000000 0.500000000 0.000000000 0.000000000 0.993532062 0.018847520 -0.111976668 -0.508334470 -0.019339520 0.999807477 -0.003309103 -0.003760536 0.111892745 0.005453276 0.993705332 -0.040111370
0 0.501128989 0.890896010 0.500000000 0.500000000 0.000000000 0.000000000 0.993443906 0.018885329 -0.112749919 -0.512268416 -0.019406013 0.999805510 -0.003522223 -0.003517688 0.112661466 0.005687158 0.993617177 -0.040324569
0 0.501128989 0.890896010 0.500000000 0.500000000 0.000000000 0.000000000 0.993315518 0.019005269 -0.113855496 -0.515837753 -0.019500308 0.999804616 -0.003235706 -0.003952490 0.113771752 0.005434294 0.993492067 -0.040847327
0 0.501128989 0.890896010 0.500000000 0.500000000 0.000000000 0.000000000 0.993217647 0.019265918 -0.114662647 -0.519694939 -0.019805647 0.999797463 -0.003569610 -0.003601878 0.114570655 0.005816368 0.993398070 -0.041127907
0 0.501128989 0.890896010 0.500000000 0.500000000 0.000000000 0.000000000 0.993117213 0.019354908 -0.115514286 -0.523506264 -0.019884402 0.999796391 -0.003433116 -0.003899578 0.115424320 0.005706419 0.993299901 -0.041521984
0 0.501128989 0.890896010 0.500000000 0.500000000 0.000000000 0.000000000 0.992974460 0.019515347 -0.116708487 -0.526879234 -0.020065913 0.999792397 -0.003544265 -0.003909375 0.116615087 0.005861227 0.993159890 -0.042074658
0 0.501128989 0.890896010 0.500000000 0.500000000 0.000000000 0.000000000 0.992852390 0.019607725 -0.117726944 -0.530503710 -0.020153673 0.999790967 -0.003448640 -0.004076858 0.117634714 0.005796621 0.993040025 -0.042494911
0 0.501128989 0.890896010 0.500000000 0.500000000 0.000000000 0.000000000 0.992751837 0.019851020 -0.118531786 -0.534177056 -0.020384027 0.999786854 -0.003285968 -0.004325953 0.118441291 0.005678306 0.992944837 -0.042892911
0 0.501128989 0.890896010 0.500000000 0.500000000 0.000000000 0.000000000 0.992620349 0.019840261 -0.119629502 -0.537010439 -0.020410506 0.999785423 -0.003543282 -0.004021113 0.119533531 0.005958833 0.992812276 -0.043368631
0 0.501128989 0.890896010 0.500000000 0.500000000 0.000000000 0.000000000 0.992540240 0.020042449 -0.120258600 -0.541072494 -0.020620162 0.999781013 -0.003561326 -0.004027806 0.120160893 0.006014511 0.992736220 -0.043584248
0 0.501128989 0.890896010 0.500000000 0.500000000 0.000000000 0.000000000 0.992431402 0.020217650 -0.121124730 -0.544693837 -0.020730190 0.999780715 -0.002972766 -0.004983302 0.121038064 0.005461205 0.992632866 -0.043991438
