0 0.682232432 1.212857735 0.500000000 0.500000000 0.000000000 0.000000000 0.873107851 0.106195964 -0.475820392 1.605386427 -0.102199636 0.994170606 0.034352444 0.635867274 0.476694733 0.018635280 0.878871381 -2.739704703
0 0.682232432 1.212857735 0.500000000 0.500000000 0.000000000 0.000000000 0.872761071 0.105946809 -0.476511747 1.612538246 -0.102047026 0.994193494 0.034141794 0.641006618 0.477362096 0.018828975 0.878504932 -2.757735599
0 0.682232432 1.212857735 0.500000000 0.500000000 0.000000000 0.000000000 0.872540712 0.106689632 -0.476749480 1.617895596 -0.102782629 0.994110346 0.034356073 0.644845400 0.477607012 0.019024495 0.878367603 -2.776840593
0 0.682232432 1.212857735 0.500000000 0.500000000 0.000000000 0.000000000 0.872057021 0.106615663 -0.477650106 1.625718137 -0.102622911 0.994120657 0.034535315 0.648465906 0.478523850 0.018901082 0.877871096 -2.794030051
0 0.682232432 1.212857735 0.500000000 0.500000000 0.000000000 0.000000000 0.871823132 0.106662154 -0.478066504 1.631148724 -0.102738127 0.994112015 0.034440089 0.653242123 0.478925139 0.019089993 0.877648175 -2.812603322
0 0.682232432 1.212857735 0.500000000 0.500000000 0.000000000 0.000000000 0.871510208 0.107025832 -0.478555530 1.637271246 -0.103085734 0.994071007 0.034585331 0.656961426 0.479419708 0.019190779 0.877375901 -2.831386706
0 0.682232432 1.212857735 0.500000000 0.500000000 0.000000000 0.000000000 0.871182799 0.107137613 -0.479126304 1.642600208 -0.103252813 0.994055271 0.034539182 0.661149396 0.479978502 0.019381201 0.877066135 -2.849504337
0 0.682232432 1.212857735 0.500000000 0.500000000 0.000000000 0.000000000 0.870785534 0.107377939 -0.479794234 1.649674737 -0.103524938 0.994025767 0.034574032 0.665041598 0.480640322 0.019564100 0.876699567 -2.867916715
0 0.682232432 1.212857735 0.500000000 0.500000000 0.000000000 0.000000000 0.870354533 0.107764222 -0.480489135 1.656592437 -0.103951417 0.993979216 0.034633059 0.668909212 0.481328428 0.019804487 0.876316547 -2.885831233
0 0.682232432 1.212857735 0.500000000 0.500000000 0.000000000 0.000000000 0.870025396 0.107757501 -0.481086433 1.662150348 -0.103869259 0.993982077 0.034796529 0.672094912 0.481940866 0.019696226 0.875982344 -2.904353886
0 0.682232432 1.212857735 0.500000000 0.500000000 0.000000000 0.000000000 0.869671762 0.108119659 -0.481644213 1.667845352 -0.104285128 0.993937731 0.034819003 0.675989189 0.482488960 0.019947225 0.875674903 -2.922490006
0 0.682232432 1.212857735 0.500000000 0.500000000 0.000000000 0.000000000 0.869270444 0.108349487 -0.482316524 1.674150521 -0.104447976 0.993913174 0.035031855 0.679146367 0.483176440 0.019924831 0.875296235 -2.940726374
0 0.682232432 1.212857735 0.500000000 0.500000000 0.000000000 0.000000000 0.868843079 0.108514816 -0.483048856 1.680196423 -0.104603015 0.993893445 0.035128046 0.682316162 0.483911008 0.020007607 0.874888480 -2.958619509
0 0.682232432 1.212857735 0.500000000 0.500000000 0.000000000 0.000000000 0.868401945 0.108608797 -0.483820379 1.686870078 -0.104770906 0.993878365 0.035055716 0.687004248 0.484665960 0.020247847 0.874464929 -2.976212106
0 0.682232432 1.212857735 0.500000000 0.500000000 0.000000000 0.000000000 0.868006706 0.108840980 -0.484477073 1.692447307 -0.105082735 0.993847251 0.035004329 0.691024420 0.485306114 0.020526186 0.874103367 -2.994286129
0 0.682232432 1.212857735 0.500000000 0.500000000 0.000000000 0.000000000 0.867656648 0.108821258 -0.485108137 1.697957809 -0.105103888 0.993846714 0.034956250 0.694699814 0.485927105 0.020656729 0.873755217 -3.013008572
0 0.682232432 1.212857735 0.500000000 0.500000000 0.000000000 0.000000000 0.867121100 0.109134130 -0.485994637 1.704617640 -0.105404399 0.993809640 0.035103634 0.697662643 0.486817181 0.020786870 0.873256505 -3.030346467
0 0.682232432 1.212857735 0.500000000 0.500000000 0.000000000 0.000000000 0.866700172 0.109468639 -0.486669719 1.710449801 -0.105856434 0.993764758 0.035014067 0.702127483 0.487468183 0.021170426 0.872884035 -3.048052087
0 0.682232432 1.212857735 0.500000000 0.500000000 0.000000000 0.000000000 0.866210341 0.109449148 -0.487545460 1.717077045 -0.105752595 0.993769169 0.035203278 0.704579584 0.488360584 0.021065755 0.872387648 -3.065701203
0 0.682232432 1.212857735 0.500000000 0.500000000 0.000000000 0.000000000 0.865915418 0.109867610 -0.487974972 1.721547897 -0.106228158 0.993717372 0.035232849 0.708249417 0.488780141 0.021328015 0.872146249 -3.084397290
0 0.682232432 1.212857735 0.500000000 0.500000000 0.000000000 0.000000000 0.865563512 0.110105731 -0.488545358 1.727213831 -0.106535606 0.993685603 0.035200719 0.712329826 0.489336312 0.021579020 0.871828139 -3.102537080
0 0.682232432 1.212857735 0.500000000 0.500000000 0.000000000 0.000000000 0.865217090 0.110200539 -0.489137232 1.732361260 -0.106625907 0.993673682 0.035263769 0.715835232 0.489928871 0.021643884 0.871493697 -3.121104789
0 0.682232432 1.212857735 0.500000000 0.500000000 0.000000000 0.000000000 0.864765227 0.110700205 -0.489822954 1.739235937 -0.107040182 0.993617773 0.035582375 0.717868233 0.490635782 0.021660339 0.871095479 -3.139304937
0 0.682232432 1.212857735 0.500000000 0.500000000 0.000000000 0.000000000 0.864681244 0.110743150 -0.489961535 1.741531746 -0.107249595 0.993605077 0.035305314 0.723543973 0.490738094 0.022020333 0.871028841 -3.157763418
0 0.682232432 1.212857735 0.500000000 0.500000000 0.000000000 0.000000000 0.864329934 0.110606909 -0.490611732 1.747490351 -0.107068911 0.993621886 0.035381492 0.726298634 0.491395980 0.021947980 0.870659709 -3.176739682
0 0.682232432 1.212857735 0.500000000 0.500000000 0.000000000 0.000000000 0.864061236 0.110959545 -0.491005272 1.751955294 -0.107390329 0.993581116 0.035550524 0.729800053 0.491798252 0.022011388 0.870430946 -3.195017171
0 0.682232432 1.212857735 0.500000000 0.500000000 0.000000000 0.000000000 0.863919318 0.111245818 -0.491190195 1.756011406 -0.107628100 0.993549287 0.035721831 0.732792489 0.491995573 0.022005090 0.870319545 -3.214794557
0 0.682232432 1.212857735 0.500000000 0.500000000 0.000000000 0.000000000 0.863637328 0.111381039 -0.491655201 1.760155722 -0.107860006 0.993528128 0.035610866 0.737729237 0.492439628 0.022275057 0.870061517 -3.232900797
0 0.682232432 1.212857735 0.500000000 0.500000000 0.000000000 0.000000000 0.863481581 0.111395821 -0.491925359 1.763823688 -0.107891627 0.993525088 0.035599127 0.741820729 0.492705762 0.022335436 0.869909286 -3.251648594
0 0.682232432 1.212857735 0.500000000 0.500000000 0.000000000 0.000000000 0.863311768 0.111569569 -0.492183894 1.767689559 -0.107981220 0.993507862 0.035807312 0.744693449 0.492983580 0.022233743 0.869754493 -3.270930915
0 0.682232432 1.212857735 0.500000000 0.500000000 0.000000000 0.000000000 0.863088787 0.111956142 -0.492487133 1.772066680 -0.108312875 0.993463993 0.036022797 0.747736658 0.493301213 0.022251828 0.869573891 -3.290305430
0 0.682232432 1.212857735 0.500000000 0.500000000 0.000000000 0.000000000 0.862872660 0.112132266 -0.492825627 1.775990198 -0.108444959 0.993444383 0.036164872 0.751080126 0.493650109 0.022238776 0.869376183 -3.309230740
0 0.682232432 1.212857735 0.500000000 0.500000000 0.000000000 0.000000000 0.862694025 0.112341486 -0.493090719 1.779875771 -0.108644068 0.993419468 0.036252223 0.755034313 0.493918538 0.022296805 0.869222283 -3.328221070
0 0.682232432 1.212857735 0.500000000 0.500000000 0.000000000 0.000000000 0.862528861 0.112499475 -0.493343472 1.783560314 -0.108794220 0.993400514 0.036321297 0.758826484 0.494173795 0.022344753 0.869075954 -3.347400072
0 0.682232432 1.212857735 0.500000000 0.500000000 0.000000000 0.000000000 0.862396538 0.112796314 -0.493507028 1.786687448 -0.109011851 0.993368328 0.036548298 0.761775216 0.494356781 0.022278991 0.868973553 -3.366649808
0 0.682232432 1.212857735 0.500000000 0.500000000 0.000000000 0.000000000 0.862223446 0.112982079 -0.493766904 1.790356144 -0.109156668 0.993347466 0.036683343 0.765513187 0.494626641 0.022268711 0.868820250 -3.385550725
0 0.682232432 1.212857735 0.500000000 0.500000000 0.000000000 0.000000000 0.862034142 0.113218881 -0.494043142 1.794101846 -0.109442718 0.993316293 0.036674529 0.769568064 0.494893342 0.022454727 0.868663549 -3.404535497
0 0.682232432 1.212857735 0.500000000 0.500000000 0.000000000 0.000000000 0.861882448 0.113202259 -0.494311541 1.797429617 -0.109306030 0.993323207 0.036894705 0.772595201 0.495187670 0.022232333 0.868501544 -3.423549940
0 0.682232432 1.212857735 0.500000000 0.500000000 0.000000000 0.000000000 0.861676276 0.113440789 -0.494616210 1.801291055 -0.109606974 0.993291140 0.036864959 0.777165832 0.495479882 0.022447726 0.868329287 -3.442506861
0 0.682232432 1.212857735 0.500000000 0.500000000 0.000000000 0.000000000 0.861384094 0.113807715 -0.495040655 1.805931102 -0.109895289 0.993249655 0.037123047 0.780079222 0.495923847 0.022425434 0.868076384 -3.460925436
0 0.682232432 1.212857735 0.500000000 0.500000000 0.000000000 0.000000000 0.861396849 0.113826737 -0.495014101 1.807561263 -0.109933458 0.993246555 0.037093256 0.784267297 0.495893240 0.022466598 0.868092835 -3.480160795
0 0.682232432 1.212857735 0.500000000 0.500000000 0.000000000 0.000000000 0.861205935 0.114055313 -0.495293558 1.811089973 -0.110146828 0.993219078 0.037195746 0.788233453 0.496177375 0.022521814 0.867929041 -3.499092650
0 0.682232432 1.212857735 0.500000000 0.500000000 0.000000000 0.000000000 0.860987186 0.114543706 -0.495561153 1.814841284 -0.110686474 0.993157029 0.037251215 0.791940725 0.496436924 0.022779096 0.867773890 -3.517730792
0 0.682232432 1.212857735 0.500000000 0.500000000 0.000000000 0.000000000 0.860737085 0.114711247 -0.495956689 1.819301054 -0.110781893 0.993139148 0.037443094 0.794796860 0.496849149 0.022714360 0.867539585 -3.536430641
0 0.682232432 1.212857735 0.500000000 0.500000000 0.000000000 0.000000000 0.860610545 0.115243711 -0.496052772 1.822179650 -0.111139216 0.993082047 0.037896920 0.796785777 0.496988475 0.022516428 0.867464960 -3.555881463
0 0.682232432 1.212857735 0.500000000 0.500000000 0.000000000 0.000000000 0.860408187 0.115873650 -0.496257067 1.825615464 -0.111649148 0.993009865 0.038286287 0.799249833 0.497224540 0.022464843 0.867331028 -3.574884254
0 0.682232432 1.212857735 0.500000000 0.500000000 0.000000000 0.000000000 0.860217929 0.115944743 -0.496570200 1.829090569 -0.111715727 0.993000746 0.038329605 0.803027240 0.497538656 0.022502888 0.867149889 -3.593515179
0 0.682232432 1.212857735 0.500000000 0.500000000 0.000000000 0.000000000 0.860033751 0.116433784 -0.496774673 1.832467706 -0.112208515 0.992939889 0.038465403 0.806814912 0.497746080 0.022660805 0.867026687 -3.612166575
0 0.682232432 1.212857735 0.500000000 0.500000000 0.000000000 0.000000000 0.860003591 0.116727605 -0.496758014 1.834004358 -0.112534396 0.992902160 0.038487766 0.810776912 0.497724712 0.022802750 0.867035270 -3.631673332
0 0.682232432 1.212857735 0.500000000 0.500000000 0.000000000 0.000000000 0.859792352 0.116721131 -0.497125000 1.837230480 -0.112436898 0.992906392 0.038663849 0.813686334 0.498111457 0.022652311 0.866817057 -3.650494591
0 0.682232432 1.212857735 0.500000000 0.500000000 0.000000000 0.000000000 0.859599888 0.117041729 -0.497382432 1.840559446 -0.112622060 0.992872238 0.038999315 0.815848219 0.498401761 0.022492426 0.866654336 -3.669600842
0 0.682232432 1.212857735 0.500000000 0.500000000 0.000000000 0.000000000 0.859327614 0.117004141 -0.497861505 1.844017370 -0.112637103 0.992873549 0.038922757 0.820410151 0.498867661 0.022630280 0.866382658 -3.687979901
0 0.682232432 1.212857735 0.500000000 0.500000000 0.000000000 0.000000000 0.859223604 0.117179930 -0.497999698 1.845783690 -0.112782292 0.992852867 0.039030593 0.823878302 0.499014020 0.022629539 0.866298378 -3.707273639
0 0.682232432 1.212857735 0.500000000 0.500000000 0.000000000 0.000000000 0.859075963 0.117456585 -0.498189151 1.847746615 -0.113111362 0.992815673 0.039024308 0.827943392 0.499193639 0.022826007 0.866189718 -3.726055232
0 0.682232432 1.212857735 0.500000000 0.500000000 0.000000000 0.000000000 0.858939350 0.117661506 -0.498376310 1.849569201 -0.113272920 0.992791712 0.039164782 0.831088515 0.499392062 0.022812370 0.866075754 -3.745365640
0 0.682232432 1.212857735 0.500000000 0.500000000 0.000000000 0.000000000 0.858857393 0.117714383 -0.498505026 1.851016668 -0.113257073 0.992787957 0.039305001 0.834038504 0.499536544 0.022701830 0.865995288 -3.764989075
0 0.682232432 1.212857735 0.500000000 0.500000000 0.000000000 0.000000000 0.858513951 0.117882773 -0.499056578 1.854753045 -0.113431074 0.992765546 0.039369881 0.837702764 0.500087202 0.022808928 0.865674615 -3.783302175
0 0.682232432 1.212857735 0.500000000 0.500000000 0.000000000 0.000000000 0.858479381 0.118034594 -0.499080092 1.855152512 -0.113477558 0.992751300 0.039594550 0.840229261 0.500135958 0.022643285 0.865650833 -3.803280659
0 0.682232432 1.212857735 0.500000000 0.500000000 0.000000000 0.000000000 0.858328819 0.118426695 -0.499246210 1.856691858 -0.113900162 0.992700398 0.039656673 0.843632061 0.500298321 0.022825759 0.865552187 -3.822619711
0 0.682232432 1.212857735 0.500000000 0.500000000 0.000000000 0.000000000 0.857976973 0.118713155 -0.499782711 1.859778280 -0.114143915 0.992665231 0.039836459 0.846161792 0.500846028 0.022868387 0.865234256 -3.841075876
0 0.682232432 1.212857735 0.500000000 0.500000000 0.000000000 0.000000000 0.857692540 0.118773051 -0.500256479 1.862468843 -0.114284903 0.992652953 0.039737839 0.850565340 0.501300812 0.023088915 0.864964962 -3.859245886
0 0.682232432 1.212857735 0.500000000 0.500000000 0.000000000 0.000000000 0.857760668 0.118880145 -0.500114143 1.860902143 -0.114376597 0.992640436 0.039785914 0.853535888 0.501163304 0.023074562 0.865045011 -3.879392276
0 0.682232432 1.212857735 0.500000000 0.500000000 0.000000000 0.000000000 0.857422471 0.119158931 -0.500627458 1.863665517 -0.114629254 0.992605388 0.039934073 0.856178471 0.501684010 0.023146182 0.864741266 -3.897727065
0 0.682232432 1.212857735 0.500000000 0.500000000 0.000000000 0.000000000 0.857037187 0.119188249 -0.501279831 1.866557102 -0.114478469 0.992608488 0.040286820 0.857584263 0.502376318 0.022858443 0.864346862 -3.916010664
0 0.682232432 1.212857735 0.500000000 0.500000000 0.000000000 0.000000000 0.856820703 0.118911766 -0.501715302 1.868394409 -0.114347696 0.992635846 0.039984044 0.862024163 0.502775133 0.023110831 0.864108264 -3.934398086
0 0.682232432 1.212857735 0.500000000 0.500000000 0.000000000 0.000000000 0.856706083 0.119038828 -0.501880944 1.868615009 -0.114342675 0.992625475 0.040254392 0.863831855 0.502971590 0.022900224 0.863999486 -3.953609632
0 0.682232432 1.212857735 0.500000000 0.500000000 0.000000000 0.000000000 0.856424689 0.118933335 -0.502385914 1.869978358 -0.114313260 0.992634237 0.040121756 0.867878067 0.503457248 0.023068104 0.863712132 -3.972054858
0 0.682232432 1.212857735 0.500000000 0.500000000 0.000000000 0.000000000 0.856020927 0.118877836 -0.503086686 1.873408574 -0.114359230 0.992635071 0.039970070 0.871906865 0.504133046 0.023317393 0.863311172 -3.989554684
0 0.682232432 1.212857735 0.500000000 0.500000000 0.000000000 0.000000000 0.855851412 0.119295128 -0.503276289 1.873898519 -0.114653252 0.992587566 0.040305324 0.873390254 0.504354000 0.023206893 0.863185048 -4.008542494
0 0.682232432 1.212857735 0.500000000 0.500000000 0.000000000 0.000000000 0.855489254 0.119294882 -0.503891706 1.876233750 -0.114590384 0.992589176 0.040445127 0.875796849 0.504982352 0.023140775 0.862819374 -4.026670900
0 0.682232432 1.212857735 0.500000000 0.500000000 0.000000000 0.000000000 0.855195284 0.119604245 -0.504317164 1.878043564 -0.114924341 0.992547870 0.040510576 0.878878093 0.505404174 0.023313869 0.862567723 -4.044888460
0 0.682232432 1.212857735 0.500000000 0.500000000 0.000000000 0.000000000 0.855063558 0.119770274 -0.504501104 1.878202641 -0.114986390 0.992531180 0.040743332 0.880676301 0.505612910 0.023172626 0.862449169 -4.064140669
0 0.682232432 1.212857735 0.500000000 0.500000000 0.000000000 0.000000000 0.854607701 0.119837336 -0.505257010 1.881455656 -0.115149841 0.992516518 0.040637918 0.884473909 0.506345868 0.023450786 0.862011552 -4.081083089
0 0.682232432 1.212857735 0.500000000 0.500000000 0.000000000 0.000000000 0.854449928 0.120016858 -0.505481184 1.882215247 -0.115053065 0.992505848 0.041169386 0.884512475 0.506634057 0.022979982 0.861854911 -4.100530105
0 0.682232432 1.212857735 0.500000000 0.500000000 0.000000000 0.000000000 0.854172528 0.120251954 -0.505894005 1.883902550 -0.115359671 0.992471695 0.041134309 0.888057354 0.507031977 0.023223970 0.861614287 -4.118684903
0 0.682232432 1.212857735 0.500000000 0.500000000 0.000000000 0.000000000 0.853849173 0.120230913 -0.506444573 1.885917342 -0.115329482 0.992473602 0.041173365 0.890780639 0.507583201 0.023252144 0.861288965 -4.136657753
0 0.682232432 1.212857735 0.500000000 0.500000000 0.000000000 0.000000000 0.853593767 0.120568514 -0.506794751 1.887345144 -0.115651883 0.992430389 0.041310862 0.893714450 0.507939279 0.023349073 0.861076355 -4.154407473
0 0.682232432 1.212857735 0.500000000 0.500000000 0.000000000 0.000000000 0.853440166 0.120501071 -0.507069409 1.887336459 -0.115442172 0.992444873 0.041547928 0.895737685 0.508245051 0.023078527 0.860903203 -4.173250931
0 0.682232432 1.212857735 0.500000000 0.500000000 0.000000000 0.000000000 0.853016257 0.120237216 -0.507844806 1.890070598 -0.115416966 0.992465973 0.041112553 0.902325802 0.508961916 0.023544231 0.860467017 -4.189861852
0 0.682232432 1.212857735 0.500000000 0.500000000 0.000000000 0.000000000 0.852905333 0.120747022 -0.507910132 1.890456992 -0.115880892 0.992402673 0.041334558 0.905632398 0.509042382 0.023602614 0.860417783 -4.208279441
0 0.682232432 1.212857735 0.500000000 0.500000000 0.000000000 0.000000000 0.852598011 0.120639376 -0.508451343 1.891690105 -0.115712047 0.992418110 0.041437283 0.909574688 0.509595275 0.023504598 0.860093117 -4.226012677
