0 0.510581054 0.907699694 0.500000000 0.500000000 0.000000000 0.000000000 0.998943508 -0.001430248 0.045932721 0.192244052 0.001200587 0.999986649 0.005027162 -0.057488263 -0.045939296 -0.004966705 0.998931885 -0.411868974
0 0.510581054 0.907699694 0.500000000 0.500000000 0.000000000 0.000000000 0.998695254 -0.001609569 0.051040836 0.205788577 0.001349717 0.999985933 0.005125117 -0.059036057 -0.051048368 -0.005049539 0.998683393 -0.436710832
0 0.510581054 0.907699694 0.500000000 0.500000000 0.000000000 0.000000000 0.998392344 -0.001774448 0.056653604 0.218778884 0.001478889 0.999985099 0.005258438 -0.060113891 -0.056662090 -0.005166200 0.998380065 -0.461582385
0 0.510581054 0.907699694 0.500000000 0.500000000 0.000000000 0.000000000 0.997989595 -0.001844664 0.063351355 0.230971626 0.001502891 0.999984086 0.005442112 -0.061591548 -0.063360386 -0.005335961 0.997976422 -0.486260950
0 0.510581054 0.907699694 0.500000000 0.500000000 0.000000000 0.000000000 0.997509897 -0.002078281 0.070495926 0.242816827 0.001686082 0.999982774 0.005622469 -0.063138155 -0.070506401 -0.005489607 0.997496247 -0.511032446
0 0.510581054 0.907699694 0.500000000 0.500000000 0.000000000 0.000000000 0.996983886 -0.002398686 0.077571444 0.254251382 0.001957196 0.999981463 0.005766930 -0.064544327 -0.077583842 -0.005597714 0.996970117 -0.536451322
0 0.510581054 0.907699694 0.500000000 0.500000000 0.000000000 0.000000000 0.996432483 -0.002508596 0.084356695 0.265752593 0.001998210 0.999979198 0.006134213 -0.066787614 -0.084370330 -0.005943767 0.996416748 -0.562391088
0 0.510581054 0.907699694 0.500000000 0.500000000 0.000000000 0.000000000 0.996131301 -0.002610661 0.087838560 0.271652961 0.002060724 0.999977708 0.006350867 -0.067958923 -0.087853186 -0.006145286 0.996114492 -0.575332962
0 0.510581054 0.907699694 0.500000000 0.500000000 0.000000000 0.000000000 0.995403886 -0.002786457 0.095725626 0.282310097 0.002164931 0.999975920 0.006596039 -0.070301869 -0.095741697 -0.006358483 0.995385885 -0.600764625
0 0.510581054 0.907699694 0.500000000 0.500000000 0.000000000 0.000000000 0.994556785 -0.002876470 0.104156412 0.292313049 0.002216930 0.999976754 0.006447424 -0.073019604 -0.104172535 -0.006181422 0.994540036 -0.626159096
0 0.510581054 0.907699694 0.500000000 0.500000000 0.000000000 0.000000000 0.993632197 -0.003063611 0.112630554 0.301926545 0.002397569 0.999978840 0.006048487 -0.075870810 -0.112646699 -0.005739931 0.993618548 -0.651631928
0 0.510581054 0.907699694 0.500000000 0.500000000 0.000000000 0.000000000 0.992664158 -0.003178741 0.120862439 0.311535263 0.002503873 0.999980390 0.005735234 -0.079494704 -0.120878302 -0.005390537 0.992652714 -0.677574990
0 0.510581054 0.907699694 0.500000000 0.500000000 0.000000000 0.000000000 0.991637290 -0.003230822 0.129015490 0.321360372 0.002537237 0.999981463 0.005539976 -0.083201079 -0.129030988 -0.005166304 0.991627097 -0.703521932
0 0.510581054 0.907699694 0.500000000 0.500000000 0.000000000 0.000000000 0.990499735 -0.003647394 0.137466401 0.330972614 0.002862628 0.999978483 0.005906054 -0.088735353 -0.137484983 -0.005456429 0.990488827 -0.730568734
0 0.510581054 0.907699694 0.500000000 0.500000000 0.000000000 0.000000000 0.989861369 -0.003644630 0.141989946 0.335269537 0.002830815 0.999978364 0.005933074 -0.091440691 -0.142008498 -0.005470973 0.989850342 -0.744367202
0 0.510581054 0.907699694 0.500000000 0.500000000 0.000000000 0.000000000 0.988485157 -0.003725674 0.151272058 0.343234172 0.002856485 0.999978125 0.005962770 -0.097020856 -0.151290968 -0.005462003 0.988474190 -0.772160774
0 0.510581054 0.907699694 0.500000000 0.500000000 0.000000000 0.000000000 0.987001479 -0.003804722 0.160666272 0.350196359 0.002906485 0.999978781 0.005825349 -0.102429495 -0.160685033 -0.005282653 0.986991584 -0.801493803
0 0.510581054 0.907699694 0.500000000 0.500000000 0.000000000 0.000000000 0.985431969 -0.003732456 0.170029238 0.356479373 0.002818850 0.999980271 0.005614315 -0.106603181 -0.170046836 -0.005053238 0.985423028 -0.831050490
0 0.510581054 0.907699694 0.500000000 0.500000000 0.000000000 0.000000000 0.983826041 -0.003547676 0.179091558 0.363005436 0.002577947 0.999980748 0.005647145 -0.110955507 -0.179108143 -0.005094119 0.983816206 -0.860495430
0 0.510581054 0.907699694 0.500000000 0.500000000 0.000000000 0.000000000 0.982088566 -0.003772869 0.188382164 0.368891562 0.002721864 0.999979258 0.005837489 -0.115199715 -0.188400283 -0.005220181 0.982078433 -0.889857981
0 0.510581054 0.907699694 0.500000000 0.500000000 0.000000000 0.000000000 0.980314076 -0.003781448 0.197408170 0.373923230 0.002733644 0.999980688 0.005580042 -0.118364136 -0.197425455 -0.004930550 0.980305493 -0.919779416
0 0.510581054 0.907699694 0.500000000 0.500000000 0.000000000 0.000000000 0.978498042 -0.003702231 0.206222802 0.378340207 0.002764697 0.999984503 0.004834202 -0.119257913 -0.206237510 -0.004160113 0.978493094 -0.949573705
0 0.510581054 0.907699694 0.500000000 0.500000000 0.000000000 0.000000000 0.977595747 -0.003977987 0.210453570 0.380783199 0.003000352 0.999983191 0.004964461 -0.120539824 -0.210469782 -0.004221802 0.977591276 -0.964774353
0 0.510581054 0.907699694 0.500000000 0.500000000 0.000000000 0.000000000 0.975664973 -0.004012350 0.219229937 0.384366473 0.003075201 0.999984622 0.004615806 -0.120833160 -0.219245091 -0.003829304 0.975662291 -0.994765154
0 0.510581054 0.907699694 0.500000000 0.500000000 0.000000000 0.000000000 0.973656774 -0.003997997 0.227983460 0.387881706 0.003068355 0.999985456 0.004431962 -0.120358394 -0.227997869 -0.003615675 0.973654926 -1.024663854
0 0.510581054 0.907699694 0.500000000 0.500000000 0.000000000 0.000000000 0.971615136 -0.004025231 0.236532897 0.391575899 0.003033895 0.999985039 0.004554935 -0.119909037 -0.236547694 -0.003708028 0.971612811 -1.053628348
0 0.510581054 0.907699694 0.500000000 0.500000000 0.000000000 0.000000000 0.969525337 -0.004222657 0.244954735 0.394743439 0.003053926 0.999982059 0.005150839 -0.120100444 -0.244972095 -0.004245795 0.969520807 -1.083125216
0 0.510581054 0.907699694 0.500000000 0.500000000 0.000000000 0.000000000 0.967328370 -0.004130556 0.253493190 0.396848769 0.002935120 0.999982715 0.005093863 -0.118706588 -0.253509849 -0.004183406 0.967323780 -1.113006285
0 0.510581054 0.907699694 0.500000000 0.500000000 0.000000000 0.000000000 0.965051413 -0.004378510 0.262023956 0.398624453 0.003132352 0.999981701 0.005173379 -0.118260050 -0.262041807 -0.004171825 0.965047479 -1.142313869
0 0.510581054 0.907699694 0.500000000 0.500000000 0.000000000 0.000000000 0.963910937 -0.004392692 0.266188711 0.399401884 0.003161643 0.999982238 0.005053076 -0.117779395 -0.266206175 -0.004029122 0.963907719 -1.156854192
0 0.510581054 0.907699694 0.500000000 0.500000000 0.000000000 0.000000000 0.961558044 -0.004147874 0.274570525 0.400352500 0.002995228 0.999984860 0.004617123 -0.116509510 -0.274585515 -0.003617231 0.961555898 -1.186322392
0 0.510581054 0.907699694 0.500000000 0.500000000 0.000000000 0.000000000 0.959207296 -0.004145910 0.282673210 0.401343342 0.002924871 0.999984503 0.004741475 -0.116572251 -0.282688469 -0.003721275 0.959204555 -1.215113418
0 0.510581054 0.907699694 0.500000000 0.500000000 0.000000000 0.000000000 0.956941009 -0.004469547 0.290248096 0.402760884 0.003061463 0.999981225 0.005305198 -0.117135024 -0.290266365 -0.004188178 0.956936717 -1.243123812
0 0.510581054 0.907699694 0.500000000 0.500000000 0.000000000 0.000000000 0.954605699 -0.004382493 0.297840059 0.404346134 0.002905422 0.999981165 0.005401819 -0.116732379 -0.297858149 -0.004291256 0.954600513 -1.271058170
0 0.510581054 0.907699694 0.500000000 0.500000000 0.000000000 0.000000000 0.952081919 -0.004217012 0.305814087 0.404978247 0.002755611 0.999982655 0.005210264 -0.116268977 -0.305830747 -0.004117894 0.952076972 -1.298548188
0 0.510581054 0.907699694 0.500000000 0.500000000 0.000000000 0.000000000 0.949451566 -0.003902127 0.313889384 0.405172422 0.002625377 0.999986470 0.004490133 -0.115578408 -0.313902646 -0.003439086 0.949448943 -1.325991094
0 0.510581054 0.907699694 0.500000000 0.500000000 0.000000000 0.000000000 0.948103964 -0.003856845 0.317937165 0.405169815 0.002651046 0.999987543 0.004225143 -0.115595446 -0.317949504 -0.003163008 0.948102355 -1.339591832
0 0.510581054 0.907699694 0.500000000 0.500000000 0.000000000 0.000000000 0.945479453 -0.004095944 0.325656086 0.406230233 0.002920821 0.999987364 0.004097317 -0.116905554 -0.325668722 -0.002922746 0.945479393 -1.366325892
0 0.510581054 0.907699694 0.500000000 0.500000000 0.000000000 0.000000000 0.942570090 -0.003853011 0.333986253 0.405383114 0.002825297 0.999989688 0.003562816 -0.117388541 -0.333996534 -0.002414593 0.942571223 -1.394896684
0 0.510581054 0.907699694 0.500000000 0.500000000 0.000000000 0.000000000 0.939463198 -0.004211542 0.342623889 0.404394952 0.003048349 0.999987602 0.003933403 -0.120498542 -0.342636198 -0.002650850 0.939464450 -1.423920888
0 0.510581054 0.907699694 0.500000000 0.500000000 0.000000000 0.000000000 0.936308980 -0.004275295 0.351151347 0.403807739 0.003135677 0.999987781 0.003813970 -0.122887465 -0.351163357 -0.002469957 0.936310947 -1.451934852
0 0.510581054 0.907699694 0.500000000 0.500000000 0.000000000 0.000000000 0.933202147 -0.004508965 0.359323561 0.402785655 0.003336335 0.999986887 0.003883493 -0.126772732 -0.359336376 -0.002425261 0.933204949 -1.481173618
0 0.510581054 0.907699694 0.500000000 0.500000000 0.000000000 0.000000000 0.930227041 -0.004754860 0.366953790 0.402864854 0.003520470 0.999985695 0.004033085 -0.130185249 -0.366967708 -0.002459835 0.930230439 -1.510862693
0 0.510581054 0.907699694 0.500000000 0.500000000 0.000000000 0.000000000 0.928661108 -0.004782012 0.370898485 0.402004662 0.003499505 0.999985337 0.004130749 -0.132283181 -0.370912790 -0.002538105 0.928664207 -1.526075785
0 0.510581054 0.907699694 0.500000000 0.500000000 0.000000000 0.000000000 0.925547481 -0.004968159 0.378598928 0.402318174 0.003594288 0.999984145 0.004335447 -0.135804840 -0.378614485 -0.002651868 0.925550699 -1.555854544
0 0.510581054 0.907699694 0.500000000 0.500000000 0.000000000 0.000000000 0.922480404 -0.005374229 0.386006504 0.403261199 0.003844097 0.999981403 0.004735736 -0.140020000 -0.386024773 -0.002884777 0.922483921 -1.585476268
0 0.510581054 0.907699694 0.500000000 0.500000000 0.000000000 0.000000000 0.919448495 -0.005356814 0.393173993 0.404353126 0.003881262 0.999982119 0.004547855 -0.143283953 -0.393191338 -0.002655507 0.919452846 -1.615876593
0 0.510581054 0.907699694 0.500000000 0.500000000 0.000000000 0.000000000 0.916315734 -0.005546365 0.400418192 0.405360338 0.004149704 0.999981880 0.004355012 -0.146011555 -0.400435120 -0.002328949 0.916322172 -1.647013194
0 0.510581054 0.907699694 0.500000000 0.500000000 0.000000000 0.000000000 0.913092554 -0.005881320 0.407709986 0.406934142 0.004486518 0.999980330 0.004377128 -0.148740043 -0.407727718 -0.002167525 0.913101017 -1.680885088
0 0.510581054 0.907699694 0.500000000 0.500000000 0.000000000 0.000000000 0.910064757 -0.006025011 0.414422333 0.410457448 0.004489563 0.999978960 0.004679021 -0.152121610 -0.414441794 -0.002397637 0.910072684 -1.713606423
0 0.510581054 0.907699694 0.500000000 0.500000000 0.000000000 0.000000000 0.906879961 -0.006166052 0.421343982 0.412353403 0.004537375 0.999977887 0.004867901 -0.155189562 -0.421364665 -0.002502806 0.906887829 -1.745254291
0 0.510581054 0.907699694 0.500000000 0.500000000 0.000000000 0.000000000 0.905229211 -0.006468200 0.424874365 0.412614569 0.004786810 0.999975920 0.005024741 -0.156135541 -0.424896657 -0.002514750 0.905238390 -1.760879717
0 0.510581054 0.907699694 0.500000000 0.500000000 0.000000000 0.000000000 0.901796520 -0.006787672 0.432107538 0.413119562 0.005262415 0.999974966 0.004725385 -0.157266490 -0.432128817 -0.001987407 0.901809692 -1.793854710
0 0.510581054 0.907699694 0.500000000 0.500000000 0.000000000 0.000000000 0.898401260 -0.007282967 0.439115167 0.412099487 0.005947898 0.999972582 0.004416080 -0.157818029 -0.439135283 -0.001355600 0.898419917 -1.825898803
0 0.510581054 0.907699694 0.500000000 0.500000000 0.000000000 0.000000000 0.895199001 -0.007582014 0.445602089 0.412580567 0.006290133 0.999970615 0.004378055 -0.159399967 -0.445622206 -0.001116334 0.895220399 -1.857564762
0 0.510581054 0.907699694 0.500000000 0.500000000 0.000000000 0.000000000 0.891963959 -0.007985540 0.452036023 0.411684857 0.006558691 0.999967337 0.004723435 -0.160795446 -0.452058971 -0.001248369 0.891987205 -1.888621514
0 0.510581054 0.907699694 0.500000000 0.500000000 0.000000000 0.000000000 0.888788044 -0.007702021 0.458253741 0.410903318 0.006106919 0.999969065 0.004962373 -0.163624822 -0.458277762 -0.001611979 0.888807595 -1.919214059
0 0.510581054 0.907699694 0.500000000 0.500000000 0.000000000 0.000000000 0.885696888 -0.007906410 0.464196652 0.410424812 0.006208007 0.999967277 0.005186894 -0.164894006 -0.464222491 -0.001712280 0.885716975 -1.949232743
0 0.510581054 0.907699694 0.500000000 0.500000000 0.000000000 0.000000000 0.884174764 -0.008017878 0.467087507 0.409790725 0.006300762 0.999966443 0.005238063 -0.165481620 -0.467113823 -0.001688356 0.884195566 -1.963519909
0 0.510581054 0.907699694 0.500000000 0.500000000 0.000000000 0.000000000 0.881182194 -0.007914911 0.472710550 0.409981575 0.006327152 0.999967754 0.004948657 -0.165578188 -0.472734451 -0.001369757 0.881203890 -1.993788124
0 0.510581054 0.907699694 0.500000000 0.500000000 0.000000000 0.000000000 0.878294408 -0.007972463 0.478053689 0.409782556 0.006437264 0.999967515 0.004849646 -0.166001217 -0.478076845 -0.001182059 0.878317237 -2.022894498
0 0.510581054 0.907699694 0.500000000 0.500000000 0.000000000 0.000000000 0.875321686 -0.008051856 0.483473986 0.409274897 0.006472252 0.999966860 0.004935709 -0.166551676 -0.483497709 -0.001191167 0.875344813 -2.052615220
0 0.510581054 0.907699694 0.500000000 0.500000000 0.000000000 0.000000000 0.872320771 -0.008085127 0.488867134 0.408066511 0.006394854 0.999966383 0.005127142 -0.167301565 -0.488892168 -0.001346279 0.872343183 -2.081661270
0 0.510581054 0.907699694 0.500000000 0.500000000 0.000000000 0.000000000 0.869557321 -0.008400830 0.493760556 0.407325634 0.006489883 0.999963343 0.005584076 -0.168106605 -0.493789375 -0.001651225 0.869579971 -2.110603356
0 0.510581054 0.907699694 0.500000000 0.500000000 0.000000000 0.000000000 0.866937101 -0.008284939 0.498348683 0.407481340 0.006274201 0.999963999 0.005709461 -0.170196384 -0.498378068 -0.001823004 0.866957903 -2.139778104
0 0.510581054 0.907699694 0.500000000 0.500000000 0.000000000 0.000000000 0.865593553 -0.008203492 0.500680029 0.407057000 0.006161787 0.999964595 0.005731401 -0.171528294 -0.500709355 -0.001875981 0.865613461 -2.154957070
0 0.510581054 0.907699694 0.500000000 0.500000000 0.000000000 0.000000000 0.862939775 -0.008428338 0.505236506 0.406074404 0.006413745 0.999963045 0.005726724 -0.172872358 -0.505266130 -0.001701360 0.862961888 -2.185354562
0 0.510581054 0.907699694 0.500000000 0.500000000 0.000000000 0.000000000 0.860474586 -0.008500567 0.509422421 0.405359174 0.006533042 0.999962687 0.005650975 -0.175858354 -0.509451449 -0.001534443 0.860498011 -2.215337311
0 0.510581054 0.907699694 0.500000000 0.500000000 0.000000000 0.000000000 0.858142793 -0.008713033 0.513337195 0.405624743 0.006737423 0.999961019 0.005709742 -0.178453182 -0.513366878 -0.001441205 0.858168006 -2.245865202
0 0.510581054 0.907699694 0.500000000 0.500000000 0.000000000 0.000000000 0.855903804 -0.008796575 0.517060220 0.405723362 0.006692444 0.999960005 0.005933806 -0.183449453 -0.517091751 -0.001618371 0.855928481 -2.276719783
0 0.510581054 0.907699694 0.500000000 0.500000000 0.000000000 0.000000000 0.853866994 -0.008885825 0.520415366 0.406607728 0.006740181 0.999959171 0.006014895 -0.187864340 -0.520447552 -0.001628227 0.853892088 -2.307900260
0 0.510581054 0.907699694 0.500000000 0.500000000 0.000000000 0.000000000 0.851849198 -0.008900658 0.523711503 0.407123130 0.006775698 0.999959230 0.005973560 -0.192340361 -0.523743331 -0.001540061 0.851874709 -2.340328288
0 0.510581054 0.907699694 0.500000000 0.500000000 0.000000000 0.000000000 0.850828528 -0.008820704 0.525369406 0.407383844 0.006726849 0.999960005 0.005894817 -0.194348899 -0.525400400 -0.001481398 0.850853860 -2.356546510
0 0.510581054 0.907699694 0.500000000 0.500000000 0.000000000 0.000000000 0.848681748 -0.009023819 0.528826833 0.407417872 0.006814954 0.999958038 0.006126227 -0.198434918 -0.528859913 -0.001595286 0.848707616 -2.390247974
0 0.510581054 0.907699694 0.500000000 0.500000000 0.000000000 0.000000000 0.846535265 -0.009078302 0.532255173 0.406882745 0.006789526 0.999957383 0.006257039 -0.201812571 -0.532289326 -0.001683044 0.846560836 -2.424203758
0 0.510581054 0.907699694 0.500000000 0.500000000 0.000000000 0.000000000 0.844475210 -0.009021955 0.535518646 0.406254633 0.006837675 0.999958217 0.006063899 -0.203688306 -0.535551012 -0.001459109 0.844501615 -2.458745874
0 0.510581054 0.907699694 0.500000000 0.500000000 0.000000000 0.000000000 0.842323780 -0.008905153 0.538898289 0.405325629 0.006934503 0.999959767 0.005685115 -0.204805563 -0.538927197 -0.001051716 0.842351675 -2.494083401
0 0.510581054 0.907699694 0.500000000 0.500000000 0.000000000 0.000000000 0.840180397 -0.008950303 0.542233169 0.404060736 0.007244054 0.999959826 0.005281181 -0.205215502 -0.542258620 -0.000509178 0.840211451 -2.529110076
0 0.510581054 0.907699694 0.500000000 0.500000000 0.000000000 0.000000000 0.837889552 -0.008903621 0.545767188 0.401572695 0.007488484 0.999960363 0.004816604 -0.204641908 -0.545788407 0.000051187 0.837923050 -2.564135702
0 0.510581054 0.907699694 0.500000000 0.500000000 0.000000000 0.000000000 0.835558236 -0.008933098 0.549329221 0.398814465 0.007669596 0.999960005 0.004595326 -0.204427795 -0.549348354 0.000373471 0.835593343 -2.599169849
0 0.510581054 0.907699694 0.500000000 0.500000000 0.000000000 0.000000000 0.834333479 -0.008965775 0.551187158 0.396692841 0.007677253 0.999959767 0.004644566 -0.204938814 -0.551206648 0.000356487 0.834368706 -2.616799965
