0 0.509763919 0.906246946 0.500000000 0.500000000 0.000000000 0.000000000 0.996796787 0.010710208 -0.079255708 -0.040390560 -0.011785735 0.999844551 -0.013115027 -0.143858827 0.079102919 0.014007104 0.996768057 -0.054237113
0 0.509763919 0.906246946 0.500000000 0.500000000 0.000000000 0.000000000 0.996598303 0.011195750 -0.081648409 -0.041132051 -0.012314030 0.999836981 -0.013205597 -0.146733556 0.081487253 0.014166096 0.996573687 -0.055228601
0 0.509763919 0.906246946 0.500000000 0.500000000 0.000000000 0.000000000 0.996380806 0.011442752 -0.084227860 -0.042241141 -0.012611718 0.999831200 -0.013359630 -0.149217206 0.084060773 0.014373537 0.996356964 -0.055822993
0 0.509763919 0.906246946 0.500000000 0.500000000 0.000000000 0.000000000 0.996124566 0.011759402 -0.087164253 -0.043274866 -0.012991306 0.999823391 -0.013579349 -0.151130202 0.086989179 0.014659100 0.996101379 -0.056227479
0 0.509763919 0.906246946 0.500000000 0.500000000 0.000000000 0.000000000 0.995865583 0.012272067 -0.090006202 -0.044256818 -0.013563374 0.999813497 -0.013749258 -0.153001320 0.089820683 0.014913200 0.995846272 -0.056314740
0 0.509763919 0.906246946 0.500000000 0.500000000 0.000000000 0.000000000 0.995609999 0.012611602 -0.092745043 -0.045101118 -0.013956238 0.999806464 -0.013863911 -0.155064238 0.092552252 0.015097420 0.995593369 -0.056323396
0 0.509763919 0.906246946 0.500000000 0.500000000 0.000000000 0.000000000 0.995368659 0.013062693 -0.095239878 -0.046235724 -0.014459120 0.999797642 -0.013986843 -0.156538261 0.095037900 0.015299150 0.995356083 -0.056262185
0 0.509763919 0.906246946 0.500000000 0.500000000 0.000000000 0.000000000 0.995144665 0.013408161 -0.097505629 -0.047819952 -0.014841842 0.999791920 -0.013993132 -0.158313607 0.097297721 0.015372354 0.995136619 -0.056049984
0 0.509763919 0.906246946 0.500000000 0.500000000 0.000000000 0.000000000 0.994924426 0.013755770 -0.099680312 -0.049010894 -0.015226301 0.999785960 -0.014006695 -0.159994515 0.099466302 0.015453365 0.994920909 -0.055494808
0 0.509763919 0.906246946 0.500000000 0.500000000 0.000000000 0.000000000 0.994703710 0.014046356 -0.101819687 -0.050133429 -0.015559998 0.999779701 -0.014086928 -0.161228307 0.101599380 0.015596634 0.994703114 -0.055149628
0 0.509763919 0.906246946 0.500000000 0.500000000 0.000000000 0.000000000 0.994482994 0.014383011 -0.103907324 -0.051047923 -0.015942456 0.999772191 -0.014193108 -0.162002904 0.103679515 0.015771342 0.994485736 -0.054544200
0 0.509763919 0.906246946 0.500000000 0.500000000 0.000000000 0.000000000 0.994281530 0.014735933 -0.105769299 -0.051917868 -0.016331604 0.999765277 -0.014236039 -0.162679526 0.105534688 0.015882013 0.994288802 -0.053860760
0 0.509763919 0.906246946 0.500000000 0.500000000 0.000000000 0.000000000 0.994098604 0.014953137 -0.107444517 -0.052995937 -0.016584026 0.999760211 -0.014301397 -0.163130599 0.107204899 0.015998863 0.994108200 -0.053144606
0 0.509763919 0.906246946 0.500000000 0.500000000 0.000000000 0.000000000 0.993884921 0.015207146 -0.109368734 -0.053630418 -0.016883379 0.999753535 -0.014416707 -0.163336550 0.109122545 0.016175061 0.993896723 -0.052317205
0 0.509763919 0.906246946 0.500000000 0.500000000 0.000000000 0.000000000 0.993673980 0.015515759 -0.111226119 -0.054222592 -0.017235003 0.999746144 -0.014512368 -0.163276479 0.110972710 0.016337546 0.993689179 -0.051129072
0 0.509763919 0.906246946 0.500000000 0.500000000 0.000000000 0.000000000 0.993508697 0.015864206 -0.112644807 -0.055191848 -0.017620774 0.999737918 -0.014615349 -0.163009392 0.112383425 0.016505364 0.993527830 -0.049703248
0 0.509763919 0.906246946 0.500000000 0.500000000 0.000000000 0.000000000 0.993366480 0.016095908 -0.113859482 -0.056072910 -0.017877856 0.999732912 -0.014646604 -0.163185168 0.113593318 0.016585009 0.993388891 -0.048175442
0 0.509763919 0.906246946 0.500000000 0.500000000 0.000000000 0.000000000 0.993212819 0.016138328 -0.115185998 -0.058295161 -0.017941324 0.999731958 -0.014633290 -0.163790434 0.114918970 0.016600560 0.993236125 -0.046992998
0 0.509763919 0.906246946 0.500000000 0.500000000 0.000000000 0.000000000 0.992999256 0.016261835 -0.116995923 -0.060191333 -0.018109554 0.999727249 -0.014747302 -0.164192150 0.116724193 0.016762804 0.993022919 -0.045454482
0 0.509763919 0.906246946 0.500000000 0.500000000 0.000000000 0.000000000 0.992765367 0.016602807 -0.118917249 -0.061562615 -0.018503731 0.999717772 -0.014898955 -0.164365067 0.118636325 0.016991580 0.992792368 -0.043812937
0 0.509763919 0.906246946 0.500000000 0.500000000 0.000000000 0.000000000 0.992588043 0.016934566 -0.120342165 -0.063570179 -0.018877516 0.999708951 -0.015023489 -0.164456748 0.120052718 0.017183896 0.992618799 -0.042490162
0 0.509763919 0.906246946 0.500000000 0.500000000 0.000000000 0.000000000 0.992421329 0.017100668 -0.121685803 -0.065976910 -0.019068481 0.999705255 -0.015025095 -0.164700380 0.121393003 0.017231589 0.992454946 -0.041245836
0 0.509763919 0.906246946 0.500000000 0.500000000 0.000000000 0.000000000 0.992255807 0.017338535 -0.122995056 -0.068407395 -0.019333480 0.999699891 -0.015044722 -0.164687890 0.122697286 0.017306134 0.992293239 -0.040150706
0 0.509763919 0.906246946 0.500000000 0.500000000 0.000000000 0.000000000 0.992145061 0.017662406 -0.123839490 -0.071684558 -0.019669369 0.999693990 -0.015002224 -0.164645296 0.123536617 0.017320227 0.992188871 -0.039337567
0 0.509763919 0.906246946 0.500000000 0.500000000 0.000000000 0.000000000 0.991994262 0.017799128 -0.125022411 -0.074650520 -0.019814998 0.999692619 -0.014898975 -0.165025104 0.124718800 0.017257016 0.992042065 -0.038693400
0 0.509763919 0.906246946 0.500000000 0.500000000 0.000000000 0.000000000 0.991800666 0.018027868 -0.126516536 -0.077717149 -0.020062707 0.999688745 -0.014827707 -0.165419732 0.126209840 0.017244393 0.991853654 -0.038332232
0 0.509763919 0.906246946 0.500000000 0.500000000 0.000000000 0.000000000 0.991594076 0.018239453 -0.128095716 -0.081186831 -0.020308273 0.999683261 -0.014863001 -0.165809658 0.127784044 0.017339466 0.991650462 -0.038133328
0 0.509763919 0.906246946 0.500000000 0.500000000 0.000000000 0.000000000 0.991367698 0.018467586 -0.129803836 -0.084467008 -0.020590222 0.999675035 -0.015029567 -0.165860144 0.129484087 0.017572517 0.991425753 -0.038182258
0 0.509763919 0.906246946 0.500000000 0.500000000 0.000000000 0.000000000 0.991154134 0.018874988 -0.131366834 -0.087916828 -0.021057960 0.999661982 -0.015247964 -0.165589982 0.131034628 0.017879400 0.991216540 -0.038129622
0 0.509763919 0.906246946 0.500000000 0.500000000 0.000000000 0.000000000 0.990970910 0.019175086 -0.132698596 -0.091333075 -0.021410139 0.999651611 -0.015436634 -0.165524690 0.132356361 0.018138351 0.991036236 -0.037955652
0 0.509763919 0.906246946 0.500000000 0.500000000 0.000000000 0.000000000 0.990811765 0.019475617 -0.133838579 -0.095327281 -0.021754986 0.999641776 -0.015589342 -0.165386072 0.133487016 0.018357759 0.990880549 -0.037822297
0 0.509763919 0.906246946 0.500000000 0.500000000 0.000000000 0.000000000 0.990630388 0.019678598 -0.135144964 -0.099983796 -0.021991162 0.999635816 -0.015640110 -0.165667820 0.134787977 0.018465564 0.990702391 -0.038080227
0 0.509763919 0.906246946 0.500000000 0.500000000 0.000000000 0.000000000 0.990405679 0.019929979 -0.136745870 -0.104474135 -0.022271790 0.999629974 -0.015616570 -0.166089100 0.136384040 0.018512314 0.990483046 -0.037716364
0 0.509763919 0.906246946 0.500000000 0.500000000 0.000000000 0.000000000 0.990150571 0.020194503 -0.138542458 -0.109404934 -0.022563329 0.999624491 -0.015548840 -0.166599902 0.138176441 0.018521672 0.990234435 -0.037245715
0 0.509763919 0.906246946 0.500000000 0.500000000 0.000000000 0.000000000 0.989897013 0.020563815 -0.140289158 -0.114611760 -0.022964235 0.999615908 -0.015513035 -0.166963831 0.139916256 0.018577941 0.989989042 -0.036346241
0 0.509763919 0.906246946 0.500000000 0.500000000 0.000000000 0.000000000 0.989640296 0.020871481 -0.142044038 -0.119676992 -0.023307931 0.999607980 -0.015510454 -0.167236973 0.141664624 0.018660523 0.989738822 -0.035136443
0 0.509763919 0.906246946 0.500000000 0.500000000 0.000000000 0.000000000 0.989383757 0.021211488 -0.143770069 -0.125635842 -0.023691854 0.999598205 -0.015562135 -0.166981657 0.143382192 0.018803103 0.989488780 -0.033809610
0 0.509763919 0.906246946 0.500000000 0.500000000 0.000000000 0.000000000 0.989105225 0.021639012 -0.145611212 -0.131336030 -0.024158221 0.999587119 -0.015554741 -0.166543384 0.145214498 0.018902984 0.989219606 -0.032401262
0 0.509763919 0.906246946 0.500000000 0.500000000 0.000000000 0.000000000 0.988828838 0.022049790 -0.147415429 -0.137175341 -0.024577433 0.999580145 -0.015346725 -0.166366694 0.147015154 0.018798377 0.988955617 -0.030991405
0 0.509763919 0.906246946 0.500000000 0.500000000 0.000000000 0.000000000 0.988528371 0.022571361 -0.149339274 -0.142813705 -0.025125735 0.999568105 -0.015239719 -0.165805761 0.148930788 0.018817153 0.988668561 -0.029584696
0 0.509763919 0.906246946 0.500000000 0.500000000 0.000000000 0.000000000 0.988264441 0.023103679 -0.150995582 -0.149015686 -0.025685608 0.999554932 -0.015171146 -0.165084571 0.150577873 0.018871518 0.988418043 -0.028137298
0 0.509763919 0.906246946 0.500000000 0.500000000 0.000000000 0.000000000 0.987955570 0.023553560 -0.152934730 -0.155267866 -0.026166635 0.999543607 -0.015095743 -0.164461295 0.152509376 0.018915711 0.988120973 -0.026906850
0 0.509763919 0.906246946 0.500000000 0.500000000 0.000000000 0.000000000 0.987600565 0.024055023 -0.155133784 -0.161246371 -0.026710596 0.999529839 -0.015055959 -0.163655868 0.154698670 0.019012989 0.987778723 -0.025686030
0 0.509763919 0.906246946 0.500000000 0.500000000 0.000000000 0.000000000 0.987301648 0.024588279 -0.156942204 -0.168019511 -0.027269715 0.999516249 -0.014954862 -0.163247216 0.156498566 0.019044729 0.987494528 -0.024911798
0 0.509763919 0.906246946 0.500000000 0.500000000 0.000000000 0.000000000 0.986948371 0.025002241 -0.159084111 -0.175508683 -0.027713766 0.999505639 -0.014848601 -0.162961680 0.158634201 0.019063624 0.987153351 -0.024559366
0 0.509763919 0.906246946 0.500000000 0.500000000 0.000000000 0.000000000 0.986477315 0.025494976 -0.161902666 -0.182739365 -0.028248344 0.999492466 -0.014726844 -0.162524200 0.161445022 0.019101180 0.986696839 -0.024321461
0 0.509763919 0.906246946 0.500000000 0.500000000 0.000000000 0.000000000 0.985999644 0.026259430 -0.164666727 -0.190735764 -0.029071387 0.999469399 -0.014689551 -0.161756433 0.164193615 0.019270983 0.986239851 -0.024235122
0 0.509763919 0.906246946 0.500000000 0.500000000 0.000000000 0.000000000 0.985527992 0.027108764 -0.167330921 -0.199227945 -0.029986035 0.999442339 -0.014692034 -0.161081809 0.166839316 0.019497002 0.985791326 -0.024142134
0 0.509763919 0.906246946 0.500000000 0.500000000 0.000000000 0.000000000 0.985025167 0.027823273 -0.170150742 -0.208450803 -0.030774508 0.999417782 -0.014731588 -0.160227674 0.169641808 0.019747291 0.985307932 -0.024239223
0 0.509763919 0.906246946 0.500000000 0.500000000 0.000000000 0.000000000 0.984419823 0.028297018 -0.173542038 -0.218452516 -0.031309869 0.999402404 -0.014647458 -0.159382575 0.173023850 0.019852826 0.984717548 -0.024615639
0 0.509763919 0.906246946 0.500000000 0.500000000 0.000000000 0.000000000 0.983705759 0.029013358 -0.177429438 -0.229189923 -0.032058369 0.999383450 -0.014318546 -0.158731357 0.176904604 0.019773334 0.984029353 -0.024779063
0 0.509763919 0.906246946 0.500000000 0.500000000 0.000000000 0.000000000 0.982881248 0.030077271 -0.181768477 -0.239625179 -0.033165410 0.999352217 -0.013973123 -0.157957346 0.181230441 0.019762347 0.983242095 -0.024634801
0 0.509763919 0.906246946 0.500000000 0.500000000 0.000000000 0.000000000 0.982013226 0.031073116 -0.186237574 -0.250974926 -0.034220461 0.999320269 -0.013708021 -0.156953451 0.185685039 0.019834595 0.982409120 -0.024721931
0 0.509763919 0.906246946 0.500000000 0.500000000 0.000000000 0.000000000 0.981008649 0.032143742 -0.191281900 -0.262449743 -0.035377886 0.999282598 -0.013515806 -0.155657188 0.190710232 0.020026272 0.981442094 -0.024502907
0 0.509763919 0.906246946 0.500000000 0.500000000 0.000000000 0.000000000 0.979874671 0.033447146 -0.196791515 -0.274200322 -0.036786556 0.999234140 -0.013337379 -0.153849881 0.196194708 0.020308243 0.980354607 -0.024035800
0 0.509763919 0.906246946 0.500000000 0.500000000 0.000000000 0.000000000 0.978698730 0.034759097 -0.202337831 -0.286564401 -0.038188756 0.999185085 -0.013069814 -0.151812665 0.201718643 0.020518441 0.979228556 -0.023736648
0 0.509763919 0.906246946 0.500000000 0.500000000 0.000000000 0.000000000 0.977428675 0.036084637 -0.208161071 -0.298847250 -0.039569654 0.999137342 -0.012600844 -0.149713496 0.207526803 0.020553287 0.978013396 -0.023409573
0 0.509763919 0.906246946 0.500000000 0.500000000 0.000000000 0.000000000 0.976024210 0.037555724 -0.214397535 -0.311144593 -0.041101430 0.999081671 -0.012102539 -0.146977616 0.213746130 0.020624416 0.976671517 -0.022818300
0 0.509763919 0.906246946 0.500000000 0.500000000 0.000000000 0.000000000 0.974540114 0.039157461 -0.220767349 -0.323897715 -0.042764660 0.999018013 -0.011581714 -0.143829294 0.220097050 0.020727886 0.975257754 -0.022556494
0 0.509763919 0.906246946 0.500000000 0.500000000 0.000000000 0.000000000 0.972902834 0.040775165 -0.227590635 -0.336828615 -0.044443220 0.998951197 -0.011013344 -0.141083183 0.226902857 0.020829774 0.973694623 -0.022759270
0 0.509763919 0.906246946 0.500000000 0.500000000 0.000000000 0.000000000 0.971054554 0.042510431 -0.235044554 -0.350637228 -0.046288315 0.998872101 -0.010576689 -0.137610789 0.234329835 0.021150358 0.971927047 -0.023873549
0 0.509763919 0.906246946 0.500000000 0.500000000 0.000000000 0.000000000 0.968990982 0.044195678 -0.243111625 -0.364467385 -0.048052963 0.998795152 -0.009956149 -0.134623405 0.242378697 0.021329653 0.969947219 -0.025690966
0 0.509763919 0.906246946 0.500000000 0.500000000 0.000000000 0.000000000 0.966785431 0.045951128 -0.251424849 -0.379570190 -0.049893629 0.998710990 -0.009324995 -0.131372471 0.250672281 0.021559767 0.967831910 -0.027726036
0 0.509763919 0.906246946 0.500000000 0.500000000 0.000000000 0.000000000 0.964299560 0.047585320 -0.260503322 -0.394821504 -0.051636666 0.998627841 -0.008726157 -0.128482616 0.259730637 0.021866154 0.965433538 -0.030668715
0 0.509763919 0.906246946 0.500000000 0.500000000 0.000000000 0.000000000 0.961531579 0.049223859 -0.270248026 -0.410398491 -0.053445533 0.998536408 -0.008280369 -0.125362728 0.269444883 0.022405386 0.962755144 -0.033892340
0 0.509763919 0.906246946 0.500000000 0.500000000 0.000000000 0.000000000 0.958486259 0.051233366 -0.280498266 -0.426102131 -0.055693965 0.998416245 -0.007948975 -0.121954711 0.279646754 0.023241043 0.959821641 -0.037188962
0 0.509763919 0.906246946 0.500000000 0.500000000 0.000000000 0.000000000 0.955273926 0.053291313 -0.290881097 -0.442416887 -0.057979163 0.998289526 -0.007514485 -0.118870989 0.289983094 0.024043433 0.956729710 -0.040957520
0 0.509763919 0.906246946 0.500000000 0.500000000 0.000000000 0.000000000 0.951890051 0.055278488 -0.301412702 -0.458801777 -0.060132459 0.998166978 -0.006842217 -0.116181813 0.300481975 0.024637725 0.953469217 -0.044738187
0 0.509763919 0.906246946 0.500000000 0.500000000 0.000000000 0.000000000 0.948311090 0.057402957 -0.312107384 -0.475149984 -0.062399805 0.998032987 -0.006037606 -0.113321748 0.311146885 0.025200969 0.950027645 -0.048848057
0 0.509763919 0.906246946 0.500000000 0.500000000 0.000000000 0.000000000 0.944510758 0.059558284 -0.323036015 -0.491373570 -0.064703740 0.997890949 -0.005202843 -0.110762646 0.322044820 0.025815779 0.946372390 -0.053525950
0 0.509763919 0.906246946 0.500000000 0.500000000 0.000000000 0.000000000 0.940652490 0.061785217 -0.333699763 -0.507603590 -0.067128018 0.997734249 -0.004491791 -0.108432426 0.332666159 0.026625818 0.942668736 -0.058672928
0 0.509763919 0.906246946 0.500000000 0.500000000 0.000000000 0.000000000 0.936731696 0.063931018 -0.344160646 -0.524407586 -0.069459207 0.997577786 -0.003743839 -0.106389788 0.343087673 0.027412100 0.938903332 -0.064933162
0 0.509763919 0.906246946 0.500000000 0.500000000 0.000000000 0.000000000 0.932717681 0.065991506 -0.354517817 -0.541578199 -0.071691476 0.997422516 -0.002951887 -0.104453469 0.353409261 0.028169185 0.935044587 -0.072054082
0 0.509763919 0.906246946 0.500000000 0.500000000 0.000000000 0.000000000 0.928707302 0.068044007 -0.364517182 -0.559541746 -0.073866241 0.997266054 -0.002035942 -0.102498659 0.363382101 0.028816309 0.931194425 -0.079120116
0 0.509763919 0.906246946 0.500000000 0.500000000 0.000000000 0.000000000 0.924466431 0.070024118 -0.374777824 -0.577989948 -0.075972080 0.997109354 -0.001099149 -0.100724662 0.373617500 0.029488778 0.927114010 -0.087003856
0 0.509763919 0.906246946 0.500000000 0.500000000 0.000000000 0.000000000 0.920010924 0.072156623 -0.385192513 -0.596371194 -0.078301847 0.996929646 -0.000268638 -0.098522559 0.383990467 0.030408435 0.922836185 -0.095202561
0 0.509763919 0.906246946 0.500000000 0.500000000 0.000000000 0.000000000 0.915620863 0.074172728 -0.395141542 -0.615274245 -0.080604009 0.996746123 0.000325620 -0.096048820 0.393879950 0.031551845 0.918620169 -0.103608106
0 0.509763919 0.906246946 0.500000000 0.500000000 0.000000000 0.000000000 0.911127806 0.076164119 -0.405024916 -0.634414454 -0.082903609 0.996557176 0.000903939 -0.093283050 0.403699338 0.032754425 0.914305210 -0.112413547
0 0.509763919 0.906246946 0.500000000 0.500000000 0.000000000 0.000000000 0.906426668 0.078199029 -0.415060967 -0.653696649 -0.085201889 0.996362329 0.001651095 -0.090061866 0.413680226 0.033867382 0.909792125 -0.122707352
0 0.509763919 0.906246946 0.500000000 0.500000000 0.000000000 0.000000000 0.901547670 0.080297902 -0.425163537 -0.673062006 -0.087502532 0.996160924 0.002591779 -0.086460927 0.423739433 0.034866273 0.905112863 -0.133067380
0 0.509763919 0.906246946 0.500000000 0.500000000 0.000000000 0.000000000 0.896790624 0.082463823 -0.434702486 -0.693536720 -0.089793488 0.995953560 0.003690288 -0.081981534 0.433247805 0.035724036 0.900566578 -0.144721031
