0 0.501491662 0.891540799 0.500000000 0.500000000 0.000000000 0.000000000 0.353874087 -0.031667624 0.934756815 -1.272930568 0.011102015 0.999498427 0.029658010 -0.238294937 -0.935227156 -0.000117517 0.354048163 -3.703276574
0 0.501491662 0.891540799 0.500000000 0.500000000 0.000000000 0.000000000 0.344051600 -0.032250542 0.938396692 -1.308255541 0.010521580 0.999479651 0.030492214 -0.242991041 -0.938891768 -0.000617479 0.344211876 -3.698233441
0 0.501491662 0.891540799 0.500000000 0.500000000 0.000000000 0.000000000 0.334100753 -0.032385431 0.941980839 -1.345447157 0.010107128 0.999475181 0.030777309 -0.245369853 -0.942483187 -0.000762001 0.334252745 -3.692231526
0 0.501491662 0.891540799 0.500000000 0.500000000 0.000000000 0.000000000 0.324692130 -0.032423574 0.945263863 -1.378449606 0.009608992 0.999473751 0.030982407 -0.248143901 -0.945770979 -0.000976710 0.324832797 -3.683740946
0 0.501491662 0.891540799 0.500000000 0.500000000 0.000000000 0.000000000 0.315088898 -0.032913905 0.948491275 -1.411864962 0.009259378 0.999457479 0.031606533 -0.251475357 -0.949016988 -0.001176429 0.315222740 -3.677225716
0 0.501491662 0.891540799 0.500000000 0.500000000 0.000000000 0.000000000 0.305325359 -0.033021148 0.951675355 -1.445966085 0.009064001 0.999454081 0.031770971 -0.252486964 -0.952204943 -0.001074496 0.305457950 -3.671747533
0 0.501491662 0.891540799 0.500000000 0.500000000 0.000000000 0.000000000 0.295915127 -0.033551566 0.954624832 -1.477279606 0.008791747 0.999436259 0.032401256 -0.254931384 -0.955173790 -0.001195202 0.296043307 -3.661904984
0 0.501491662 0.891540799 0.500000000 0.500000000 0.000000000 0.000000000 0.286454499 -0.033847976 0.957495749 -1.510043214 0.007980021 0.999425352 0.032942824 -0.260146420 -0.958060622 -0.001795784 0.286559999 -3.656676340
0 0.501491662 0.891540799 0.500000000 0.500000000 0.000000000 0.000000000 0.277364463 -0.033935912 0.960165262 -1.539249862 0.007286422 0.999421537 0.033218540 -0.263748779 -0.960737169 -0.002217474 0.277451307 -3.646895314
0 0.501491662 0.891540799 0.500000000 0.500000000 0.000000000 0.000000000 0.268439144 -0.034190118 0.962689698 -1.567396989 0.006412763 0.999411225 0.033706136 -0.269343875 -0.963275313 -0.002874546 0.268500328 -3.638112302
0 0.501491662 0.891540799 0.500000000 0.500000000 0.000000000 0.000000000 0.260003924 -0.034394775 0.964994788 -1.592425901 0.005716957 0.999402702 0.034080803 -0.273271934 -0.965590656 -0.003344309 0.260045260 -3.626903215
0 0.501491662 0.891540799 0.500000000 0.500000000 0.000000000 0.000000000 0.251459360 -0.034674335 0.967246532 -1.619405900 0.004534917 0.999389291 0.034647644 -0.281033330 -0.967857242 -0.004326091 0.251463026 -3.620639342
0 0.501491662 0.891540799 0.500000000 0.500000000 0.000000000 0.000000000 0.243027553 -0.035184544 0.969381094 -1.644790096 0.003739640 0.999368489 0.035335425 -0.286209928 -0.970012188 -0.004962345 0.243005663 -3.610948232
0 0.501491662 0.891540799 0.500000000 0.500000000 0.000000000 0.000000000 0.234593451 -0.034950797 0.971465051 -1.670181131 0.002859663 0.999373913 0.035264321 -0.289916572 -0.972089350 -0.005494716 0.234546527 -3.601900403
0 0.501491662 0.891540799 0.500000000 0.500000000 0.000000000 0.000000000 0.226335406 -0.035530947 0.973401189 -1.694645598 0.001813016 0.999348104 0.036056496 -0.297006288 -0.974047720 -0.006396069 0.226252288 -3.592799841
0 0.501491662 0.891540799 0.500000000 0.500000000 0.000000000 0.000000000 0.218751147 -0.035892565 0.975120306 -1.716294011 0.000719127 0.999328911 0.036622319 -0.303657563 -0.975780427 -0.007309938 0.218630165 -3.585757917
0 0.501491662 0.891540799 0.500000000 0.500000000 0.000000000 0.000000000 0.211676672 -0.035521694 0.976693988 -1.735313111 0.000129519 0.999340296 0.036317255 -0.304072303 -0.977339745 -0.007561016 0.211541638 -3.576180189
0 0.501491662 0.891540799 0.500000000 0.500000000 0.000000000 0.000000000 0.205032960 -0.036377817 0.978078783 -1.752611327 -0.000936578 0.999301314 0.037363485 -0.313199978 -0.978754640 -0.008576793 0.204855636 -3.571721484
0 0.501491662 0.891540799 0.500000000 0.500000000 0.000000000 0.000000000 0.198229194 -0.036783341 0.979465246 -1.769790748 -0.001457397 0.999283433 0.037822559 -0.317495009 -0.980154634 -0.008925005 0.198033527 -3.564010229
0 0.501491662 0.891540799 0.500000000 0.500000000 0.000000000 0.000000000 0.191207886 -0.036740687 0.980861723 -1.787454057 -0.001692123 0.999285400 0.037760653 -0.317614222 -0.981548131 -0.008879874 0.191009074 -3.553440465
0 0.501491662 0.891540799 0.500000000 0.500000000 0.000000000 0.000000000 0.184586018 -0.037254050 0.982110023 -1.804133820 -0.002156387 0.999263585 0.038310017 -0.321588625 -0.982814014 -0.009189303 0.184369743 -3.546055859
0 0.501491662 0.891540799 0.500000000 0.500000000 0.000000000 0.000000000 0.177878454 -0.037428349 0.983340442 -1.821287672 -0.002509245 0.999255896 0.038488034 -0.324271160 -0.984049261 -0.009313634 0.177652180 -3.537729899
0 0.501491662 0.891540799 0.500000000 0.500000000 0.000000000 0.000000000 0.171691626 -0.038294397 0.984406173 -1.837051746 -0.002980594 0.999219477 0.039390497 -0.330388934 -0.985146224 -0.009697134 0.171443462 -3.534489088
0 0.501491662 0.891540799 0.500000000 0.500000000 0.000000000 0.000000000 0.165910929 -0.038392950 0.985393107 -1.849506873 -0.002794709 0.999219537 0.039402202 -0.329617064 -0.986136794 -0.009291143 0.165674150 -3.527326055
0 0.501491662 0.891540799 0.500000000 0.500000000 0.000000000 0.000000000 0.160483718 -0.039174411 0.986260772 -1.862305788 -0.002931711 0.999188781 0.040164959 -0.333851709 -0.987034142 -0.009337253 0.160238668 -3.524492539
0 0.501491662 0.891540799 0.500000000 0.500000000 0.000000000 0.000000000 0.155404955 -0.039173178 0.987073839 -1.873568899 -0.002845055 0.999191523 0.040102009 -0.333492602 -0.987846732 -0.009040330 0.155167863 -3.520269221
0 0.501491662 0.891540799 0.500000000 0.500000000 0.000000000 0.000000000 0.150499329 -0.039415419 0.987824082 -1.884403987 -0.002971977 0.999182343 0.040321421 -0.334803755 -0.988605618 -0.009004137 0.150259137 -3.516768351
0 0.501491662 0.891540799 0.500000000 0.500000000 0.000000000 0.000000000 0.146015272 -0.039486844 0.988493979 -1.893560377 -0.003359639 0.999177516 0.040409882 -0.337229958 -0.989276648 -0.009221443 0.145762518 -3.514232601
0 0.501491662 0.891540799 0.500000000 0.500000000 0.000000000 0.000000000 0.142102286 -0.040435541 0.989025712 -1.901209185 -0.004091170 0.999132752 0.041436575 -0.345207386 -0.989843547 -0.009934505 0.141813621 -3.515132215
0 0.501491662 0.891540799 0.500000000 0.500000000 0.000000000 0.000000000 0.138378128 -0.040901981 0.989534497 -1.907260666 -0.004534497 0.999110162 0.041931901 -0.349706138 -0.990369081 -0.010289500 0.138069525 -3.514107957
0 0.501491662 0.891540799 0.500000000 0.500000000 0.000000000 0.000000000 0.134902850 -0.041640781 0.989983439 -1.912799492 -0.004949996 0.999075770 0.042697746 -0.354707386 -0.990846455 -0.010660462 0.134572044 -3.513766895
0 0.501491662 0.891540799 0.500000000 0.500000000 0.000000000 0.000000000 0.131380364 -0.041919027 0.990445375 -1.918969232 -0.005055383 0.999064267 0.042954393 -0.355725199 -0.991319120 -0.010650444 0.131045505 -3.513964494
0 0.501491662 0.891540799 0.500000000 0.500000000 0.000000000 0.000000000 0.127182603 -0.042064395 0.990986943 -1.929319040 -0.005055727 0.999059856 0.043055914 -0.356372323 -0.991866410 -0.010486122 0.126850367 -3.514713447
0 0.501491662 0.891540799 0.500000000 0.500000000 0.000000000 0.000000000 0.123337418 -0.042524301 0.991453230 -1.936692637 -0.004960085 0.999042571 0.043466847 -0.357788927 -0.992352426 -0.010278781 0.123008400 -3.513220719
0 0.501491662 0.891540799 0.500000000 0.500000000 0.000000000 0.000000000 0.119507924 -0.043243594 0.991891026 -1.943784567 -0.004794587 0.999014199 0.044131819 -0.359150070 -0.992821693 -0.010029810 0.119182780 -3.511382559
0 0.501491662 0.891540799 0.500000000 0.500000000 0.000000000 0.000000000 0.115783200 -0.044263564 0.992287755 -1.951460206 -0.005271464 0.998965085 0.045176517 -0.366368542 -0.993260503 -0.010461491 0.115430042 -3.514625837
0 0.501491662 0.891540799 0.500000000 0.500000000 0.000000000 0.000000000 0.111633688 -0.044519264 0.992751718 -1.960958423 -0.004779617 0.998960376 0.045335151 -0.364746464 -0.993737936 -0.009805903 0.111304849 -3.513886506
0 0.501491662 0.891540799 0.500000000 0.500000000 0.000000000 0.000000000 0.107541241 -0.044998068 0.993181765 -1.970833725 -0.003839166 0.998948991 0.045675065 -0.361017493 -0.994193196 -0.008724943 0.107255451 -3.514489627
0 0.501491662 0.891540799 0.500000000 0.500000000 0.000000000 0.000000000 0.103868246 -0.045796849 0.993536115 -1.977928176 -0.003115966 0.998919427 0.046370748 -0.360255123 -0.994586170 -0.007912273 0.103613310 -3.515539372
0 0.501491662 0.891540799 0.500000000 0.500000000 0.000000000 0.000000000 0.100330405 -0.046496961 0.993867099 -1.985392233 -0.002314388 0.998893797 0.046965767 -0.358140298 -0.994951487 -0.007012289 0.100111812 -3.518629509
0 0.501491662 0.891540799 0.500000000 0.500000000 0.000000000 0.000000000 0.096684799 -0.047090799 0.994200408 -1.993400170 -0.001302513 0.998873293 0.047438800 -0.355177481 -0.995314181 -0.005881570 0.096514530 -3.520580114
0 0.501491662 0.891540799 0.500000000 0.500000000 0.000000000 0.000000000 0.092466183 -0.047498267 0.994582295 -2.003291148 -0.000266850 0.998860359 0.047727384 -0.352218970 -0.995715797 -0.004678573 0.092348136 -3.522242082
0 0.501491662 0.891540799 0.500000000 0.500000000 0.000000000 0.000000000 0.088058546 -0.048237342 0.994946659 -2.013548165 0.000952764 0.998830438 0.048341312 -0.348958168 -0.996114850 -0.003308917 0.088001512 -3.523596514
0 0.501491662 0.891540799 0.500000000 0.500000000 0.000000000 0.000000000 0.084199838 -0.048951741 0.995245755 -2.023028427 0.002022545 0.998798907 0.048955392 -0.345410261 -0.996446848 -0.002109107 0.084197715 -3.527541310
0 0.501491662 0.891540799 0.500000000 0.500000000 0.000000000 0.000000000 0.081209645 -0.049910992 0.995446563 -2.028293635 0.003000395 0.998753130 0.049832005 -0.343823766 -0.996692538 -0.001060106 0.081258141 -3.533016021
0 0.501491662 0.891540799 0.500000000 0.500000000 0.000000000 0.000000000 0.077598862 -0.050662573 0.995696604 -2.035194088 0.003914509 0.998715818 0.050511122 -0.342380200 -0.996976972 -0.000021942 0.077697530 -3.536951588
0 0.501491662 0.891540799 0.500000000 0.500000000 0.000000000 0.000000000 0.074070536 -0.051394321 0.995927811 -2.042872164 0.004922071 0.998677790 0.051170163 -0.339462424 -0.997240841 0.001111826 0.074225567 -3.541535345
0 0.501491662 0.891540799 0.500000000 0.500000000 0.000000000 0.000000000 0.071204968 -0.052042346 0.996103108 -2.048216156 0.005590171 0.998643100 0.051775444 -0.337471821 -0.997446060 0.001881718 0.071399279 -3.548609154
0 0.501491662 0.891540799 0.500000000 0.500000000 0.000000000 0.000000000 0.068253413 -0.052316222 0.996295393 -2.053313691 0.006087405 0.998627424 0.052021649 -0.335349414 -0.997649431 0.002514198 0.068478204 -3.553361906
0 0.501491662 0.891540799 0.500000000 0.500000000 0.000000000 0.000000000 0.065568633 -0.053060796 0.996436298 -2.056972544 0.006530250 0.998586655 0.052745588 -0.334997109 -0.997826695 0.003048522 0.065822460 -3.558592266
0 0.501491662 0.891540799 0.500000000 0.500000000 0.000000000 0.000000000 0.062673293 -0.053683478 0.996589243 -2.061210910 0.006866479 0.998551846 0.053357381 -0.335643169 -0.998010457 0.003498977 0.062951155 -3.563320473
0 0.501491662 0.891540799 0.500000000 0.500000000 0.000000000 0.000000000 0.059610162 -0.054217387 0.996748269 -2.066448233 0.007153740 0.998521447 0.053886011 -0.335673308 -0.998196125 0.003918324 0.059909884 -3.570323364
0 0.501491662 0.891540799 0.500000000 0.500000000 0.000000000 0.000000000 0.056225572 -0.054593571 0.996924400 -2.073985688 0.007201466 0.998500109 0.054273706 -0.336000195 -0.998392105 0.004127747 0.056534395 -3.575431426
0 0.501491662 0.891540799 0.500000000 0.500000000 0.000000000 0.000000000 0.053445317 -0.054974947 0.997056365 -2.079135667 0.007294872 0.998478234 0.054662321 -0.335546565 -0.998544157 0.004351953 0.053765021 -3.580159685
0 0.501491662 0.891540799 0.500000000 0.500000000 0.000000000 0.000000000 0.051206958 -0.055106129 0.997166574 -2.081464204 0.007136588 0.998471200 0.054811746 -0.336365200 -0.998662591 0.004309624 0.051521942 -3.585263617
0 0.501491662 0.891540799 0.500000000 0.500000000 0.000000000 0.000000000 0.049208716 -0.055501349 0.997245252 -2.082274072 0.007408369 0.998447657 0.055202708 -0.335449250 -0.998761058 0.004671507 0.049543500 -3.592198469
0 0.501491662 0.891540799 0.500000000 0.500000000 0.000000000 0.000000000 0.047232747 -0.055723250 0.997328401 -2.084245651 0.007951890 0.998432100 0.055408321 -0.332887241 -0.998852253 0.005313559 0.047601797 -3.599022622
0 0.501491662 0.891540799 0.500000000 0.500000000 0.000000000 0.000000000 0.045541283 -0.056298081 0.997374833 -2.085525699 0.008219709 0.998398006 0.055980518 -0.332832204 -0.998928666 0.005648706 0.045931082 -3.606565993
0 0.501491662 0.891540799 0.500000000 0.500000000 0.000000000 0.000000000 0.043898825 -0.056656275 0.997428179 -2.085210632 0.007982498 0.998378634 0.056358937 -0.334086888 -0.999004066 0.005487877 0.044279907 -3.613106038
0 0.501491662 0.891540799 0.500000000 0.500000000 0.000000000 0.000000000 0.042231649 -0.057565764 0.997448087 -2.085348592 0.007393966 0.998329401 0.057303570 -0.340115325 -0.999080479 0.004955073 0.042586736 -3.619450497
0 0.501491662 0.891540799 0.500000000 0.500000000 0.000000000 0.000000000 0.040290873 -0.057387382 0.997538626 -2.088815327 0.007804690 0.998336911 0.057118073 -0.336183270 -0.999157488 0.005484143 0.040671755 -3.624914243
0 0.501491662 0.891540799 0.500000000 0.500000000 0.000000000 0.000000000 0.038405500 -0.058387414 0.997554958 -2.090188325 0.007855286 0.998278260 0.058127325 -0.339468786 -0.999231339 0.005603670 0.038798027 -3.630132709
0 0.501491662 0.891540799 0.500000000 0.500000000 0.000000000 0.000000000 0.035949484 -0.058726311 0.997626603 -2.096046106 0.007875747 0.998257518 0.058479648 -0.339855107 -0.999322593 0.005754741 0.036349356 -3.634106340
0 0.501491662 0.891540799 0.500000000 0.500000000 0.000000000 0.000000000 0.033479601 -0.058937635 0.997700095 -2.101184024 0.007529045 0.998246253 0.058717251 -0.340318350 -0.999411047 0.005545898 0.033864629 -3.635813313
0 0.501491662 0.891540799 0.500000000 0.500000000 0.000000000 0.000000000 0.030714499 -0.059119008 0.997778296 -2.107543445 0.006975298 0.998237669 0.058931503 -0.343023684 -0.999503851 0.005149750 0.031072741 -3.638577838
0 0.501491662 0.891540799 0.500000000 0.500000000 0.000000000 0.000000000 0.027473465 -0.059152540 0.997870803 -2.116123855 0.007075856 0.998234153 0.058979265 -0.342178936 -0.999597490 0.005440426 0.027843503 -3.638351452
0 0.501491662 0.891540799 0.500000000 0.500000000 0.000000000 0.000000000 0.024528520 -0.059781723 0.997910082 -2.123578728 0.007060817 0.998195887 0.059625290 -0.344109253 -0.999674201 0.005583541 0.024906375 -3.640018714
0 0.501491662 0.891540799 0.500000000 0.500000000 0.000000000 0.000000000 0.021536754 -0.060099553 0.997960031 -2.131413625 0.006711726 0.998177767 0.059967820 -0.345838030 -0.999745548 0.005406521 0.021900881 -3.641060691
0 0.501491662 0.891540799 0.500000000 0.500000000 0.000000000 0.000000000 0.018433131 -0.060825326 0.997978210 -2.139684420 0.006470167 0.998134136 0.060715321 -0.347790144 -0.999809146 0.005337912 0.018792288 -3.642081793
0 0.501491662 0.891540799 0.500000000 0.500000000 0.000000000 0.000000000 0.015330148 -0.060830668 0.998030365 -2.148573457 0.006497599 0.998132646 0.060737096 -0.346749191 -0.999861360 0.005553693 0.015696775 -3.642603977
0 0.501491662 0.891540799 0.500000000 0.500000000 0.000000000 0.000000000 0.011842660 -0.061031170 0.998065591 -2.158545313 0.006549616 0.998118937 0.060956717 -0.346447867 -0.999908447 0.005815057 0.012220114 -3.643931380
0 0.501491662 0.891540799 0.500000000 0.500000000 0.000000000 0.000000000 0.008345573 -0.061580397 0.998067260 -2.169217552 0.006455509 0.998084486 0.061527483 -0.347594234 -0.999944329 0.005929550 0.008727120 -3.643747847
0 0.501491662 0.891540799 0.500000000 0.500000000 0.000000000 0.000000000 0.005088010 -0.062649973 0.998022616 -2.177136546 0.006177956 0.998018444 0.062618218 -0.351847561 -0.999967992 0.005847137 0.005464977 -3.645022070
0 0.501491662 0.891540799 0.500000000 0.500000000 0.000000000 0.000000000 0.001370864 -0.062744930 0.998028636 -2.188897189 0.006744717 0.998007476 0.062734336 -0.347962016 -0.999976337 0.006645420 0.001791330 -3.644587234
0 0.501491662 0.891540799 0.500000000 0.500000000 0.000000000 0.000000000 -0.001890815 -0.063272335 0.997994483 -2.198379951 0.007145483 0.997969985 0.063284315 -0.346850332 -0.999972701 0.007250811 -0.001434865 -3.645539186
0 0.501491662 0.891540799 0.500000000 0.500000000 0.000000000 0.000000000 -0.005159993 -0.063768156 0.997951388 -2.207758802 0.007301931 0.997935653 0.063804902 -0.347116271 -0.999960005 0.007616205 -0.004683711 -3.646334495
0 0.501491662 0.891540799 0.500000000 0.500000000 0.000000000 0.000000000 -0.008472709 -0.064137749 0.997905076 -2.217570084 0.007578220 0.997908115 0.064202286 -0.346164372 -0.999935389 0.008106312 -0.007968935 -3.646782196
0 0.501491662 0.891540799 0.500000000 0.500000000 0.000000000 0.000000000 -0.011898447 -0.064195134 0.997866452 -2.227566589 0.007915864 0.997899771 0.064291663 -0.344377561 -0.999897897 0.008663946 -0.011365297 -3.647625991
0 0.501491662 0.891540799 0.500000000 0.500000000 0.000000000 0.000000000 -0.015162000 -0.064724192 0.997788012 -2.236703222 0.008685089 0.997856557 0.064860612 -0.341816036 -0.999847353 0.009649293 -0.014567366 -3.650932993
0 0.501491662 0.891540799 0.500000000 0.500000000 0.000000000 0.000000000 -0.018930549 -0.065517865 0.997671783 -2.247548321 0.008794671 0.997801125 0.065693229 -0.343874351 -0.999782145 0.010017804 -0.018312715 -3.651140987
0 0.501491662 0.891540799 0.500000000 0.500000000 0.000000000 0.000000000 -0.022867633 -0.065972313 0.997559369 -2.260587035 0.009094534 0.997765303 0.066194408 -0.343306639 -0.999697149 0.010586048 -0.022216544 -3.652535219
