0 0.498225758 0.885734669 0.500000000 0.500000000 0.000000000 0.000000000 0.999065161 -0.021524869 -0.037489768 -0.134515146 0.021738198 0.999749720 0.005291995 0.398457864 0.037366476 -0.006102008 0.999283016 -2.512796129
0 0.498225758 0.885734669 0.500000000 0.500000000 0.000000000 0.000000000 0.999034584 -0.021393187 -0.038369779 -0.136428717 0.021604264 0.999753594 0.005094914 0.403387210 0.038251329 -0.005918946 0.999250591 -2.544042648
0 0.498225758 0.885734669 0.500000000 0.500000000 0.000000000 0.000000000 0.998997629 -0.021039240 -0.039509963 -0.135464207 0.021253631 0.999761522 0.005014015 0.407880975 0.039395049 -0.005848720 0.999206603 -2.574198001
0 0.498225758 0.885734669 0.500000000 0.500000000 0.000000000 0.000000000 0.998928905 -0.021472968 -0.040987175 -0.135293879 0.021692611 0.999752581 0.004921551 0.410913791 0.040871352 -0.005805399 0.999147534 -2.604019000
0 0.498225758 0.885734669 0.500000000 0.500000000 0.000000000 0.000000000 0.998886049 -0.020550100 -0.042477544 -0.133646282 0.020749118 0.999775708 0.004249670 0.419158236 0.042380683 -0.005126308 0.999088407 -2.632541702
0 0.498225758 0.885734669 0.500000000 0.500000000 0.000000000 0.000000000 0.998799384 -0.020751571 -0.044375923 -0.129150394 0.020961594 0.999771178 0.004272676 0.421719234 0.044277102 -0.005197736 0.999005795 -2.659536537
0 0.498225758 0.885734669 0.500000000 0.500000000 0.000000000 0.000000000 0.998757780 -0.020274587 -0.045517012 -0.130436962 0.020461544 0.999783993 0.003645224 0.428133650 0.045433275 -0.004572044 0.998956919 -2.688747458
0 0.498225758 0.885734669 0.500000000 0.500000000 0.000000000 0.000000000 0.998705924 -0.019542240 -0.046952959 -0.129375835 0.019712059 0.999800742 0.003156452 0.434578793 0.046881918 -0.004077907 0.998892128 -2.718514596
0 0.498225758 0.885734669 0.500000000 0.500000000 0.000000000 0.000000000 0.998659730 -0.019253880 -0.048041698 -0.131518532 0.019397072 0.999808669 0.002516110 0.441184433 0.047984060 -0.003444606 0.998842180 -2.748898719
0 0.498225758 0.885734669 0.500000000 0.500000000 0.000000000 0.000000000 0.998582602 -0.018421575 -0.049934261 -0.127768490 0.018536378 0.999826491 0.001836937 0.448441646 0.049891759 -0.002759933 0.998750806 -2.776098242
0 0.498225758 0.885734669 0.500000000 0.500000000 0.000000000 0.000000000 0.998537004 -0.018144462 -0.050937321 -0.131116696 0.018228989 0.999833107 0.001195321 0.454865568 0.050907131 -0.002122109 0.998701155 -2.805594381
0 0.498225758 0.885734669 0.500000000 0.500000000 0.000000000 0.000000000 0.998480558 -0.018006688 -0.052079838 -0.133136877 0.018076019 0.999836266 0.000860498 0.459230932 0.052055817 -0.001800587 0.998642564 -2.834976644
0 0.498225758 0.885734669 0.500000000 0.500000000 0.000000000 0.000000000 0.998410463 -0.016831513 -0.053788755 -0.130894305 0.016849084 0.999858022 -0.000126832 0.468977930 0.053783253 -0.000779661 0.998552322 -2.864799741
0 0.498225758 0.885734669 0.500000000 0.500000000 0.000000000 0.000000000 0.998316348 -0.016578477 -0.055584703 -0.128465400 0.016545389 0.999862552 -0.001055462 0.477296215 0.055594560 0.000134014 0.998453438 -2.895469199
0 0.498225758 0.885734669 0.500000000 0.500000000 0.000000000 0.000000000 0.998233497 -0.016377319 -0.057110883 -0.127805652 0.016303953 0.999865532 -0.001750345 0.484669361 0.057131872 0.000816119 0.998366296 -2.926119964
0 0.498225758 0.885734669 0.500000000 0.500000000 0.000000000 0.000000000 0.998169959 -0.016095998 -0.058288965 -0.129814290 0.015990445 0.999869525 -0.002276854 0.490979430 0.058318011 0.001340621 0.998297155 -2.958042978
0 0.498225758 0.885734669 0.500000000 0.500000000 0.000000000 0.000000000 0.998071492 -0.015300786 -0.060159385 -0.127692927 0.015146730 0.999880731 -0.003016016 0.499016000 0.060198359 0.002098982 0.998184204 -2.986820170
0 0.498225758 0.885734669 0.500000000 0.500000000 0.000000000 0.000000000 0.997953057 -0.015131478 -0.062134966 -0.125274915 0.014956616 0.999882758 -0.003278405 0.503725419 0.062177289 0.002342365 0.998062372 -3.014828024
0 0.498225758 0.885734669 0.500000000 0.500000000 0.000000000 0.000000000 0.997848153 -0.014227936 -0.064005032 -0.122196357 0.014028847 0.999895275 -0.003558884 0.509367963 0.064048961 0.002653309 0.997943223 -3.042694910
0 0.498225758 0.885734669 0.500000000 0.500000000 0.000000000 0.000000000 0.997720122 -0.013821656 -0.066057205 -0.118481240 0.013582261 0.999899447 -0.004071790 0.515643613 0.066106841 0.003165300 0.997807503 -3.068494735
0 0.498225758 0.885734669 0.500000000 0.500000000 0.000000000 0.000000000 0.997536838 -0.013510598 -0.068831168 -0.109899774 0.013243975 0.999902904 -0.004328475 0.520568689 0.068882965 0.003406215 0.997618914 -3.095268487
0 0.498225758 0.885734669 0.500000000 0.500000000 0.000000000 0.000000000 0.997390985 -0.012981324 -0.071012177 -0.104703087 0.012682654 0.999908745 -0.004655187 0.525648053 0.071066126 0.003742418 0.997464597 -3.122591916
0 0.498225758 0.885734669 0.500000000 0.500000000 0.000000000 0.000000000 0.997181237 -0.011920494 -0.074077412 -0.094146316 0.011543821 0.999918163 -0.005510961 0.534066910 0.074137039 0.004640291 0.997237265 -3.149568595
0 0.498225758 0.885734669 0.500000000 0.500000000 0.000000000 0.000000000 0.997026622 -0.011470738 -0.076199472 -0.090531958 0.010984972 0.999916613 -0.006791012 0.545281687 0.076271020 0.005933771 0.997069478 -3.179059382
0 0.498225758 0.885734669 0.500000000 0.500000000 0.000000000 0.000000000 0.996806622 -0.011511659 -0.079019196 -0.081587273 0.010944900 0.999911189 -0.007601809 0.552734171 0.079099685 0.006712676 0.996844113 -3.208395428
0 0.498225758 0.885734669 0.500000000 0.500000000 0.000000000 0.000000000 0.996609390 -0.010933965 -0.081548572 -0.075671573 0.010261974 0.999909878 -0.008654962 0.562499522 0.081635855 0.007788767 0.996631801 -3.236807009
0 0.498225758 0.885734669 0.500000000 0.500000000 0.000000000 0.000000000 0.996401191 -0.010563322 -0.084101327 -0.068616183 0.009788453 0.999905825 -0.009620562 0.571324054 0.084195033 0.008762718 0.996410787 -3.265297539
0 0.498225758 0.885734669 0.500000000 0.500000000 0.000000000 0.000000000 0.996241033 -0.009989101 -0.086046353 -0.066442702 0.009129766 0.999904513 -0.010374622 0.579140305 0.086141765 0.009550042 0.996237099 -3.294000981
0 0.498225758 0.885734669 0.500000000 0.500000000 0.000000000 0.000000000 0.996064901 -0.008994783 -0.088169001 -0.062987734 0.008019134 0.999902725 -0.011413643 0.588622337 0.088263087 0.010661690 0.996040165 -3.322540680
0 0.498225758 0.885734669 0.500000000 0.500000000 0.000000000 0.000000000 0.995904863 -0.008471818 -0.090009317 -0.062192005 0.007385975 0.999895990 -0.012389917 0.597561923 0.090104923 0.011674372 0.995863855 -3.352374910
0 0.498225758 0.885734669 0.500000000 0.500000000 0.000000000 0.000000000 0.995747745 -0.008078397 -0.091766611 -0.060918889 0.006920937 0.999892533 -0.012924327 0.603987412 0.091861151 0.012234258 0.995696664 -3.380592861
0 0.498225758 0.885734669 0.500000000 0.500000000 0.000000000 0.000000000 0.995558739 -0.007921523 -0.093808360 -0.058593860 0.006655020 0.999882519 -0.013806120 0.612695377 0.093906708 0.013120507 0.995494545 -3.408998436
0 0.498225758 0.885734669 0.500000000 0.500000000 0.000000000 0.000000000 0.995359480 -0.007459229 -0.095936678 -0.055366976 0.006099992 0.999876916 -0.014453560 0.619864691 0.096032687 0.013801276 0.995282471 -3.436434579
0 0.498225758 0.885734669 0.500000000 0.500000000 0.000000000 0.000000000 0.995198369 -0.007023514 -0.097626254 -0.055002627 0.005537922 0.999864817 -0.015479793 0.630025060 0.097721778 0.014864818 0.995102763 -3.465084883
0 0.498225758 0.885734669 0.500000000 0.500000000 0.000000000 0.000000000 0.995020807 -0.006772810 -0.099436991 -0.053914222 0.005236663 0.999863029 -0.015701331 0.634956520 0.099529713 0.015102434 0.994919956 -3.494872036
0 0.498225758 0.885734669 0.500000000 0.500000000 0.000000000 0.000000000 0.994834602 -0.006759606 -0.101283647 -0.053691628 0.005202486 0.999864280 -0.015630119 0.638133395 0.101375557 0.015022457 0.994734824 -3.525317550
0 0.498225758 0.885734669 0.500000000 0.500000000 0.000000000 0.000000000 0.994610786 -0.006378215 -0.103482857 -0.049649083 0.004779405 0.999865472 -0.015690612 0.641548465 0.103569016 0.015111465 0.994507492 -3.553709976
0 0.498225758 0.885734669 0.500000000 0.500000000 0.000000000 0.000000000 0.994415224 -0.005730835 -0.105382569 -0.049186109 0.004044742 0.999860466 -0.016206492 0.648707369 0.105460741 0.015689736 0.994299710 -3.583566442
0 0.498225758 0.885734669 0.500000000 0.500000000 0.000000000 0.000000000 0.994215488 -0.005279863 -0.107273608 -0.048046205 0.003546991 0.999860227 -0.016338143 0.653615258 0.107344873 0.015863137 0.994095266 -3.614681464
0 0.498225758 0.885734669 0.500000000 0.500000000 0.000000000 0.000000000 0.994008780 -0.005073149 -0.109182239 -0.047184661 0.003298696 0.999859631 -0.016426701 0.657593499 0.109250247 0.015968127 0.993885994 -3.646726321
0 0.498225758 0.885734669 0.500000000 0.500000000 0.000000000 0.000000000 0.993821740 -0.004918140 -0.110879131 -0.047603965 0.003073622 0.999854147 -0.016800193 0.663660342 0.110945582 0.016355596 0.993691862 -3.677076092
0 0.498225758 0.885734669 0.500000000 0.500000000 0.000000000 0.000000000 0.993540764 -0.005022558 -0.113364674 -0.042506003 0.003096568 0.999847949 -0.017159030 0.669618436 0.113433622 0.016697155 0.993405282 -3.706489187
0 0.498225758 0.885734669 0.500000000 0.500000000 0.000000000 0.000000000 0.993314326 -0.004830825 -0.115339950 -0.041889029 0.002941149 0.999858737 -0.016548108 0.668278321 0.115403593 0.016098240 0.993188202 -3.738301092
0 0.498225758 0.885734669 0.500000000 0.500000000 0.000000000 0.000000000 0.993006527 -0.004810022 -0.117961325 -0.036591974 0.002846609 0.999854684 -0.016807394 0.673627750 0.118025027 0.016354062 0.992875934 -3.767667138
0 0.498225758 0.885734669 0.500000000 0.500000000 0.000000000 0.000000000 0.992785215 -0.004730351 -0.119812936 -0.037396691 0.002720581 0.999852955 -0.016932253 0.678208093 0.119875409 0.016484130 0.992652059 -3.798677900
0 0.498225758 0.885734669 0.500000000 0.500000000 0.000000000 0.000000000 0.992462635 -0.004240690 -0.122474283 -0.032242560 0.002093735 0.999841988 -0.017653231 0.686997644 0.122529790 0.017263744 0.992314696 -3.829912290
0 0.498225758 0.885734669 0.500000000 0.500000000 0.000000000 0.000000000 0.992071331 -0.003180280 -0.125635698 -0.023051142 0.000828374 0.999823511 -0.018767850 0.698098225 0.125673205 0.018514974 0.991898894 -3.857187033
0 0.498225758 0.885734669 0.500000000 0.500000000 0.000000000 0.000000000 0.991662323 -0.001827308 -0.128850773 -0.013794961 -0.000694876 0.999809086 -0.019526791 0.707988250 0.128861845 0.019453518 0.991471708 -3.888290332
0 0.498225758 0.885734669 0.500000000 0.500000000 0.000000000 0.000000000 0.991274118 -0.001704892 -0.131805509 -0.007515848 -0.000907063 0.999804437 -0.019754153 0.713590510 0.131813422 0.019701336 0.991078734 -3.920392119
0 0.498225758 0.885734669 0.500000000 0.500000000 0.000000000 0.000000000 0.990863800 -0.001850968 -0.134853512 -0.000787257 -0.000869599 0.999797344 -0.020112542 0.719643740 0.134863406 0.020046059 0.990661383 -3.948836515
0 0.498225758 0.885734669 0.500000000 0.500000000 0.000000000 0.000000000 0.990329802 -0.001115373 -0.138728753 0.012143383 -0.001772938 0.999784291 -0.020694526 0.727348568 0.138721898 0.020740362 0.990114152 -3.976103651
0 0.498225758 0.885734669 0.500000000 0.500000000 0.000000000 0.000000000 0.989685297 0.000420348 -0.143257990 0.030549283 -0.003525958 0.999764264 -0.021425266 0.736951639 0.143215209 0.021709392 0.989453435 -4.001892581
0 0.498225758 0.885734669 0.500000000 0.500000000 0.000000000 0.000000000 0.989108145 0.000567717 -0.147189468 0.042910735 -0.003856725 0.999749184 -0.022060977 0.744574676 0.147140026 0.022388363 0.988862276 -4.029629593
0 0.498225758 0.885734669 0.500000000 0.500000000 0.000000000 0.000000000 0.988422453 0.001343331 -0.151720777 0.059795919 -0.004819165 0.999734223 -0.022544025 0.752327553 0.151650161 0.023014188 0.988166273 -4.058985588
0 0.498225758 0.885734669 0.500000000 0.500000000 0.000000000 0.000000000 0.987683475 0.002350593 -0.156447560 0.076944232 -0.005998943 0.999720871 -0.022851875 0.759267765 0.156350181 0.023508940 0.987421870 -4.088629178
0 0.498225758 0.885734669 0.500000000 0.500000000 0.000000000 0.000000000 0.986828148 0.003556519 -0.161732838 0.098039108 -0.007376422 0.999707699 -0.023024276 0.765468947 0.161603674 0.023914015 0.986565948 -4.118238166
0 0.498225758 0.885734669 0.500000000 0.500000000 0.000000000 0.000000000 0.985797584 0.004759288 -0.167870492 0.125156637 -0.008817598 0.999686420 -0.023438131 0.773133892 0.167706296 0.024585469 0.985530376 -4.144508051
0 0.498225758 0.885734669 0.500000000 0.500000000 0.000000000 0.000000000 0.984688103 0.006574168 -0.174201399 0.153892522 -0.010920778 0.999652207 -0.024004849 0.782767843 0.173983008 0.025539704 0.984417439 -4.170987686
0 0.498225758 0.885734669 0.500000000 0.500000000 0.000000000 0.000000000 0.983401895 0.007767692 -0.181274310 0.187770247 -0.012329681 0.999634624 -0.024052927 0.787995156 0.181021243 0.025888748 0.983138382 -4.196147570
0 0.498225758 0.885734669 0.500000000 0.500000000 0.000000000 0.000000000 0.982069492 0.009539785 -0.188277736 0.221131547 -0.014438386 0.999591529 -0.024663620 0.797685873 0.187965557 0.026939815 0.981806099 -4.221120098
0 0.498225758 0.885734669 0.500000000 0.500000000 0.000000000 0.000000000 0.980557024 0.010905858 -0.195931107 0.258954431 -0.016143275 0.999553263 -0.025153818 0.806379853 0.195569247 0.027827721 0.980295002 -4.245197218
0 0.498225758 0.885734669 0.500000000 0.500000000 0.000000000 0.000000000 0.978718519 0.012704594 -0.204813600 0.305649067 -0.018095475 0.999536812 -0.024469413 0.807900274 0.204407856 0.027654868 0.978495061 -4.267667943
0 0.498225758 0.885734669 0.500000000 0.500000000 0.000000000 0.000000000 0.976746917 0.015061518 -0.213865846 0.353927520 -0.020792777 0.999481738 -0.024574131 0.815801356 0.213384897 0.028449571 0.976553917 -4.289274884
0 0.498225758 0.885734669 0.500000000 0.500000000 0.000000000 0.000000000 0.974654913 0.016765341 -0.223084494 0.403032892 -0.022760784 0.999444842 -0.024331039 0.820590152 0.222552732 0.028791945 0.974495411 -4.308518223
0 0.498225758 0.885734669 0.500000000 0.500000000 0.000000000 0.000000000 0.972249627 0.019180808 -0.233158126 0.458886451 -0.025398117 0.999396622 -0.023692396 0.822700116 0.232563004 0.028956702 0.972150147 -4.328774598
0 0.498225758 0.885734669 0.500000000 0.500000000 0.000000000 0.000000000 0.969584286 0.020130327 -0.243928388 0.518586715 -0.026898963 0.999339104 -0.024448927 0.836450260 0.243275017 0.030266717 0.969484985 -4.345861566
0 0.498225758 0.885734669 0.500000000 0.500000000 0.000000000 0.000000000 0.967094183 0.021861603 -0.253477603 0.569366026 -0.028627357 0.999324739 -0.023033628 0.832407343 0.252802908 0.029532082 0.967067003 -4.364281640
0 0.498225758 0.885734669 0.500000000 0.500000000 0.000000000 0.000000000 0.964307606 0.024469551 -0.263651401 0.625366250 -0.031490263 0.999252260 -0.022435104 0.834403378 0.262905270 0.029936794 0.964357078 -4.378604494
0 0.498225758 0.885734669 0.500000000 0.500000000 0.000000000 0.000000000 0.961316526 0.027224217 -0.274097353 0.684435551 -0.034502346 0.999167562 -0.021766432 0.836673229 0.273276627 0.030381432 0.961455584 -4.392704272
0 0.498225758 0.885734669 0.500000000 0.500000000 0.000000000 0.000000000 0.958530545 0.029607933 -0.283447653 0.735030625 -0.037499253 0.999044359 -0.022454033 0.849964885 0.282511950 0.032151952 0.958724797 -4.408184654
0 0.498225758 0.885734669 0.500000000 0.500000000 0.000000000 0.000000000 0.955767453 0.031105319 -0.292474002 0.781455378 -0.039379571 0.998972237 -0.022444256 0.857050947 0.291475266 0.032968991 0.956010044 -4.423473074
0 0.498225758 0.885734669 0.500000000 0.500000000 0.000000000 0.000000000 0.952723980 0.033093031 -0.302029639 0.833520798 -0.041571818 0.998900115 -0.021686064 0.857637289 0.300979793 0.033216752 0.953051865 -4.438098283
0 0.498225758 0.885734669 0.500000000 0.500000000 0.000000000 0.000000000 0.949714899 0.035622489 -0.311082989 0.883196587 -0.044225167 0.998808324 -0.020641642 0.856801883 0.309976965 0.033361372 0.950158536 -4.453977646
0 0.498225758 0.885734669 0.500000000 0.500000000 0.000000000 0.000000000 0.946506679 0.037545282 -0.320492476 0.935464160 -0.046678863 0.998692095 -0.020860644 0.865396099 0.319290072 0.034704965 0.947021365 -4.467235874
0 0.498225758 0.885734669 0.500000000 0.500000000 0.000000000 0.000000000 0.943420053 0.039547838 -0.329233319 0.982094308 -0.049048554 0.998583972 -0.020598019 0.869934925 0.327952504 0.035581004 0.944023907 -4.481587480
0 0.498225758 0.885734669 0.500000000 0.500000000 0.000000000 0.000000000 0.940432549 0.040900547 -0.337511063 1.025082354 -0.050578866 0.998521209 -0.019928079 0.871066661 0.336196899 0.035811942 0.941110611 -4.498187065
0 0.498225758 0.885734669 0.500000000 0.500000000 0.000000000 0.000000000 0.937488258 0.042333901 -0.345432460 1.066710373 -0.052050196 0.998465657 -0.018896606 0.868945432 0.344102502 0.035695173 0.938253343 -4.514717039
0 0.498225758 0.885734669 0.500000000 0.500000000 0.000000000 0.000000000 0.934197962 0.043502443 -0.354092807 1.113601303 -0.053621240 0.998384178 -0.018810613 0.874661051 0.352702349 0.036559731 0.935021102 -4.527649052
0 0.498225758 0.885734669 0.500000000 0.500000000 0.000000000 0.000000000 0.931098759 0.044768345 -0.362009585 1.155360488 -0.054847091 0.998339534 -0.017607410 0.871766760 0.360620201 0.036249410 0.932008088 -4.542859742
0 0.498225758 0.885734669 0.500000000 0.500000000 0.000000000 0.000000000 0.928034186 0.045630686 -0.369689584 1.195280588 -0.056042690 0.998275578 -0.017467448 0.876007086 0.368255019 0.036928788 0.928991139 -4.559006150
0 0.498225758 0.885734669 0.500000000 0.500000000 0.000000000 0.000000000 0.924916506 0.046771280 -0.377282292 1.234801466 -0.057063401 0.998240054 -0.016141526 0.871540705 0.375863343 0.036458574 0.925957620 -4.575477203
