0 0.498341806 0.885940994 0.500000000 0.500000000 0.000000000 0.000000000 0.999790609 0.000186565 0.020461423 -0.327757410 -0.000142073 0.999997616 -0.002175861 0.117451924 -0.020461781 0.002172498 0.999788284 0.410072250
0 0.498341806 0.885940994 0.500000000 0.500000000 0.000000000 0.000000000 0.999779701 -0.000081410 0.020989129 -0.334584834 0.000124362 0.999997914 -0.002045120 0.119064006 -0.020988919 0.002047280 0.999777615 0.416718751
0 0.498341806 0.885940994 0.500000000 0.500000000 0.000000000 0.000000000 0.999767363 0.000051400 0.021569915 -0.341278185 -0.000004250 0.999997616 -0.002185948 0.121726455 -0.021569975 0.002185348 0.999764979 0.423044947
0 0.498341806 0.885940994 0.500000000 0.500000000 0.000000000 0.000000000 0.999758184 -0.000058433 0.021991028 -0.347543159 0.000106680 0.999997616 -0.002192791 0.123803343 -0.021990847 0.002194607 0.999755740 0.429954448
0 0.498341806 0.885940994 0.500000000 0.500000000 0.000000000 0.000000000 0.999746859 -0.000366849 0.022495413 -0.354046668 0.000417140 0.999997437 -0.002230932 0.125987801 -0.022494536 0.002239751 0.999744475 0.436835107
0 0.498341806 0.885940994 0.500000000 0.500000000 0.000000000 0.000000000 0.999735594 -0.000355816 0.022992255 -0.360092383 0.000407223 0.999997437 -0.002231184 0.127949743 -0.022991402 0.002239957 0.999733150 0.443829222
0 0.498341806 0.885940994 0.500000000 0.500000000 0.000000000 0.000000000 0.999722064 -0.000813421 0.023561139 -0.366553574 0.000863931 0.999997377 -0.002133670 0.129415965 -0.023559341 0.002153432 0.999720097 0.450719625
0 0.498341806 0.885940994 0.500000000 0.500000000 0.000000000 0.000000000 0.999707639 -0.000518859 0.024172619 -0.373129282 0.000575219 0.999997139 -0.002324669 0.132375405 -0.024171343 0.002337894 0.999705076 0.457310921
0 0.498341806 0.885940994 0.500000000 0.500000000 0.000000000 0.000000000 0.999698162 -0.001078229 0.024543993 -0.378270076 0.001131361 0.999997020 -0.002151004 0.133335498 -0.024541600 0.002178123 0.999696434 0.465154366
0 0.498341806 0.885940994 0.500000000 0.500000000 0.000000000 0.000000000 0.999685287 -0.000520616 0.025080951 -0.384355122 0.000580550 0.999997020 -0.002382391 0.136451277 -0.025079634 0.002396202 0.999682605 0.471585880
0 0.498341806 0.885940994 0.500000000 0.500000000 0.000000000 0.000000000 0.999668539 -0.001285339 0.025714034 -0.389707675 0.001342477 0.999996662 -0.002204907 0.137212204 -0.025711114 0.002238697 0.999666929 0.479964906
0 0.498341806 0.885940994 0.500000000 0.500000000 0.000000000 0.000000000 0.999655962 -0.000776022 0.026218409 -0.395409601 0.000837542 0.999996901 -0.002335549 0.140174977 -0.026216516 0.002356705 0.999653518 0.486609846
0 0.498341806 0.885940994 0.500000000 0.500000000 0.000000000 0.000000000 0.999635458 -0.001312681 0.026967887 -0.401300103 0.001377719 0.999996185 -0.002393252 0.141831755 -0.026964642 0.002429533 0.999633431 0.494020978
0 0.498341806 0.885940994 0.500000000 0.500000000 0.000000000 0.000000000 0.999617279 -0.001179506 0.027638827 -0.406563027 0.001249471 0.999996066 -0.002514258 0.144227965 -0.027635753 0.002547829 0.999614835 0.501407811
0 0.498341806 0.885940994 0.500000000 0.500000000 0.000000000 0.000000000 0.999603212 -0.001235847 0.028140245 -0.412225593 0.001305795 0.999996126 -0.002467432 0.146259623 -0.028137086 0.002503199 0.999600947 0.508068781
0 0.498341806 0.885940994 0.500000000 0.500000000 0.000000000 0.000000000 0.999579430 -0.001481863 0.028960750 -0.417887661 0.001556166 0.999995530 -0.002543297 0.148227940 -0.028956853 0.002587295 0.999577343 0.515502889
0 0.498341806 0.885940994 0.500000000 0.500000000 0.000000000 0.000000000 0.999565005 -0.001320713 0.029462948 -0.423071574 0.001397652 0.999995649 -0.002590917 0.150612983 -0.029459400 0.002630969 0.999562502 0.522616840
0 0.498341806 0.885940994 0.500000000 0.500000000 0.000000000 0.000000000 0.999545336 -0.001585161 0.030109700 -0.428588428 0.001658079 0.999995768 -0.002396925 0.152225183 -0.030105771 0.002445760 0.999543726 0.529511712
0 0.498341806 0.885940994 0.500000000 0.500000000 0.000000000 0.000000000 0.999526381 -0.001354347 0.030743634 -0.433587605 0.001434884 0.999995589 -0.002597733 0.155233270 -0.030739982 0.002640616 0.999523938 0.537389940
0 0.498341806 0.885940994 0.500000000 0.500000000 0.000000000 0.000000000 0.999508440 -0.001191169 0.031328946 -0.439098951 0.001273559 0.999995768 -0.002610017 0.157511605 -0.031325705 0.002648633 0.999505699 0.544431014
0 0.498341806 0.885940994 0.500000000 0.500000000 0.000000000 0.000000000 0.999484360 -0.001332001 0.032082263 -0.444650331 0.001417369 0.999995530 -0.002638301 0.159896744 -0.032078605 0.002682413 0.999481738 0.551499852
0 0.498341806 0.885940994 0.500000000 0.500000000 0.000000000 0.000000000 0.999468207 -0.001584184 0.032570202 -0.449117820 0.001670899 0.999995112 -0.002635356 0.161982121 -0.032565869 0.002688376 0.999466002 0.559854915
0 0.498341806 0.885940994 0.500000000 0.500000000 0.000000000 0.000000000 0.999448359 -0.001607706 0.033171874 -0.454976862 0.001695757 0.999995112 -0.002626438 0.164201229 -0.033167489 0.002681241 0.999446213 0.567020398
0 0.498341806 0.885940994 0.500000000 0.500000000 0.000000000 0.000000000 0.999422967 -0.001862240 0.033915211 -0.459970657 0.001952792 0.999994636 -0.002637026 0.166536924 -0.033910118 0.002701733 0.999421239 0.574875035
0 0.498341806 0.885940994 0.500000000 0.500000000 0.000000000 0.000000000 0.999407649 -0.001634311 0.034376182 -0.464715750 0.001731286 0.999994576 -0.002791418 0.169739431 -0.034371436 0.002849280 0.999405086 0.582501304
0 0.498341806 0.885940994 0.500000000 0.500000000 0.000000000 0.000000000 0.999378264 -0.002177180 0.035190426 -0.470171328 0.002274203 0.999993742 -0.002717308 0.171479931 -0.035184287 0.002795649 0.999376953 0.590494116
0 0.498341806 0.885940994 0.500000000 0.500000000 0.000000000 0.000000000 0.999363303 -0.001829803 0.035631765 -0.474907516 0.001934617 0.999993920 -0.002907345 0.174719339 -0.035626229 0.002974428 0.999360740 0.598358628
0 0.498341806 0.885940994 0.500000000 0.500000000 0.000000000 0.000000000 0.999340296 -0.002097810 0.036257178 -0.480476163 0.002200453 0.999993682 -0.002791285 0.176881731 -0.036251094 0.002869226 0.999338567 0.605761646
0 0.498341806 0.885940994 0.500000000 0.500000000 0.000000000 0.000000000 0.999312222 -0.001899888 0.037033889 -0.485421994 0.002011798 0.999993503 -0.002984787 0.180005457 -0.037027977 0.003057239 0.999309540 0.613270042
0 0.498341806 0.885940994 0.500000000 0.500000000 0.000000000 0.000000000 0.999300957 -0.002110286 0.037325338 -0.490014860 0.002221252 0.999993265 -0.002931738 0.182664906 -0.037318897 0.003012598 0.999298871 0.620969232
0 0.498341806 0.885940994 0.500000000 0.500000000 0.000000000 0.000000000 0.999275446 -0.002134406 0.038000755 -0.495447298 0.002249544 0.999993026 -0.002987404 0.185545596 -0.037994113 0.003070723 0.999273241 0.628071872
0 0.498341806 0.885940994 0.500000000 0.500000000 0.000000000 0.000000000 0.999252141 -0.002440832 0.038590267 -0.499842927 0.002552295 0.999992728 -0.002839362 0.187515743 -0.038583055 0.002935732 0.999251068 0.636638316
0 0.498341806 0.885940994 0.500000000 0.500000000 0.000000000 0.000000000 0.999236763 -0.002233960 0.038999200 -0.505390052 0.002350083 0.999992967 -0.002931984 0.190956919 -0.038992375 0.003021397 0.999234915 0.642976742
0 0.498341806 0.885940994 0.500000000 0.500000000 0.000000000 0.000000000 0.999211133 -0.002235761 0.039649550 -0.510318480 0.002359991 0.999992430 -0.003086670 0.194310434 -0.039642349 0.003177807 0.999208868 0.651038405
0 0.498341806 0.885940994 0.500000000 0.500000000 0.000000000 0.000000000 0.999199927 -0.002175594 0.039934505 -0.514701488 0.002300941 0.999992549 -0.003093129 0.197324242 -0.039927479 0.003182542 0.999197483 0.659182866
0 0.498341806 0.885940994 0.500000000 0.500000000 0.000000000 0.000000000 0.999182165 -0.002672872 0.040346701 -0.519724813 0.002795031 0.999991655 -0.002971632 0.199690980 -0.040338423 0.003081972 0.999181330 0.666804313
0 0.498341806 0.885940994 0.500000000 0.500000000 0.000000000 0.000000000 0.999160409 -0.002644076 0.040883593 -0.524596063 0.002775097 0.999991179 -0.003148314 0.203553246 -0.040874910 0.003259127 0.999158978 0.674294392
0 0.498341806 0.885940994 0.500000000 0.500000000 0.000000000 0.000000000 0.999152243 -0.002759327 0.041075960 -0.528877182 0.002893139 0.999990702 -0.003198577 0.206630559 -0.041066751 0.003314703 0.999150932 0.682691306
0 0.498341806 0.885940994 0.500000000 0.500000000 0.000000000 0.000000000 0.999134719 -0.002495419 0.041516207 -0.534261025 0.002634831 0.999991059 -0.003303619 0.210232466 -0.041507594 0.003410148 0.999132395 0.689229200
0 0.498341806 0.885940994 0.500000000 0.500000000 0.000000000 0.000000000 0.999125183 -0.002546080 0.041741364 -0.538539759 0.002688670 0.999990761 -0.003360250 0.213808189 -0.041732419 0.003469539 0.999122798 0.697940028
0 0.498341806 0.885940994 0.500000000 0.500000000 0.000000000 0.000000000 0.999115884 -0.002677656 0.041955806 -0.543305327 0.002823262 0.999990165 -0.003411602 0.216755776 -0.041946258 0.003527038 0.999113619 0.705413976
0 0.498341806 0.885940994 0.500000000 0.500000000 0.000000000 0.000000000 0.999094069 -0.002733035 0.042468466 -0.548527857 0.002883466 0.999989808 -0.003481332 0.220164878 -0.042458519 0.003600635 0.999091744 0.712607175
0 0.498341806 0.885940994 0.500000000 0.500000000 0.000000000 0.000000000 0.999086797 -0.002712770 0.042641137 -0.552291269 0.002863165 0.999989867 -0.003466302 0.223230619 -0.042631302 0.003585225 0.999084413 0.721173655
0 0.498341806 0.885940994 0.500000000 0.500000000 0.000000000 0.000000000 0.999061346 -0.002916759 0.043219365 -0.561922840 0.003070972 0.999989152 -0.003502186 0.229728430 -0.043208681 0.003631624 0.999059439 0.736265199
0 0.498341806 0.885940994 0.500000000 0.500000000 0.000000000 0.000000000 0.999051452 -0.002708461 0.043461494 -0.566509204 0.002866386 0.999989510 -0.003571752 0.233711260 -0.043451365 0.003692942 0.999048710 0.743938235
0 0.498341806 0.885940994 0.500000000 0.500000000 0.000000000 0.000000000 0.999038160 -0.003169194 0.043733992 -0.571676932 0.003324076 0.999988437 -0.003469193 0.236348745 -0.043722492 0.003611231 0.999037206 0.751258134
0 0.498341806 0.885940994 0.500000000 0.500000000 0.000000000 0.000000000 0.999020875 -0.003007278 0.044139065 -0.575474950 0.003162754 0.999989033 -0.003452991 0.239493948 -0.044128194 0.003589211 0.999019444 0.759789630
0 0.498341806 0.885940994 0.500000000 0.500000000 0.000000000 0.000000000 0.999015868 -0.003049091 0.044248980 -0.579795750 0.003201735 0.999989152 -0.003379197 0.243209097 -0.044238195 0.003517545 0.999014795 0.767360875
0 0.498341806 0.885940994 0.500000000 0.500000000 0.000000000 0.000000000 0.998997390 -0.003462669 0.044634733 -0.584489956 0.003618166 0.999987662 -0.003403465 0.246005308 -0.044622399 0.003561549 0.998997569 0.775291624
0 0.498341806 0.885940994 0.500000000 0.500000000 0.000000000 0.000000000 0.998987496 -0.003170386 0.044876318 -0.588076413 0.003328335 0.999988496 -0.003445377 0.249415176 -0.044864878 0.003591252 0.998986602 0.783763053
0 0.498341806 0.885940994 0.500000000 0.500000000 0.000000000 0.000000000 0.998975873 -0.003154517 0.045136135 -0.592895022 0.003313280 0.999988556 -0.003443047 0.252973228 -0.045124758 0.003589070 0.998974919 0.790638054
0 0.498341806 0.885940994 0.500000000 0.500000000 0.000000000 0.000000000 0.998957098 -0.003664677 0.045511778 -0.596960776 0.003823619 0.999986887 -0.003405740 0.255508396 -0.045498699 0.003576207 0.998957992 0.799376483
0 0.498341806 0.885940994 0.500000000 0.500000000 0.000000000 0.000000000 0.998947322 -0.003428556 0.045743920 -0.600672024 0.003594086 0.999987304 -0.003536866 0.259519457 -0.045731213 0.003697550 0.998946965 0.807506241
0 0.498341806 0.885940994 0.500000000 0.500000000 0.000000000 0.000000000 0.998928368 -0.004062627 0.046104684 -0.605823323 0.004221438 0.999985456 -0.003347714 0.262054246 -0.046090413 0.003538754 0.998930991 0.814627925
0 0.498341806 0.885940994 0.500000000 0.500000000 0.000000000 0.000000000 0.998902321 -0.003582521 0.046704259 -0.613256128 0.003740471 0.999987602 -0.003294964 0.269158152 -0.046691876 0.003466044 0.998903334 0.831224598
0 0.498341806 0.885940994 0.500000000 0.500000000 0.000000000 0.000000000 0.998881161 -0.003941583 0.047125783 -0.618331982 0.004101528 0.999986172 -0.003297791 0.272338806 -0.047112133 0.003487390 0.998883545 0.838061095
0 0.498341806 0.885940994 0.500000000 0.500000000 0.000000000 0.000000000 0.998865724 -0.003564403 0.047481678 -0.621238725 0.003734458 0.999986947 -0.003493258 0.276580287 -0.047468606 0.003666614 0.998866022 0.847379135
0 0.498341806 0.885940994 0.500000000 0.500000000 0.000000000 0.000000000 0.998848259 -0.003640287 0.047842924 -0.625071452 0.003798777 0.999987602 -0.003222202 0.279373390 -0.047830600 0.003400235 0.998849690 0.855100010
0 0.498341806 0.885940994 0.500000000 0.500000000 0.000000000 0.000000000 0.998821914 -0.004469857 0.048320234 -0.630228387 0.004626153 0.999984443 -0.003123231 0.282455713 -0.048305519 0.003343088 0.998827040 0.862113693
0 0.498341806 0.885940994 0.500000000 0.500000000 0.000000000 0.000000000 0.998806119 -0.004617997 0.048631284 -0.633328379 0.004776562 0.999983668 -0.003144838 0.285642827 -0.048615966 0.003373374 0.998811841 0.871567886
0 0.498341806 0.885940994 0.500000000 0.500000000 0.000000000 0.000000000 0.998786092 -0.004269874 0.049072467 -0.637971535 0.004426770 0.999985456 -0.003088989 0.290227842 -0.049058560 0.003302472 0.998790443 0.877955664
0 0.498341806 0.885940994 0.500000000 0.500000000 0.000000000 0.000000000 0.998755217 -0.004679083 0.049659908 -0.641809212 0.004837855 0.999983549 -0.003077471 0.292858926 -0.049644690 0.003313888 0.998761415 0.887147208
0 0.498341806 0.885940994 0.500000000 0.500000000 0.000000000 0.000000000 0.998737931 -0.004578696 0.050016370 -0.645547693 0.004734373 0.999984324 -0.002994495 0.296388473 -0.050001875 0.003227512 0.998743892 0.895453964
0 0.498341806 0.885940994 0.500000000 0.500000000 0.000000000 0.000000000 0.998708248 -0.004890023 0.050576251 -0.650793004 0.005047452 0.999982834 -0.002985450 0.299679671 -0.050560784 0.003236875 0.998715758 0.902074658
0 0.498341806 0.885940994 0.500000000 0.500000000 0.000000000 0.000000000 0.998685300 -0.005208516 0.050995924 -0.653840751 0.005367956 0.999981105 -0.002990058 0.302904792 -0.050979387 0.003259871 0.998694360 0.912302415
0 0.498341806 0.885940994 0.500000000 0.500000000 0.000000000 0.000000000 0.998659432 -0.004732771 0.051545758 -0.657933823 0.004893939 0.999983549 -0.003000952 0.306748985 -0.051530704 0.003249191 0.998666108 0.919602916
0 0.498341806 0.885940994 0.500000000 0.500000000 0.000000000 0.000000000 0.998627245 -0.005483854 0.052092060 -0.662959702 0.005646858 0.999979615 -0.002982481 0.309456219 -0.052074641 0.003272543 0.998637855 0.927038361
0 0.498341806 0.885940994 0.500000000 0.500000000 0.000000000 0.000000000 0.998601198 -0.005408929 0.052596170 -0.666365926 0.005578133 0.999979734 -0.003070765 0.313495065 -0.052578494 0.003359858 0.998611152 0.936926626
0 0.498341806 0.885940994 0.500000000 0.500000000 0.000000000 0.000000000 0.998573840 -0.005871019 0.053064678 -0.670803028 0.006032006 0.999977648 -0.002874142 0.315753142 -0.053046618 0.003190130 0.998586953 0.944653735
0 0.498341806 0.885940994 0.500000000 0.500000000 0.000000000 0.000000000 0.998541951 -0.005734000 0.053675406 -0.676009270 0.005905219 0.999977946 -0.003031841 0.320074871 -0.053656839 0.003344386 0.998553813 0.952075657
0 0.498341806 0.885940994 0.500000000 0.500000000 0.000000000 0.000000000 0.998525858 -0.005779750 0.053969033 -0.679117668 0.005956301 0.999977410 -0.003111074 0.323707903 -0.053949833 0.003427944 0.998537779 0.961921127
0 0.498341806 0.885940994 0.500000000 0.500000000 0.000000000 0.000000000 0.998492658 -0.006358016 0.054516096 -0.684267489 0.006528458 0.999974370 -0.002948923 0.326088802 -0.054495946 0.003300384 0.998508513 0.969520812
0 0.498341806 0.885940994 0.500000000 0.500000000 0.000000000 0.000000000 0.998465300 -0.005965319 0.055058848 -0.688731632 0.006149191 0.999976039 -0.003170765 0.330671972 -0.055038616 0.003504466 0.998478055 0.977533712
0 0.498341806 0.885940994 0.500000000 0.500000000 0.000000000 0.000000000 0.998446703 -0.006553302 0.055328708 -0.692517658 0.006726499 0.999973059 -0.002944676 0.333139684 -0.055307917 0.003312271 0.998463869 0.987871278
0 0.498341806 0.885940994 0.500000000 0.500000000 0.000000000 0.000000000 0.998422921 -0.005979197 0.055820532 -0.697860640 0.006164744 0.999976039 -0.003152376 0.337415142 -0.055800345 0.003491524 0.998435855 0.994376703
0 0.498341806 0.885940994 0.500000000 0.500000000 0.000000000 0.000000000 0.998396277 -0.006047444 0.056287870 -0.702474708 0.006238110 0.999975383 -0.003212239 0.341023434 -0.056267060 0.003558217 0.998409390 1.003324579
0 0.498341806 0.885940994 0.500000000 0.500000000 0.000000000 0.000000000 0.998380065 -0.006760348 0.056494102 -0.706828027 0.006942864 0.999971271 -0.003035056 0.343257590 -0.056471962 0.003422371 0.998398304 1.012353442
0 0.498341806 0.885940994 0.500000000 0.500000000 0.000000000 0.000000000 0.998353243 -0.006325141 0.057016235 -0.712360966 0.006520587 0.999973476 -0.003242498 0.347743211 -0.056994215 0.003608937 0.998367965 1.019203969
0 0.498341806 0.885940994 0.500000000 0.500000000 0.000000000 0.000000000 0.998338938 -0.006486414 0.057247452 -0.716328817 0.006678837 0.999972641 -0.003170568 0.350872794 -0.057225320 0.003547648 0.998354971 1.028992942
0 0.498341806 0.885940994 0.500000000 0.500000000 0.000000000 0.000000000 0.998324573 -0.006258293 0.057523128 -0.721469247 0.006451093 0.999974191 -0.003166605 0.354346681 -0.057501826 0.003532386 0.998339176 1.036435093
0 0.498341806 0.885940994 0.500000000 0.500000000 0.000000000 0.000000000 0.998299718 -0.006622941 0.057912286 -0.726538013 0.006819934 0.999971628 -0.003204581 0.357844627 -0.057889421 0.003594090 0.998316526 1.045170315
