0.000000000 2.487763405 4.312123235 0.498649510 0.512877144 0.000000000 0.000000000 0.003267000 -0.999577000 0.028900000 8396.757282000 0.999903000 0.003657000 0.013456000 6100.237217000 -0.013556000 0.028853000 0.999492000 -877.402632000
0.000000000 2.487763405 4.312123235 0.498649510 0.512877144 0.000000000 0.000000000 0.002019000 -0.999569000 0.029275000 8396.768440000 0.999878000 0.002471000 0.015407000 6101.720723000 -0.015473000 0.029240000 0.999453000 -877.415664000
0.000000000 2.487763405 4.312123235 0.498649510 0.512877144 0.000000000 0.000000000 0.000966000 -0.999582000 0.028881000 8396.776685000 0.999848000 0.001468000 0.017356000 6103.187623000 -0.017391000 0.028860000 0.999432000 -877.431634000
0.000000000 2.487763405 4.312123235 0.498649510 0.512877144 0.000000000 0.000000000 0.000205000 -0.999610000 0.027909000 8396.782086000 0.999854000 0.000682000 0.017093000 6104.635506000 -0.017105000 0.027901000 0.999464000 -877.449096000
0.000000000 2.487763405 4.312123235 0.498649510 0.512877144 0.000000000 0.000000000 -0.000649000 -0.999652000 0.026359000 8396.784728000 0.999869000 -0.000223000 0.016162000 6106.066940000 -0.016150000 0.026366000 0.999522000 -877.464458000
0.000000000 2.487763405 4.312123235 0.498649510 0.512877144 0.000000000 0.000000000 -0.001409000 -0.999686000 0.025005000 8396.786514000 0.999869000 -0.001004000 0.016184000 6107.484828000 -0.016153000 0.025025000 0.999556000 -877.478344000
0.000000000 2.487763405 4.312123235 0.498649510 0.512877144 0.000000000 0.000000000 -0.002074000 -0.999709000 0.024036000 8396.787885000 0.999855000 -0.001667000 0.016967000 6108.888499000 -0.016922000 0.024068000 0.999567000 -877.493467000
0.000000000 2.487763405 4.312123235 0.498649510 0.512877144 0.000000000 0.000000000 -0.003026000 -0.999736000 0.022773000 8396.786959000 0.999841000 -0.002624000 0.017661000 6110.277654000 -0.017596000 0.022823000 0.999585000 -877.510419000
0.000000000 2.487763405 4.312123235 0.498649510 0.512877144 0.000000000 0.000000000 -0.003888000 -0.999738000 0.022567000 8396.787120000 0.999846000 -0.003500000 0.017201000 6111.651434000 -0.017117000 0.022630000 0.999597000 -877.526652000
0.000000000 2.487763405 4.312123235 0.498649510 0.512877144 0.000000000 0.000000000 -0.004650000 -0.999752000 0.021788000 8396.785152000 0.999849000 -0.004284000 0.016833000 6113.011648000 -0.016736000 0.021863000 0.999621000 -877.540991000
0.000000000 2.487763405 4.312123235 0.498649510 0.512877144 0.000000000 0.000000000 -0.005031000 -0.999758000 0.021399000 8396.782850000 0.999854000 -0.004680000 0.016457000 6114.357534000 -0.016353000 0.021479000 0.999636000 -877.556361000
0.000000000 2.487763405 4.312123235 0.498649510 0.512877144 0.000000000 0.000000000 -0.005222000 -0.999763000 0.021112000 8396.781044000 0.999871000 -0.004899000 0.015310000 6115.688760000 -0.015203000 0.021189000 0.999660000 -877.569538000
0.000000000 2.487763405 4.312123235 0.498649510 0.512877144 0.000000000 0.000000000 -0.005508000 -0.999766000 0.020917000 8396.778898000 0.999875000 -0.005196000 0.014933000 6117.007675000 -0.014820000 0.020997000 0.999670000 -877.581924000
0.000000000 2.487763405 4.312123235 0.498649510 0.512877144 0.000000000 0.000000000 -0.005895000 -0.999750000 0.021575000 8396.777881000 0.999839000 -0.005528000 0.017051000 6118.316620000 -0.016928000 0.021672000 0.999622000 -877.595277000
0.000000000 2.487763405 4.312123235 0.498649510 0.512877144 0.000000000 0.000000000 -0.006377000 -0.999737000 0.022036000 8396.776193000 0.999793000 -0.005949000 0.019459000 6119.612049000 -0.019323000 0.022155000 0.999568000 -877.612078000
0.000000000 2.487763405 4.312123235 0.498649510 0.512877144 0.000000000 0.000000000 -0.006765000 -0.999717000 0.022794000 8396.774581000 0.999787000 -0.006317000 0.019663000 6120.890860000 -0.019513000 0.022922000 0.999547000 -877.630440000
0.000000000 2.487763405 4.312123235 0.498649510 0.512877144 0.000000000 0.000000000 -0.007056000 -0.999700000 0.023470000 8396.772689000 0.999824000 -0.006645000 0.017564000 6122.153285000 -0.017403000 0.023589000 0.999570000 -877.646180000
0.000000000 2.487763405 4.312123235 0.498649510 0.512877144 0.000000000 0.000000000 -0.007246000 -0.999707000 0.023093000 8396.768325000 0.999857000 -0.006890000 0.015458000 6123.402378000 -0.015295000 0.023202000 0.999614000 -877.659844000
0.000000000 2.487763405 4.312123235 0.498649510 0.512877144 0.000000000 0.000000000 -0.007342000 -0.999704000 0.023189000 8396.764927000 0.999859000 -0.006989000 0.015269000 6124.639930000 -0.015103000 0.023297000 0.999614000 -877.671552000
0.000000000 2.487763405 4.312123235 0.498649510 0.512877144 0.000000000 0.000000000 -0.007434000 -0.999719000 0.022512000 8396.759966000 0.999846000 -0.007074000 0.016035000 6125.864778000 -0.015871000 0.022628000 0.999618000 -877.683699000
0.000000000 2.487763405 4.312123235 0.498649510 0.512877144 0.000000000 0.000000000 -0.007529000 -0.999723000 0.022317000 8396.755406000 0.999838000 -0.007161000 0.016515000 6127.075371000 -0.016351000 0.022437000 0.999615000 -877.696435000
0.000000000 2.487763405 4.312123235 0.498649510 0.512877144 0.000000000 0.000000000 -0.007531000 -0.999714000 0.022700000 8396.752316000 0.999840000 -0.007159000 0.016421000 6128.271017000 -0.016254000 0.022820000 0.999607000 -877.709315000
0.000000000 2.487763405 4.312123235 0.498649510 0.512877144 0.000000000 0.000000000 -0.007339000 -0.999720000 0.022513000 8396.748571000 0.999846000 -0.006976000 0.016129000 6129.451828000 -0.015967000 0.022628000 0.999616000 -877.721849000
0.000000000 2.487763405 4.312123235 0.498649510 0.512877144 0.000000000 0.000000000 -0.007339000 -0.999717000 0.022610000 8396.745024000 0.999849000 -0.006980000 0.015937000 6130.617842000 -0.015775000 0.022724000 0.999617000 -877.733556000
0.000000000 2.487763405 4.312123235 0.498649510 0.512877144 0.000000000 0.000000000 -0.007242000 -0.999722000 0.022423000 8396.741542000 0.999858000 -0.006899000 0.015359000 6131.768228000 -0.015200000 0.022531000 0.999631000 -877.745641000
0.000000000 2.487763405 4.312123235 0.498649510 0.512877144 0.000000000 0.000000000 -0.007246000 -0.999709000 0.023000000 8396.739504000 0.999865000 -0.006904000 0.014883000 6132.903543000 -0.014720000 0.023105000 0.999625000 -877.755937000
0.000000000 2.487763405 4.312123235 0.498649510 0.512877144 0.000000000 0.000000000 -0.006863000 -0.999710000 0.023102000 8396.736931000 0.999868000 -0.006520000 0.014874000 6134.024139000 -0.014720000 0.023201000 0.999622000 -877.765944000
0.000000000 2.487763405 4.312123235 0.498649510 0.512877144 0.000000000 0.000000000 -0.006480000 -0.999708000 0.023296000 8396.734885000 0.999861000 -0.006119000 0.015537000 6135.130168000 -0.015390000 0.023394000 0.999608000 -877.777009000
0.000000000 2.487763405 4.312123235 0.498649510 0.512877144 0.000000000 0.000000000 -0.006097000 -0.999710000 0.023302000 8396.733581000 0.999861000 -0.005734000 0.015624000 6136.219399000 -0.015486000 0.023394000 0.999606000 -877.788160000
0.000000000 2.487763405 4.312123235 0.498649510 0.512877144 0.000000000 0.000000000 -0.005809000 -0.999714000 0.023212000 8396.732180000 0.999871000 -0.005458000 0.015138000 6137.292044000 -0.015007000 0.023297000 0.999616000 -877.798402000
0.000000000 2.487763405 4.312123235 0.498649510 0.512877144 0.000000000 0.000000000 -0.005424000 -0.999722000 0.022930000 8396.730566000 0.999871000 -0.005075000 0.015224000 6138.349490000 -0.015103000 0.023010000 0.999621000 -877.808529000
0.000000000 2.487763405 4.312123235 0.498649510 0.512877144 0.000000000 0.000000000 -0.004943000 -0.999729000 0.022745000 8396.729732000 0.999868000 -0.004589000 0.015596000 6139.391110000 -0.015487000 0.022819000 0.999620000 -877.818114000
0.000000000 2.487763405 4.312123235 0.498649510 0.512877144 0.000000000 0.000000000 -0.004555000 -0.999748000 0.021984000 8396.728206000 0.999867000 -0.004209000 0.015777000 6140.416221000 -0.015681000 0.022053000 0.999634000 -877.828354000
0.000000000 2.487763405 4.312123235 0.498649510 0.512877144 0.000000000 0.000000000 -0.004073000 -0.999762000 0.021417000 8396.727402000 0.999875000 -0.003744000 0.015382000 6141.424465000 -0.015299000 0.021477000 0.999652000 -877.838710000
0.000000000 2.487763405 4.312123235 0.498649510 0.512877144 0.000000000 0.000000000 -0.003688000 -0.999768000 0.021231000 8396.727790000 0.999879000 -0.003366000 0.015182000 6142.416770000 -0.015107000 0.021285000 0.999659000 -877.847395000
0.000000000 2.487763405 4.312123235 0.498649510 0.512877144 0.000000000 0.000000000 -0.003205000 -0.999785000 0.020471000 8396.727451000 0.999864000 -0.002873000 0.016226000 6143.394202000 -0.016164000 0.020520000 0.999659000 -877.856988000
0.000000000 2.487763405 4.312123235 0.498649510 0.512877144 0.000000000 0.000000000 -0.711642000 -0.701794000 0.032413000 8395.951919000 0.702255000 -0.711913000 0.004279000 5797.201240000 0.020073000 0.025808000 0.999465000 -876.926409000
0.000000000 2.487763405 4.312123235 0.498649510 0.512877144 0.000000000 0.000000000 -0.711730000 -0.701749000 0.031457000 8395.938802000 0.702180000 -0.711988000 0.003988000 5799.215852000 0.019599000 0.024927000 0.999497000 -876.930019000
0.000000000 2.487763405 4.312123235 0.498649510 0.512877144 0.000000000 0.000000000 -0.711807000 -0.701692000 0.030970000 8395.925966000 0.702129000 -0.712032000 0.004945000 5801.233603000 0.018582000 0.025265000 0.999508000 -876.933479000
0.000000000 2.487763405 4.312123235 0.498649510 0.512877144 0.000000000 0.000000000 -0.711813000 -0.701699000 0.030675000 8395.913787000 0.702148000 -0.712006000 0.005997000 5803.252268000 0.017632000 0.025807000 0.999511000 -876.940077000
0.000000000 2.487763405 4.312123235 0.498649510 0.512877144 0.000000000 0.000000000 -0.711626000 -0.701921000 0.029907000 8395.900209000 0.702357000 -0.711797000 0.006366000 5805.270798000 0.016819000 0.025535000 0.999532000 -876.947690000
0.000000000 2.487763405 4.312123235 0.498649510 0.512877144 0.000000000 0.000000000 -0.711228000 -0.702337000 0.029630000 8395.888490000 0.702749000 -0.711418000 0.005389000 5807.288396000 0.017294000 0.024655000 0.999546000 -876.954263000
0.000000000 2.487763405 4.312123235 0.498649510 0.512877144 0.000000000 0.000000000 -0.710758000 -0.702816000 0.029543000 8395.878810000 0.703209000 -0.710969000 0.004410000 5809.306674000 0.017905000 0.023909000 0.999554000 -876.959828000
0.000000000 2.487763405 4.312123235 0.498649510 0.512877144 0.000000000 0.000000000 -0.710289000 -0.703298000 0.029353000 8395.870056000 0.703689000 -0.710493000 0.004581000 5811.326584000 0.017634000 0.023909000 0.999559000 -876.963125000
0.000000000 2.487763405 4.312123235 0.498649510 0.512877144 0.000000000 0.000000000 -0.709881000 -0.703702000 0.029542000 8395.863406000 0.704119000 -0.710058000 0.005810000 5813.348282000 0.016888000 0.024926000 0.999547000 -876.968988000
0.000000000 2.487763405 4.312123235 0.498649510 0.512877144 0.000000000 0.000000000 -0.709526000 -0.704023000 0.030399000 8395.859190000 0.704491000 -0.709673000 0.007525000 5815.370860000 0.016276000 0.026755000 0.999510000 -876.978544000
0.000000000 2.487763405 4.312123235 0.498649510 0.512877144 0.000000000 0.000000000 -0.709376000 -0.704141000 0.031168000 8395.855863000 0.704627000 -0.709540000 0.007330000 5817.391059000 0.016953000 0.027162000 0.999487000 -876.989220000
0.000000000 2.487763405 4.312123235 0.498649510 0.512877144 0.000000000 0.000000000 -0.709433000 -0.704061000 0.031655000 8395.851970000 0.704526000 -0.709658000 0.005419000 5819.408618000 0.018649000 0.026146000 0.999484000 -876.997313000
0.000000000 2.487763405 4.312123235 0.498649510 0.512877144 0.000000000 0.000000000 -0.709511000 -0.704005000 0.031182000 8395.846372000 0.704430000 -0.709763000 0.003983000 5821.426502000 0.019328000 0.024791000 0.999506000 -877.002176000
0.000000000 2.487763405 4.312123235 0.498649510 0.512877144 0.000000000 0.000000000 -0.709507000 -0.704000000 0.031369000 8395.841932000 0.704446000 -0.709741000 0.004846000 5823.446994000 0.018853000 0.025536000 0.999496000 -877.005462000
0.000000000 2.487763405 4.312123235 0.498649510 0.512877144 0.000000000 0.000000000 -0.709747000 -0.703693000 0.032793000 8395.839402000 0.704223000 -0.709942000 0.007260000 5825.468354000 0.018173000 0.028247000 0.999436000 -877.013004000
0.000000000 2.487763405 4.312123235 0.498649510 0.512877144 0.000000000 0.000000000 -0.710063000 -0.703329000 0.033739000 8395.835468000 0.703919000 -0.710222000 0.009101000 5827.487905000 0.017561000 0.030212000 0.999389000 -877.025713000
0.000000000 2.487763405 4.312123235 0.498649510 0.512877144 0.000000000 0.000000000 -0.710294000 -0.703012000 0.035462000 8395.832506000 0.703646000 -0.710498000 0.008644000 5829.502819000 0.019119000 0.031093000 0.999334000 -877.038923000
0.000000000 2.487763405 4.312123235 0.498649510 0.512877144 0.000000000 0.000000000 -0.710487000 -0.702797000 0.035856000 8395.826063000 0.703401000 -0.710763000 0.006549000 5831.512846000 0.020882000 0.029874000 0.999336000 -877.049731000
0.000000000 2.487763405 4.312123235 0.498649510 0.512877144 0.000000000 0.000000000 -0.710659000 -0.702558000 0.037095000 8395.821583000 0.703215000 -0.710941000 0.007238000 5833.522796000 0.021288000 0.031229000 0.999286000 -877.058699000
0.000000000 2.487763405 4.312123235 0.498649510 0.512877144 0.000000000 0.000000000 -0.710838000 -0.702327000 0.038027000 8395.815594000 0.703089000 -0.711018000 0.010895000 5835.532718000 0.019387000 0.034481000 0.999217000 -877.072170000
0.000000000 2.487763405 4.312123235 0.498649510 0.512877144 0.000000000 0.000000000 -0.711018000 -0.702098000 0.038874000 8395.808856000 0.702925000 -0.711150000 0.012731000 5837.535328000 0.018707000 0.036378000 0.999163000 -877.091905000
0.000000000 2.487763405 4.312123235 0.498649510 0.512877144 0.000000000 0.000000000 -0.710915000 -0.702270000 0.037641000 8395.798305000 0.703026000 -0.711075000 0.011279000 5839.527812000 0.018844000 0.034481000 0.999228000 -877.110763000
0.000000000 2.487763405 4.312123235 0.498649510 0.512877144 0.000000000 0.000000000 -0.710642000 -0.702684000 0.034979000 8395.784505000 0.703303000 -0.710837000 0.008659000 5841.515660000 0.018780000 0.030754000 0.999351000 -877.124941000
0.000000000 2.487763405 4.312123235 0.498649510 0.512877144 0.000000000 0.000000000 -0.710375000 -0.703104000 0.031825000 8395.770250000 0.703618000 -0.710534000 0.007954000 5843.501661000 0.017020000 0.028043000 0.999462000 -877.136057000
0.000000000 2.487763405 4.312123235 0.498649510 0.512877144 0.000000000 0.000000000 -0.710220000 -0.703364000 0.029426000 8395.757811000 0.703830000 -0.710311000 0.009082000 5845.484377000 0.014513000 0.027161000 0.999526000 -877.147905000
0.000000000 2.487763405 4.312123235 0.498649510 0.512877144 0.000000000 0.000000000 -0.710114000 -0.703534000 0.027889000 8395.746980000 0.703972000 -0.710155000 0.010123000 5847.461003000 0.012683000 0.026821000 0.999560000 -877.162576000
0.000000000 2.487763405 4.312123235 0.498649510 0.512877144 0.000000000 0.000000000 -0.709991000 -0.703684000 0.027222000 8395.737908000 0.704100000 -0.710034000 0.009731000 5849.430065000 0.012481000 0.026076000 0.999582000 -877.177032000
0.000000000 2.487763405 4.312123235 0.498649510 0.512877144 0.000000000 0.000000000 -0.709808000 -0.703912000 0.026081000 8395.729583000 0.704282000 -0.709871000 0.008376000 5851.392339000 0.012618000 0.024314000 0.999625000 -877.190068000
0.000000000 2.487763405 4.312123235 0.498649510 0.512877144 0.000000000 0.000000000 -0.709565000 -0.704216000 0.024448000 8395.719464000 0.704563000 -0.709574000 0.009797000 5853.352424000 0.010448000 0.024177000 0.999653000 -877.202334000
0.000000000 2.487763405 4.312123235 0.498649510 0.512877144 0.000000000 0.000000000 -0.708967000 -0.704840000 0.023783000 8395.713255000 0.705179000 -0.708951000 0.010541000 5855.305150000 0.009432000 0.024244000 0.999662000 -877.218535000
0.000000000 2.487763405 4.312123235 0.498649510 0.512877144 0.000000000 0.000000000 -0.708377000 -0.705474000 0.022550000 8395.707165000 0.705770000 -0.708383000 0.009080000 5857.248539000 0.009569000 0.022347000 0.999704000 -877.233438000
0.000000000 2.487763405 4.312123235 0.498649510 0.512877144 0.000000000 0.000000000 -0.707922000 -0.705972000 0.021217000 8395.701839000 0.706224000 -0.707948000 0.007528000 5859.186700000 0.009706000 0.020314000 0.999747000 -877.244211000
0.000000000 2.487763405 4.312123235 0.498649510 0.512877144 0.000000000 0.000000000 -0.707427000 -0.706423000 0.022653000 8395.703333000 0.706752000 -0.707344000 0.012883000 5861.128262000 0.006923000 0.025124000 0.999660000 -877.259240000
0.000000000 2.487763405 4.312123235 0.498649510 0.512877144 0.000000000 0.000000000 -0.706952000 -0.706747000 0.026973000 8395.713216000 0.707204000 -0.706867000 0.014213000 5863.057633000 0.009021000 0.029123000 0.999535000 -877.283027000
0.000000000 2.487763405 4.312123235 0.498649510 0.512877144 0.000000000 0.000000000 -0.707129000 -0.706366000 0.031858000 8395.724748000 0.706933000 -0.707193000 0.011161000 5864.978645000 0.014646000 0.030414000 0.999430000 -877.304129000
0.000000000 2.487763405 4.312123235 0.498649510 0.512877144 0.000000000 0.000000000 -0.707111000 -0.706201000 0.035694000 8395.734449000 0.706818000 -0.707358000 0.007335000 5866.896662000 0.020068000 0.030416000 0.999336000 -877.318181000
0.000000000 2.487763405 4.312123235 0.498649510 0.512877144 0.000000000 0.000000000 -0.706824000 -0.706454000 0.036369000 8395.739215000 0.707048000 -0.707145000 0.005310000 5868.812506000 0.021967000 0.029468000 0.999324000 -877.326128000
0.000000000 2.487763405 4.312123235 0.498649510 0.512877144 0.000000000 0.000000000 -0.706374000 -0.706957000 0.035319000 8395.740706000 0.707524000 -0.706668000 0.005477000 5870.724922000 0.021087000 0.028858000 0.999361000 -877.332454000
0.000000000 2.487763405 4.312123235 0.498649510 0.512877144 0.000000000 0.000000000 -0.706083000 -0.707204000 0.036183000 8395.747456000 0.707811000 -0.706375000 0.006134000 5872.632693000 0.021221000 0.029942000 0.999326000 -877.339432000
0.000000000 2.487763405 4.312123235 0.498649510 0.512877144 0.000000000 0.000000000 -0.706354000 -0.706934000 0.036181000 8395.751580000 0.707539000 -0.706649000 0.006052000 5874.532187000 0.021289000 0.029874000 0.999327000 -877.347288000
0.000000000 2.487763405 4.312123235 0.498649510 0.512877144 0.000000000 0.000000000 -0.706815000 -0.706443000 0.036754000 8395.756517000 0.707007000 -0.707198000 0.003490000 5876.421992000 0.023527000 0.028452000 0.999318000 -877.352381000
0.000000000 2.487763405 4.312123235 0.498649510 0.512877144 0.000000000 0.000000000 -0.707389000 -0.705937000 0.035411000 8395.755806000 0.706444000 -0.707764000 0.002654000 5878.312066000 0.023189000 0.026893000 0.999369000 -877.353136000
0.000000000 2.487763405 4.312123235 0.498649510 0.512877144 0.000000000 0.000000000 -0.707828000 -0.705567000 0.033968000 8395.753458000 0.706076000 -0.708122000 0.004491000 5880.202010000 0.020885000 0.027163000 0.999413000 -877.355921000
0.000000000 2.487763405 4.312123235 0.498649510 0.512877144 0.000000000 0.000000000 -0.708188000 -0.705252000 0.033003000 8395.751273000 0.705774000 -0.708407000 0.006518000 5882.087966000 0.018783000 0.027908000 0.999434000 -877.361986000
0.000000000 2.487763405 4.312123235 0.498649510 0.512877144 0.000000000 0.000000000 -0.708733000 -0.704713000 0.032806000 8395.748801000 0.705230000 -0.708948000 0.006542000 5883.968377000 0.018647000 0.027773000 0.999440000 -877.369994000