0 0.450068463 0.800121745 0.500000000 0.500000000 0.000000000 0.000000000 0.980347991 0.036106024 -0.193943694 1.335078933 -0.039631322 0.999111652 -0.014326529 0.289354274 0.193254128 0.021731229 0.980908036 -2.850060347
0 0.450068463 0.800121745 0.500000000 0.500000000 0.000000000 0.000000000 0.980240226 0.036113668 -0.194486335 1.350066422 -0.039556351 0.999121428 -0.013845636 0.292126329 0.193815455 0.021265218 0.980807483 -2.877153234
0 0.450068463 0.800121745 0.500000000 0.500000000 0.000000000 0.000000000 0.980150700 0.035976347 -0.194962472 1.365495346 -0.039398171 0.999129653 -0.013700639 0.297013495 0.194299892 0.021109855 0.980715036 -2.903653550
0 0.450068463 0.800121745 0.500000000 0.500000000 0.000000000 0.000000000 0.980086923 0.035610352 -0.195349753 1.380482700 -0.038996033 0.999148011 -0.013511617 0.301049772 0.194702163 0.020860424 0.980640590 -2.931818735
0 0.450068463 0.800121745 0.500000000 0.500000000 0.000000000 0.000000000 0.980001867 0.035617478 -0.195774734 1.396704582 -0.038915884 0.999157608 -0.013026031 0.302192373 0.195145860 0.020384282 0.980562389 -2.960739774
0 0.450068463 0.800121745 0.500000000 0.500000000 0.000000000 0.000000000 0.979940414 0.035934370 -0.196024224 1.412507149 -0.039073810 0.999162197 -0.012170632 0.301359310 0.195422649 0.019585907 0.980523527 -2.989535561
0 0.450068463 0.800121745 0.500000000 0.500000000 0.000000000 0.000000000 0.979895711 0.035842530 -0.196264476 1.428413326 -0.038974255 0.999166727 -0.012116511 0.306201340 0.195666656 0.019522181 0.980476141 -3.018444709
0 0.450068463 0.800121745 0.500000000 0.500000000 0.000000000 0.000000000 0.979899347 0.035743348 -0.196264237 1.442213797 -0.038827382 0.999175251 -0.011887343 0.311317681 0.195677474 0.019268826 0.980479002 -3.047575728
0 0.450068463 0.800121745 0.500000000 0.500000000 0.000000000 0.000000000 0.979893625 0.035260439 -0.196380168 1.455926922 -0.038255632 0.999202073 -0.011478471 0.313366900 0.195818737 0.018760327 0.980460644 -3.076356589
0 0.450068463 0.800121745 0.500000000 0.500000000 0.000000000 0.000000000 0.979901373 0.035034351 -0.196382135 1.468914171 -0.037928194 0.999220014 -0.010993184 0.314698776 0.195843816 0.018220656 0.980465829 -3.103663610
0 0.450068463 0.800121745 0.500000000 0.500000000 0.000000000 0.000000000 0.979908168 0.034858778 -0.196379393 1.482047248 -0.037647340 0.999236107 -0.010483727 0.315627972 0.195863932 0.017666252 0.980471969 -3.133586893
0 0.450068463 0.800121745 0.500000000 0.500000000 0.000000000 0.000000000 0.979931116 0.034561500 -0.196317315 1.495122240 -0.037248123 0.999255955 -0.010008339 0.316863146 0.195825338 0.017119935 0.980489314 -3.161868141
0 0.450068463 0.800121745 0.500000000 0.500000000 0.000000000 0.000000000 0.980042040 0.034701966 -0.195737943 1.504525132 -0.037285335 0.999259233 -0.009527721 0.317791859 0.195262328 0.016635722 0.980609953 -3.190164201
0 0.450068463 0.800121745 0.500000000 0.500000000 0.000000000 0.000000000 0.980185151 0.034906857 -0.194983587 1.513474401 -0.037455060 0.999254167 -0.009396040 0.321663372 0.194510162 0.016512981 0.980761468 -3.219731960
0 0.450068463 0.800121745 0.500000000 0.500000000 0.000000000 0.000000000 0.980304897 0.034942407 -0.194374099 1.522318214 -0.037434958 0.999257028 -0.009163906 0.324223958 0.193909481 0.016259808 0.980884671 -3.247492097
0 0.450068463 0.800121745 0.500000000 0.500000000 0.000000000 0.000000000 0.980502307 0.035061665 -0.193354413 1.528716772 -0.037365843 0.999267340 -0.008281778 0.320647644 0.192922384 0.015345152 0.981094003 -3.274135671
0 0.450068463 0.800121745 0.500000000 0.500000000 0.000000000 0.000000000 0.980752707 0.035318136 -0.192033157 1.530827234 -0.037668556 0.999253273 -0.008601522 0.327387202 0.191585973 0.015669579 0.981350720 -3.302397549
0 0.450068463 0.800121745 0.500000000 0.500000000 0.000000000 0.000000000 0.980961442 0.035126705 -0.190999299 1.539527489 -0.037525356 0.999255538 -0.008954869 0.335970564 0.190542549 0.015951699 0.981549323 -3.331897156
0 0.450068463 0.800121745 0.500000000 0.500000000 0.000000000 0.000000000 0.981100261 0.034704000 -0.190362677 1.550052660 -0.037097223 0.999270916 -0.009021724 0.342269333 0.189910799 0.015913142 0.981672406 -3.361088005
0 0.450068463 0.800121745 0.500000000 0.500000000 0.000000000 0.000000000 0.981299162 0.034524407 -0.189367458 1.557606778 -0.036912128 0.999277115 -0.009095506 0.348134158 0.188916549 0.015915368 0.981864154 -3.390259819
0 0.450068463 0.800121745 0.500000000 0.500000000 0.000000000 0.000000000 0.981484056 0.034280047 -0.188451394 1.565474063 -0.036622640 0.999288976 -0.008961810 0.351383372 0.188010201 0.015697461 0.982041597 -3.417756786
0 0.450068463 0.800121745 0.500000000 0.500000000 0.000000000 0.000000000 0.981612504 0.034073927 -0.187818632 1.574086513 -0.036453992 0.999292672 -0.009231626 0.357885732 0.187371224 0.015908619 0.982160330 -3.442512155
0 0.450068463 0.800121745 0.500000000 0.500000000 0.000000000 0.000000000 0.981771588 0.033839781 -0.187027887 1.581712027 -0.036175121 0.999304175 -0.009086742 0.361470197 0.186590254 0.015686862 0.982312560 -3.468990396
0 0.450068463 0.800121745 0.500000000 0.500000000 0.000000000 0.000000000 0.981915832 0.033145204 -0.186394021 1.592233372 -0.035548266 0.999322176 -0.009563969 0.370396454 0.185950682 0.016016997 0.982428551 -3.493711490
0 0.450068463 0.800121745 0.500000000 0.500000000 0.000000000 0.000000000 0.982131064 0.032975458 -0.185286641 1.597988952 -0.035330113 0.999331295 -0.009419979 0.373461656 0.184852123 0.015797852 0.982639372 -3.518130091
0 0.450068463 0.800121745 0.500000000 0.500000000 0.000000000 0.000000000 0.982370079 0.033033997 -0.184004694 1.603511355 -0.035395157 0.999327660 -0.009561465 0.378726390 0.183565125 0.015905771 0.982878864 -3.544282825
0 0.450068463 0.800121745 0.500000000 0.500000000 0.000000000 0.000000000 0.982599139 0.032786980 -0.182822004 1.609385733 -0.035113942 0.999338090 -0.009504587 0.382261686 0.182389379 0.015758801 0.983100057 -3.569456807
0 0.450068463 0.800121745 0.500000000 0.500000000 0.000000000 0.000000000 0.982794583 0.033047713 -0.181721330 1.616566321 -0.035325982 0.999332428 -0.009313883 0.383921015 0.181292206 0.015573118 0.983305931 -3.594408685
0 0.450068463 0.800121745 0.500000000 0.500000000 0.000000000 0.000000000 0.983036518 0.032685127 -0.180474132 1.622538590 -0.034910988 0.999348342 -0.009170017 0.387555523 0.180056810 0.015314992 0.983536959 -3.621715522
0 0.450068463 0.800121745 0.500000000 0.500000000 0.000000000 0.000000000 0.983174264 0.032111771 -0.179825306 1.635628918 -0.034326058 0.999368191 -0.009214568 0.391747547 0.179415807 0.015232220 0.983655393 -3.649089013
0 0.450068463 0.800121745 0.500000000 0.500000000 0.000000000 0.000000000 0.983364701 0.031695701 -0.178855479 1.645699437 -0.033883031 0.999383569 -0.009187376 0.394887338 0.178454027 0.015094707 0.983832479 -3.677647399
0 0.450068463 0.800121745 0.500000000 0.500000000 0.000000000 0.000000000 0.983608603 0.030930661 -0.177643910 1.654635554 -0.033081003 0.999410748 -0.009154961 0.398191001 0.177256063 0.014881537 0.984052241 -3.710508602
0 0.450068463 0.800121745 0.500000000 0.500000000 0.000000000 0.000000000 0.983763158 0.030565014 -0.176849738 1.668985423 -0.032773126 0.999416947 -0.009577629 0.405238890 0.176453874 0.015218037 0.984191239 -3.740036653
0 0.450068463 0.800121745 0.500000000 0.500000000 0.000000000 0.000000000 0.983939826 0.030656153 -0.175848350 1.679816514 -0.032802090 0.999418497 -0.009308909 0.406043608 0.175460711 0.014927601 0.984373271 -3.770924005
0 0.450068463 0.800121745 0.500000000 0.500000000 0.000000000 0.000000000 0.984133720 0.030432453 -0.174798831 1.690322257 -0.032591879 0.999423623 -0.009495810 0.412690907 0.174409106 0.015042170 0.984558403 -3.802124396
0 0.450068463 0.800121745 0.500000000 0.500000000 0.000000000 0.000000000 0.984331667 0.030387353 -0.173688874 1.701336544 -0.032549314 0.999423921 -0.009611853 0.416610222 0.173296735 0.015114705 0.984753668 -3.832851461
0 0.450068463 0.800121745 0.500000000 0.500000000 0.000000000 0.000000000 0.984438181 0.030528076 -0.173059136 1.715636237 -0.032744925 0.999414027 -0.009968651 0.423724195 0.172653407 0.015480330 0.984860957 -3.861488835
0 0.450068463 0.800121745 0.500000000 0.500000000 0.000000000 0.000000000 0.984609604 0.029796571 -0.172209471 1.729643833 -0.031958468 0.999441206 -0.009794420 0.425676748 0.171821401 0.015147231 0.985011637 -3.894363028
0 0.450068463 0.800121745 0.500000000 0.500000000 0.000000000 0.000000000 0.984756231 0.029531157 -0.171415076 1.742887601 -0.031728026 0.999445617 -0.010090041 0.432129239 0.171022072 0.015374892 0.985147238 -3.925265312
0 0.450068463 0.800121745 0.500000000 0.500000000 0.000000000 0.000000000 0.984901369 0.029363710 -0.170607954 1.756228408 -0.031565141 0.999449611 -0.010204697 0.436641433 0.170214415 0.015435885 0.985286117 -3.955164968
0 0.450068463 0.800121745 0.500000000 0.500000000 0.000000000 0.000000000 0.985058665 0.029022526 -0.169755936 1.767611307 -0.031207763 0.999460697 -0.010218227 0.440534309 0.169367820 0.015363256 0.985433161 -3.987438597
0 0.450068463 0.800121745 0.500000000 0.500000000 0.000000000 0.000000000 0.985203445 0.028566007 -0.168991432 1.781199121 -0.030729450 0.999475718 -0.010200121 0.444308314 0.168611452 0.015242210 0.985564768 -4.022286966
0 0.450068463 0.800121745 0.500000000 0.500000000 0.000000000 0.000000000 0.985365391 0.028263187 -0.168095961 1.791566879 -0.030434662 0.999483109 -0.010355303 0.450250349 0.167716399 0.015319700 0.985716224 -4.054032386
0 0.450068463 0.800121745 0.500000000 0.500000000 0.000000000 0.000000000 0.985560298 0.028210519 -0.166958392 1.799889084 -0.030328380 0.999488473 -0.010148386 0.451570230 0.166586697 0.015065424 0.985911727 -4.088027679
0 0.450068463 0.800121745 0.500000000 0.500000000 0.000000000 0.000000000 0.985792220 0.027715512 -0.165666863 1.805989360 -0.029805075 0.999504268 -0.010139859 0.454867865 0.165303722 0.014933508 0.986129642 -4.118853639
0 0.450068463 0.800121745 0.500000000 0.500000000 0.000000000 0.000000000 0.985950410 0.026996555 -0.164842263 1.816571400 -0.029073510 0.999525249 -0.010199449 0.459466120 0.164488643 0.014848694 0.986267209 -4.151454752
0 0.450068463 0.800121745 0.500000000 0.500000000 0.000000000 0.000000000 0.986133277 0.026523203 -0.163821921 1.825856682 -0.028639494 0.999533951 -0.010569512 0.467077262 0.163465232 0.015114725 0.986433327 -4.182486226
0 0.450068463 0.800121745 0.500000000 0.500000000 0.000000000 0.000000000 0.986305416 0.026288677 -0.162820727 1.834954834 -0.028414166 0.999538541 -0.010738796 0.471961123 0.162463292 0.015218147 0.986597240 -4.213549988
0 0.450068463 0.800121745 0.500000000 0.500000000 0.000000000 0.000000000 0.986432850 0.025986444 -0.162095293 1.846388567 -0.028083378 0.999548733 -0.010658230 0.475452001 0.161745191 0.015065813 0.986717522 -4.242763764
0 0.450068463 0.800121745 0.500000000 0.500000000 0.000000000 0.000000000 0.986553550 0.025768995 -0.161394075 1.856285640 -0.027830552 0.999557257 -0.010525440 0.477985390 0.161051393 0.014875596 0.986833930 -4.272795031
0 0.450068463 0.800121745 0.500000000 0.500000000 0.000000000 0.000000000 0.986733019 0.025601229 -0.160320207 1.862596797 -0.027611272 0.999565423 -0.010322158 0.479012665 0.159986272 0.014611859 0.987011075 -4.302701244
0 0.450068463 0.800121745 0.500000000 0.500000000 0.000000000 0.000000000 0.986890376 0.025734700 -0.159327075 1.868471893 -0.027674096 0.999567330 -0.009965244 0.478682338 0.159001693 0.014243836 0.987175584 -4.329767430
0 0.450068463 0.800121745 0.500000000 0.500000000 0.000000000 0.000000000 0.987067163 0.025658317 -0.158240482 1.874229049 -0.027519770 0.999575317 -0.009583142 0.478670532 0.157927394 0.013813946 0.987354100 -4.355136325
0 0.450068463 0.800121745 0.500000000 0.500000000 0.000000000 0.000000000 0.987235904 0.026045483 -0.157120675 1.879571775 -0.027850967 0.999568820 -0.009299998 0.479146533 0.156810701 0.013557255 0.987535596 -4.379388597
0 0.450068463 0.800121745 0.500000000 0.500000000 0.000000000 0.000000000 0.987314403 0.025644574 -0.156692654 1.889901470 -0.027424235 0.999581516 -0.009205923 0.482362834 0.156390995 0.013386317 0.987604499 -4.404359977
0 0.450068463 0.800121745 0.500000000 0.500000000 0.000000000 0.000000000 0.987485588 0.025842862 -0.155577376 1.891998085 -0.027565895 0.999580145 -0.008927477 0.482613540 0.155281350 0.013104385 0.987783372 -4.425930139
0 0.450068463 0.800121745 0.500000000 0.500000000 0.000000000 0.000000000 0.987651408 0.025417108 -0.154591903 1.895425441 -0.027120259 0.999592423 -0.008917765 0.485861809 0.154302225 0.013000215 0.987938166 -4.447367568
0 0.450068463 0.800121745 0.500000000 0.500000000 0.000000000 0.000000000 0.987753451 0.025245430 -0.153966919 1.902997786 -0.026905041 0.999600112 -0.008704558 0.487804610 0.153685600 0.012740443 0.988037646 -4.470343628
0 0.450068463 0.800121745 0.500000000 0.500000000 0.000000000 0.000000000 0.987920284 0.025431801 -0.152861714 1.906457137 -0.027079685 0.999595344 -0.008707617 0.491138137 0.152578413 0.012741879 0.988209248 -4.500502826
0 0.450068463 0.800121745 0.500000000 0.500000000 0.000000000 0.000000000 0.988092899 0.025947157 -0.151654601 1.909283038 -0.027643943 0.999576509 -0.009090498 0.497500547 0.151354507 0.013174589 0.988391757 -4.531292941
0 0.450068463 0.800121745 0.500000000 0.500000000 0.000000000 0.000000000 0.988264084 0.026216697 -0.150488541 1.911126499 -0.027981225 0.999562144 -0.009619475 0.506906639 0.150170460 0.013717436 0.988564968 -4.558716470
0 0.450068463 0.800121745 0.500000000 0.500000000 0.000000000 0.000000000 0.988396704 0.026371101 -0.149587959 1.915405087 -0.028188577 0.999552190 -0.010042293 0.514578207 0.149256140 0.014142442 0.988697410 -4.581870859
0 0.450068463 0.800121745 0.500000000 0.500000000 0.000000000 0.000000000 0.988493145 0.026324818 -0.148957372 1.923063607 -0.028143870 0.999552667 -0.010116854 0.519107123 0.148624420 0.014192677 0.988791883 -4.609499413
0 0.450068463 0.800121745 0.500000000 0.500000000 0.000000000 0.000000000 0.988496125 0.026772954 -0.148857877 1.936150718 -0.028666843 0.999532878 -0.010591409 0.528021342 0.148504794 0.014736852 0.988801897 -4.638689872
0 0.450068463 0.800121745 0.500000000 0.500000000 0.000000000 0.000000000 0.988501012 0.026732214 -0.148832470 1.948988876 -0.028617641 0.999534845 -0.010540637 0.531152031 0.148481473 0.014678665 0.988806248 -4.666503957
0 0.450068463 0.800121745 0.500000000 0.500000000 0.000000000 0.000000000 0.988541007 0.027052257 -0.148508847 1.958461727 -0.028963747 0.999522924 -0.010723263 0.536243889 0.148147911 0.014901758 0.988852918 -4.693425094
0 0.450068463 0.800121745 0.500000000 0.500000000 0.000000000 0.000000000 0.988515556 0.026908325 -0.148704067 1.973016916 -0.028817231 0.999527454 -0.010696893 0.540631078 0.148345962 0.014859285 0.988823891 -4.720572296
0 0.450068463 0.800121745 0.500000000 0.500000000 0.000000000 0.000000000 0.988458455 0.027245706 -0.149022102 1.989897068 -0.029247975 0.999508739 -0.011260650 0.550501323 0.148642093 0.015489280 0.988769770 -4.747678069
0 0.450068463 0.800121745 0.500000000 0.500000000 0.000000000 0.000000000 0.988340378 0.026964579 -0.149853840 2.011378042 -0.028967412 0.999517620 -0.011198187 0.554024396 0.149479598 0.015408499 0.988644719 -4.773837239
0 0.450068463 0.800121745 0.500000000 0.500000000 0.000000000 0.000000000 0.988187134 0.027131863 -0.150831267 2.035493326 -0.029102622 0.999517262 -0.010873536 0.553562156 0.150463432 0.015134673 0.988499701 -4.801050836
0 0.450068463 0.800121745 0.500000000 0.500000000 0.000000000 0.000000000 0.988045692 0.027243957 -0.151734799 2.056809251 -0.029243011 0.999512255 -0.010958347 0.557150109 0.151362240 0.015264530 0.988360465 -4.827872719
0 0.450068463 0.800121745 0.500000000 0.500000000 0.000000000 0.000000000 0.987860322 0.027199829 -0.152944878 2.082350147 -0.029188609 0.999515891 -0.010772562 0.557680179 0.152577817 0.015106034 0.988175988 -4.852508617
0 0.450068463 0.800121745 0.500000000 0.500000000 0.000000000 0.000000000 0.987722158 0.027366577 -0.153805166 2.102637787 -0.029360391 0.999511540 -0.010706399 0.559509177 0.153437048 0.015090727 0.988043189 -4.882948774
0 0.450068463 0.800121745 0.500000000 0.500000000 0.000000000 0.000000000 0.987541616 0.027102577 -0.155006513 2.127298850 -0.029046210 0.999525130 -0.010287520 0.557774271 0.154654101 0.014661706 0.987859905 -4.909423376
0 0.450068463 0.800121745 0.500000000 0.500000000 0.000000000 0.000000000 0.987295389 0.026944229 -0.156594560 2.153896528 -0.028837817 0.999535739 -0.009832533 0.556338318 0.156256929 0.014223459 0.987614036 -4.929701979
0 0.450068463 0.800121745 0.500000000 0.500000000 0.000000000 0.000000000 0.987033606 0.027426776 -0.158153072 2.179899892 -0.029360244 0.999519825 -0.009901429 0.559630731 0.157805577 0.014416455 0.987364948 -4.952005771
0 0.450068463 0.800121745 0.500000000 0.500000000 0.000000000 0.000000000 0.986773610 0.027228162 -0.159801275 2.207283265 -0.029105695 0.999531925 -0.009419916 0.557970774 0.159469992 0.013946452 0.987104237 -4.976993581
0 0.450068463 0.800121745 0.500000000 0.500000000 0.000000000 0.000000000 0.986476481 0.027366137 -0.161602110 2.235593569 -0.029199826 0.999533236 -0.008982416 0.555669052 0.161280856 0.013579695 0.986815095 -5.004127989
0 0.450068463 0.800121745 0.500000000 0.500000000 0.000000000 0.000000000 0.986078441 0.027592288 -0.163975403 2.268637290 -0.029435491 0.999527752 -0.008821106 0.555812537 0.163654581 0.013524999 0.986424983 -5.023286366
0 0.450068463 0.800121745 0.500000000 0.500000000 0.000000000 0.000000000 0.985676765 0.028262859 -0.166260391 2.299064652 -0.030151030 0.999506235 -0.008843159 0.557747846 0.165928379 0.013729419 0.986042202 -5.042544665
0 0.450068463 0.800121745 0.500000000 0.500000000 0.000000000 0.000000000 0.985366881 0.029041965 -0.167954266 2.319924391 -0.031071274 0.999472320 -0.009466656 0.566650992 0.167590708 0.014546682 0.985749304 -5.061443088
