0.000000000 2.488639743 4.313642221 0.499098651 0.502041388 0.000000000 0.000000000 0.568152000 0.822818000 0.013191000 2741.836791000 -0.822151000 0.568240000 -0.034229000 3676.775605000 -0.035660000 0.008602000 0.999327000 24.199684000
0.000000000 2.488639743 4.313642221 0.499098651 0.502041388 0.000000000 0.000000000 0.568184000 0.822772000 0.014597000 2742.907645000 -0.822119000 0.568328000 -0.033518000 3676.571999000 -0.035874000 0.007044000 0.999331000 24.194951000
0.000000000 2.488639743 4.313642221 0.499098651 0.502041388 0.000000000 0.000000000 0.568123000 0.822824000 0.014052000 2743.973941000 -0.822164000 0.568245000 -0.033807000 3676.367195000 -0.035802000 0.007654000 0.999330000 24.187616000
0.000000000 2.488639743 4.313642221 0.499098651 0.502041388 0.000000000 0.000000000 0.568322000 0.822704000 0.012941000 2745.036822000 -0.822082000 0.568412000 -0.033008000 3676.164409000 -0.034512000 0.008120000 0.999371000 24.182578000
0.000000000 2.488639743 4.313642221 0.499098651 0.502041388 0.000000000 0.000000000 0.568321000 0.822704000 0.013031000 2746.097744000 -0.822097000 0.568417000 -0.032537000 3675.962525000 -0.034175000 0.007779000 0.999386000 24.178649000
0.000000000 2.488639743 4.313642221 0.499098651 0.502041388 0.000000000 0.000000000 0.568591000 0.822495000 0.014361000 2747.156119000 -0.821870000 0.568731000 -0.032781000 3675.760653000 -0.035130000 0.006836000 0.999359000 24.173629000
0.000000000 2.488639743 4.313642221 0.499098651 0.502041388 0.000000000 0.000000000 0.568759000 0.822343000 0.016289000 2748.210279000 -0.821700000 0.568967000 -0.032944000 3675.559603000 -0.036359000 0.005353000 0.999324000 24.166765000
0.000000000 2.488639743 4.313642221 0.499098651 0.502041388 0.000000000 0.000000000 0.569176000 0.822022000 0.017815000 2749.258623000 -0.821362000 0.569439000 -0.033218000 3675.360660000 -0.037450000 0.004275000 0.999289000 24.157446000
0.000000000 2.488639743 4.313642221 0.499098651 0.502041388 0.000000000 0.000000000 0.569470000 0.821805000 0.018463000 2750.300634000 -0.821152000 0.569758000 -0.032941000 3675.163875000 -0.037590000 0.003598000 0.999287000 24.147631000
0.000000000 2.488639743 4.313642221 0.499098651 0.502041388 0.000000000 0.000000000 0.569896000 0.821527000 0.017684000 2751.336360000 -0.820894000 0.570156000 -0.032491000 3674.968585000 -0.036775000 0.003999000 0.999316000 24.137980000
0.000000000 2.488639743 4.313642221 0.499098651 0.502041388 0.000000000 0.000000000 0.570304000 0.821293000 0.015183000 2752.365303000 -0.820713000 0.570480000 -0.031332000 3674.775802000 -0.034394000 0.005408000 0.999394000 24.130131000
0.000000000 2.488639743 4.313642221 0.499098651 0.502041388 0.000000000 0.000000000 0.570665000 0.821065000 0.013905000 2753.390593000 -0.820524000 0.570804000 -0.030403000 3674.584521000 -0.032900000 0.005940000 0.999441000 24.125394000
0.000000000 2.488639743 4.313642221 0.499098651 0.502041388 0.000000000 0.000000000 0.571216000 0.820683000 0.013856000 2754.411995000 -0.820129000 0.571351000 -0.030771000 3674.392554000 -0.033169000 0.006213000 0.999430000 24.120339000
0.000000000 2.488639743 4.313642221 0.499098651 0.502041388 0.000000000 0.000000000 0.572027000 0.820088000 0.015542000 2755.429481000 -0.819525000 0.572217000 -0.030769000 3674.203634000 -0.034127000 0.004864000 0.999406000 24.114925000
0.000000000 2.488639743 4.313642221 0.499098651 0.502041388 0.000000000 0.000000000 0.572776000 0.819542000 0.016660000 2756.439451000 -0.818978000 0.573005000 -0.030662000 3674.017547000 -0.034675000 0.003918000 0.999391000 24.107375000
0.000000000 2.488639743 4.313642221 0.499098651 0.502041388 0.000000000 0.000000000 0.573822000 0.818823000 0.016013000 2757.439845000 -0.818280000 0.574030000 -0.030126000 3673.834582000 -0.033860000 0.004184000 0.999418000 24.100587000
0.000000000 2.488639743 4.313642221 0.499098651 0.502041388 0.000000000 0.000000000 0.574951000 0.818047000 0.015213000 2758.432417000 -0.817531000 0.575135000 -0.029368000 3673.654893000 -0.032774000 0.004448000 0.999453000 24.095114000
0.000000000 2.488639743 4.313642221 0.499098651 0.502041388 0.000000000 0.000000000 0.576197000 0.817162000 0.015582000 2759.418675000 -0.816669000 0.576396000 -0.028624000 3673.478934000 -0.032372000 0.003768000 0.999469000 24.089933000
0.000000000 2.488639743 4.313642221 0.499098651 0.502041388 0.000000000 0.000000000 0.577650000 0.816114000 0.016672000 2760.397151000 -0.815612000 0.577883000 -0.028780000 3673.304619000 -0.033123000 0.003027000 0.999447000 24.083342000
0.000000000 2.488639743 4.313642221 0.499098651 0.502041388 0.000000000 0.000000000 0.579262000 0.814952000 0.017546000 2761.366723000 -0.814437000 0.579522000 -0.029084000 3673.133490000 -0.033871000 0.002557000 0.999423000 24.076013000
0.000000000 2.488639743 4.313642221 0.499098651 0.502041388 0.000000000 0.000000000 0.581154000 0.813614000 0.017080000 2762.325872000 -0.813111000 0.581398000 -0.028757000 3672.967999000 -0.033327000 0.002825000 0.999441000 24.068908000
0.000000000 2.488639743 4.313642221 0.499098651 0.502041388 0.000000000 0.000000000 0.583222000 0.812156000 0.015942000 2763.274789000 -0.811686000 0.583430000 -0.027828000 3672.807450000 -0.031901000 0.003290000 0.999486000 24.063026000
0.000000000 2.488639743 4.313642221 0.499098651 0.502041388 0.000000000 0.000000000 0.585117000 0.810807000 0.015172000 2764.214631000 -0.810366000 0.585303000 -0.026970000 3672.650551000 -0.030748000 0.003486000 0.999521000 24.058561000
0.000000000 2.488639743 4.313642221 0.499098651 0.502041388 0.000000000 0.000000000 0.587118000 0.809347000 0.015806000 2765.147118000 -0.808902000 0.587322000 -0.027026000 3672.496355000 -0.031157000 0.003082000 0.999510000 24.053695000
0.000000000 2.488639743 4.313642221 0.499098651 0.502041388 0.000000000 0.000000000 0.589165000 0.807827000 0.017326000 2766.071253000 -0.807377000 0.589416000 -0.027027000 3672.346415000 -0.032046000 0.001935000 0.999485000 24.047553000
0.000000000 2.488639743 4.313642221 0.499098651 0.502041388 0.000000000 0.000000000 0.591519000 0.806072000 0.018776000 2766.985918000 -0.805624000 0.591816000 -0.026904000 3672.201203000 -0.032799000 0.000787000 0.999462000 24.041565000
0.000000000 2.488639743 4.313642221 0.499098651 0.502041388 0.000000000 0.000000000 0.594133000 0.804138000 0.019192000 2767.889826000 -0.803698000 0.594443000 -0.026603000 3672.061195000 -0.032801000 0.000381000 0.999462000 24.034169000
0.000000000 2.488639743 4.313642221 0.499098651 0.502041388 0.000000000 0.000000000 0.596718000 0.802255000 0.017739000 2768.781546000 -0.801800000 0.596979000 -0.027082000 3671.923908000 -0.032317000 0.001937000 0.999476000 24.026238000
0.000000000 2.488639743 4.313642221 0.499098651 0.502041388 0.000000000 0.000000000 0.599273000 0.800367000 0.016877000 2769.664556000 -0.799857000 0.599499000 -0.028821000 3671.788292000 -0.033185000 0.003773000 0.999442000 24.019985000
0.000000000 2.488639743 4.313642221 0.499098651 0.502041388 0.000000000 0.000000000 0.601851000 0.798412000 0.017687000 2770.540605000 -0.797887000 0.602101000 -0.029162000 3671.659951000 -0.033933000 0.003439000 0.999418000 24.013787000
0.000000000 2.488639743 4.313642221 0.499098651 0.502041388 0.000000000 0.000000000 0.604554000 0.796330000 0.019306000 2771.408110000 -0.795817000 0.604859000 -0.028641000 3671.538069000 -0.034485000 0.001951000 0.999403000 24.007708000
0.000000000 2.488639743 4.313642221 0.499098651 0.502041388 0.000000000 0.000000000 0.607436000 0.794122000 0.019790000 2772.264438000 -0.793608000 0.607756000 -0.028623000 3671.419396000 -0.034758000 0.001681000 0.999394000 24.000128000
0.000000000 2.488639743 4.313642221 0.499098651 0.502041388 0.000000000 0.000000000 0.610520000 0.791785000 0.018506000 2773.109139000 -0.791265000 0.610793000 -0.028841000 3671.305567000 -0.034139000 0.002965000 0.999413000 23.993090000
0.000000000 2.488639743 4.313642221 0.499098651 0.502041388 0.000000000 0.000000000 0.613320000 0.789666000 0.016295000 2773.943492000 -0.789134000 0.613515000 -0.029439000 3671.195306000 -0.033244000 0.005197000 0.999434000 23.987280000
0.000000000 2.488639743 4.313642221 0.499098651 0.502041388 0.000000000 0.000000000 0.616053000 0.787543000 0.015942000 2774.770898000 -0.786997000 0.616231000 -0.029904000 3671.088748000 -0.033375000 0.005876000 0.999426000 23.982775000
0.000000000 2.488639743 4.313642221 0.499098651 0.502041388 0.000000000 0.000000000 0.618881000 0.785296000 0.017216000 2775.591683000 -0.784772000 0.619105000 -0.029025000 3670.989703000 -0.033452000 0.004452000 0.999430000 23.978324000
0.000000000 2.488639743 4.313642221 0.499098651 0.502041388 0.000000000 0.000000000 0.621926000 0.782860000 0.018399000 2776.403101000 -0.782334000 0.622188000 -0.028894000 3670.893447000 -0.034068000 0.003575000 0.999413000 23.973760000
0.000000000 2.488639743 4.313642221 0.499098651 0.502041388 0.000000000 0.000000000 0.624831000 0.780529000 0.018994000 2777.204842000 -0.780004000 0.625112000 -0.028785000 3670.801620000 -0.034341000 0.003170000 0.999405000 23.967050000
0.000000000 2.488639743 4.313642221 0.499098651 0.502041388 0.000000000 0.000000000 0.627758000 0.778188000 0.018518000 2777.996114000 -0.777636000 0.628017000 -0.029612000 3670.711997000 -0.034673000 0.004189000 0.999390000 23.961637000
0.000000000 2.488639743 4.313642221 0.499098651 0.502041388 0.000000000 0.000000000 0.630454000 0.776015000 0.018112000 2778.778071000 -0.775458000 0.630696000 -0.029782000 3670.626870000 -0.034534000 0.004731000 0.999392000 23.956319000
0.000000000 2.488639743 4.313642221 0.499098651 0.502041388 0.000000000 0.000000000 0.633124000 0.773832000 0.018361000 2779.551886000 -0.773291000 0.633376000 -0.029253000 3670.547036000 -0.034266000 0.004322000 0.999403000 23.951243000
0.000000000 2.488639743 4.313642221 0.499098651 0.502041388 0.000000000 0.000000000 0.635937000 0.771519000 0.018477000 2780.315765000 -0.770983000 0.636192000 -0.029090000 3670.470570000 -0.034199000 0.004254000 0.999406000 23.946257000
0.000000000 2.488639743 4.313642221 0.499098651 0.502041388 0.000000000 0.000000000 0.639096000 0.768895000 0.018894000 2781.070301000 -0.768327000 0.639358000 -0.029910000 3670.396540000 -0.035077000 0.004599000 0.999374000 23.940554000
0.000000000 2.488639743 4.313642221 0.499098651 0.502041388 0.000000000 0.000000000 0.642232000 0.766259000 0.019630000 2781.815009000 -0.765666000 0.642516000 -0.030467000 3670.327448000 -0.035958000 0.004536000 0.999343000 23.935457000
0.000000000 2.488639743 4.313642221 0.499098651 0.502041388 0.000000000 0.000000000 0.645229000 0.763730000 0.019906000 2782.548410000 -0.763123000 0.645519000 -0.030788000 3670.262730000 -0.036364000 0.004675000 0.999328000 23.929111000
0.000000000 2.488639743 4.313642221 0.499098651 0.502041388 0.000000000 0.000000000 0.648303000 0.761125000 0.019814000 2783.270067000 -0.760510000 0.648586000 -0.030978000 3670.201818000 -0.036429000 0.005014000 0.999324000 23.923359000
0.000000000 2.488639743 4.313642221 0.499098651 0.502041388 0.000000000 0.000000000 0.651651000 0.758256000 0.019959000 2783.981102000 -0.757647000 0.651938000 -0.030795000 3670.146216000 -0.036362000 0.004946000 0.999326000 23.918373000
0.000000000 2.488639743 4.313642221 0.499098651 0.502041388 0.000000000 0.000000000 0.655212000 0.755186000 0.019780000 2784.680042000 -0.754563000 0.655488000 -0.031156000 3670.094496000 -0.036494000 0.005489000 0.999319000 23.912737000
0.000000000 2.488639743 4.313642221 0.499098651 0.502041388 0.000000000 0.000000000 0.658734000 0.752102000 0.020280000 2785.368338000 -0.751463000 0.659024000 -0.031473000 3670.046970000 -0.037036000 0.005492000 0.999299000 23.907100000
0.000000000 2.488639743 4.313642221 0.499098651 0.502041388 0.000000000 0.000000000 0.662018000 0.749195000 0.020947000 2786.044779000 -0.748528000 0.662326000 -0.032091000 3670.002654000 -0.037916000 0.005566000 0.999265000 23.902130000
0.000000000 2.488639743 4.313642221 0.499098651 0.502041388 0.000000000 0.000000000 0.665371000 0.746203000 0.021492000 2786.708617000 -0.745546000 0.665699000 -0.031734000 3669.964100000 -0.037987000 0.005092000 0.999265000 23.896593000
0.000000000 2.488639743 4.313642221 0.499098651 0.502041388 0.000000000 0.000000000 0.668776000 0.743135000 0.022110000 2787.360091000 -0.742472000 0.669124000 -0.031759000 3669.928793000 -0.038395000 0.004823000 0.999251000 23.890853000
0.000000000 2.488639743 4.313642221 0.499098651 0.502041388 0.000000000 0.000000000 0.671975000 0.740244000 0.022125000 2787.998039000 -0.739564000 0.672318000 -0.032136000 3669.895991000 -0.038664000 0.005232000 0.999239000 23.884926000
0.000000000 2.488639743 4.313642221 0.499098651 0.502041388 0.000000000 0.000000000 0.675108000 0.737401000 0.021657000 2788.622113000 -0.736705000 0.675428000 -0.032588000 3669.866619000 -0.038658000 0.006045000 0.999234000 23.878710000
0.000000000 2.488639743 4.313642221 0.499098651 0.502041388 0.000000000 0.000000000 0.678298000 0.734478000 0.021310000 2789.233009000 -0.733780000 0.678601000 -0.032663000 3669.841421000 -0.038452000 0.006518000 0.999239000 23.873406000
0.000000000 2.488639743 4.313642221 0.499098651 0.502041388 0.000000000 0.000000000 0.681312000 0.731677000 0.021524000 2789.831460000 -0.730965000 0.681618000 -0.032962000 3669.818520000 -0.038789000 0.006724000 0.999225000 23.869202000
0.000000000 2.488639743 4.313642221 0.499098651 0.502041388 0.000000000 0.000000000 0.684032000 0.729121000 0.021960000 2790.416568000 -0.728434000 0.684358000 -0.032222000 3669.800311000 -0.038523000 0.006044000 0.999239000 23.863870000
0.000000000 2.488639743 4.313642221 0.499098651 0.502041388 0.000000000 0.000000000 0.686408000 0.726889000 0.021854000 2790.986694000 -0.726182000 0.686724000 -0.032718000 3669.781701000 -0.038790000 0.006588000 0.999226000 23.859072000
0.000000000 2.488639743 4.313642221 0.499098651 0.502041388 0.000000000 0.000000000 0.688846000 0.724582000 0.021757000 2791.542898000 -0.723859000 0.689153000 -0.033118000 3669.765544000 -0.038990000 0.007064000 0.999215000 23.854288000
0.000000000 2.488639743 4.313642221 0.499098651 0.502041388 0.000000000 0.000000000 0.690993000 0.722531000 0.021849000 2792.085289000 -0.721802000 0.691301000 -0.033244000 3669.752052000 -0.039125000 0.007201000 0.999208000 23.850259000
0.000000000 2.488639743 4.313642221 0.499098651 0.502041388 0.000000000 0.000000000 0.692987000 0.720610000 0.022121000 2792.613585000 -0.719862000 0.693301000 -0.033667000 3669.739239000 -0.039597000 0.007407000 0.999188000 23.845894000
0.000000000 2.488639743 4.313642221 0.499098651 0.502041388 0.000000000 0.000000000 0.695143000 0.718539000 0.021858000 2793.126858000 -0.717828000 0.695451000 -0.032731000 3669.731327000 -0.038719000 0.007062000 0.999225000 23.841607000
0.000000000 2.488639743 4.313642221 0.499098651 0.502041388 0.000000000 0.000000000 0.697425000 0.716333000 0.021576000 2793.626163000 -0.715622000 0.697719000 -0.032750000 3669.724255000 -0.038514000 0.007400000 0.999231000 23.838172000
0.000000000 2.488639743 4.313642221 0.499098651 0.502041388 0.000000000 0.000000000 0.699346000 0.714458000 0.021563000 2794.111713000 -0.713738000 0.699636000 -0.032977000 3669.717499000 -0.038647000 0.007672000 0.999223000 23.834273000
0.000000000 2.488639743 4.313642221 0.499098651 0.502041388 0.000000000 0.000000000 0.700673000 0.713175000 0.020961000 2794.583543000 -0.712482000 0.700944000 -0.032353000 3669.713092000 -0.037766000 0.007734000 0.999257000 23.831374000
0.000000000 2.488639743 4.313642221 0.499098651 0.502041388 0.000000000 0.000000000 0.701818000 0.712084000 0.019683000 2795.042318000 -0.711439000 0.702049000 -0.031345000 3669.709727000 -0.036138000 0.007995000 0.999315000 23.828544000
0.000000000 2.488639743 4.313642221 0.499098651 0.502041388 0.000000000 0.000000000 0.703122000 0.710847000 0.017757000 2795.490210000 -0.710311000 0.703306000 -0.028604000 3669.711039000 -0.032822000 0.007499000 0.999433000 23.827971000
0.000000000 2.488639743 4.313642221 0.499098651 0.502041388 0.000000000 0.000000000 0.704453000 0.709511000 0.018453000 2795.934173000 -0.708868000 0.704635000 -0.031547000 3669.702522000 -0.035385000 0.009143000 0.999332000 23.825520000
0.000000000 2.488639743 4.313642221 0.499098651 0.502041388 0.000000000 0.000000000 0.705630000 0.708255000 0.021472000 2796.373905000 -0.707548000 0.705913000 -0.032591000 3669.697126000 -0.038240000 0.007805000 0.999238000 23.822881000
0.000000000 2.488639743 4.313642221 0.499098651 0.502041388 0.000000000 0.000000000 0.706261000 0.707633000 0.021229000 2796.801338000 -0.707011000 0.706551000 -0.030367000 3669.700057000 -0.036488000 0.006438000 0.999313000 23.820650000
0.000000000 2.488639743 4.313642221 0.499098651 0.502041388 0.000000000 0.000000000 0.706735000 0.707219000 0.019122000 2797.221925000 -0.706527000 0.706929000 -0.032736000 3669.691969000 -0.036669000 0.009625000 0.999281000 23.817464000
0.000000000 2.488639743 4.313642221 0.499098651 0.502041388 0.000000000 0.000000000 0.708349000 0.705639000 0.017768000 2797.640895000 -0.705045000 0.708515000 -0.030292000 3669.696152000 -0.033964000 0.008930000 0.999383000 23.815990000
0.000000000 2.488639743 4.313642221 0.499098651 0.502041388 0.000000000 0.000000000 0.709659000 0.704287000 0.019073000 2798.059923000 -0.703706000 0.709874000 -0.029590000 3669.699370000 -0.034380000 0.007577000 0.999380000 23.815217000
0.000000000 2.488639743 4.313642221 0.499098651 0.502041388 0.000000000 0.000000000 0.710229000 0.703676000 0.020348000 2798.475428000 -0.703149000 0.710500000 -0.027755000 3669.702418000 -0.033988000 0.005405000 0.999408000 23.813606000
0.000000000 2.488639743 4.313642221 0.499098651 0.502041388 0.000000000 0.000000000 0.711311000 0.702694000 0.016072000 2798.880525000 -0.702146000 0.711428000 -0.029356000 3669.700661000 -0.032062000 0.009596000 0.999440000 23.810850000
0.000000000 2.488639743 4.313642221 0.499098651 0.502041388 0.000000000 0.000000000 0.713554000 0.700583000 0.004861000 2799.274487000 -0.700019000 0.713228000 -0.035759000 3669.691645000 -0.028519000 0.022113000 0.999349000 23.810666000
0.000000000 2.488639743 4.313642221 0.499098651 0.502041388 0.000000000 0.000000000 0.715296000 0.698816000 -0.002821000 2799.672685000 -0.698443000 0.714771000 -0.035784000 3669.695687000 -0.022990000 0.027566000 0.999356000 23.816047000
0.000000000 2.488639743 4.313642221 0.499098651 0.502041388 0.000000000 0.000000000 0.716427000 0.697642000 -0.005254000 2800.073777000 -0.697331000 0.715835000 -0.036187000 3669.698807000 -0.021484000 0.029589000 0.999331000 23.823610000
0.000000000 2.488639743 4.313642221 0.499098651 0.502041388 0.000000000 0.000000000 0.718125000 0.695873000 -0.007575000 2800.468080000 -0.695659000 0.717525000 -0.034878000 3669.705353000 -0.018835000 0.030317000 0.999363000 23.832300000
0.000000000 2.488639743 4.313642221 0.499098651 0.502041388 0.000000000 0.000000000 0.720116000 0.693777000 -0.010293000 2800.860728000 -0.693701000 0.719567000 -0.031674000 3669.719768000 -0.014568000 0.029949000 0.999445000 23.842821000
0.000000000 2.488639743 4.313642221 0.499098651 0.502041388 0.000000000 0.000000000 0.721475000 0.692340000 -0.011758000 2801.258414000 -0.692302000 0.720889000 -0.032193000 3669.727193000 -0.013812000 0.031367000 0.999412000 23.852955000