0 0.509893474 0.906477299 0.500000000 0.500000000 0.000000000 0.000000000 0.999999344 0.000246146 -0.001099734 -0.014837961 -0.000245241 0.999999642 0.000823281 -0.002037307 0.001099937 -0.000823010 0.999999046 -0.001592008
0 0.509893474 0.906477299 0.500000000 0.500000000 0.000000000 0.000000000 0.999999225 0.000253934 -0.001202926 -0.016646366 -0.000252828 0.999999523 0.000919832 -0.002253394 0.001203159 -0.000919527 0.999998868 -0.002202602
0 0.509893474 0.906477299 0.500000000 0.500000000 0.000000000 0.000000000 0.999999285 0.000288072 -0.001146868 -0.018465777 -0.000286943 0.999999464 0.000984529 -0.002454177 0.001147151 -0.000984199 0.999998868 -0.002653426
0 0.509893474 0.906477299 0.500000000 0.500000000 0.000000000 0.000000000 0.999999285 0.000347616 -0.001150019 -0.020561208 -0.000346592 0.999999523 0.000891026 -0.002169335 0.001150328 -0.000890627 0.999998927 -0.003112395
0 0.509893474 0.906477299 0.500000000 0.500000000 0.000000000 0.000000000 0.999999344 0.000314013 -0.001126886 -0.022595020 -0.000312860 0.999999404 0.001023654 -0.002512138 0.001127206 -0.001023300 0.999998868 -0.003522527
0 0.509893474 0.906477299 0.500000000 0.500000000 0.000000000 0.000000000 0.999999344 0.000336820 -0.001071318 -0.024589467 -0.000335790 0.999999464 0.000961550 -0.002303073 0.001071641 -0.000961190 0.999998987 -0.003831977
0 0.509893474 0.906477299 0.500000000 0.500000000 0.000000000 0.000000000 0.999999344 0.000376963 -0.001106321 -0.026574026 -0.000375837 0.999999404 0.001017592 -0.002099156 0.001106704 -0.001017175 0.999998868 -0.004354694
0 0.509893474 0.906477299 0.500000000 0.500000000 0.000000000 0.000000000 0.999999344 0.000286832 -0.001116886 -0.028505972 -0.000285703 0.999999464 0.001011058 -0.002287697 0.001117175 -0.001010739 0.999998868 -0.004798833
0 0.509893474 0.906477299 0.500000000 0.500000000 0.000000000 0.000000000 0.999999344 0.000247574 -0.001116961 -0.030601303 -0.000246385 0.999999404 0.001064194 -0.002682441 0.001117224 -0.001063918 0.999998808 -0.005458744
0 0.509893474 0.906477299 0.500000000 0.500000000 0.000000000 0.000000000 0.999999344 0.000318661 -0.001083598 -0.032545938 -0.000317534 0.999999404 0.001040537 -0.002301301 0.001083929 -0.001040192 0.999998868 -0.005522488
0 0.509893474 0.906477299 0.500000000 0.500000000 0.000000000 0.000000000 0.999999404 0.000314180 -0.001038998 -0.034877593 -0.000313114 0.999999404 0.001026209 -0.002281026 0.001039320 -0.001025883 0.999998927 -0.006091788
0 0.509893474 0.906477299 0.500000000 0.500000000 0.000000000 0.000000000 0.999999464 0.000278270 -0.000995085 -0.036985269 -0.000277321 0.999999523 0.000953669 -0.002089559 0.000995350 -0.000953393 0.999999046 -0.006405264
0 0.509893474 0.906477299 0.500000000 0.500000000 0.000000000 0.000000000 0.999999404 0.000402105 -0.000987381 -0.039077906 -0.000401127 0.999999404 0.000991082 -0.001958550 0.000987779 -0.000990686 0.999999046 -0.006856904
0 0.509893474 0.906477299 0.500000000 0.500000000 0.000000000 0.000000000 0.999999344 0.000448205 -0.001056633 -0.041111748 -0.000447182 0.999999404 0.000968431 -0.001884289 0.001057067 -0.000967958 0.999998987 -0.007399736
0 0.509893474 0.906477299 0.500000000 0.500000000 0.000000000 0.000000000 0.999999404 0.000543360 -0.000960464 -0.043271181 -0.000542355 0.999999285 0.001046625 -0.002039822 0.000961032 -0.001046103 0.999998987 -0.007993364
0 0.509893474 0.906477299 0.500000000 0.500000000 0.000000000 0.000000000 0.999999464 0.000480041 -0.000933477 -0.045262764 -0.000479088 0.999999344 0.001020907 -0.001914312 0.000933966 -0.001020459 0.999999046 -0.008150029
0 0.509893474 0.906477299 0.500000000 0.500000000 0.000000000 0.000000000 0.999999404 0.000554132 -0.000909204 -0.047313861 -0.000553180 0.999999285 0.001047293 -0.001854460 0.000909784 -0.001046790 0.999999046 -0.008477393
0 0.509893474 0.906477299 0.500000000 0.500000000 0.000000000 0.000000000 0.999999464 0.000491251 -0.000930162 -0.049357515 -0.000490299 0.999999344 0.001023358 -0.001961483 0.000930664 -0.001022901 0.999999046 -0.009169534
0 0.509893474 0.906477299 0.500000000 0.500000000 0.000000000 0.000000000 0.999999404 0.000578301 -0.000949816 -0.051157090 -0.000577346 0.999999344 0.001005417 -0.001763447 0.000950397 -0.001004868 0.999999046 -0.009506128
0 0.509893474 0.906477299 0.500000000 0.500000000 0.000000000 0.000000000 0.999999344 0.000618294 -0.000965553 -0.052965031 -0.000617290 0.999999285 0.001040308 -0.001913951 0.000966195 -0.001039711 0.999998987 -0.010075906
0 0.509893474 0.906477299 0.500000000 0.500000000 0.000000000 0.000000000 0.999999464 0.000556704 -0.000869006 -0.054913126 -0.000555851 0.999999344 0.000981549 -0.001730012 0.000869552 -0.000981065 0.999999166 -0.010247302
0 0.509893474 0.906477299 0.500000000 0.500000000 0.000000000 0.000000000 0.999999464 0.000595483 -0.000848858 -0.056712729 -0.000594668 0.999999344 0.000960355 -0.001673170 0.000849429 -0.000959850 0.999999166 -0.010631151
0 0.509893474 0.906477299 0.500000000 0.500000000 0.000000000 0.000000000 0.999999523 0.000535316 -0.000829655 -0.058446700 -0.000534530 0.999999404 0.000948095 -0.001692402 0.000830162 -0.000947651 0.999999225 -0.011070810
0 0.509893474 0.906477299 0.500000000 0.500000000 0.000000000 0.000000000 0.999999523 0.000588882 -0.000809263 -0.060132469 -0.000588068 0.999999344 0.001005629 -0.001829360 0.000809854 -0.001005153 0.999999166 -0.011553195
0 0.509893474 0.906477299 0.500000000 0.500000000 0.000000000 0.000000000 0.999999583 0.000556603 -0.000750744 -0.061963563 -0.000555827 0.999999285 0.001033342 -0.001851830 0.000751318 -0.001032924 0.999999166 -0.011744770
0 0.509893474 0.906477299 0.500000000 0.500000000 0.000000000 0.000000000 0.999999583 0.000514754 -0.000729661 -0.063775852 -0.000514070 0.999999404 0.000937378 -0.001658184 0.000730143 -0.000937003 0.999999285 -0.012160002
0 0.509893474 0.906477299 0.500000000 0.500000000 0.000000000 0.000000000 0.999999583 0.000599376 -0.000706796 -0.065554071 -0.000598667 0.999999344 0.001002936 -0.001806350 0.000707396 -0.001002513 0.999999225 -0.012624347
0 0.509893474 0.906477299 0.500000000 0.500000000 0.000000000 0.000000000 0.999999583 0.000569648 -0.000676208 -0.067375408 -0.000568982 0.999999344 0.000983831 -0.001759010 0.000676768 -0.000983446 0.999999285 -0.012995034
0 0.509893474 0.906477299 0.500000000 0.500000000 0.000000000 0.000000000 0.999999583 0.000586097 -0.000703541 -0.069179513 -0.000585385 0.999999344 0.001010878 -0.001928967 0.000704133 -0.001010466 0.999999225 -0.013494964
0 0.509893474 0.906477299 0.500000000 0.500000000 0.000000000 0.000000000 0.999999642 0.000634575 -0.000606976 -0.071196094 -0.000633966 0.999999285 0.001001604 -0.001903607 0.000607611 -0.001001219 0.999999285 -0.013843766
0 0.509893474 0.906477299 0.500000000 0.500000000 0.000000000 0.000000000 0.999999583 0.000656514 -0.000602438 -0.073194259 -0.000655892 0.999999225 0.001031632 -0.002091428 0.000603115 -0.001031237 0.999999285 -0.014400281
0 0.509893474 0.906477299 0.500000000 0.500000000 0.000000000 0.000000000 0.999999583 0.000675065 -0.000568047 -0.075040255 -0.000674522 0.999999344 0.000955831 -0.001778128 0.000568692 -0.000955447 0.999999404 -0.014739919
0 0.509893474 0.906477299 0.500000000 0.500000000 0.000000000 0.000000000 0.999999583 0.000732096 -0.000555734 -0.077063042 -0.000731530 0.999999225 0.001018045 -0.002021549 0.000556479 -0.001017638 0.999999344 -0.015282866
0 0.509893474 0.906477299 0.500000000 0.500000000 0.000000000 0.000000000 0.999999583 0.000750840 -0.000462740 -0.079188560 -0.000750412 0.999999285 0.000925791 -0.001653709 0.000463435 -0.000925443 0.999999464 -0.015510614
0 0.509893474 0.906477299 0.500000000 0.500000000 0.000000000 0.000000000 0.999999642 0.000774475 -0.000401993 -0.081192179 -0.000774107 0.999999285 0.000915201 -0.001695472 0.000402702 -0.000914890 0.999999523 -0.016035406
0 0.509893474 0.906477299 0.500000000 0.500000000 0.000000000 0.000000000 0.999999523 0.000923769 -0.000392558 -0.083050411 -0.000923385 0.999999106 0.000976070 -0.001885402 0.000393459 -0.000975707 0.999999464 -0.016591177
0 0.509893474 0.906477299 0.500000000 0.500000000 0.000000000 0.000000000 0.999999464 0.001006209 -0.000282227 -0.085127391 -0.001005940 0.999999046 0.000949791 -0.001684374 0.000283183 -0.000949507 0.999999523 -0.016488413
0 0.509893474 0.906477299 0.500000000 0.500000000 0.000000000 0.000000000 0.999999464 0.001012980 -0.000264677 -0.087028804 -0.001012719 0.999998987 0.000984329 -0.001901496 0.000265674 -0.000984061 0.999999464 -0.017182852
0 0.509893474 0.906477299 0.500000000 0.500000000 0.000000000 0.000000000 0.999999404 0.001083066 -0.000252979 -0.088870115 -0.001082845 0.999999046 0.000872595 -0.001502327 0.000253923 -0.000872321 0.999999583 -0.017608984
0 0.509893474 0.906477299 0.500000000 0.500000000 0.000000000 0.000000000 0.999999285 0.001167521 -0.000198523 -0.090800143 -0.001167339 0.999998927 0.000911417 -0.001697074 0.000199586 -0.000911185 0.999999583 -0.017895198
0 0.509893474 0.906477299 0.500000000 0.500000000 0.000000000 0.000000000 0.999999225 0.001214380 -0.000155537 -0.092762779 -0.001214246 0.999998868 0.000860870 -0.001629657 0.000156583 -0.000860680 0.999999642 -0.018328672
0 0.509893474 0.906477299 0.500000000 0.500000000 0.000000000 0.000000000 0.999999225 0.001251916 -0.000129562 -0.094698076 -0.001251803 0.999998868 0.000867311 -0.001735072 0.000130648 -0.000867148 0.999999642 -0.018775696
0 0.509893474 0.906477299 0.500000000 0.500000000 0.000000000 0.000000000 0.999999166 0.001300939 -0.000059022 -0.096614796 -0.001300888 0.999998748 0.000868897 -0.001671822 0.000060152 -0.000868819 0.999999642 -0.019161736
0 0.509893474 0.906477299 0.500000000 0.500000000 0.000000000 0.000000000 0.999999166 0.001309685 -0.000063496 -0.098328659 -0.001309632 0.999998808 0.000822319 -0.001650631 0.000064573 -0.000822235 0.999999642 -0.019693178
0 0.509893474 0.906477299 0.500000000 0.500000000 0.000000000 0.000000000 0.999998987 0.001420544 0.000029409 -0.100437494 -0.001420566 0.999998689 0.000762770 -0.001469715 -0.000028326 -0.000762811 0.999999702 -0.019863303
0 0.509893474 0.906477299 0.500000000 0.500000000 0.000000000 0.000000000 0.999998868 0.001486402 0.000081600 -0.102305618 -0.001486461 0.999998629 0.000726100 -0.001385852 -0.000080520 -0.000726220 0.999999762 -0.020198271
0 0.509893474 0.906477299 0.500000000 0.500000000 0.000000000 0.000000000 0.999998868 0.001512453 0.000106503 -0.104197173 -0.001512531 0.999998569 0.000742271 -0.001417949 -0.000105380 -0.000742432 0.999999702 -0.020695765
0 0.509893474 0.906477299 0.500000000 0.500000000 0.000000000 0.000000000 0.999998689 0.001606864 0.000095308 -0.106082065 -0.001606928 0.999998450 0.000678080 -0.001374392 -0.000094219 -0.000678232 0.999999762 -0.020958515
0 0.509893474 0.906477299 0.500000000 0.500000000 0.000000000 0.000000000 0.999998510 0.001730119 0.000144771 -0.108129930 -0.001730221 0.999998271 0.000707854 -0.001378196 -0.000143546 -0.000708103 0.999999762 -0.021349449
0 0.509893474 0.906477299 0.500000000 0.500000000 0.000000000 0.000000000 0.999998510 0.001728647 0.000118699 -0.109946152 -0.001728722 0.999998331 0.000627182 -0.001304408 -0.000117615 -0.000627386 0.999999821 -0.021903673
0 0.509893474 0.906477299 0.500000000 0.500000000 0.000000000 0.000000000 0.999998391 0.001777655 0.000191423 -0.112136095 -0.001777792 0.999998152 0.000718908 -0.001480402 -0.000190145 -0.000719247 0.999999702 -0.022248744
0 0.509893474 0.906477299 0.500000000 0.500000000 0.000000000 0.000000000 0.999998271 0.001834465 0.000241501 -0.114094845 -0.001834625 0.999998093 0.000664920 -0.001301378 -0.000240281 -0.000665361 0.999999762 -0.022772144
0 0.509893474 0.906477299 0.500000000 0.500000000 0.000000000 0.000000000 0.999998152 0.001905745 0.000260169 -0.115897473 -0.001905916 0.999997973 0.000660176 -0.001206645 -0.000258910 -0.000660670 0.999999762 -0.022993586
0 0.509893474 0.906477299 0.500000000 0.500000000 0.000000000 0.000000000 0.999998033 0.001967389 0.000208148 -0.117738941 -0.001967519 0.999997854 0.000627737 -0.001188547 -0.000206912 -0.000628145 0.999999762 -0.023459237
0 0.509893474 0.906477299 0.500000000 0.500000000 0.000000000 0.000000000 0.999997973 0.001995580 0.000251289 -0.119668210 -0.001995744 0.999997795 0.000654800 -0.001232778 -0.000249982 -0.000655300 0.999999762 -0.023802965
0 0.509893474 0.906477299 0.500000000 0.500000000 0.000000000 0.000000000 0.999998093 0.001956558 0.000152247 -0.121353871 -0.001956646 0.999997914 0.000582035 -0.001100054 -0.000151108 -0.000582332 0.999999821 -0.024273052
0 0.509893474 0.906477299 0.500000000 0.500000000 0.000000000 0.000000000 0.999997973 0.001998450 0.000208926 -0.123420795 -0.001998571 0.999997854 0.000577845 -0.001056272 -0.000207771 -0.000578261 0.999999821 -0.024814947
0 0.509893474 0.906477299 0.500000000 0.500000000 0.000000000 0.000000000 0.999997973 0.001997448 0.000238898 -0.125730967 -0.001997575 0.999997854 0.000532030 -0.000834058 -0.000237834 -0.000532506 0.999999821 -0.025154142
0 0.509893474 0.906477299 0.500000000 0.500000000 0.000000000 0.000000000 0.999997795 0.002075627 0.000280704 -0.127828838 -0.002075802 0.999997675 0.000622805 -0.000967924 -0.000279410 -0.000623386 0.999999762 -0.025628011
0 0.509893474 0.906477299 0.500000000 0.500000000 0.000000000 0.000000000 0.999997973 0.001998635 0.000271318 -0.129694839 -0.001998791 0.999997854 0.000577063 -0.000804733 -0.000270164 -0.000577604 0.999999821 -0.025847020
0 0.509893474 0.906477299 0.500000000 0.500000000 0.000000000 0.000000000 0.999997556 0.002173301 0.000343878 -0.132044120 -0.002173519 0.999997437 0.000636601 -0.000988157 -0.000342493 -0.000637347 0.999999762 -0.026430262
0 0.509893474 0.906477299 0.500000000 0.500000000 0.000000000 0.000000000 0.999997795 0.002069095 0.000268145 -0.133788633 -0.002069234 0.999997735 0.000518505 -0.000751206 -0.000267071 -0.000519059 0.999999821 -0.027036030
0 0.509893474 0.906477299 0.500000000 0.500000000 0.000000000 0.000000000 0.999997675 0.002145276 0.000287537 -0.135983642 -0.002145447 0.999997497 0.000595907 -0.000947102 -0.000286258 -0.000596522 0.999999762 -0.027371686
0 0.509893474 0.906477299 0.500000000 0.500000000 0.000000000 0.000000000 0.999997795 0.002088108 0.000325533 -0.138052771 -0.002088278 0.999997675 0.000520714 -0.000860032 -0.000324445 -0.000521393 0.999999821 -0.028023113
0 0.509893474 0.906477299 0.500000000 0.500000000 0.000000000 0.000000000 0.999997616 0.002148248 0.000335696 -0.140390425 -0.002148442 0.999997497 0.000577645 -0.000958996 -0.000334454 -0.000578365 0.999999762 -0.028361803
0 0.509893474 0.906477299 0.500000000 0.500000000 0.000000000 0.000000000 0.999997675 0.002141844 0.000286801 -0.142480327 -0.002141965 0.999997616 0.000423441 -0.000507806 -0.000285893 -0.000424054 0.999999881 -0.028952256
0 0.509893474 0.906477299 0.500000000 0.500000000 0.000000000 0.000000000 0.999997497 0.002212060 0.000240951 -0.144676084 -0.002212186 0.999997437 0.000524157 -0.000770749 -0.000239791 -0.000524689 0.999999821 -0.029419952
0 0.509893474 0.906477299 0.500000000 0.500000000 0.000000000 0.000000000 0.999997497 0.002224122 0.000236466 -0.147035511 -0.002224244 0.999997377 0.000516317 -0.000640232 -0.000235317 -0.000516841 0.999999821 -0.029691080
0 0.509893474 0.906477299 0.500000000 0.500000000 0.000000000 0.000000000 0.999997199 0.002354302 0.000251769 -0.149378248 -0.002354465 0.999997020 0.000651867 -0.000802850 -0.000250233 -0.000652458 0.999999762 -0.030464200
0 0.509893474 0.906477299 0.500000000 0.500000000 0.000000000 0.000000000 0.999997377 0.002272956 0.000224110 -0.151590854 -0.002273070 0.999997258 0.000507921 -0.000287094 -0.000222955 -0.000508429 0.999999821 -0.030663315
0 0.509893474 0.906477299 0.500000000 0.500000000 0.000000000 0.000000000 0.999997199 0.002365657 0.000225891 -0.153904174 -0.002365800 0.999997020 0.000632805 -0.000599520 -0.000224393 -0.000633337 0.999999762 -0.031322955
0 0.509893474 0.906477299 0.500000000 0.500000000 0.000000000 0.000000000 0.999997020 0.002429994 0.000270223 -0.156210673 -0.002430175 0.999996841 0.000671729 -0.000400393 -0.000268590 -0.000672384 0.999999762 -0.031404332
0 0.509893474 0.906477299 0.500000000 0.500000000 0.000000000 0.000000000 0.999997020 0.002419009 0.000271944 -0.158411327 -0.002419190 0.999996841 0.000669117 -0.000473241 -0.000270324 -0.000669772 0.999999762 -0.032195835
0 0.509893474 0.906477299 0.500000000 0.500000000 0.000000000 0.000000000 0.999996781 0.002513815 0.000315589 -0.160814273 -0.002514061 0.999996543 0.000781730 -0.000718622 -0.000313622 -0.000782521 0.999999642 -0.032756436
0 0.509893474 0.906477299 0.500000000 0.500000000 0.000000000 0.000000000 0.999996781 0.002523775 0.000307782 -0.163100036 -0.002523996 0.999996543 0.000720997 -0.000688386 -0.000305961 -0.000721772 0.999999702 -0.033263267
0 0.509893474 0.906477299 0.500000000 0.500000000 0.000000000 0.000000000 0.999996603 0.002584323 0.000356030 -0.165456875 -0.002584560 0.999996424 0.000668771 -0.000442877 -0.000354301 -0.000669689 0.999999702 -0.033699341
0 0.509893474 0.906477299 0.500000000 0.500000000 0.000000000 0.000000000 0.999996543 0.002598774 0.000361919 -0.167968125 -0.002599001 0.999996424 0.000627096 -0.000442688 -0.000360288 -0.000628035 0.999999762 -0.034254881
0 0.509893474 0.906477299 0.500000000 0.500000000 0.000000000 0.000000000 0.999996245 0.002715577 0.000348061 -0.170186853 -0.002715782 0.999996126 0.000588736 -0.000187045 -0.000346461 -0.000589679 0.999999762 -0.034732095
0 0.509893474 0.906477299 0.500000000 0.500000000 0.000000000 0.000000000 0.999995887 0.002844546 0.000331609 -0.172723806 -0.002844765 0.999995708 0.000660818 -0.000439087 -0.000329728 -0.000661758 0.999999702 -0.035168366
0 0.509893474 0.906477299 0.500000000 0.500000000 0.000000000 0.000000000 0.999995828 0.002866983 0.000365663 -0.175137443 -0.002867199 0.999995708 0.000590415 -0.000339267 -0.000363968 -0.000591461 0.999999762 -0.035635790
0 0.509893474 0.906477299 0.500000000 0.500000000 0.000000000 0.000000000 0.999995589 0.002950578 0.000364798 -0.177512459 -0.002950777 0.999995470 0.000544805 -0.000226434 -0.000363188 -0.000545879 0.999999762 -0.036305591
