0.000000000 2.450915340 4.248253256 0.493847057 0.502438897 0.000000000 0.000000000 0.003658000 0.999943000 0.009984000 8468.506793000 -0.999991000 0.003636000 0.002233000 -165.139007000 0.002197000 -0.009992000 0.999948000 185.192301000
0.000000000 2.450915340 4.248253256 0.493847057 0.502438897 0.000000000 0.000000000 0.003753000 0.999934000 0.010844000 8468.511355000 -0.999989000 0.003724000 0.002717000 -165.533086000 0.002677000 -0.010855000 0.999938000 185.194058000
0.000000000 2.450915340 4.248253256 0.493847057 0.502438897 0.000000000 0.000000000 0.003561000 0.999931000 0.011229000 8468.514718000 -0.999990000 0.003531000 0.002621000 -165.927554000 0.002581000 -0.011238000 0.999934000 185.195919000
0.000000000 2.450915340 4.248253256 0.493847057 0.502438897 0.000000000 0.000000000 0.003657000 0.999932000 0.011036000 8468.516530000 -0.999990000 0.003627000 0.002717000 -166.322952000 0.002677000 -0.011046000 0.999935000 185.197062000
0.000000000 2.450915340 4.248253256 0.493847057 0.502438897 0.000000000 0.000000000 0.003754000 0.999944000 0.009882000 8468.516347000 -0.999987000 0.003719000 0.003576000 -166.716285000 0.003539000 -0.009895000 0.999945000 185.198359000
0.000000000 2.450915340 4.248253256 0.493847057 0.502438897 0.000000000 0.000000000 0.003564000 0.999959000 0.008343000 8468.515987000 -0.999982000 0.003524000 0.004813000 -167.110614000 0.004784000 -0.008360000 0.999954000 185.200229000
0.000000000 2.450915340 4.248253256 0.493847057 0.502438897 0.000000000 0.000000000 0.003182000 0.999968000 0.007288000 8468.515822000 -0.999981000 0.003143000 0.005285000 -167.506448000 0.005262000 -0.007305000 0.999959000 185.202932000
0.000000000 2.450915340 4.248253256 0.493847057 0.502438897 0.000000000 0.000000000 0.002895000 0.999970000 0.007193000 8468.516791000 -0.999980000 0.002854000 0.005666000 -167.903500000 0.005646000 -0.007209000 0.999958000 185.205515000
0.000000000 2.450915340 4.248253256 0.493847057 0.502438897 0.000000000 0.000000000 0.002798000 0.999969000 0.007378000 8468.518150000 -0.999967000 0.002742000 0.007584000 -168.299903000 0.007563000 -0.007399000 0.999944000 185.208450000
0.000000000 2.450915340 4.248253256 0.493847057 0.502438897 0.000000000 0.000000000 0.002797000 0.999961000 0.008425000 8468.521294000 -0.999948000 0.002714000 0.009792000 -168.697692000 0.009769000 -0.008451000 0.999917000 185.212838000
0.000000000 2.450915340 4.248253256 0.493847057 0.502438897 0.000000000 0.000000000 0.002604000 0.999956000 0.008995000 8468.524062000 -0.999927000 0.002498000 0.011806000 -169.097977000 0.011783000 -0.009025000 0.999890000 185.217910000
0.000000000 2.450915340 4.248253256 0.493847057 0.502438897 0.000000000 0.000000000 0.002124000 0.999950000 0.009760000 8468.526513000 -0.999896000 0.001984000 0.014296000 -169.500782000 0.014276000 -0.009789000 0.999850000 185.223703000
0.000000000 2.450915340 4.248253256 0.493847057 0.502438897 0.000000000 0.000000000 0.001931000 0.999944000 0.010429000 8468.528579000 -0.999870000 0.001764000 0.016022000 -169.909756000 0.016002000 -0.010458000 0.999817000 185.230323000
0.000000000 2.450915340 4.248253256 0.493847057 0.502438897 0.000000000 0.000000000 0.002219000 0.999947000 0.010039000 8468.529790000 -0.999860000 0.002053000 0.016599000 -170.324710000 0.016577000 -0.010074000 0.999812000 185.238180000
0.000000000 2.450915340 4.248253256 0.493847057 0.502438897 0.000000000 0.000000000 0.003178000 0.999949000 0.009541000 8468.531296000 -0.999848000 0.003014000 0.017181000 -170.747245000 0.017152000 -0.009595000 0.999807000 185.245034000
0.000000000 2.450915340 4.248253256 0.493847057 0.502438897 0.000000000 0.000000000 0.005288000 0.999949000 0.008638000 8468.534683000 -0.999825000 0.005133000 0.017963000 -171.176898000 0.017918000 -0.008731000 0.999801000 185.253165000
0.000000000 2.450915340 4.248253256 0.493847057 0.502438897 0.000000000 0.000000000 0.009411000 0.999923000 0.008082000 8468.542757000 -0.999792000 0.009263000 0.018186000 -171.614032000 0.018109000 -0.008252000 0.999802000 185.261440000
0.000000000 2.450915340 4.248253256 0.493847057 0.502438897 0.000000000 0.000000000 0.016505000 0.999835000 0.007590000 8468.557068000 -0.999720000 0.016373000 0.017086000 -172.060094000 0.016959000 -0.007869000 0.999825000 185.269699000
0.000000000 2.450915340 4.248253256 0.493847057 0.502438897 0.000000000 0.000000000 0.026664000 0.999617000 0.007386000 8468.580521000 -0.999538000 0.026553000 0.014764000 -172.514676000 0.014562000 -0.007776000 0.999864000 185.277083000
0.000000000 2.450915340 4.248253256 0.493847057 0.502438897 0.000000000 0.000000000 0.040080000 0.999176000 0.006427000 8468.613040000 -0.999124000 0.039999000 0.012336000 -172.975280000 0.012069000 -0.006916000 0.999903000 185.284286000
0.000000000 2.450915340 4.248253256 0.493847057 0.502438897 0.000000000 0.000000000 0.057224000 0.998354000 0.003894000 8468.654826000 -0.998303000 0.057178000 0.011061000 -173.440142000 0.010820000 -0.004520000 0.999931000 185.289315000
0.000000000 2.450915340 4.248253256 0.493847057 0.502438897 0.000000000 0.000000000 0.078269000 0.996931000 0.001602000 8468.710452000 -0.996880000 0.078248000 0.010401000 -173.909686000 0.010243000 -0.002411000 0.999945000 185.294360000
0.000000000 2.450915340 4.248253256 0.493847057 0.502438897 0.000000000 0.000000000 0.102811000 0.994700000 -0.001296000 8468.781639000 -0.994668000 0.102818000 0.008041000 -174.382314000 0.008132000 0.000463000 0.999967000 185.299026000
0.000000000 2.450915340 4.248253256 0.493847057 0.502438897 0.000000000 0.000000000 0.130810000 0.991397000 -0.004527000 8468.871103000 -0.991395000 0.130830000 0.004411000 -174.859500000 0.004965000 0.003912000 0.999980000 185.302020000
0.000000000 2.450915340 4.248253256 0.493847057 0.502438897 0.000000000 0.000000000 0.162395000 0.986700000 -0.007191000 8468.980026000 -0.986723000 0.162408000 0.001320000 -175.339055000 0.002470000 0.006882000 0.999973000 185.305029000
0.000000000 2.450915340 4.248253256 0.493847057 0.502438897 0.000000000 0.000000000 0.197572000 0.980252000 -0.008413000 8469.113647000 -0.980288000 0.197568000 -0.001329000 -175.817733000 0.000360000 0.008510000 0.999964000 185.306684000
0.000000000 2.450915340 4.248253256 0.493847057 0.502438897 0.000000000 0.000000000 0.236409000 0.971614000 -0.008764000 8469.273712000 -0.971651000 0.236378000 -0.004427000 -176.293864000 -0.002230000 0.009562000 0.999952000 185.307621000
0.000000000 2.450915340 4.248253256 0.493847057 0.502438897 0.000000000 0.000000000 0.274409000 0.961568000 -0.009279000 8469.439258000 -0.961598000 0.274338000 -0.008258000 -176.719949000 -0.005395000 0.011189000 0.999923000 185.306609000
0.000000000 2.450915340 4.248253256 0.493847057 0.502438897 0.000000000 0.000000000 0.318988000 0.947702000 -0.010326000 8469.646420000 -0.947723000 0.318862000 -0.012204000 -177.186782000 -0.008273000 0.013679000 0.999872000 185.304956000
0.000000000 2.450915340 4.248253256 0.493847057 0.502438897 0.000000000 0.000000000 0.365463000 0.930780000 -0.009264000 8469.884883000 -0.930789000 0.365342000 -0.012524000 -177.642223000 -0.008273000 0.013200000 0.999879000 185.302991000
0.000000000 2.450915340 4.248253256 0.493847057 0.502438897 0.000000000 0.000000000 0.413410000 0.910489000 -0.010084000 8470.150112000 -0.910524000 0.413300000 -0.011348000 -178.082814000 -0.006164000 0.013873000 0.999885000 185.301224000
0.000000000 2.450915340 4.248253256 0.493847057 0.502438897 0.000000000 0.000000000 0.462873000 0.886345000 -0.011870000 8470.442154000 -0.886416000 0.462769000 -0.010557000 -178.510211000 -0.003865000 0.015408000 0.999874000 185.300677000
0.000000000 2.450915340 4.248253256 0.493847057 0.502438897 0.000000000 0.000000000 0.513401000 0.858070000 -0.011632000 8470.764191000 -0.858147000 0.513327000 -0.008892000 -178.921945000 -0.001659000 0.014548000 0.999893000 185.302155000
0.000000000 2.450915340 4.248253256 0.493847057 0.502438897 0.000000000 0.000000000 0.562365000 0.826800000 -0.012126000 8471.114226000 -0.826889000 0.562313000 -0.007702000 -179.317460000 0.000451000 0.014358000 0.999897000 185.305423000
0.000000000 2.450915340 4.248253256 0.493847057 0.502438897 0.000000000 0.000000000 0.610038000 0.792281000 -0.012016000 8471.493021000 -0.792370000 0.610000000 -0.006988000 -179.695801000 0.001793000 0.013783000 0.999903000 185.308532000
0.000000000 2.450915340 4.248253256 0.493847057 0.502438897 0.000000000 0.000000000 0.655885000 0.754780000 -0.011009000 8471.897245000 -0.754856000 0.655860000 -0.006299000 -180.056009000 0.002466000 0.012442000 0.999920000 185.312661000
0.000000000 2.450915340 4.248253256 0.493847057 0.502438897 0.000000000 0.000000000 0.711670000 0.702241000 -0.019553000 8462.913186000 -0.702052000 0.711936000 0.016419000 60.585481000 0.025451000 0.002043000 0.999674000 184.842425000
0.000000000 2.450915340 4.248253256 0.493847057 0.502438897 0.000000000 0.000000000 0.711763000 0.702176000 -0.018506000 8462.927188000 -0.701966000 0.712003000 0.017191000 58.568091000 0.025248000 0.000755000 0.999681000 184.846533000
0.000000000 2.450915340 4.248253256 0.493847057 0.502438897 0.000000000 0.000000000 0.712163000 0.701840000 -0.015651000 8462.944108000 -0.701596000 0.712331000 0.018643000 56.551416000 0.024233000 -0.002297000 0.999704000 184.853566000
0.000000000 2.450915340 4.248253256 0.493847057 0.502438897 0.000000000 0.000000000 0.712189000 0.701840000 -0.014409000 8462.959649000 -0.701588000 0.712326000 0.019132000 54.535643000 0.023691000 -0.003517000 0.999713000 184.863227000
0.000000000 2.450915340 4.248253256 0.493847057 0.502438897 0.000000000 0.000000000 0.711993000 0.702045000 -0.014116000 8462.974683000 -0.701791000 0.712123000 0.019235000 52.517905000 0.023556000 -0.003788000 0.999715000 184.872356000
0.000000000 2.450915340 4.248253256 0.493847057 0.502438897 0.000000000 0.000000000 0.711694000 0.702317000 -0.015539000 8462.985181000 -0.702085000 0.711861000 0.018175000 50.498803000 0.023826000 -0.002026000 0.999714000 184.880849000
0.000000000 2.450915340 4.248253256 0.493847057 0.502438897 0.000000000 0.000000000 0.711405000 0.702590000 -0.016475000 8462.994237000 -0.702408000 0.711595000 0.015970000 48.478316000 0.022944000 0.000211000 0.999737000 184.885600000
0.000000000 2.450915340 4.248253256 0.493847057 0.502438897 0.000000000 0.000000000 0.710809000 0.703130000 -0.018950000 8462.999662000 -0.702970000 0.711057000 0.015201000 46.458470000 0.024163000 0.002517000 0.999705000 184.887545000
0.000000000 2.450915340 4.248253256 0.493847057 0.502438897 0.000000000 0.000000000 0.709943000 0.703939000 -0.021237000 8463.004097000 -0.703764000 0.710252000 0.016073000 44.442023000 0.026399000 0.003535000 0.999645000 184.888906000
0.000000000 2.450915340 4.248253256 0.493847057 0.502438897 0.000000000 0.000000000 0.709238000 0.704614000 -0.022380000 8463.005029000 -0.704384000 0.709586000 0.018198000 42.427730000 0.028703000 0.002858000 0.999584000 184.894081000
0.000000000 2.450915340 4.248253256 0.493847057 0.502438897 0.000000000 0.000000000 0.708617000 0.705223000 -0.022848000 8463.006988000 -0.704958000 0.708982000 0.019461000 40.414590000 0.029923000 0.002316000 0.999550000 184.902947000
0.000000000 2.450915340 4.248253256 0.493847057 0.502438897 0.000000000 0.000000000 0.708082000 0.705768000 -0.022637000 8463.009473000 -0.705552000 0.708435000 0.017754000 38.401455000 0.028567000 0.003400000 0.999586000 184.911375000
0.000000000 2.450915340 4.248253256 0.493847057 0.502438897 0.000000000 0.000000000 0.707749000 0.706108000 -0.022433000 8463.010648000 -0.705951000 0.708088000 0.015657000 36.388267000 0.026940000 0.004755000 0.999626000 184.915224000
0.000000000 2.450915340 4.248253256 0.493847057 0.502438897 0.000000000 0.000000000 0.707470000 0.706378000 -0.022715000 8463.010066000 -0.706216000 0.707818000 0.015857000 34.378340000 0.027279000 0.004823000 0.999616000 184.917518000
0.000000000 2.450915340 4.248253256 0.493847057 0.502438897 0.000000000 0.000000000 0.707540000 0.706311000 -0.022623000 8463.009790000 -0.706112000 0.707892000 0.017196000 32.373125000 0.028160000 0.003807000 0.999596000 184.920518000
0.000000000 2.450915340 4.248253256 0.493847057 0.502438897 0.000000000 0.000000000 0.707728000 0.706104000 -0.023205000 8463.007787000 -0.705865000 0.708101000 0.018626000 30.375558000 0.029584000 0.003197000 0.999557000 184.926674000
0.000000000 2.450915340 4.248253256 0.493847057 0.502438897 0.000000000 0.000000000 0.708056000 0.705762000 -0.023599000 8463.006740000 -0.705502000 0.708443000 0.019381000 28.383653000 0.030397000 0.002927000 0.999534000 184.935823000
0.000000000 2.450915340 4.248253256 0.493847057 0.502438897 0.000000000 0.000000000 0.708422000 0.705428000 -0.022548000 8463.007760000 -0.705229000 0.708771000 0.017169000 26.396012000 0.028093000 0.003739000 0.999598000 184.943515000
0.000000000 2.450915340 4.248253256 0.493847057 0.502438897 0.000000000 0.000000000 0.708783000 0.705093000 -0.021682000 8463.011616000 -0.704982000 0.709093000 0.013710000 24.412084000 0.025042000 0.005568000 0.999671000 184.945335000
0.000000000 2.450915340 4.248253256 0.493847057 0.502438897 0.000000000 0.000000000 0.708991000 0.704890000 -0.021489000 8463.015620000 -0.704817000 0.709286000 0.012076000 22.437104000 0.023753000 0.006584000 0.999696000 184.941885000
0.000000000 2.450915340 4.248253256 0.493847057 0.502438897 0.000000000 0.000000000 0.709268000 0.704619000 -0.021211000 8463.019658000 -0.704510000 0.709565000 0.013506000 20.472456000 0.024568000 0.005364000 0.999684000 184.938034000
0.000000000 2.450915340 4.248253256 0.493847057 0.502438897 0.000000000 0.000000000 0.709475000 0.704416000 -0.021036000 8463.023337000 -0.704235000 0.709780000 0.016280000 18.519298000 0.026399000 0.003264000 0.999646000 184.938186000
0.000000000 2.450915340 4.248253256 0.493847057 0.502438897 0.000000000 0.000000000 0.709767000 0.704147000 -0.020192000 8463.028807000 -0.703893000 0.710053000 0.018960000 16.575840000 0.027688000 0.000756000 0.999616000 184.944159000
0.000000000 2.450915340 4.248253256 0.493847057 0.502438897 0.000000000 0.000000000 0.709909000 0.704012000 -0.019907000 8463.035448000 -0.703765000 0.710187000 0.018670000 14.637658000 0.027281000 0.000756000 0.999628000 184.952722000
0.000000000 2.450915340 4.248253256 0.493847057 0.502438897 0.000000000 0.000000000 0.709911000 0.704013000 -0.019806000 8463.042422000 -0.703791000 0.710186000 0.017712000 12.700972000 0.026535000 0.001365000 0.999647000 184.960292000
0.000000000 2.450915340 4.248253256 0.493847057 0.502438897 0.000000000 0.000000000 0.709899000 0.704011000 -0.020285000 8463.047339000 -0.703790000 0.710187000 0.017709000 10.766380000 0.026874000 0.001705000 0.999637000 184.966307000
0.000000000 2.450915340 4.248253256 0.493847057 0.502438897 0.000000000 0.000000000 0.709803000 0.704074000 -0.021439000 8463.051077000 -0.703826000 0.710124000 0.018760000 8.837090000 0.028433000 0.001773000 0.999594000 184.972911000
0.000000000 2.450915340 4.248253256 0.493847057 0.502438897 0.000000000 0.000000000 0.709605000 0.704279000 -0.021247000 8463.055302000 -0.703995000 0.709923000 0.020013000 6.910786000 0.029179000 0.000757000 0.999574000 184.981757000
0.000000000 2.450915340 4.248253256 0.493847057 0.502438897 0.000000000 0.000000000 0.709145000 0.704757000 -0.020753000 8463.060090000 -0.704487000 0.709448000 0.019550000 4.983227000 0.028501000 0.000756000 0.999593000 184.993031000
0.000000000 2.450915340 4.248253256 0.493847057 0.502438897 0.000000000 0.000000000 0.708670000 0.705233000 -0.020825000 8463.063786000 -0.705057000 0.708968000 0.016113000 3.055573000 0.026128000 0.003263000 0.999653000 184.998894000
0.000000000 2.450915340 4.248253256 0.493847057 0.502438897 0.000000000 0.000000000 0.708336000 0.705574000 -0.020623000 8463.065526000 -0.705421000 0.708626000 0.015165000 1.126946000 0.025314000 0.003805000 0.999672000 185.000456000
0.000000000 2.450915340 4.248253256 0.493847057 0.502438897 0.000000000 0.000000000 0.708063000 0.705845000 -0.020719000 8463.066331000 -0.705622000 0.708364000 0.017857000 -0.799078000 0.027280000 0.001976000 0.999626000 185.003465000
0.000000000 2.450915340 4.248253256 0.493847057 0.502438897 0.000000000 0.000000000 0.707961000 0.705906000 -0.022063000 8463.063908000 -0.705628000 0.708304000 0.019868000 -2.722149000 0.029653000 0.001503000 0.999559000 185.012497000
0.000000000 2.450915340 4.248253256 0.493847057 0.502438897 0.000000000 0.000000000 0.707999000 0.705832000 -0.023214000 8463.061640000 -0.705574000 0.708374000 0.019288000 -4.647239000 0.030058000 0.002723000 0.999544000 185.021672000
0.000000000 2.450915340 4.248253256 0.493847057 0.502438897 0.000000000 0.000000000 0.708100000 0.705688000 -0.024461000 8463.059128000 -0.705466000 0.708509000 0.018226000 -6.574823000 0.030193000 0.004350000 0.999535000 185.029132000
0.000000000 2.450915340 4.248253256 0.493847057 0.502438897 0.000000000 0.000000000 0.708387000 0.705335000 -0.026291000 8463.055606000 -0.705119000 0.708853000 0.018305000 -8.503496000 0.031547000 0.005571000 0.999487000 185.035311000
0.000000000 2.450915340 4.248253256 0.493847057 0.502438897 0.000000000 0.000000000 0.709031000 0.704646000 -0.027368000 8463.055059000 -0.704390000 0.709540000 0.019713000 -10.432252000 0.033309000 0.005301000 0.999431000 185.043467000
0.000000000 2.450915340 4.248253256 0.493847057 0.502438897 0.000000000 0.000000000 0.709917000 0.703763000 -0.027109000 8463.057828000 -0.703484000 0.710420000 0.020351000 -12.360697000 0.033581000 0.004623000 0.999425000 185.054459000
0.000000000 2.450915340 4.248253256 0.493847057 0.502438897 0.000000000 0.000000000 0.710928000 0.702741000 -0.027130000 8463.065102000 -0.702504000 0.711425000 0.019066000 -14.290600000 0.032699000 0.005504000 0.999450000 185.064608000
0.000000000 2.450915340 4.248253256 0.493847057 0.502438897 0.000000000 0.000000000 0.712014000 0.701651000 -0.026856000 8463.075136000 -0.701471000 0.712490000 0.017206000 -16.221307000 0.031208000 0.006588000 0.999491000 185.071892000
0.000000000 2.450915340 4.248253256 0.493847057 0.502438897 0.000000000 0.000000000 0.713226000 0.700421000 -0.026795000 8463.087889000 -0.700227000 0.713703000 0.017640000 -18.148816000 0.031479000 0.006181000 0.999485000 185.076604000
0.000000000 2.450915340 4.248253256 0.493847057 0.502438897 0.000000000 0.000000000 0.714419000 0.699185000 -0.027318000 8463.103049000 -0.698957000 0.714918000 0.018738000 -20.071915000 0.032631000 0.005707000 0.999451000 185.084324000
0.000000000 2.450915340 4.248253256 0.493847057 0.502438897 0.000000000 0.000000000 0.715410000 0.698151000 -0.027816000 8463.121139000 -0.697946000 0.715921000 0.018118000 -21.987967000 0.032563000 0.006453000 0.999449000 185.091476000
0.000000000 2.450915340 4.248253256 0.493847057 0.502438897 0.000000000 0.000000000 0.716352000 0.697192000 -0.027631000 8463.143726000 -0.697026000 0.716849000 0.016837000 -23.898353000 0.031546000 0.007198000 0.999476000 185.097617000
0.000000000 2.450915340 4.248253256 0.493847057 0.502438897 0.000000000 0.000000000 0.717238000 0.696303000 -0.027064000 8463.168683000 -0.696160000 0.717710000 0.015950000 -25.799994000 0.030530000 0.007401000 0.999506000 185.101321000