0.000000000 2.489655397 4.315402687 0.496031538 0.510833584 0.000000000 0.000000000 0.987792000 0.152873000 0.029953000 -1472.840801000 -0.151689000 0.987680000 -0.038462000 1684.447709000 -0.035463000 0.033449000 0.998811000 8.442887000
0.000000000 2.489655397 4.315402687 0.496031538 0.510833584 0.000000000 0.000000000 0.985649000 0.165614000 0.032673000 -1472.496873000 -0.164126000 0.985460000 -0.043953000 1684.651741000 -0.039477000 0.037960000 0.998499000 8.442942000
0.000000000 2.489655397 4.315402687 0.496031538 0.510833584 0.000000000 0.000000000 0.982882000 0.180713000 0.035859000 -1472.136411000 -0.178816000 0.982586000 -0.050501000 1684.852485000 -0.044361000 0.043224000 0.998080000 8.441493000
0.000000000 2.489655397 4.315402687 0.496031538 0.510833584 0.000000000 0.000000000 0.979391000 0.198885000 0.035181000 -1471.765837000 -0.197067000 0.979151000 -0.049275000 1685.065839000 -0.044248000 0.041326000 0.998165000 8.443007000
0.000000000 2.489655397 4.315402687 0.496031538 0.510833584 0.000000000 0.000000000 0.975394000 0.218132000 0.032012000 -1471.382934000 -0.216602000 0.975206000 -0.045349000 1685.284002000 -0.041111000 0.037299000 0.998458000 8.446376000
0.000000000 2.489655397 4.315402687 0.496031538 0.510833584 0.000000000 0.000000000 0.971215000 0.236853000 0.025333000 -1470.991481000 -0.235851000 0.971079000 -0.037152000 1685.511420000 -0.033400000 0.030108000 0.998988000 8.452443000
0.000000000 2.489655397 4.315402687 0.496031538 0.510833584 0.000000000 0.000000000 0.966020000 0.257760000 0.019114000 -1470.583258000 -0.257135000 0.965907000 -0.030076000 1685.734402000 -0.026215000 0.024139000 0.999365000 8.457743000
0.000000000 2.489655397 4.315402687 0.496031538 0.510833584 0.000000000 0.000000000 0.959229000 0.282129000 0.016794000 -1470.151452000 -0.281673000 0.959180000 -0.025189000 1685.945306000 -0.023215000 0.019432000 0.999542000 8.463066000
0.000000000 2.489655397 4.315402687 0.496031538 0.510833584 0.000000000 0.000000000 0.951381000 0.307525000 0.017406000 -1469.698124000 -0.307067000 0.951366000 -0.024770000 1686.137619000 -0.024177000 0.018221000 0.999542000 8.463830000
0.000000000 2.489655397 4.315402687 0.496031538 0.510833584 0.000000000 0.000000000 0.942772000 0.333102000 0.014970000 -1469.233060000 -0.332676000 0.942702000 -0.025311000 1686.320141000 -0.022543000 0.018883000 0.999568000 8.466363000
0.000000000 2.489655397 4.315402687 0.496031538 0.510833584 0.000000000 0.000000000 0.932367000 0.361422000 0.008142000 -1468.757719000 -0.361143000 0.932194000 -0.024283000 1686.492272000 -0.016366000 0.019701000 0.999672000 8.470364000
0.000000000 2.489655397 4.315402687 0.496031538 0.510833584 0.000000000 0.000000000 0.919890000 0.392175000 0.000947000 -1468.268266000 -0.392067000 0.919688000 -0.021373000 1686.652232000 -0.009253000 0.019289000 0.999771000 8.478252000
0.000000000 2.489655397 4.315402687 0.496031538 0.510833584 0.000000000 0.000000000 0.906251000 0.422736000 -0.001570000 -1467.758296000 -0.422688000 0.906079000 -0.018876000 1686.797182000 -0.006558000 0.017770000 0.999821000 8.487977000
0.000000000 2.489655397 4.315402687 0.496031538 0.510833584 0.000000000 0.000000000 0.891998000 0.452039000 -0.001044000 -1467.233235000 -0.452009000 0.891906000 -0.013831000 1686.936757000 -0.005321000 0.012809000 0.999904000 8.497860000
0.000000000 2.489655397 4.315402687 0.496031538 0.510833584 0.000000000 0.000000000 0.876329000 0.481712000 -0.000758000 -1466.694930000 -0.481674000 0.876239000 -0.013977000 1687.049498000 -0.006069000 0.012614000 0.999902000 8.504823000
0.000000000 2.489655397 4.315402687 0.496031538 0.510833584 0.000000000 0.000000000 0.858889000 0.512161000 -0.000471000 -1466.143409000 -0.512153000 0.858869000 -0.006554000 1687.158982000 -0.002953000 0.005870000 0.999978000 8.514138000
0.000000000 2.489655397 4.315402687 0.496031538 0.510833584 0.000000000 0.000000000 0.839638000 0.543140000 0.002775000 -1465.575332000 -0.543133000 0.839642000 -0.002985000 1687.243606000 -0.003952000 0.000999000 0.999992000 8.520423000
0.000000000 2.489655397 4.315402687 0.496031538 0.510833584 0.000000000 0.000000000 0.820049000 0.572255000 0.006657000 -1464.995734000 -0.572239000 0.820076000 -0.004260000 1687.298848000 -0.007897000 -0.000316000 0.999969000 8.522654000
0.000000000 2.489655397 4.315402687 0.496031538 0.510833584 0.000000000 0.000000000 0.800611000 0.599151000 0.006410000 -1464.412162000 -0.599159000 0.800630000 -0.000816000 1687.348418000 -0.005621000 -0.003187000 0.999979000 8.524540000
0.000000000 2.489655397 4.315402687 0.496031538 0.510833584 0.000000000 0.000000000 0.779659000 0.626187000 0.004714000 -1463.819315000 -0.626170000 0.779673000 -0.004668000 1687.363134000 -0.006599000 0.000687000 0.999978000 8.526096000
0.000000000 2.489655397 4.315402687 0.496031538 0.510833584 0.000000000 0.000000000 0.754103000 0.656741000 0.004491000 -1463.152931000 -0.656756000 0.754093000 0.003885000 1687.379331000 -0.000835000 -0.005880000 0.999982000 8.532426000
0.000000000 2.489655397 4.315402687 0.496031538 0.510833584 0.000000000 0.000000000 0.730540000 0.682846000 0.005656000 -1462.534333000 -0.682860000 0.730549000 0.000681000 1687.351977000 -0.003667000 -0.004359000 0.999984000 8.534657000
0.000000000 2.489655397 4.315402687 0.496031538 0.510833584 0.000000000 0.000000000 0.709123000 0.705049000 0.007157000 -1461.904612000 -0.705019000 0.709159000 -0.006504000 1687.299865000 -0.009661000 -0.000434000 0.999953000 8.533510000
0.000000000 2.489655397 4.315402687 0.496031538 0.510833584 0.000000000 0.000000000 0.687891000 0.725741000 0.010254000 -1461.261605000 -0.725657000 0.687968000 -0.011055000 1687.238153000 -0.015078000 0.000164000 0.999886000 8.532790000
0.000000000 2.489655397 4.315402687 0.496031538 0.510833584 0.000000000 0.000000000 0.664307000 0.747318000 0.014523000 -1460.606899000 -0.747267000 0.664452000 -0.009774000 1687.164417000 -0.016954000 -0.004360000 0.999847000 8.530297000
0.000000000 2.489655397 4.315402687 0.496031538 0.510833584 0.000000000 0.000000000 0.641182000 0.767261000 0.014034000 -1459.948782000 -0.767332000 0.641250000 -0.000465000 1687.086293000 -0.009356000 -0.010471000 0.999901000 8.529246000
0.000000000 2.489655397 4.315402687 0.496031538 0.510833584 0.000000000 0.000000000 0.620612000 0.784054000 0.010036000 -1459.284309000 -0.784097000 0.620638000 0.000537000 1686.976722000 -0.005808000 -0.008202000 0.999949000 8.528519000
0.000000000 2.489655397 4.315402687 0.496031538 0.510833584 0.000000000 0.000000000 0.600887000 0.799299000 0.007435000 -1458.606817000 -0.799325000 0.600898000 0.000974000 1686.849498000 -0.003689000 -0.006529000 0.999972000 8.529553000
0.000000000 2.489655397 4.315402687 0.496031538 0.510833584 0.000000000 0.000000000 0.579991000 0.814570000 0.009241000 -1457.914483000 -0.814594000 0.580028000 -0.001777000 1686.698163000 -0.006807000 -0.006497000 0.999956000 8.530013000
0.000000000 2.489655397 4.315402687 0.496031538 0.510833584 0.000000000 0.000000000 0.559477000 0.828750000 0.012626000 -1457.210524000 -0.828782000 0.559558000 -0.003883000 1686.527658000 -0.010283000 -0.008292000 0.999913000 8.528281000
0.000000000 2.489655397 4.315402687 0.496031538 0.510833584 0.000000000 0.000000000 0.541870000 0.840357000 0.013276000 -1456.498594000 -0.840409000 0.541946000 -0.002644000 1686.348241000 -0.009416000 -0.009724000 0.999908000 8.525899000
0.000000000 2.489655397 4.315402687 0.496031538 0.510833584 0.000000000 0.000000000 0.525195000 0.850925000 0.009800000 -1455.782690000 -0.850957000 0.525233000 -0.001565000 1686.152230000 -0.006479000 -0.007517000 0.999951000 8.524409000
0.000000000 2.489655397 4.315402687 0.496031538 0.510833584 0.000000000 0.000000000 0.508215000 0.861214000 0.005346000 -1455.058673000 -0.861230000 0.508211000 0.002109000 1685.943941000 -0.000901000 -0.005675000 0.999983000 8.526547000
0.000000000 2.489655397 4.315402687 0.496031538 0.510833584 0.000000000 0.000000000 0.491511000 0.870865000 0.003420000 -1454.321762000 -0.870868000 0.491493000 0.004869000 1685.718964000 0.002560000 -0.005371000 0.999982000 8.532757000
0.000000000 2.489655397 4.315402687 0.496031538 0.510833584 0.000000000 0.000000000 0.476483000 0.879165000 0.005731000 -1453.569435000 -0.879177000 0.476446000 0.006832000 1685.477509000 0.003276000 -0.008294000 0.999960000 8.539756000
0.000000000 2.489655397 4.315402687 0.496031538 0.510833584 0.000000000 0.000000000 0.463119000 0.886254000 0.008574000 -1452.807357000 -0.886296000 0.463090000 0.005250000 1685.215808000 0.000682000 -0.010030000 0.999949000 8.544148000
0.000000000 2.489655397 4.315402687 0.496031538 0.510833584 0.000000000 0.000000000 0.450069000 0.892936000 0.010161000 -1452.037657000 -0.892993000 0.450047000 0.004507000 1684.941322000 -0.000549000 -0.011103000 0.999938000 8.545713000
0.000000000 2.489655397 4.315402687 0.496031538 0.510833584 0.000000000 0.000000000 0.437177000 0.899337000 0.008355000 -1451.264721000 -0.899374000 0.437136000 0.006250000 1684.655615000 0.001968000 -0.010247000 0.999946000 8.548393000
0.000000000 2.489655397 4.315402687 0.496031538 0.510833584 0.000000000 0.000000000 0.424776000 0.905288000 0.004438000 -1450.487477000 -0.905272000 0.424722000 0.009672000 1684.357888000 0.006871000 -0.008126000 0.999943000 8.554955000
0.000000000 2.489655397 4.315402687 0.496031538 0.510833584 0.000000000 0.000000000 0.413079000 0.910694000 0.001745000 -1449.701175000 -0.910642000 0.413033000 0.011631000 1684.043874000 0.009871000 -0.006394000 0.999931000 8.563970000
0.000000000 2.489655397 4.315402687 0.496031538 0.510833584 0.000000000 0.000000000 0.401704000 0.915768000 0.001693000 -1448.904198000 -0.915723000 0.401664000 0.010861000 1683.713175000 0.009266000 -0.005913000 0.999940000 8.575757000
0.000000000 2.489655397 4.315402687 0.496031538 0.510833584 0.000000000 0.000000000 0.390560000 0.920566000 0.004673000 -1448.096796000 -0.920560000 0.390515000 0.008201000 1683.365811000 0.005725000 -0.007505000 0.999955000 8.584269000
0.000000000 2.489655397 4.315402687 0.496031538 0.510833584 0.000000000 0.000000000 0.379871000 0.925006000 0.007888000 -1447.282198000 -0.925035000 0.379831000 0.006180000 1683.005899000 0.002720000 -0.009644000 0.999950000 8.590825000
0.000000000 2.489655397 4.315402687 0.496031538 0.510833584 0.000000000 0.000000000 0.369656000 0.929117000 0.009798000 -1446.463110000 -0.929169000 0.369630000 0.004333000 1682.632452000 0.000404000 -0.010705000 0.999943000 8.594179000
0.000000000 2.489655397 4.315402687 0.496031538 0.510833584 0.000000000 0.000000000 0.359570000 0.933056000 0.010786000 -1445.639437000 -0.933116000 0.359571000 0.001901000 1682.244799000 -0.002105000 -0.010748000 0.999940000 8.595288000
0.000000000 2.489655397 4.315402687 0.496031538 0.510833584 0.000000000 0.000000000 0.348991000 0.937061000 0.010997000 -1444.812367000 -0.937115000 0.349020000 -0.000747000 1681.842793000 -0.004538000 -0.010045000 0.999939000 8.595192000
0.000000000 2.489655397 4.315402687 0.496031538 0.510833584 0.000000000 0.000000000 0.338909000 0.940756000 0.010867000 -1443.980770000 -0.940806000 0.338943000 -0.001338000 1681.431834000 -0.004942000 -0.009770000 0.999940000 8.593996000
0.000000000 2.489655397 4.315402687 0.496031538 0.510833584 0.000000000 0.000000000 0.329061000 0.944254000 0.010202000 -1443.144600000 -0.944304000 0.329074000 0.000475000 1681.012401000 -0.002908000 -0.009791000 0.999948000 8.595300000
0.000000000 2.489655397 4.315402687 0.496031538 0.510833584 0.000000000 0.000000000 0.319175000 0.947649000 0.009445000 -1442.304790000 -0.947695000 0.319172000 0.001832000 1680.578987000 -0.001279000 -0.009536000 0.999954000 8.597401000
0.000000000 2.489655397 4.315402687 0.496031538 0.510833584 0.000000000 0.000000000 0.309253000 0.950930000 0.009730000 -1441.459846000 -0.950980000 0.309246000 0.002243000 1680.132065000 -0.000876000 -0.009947000 0.999950000 8.599461000
0.000000000 2.489655397 4.315402687 0.496031538 0.510833584 0.000000000 0.000000000 0.299294000 0.954097000 0.011023000 -1440.610877000 -0.954161000 0.299278000 0.003092000 1679.673651000 -0.000349000 -0.011443000 0.999934000 8.602609000
0.000000000 2.489655397 4.315402687 0.496031538 0.510833584 0.000000000 0.000000000 0.289302000 0.957166000 0.011704000 -1439.760258000 -0.957236000 0.289258000 0.005354000 1679.205938000 0.001740000 -0.012753000 0.999917000 8.604701000
0.000000000 2.489655397 4.315402687 0.496031538 0.510833584 0.000000000 0.000000000 0.279099000 0.960197000 0.011155000 -1438.911359000 -0.960261000 0.279058000 0.005130000 1678.719402000 0.001813000 -0.012143000 0.999925000 8.607378000
0.000000000 2.489655397 4.315402687 0.496031538 0.510833584 0.000000000 0.000000000 0.269325000 0.962980000 0.011529000 -1438.059570000 -0.963047000 0.269280000 0.005384000 1678.222295000 0.002081000 -0.012553000 0.999919000 8.610281000
0.000000000 2.489655397 4.315402687 0.496031538 0.510833584 0.000000000 0.000000000 0.259435000 0.965654000 0.014359000 -1437.202826000 -0.965759000 0.259379000 0.005631000 1677.716192000 0.001714000 -0.015328000 0.999881000 8.612157000
0.000000000 2.489655397 4.315402687 0.496031538 0.510833584 0.000000000 0.000000000 0.248586000 0.968489000 0.015321000 -1436.265858000 -0.968610000 0.248548000 0.004365000 1677.140564000 0.000419000 -0.015925000 0.999873000 8.612107000
0.000000000 2.489655397 4.315402687 0.496031538 0.510833584 0.000000000 0.000000000 0.239196000 0.970850000 0.015354000 -1435.414748000 -0.970969000 0.239130000 0.006025000 1676.611110000 0.002178000 -0.016350000 0.999864000 8.611680000
0.000000000 2.489655397 4.315402687 0.496031538 0.510833584 0.000000000 0.000000000 0.229593000 0.973195000 0.013327000 -1434.567497000 -0.973285000 0.229542000 0.005264000 1676.066522000 0.002064000 -0.014179000 0.999897000 8.612677000
0.000000000 2.489655397 4.315402687 0.496031538 0.510833584 0.000000000 0.000000000 0.220066000 0.975376000 0.014571000 -1433.717211000 -0.975483000 0.220009000 0.005390000 1675.512398000 0.002052000 -0.015400000 0.999879000 8.614470000
0.000000000 2.489655397 4.315402687 0.496031538 0.510833584 0.000000000 0.000000000 0.210988000 0.977346000 0.016668000 -1432.867133000 -0.977488000 0.210933000 0.005052000 1674.948585000 0.001422000 -0.017359000 0.999848000 8.614834000
0.000000000 2.489655397 4.315402687 0.496031538 0.510833584 0.000000000 0.000000000 0.202452000 0.979125000 0.018089000 -1432.019757000 -0.979292000 0.202422000 0.003519000 1674.373145000 -0.000216000 -0.018427000 0.999830000 8.611928000
0.000000000 2.489655397 4.315402687 0.496031538 0.510833584 0.000000000 0.000000000 0.194466000 0.980752000 0.017567000 -1431.176144000 -0.980909000 0.194424000 0.004096000 1673.791804000 0.000602000 -0.018029000 0.999837000 8.609247000
0.000000000 2.489655397 4.315402687 0.496031538 0.510833584 0.000000000 0.000000000 0.186368000 0.982359000 0.015411000 -1430.337651000 -0.982480000 0.186336000 0.003489000 1673.199399000 0.000556000 -0.015791000 0.999875000 8.607394000
0.000000000 2.489655397 4.315402687 0.496031538 0.510833584 0.000000000 0.000000000 0.178449000 0.983851000 0.013871000 -1429.500225000 -0.983949000 0.178432000 0.002478000 1672.597320000 -0.000037000 -0.014090000 0.999901000 8.607386000
0.000000000 2.489655397 4.315402687 0.496031538 0.510833584 0.000000000 0.000000000 0.171086000 0.985157000 0.013961000 -1428.663191000 -0.985255000 0.171093000 0.000669000 1671.986722000 -0.001729000 -0.013870000 0.999902000 8.606678000
0.000000000 2.489655397 4.315402687 0.496031538 0.510833584 0.000000000 0.000000000 0.164943000 0.986220000 0.012807000 -1427.829429000 -0.986296000 0.164977000 -0.001658000 1671.368564000 -0.003748000 -0.012358000 0.999917000 8.604851000
0.000000000 2.489655397 4.315402687 0.496031538 0.510833584 0.000000000 0.000000000 0.159468000 0.987157000 0.009507000 -1426.999196000 -0.987194000 0.159500000 -0.002638000 1670.745328000 -0.004120000 -0.008965000 0.999951000 8.602714000
0.000000000 2.489655397 4.315402687 0.496031538 0.510833584 0.000000000 0.000000000 0.153894000 0.988062000 0.007058000 -1426.168760000 -0.988079000 0.153918000 -0.002909000 1670.117069000 -0.003960000 -0.006526000 0.999971000 8.604246000
0.000000000 2.489655397 4.315402687 0.496031538 0.510833584 0.000000000 0.000000000 0.148402000 0.988903000 0.006957000 -1425.336330000 -0.988907000 0.148440000 -0.005287000 1669.479400000 -0.006261000 -0.006096000 0.999962000 8.606025000
0.000000000 2.489655397 4.315402687 0.496031538 0.510833584 0.000000000 0.000000000 0.143641000 0.989584000 0.009488000 -1424.501264000 -0.989595000 0.143710000 -0.007028000 1668.838617000 -0.008318000 -0.008380000 0.999930000 8.606463000
0.000000000 2.489655397 4.315402687 0.496031538 0.510833584 0.000000000 0.000000000 0.139936000 0.990114000 0.009638000 -1423.669956000 -0.990113000 0.140018000 -0.008407000 1668.194050000 -0.009674000 -0.008366000 0.999918000 8.602913000
0.000000000 2.489655397 4.315402687 0.496031538 0.510833584 0.000000000 0.000000000 0.136827000 0.990572000 0.006797000 -1422.842957000 -0.990542000 0.136887000 -0.009412000 1667.544815000 -0.010254000 -0.005445000 0.999933000 8.600050000
0.000000000 2.489655397 4.315402687 0.496031538 0.510833584 0.000000000 0.000000000 0.134382000 0.990920000 0.004318000 -1422.014496000 -0.990880000 0.134417000 -0.009464000 1666.893668000 -0.009958000 -0.003007000 0.999946000 8.599722000
0.000000000 2.489655397 4.315402687 0.496031538 0.510833584 0.000000000 0.000000000 0.132109000 0.991229000 0.003548000 -1421.183582000 -0.991186000 0.132138000 -0.009497000 1666.240598000 -0.009883000 -0.002262000 0.999949000 8.600518000
0.000000000 2.489655397 4.315402687 0.496031538 0.510833584 0.000000000 0.000000000 0.130219000 0.991482000 0.002463000 -1420.353375000 -0.991441000 0.130237000 -0.009155000 1665.585089000 -0.009398000 -0.001250000 0.999955000 8.602039000
0.000000000 2.489655397 4.315402687 0.496031538 0.510833584 0.000000000 0.000000000 0.128809000 0.991669000 0.000733000 -1419.523896000 -0.991638000 0.128811000 -0.007930000 1664.929268000 -0.007959000 0.000294000 0.999968000 8.606162000
0.000000000 2.489655397 4.315402687 0.496031538 0.510833584 0.000000000 0.000000000 0.127486000 0.991840000 -0.000117000 -1418.693017000 -0.991811000 0.127481000 -0.007757000 1664.271331000 -0.007679000 0.001105000 0.999970000 8.611249000
0.000000000 2.489655397 4.315402687 0.496031538 0.510833584 0.000000000 0.000000000 0.126430000 0.991975000 0.000560000 -1417.861124000 -0.991949000 0.126431000 -0.007199000 1663.613769000 -0.007212000 0.000355000 0.999974000 8.617077000
0.000000000 2.489655397 4.315402687 0.496031538 0.510833584 0.000000000 0.000000000 0.125666000 0.992072000 0.000793000 -1417.031444000 -0.992048000 0.125668000 -0.006899000 1662.955454000 -0.006944000 0.000081000 0.999976000 8.623126000
0.000000000 2.489655397 4.315402687 0.496031538 0.510833584 0.000000000 0.000000000 0.125180000 0.992134000 0.000884000 -1416.201608000 -0.992122000 0.125183000 -0.004773000 1662.301002000 -0.004846000 -0.000280000 0.999988000 8.629191000
0.000000000 2.489655397 4.315402687 0.496031538 0.510833584 0.000000000 0.000000000 0.124514000 0.992218000 0.000715000 -1415.373520000 -0.992207000 0.124516000 -0.004520000 1661.643067000 -0.004573000 -0.000147000 0.999990000 8.636628000