0 0.493667788 0.877631567 0.500000000 0.500000000 0.000000000 0.000000000 0.998438358 0.006381822 0.055498943 0.095093916 -0.004678314 0.999515533 -0.030770356 -0.005456307 -0.055668425 0.030462662 0.997984469 -0.053365501
0 0.493667788 0.877631567 0.500000000 0.500000000 0.000000000 0.000000000 0.998258054 0.006609769 0.058626972 0.100029206 -0.004716636 0.999464810 -0.032370958 -0.006103560 -0.058809560 0.032038048 0.997754991 -0.056093566
0 0.493667788 0.877631567 0.500000000 0.500000000 0.000000000 0.000000000 0.998073041 0.007097023 0.061642952 0.104854534 -0.005001971 0.999406755 -0.034074958 -0.006380200 -0.061848212 0.033700962 0.997516453 -0.059093104
0 0.493667788 0.877631567 0.500000000 0.500000000 0.000000000 0.000000000 0.997871280 0.007343063 0.064799868 0.109482090 -0.005045557 0.999355257 -0.035548095 -0.006977072 -0.065019123 0.035145473 0.997264922 -0.062372426
0 0.493667788 0.877631567 0.500000000 0.500000000 0.000000000 0.000000000 0.997665584 0.007690815 0.067854412 0.114510803 -0.005174272 0.999294996 -0.037185490 -0.007375099 -0.068092555 0.036747590 0.997002006 -0.065386222
0 0.493667788 0.877631567 0.500000000 0.500000000 0.000000000 0.000000000 0.997444034 0.008129255 0.070988260 0.119170465 -0.005374152 0.999228060 -0.038915779 -0.007669407 -0.071249820 0.038434807 0.996717751 -0.068586975
0 0.493667788 0.877631567 0.500000000 0.500000000 0.000000000 0.000000000 0.997216165 0.008461179 0.074083641 0.123857336 -0.005478452 0.999169648 -0.040372651 -0.008248052 -0.074363731 0.039854396 0.996434450 -0.071757429
0 0.493667788 0.877631567 0.500000000 0.500000000 0.000000000 0.000000000 0.996975243 0.008746119 0.077225879 0.128778701 -0.005517191 0.999105453 -0.041926261 -0.008923422 -0.077523492 0.041373376 0.996131718 -0.075065060
0 0.493667788 0.877631567 0.500000000 0.500000000 0.000000000 0.000000000 0.996721804 0.009223658 0.080377698 0.133455306 -0.005722375 0.999029100 -0.043682344 -0.009310158 -0.080702566 0.043079190 0.995806873 -0.078386549
0 0.493667788 0.877631567 0.500000000 0.500000000 0.000000000 0.000000000 0.996460378 0.009561113 0.083518453 0.138280300 -0.005787114 0.998956084 -0.045313362 -0.009545843 -0.083864510 0.044669636 0.995475471 -0.081400153
0 0.493667788 0.877631567 0.500000000 0.500000000 0.000000000 0.000000000 0.996185303 0.009955046 0.086693086 0.142891993 -0.005904670 0.998884380 -0.046852570 -0.009986207 -0.087062791 0.046161950 0.995132744 -0.084503863
0 0.493667788 0.877631567 0.500000000 0.500000000 0.000000000 0.000000000 0.995908558 0.010263005 0.089781724 0.147824752 -0.005906518 0.998798192 -0.048654892 -0.010345761 -0.090173170 0.047925528 0.994772315 -0.087731981
0 0.493667788 0.877631567 0.500000000 0.500000000 0.000000000 0.000000000 0.995611191 0.010594752 0.092984147 0.152436679 -0.005925787 0.998714268 -0.050345674 -0.010667724 -0.093397990 0.049573712 0.994393945 -0.091111172
0 0.493667788 0.877631567 0.500000000 0.500000000 0.000000000 0.000000000 0.995306253 0.010937209 0.096155308 0.156828097 -0.005969716 0.998639762 -0.051797830 -0.011240981 -0.096591040 0.050980683 0.994017661 -0.094576363
0 0.493667788 0.877631567 0.500000000 0.500000000 0.000000000 0.000000000 0.994995117 0.011292215 0.099283233 0.161765915 -0.006005459 0.998555779 -0.053387698 -0.011536894 -0.099742711 0.052524257 0.993625998 -0.097839999
0 0.493667788 0.877631567 0.500000000 0.500000000 0.000000000 0.000000000 0.994653523 0.011668780 0.102607034 0.166405268 -0.006033209 0.998464644 -0.055063587 -0.012034279 -0.103092022 0.054150142 0.993196785 -0.101591080
0 0.493667788 0.877631567 0.500000000 0.500000000 0.000000000 0.000000000 0.994317830 0.012014647 0.105772115 0.171175827 -0.006040492 0.998377442 -0.056621574 -0.012365835 -0.106280781 0.055660926 0.992777050 -0.105012719
0 0.493667788 0.877631567 0.500000000 0.500000000 0.000000000 0.000000000 0.993981183 0.012385861 0.108848482 0.175700609 -0.006072252 0.998289704 -0.058144804 -0.012509934 -0.109382488 0.057133887 0.992356360 -0.108403420
0 0.493667788 0.877631567 0.500000000 0.500000000 0.000000000 0.000000000 0.993628383 0.012690368 0.111989267 0.180577671 -0.006008425 0.998192132 -0.059802916 -0.012929070 -0.112545729 0.058748994 0.991908252 -0.111958244
0 0.493667788 0.877631567 0.500000000 0.500000000 0.000000000 0.000000000 0.993270516 0.013006691 0.115084618 0.185183257 -0.005942157 0.998088360 -0.061516974 -0.013143312 -0.115664750 0.060419146 0.991449058 -0.115360682
0 0.493667788 0.877631567 0.500000000 0.500000000 0.000000000 0.000000000 0.992902398 0.013396899 0.118175045 0.189603976 -0.005966753 0.997995377 -0.063005179 -0.013490186 -0.118782222 0.061852872 0.990991950 -0.119093447
0 0.493667788 0.877631567 0.500000000 0.500000000 0.000000000 0.000000000 0.992519915 0.013661308 0.121315874 0.194479979 -0.005839036 0.997894049 -0.064601429 -0.013762710 -0.121942930 0.063409835 0.990509510 -0.122329931
0 0.493667788 0.877631567 0.500000000 0.500000000 0.000000000 0.000000000 0.992118478 0.013987496 0.124520227 0.198884087 -0.005741212 0.997780681 -0.066338554 -0.014131828 -0.125171781 0.065100804 0.989996910 -0.126190094
0 0.493667788 0.877631567 0.500000000 0.500000000 0.000000000 0.000000000 0.991722524 0.014502615 0.127577767 0.203250057 -0.005858497 0.997676849 -0.067871697 -0.014344096 -0.128265709 0.066562474 0.989503562 -0.129922864
0 0.493667788 0.877631567 0.500000000 0.500000000 0.000000000 0.000000000 0.991301775 0.014781469 0.130775720 0.207997087 -0.005708409 0.997566760 -0.069483437 -0.014416341 -0.131484568 0.068132527 0.988974094 -0.133242165
0 0.493667788 0.877631567 0.500000000 0.500000000 0.000000000 0.000000000 0.990876794 0.015115519 0.133920535 0.212688865 -0.005578905 0.997439146 -0.071302012 -0.014560557 -0.134655342 0.069904380 0.988423645 -0.136914365
0 0.493667788 0.877631567 0.500000000 0.500000000 0.000000000 0.000000000 0.990442634 0.015510189 0.137050435 0.216922216 -0.005536053 0.997326791 -0.072860643 -0.014913702 -0.137814164 0.071405575 0.987880826 -0.140845659
0 0.493667788 0.877631567 0.500000000 0.500000000 0.000000000 0.000000000 0.990006208 0.015707986 0.140146360 0.221789883 -0.005288084 0.997213364 -0.074414901 -0.015177816 -0.140924722 0.072930105 0.987330437 -0.144360512
0 0.493667788 0.877631567 0.500000000 0.500000000 0.000000000 0.000000000 0.989545763 0.016114529 0.143316075 0.226053521 -0.005205078 0.997081041 -0.076173089 -0.015511112 -0.144125238 0.074630782 0.986741185 -0.148345598
0 0.493667788 0.877631567 0.500000000 0.500000000 0.000000000 0.000000000 0.989098012 0.016537499 0.146327034 0.230290279 -0.005151228 0.996951520 -0.077853106 -0.015566902 -0.147168458 0.076250590 0.986167967 -0.152160508
0 0.493667788 0.877631567 0.500000000 0.500000000 0.000000000 0.000000000 0.988607824 0.016783567 0.149575606 0.234632668 -0.004922249 0.996837080 -0.079319805 -0.015715393 -0.150433779 0.077679932 0.985563576 -0.156205885
0 0.493667788 0.877631567 0.500000000 0.500000000 0.000000000 0.000000000 0.988129854 0.017150786 0.152660578 0.238902855 -0.004782817 0.996701241 -0.081017412 -0.016061555 -0.153546482 0.079325572 0.984952271 -0.160173797
0 0.493667788 0.877631567 0.500000000 0.500000000 0.000000000 0.000000000 0.987664759 0.017607074 0.155590177 0.243299687 -0.004733297 0.996560931 -0.082727671 -0.016212439 -0.156511679 0.080970749 0.984351456 -0.163902704
0 0.493667788 0.877631567 0.500000000 0.500000000 0.000000000 0.000000000 0.987149358 0.017874885 0.158797637 0.247632198 -0.004525254 0.996452630 -0.084033832 -0.016466918 -0.159736425 0.082235336 0.983728409 -0.167916992
0 0.493667788 0.877631567 0.500000000 0.500000000 0.000000000 0.000000000 0.986639440 0.018234221 0.161895469 0.251908289 -0.004355450 0.996313989 -0.085671015 -0.016799599 -0.162860870 0.083821274 0.983082056 -0.172019469
0 0.493667788 0.877631567 0.500000000 0.500000000 0.000000000 0.000000000 0.986144364 0.018683506 0.164833754 0.256383869 -0.004248145 0.996155739 -0.087496638 -0.016886241 -0.165834829 0.085584082 0.982432783 -0.176041322
0 0.493667788 0.877631567 0.500000000 0.500000000 0.000000000 0.000000000 0.985633612 0.018943572 0.167831704 0.260292672 -0.003996498 0.996027768 -0.088953637 -0.016921794 -0.168850139 0.087004952 0.981794178 -0.180093479
0 0.493667788 0.877631567 0.500000000 0.500000000 0.000000000 0.000000000 0.985143661 0.019297313 0.170644641 0.264249043 -0.003850435 0.995898783 -0.090392172 -0.017409377 -0.171689123 0.088392220 0.981177688 -0.184089763
0 0.493667788 0.877631567 0.500000000 0.500000000 0.000000000 0.000000000 0.984628022 0.019583357 0.173563182 0.268719271 -0.003541613 0.995728850 -0.092257716 -0.017281880 -0.174628586 0.090224832 0.980491877 -0.188137561
0 0.493667788 0.877631567 0.500000000 0.500000000 0.000000000 0.000000000 0.984127045 0.020035531 0.176330656 0.272677832 -0.003483407 0.995595992 -0.093682967 -0.017528029 -0.177431077 0.091581717 0.979862750 -0.192315688
0 0.493667788 0.877631567 0.500000000 0.500000000 0.000000000 0.000000000 0.983597517 0.020336427 0.179226965 0.276863225 -0.003233370 0.995452285 -0.095206700 -0.017442517 -0.180348054 0.093065567 0.979190171 -0.196203148
0 0.493667788 0.877631567 0.500000000 0.500000000 0.000000000 0.000000000 0.983073413 0.020659173 0.182043716 0.281200926 -0.002973551 0.995290399 -0.096892431 -0.017608834 -0.183188081 0.094711058 0.978504956 -0.200659576
0 0.493667788 0.877631567 0.500000000 0.500000000 0.000000000 0.000000000 0.982554436 0.021052619 0.184779674 0.285325550 -0.002780537 0.995123982 -0.098592758 -0.017501177 -0.185954317 0.096358970 0.977822065 -0.204895579
0 0.493667788 0.877631567 0.500000000 0.500000000 0.000000000 0.000000000 0.981988668 0.021331038 0.187731698 0.289547952 -0.002523095 0.994998395 -0.099858999 -0.017666037 -0.188922837 0.097586744 0.977131009 -0.208943450
0 0.493667788 0.877631567 0.500000000 0.500000000 0.000000000 0.000000000 0.981431901 0.021634540 0.190586880 0.293563503 -0.002193080 0.994819462 -0.101633973 -0.017613836 -0.191798329 0.099328853 0.976395011 -0.213255259
0 0.493667788 0.877631567 0.500000000 0.500000000 0.000000000 0.000000000 0.980880797 0.022092113 0.193351626 0.297459652 -0.002027262 0.994641721 -0.103362128 -0.017527591 -0.194599092 0.100993946 0.975669742 -0.217577135
0 0.493667788 0.877631567 0.500000000 0.500000000 0.000000000 0.000000000 0.980296373 0.022264045 0.196273610 0.301789521 -0.001612951 0.994496882 -0.104753539 -0.017613611 -0.197525725 0.102372937 0.974937618 -0.221843580
0 0.493667788 0.877631567 0.500000000 0.500000000 0.000000000 0.000000000 0.979719400 0.022702759 0.199084163 0.305550922 -0.001461334 0.994343758 -0.106199563 -0.017727892 -0.200369120 0.103754841 0.974211037 -0.226132747
0 0.493667788 0.877631567 0.500000000 0.500000000 0.000000000 0.000000000 0.979118586 0.023058033 0.201977938 0.309497691 -0.001170211 0.994169474 -0.107822746 -0.017766659 -0.203286484 0.105334900 0.973436773 -0.230530314
0 0.493667788 0.877631567 0.500000000 0.500000000 0.000000000 0.000000000 0.978488564 0.023294520 0.204981700 0.313436496 -0.000751243 0.994000375 -0.109374054 -0.017689040 -0.206299707 0.106867269 0.972635508 -0.235268115
0 0.493667788 0.877631567 0.500000000 0.500000000 0.000000000 0.000000000 0.977881849 0.023753950 0.207804814 0.317331730 -0.000594176 0.993841529 -0.110808931 -0.017727986 -0.209157199 0.108234569 0.971873701 -0.239504968
0 0.493667788 0.877631567 0.500000000 0.500000000 0.000000000 0.000000000 0.977250576 0.024026599 0.210722566 0.321271491 -0.000185295 0.993658781 -0.112437703 -0.017727315 -0.212087810 0.109840766 0.971058071 -0.244495186
0 0.493667788 0.877631567 0.500000000 0.500000000 0.000000000 0.000000000 0.976618171 0.024303410 0.213603184 0.325374868 0.000183151 0.993494987 -0.113875568 -0.018061557 -0.214981258 0.111252069 0.970260799 -0.249422520
0 0.493667788 0.877631567 0.500000000 0.500000000 0.000000000 0.000000000 0.975973248 0.024713328 0.216484323 0.329141143 0.000430059 0.993326604 -0.115334608 -0.018268271 -0.217889935 0.112656593 0.969449580 -0.254213694
0 0.493667788 0.877631567 0.500000000 0.500000000 0.000000000 0.000000000 0.975313246 0.024994263 0.219406933 0.333142319 0.000846520 0.993143439 -0.116899267 -0.018237515 -0.220824361 0.114199132 0.968604743 -0.258804304
0 0.493667788 0.877631567 0.500000000 0.500000000 0.000000000 0.000000000 0.974658370 0.025359379 0.222256437 0.336947856 0.001178441 0.992957652 -0.118463911 -0.018086451 -0.223695397 0.115723766 0.967764616 -0.263266842
0 0.493667788 0.877631567 0.500000000 0.500000000 0.000000000 0.000000000 0.974008977 0.025657894 0.225051403 0.340595660 0.001572956 0.992773533 -0.119992815 -0.018190713 -0.226503834 0.117228076 0.966929972 -0.267842392
0 0.493667788 0.877631567 0.500000000 0.500000000 0.000000000 0.000000000 0.973336220 0.025970422 0.227908149 0.344657183 0.001999562 0.992571712 -0.121644408 -0.017964855 -0.229374349 0.118856624 0.966054082 -0.272473038
0 0.493667788 0.877631567 0.500000000 0.500000000 0.000000000 0.000000000 0.972624242 0.026309472 0.230889454 0.348357038 0.002389980 0.992385387 -0.123148493 -0.017827715 -0.232371286 0.120329022 0.965155184 -0.277325996
0 0.493667788 0.877631567 0.500000000 0.500000000 0.000000000 0.000000000 0.971917093 0.026593035 0.233816043 0.352183159 0.002844047 0.992194295 -0.124669105 -0.017680618 -0.235306278 0.121833019 0.964254975 -0.282242415
0 0.493667788 0.877631567 0.500000000 0.500000000 0.000000000 0.000000000 0.971206903 0.026919037 0.236711979 0.356091025 0.003243214 0.992009878 -0.126118585 -0.017529334 -0.238215610 0.123254955 0.963359535 -0.286975122
0 0.493667788 0.877631567 0.500000000 0.500000000 0.000000000 0.000000000 0.970463276 0.027226614 0.239707559 0.359732061 0.003691010 0.991819263 -0.127596602 -0.017535543 -0.241220608 0.124712579 0.962423682 -0.291843788
0 0.493667788 0.877631567 0.500000000 0.500000000 0.000000000 0.000000000 0.969709098 0.027543945 0.242704764 0.363530557 0.004169221 0.991610706 -0.129193187 -0.017111316 -0.244227126 0.126291692 0.961459041 -0.296770436
0 0.493667788 0.877631567 0.500000000 0.500000000 0.000000000 0.000000000 0.968940139 0.027881039 0.245718554 0.367153294 0.004594648 0.991422892 -0.130612195 -0.017151640 -0.247252613 0.127684385 0.960501373 -0.301314901
0 0.493667788 0.877631567 0.500000000 0.500000000 0.000000000 0.000000000 0.968176723 0.028193796 0.248674333 0.370965479 0.005088520 0.991211176 -0.132191345 -0.016761751 -0.250215739 0.129249960 0.959524095 -0.306272726
0 0.493667788 0.877631567 0.500000000 0.500000000 0.000000000 0.000000000 0.967373371 0.028488113 0.251748353 0.374719133 0.005625682 0.990997851 -0.133759722 -0.016579852 -0.253292650 0.130811855 0.958504617 -0.311396179
0 0.493667788 0.877631567 0.500000000 0.500000000 0.000000000 0.000000000 0.966583014 0.028798679 0.254731148 0.378421288 0.006115826 0.990796566 -0.135221332 -0.016176271 -0.256280929 0.132260531 0.957510948 -0.316216048
0 0.493667788 0.877631567 0.500000000 0.500000000 0.000000000 0.000000000 0.965806246 0.029072564 0.257629812 0.382249116 0.006642598 0.990592062 -0.136686489 -0.015899991 -0.259179890 0.133723989 0.956526875 -0.321071224
0 0.493667788 0.877631567 0.500000000 0.500000000 0.000000000 0.000000000 0.964972377 0.029408410 0.260698110 0.385880871 0.007164418 0.990372896 -0.138239428 -0.015553500 -0.262253731 0.135264978 0.955471814 -0.325937892
0 0.493667788 0.877631567 0.500000000 0.500000000 0.000000000 0.000000000 0.964175701 0.029700823 0.263596386 0.389722331 0.007683359 0.990168095 -0.139671549 -0.015203111 -0.265153080 0.136693224 0.954467833 -0.331000862
0 0.493667788 0.877631567 0.500000000 0.500000000 0.000000000 0.000000000 0.963338614 0.029964801 0.266609877 0.393414219 0.008265100 0.989956915 -0.141127378 -0.014916193 -0.268161148 0.138157010 0.953416109 -0.336001999
0 0.493667788 0.877631567 0.500000000 0.500000000 0.000000000 0.000000000 0.962508857 0.030307854 0.269551784 0.396910749 0.008783866 0.989734352 -0.142648935 -0.014581142 -0.271108061 0.139668569 0.952361882 -0.340835421
0 0.493667788 0.877631567 0.500000000 0.500000000 0.000000000 0.000000000 0.961698115 0.030551312 0.272402972 0.400642590 0.009347119 0.989536345 -0.143980607 -0.014214924 -0.273951441 0.141012058 0.951349676 -0.345648356
0 0.493667788 0.877631567 0.500000000 0.500000000 0.000000000 0.000000000 0.960796952 0.030882860 0.275527507 0.403992726 0.009913743 0.989314616 -0.145459011 -0.013852896 -0.277075589 0.142488077 0.950224340 -0.350941764
0 0.493667788 0.877631567 0.500000000 0.500000000 0.000000000 0.000000000 0.959919810 0.031223591 0.278530210 0.407136871 0.010484844 0.989079177 -0.147011757 -0.013540453 -0.280078679 0.144039840 0.949109316 -0.356375377
0 0.493667788 0.877631567 0.500000000 0.500000000 0.000000000 0.000000000 0.959088206 0.031492457 0.281350374 0.410802848 0.011095147 0.988849103 -0.148507044 -0.013045409 -0.282889932 0.145552978 0.948044121 -0.361518335
0 0.493667788 0.877631567 0.500000000 0.500000000 0.000000000 0.000000000 0.958198726 0.031769954 0.284333974 0.413987278 0.011713402 0.988626063 -0.149937660 -0.012762460 -0.285863489 0.147000596 0.946928144 -0.366866343
0 0.493667788 0.877631567 0.500000000 0.500000000 0.000000000 0.000000000 0.957345486 0.032079235 0.287159503 0.417211099 0.012314072 0.988385439 -0.151467979 -0.012304847 -0.288683265 0.148543283 0.945831299 -0.372286149
0 0.493667788 0.877631567 0.500000000 0.500000000 0.000000000 0.000000000 0.956447661 0.032368347 0.290103704 0.420663958 0.012950131 0.988149345 -0.152948350 -0.011640772 -0.291616470 0.150043979 0.944693923 -0.377566281
0 0.493667788 0.877631567 0.500000000 0.500000000 0.000000000 0.000000000 0.955545962 0.032604672 0.293033928 0.423964154 0.013609408 0.987930059 -0.154301405 -0.011396231 -0.294527978 0.151430100 0.943568885 -0.382842208
0 0.493667788 0.877631567 0.500000000 0.500000000 0.000000000 0.000000000 0.954630375 0.032996044 0.295959651 0.427111290 0.014172053 0.987682581 -0.155827627 -0.010878687 -0.297455907 0.152952135 0.942404151 -0.388148731
