0 0.486538466 0.864957267 0.500000000 0.500000000 0.000000000 0.000000000 0.941672504 -0.062234674 0.330726057 0.845287938 0.062859721 0.997983456 0.008816667 0.303822608 -0.330607831 0.012486935 0.943685591 -2.075949701
0 0.486538466 0.864957267 0.500000000 0.500000000 0.000000000 0.000000000 0.942227662 -0.061678745 0.329245746 0.853564131 0.062278945 0.998020589 0.008734229 0.304588995 -0.329132736 0.012275446 0.944203854 -2.087932881
0 0.486538466 0.864957267 0.500000000 0.500000000 0.000000000 0.000000000 0.942720115 -0.061224572 0.327918261 0.860924439 0.061848585 0.998049021 0.008536334 0.306124696 -0.327801138 0.012233906 0.944667518 -2.100286919
0 0.486538466 0.864957267 0.500000000 0.500000000 0.000000000 0.000000000 0.943227291 -0.060690820 0.326556116 0.867819108 0.061290588 0.998084068 0.008462813 0.306730140 -0.326444060 0.012032459 0.945139945 -2.112397060
0 0.486538466 0.864957267 0.500000000 0.500000000 0.000000000 0.000000000 0.943753123 -0.060177997 0.325128704 0.874878669 0.060653090 0.998121142 0.008683906 0.305720781 -0.325040400 0.011524597 0.945629895 -2.124254259
0 0.486538466 0.864957267 0.500000000 0.500000000 0.000000000 0.000000000 0.944381177 -0.059690453 0.323390156 0.883105378 0.060217265 0.998150051 0.008386081 0.307507381 -0.323292464 0.011554013 0.946228564 -2.135768494
0 0.486538466 0.864957267 0.500000000 0.500000000 0.000000000 0.000000000 0.945098996 -0.058857642 0.321440041 0.892790729 0.059385300 0.998201668 0.008172006 0.307762703 -0.321342975 0.011365459 0.946894646 -2.147006507
0 0.486538466 0.864957267 0.500000000 0.500000000 0.000000000 0.000000000 0.945750535 -0.058580291 0.319568872 0.900732365 0.059087243 0.998219788 0.008117857 0.308455483 -0.319475532 0.011204977 0.947528303 -2.156242342
0 0.486538466 0.864957267 0.500000000 0.500000000 0.000000000 0.000000000 0.946448207 -0.057994928 0.317604184 0.909740682 0.058466062 0.998256862 0.008056377 0.308501493 -0.317517787 0.010944122 0.948189139 -2.167877360
0 0.486538466 0.864957267 0.500000000 0.500000000 0.000000000 0.000000000 0.947231829 -0.057313461 0.315383941 0.919719190 0.057775218 0.998298407 0.007893278 0.308469181 -0.315299690 0.010744612 0.948931336 -2.178375881
0 0.486538466 0.864957267 0.500000000 0.500000000 0.000000000 0.000000000 0.948037386 -0.056741592 0.313058257 0.929778804 0.057351526 0.998327613 0.007267992 0.311717948 -0.312947094 0.011064040 0.949706137 -2.187694768
0 0.486538466 0.864957267 0.500000000 0.500000000 0.000000000 0.000000000 0.949011624 -0.056117408 0.310205996 0.942432267 0.056758109 0.998363674 0.006967867 0.312705228 -0.310089409 0.010994119 0.950643837 -2.196318355
0 0.486538466 0.864957267 0.500000000 0.500000000 0.000000000 0.000000000 0.949983537 -0.055760954 0.307281524 0.954653035 0.056481004 0.998382151 0.006556586 0.315028799 -0.307150006 0.011126920 0.951596081 -2.203403828
0 0.486538466 0.864957267 0.500000000 0.500000000 0.000000000 0.000000000 0.951070726 -0.055095464 0.304021358 0.968182296 0.055916782 0.998417318 0.006010941 0.317449709 -0.303871363 0.011283065 0.952646255 -2.209736553
0 0.486538466 0.864957267 0.500000000 0.500000000 0.000000000 0.000000000 0.952086926 -0.054534152 0.300926089 0.980995785 0.055484198 0.998444974 0.005395252 0.320730187 -0.300752372 0.011559894 0.953632176 -2.216372135
0 0.486538466 0.864957267 0.500000000 0.500000000 0.000000000 0.000000000 0.953140140 -0.053728171 0.297719926 0.993967357 0.054757245 0.998487711 0.004889120 0.322391113 -0.297532380 0.011642306 0.954640746 -2.222730036
0 0.486538466 0.864957267 0.500000000 0.500000000 0.000000000 0.000000000 0.954251468 -0.052952118 0.294279039 1.007802065 0.054081757 0.998527229 0.004303867 0.324361724 -0.294073522 0.011808155 0.955709875 -2.229343089
0 0.486538466 0.864957267 0.500000000 0.500000000 0.000000000 0.000000000 0.955310166 -0.052274387 0.290946513 1.021172140 0.053529620 0.998559594 0.003649123 0.326871638 -0.290718198 0.012088213 0.956732333 -2.237089360
0 0.486538466 0.864957267 0.500000000 0.500000000 0.000000000 0.000000000 0.956378758 -0.051442388 0.287564516 1.033838982 0.052704275 0.998604536 0.003357000 0.327154159 -0.287335902 0.011945316 0.957755387 -2.243696806
0 0.486538466 0.864957267 0.500000000 0.500000000 0.000000000 0.000000000 0.957437396 -0.050917454 0.284114480 1.046266194 0.052264675 0.998629212 0.002842177 0.330386682 -0.283869743 0.012127945 0.958786130 -2.250373811
0 0.486538466 0.864957267 0.500000000 0.500000000 0.000000000 0.000000000 0.958608687 -0.050535146 0.280206412 1.060961616 0.051907022 0.998648703 0.002527914 0.332630205 -0.279955506 0.012121399 0.959936440 -2.257586203
0 0.486538466 0.864957267 0.500000000 0.500000000 0.000000000 0.000000000 0.959681451 -0.050046850 0.276598692 1.073460292 0.051441081 0.998673558 0.002217706 0.334292982 -0.276342779 0.012100245 0.960982978 -2.264464330
0 0.486538466 0.864957267 0.500000000 0.500000000 0.000000000 0.000000000 0.960822344 -0.049396027 0.272727728 1.087723091 0.050836198 0.998705387 0.001787579 0.336454898 -0.272462964 0.012146896 0.962089598 -2.270756692
0 0.486538466 0.864957267 0.500000000 0.500000000 0.000000000 0.000000000 0.961932480 -0.048468340 0.268954933 1.101562893 0.049922366 0.998752058 0.001434856 0.336942551 -0.268688828 0.012046631 0.963151693 -2.277630194
0 0.486538466 0.864957267 0.500000000 0.500000000 0.000000000 0.000000000 0.963038087 -0.047763396 0.265096694 1.115191757 0.049263194 0.998785317 0.000992263 0.338717399 -0.264822096 0.012103924 0.964221299 -2.284753643
0 0.486538466 0.864957267 0.500000000 0.500000000 0.000000000 0.000000000 0.964222789 -0.046768393 0.260935038 1.130367968 0.048348647 0.998830438 0.000363413 0.340716332 -0.260646880 0.012265445 0.965356290 -2.291047672
0 0.486538466 0.864957267 0.500000000 0.500000000 0.000000000 0.000000000 0.965383708 -0.045983702 0.256748468 1.145147082 0.047579236 0.998867452 -0.000002313 0.341901806 -0.256457597 0.012218129 0.966478229 -2.297572833
0 0.486538466 0.864957267 0.500000000 0.500000000 0.000000000 0.000000000 0.966568410 -0.045146964 0.252402991 1.160574208 0.046746437 0.998906732 -0.000340814 0.342549241 -0.252111644 0.012128360 0.967622161 -2.302592484
0 0.486538466 0.864957267 0.500000000 0.500000000 0.000000000 0.000000000 0.967845500 -0.044204090 0.247630894 1.178326500 0.045798097 0.998950481 -0.000677561 0.343265309 -0.247341052 0.011996798 0.968854189 -2.308541069
0 0.486538466 0.864957267 0.500000000 0.500000000 0.000000000 0.000000000 0.969114065 -0.043260686 0.242788807 1.196287216 0.044842191 0.998993576 -0.000988721 0.343793518 -0.242501691 0.011845366 0.970078647 -2.314595887
0 0.486538466 0.864957267 0.500000000 0.500000000 0.000000000 0.000000000 0.970362186 -0.042235687 0.237935647 1.213868289 0.043897491 0.999034643 -0.001687638 0.346398213 -0.237634674 0.012082398 0.971279442 -2.318835414
0 0.486538466 0.864957267 0.500000000 0.500000000 0.000000000 0.000000000 0.971679449 -0.041182779 0.232686564 1.233636201 0.042771094 0.999083281 -0.001782505 0.345494727 -0.232399851 0.011684283 0.972550154 -2.323632405
0 0.486538466 0.864957267 0.500000000 0.500000000 0.000000000 0.000000000 0.973014951 -0.040469155 0.227165461 1.254571284 0.042080387 0.999111712 -0.002252276 0.347806628 -0.226872519 0.011750708 0.973853588 -2.327572705
0 0.486538466 0.864957267 0.500000000 0.500000000 0.000000000 0.000000000 0.974360466 -0.039478745 0.221502051 1.276271681 0.041083690 0.999152243 -0.002641283 0.348927819 -0.221209988 0.011673684 0.975156307 -2.332932238
0 0.486538466 0.864957267 0.500000000 0.500000000 0.000000000 0.000000000 0.975651205 -0.038801141 0.215868548 1.297808681 0.040359333 0.999181271 -0.002813087 0.349894369 -0.215582654 0.011456901 0.976418376 -2.337982301
0 0.486538466 0.864957267 0.500000000 0.500000000 0.000000000 0.000000000 0.977003217 -0.038113147 0.209790498 1.321210773 0.039598919 0.999211490 -0.002884690 0.349712687 -0.209515125 0.011125829 0.977742136 -2.342890082
0 0.486538466 0.864957267 0.500000000 0.500000000 0.000000000 0.000000000 0.978394330 -0.037260108 0.203362435 1.346046010 0.038683273 0.999246955 -0.003026335 0.349981245 -0.203096524 0.010827673 0.979098856 -2.350001776
0 0.486538466 0.864957267 0.500000000 0.500000000 0.000000000 0.000000000 0.979701459 -0.036773644 0.197060138 1.370769875 0.038240258 0.999261916 -0.003641206 0.353169489 -0.196780801 0.011102925 0.980384648 -2.354909168
0 0.486538466 0.864957267 0.500000000 0.500000000 0.000000000 0.000000000 0.980908632 -0.035540272 0.191193983 1.393085965 0.036904421 0.999312401 -0.003577691 0.351069967 -0.190935358 0.010565291 0.981545746 -2.359174674
0 0.486538466 0.864957267 0.500000000 0.500000000 0.000000000 0.000000000 0.982084692 -0.034784693 0.185201690 1.416012376 0.036277838 0.999330819 -0.004678663 0.356545776 -0.184915006 0.011313560 0.982689381 -2.362112502
0 0.486538466 0.864957267 0.500000000 0.500000000 0.000000000 0.000000000 0.983248532 -0.033938229 0.179082558 1.439314681 0.035357300 0.999363482 -0.004737386 0.356011438 -0.178807795 0.010989903 0.983822644 -2.365255298
0 0.486538466 0.864957267 0.500000000 0.500000000 0.000000000 0.000000000 0.984347343 -0.033115741 0.173100099 1.461747417 0.034490898 0.999392807 -0.004941592 0.356544281 -0.172831342 0.010834621 0.984891832 -2.367294589
0 0.486538466 0.864957267 0.500000000 0.500000000 0.000000000 0.000000000 0.985425413 -0.032452840 0.166983560 1.484619993 0.033815712 0.999413908 -0.005324128 0.358387062 -0.166712910 0.010893200 0.985945284 -2.369138604
0 0.486538466 0.864957267 0.500000000 0.500000000 0.000000000 0.000000000 0.986437678 -0.031668574 0.161052033 1.506158935 0.033000045 0.999439657 -0.005598580 0.359092381 -0.160784498 0.010837375 0.986930013 -2.371086426
0 0.486538466 0.864957267 0.500000000 0.500000000 0.000000000 0.000000000 0.987401485 -0.030817995 0.155204743 1.527318328 0.032059137 0.999470830 -0.005499535 0.357863726 -0.154953137 0.010405979 0.987866998 -2.373007664
0 0.486538466 0.864957267 0.500000000 0.500000000 0.000000000 0.000000000 0.988310695 -0.029988728 0.149474382 1.547834789 0.031238949 0.999493778 -0.006022699 0.360058138 -0.149218097 0.010621721 0.988747239 -2.373815408
0 0.486538466 0.864957267 0.500000000 0.500000000 0.000000000 0.000000000 0.989204824 -0.029076634 0.143625960 1.568642603 0.030256255 0.999523938 -0.006035401 0.359524850 -0.143382102 0.010315831 0.989613652 -2.375634315
0 0.486538466 0.864957267 0.500000000 0.500000000 0.000000000 0.000000000 0.990053058 -0.028418053 0.137794495 1.589311682 0.029567622 0.999542892 -0.006302514 0.360869262 -0.137552410 0.010314079 0.990440786 -2.376437641
0 0.486538466 0.864957267 0.500000000 0.500000000 0.000000000 0.000000000 0.990860343 -0.027326941 0.132094905 1.609148591 0.028368918 0.999579430 -0.006012242 0.358197783 -0.131875068 0.009704682 0.991218865 -2.378158526
0 0.486538466 0.864957267 0.500000000 0.500000000 0.000000000 0.000000000 0.991627216 -0.026436249 0.126398757 1.628855479 0.027412359 0.999606252 -0.005988982 0.357416807 -0.126190662 0.009403725 0.991961420 -2.379921704
0 0.486538466 0.864957267 0.500000000 0.500000000 0.000000000 0.000000000 0.992332458 -0.025686746 0.120898768 1.647362790 0.026598798 0.999628544 -0.005935924 0.357237591 -0.120701388 0.009106171 0.992647111 -2.381553837
0 0.486538466 0.864957267 0.500000000 0.500000000 0.000000000 0.000000000 0.993004262 -0.024971608 0.115407772 1.665830214 0.025843639 0.999647617 -0.006065763 0.357489108 -0.115215629 0.009005886 0.993299663 -2.383338701
0 0.486538466 0.864957267 0.500000000 0.500000000 0.000000000 0.000000000 0.993650913 -0.024082340 0.109899610 1.684576433 0.024912272 0.999670506 -0.006184696 0.357503072 -0.109714456 0.008883278 0.993923426 -2.384656896
0 0.486538466 0.864957267 0.500000000 0.500000000 0.000000000 0.000000000 0.994296730 -0.022963744 0.104147673 1.704452696 0.023732459 0.999699414 -0.006147665 0.356172118 -0.103975199 0.008584283 0.994542837 -2.386143038
0 0.486538466 0.864957267 0.500000000 0.500000000 0.000000000 0.000000000 0.994900227 -0.021888740 0.098460153 1.723880262 0.022598714 0.999725997 -0.006101167 0.354963585 -0.098299630 0.008295125 0.995122313 -2.386544457
0 0.486538466 0.864957267 0.500000000 0.500000000 0.000000000 0.000000000 0.995481610 -0.020753715 0.092658527 1.744027790 0.021391893 0.999753773 -0.005899437 0.352646336 -0.092513271 0.007854923 0.995680451 -2.387783997
0 0.486538466 0.864957267 0.500000000 0.500000000 0.000000000 0.000000000 0.996031046 -0.019813739 0.086773261 1.764885511 0.020396896 0.999774933 -0.005838932 0.351675214 -0.086638041 0.007585663 0.996210992 -2.388764789
0 0.486538466 0.864957267 0.500000000 0.500000000 0.000000000 0.000000000 0.996523440 -0.018800128 0.081164271 1.783982065 0.019338690 0.999795854 -0.005854396 0.351144812 -0.081037641 0.007403653 0.996683538 -2.390907857
0 0.486538466 0.864957267 0.500000000 0.500000000 0.000000000 0.000000000 0.996993661 -0.017938798 0.075378180 1.804608304 0.018419316 0.999814212 -0.005684366 0.350001128 -0.075262204 0.007055691 0.997138798 -2.392204606
0 0.486538466 0.864957267 0.500000000 0.500000000 0.000000000 0.000000000 0.997419953 -0.016965328 0.069754340 1.823959679 0.017411297 0.999831617 -0.005790369 0.349696438 -0.069644362 0.006989943 0.997547388 -2.392832171
0 0.486538466 0.864957267 0.500000000 0.500000000 0.000000000 0.000000000 0.997831821 -0.015841752 0.063879922 1.844666199 0.016228717 0.999852955 -0.005543311 0.347937595 -0.063782714 0.006567981 0.997942209 -2.393519842
0 0.486538466 0.864957267 0.500000000 0.500000000 0.000000000 0.000000000 0.998211801 -0.014790298 0.057917085 1.866065597 0.015127514 0.999871075 -0.005388265 0.347029535 -0.057829924 0.006254772 0.998306870 -2.393816771
0 0.486538466 0.864957267 0.500000000 0.500000000 0.000000000 0.000000000 0.998550117 -0.013979452 0.051982518 1.886761599 0.014270968 0.999884427 -0.005241010 0.346626925 -0.051903244 0.005975252 0.998634219 -2.392391021
0 0.486538466 0.864957267 0.500000000 0.500000000 0.000000000 0.000000000 0.998854160 -0.013127215 0.046022516 1.907678496 0.013385483 0.999896348 -0.005308076 0.346995112 -0.045948062 0.005918027 0.998926282 -2.389670830
0 0.486538466 0.864957267 0.500000000 0.500000000 0.000000000 0.000000000 0.999126077 -0.012242815 0.039964512 1.928967937 0.012469020 0.999907613 -0.005415783 0.347726033 -0.039894518 0.005909368 0.999186397 -2.387081786
0 0.486538466 0.864957267 0.500000000 0.500000000 0.000000000 0.000000000 0.999352217 -0.011339528 0.034154244 1.949310210 0.011523703 0.999920070 -0.005200409 0.347115898 -0.034092546 0.005590624 0.999403059 -2.385908559
0 0.486538466 0.864957267 0.500000000 0.500000000 0.000000000 0.000000000 0.999539852 -0.010579843 0.028428407 1.969395823 0.010729411 0.999929368 -0.005113825 0.347320987 -0.028372295 0.005416492 0.999582767 -2.385077514
0 0.486538466 0.864957267 0.500000000 0.500000000 0.000000000 0.000000000 0.999695182 -0.009718872 0.022695944 1.989392888 0.009828533 0.999940515 -0.004725202 0.345952411 -0.022648672 0.004946829 0.999731243 -2.383594766
0 0.486538466 0.864957267 0.500000000 0.500000000 0.000000000 0.000000000 0.999817610 -0.008900832 0.016896030 2.009817494 0.008976677 0.999949932 -0.004418378 0.344934831 -0.016855856 0.004569242 0.999847472 -2.381595574
0 0.486538466 0.864957267 0.500000000 0.500000000 0.000000000 0.000000000 0.999906600 -0.008088006 0.011018151 2.030651223 0.008133730 0.999958456 -0.004111496 0.343893147 -0.010984440 0.004200731 0.999930859 -2.378797096
0 0.486538466 0.864957267 0.500000000 0.500000000 0.000000000 0.000000000 0.999959350 -0.007469541 0.005051425 2.051749883 0.007488678 0.999964833 -0.003780262 0.343218704 -0.005023011 0.003817937 0.999980092 -2.376289909
0 0.486538466 0.864957267 0.500000000 0.500000000 0.000000000 0.000000000 0.999976337 -0.006824399 -0.000849322 2.072539697 0.006821263 0.999970078 -0.003642119 0.343260029 0.000874152 0.003636239 0.999993026 -2.373117940
0 0.486538466 0.864957267 0.500000000 0.500000000 0.000000000 0.000000000 0.999961019 -0.005677148 -0.006758302 2.093528604 0.005655132 0.999978662 -0.003272319 0.340942973 0.006776735 0.003233972 0.999971807 -2.371562480
0 0.486538466 0.864957267 0.500000000 0.500000000 0.000000000 0.000000000 0.999908864 -0.004532462 -0.012716847 2.114689137 0.004494365 0.999985337 -0.003022690 0.339667704 0.012730360 0.002965260 0.999914587 -2.369543300
0 0.486538466 0.864957267 0.500000000 0.500000000 0.000000000 0.000000000 0.999822676 -0.003612474 -0.018479941 2.134753822 0.003562424 0.999989927 -0.002740565 0.338197602 0.018489655 0.002674246 0.999825478 -2.367900377
0 0.486538466 0.864957267 0.500000000 0.500000000 0.000000000 0.000000000 0.999697089 -0.002532627 -0.024480596 2.156128019 0.002471447 0.999993742 -0.002529068 0.337021639 0.024486849 0.002467799 0.999697089 -2.365630141
0 0.486538466 0.864957267 0.500000000 0.500000000 0.000000000 0.000000000 0.999530017 -0.001559616 -0.030616105 2.178414445 0.001492667 0.999996424 -0.002209454 0.335400094 0.030619442 0.002162716 0.999528766 -2.362892292
0 0.486538466 0.864957267 0.500000000 0.500000000 0.000000000 0.000000000 0.999319255 -0.000822077 -0.036882743 2.201138387 0.000751390 0.999997854 -0.001930353 0.334702749 0.036884252 0.001901325 0.999317765 -2.359617530
0 0.486538466 0.864957267 0.500000000 0.500000000 0.000000000 0.000000000 0.999061167 -0.000152318 -0.043321174 2.224969444 0.000085200 0.999998808 -0.001551157 0.333663094 0.043321360 0.001546010 0.999059975 -2.355566840
0 0.486538466 0.864957267 0.500000000 0.500000000 0.000000000 0.000000000 0.998754501 0.001017470 -0.049883399 2.249292982 -0.001063656 0.999999046 -0.000899359 0.330274340 0.049882434 0.000951297 0.998754621 -2.351115428
0 0.486538466 0.864957267 0.500000000 0.500000000 0.000000000 0.000000000 0.998407960 0.002186436 -0.056363016 2.273396961 -0.002218076 0.999997437 -0.000498816 0.328271924 0.056361780 0.000623039 0.998410225 -2.346014334
