0.000000000 2.478573594 4.296194229 0.495647594 0.503960370 0.000000000 0.000000000 0.293601000 -0.955603000 0.024921000 348.812557000 0.955903000 0.293305000 -0.014870000 6392.538015000 0.006900000 0.028188000 0.999579000 91.498702000
0.000000000 2.478573594 4.296194229 0.495647594 0.503960370 0.000000000 0.000000000 0.298822000 -0.953982000 0.024972000 349.188154000 0.954304000 0.298632000 -0.011125000 6393.710538000 0.003156000 0.027155000 0.999626000 91.500025000
0.000000000 2.478573594 4.296194229 0.495647594 0.503960370 0.000000000 0.000000000 0.304487000 -0.952188000 0.025031000 349.571373000 0.952516000 0.304395000 -0.007484000 6394.879648000 -0.000493000 0.026122000 0.999659000 91.496466000
0.000000000 2.478573594 4.296194229 0.495647594 0.503960370 0.000000000 0.000000000 0.310688000 -0.950213000 0.023831000 349.960829000 0.950511000 0.310552000 -0.009284000 6396.038431000 0.001421000 0.025536000 0.999673000 91.492486000
0.000000000 2.478573594 4.296194229 0.495647594 0.503960370 0.000000000 0.000000000 0.317332000 -0.948020000 0.023640000 350.360892000 0.948293000 0.317061000 -0.014572000 6397.190288000 0.006319000 0.027042000 0.999614000 91.491913000
0.000000000 2.478573594 4.296194229 0.495647594 0.503960370 0.000000000 0.000000000 0.324139000 -0.945730000 0.023002000 350.768643000 0.945978000 0.323836000 -0.015976000 6398.344878000 0.007661000 0.026938000 0.999608000 91.495985000
0.000000000 2.478573594 4.296194229 0.495647594 0.503960370 0.000000000 0.000000000 0.330856000 -0.943329000 0.025763000 351.189512000 0.943672000 0.330607000 -0.013502000 6399.501142000 0.004219000 0.028779000 0.999577000 91.497518000
0.000000000 2.478573594 4.296194229 0.495647594 0.503960370 0.000000000 0.000000000 0.337638000 -0.940877000 0.027388000 351.617246000 0.941276000 0.337471000 -0.010643000 6400.653997000 0.000771000 0.029373000 0.999568000 91.495128000
0.000000000 2.478573594 4.296194229 0.495647594 0.503960370 0.000000000 0.000000000 0.344573000 -0.938392000 0.026286000 352.047798000 0.938760000 0.344435000 -0.009747000 6401.801806000 0.000093000 0.028035000 0.999607000 91.490202000
0.000000000 2.478573594 4.296194229 0.495647594 0.503960370 0.000000000 0.000000000 0.351756000 -0.935781000 0.024094000 352.485496000 0.936089000 0.351584000 -0.011191000 6402.942277000 0.002001000 0.026491000 0.999647000 91.487300000
0.000000000 2.478573594 4.296194229 0.495647594 0.503960370 0.000000000 0.000000000 0.358734000 -0.933209000 0.020735000 352.929106000 0.933434000 0.358569000 -0.011326000 6404.080701000 0.003135000 0.023418000 0.999721000 91.486318000
0.000000000 2.478573594 4.296194229 0.495647594 0.503960370 0.000000000 0.000000000 0.365171000 -0.930700000 0.021154000 353.386454000 0.930936000 0.365008000 -0.011255000 6405.215494000 0.002754000 0.023803000 0.999713000 91.484696000
0.000000000 2.478573594 4.296194229 0.495647594 0.503960370 0.000000000 0.000000000 0.371058000 -0.928351000 0.021934000 353.852517000 0.928605000 0.370880000 -0.011838000 6406.346700000 0.002855000 0.024761000 0.999689000 91.482772000
0.000000000 2.478573594 4.296194229 0.495647594 0.503960370 0.000000000 0.000000000 0.376844000 -0.925974000 0.023670000 354.328301000 0.926260000 0.376561000 -0.015626000 6407.471611000 0.005556000 0.027813000 0.999598000 91.482669000
0.000000000 2.478573594 4.296194229 0.495647594 0.503960370 0.000000000 0.000000000 0.382519000 -0.923629000 0.024240000 354.811171000 0.923907000 0.382126000 -0.019378000 6408.595681000 0.008635000 0.029808000 0.999518000 91.485213000
0.000000000 2.478573594 4.296194229 0.495647594 0.503960370 0.000000000 0.000000000 0.388088000 -0.921343000 0.022700000 355.296656000 0.921584000 0.387728000 -0.018707000 6409.726538000 0.008434000 0.028180000 0.999567000 91.492059000
0.000000000 2.478573594 4.296194229 0.495647594 0.503960370 0.000000000 0.000000000 0.393655000 -0.918955000 0.023599000 355.793222000 0.919246000 0.393386000 -0.015313000 6410.860297000 0.004789000 0.027721000 0.999604000 91.494494000
0.000000000 2.478573594 4.296194229 0.495647594 0.503960370 0.000000000 0.000000000 0.399114000 -0.916580000 0.024252000 356.298046000 0.916898000 0.398907000 -0.013058000 6411.991958000 0.002294000 0.027448000 0.999621000 91.493667000
0.000000000 2.478573594 4.296194229 0.495647594 0.503960370 0.000000000 0.000000000 0.404645000 -0.914157000 0.024072000 356.809214000 0.914469000 0.404417000 -0.013895000 6413.119958000 0.002967000 0.027636000 0.999614000 91.491689000
0.000000000 2.478573594 4.296194229 0.495647594 0.503960370 0.000000000 0.000000000 0.409984000 -0.911794000 0.023331000 357.327585000 0.912084000 0.409736000 -0.014788000 6414.248456000 0.003924000 0.027343000 0.999618000 91.491195000
0.000000000 2.478573594 4.296194229 0.495647594 0.503960370 0.000000000 0.000000000 0.414785000 -0.909641000 0.022510000 357.853441000 0.909912000 0.414550000 -0.014461000 6415.379084000 0.003823000 0.026481000 0.999642000 91.491117000
0.000000000 2.478573594 4.296194229 0.495647594 0.503960370 0.000000000 0.000000000 0.419926000 -0.907278000 0.022561000 358.388998000 0.907550000 0.419685000 -0.014757000 6416.509206000 0.003920000 0.026672000 0.999637000 91.491250000
0.000000000 2.478573594 4.296194229 0.495647594 0.503960370 0.000000000 0.000000000 0.425314000 -0.904759000 0.022802000 358.933963000 0.905031000 0.425028000 -0.016428000 6417.638284000 0.005172000 0.027623000 0.999605000 91.491094000
0.000000000 2.478573594 4.296194229 0.495647594 0.503960370 0.000000000 0.000000000 0.430504000 -0.902350000 0.020737000 359.482603000 0.902568000 0.430225000 -0.016670000 6418.771318000 0.006121000 0.025893000 0.999646000 91.493711000
0.000000000 2.478573594 4.296194229 0.495647594 0.503960370 0.000000000 0.000000000 0.435950000 -0.899724000 0.021064000 360.044090000 0.899951000 0.435667000 -0.016792000 6419.903958000 0.005931000 0.026277000 0.999637000 91.496385000
0.000000000 2.478573594 4.296194229 0.495647594 0.503960370 0.000000000 0.000000000 0.441896000 -0.896814000 0.021295000 360.671884000 0.897053000 0.441633000 -0.016031000 6421.150753000 0.004972000 0.026187000 0.999645000 91.497915000
0.000000000 2.478573594 4.296194229 0.495647594 0.503960370 0.000000000 0.000000000 0.447305000 -0.894133000 0.021068000 361.249784000 0.894366000 0.447035000 -0.016415000 6422.283565000 0.005260000 0.026185000 0.999643000 91.499359000
0.000000000 2.478573594 4.296194229 0.495647594 0.503960370 0.000000000 0.000000000 0.452871000 -0.891318000 0.021459000 361.839349000 0.891552000 0.452549000 -0.018310000 6423.414219000 0.006609000 0.027423000 0.999602000 91.501324000
0.000000000 2.478573594 4.296194229 0.495647594 0.503960370 0.000000000 0.000000000 0.458414000 -0.888499000 0.020653000 362.435972000 0.888710000 0.458088000 -0.018731000 6424.547445000 0.007181000 0.026941000 0.999611000 91.505248000
0.000000000 2.478573594 4.296194229 0.495647594 0.503960370 0.000000000 0.000000000 0.464035000 -0.885545000 0.021944000 363.044163000 0.885792000 0.463691000 -0.019067000 6425.680117000 0.006709000 0.028285000 0.999577000 91.508399000
0.000000000 2.478573594 4.296194229 0.495647594 0.503960370 0.000000000 0.000000000 0.469805000 -0.882468000 0.023098000 363.661828000 0.882747000 0.469445000 -0.019463000 6426.810620000 0.006333000 0.029533000 0.999544000 91.511702000
0.000000000 2.478573594 4.296194229 0.495647594 0.503960370 0.000000000 0.000000000 0.475637000 -0.879327000 0.023535000 364.286331000 0.879622000 0.475278000 -0.019380000 6427.939586000 0.005855000 0.029919000 0.999535000 91.513931000
0.000000000 2.478573594 4.296194229 0.495647594 0.503960370 0.000000000 0.000000000 0.481533000 -0.876102000 0.023917000 364.918506000 0.876415000 0.481197000 -0.018616000 6429.066682000 0.004801000 0.029925000 0.999541000 91.515305000
0.000000000 2.478573594 4.296194229 0.495647594 0.503960370 0.000000000 0.000000000 0.487405000 -0.872838000 0.024285000 365.558294000 0.873169000 0.487103000 -0.017514000 6430.189860000 0.003458000 0.029741000 0.999552000 91.515250000
0.000000000 2.478573594 4.296194229 0.495647594 0.503960370 0.000000000 0.000000000 0.493340000 -0.869484000 0.024761000 366.205580000 0.869833000 0.493053000 -0.017027000 6431.307458000 0.002596000 0.029938000 0.999548000 91.513899000
0.000000000 2.478573594 4.296194229 0.495647594 0.503960370 0.000000000 0.000000000 0.499165000 -0.866163000 0.024412000 366.858282000 0.866504000 0.498887000 -0.016834000 6432.419609000 0.002402000 0.029556000 0.999560000 91.511636000
0.000000000 2.478573594 4.296194229 0.495647594 0.503960370 0.000000000 0.000000000 0.504972000 -0.862771000 0.025101000 367.518957000 0.863134000 0.504702000 -0.016582000 6433.524728000 0.001638000 0.030039000 0.999547000 91.508407000
0.000000000 2.478573594 4.296194229 0.495647594 0.503960370 0.000000000 0.000000000 0.510673000 -0.859374000 0.026257000 368.186664000 0.859775000 0.510424000 -0.015944000 6434.622998000 0.000299000 0.030717000 0.999528000 91.504266000
0.000000000 2.478573594 4.296194229 0.495647594 0.503960370 0.000000000 0.000000000 0.516022000 -0.856164000 0.026539000 368.858919000 0.856576000 0.515784000 -0.015666000 6435.716512000 -0.000276000 0.030816000 0.999525000 91.498365000
0.000000000 2.478573594 4.296194229 0.495647594 0.503960370 0.000000000 0.000000000 0.521596000 -0.852785000 0.026378000 369.538153000 0.853193000 0.521336000 -0.016479000 6436.803893000 0.000301000 0.031101000 0.999516000 91.493232000
0.000000000 2.478573594 4.296194229 0.495647594 0.503960370 0.000000000 0.000000000 0.526902000 -0.849513000 0.026499000 370.225204000 0.849926000 0.526656000 -0.016105000 6437.889596000 -0.000275000 0.031008000 0.999519000 91.488347000
0.000000000 2.478573594 4.296194229 0.495647594 0.503960370 0.000000000 0.000000000 0.532188000 -0.846170000 0.027794000 370.922198000 0.846623000 0.531998000 -0.014432000 6438.975428000 -0.002574000 0.031212000 0.999509000 91.480751000
0.000000000 2.478573594 4.296194229 0.495647594 0.503960370 0.000000000 0.000000000 0.537128000 -0.843033000 0.028096000 371.626109000 0.843494000 0.536961000 -0.013818000 6440.059496000 -0.003438000 0.031121000 0.999510000 91.471415000
0.000000000 2.478573594 4.296194229 0.495647594 0.503960370 0.000000000 0.000000000 0.541733000 -0.840070000 0.028428000 372.339490000 0.840546000 0.541535000 -0.014924000 6441.141680000 -0.002858000 0.031980000 0.999484000 91.462233000
0.000000000 2.478573594 4.296194229 0.495647594 0.503960370 0.000000000 0.000000000 0.546161000 -0.837208000 0.028141000 373.061349000 0.837678000 0.545927000 -0.016085000 6442.226222000 -0.001897000 0.032358000 0.999475000 91.452690000
0.000000000 2.478573594 4.296194229 0.495647594 0.503960370 0.000000000 0.000000000 0.550652000 -0.834275000 0.027709000 373.793124000 0.834735000 0.550382000 -0.017272000 6443.313671000 -0.000841000 0.032640000 0.999467000 91.446304000
0.000000000 2.478573594 4.296194229 0.495647594 0.503960370 0.000000000 0.000000000 0.554886000 -0.831493000 0.026846000 374.534143000 0.831927000 0.554592000 -0.018046000 6444.405138000 0.000116000 0.032347000 0.999477000 91.439820000
0.000000000 2.478573594 4.296194229 0.495647594 0.503960370 0.000000000 0.000000000 0.558792000 -0.828858000 0.027329000 375.288058000 0.829307000 0.558445000 -0.019719000 6445.498301000 0.001083000 0.033683000 0.999432000 91.435180000
0.000000000 2.478573594 4.296194229 0.495647594 0.503960370 0.000000000 0.000000000 0.562605000 -0.826266000 0.027563000 376.050729000 0.826723000 0.562208000 -0.021232000 6446.595003000 0.002047000 0.034732000 0.999395000 91.431563000
0.000000000 2.478573594 4.296194229 0.495647594 0.503960370 0.000000000 0.000000000 0.566171000 -0.823787000 0.028730000 376.822428000 0.824285000 0.565739000 -0.022226000 6447.692974000 0.002055000 0.036265000 0.999340000 91.428410000
0.000000000 2.478573594 4.296194229 0.495647594 0.503960370 0.000000000 0.000000000 0.569645000 -0.821362000 0.029484000 377.598788000 0.821891000 0.569247000 -0.021303000 6448.791517000 0.000714000 0.036368000 0.999338000 91.424320000
0.000000000 2.478573594 4.296194229 0.495647594 0.503960370 0.000000000 0.000000000 0.573109000 -0.818880000 0.031316000 378.379985000 0.819478000 0.572755000 -0.020205000 6449.884659000 -0.001391000 0.037242000 0.999305000 91.417956000
0.000000000 2.478573594 4.296194229 0.495647594 0.503960370 0.000000000 0.000000000 0.576404000 -0.816523000 0.032381000 379.158648000 0.817160000 0.576085000 -0.019384000 6450.966717000 -0.002827000 0.037633000 0.999288000 91.409677000
0.000000000 2.478573594 4.296194229 0.495647594 0.503960370 0.000000000 0.000000000 0.579222000 -0.814488000 0.033327000 379.933895000 0.815162000 0.578908000 -0.019399000 6452.034674000 -0.003493000 0.038403000 0.999256000 91.399550000
0.000000000 2.478573594 4.296194229 0.495647594 0.503960370 0.000000000 0.000000000 0.581955000 -0.812546000 0.033115000 380.704710000 0.813215000 0.581624000 -0.019877000 6453.090913000 -0.003109000 0.038497000 0.999254000 91.390138000
0.000000000 2.478573594 4.296194229 0.495647594 0.503960370 0.000000000 0.000000000 0.584914000 -0.810426000 0.032929000 381.472485000 0.811090000 0.584574000 -0.020152000 6454.135485000 -0.002918000 0.038496000 0.999254000 91.380437000
0.000000000 2.478573594 4.296194229 0.495647594 0.503960370 0.000000000 0.000000000 0.588252000 -0.808027000 0.032424000 382.236392000 0.808673000 0.587911000 -0.020215000 6455.166372000 -0.002728000 0.038112000 0.999270000 91.371776000
0.000000000 2.478573594 4.296194229 0.495647594 0.503960370 0.000000000 0.000000000 0.591577000 -0.805628000 0.031608000 382.995286000 0.806243000 0.591261000 -0.019566000 6456.184521000 -0.002926000 0.037059000 0.999309000 91.362587000
0.000000000 2.478573594 4.296194229 0.495647594 0.503960370 0.000000000 0.000000000 0.594892000 -0.803175000 0.031833000 383.751493000 0.803795000 0.594619000 -0.018489000 6457.188580000 -0.004079000 0.036586000 0.999322000 91.353842000
0.000000000 2.478573594 4.296194229 0.495647594 0.503960370 0.000000000 0.000000000 0.598119000 -0.800758000 0.032261000 384.503512000 0.801389000 0.597893000 -0.017315000 6458.177779000 -0.005423000 0.036210000 0.999329000 91.341783000
0.000000000 2.478573594 4.296194229 0.495647594 0.503960370 0.000000000 0.000000000 0.601723000 -0.798073000 0.031761000 385.249199000 0.798687000 0.601495000 -0.017381000 6459.150087000 -0.005233000 0.035826000 0.999344000 91.331122000
0.000000000 2.478573594 4.296194229 0.495647594 0.503960370 0.000000000 0.000000000 0.605620000 -0.795167000 0.030566000 385.990251000 0.795740000 0.605388000 -0.017406000 6460.107596000 -0.004663000 0.034865000 0.999381000 91.320116000
0.000000000 2.478573594 4.296194229 0.495647594 0.503960370 0.000000000 0.000000000 0.610706000 -0.791333000 0.028820000 386.726856000 0.791836000 0.610553000 -0.014868000 6461.053203000 -0.005830000 0.031900000 0.999474000 91.309601000
0.000000000 2.478573594 4.296194229 0.495647594 0.503960370 0.000000000 0.000000000 0.617121000 -0.786373000 0.027906000 387.464794000 0.786828000 0.617060000 -0.011783000 6461.983139000 -0.007954000 0.029229000 0.999541000 91.296535000
0.000000000 2.478573594 4.296194229 0.495647594 0.503960370 0.000000000 0.000000000 0.624185000 -0.780808000 0.027068000 388.208614000 0.781237000 0.624127000 -0.011566000 6462.896412000 -0.007863000 0.028366000 0.999567000 91.282760000
0.000000000 2.478573594 4.296194229 0.495647594 0.503960370 0.000000000 0.000000000 0.630917000 -0.775439000 0.025267000 388.959736000 0.775837000 0.630764000 -0.014620000 6463.799406000 -0.004601000 0.028827000 0.999574000 91.269822000
0.000000000 2.478573594 4.296194229 0.495647594 0.503960370 0.000000000 0.000000000 0.636562000 -0.770827000 0.024778000 389.717531000 0.771222000 0.636330000 -0.017356000 6464.695007000 -0.002388000 0.030157000 0.999542000 91.261144000
0.000000000 2.478573594 4.296194229 0.495647594 0.503960370 0.000000000 0.000000000 0.640847000 -0.767198000 0.026882000 390.484356000 0.767663000 0.640584000 -0.018600000 6465.587335000 -0.002950000 0.032556000 0.999466000 91.252030000
0.000000000 2.478573594 4.296194229 0.495647594 0.503960370 0.000000000 0.000000000 0.644081000 -0.764391000 0.029442000 391.257353000 0.764943000 0.643831000 -0.018569000 6466.480623000 -0.004761000 0.034482000 0.999394000 91.242004000
0.000000000 2.478573594 4.296194229 0.495647594 0.503960370 0.000000000 0.000000000 0.646650000 -0.762193000 0.030096000 392.033809000 0.762775000 0.646353000 -0.020040000 6467.374758000 -0.004178000 0.035916000 0.999346000 91.231760000
0.000000000 2.478573594 4.296194229 0.495647594 0.503960370 0.000000000 0.000000000 0.648703000 -0.760480000 0.029214000 392.814121000 0.761039000 0.648308000 -0.022696000 6468.269183000 -0.001680000 0.036956000 0.999315000 91.222538000
0.000000000 2.478573594 4.296194229 0.495647594 0.503960370 0.000000000 0.000000000 0.650236000 -0.759243000 0.027264000 393.598806000 0.759731000 0.649736000 -0.025541000 6469.167546000 0.001678000 0.037321000 0.999302000 91.217708000
0.000000000 2.478573594 4.296194229 0.495647594 0.503960370 0.000000000 0.000000000 0.651326000 -0.758339000 0.026381000 394.392137000 0.758787000 0.650736000 -0.028017000 6470.072348000 0.004080000 0.038266000 0.999259000 91.216314000
0.000000000 2.478573594 4.296194229 0.495647594 0.503960370 0.000000000 0.000000000 0.652416000 -0.757410000 0.026161000 395.194116000 0.757848000 0.651812000 -0.028407000 6470.986886000 0.004464000 0.038359000 0.999254000 91.215896000
0.000000000 2.478573594 4.296194229 0.495647594 0.503960370 0.000000000 0.000000000 0.653575000 -0.756429000 0.025594000 396.004998000 0.756849000 0.653000000 -0.027736000 6471.911607000 0.004267000 0.037498000 0.999288000 91.216690000
0.000000000 2.478573594 4.296194229 0.495647594 0.503960370 0.000000000 0.000000000 0.655092000 -0.755157000 0.024330000 396.825696000 0.755531000 0.654515000 -0.028002000 6472.844036000 0.005222000 0.036726000 0.999312000 91.217248000
0.000000000 2.478573594 4.296194229 0.495647594 0.503960370 0.000000000 0.000000000 0.657034000 -0.753535000 0.022145000 397.657681000 0.753825000 0.656434000 -0.029013000 6473.784081000 0.007326000 0.035756000 0.999334000 91.220592000
0.000000000 2.478573594 4.296194229 0.495647594 0.503960370 0.000000000 0.000000000 0.659553000 -0.751367000 0.020926000 398.504238000 0.751610000 0.658941000 -0.029629000 6474.733850000 0.008474000 0.035270000 0.999342000 91.225407000
0.000000000 2.478573594 4.296194229 0.495647594 0.503960370 0.000000000 0.000000000 0.662212000 -0.749034000 0.020573000 399.367342000 0.749263000 0.661587000 -0.030125000 6475.692986000 0.008953000 0.035363000 0.999334000 91.231133000
0.000000000 2.478573594 4.296194229 0.495647594 0.503960370 0.000000000 0.000000000 0.665220000 -0.746388000 0.019683000 400.245834000 0.746591000 0.664617000 -0.029772000 6476.664178000 0.009140000 0.034500000 0.999363000 91.237512000
0.000000000 2.478573594 4.296194229 0.495647594 0.503960370 0.000000000 0.000000000 0.668575000 -0.743396000 0.019219000 401.142258000 0.743584000 0.667966000 -0.030080000 6477.644414000 0.009523000 0.034402000 0.999363000 91.245109000