0 0.497865379 0.885093975 0.500000000 0.500000000 0.000000000 0.000000000 0.435560167 0.066278093 -0.897716284 5.294861115 -0.088260680 0.995624721 0.030683715 -0.157453555 0.895822167 0.065868445 0.439504236 0.451612106
0 0.497865379 0.885093975 0.500000000 0.500000000 0.000000000 0.000000000 0.429793477 0.066468842 -0.900477350 5.312227729 -0.088628635 0.995576382 0.031186573 -0.146835689 0.898566961 0.066404298 0.433783293 0.452029585
0 0.497865379 0.885093975 0.500000000 0.500000000 0.000000000 0.000000000 0.423849791 0.066585623 -0.903281629 5.334466331 -0.089089513 0.995522797 0.031581443 -0.137579436 0.901340365 0.067087129 0.427884221 0.456192990
0 0.497865379 0.885093975 0.500000000 0.500000000 0.000000000 0.000000000 0.418718129 0.066819906 -0.905654609 5.350122343 -0.089796975 0.995448172 0.031928435 -0.128032569 0.903665662 0.067956030 0.422812432 0.452873743
0 0.497865379 0.885093975 0.500000000 0.500000000 0.000000000 0.000000000 0.413536906 0.067048408 -0.908015251 5.365492879 -0.090324551 0.995386422 0.032363486 -0.119316694 0.905995965 0.068632580 0.417685151 0.451186972
0 0.497865379 0.885093975 0.500000000 0.500000000 0.000000000 0.000000000 0.407643467 0.067041151 -0.910676837 5.386262278 -0.090496890 0.995357573 0.032766230 -0.109433091 0.908645749 0.069056481 0.411818027 0.457877677
0 0.497865379 0.885093975 0.500000000 0.500000000 0.000000000 0.000000000 0.402807444 0.067322344 -0.912805498 5.401131001 -0.090829469 0.995308697 0.033325531 -0.101730725 0.910766780 0.069485866 0.407032609 0.455136628
0 0.497865379 0.885093975 0.500000000 0.500000000 0.000000000 0.000000000 0.397667199 0.067278996 -0.915059745 5.419775648 -0.091214016 0.995266438 0.033536289 -0.094692480 0.912984550 0.070129991 0.401921600 0.457559045
0 0.497865379 0.885093975 0.500000000 0.500000000 0.000000000 0.000000000 0.392926902 0.067422114 -0.917094707 5.431177131 -0.092038989 0.995184004 0.033729140 -0.090110413 0.914952040 0.071155384 0.397240013 0.452400376
0 0.497865379 0.885093975 0.500000000 0.500000000 0.000000000 0.000000000 0.387553066 0.067315087 -0.919386387 5.449678275 -0.092749916 0.995116830 0.033762593 -0.086807743 0.917169631 0.072188213 0.391904056 0.454881050
0 0.497865379 0.885093975 0.500000000 0.500000000 0.000000000 0.000000000 0.382500291 0.067329451 -0.921498895 5.464492164 -0.093480885 0.995043755 0.033900511 -0.085134216 0.919214249 0.073175579 0.386898547 0.452370142
0 0.497865379 0.885093975 0.500000000 0.500000000 0.000000000 0.000000000 0.378281474 0.067577429 -0.923220694 5.479374455 -0.093837932 0.994993627 0.034381766 -0.084661693 0.920922160 0.073627137 0.382728994 0.445162932
0 0.497865379 0.885093975 0.500000000 0.500000000 0.000000000 0.000000000 0.374094456 0.067704931 -0.924915850 5.494410478 -0.093676895 0.994989157 0.034945514 -0.083768869 0.922647238 0.073570326 0.378562331 0.437060875
0 0.497865379 0.885093975 0.500000000 0.500000000 0.000000000 0.000000000 0.369449914 0.068016022 -0.926758111 5.509946421 -0.093441665 0.994981885 0.035772763 -0.082742364 0.924540639 0.073381573 0.373951495 0.431899746
0 0.497865379 0.885093975 0.500000000 0.500000000 0.000000000 0.000000000 0.364426851 0.068128608 -0.928736508 5.526969277 -0.093161374 0.994984210 0.036432702 -0.081225952 0.926560342 0.073245317 0.368945926 0.428895618
0 0.497865379 0.885093975 0.500000000 0.500000000 0.000000000 0.000000000 0.359760165 0.068250321 -0.930545270 5.543768770 -0.093610339 0.994929254 0.036781628 -0.080134399 0.928337097 0.073876090 0.364324838 0.422552450
0 0.497865379 0.885093975 0.500000000 0.500000000 0.000000000 0.000000000 0.355086207 0.068258151 -0.932338238 5.562412475 -0.094604053 0.994834483 0.036803130 -0.077967470 0.930034339 0.075134695 0.359709501 0.416739231
0 0.497865379 0.885093975 0.500000000 0.500000000 0.000000000 0.000000000 0.350155056 0.068244636 -0.934202373 5.580808678 -0.095572889 0.994740307 0.036844652 -0.075433995 0.931803226 0.076383077 0.354835689 0.410568997
0 0.497865379 0.885093975 0.500000000 0.500000000 0.000000000 0.000000000 0.345322132 0.068303309 -0.935995340 5.601723927 -0.096228033 0.994668305 0.037082944 -0.071913739 0.933537781 0.077263430 0.350053698 0.405266786
0 0.497865379 0.885093975 0.500000000 0.500000000 0.000000000 0.000000000 0.340642899 0.068450131 -0.937697709 5.621241874 -0.096553132 0.994620025 0.037529934 -0.067166552 0.935221851 0.077753343 0.345419317 0.397789414
0 0.497865379 0.885093975 0.500000000 0.500000000 0.000000000 0.000000000 0.335626721 0.068452068 -0.939504683 5.641809559 -0.096590385 0.994600058 0.037960555 -0.061677374 0.937029898 0.078006536 0.340426177 0.392391859
0 0.497865379 0.885093975 0.500000000 0.500000000 0.000000000 0.000000000 0.330212027 0.068469696 -0.941420138 5.663431139 -0.096715823 0.994570553 0.038411349 -0.054234927 0.938938797 0.078366339 0.335041255 0.389310035
0 0.497865379 0.885093975 0.500000000 0.500000000 0.000000000 0.000000000 0.324240446 0.068509996 -0.943490624 5.687349831 -0.096969746 0.994527221 0.038891267 -0.045701029 0.940991521 0.078879923 0.329109341 0.389417932
0 0.497865379 0.885093975 0.500000000 0.500000000 0.000000000 0.000000000 0.319000661 0.068700925 -0.945261240 5.710464519 -0.097315274 0.994471967 0.039436195 -0.036911538 0.942745090 0.079408176 0.323922873 0.385396118
0 0.497865379 0.885093975 0.500000000 0.500000000 0.000000000 0.000000000 0.314100713 0.068969011 -0.946881235 5.734679539 -0.097842671 0.994398773 0.039973598 -0.027447321 0.944334447 0.080089651 0.319089472 0.378921562
0 0.497865379 0.885093975 0.500000000 0.500000000 0.000000000 0.000000000 0.309013307 0.069011211 -0.948550582 5.756042624 -0.098325573 0.994337559 0.040310480 -0.017622804 0.945961356 0.080810301 0.314049095 0.372607006
0 0.497865379 0.885093975 0.500000000 0.500000000 0.000000000 0.000000000 0.303548545 0.069046333 -0.950310946 5.779737984 -0.098928399 0.994264305 0.040640108 -0.006692517 0.947666347 0.081676491 0.308638126 0.370273986
0 0.497865379 0.885093975 0.500000000 0.500000000 0.000000000 0.000000000 0.297801673 0.069090173 -0.952124298 5.800312964 -0.099253513 0.994212985 0.041100185 0.004845241 0.949454010 0.082261980 0.302935749 0.369301421
0 0.497865379 0.885093975 0.500000000 0.500000000 0.000000000 0.000000000 0.291643173 0.069118589 -0.954026639 5.822739223 -0.098826230 0.994225562 0.041820075 0.012367881 0.951408207 0.082086325 0.296789825 0.373084228
0 0.497865379 0.885093975 0.500000000 0.500000000 0.000000000 0.000000000 0.285941601 0.069234468 -0.955742657 5.840345816 -0.098515794 0.994225502 0.042547967 0.021401488 0.953169465 0.081989504 0.291111112 0.372920849
0 0.497865379 0.885093975 0.500000000 0.500000000 0.000000000 0.000000000 0.280158609 0.069276385 -0.957450747 5.858209125 -0.098050103 0.994241297 0.043248031 0.028063759 0.954933167 0.081761837 0.285337806 0.372723551
0 0.497865379 0.885093975 0.500000000 0.500000000 0.000000000 0.000000000 0.274612904 0.069454849 -0.959043145 5.875144807 -0.098275661 0.994192243 0.043860074 0.034205322 0.956519544 0.082206056 0.279843748 0.372338883
0 0.497865379 0.885093975 0.500000000 0.500000000 0.000000000 0.000000000 0.269316524 0.069348514 -0.960551620 5.890768339 -0.098777123 0.994132876 0.044078141 0.040653961 0.957972705 0.083009556 0.274586439 0.370193206
0 0.497865379 0.885093975 0.500000000 0.500000000 0.000000000 0.000000000 0.263551742 0.069435373 -0.962143004 5.905682878 -0.099558413 0.994037688 0.044465929 0.045340706 0.959493935 0.084070355 0.268893242 0.370644083
0 0.497865379 0.885093975 0.500000000 0.500000000 0.000000000 0.000000000 0.257629216 0.069470741 -0.963743210 5.924316730 -0.099775754 0.993992805 0.044979066 0.048843267 0.961078525 0.084570281 0.263013095 0.374005444
0 0.497865379 0.885093975 0.500000000 0.500000000 0.000000000 0.000000000 0.252668023 0.069734551 -0.965036750 5.936505016 -0.100068055 0.993934095 0.045622665 0.052633638 0.962364435 0.085041963 0.258113563 0.368303822
0 0.497865379 0.885093975 0.500000000 0.500000000 0.000000000 0.000000000 0.247514039 0.069724813 -0.966372192 5.955478719 -0.099935405 0.993924618 0.046116594 0.054339912 0.963716626 0.085160293 0.252978265 0.366263534
0 0.497865379 0.885093975 0.500000000 0.500000000 0.000000000 0.000000000 0.243140623 0.069807388 -0.967475891 5.968174018 -0.100346364 0.993865669 0.046493035 0.056817567 0.964786649 0.085778341 0.248654038 0.356895424
0 0.497865379 0.885093975 0.500000000 0.500000000 0.000000000 0.000000000 0.238662720 0.069809206 -0.968590081 5.982209691 -0.100754991 0.993809879 0.046800625 0.057235119 0.965861559 0.086420722 0.244219005 0.347944109
0 0.497865379 0.885093975 0.500000000 0.500000000 0.000000000 0.000000000 0.234493971 0.069827497 -0.969606459 5.995656984 -0.101356402 0.993736863 0.047052793 0.057701194 0.966819227 0.087242223 0.240102768 0.336109649
0 0.497865379 0.885093975 0.500000000 0.500000000 0.000000000 0.000000000 0.230425090 0.069944240 -0.970573068 6.009785025 -0.102120057 0.993643939 0.047362376 0.058694522 0.967716813 0.088201493 0.236103192 0.322264658
0 0.497865379 0.885093975 0.500000000 0.500000000 0.000000000 0.000000000 0.226689920 0.070054829 -0.971444309 6.023107399 -0.102420680 0.993594348 0.047751937 0.058231615 0.968566835 0.088671103 0.232412890 0.305546923
0 0.497865379 0.885093975 0.500000000 0.500000000 0.000000000 0.000000000 0.223066732 0.070189118 -0.972272992 6.034091641 -0.102565080 0.993558109 0.048194394 0.060755506 0.969392419 0.088970691 0.228828713 0.286229465
0 0.497865379 0.885093975 0.500000000 0.500000000 0.000000000 0.000000000 0.219893053 0.070393041 -0.972980917 6.045881935 -0.102103047 0.993575752 0.048807811 0.061372907 0.970165968 0.088611819 0.225667745 0.263058342
0 0.497865379 0.885093975 0.500000000 0.500000000 0.000000000 0.000000000 0.216974884 0.070719324 -0.973612189 6.056749803 -0.101698399 0.993582726 0.049505852 0.062568809 0.970865250 0.088273279 0.222774535 0.237563468
0 0.497865379 0.885093975 0.500000000 0.500000000 0.000000000 0.000000000 0.213951260 0.070938542 -0.974265158 6.067972087 -0.101978876 0.993531883 0.049946565 0.065898819 0.971506655 0.088668339 0.219801649 0.211931169
0 0.497865379 0.885093975 0.500000000 0.500000000 0.000000000 0.000000000 0.211491004 0.071011603 -0.974796832 6.078716245 -0.102670066 0.993453205 0.050095476 0.070640322 0.971972406 0.089487717 0.217397198 0.181696910
0 0.497865379 0.885093975 0.500000000 0.500000000 0.000000000 0.000000000 0.209109530 0.070975803 -0.975313127 6.088223632 -0.103558399 0.993361473 0.050086048 0.078463669 0.972393394 0.090528391 0.215071484 0.150616597
0 0.497865379 0.885093975 0.500000000 0.500000000 0.000000000 0.000000000 0.206724375 0.071242258 -0.975802004 6.094100078 -0.104127742 0.993283093 0.050458990 0.085502595 0.972842455 0.091176957 0.212754115 0.116554509
0 0.497865379 0.885093975 0.500000000 0.500000000 0.000000000 0.000000000 0.203990355 0.071424171 -0.976363957 6.104467554 -0.104381770 0.993236482 0.050850119 0.096041781 0.973392189 0.091541663 0.210066050 0.085688288
0 0.497865379 0.885093975 0.500000000 0.500000000 0.000000000 0.000000000 0.201777473 0.071329013 -0.976830602 6.113149775 -0.103869438 0.993278682 0.051074438 0.107508002 0.973908126 0.091157176 0.207830161 0.050775555
0 0.497865379 0.885093975 0.500000000 0.500000000 0.000000000 0.000000000 0.199964672 0.071453497 -0.977194190 6.122453439 -0.104026370 0.993248522 0.051340338 0.120199569 0.974265158 0.091387711 0.206047669 0.012814211
0 0.497865379 0.885093975 0.500000000 0.500000000 0.000000000 0.000000000 0.198455855 0.071583383 -0.977492273 6.130924665 -0.104662843 0.993174314 0.051482581 0.131230125 0.974505484 0.092090100 0.204593375 -0.026545940
0 0.497865379 0.885093975 0.500000000 0.500000000 0.000000000 0.000000000 0.196994767 0.071668491 -0.977781534 6.138605506 -0.105323829 0.993099809 0.051571563 0.140768150 0.974730730 0.092824370 0.203183874 -0.065262046
0 0.497865379 0.885093975 0.500000000 0.500000000 0.000000000 0.000000000 0.195604801 0.071767159 -0.978053272 6.145985579 -0.105686240 0.993053019 0.051731184 0.151739017 0.974971354 0.093247905 0.201830730 -0.103261115
0 0.497865379 0.885093975 0.500000000 0.500000000 0.000000000 0.000000000 0.194295153 0.071768306 -0.978314221 6.153033224 -0.105194680 0.993093252 0.051960610 0.161569795 0.975286365 0.092817761 0.200502843 -0.139627578
0 0.497865379 0.885093975 0.500000000 0.500000000 0.000000000 0.000000000 0.193137959 0.071996130 -0.978526592 6.159034523 -0.104659669 0.993125975 0.052412957 0.169580718 0.975573719 0.092289343 0.199345425 -0.177079134
0 0.497865379 0.885093975 0.500000000 0.500000000 0.000000000 0.000000000 0.191555426 0.072102740 -0.978829741 6.167388306 -0.104698449 0.993108571 0.052665230 0.177241762 0.975881517 0.092393652 0.197784379 -0.209522415
0 0.497865379 0.885093975 0.500000000 0.500000000 0.000000000 0.000000000 0.189908862 0.072159939 -0.979146361 6.175627608 -0.105330780 0.993036985 0.052754361 0.184512243 0.976135254 0.093115725 0.196187183 -0.240296373
0 0.497865379 0.885093975 0.500000000 0.500000000 0.000000000 0.000000000 0.188794449 0.072286084 -0.979352534 6.181828616 -0.106193125 0.992941737 0.052817754 0.191100706 0.976257980 0.094028808 0.195138171 -0.272963513
0 0.497865379 0.885093975 0.500000000 0.500000000 0.000000000 0.000000000 0.188047305 0.072239555 -0.979499698 6.187084614 -0.107036069 0.992858768 0.052675702 0.197489130 0.976310134 0.094936274 0.194436654 -0.307490298
0 0.497865379 0.885093975 0.500000000 0.500000000 0.000000000 0.000000000 0.186852947 0.072090410 -0.979739249 6.192240703 -0.107602507 0.992805243 0.052530196 0.202395872 0.976477206 0.095606975 0.193265691 -0.339837849
0 0.497865379 0.885093975 0.500000000 0.500000000 0.000000000 0.000000000 0.184731126 0.071809873 -0.980162084 6.198561249 -0.107447557 0.992824316 0.052486908 0.205442732 0.976897836 0.095620058 0.191121355 -0.366541190
0 0.497865379 0.885093975 0.500000000 0.500000000 0.000000000 0.000000000 0.183062747 0.072149187 -0.980450153 6.203702238 -0.107186466 0.992822826 0.053046558 0.205108609 0.977240562 0.095380142 0.189482287 -0.396482220
0 0.497865379 0.885093975 0.500000000 0.500000000 0.000000000 0.000000000 0.181863293 0.072578579 -0.980641663 6.210461151 -0.106995545 0.992811680 0.053636614 0.202915829 0.977485418 0.095169753 0.188321590 -0.430835977
0 0.497865379 0.885093975 0.500000000 0.500000000 0.000000000 0.000000000 0.181108162 0.072743177 -0.980769217 6.214764871 -0.106863029 0.992811561 0.053903095 0.200724835 0.977640092 0.095045678 0.187579840 -0.469495085
0 0.497865379 0.885093975 0.500000000 0.500000000 0.000000000 0.000000000 0.180143118 0.072945043 -0.980931938 6.219491104 -0.106858015 0.992795706 0.054203343 0.197532712 0.977818906 0.095056087 0.186640069 -0.507874732
0 0.497865379 0.885093975 0.500000000 0.500000000 0.000000000 0.000000000 0.178653479 0.073015064 -0.981199145 6.225152518 -0.106879845 0.992781699 0.054416642 0.193962530 0.978089809 0.095148690 0.185167745 -0.544366767
0 0.497865379 0.885093975 0.500000000 0.500000000 0.000000000 0.000000000 0.176907063 0.072932020 -0.981521666 6.232076127 -0.107161321 0.992749453 0.054451801 0.192111477 0.978376389 0.095548250 0.183439881 -0.580320972
0 0.497865379 0.885093975 0.500000000 0.500000000 0.000000000 0.000000000 0.175751880 0.073014982 -0.981723011 6.237149999 -0.107302479 0.992724776 0.054623522 0.187161139 0.978569090 0.095741123 0.182307929 -0.622803277
0 0.497865379 0.885093975 0.500000000 0.500000000 0.000000000 0.000000000 0.174325064 0.073188245 -0.981964469 6.242427711 -0.107615612 0.992676616 0.054881983 0.182413826 0.978789866 0.096107401 0.180924609 -0.664310018
0 0.497865379 0.885093975 0.500000000 0.500000000 0.000000000 0.000000000 0.172529072 0.073018342 -0.982294261 6.248590048 -0.108106442 0.992627859 0.054798793 0.180924092 0.979053974 0.096737951 0.179150924 -0.704304500
0 0.497865379 0.885093975 0.500000000 0.500000000 0.000000000 0.000000000 0.171064094 0.073035531 -0.982549191 6.253325091 -0.108228922 0.992606699 0.054940227 0.177248814 0.979297519 0.096941940 0.177703917 -0.748865434
0 0.497865379 0.885093975 0.500000000 0.500000000 0.000000000 0.000000000 0.169420347 0.073018312 -0.982835233 6.258166034 -0.108251967 0.992596269 0.055083107 0.174633727 0.979580641 0.097061649 0.176070377 -0.791948659
0 0.497865379 0.885093975 0.500000000 0.500000000 0.000000000 0.000000000 0.167201802 0.072820581 -0.983229756 6.264687007 -0.108317606 0.992588520 0.055093914 0.174428560 0.979954541 0.097289287 0.173850343 -0.832667057
0 0.497865379 0.885093975 0.500000000 0.500000000 0.000000000 0.000000000 0.165045887 0.072851136 -0.983591676 6.271145517 -0.108618781 0.992544830 0.055288117 0.175500952 0.980286598 0.097711451 0.171728447 -0.872807964
0 0.497865379 0.885093975 0.500000000 0.500000000 0.000000000 0.000000000 0.163016856 0.072983719 -0.983920157 6.276430734 -0.109092034 0.992478609 0.055544082 0.177020973 0.980573535 0.098283231 0.169752672 -0.914217398
0 0.497865379 0.885093975 0.500000000 0.500000000 0.000000000 0.000000000 0.161274418 0.073001422 -0.984205961 6.282621374 -0.109577700 0.992418885 0.055654928 0.178865628 0.980807483 0.098871306 0.168051109 -0.957518585
0 0.497865379 0.885093975 0.500000000 0.500000000 0.000000000 0.000000000 0.159263551 0.072836772 -0.984545529 6.288438684 -0.110186785 0.992355049 0.055590324 0.182005459 0.981067777 0.099630393 0.166071638 -0.999964071
0 0.497865379 0.885093975 0.500000000 0.500000000 0.000000000 0.000000000 0.156759739 0.072711386 -0.984956563 6.295797534 -0.110449113 0.992321074 0.055676635 0.184032222 0.981441498 0.100059725 0.163586900 -1.039039420
0 0.497865379 0.885093975 0.500000000 0.500000000 0.000000000 0.000000000 0.153755501 0.072629176 -0.985436082 6.303641278 -0.110307902 0.992322803 0.055925641 0.184882519 0.981932461 0.100102514 0.160586655 -1.075053641
