0 0.479070041 0.851680062 0.500000000 0.500000000 0.000000000 0.000000000 0.892971337 0.027142517 -0.449294358 -6.392487764 -0.027962083 0.999597371 0.004812547 0.121653382 0.449244112 0.008265740 0.893370807 -0.990647904
0 0.479070041 0.851680062 0.500000000 0.500000000 0.000000000 0.000000000 0.893988073 0.027092233 -0.447271019 -6.441227589 -0.027806640 0.999600947 0.004969288 0.122102924 0.447227180 0.007994620 0.894384682 -0.977765491
0 0.479070041 0.851680062 0.500000000 0.500000000 0.000000000 0.000000000 0.895052373 0.027063090 -0.445139170 -6.490665699 -0.027775845 0.999602079 0.004923147 0.122558013 0.445095271 0.007957642 0.895447850 -0.964296922
0 0.479070041 0.851680062 0.500000000 0.500000000 0.000000000 0.000000000 0.896158397 0.026862506 -0.442920417 -6.540296202 -0.027619427 0.999607265 0.004742553 0.120993227 0.442873836 0.007983129 0.896548390 -0.949020951
0 0.479070041 0.851680062 0.500000000 0.500000000 0.000000000 0.000000000 0.897435427 0.026760014 -0.440333456 -6.591048722 -0.027937697 0.999602437 0.003808695 0.121321148 0.440260291 0.008883844 0.897826254 -0.930917483
0 0.479070041 0.851680062 0.500000000 0.500000000 0.000000000 0.000000000 0.898577809 0.026328621 -0.438023657 -6.640197575 -0.027754411 0.999609828 0.003147890 0.118407516 0.437935621 0.009328464 0.898957968 -0.913156978
0 0.479070041 0.851680062 0.500000000 0.500000000 0.000000000 0.000000000 0.899828136 0.026388656 -0.435445756 -6.692002276 -0.027803203 0.999608517 0.003123746 0.117744437 0.435357749 0.009295953 0.900209546 -0.896517871
0 0.479070041 0.851680062 0.500000000 0.500000000 0.000000000 0.000000000 0.901004970 0.026323065 -0.433009446 -6.742450536 -0.027526891 0.999614954 0.003489681 0.114590168 0.432934582 0.008775184 0.901382625 -0.879539559
0 0.479070041 0.851680062 0.500000000 0.500000000 0.000000000 0.000000000 0.902168214 0.026143733 -0.430591494 -6.791935496 -0.027187010 0.999623418 0.003731220 0.110877738 0.430526882 0.008340308 0.902539253 -0.862545129
0 0.479070041 0.851680062 0.500000000 0.500000000 0.000000000 0.000000000 0.903259635 0.025812604 -0.428317338 -6.839106547 -0.026818896 0.999633491 0.003685857 0.106779475 0.428255498 0.008157712 0.903620839 -0.846278725
0 0.479070041 0.851680062 0.500000000 0.500000000 0.000000000 0.000000000 0.904690683 0.025450209 -0.425308138 -6.887746048 -0.026484391 0.999643147 0.003482051 0.102823661 0.425244987 0.008113847 0.905041933 -0.824793521
0 0.479070041 0.851680062 0.500000000 0.500000000 0.000000000 0.000000000 0.906113207 0.025143923 -0.422287405 -6.935643907 -0.026127327 0.999652624 0.003459430 0.098567990 0.422227681 0.007898605 0.906455398 -0.804144613
0 0.479070041 0.851680062 0.500000000 0.500000000 0.000000000 0.000000000 0.907446325 0.025052238 -0.419420540 -6.981376158 -0.026032059 0.999655366 0.003387790 0.095908252 0.419360876 0.007844142 0.907785714 -0.783480786
0 0.479070041 0.851680062 0.500000000 0.500000000 0.000000000 0.000000000 0.908936560 0.024798017 -0.416196287 -7.029504756 -0.025841312 0.999661148 0.003127130 0.091460116 0.416132808 0.007912695 0.909269452 -0.763308551
0 0.479070041 0.851680062 0.500000000 0.500000000 0.000000000 0.000000000 0.910307467 0.024575051 -0.413202614 -7.076036375 -0.025684556 0.999665976 0.002870260 0.087020827 0.413135141 0.008000107 0.910634577 -0.743977772
0 0.479070041 0.851680062 0.500000000 0.500000000 0.000000000 0.000000000 0.911646724 0.024162341 -0.410263926 -7.120848921 -0.025199760 0.999678314 0.002879339 0.078181933 0.410201490 0.007713613 0.911962271 -0.724866954
0 0.479070041 0.851680062 0.500000000 0.500000000 0.000000000 0.000000000 0.913001359 0.023985958 -0.407250732 -7.164204460 -0.025115231 0.999681234 0.002573526 0.070556596 0.407182634 0.007878563 0.913312793 -0.704414056
0 0.479070041 0.851680062 0.500000000 0.500000000 0.000000000 0.000000000 0.914533734 0.023816638 -0.403807908 -7.208941007 -0.025144644 0.999681771 0.002014408 0.064026653 0.403727382 0.008311362 0.914841592 -0.682892343
0 0.479070041 0.851680062 0.500000000 0.500000000 0.000000000 0.000000000 0.915892184 0.023231778 -0.400751591 -7.250852561 -0.024566486 0.999696553 0.001807794 0.053080243 0.400671989 0.008189314 0.916184962 -0.663363310
0 0.479070041 0.851680062 0.500000000 0.500000000 0.000000000 0.000000000 0.917217433 0.022968672 -0.397724301 -7.292631623 -0.024226803 0.999704778 0.001862204 0.044637941 0.397649646 0.007927543 0.917503059 -0.645045076
0 0.479070041 0.851680062 0.500000000 0.500000000 0.000000000 0.000000000 0.918710411 0.022542028 -0.394288093 -7.334217480 -0.023644170 0.999718308 0.002063300 0.034367721 0.394223511 0.007427039 0.918984592 -0.625693998
0 0.479070041 0.851680062 0.500000000 0.500000000 0.000000000 0.000000000 0.920165718 0.022296926 -0.390893698 -7.374193708 -0.023387853 0.999724507 0.001970056 0.026701175 0.390829951 0.007329387 0.920433700 -0.605786574
0 0.479070041 0.851680062 0.500000000 0.500000000 0.000000000 0.000000000 0.921648741 0.021860920 -0.387408912 -7.413379187 -0.022988359 0.999734223 0.001724067 0.017570919 0.387343675 0.007316911 0.921906352 -0.585965087
0 0.479070041 0.851680062 0.500000000 0.500000000 0.000000000 0.000000000 0.923081458 0.021775318 -0.383987516 -7.452462398 -0.022970043 0.999735057 0.001474861 0.012114450 0.383917898 0.007458793 0.923337102 -0.568954909
0 0.479070041 0.851680062 0.500000000 0.500000000 0.000000000 0.000000000 0.924481213 0.021376925 -0.380627722 -7.490801985 -0.022531098 0.999745131 0.001423698 0.004984185 0.380561143 0.007259778 0.924727261 -0.551146946
0 0.479070041 0.851680062 0.500000000 0.500000000 0.000000000 0.000000000 0.925952733 0.021296751 -0.377038419 -7.528779709 -0.022342792 0.999749064 0.001599406 0.001271927 0.376977861 0.006943116 0.926196218 -0.532583265
0 0.479070041 0.851680062 0.500000000 0.500000000 0.000000000 0.000000000 0.927423120 0.021165762 -0.373414427 -7.565867526 -0.022132099 0.999753594 0.001699789 -0.002192988 0.373358399 0.006688021 0.927663088 -0.513093821
0 0.479070041 0.851680062 0.500000000 0.500000000 0.000000000 0.000000000 0.928764999 0.020828865 -0.370083451 -7.602482449 -0.021658370 0.999763608 0.001914180 -0.007581909 0.370035827 0.006237580 0.928996563 -0.496229951
0 0.479070041 0.851680062 0.500000000 0.500000000 0.000000000 0.000000000 0.930184424 0.020676399 -0.366509825 -7.639472815 -0.021426553 0.999768376 0.002021676 -0.010924619 0.366466761 0.005972512 0.930411994 -0.476114823
0 0.479070041 0.851680062 0.500000000 0.500000000 0.000000000 0.000000000 0.931657732 0.020266900 -0.362771422 -7.676665952 -0.021103609 0.999775946 0.001656738 -0.015440693 0.362723708 0.006112274 0.931876659 -0.454475058
0 0.479070041 0.851680062 0.500000000 0.500000000 0.000000000 0.000000000 0.933118880 0.019976167 -0.359012693 -7.714437174 -0.021083565 0.999777377 0.000830744 -0.017567179 0.358949363 0.006794084 0.933332324 -0.433970336
0 0.479070041 0.851680062 0.500000000 0.500000000 0.000000000 0.000000000 0.934657216 0.019844938 -0.354995787 -7.752247143 -0.021284187 0.999773443 -0.000149233 -0.017233497 0.354912400 0.007695278 0.934867859 -0.412022104
0 0.479070041 0.851680062 0.500000000 0.500000000 0.000000000 0.000000000 0.936256647 0.019641677 -0.350767344 -7.791620447 -0.021088336 0.999777555 -0.000304436 -0.017698442 0.350683361 0.007682130 0.936462581 -0.388342173
0 0.479070041 0.851680062 0.500000000 0.500000000 0.000000000 0.000000000 0.937804818 0.019450789 -0.346617639 -7.830772384 -0.020708751 0.999785542 0.000074583 -0.017426440 0.346544772 0.007108074 0.938006520 -0.366676955
0 0.479070041 0.851680062 0.500000000 0.500000000 0.000000000 0.000000000 0.939653814 0.019176671 -0.341588885 -7.870245165 -0.020044344 0.999798596 0.000989684 -0.017357502 0.341539085 0.005916965 0.939848959 -0.337385064
0 0.479070041 0.851680062 0.500000000 0.500000000 0.000000000 0.000000000 0.941491246 0.018898606 -0.336507171 -7.908328029 -0.019552600 0.999807775 0.001445355 -0.015938678 0.336469799 0.005218801 0.941679776 -0.306814947
0 0.479070041 0.851680062 0.500000000 0.500000000 0.000000000 0.000000000 0.943358481 0.018526033 -0.331257612 -7.945815711 -0.019036250 0.999817312 0.001704537 -0.015547618 0.331228673 0.004697913 0.943538785 -0.271542966
0 0.479070041 0.851680062 0.500000000 0.500000000 0.000000000 0.000000000 0.945236921 0.017854905 -0.325896323 -7.983433227 -0.018582160 0.999826968 0.000881486 -0.017438212 0.325855643 0.005222644 0.945405126 -0.236852506
0 0.479070041 0.851680062 0.500000000 0.500000000 0.000000000 0.000000000 0.947196603 0.017479418 -0.320176572 -8.020372969 -0.018646220 0.999825954 -0.000578619 -0.017546027 0.320110738 0.006518149 0.947357714 -0.198382695
0 0.479070041 0.851680062 0.500000000 0.500000000 0.000000000 0.000000000 0.949204147 0.017221369 -0.314189255 -8.057138328 -0.018750984 0.999822497 -0.001846658 -0.016557587 0.314101696 0.007644213 0.949358582 -0.157966867
0 0.479070041 0.851680062 0.500000000 0.500000000 0.000000000 0.000000000 0.951139152 0.017064387 -0.308290631 -8.092883079 -0.018656060 0.999823511 -0.002215878 -0.015453146 0.308198392 0.007859097 0.951289654 -0.116578234
0 0.479070041 0.851680062 0.500000000 0.500000000 0.000000000 0.000000000 0.953036487 0.016616207 -0.302399307 -8.127601425 -0.017990438 0.999836624 -0.001759437 -0.015623344 0.302320659 0.007117104 0.953179717 -0.079602545
0 0.479070041 0.851680062 0.500000000 0.500000000 0.000000000 0.000000000 0.954882026 0.016390340 -0.296532750 -8.162744326 -0.017465910 0.999846995 -0.000978141 -0.014864603 0.296471328 0.006113224 0.955022156 -0.039164843
0 0.479070041 0.851680062 0.500000000 0.500000000 0.000000000 0.000000000 0.956783831 0.015765717 -0.290372431 -8.197895758 -0.016735833 0.999859571 -0.000857763 -0.017090918 0.290318131 0.005680318 0.956913352 0.001833167
0 0.479070041 0.851680062 0.500000000 0.500000000 0.000000000 0.000000000 0.958665609 0.015201540 -0.284128815 -8.232887357 -0.016211379 0.999867857 -0.001202833 -0.018953503 0.284072995 0.005759234 0.958785355 0.042411951
0 0.479070041 0.851680062 0.500000000 0.500000000 0.000000000 0.000000000 0.960423231 0.014549654 -0.278164655 -8.267191392 -0.015677331 0.999875426 -0.001829961 -0.022148446 0.278103381 0.006118416 0.960531652 0.081331177
0 0.479070041 0.851680062 0.500000000 0.500000000 0.000000000 0.000000000 0.962128162 0.014227430 -0.272226036 -8.300795509 -0.015542240 0.999875665 -0.002674122 -0.022748504 0.272154123 0.006803850 0.962229609 0.118762942
0 0.479070041 0.851680062 0.500000000 0.500000000 0.000000000 0.000000000 0.963900089 0.013909160 -0.265900671 -8.334281039 -0.015153247 0.999881744 -0.002627677 -0.024767404 0.265832692 0.006562077 0.963996828 0.160420928
0 0.479070041 0.851680062 0.500000000 0.500000000 0.000000000 0.000000000 0.965720713 0.013767240 -0.259217888 -8.367040372 -0.014866619 0.999886870 -0.002281172 -0.027668830 0.259157181 0.006056669 0.965816200 0.204335260
0 0.479070041 0.851680062 0.500000000 0.500000000 0.000000000 0.000000000 0.967478395 0.013188381 -0.252609640 -8.400069445 -0.014128141 0.999898374 -0.001906620 -0.034103253 0.252558827 0.005413519 0.967566371 0.248226041
0 0.479070041 0.851680062 0.500000000 0.500000000 0.000000000 0.000000000 0.969106436 0.012716153 -0.246314853 -8.432399385 -0.013442600 0.999908864 -0.001267956 -0.042175749 0.246276274 0.004539897 0.969189048 0.287980691
0 0.479070041 0.851680062 0.500000000 0.500000000 0.000000000 0.000000000 0.970838606 0.012614460 -0.239401996 -8.468317615 -0.013361042 0.999909639 -0.001495793 -0.046534991 0.239361495 0.004650834 0.970919371 0.332216517
0 0.479070041 0.851680062 0.500000000 0.500000000 0.000000000 0.000000000 0.972526431 0.012106067 -0.232477605 -8.502334388 -0.013042510 0.999911845 -0.002491362 -0.056423534 0.232426941 0.005455007 0.972598553 0.377910611
0 0.479070041 0.851680062 0.500000000 0.500000000 0.000000000 0.000000000 0.974153876 0.011564478 -0.225589305 -8.537818789 -0.012633744 0.999914765 -0.003296776 -0.063450184 0.225531951 0.006061605 0.974216938 0.421980876
0 0.479070041 0.851680062 0.500000000 0.500000000 0.000000000 0.000000000 0.975615978 0.011333827 -0.219191641 -8.569400285 -0.012429425 0.999916196 -0.003619975 -0.066842736 0.219132230 0.006256131 0.975675106 0.461107881
0 0.479070041 0.851680062 0.500000000 0.500000000 0.000000000 0.000000000 0.977145910 0.010916921 -0.212289244 -8.602715389 -0.011883742 0.999924004 -0.003278818 -0.072516153 0.212237313 0.005726674 0.977201402 0.506528509
0 0.479070041 0.851680062 0.500000000 0.500000000 0.000000000 0.000000000 0.978711903 0.010680310 -0.204960957 -8.638025631 -0.011439013 0.999931395 -0.002517165 -0.073369906 0.204920024 0.004808131 0.978766918 0.554795306
0 0.479070041 0.851680062 0.500000000 0.500000000 0.000000000 0.000000000 0.980158329 0.010210421 -0.197953165 -8.671878111 -0.010811296 0.999939620 -0.001954893 -0.073361012 0.197921246 0.004056235 0.980209529 0.598482448
0 0.479070041 0.851680062 0.500000000 0.500000000 0.000000000 0.000000000 0.981563985 0.010132292 -0.190865129 -8.704086422 -0.010569956 0.999943316 -0.001275093 -0.071436145 0.190841392 0.003269021 0.981615424 0.645722377
0 0.479070041 0.851680062 0.500000000 0.500000000 0.000000000 0.000000000 0.982950807 0.009249091 -0.183636039 -8.735426371 -0.009659785 0.999952435 -0.001342013 -0.077377565 0.183614895 0.003093017 0.982993364 0.694510043
0 0.479070041 0.851680062 0.500000000 0.500000000 0.000000000 0.000000000 0.984337449 0.008988811 -0.176065415 -8.768681793 -0.009522676 0.999952257 -0.002187512 -0.076881823 0.176037356 0.003829864 0.984376013 0.748062875
0 0.479070041 0.851680062 0.500000000 0.500000000 0.000000000 0.000000000 0.985667348 0.008691760 -0.168476328 -8.801981274 -0.009378284 0.999950647 -0.003279617 -0.078001210 0.168439507 0.004812631 0.985700250 0.801288826
0 0.479070041 0.851680062 0.500000000 0.500000000 0.000000000 0.000000000 0.986949146 0.008162783 -0.160825238 -8.831775524 -0.008956982 0.999951005 -0.004213901 -0.081945250 0.160782963 0.005599414 0.986973882 0.854993028
0 0.479070041 0.851680062 0.500000000 0.500000000 0.000000000 0.000000000 0.988250971 0.008063614 -0.152626991 -8.864487144 -0.008849951 0.999950826 -0.004473358 -0.083034541 0.152583405 0.005771542 0.988273740 0.910399549
0 0.479070041 0.851680062 0.500000000 0.500000000 0.000000000 0.000000000 0.989446759 0.007392748 -0.144708186 -8.895089808 -0.008088645 0.999958396 -0.004221200 -0.087517412 0.144670963 0.005347146 0.989465356 0.966999904
0 0.479070041 0.851680062 0.500000000 0.500000000 0.000000000 0.000000000 0.990566134 0.007008693 -0.136856005 -8.921900519 -0.007561379 0.999965191 -0.003519004 -0.088805922 0.136826575 0.004520626 0.990584731 1.022683426
0 0.479070041 0.851680062 0.500000000 0.500000000 0.000000000 0.000000000 0.991685033 0.006099596 -0.128543943 -8.949439511 -0.006480477 0.999975741 -0.002544996 -0.098594636 0.128525302 0.003356860 0.991700530 1.082647854
0 0.479070041 0.851680062 0.500000000 0.500000000 0.000000000 0.000000000 0.992680430 0.005644523 -0.120638728 -8.973378933 -0.005993094 0.999978840 -0.002526742 -0.101691105 0.120621912 0.003231246 0.992693245 1.139583420
0 0.479070041 0.851680062 0.500000000 0.500000000 0.000000000 0.000000000 0.993646920 0.004496516 -0.112452805 -8.996697422 -0.004856981 0.999983907 -0.002931725 -0.113708668 0.112437814 0.003459280 0.993652761 1.198860864
0 0.479070041 0.851680062 0.500000000 0.500000000 0.000000000 0.000000000 0.994474828 0.004014177 -0.104898341 -9.017649363 -0.004451544 0.999982357 -0.003935638 -0.120318260 0.104880691 0.004380852 0.994475186 1.251554258
0 0.479070041 0.851680062 0.500000000 0.500000000 0.000000000 0.000000000 0.995341361 0.003370045 -0.096354932 -9.041741638 -0.003803869 0.999983430 -0.004319014 -0.133259557 0.096338786 0.004665415 0.995337665 1.305155525
0 0.479070041 0.851680062 0.500000000 0.500000000 0.000000000 0.000000000 0.996056318 0.002726900 -0.088681124 -9.064068489 -0.003129058 0.999985456 -0.004396173 -0.142915479 0.088667847 0.004656325 0.996050358 1.354707396
0 0.479070041 0.851680062 0.500000000 0.500000000 0.000000000 0.000000000 0.996721923 0.002250785 -0.080872700 -9.086620125 -0.002576127 0.999989033 -0.003918777 -0.149812034 0.080862992 0.004114270 0.996716738 1.403086049
0 0.479070041 0.851680062 0.500000000 0.500000000 0.000000000 0.000000000 0.997271597 0.001589329 -0.073802494 -9.104615631 -0.001856175 0.999992013 -0.003547235 -0.155595477 0.073796265 0.003674547 0.997266591 1.449724531
0 0.479070041 0.851680062 0.500000000 0.500000000 0.000000000 0.000000000 0.997778535 0.001051051 -0.066610336 -9.120240145 -0.001288243 0.999992967 -0.003518023 -0.160259134 0.066606171 0.003596018 0.997772872 1.497094875
0 0.479070041 0.851680062 0.500000000 0.500000000 0.000000000 0.000000000 0.998237133 0.000474224 -0.059349846 -9.136990327 -0.000680869 0.999993801 -0.003461642 -0.168242872 0.059347838 0.003495949 0.998231232 1.542355654
0 0.479070041 0.851680062 0.500000000 0.500000000 0.000000000 0.000000000 0.998623729 0.000008424 -0.052446090 -9.152400384 -0.000194109 0.999993742 -0.003535411 -0.175287285 0.052445732 0.003540725 0.998617470 1.583777021
0 0.479070041 0.851680062 0.500000000 0.500000000 0.000000000 0.000000000 0.998977542 -0.000311544 -0.045207631 -9.167555764 0.000154568 0.999993920 -0.003475788 -0.180762054 0.045208439 0.003465246 0.998971581 1.627945234
0 0.479070041 0.851680062 0.500000000 0.500000000 0.000000000 0.000000000 0.999302268 -0.000803798 -0.037340339 -9.181039253 0.000683672 0.999994576 -0.003229710 -0.188327521 0.037342731 0.003201928 0.999297380 1.676026014
0 0.479070041 0.851680062 0.500000000 0.500000000 0.000000000 0.000000000 0.999552786 -0.001473501 -0.029867914 -9.193764330 0.001391677 0.999995232 -0.002760136 -0.198200981 0.029871838 0.002717335 0.999550045 1.721207858
0 0.479070041 0.851680062 0.500000000 0.500000000 0.000000000 0.000000000 0.999751568 -0.001493264 -0.022239303 -9.206770306 0.001436776 0.999995708 -0.002555770 -0.200907657 0.022243023 0.002523182 0.999749422 1.768240742
