0.000000000 2.503868649 4.340038992 0.492322251 0.500227314 0.000000000 0.000000000 0.956272000 -0.291528000 -0.023569000 3157.648035000 0.291516000 0.956557000 -0.004004000 -3324.439883000 0.023713000 -0.003042000 0.999714000 124.997223000
0.000000000 2.503868649 4.340038992 0.492322251 0.500227314 0.000000000 0.000000000 0.956284000 -0.291341000 -0.025311000 3158.873562000 0.291351000 0.956610000 -0.003393000 -3325.100034000 0.025201000 -0.004130000 0.999674000 125.011927000
0.000000000 2.503868649 4.340038992 0.492322251 0.500227314 0.000000000 0.000000000 0.956271000 -0.291450000 -0.024553000 3160.105257000 0.291406000 0.956584000 -0.005432000 -3325.765853000 0.025071000 -0.001960000 0.999684000 125.026609000
0.000000000 2.503868649 4.340038992 0.492322251 0.500227314 0.000000000 0.000000000 0.956327000 -0.291379000 -0.023158000 3161.339855000 0.291243000 0.956606000 -0.009115000 -3326.435720000 0.024809000 0.001972000 0.999690000 125.038355000
0.000000000 2.503868649 4.340038992 0.492322251 0.500227314 0.000000000 0.000000000 0.956271000 -0.291485000 -0.024141000 3162.574665000 0.291310000 0.956571000 -0.010547000 -3327.104569000 0.026167000 0.003054000 0.999653000 125.047726000
0.000000000 2.503868649 4.340038992 0.492322251 0.500227314 0.000000000 0.000000000 0.956167000 -0.291594000 -0.026801000 3163.811577000 0.291410000 0.956539000 -0.010646000 -3327.773862000 0.028741000 0.002369000 0.999584000 125.058195000
0.000000000 2.503868649 4.340038992 0.492322251 0.500227314 0.000000000 0.000000000 0.956145000 -0.291514000 -0.028392000 3165.053184000 0.291322000 0.956564000 -0.010770000 -3328.444898000 0.030298000 0.002026000 0.999539000 125.072215000
0.000000000 2.503868649 4.340038992 0.492322251 0.500227314 0.000000000 0.000000000 0.956184000 -0.291420000 -0.028049000 3166.300662000 0.291230000 0.956593000 -0.010734000 -3329.116459000 0.029960000 0.002095000 0.999549000 125.087782000
0.000000000 2.503868649 4.340038992 0.492322251 0.500227314 0.000000000 0.000000000 0.956146000 -0.291521000 -0.028287000 3167.550494000 0.291304000 0.956560000 -0.011588000 -3329.791449000 0.030436000 0.002839000 0.999533000 125.102537000
0.000000000 2.503868649 4.340038992 0.492322251 0.500227314 0.000000000 0.000000000 0.956113000 -0.291530000 -0.029279000 3168.802822000 0.291304000 0.956558000 -0.011817000 -3330.467953000 0.031452000 0.002769000 0.999501000 125.117696000
0.000000000 2.503868649 4.340038992 0.492322251 0.500227314 0.000000000 0.000000000 0.956114000 -0.291525000 -0.029306000 3170.060802000 0.291316000 0.956560000 -0.011258000 -3331.144275000 0.031315000 0.002227000 0.999507000 125.133100000
0.000000000 2.503868649 4.340038992 0.492322251 0.500227314 0.000000000 0.000000000 0.956137000 -0.291523000 -0.028585000 3171.323079000 0.291307000 0.956560000 -0.011536000 -3331.823694000 0.030707000 0.002703000 0.999525000 125.148965000
0.000000000 2.503868649 4.340038992 0.492322251 0.500227314 0.000000000 0.000000000 0.956224000 -0.291423000 -0.026599000 3172.590548000 0.291186000 0.956585000 -0.012491000 -3332.506846000 0.029084000 0.004199000 0.999568000 125.162704000
0.000000000 2.503868649 4.340038992 0.492322251 0.500227314 0.000000000 0.000000000 0.956310000 -0.291240000 -0.025489000 3173.860303000 0.290963000 0.956631000 -0.014061000 -3333.193220000 0.028478000 0.006031000 0.999576000 125.173183000
0.000000000 2.503868649 4.340038992 0.492322251 0.500227314 0.000000000 0.000000000 0.956302000 -0.291166000 -0.026637000 3175.130439000 0.290849000 0.956649000 -0.015183000 -3333.881414000 0.029903000 0.006773000 0.999530000 125.181954000
0.000000000 2.503868649 4.340038992 0.492322251 0.500227314 0.000000000 0.000000000 0.956197000 -0.291283000 -0.028998000 3176.402441000 0.290945000 0.956617000 -0.015333000 -3334.570720000 0.032206000 0.006224000 0.999462000 125.193979000
0.000000000 2.503868649 4.340038992 0.492322251 0.500227314 0.000000000 0.000000000 0.956201000 -0.291119000 -0.030473000 3177.679473000 0.290756000 0.956666000 -0.015842000 -3335.262445000 0.033764000 0.006288000 0.999410000 125.207576000
0.000000000 2.503868649 4.340038992 0.492322251 0.500227314 0.000000000 0.000000000 0.956253000 -0.291019000 -0.029787000 3178.963287000 0.290663000 0.956696000 -0.015773000 -3335.954824000 0.033087000 0.006425000 0.999432000 125.222714000
0.000000000 2.503868649 4.340038992 0.492322251 0.500227314 0.000000000 0.000000000 0.956315000 -0.290837000 -0.029588000 3180.249441000 0.290467000 0.956748000 -0.016202000 -3336.650129000 0.033020000 0.006900000 0.999431000 125.236157000
0.000000000 2.503868649 4.340038992 0.492322251 0.500227314 0.000000000 0.000000000 0.956308000 -0.290751000 -0.030641000 3181.537806000 0.290397000 0.956780000 -0.015525000 -3337.346040000 0.033831000 0.005949000 0.999410000 125.249994000
0.000000000 2.503868649 4.340038992 0.492322251 0.500227314 0.000000000 0.000000000 0.956275000 -0.290749000 -0.031675000 3182.830005000 0.290435000 0.956789000 -0.014209000 -3338.042506000 0.034437000 0.004388000 0.999397000 125.266232000
0.000000000 2.503868649 4.340038992 0.492322251 0.500227314 0.000000000 0.000000000 0.956317000 -0.290583000 -0.031936000 3184.126014000 0.290216000 0.956832000 -0.015696000 -3338.745790000 0.035118000 0.005742000 0.999367000 125.283573000
0.000000000 2.503868649 4.340038992 0.492322251 0.500227314 0.000000000 0.000000000 0.956395000 -0.290403000 -0.031204000 3185.426011000 0.289996000 0.956878000 -0.016955000 -3339.451277000 0.034783000 0.007167000 0.999369000 125.299759000
0.000000000 2.503868649 4.340038992 0.492322251 0.500227314 0.000000000 0.000000000 0.956378000 -0.290417000 -0.031619000 3186.728093000 0.289972000 0.956867000 -0.017929000 -3340.157350000 0.035462000 0.007978000 0.999339000 125.313648000
0.000000000 2.503868649 4.340038992 0.492322251 0.500227314 0.000000000 0.000000000 0.956355000 -0.290353000 -0.032859000 3188.031933000 0.289851000 0.956879000 -0.019218000 -3340.867360000 0.037022000 0.008855000 0.999275000 125.329399000
0.000000000 2.503868649 4.340038992 0.492322251 0.500227314 0.000000000 0.000000000 0.956371000 -0.290256000 -0.033257000 3189.340774000 0.289791000 0.956918000 -0.018132000 -3341.574670000 0.037087000 0.007703000 0.999282000 125.345652000
0.000000000 2.503868649 4.340038992 0.492322251 0.500227314 0.000000000 0.000000000 0.956363000 -0.290180000 -0.034128000 3190.651716000 0.289693000 0.956940000 -0.018531000 -3342.285809000 0.038036000 0.007836000 0.999246000 125.363518000
0.000000000 2.503868649 4.340038992 0.492322251 0.500227314 0.000000000 0.000000000 0.956430000 -0.289995000 -0.033840000 3191.967055000 0.289501000 0.956993000 -0.018791000 -3342.999086000 0.037834000 0.008175000 0.999251000 125.380956000
0.000000000 2.503868649 4.340038992 0.492322251 0.500227314 0.000000000 0.000000000 0.956471000 -0.289911000 -0.033374000 3193.285781000 0.289362000 0.957003000 -0.020345000 -3343.716277000 0.037837000 0.009802000 0.999236000 125.397286000
0.000000000 2.503868649 4.340038992 0.492322251 0.500227314 0.000000000 0.000000000 0.956477000 -0.289925000 -0.033095000 3194.606860000 0.289299000 0.956975000 -0.022454000 -3344.436433000 0.038181000 0.011903000 0.999200000 125.411480000
0.000000000 2.503868649 4.340038992 0.492322251 0.500227314 0.000000000 0.000000000 0.956412000 -0.290035000 -0.034007000 3195.929585000 0.289379000 0.956939000 -0.022944000 -3345.155928000 0.039197000 0.012103000 0.999158000 125.425343000
0.000000000 2.503868649 4.340038992 0.492322251 0.500227314 0.000000000 0.000000000 0.956338000 -0.290067000 -0.035771000 3197.254316000 0.289380000 0.956933000 -0.023191000 -3345.876641000 0.040958000 0.011827000 0.999091000 125.441480000
0.000000000 2.503868649 4.340038992 0.492322251 0.500227314 0.000000000 0.000000000 0.956395000 -0.289951000 -0.035171000 3198.585744000 0.289332000 0.956984000 -0.021663000 -3346.595383000 0.039939000 0.010542000 0.999147000 125.458737000
0.000000000 2.503868649 4.340038992 0.492322251 0.500227314 0.000000000 0.000000000 0.956527000 -0.289657000 -0.033977000 3199.920977000 0.289052000 0.957069000 -0.021646000 -3347.318326000 0.038788000 0.010884000 0.999188000 125.475173000
0.000000000 2.503868649 4.340038992 0.492322251 0.500227314 0.000000000 0.000000000 0.956618000 -0.289449000 -0.033170000 3201.258328000 0.288903000 0.957142000 -0.020336000 -3348.040828000 0.037634000 0.009871000 0.999243000 125.491001000
0.000000000 2.503868649 4.340038992 0.492322251 0.500227314 0.000000000 0.000000000 0.956545000 -0.289465000 -0.035103000 3202.595117000 0.288949000 0.957154000 -0.019076000 -3348.765036000 0.039120000 0.008104000 0.999202000 125.508386000
0.000000000 2.503868649 4.340038992 0.492322251 0.500227314 0.000000000 0.000000000 0.956480000 -0.289468000 -0.036808000 3203.935092000 0.289007000 0.957169000 -0.017394000 -3349.490341000 0.040267000 0.005999000 0.999171000 125.529748000
0.000000000 2.503868649 4.340038992 0.492322251 0.500227314 0.000000000 0.000000000 0.956432000 -0.289558000 -0.037345000 3205.278918000 0.289119000 0.957146000 -0.016781000 -3350.218425000 0.040604000 0.005253000 0.999162000 125.552865000
0.000000000 2.503868649 4.340038992 0.492322251 0.500227314 0.000000000 0.000000000 0.956417000 -0.289559000 -0.037721000 3206.625071000 0.289131000 0.957148000 -0.016470000 -3350.948027000 0.040874000 0.004845000 0.999153000 125.577564000
0.000000000 2.503868649 4.340038992 0.492322251 0.500227314 0.000000000 0.000000000 0.956389000 -0.289553000 -0.038461000 3207.972614000 0.289165000 0.957155000 -0.015418000 -3351.678164000 0.041277000 0.003624000 0.999141000 125.603232000
0.000000000 2.503868649 4.340038992 0.492322251 0.500227314 0.000000000 0.000000000 0.956382000 -0.289522000 -0.038863000 3209.323268000 0.289227000 0.957170000 -0.013133000 -3352.405738000 0.041001000 0.001320000 0.999158000 125.631280000
0.000000000 2.503868649 4.340038992 0.492322251 0.500227314 0.000000000 0.000000000 0.956389000 -0.289674000 -0.037537000 3210.677020000 0.289430000 0.957125000 -0.011894000 -3353.135427000 0.039373000 0.000511000 0.999224000 125.659388000
0.000000000 2.503868649 4.340038992 0.492322251 0.500227314 0.000000000 0.000000000 0.956513000 -0.289621000 -0.034689000 3212.033580000 0.289455000 0.957141000 -0.009836000 -3353.862688000 0.036051000 -0.000633000 0.999350000 125.687034000
0.000000000 2.503868649 4.340038992 0.492322251 0.500227314 0.000000000 0.000000000 0.956594000 -0.289579000 -0.032736000 3213.388042000 0.289487000 0.957152000 -0.007622000 -3354.588678000 0.033540000 -0.002185000 0.999435000 125.712930000
0.000000000 2.503868649 4.340038992 0.492322251 0.500227314 0.000000000 0.000000000 0.956673000 -0.289538000 -0.030730000 3214.739974000 0.289520000 0.957158000 -0.005110000 -3355.312368000 0.030893000 -0.004009000 0.999515000 125.736933000
0.000000000 2.503868649 4.340038992 0.492322251 0.500227314 0.000000000 0.000000000 0.956742000 -0.289441000 -0.029485000 3216.085215000 0.289422000 0.957189000 -0.005016000 -3356.038184000 0.029674000 -0.003734000 0.999553000 125.760352000
0.000000000 2.503868649 4.340038992 0.492322251 0.500227314 0.000000000 0.000000000 0.956758000 -0.289616000 -0.027160000 3217.427079000 0.289596000 0.957137000 -0.004749000 -3356.760082000 0.027371000 -0.003322000 0.999620000 125.780462000
0.000000000 2.503868649 4.340038992 0.492322251 0.500227314 0.000000000 0.000000000 0.956715000 -0.289882000 -0.025770000 3218.764310000 0.289873000 0.957056000 -0.004198000 -3357.479387000 0.025880000 -0.003454000 0.999659000 125.798984000
0.000000000 2.503868649 4.340038992 0.492322251 0.500227314 0.000000000 0.000000000 0.956698000 -0.289965000 -0.025484000 3220.096955000 0.289978000 0.957028000 -0.003265000 -3358.196820000 0.025336000 -0.004266000 0.999670000 125.816209000
0.000000000 2.503868649 4.340038992 0.492322251 0.500227314 0.000000000 0.000000000 0.956709000 -0.289878000 -0.026056000 3221.423933000 0.289882000 0.957055000 -0.003718000 -3358.915158000 0.026014000 -0.003996000 0.999654000 125.833673000
0.000000000 2.503868649 4.340038992 0.492322251 0.500227314 0.000000000 0.000000000 0.956762000 -0.289678000 -0.026310000 3222.748229000 0.289724000 0.957108000 -0.002161000 -3359.627141000 0.025807000 -0.005555000 0.999652000 125.853007000
0.000000000 2.503868649 4.340038992 0.492322251 0.500227314 0.000000000 0.000000000 0.956631000 -0.289939000 -0.028159000 3224.066224000 0.290028000 0.957018000 -0.000955000 -3360.337885000 0.027226000 -0.007253000 0.999603000 125.874231000
0.000000000 2.503868649 4.340038992 0.492322251 0.500227314 0.000000000 0.000000000 0.956469000 -0.290410000 -0.028788000 3225.382431000 0.290477000 0.956880000 -0.001937000 -3361.049790000 0.028109000 -0.006510000 0.999584000 125.896442000
0.000000000 2.503868649 4.340038992 0.492322251 0.500227314 0.000000000 0.000000000 0.956413000 -0.290785000 -0.026793000 3226.698396000 0.290819000 0.956774000 -0.002692000 -3361.758358000 0.026418000 -0.005218000 0.999637000 125.918330000
0.000000000 2.503868649 4.340038992 0.492322251 0.500227314 0.000000000 0.000000000 0.956143000 -0.291704000 -0.026453000 3228.009097000 0.291732000 0.956496000 -0.002898000 -3362.462318000 0.026147000 -0.004946000 0.999646000 125.936767000
0.000000000 2.503868649 4.340038992 0.492322251 0.500227314 0.000000000 0.000000000 0.955789000 -0.292797000 -0.027159000 3229.314891000 0.292846000 0.956157000 -0.002224000 -3363.161796000 0.026620000 -0.005828000 0.999629000 125.956158000
0.000000000 2.503868649 4.340038992 0.492322251 0.500227314 0.000000000 0.000000000 0.955433000 -0.293988000 -0.026813000 3230.619277000 0.294036000 0.955792000 -0.002223000 -3363.858395000 0.026281000 -0.005760000 0.999638000 125.976723000
0.000000000 2.503868649 4.340038992 0.492322251 0.500227314 0.000000000 0.000000000 0.955030000 -0.295364000 -0.026042000 3231.920547000 0.295402000 0.955370000 -0.002452000 -3364.550834000 0.025604000 -0.005351000 0.999658000 125.995584000
0.000000000 2.503868649 4.340038992 0.492322251 0.500227314 0.000000000 0.000000000 0.954595000 -0.296734000 -0.026418000 3233.216295000 0.296782000 0.954943000 -0.002181000 -3365.238333000 0.025874000 -0.005759000 0.999649000 126.014283000
0.000000000 2.503868649 4.340038992 0.492322251 0.500227314 0.000000000 0.000000000 0.954104000 -0.298282000 -0.026699000 3234.509815000 0.298349000 0.954456000 -0.001532000 -3365.921390000 0.025940000 -0.006504000 0.999642000 126.034098000
0.000000000 2.503868649 4.340038992 0.492322251 0.500227314 0.000000000 0.000000000 0.953608000 -0.299921000 -0.026082000 3235.801945000 0.300002000 0.953938000 -0.000818000 -3366.599335000 0.025126000 -0.007045000 0.999659000 126.054754000
0.000000000 2.503868649 4.340038992 0.492322251 0.500227314 0.000000000 0.000000000 0.953060000 -0.301735000 -0.025156000 3237.091086000 0.301843000 0.953358000 0.000488000 -3367.271064000 0.023835000 -0.008058000 0.999683000 126.074363000
0.000000000 2.503868649 4.340038992 0.492322251 0.500227314 0.000000000 0.000000000 0.952530000 -0.303556000 -0.023252000 3238.378879000 0.303673000 0.952775000 0.001611000 -3367.937942000 0.021665000 -0.008595000 0.999728000 126.093536000
0.000000000 2.503868649 4.340038992 0.492322251 0.500227314 0.000000000 0.000000000 0.951962000 -0.305476000 -0.021277000 3239.664224000 0.305586000 0.952162000 0.002051000 -3368.601011000 0.019632000 -0.008455000 0.999772000 126.109176000
0.000000000 2.503868649 4.340038992 0.492322251 0.500227314 0.000000000 0.000000000 0.951349000 -0.307379000 -0.021307000 3240.942996000 0.307516000 0.951537000 0.003424000 -3369.257769000 0.019222000 -0.009810000 0.999767000 126.125069000
0.000000000 2.503868649 4.340038992 0.492322251 0.500227314 0.000000000 0.000000000 0.950671000 -0.309349000 -0.022963000 3242.216188000 0.309553000 0.950864000 0.005838000 -3369.907283000 0.020028000 -0.012659000 0.999719000 126.143761000
0.000000000 2.503868649 4.340038992 0.492322251 0.500227314 0.000000000 0.000000000 0.949980000 -0.311398000 -0.023852000 3243.487177000 0.311677000 0.950146000 0.008924000 -3370.550037000 0.019884000 -0.015912000 0.999676000 126.164791000
0.000000000 2.503868649 4.340038992 0.492322251 0.500227314 0.000000000 0.000000000 0.949375000 -0.313290000 -0.023173000 3244.756607000 0.313595000 0.949494000 0.010887000 -3371.188820000 0.018592000 -0.017603000 0.999672000 126.189024000
0.000000000 2.503868649 4.340038992 0.492322251 0.500227314 0.000000000 0.000000000 0.948906000 -0.314828000 -0.021468000 3246.024196000 0.315138000 0.948957000 0.012987000 -3371.822532000 0.016284000 -0.019089000 0.999685000 126.211931000
0.000000000 2.503868649 4.340038992 0.492322251 0.500227314 0.000000000 0.000000000 0.948467000 -0.316167000 -0.021182000 3247.287384000 0.316505000 0.948471000 0.015056000 -3372.452527000 0.015330000 -0.020984000 0.999662000 126.234714000
0.000000000 2.503868649 4.340038992 0.492322251 0.500227314 0.000000000 0.000000000 0.948050000 -0.317402000 -0.021371000 3248.546284000 0.317780000 0.948003000 0.017471000 -3373.078212000 0.014714000 -0.023355000 0.999619000 126.259317000
0.000000000 2.503868649 4.340038992 0.492322251 0.500227314 0.000000000 0.000000000 0.947645000 -0.318679000 -0.020323000 3249.803224000 0.319044000 0.947563000 0.018300000 -3373.702218000 0.013425000 -0.023826000 0.999626000 126.283344000
0.000000000 2.503868649 4.340038992 0.492322251 0.500227314 0.000000000 0.000000000 0.947363000 -0.319630000 -0.018410000 3251.056890000 0.319940000 0.947277000 0.017426000 -3374.325589000 0.011870000 -0.022399000 0.999679000 126.306248000
0.000000000 2.503868649 4.340038992 0.492322251 0.500227314 0.000000000 0.000000000 0.947134000 -0.320384000 -0.017051000 3252.305383000 0.320659000 0.947043000 0.016944000 -3374.945351000 0.010719000 -0.021515000 0.999711000 126.326117000
0.000000000 2.503868649 4.340038992 0.492322251 0.500227314 0.000000000 0.000000000 0.300177000 0.953869000 -0.005178000 3021.506970000 -0.953794000 0.300070000 -0.015304000 -3252.984505000 -0.013044000 0.009533000 0.999869000 123.947496000
0.000000000 2.503868649 4.340038992 0.492322251 0.500227314 0.000000000 0.000000000 0.300441000 0.953793000 -0.003780000 3022.409857000 -0.953666000 0.300330000 -0.017997000 -3253.470773000 -0.016030000 0.009012000 0.999831000 123.953497000
0.000000000 2.503868649 4.340038992 0.492322251 0.500227314 0.000000000 0.000000000 0.300702000 0.953714000 -0.002783000 3023.307915000 -0.953551000 0.300593000 -0.019608000 -3253.953102000 -0.017864000 0.008550000 0.999804000 123.956902000
0.000000000 2.503868649 4.340038992 0.492322251 0.500227314 0.000000000 0.000000000 0.300979000 0.953626000 -0.002872000 3024.202263000 -0.953457000 0.300866000 -0.019992000 -3254.430386000 -0.018201000 0.008756000 0.999796000 123.959690000
0.000000000 2.503868649 4.340038992 0.492322251 0.500227314 0.000000000 0.000000000 0.301355000 0.953506000 -0.003343000 3025.093078000 -0.953336000 0.301230000 -0.020283000 -3254.906701000 -0.018333000 0.009299000 0.999789000 123.963030000
0.000000000 2.503868649 4.340038992 0.492322251 0.500227314 0.000000000 0.000000000 0.301800000 0.953367000 -0.002956000 3025.985085000 -0.953220000 0.301696000 -0.018749000 -3255.377949000 -0.016983000 0.008476000 0.999820000 123.966879000
0.000000000 2.503868649 4.340038992 0.492322251 0.500227314 0.000000000 0.000000000 0.302041000 0.953294000 -0.001298000 3026.879012000 -0.953153000 0.301973000 -0.017672000 -3255.848296000 -0.016454000 0.006574000 0.999843000 123.970762000