0.000000000 2.470620371 4.282408644 0.489404932 0.500837642 0.000000000 0.000000000 -0.998709000 -0.049917000 -0.009405000 -1656.118524000 0.049800000 -0.998684000 0.012238000 13948.867989000 -0.010004000 0.011754000 0.999881000 -113.689156000
0.000000000 2.470620371 4.282408644 0.489404932 0.500837642 0.000000000 0.000000000 -0.998634000 -0.051175000 -0.010564000 -1656.516954000 0.051037000 -0.998612000 0.013005000 13948.525531000 -0.011215000 0.012448000 0.999860000 -113.689888000
0.000000000 2.470620371 4.282408644 0.489404932 0.500837642 0.000000000 0.000000000 -0.998579000 -0.052048000 -0.011410000 -1656.911471000 0.051894000 -0.998563000 0.013410000 13948.184160000 -0.012091000 0.012799000 0.999845000 -113.690565000
0.000000000 2.470620371 4.282408644 0.489404932 0.500837642 0.000000000 0.000000000 -0.998555000 -0.052797000 -0.010055000 -1657.299266000 0.052674000 -0.998538000 0.012175000 13947.841797000 -0.010684000 0.011628000 0.999875000 -113.690058000
0.000000000 2.470620371 4.282408644 0.489404932 0.500837642 0.000000000 0.000000000 -0.998551000 -0.053341000 -0.007064000 -1657.680509000 0.053268000 -0.998529000 0.010079000 13947.499101000 -0.007591000 0.009688000 0.999924000 -113.688364000
0.000000000 2.470620371 4.282408644 0.489404932 0.500837642 0.000000000 0.000000000 -0.998543000 -0.053798000 -0.004202000 -1658.060631000 0.053762000 -0.998521000 0.008123000 13947.158457000 -0.004633000 0.007885000 0.999958000 -113.686718000
0.000000000 2.470620371 4.282408644 0.489404932 0.500837642 0.000000000 0.000000000 -0.998542000 -0.053886000 -0.003065000 -1658.441993000 0.053861000 -0.998518000 0.007843000 13946.823173000 -0.003483000 0.007667000 0.999965000 -113.685621000
0.000000000 2.470620371 4.282408644 0.489404932 0.500837642 0.000000000 0.000000000 -0.998549000 -0.053699000 -0.004048000 -1658.825331000 0.053659000 -0.998515000 0.009403000 13946.493571000 -0.004547000 0.009172000 0.999948000 -113.685384000
0.000000000 2.470620371 4.282408644 0.489404932 0.500837642 0.000000000 0.000000000 -0.998575000 -0.053129000 -0.004974000 -1659.206386000 0.053072000 -0.998531000 0.010889000 13946.166005000 -0.005545000 0.010610000 0.999928000 -113.684143000
0.000000000 2.470620371 4.282408644 0.489404932 0.500837642 0.000000000 0.000000000 -0.998594000 -0.052748000 -0.005285000 -1659.582981000 0.052685000 -0.998546000 0.011383000 13945.836808000 -0.005877000 0.011089000 0.999921000 -113.683065000
0.000000000 2.470620371 4.282408644 0.489404932 0.500837642 0.000000000 0.000000000 -0.998607000 -0.052466000 -0.005639000 -1659.957649000 0.052407000 -0.998574000 0.010182000 13945.505772000 -0.006165000 0.009872000 0.999932000 -113.681557000
0.000000000 2.470620371 4.282408644 0.489404932 0.500837642 0.000000000 0.000000000 -0.998624000 -0.051907000 -0.007410000 -1660.332466000 0.051847000 -0.998622000 0.008120000 13945.175119000 -0.007821000 0.007725000 0.999940000 -113.681513000
0.000000000 2.470620371 4.282408644 0.489404932 0.500837642 0.000000000 0.000000000 -0.998680000 -0.050847000 -0.007337000 -1660.704124000 0.050818000 -0.998700000 0.004099000 13944.843246000 -0.007536000 0.003721000 0.999965000 -113.681059000
0.000000000 2.470620371 4.282408644 0.489404932 0.500837642 0.000000000 0.000000000 -0.998715000 -0.049817000 -0.009338000 -1661.072462000 0.049744000 -0.998730000 0.007954000 13944.522402000 -0.009723000 0.007479000 0.999925000 -113.683931000
0.000000000 2.470620371 4.282408644 0.489404932 0.500837642 0.000000000 0.000000000 -0.998796000 -0.048371000 -0.008185000 -1661.438886000 0.048277000 -0.998769000 0.011400000 13944.207171000 -0.008726000 0.010991000 0.999902000 -113.685417000
0.000000000 2.470620371 4.282408644 0.489404932 0.500837642 0.000000000 0.000000000 -0.998800000 -0.047912000 -0.010123000 -1661.805871000 0.047754000 -0.998742000 0.015318000 13943.892292000 -0.010844000 0.014816000 0.999831000 -113.686210000
0.000000000 2.470620371 4.282408644 0.489404932 0.500837642 0.000000000 0.000000000 -0.998787000 -0.047475000 -0.013043000 -1662.172151000 0.047272000 -0.998763000 0.015423000 13943.573392000 -0.013759000 0.014788000 0.999796000 -113.686604000
0.000000000 2.470620371 4.282408644 0.489404932 0.500837642 0.000000000 0.000000000 -0.998866000 -0.046389000 -0.010713000 -1662.530170000 0.046240000 -0.998835000 0.013775000 13943.253589000 -0.011339000 0.013264000 0.999848000 -113.685255000
0.000000000 2.470620371 4.282408644 0.489404932 0.500837642 0.000000000 0.000000000 -0.998908000 -0.046425000 -0.005292000 -1662.877183000 0.046357000 -0.998848000 0.012432000 13942.930639000 -0.005863000 0.012173000 0.999909000 -113.683013000
0.000000000 2.470620371 4.282408644 0.489404932 0.500837642 0.000000000 0.000000000 -0.998893000 -0.046890000 -0.003797000 -1663.228954000 0.046840000 -0.998826000 0.012345000 13942.613303000 -0.004371000 0.012153000 0.999917000 -113.680333000
0.000000000 2.470620371 4.282408644 0.489404932 0.500837642 0.000000000 0.000000000 -0.998878000 -0.046737000 -0.007582000 -1663.589127000 0.046648000 -0.998845000 0.011553000 13942.301668000 -0.008113000 0.011187000 0.999905000 -113.679528000
0.000000000 2.470620371 4.282408644 0.489404932 0.500837642 0.000000000 0.000000000 -0.998847000 -0.046407000 -0.012300000 -1663.951481000 0.046271000 -0.998867000 0.011086000 13941.992713000 -0.012800000 0.010504000 0.999863000 -113.680574000
0.000000000 2.470620371 4.282408644 0.489404932 0.500837642 0.000000000 0.000000000 -0.998743000 -0.046974000 -0.017507000 -1664.311978000 0.046678000 -0.998766000 0.016974000 13941.690735000 -0.018283000 0.016136000 0.999703000 -113.684586000
0.000000000 2.470620371 4.282408644 0.489404932 0.500837642 0.000000000 0.000000000 -0.998509000 -0.048311000 -0.025411000 -1664.677638000 0.047705000 -0.998575000 0.023933000 13941.396645000 -0.026531000 0.022685000 0.999391000 -113.689143000
0.000000000 2.470620371 4.282408644 0.489404932 0.500837642 0.000000000 0.000000000 -0.998461000 -0.049173000 -0.025627000 -1665.031192000 0.048604000 -0.998568000 0.022340000 13941.094938000 -0.026688000 0.021060000 0.999422000 -113.691846000
0.000000000 2.470620371 4.282408644 0.489404932 0.500837642 0.000000000 0.000000000 -0.998561000 -0.049434000 -0.020789000 -1665.368113000 0.049059000 -0.998630000 0.018176000 13940.779193000 -0.021659000 0.017130000 0.999619000 -113.691601000
0.000000000 2.470620371 4.282408644 0.489404932 0.500837642 0.000000000 0.000000000 -0.998647000 -0.049067000 -0.017230000 -1665.704852000 0.048842000 -0.998719000 0.013261000 13940.460164000 -0.017859000 0.012402000 0.999764000 -113.691635000
0.000000000 2.470620371 4.282408644 0.489404932 0.500837642 0.000000000 0.000000000 -0.998715000 -0.048803000 -0.013681000 -1666.048181000 0.048710000 -0.998788000 0.007060000 13940.145524000 -0.014009000 0.006384000 0.999881000 -113.691932000
0.000000000 2.470620371 4.282408644 0.489404932 0.500837642 0.000000000 0.000000000 -0.998688000 -0.049285000 -0.013876000 -1666.399270000 0.049189000 -0.998764000 0.007147000 13939.833619000 -0.014211000 0.006455000 0.999878000 -113.695098000
0.000000000 2.470620371 4.282408644 0.489404932 0.500837642 0.000000000 0.000000000 -0.998729000 -0.048259000 -0.014568000 -1666.759572000 0.048078000 -0.998765000 0.012540000 13939.530951000 -0.015155000 0.011823000 0.999815000 -113.699041000
0.000000000 2.470620371 4.282408644 0.489404932 0.500837642 0.000000000 0.000000000 -0.998752000 -0.046421000 -0.018418000 -1667.129184000 0.045984000 -0.998666000 0.023468000 13939.232098000 -0.019483000 0.022592000 0.999555000 -113.702932000
0.000000000 2.470620371 4.282408644 0.489404932 0.500837642 0.000000000 0.000000000 -0.998754000 -0.045600000 -0.020252000 -1667.493291000 0.045115000 -0.998699000 0.023762000 13938.914620000 -0.021310000 0.022819000 0.999512000 -113.702861000
0.000000000 2.470620371 4.282408644 0.489404932 0.500837642 0.000000000 0.000000000 -0.998758000 -0.045044000 -0.021283000 -1667.855137000 0.044613000 -0.998798000 0.020280000 13938.579307000 -0.022171000 0.019306000 0.999568000 -113.703157000
0.000000000 2.470620371 4.282408644 0.489404932 0.500837642 0.000000000 0.000000000 -0.998963000 -0.042450000 -0.016486000 -1668.216151000 0.042210000 -0.999001000 0.014662000 13938.237537000 -0.017092000 0.013951000 0.999757000 -113.702268000
0.000000000 2.470620371 4.282408644 0.489404932 0.500837642 0.000000000 0.000000000 -0.999176000 -0.038835000 -0.011793000 -1668.578889000 0.038679000 -0.999164000 0.013201000 13937.896936000 -0.012296000 0.012734000 0.999843000 -113.701862000
0.000000000 2.470620371 4.282408644 0.489404932 0.500837642 0.000000000 0.000000000 -0.999329000 -0.035448000 -0.009256000 -1668.945211000 0.035310000 -0.999270000 0.014596000 13937.556350000 -0.009767000 0.014259000 0.999851000 -113.701499000
0.000000000 2.470620371 4.282408644 0.489404932 0.500837642 0.000000000 0.000000000 -0.999437000 -0.032281000 -0.009163000 -1669.319492000 0.032130000 -0.999354000 0.016121000 13937.215496000 -0.009678000 0.015817000 0.999828000 -113.699921000
0.000000000 2.470620371 4.282408644 0.489404932 0.500837642 0.000000000 0.000000000 -0.999514000 -0.028867000 -0.011727000 -1669.699487000 0.028676000 -0.999459000 0.016127000 13936.867319000 -0.012186000 0.015783000 0.999801000 -113.698843000
0.000000000 2.470620371 4.282408644 0.489404932 0.500837642 0.000000000 0.000000000 -0.999569000 -0.025366000 -0.014757000 -1670.082673000 0.025150000 -0.999576000 0.014641000 13936.511662000 -0.015122000 0.014263000 0.999784000 -113.698681000
0.000000000 2.470620371 4.282408644 0.489404932 0.500837642 0.000000000 0.000000000 -0.999612000 -0.022418000 -0.016559000 -1670.465860000 0.022207000 -0.999671000 0.012829000 13936.151240000 -0.016841000 0.012456000 0.999781000 -113.700398000
0.000000000 2.470620371 4.282408644 0.489404932 0.500837642 0.000000000 0.000000000 -0.999667000 -0.020482000 -0.015704000 -1670.845381000 0.020315000 -0.999736000 0.010732000 13935.788796000 -0.015920000 0.010410000 0.999819000 -113.702280000
0.000000000 2.470620371 4.282408644 0.489404932 0.500837642 0.000000000 0.000000000 -0.999693000 -0.019137000 -0.015745000 -1671.223930000 0.018983000 -0.999771000 0.009898000 13935.429051000 -0.015931000 0.009596000 0.999827000 -113.704072000
0.000000000 2.470620371 4.282408644 0.489404932 0.500837642 0.000000000 0.000000000 -0.999720000 -0.016941000 -0.016523000 -1671.602637000 0.016785000 -0.999814000 0.009547000 13935.072947000 -0.016681000 0.009267000 0.999818000 -113.707260000
0.000000000 2.470620371 4.282408644 0.489404932 0.500837642 0.000000000 0.000000000 -0.999744000 -0.014268000 -0.017585000 -1671.980129000 0.014115000 -0.999862000 0.008786000 13934.715394000 -0.017708000 0.008535000 0.999807000 -113.711159000
0.000000000 2.470620371 4.282408644 0.489404932 0.500837642 0.000000000 0.000000000 -0.999760000 -0.012260000 -0.018155000 -1672.353491000 0.012110000 -0.999892000 0.008358000 13934.357432000 -0.018256000 0.008136000 0.999800000 -113.715182000
0.000000000 2.470620371 4.282408644 0.489404932 0.500837642 0.000000000 0.000000000 -0.999797000 -0.010514000 -0.017184000 -1672.723074000 0.010395000 -0.999921000 0.007015000 13933.998798000 -0.017256000 0.006834000 0.999828000 -113.718271000
0.000000000 2.470620371 4.282408644 0.489404932 0.500837642 0.000000000 0.000000000 -0.999826000 -0.008584000 -0.016538000 -1673.091178000 0.008483000 -0.999945000 0.006153000 13933.640904000 -0.016590000 0.006012000 0.999844000 -113.722288000
0.000000000 2.470620371 4.282408644 0.489404932 0.500837642 0.000000000 0.000000000 -0.999842000 -0.006564000 -0.016500000 -1673.459131000 0.006479000 -0.999965000 0.005238000 13933.283505000 -0.016534000 0.005130000 0.999850000 -113.727076000
0.000000000 2.470620371 4.282408644 0.489404932 0.500837642 0.000000000 0.000000000 -0.999835000 -0.004850000 -0.017527000 -1673.826858000 0.004760000 -0.999975000 0.005160000 13932.928289000 -0.017551000 0.005076000 0.999833000 -113.731314000
0.000000000 2.470620371 4.282408644 0.489404932 0.500837642 0.000000000 0.000000000 -0.999837000 -0.003326000 -0.017719000 -1674.191999000 0.003215000 -0.999975000 0.006289000 13932.576210000 -0.017739000 0.006231000 0.999823000 -113.736416000
0.000000000 2.470620371 4.282408644 0.489404932 0.500837642 0.000000000 0.000000000 -0.999857000 -0.001595000 -0.016835000 -1674.552163000 0.001475000 -0.999974000 0.007126000 13932.225724000 -0.016846000 0.007100000 0.999833000 -113.740536000
0.000000000 2.470620371 4.282408644 0.489404932 0.500837642 0.000000000 0.000000000 -0.999873000 0.000046000 -0.015965000 -1674.906443000 -0.000160000 -0.999974000 0.007155000 13931.875998000 -0.015964000 0.007156000 0.999847000 -113.744456000
0.000000000 2.470620371 4.282408644 0.489404932 0.500837642 0.000000000 0.000000000 -0.999867000 0.001680000 -0.016195000 -1675.257783000 -0.001775000 -0.999981000 0.005843000 13931.527943000 -0.016185000 0.005871000 0.999852000 -113.747954000
0.000000000 2.470620371 4.282408644 0.489404932 0.500837642 0.000000000 0.000000000 -0.999867000 0.003137000 -0.016027000 -1675.603901000 -0.003188000 -0.999990000 0.003174000 13931.183053000 -0.016017000 0.003225000 0.999867000 -113.751324000
0.000000000 2.470620371 4.282408644 0.489404932 0.500837642 0.000000000 0.000000000 -0.999863000 0.004104000 -0.016040000 -1675.944439000 -0.004138000 -0.999989000 0.002074000 13930.844347000 -0.016032000 0.002140000 0.999869000 -113.756397000
0.000000000 2.470620371 4.282408644 0.489404932 0.500837642 0.000000000 0.000000000 -0.999861000 0.004864000 -0.015965000 -1676.280159000 -0.004914000 -0.999983000 0.003078000 13930.514774000 -0.015950000 0.003156000 0.999868000 -113.761313000
0.000000000 2.470620371 4.282408644 0.489404932 0.500837642 0.000000000 0.000000000 -0.999865000 0.005533000 -0.015484000 -1676.609643000 -0.005598000 -0.999975000 0.004216000 13930.193157000 -0.015460000 0.004302000 0.999871000 -113.765631000
0.000000000 2.470620371 4.282408644 0.489404932 0.500837642 0.000000000 0.000000000 -0.999857000 0.006103000 -0.015756000 -1676.932283000 -0.006174000 -0.999971000 0.004480000 13929.874810000 -0.015728000 0.004577000 0.999866000 -113.769675000
0.000000000 2.470620371 4.282408644 0.489404932 0.500837642 0.000000000 0.000000000 -0.999850000 0.006584000 -0.016033000 -1677.248871000 -0.006646000 -0.999971000 0.003797000 13929.561083000 -0.016008000 0.003903000 0.999864000 -113.773655000
0.000000000 2.470620371 4.282408644 0.489404932 0.500837642 0.000000000 0.000000000 -0.999842000 0.006868000 -0.016374000 -1677.559624000 -0.006930000 -0.999969000 0.003726000 13929.254808000 -0.016348000 0.003839000 0.999859000 -113.778111000
0.000000000 2.470620371 4.282408644 0.489404932 0.500837642 0.000000000 0.000000000 -0.999842000 0.006961000 -0.016372000 -1677.864233000 -0.007030000 -0.999967000 0.004132000 13928.955062000 -0.016342000 0.004246000 0.999857000 -113.782710000
0.000000000 2.470620371 4.282408644 0.489404932 0.500837642 0.000000000 0.000000000 -0.999827000 0.007233000 -0.017111000 -1678.164470000 -0.007325000 -0.999959000 0.005284000 13928.661944000 -0.017072000 0.005408000 0.999840000 -113.786434000
0.000000000 2.470620371 4.282408644 0.489404932 0.500837642 0.000000000 0.000000000 -0.999814000 0.007510000 -0.017788000 -1678.459011000 -0.007612000 -0.999955000 0.005690000 13928.374650000 -0.017745000 0.005824000 0.999826000 -113.790815000
0.000000000 2.470620371 4.282408644 0.489404932 0.500837642 0.000000000 0.000000000 -0.999804000 0.007601000 -0.018264000 -1678.746824000 -0.007703000 -0.999955000 0.005487000 13928.091035000 -0.018222000 0.005627000 0.999818000 -113.794563000
0.000000000 2.470620371 4.282408644 0.489404932 0.500837642 0.000000000 0.000000000 -0.999812000 0.007323000 -0.017928000 -1679.027713000 -0.007409000 -0.999961000 0.004745000 13927.811732000 -0.017893000 0.004877000 0.999828000 -113.797905000
0.000000000 2.470620371 4.282408644 0.489404932 0.500837642 0.000000000 0.000000000 -0.999825000 0.007139000 -0.017318000 -1679.303644000 -0.007221000 -0.999963000 0.004677000 13927.538762000 -0.017284000 0.004801000 0.999839000 -113.802268000
0.000000000 2.470620371 4.282408644 0.489404932 0.500837642 0.000000000 0.000000000 -0.999828000 0.007329000 -0.017043000 -1679.575434000 -0.007423000 -0.999957000 0.005485000 13927.273058000 -0.017002000 0.005611000 0.999840000 -113.805156000
0.000000000 2.470620371 4.282408644 0.489404932 0.500837642 0.000000000 0.000000000 -0.999816000 0.007407000 -0.017712000 -1679.843848000 -0.007532000 -0.999947000 0.006979000 13927.013336000 -0.017659000 0.007111000 0.999819000 -113.809474000
0.000000000 2.470620371 4.282408644 0.489404932 0.500837642 0.000000000 0.000000000 -0.999785000 0.007275000 -0.019393000 -1680.108924000 -0.007453000 -0.999931000 0.009092000 13926.758978000 -0.019325000 0.009235000 0.999771000 -113.813376000
0.000000000 2.470620371 4.282408644 0.489404932 0.500837642 0.000000000 0.000000000 -0.999776000 0.007164000 -0.019926000 -1680.368900000 -0.007373000 -0.999918000 0.010453000 13926.508640000 -0.019849000 0.010598000 0.999747000 -113.816683000
0.000000000 2.470620371 4.282408644 0.489404932 0.500837642 0.000000000 0.000000000 -0.999765000 0.007151000 -0.020463000 -1680.622820000 -0.007382000 -0.999909000 0.011270000 13926.260640000 -0.020380000 0.011418000 0.999727000 -113.819521000
0.000000000 2.470620371 4.282408644 0.489404932 0.500837642 0.000000000 0.000000000 -0.999768000 0.006865000 -0.020393000 -1680.871826000 -0.007092000 -0.999914000 0.011072000 13926.015151000 -0.020315000 0.011214000 0.999731000 -113.821640000
0.000000000 2.470620371 4.282408644 0.489404932 0.500837642 0.000000000 0.000000000 -0.999774000 0.006678000 -0.020189000 -1681.116696000 -0.006898000 -0.999917000 0.010871000 13925.773670000 -0.020115000 0.011008000 0.999737000 -113.824602000
0.000000000 2.470620371 4.282408644 0.489404932 0.500837642 0.000000000 0.000000000 -0.999785000 0.006877000 -0.019578000 -1681.356834000 -0.007100000 -0.999911000 0.011338000 13925.537264000 -0.019498000 0.011474000 0.999744000 -113.826435000
0.000000000 2.470620371 4.282408644 0.489404932 0.500837642 0.000000000 0.000000000 -0.999807000 0.006990000 -0.018355000 -1681.592654000 -0.007211000 -0.999902000 0.012006000 13925.304306000 -0.018269000 0.012136000 0.999759000 -113.828367000
0.000000000 2.470620371 4.282408644 0.489404932 0.500837642 0.000000000 0.000000000 -0.999815000 0.006896000 -0.017939000 -1681.825771000 -0.007134000 -0.999887000 0.013225000 13925.075544000 -0.017846000 0.013351000 0.999752000 -113.830717000
0.000000000 2.470620371 4.282408644 0.489404932 0.500837642 0.000000000 0.000000000 -0.999803000 0.006882000 -0.018609000 -1682.058957000 -0.007151000 -0.999870000 0.014449000 13924.850535000 -0.018507000 0.014580000 0.999722000 -113.832322000
0.000000000 2.470620371 4.282408644 0.489404932 0.500837642 0.000000000 0.000000000 -0.999771000 0.006847000 -0.020293000 -1682.292929000 -0.007173000 -0.999846000 0.016019000 13924.628169000 -0.020181000 0.016161000 0.999666000 -113.833782000
0.000000000 2.470620371 4.282408644 0.489404932 0.500837642 0.000000000 0.000000000 -0.999746000 0.006725000 -0.021505000 -1682.524379000 -0.007091000 -0.999831000 0.016978000 13924.405560000 -0.021388000 0.017126000 0.999625000 -113.836286000
0.000000000 2.470620371 4.282408644 0.489404932 0.500837642 0.000000000 0.000000000 -0.999750000 0.006439000 -0.021432000 -1682.752071000 -0.006805000 -0.999831000 0.017052000 13924.182694000 -0.021319000 0.017193000 0.999625000 -113.837142000
0.000000000 2.470620371 4.282408644 0.489404932 0.500837642 0.000000000 0.000000000 -0.999759000 0.006545000 -0.020962000 -1682.976989000 -0.006896000 -0.999837000 0.016707000 13923.959302000 -0.020849000 0.016848000 0.999641000 -113.837917000