0.000000000 2.493616088 4.322267885 0.489374134 0.512875673 0.000000000 0.000000000 -0.999688000 0.019326000 0.015816000 6075.511294000 -0.019444000 -0.999784000 -0.007332000 1562.146676000 0.015671000 -0.007637000 0.999848000 184.975652000
0.000000000 2.493616088 4.322267885 0.489374134 0.512875673 0.000000000 0.000000000 -0.999633000 0.021914000 0.015932000 6075.460128000 -0.022033000 -0.999730000 -0.007386000 1562.141826000 0.015766000 -0.007734000 0.999846000 184.974799000
0.000000000 2.493616088 4.322267885 0.489374134 0.512875673 0.000000000 0.000000000 -0.999584000 0.024022000 0.015954000 6075.417713000 -0.024150000 -0.999678000 -0.007831000 1562.137372000 0.015761000 -0.008213000 0.999842000 184.974793000
0.000000000 2.493616088 4.322267885 0.489374134 0.512875673 0.000000000 0.000000000 -0.999537000 0.025940000 0.015877000 6075.383852000 -0.026069000 -0.999628000 -0.007994000 1562.134029000 0.015663000 -0.008404000 0.999842000 184.974643000
0.000000000 2.493616088 4.322267885 0.489374134 0.512875673 0.000000000 0.000000000 -0.999482000 0.027758000 0.016266000 6075.357140000 -0.027882000 -0.999583000 -0.007479000 1562.131414000 0.016051000 -0.007928000 0.999840000 184.975241000
0.000000000 2.493616088 4.322267885 0.489374134 0.512875673 0.000000000 0.000000000 -0.999433000 0.029094000 0.016943000 6075.333407000 -0.029221000 -0.999547000 -0.007252000 1562.128702000 0.016724000 -0.007743000 0.999830000 184.975279000
0.000000000 2.493616088 4.322267885 0.489374134 0.512875673 0.000000000 0.000000000 -0.999395000 0.030146000 0.017332000 6075.310548000 -0.030273000 -0.999516000 -0.007130000 1562.126994000 0.017109000 -0.007651000 0.999824000 184.974871000
0.000000000 2.493616088 4.322267885 0.489374134 0.512875673 0.000000000 0.000000000 -0.999358000 0.031391000 0.017253000 6075.288196000 -0.031524000 -0.999475000 -0.007494000 1562.124491000 0.017009000 -0.008033000 0.999823000 184.974719000
0.000000000 2.493616088 4.322267885 0.489374134 0.512875673 0.000000000 0.000000000 -0.999317000 0.032734000 0.017163000 6075.266428000 -0.032863000 -0.999433000 -0.007282000 1562.122702000 0.016915000 -0.007841000 0.999826000 184.975574000
0.000000000 2.493616088 4.322267885 0.489374134 0.512875673 0.000000000 0.000000000 -0.999275000 0.033883000 0.017361000 6075.245412000 -0.034011000 -0.999396000 -0.007161000 1562.120744000 0.017108000 -0.007746000 0.999824000 184.974870000
0.000000000 2.493616088 4.322267885 0.489374134 0.512875673 0.000000000 0.000000000 -0.999237000 0.034936000 0.017462000 6075.224664000 -0.035063000 -0.999360000 -0.007045000 1562.118701000 0.017204000 -0.007652000 0.999823000 184.975019000
0.000000000 2.493616088 4.322267885 0.489374134 0.512875673 0.000000000 0.000000000 -0.999196000 0.036086000 0.017470000 6075.204329000 -0.036213000 -0.999319000 -0.007025000 1562.116509000 0.017204000 -0.007652000 0.999823000 184.975019000
0.000000000 2.493616088 4.322267885 0.489374134 0.512875673 0.000000000 0.000000000 -0.999145000 0.037426000 0.017580000 6075.184413000 -0.037557000 -0.999269000 -0.007190000 1562.113682000 0.017298000 -0.007844000 0.999820000 184.975165000
0.000000000 2.493616088 4.322267885 0.489374134 0.512875673 0.000000000 0.000000000 -0.999105000 0.038480000 0.017588000 6075.164653000 -0.038611000 -0.999229000 -0.007171000 1562.111341000 0.017298000 -0.007844000 0.999820000 184.975165000
0.000000000 2.493616088 4.322267885 0.489374134 0.512875673 0.000000000 0.000000000 -0.999067000 0.039438000 0.017595000 6075.145048000 -0.039568000 -0.999191000 -0.007155000 1562.109250000 0.017298000 -0.007844000 0.999820000 184.975165000
0.000000000 2.493616088 4.322267885 0.489374134 0.512875673 0.000000000 0.000000000 -0.999020000 0.040685000 0.017412000 6075.125538000 -0.040814000 -0.999141000 -0.007139000 1562.106708000 0.017107000 -0.007842000 0.999823000 184.974869000
0.000000000 2.493616088 4.322267885 0.489374134 0.512875673 0.000000000 0.000000000 -0.998999000 0.041358000 0.017043000 6075.108968000 -0.041489000 -0.999111000 -0.007427000 1562.104967000 0.016721000 -0.008126000 0.999827000 184.975274000
0.000000000 2.493616088 4.322267885 0.489374134 0.512875673 0.000000000 0.000000000 -0.998993000 0.041648000 0.016665000 6075.098792000 -0.041778000 -0.999099000 -0.007530000 1562.104333000 0.016336000 -0.008219000 0.999833000 184.974682000
0.000000000 2.493616088 4.322267885 0.489374134 0.512875673 0.000000000 0.000000000 -0.998987000 0.041840000 0.016570000 6075.096971000 -0.041970000 -0.999091000 -0.007530000 1562.104157000 0.016240000 -0.008218000 0.999834000 184.975534000
0.000000000 2.493616088 4.322267885 0.489374134 0.512875673 0.000000000 0.000000000 -0.998979000 0.041837000 0.017040000 6075.102395000 -0.041965000 -0.999093000 -0.007227000 1562.104808000 0.016722000 -0.007935000 0.999829000 184.975277000
0.000000000 2.493616088 4.322267885 0.489374134 0.512875673 0.000000000 0.000000000 -0.998953000 0.042021000 0.018083000 6075.107756000 -0.042150000 -0.999088000 -0.006806000 1562.105797000 0.017780000 -0.007561000 0.999813000 184.974907000
0.000000000 2.493616088 4.322267885 0.489374134 0.512875673 0.000000000 0.000000000 -0.998944000 0.042017000 0.018565000 6075.108463000 -0.042151000 -0.999088000 -0.006886000 1562.104420000 0.018259000 -0.007661000 0.999804000 184.974644000
0.000000000 2.493616088 4.322267885 0.489374134 0.512875673 0.000000000 0.000000000 -0.998979000 0.041641000 0.017518000 6075.107792000 -0.041773000 -0.999101000 -0.007215000 1562.102719000 0.017202000 -0.007939000 0.999821000 184.975016000
0.000000000 2.493616088 4.322267885 0.489374134 0.512875673 0.000000000 0.000000000 -0.998982000 0.041838000 0.016849000 6075.109832000 -0.041965000 -0.999093000 -0.007233000 1562.102309000 0.016531000 -0.007933000 0.999832000 184.974981000
0.000000000 2.493616088 4.322267885 0.489374134 0.512875673 0.000000000 0.000000000 -0.998957000 0.042120000 0.017614000 6075.113670000 -0.042250000 -0.999082000 -0.007107000 1562.101315000 0.017298000 -0.007844000 0.999820000 184.975165000
0.000000000 2.493616088 4.322267885 0.489374134 0.512875673 0.000000000 0.000000000 -0.998958000 0.041827000 0.018283000 6075.116521000 -0.041963000 -0.999094000 -0.007091000 1562.100929000 0.017969000 -0.007850000 0.999808000 184.975199000
0.000000000 2.493616088 4.322267885 0.489374134 0.512875673 0.000000000 0.000000000 -0.998967000 0.041733000 0.018001000 6075.118626000 -0.041870000 -0.999096000 -0.007293000 1562.100396000 0.017680000 -0.008039000 0.999811000 184.974753000
0.000000000 2.493616088 4.322267885 0.489374134 0.512875673 0.000000000 0.000000000 -0.998956000 0.042119000 0.017710000 6075.121026000 -0.042250000 -0.999082000 -0.007104000 1562.101649000 0.017394000 -0.007845000 0.999818000 184.975313000
0.000000000 2.493616088 4.322267885 0.489374134 0.512875673 0.000000000 0.000000000 -0.998962000 0.041926000 0.017807000 6075.123102000 -0.042060000 -0.999089000 -0.007200000 1562.101439000 0.017489000 -0.007942000 0.999816000 184.975459000
0.000000000 2.493616088 4.322267885 0.489374134 0.512875673 0.000000000 0.000000000 -0.998970000 0.041735000 0.017806000 6075.124297000 -0.041869000 -0.999097000 -0.007204000 1562.100488000 0.017489000 -0.007942000 0.999816000 184.975459000
0.000000000 2.493616088 4.322267885 0.489374134 0.512875673 0.000000000 0.000000000 -0.998963000 0.042024000 0.017524000 6075.124886000 -0.042158000 -0.999084000 -0.007304000 1562.101734000 0.017201000 -0.008035000 0.999820000 184.975015000
0.000000000 2.493616088 4.322267885 0.489374134 0.512875673 0.000000000 0.000000000 -0.998969000 0.041929000 0.017427000 6075.125903000 -0.042062000 -0.999088000 -0.007309000 1562.101844000 0.017105000 -0.008034000 0.999821000 184.974867000
0.000000000 2.493616088 4.322267885 0.489374134 0.512875673 0.000000000 0.000000000 -0.998977000 0.041738000 0.017426000 6075.126387000 -0.041870000 -0.999096000 -0.007312000 1562.101936000 0.017105000 -0.008034000 0.999821000 184.974867000
0.000000000 2.493616088 4.322267885 0.489374134 0.512875673 0.000000000 0.000000000 -0.998970000 0.041930000 0.017331000 6075.126274000 -0.042062000 -0.999088000 -0.007312000 1562.101883000 0.017009000 -0.008033000 0.999823000 184.974719000
0.000000000 2.493616088 4.322267885 0.489374134 0.512875673 0.000000000 0.000000000 -0.998969000 0.042027000 0.017140000 6075.126183000 -0.042158000 -0.999084000 -0.007316000 1562.101985000 0.016817000 -0.008031000 0.999826000 184.975423000
0.000000000 2.493616088 4.322267885 0.489374134 0.512875673 0.000000000 0.000000000 -0.998977000 0.041836000 0.017139000 6075.126279000 -0.041966000 -0.999092000 -0.007320000 1562.101990000 0.016817000 -0.008031000 0.999826000 184.975423000
0.000000000 2.493616088 4.322267885 0.489374134 0.512875673 0.000000000 0.000000000 -0.998970000 0.041930000 0.017331000 6075.126379000 -0.042062000 -0.999088000 -0.007312000 1562.101800000 0.017009000 -0.008033000 0.999823000 184.974719000
0.000000000 2.493616088 4.322267885 0.489374134 0.512875673 0.000000000 0.000000000 -0.657118000 0.753722000 0.009923000 6090.243938000 -0.753786000 -0.657030000 -0.010881000 1562.326249000 -0.001682000 -0.014630000 0.999892000 185.021906000
0.000000000 2.493616088 4.322267885 0.489374134 0.512875673 0.000000000 0.000000000 -0.657190000 0.753658000 0.010011000 6090.244006000 -0.753723000 -0.657104000 -0.010780000 1562.326257000 -0.001546000 -0.014630000 0.999892000 185.022061000
0.000000000 2.493616088 4.322267885 0.489374134 0.512875673 0.000000000 0.000000000 -0.657118000 0.753720000 0.010115000 6090.244091000 -0.753786000 -0.657030000 -0.010868000 1562.326209000 -0.001546000 -0.014766000 0.999890000 185.022193000
0.000000000 2.493616088 4.322267885 0.489374134 0.512875673 0.000000000 0.000000000 -0.657046000 0.753784000 0.010033000 6090.243982000 -0.753849000 -0.656955000 -0.011065000 1562.325974000 -0.001749000 -0.014834000 0.999888000 185.022026000
0.000000000 2.493616088 4.322267885 0.489374134 0.512875673 0.000000000 0.000000000 -0.657118000 0.753719000 0.010128000 6090.244138000 -0.753786000 -0.657027000 -0.011059000 1562.326042000 -0.001681000 -0.014902000 0.999888000 185.022169000
0.000000000 2.493616088 4.322267885 0.489374134 0.512875673 0.000000000 0.000000000 -0.657046000 0.753782000 0.010129000 6090.244044000 -0.753849000 -0.656955000 -0.011058000 1562.326119000 -0.001681000 -0.014902000 0.999888000 185.022169000
0.000000000 2.493616088 4.322267885 0.489374134 0.512875673 0.000000000 0.000000000 -0.657118000 0.753719000 0.010128000 6090.244110000 -0.753786000 -0.657027000 -0.011059000 1562.326101000 -0.001681000 -0.014902000 0.999888000 185.022169000
0.000000000 2.493616088 4.322267885 0.489374134 0.512875673 0.000000000 0.000000000 -0.657118000 0.753721000 0.010039000 6090.243993000 -0.753785000 -0.657026000 -0.011162000 1562.326025000 -0.001817000 -0.014902000 0.999887000 185.022014000
0.000000000 2.493616088 4.322267885 0.489374134 0.512875673 0.000000000 0.000000000 -0.656974000 0.753845000 0.010130000 6090.244082000 -0.753912000 -0.656883000 -0.011057000 1562.326123000 -0.001681000 -0.014902000 0.999888000 185.022169000
0.000000000 2.493616088 4.322267885 0.489374134 0.512875673 0.000000000 0.000000000 -0.657046000 0.753782000 0.010129000 6090.243993000 -0.753849000 -0.656955000 -0.011058000 1562.326134000 -0.001681000 -0.014902000 0.999888000 185.022169000
0.000000000 2.493616088 4.322267885 0.489374134 0.512875673 0.000000000 0.000000000 -0.657118000 0.753719000 0.010121000 6090.244029000 -0.753786000 -0.657029000 -0.010964000 1562.326231000 -0.001614000 -0.014834000 0.999889000 185.022181000
0.000000000 2.493616088 4.322267885 0.489374134 0.512875673 0.000000000 0.000000000 -0.657046000 0.753782000 0.010129000 6090.244060000 -0.753849000 -0.656955000 -0.011058000 1562.326149000 -0.001681000 -0.014902000 0.999888000 185.022169000
0.000000000 2.493616088 4.322267885 0.489374134 0.512875673 0.000000000 0.000000000 -0.656974000 0.753845000 0.010130000 6090.244038000 -0.753912000 -0.656883000 -0.011057000 1562.326152000 -0.001681000 -0.014902000 0.999888000 185.022169000
0.000000000 2.493616088 4.322267885 0.489374134 0.512875673 0.000000000 0.000000000 -0.657046000 0.753782000 0.010129000 6090.243998000 -0.753849000 -0.656955000 -0.011058000 1562.326077000 -0.001681000 -0.014902000 0.999888000 185.022169000
0.000000000 2.493616088 4.322267885 0.489374134 0.512875673 0.000000000 0.000000000 -0.657046000 0.753783000 0.010122000 6090.244035000 -0.753849000 -0.656956000 -0.010963000 1562.326240000 -0.001614000 -0.014834000 0.999889000 185.022181000
0.000000000 2.493616088 4.322267885 0.489374134 0.512875673 0.000000000 0.000000000 -0.657046000 0.753784000 0.010027000 6090.243931000 -0.753849000 -0.656956000 -0.010969000 1562.326232000 -0.001681000 -0.014766000 0.999890000 185.022037000
0.000000000 2.493616088 4.322267885 0.489374134 0.512875673 0.000000000 0.000000000 -0.657118000 0.753719000 0.010128000 6090.244069000 -0.753786000 -0.657027000 -0.011059000 1562.326217000 -0.001681000 -0.014902000 0.999888000 185.022169000
0.000000000 2.493616088 4.322267885 0.489374134 0.512875673 0.000000000 0.000000000 -0.657046000 0.753782000 0.010129000 6090.244076000 -0.753849000 -0.656955000 -0.011058000 1562.326205000 -0.001681000 -0.014902000 0.999888000 185.022169000
0.000000000 2.493616088 4.322267885 0.489374134 0.512875673 0.000000000 0.000000000 -0.657046000 0.753782000 0.010129000 6090.244056000 -0.753849000 -0.656955000 -0.011058000 1562.326114000 -0.001681000 -0.014902000 0.999888000 185.022169000
0.000000000 2.493616088 4.322267885 0.489374134 0.512875673 0.000000000 0.000000000 -0.657046000 0.753781000 0.010211000 6090.244090000 -0.753849000 -0.656958000 -0.010860000 1562.326239000 -0.001478000 -0.014833000 0.999889000 185.022336000
0.000000000 2.493616088 4.322267885 0.489374134 0.512875673 0.000000000 0.000000000 -0.657046000 0.753781000 0.010218000 6090.244075000 -0.753849000 -0.656957000 -0.010956000 1562.326142000 -0.001546000 -0.014901000 0.999888000 185.022324000
0.000000000 2.493616088 4.322267885 0.489374134 0.512875673 0.000000000 0.000000000 -0.656974000 0.753844000 0.010219000 6090.244101000 -0.753912000 -0.656884000 -0.010955000 1562.326161000 -0.001546000 -0.014901000 0.999888000 185.022324000
0.000000000 2.493616088 4.322267885 0.489374134 0.512875673 0.000000000 0.000000000 -0.657046000 0.753781000 0.010218000 6090.244164000 -0.753849000 -0.656957000 -0.010956000 1562.326109000 -0.001546000 -0.014901000 0.999888000 185.022324000
0.000000000 2.493616088 4.322267885 0.489374134 0.512875673 0.000000000 0.000000000 -0.657046000 0.753781000 0.010211000 6090.244074000 -0.753849000 -0.656958000 -0.010860000 1562.326174000 -0.001478000 -0.014833000 0.999889000 185.022336000
0.000000000 2.493616088 4.322267885 0.489374134 0.512875673 0.000000000 0.000000000 -0.657046000 0.753781000 0.010211000 6090.244054000 -0.753849000 -0.656958000 -0.010860000 1562.326297000 -0.001478000 -0.014833000 0.999889000 185.022336000
0.000000000 2.493616088 4.322267885 0.489374134 0.512875673 0.000000000 0.000000000 -0.657046000 0.753781000 0.010218000 6090.244090000 -0.753849000 -0.656957000 -0.010956000 1562.326110000 -0.001546000 -0.014901000 0.999888000 185.022324000
0.000000000 2.493616088 4.322267885 0.489374134 0.512875673 0.000000000 0.000000000 -0.657046000 0.753781000 0.010218000 6090.244166000 -0.753849000 -0.656957000 -0.010956000 1562.326044000 -0.001546000 -0.014901000 0.999888000 185.022324000
0.000000000 2.493616088 4.322267885 0.489374134 0.512875673 0.000000000 0.000000000 -0.657046000 0.753783000 0.010122000 6090.243976000 -0.753849000 -0.656956000 -0.010963000 1562.326120000 -0.001614000 -0.014834000 0.999889000 185.022181000
0.000000000 2.493616088 4.322267885 0.489374134 0.512875673 0.000000000 0.000000000 -0.657046000 0.753781000 0.010211000 6090.244062000 -0.753849000 -0.656958000 -0.010860000 1562.326223000 -0.001478000 -0.014833000 0.999889000 185.022336000
0.000000000 2.493616088 4.322267885 0.489374134 0.512875673 0.000000000 0.000000000 -0.657046000 0.753781000 0.010218000 6090.244107000 -0.753849000 -0.656957000 -0.010956000 1562.326114000 -0.001546000 -0.014901000 0.999888000 185.022324000
0.000000000 2.493616088 4.322267885 0.489374134 0.512875673 0.000000000 0.000000000 -0.657046000 0.753781000 0.010218000 6090.244070000 -0.753849000 -0.656957000 -0.010956000 1562.326188000 -0.001546000 -0.014901000 0.999888000 185.022324000
0.000000000 2.493616088 4.322267885 0.489374134 0.512875673 0.000000000 0.000000000 -0.657046000 0.753783000 0.010122000 6090.243962000 -0.753849000 -0.656956000 -0.010963000 1562.326187000 -0.001614000 -0.014834000 0.999889000 185.022181000
0.000000000 2.493616088 4.322267885 0.489374134 0.512875673 0.000000000 0.000000000 -0.657046000 0.753781000 0.010218000 6090.244085000 -0.753849000 -0.656957000 -0.010956000 1562.326201000 -0.001546000 -0.014901000 0.999888000 185.022324000
0.000000000 2.493616088 4.322267885 0.489374134 0.512875673 0.000000000 0.000000000 -0.657046000 0.753781000 0.010218000 6090.244093000 -0.753849000 -0.656957000 -0.010956000 1562.326109000 -0.001546000 -0.014901000 0.999888000 185.022324000
0.000000000 2.493616088 4.322267885 0.489374134 0.512875673 0.000000000 0.000000000 -0.657046000 0.753781000 0.010225000 6090.244106000 -0.753849000 -0.656955000 -0.011052000 1562.326053000 -0.001613000 -0.014969000 0.999887000 185.022313000
0.000000000 2.493616088 4.322267885 0.489374134 0.512875673 0.000000000 0.000000000 -0.657046000 0.753781000 0.010225000 6090.244152000 -0.753849000 -0.656955000 -0.011052000 1562.326015000 -0.001613000 -0.014969000 0.999887000 185.022313000
0.000000000 2.493616088 4.322267885 0.489374134 0.512875673 0.000000000 0.000000000 -0.657046000 0.753781000 0.010225000 6090.244074000 -0.753849000 -0.656955000 -0.011052000 1562.326121000 -0.001613000 -0.014969000 0.999887000 185.022313000
0.000000000 2.493616088 4.322267885 0.489374134 0.512875673 0.000000000 0.000000000 -0.657046000 0.753781000 0.010218000 6090.244086000 -0.753849000 -0.656957000 -0.010956000 1562.326222000 -0.001546000 -0.014901000 0.999888000 185.022324000
0.000000000 2.493616088 4.322267885 0.489374134 0.512875673 0.000000000 0.000000000 -0.657046000 0.753781000 0.010218000 6090.244159000 -0.753849000 -0.656957000 -0.010956000 1562.326125000 -0.001546000 -0.014901000 0.999888000 185.022324000
0.000000000 2.493616088 4.322267885 0.489374134 0.512875673 0.000000000 0.000000000 -0.657046000 0.753781000 0.010218000 6090.244045000 -0.753849000 -0.656957000 -0.010956000 1562.326070000 -0.001546000 -0.014901000 0.999888000 185.022324000
0.000000000 2.493616088 4.322267885 0.489374134 0.512875673 0.000000000 0.000000000 -0.656974000 0.753844000 0.010212000 6090.244074000 -0.753912000 -0.656886000 -0.010859000 1562.326172000 -0.001478000 -0.014833000 0.999889000 185.022336000
0.000000000 2.493616088 4.322267885 0.489374134 0.512875673 0.000000000 0.000000000 -0.657046000 0.753783000 0.010116000 6090.242505000 -0.753849000 -0.656958000 -0.010867000 1562.324734000 -0.001546000 -0.014766000 0.999890000 185.022193000
0.000000000 2.493616088 4.322267885 0.489374134 0.512875673 0.000000000 0.000000000 -0.656974000 0.753846000 0.010117000 6090.237119000 -0.753912000 -0.656886000 -0.010866000 1562.323833000 -0.001546000 -0.014766000 0.999890000 185.022193000
0.000000000 2.493616088 4.322267885 0.489374134 0.512875673 0.000000000 0.000000000 -0.657118000 0.753721000 0.010019000 6090.232802000 -0.753786000 -0.657030000 -0.010875000 1562.323657000 -0.001614000 -0.014698000 0.999891000 185.022049000