0 0.516224783 0.917732997 0.500000000 0.500000000 0.000000000 0.000000000 0.964442790 0.053978886 -0.258720696 0.251292870 -0.056355577 0.998409212 -0.001773014 0.048439060 0.258213401 0.016290324 0.965950549 -0.089348209
0 0.516224783 0.917732997 0.500000000 0.500000000 0.000000000 0.000000000 0.961335659 0.056232087 -0.269576907 0.261707402 -0.058799230 0.998268783 -0.001450639 0.049748184 0.269028634 0.017245466 0.962977767 -0.090896000
0 0.516224783 0.917732997 0.500000000 0.500000000 0.000000000 0.000000000 0.958111644 0.058353800 -0.280387104 0.271832910 -0.061111208 0.998130381 -0.001093700 0.050537404 0.279799044 0.018182680 0.959886372 -0.092672344
0 0.516224783 0.917732997 0.500000000 0.500000000 0.000000000 0.000000000 0.954845905 0.060493957 -0.290877521 0.281619415 -0.063420393 0.997986674 -0.000634419 0.051225572 0.290253520 0.019053338 0.956760108 -0.094680437
0 0.516224783 0.917732997 0.500000000 0.500000000 0.000000000 0.000000000 0.951428235 0.062734358 -0.301411271 0.291460459 -0.065822691 0.997831345 -0.000090433 0.051927031 0.300751954 0.019925741 0.953494251 -0.096576425
0 0.516224783 0.917732997 0.500000000 0.500000000 0.000000000 0.000000000 0.947910726 0.064993888 -0.311835021 0.301269533 -0.068288989 0.997665524 0.000353710 0.052877818 0.311130047 0.020959612 0.950136185 -0.098410858
0 0.516224783 0.917732997 0.500000000 0.500000000 0.000000000 0.000000000 0.944325387 0.066989161 -0.322121173 0.310734852 -0.070420511 0.997516870 0.001002559 0.053371027 0.321388453 0.021737194 0.946697950 -0.100142423
0 0.516224783 0.917732997 0.500000000 0.500000000 0.000000000 0.000000000 0.940622628 0.069093019 -0.332348108 0.320521982 -0.072653212 0.997355759 0.001718291 0.053911069 0.331588030 0.022529893 0.943155229 -0.102205576
0 0.516224783 0.917732997 0.500000000 0.500000000 0.000000000 0.000000000 0.936802447 0.071088016 -0.342560381 0.329987059 -0.074744113 0.997199535 0.002535225 0.054576863 0.341781288 0.023229366 0.939492404 -0.104141596
0 0.516224783 0.917732997 0.500000000 0.500000000 0.000000000 0.000000000 0.932969689 0.073178619 -0.352437913 0.338901174 -0.076966681 0.997028291 0.003273130 0.054955550 0.351630092 0.024072247 0.935829461 -0.106510532
0 0.516224783 0.917732997 0.500000000 0.500000000 0.000000000 0.000000000 0.928994477 0.075103492 -0.362393111 0.348094725 -0.079069637 0.996861458 0.003897775 0.055172508 0.361548454 0.025033278 0.932017207 -0.108828860
0 0.516224783 0.917732997 0.500000000 0.500000000 0.000000000 0.000000000 0.925026596 0.077103518 -0.371995777 0.357180551 -0.081335127 0.996677399 0.004328490 0.055857640 0.371093512 0.026252355 0.928224325 -0.111196304
0 0.516224783 0.917732997 0.500000000 0.500000000 0.000000000 0.000000000 0.920960486 0.078910500 -0.381582171 0.366497233 -0.083333567 0.996509433 0.004948166 0.056111690 0.380640686 0.027241539 0.924321651 -0.113721371
0 0.516224783 0.917732997 0.500000000 0.500000000 0.000000000 0.000000000 0.916827261 0.081066690 -0.390968055 0.375757736 -0.085646704 0.996309042 0.005740242 0.056948736 0.389990330 0.028222313 0.920386374 -0.116033108
0 0.516224783 0.917732997 0.500000000 0.500000000 0.000000000 0.000000000 0.912757277 0.082966946 -0.399988234 0.384811780 -0.087691598 0.996126413 0.006511228 0.057444179 0.398979068 0.029132437 0.916497111 -0.119154497
0 0.516224783 0.917732997 0.500000000 0.500000000 0.000000000 0.000000000 0.908566415 0.084781580 -0.409046590 0.394022137 -0.089653485 0.995946348 0.007289528 0.058159567 0.408006459 0.030049430 0.912484407 -0.121906961
0 0.516224783 0.917732997 0.500000000 0.500000000 0.000000000 0.000000000 0.904392719 0.086650893 -0.417810291 0.402924529 -0.091657370 0.995757580 0.008111401 0.059044365 0.416740626 0.030959500 0.908498049 -0.125212665
0 0.516224783 0.917732997 0.500000000 0.500000000 0.000000000 0.000000000 0.900146484 0.088325776 -0.426538289 0.412228218 -0.093447886 0.995583892 0.008953334 0.059828957 0.425445467 0.031799786 0.904425204 -0.128527437
0 0.516224783 0.917732997 0.500000000 0.500000000 0.000000000 0.000000000 0.895833552 0.090158068 -0.435148031 0.421606815 -0.095449686 0.995386660 0.009732577 0.061086019 0.434018016 0.032815974 0.900306344 -0.131969672
0 0.516224783 0.917732997 0.500000000 0.500000000 0.000000000 0.000000000 0.891360819 0.091843523 -0.443892598 0.431534075 -0.097190991 0.995207727 0.010748402 0.062099313 0.442752510 0.033561658 0.896015525 -0.135599296
0 0.516224783 0.917732997 0.500000000 0.500000000 0.000000000 0.000000000 0.886897802 0.093589842 -0.452386141 0.442087638 -0.099004298 0.995017588 0.011752879 0.063795474 0.451232135 0.034364574 0.891744733 -0.138816566
0 0.516224783 0.917732997 0.500000000 0.500000000 0.000000000 0.000000000 0.882411301 0.095298775 -0.460725963 0.452529079 -0.100790337 0.994826198 0.012734642 0.065118897 0.459555835 0.035199534 0.887451112 -0.141844569
0 0.516224783 0.917732997 0.500000000 0.500000000 0.000000000 0.000000000 0.877683520 0.097051777 -0.469310731 0.464144990 -0.102752574 0.994615078 0.013519646 0.066966390 0.468095630 0.036356915 0.882929564 -0.144692235
0 0.516224783 0.917732997 0.500000000 0.500000000 0.000000000 0.000000000 0.873103738 0.098668762 -0.477445602 0.475701883 -0.104439363 0.994425237 0.014519573 0.068253458 0.476216584 0.037187021 0.878541350 -0.147356473
0 0.516224783 0.917732997 0.500000000 0.500000000 0.000000000 0.000000000 0.868391633 0.100185104 -0.485653102 0.487266964 -0.106018335 0.994242847 0.015531442 0.069471641 0.484413147 0.038000759 0.874013662 -0.149593344
0 0.516224783 0.917732997 0.500000000 0.500000000 0.000000000 0.000000000 0.863452315 0.101775311 -0.494056612 0.499320549 -0.107702032 0.994045556 0.016544113 0.070687539 0.492798567 0.038925845 0.869272292 -0.151086982
0 0.516224783 0.917732997 0.500000000 0.500000000 0.000000000 0.000000000 0.858596146 0.103530757 -0.502089679 0.509658276 -0.109497085 0.993829846 0.017682454 0.072010504 0.500822365 0.039795268 0.864634752 -0.153312249
0 0.516224783 0.917732997 0.500000000 0.500000000 0.000000000 0.000000000 0.853459477 0.105183356 -0.510434508 0.520336229 -0.111058287 0.993631065 0.019061610 0.073390757 0.509188533 0.040419668 0.859705329 -0.155206233
0 0.516224783 0.917732997 0.500000000 0.500000000 0.000000000 0.000000000 0.848328114 0.106946744 -0.518557489 0.530672014 -0.112805881 0.993408918 0.020336136 0.075245457 0.517314494 0.041244615 0.854800880 -0.156516254
0 0.516224783 0.917732997 0.500000000 0.500000000 0.000000000 0.000000000 0.843130291 0.108510904 -0.526646674 0.541196880 -0.114450425 0.993198216 0.021411356 0.076685282 0.525387883 0.042222373 0.849814594 -0.157862057
0 0.516224783 0.917732997 0.500000000 0.500000000 0.000000000 0.000000000 0.837872744 0.110259093 -0.534614027 0.551736537 -0.116319522 0.992957234 0.022486521 0.078154528 0.533328235 0.043345209 0.844797134 -0.158995413
0 0.516224783 0.917732997 0.500000000 0.500000000 0.000000000 0.000000000 0.832610726 0.111918613 -0.542433023 0.561695016 -0.117977418 0.992732525 0.023737460 0.079023309 0.541147530 0.044230781 0.839763641 -0.159978343
0 0.516224783 0.917732997 0.500000000 0.500000000 0.000000000 0.000000000 0.827296913 0.113509655 -0.550177574 0.571581171 -0.119709365 0.992500126 0.024761390 0.080047164 0.548861980 0.045376386 0.834680498 -0.160629815
0 0.516224783 0.917732997 0.500000000 0.500000000 0.000000000 0.000000000 0.821899354 0.114979252 -0.557907939 0.581889134 -0.121257260 0.992284060 0.025865944 0.080174424 0.556577206 0.046391185 0.829499662 -0.160346944
0 0.516224783 0.917732997 0.500000000 0.500000000 0.000000000 0.000000000 0.816493332 0.116610236 -0.565456212 0.591970352 -0.123038948 0.992036700 0.026918368 0.080315072 0.564092278 0.047594465 0.824338973 -0.160351355
0 0.516224783 0.917732997 0.500000000 0.500000000 0.000000000 0.000000000 0.811141729 0.118174918 -0.572785974 0.601716655 -0.124769919 0.991792440 0.027931731 0.080699714 0.571385622 0.048809864 0.819228947 -0.160440211
0 0.516224783 0.917732997 0.500000000 0.500000000 0.000000000 0.000000000 0.805787385 0.119626783 -0.579996645 0.611753136 -0.126212969 0.991574228 0.029169157 0.080412414 0.578599155 0.049698964 0.814096451 -0.160412662
0 0.516224783 0.917732997 0.500000000 0.500000000 0.000000000 0.000000000 0.800497174 0.121163525 -0.586961329 0.621602866 -0.127793998 0.991336226 0.030351317 0.080557459 0.585553527 0.050713997 0.809045851 -0.160925168
0 0.516224783 0.917732997 0.500000000 0.500000000 0.000000000 0.000000000 0.795184195 0.122609839 -0.593842506 0.631538886 -0.129173979 0.991116285 0.031664107 0.080787901 0.592449307 0.051530208 0.803957999 -0.161458387
0 0.516224783 0.917732997 0.500000000 0.500000000 0.000000000 0.000000000 0.790048778 0.123916514 -0.600389540 0.641086916 -0.130438536 0.990911245 0.032874428 0.080778249 0.599006414 0.052341532 0.799031675 -0.162095173
0 0.516224783 0.917732997 0.500000000 0.500000000 0.000000000 0.000000000 0.784773886 0.125231847 -0.606998324 0.651419708 -0.131800741 0.990693271 0.033991162 0.080478501 0.605605960 0.053327452 0.793975830 -0.162083374
0 0.516224783 0.917732997 0.500000000 0.500000000 0.000000000 0.000000000 0.779602230 0.126533985 -0.613359213 0.661173440 -0.133285835 0.990462303 0.034917910 0.080169586 0.611927509 0.054530013 0.789031804 -0.162509126
0 0.516224783 0.917732997 0.500000000 0.500000000 0.000000000 0.000000000 0.774350286 0.127861157 -0.619704127 0.671684307 -0.134726584 0.990229964 0.035962932 0.079756817 0.618247867 0.055642717 0.784011185 -0.162398919
0 0.516224783 0.917732997 0.500000000 0.500000000 0.000000000 0.000000000 0.769054770 0.129295558 -0.625969172 0.682594306 -0.136157960 0.989988327 0.037203364 0.079159895 0.624512434 0.056619264 0.778959870 -0.161800190
0 0.516224783 0.917732997 0.500000000 0.500000000 0.000000000 0.000000000 0.763611913 0.130757019 -0.632296979 0.693607098 -0.137697473 0.989730477 0.038378783 0.078580658 0.630821884 0.057759199 0.773774922 -0.161318566
0 0.516224783 0.917732997 0.500000000 0.500000000 0.000000000 0.000000000 0.758073747 0.132289350 -0.638610721 0.704885015 -0.139287546 0.989458859 0.039624497 0.078155820 0.637120962 0.058912236 0.768509090 -0.161066215
0 0.516224783 0.917732997 0.500000000 0.500000000 0.000000000 0.000000000 0.752271831 0.133840084 -0.645115435 0.716627104 -0.140719548 0.989194751 0.041131478 0.077481593 0.643649817 0.059838299 0.762977242 -0.160440962
0 0.516224783 0.917732997 0.500000000 0.500000000 0.000000000 0.000000000 0.746305168 0.135184780 -0.651731253 0.728149915 -0.141879186 0.988964021 0.042667441 0.076633372 0.650306761 0.060624167 0.757248878 -0.159597427
0 0.516224783 0.917732997 0.500000000 0.500000000 0.000000000 0.000000000 0.740050018 0.136651814 -0.658522785 0.740033877 -0.143422097 0.988683641 0.043986153 0.076256940 0.657081485 0.061894771 0.751274228 -0.157796137
0 0.516224783 0.917732997 0.500000000 0.500000000 0.000000000 0.000000000 0.733556211 0.138244689 -0.665419936 0.751783562 -0.145261347 0.988360226 0.045201823 0.075474582 0.663923502 0.063501723 0.745099366 -0.155680067
0 0.516224783 0.917732997 0.500000000 0.500000000 0.000000000 0.000000000 0.726777792 0.139672607 -0.672521830 0.763880863 -0.146792993 0.988070309 0.046571687 0.074457705 0.671003640 0.064874224 0.738610506 -0.152846914
0 0.516224783 0.917732997 0.500000000 0.500000000 0.000000000 0.000000000 0.719712198 0.141278133 -0.679746151 0.776243253 -0.148302391 0.987763107 0.048274323 0.073795590 0.678248286 0.066064365 0.731857061 -0.149476361
0 0.516224783 0.917732997 0.500000000 0.500000000 0.000000000 0.000000000 0.712508142 0.143186375 -0.686898708 0.788167664 -0.150243416 0.987384975 0.049978867 0.073715614 0.685389757 0.067591652 0.725032628 -0.145547138
0 0.516224783 0.917732997 0.500000000 0.500000000 0.000000000 0.000000000 0.705062032 0.144619450 -0.694242537 0.800205275 -0.151545599 0.987096369 0.051717211 0.071695590 0.692763627 0.068745561 0.717880607 -0.141034834
0 0.516224783 0.917732997 0.500000000 0.500000000 0.000000000 0.000000000 0.697329700 0.146281973 -0.701664388 0.812005305 -0.153294265 0.986738503 0.053366553 0.070820507 0.700165808 0.070347041 0.710506260 -0.136319118
0 0.516224783 0.917732997 0.500000000 0.500000000 0.000000000 0.000000000 0.689422846 0.147857249 -0.709108174 0.823653050 -0.154721007 0.986411989 0.055252459 0.069849785 0.707642257 0.071621619 0.702931583 -0.130328123
0 0.516224783 0.917732997 0.500000000 0.500000000 0.000000000 0.000000000 0.681637704 0.149312645 -0.716293097 0.834476601 -0.156036630 0.986101329 0.057067357 0.068700924 0.714858472 0.072868697 0.695462108 -0.125269417
0 0.516224783 0.917732997 0.500000000 0.500000000 0.000000000 0.000000000 0.673480570 0.150861934 -0.723646760 0.845984492 -0.157547385 0.985754550 0.058879185 0.068022538 0.722220719 0.074354671 0.687654436 -0.118489958
0 0.516224783 0.917732997 0.500000000 0.500000000 0.000000000 0.000000000 0.665187299 0.152336970 -0.730971515 0.857642696 -0.159151629 0.985396743 0.060531382 0.068064745 0.729518116 0.076070599 0.679718077 -0.111275701
0 0.516224783 0.917732997 0.500000000 0.500000000 0.000000000 0.000000000 0.657056093 0.153878763 -0.737969279 0.867568868 -0.160521880 0.985052884 0.062477998 0.066325520 0.736552775 0.077408664 0.671935916 -0.105125004
0 0.516224783 0.917732997 0.500000000 0.500000000 0.000000000 0.000000000 0.648730218 0.155367374 -0.744989991 0.877390678 -0.161978230 0.984696627 0.064308986 0.064870378 0.743580639 0.078952976 0.663968563 -0.098215216
0 0.516224783 0.917732997 0.500000000 0.500000000 0.000000000 0.000000000 0.640521884 0.156763658 -0.751769185 0.886357299 -0.163287267 0.984359026 0.066140853 0.062753046 0.750379264 0.080389671 0.656100988 -0.091524930
0 0.516224783 0.917732997 0.500000000 0.500000000 0.000000000 0.000000000 0.632186890 0.158240542 -0.758485138 0.894775804 -0.164800674 0.983985126 0.067926869 0.060455935 0.757086873 0.082056381 0.648140609 -0.084580179
0 0.516224783 0.917732997 0.500000000 0.500000000 0.000000000 0.000000000 0.624178827 0.159797713 -0.764765024 0.901857967 -0.166373521 0.983594000 0.069732852 0.057663274 0.763361454 0.083710872 0.640524626 -0.078121970
0 0.516224783 0.917732997 0.500000000 0.500000000 0.000000000 0.000000000 0.615743339 0.161289647 -0.771262467 0.909945347 -0.168024525 0.983188927 0.071464926 0.055001645 0.769823313 0.085586965 0.632492661 -0.071018405
0 0.516224783 0.917732997 0.500000000 0.500000000 0.000000000 0.000000000 0.607526720 0.162787586 -0.777439058 0.917311724 -0.169468552 0.982801616 0.073357813 0.051968279 0.776010096 0.087184638 0.624665618 -0.064536139
0 0.516224783 0.917732997 0.500000000 0.500000000 0.000000000 0.000000000 0.599540770 0.164108813 -0.783338487 0.924122265 -0.170763165 0.982443988 0.075124919 0.049048174 0.781914830 0.088724904 0.617038965 -0.058445223
0 0.516224783 0.917732997 0.500000000 0.500000000 0.000000000 0.000000000 0.591300964 0.165557653 -0.789274275 0.931101339 -0.172101200 0.982060313 0.077063203 0.046137891 0.787873328 0.090267502 0.609185874 -0.052058569
0 0.516224783 0.917732997 0.500000000 0.500000000 0.000000000 0.000000000 0.583306968 0.166920513 -0.794915438 0.937197672 -0.173426241 0.981682956 0.078879192 0.043253917 0.793521464 0.091848418 0.601570904 -0.046419047
0 0.516224783 0.917732997 0.500000000 0.500000000 0.000000000 0.000000000 0.575363398 0.168232247 -0.800409198 0.942684273 -0.174741447 0.981306314 0.080643170 0.040247716 0.799013376 0.093465537 0.594004869 -0.041035363
0 0.516224783 0.917732997 0.500000000 0.500000000 0.000000000 0.000000000 0.567369998 0.169520646 -0.805825055 0.948400061 -0.176153451 0.980913997 0.082326785 0.037367530 0.804401159 0.095239125 0.586402833 -0.035006977
0 0.516224783 0.917732997 0.500000000 0.500000000 0.000000000 0.000000000 0.559444845 0.170650870 -0.811110198 0.953327563 -0.177320465 0.980561852 0.083999328 0.033914924 0.809678316 0.096833445 0.578830183 -0.029371058
0 0.516224783 0.917732997 0.500000000 0.500000000 0.000000000 0.000000000 0.551492929 0.171965465 -0.816261888 0.958347786 -0.178772852 0.980150223 0.085707806 0.030647270 0.814798057 0.098658219 0.571288645 -0.023570509
0 0.516224783 0.917732997 0.500000000 0.500000000 0.000000000 0.000000000 0.543638170 0.173023775 -0.821291864 0.963173713 -0.180042326 0.979782760 0.087237976 0.027504777 0.819781899 0.100441411 0.563798904 -0.018237730
0 0.516224783 0.917732997 0.500000000 0.500000000 0.000000000 0.000000000 0.535772443 0.174181789 -0.826201320 0.967765216 -0.181366175 0.979392231 0.088866107 0.024665743 0.824653983 0.102232955 0.556322038 -0.012711911
0 0.516224783 0.917732997 0.500000000 0.500000000 0.000000000 0.000000000 0.527930617 0.175336868 -0.830991149 0.971992080 -0.182371348 0.979036152 0.090713024 0.021583266 0.829475701 0.103658795 0.548839569 -0.008224796
0 0.516224783 0.917732997 0.500000000 0.500000000 0.000000000 0.000000000 0.520232677 0.176325604 -0.835623860 0.975820527 -0.182986617 0.978744328 0.092603929 0.018215997 0.834190547 0.104732394 0.541440010 -0.004430684
0 0.516224783 0.917732997 0.500000000 0.500000000 0.000000000 0.000000000 0.512051404 0.177292317 -0.840458691 0.980434961 -0.184052736 0.978386879 0.094253324 0.015666050 0.839004159 0.106426172 0.533615470 0.000344738
0 0.516224783 0.917732997 0.500000000 0.500000000 0.000000000 0.000000000 0.504280388 0.178242683 -0.844944298 0.983789901 -0.185102478 0.978034139 0.095845222 0.011804028 0.843468070 0.108068414 0.526196599 0.003848400
0 0.516224783 0.917732997 0.500000000 0.500000000 0.000000000 0.000000000 0.496319294 0.179174393 -0.849449039 0.988011504 -0.186678246 0.977607429 0.097133793 0.009165620 0.847831607 0.110364281 0.518653393 0.007433509
0 0.516224783 0.917732997 0.500000000 0.500000000 0.000000000 0.000000000 0.488684654 0.180063114 -0.853677094 0.991650299 -0.187601283 0.977269709 0.098740332 0.005468901 0.852052271 0.111898042 0.511356771 0.010346295
