0 0.538258994 0.956904856 0.500000000 0.500000000 0.000000000 0.000000000 0.999862552 -0.006678187 0.015174259 0.012685112 0.006657962 0.999976873 0.001382944 0.105911487 -0.015183143 -0.001281724 0.999883890 -0.022941017
0 0.538258994 0.956904856 0.500000000 0.500000000 0.000000000 0.000000000 0.999862254 -0.006758025 0.015159653 0.012594773 0.006737111 0.999976277 0.001430292 0.107538926 -0.015168960 -0.001327962 0.999884069 -0.023822621
0 0.538258994 0.956904856 0.500000000 0.500000000 0.000000000 0.000000000 0.999862969 -0.006731470 0.015124741 0.012431311 0.006710827 0.999976456 0.001415140 0.109175583 -0.015133912 -0.001313446 0.999884605 -0.024590807
0 0.538258994 0.956904856 0.500000000 0.500000000 0.000000000 0.000000000 0.999863446 -0.006735026 0.015090193 0.012339772 0.006714645 0.999976456 0.001400912 0.110751810 -0.015099273 -0.001299395 0.999885142 -0.025416782
0 0.538258994 0.956904856 0.500000000 0.500000000 0.000000000 0.000000000 0.999864042 -0.006761057 0.015039746 0.012314592 0.006739876 0.999976218 0.001458568 0.112361984 -0.015049250 -0.001357004 0.999885857 -0.026245785
0 0.538258994 0.956904856 0.500000000 0.500000000 0.000000000 0.000000000 0.999864101 -0.006762783 0.015034937 0.012182400 0.006741872 0.999976218 0.001441079 0.114062497 -0.015044326 -0.001339520 0.999885917 -0.027194365
0 0.538258994 0.956904856 0.500000000 0.500000000 0.000000000 0.000000000 0.999864161 -0.006715617 0.015052077 0.012276362 0.006694588 0.999976516 0.001447050 0.115640706 -0.015061443 -0.001346086 0.999885678 -0.028068614
0 0.538258994 0.956904856 0.500000000 0.500000000 0.000000000 0.000000000 0.999863923 -0.006755069 0.015051981 0.012342915 0.006733956 0.999976277 0.001452913 0.117320133 -0.015061439 -0.001351355 0.999885678 -0.028828587
0 0.538258994 0.956904856 0.500000000 0.500000000 0.000000000 0.000000000 0.999862492 -0.006836610 0.015106512 0.012040043 0.006813790 0.999975562 0.001561597 0.118888498 -0.015116819 -0.001458450 0.999884665 -0.029658072
0 0.538258994 0.956904856 0.500000000 0.500000000 0.000000000 0.000000000 0.999861956 -0.006851133 0.015137777 0.012191952 0.006828911 0.999975502 0.001519204 0.120514472 -0.015147815 -0.001415619 0.999884248 -0.030461653
0 0.538258994 0.956904856 0.500000000 0.500000000 0.000000000 0.000000000 0.999861777 -0.006870697 0.015140851 0.012230751 0.006849145 0.999975443 0.001474821 0.122302015 -0.015150612 -0.001370915 0.999884307 -0.031248983
0 0.538258994 0.956904856 0.500000000 0.500000000 0.000000000 0.000000000 0.999862432 -0.006947885 0.015061739 0.012221600 0.006926083 0.999974906 0.001499156 0.123997434 -0.015071777 -0.001394631 0.999885440 -0.032018161
0 0.538258994 0.956904856 0.500000000 0.500000000 0.000000000 0.000000000 0.999863744 -0.006863305 0.015011854 0.012082740 0.006841211 0.999975443 0.001522636 0.125574168 -0.015021936 -0.001419729 0.999886155 -0.032782632
0 0.538258994 0.956904856 0.500000000 0.500000000 0.000000000 0.000000000 0.999864876 -0.006905603 0.014919573 0.011999898 0.006883351 0.999975145 0.001542310 0.127289003 -0.014929852 -0.001439405 0.999887526 -0.033597751
0 0.538258994 0.956904856 0.500000000 0.500000000 0.000000000 0.000000000 0.999865294 -0.006944615 0.014872638 0.011806107 0.006922069 0.999974787 0.001566888 0.128965088 -0.014883145 -0.001463727 0.999888182 -0.034137993
0 0.538258994 0.956904856 0.500000000 0.500000000 0.000000000 0.000000000 0.999866188 -0.006935579 0.014816022 0.011621487 0.006912930 0.999974847 0.001579342 0.130672756 -0.014826603 -0.001476708 0.999889016 -0.034957294
0 0.538258994 0.956904856 0.500000000 0.500000000 0.000000000 0.000000000 0.999867260 -0.006900026 0.014760927 0.011542667 0.006876845 0.999975026 0.001620663 0.132355645 -0.014771742 -0.001518939 0.999889731 -0.035919445
0 0.538258994 0.956904856 0.500000000 0.500000000 0.000000000 0.000000000 0.999866903 -0.006944891 0.014764111 0.011400589 0.006920928 0.999974668 0.001673523 0.134186513 -0.014775360 -0.001571119 0.999889612 -0.036423722
0 0.538258994 0.956904856 0.500000000 0.500000000 0.000000000 0.000000000 0.999865890 -0.006960777 0.014823354 0.011396995 0.006937321 0.999974608 0.001633192 0.136068923 -0.014834346 -0.001530139 0.999888778 -0.037132694
0 0.538258994 0.956904856 0.500000000 0.500000000 0.000000000 0.000000000 0.999864459 -0.007024742 0.014891817 0.011304437 0.007000888 0.999974132 0.001653355 0.137873583 -0.014903047 -0.001548875 0.999887764 -0.037733125
0 0.538258994 0.956904856 0.500000000 0.500000000 0.000000000 0.000000000 0.999863863 -0.007000153 0.014940177 0.011409261 0.006976809 0.999974370 0.001614086 0.139861647 -0.014951093 -0.001509631 0.999887109 -0.038587698
0 0.538258994 0.956904856 0.500000000 0.500000000 0.000000000 0.000000000 0.999861598 -0.007006112 0.015088873 0.011305843 0.006982223 0.999974310 0.001635351 0.141637258 -0.015099942 -0.001529771 0.999884844 -0.039234486
0 0.538258994 0.956904856 0.500000000 0.500000000 0.000000000 0.000000000 0.999859393 -0.007041835 0.015216933 0.011415199 0.007017838 0.999974072 0.001629787 0.143532706 -0.015228014 -0.001522768 0.999882877 -0.039972787
0 0.538258994 0.956904856 0.500000000 0.500000000 0.000000000 0.000000000 0.999856710 -0.007059653 0.015384354 0.011503380 0.007035062 0.999973893 0.001651960 0.145473113 -0.015395614 -0.001543494 0.999880314 -0.040803259
0 0.538258994 0.956904856 0.500000000 0.500000000 0.000000000 0.000000000 0.999853194 -0.007054757 0.015615608 0.011276158 0.007029024 0.999973834 0.001702141 0.147193304 -0.015627207 -0.001592128 0.999876618 -0.041221117
0 0.538258994 0.956904856 0.500000000 0.500000000 0.000000000 0.000000000 0.999850690 -0.006983542 0.015807193 0.011783969 0.006958108 0.999974430 0.001663444 0.149373715 -0.015818404 -0.001553207 0.999873698 -0.042385846
0 0.538258994 0.956904856 0.500000000 0.500000000 0.000000000 0.000000000 0.999844730 -0.007063145 0.016142812 0.011512095 0.007036772 0.999973834 0.001689960 0.151295848 -0.016154325 -0.001576104 0.999868274 -0.042821978
0 0.538258994 0.956904856 0.500000000 0.500000000 0.000000000 0.000000000 0.999839425 -0.007074415 0.016464861 0.011580188 0.007047866 0.999973774 0.001669932 0.153321587 -0.016476244 -0.001553622 0.999863029 -0.043584097
0 0.538258994 0.956904856 0.500000000 0.500000000 0.000000000 0.000000000 0.999833941 -0.007116298 0.016776962 0.011797875 0.007088057 0.999973357 0.001742175 0.155372392 -0.016788913 -0.001622970 0.999857724 -0.044440570
0 0.538258994 0.956904856 0.500000000 0.500000000 0.000000000 0.000000000 0.999830067 -0.007014114 0.017048655 0.012025548 0.006985831 0.999974132 0.001717953 0.157365540 -0.017060263 -0.001598562 0.999853194 -0.045091410
0 0.538258994 0.956904856 0.500000000 0.500000000 0.000000000 0.000000000 0.999823689 -0.007062532 0.017397761 0.011999090 0.007033996 0.999973834 0.001700846 0.159569657 -0.017409317 -0.001578170 0.999847174 -0.045824607
0 0.538258994 0.956904856 0.500000000 0.500000000 0.000000000 0.000000000 0.999817431 -0.007102237 0.017739072 0.012056796 0.007071632 0.999973416 0.001787364 0.161533406 -0.017751295 -0.001661593 0.999841034 -0.046371068
0 0.538258994 0.956904856 0.500000000 0.500000000 0.000000000 0.000000000 0.999812663 -0.007090623 0.018010117 0.012544811 0.007059427 0.999973476 0.001795160 0.163776279 -0.018022368 -0.001667683 0.999836206 -0.047338674
0 0.538258994 0.956904856 0.500000000 0.500000000 0.000000000 0.000000000 0.999806702 -0.007054120 0.018352423 0.012455568 0.007023050 0.999973774 0.001756864 0.165986730 -0.018364334 -0.001627635 0.999830008 -0.047965053
0 0.538258994 0.956904856 0.500000000 0.500000000 0.000000000 0.000000000 0.999801695 -0.007036741 0.018628048 0.012692775 0.007005048 0.999973893 0.001766087 0.168210678 -0.018639987 -0.001635246 0.999824941 -0.048677227
0 0.538258994 0.956904856 0.500000000 0.500000000 0.000000000 0.000000000 0.999794781 -0.007120445 0.018966943 0.012613986 0.007088616 0.999973357 0.001744840 0.170381830 -0.018978862 -0.001610032 0.999818563 -0.049267376
0 0.538258994 0.956904856 0.500000000 0.500000000 0.000000000 0.000000000 0.999791324 -0.007091451 0.019157374 0.012925180 0.007059264 0.999973536 0.001747219 0.172663577 -0.019169258 -0.001611617 0.999814928 -0.049963174
0 0.538258994 0.956904856 0.500000000 0.500000000 0.000000000 0.000000000 0.999787986 -0.007054954 0.019344514 0.013056126 0.007022168 0.999973774 0.001762284 0.174815900 -0.019356439 -0.001626070 0.999811351 -0.050486192
0 0.538258994 0.956904856 0.500000000 0.500000000 0.000000000 0.000000000 0.999786854 -0.006982994 0.019429851 0.013403448 0.006950560 0.999974310 0.001736293 0.177149976 -0.019441476 -0.001600875 0.999809742 -0.051374178
0 0.538258994 0.956904856 0.500000000 0.500000000 0.000000000 0.000000000 0.999783039 -0.007023922 0.019609258 0.013502554 0.006991661 0.999974072 0.001713293 0.179426296 -0.019620784 -0.001575820 0.999806225 -0.051872112
0 0.538258994 0.956904856 0.500000000 0.500000000 0.000000000 0.000000000 0.999779224 -0.007017698 0.019806065 0.013452932 0.006984480 0.999974072 0.001745868 0.181567768 -0.019817803 -0.001607147 0.999802291 -0.052549396
0 0.538258994 0.956904856 0.500000000 0.500000000 0.000000000 0.000000000 0.999778450 -0.006953745 0.019865593 0.013576780 0.006921771 0.999974608 0.001677813 0.183912726 -0.019876756 -0.001539937 0.999801278 -0.053030100
0 0.538258994 0.956904856 0.500000000 0.500000000 0.000000000 0.000000000 0.999774635 -0.006955449 0.020057706 0.013674296 0.006923061 0.999974608 0.001683764 0.186204439 -0.020068908 -0.001544524 0.999797404 -0.053674758
0 0.538258994 0.956904856 0.500000000 0.500000000 0.000000000 0.000000000 0.999770224 -0.006906943 0.020293465 0.013846916 0.006873257 0.999974906 0.001729259 0.188408191 -0.020304900 -0.001589379 0.999792576 -0.054203965
0 0.538258994 0.956904856 0.500000000 0.500000000 0.000000000 0.000000000 0.999765098 -0.006931798 0.020533947 0.014072795 0.006898296 0.999974787 0.001701959 0.190752259 -0.020545227 -0.001559910 0.999787688 -0.054989753
0 0.538258994 0.956904856 0.500000000 0.500000000 0.000000000 0.000000000 0.999758601 -0.006909231 0.020856734 0.014000390 0.006874051 0.999974847 0.001757951 0.192877353 -0.020868357 -0.001614157 0.999780953 -0.055412914
0 0.538258994 0.956904856 0.500000000 0.500000000 0.000000000 0.000000000 0.999751508 -0.006878092 0.021204766 0.014073548 0.006842263 0.999975026 0.001761755 0.195265204 -0.021216353 -0.001616228 0.999773622 -0.055954230
0 0.538258994 0.956904856 0.500000000 0.500000000 0.000000000 0.000000000 0.999743462 -0.006939062 0.021561982 0.014066512 0.006903039 0.999974668 0.001744690 0.197522443 -0.021573544 -0.001595399 0.999765992 -0.056412602
0 0.538258994 0.956904856 0.500000000 0.500000000 0.000000000 0.000000000 0.999736726 -0.006939425 0.021870002 0.014428833 0.006901305 0.999974549 0.001818041 0.199791005 -0.021882061 -0.001666630 0.999759197 -0.057192870
0 0.538258994 0.956904856 0.500000000 0.500000000 0.000000000 0.000000000 0.999728799 -0.006905652 0.022239828 0.014500673 0.006865813 0.999974668 0.001867198 0.202059534 -0.022252159 -0.001713997 0.999750912 -0.057772363
0 0.538258994 0.956904856 0.500000000 0.500000000 0.000000000 0.000000000 0.999720991 -0.006892470 0.022593208 0.014613298 0.006852025 0.999974787 0.001867063 0.204301890 -0.022605507 -0.001711733 0.999742985 -0.058346477
0 0.538258994 0.956904856 0.500000000 0.500000000 0.000000000 0.000000000 0.999710619 -0.006938295 0.023034293 0.014683528 0.006897784 0.999974549 0.001837729 0.206640482 -0.023046456 -0.001678311 0.999732971 -0.058809335
0 0.538258994 0.956904856 0.500000000 0.500000000 0.000000000 0.000000000 0.999701142 -0.006926082 0.023445647 0.014909328 0.006882069 0.999974430 0.001957410 0.208815321 -0.023458606 -0.001795470 0.999723196 -0.059381659
0 0.538258994 0.956904856 0.500000000 0.500000000 0.000000000 0.000000000 0.999690235 -0.006916754 0.023908967 0.015105161 0.006873519 0.999974608 0.001890021 0.211095099 -0.023921432 -0.001725097 0.999712348 -0.059829159
0 0.538258994 0.956904856 0.500000000 0.500000000 0.000000000 0.000000000 0.999676406 -0.006930488 0.024475917 0.015127261 0.006885557 0.999974430 0.001919501 0.213310568 -0.024488594 -0.001750350 0.999698579 -0.060368850
0 0.538258994 0.956904856 0.500000000 0.500000000 0.000000000 0.000000000 0.999662220 -0.006971757 0.025037723 0.015310141 0.006925107 0.999974132 0.001949445 0.215516103 -0.025050666 -0.001775398 0.999684632 -0.060722148
0 0.538258994 0.956904856 0.500000000 0.500000000 0.000000000 0.000000000 0.999647677 -0.006920568 0.025625801 0.015607244 0.006872551 0.999974489 0.001961380 0.217700013 -0.025638720 -0.001784574 0.999669671 -0.061275927
0 0.538258994 0.956904856 0.500000000 0.500000000 0.000000000 0.000000000 0.999631763 -0.006938695 0.026232719 0.015863310 0.006888983 0.999974310 0.001984952 0.219951421 -0.026245818 -0.001803505 0.999653876 -0.061804030
0 0.538258994 0.956904856 0.500000000 0.500000000 0.000000000 0.000000000 0.999614239 -0.006942554 0.026891863 0.016159959 0.006890081 0.999974191 0.002043405 0.222076605 -0.026905356 -0.001857330 0.999636233 -0.062349568
0 0.538258994 0.956904856 0.500000000 0.500000000 0.000000000 0.000000000 0.999593318 -0.006896771 0.027670216 0.016409284 0.006841572 0.999974430 0.002089080 0.224187437 -0.027683916 -0.001898922 0.999614894 -0.062830360
0 0.538258994 0.956904856 0.500000000 0.500000000 0.000000000 0.000000000 0.999570489 -0.006956175 0.028468851 0.016643200 0.006898053 0.999973893 0.002139308 0.226379019 -0.028482990 -0.001942010 0.999592364 -0.063328653
0 0.538258994 0.956904856 0.500000000 0.500000000 0.000000000 0.000000000 0.999545455 -0.006992328 0.029325176 0.016935895 0.006932443 0.999973655 0.002143288 0.228617520 -0.029339390 -0.001939019 0.999567628 -0.063820425
0 0.538258994 0.956904856 0.500000000 0.500000000 0.000000000 0.000000000 0.999519765 -0.006920680 0.030205538 0.017260745 0.006856747 0.999974012 0.002219667 0.230592668 -0.030220116 -0.002011489 0.999541223 -0.064214525
0 0.538258994 0.956904856 0.500000000 0.500000000 0.000000000 0.000000000 0.999493420 -0.006986814 0.031049183 0.017539511 0.006921983 0.999973655 0.002195004 0.232873385 -0.031063700 -0.001978970 0.999515474 -0.064574805
0 0.538258994 0.956904856 0.500000000 0.500000000 0.000000000 0.000000000 0.999466121 -0.007029653 0.031907331 0.018026678 0.006961062 0.999973238 0.002260277 0.234974026 -0.031922363 -0.002036961 0.999488294 -0.065288775
0 0.538258994 0.956904856 0.500000000 0.500000000 0.000000000 0.000000000 0.999439061 -0.007022530 0.032745350 0.018403309 0.006950239 0.999973178 0.002320968 0.237111686 -0.032760769 -0.002092078 0.999461055 -0.065818123
0 0.538258994 0.956904856 0.500000000 0.500000000 0.000000000 0.000000000 0.999410272 -0.007030073 0.033610415 0.018657621 0.006955066 0.999973059 0.002348042 0.239335668 -0.033626016 -0.002112895 0.999432266 -0.066260079
0 0.538258994 0.956904856 0.500000000 0.500000000 0.000000000 0.000000000 0.999380887 -0.006988951 0.034481063 0.019118681 0.006911711 0.999973357 0.002358763 0.241508102 -0.034496631 -0.002118980 0.999402583 -0.066724097
0 0.538258994 0.956904856 0.500000000 0.500000000 0.000000000 0.000000000 0.999347925 -0.007074267 0.035406813 0.019414458 0.006992280 0.999972582 0.002438841 0.243688722 -0.035423093 -0.002189676 0.999369979 -0.067133808
0 0.538258994 0.956904856 0.500000000 0.500000000 0.000000000 0.000000000 0.999313116 -0.007059074 0.036379483 0.019725034 0.006973247 0.999972582 0.002485574 0.245903476 -0.036396030 -0.002230183 0.999334931 -0.067485927
0 0.538258994 0.956904856 0.500000000 0.500000000 0.000000000 0.000000000 0.999278247 -0.007037284 0.037329346 0.020178082 0.006949038 0.999972761 0.002493213 0.248103786 -0.037345875 -0.002232010 0.999299884 -0.067956944
0 0.538258994 0.956904856 0.500000000 0.500000000 0.000000000 0.000000000 0.999240458 -0.007034251 0.038327772 0.020576723 0.006942807 0.999972701 0.002518416 0.250304914 -0.038344443 -0.002250401 0.999262035 -0.068326008
0 0.538258994 0.956904856 0.500000000 0.500000000 0.000000000 0.000000000 0.999200583 -0.007058701 0.039349094 0.021005618 0.006963021 0.999972463 0.002568083 0.252543513 -0.039366137 -0.002292041 0.999222219 -0.068854399
0 0.538258994 0.956904856 0.500000000 0.500000000 0.000000000 0.000000000 0.999156356 -0.007145282 0.040441647 0.021378860 0.007046007 0.999971807 0.002596784 0.254886032 -0.040459063 -0.002309641 0.999178529 -0.069185987
0 0.538258994 0.956904856 0.500000000 0.500000000 0.000000000 0.000000000 0.999112368 -0.007070115 0.041527022 0.021856202 0.006964760 0.999972165 0.002681147 0.256901249 -0.041544821 -0.002389542 0.999133766 -0.069627320
0 0.538258994 0.956904856 0.500000000 0.500000000 0.000000000 0.000000000 0.999068022 -0.007037735 0.042585567 0.022399537 0.006931026 0.999972463 0.002652878 0.259398647 -0.042603064 -0.002355244 0.999089301 -0.070088597
0 0.538258994 0.956904856 0.500000000 0.500000000 0.000000000 0.000000000 0.999019980 -0.007052851 0.043696210 0.022732290 0.006940394 0.999972224 0.002724781 0.261681720 -0.043714214 -0.002418842 0.999041140 -0.070444583
0 0.538258994 0.956904856 0.500000000 0.500000000 0.000000000 0.000000000 0.998971343 -0.007114180 0.044784192 0.023298426 0.006998998 0.999971807 0.002728232 0.264084642 -0.044802338 -0.002411981 0.998992980 -0.070721610
0 0.538258994 0.956904856 0.500000000 0.500000000 0.000000000 0.000000000 0.998923063 -0.007055941 0.045857299 0.023821468 0.006937309 0.999972165 0.002745616 0.266392419 -0.045875397 -0.002424533 0.998944223 -0.071002972
0 0.538258994 0.956904856 0.500000000 0.500000000 0.000000000 0.000000000 0.998871744 -0.007053796 0.046962250 0.024304675 0.006928342 0.999971986 0.002833618 0.268672961 -0.046980925 -0.002505051 0.998892665 -0.071328514
0 0.538258994 0.956904856 0.500000000 0.500000000 0.000000000 0.000000000 0.998817205 -0.006962023 0.048122142 0.024718847 0.006831639 0.999972522 0.002873373 0.270941355 -0.048140824 -0.002541222 0.998837352 -0.071523580
