0 0.568424186 1.010531854 0.500000000 0.500000000 0.000000000 0.000000000 0.999673247 -0.005987091 0.024851229 -0.086976512 0.005799857 0.999954283 0.007599481 -0.001101455 -0.024895594 -0.007452865 0.999662280 -0.070056372
0 0.568424186 1.010531854 0.500000000 0.500000000 0.000000000 0.000000000 0.999650121 -0.006359443 0.025674121 -0.089049774 0.006158857 0.999949932 0.007884278 -0.001293384 -0.025722977 -0.007723397 0.999639273 -0.078258266
0 0.568424186 1.010531854 0.500000000 0.500000000 0.000000000 0.000000000 0.999625027 -0.006722978 0.026543349 -0.091308311 0.006504503 0.999944329 0.008308655 -0.001922349 -0.026597729 -0.008132888 0.999613106 -0.086441833
0 0.568424186 1.010531854 0.500000000 0.500000000 0.000000000 0.000000000 0.999599338 -0.007031251 0.027418612 -0.093672311 0.006796593 0.999939561 0.008642157 -0.002194870 -0.027477721 -0.008452341 0.999586701 -0.094634027
0 0.568424186 1.010531854 0.500000000 0.500000000 0.000000000 0.000000000 0.999572337 -0.007513484 0.028261784 -0.095798618 0.007260632 0.999932766 0.009038799 -0.002624903 -0.028327798 -0.008829735 0.999559700 -0.102650975
0 0.568424186 1.010531854 0.500000000 0.500000000 0.000000000 0.000000000 0.999543488 -0.007989632 0.029136913 -0.097959246 0.007716888 0.999925435 0.009461255 -0.003159779 -0.029210335 -0.009232090 0.999530673 -0.110721934
0 0.568424186 1.010531854 0.500000000 0.500000000 0.000000000 0.000000000 0.999513090 -0.008407039 0.030048916 -0.100231923 0.008113039 0.999918163 0.009892599 -0.003695405 -0.030129625 -0.009643994 0.999499500 -0.118704619
0 0.568424186 1.010531854 0.500000000 0.500000000 0.000000000 0.000000000 0.999482691 -0.008894487 0.030906625 -0.102131662 0.008583054 0.999911189 0.010194683 -0.003975062 -0.030994557 -0.009924137 0.999470294 -0.126524644
0 0.568424186 1.010531854 0.500000000 0.500000000 0.000000000 0.000000000 0.999449492 -0.009407488 0.031814642 -0.104157041 0.009077139 0.999903560 0.010512077 -0.004645512 -0.031910464 -0.010217505 0.999438524 -0.134290551
0 0.568424186 1.010531854 0.500000000 0.500000000 0.000000000 0.000000000 0.999415219 -0.009781057 0.032765783 -0.106395572 0.009431954 0.999897301 0.010792191 -0.004997538 -0.032867976 -0.010476834 0.999404788 -0.142466749
0 0.568424186 1.010531854 0.500000000 0.500000000 0.000000000 0.000000000 0.999381363 -0.010106806 0.033686783 -0.108322822 0.009735762 0.999890327 0.011160417 -0.005582796 -0.033795882 -0.010825546 0.999370098 -0.150481715
0 0.568424186 1.010531854 0.500000000 0.500000000 0.000000000 0.000000000 0.999341607 -0.010549010 0.034714751 -0.110350490 0.010156116 0.999882579 0.011474750 -0.006064599 -0.034831721 -0.011114628 0.999331355 -0.158530547
0 0.568424186 1.010531854 0.500000000 0.500000000 0.000000000 0.000000000 0.999298692 -0.010860687 0.035834968 -0.112377299 0.010444238 0.999875963 0.011788116 -0.006749783 -0.035958551 -0.011405581 0.999288201 -0.166363947
0 0.568424186 1.010531854 0.500000000 0.500000000 0.000000000 0.000000000 0.999256313 -0.011223494 0.036889162 -0.114151230 0.010786910 0.999869645 0.012012814 -0.007358834 -0.037019178 -0.011605960 0.999247134 -0.174541144
0 0.568424186 1.010531854 0.500000000 0.500000000 0.000000000 0.000000000 0.999213040 -0.011381174 0.037996739 -0.115950987 0.010926971 0.999866605 0.012140073 -0.007819683 -0.038129840 -0.011715330 0.999204099 -0.182867551
0 0.568424186 1.010531854 0.500000000 0.500000000 0.000000000 0.000000000 0.999163866 -0.011606861 0.039202578 -0.117903768 0.011133176 0.999862611 0.012279777 -0.008258574 -0.039339721 -0.011833061 0.999155819 -0.191190338
0 0.568424186 1.010531854 0.500000000 0.500000000 0.000000000 0.000000000 0.999112070 -0.011757224 0.040458057 -0.119790940 0.011263632 0.999859571 0.012406481 -0.008841903 -0.040598240 -0.011939760 0.999104202 -0.199107110
0 0.568424186 1.010531854 0.500000000 0.500000000 0.000000000 0.000000000 0.999061227 -0.011827838 0.041675214 -0.121500580 0.011316962 0.999858141 0.012473191 -0.009379023 -0.041816834 -0.011989844 0.999053359 -0.207591345
0 0.568424186 1.010531854 0.500000000 0.500000000 0.000000000 0.000000000 0.999003232 -0.011931205 0.043013152 -0.123421798 0.011399081 0.999855697 0.012595317 -0.009895649 -0.043157224 -0.012092452 0.998995125 -0.216284179
0 0.568424186 1.010531854 0.500000000 0.500000000 0.000000000 0.000000000 0.998943627 -0.012027171 0.044350013 -0.125100141 0.011477855 0.999854505 0.012619860 -0.010453728 -0.044495340 -0.012097486 0.998936355 -0.224568395
0 0.568424186 1.010531854 0.500000000 0.500000000 0.000000000 0.000000000 0.998877406 -0.012112244 0.045795981 -0.126882364 0.011545198 0.999853611 0.012626300 -0.010855583 -0.045942210 -0.012083401 0.998871028 -0.233078695
0 0.568424186 1.010531854 0.500000000 0.500000000 0.000000000 0.000000000 0.998808920 -0.012086052 0.047272488 -0.128774505 0.011496595 0.999853015 0.012721444 -0.011437024 -0.047419287 -0.012162819 0.998800993 -0.241761380
0 0.568424186 1.010531854 0.500000000 0.500000000 0.000000000 0.000000000 0.998741269 -0.011967885 0.048709415 -0.130281359 0.011361778 0.999854803 0.012701239 -0.011440483 -0.048854351 -0.012131826 0.998732209 -0.250237403
0 0.568424186 1.010531854 0.500000000 0.500000000 0.000000000 0.000000000 0.998660386 -0.012030582 0.050326452 -0.132271338 0.011400210 0.999853134 0.012794017 -0.011928063 -0.050472982 -0.012203146 0.998650849 -0.258698847
0 0.568424186 1.010531854 0.500000000 0.500000000 0.000000000 0.000000000 0.998576522 -0.012177511 0.051929239 -0.134037760 0.011522877 0.999850571 0.012887100 -0.012588030 -0.052078415 -0.012270381 0.998567641 -0.267203319
0 0.568424186 1.010531854 0.500000000 0.500000000 0.000000000 0.000000000 0.998490691 -0.012359770 0.053512294 -0.135647910 0.011689966 0.999849617 0.012811818 -0.013193001 -0.053662594 -0.012166924 0.998484969 -0.275629575
0 0.568424186 1.010531854 0.500000000 0.500000000 0.000000000 0.000000000 0.998401344 -0.012433296 0.055137314 -0.137579561 0.011745556 0.999849319 0.012779796 -0.013718666 -0.055287905 -0.012111748 0.998396993 -0.284418773
0 0.568424186 1.010531854 0.500000000 0.500000000 0.000000000 0.000000000 0.998309851 -0.012478976 0.056760687 -0.139485842 0.011765680 0.999847770 0.012883603 -0.014152888 -0.056912821 -0.012193999 0.998304665 -0.293231911
0 0.568424186 1.010531854 0.500000000 0.500000000 0.000000000 0.000000000 0.998220384 -0.012580632 0.058290683 -0.140998435 0.011844595 0.999845922 0.012955369 -0.014670133 -0.058444690 -0.012241885 0.998215556 -0.301799516
0 0.568424186 1.010531854 0.500000000 0.500000000 0.000000000 0.000000000 0.998118341 -0.012640695 0.060000129 -0.142987792 0.011875569 0.999843776 0.013091603 -0.015259401 -0.060156241 -0.012354434 0.998112500 -0.309998240
0 0.568424186 1.010531854 0.500000000 0.500000000 0.000000000 0.000000000 0.998017132 -0.012632878 0.061661843 -0.144635719 0.011846531 0.999844015 0.013101557 -0.015711584 -0.061817735 -0.012345100 0.998011112 -0.318141944
0 0.568424186 1.010531854 0.500000000 0.500000000 0.000000000 0.000000000 0.997909844 -0.012715420 0.063358054 -0.146375158 0.011909268 0.999843478 0.013085213 -0.016402524 -0.063514516 -0.012303315 0.997905076 -0.326735959
0 0.568424186 1.010531854 0.500000000 0.500000000 0.000000000 0.000000000 0.997798502 -0.012825551 0.065066896 -0.148115239 0.011999359 0.999842525 0.013072526 -0.017082229 -0.065224312 -0.012262986 0.997795284 -0.335197331
0 0.568424186 1.010531854 0.500000000 0.500000000 0.000000000 0.000000000 0.997680902 -0.012823851 0.066845596 -0.149951812 0.011973312 0.999842405 0.013109083 -0.017729705 -0.067003168 -0.012278319 0.997677207 -0.343622066
0 0.568424186 1.010531854 0.500000000 0.500000000 0.000000000 0.000000000 0.997562885 -0.012813649 0.068586640 -0.151705900 0.011939454 0.999842346 0.013140658 -0.018348840 -0.068744212 -0.012289746 0.997558594 -0.351811573
0 0.568424186 1.010531854 0.500000000 0.500000000 0.000000000 0.000000000 0.997443736 -0.012857803 0.070290186 -0.153377569 0.011964883 0.999842465 0.013109653 -0.018749418 -0.070447676 -0.012235127 0.997440457 -0.360264288
0 0.568424186 1.010531854 0.500000000 0.500000000 0.000000000 0.000000000 0.997323334 -0.012723073 0.072001629 -0.155182590 0.011806083 0.999843895 0.013146985 -0.019472907 -0.072157659 -0.012261738 0.997317851 -0.368617659
0 0.568424186 1.010531854 0.500000000 0.500000000 0.000000000 0.000000000 0.997198284 -0.012791515 0.073701635 -0.156809436 0.011851219 0.999842882 0.013181398 -0.020196276 -0.073858671 -0.012271013 0.997193217 -0.377005106
0 0.568424186 1.010531854 0.500000000 0.500000000 0.000000000 0.000000000 0.997069478 -0.012688721 0.075441785 -0.158676037 0.011722868 0.999843717 0.013231700 -0.020960098 -0.075597890 -0.012308531 0.997062385 -0.385459260
0 0.568424186 1.010531854 0.500000000 0.500000000 0.000000000 0.000000000 0.996939600 -0.012633063 0.077148370 -0.160295898 0.011650736 0.999845386 0.013169833 -0.021252197 -0.077302814 -0.012230692 0.996932626 -0.393743358
0 0.568424186 1.010531854 0.500000000 0.500000000 0.000000000 0.000000000 0.996806979 -0.012468746 0.078869537 -0.162011556 0.011470092 0.999848366 0.013102487 -0.021790551 -0.079020955 -0.012156010 0.996798813 -0.402202348
0 0.568424186 1.010531854 0.500000000 0.500000000 0.000000000 0.000000000 0.996676564 -0.012292651 0.080528058 -0.163496285 0.011288725 0.999852955 0.012910238 -0.022046590 -0.080674917 -0.011958272 0.996668756 -0.410603755
0 0.568424186 1.010531854 0.500000000 0.500000000 0.000000000 0.000000000 0.996544957 -0.012294127 0.082140014 -0.164999227 0.011291089 0.999856055 0.012664703 -0.022421142 -0.082283892 -0.011693495 0.996540308 -0.419161485
0 0.568424186 1.010531854 0.500000000 0.500000000 0.000000000 0.000000000 0.996408880 -0.012145481 0.083796658 -0.166744493 0.011129693 0.999858916 0.012578576 -0.022854622 -0.083937608 -0.011600773 0.996403456 -0.427843676
0 0.568424186 1.010531854 0.500000000 0.500000000 0.000000000 0.000000000 0.996278226 -0.011975195 0.085360073 -0.168433416 0.010955745 0.999863088 0.012401410 -0.023125215 -0.085496895 -0.011420071 0.996272981 -0.436578994
0 0.568424186 1.010531854 0.500000000 0.500000000 0.000000000 0.000000000 0.996147037 -0.011925785 0.086883850 -0.169915376 0.010900922 0.999865413 0.012260718 -0.023604971 -0.087018371 -0.011266364 0.996142983 -0.445029359
0 0.568424186 1.010531854 0.500000000 0.500000000 0.000000000 0.000000000 0.996020019 -0.011884051 0.088334009 -0.171322893 0.010869622 0.999869466 0.011956201 -0.023941325 -0.088464566 -0.010948459 0.996019125 -0.453788965
0 0.568424186 1.010531854 0.500000000 0.500000000 0.000000000 0.000000000 0.995888650 -0.011820994 0.089811556 -0.172730789 0.010822653 0.999874234 0.011594837 -0.023928761 -0.089937322 -0.010575167 0.995891273 -0.462559640
0 0.568424186 1.010531854 0.500000000 0.500000000 0.000000000 0.000000000 0.995753348 -0.011762299 0.091306724 -0.174273338 0.010771701 0.999877751 0.011334358 -0.024268419 -0.091428876 -0.010302696 0.995758295 -0.471499510
0 0.568424186 1.010531854 0.500000000 0.500000000 0.000000000 0.000000000 0.995622754 -0.011684001 0.092729725 -0.175517909 0.010696197 0.999880731 0.011142389 -0.024792844 -0.092848845 -0.010101761 0.995628953 -0.480566291
0 0.568424186 1.010531854 0.500000000 0.500000000 0.000000000 0.000000000 0.995480001 -0.011628310 0.094257146 -0.177084528 0.010653050 0.999884486 0.010843411 -0.025027933 -0.094372347 -0.009790272 0.995488822 -0.489351673
0 0.568424186 1.010531854 0.500000000 0.500000000 0.000000000 0.000000000 0.995342195 -0.011544483 0.095711291 -0.178458420 0.010586723 0.999888718 0.010508541 -0.025312887 -0.095821962 -0.009446326 0.995353639 -0.498531629
0 0.568424186 1.010531854 0.500000000 0.500000000 0.000000000 0.000000000 0.995201528 -0.011462186 0.097172678 -0.179647025 0.010524367 0.999893010 0.010158141 -0.025377914 -0.097278714 -0.009086717 0.995215714 -0.507234349
0 0.568424186 1.010531854 0.500000000 0.500000000 0.000000000 0.000000000 0.995060444 -0.011494680 0.098603025 -0.180797613 0.010573922 0.999895513 0.009855564 -0.025753680 -0.098706007 -0.008764260 0.995078027 -0.516485726
0 0.568424186 1.010531854 0.500000000 0.500000000 0.000000000 0.000000000 0.994911253 -0.011435258 0.100103907 -0.182168823 0.010536619 0.999899328 0.009501190 -0.025912862 -0.100202478 -0.008398084 0.994931638 -0.525378527
0 0.568424186 1.010531854 0.500000000 0.500000000 0.000000000 0.000000000 0.994766176 -0.011437547 0.101535201 -0.183244833 0.010564771 0.999902487 0.009129403 -0.026082563 -0.101629727 -0.008008926 0.994790077 -0.534498650
0 0.568424186 1.010531854 0.500000000 0.500000000 0.000000000 0.000000000 0.994611204 -0.011303147 0.103057221 -0.184706923 0.010452276 0.999906719 0.008792616 -0.026227911 -0.103146993 -0.007668052 0.994636595 -0.543463664
0 0.568424186 1.010531854 0.500000000 0.500000000 0.000000000 0.000000000 0.994459510 -0.011294518 0.104512006 -0.185850646 0.010464616 0.999909222 0.008485685 -0.026294741 -0.104598358 -0.007344992 0.994487405 -0.552496256
0 0.568424186 1.010531854 0.500000000 0.500000000 0.000000000 0.000000000 0.994302750 -0.011189537 0.106004030 -0.187193442 0.010376801 0.999912381 0.008215492 -0.026371994 -0.106086679 -0.007068703 0.994331777 -0.561494898
0 0.568424186 1.010531854 0.500000000 0.500000000 0.000000000 0.000000000 0.994145632 -0.011299215 0.107456148 -0.188385501 0.010502745 0.999913037 0.007975103 -0.026415565 -0.107536912 -0.006799830 0.994177818 -0.570689138
0 0.568424186 1.010531854 0.500000000 0.500000000 0.000000000 0.000000000 0.993981421 -0.011160042 0.108978838 -0.189725413 0.010387654 0.999916792 0.007652652 -0.026321686 -0.109055169 -0.006474559 0.994014621 -0.579651986
0 0.568424186 1.010531854 0.500000000 0.500000000 0.000000000 0.000000000 0.993821084 -0.011112078 0.110436365 -0.190853685 0.010358467 0.999918997 0.007395352 -0.026276259 -0.110509597 -0.006205705 0.993855655 -0.588727337
0 0.568424186 1.010531854 0.500000000 0.500000000 0.000000000 0.000000000 0.993651509 -0.011119761 0.111950822 -0.192120628 0.010398059 0.999921262 0.007028426 -0.026189755 -0.112020157 -0.005819735 0.993688881 -0.597694566
0 0.568424186 1.010531854 0.500000000 0.500000000 0.000000000 0.000000000 0.993485749 -0.011164317 0.113408461 -0.193204727 0.010464441 0.999922335 0.006764723 -0.026265976 -0.113475181 -0.005533899 0.993525445 -0.607019699
0 0.568424186 1.010531854 0.500000000 0.500000000 0.000000000 0.000000000 0.993317902 -0.011162551 0.114869416 -0.194290006 0.010491981 0.999924242 0.006440646 -0.026285907 -0.114932604 -0.005192401 0.993359745 -0.615954278
0 0.568424186 1.010531854 0.500000000 0.500000000 0.000000000 0.000000000 0.993147075 -0.011325692 0.116321102 -0.195387968 0.010678717 0.999923885 0.006183681 -0.026440881 -0.116382286 -0.004899144 0.993192434 -0.625182118
0 0.568424186 1.010531854 0.500000000 0.500000000 0.000000000 0.000000000 0.992982447 -0.011403482 0.117710762 -0.196343834 0.010772063 0.999924004 0.005998992 -0.026590596 -0.117770225 -0.004688906 0.993029773 -0.634434771
0 0.568424186 1.010531854 0.500000000 0.500000000 0.000000000 0.000000000 0.992808700 -0.011551757 0.119153075 -0.197457461 0.010931779 0.999923110 0.005855528 -0.026788850 -0.119211555 -0.004510864 0.992858648 -0.643566429
0 0.568424186 1.010531854 0.500000000 0.500000000 0.000000000 0.000000000 0.992641628 -0.011739749 0.120518617 -0.198502384 0.011149491 0.999922335 0.005570829 -0.026964674 -0.120574661 -0.004186116 0.992695451 -0.652708548
0 0.568424186 1.010531854 0.500000000 0.500000000 0.000000000 0.000000000 0.992479026 -0.012025518 0.121822782 -0.199576292 0.011459645 0.999920070 0.005344649 -0.026995414 -0.121877313 -0.003908406 0.992537498 -0.661982454
0 0.568424186 1.010531854 0.500000000 0.500000000 0.000000000 0.000000000 0.992330015 -0.012214459 0.123012155 -0.200388540 0.011655194 0.999918222 0.005265023 -0.027340609 -0.123066410 -0.003790909 0.992391169 -0.670970911
0 0.568424186 1.010531854 0.500000000 0.500000000 0.000000000 0.000000000 0.992190599 -0.012604114 0.124092527 -0.200937502 0.012066665 0.999914289 0.005081704 -0.027664859 -0.124145940 -0.003544636 0.992257655 -0.680041763
0 0.568424186 1.010531854 0.500000000 0.500000000 0.000000000 0.000000000 0.992053151 -0.012849063 0.125161856 -0.201642110 0.012348439 0.999912381 0.004774847 -0.027664080 -0.125212237 -0.003191348 0.992124856 -0.689098065
0 0.568424186 1.010531854 0.500000000 0.500000000 0.000000000 0.000000000 0.991910398 -0.013122297 0.126259863 -0.202386999 0.012634341 0.999909282 0.004664765 -0.028095815 -0.126309618 -0.003031818 0.991986215 -0.697908863
0 0.568424186 1.010531854 0.500000000 0.500000000 0.000000000 0.000000000 0.991781473 -0.013367796 0.127243072 -0.202832952 0.012903332 0.999906719 0.004473831 -0.028374063 -0.127291009 -0.002795203 0.991861463 -0.706886593
0 0.568424186 1.010531854 0.500000000 0.500000000 0.000000000 0.000000000 0.991651297 -0.013695314 0.128218934 -0.203133008 0.013262482 0.999903083 0.004228929 -0.028593066 -0.128264427 -0.002493121 0.991736889 -0.715801646
0 0.568424186 1.010531854 0.500000000 0.500000000 0.000000000 0.000000000 0.991521835 -0.013928656 0.129191518 -0.203470271 0.013543992 0.999900818 0.003855605 -0.028536045 -0.129232407 -0.002073148 0.991612136 -0.724654129
0 0.568424186 1.010531854 0.500000000 0.500000000 0.000000000 0.000000000 0.991399229 -0.014179093 0.130101860 -0.203584915 0.013825295 0.999897838 0.003622216 -0.028678612 -0.130139932 -0.001792366 0.991494000 -0.733660993
0 0.568424186 1.010531854 0.500000000 0.500000000 0.000000000 0.000000000 0.991273701 -0.014378573 0.131033167 -0.203932301 0.014046746 0.999895394 0.003456358 -0.029036927 -0.131069154 -0.001585607 0.991371989 -0.742536369
0 0.568424186 1.010531854 0.500000000 0.500000000 0.000000000 0.000000000 0.991156220 -0.014703753 0.131882861 -0.203962054 0.014412187 0.999891102 0.003165103 -0.029168397 -0.131915033 -0.001236391 0.991260231 -0.751596050
0 0.568424186 1.010531854 0.500000000 0.500000000 0.000000000 0.000000000 0.991048157 -0.014960025 0.132663980 -0.203803744 0.014702027 0.999887645 0.002924139 -0.029414635 -0.132692814 -0.000947533 0.991156757 -0.760580895
