0.000000000 2.490483542 4.316838140 0.497572918 0.508464333 0.000000000 0.000000000 0.704456000 0.709678000 -0.009945000 11686.878754000 -0.709459000 0.704500000 0.018626000 1635.779186000 0.020225000 -0.006065000 0.999777000 -926.185082000
0.000000000 2.490483542 4.316838140 0.497572918 0.508464333 0.000000000 0.000000000 0.703859000 0.710282000 -0.009077000 11686.883613000 -0.710005000 0.703862000 0.021705000 1634.211362000 0.021805000 -0.008832000 0.999723000 -926.178563000
0.000000000 2.490483542 4.316838140 0.497572918 0.508464333 0.000000000 0.000000000 0.703220000 0.710942000 -0.006570000 11686.890972000 -0.710635000 0.703141000 0.024307000 1632.642591000 0.021900000 -0.012425000 0.999683000 -926.166875000
0.000000000 2.490483542 4.316838140 0.497572918 0.508464333 0.000000000 0.000000000 0.702484000 0.711677000 -0.005672000 11686.893174000 -0.711512000 0.702460000 0.017318000 1631.060196000 0.016309000 -0.008130000 0.999834000 -926.158340000
0.000000000 2.490483542 4.316838140 0.497572918 0.508464333 0.000000000 0.000000000 0.701662000 0.712486000 -0.005842000 11686.892037000 -0.712435000 0.701684000 0.008697000 1629.476639000 0.010296000 -0.001940000 0.999945000 -926.164304000
0.000000000 2.490483542 4.316838140 0.497572918 0.508464333 0.000000000 0.000000000 0.701084000 0.713036000 -0.007753000 11686.886090000 -0.712990000 0.701127000 0.008127000 1627.905540000 0.011231000 -0.000170000 0.999937000 -926.177056000
0.000000000 2.490483542 4.316838140 0.497572918 0.508464333 0.000000000 0.000000000 0.700374000 0.713716000 -0.009271000 11686.878616000 -0.713599000 0.700430000 0.013218000 1626.341960000 0.015928000 -0.002642000 0.999870000 -926.186299000
0.000000000 2.490483542 4.316838140 0.497572918 0.508464333 0.000000000 0.000000000 0.699499000 0.714584000 -0.008383000 11686.874196000 -0.714417000 0.699528000 0.016390000 1624.775498000 0.017577000 -0.005476000 0.999831000 -926.188602000
0.000000000 2.490483542 4.316838140 0.497572918 0.508464333 0.000000000 0.000000000 0.698584000 0.715506000 -0.005689000 11686.871231000 -0.715399000 0.698587000 0.013419000 1623.202214000 0.013576000 -0.005304000 0.999894000 -926.189226000
0.000000000 2.490483542 4.316838140 0.497572918 0.508464333 0.000000000 0.000000000 0.696709000 0.717350000 -0.002341000 11686.856772000 -0.717323000 0.696705000 0.007084000 1620.056713000 0.006713000 -0.003256000 0.999972000 -926.211007000
0.000000000 2.490483542 4.316838140 0.497572918 0.508464333 0.000000000 0.000000000 0.695943000 0.718091000 -0.002973000 11686.842692000 -0.718027000 0.695927000 0.011118000 1618.495086000 0.010053000 -0.005603000 0.999934000 -926.222871000
0.000000000 2.490483542 4.316838140 0.497572918 0.508464333 0.000000000 0.000000000 0.695314000 0.718697000 -0.003599000 11686.826667000 -0.718580000 0.695277000 0.015249000 1616.936044000 0.013461000 -0.008017000 0.999877000 -926.227625000
0.000000000 2.490483542 4.316838140 0.497572918 0.508464333 0.000000000 0.000000000 0.694756000 0.719234000 -0.004058000 11686.809299000 -0.719101000 0.694719000 0.016119000 1615.375957000 0.014412000 -0.008280000 0.999862000 -926.228300000
0.000000000 2.490483542 4.316838140 0.497572918 0.508464333 0.000000000 0.000000000 0.693934000 0.720029000 -0.003659000 11686.792117000 -0.719904000 0.693893000 0.015832000 1613.817383000 0.013938000 -0.008352000 0.999868000 -926.228757000
0.000000000 2.490483542 4.316838140 0.497572918 0.508464333 0.000000000 0.000000000 0.693046000 0.720888000 -0.002964000 11686.773725000 -0.720763000 0.692992000 0.016212000 1612.264043000 0.013741000 -0.009099000 0.999864000 -926.229229000
0.000000000 2.490483542 4.316838140 0.497572918 0.508464333 0.000000000 0.000000000 0.692097000 0.721803000 -0.001503000 11686.754992000 -0.721691000 0.692023000 0.016293000 1610.714020000 0.012800000 -0.010191000 0.999866000 -926.228188000
0.000000000 2.490483542 4.316838140 0.497572918 0.508464333 0.000000000 0.000000000 0.691132000 0.722728000 -0.001102000 11686.732578000 -0.722623000 0.691057000 0.016001000 1609.168410000 0.012326000 -0.010263000 0.999871000 -926.228647000
0.000000000 2.490483542 4.316838140 0.497572918 0.508464333 0.000000000 0.000000000 0.690107000 0.723707000 0.000170000 11686.709829000 -0.723614000 0.690015000 0.016175000 1607.628469000 0.011588000 -0.011285000 0.999869000 -926.228453000
0.000000000 2.490483542 4.316838140 0.497572918 0.508464333 0.000000000 0.000000000 0.688862000 0.724892000 0.000592000 11686.683530000 -0.724798000 0.688758000 0.016743000 1606.093975000 0.011729000 -0.011962000 0.999860000 -926.228622000
0.000000000 2.490483542 4.316838140 0.497572918 0.508464333 0.000000000 0.000000000 0.687538000 0.726148000 0.000427000 11686.652452000 -0.726054000 0.687439000 0.016554000 1604.563274000 0.011727000 -0.011691000 0.999863000 -926.226894000
0.000000000 2.490483542 4.316838140 0.497572918 0.508464333 0.000000000 0.000000000 0.686011000 0.727590000 0.000993000 11686.620277000 -0.727524000 0.685929000 0.014528000 1603.035496000 0.009889000 -0.010689000 0.999894000 -926.227955000
0.000000000 2.490483542 4.316838140 0.497572918 0.508464333 0.000000000 0.000000000 0.684550000 0.728964000 0.001463000 11686.585238000 -0.728918000 0.684480000 0.012885000 1601.513435000 0.008391000 -0.009887000 0.999916000 -926.231442000
0.000000000 2.490483542 4.316838140 0.497572918 0.508464333 0.000000000 0.000000000 0.683019000 0.730397000 0.002272000 11686.546912000 -0.730354000 0.682937000 0.013437000 1599.998763000 0.008263000 -0.010837000 0.999907000 -926.236638000
0.000000000 2.490483542 4.316838140 0.497572918 0.508464333 0.000000000 0.000000000 0.681339000 0.731963000 0.002551000 11686.505127000 -0.731905000 0.681231000 0.015439000 1598.491767000 0.009563000 -0.012386000 0.999878000 -926.239632000
0.000000000 2.490483542 4.316838140 0.497572918 0.508464333 0.000000000 0.000000000 0.679727000 0.733459000 0.002927000 11686.459961000 -0.733388000 0.679592000 0.017245000 1596.990679000 0.010659000 -0.013869000 0.999847000 -926.238929000
0.000000000 2.490483542 4.316838140 0.497572918 0.508464333 0.000000000 0.000000000 0.678175000 0.734896000 0.002593000 11686.410559000 -0.734815000 0.678038000 0.017634000 1595.493535000 0.011201000 -0.013864000 0.999841000 -926.236325000
0.000000000 2.490483542 4.316838140 0.497572918 0.508464333 0.000000000 0.000000000 0.676749000 0.736213000 0.001134000 11686.355839000 -0.736131000 0.676649000 0.016050000 1593.999388000 0.011049000 -0.011696000 0.999871000 -926.235648000
0.000000000 2.490483542 4.316838140 0.497572918 0.508464333 0.000000000 0.000000000 0.675114000 0.737714000 0.000244000 11686.299035000 -0.737640000 0.675041000 0.014355000 1592.510874000 0.010425000 -0.009871000 0.999897000 -926.237169000
0.000000000 2.490483542 4.316838140 0.497572918 0.508464333 0.000000000 0.000000000 0.673488000 0.739198000 0.000529000 11686.241627000 -0.739135000 0.673422000 0.013481000 1591.028831000 0.009608000 -0.009471000 0.999909000 -926.240487000
0.000000000 2.490483542 4.316838140 0.497572918 0.508464333 0.000000000 0.000000000 0.671861000 0.740676000 0.000938000 11686.181075000 -0.740619000 0.671792000 0.013368000 1589.553303000 0.009271000 -0.009677000 0.999910000 -926.244661000
0.000000000 2.490483542 4.316838140 0.497572918 0.508464333 0.000000000 0.000000000 0.670163000 0.742212000 0.001693000 11686.118061000 -0.742150000 0.670075000 0.014582000 1588.085723000 0.009688000 -0.011029000 0.999892000 -926.247842000
0.000000000 2.490483542 4.316838140 0.497572918 0.508464333 0.000000000 0.000000000 0.668673000 0.743553000 0.002258000 11686.052874000 -0.743486000 0.668565000 0.015802000 1586.624282000 0.010240000 -0.012245000 0.999873000 -926.249011000
0.000000000 2.490483542 4.316838140 0.497572918 0.508464333 0.000000000 0.000000000 0.667178000 0.744894000 0.002554000 11685.984020000 -0.744835000 0.667073000 0.015305000 1585.166507000 0.009697000 -0.012114000 0.999880000 -926.249753000
0.000000000 2.490483542 4.316838140 0.497572918 0.508464333 0.000000000 0.000000000 0.665677000 0.746235000 0.002605000 11685.912076000 -0.746191000 0.665590000 0.013763000 1583.713953000 0.008536000 -0.011106000 0.999902000 -926.252062000
0.000000000 2.490483542 4.316838140 0.497572918 0.508464333 0.000000000 0.000000000 0.664103000 0.747637000 0.002701000 11685.837654000 -0.747598000 0.664021000 0.013178000 1582.269694000 0.008059000 -0.010771000 0.999910000 -926.255934000
0.000000000 2.490483542 4.316838140 0.497572918 0.508464333 0.000000000 0.000000000 0.662522000 0.749039000 0.002472000 11685.759457000 -0.748993000 0.662435000 0.013762000 1580.833529000 0.008671000 -0.010969000 0.999902000 -926.260047000
0.000000000 2.490483542 4.316838140 0.497572918 0.508464333 0.000000000 0.000000000 0.661019000 0.750362000 0.003202000 11685.681003000 -0.750319000 0.660921000 0.014294000 1579.404607000 0.008610000 -0.011851000 0.999893000 -926.262237000
0.000000000 2.490483542 4.316838140 0.497572918 0.508464333 0.000000000 0.000000000 0.659569000 0.751640000 0.002244000 11685.596765000 -0.751591000 0.659484000 0.013865000 1577.981983000 0.008941000 -0.010832000 0.999901000 -926.264880000
0.000000000 2.490483542 4.316838140 0.497572918 0.508464333 0.000000000 0.000000000 0.658197000 0.752843000 0.002061000 11685.511689000 -0.752794000 0.658116000 0.013585000 1576.567551000 0.008871000 -0.010493000 0.999906000 -926.268296000
0.000000000 2.490483542 4.316838140 0.497572918 0.508464333 0.000000000 0.000000000 0.655085000 0.755553000 0.001879000 11685.334741000 -0.755494000 0.654998000 0.014360000 1573.764012000 0.009619000 -0.010826000 0.999895000 -926.274122000
0.000000000 2.490483542 4.316838140 0.497572918 0.508464333 0.000000000 0.000000000 0.653571000 0.756861000 0.002667000 11685.244580000 -0.756812000 0.653479000 0.014210000 1572.373947000 0.009012000 -0.011306000 0.999895000 -926.277327000
0.000000000 2.490483542 4.316838140 0.497572918 0.508464333 0.000000000 0.000000000 0.652345000 0.757914000 0.003506000 11685.152808000 -0.757881000 0.652254000 0.013478000 1570.992054000 0.007929000 -0.011450000 0.999903000 -926.279405000
0.000000000 2.490483542 4.316838140 0.497572918 0.508464333 0.000000000 0.000000000 0.651397000 0.758731000 0.003196000 11685.057973000 -0.758698000 0.651314000 0.012920000 1569.619067000 0.007721000 -0.010841000 0.999911000 -926.283246000
0.000000000 2.490483542 4.316838140 0.497572918 0.508464333 0.000000000 0.000000000 0.650647000 0.759379000 0.001201000 11684.958521000 -0.759325000 0.650580000 0.013056000 1568.256263000 0.009133000 -0.009406000 0.999914000 -926.288086000
0.000000000 2.490483542 4.316838140 0.497572918 0.508464333 0.000000000 0.000000000 0.650054000 0.759888000 0.000321000 11684.860590000 -0.759816000 0.649986000 0.014078000 1566.903962000 0.010489000 -0.009396000 0.999901000 -926.291572000
0.000000000 2.490483542 4.316838140 0.497572918 0.508464333 0.000000000 0.000000000 0.649652000 0.760228000 -0.002562000 11684.758866000 -0.760115000 0.649607000 0.015339000 1565.561354000 0.013326000 -0.008018000 0.999879000 -926.294776000
0.000000000 2.490483542 4.316838140 0.497572918 0.508464333 0.000000000 0.000000000 0.649553000 0.760304000 -0.004302000 11684.658426000 -0.760181000 0.649534000 0.015174000 1564.226535000 0.014331000 -0.006586000 0.999876000 -926.296091000
0.000000000 2.490483542 4.316838140 0.497572918 0.508464333 0.000000000 0.000000000 0.649533000 0.760313000 -0.005613000 11684.560888000 -0.760195000 0.649537000 0.014306000 1562.900584000 0.014523000 -0.005026000 0.999882000 -926.298451000
0.000000000 2.490483542 4.316838140 0.497572918 0.508464333 0.000000000 0.000000000 0.650038000 0.759878000 -0.005966000 11684.372380000 -0.759806000 0.650060000 0.010771000 1560.275516000 0.012062000 -0.002469000 0.999924000 -926.308786000
0.000000000 2.490483542 4.316838140 0.497572918 0.508464333 0.000000000 0.000000000 0.650269000 0.759686000 -0.005215000 11684.282596000 -0.759633000 0.650287000 0.009179000 1558.978153000 0.010364000 -0.002007000 0.999944000 -926.317159000
0.000000000 2.490483542 4.316838140 0.497572918 0.508464333 0.000000000 0.000000000 0.650735000 0.759298000 -0.003258000 11684.196205000 -0.759231000 0.650726000 0.011154000 1557.696166000 0.010589000 -0.004785000 0.999932000 -926.326093000
0.000000000 2.490483542 4.316838140 0.497572918 0.508464333 0.000000000 0.000000000 0.651313000 0.758801000 -0.003526000 11684.107529000 -0.758675000 0.651278000 0.015782000 1556.428023000 0.014272000 -0.007604000 0.999869000 -926.329136000
0.000000000 2.490483542 4.316838140 0.497572918 0.508464333 0.000000000 0.000000000 0.652390000 0.757870000 -0.004403000 11684.019883000 -0.757713000 0.652356000 0.017371000 1555.165003000 0.016037000 -0.007997000 0.999839000 -926.328776000
0.000000000 2.490483542 4.316838140 0.497572918 0.508464333 0.000000000 0.000000000 0.653406000 0.756995000 -0.004519000 11683.936554000 -0.756880000 0.653393000 0.014489000 1553.906228000 0.013921000 -0.006047000 0.999885000 -926.329092000
0.000000000 2.490483542 4.316838140 0.497572918 0.508464333 0.000000000 0.000000000 0.654114000 0.756375000 -0.005647000 11683.852675000 -0.756305000 0.654133000 0.010618000 1552.656502000 0.011725000 -0.002675000 0.999928000 -926.333955000
0.000000000 2.490483542 4.316838140 0.497572918 0.508464333 0.000000000 0.000000000 0.654659000 0.755917000 -0.003203000 11683.777065000 -0.755864000 0.654655000 0.009881000 1551.420569000 0.009566000 -0.004047000 0.999946000 -926.341988000
0.000000000 2.490483542 4.316838140 0.497572918 0.508464333 0.000000000 0.000000000 0.654896000 0.755717000 -0.001751000 11683.701434000 -0.755653000 0.654869000 0.011613000 1550.197121000 0.009923000 -0.006282000 0.999931000 -926.349333000
0.000000000 2.490483542 4.316838140 0.497572918 0.508464333 0.000000000 0.000000000 0.655203000 0.755452000 -0.000409000 11683.626033000 -0.755383000 0.655151000 0.013160000 1548.983609000 0.010210000 -0.008313000 0.999913000 -926.353970000
0.000000000 2.490483542 4.316838140 0.497572918 0.508464333 0.000000000 0.000000000 0.655770000 0.754959000 -0.001376000 11683.548465000 -0.754865000 0.655715000 0.014756000 1547.780158000 0.012043000 -0.008638000 0.999890000 -926.356589000
0.000000000 2.490483542 4.316838140 0.497572918 0.508464333 0.000000000 0.000000000 0.656906000 0.753967000 -0.002961000 11683.471773000 -0.753844000 0.656861000 0.015906000 1546.585659000 0.013937000 -0.008216000 0.999869000 -926.357894000
0.000000000 2.490483542 4.316838140 0.497572918 0.508464333 0.000000000 0.000000000 0.658404000 0.752653000 -0.004248000 11683.398522000 -0.752522000 0.658378000 0.015782000 1545.398068000 0.014675000 -0.007194000 0.999866000 -926.359097000
0.000000000 2.490483542 4.316838140 0.497572918 0.508464333 0.000000000 0.000000000 0.659892000 0.751337000 -0.005871000 11683.327232000 -0.751210000 0.659897000 0.014807000 1544.218771000 0.015000000 -0.005361000 0.999873000 -926.360581000
0.000000000 2.490483542 4.316838140 0.497572918 0.508464333 0.000000000 0.000000000 0.661181000 0.750200000 -0.006290000 11683.260602000 -0.750073000 0.661193000 0.014627000 1543.049902000 0.015132000 -0.004953000 0.999873000 -926.362845000
0.000000000 2.490483542 4.316838140 0.497572918 0.508464333 0.000000000 0.000000000 0.662693000 0.748866000 -0.006159000 11683.198354000 -0.748749000 0.662705000 0.014030000 1541.888924000 0.014588000 -0.004686000 0.999883000 -926.364721000
0.000000000 2.490483542 4.316838140 0.497572918 0.508464333 0.000000000 0.000000000 -0.695658000 0.718128000 -0.018775000 11684.662018000 -0.718300000 -0.695723000 0.003881000 1840.309710000 -0.010275000 0.016186000 0.999816000 -926.103238000
0.000000000 2.490483542 4.316838140 0.497572918 0.508464333 0.000000000 0.000000000 -0.695247000 0.718537000 -0.018318000 11684.689371000 -0.718713000 -0.695289000 0.005029000 1838.740406000 -0.009123000 0.016661000 0.999820000 -926.112453000
0.000000000 2.490483542 4.316838140 0.497572918 0.508464333 0.000000000 0.000000000 -0.695099000 0.718638000 -0.019906000 11684.711672000 -0.718869000 -0.695097000 0.008162000 1837.173453000 -0.007971000 0.019983000 0.999769000 -926.116877000
0.000000000 2.490483542 4.316838140 0.497572918 0.508464333 0.000000000 0.000000000 -0.695295000 0.718405000 -0.021426000 11684.734195000 -0.718661000 -0.695320000 0.007471000 1835.601737000 -0.009531000 0.020592000 0.999743000 -926.119060000
0.000000000 2.490483542 4.316838140 0.497572918 0.508464333 0.000000000 0.000000000 -0.695415000 0.718007000 -0.029388000 11684.742091000 -0.718360000 -0.695668000 0.002171000 1834.024269000 -0.018886000 0.022620000 0.999566000 -926.129862000
0.000000000 2.490483542 4.316838140 0.497572918 0.508464333 0.000000000 0.000000000 -0.695228000 0.718043000 -0.032738000 11684.758169000 -0.718471000 -0.695554000 0.001918000 1832.454762000 -0.021394000 0.024855000 0.999462000 -926.143614000
0.000000000 2.490483542 4.316838140 0.497572918 0.508464333 0.000000000 0.000000000 -0.695284000 0.717765000 -0.037331000 11684.771963000 -0.718545000 -0.695356000 0.013156000 1830.903071000 -0.016515000 0.035971000 0.999216000 -926.149307000
0.000000000 2.490483542 4.316838140 0.497572918 0.508464333 0.000000000 0.000000000 -0.695872000 0.717293000 -0.035396000 11684.797330000 -0.718133000 -0.695463000 0.024808000 1829.352565000 -0.006822000 0.042682000 0.999065000 -926.132894000
0.000000000 2.490483542 4.316838140 0.497572918 0.508464333 0.000000000 0.000000000 -0.696547000 0.716796000 -0.032030000 11684.825639000 -0.717459000 -0.696340000 0.019046000 1827.779154000 -0.008652000 0.036246000 0.999305000 -926.109013000
0.000000000 2.490483542 4.316838140 0.497572918 0.508464333 0.000000000 0.000000000 -0.696928000 0.716535000 -0.029483000 11684.851151000 -0.716896000 -0.697175000 0.002519000 1826.193108000 -0.018750000 0.022892000 0.999562000 -926.106440000
0.000000000 2.490483542 4.316838140 0.497572918 0.508464333 0.000000000 0.000000000 -0.697134000 0.716333000 -0.029521000 11684.871202000 -0.716614000 -0.697469000 -0.001499000 1824.626539000 -0.021664000 0.020111000 0.999563000 -926.122547000
0.000000000 2.490483542 4.316838140 0.497572918 0.508464333 0.000000000 0.000000000 -0.696910000 0.716500000 -0.030735000 11684.889581000 -0.717011000 -0.696996000 0.009593000 1823.081419000 -0.014549000 0.028723000 0.999482000 -926.132942000
0.000000000 2.490483542 4.316838140 0.497572918 0.508464333 0.000000000 0.000000000 -0.696578000 0.716857000 -0.029928000 11684.912209000 -0.717448000 -0.696340000 0.019461000 1821.535739000 -0.006889000 0.035028000 0.999363000 -926.124159000
0.000000000 2.490483542 4.316838140 0.497572918 0.508464333 0.000000000 0.000000000 -0.696498000 0.716902000 -0.030698000 11684.931582000 -0.717521000 -0.696263000 0.019542000 1819.976774000 -0.007364000 0.035637000 0.999338000 -926.107121000
0.000000000 2.490483542 4.316838140 0.497572918 0.508464333 0.000000000 0.000000000 -0.696621000 0.716740000 -0.031666000 11684.949517000 -0.717338000 -0.696585000 0.013976000 1818.410603000 -0.012041000 0.032451000 0.999401000 -926.095491000
0.000000000 2.490483542 4.316838140 0.497572918 0.508464333 0.000000000 0.000000000 -0.696572000 0.716649000 -0.034659000 11684.964324000 -0.717269000 -0.696737000 0.009044000 1816.844770000 -0.017667000 0.031160000 0.999358000 -926.094213000
0.000000000 2.490483542 4.316838140 0.497572918 0.508464333 0.000000000 0.000000000 -0.696400000 0.716722000 -0.036560000 11684.980565000 -0.717380000 -0.696638000 0.007859000 1815.282866000 -0.019836000 0.031701000 0.999301000 -926.097217000