0 0.535178567 0.951428574 0.500000000 0.500000000 0.000000000 0.000000000 0.212629557 0.042468209 -0.976209581 1.040878867 -0.064753525 0.997471392 0.029289108 0.245731439 0.974984944 0.056985281 0.214841872 -0.236447291
0 0.535178567 0.951428574 0.500000000 0.500000000 0.000000000 0.000000000 0.212489545 0.042378135 -0.976243973 1.036781475 -0.064651586 0.997479796 0.029227884 0.248403200 0.975022256 0.056905098 0.214693844 -0.243693840
0 0.535178567 0.951428574 0.500000000 0.500000000 0.000000000 0.000000000 0.212729692 0.042389408 -0.976191163 1.032194943 -0.064795747 0.997471452 0.029193304 0.251037564 0.974960327 0.057042751 0.214938447 -0.250216500
0 0.535178567 0.951428574 0.500000000 0.500000000 0.000000000 0.000000000 0.212434307 0.042093914 -0.976268291 1.029047423 -0.064943105 0.997471094 0.028876610 0.254176730 0.975014925 0.057267509 0.214630783 -0.256687362
0 0.535178567 0.951428574 0.500000000 0.500000000 0.000000000 0.000000000 0.212386489 0.041915338 -0.976286352 1.025587682 -0.064947255 0.997475982 0.028696114 0.257132401 0.975025058 0.057312455 0.214572713 -0.262588865
0 0.535178567 0.951428574 0.500000000 0.500000000 0.000000000 0.000000000 0.212313056 0.041773956 -0.976308405 1.022937022 -0.064869724 0.997484565 0.028573133 0.259601104 0.975046217 0.057266403 0.214488864 -0.269123400
0 0.535178567 0.951428574 0.500000000 0.500000000 0.000000000 0.000000000 0.212223008 0.041629560 -0.976334155 1.020829611 -0.064833231 0.997490764 0.028439032 0.262274362 0.975068212 0.057263479 0.214389473 -0.276186833
0 0.535178567 0.951428574 0.500000000 0.500000000 0.000000000 0.000000000 0.212131307 0.041587155 -0.976355910 1.019462250 -0.064839639 0.997491479 0.028399806 0.264954340 0.975087762 0.057282075 0.214295670 -0.284169279
0 0.535178567 0.951428574 0.500000000 0.500000000 0.000000000 0.000000000 0.212052479 0.041564029 -0.976373971 1.018438691 -0.064945921 0.997485757 0.028357560 0.269550673 0.975097835 0.057398215 0.214218751 -0.291573281
0 0.535178567 0.951428574 0.500000000 0.500000000 0.000000000 0.000000000 0.212144852 0.041504581 -0.976356447 1.017883451 -0.064634189 0.997505963 0.028359780 0.272201845 0.975098431 0.057089631 0.214298368 -0.299193988
0 0.535178567 0.951428574 0.500000000 0.500000000 0.000000000 0.000000000 0.212180063 0.041314524 -0.976356864 1.016443203 -0.064476728 0.997520745 0.028198108 0.275450007 0.975101233 0.056969222 0.214317828 -0.307184684
0 0.535178567 0.951428574 0.500000000 0.500000000 0.000000000 0.000000000 0.212091669 0.041241992 -0.976379156 1.015890956 -0.064574286 0.997516990 0.028107850 0.278525875 0.975113988 0.057087541 0.214228198 -0.314926737
0 0.535178567 0.951428574 0.500000000 0.500000000 0.000000000 0.000000000 0.211890504 0.040997814 -0.976433098 1.015542330 -0.064851701 0.997507334 0.027809547 0.282491373 0.975139320 0.057430767 0.214021116 -0.322092437
0 0.535178567 0.951428574 0.500000000 0.500000000 0.000000000 0.000000000 0.211813658 0.040873758 -0.976454973 1.015148833 -0.065036185 0.997499824 0.027646964 0.286084331 0.975143731 0.057648905 0.213942364 -0.329567648
0 0.535178567 0.951428574 0.500000000 0.500000000 0.000000000 0.000000000 0.211867109 0.040949173 -0.976440191 1.013768660 -0.065017074 0.997498930 0.027724972 0.288279826 0.975133359 0.057611275 0.213999614 -0.337025462
0 0.535178567 0.951428574 0.500000000 0.500000000 0.000000000 0.000000000 0.211876735 0.040895585 -0.976440370 1.014419295 -0.065277234 0.997485042 0.027612550 0.291490655 0.975113928 0.057888869 0.214013427 -0.345744077
0 0.535178567 0.951428574 0.500000000 0.500000000 0.000000000 0.000000000 0.211916581 0.040762372 -0.976437271 1.014233623 -0.065532245 0.997473717 0.027418068 0.294366796 0.975088120 0.058177788 0.214052469 -0.353815769
0 0.535178567 0.951428574 0.500000000 0.500000000 0.000000000 0.000000000 0.211952239 0.040629935 -0.976435065 1.013763105 -0.065578103 0.997474730 0.027270537 0.296965402 0.975077331 0.058252711 0.214081436 -0.362788241
0 0.535178567 0.951428574 0.500000000 0.500000000 0.000000000 0.000000000 0.211997479 0.040439401 -0.976433158 1.013270807 -0.065610997 0.997478127 0.027065910 0.299901296 0.975065291 0.058326848 0.214116111 -0.371820922
0 0.535178567 0.951428574 0.500000000 0.500000000 0.000000000 0.000000000 0.211909875 0.040228486 -0.976460874 1.014244576 -0.065655842 0.997481108 0.026845966 0.301415917 0.975081265 0.058421433 0.214017332 -0.381445901
0 0.535178567 0.951428574 0.500000000 0.500000000 0.000000000 0.000000000 0.211978540 0.040149830 -0.976449251 1.013753335 -0.066015489 0.997461796 0.026682444 0.304244257 0.975042105 0.058804668 0.214091003 -0.390587337
0 0.535178567 0.951428574 0.500000000 0.500000000 0.000000000 0.000000000 0.211704984 0.039819203 -0.976522088 1.015278677 -0.066076152 0.997466624 0.026348280 0.307670846 0.975097418 0.058946762 0.213799775 -0.400996963
0 0.535178567 0.951428574 0.500000000 0.500000000 0.000000000 0.000000000 0.211742565 0.039660241 -0.976520419 1.016189799 -0.066303954 0.997457206 0.026133630 0.311756680 0.975073755 0.059213560 0.213833779 -0.410535588
0 0.535178567 0.951428574 0.500000000 0.500000000 0.000000000 0.000000000 0.211779848 0.039509453 -0.976518452 1.016514305 -0.066448465 0.997452497 0.025945598 0.315538878 0.975055814 0.059393395 0.213865682 -0.421462467
0 0.535178567 0.951428574 0.500000000 0.500000000 0.000000000 0.000000000 0.211700991 0.039257877 -0.976545691 1.018014545 -0.066543862 0.997453153 0.025672624 0.318377027 0.975066483 0.059548207 0.213774189 -0.432358759
0 0.535178567 0.951428574 0.500000000 0.500000000 0.000000000 0.000000000 0.211689398 0.039212324 -0.976550043 1.020517747 -0.066455759 0.997459710 0.025646133 0.320963595 0.975075006 0.059468359 0.213757530 -0.443585038
0 0.535178567 0.951428574 0.500000000 0.500000000 0.000000000 0.000000000 0.211498797 0.038972557 -0.976600945 1.022895112 -0.066397078 0.997469246 0.025425969 0.325006784 0.975120366 0.059465885 0.213551223 -0.454040317
0 0.535178567 0.951428574 0.500000000 0.500000000 0.000000000 0.000000000 0.211520806 0.038785081 -0.976603627 1.025359999 -0.066416539 0.997473001 0.025228852 0.328294806 0.975114226 0.059526209 0.213562265 -0.465951005
0 0.535178567 0.951428574 0.500000000 0.500000000 0.000000000 0.000000000 0.211484119 0.038705431 -0.976614714 1.027568455 -0.066635408 0.997461617 0.025101863 0.331767213 0.975107253 0.059768476 0.213526443 -0.476870650
0 0.535178567 0.951428574 0.500000000 0.500000000 0.000000000 0.000000000 0.211388126 0.038594011 -0.976639926 1.030817927 -0.066818401 0.997453034 0.024954027 0.335372094 0.975115538 0.059982534 0.213428512 -0.488666593
0 0.535178567 0.951428574 0.500000000 0.500000000 0.000000000 0.000000000 0.211332902 0.038492832 -0.976655900 1.034052561 -0.066980995 0.997445524 0.024818584 0.340374523 0.975116372 0.060172401 0.213371336 -0.499769828
0 0.535178567 0.951428574 0.500000000 0.500000000 0.000000000 0.000000000 0.211151585 0.038358431 -0.976700366 1.037971474 -0.067110352 0.997440636 0.024664473 0.344394022 0.975146770 0.060338765 0.213185430 -0.511461442
0 0.535178567 0.951428574 0.500000000 0.500000000 0.000000000 0.000000000 0.211246729 0.038362924 -0.976679623 1.041509270 -0.067436546 0.997420430 0.024591703 0.347801889 0.975103676 0.060668986 0.213288859 -0.523441987
0 0.535178567 0.951428574 0.500000000 0.500000000 0.000000000 0.000000000 0.211318135 0.038364708 -0.976664126 1.046415005 -0.067818202 0.997396708 0.024505474 0.351972390 0.975061715 0.061057150 0.213369831 -0.535045043
0 0.535178567 0.951428574 0.500000000 0.500000000 0.000000000 0.000000000 0.211781546 0.038255464 -0.976568043 1.050555737 -0.067763872 0.997403562 0.024376180 0.356009225 0.974964917 0.061013609 0.213824004 -0.548750257
0 0.535178567 0.951428574 0.500000000 0.500000000 0.000000000 0.000000000 0.212017238 0.038108587 -0.976522624 1.055789643 -0.067551456 0.997420847 0.024257734 0.358735516 0.974928439 0.060822472 0.214044705 -0.561504445
0 0.535178567 0.951428574 0.500000000 0.500000000 0.000000000 0.000000000 0.212668255 0.038030464 -0.976384103 1.060145884 -0.067733847 0.997412384 0.024096273 0.363218540 0.974774003 0.061009735 0.214693904 -0.575502657
0 0.535178567 0.951428574 0.500000000 0.500000000 0.000000000 0.000000000 0.213402048 0.037853412 -0.976230860 1.063967490 -0.067757450 0.997416377 0.023863245 0.367849589 0.974611998 0.061054450 0.215415552 -0.589910713
0 0.535178567 0.951428574 0.500000000 0.500000000 0.000000000 0.000000000 0.213886589 0.037617743 -0.976133943 1.068447496 -0.067858294 0.997416556 0.023569083 0.375246007 0.974498749 0.061197668 0.215886697 -0.603886175
0 0.535178567 0.951428574 0.500000000 0.500000000 0.000000000 0.000000000 0.214828342 0.037528589 -0.975930512 1.071406471 -0.067579687 0.997437537 0.023479532 0.379703285 0.974310935 0.060909007 0.216814026 -0.618871500
0 0.535178567 0.951428574 0.500000000 0.500000000 0.000000000 0.000000000 0.215570986 0.037590615 -0.975764394 1.075218961 -0.067776255 0.997424901 0.023451585 0.384270347 0.974133193 0.061078172 0.217563614 -0.633002750
0 0.535178567 0.951428574 0.500000000 0.500000000 0.000000000 0.000000000 0.216872066 0.037609424 -0.975475311 1.078031548 -0.068261325 0.997395873 0.023278404 0.389484032 0.973810494 0.061538801 0.218874574 -0.647500660
0 0.535178567 0.951428574 0.500000000 0.500000000 0.000000000 0.000000000 0.218383193 0.037430052 -0.975144982 1.080991684 -0.068460427 0.997389793 0.022952223 0.394742993 0.973458767 0.061746463 0.220375642 -0.662383343
0 0.535178567 0.951428574 0.500000000 0.500000000 0.000000000 0.000000000 0.220077470 0.037333101 -0.974767745 1.082617860 -0.068038732 0.997421205 0.022839323 0.398769824 0.973106682 0.061295539 0.222050041 -0.678849306
0 0.535178567 0.951428574 0.500000000 0.500000000 0.000000000 0.000000000 0.221967012 0.037023675 -0.974350989 1.084383677 -0.067403577 0.997470975 0.022546977 0.402860198 0.972721636 0.060670055 0.223901182 -0.694752482
0 0.535178567 0.951428574 0.500000000 0.500000000 0.000000000 0.000000000 0.224153072 0.036844272 -0.973857224 1.085870890 -0.067019969 0.997502089 0.022312826 0.407483709 0.972246766 0.060266390 0.226062462 -0.711374710
0 0.535178567 0.951428574 0.500000000 0.500000000 0.000000000 0.000000000 0.226729482 0.036740445 -0.973264575 1.086752087 -0.066897087 0.997515738 0.022071727 0.410968711 0.971657634 0.060104251 0.228624061 -0.727885285
0 0.535178567 0.951428574 0.500000000 0.500000000 0.000000000 0.000000000 0.229728401 0.036755901 -0.972560465 1.087544899 -0.067223817 0.997499287 0.021819482 0.415779515 0.970930398 0.060366675 0.231624797 -0.745358075
0 0.535178567 0.951428574 0.500000000 0.500000000 0.000000000 0.000000000 0.233287603 0.036749620 -0.971713126 1.088248449 -0.067631267 0.997478962 0.021487243 0.420506914 0.970053017 0.060705483 0.235184893 -0.762804943
0 0.535178567 0.951428574 0.500000000 0.500000000 0.000000000 0.000000000 0.237593308 0.036506649 -0.970678449 1.087990399 -0.067763135 0.997481883 0.020928307 0.424966390 0.968998253 0.060803790 0.239468828 -0.781791281
0 0.535178567 0.951428574 0.500000000 0.500000000 0.000000000 0.000000000 0.242478952 0.036337513 -0.969475925 1.087272572 -0.067948058 0.997480452 0.020392444 0.428454092 0.967774272 0.060929265 0.244337067 -0.802096326
0 0.535178567 0.951428574 0.500000000 0.500000000 0.000000000 0.000000000 0.247936353 0.036002807 -0.968107104 1.086216475 -0.068238512 0.997476101 0.019618835 0.433446350 0.966370046 0.061197970 0.249767363 -0.822937545
0 0.535178567 0.951428574 0.500000000 0.500000000 0.000000000 0.000000000 0.253748775 0.035770427 -0.966608524 1.084691879 -0.068258271 0.997486830 0.018994329 0.437055550 0.964858711 0.061159238 0.255552679 -0.845621591
0 0.535178567 0.951428574 0.500000000 0.500000000 0.000000000 0.000000000 0.259927839 0.035498407 -0.964975297 1.083028131 -0.068137340 0.997507334 0.018341532 0.442010401 0.963221073 0.060983378 0.261698693 -0.868848083
0 0.535178567 0.951428574 0.500000000 0.500000000 0.000000000 0.000000000 0.266945004 0.035351932 -0.963063121 1.079176844 -0.067710489 0.997545302 0.017849481 0.445759948 0.961330175 0.060444646 0.268683434 -0.894448105
0 0.535178567 0.951428574 0.500000000 0.500000000 0.000000000 0.000000000 0.273652583 0.035098054 -0.961188018 1.076551785 -0.067110188 0.997595191 0.017321037 0.448758425 0.959484458 0.059765562 0.275349945 -0.918762722
0 0.535178567 0.951428574 0.500000000 0.500000000 0.000000000 0.000000000 0.280828178 0.034934625 -0.959122062 1.072114082 -0.066599056 0.997637749 0.016837489 0.450864005 0.957444549 0.059148181 0.282491416 -0.944769961
0 0.535178567 0.951428574 0.500000000 0.500000000 0.000000000 0.000000000 0.288375050 0.034792852 -0.956885219 1.066531698 -0.066593722 0.997648537 0.016205780 0.455067227 0.955199003 0.059049200 0.290013939 -0.970949738
0 0.535178567 0.951428574 0.500000000 0.500000000 0.000000000 0.000000000 0.295762300 0.034526654 -0.954637408 1.061744296 -0.066880316 0.997642756 0.015361423 0.459814797 0.952917457 0.059303124 0.297374278 -0.995897443
0 0.535178567 0.951428574 0.500000000 0.500000000 0.000000000 0.000000000 0.303471327 0.034568865 -0.952213287 1.056217067 -0.067214422 0.997628808 0.014796316 0.463367906 0.950466931 0.059512205 0.305075288 -1.021155827
0 0.535178567 0.951428574 0.500000000 0.500000000 0.000000000 0.000000000 0.311055958 0.034476236 -0.949766040 1.051739914 -0.067691848 0.997607410 0.014043242 0.468322016 0.947977841 0.059923183 0.312645525 -1.047964994
0 0.535178567 0.951428574 0.500000000 0.500000000 0.000000000 0.000000000 0.319647312 0.034186356 -0.946919680 1.044468060 -0.068057179 0.997596145 0.013042164 0.475242194 0.945089340 0.060275789 0.321205556 -1.075599249
0 0.535178567 0.951428574 0.500000000 0.500000000 0.000000000 0.000000000 0.327503443 0.034168761 -0.944231987 1.037875333 -0.067995504 0.997607112 0.012516246 0.479863774 0.942400217 0.060104415 0.329043061 -1.101856317
0 0.535178567 0.951428574 0.500000000 0.500000000 0.000000000 0.000000000 0.335288882 0.034291513 -0.941491067 1.030818236 -0.067981884 0.997612894 0.012125536 0.483377719 0.939659417 0.059938781 0.336819708 -1.127129525
0 0.535178567 0.951428574 0.500000000 0.500000000 0.000000000 0.000000000 0.343067080 0.034252521 -0.938686192 1.023763882 -0.068215437 0.997604668 0.011471359 0.488744012 0.936830640 0.060097441 0.344581872 -1.152699540
0 0.535178567 0.951428574 0.500000000 0.500000000 0.000000000 0.000000000 0.351039499 0.034084994 -0.935740054 1.015014173 -0.068285920 0.997608185 0.010721367 0.494539715 0.933867395 0.060134247 0.352527410 -1.178427725
0 0.535178567 0.951428574 0.500000000 0.500000000 0.000000000 0.000000000 0.358771414 0.033701453 -0.932816863 1.006635193 -0.067874491 0.997644365 0.009938324 0.499309295 0.930954397 0.059748884 0.360213757 -1.205403917
0 0.535178567 0.951428574 0.500000000 0.500000000 0.000000000 0.000000000 0.366236150 0.033302691 -0.929925799 0.998418799 -0.067522429 0.997675896 0.009136361 0.505264005 0.928068876 0.059444781 0.367633671 -1.231636823
0 0.535178567 0.951428574 0.500000000 0.500000000 0.000000000 0.000000000 0.373868436 0.033184305 -0.926887929 0.989513886 -0.067385785 0.997690439 0.008538517 0.510556679 0.925030589 0.059266787 0.375241131 -1.258193028
0 0.535178567 0.951428574 0.500000000 0.500000000 0.000000000 0.000000000 0.381059140 0.033084664 -0.923958480 0.982498879 -0.067122497 0.997712314 0.008042932 0.515626229 0.922110915 0.058953572 0.382408142 -1.284349042
0 0.535178567 0.951428574 0.500000000 0.500000000 0.000000000 0.000000000 0.388258219 0.033202343 -0.920952320 0.974203887 -0.066707350 0.997741699 0.007848055 0.520454897 0.919133127 0.058387216 0.389596283 -1.310873578
0 0.535178567 0.951428574 0.500000000 0.500000000 0.000000000 0.000000000 0.395168304 0.033293389 -0.918005228 0.966919223 -0.066224001 0.997775257 0.007679363 0.525204716 0.916218519 0.057759333 0.396493971 -1.338894209
0 0.535178567 0.951428574 0.500000000 0.500000000 0.000000000 0.000000000 0.401660621 0.033357486 -0.915180862 0.960655161 -0.065694064 0.997811317 0.007537046 0.528990948 0.913429260 0.057094615 0.402972907 -1.365912249
0 0.535178567 0.951428574 0.500000000 0.500000000 0.000000000 0.000000000 0.408072084 0.033159647 -0.912347317 0.953522088 -0.065455765 0.997830987 0.006989722 0.535903553 0.910600185 0.056866076 0.409357458 -1.391708595
0 0.535178567 0.951428574 0.500000000 0.500000000 0.000000000 0.000000000 0.414537698 0.033188041 -0.909426749 0.945794267 -0.065212421 0.997848988 0.006689540 0.541352214 0.907692611 0.056532856 0.415810287 -1.417598638
0 0.535178567 0.951428574 0.500000000 0.500000000 0.000000000 0.000000000 0.420702696 0.033321440 -0.906586409 0.940244025 -0.064919569 0.997869015 0.006550501 0.545825763 0.904872715 0.056099385 0.421969414 -1.444003215
0 0.535178567 0.951428574 0.500000000 0.500000000 0.000000000 0.000000000 0.427209705 0.033303950 -0.903539002 0.932252741 -0.064804651 0.997879088 0.006140457 0.553105905 0.901827157 0.055930264 0.428461879 -1.469799910
0 0.535178567 0.951428574 0.500000000 0.500000000 0.000000000 0.000000000 0.433598727 0.033395823 -0.900487006 0.925301455 -0.064675614 0.997889102 0.005865787 0.559152080 0.898782074 0.055696152 0.434843332 -1.496099671
0 0.535178567 0.951428574 0.500000000 0.500000000 0.000000000 0.000000000 0.439781010 0.033538792 -0.897478580 0.918454457 -0.064450003 0.997904599 0.005710025 0.563777964 0.895789504 0.055331338 0.441021085 -1.521620338
0 0.535178567 0.951428574 0.500000000 0.500000000 0.000000000 0.000000000 0.445937037 0.033304200 -0.894444525 0.912451772 -0.063989438 0.997936726 0.005254906 0.569315438 0.892774045 0.054891646 0.447148055 -1.547437310
0 0.535178567 0.951428574 0.500000000 0.500000000 0.000000000 0.000000000 0.452292651 0.033340797 -0.891246200 0.904305563 -0.063626789 0.997961044 0.005043374 0.573935899 0.889597118 0.054426052 0.453491807 -1.572857059
