0.000000000 2.505040645 4.342070452 0.494624698 0.501477845 0.000000000 0.000000000 0.066770000 0.997744000 -0.006943000 2666.274051000 -0.997668000 0.066860000 0.013719000 3864.830151000 0.014153000 0.006011000 0.999882000 77.495591000
0.000000000 2.505040645 4.342070452 0.494624698 0.501477845 0.000000000 0.000000000 0.060089000 0.998176000 -0.005805000 2664.781165000 -0.998083000 0.060167000 0.014501000 3863.167189000 0.014824000 0.004922000 0.999878000 77.490442000
0.000000000 2.505040645 4.342070452 0.494624698 0.501477845 0.000000000 0.000000000 0.054736000 0.998487000 -0.005245000 2663.277676000 -0.998372000 0.054813000 0.015778000 3861.513428000 0.016041000 0.004373000 0.999862000 77.490338000
0.000000000 2.505040645 4.342070452 0.494624698 0.501477845 0.000000000 0.000000000 0.052505000 0.998596000 -0.007021000 2662.519429000 -0.998474000 0.052616000 0.016790000 3860.690349000 0.017136000 0.006129000 0.999834000 77.489743000
0.000000000 2.505040645 4.342070452 0.494624698 0.501477845 0.000000000 0.000000000 0.050662000 0.998681000 -0.008323000 2661.760653000 -0.998551000 0.050803000 0.017761000 3859.868205000 0.018160000 0.007411000 0.999808000 77.489548000
0.000000000 2.505040645 4.342070452 0.494624698 0.501477845 0.000000000 0.000000000 0.048823000 0.998764000 -0.009326000 2660.999982000 -0.998603000 0.049000000 0.019766000 3859.049120000 0.020199000 0.008348000 0.999761000 77.488807000
0.000000000 2.505040645 4.342070452 0.494624698 0.501477845 0.000000000 0.000000000 0.046116000 0.998880000 -0.010552000 2659.476898000 -0.998736000 0.046316000 0.019536000 3857.406900000 0.020003000 0.009638000 0.999753000 77.489267000
0.000000000 2.505040645 4.342070452 0.494624698 0.501477845 0.000000000 0.000000000 0.045152000 0.998917000 -0.011191000 2658.715892000 -0.998851000 0.045324000 0.015586000 3856.579906000 0.016076000 0.010474000 0.999816000 77.487117000
0.000000000 2.505040645 4.342070452 0.494624698 0.501477845 0.000000000 0.000000000 0.043916000 0.998978000 -0.010695000 2657.193689000 -0.998907000 0.044080000 0.015550000 3854.940772000 0.016006000 0.010000000 0.999822000 77.475529000
0.000000000 2.505040645 4.342070452 0.494624698 0.501477845 0.000000000 0.000000000 0.043027000 0.999048000 -0.007129000 2655.674858000 -0.998821000 0.043175000 0.022204000 3853.313865000 0.022491000 0.006166000 0.999728000 77.476532000
0.000000000 2.505040645 4.342070452 0.494624698 0.501477845 0.000000000 0.000000000 0.043007000 0.998995000 -0.012604000 2654.147259000 -0.998867000 0.043252000 0.019828000 3851.682013000 0.020354000 0.011737000 0.999724000 77.479480000
0.000000000 2.505040645 4.342070452 0.494624698 0.501477845 0.000000000 0.000000000 0.042975000 0.998976000 -0.014134000 2653.389099000 -0.998884000 0.043240000 0.019025000 3850.869894000 0.019617000 0.013300000 0.999719000 77.476058000
0.000000000 2.505040645 4.342070452 0.494624698 0.501477845 0.000000000 0.000000000 0.042458000 0.999033000 -0.011379000 2651.882163000 -0.998888000 0.042680000 0.020016000 3849.250155000 0.020482000 0.010516000 0.999735000 77.469882000
0.000000000 2.505040645 4.342070452 0.494624698 0.501477845 0.000000000 0.000000000 0.042392000 0.999051000 -0.009992000 2651.128451000 -0.998908000 0.042578000 0.019254000 3848.437130000 0.019661000 0.009165000 0.999765000 77.469382000
0.000000000 2.505040645 4.342070452 0.494624698 0.501477845 0.000000000 0.000000000 0.042362000 0.999036000 -0.011472000 2650.367869000 -0.998914000 0.042574000 0.018928000 3847.623130000 0.019399000 0.010658000 0.999755000 77.468556000
0.000000000 2.505040645 4.342070452 0.494624698 0.501477845 0.000000000 0.000000000 0.042646000 0.999021000 -0.011754000 2649.608411000 -0.998933000 0.042845000 0.017219000 3846.805813000 0.017706000 0.011007000 0.999783000 77.465350000
0.000000000 2.505040645 4.342070452 0.494624698 0.501477845 0.000000000 0.000000000 0.042936000 0.999010000 -0.011678000 2648.849337000 -0.998927000 0.043130000 0.016880000 3845.988637000 0.017367000 0.010941000 0.999789000 77.462047000
0.000000000 2.505040645 4.342070452 0.494624698 0.501477845 0.000000000 0.000000000 0.043345000 0.999007000 -0.010340000 2648.091172000 -0.998905000 0.043518000 0.017197000 3845.171711000 0.017630000 0.009584000 0.999799000 77.458736000
0.000000000 2.505040645 4.342070452 0.494624698 0.501477845 0.000000000 0.000000000 0.043965000 0.999001000 -0.007946000 2647.334740000 -0.998893000 0.044090000 0.016401000 3844.351222000 0.016735000 0.007216000 0.999834000 77.457191000
0.000000000 2.505040645 4.342070452 0.494624698 0.501477845 0.000000000 0.000000000 0.044363000 0.998990000 -0.007108000 2646.576785000 -0.998889000 0.044470000 0.015617000 3843.529679000 0.015917000 0.006408000 0.999853000 77.456124000
0.000000000 2.505040645 4.342070452 0.494624698 0.501477845 0.000000000 0.000000000 0.045229000 0.998953000 -0.006845000 2645.817123000 -0.998824000 0.045341000 0.017182000 3842.712038000 0.017474000 0.006059000 0.999829000 77.454184000
0.000000000 2.505040645 4.342070452 0.494624698 0.501477845 0.000000000 0.000000000 0.046294000 0.998908000 -0.006377000 2645.057698000 -0.998717000 0.046414000 0.020247000 3841.895739000 0.020521000 0.005431000 0.999775000 77.456146000
0.000000000 2.505040645 4.342070452 0.494624698 0.501477845 0.000000000 0.000000000 0.047852000 0.998841000 -0.005258000 2644.301664000 -0.998609000 0.047956000 0.021914000 3841.074952000 0.022141000 0.004202000 0.999746000 77.460158000
0.000000000 2.505040645 4.342070452 0.494624698 0.501477845 0.000000000 0.000000000 0.049532000 0.998745000 -0.007450000 2643.541326000 -0.998533000 0.049683000 0.021539000 3840.251283000 0.021882000 0.006373000 0.999740000 77.464661000
0.000000000 2.505040645 4.342070452 0.494624698 0.501477845 0.000000000 0.000000000 0.051387000 0.998624000 -0.010421000 2642.781293000 -0.998462000 0.051590000 0.020305000 3839.425983000 0.020815000 0.009362000 0.999740000 77.466433000
0.000000000 2.505040645 4.342070452 0.494624698 0.501477845 0.000000000 0.000000000 0.053101000 0.998530000 -0.010901000 2642.028154000 -0.998385000 0.053307000 0.019655000 3838.598781000 0.020207000 0.009840000 0.999747000 77.465281000
0.000000000 2.505040645 4.342070452 0.494624698 0.501477845 0.000000000 0.000000000 0.055233000 0.998426000 -0.009696000 2641.278868000 -0.998223000 0.055434000 0.021865000 3837.774400000 0.022368000 0.008471000 0.999714000 77.466035000
0.000000000 2.505040645 4.342070452 0.494624698 0.501477845 0.000000000 0.000000000 0.057958000 0.998288000 -0.007831000 2640.532891000 -0.998021000 0.058130000 0.023976000 3836.948630000 0.024390000 0.006425000 0.999682000 77.469318000
0.000000000 2.505040645 4.342070452 0.494624698 0.501477845 0.000000000 0.000000000 0.061096000 0.998092000 -0.008891000 2639.788392000 -0.997817000 0.061298000 0.024575000 3836.121115000 0.025073000 0.007371000 0.999658000 77.475086000
0.000000000 2.505040645 4.342070452 0.494624698 0.501477845 0.000000000 0.000000000 0.064472000 0.997849000 -0.011849000 2639.048867000 -0.997673000 0.064715000 0.021456000 3835.291024000 0.022176000 0.010438000 0.999700000 77.477800000
0.000000000 2.505040645 4.342070452 0.494624698 0.501477845 0.000000000 0.000000000 0.067955000 0.997581000 -0.014635000 2638.315432000 -0.997507000 0.068215000 0.018053000 3834.460315000 0.019007000 0.013372000 0.999730000 77.476320000
0.000000000 2.505040645 4.342070452 0.494624698 0.501477845 0.000000000 0.000000000 0.071773000 0.997306000 -0.015128000 2637.589324000 -0.997254000 0.072030000 0.017221000 3833.631622000 0.018264000 0.013851000 0.999737000 77.471012000
0.000000000 2.505040645 4.342070452 0.494624698 0.501477845 0.000000000 0.000000000 0.075920000 0.997024000 -0.013382000 2636.871112000 -0.996926000 0.076159000 0.018374000 3832.803065000 0.019338000 0.011946000 0.999742000 77.466158000
0.000000000 2.505040645 4.342070452 0.494624698 0.501477845 0.000000000 0.000000000 0.080337000 0.996691000 -0.012358000 2636.155957000 -0.996550000 0.080573000 0.019892000 3831.972595000 0.020822000 0.010717000 0.999726000 77.465043000
0.000000000 2.505040645 4.342070452 0.494624698 0.501477845 0.000000000 0.000000000 0.085310000 0.996279000 -0.012257000 2635.445829000 -0.996154000 0.085533000 0.019031000 3831.136529000 0.020008000 0.010587000 0.999744000 77.464294000
0.000000000 2.505040645 4.342070452 0.494624698 0.501477845 0.000000000 0.000000000 0.090244000 0.995821000 -0.014036000 2634.739148000 -0.995765000 0.090470000 0.016377000 3830.297735000 0.017579000 0.012499000 0.999767000 77.460666000
0.000000000 2.505040645 4.342070452 0.494624698 0.501477845 0.000000000 0.000000000 0.095490000 0.995322000 -0.014664000 2634.042361000 -0.995312000 0.095696000 0.014008000 3829.458683000 0.015346000 0.013258000 0.999794000 77.455434000
0.000000000 2.505040645 4.342070452 0.494624698 0.501477845 0.000000000 0.000000000 0.100696000 0.994848000 -0.011749000 2633.357582000 -0.994780000 0.100872000 0.015443000 3828.623450000 0.016549000 0.010132000 0.999812000 77.449987000
0.000000000 2.505040645 4.342070452 0.494624698 0.501477845 0.000000000 0.000000000 0.106536000 0.994254000 -0.010441000 2632.675303000 -0.994106000 0.106720000 0.019059000 3827.789737000 0.020063000 0.008349000 0.999764000 77.447659000
0.000000000 2.505040645 4.342070452 0.494624698 0.501477845 0.000000000 0.000000000 0.112747000 0.993576000 -0.009716000 2631.999850000 -0.993389000 0.112928000 0.020652000 3826.950940000 0.021616000 0.007323000 0.999740000 77.449399000
0.000000000 2.505040645 4.342070452 0.494624698 0.501477845 0.000000000 0.000000000 0.119062000 0.992854000 -0.008088000 2631.334161000 -0.992702000 0.119193000 0.018335000 3826.102246000 0.019168000 0.005846000 0.999799000 77.451250000
0.000000000 2.505040645 4.342070452 0.494624698 0.501477845 0.000000000 0.000000000 0.125460000 0.992074000 -0.006931000 2630.672473000 -0.991891000 0.125574000 0.019597000 3825.255135000 0.020312000 0.004416000 0.999784000 77.453956000
0.000000000 2.505040645 4.342070452 0.494624698 0.501477845 0.000000000 0.000000000 0.132173000 0.991184000 -0.009169000 2630.007866000 -0.990981000 0.132341000 0.021057000 3824.404732000 0.022085000 0.006304000 0.999736000 77.457951000
0.000000000 2.505040645 4.342070452 0.494624698 0.501477845 0.000000000 0.000000000 0.139032000 0.990255000 -0.008131000 2629.355393000 -0.990060000 0.139171000 0.020332000 3823.541678000 0.021265000 0.005224000 0.999760000 77.461167000
0.000000000 2.505040645 4.342070452 0.494624698 0.501477845 0.000000000 0.000000000 0.145579000 0.989312000 -0.008246000 2628.705727000 -0.989111000 0.145721000 0.020623000 3822.675231000 0.021604000 0.005154000 0.999753000 77.465605000
0.000000000 2.505040645 4.342070452 0.494624698 0.501477845 0.000000000 0.000000000 0.152994000 0.988197000 -0.007670000 2628.060628000 -0.987926000 0.153135000 0.023479000 3821.808322000 0.024376000 0.003985000 0.999695000 77.470795000
0.000000000 2.505040645 4.342070452 0.494624698 0.501477845 0.000000000 0.000000000 0.160394000 0.987028000 -0.007104000 2627.424764000 -0.986742000 0.160520000 0.023948000 3820.932254000 0.024778000 0.003169000 0.999688000 77.478059000
0.000000000 2.505040645 4.342070452 0.494624698 0.501477845 0.000000000 0.000000000 0.167354000 0.985856000 -0.009025000 2626.794681000 -0.985594000 0.167523000 0.023267000 3820.055872000 0.024450000 0.005001000 0.999689000 77.485838000
0.000000000 2.505040645 4.342070452 0.494624698 0.501477845 0.000000000 0.000000000 0.174215000 0.984652000 -0.010454000 2626.176402000 -0.984478000 0.174394000 0.019755000 3819.178774000 0.021275000 0.006851000 0.999750000 77.490513000
0.000000000 2.505040645 4.342070452 0.494624698 0.501477845 0.000000000 0.000000000 0.181069000 0.983395000 -0.012168000 2625.567600000 -0.983267000 0.181269000 0.018092000 3818.304418000 0.019997000 0.008689000 0.999762000 77.491238000
0.000000000 2.505040645 4.342070452 0.494624698 0.501477845 0.000000000 0.000000000 0.188127000 0.982063000 -0.012659000 2624.967920000 -0.981923000 0.188343000 0.018833000 3817.430804000 0.020880000 0.008887000 0.999742000 77.490993000
0.000000000 2.505040645 4.342070452 0.494624698 0.501477845 0.000000000 0.000000000 0.195388000 0.980652000 -0.012039000 2624.378180000 -0.980460000 0.195607000 0.020888000 3816.556776000 0.022839000 0.007723000 0.999709000 77.493312000
0.000000000 2.505040645 4.342070452 0.494624698 0.501477845 0.000000000 0.000000000 0.202449000 0.979223000 -0.011713000 2623.794483000 -0.978961000 0.202677000 0.023592000 3815.681193000 0.025476000 0.006690000 0.999653000 77.497217000
0.000000000 2.505040645 4.342070452 0.494624698 0.501477845 0.000000000 0.000000000 0.209553000 0.977707000 -0.013256000 2623.214922000 -0.977406000 0.209833000 0.025435000 3814.802348000 0.027650000 0.007626000 0.999589000 77.502591000
0.000000000 2.505040645 4.342070452 0.494624698 0.501477845 0.000000000 0.000000000 0.216343000 0.976197000 -0.015340000 2622.642429000 -0.975927000 0.216674000 0.024861000 3813.918619000 0.027593000 0.009593000 0.999573000 77.508508000
0.000000000 2.505040645 4.342070452 0.494624698 0.501477845 0.000000000 0.000000000 0.223114000 0.974633000 -0.017600000 2622.078820000 -0.974439000 0.223483000 0.022899000 3813.033086000 0.026252000 0.012041000 0.999583000 77.512539000
0.000000000 2.505040645 4.342070452 0.494624698 0.501477845 0.000000000 0.000000000 0.229802000 0.973051000 -0.019069000 2621.525803000 -0.972915000 0.230186000 0.021224000 3812.148974000 0.025041000 0.013675000 0.999593000 77.513542000
0.000000000 2.505040645 4.342070452 0.494624698 0.501477845 0.000000000 0.000000000 0.236488000 0.971425000 -0.020176000 2620.983856000 -0.971322000 0.236888000 0.020445000 3811.269158000 0.024641000 0.014762000 0.999587000 77.512979000
0.000000000 2.505040645 4.342070452 0.494624698 0.501477845 0.000000000 0.000000000 0.243006000 0.969816000 -0.020131000 2620.454706000 -0.969710000 0.243403000 0.020424000 3810.394449000 0.024707000 0.014558000 0.999589000 77.512263000
0.000000000 2.505040645 4.342070452 0.494624698 0.501477845 0.000000000 0.000000000 0.249093000 0.968307000 -0.018303000 2619.939702000 -0.968170000 0.249447000 0.020580000 3809.524848000 0.024493000 0.012594000 0.999621000 77.512073000
0.000000000 2.505040645 4.342070452 0.494624698 0.501477845 0.000000000 0.000000000 0.255065000 0.966776000 -0.016902000 2619.434553000 -0.966616000 0.255386000 0.020790000 3808.661198000 0.024416000 0.011035000 0.999641000 77.513604000
0.000000000 2.505040645 4.342070452 0.494624698 0.501477845 0.000000000 0.000000000 0.261018000 0.965205000 -0.015793000 2618.939824000 -0.965068000 0.261295000 0.019191000 3807.801219000 0.022650000 0.010232000 0.999691000 77.514525000
0.000000000 2.505040645 4.342070452 0.494624698 0.501477845 0.000000000 0.000000000 0.266932000 0.963582000 -0.016044000 2618.454709000 -0.963483000 0.267196000 0.017513000 3806.948725000 0.021162000 0.010783000 0.999718000 77.515344000
0.000000000 2.505040645 4.342070452 0.494624698 0.501477845 0.000000000 0.000000000 0.272653000 0.961976000 -0.016228000 2617.981401000 -0.961894000 0.272911000 0.016691000 3806.106568000 0.020485000 0.011058000 0.999729000 77.514325000
0.000000000 2.505040645 4.342070452 0.494624698 0.501477845 0.000000000 0.000000000 0.278107000 0.960425000 -0.015512000 2617.520709000 -0.960339000 0.278348000 0.016477000 3805.274665000 0.020142000 0.010315000 0.999744000 77.513720000
0.000000000 2.505040645 4.342070452 0.494624698 0.501477845 0.000000000 0.000000000 0.283548000 0.958841000 -0.014988000 2617.071758000 -0.958763000 0.283771000 0.015720000 3804.452025000 0.019327000 0.009913000 0.999764000 77.512247000
0.000000000 2.505040645 4.342070452 0.494624698 0.501477845 0.000000000 0.000000000 0.288606000 0.957334000 -0.014756000 2616.633803000 -0.957270000 0.288816000 0.014815000 3803.639658000 0.018445000 0.009850000 0.999781000 77.511351000
0.000000000 2.505040645 4.342070452 0.494624698 0.501477845 0.000000000 0.000000000 0.293543000 0.955818000 -0.015618000 2616.204196000 -0.955772000 0.293762000 0.014290000 3802.838315000 0.018247000 0.010733000 0.999776000 77.509224000
0.000000000 2.505040645 4.342070452 0.494624698 0.501477845 0.000000000 0.000000000 0.298225000 0.954376000 -0.015145000 2615.786967000 -0.954335000 0.298428000 0.013600000 3802.044592000 0.017499000 0.010398000 0.999793000 77.506753000
0.000000000 2.505040645 4.342070452 0.494624698 0.501477845 0.000000000 0.000000000 0.302604000 0.952987000 -0.015681000 2615.375592000 -0.952954000 0.302815000 0.013454000 3801.258130000 0.017570000 0.010872000 0.999787000 77.503340000
0.000000000 2.505040645 4.342070452 0.494624698 0.501477845 0.000000000 0.000000000 0.307072000 0.951552000 -0.015996000 2614.969890000 -0.951517000 0.307291000 0.013727000 3800.475036000 0.017977000 0.011005000 0.999778000 77.500648000
0.000000000 2.505040645 4.342070452 0.494624698 0.501477845 0.000000000 0.000000000 0.311535000 0.950098000 -0.016127000 2614.569200000 -0.950031000 0.311775000 0.015410000 3799.693371000 0.019669000 0.010521000 0.999751000 77.498992000
0.000000000 2.505040645 4.342070452 0.494624698 0.501477845 0.000000000 0.000000000 0.315631000 0.948745000 -0.016138000 2614.172846000 -0.948637000 0.315891000 0.017354000 3798.912886000 0.021563000 0.009832000 0.999719000 77.497761000
0.000000000 2.505040645 4.342070452 0.494624698 0.501477845 0.000000000 0.000000000 0.319481000 0.947479000 -0.014664000 2613.782636000 -0.947347000 0.319712000 0.017800000 3798.129422000 0.021554000 0.008205000 0.999734000 77.499425000
0.000000000 2.505040645 4.342070452 0.494624698 0.501477845 0.000000000 0.000000000 0.323546000 0.946148000 -0.011054000 2613.399991000 -0.945978000 0.323704000 0.018475000 3797.341837000 0.021058000 0.004479000 0.999768000 77.501701000
0.000000000 2.505040645 4.342070452 0.494624698 0.501477845 0.000000000 0.000000000 0.326895000 0.944988000 -0.011738000 2613.007890000 -0.944746000 0.327082000 0.021732000 3796.553261000 0.024376000 0.003985000 0.999695000 77.505795000
0.000000000 2.505040645 4.342070452 0.494624698 0.501477845 0.000000000 0.000000000 0.330616000 0.943693000 -0.011717000 2612.618060000 -0.943390000 0.330809000 0.024087000 3795.756692000 0.026607000 0.003091000 0.999641000 77.512107000
0.000000000 2.505040645 4.342070452 0.494624698 0.501477845 0.000000000 0.000000000 0.333792000 0.942576000 -0.011523000 2612.229540000 -0.942222000 0.333984000 0.025937000 3794.952165000 0.028296000 0.002199000 0.999597000 77.520823000
0.000000000 2.505040645 4.342070452 0.494624698 0.501477845 0.000000000 0.000000000 0.337025000 0.941414000 -0.012376000 2611.837442000 -0.941076000 0.337239000 0.025413000 3794.136951000 0.028098000 0.003082000 0.999600000 77.530714000
0.000000000 2.505040645 4.342070452 0.494624698 0.501477845 0.000000000 0.000000000 0.341254000 0.939885000 -0.012728000 2611.446898000 -0.939575000 0.341472000 0.024409000 3793.311212000 0.027288000 0.003629000 0.999621000 77.539290000
0.000000000 2.505040645 4.342070452 0.494624698 0.501477845 0.000000000 0.000000000 0.345269000 0.938391000 -0.014542000 2611.053950000 -0.938097000 0.345534000 0.024097000 3792.477351000 0.027637000 0.005322000 0.999604000 77.545937000