0 0.483069735 0.858790637 0.500000000 0.500000000 0.000000000 0.000000000 0.999991000 0.003496426 0.002415189 0.064993988 -0.003487394 0.999986947 -0.003733800 -0.001766038 -0.002428213 0.003725343 0.999990106 0.220098289
0 0.483069735 0.858790637 0.500000000 0.500000000 0.000000000 0.000000000 0.999991775 0.003397930 0.002220961 0.067713932 -0.003389360 0.999986827 -0.003851062 -0.001545774 -0.002234017 0.003843503 0.999990106 0.229383125
0 0.483069735 0.858790637 0.500000000 0.500000000 0.000000000 0.000000000 0.999993026 0.003194032 0.001935772 0.069793137 -0.003186263 0.999986887 -0.004003549 -0.000965331 -0.001948534 0.003997353 0.999990106 0.240374869
0 0.483069735 0.858790637 0.500000000 0.500000000 0.000000000 0.000000000 0.999993742 0.003122426 0.001665150 0.072959065 -0.003115459 0.999986470 -0.004170123 -0.000257245 -0.001678149 0.004164909 0.999989927 0.250847562
0 0.483069735 0.858790637 0.500000000 0.500000000 0.000000000 0.000000000 0.999995053 0.002839370 0.001344284 0.075257221 -0.002833617 0.999986887 -0.004262063 0.000212442 -0.001356368 0.004258233 0.999989986 0.261258098
0 0.483069735 0.858790637 0.500000000 0.500000000 0.000000000 0.000000000 0.999995530 0.002804766 0.001033869 0.078645888 -0.002800211 0.999986470 -0.004381616 0.000257328 -0.001046144 0.004378701 0.999989867 0.271428521
0 0.483069735 0.858790637 0.500000000 0.500000000 0.000000000 0.000000000 0.999996364 0.002618024 0.000612920 0.081962264 -0.002615168 0.999985933 -0.004615763 0.000259006 -0.000624996 0.004614144 0.999989152 0.283009390
0 0.483069735 0.858790637 0.500000000 0.500000000 0.000000000 0.000000000 0.999996841 0.002520243 0.000118644 0.085646265 -0.002519651 0.999985516 -0.004750444 -0.000224636 -0.000130614 0.004750130 0.999988735 0.293669186
0 0.483069735 0.858790637 0.500000000 0.500000000 0.000000000 0.000000000 0.999996841 0.002497850 -0.000293266 0.088440787 -0.002499247 0.999985039 -0.004863732 -0.000704383 0.000281113 0.004864450 0.999988139 0.303014104
0 0.483069735 0.858790637 0.500000000 0.500000000 0.000000000 0.000000000 0.999997020 0.002302171 -0.000792063 0.091187288 -0.002306138 0.999984622 -0.005043891 -0.000890163 0.000780439 0.005045703 0.999986947 0.313300689
0 0.483069735 0.858790637 0.500000000 0.500000000 0.000000000 0.000000000 0.999997199 0.002005503 -0.001242745 0.094199391 -0.002011841 0.999984860 -0.005120134 -0.000143113 0.001232458 0.005122620 0.999986112 0.322408812
0 0.483069735 0.858790637 0.500000000 0.500000000 0.000000000 0.000000000 0.999996662 0.001773163 -0.001880364 0.098193649 -0.001782995 0.999984682 -0.005239990 -0.000783440 0.001871044 0.005243325 0.999984503 0.332548578
0 0.483069735 0.858790637 0.500000000 0.500000000 0.000000000 0.000000000 0.999995589 0.001629004 -0.002477449 0.102052938 -0.001642497 0.999983788 -0.005454138 -0.000324314 0.002468524 0.005458183 0.999982059 0.343122001
0 0.483069735 0.858790637 0.500000000 0.500000000 0.000000000 0.000000000 0.999994397 0.001139860 -0.003154201 0.104316844 -0.001157223 0.999984145 -0.005508620 0.000193874 0.003147871 0.005512239 0.999979854 0.353704798
0 0.483069735 0.858790637 0.500000000 0.500000000 0.000000000 0.000000000 0.999992073 0.001098842 -0.003820990 0.109684164 -0.001120624 0.999983132 -0.005703339 -0.000212873 0.003814658 0.005707575 0.999976456 0.365999241
0 0.483069735 0.858790637 0.500000000 0.500000000 0.000000000 0.000000000 0.999988914 0.001032238 -0.004591326 0.114071740 -0.001059803 0.999981403 -0.006005393 -0.000417280 0.004585042 0.006010192 0.999971449 0.379488970
0 0.483069735 0.858790637 0.500000000 0.500000000 0.000000000 0.000000000 0.999985814 0.000621721 -0.005291069 0.117426730 -0.000654151 0.999980986 -0.006129734 0.000286200 0.005287157 0.006133108 0.999967217 0.391285334
0 0.483069735 0.858790637 0.500000000 0.500000000 0.000000000 0.000000000 0.999982536 0.000291976 -0.005900006 0.119344603 -0.000328247 0.999981046 -0.006147533 0.000230889 0.005898099 0.006149362 0.999963701 0.400913561
0 0.483069735 0.858790637 0.500000000 0.500000000 0.000000000 0.000000000 0.999978065 0.000063635 -0.006619663 0.122920099 -0.000104345 0.999981105 -0.006149646 -0.000125868 0.006619146 0.006150202 0.999959171 0.411693206
0 0.483069735 0.858790637 0.500000000 0.500000000 0.000000000 0.000000000 0.999972820 -0.000247973 -0.007367097 0.127440034 0.000202309 0.999980748 -0.006198348 -0.000485169 0.007368493 0.006196689 0.999953628 0.422517027
0 0.483069735 0.858790637 0.500000000 0.500000000 0.000000000 0.000000000 0.999966979 -0.000517901 -0.008110390 0.130647062 0.000467651 0.999980688 -0.006196473 -0.001210550 0.008113443 0.006192475 0.999947906 0.432508033
0 0.483069735 0.858790637 0.500000000 0.500000000 0.000000000 0.000000000 0.999959946 -0.000594415 -0.008931404 0.136172096 0.000536797 0.999979019 -0.006452140 -0.001781562 0.008935052 0.006447088 0.999939322 0.446619824
0 0.483069735 0.858790637 0.500000000 0.500000000 0.000000000 0.000000000 0.999952674 -0.000812777 -0.009694014 0.140096773 0.000748775 0.999977887 -0.006604063 -0.001805711 0.009699168 0.006596492 0.999931216 0.457950844
0 0.483069735 0.858790637 0.500000000 0.500000000 0.000000000 0.000000000 0.999944389 -0.001219907 -0.010472866 0.143098261 0.001150111 0.999977112 -0.006667943 -0.000940463 0.010480761 0.006655528 0.999922931 0.470086715
0 0.483069735 0.858790637 0.500000000 0.500000000 0.000000000 0.000000000 0.999935269 -0.001515354 -0.011274516 0.147058766 0.001439966 0.999976575 -0.006691684 -0.001178403 0.011284392 0.006675016 0.999914050 0.481898636
0 0.483069735 0.858790637 0.500000000 0.500000000 0.000000000 0.000000000 0.999924958 -0.001852054 -0.012110384 0.151166193 0.001770581 0.999975741 -0.006734743 -0.001083251 0.012122564 0.006712796 0.999903977 0.493631358
0 0.483069735 0.858790637 0.500000000 0.500000000 0.000000000 0.000000000 0.999914408 -0.002116788 -0.012912935 0.154520098 0.002029482 0.999975026 -0.006770516 -0.000923214 0.012926944 0.006743730 0.999893725 0.505352453
0 0.483069735 0.858790637 0.500000000 0.500000000 0.000000000 0.000000000 0.999902129 -0.002544435 -0.013755228 0.157575264 0.002451575 0.999974132 -0.006763580 -0.000208179 0.013772082 0.006729196 0.999882519 0.517367213
0 0.483069735 0.858790637 0.500000000 0.500000000 0.000000000 0.000000000 0.999889255 -0.002984000 -0.014578882 0.160693349 0.002885082 0.999972701 -0.006801331 0.000013269 0.014598778 0.006758517 0.999870598 0.529604310
0 0.483069735 0.858790637 0.500000000 0.500000000 0.000000000 0.000000000 0.999875784 -0.003262619 -0.015421771 0.164358242 0.003157200 0.999971509 -0.006855137 0.000899295 0.015443698 0.006805595 0.999857605 0.540882361
0 0.483069735 0.858790637 0.500000000 0.500000000 0.000000000 0.000000000 0.999862194 -0.003492386 -0.016230902 0.168988413 0.003380651 0.999970436 -0.006906432 0.000367978 0.016254541 0.006850609 0.999844432 0.553486682
0 0.483069735 0.858790637 0.500000000 0.500000000 0.000000000 0.000000000 0.999846578 -0.003823932 -0.017094465 0.173302118 0.003706683 0.999969423 -0.006885285 -0.000207822 0.017120272 0.006820865 0.999830186 0.566509359
0 0.483069735 0.858790637 0.500000000 0.500000000 0.000000000 0.000000000 0.999830842 -0.003972566 -0.017959204 0.178234705 0.003848823 0.999968648 -0.006919563 -0.000497131 0.017986130 0.006849270 0.999814749 0.579450594
0 0.483069735 0.858790637 0.500000000 0.500000000 0.000000000 0.000000000 0.999813497 -0.004260600 -0.018836455 0.181998902 0.004131526 0.999967754 -0.006885977 -0.001148876 0.018865187 0.006806869 0.999798894 0.592527027
0 0.483069735 0.858790637 0.500000000 0.500000000 0.000000000 0.000000000 0.999795914 -0.004549459 -0.019682083 0.184576524 0.004414489 0.999966502 -0.006895515 -0.001226197 0.019712795 0.006807222 0.999782503 0.604544407
0 0.483069735 0.858790637 0.500000000 0.500000000 0.000000000 0.000000000 0.999776959 -0.004889254 -0.020545268 0.186532630 0.004749892 0.999965429 -0.006826520 -0.001239986 0.020577936 0.006727410 0.999765635 0.616629022
0 0.483069735 0.858790637 0.500000000 0.500000000 0.000000000 0.000000000 0.999756515 -0.005331398 -0.021412369 0.188958522 0.005187636 0.999963641 -0.006763950 -0.000350574 0.021447651 0.006651223 0.999747872 0.629018004
0 0.483069735 0.858790637 0.500000000 0.500000000 0.000000000 0.000000000 0.999735773 -0.005639813 -0.022283783 0.192811180 0.005492916 0.999962807 -0.006647826 -0.000723425 0.022320446 0.006523667 0.999729574 0.641012951
0 0.483069735 0.858790637 0.500000000 0.500000000 0.000000000 0.000000000 0.999714136 -0.005933529 -0.023161231 0.194840243 0.005783638 0.999961913 -0.006533248 -0.000503210 0.023199113 0.006397424 0.999710381 0.651382733
0 0.483069735 0.858790637 0.500000000 0.500000000 0.000000000 0.000000000 0.999688506 -0.006399183 -0.024122685 0.198129621 0.006243346 0.999959171 -0.006529996 -0.000425448 0.024163488 0.006377356 0.999687672 0.663927707
0 0.483069735 0.858790637 0.500000000 0.500000000 0.000000000 0.000000000 0.999663651 -0.006691878 -0.025056938 0.201177812 0.006534538 0.999958456 -0.006355915 -0.000801512 0.025098430 0.006190042 0.999665797 0.674627060
0 0.483069735 0.858790637 0.500000000 0.500000000 0.000000000 0.000000000 0.999639273 -0.006973173 -0.025936142 0.204279536 0.006812765 0.999957144 -0.006267978 -0.000807774 0.025978738 0.006089021 0.999643922 0.687514724
0 0.483069735 0.858790637 0.500000000 0.500000000 0.000000000 0.000000000 0.999611437 -0.007404168 -0.026873974 0.206461499 0.007242784 0.999955177 -0.006097561 -0.000702169 0.026917916 0.005900550 0.999620259 0.699915071
0 0.483069735 0.858790637 0.500000000 0.500000000 0.000000000 0.000000000 0.999583900 -0.007774190 -0.027777273 0.209491404 0.007612064 0.999953389 -0.005937611 -0.000088115 0.027822139 0.005723698 0.999596477 0.710524270
0 0.483069735 0.858790637 0.500000000 0.500000000 0.000000000 0.000000000 0.999558151 -0.008104072 -0.028597081 0.211901688 0.007942962 0.999951959 -0.005742931 0.000067668 0.028642248 0.005513248 0.999574542 0.722633554
0 0.483069735 0.858790637 0.500000000 0.500000000 0.000000000 0.000000000 0.999529064 -0.008508109 -0.029483505 0.214456190 0.008347351 0.999949634 -0.005571259 0.000816301 0.029529421 0.005322526 0.999549747 0.733462036
0 0.483069735 0.858790637 0.500000000 0.500000000 0.000000000 0.000000000 0.999500096 -0.008944133 -0.030323291 0.216869200 0.008782542 0.999946535 -0.005457949 0.001681826 0.030370487 0.005188906 0.999525249 0.744410130
0 0.483069735 0.858790637 0.500000000 0.500000000 0.000000000 0.000000000 0.999470532 -0.009289920 -0.031183410 0.219243067 0.009128427 0.999944210 -0.005317204 0.002610254 0.031231066 0.005029733 0.999499559 0.754070711
0 0.483069735 0.858790637 0.500000000 0.500000000 0.000000000 0.000000000 0.999436200 -0.009747976 -0.032128222 0.222324493 0.009584165 0.999940276 -0.005248759 0.003662081 0.032177467 0.004937877 0.999469995 0.765513945
0 0.483069735 0.858790637 0.500000000 0.500000000 0.000000000 0.000000000 0.999404669 -0.010139672 -0.032976966 0.224529358 0.009976705 0.999937236 -0.005102654 0.004188077 0.033026632 0.004770615 0.999443114 0.775388729
0 0.483069735 0.858790637 0.500000000 0.500000000 0.000000000 0.000000000 0.999370813 -0.010485709 -0.033881903 0.226943930 0.010324715 0.999934554 -0.004923115 0.004701581 0.033931307 0.004570196 0.999413729 0.785432997
0 0.483069735 0.858790637 0.500000000 0.500000000 0.000000000 0.000000000 0.999335349 -0.010834776 -0.034805398 0.229607617 0.010676376 0.999931812 -0.004733673 0.005417530 0.034854311 0.004358931 0.999382913 0.795619562
0 0.483069735 0.858790637 0.500000000 0.500000000 0.000000000 0.000000000 0.999300778 -0.011171816 -0.035680350 0.232027103 0.011017819 0.999929130 -0.004509748 0.005729083 0.035728205 0.004113475 0.999353051 0.804909742
0 0.483069735 0.858790637 0.500000000 0.500000000 0.000000000 0.000000000 0.999263704 -0.011504290 -0.036602642 0.234999388 0.011351245 0.999925971 -0.004386337 0.005978118 0.036650397 0.003967621 0.999320269 0.815615654
0 0.483069735 0.858790637 0.500000000 0.500000000 0.000000000 0.000000000 0.999224961 -0.011842793 -0.037539274 0.237378274 0.011693954 0.999922872 -0.004181994 0.005933372 0.037585903 0.003739770 0.999286413 0.826037456
0 0.483069735 0.858790637 0.500000000 0.500000000 0.000000000 0.000000000 0.999184549 -0.012189244 -0.038492545 0.241058280 0.012042159 0.999919295 -0.004050680 0.006152615 0.038538814 0.003583844 0.999250650 0.838109969
0 0.483069735 0.858790637 0.500000000 0.500000000 0.000000000 0.000000000 0.999142826 -0.012544610 -0.039448954 0.244164474 0.012402318 0.999915659 -0.003849641 0.006556577 0.039493922 0.003357083 0.999214172 0.848679435
0 0.483069735 0.858790637 0.500000000 0.500000000 0.000000000 0.000000000 0.999101877 -0.012871400 -0.040370565 0.247385465 0.012733788 0.999912202 -0.003664026 0.006956036 0.040414181 0.003146665 0.999178052 0.859970509
0 0.483069735 0.858790637 0.500000000 0.500000000 0.000000000 0.000000000 0.999056756 -0.013254697 -0.041351676 0.251236822 0.013123216 0.999907911 -0.003449430 0.006289817 0.041393589 0.002903510 0.999138713 0.872351553
0 0.483069735 0.858790637 0.500000000 0.500000000 0.000000000 0.000000000 0.999012709 -0.013612784 -0.042288523 0.254373527 0.013487269 0.999903738 -0.003251977 0.006022276 0.042328723 0.002678410 0.999100149 0.883550729
0 0.483069735 0.858790637 0.500000000 0.500000000 0.000000000 0.000000000 0.998967290 -0.013858370 -0.043269657 0.257814854 0.013737614 0.999900877 -0.003086915 0.005448649 0.043308150 0.002489306 0.999058664 0.895475195
0 0.483069735 0.858790637 0.500000000 0.500000000 0.000000000 0.000000000 0.998916984 -0.014200630 -0.044308089 0.260742780 0.014089056 0.999896765 -0.002829412 0.005384262 0.044343695 0.002202088 0.999013901 0.906272780
0 0.483069735 0.858790637 0.500000000 0.500000000 0.000000000 0.000000000 0.998866260 -0.014647755 -0.045295112 0.264286313 0.014542182 0.999890745 -0.002659427 0.005729849 0.045329116 0.001997722 0.998970091 0.918093134
0 0.483069735 0.858790637 0.500000000 0.500000000 0.000000000 0.000000000 0.998815477 -0.014954006 -0.046302963 0.268793287 0.014852659 0.999886513 -0.002532079 0.005928137 0.046335571 0.001841358 0.998924255 0.930879952
0 0.483069735 0.858790637 0.500000000 0.500000000 0.000000000 0.000000000 0.998765588 -0.015260496 -0.047270086 0.271936575 0.015167416 0.999882281 -0.002327186 0.005623197 0.047300037 0.001607348 0.998879433 0.942282532
0 0.483069735 0.858790637 0.500000000 0.500000000 0.000000000 0.000000000 0.998718739 -0.015531757 -0.048162807 0.275854195 0.015447461 0.999878407 -0.002121986 0.004827665 0.048189908 0.001375274 0.998837233 0.954359755
0 0.483069735 0.858790637 0.500000000 0.500000000 0.000000000 0.000000000 0.998666823 -0.015824737 -0.049133845 0.280431257 0.015747316 0.999874055 -0.001962412 0.004294490 0.049158711 0.001186069 0.998790264 0.967425259
0 0.483069735 0.858790637 0.500000000 0.500000000 0.000000000 0.000000000 0.998618066 -0.016247399 -0.049979389 0.283339694 0.016183089 0.999867618 -0.001691116 0.004603921 0.050000250 0.000879958 0.998748839 0.978195919
0 0.483069735 0.858790637 0.500000000 0.500000000 0.000000000 0.000000000 0.998567164 -0.016573042 -0.050882317 0.286785475 0.016516510 0.999862432 -0.001531311 0.004834632 0.050900694 0.000688718 0.998703480 0.989728392
0 0.483069735 0.858790637 0.500000000 0.500000000 0.000000000 0.000000000 0.998515785 -0.016876107 -0.051782958 0.290054777 0.016828986 0.999857485 -0.001345902 0.004527305 0.051798292 0.000472450 0.998657465 1.001601673
0 0.483069735 0.858790637 0.500000000 0.500000000 0.000000000 0.000000000 0.998466015 -0.017251324 -0.052611753 0.293160271 0.017218225 0.999851167 -0.001082322 0.004622866 0.052622594 0.000174780 0.998614430 1.012655951
0 0.483069735 0.858790637 0.500000000 0.500000000 0.000000000 0.000000000 0.998414516 -0.017544597 -0.053484771 0.296447699 0.017525762 0.999846101 -0.000821198 0.004222549 0.053490944 -0.000117465 0.998568356 1.023671078
0 0.483069735 0.858790637 0.500000000 0.500000000 0.000000000 0.000000000 0.998362124 -0.017881731 -0.054344341 0.300151066 0.017871343 0.999840081 -0.000677134 0.004377898 0.054347757 -0.000295181 0.998522043 1.036101896
0 0.483069735 0.858790637 0.500000000 0.500000000 0.000000000 0.000000000 0.998306572 -0.018223995 -0.055244155 0.303737402 0.018220814 0.999833822 -0.000561304 0.005320276 0.055245206 -0.000446240 0.998472691 1.048054780
0 0.483069735 0.858790637 0.500000000 0.500000000 0.000000000 0.000000000 0.998255491 -0.018616529 -0.056029916 0.306983006 0.018616648 0.999826550 -0.000519863 0.007219076 0.056029875 -0.000524133 0.998428941 1.059687956
0 0.483069735 0.858790637 0.500000000 0.500000000 0.000000000 0.000000000 0.998198688 -0.019020004 -0.056900140 0.309943127 0.019029191 0.999818861 -0.000380408 0.008843584 0.056897067 -0.000703041 0.998379827 1.071848036
0 0.483069735 0.858790637 0.500000000 0.500000000 0.000000000 0.000000000 0.998147368 -0.019296190 -0.057701845 0.312812427 0.019315936 0.999813378 -0.000215572 0.009530161 0.057695236 -0.000899393 0.998333812 1.083213567
0 0.483069735 0.858790637 0.500000000 0.500000000 0.000000000 0.000000000 0.998095334 -0.019630160 -0.058483444 0.315430453 0.019652635 0.999806821 -0.000190935 0.010485420 0.058475897 -0.000958783 0.998288333 1.095370017
0 0.483069735 0.858790637 0.500000000 0.500000000 0.000000000 0.000000000 0.998032093 -0.020012408 -0.059425868 0.318572993 0.020041946 0.999799132 -0.000098995 0.011408484 0.059415914 -0.001092210 0.998232722 1.108686996
0 0.483069735 0.858790637 0.500000000 0.500000000 0.000000000 0.000000000 0.997980356 -0.020335983 -0.060180604 0.321717990 0.020377230 0.999792337 0.000071668 0.011602819 0.060166650 -0.001297837 0.998187482 1.120669274
0 0.483069735 0.858790637 0.500000000 0.500000000 0.000000000 0.000000000 0.997923911 -0.020732740 -0.060975704 0.324637457 0.020777576 0.999784112 0.000101286 0.012965063 0.060960442 -0.001368004 0.998139262 1.132368913
