0 0.479156566 0.851833857 0.500000000 0.500000000 0.000000000 0.000000000 0.809199393 -0.007085297 0.587491453 -0.373702923 0.005124989 0.999974370 0.005000886 -0.037098353 -0.587511778 -0.001035826 0.809214950 -0.984755138
0 0.479156566 0.851833857 0.500000000 0.500000000 0.000000000 0.000000000 0.809772015 -0.007033354 0.586702466 -0.371252930 0.005131781 0.999974787 0.004904708 -0.037311641 -0.586722195 -0.000960866 0.809787691 -0.992820565
0 0.479156566 0.851833857 0.500000000 0.500000000 0.000000000 0.000000000 0.810503483 -0.006965987 0.585692346 -0.368288014 0.005030826 0.999975204 0.004931448 -0.038573253 -0.585712194 -0.001050440 0.810518444 -1.001011007
0 0.479156566 0.851833857 0.500000000 0.500000000 0.000000000 0.000000000 0.811294377 -0.006856796 0.584597647 -0.364977599 0.005019454 0.999976039 0.004762894 -0.038814676 -0.584616303 -0.000929748 0.811309397 -1.009377542
0 0.479156566 0.851833857 0.500000000 0.500000000 0.000000000 0.000000000 0.812093735 -0.006625987 0.583489418 -0.361674457 0.004702109 0.999977350 0.004811199 -0.040246693 -0.583508074 -0.001163514 0.812106490 -1.017588941
0 0.479156566 0.851833857 0.500000000 0.500000000 0.000000000 0.000000000 0.813055158 -0.006355260 0.582151949 -0.358296853 0.004442394 0.999979019 0.004712198 -0.041642495 -0.582169712 -0.001245128 0.813066363 -1.026074102
0 0.479156566 0.851833857 0.500000000 0.500000000 0.000000000 0.000000000 0.813955963 -0.006319420 0.580892205 -0.354555416 0.004363169 0.999979138 0.004764844 -0.043133052 -0.580910206 -0.001343842 0.813966513 -1.034644829
0 0.479156566 0.851833857 0.500000000 0.500000000 0.000000000 0.000000000 0.814920902 -0.006331649 0.579537630 -0.350920258 0.004396573 0.999979079 0.004742845 -0.044069889 -0.579555511 -0.001317065 0.814931691 -1.044050500
0 0.479156566 0.851833857 0.500000000 0.500000000 0.000000000 0.000000000 0.815894008 -0.006394765 0.578166127 -0.348349077 0.004524501 0.999978840 0.004675329 -0.045571757 -0.578183770 -0.001198660 0.815905690 -1.052818705
0 0.479156566 0.851833857 0.500000000 0.500000000 0.000000000 0.000000000 0.817201495 -0.006285687 0.576317847 -0.343993775 0.004318241 0.999979258 0.004783268 -0.047412090 -0.576335967 -0.001420213 0.817211628 -1.062433005
0 0.479156566 0.851833857 0.500000000 0.500000000 0.000000000 0.000000000 0.818431675 -0.006101982 0.574571490 -0.340107376 0.003943998 0.999979734 0.005001928 -0.049858732 -0.574590325 -0.001827627 0.818439126 -1.072315071
0 0.479156566 0.851833857 0.500000000 0.500000000 0.000000000 0.000000000 0.819811106 -0.006035639 0.572602212 -0.335275774 0.004129516 0.999980748 0.004628168 -0.050378084 -0.572619140 -0.001429653 0.819820285 -1.082522004
0 0.479156566 0.851833857 0.500000000 0.500000000 0.000000000 0.000000000 0.821085036 -0.005988386 0.570774436 -0.330525343 0.004206925 0.999981284 0.004439635 -0.051410555 -0.570790350 -0.001244113 0.821094871 -1.092653186
0 0.479156566 0.851833857 0.500000000 0.500000000 0.000000000 0.000000000 0.822277546 -0.006072512 0.569054246 -0.326952136 0.004283536 0.999980807 0.004481365 -0.052406554 -0.569070518 -0.001247362 0.822287798 -1.103218023
0 0.479156566 0.851833857 0.500000000 0.500000000 0.000000000 0.000000000 0.823670924 -0.006076207 0.567035556 -0.322236076 0.004024751 0.999980032 0.004869211 -0.055098450 -0.567053795 -0.001728450 0.823678911 -1.114050323
0 0.479156566 0.851833857 0.500000000 0.500000000 0.000000000 0.000000000 0.825063288 -0.006161598 0.565006733 -0.317736764 0.004313109 0.999980092 0.004606825 -0.055755857 -0.565023899 -0.001363987 0.825073421 -1.124598047
0 0.479156566 0.851833857 0.500000000 0.500000000 0.000000000 0.000000000 0.826366603 -0.006207953 0.563098252 -0.313222766 0.004422226 0.999979913 0.004534641 -0.056419875 -0.563115120 -0.001257128 0.826377511 -1.135728248
0 0.479156566 0.851833857 0.500000000 0.500000000 0.000000000 0.000000000 0.827648997 -0.006162565 0.561212242 -0.309566996 0.004415645 0.999980271 0.004468611 -0.056660836 -0.561228693 -0.001220327 0.827659845 -1.146616882
0 0.479156566 0.851833857 0.500000000 0.500000000 0.000000000 0.000000000 0.829128563 -0.006129475 0.559024394 -0.305176764 0.004258097 0.999980152 0.004648891 -0.058695245 -0.559041798 -0.001474148 0.829138160 -1.157565071
0 0.479156566 0.851833857 0.500000000 0.500000000 0.000000000 0.000000000 0.830553591 -0.005889966 0.556907535 -0.300921566 0.004180101 0.999981821 0.004341943 -0.059318452 -0.556922972 -0.001278287 0.830563128 -1.168730198
0 0.479156566 0.851833857 0.500000000 0.500000000 0.000000000 0.000000000 0.832050085 -0.005992310 0.554668128 -0.296861887 0.004347130 0.999981403 0.004282143 -0.059211919 -0.554683506 -0.001151743 0.832060635 -1.180014775
0 0.479156566 0.851833857 0.500000000 0.500000000 0.000000000 0.000000000 0.833545685 -0.005899354 0.552419007 -0.292347591 0.004063456 0.999981403 0.004547577 -0.060692391 -0.552435517 -0.001545883 0.833554208 -1.191176135
0 0.479156566 0.851833857 0.500000000 0.500000000 0.000000000 0.000000000 0.835023165 -0.005703887 0.550185263 -0.288223669 0.004040468 0.999982893 0.004234765 -0.060377642 -0.550199986 -0.001313120 0.835031867 -1.201516175
0 0.479156566 0.851833857 0.500000000 0.500000000 0.000000000 0.000000000 0.836670339 -0.005632593 0.547677875 -0.283871930 0.004061386 0.999983430 0.004079877 -0.061000509 -0.547691762 -0.001189181 0.836679339 -1.212932304
0 0.479156566 0.851833857 0.500000000 0.500000000 0.000000000 0.000000000 0.838255286 -0.005626772 0.545248985 -0.279474152 0.004186737 0.999983668 0.003882860 -0.060749185 -0.545261919 -0.000972014 0.838265181 -1.223740861
0 0.479156566 0.851833857 0.500000000 0.500000000 0.000000000 0.000000000 0.839992464 -0.005580175 0.542569399 -0.274080777 0.004139597 0.999983907 0.003875735 -0.060917802 -0.542582273 -0.001009570 0.840002060 -1.234146041
0 0.479156566 0.851833857 0.500000000 0.500000000 0.000000000 0.000000000 0.841680944 -0.005336770 0.539948821 -0.269390731 0.003698627 0.999984682 0.004118214 -0.062645665 -0.539962530 -0.001469153 0.841687739 -1.244981440
0 0.479156566 0.851833857 0.500000000 0.500000000 0.000000000 0.000000000 0.843528509 -0.005398217 0.537057281 -0.263416465 0.003618434 0.999983907 0.004368021 -0.064293289 -0.537072182 -0.001741244 0.843534470 -1.255991874
0 0.479156566 0.851833857 0.500000000 0.500000000 0.000000000 0.000000000 0.845306695 -0.005110454 0.534256876 -0.257944699 0.003303224 0.999985158 0.004339001 -0.065031489 -0.534271121 -0.001903016 0.845311046 -1.265998056
0 0.479156566 0.851833857 0.500000000 0.500000000 0.000000000 0.000000000 0.847165227 -0.004828364 0.531307578 -0.252468187 0.003059002 0.999986470 0.004210026 -0.066271169 -0.531320751 -0.001941317 0.847168505 -1.275920280
0 0.479156566 0.851833857 0.500000000 0.500000000 0.000000000 0.000000000 0.849206865 -0.004810140 0.528038383 -0.245729852 0.003292465 0.999987304 0.003814297 -0.065938770 -0.528050005 -0.001500580 0.849211931 -1.286440779
0 0.479156566 0.851833857 0.500000000 0.500000000 0.000000000 0.000000000 0.851151526 -0.004735297 0.524898767 -0.239918596 0.003179352 0.999987483 0.003865749 -0.066898137 -0.524910450 -0.001621501 0.851155877 -1.295934456
0 0.479156566 0.851833857 0.500000000 0.500000000 0.000000000 0.000000000 0.853100121 -0.004587288 0.521727085 -0.234608979 0.003116033 0.999988317 0.003697235 -0.066578937 -0.521737933 -0.001528393 0.853104472 -1.305566492
0 0.479156566 0.851833857 0.500000000 0.500000000 0.000000000 0.000000000 0.855403781 -0.004702041 0.517940402 -0.227521478 0.003108685 0.999987364 0.003944085 -0.068173480 -0.517952442 -0.001763672 0.855407596 -1.315218269
0 0.479156566 0.851833857 0.500000000 0.500000000 0.000000000 0.000000000 0.857615352 -0.004382896 0.514272988 -0.220959451 0.002831228 0.999988794 0.003800981 -0.068783505 -0.514283895 -0.001803756 0.857618093 -1.325180070
0 0.479156566 0.851833857 0.500000000 0.500000000 0.000000000 0.000000000 0.859949172 -0.004435536 0.510360360 -0.214372706 0.002997091 0.999988854 0.003640841 -0.067816421 -0.510370851 -0.001601342 0.859952927 -1.335211521
0 0.479156566 0.851833857 0.500000000 0.500000000 0.000000000 0.000000000 0.862545729 -0.004373200 0.505960166 -0.206541503 0.002715893 0.999988258 0.004013294 -0.069226493 -0.505971789 -0.002087516 0.862547517 -1.345186525
0 0.479156566 0.851833857 0.500000000 0.500000000 0.000000000 0.000000000 0.865225613 -0.004049116 0.501366377 -0.197894658 0.002418366 0.999989450 0.003902617 -0.069591810 -0.501376867 -0.002164157 0.865226269 -1.355624416
0 0.479156566 0.851833857 0.500000000 0.500000000 0.000000000 0.000000000 0.867915750 -0.003905630 0.496696055 -0.189886899 0.002236515 0.999989688 0.003955100 -0.070590240 -0.496706367 -0.002321825 0.867915571 -1.365981958
0 0.479156566 0.851833857 0.500000000 0.500000000 0.000000000 0.000000000 0.870791256 -0.003844094 0.491637915 -0.180434025 0.002134762 0.999989569 0.004037772 -0.070722990 -0.491648287 -0.002466527 0.870790362 -1.376147940
0 0.479156566 0.851833857 0.500000000 0.500000000 0.000000000 0.000000000 0.873775125 -0.003803689 0.486315250 -0.169769186 0.001950163 0.999988794 0.004317452 -0.071654504 -0.486326218 -0.002824088 0.873772740 -1.385990895
0 0.479156566 0.851833857 0.500000000 0.500000000 0.000000000 0.000000000 0.876610577 -0.003676353 0.481186420 -0.160128147 0.001816093 0.999988973 0.004331597 -0.072552426 -0.481197029 -0.002923245 0.876607597 -1.395813108
0 0.479156566 0.851833857 0.500000000 0.500000000 0.000000000 0.000000000 0.879372358 -0.003341663 0.476122975 -0.150864336 0.001499433 0.999989867 0.004249047 -0.073320021 -0.476132333 -0.003022579 0.879368424 -1.404878332
0 0.479156566 0.851833857 0.500000000 0.500000000 0.000000000 0.000000000 0.882370830 -0.003494592 0.470541745 -0.140682173 0.001571973 0.999988735 0.004478858 -0.073718384 -0.470552117 -0.003212335 0.882366359 -1.413272290
0 0.479156566 0.851833857 0.500000000 0.500000000 0.000000000 0.000000000 0.885458350 -0.003558803 0.464705110 -0.130014409 0.001621533 0.999988258 0.004568406 -0.073453365 -0.464715898 -0.003291598 0.885453701 -1.421366853
0 0.479156566 0.851833857 0.500000000 0.500000000 0.000000000 0.000000000 0.888610005 -0.003482273 0.458650380 -0.118648944 0.001441704 0.999987423 0.004799117 -0.074451312 -0.458661318 -0.003603305 0.888603866 -1.429183378
0 0.479156566 0.851833857 0.500000000 0.500000000 0.000000000 0.000000000 0.891645014 -0.003438110 0.452722162 -0.107766866 0.001373434 0.999987125 0.004889202 -0.075024984 -0.452733129 -0.003737648 0.891638219 -1.436664583
0 0.479156566 0.851833857 0.500000000 0.500000000 0.000000000 0.000000000 0.894671500 -0.003558262 0.446710408 -0.097704332 0.001445956 0.999986112 0.005069406 -0.075917973 -0.446722239 -0.003889530 0.894664228 -1.444496197
0 0.479156566 0.851833857 0.500000000 0.500000000 0.000000000 0.000000000 0.897880554 -0.003576659 0.440224648 -0.085992442 0.001441283 0.999985516 0.005184870 -0.077047445 -0.440236837 -0.004020906 0.897872686 -1.452294346
0 0.479156566 0.851833857 0.500000000 0.500000000 0.000000000 0.000000000 0.901014090 -0.003763616 0.433773458 -0.074341729 0.001513679 0.999983549 0.005532167 -0.078460959 -0.433787137 -0.004327967 0.901004970 -1.459175331
0 0.479156566 0.851833857 0.500000000 0.500000000 0.000000000 0.000000000 0.903867900 -0.003288749 0.427799046 -0.064714758 0.001055454 0.999984562 0.005457484 -0.078773035 -0.427810401 -0.004481323 0.903857410 -1.466303286
0 0.479156566 0.851833857 0.500000000 0.500000000 0.000000000 0.000000000 0.906809390 -0.003284771 0.421528131 -0.053665810 0.000940567 0.999982893 0.005769011 -0.080099790 -0.421539903 -0.004834917 0.906796992 -1.472824612
0 0.479156566 0.851833857 0.500000000 0.500000000 0.000000000 0.000000000 0.909677148 -0.003191597 0.415303916 -0.043364455 0.000805003 0.999982119 0.005921562 -0.081337242 -0.415315390 -0.005052388 0.909663439 -1.479782264
0 0.479156566 0.851833857 0.500000000 0.500000000 0.000000000 0.000000000 0.912451386 -0.003043932 0.409173757 -0.033069466 0.000840179 0.999984145 0.005565513 -0.080514091 -0.409184217 -0.004734481 0.912439525 -1.486376393
0 0.479156566 0.851833857 0.500000000 0.500000000 0.000000000 0.000000000 0.915230215 -0.003149987 0.402919054 -0.022048688 0.000924211 0.999983251 0.005718440 -0.080862565 -0.402930319 -0.004861307 0.915217757 -1.493301204
0 0.479156566 0.851833857 0.500000000 0.500000000 0.000000000 0.000000000 0.917876780 -0.003122173 0.396853209 -0.011476505 0.000827136 0.999981940 0.005954112 -0.081755742 -0.396864623 -0.005136890 0.917862773 -1.499822862
0 0.479156566 0.851833857 0.500000000 0.500000000 0.000000000 0.000000000 0.920324385 -0.003033567 0.391144305 -0.001530621 0.000779833 0.999982178 0.005920613 -0.082353412 -0.391155303 -0.005143858 0.920310318 -1.506696390
0 0.479156566 0.851833857 0.500000000 0.500000000 0.000000000 0.000000000 0.922697246 -0.002942795 0.385514081 0.008345335 0.000749051 0.999982655 0.005840506 -0.082553234 -0.385524601 -0.005100249 0.922683477 -1.513023196
0 0.479156566 0.851833857 0.500000000 0.500000000 0.000000000 0.000000000 0.925058424 -0.003071047 0.379812479 0.018680077 0.000786332 0.999980628 0.006170374 -0.083994155 -0.379824072 -0.005409298 0.925042927 -1.520630143
0 0.479156566 0.851833857 0.500000000 0.500000000 0.000000000 0.000000000 0.927285731 -0.003064626 0.374341756 0.028529841 0.000758288 0.999979794 0.006308178 -0.084983404 -0.374353528 -0.005565625 0.927269340 -1.527826150
0 0.479156566 0.851833857 0.500000000 0.500000000 0.000000000 0.000000000 0.929262638 -0.002803960 0.369409055 0.037365829 0.000551970 0.999980628 0.006201744 -0.085320854 -0.369419277 -0.005559146 0.929246187 -1.535243553
0 0.479156566 0.851833857 0.500000000 0.500000000 0.000000000 0.000000000 0.931138754 -0.002795949 0.364654362 0.046074778 0.000460615 0.999978840 0.006491060 -0.086701098 -0.364664793 -0.005876112 0.931120336 -1.541869461
0 0.479156566 0.851833857 0.500000000 0.500000000 0.000000000 0.000000000 0.933079123 -0.002955612 0.359659016 0.056009289 0.000655346 0.999978542 0.006517446 -0.086886227 -0.359670579 -0.005845591 0.933061063 -1.548841969
0 0.479156566 0.851833857 0.500000000 0.500000000 0.000000000 0.000000000 0.934824824 -0.002906532 0.355097324 0.064015832 0.000681832 0.999979377 0.006390020 -0.086877492 -0.355108559 -0.005731433 0.934807479 -1.555902680
0 0.479156566 0.851833857 0.500000000 0.500000000 0.000000000 0.000000000 0.936593235 -0.002858166 0.350406885 0.072643299 0.000582462 0.999978065 0.006599679 -0.087646436 -0.350418061 -0.005977116 0.936574340 -1.563326769
0 0.479156566 0.851833857 0.500000000 0.500000000 0.000000000 0.000000000 0.938269913 -0.002711465 0.345893443 0.081302457 0.000414360 0.999977350 0.006714850 -0.088487603 -0.345903814 -0.006157017 0.938249767 -1.570049146
0 0.479156566 0.851833857 0.500000000 0.500000000 0.000000000 0.000000000 0.939943910 -0.002703586 0.341318190 0.089678528 0.000428446 0.999977171 0.006740951 -0.089112368 -0.341328621 -0.006189879 0.939923644 -1.577779176
0 0.479156566 0.851833857 0.500000000 0.500000000 0.000000000 0.000000000 0.941486835 -0.002562211 0.337040007 0.097875598 0.000351425 0.999978006 0.006620260 -0.089148490 -0.337049574 -0.006114443 0.941467047 -1.584847884
0 0.479156566 0.851833857 0.500000000 0.500000000 0.000000000 0.000000000 0.942904234 -0.002490905 0.333054692 0.105136127 0.000305059 0.999978065 0.006615158 -0.089417148 -0.333063871 -0.006135860 0.942884326 -1.592101329
0 0.479156566 0.851833857 0.500000000 0.500000000 0.000000000 0.000000000 0.944347799 -0.002501386 0.328939080 0.112469384 0.000387122 0.999978840 0.006492861 -0.089387507 -0.328948379 -0.006004179 0.944328845 -1.599490166
0 0.479156566 0.851833857 0.500000000 0.500000000 0.000000000 0.000000000 0.945723772 -0.002401186 0.324962735 0.120362148 0.000335309 0.999979377 0.006413126 -0.089928880 -0.324971437 -0.005956083 0.945705056 -1.606909562
0 0.479156566 0.851833857 0.500000000 0.500000000 0.000000000 0.000000000 0.947022557 -0.002468868 0.321157634 0.127608285 0.000424482 0.999979198 0.006435541 -0.090601442 -0.321166843 -0.005958276 0.947003901 -1.613549787
0 0.479156566 0.851833857 0.500000000 0.500000000 0.000000000 0.000000000 0.948228359 -0.002425858 0.317580014 0.134408808 0.000386752 0.999978900 0.006483651 -0.090833976 -0.317589045 -0.006025157 0.948209286 -1.620200358
0 0.479156566 0.851833857 0.500000000 0.500000000 0.000000000 0.000000000 0.949390292 -0.002485916 0.314089060 0.140842490 0.000506536 0.999979496 0.006383427 -0.090377355 -0.314098507 -0.005901266 0.949372053 -1.626302511
0 0.479156566 0.851833857 0.500000000 0.500000000 0.000000000 0.000000000 0.950543165 -0.002702810 0.310580641 0.147613082 0.000751096 0.999979198 0.006403503 -0.090774485 -0.310591489 -0.005853530 0.950525463 -1.632166987
0 0.479156566 0.851833857 0.500000000 0.500000000 0.000000000 0.000000000 0.951638222 -0.002755824 0.307208627 0.154302953 0.000714147 0.999976933 0.006758112 -0.092698103 -0.307220161 -0.006211886 0.951618195 -1.637699089
0 0.479156566 0.851833857 0.500000000 0.500000000 0.000000000 0.000000000 0.952636242 -0.002854196 0.304098725 0.159803355 0.000830435 0.999976635 0.006784069 -0.092495889 -0.304110974 -0.006210216 0.952616394 -1.643230553
0 0.479156566 0.851833857 0.500000000 0.500000000 0.000000000 0.000000000 0.953559399 -0.002610598 0.301193774 0.164629453 0.000625200 0.999977469 0.006687968 -0.092714776 -0.301204443 -0.006189069 0.953539491 -1.648597990
0 0.479156566 0.851833857 0.500000000 0.500000000 0.000000000 0.000000000 0.954505563 -0.002683365 0.298181057 0.170285929 0.000683143 0.999976575 0.006812096 -0.093580336 -0.298192352 -0.006298483 0.954484999 -1.654201226
0 0.479156566 0.851833857 0.500000000 0.500000000 0.000000000 0.000000000 0.955408812 -0.002691029 0.295274049 0.175512207 0.000773714 0.999977827 0.006609983 -0.093060433 -0.295285314 -0.006086778 0.955389738 -1.659845605
0 0.479156566 0.851833857 0.500000000 0.500000000 0.000000000 0.000000000 0.956239104 -0.002705669 0.292573780 0.180254671 0.000803021 0.999977767 0.006623043 -0.093186009 -0.292585164 -0.006098270 0.956220031 -1.665016411
