0 0.478948804 0.851464572 0.500000000 0.500000000 0.000000000 0.000000000 0.999913573 -0.001244059 0.013086345 -0.012365595 0.001213432 0.999996483 0.002348087 -0.005664136 -0.013089220 -0.002332005 0.999911606 -0.446713170
0 0.478948804 0.851464572 0.500000000 0.500000000 0.000000000 0.000000000 0.999913394 -0.001293769 0.013098349 -0.011699731 0.001263653 0.999996543 0.002307189 -0.005421327 -0.013101288 -0.002290437 0.999911547 -0.472953909
0 0.478948804 0.851464572 0.500000000 0.500000000 0.000000000 0.000000000 0.999916494 -0.001292867 0.012857409 -0.009683605 0.001263915 0.999996662 0.002259647 -0.004716045 -0.012860288 -0.002243208 0.999914765 -0.498525314
0 0.478948804 0.851464572 0.500000000 0.500000000 0.000000000 0.000000000 0.999919236 -0.001337872 0.012639930 -0.007996871 0.001309798 0.999996662 0.002229134 -0.004851887 -0.012642870 -0.002212398 0.999917626 -0.524230371
0 0.478948804 0.851464572 0.500000000 0.500000000 0.000000000 0.000000000 0.999920547 -0.001314873 0.012539118 -0.006370122 0.001285558 0.999996424 0.002345691 -0.005501972 -0.012542157 -0.002329384 0.999918640 -0.550147980
0 0.478948804 0.851464572 0.500000000 0.500000000 0.000000000 0.000000000 0.999923110 -0.001365890 0.012326744 -0.003430534 0.001338704 0.999996662 0.002213418 -0.005118171 -0.012329726 -0.002196745 0.999921560 -0.575560431
0 0.478948804 0.851464572 0.500000000 0.500000000 0.000000000 0.000000000 0.999922454 -0.001346713 0.012382007 -0.001544331 0.001318480 0.999996543 0.002288060 -0.005815879 -0.012385045 -0.002271557 0.999920726 -0.601119965
0 0.478948804 0.851464572 0.500000000 0.500000000 0.000000000 0.000000000 0.999920189 -0.001323182 0.012564277 0.001004765 0.001294431 0.999996543 0.002296188 -0.006417265 -0.012567272 -0.002279741 0.999918401 -0.627027296
0 0.478948804 0.851464572 0.500000000 0.500000000 0.000000000 0.000000000 0.999919355 -0.001420016 0.012618783 0.004414321 0.001392326 0.999996603 0.002202888 -0.006695000 -0.012621868 -0.002185141 0.999917924 -0.651949895
0 0.478948804 0.851464572 0.500000000 0.500000000 0.000000000 0.000000000 0.999916196 -0.001489291 0.012862354 0.006695866 0.001460298 0.999996364 0.002263170 -0.007925610 -0.012865677 -0.002244197 0.999914706 -0.678290153
0 0.478948804 0.851464572 0.500000000 0.500000000 0.000000000 0.000000000 0.999916613 -0.001482346 0.012827151 0.010178305 0.001455027 0.999996662 0.002138841 -0.008615570 -0.012830278 -0.002119999 0.999915421 -0.703571686
0 0.478948804 0.851464572 0.500000000 0.500000000 0.000000000 0.000000000 0.999918640 -0.001370681 0.012683284 0.013856296 0.001344483 0.999996960 0.002073839 -0.009540585 -0.012686088 -0.002056618 0.999917388 -0.729132443
0 0.478948804 0.851464572 0.500000000 0.500000000 0.000000000 0.000000000 0.999921381 -0.001348211 0.012467341 0.017081967 0.001323644 0.999997139 0.001978599 -0.010571372 -0.012469972 -0.001961941 0.999920309 -0.754519374
0 0.478948804 0.851464572 0.500000000 0.500000000 0.000000000 0.000000000 0.999926090 -0.001243278 0.012094412 0.021163572 0.001222231 0.999997735 0.001747510 -0.011162700 -0.012096557 -0.001732599 0.999925315 -0.779776492
0 0.478948804 0.851464572 0.500000000 0.500000000 0.000000000 0.000000000 0.999930620 -0.001296735 0.011709536 0.024743717 0.001277557 0.999997854 0.001645218 -0.012204236 -0.011711645 -0.001630144 0.999930084 -0.805385157
0 0.478948804 0.851464572 0.500000000 0.500000000 0.000000000 0.000000000 0.999936342 -0.001190628 0.011221141 0.029846232 0.001172485 0.999997973 0.001623326 -0.013103646 -0.011223051 -0.001610066 0.999935746 -0.830387280
0 0.478948804 0.851464572 0.500000000 0.500000000 0.000000000 0.000000000 0.999936640 -0.001165566 0.011195890 0.033792929 0.001148760 0.999998212 0.001507462 -0.013073862 -0.011197627 -0.001494505 0.999936163 -0.855334892
0 0.478948804 0.851464572 0.500000000 0.500000000 0.000000000 0.000000000 0.999935746 -0.001045521 0.011285624 0.038453533 0.001028044 0.999998271 0.001554344 -0.014067333 -0.011287230 -0.001542642 0.999935091 -0.881190307
0 0.478948804 0.851464572 0.500000000 0.500000000 0.000000000 0.000000000 0.999933660 -0.001087494 0.011467462 0.043018625 0.001070040 0.999998271 0.001528023 -0.014285073 -0.011469103 -0.001515651 0.999933064 -0.906466409
0 0.478948804 0.851464572 0.500000000 0.500000000 0.000000000 0.000000000 0.999930263 -0.001106340 0.011756165 0.047213355 0.001088359 0.999998212 0.001535795 -0.014391135 -0.011757844 -0.001522893 0.999929726 -0.932084718
0 0.478948804 0.851464572 0.500000000 0.500000000 0.000000000 0.000000000 0.999932110 -0.001282098 0.011581736 0.052593157 0.001263522 0.999997914 0.001611006 -0.014623456 -0.011583777 -0.001596263 0.999931633 -0.957526888
0 0.478948804 0.851464572 0.500000000 0.500000000 0.000000000 0.000000000 0.999936163 -0.001147880 0.011239531 0.056915211 0.001129117 0.999997973 0.001675528 -0.014669592 -0.011241432 -0.001662730 0.999935448 -0.983090477
0 0.478948804 0.851464572 0.500000000 0.500000000 0.000000000 0.000000000 0.999943912 -0.001112370 0.010531743 0.062772492 0.001093972 0.999997854 0.001752540 -0.014538442 -0.010533670 -0.001740920 0.999943018 -1.008572977
0 0.478948804 0.851464572 0.500000000 0.500000000 0.000000000 0.000000000 0.999950826 -0.000870213 0.009879206 0.067379903 0.000850017 0.999997556 0.002048311 -0.014816585 -0.009880965 -0.002039813 0.999949098 -1.034233919
0 0.478948804 0.851464572 0.500000000 0.500000000 0.000000000 0.000000000 0.999957502 -0.000801041 0.009185102 0.073463032 0.000780662 0.999997199 0.002222165 -0.014313832 -0.009186856 -0.002214900 0.999955356 -1.059281753
0 0.478948804 0.851464572 0.500000000 0.500000000 0.000000000 0.000000000 0.999961555 -0.000693034 0.008739877 0.078589996 0.000671173 0.999996662 0.002503885 -0.013883726 -0.008741584 -0.002497923 0.999958694 -1.085042073
0 0.478948804 0.851464572 0.500000000 0.500000000 0.000000000 0.000000000 0.999964178 -0.000813773 0.008421787 0.084160715 0.000790642 0.999995887 0.002749487 -0.013670003 -0.008423990 -0.002742729 0.999960780 -1.110256927
0 0.478948804 0.851464572 0.500000000 0.500000000 0.000000000 0.000000000 0.999966800 -0.000760277 0.008110732 0.088925140 0.000738758 0.999996185 0.002655899 -0.012109529 -0.008112720 -0.002649819 0.999963582 -1.135582974
0 0.478948804 0.851464572 0.500000000 0.500000000 0.000000000 0.000000000 0.999971867 -0.000707397 0.007471144 0.094162861 0.000688514 0.999996543 0.002529761 -0.010562140 -0.007472908 -0.002524546 0.999968886 -1.160636917
0 0.478948804 0.851464572 0.500000000 0.500000000 0.000000000 0.000000000 0.999978065 -0.000838123 0.006568315 0.099260482 0.000822091 0.999996662 0.002443234 -0.009717747 -0.006570341 -0.002437780 0.999975443 -1.185341496
0 0.478948804 0.851464572 0.500000000 0.500000000 0.000000000 0.000000000 0.999985397 -0.000673622 0.005365528 0.105122179 0.000661427 0.999997199 0.002274271 -0.008221881 -0.005367044 -0.002270689 0.999983013 -1.210183017
0 0.478948804 0.851464572 0.500000000 0.500000000 0.000000000 0.000000000 0.999991715 -0.000652878 0.004024258 0.110977970 0.000644537 0.999997616 0.002073623 -0.006314202 -0.004025603 -0.002071012 0.999989748 -1.234829742
0 0.478948804 0.851464572 0.500000000 0.500000000 0.000000000 0.000000000 0.999995649 -0.000525422 0.002894353 0.116201045 0.000519415 0.999997735 0.002075729 -0.005383796 -0.002895437 -0.002074217 0.999993682 -1.259074548
0 0.478948804 0.851464572 0.500000000 0.500000000 0.000000000 0.000000000 0.999998510 -0.000513775 0.001635123 0.122175622 0.000510241 0.999997556 0.002161012 -0.004347735 -0.001636229 -0.002160174 0.999996305 -1.282577782
0 0.478948804 0.851464572 0.500000000 0.500000000 0.000000000 0.000000000 0.999999762 -0.000602656 0.000393056 0.128308353 0.000601791 0.999997437 0.002195165 -0.002509130 -0.000394378 -0.002194928 0.999997497 -1.306753508
0 0.478948804 0.851464572 0.500000000 0.500000000 0.000000000 0.000000000 0.999999344 -0.000659576 -0.000937811 0.134028039 0.000661533 0.999997616 0.002088849 -0.000609750 0.000936431 -0.002089468 0.999997377 -1.330740234
0 0.478948804 0.851464572 0.500000000 0.500000000 0.000000000 0.000000000 0.999997079 -0.000694658 -0.002320206 0.139652144 0.000699342 0.999997735 0.002018620 0.000558009 0.002318799 -0.002020237 0.999995291 -1.353709256
0 0.478948804 0.851464572 0.500000000 0.500000000 0.000000000 0.000000000 0.999991477 -0.000522128 -0.004099727 0.146447355 0.000530052 0.999997973 0.001932050 0.002081082 0.004098710 -0.001934206 0.999989748 -1.377618928
0 0.478948804 0.851464572 0.500000000 0.500000000 0.000000000 0.000000000 0.999981463 -0.000363241 -0.006078068 0.153569224 0.000374879 0.999998093 0.001913710 0.003571689 0.006077361 -0.001915953 0.999979675 -1.401101558
0 0.478948804 0.851464572 0.500000000 0.500000000 0.000000000 0.000000000 0.999967337 -0.000137325 -0.008080525 0.160002954 0.000153205 0.999998033 0.001964537 0.004478620 0.008080239 -0.001965711 0.999965429 -1.424150858
0 0.478948804 0.851464572 0.500000000 0.500000000 0.000000000 0.000000000 0.999949217 0.000055204 -0.010079766 0.167920413 -0.000035369 0.999998093 0.001967895 0.006214789 0.010079855 -0.001967439 0.999947250 -1.446915749
0 0.478948804 0.851464572 0.500000000 0.500000000 0.000000000 0.000000000 0.999927223 0.000278928 -0.012061852 0.175177834 -0.000252939 0.999997616 0.002156116 0.006708720 0.012062426 -0.002152908 0.999924958 -1.471076278
0 0.478948804 0.851464572 0.500000000 0.500000000 0.000000000 0.000000000 0.999903142 0.000330936 -0.013915863 0.182458378 -0.000300331 0.999997556 0.002201330 0.007496759 0.013916558 -0.002196937 0.999900758 -1.493561851
0 0.478948804 0.851464572 0.500000000 0.500000000 0.000000000 0.000000000 0.999872506 0.000367916 -0.015964800 0.190028903 -0.000333267 0.999997556 0.002172973 0.008403619 0.015965562 -0.002167376 0.999870181 -1.516846130
0 0.478948804 0.851464572 0.500000000 0.500000000 0.000000000 0.000000000 0.999833941 0.000339758 -0.018220782 0.197962189 -0.000300987 0.999997675 0.002130579 0.009382408 0.018221464 -0.002124741 0.999831736 -1.540013309
0 0.478948804 0.851464572 0.500000000 0.500000000 0.000000000 0.000000000 0.999787152 0.000501364 -0.020626239 0.205826065 -0.000457530 0.999997616 0.002129824 0.009635526 0.020627258 -0.002119933 0.999785006 -1.562625847
0 0.478948804 0.851464572 0.500000000 0.500000000 0.000000000 0.000000000 0.999730349 0.000661466 -0.023211600 0.214387261 -0.000611660 0.999997497 0.002152773 0.009506077 0.023212967 -0.002137995 0.999728262 -1.586293910
0 0.478948804 0.851464572 0.500000000 0.500000000 0.000000000 0.000000000 0.999664903 0.000985466 -0.025867885 0.223474492 -0.000926798 0.999996960 0.002279889 0.009355973 0.025870053 -0.002255151 0.999662757 -1.609286579
0 0.478948804 0.851464572 0.500000000 0.500000000 0.000000000 0.000000000 0.999594569 0.001236231 -0.028445054 0.232049643 -0.001172864 0.999996781 0.002244266 0.009171420 0.028447738 -0.002209994 0.999592841 -1.632065256
0 0.478948804 0.851464572 0.500000000 0.500000000 0.000000000 0.000000000 0.999520838 0.001282449 -0.030926786 0.240468011 -0.001212740 0.999996662 0.002272654 0.008694456 0.030929597 -0.002234059 0.999519050 -1.654935695
0 0.478948804 0.851464572 0.500000000 0.500000000 0.000000000 0.000000000 0.999436677 0.001479280 -0.033527534 0.249296342 -0.001404624 0.999996483 0.002250160 0.008263502 0.033530746 -0.002201799 0.999435246 -1.678405233
0 0.478948804 0.851464572 0.500000000 0.500000000 0.000000000 0.000000000 0.999347031 0.001655196 -0.036094222 0.257297329 -0.001572461 0.999996066 0.002320472 0.007026863 0.036097921 -0.002262200 0.999345720 -1.701475790
0 0.478948804 0.851464572 0.500000000 0.500000000 0.000000000 0.000000000 0.999243796 0.001697931 -0.038845222 0.266140178 -0.001611539 0.999996185 0.002255191 0.006417654 0.038848903 -0.002190885 0.999242723 -1.724402280
0 0.478948804 0.851464572 0.500000000 0.500000000 0.000000000 0.000000000 0.999124229 0.001838503 -0.041802552 0.275343408 -0.001747175 0.999996006 0.002221176 0.005846859 0.041806471 -0.002146194 0.999123394 -1.747271219
0 0.478948804 0.851464572 0.500000000 0.500000000 0.000000000 0.000000000 0.998993158 0.001848678 -0.044825081 0.284434951 -0.001753475 0.999996126 0.002163114 0.004990913 0.044828907 -0.002082336 0.998992503 -1.770218985
0 0.478948804 0.851464572 0.500000000 0.500000000 0.000000000 0.000000000 0.998854280 0.002099798 -0.047808904 0.293631189 -0.001997964 0.999995649 0.002177723 0.004020968 0.047813270 -0.002079707 0.998854101 -1.793475105
0 0.478948804 0.851464572 0.500000000 0.500000000 0.000000000 0.000000000 0.998710215 0.002231602 -0.050723832 0.302649961 -0.002121526 0.999995291 0.002223845 0.003023645 0.050728556 -0.002113364 0.998710215 -1.816875338
0 0.478948804 0.851464572 0.500000000 0.500000000 0.000000000 0.000000000 0.998564780 0.002307615 -0.053507391 0.311530499 -0.002192323 0.999995172 0.002213304 0.002223759 0.053512242 -0.002092822 0.998565018 -1.839810884
0 0.478948804 0.851464572 0.500000000 0.500000000 0.000000000 0.000000000 0.998406708 0.002370985 -0.056377992 0.320677622 -0.002252758 0.999995112 0.002160488 0.001670041 0.056382839 -0.002030039 0.998407185 -1.863413825
0 0.478948804 0.851464572 0.500000000 0.500000000 0.000000000 0.000000000 0.998234987 0.002513882 -0.059334781 0.330427503 -0.002382376 0.999994576 0.002286971 0.000692791 0.059340209 -0.002141577 0.998235524 -1.887350713
0 0.478948804 0.851464572 0.500000000 0.500000000 0.000000000 0.000000000 0.998053789 0.002719560 -0.062299322 0.339652726 -0.002571063 0.999993682 0.002463649 -0.000191193 0.062305629 -0.002298679 0.998054445 -1.910769448
0 0.478948804 0.851464572 0.500000000 0.500000000 0.000000000 0.000000000 0.997852027 0.003019247 -0.065438315 0.349853570 -0.002849210 0.999992311 0.002691593 -0.001016731 0.065445937 -0.002499364 0.997852981 -1.934636389
0 0.478948804 0.851464572 0.500000000 0.500000000 0.000000000 0.000000000 0.997644365 0.003281452 -0.068519562 0.359969311 -0.003094797 0.999991179 0.002830095 -0.001312589 0.068528242 -0.002611374 0.997645736 -1.958330350
0 0.478948804 0.851464572 0.500000000 0.500000000 0.000000000 0.000000000 0.997436702 0.003509499 -0.071468227 0.369434448 -0.003304413 0.999990106 0.002987643 -0.001222977 0.071478009 -0.002743825 0.997438431 -1.981427939
0 0.478948804 0.851464572 0.500000000 0.500000000 0.000000000 0.000000000 0.997221172 0.003619672 -0.074409761 0.379248428 -0.003391914 0.999989152 0.003187008 -0.001201112 0.074420489 -0.002925760 0.997222662 -2.004827950
0 0.478948804 0.851464572 0.500000000 0.500000000 0.000000000 0.000000000 0.996993303 0.003838579 -0.077392891 0.389343852 -0.003584121 0.999987721 0.003426516 -0.001250231 0.077405088 -0.003138828 0.996994793 -2.028492976
0 0.478948804 0.851464572 0.500000000 0.500000000 0.000000000 0.000000000 0.996762335 0.003749439 -0.080316439 0.399055531 -0.003489604 0.999988198 0.003375260 -0.000345913 0.080328152 -0.003084060 0.996763706 -2.051388565
0 0.478948804 0.851464572 0.500000000 0.500000000 0.000000000 0.000000000 0.996510208 0.003811756 -0.083383776 0.409177122 -0.003542436 0.999988019 0.003377598 0.000357763 0.083395652 -0.003070429 0.996511757 -2.074676111
0 0.478948804 0.851464572 0.500000000 0.500000000 0.000000000 0.000000000 0.996244967 0.003949232 -0.086488836 0.419535760 -0.003669136 0.999987483 0.003397251 0.001470635 0.086501166 -0.003067155 0.996247053 -2.096836022
0 0.478948804 0.851464572 0.500000000 0.500000000 0.000000000 0.000000000 0.995968699 0.004130792 -0.089606225 0.429992545 -0.003840472 0.999986827 0.003412126 0.002435687 0.089619137 -0.003054240 0.995971441 -2.119459406
0 0.478948804 0.851464572 0.500000000 0.500000000 0.000000000 0.000000000 0.995691240 0.004144806 -0.092637993 0.440408078 -0.003839200 0.999986589 0.003476900 0.003342615 0.092651159 -0.003106263 0.995693803 -2.142193293
0 0.478948804 0.851464572 0.500000000 0.500000000 0.000000000 0.000000000 0.995405793 0.004300450 -0.095649183 0.451243927 -0.003970711 0.999985516 0.003637448 0.003839932 0.095663443 -0.003240942 0.995408475 -2.165441666
0 0.478948804 0.851464572 0.500000000 0.500000000 0.000000000 0.000000000 0.995121598 0.004387410 -0.098558627 0.461887638 -0.004022378 0.999984324 0.003902104 0.004220115 0.098574199 -0.003486628 0.995123625 -2.188121536
0 0.478948804 0.851464572 0.500000000 0.500000000 0.000000000 0.000000000 0.994837642 0.004569981 -0.101376712 0.472576958 -0.004173585 0.999982774 0.004121887 0.005104772 0.101393811 -0.003677504 0.994839549 -2.210243340
0 0.478948804 0.851464572 0.500000000 0.500000000 0.000000000 0.000000000 0.994539857 0.004787503 -0.104247503 0.483290217 -0.004369694 0.999981463 0.004235875 0.005955076 0.104265854 -0.003757217 0.994542360 -2.232315797
0 0.478948804 0.851464572 0.500000000 0.500000000 0.000000000 0.000000000 0.994216144 0.004957421 -0.107283317 0.494622693 -0.004527140 0.999980688 0.004253872 0.006909052 0.107302330 -0.003743581 0.994219363 -2.254856037
0 0.478948804 0.851464572 0.500000000 0.500000000 0.000000000 0.000000000 0.993863404 0.005091957 -0.110497281 0.506770644 -0.004638446 0.999979734 0.004360934 0.007732553 0.110517249 -0.003821637 0.993866861 -2.276847880
0 0.478948804 0.851464572 0.500000000 0.500000000 0.000000000 0.000000000 0.993513584 0.005206029 -0.113594331 0.518459356 -0.004739007 0.999979198 0.004380967 0.008587786 0.113614768 -0.003814226 0.993517578 -2.298711763
0 0.478948804 0.851464572 0.500000000 0.500000000 0.000000000 0.000000000 0.993144870 0.005378690 -0.116766192 0.530542861 -0.004892167 0.999978125 0.004452842 0.009486521 0.116787590 -0.003851078 0.993149459 -2.320191168
0 0.478948804 0.851464572 0.500000000 0.500000000 0.000000000 0.000000000 0.992784858 0.005608673 -0.119777948 0.542692404 -0.005110512 0.999976993 0.004465804 0.010703704 0.119800240 -0.003821456 0.992790639 -2.341360108
0 0.478948804 0.851464572 0.500000000 0.500000000 0.000000000 0.000000000 0.992422879 0.005829959 -0.122730933 0.554442846 -0.005308791 0.999975443 0.004573014 0.011088778 0.122754581 -0.003886810 0.992429435 -2.362888299
