0 0.484977800 0.862182705 0.500000000 0.500000000 0.000000000 0.000000000 0.994505942 0.008850155 -0.104305230 -0.065239643 -0.008153956 0.999941528 0.007099171 -0.005379119 0.104361959 -0.006209667 0.994520009 0.043813619
0 0.484977800 0.862182705 0.500000000 0.500000000 0.000000000 0.000000000 0.994094849 0.008904843 -0.108148895 -0.069929200 -0.008188833 0.999941528 0.007062906 -0.004934512 0.108205460 -0.006135585 0.994109631 0.044545629
0 0.484977800 0.862182705 0.500000000 0.500000000 0.000000000 0.000000000 0.993649304 0.009383122 -0.112129256 -0.074212567 -0.008616027 0.999936044 0.007323800 -0.004858294 0.112190813 -0.006311180 0.993666649 0.045480646
0 0.484977800 0.862182705 0.500000000 0.500000000 0.000000000 0.000000000 0.993178785 0.009720123 -0.116195627 -0.078524038 -0.008887057 0.999930978 0.007685456 -0.005332143 0.116262317 -0.006600394 0.993196607 0.046189339
0 0.484977800 0.862182705 0.500000000 0.500000000 0.000000000 0.000000000 0.992700517 0.010200424 -0.120173581 -0.082949349 -0.009312815 0.999925077 0.007945374 -0.005053530 0.120245621 -0.006768222 0.992721081 0.047478491
0 0.484977800 0.862182705 0.500000000 0.500000000 0.000000000 0.000000000 0.992204428 0.010820099 -0.124150388 -0.087479695 -0.009872527 0.999917269 0.008245156 -0.004783835 0.124229334 -0.006955202 0.992229164 0.048887681
0 0.484977800 0.862182705 0.500000000 0.500000000 0.000000000 0.000000000 0.991658926 0.011124779 -0.128408834 -0.091545429 -0.010094412 0.999911427 0.008672154 -0.005146537 0.128493935 -0.007303607 0.991683424 0.050613206
0 0.484977800 0.862182705 0.500000000 0.500000000 0.000000000 0.000000000 0.991104662 0.011617914 -0.132576868 -0.095618300 -0.010508688 0.999903679 0.009063310 -0.004963557 0.132669389 -0.007589480 0.991131306 0.052138108
0 0.484977800 0.862182705 0.500000000 0.500000000 0.000000000 0.000000000 0.990520716 0.011960498 -0.136841699 -0.099662813 -0.010799257 0.999899149 0.009225280 -0.004733142 0.136938229 -0.007660043 0.990549982 0.054096854
0 0.484977800 0.862182705 0.500000000 0.500000000 0.000000000 0.000000000 0.989923596 0.012386492 -0.141059622 -0.103624041 -0.011144293 0.999891877 0.009592777 -0.004881176 0.141163200 -0.007924107 0.989954650 0.055545011
0 0.484977800 0.862182705 0.500000000 0.500000000 0.000000000 0.000000000 0.989284098 0.012637739 -0.145455182 -0.107370272 -0.011382991 0.999890506 0.009455436 -0.003639726 0.145558745 -0.007698397 0.989319682 0.057255468
0 0.484977800 0.862182705 0.500000000 0.500000000 0.000000000 0.000000000 0.988647819 0.013210640 -0.149669603 -0.112136569 -0.011902586 0.999882758 0.009632061 -0.003210059 0.149779305 -0.007741261 0.988689125 0.058576351
0 0.484977800 0.862182705 0.500000000 0.500000000 0.000000000 0.000000000 0.987997711 0.013936521 -0.153838426 -0.117008003 -0.012499345 0.999868751 0.010305410 -0.003719657 0.153961852 -0.008258843 0.988042295 0.060621915
0 0.484977800 0.862182705 0.500000000 0.500000000 0.000000000 0.000000000 0.987282515 0.014220680 -0.158338159 -0.120547869 -0.012757991 0.999866068 0.010250431 -0.002844777 0.158462718 -0.008099996 0.987331748 0.061497825
0 0.484977800 0.862182705 0.500000000 0.500000000 0.000000000 0.000000000 0.986593068 0.014925837 -0.162515536 -0.125372674 -0.013341772 0.999852300 0.010834237 -0.003366689 0.162653238 -0.008520737 0.986646473 0.062596669
0 0.484977800 0.862182705 0.500000000 0.500000000 0.000000000 0.000000000 0.985844254 0.015391907 -0.166955829 -0.129456241 -0.013716082 0.999843359 0.011186046 -0.003374418 0.167101845 -0.008737719 0.985900939 0.064014131
0 0.484977800 0.862182705 0.500000000 0.500000000 0.000000000 0.000000000 0.985086441 0.015859043 -0.171327710 -0.133605905 -0.014104226 0.999834895 0.011454913 -0.002932488 0.171481088 -0.008867634 0.985147476 0.064420642
0 0.484977800 0.862182705 0.500000000 0.500000000 0.000000000 0.000000000 0.984322011 0.016266659 -0.175629035 -0.138155930 -0.014425449 0.999826849 0.011755203 -0.003156811 0.175789848 -0.009037377 0.984386206 0.064489124
0 0.484977800 0.862182705 0.500000000 0.500000000 0.000000000 0.000000000 0.983498871 0.016817881 -0.180130795 -0.142281701 -0.014882687 0.999816179 0.012089451 -0.003339702 0.180300996 -0.009209131 0.983568370 0.064890042
0 0.484977800 0.862182705 0.500000000 0.500000000 0.000000000 0.000000000 0.982698917 0.017541936 -0.184377715 -0.146815015 -0.015468259 0.999799967 0.012679328 -0.003726992 0.184563249 -0.009607960 0.982773662 0.064706469
0 0.484977800 0.862182705 0.500000000 0.500000000 0.000000000 0.000000000 0.981865942 0.018205149 -0.188700482 -0.151450881 -0.015984900 0.999783993 0.013281310 -0.004636477 0.188901514 -0.010024108 0.981944859 0.064683661
0 0.484977800 0.862182705 0.500000000 0.500000000 0.000000000 0.000000000 0.980929077 0.018614827 -0.193472698 -0.154826872 -0.016313188 0.999776006 0.013482918 -0.004471900 0.193680346 -0.010069629 0.981013000 0.064854523
0 0.484977800 0.862182705 0.500000000 0.500000000 0.000000000 0.000000000 0.980099559 0.019596403 -0.197536916 -0.160318509 -0.017141858 0.999753237 0.014128197 -0.004921295 0.197765037 -0.010460890 0.980193615 0.065072170
0 0.484977800 0.862182705 0.500000000 0.500000000 0.000000000 0.000000000 0.979182184 0.020141685 -0.201981500 -0.164601057 -0.017559510 0.999739707 0.014568083 -0.005224197 0.202222347 -0.010718112 0.979281008 0.065422770
0 0.484977800 0.862182705 0.500000000 0.500000000 0.000000000 0.000000000 0.978213131 0.020640878 -0.206574470 -0.168604009 -0.017943854 0.999727666 0.014921218 -0.005417120 0.206826195 -0.010889390 0.978317082 0.065551460
0 0.484977800 0.862182705 0.500000000 0.500000000 0.000000000 0.000000000 0.977292478 0.021181881 -0.210833386 -0.173294698 -0.018313738 0.999711394 0.015547303 -0.006252890 0.211101860 -0.011333115 0.977398336 0.065121807
0 0.484977800 0.862182705 0.500000000 0.500000000 0.000000000 0.000000000 0.976321161 0.022107545 -0.215193465 -0.178043843 -0.019203760 0.999694288 0.015575513 -0.004988342 0.215472013 -0.011074180 0.976447225 0.065684499
0 0.484977800 0.862182705 0.500000000 0.500000000 0.000000000 0.000000000 0.975302339 0.022785053 -0.219695598 -0.182546092 -0.019700518 0.999674320 0.016220948 -0.006011620 0.219993651 -0.011492210 0.975433588 0.065575514
0 0.484977800 0.862182705 0.500000000 0.500000000 0.000000000 0.000000000 0.974239945 0.023220630 -0.224315375 -0.186438000 -0.019970540 0.999660313 0.016747160 -0.006921144 0.224628061 -0.011836053 0.974372685 0.065154213
0 0.484977800 0.862182705 0.500000000 0.500000000 0.000000000 0.000000000 0.973185480 0.023996562 -0.228766650 -0.191327039 -0.020621313 0.999640524 0.017133500 -0.007343713 0.229095563 -0.011956606 0.973330498 0.064619548
0 0.484977800 0.862182705 0.500000000 0.500000000 0.000000000 0.000000000 0.972071350 0.024476886 -0.233405516 -0.195126324 -0.021038078 0.999630511 0.017211797 -0.006595607 0.233740568 -0.011820691 0.972227156 0.064607670
0 0.484977800 0.862182705 0.500000000 0.500000000 0.000000000 0.000000000 0.970934272 0.025005894 -0.238036349 -0.199514806 -0.021464158 0.999617159 0.017459655 -0.006929221 0.238381818 -0.011842928 0.971099317 0.063975257
0 0.484977800 0.862182705 0.500000000 0.500000000 0.000000000 0.000000000 0.969872653 0.025709623 -0.242251948 -0.204755227 -0.022057645 0.999598682 0.017775698 -0.006682778 0.242611736 -0.011896656 0.970050514 0.064085737
0 0.484977800 0.862182705 0.500000000 0.500000000 0.000000000 0.000000000 0.968710065 0.026325343 -0.246794909 -0.209368428 -0.022566261 0.999582410 0.018048126 -0.006670137 0.247166976 -0.011914163 0.968899667 0.064221098
0 0.484977800 0.862182705 0.500000000 0.500000000 0.000000000 0.000000000 0.967465162 0.026625954 -0.251599222 -0.213271711 -0.022688711 0.999570727 0.018537352 -0.007720210 0.251984805 -0.012225781 0.967653990 0.063310498
0 0.484977800 0.862182705 0.500000000 0.500000000 0.000000000 0.000000000 0.966241002 0.027225558 -0.256197423 -0.217936037 -0.023208255 0.999555886 0.018691443 -0.007582438 0.256592542 -0.012114543 0.966443717 0.063049702
0 0.484977800 0.862182705 0.500000000 0.500000000 0.000000000 0.000000000 0.965009451 0.027742891 -0.260743380 -0.222708988 -0.023549659 0.999538422 0.019192973 -0.008224185 0.261155486 -0.012380983 0.965217352 0.062862727
0 0.484977800 0.862182705 0.500000000 0.500000000 0.000000000 0.000000000 0.963730276 0.028314993 -0.265371919 -0.227465944 -0.024036990 0.999523699 0.019355213 -0.007945359 0.265793562 -0.012274463 0.963951826 0.062439690
0 0.484977800 0.862182705 0.500000000 0.500000000 0.000000000 0.000000000 0.962412298 0.029040297 -0.270035535 -0.232149481 -0.024678918 0.999504566 0.019533047 -0.007569944 0.270469010 -0.012134662 0.962652206 0.062123628
0 0.484977800 0.862182705 0.500000000 0.500000000 0.000000000 0.000000000 0.960963309 0.029265666 -0.275123686 -0.235125914 -0.024779573 0.999497473 0.019768197 -0.007825405 0.275563955 -0.012179064 0.961205602 0.061895312
0 0.484977800 0.862182705 0.500000000 0.500000000 0.000000000 0.000000000 0.959631324 0.029821686 -0.279675514 -0.239914614 -0.025208810 0.999480605 0.020076953 -0.008037807 0.280128986 -0.012216185 0.959884644 0.061539236
0 0.484977800 0.862182705 0.500000000 0.500000000 0.000000000 0.000000000 0.958190203 0.030312566 -0.284521759 -0.244273036 -0.025573123 0.999465644 0.020358559 -0.008100004 0.284986854 -0.012231261 0.958453357 0.061412160
0 0.484977800 0.862182705 0.500000000 0.500000000 0.000000000 0.000000000 0.956779778 0.030874778 -0.289169848 -0.249064847 -0.026054373 0.999450207 0.020505268 -0.007792769 0.289643943 -0.012084886 0.957058191 0.061744158
0 0.484977800 0.862182705 0.500000000 0.500000000 0.000000000 0.000000000 0.955289960 0.031315342 -0.294007540 -0.253282805 -0.026407583 0.999437988 0.020648593 -0.007695718 0.294488907 -0.011961365 0.955580056 0.061804979
0 0.484977800 0.862182705 0.500000000 0.500000000 0.000000000 0.000000000 0.953762472 0.031846467 -0.298869401 -0.257408856 -0.026785044 0.999420226 0.021017319 -0.008156716 0.299365461 -0.012040299 0.954062521 0.061053488
0 0.484977800 0.862182705 0.500000000 0.500000000 0.000000000 0.000000000 0.952260554 0.032343183 -0.303568393 -0.262042903 -0.027215116 0.999406695 0.021109283 -0.007503562 0.304071039 -0.011839889 0.952575803 0.060838041
0 0.484977800 0.862182705 0.500000000 0.500000000 0.000000000 0.000000000 0.950660646 0.032777064 -0.308496326 -0.265854478 -0.027554987 0.999393940 0.021270128 -0.007646705 0.309006542 -0.011720063 0.950987697 0.059335323
0 0.484977800 0.862182705 0.500000000 0.500000000 0.000000000 0.000000000 0.949076116 0.033218723 -0.313290626 -0.270131480 -0.027836546 0.999378264 0.021638267 -0.007875215 0.313814640 -0.011815433 0.949410737 0.058537486
0 0.484977800 0.862182705 0.500000000 0.500000000 0.000000000 0.000000000 0.947404206 0.033552717 -0.318275750 -0.273842142 -0.028088290 0.999368906 0.021743976 -0.008025989 0.318804473 -0.011660513 0.947748780 0.057506625
0 0.484977800 0.862182705 0.500000000 0.500000000 0.000000000 0.000000000 0.945764005 0.033936415 -0.323077053 -0.278123077 -0.028381107 0.999357402 0.021891922 -0.008219320 0.323612392 -0.011535306 0.946119428 0.055825493
0 0.484977800 0.862182705 0.500000000 0.500000000 0.000000000 0.000000000 0.944029033 0.034428708 -0.328060716 -0.281922592 -0.028641175 0.999337435 0.022458639 -0.009224953 0.328616560 -0.011805563 0.944389641 0.054649371
0 0.484977800 0.862182705 0.500000000 0.500000000 0.000000000 0.000000000 0.942393839 0.034639142 -0.332706958 -0.286350279 -0.028827816 0.999333620 0.022388777 -0.008544655 0.333260775 -0.011507832 0.942764461 0.054137316
0 0.484977800 0.862182705 0.500000000 0.500000000 0.000000000 0.000000000 0.940660477 0.034815624 -0.337558508 -0.290362083 -0.028879054 0.999327540 0.022594096 -0.009331887 0.338118136 -0.011505003 0.941033363 0.052471649
0 0.484977800 0.862182705 0.500000000 0.500000000 0.000000000 0.000000000 0.938986421 0.035062380 -0.342162400 -0.294944492 -0.029075060 0.999321401 0.022613533 -0.009011095 0.342723072 -0.011285409 0.939368665 0.051553603
0 0.484977800 0.862182705 0.500000000 0.500000000 0.000000000 0.000000000 0.937197328 0.035353549 -0.347003251 -0.298838290 -0.029240537 0.999311447 0.022838550 -0.009282958 0.347571760 -0.011257666 0.937585831 0.050315673
0 0.484977800 0.862182705 0.500000000 0.500000000 0.000000000 0.000000000 0.935392916 0.035598107 -0.351813674 -0.302581834 -0.029417066 0.999304831 0.022900883 -0.009599656 0.352384329 -0.011071999 0.935789883 0.048794412
0 0.484977800 0.862182705 0.500000000 0.500000000 0.000000000 0.000000000 0.933610559 0.035824191 -0.356493920 -0.306981939 -0.029587327 0.999299049 0.022934586 -0.009180454 0.357065648 -0.010864271 0.934016109 0.047598192
0 0.484977800 0.862182705 0.500000000 0.500000000 0.000000000 0.000000000 0.931768119 0.036113542 -0.361253411 -0.310680338 -0.029774863 0.999289691 0.023099082 -0.009481730 0.361830980 -0.010766717 0.932181537 0.046034538
0 0.484977800 0.862182705 0.500000000 0.500000000 0.000000000 0.000000000 0.930023432 0.036479540 -0.365685225 -0.315662879 -0.030132465 0.999280095 0.023050923 -0.008504723 0.366262853 -0.010418901 0.930453122 0.045754781
0 0.484977800 0.862182705 0.500000000 0.500000000 0.000000000 0.000000000 0.928297460 0.036747854 -0.370018095 -0.321006268 -0.030404886 0.999273896 0.022962093 -0.008167620 0.370593220 -0.010065297 0.928740740 0.044926286
0 0.484977800 0.862182705 0.500000000 0.500000000 0.000000000 0.000000000 0.926381767 0.036661010 -0.374796927 -0.324135355 -0.030236430 0.999277890 0.023009952 -0.008449444 0.375369877 -0.009983479 0.926821351 0.043733914
0 0.484977800 0.862182705 0.500000000 0.500000000 0.000000000 0.000000000 0.924640417 0.036924947 -0.379047066 -0.329754959 -0.030557508 0.999272883 0.022802951 -0.007191647 0.379613429 -0.009501796 0.925096393 0.043955453
0 0.484977800 0.862182705 0.500000000 0.500000000 0.000000000 0.000000000 0.922751188 0.037224755 -0.383594275 -0.334155847 -0.030776868 0.999263108 0.022935513 -0.007298343 0.384165347 -0.009357943 0.923216879 0.042989915
0 0.484977800 0.862182705 0.500000000 0.500000000 0.000000000 0.000000000 0.920778096 0.037160456 -0.388312817 -0.337677596 -0.030618453 0.999265969 0.023023652 -0.008063725 0.388883322 -0.009310137 0.921239972 0.041828715
0 0.484977800 0.862182705 0.500000000 0.500000000 0.000000000 0.000000000 0.918973207 0.037522227 -0.392530650 -0.342930722 -0.030914487 0.999254048 0.023143798 -0.007698108 0.393106252 -0.009133646 0.919447720 0.041637273
0 0.484977800 0.862182705 0.500000000 0.500000000 0.000000000 0.000000000 0.916972756 0.037430961 -0.397189945 -0.346527666 -0.030776771 0.999258935 0.023116801 -0.007753926 0.397760898 -0.008973254 0.917445242 0.040476056
0 0.484977800 0.862182705 0.500000000 0.500000000 0.000000000 0.000000000 0.915018857 0.037827834 -0.401633590 -0.350757917 -0.031178147 0.999247253 0.023082657 -0.007154033 0.402204424 -0.008598877 0.915509522 0.040166851
0 0.484977800 0.862182705 0.500000000 0.500000000 0.000000000 0.000000000 0.912983358 0.037845496 -0.406237751 -0.354597331 -0.031339161 0.999251902 0.022659278 -0.005874696 0.406791419 -0.007956393 0.913486421 0.040013549
0 0.484977800 0.862182705 0.500000000 0.500000000 0.000000000 0.000000000 0.911052763 0.038125139 -0.410523295 -0.359266112 -0.031521317 0.999241948 0.022845611 -0.005950126 0.411083102 -0.007873322 0.911563873 0.040141717
0 0.484977800 0.862182705 0.500000000 0.500000000 0.000000000 0.000000000 0.908928037 0.038379431 -0.415182859 -0.362876007 -0.031701997 0.999233484 0.022966215 -0.006041231 0.415746033 -0.007712513 0.909448028 0.039917373
0 0.484977800 0.862182705 0.500000000 0.500000000 0.000000000 0.000000000 0.906958580 0.038518541 -0.419454902 -0.367341237 -0.031912021 0.999231577 0.022758245 -0.005216538 0.420009196 -0.007255133 0.907490849 0.039254653
0 0.484977800 0.862182705 0.500000000 0.500000000 0.000000000 0.000000000 0.904947579 0.038751610 -0.423754901 -0.371623499 -0.032056637 0.999223232 0.022918751 -0.005314378 0.424313903 -0.007156111 0.905486882 0.038480789
0 0.484977800 0.862182705 0.500000000 0.500000000 0.000000000 0.000000000 0.902787030 0.038850620 -0.428329557 -0.375101986 -0.032178797 0.999221861 0.022809044 -0.004946482 0.428882390 -0.006808579 0.903334677 0.037863444
0 0.484977800 0.862182705 0.500000000 0.500000000 0.000000000 0.000000000 0.900665343 0.038996339 -0.432760030 -0.378632778 -0.032181170 0.999215901 0.023064280 -0.005555441 0.433320135 -0.006846473 0.901214063 0.036822963
0 0.484977800 0.862182705 0.500000000 0.500000000 0.000000000 0.000000000 0.898514330 0.039159041 -0.437194020 -0.382341286 -0.032351460 0.999211669 0.023010189 -0.005070824 0.437750429 -0.006531118 0.899072826 0.036096147
0 0.484977800 0.862182705 0.500000000 0.500000000 0.000000000 0.000000000 0.896458983 0.039269652 -0.441383243 -0.386136141 -0.032466646 0.999209106 0.022958675 -0.004779303 0.441935748 -0.006251276 0.897024930 0.034964902
0 0.484977800 0.862182705 0.500000000 0.500000000 0.000000000 0.000000000 0.894317448 0.039515402 -0.445684701 -0.390158156 -0.032603223 0.999199808 0.023169180 -0.005066113 0.446243584 -0.006189845 0.894890130 0.034064699
0 0.484977800 0.862182705 0.500000000 0.500000000 0.000000000 0.000000000 0.892227292 0.039528340 -0.449853271 -0.394057414 -0.032686088 0.999201655 0.022970518 -0.004360746 0.450402111 -0.005790979 0.892807007 0.032759714
0 0.484977800 0.862182705 0.500000000 0.500000000 0.000000000 0.000000000 0.890062034 0.039699536 -0.454107434 -0.397336446 -0.032785084 0.999195576 0.023093311 -0.004701247 0.454658926 -0.005666530 0.890647590 0.030670568
0 0.484977800 0.862182705 0.500000000 0.500000000 0.000000000 0.000000000 0.887872398 0.039733183 -0.458370835 -0.400727951 -0.032814547 0.999195576 0.023051403 -0.004446261 0.458918035 -0.005425475 0.888462067 0.028665660
0 0.484977800 0.862182705 0.500000000 0.500000000 0.000000000 0.000000000 0.885629833 0.039848682 -0.462679029 -0.403577988 -0.032788526 0.999190807 0.023294639 -0.005162672 0.463232875 -0.005459865 0.886219800 0.026003961
