0 0.480546458 0.854304774 0.500000000 0.500000000 0.000000000 0.000000000 0.999125183 -0.005180970 -0.041497491 0.062834818 0.005266645 0.999984205 0.001955543 -0.038675525 0.041486703 -0.002172385 0.999136686 -0.599811688
0 0.480546458 0.854304774 0.500000000 0.500000000 0.000000000 0.000000000 0.999076307 -0.005249013 -0.042649835 0.064986818 0.005340503 0.999983668 0.002031503 -0.038241067 0.042638477 -0.002257398 0.999087989 -0.612203740
0 0.480546458 0.854304774 0.500000000 0.500000000 0.000000000 0.000000000 0.999014974 -0.005184039 -0.044070803 0.069346450 0.005292397 0.999983251 0.002342412 -0.038360569 0.044057921 -0.002573345 0.999025643 -0.624358395
0 0.480546458 0.854304774 0.500000000 0.500000000 0.000000000 0.000000000 0.998958766 -0.005122565 -0.045333240 0.072522965 0.005248167 0.999982715 0.002652046 -0.038641741 0.045318872 -0.002887201 0.998968422 -0.635756775
0 0.480546458 0.854304774 0.500000000 0.500000000 0.000000000 0.000000000 0.998900771 -0.004974684 -0.046609569 0.074979964 0.005109554 0.999983072 0.002774925 -0.038600869 0.046594977 -0.003010029 0.998909354 -0.647525557
0 0.480546458 0.854304774 0.500000000 0.500000000 0.000000000 0.000000000 0.998823106 -0.004998843 -0.048243452 0.077464169 0.005146503 0.999982417 0.002937003 -0.038729146 0.048227921 -0.003181832 0.998831272 -0.658671600
0 0.480546458 0.854304774 0.500000000 0.500000000 0.000000000 0.000000000 0.998736084 -0.005030218 -0.050008733 0.080539838 0.005191788 0.999981701 0.003101461 -0.039020996 0.049992219 -0.003357176 0.998743951 -0.669743017
0 0.480546458 0.854304774 0.500000000 0.500000000 0.000000000 0.000000000 0.998643160 -0.004883505 -0.051846400 0.083761896 0.005059674 0.999981880 0.003267191 -0.039222378 0.051829506 -0.003525084 0.998649716 -0.680632565
0 0.480546458 0.854304774 0.500000000 0.500000000 0.000000000 0.000000000 0.998540819 -0.004879699 -0.053780861 0.087268452 0.005079603 0.999980688 0.003580958 -0.040199713 0.053762347 -0.003848918 0.998546362 -0.691925185
0 0.480546458 0.854304774 0.500000000 0.500000000 0.000000000 0.000000000 0.998447835 -0.004664559 -0.055499185 0.089467635 0.004861961 0.999982297 0.003422359 -0.039569311 0.055482242 -0.003686882 0.998452842 -0.703092774
0 0.480546458 0.854304774 0.500000000 0.500000000 0.000000000 0.000000000 0.998335004 -0.004570394 -0.057501048 0.092815466 0.004789779 0.999981761 0.003678073 -0.040314552 0.057483189 -0.003947366 0.998338699 -0.714192878
0 0.480546458 0.854304774 0.500000000 0.500000000 0.000000000 0.000000000 0.998203933 -0.004373792 -0.059747510 0.096930169 0.004615084 0.999981761 0.003901122 -0.040720996 0.059729356 -0.004169855 0.998205900 -0.725702882
0 0.480546458 0.854304774 0.500000000 0.500000000 0.000000000 0.000000000 0.998087585 -0.004187894 -0.061673477 0.099238507 0.004434455 0.999982715 0.003861513 -0.040372247 0.061656240 -0.004127617 0.998088896 -0.736765388
0 0.480546458 0.854304774 0.500000000 0.500000000 0.000000000 0.000000000 0.997949541 -0.004103953 -0.063874222 0.103028642 0.004377222 0.999981880 0.004138890 -0.041526888 0.063856073 -0.004409995 0.997949362 -0.748066774
0 0.480546458 0.854304774 0.500000000 0.500000000 0.000000000 0.000000000 0.997805893 -0.003917098 -0.066091023 0.106812972 0.004213104 0.999981701 0.004339977 -0.042065947 0.066072814 -0.004608903 0.997804165 -0.760216764
0 0.480546458 0.854304774 0.500000000 0.500000000 0.000000000 0.000000000 0.997666121 -0.003907763 -0.068168812 0.110697558 0.004225329 0.999980867 0.004514951 -0.042718809 0.068149865 -0.004792449 0.997663558 -0.771825152
0 0.480546458 0.854304774 0.500000000 0.500000000 0.000000000 0.000000000 0.997565329 -0.003758718 -0.069637164 0.112302728 0.004086351 0.999981225 0.004562993 -0.042516727 0.069618702 -0.004836446 0.997561932 -0.783908391
0 0.480546458 0.854304774 0.500000000 0.500000000 0.000000000 0.000000000 0.997430861 -0.003647664 -0.071542703 0.115863998 0.004004305 0.999980271 0.004842219 -0.043543208 0.071523629 -0.005116258 0.997425795 -0.796207750
0 0.480546458 0.854304774 0.500000000 0.500000000 0.000000000 0.000000000 0.997289240 -0.003676065 -0.073489495 0.119627797 0.004056683 0.999979138 0.005030623 -0.044683917 0.073469467 -0.005315110 0.997283280 -0.808245186
0 0.480546458 0.854304774 0.500000000 0.500000000 0.000000000 0.000000000 0.997146249 -0.003654161 -0.075405471 0.122800505 0.004027604 0.999980390 0.004800989 -0.043856759 0.075386450 -0.005090992 0.997141421 -0.820353645
0 0.480546458 0.854304774 0.500000000 0.500000000 0.000000000 0.000000000 0.997025907 -0.003698085 -0.076978609 0.125260648 0.004090645 0.999979436 0.004942543 -0.044354507 0.076958753 -0.005242736 0.997020483 -0.832550214
0 0.480546458 0.854304774 0.500000000 0.500000000 0.000000000 0.000000000 0.996881008 -0.003722662 -0.078831196 0.128723333 0.004112124 0.999980152 0.004778700 -0.043516192 0.078811839 -0.005087959 0.996876538 -0.844588287
0 0.480546458 0.854304774 0.500000000 0.500000000 0.000000000 0.000000000 0.996735215 -0.003937539 -0.080643639 0.131791812 0.004341957 0.999978840 0.004840137 -0.043370214 0.080622874 -0.005174486 0.996731222 -0.856434588
0 0.480546458 0.854304774 0.500000000 0.500000000 0.000000000 0.000000000 0.996566296 -0.003857566 -0.082708843 0.135625225 0.004278017 0.999978781 0.004906886 -0.042497946 0.082688160 -0.005243867 0.996561646 -0.868271762
0 0.480546458 0.854304774 0.500000000 0.500000000 0.000000000 0.000000000 0.996406615 -0.003845460 -0.084611587 0.139341704 0.004308724 0.999976695 0.005293254 -0.042776961 0.084589258 -0.005638801 0.996399939 -0.880170953
0 0.480546458 0.854304774 0.500000000 0.500000000 0.000000000 0.000000000 0.996284127 -0.003777386 -0.086044356 0.142601761 0.004271966 0.999975383 0.005564555 -0.042114110 0.086021215 -0.005911456 0.996275783 -0.891584039
0 0.480546458 0.854304774 0.500000000 0.500000000 0.000000000 0.000000000 0.996168792 -0.003874995 -0.087365158 0.145235873 0.004410132 0.999972701 0.005933110 -0.042038431 0.087339781 -0.006295671 0.996158659 -0.903071539
0 0.480546458 0.854304774 0.500000000 0.500000000 0.000000000 0.000000000 0.996048570 -0.003927097 -0.088723235 0.147545166 0.004447102 0.999974072 0.005664065 -0.040787690 0.088698693 -0.006036244 0.996040225 -0.914071298
0 0.480546458 0.854304774 0.500000000 0.500000000 0.000000000 0.000000000 0.995887816 -0.003944965 -0.090508848 0.151790966 0.004473262 0.999974132 0.005634858 -0.040047465 0.090484276 -0.006016557 0.995879710 -0.925237798
0 0.480546458 0.854304774 0.500000000 0.500000000 0.000000000 0.000000000 0.995757580 -0.004043773 -0.091926545 0.155170334 0.004633738 0.999970019 0.006205254 -0.041242267 0.091898695 -0.006604892 0.995746434 -0.936032593
0 0.480546458 0.854304774 0.500000000 0.500000000 0.000000000 0.000000000 0.995629132 -0.004027162 -0.093308158 0.159334269 0.004649683 0.999968350 0.006455233 -0.041869435 0.093279213 -0.006860872 0.995616376 -0.947009751
0 0.480546458 0.854304774 0.500000000 0.500000000 0.000000000 0.000000000 0.995519459 -0.004039078 -0.094470516 0.162797106 0.004699751 0.999966025 0.006771994 -0.043357195 0.094439954 -0.007185640 0.995504618 -0.958022900
0 0.480546458 0.854304774 0.500000000 0.500000000 0.000000000 0.000000000 0.995404482 -0.004092845 -0.095672056 0.166027379 0.004748903 0.999966741 0.006630675 -0.042623735 0.095641740 -0.007054541 0.995390832 -0.968457769
0 0.480546458 0.854304774 0.500000000 0.500000000 0.000000000 0.000000000 0.995274723 -0.003905245 -0.097020231 0.169873824 0.004568654 0.999967694 0.006616626 -0.042489251 0.096991256 -0.007028613 0.995260417 -0.979286653
0 0.480546458 0.854304774 0.500000000 0.500000000 0.000000000 0.000000000 0.995137632 -0.004038272 -0.098411560 0.173757690 0.004711733 0.999967039 0.006611863 -0.042849637 0.098381609 -0.007043402 0.995123863 -0.989999958
0 0.480546458 0.854304774 0.500000000 0.500000000 0.000000000 0.000000000 0.994982123 -0.004252090 -0.099962510 0.178314649 0.004969140 0.999963701 0.006925299 -0.044442721 0.099929430 -0.007387276 0.994967103 -1.001424576
0 0.480546458 0.854304774 0.500000000 0.500000000 0.000000000 0.000000000 0.994828045 -0.004329411 -0.101481132 0.182279476 0.005065595 0.999962687 0.006997819 -0.044734807 0.101447046 -0.007475689 0.994812846 -1.012464690
0 0.480546458 0.854304774 0.500000000 0.500000000 0.000000000 0.000000000 0.994664550 -0.004283594 -0.103073418 0.186500117 0.005031811 0.999962866 0.007000152 -0.044279002 0.103039600 -0.007481449 0.994649112 -1.023426158
0 0.480546458 0.854304774 0.500000000 0.500000000 0.000000000 0.000000000 0.994474947 -0.004373452 -0.104882784 0.191666025 0.005180581 0.999958992 0.007424340 -0.045003234 0.104846016 -0.007926675 0.994456887 -1.035374708
0 0.480546458 0.854304774 0.500000000 0.500000000 0.000000000 0.000000000 0.994257510 -0.004691653 -0.106911175 0.196779432 0.005541606 0.999955356 0.007654390 -0.045414611 0.106870487 -0.008202894 0.994239092 -1.046726325
0 0.480546458 0.854304774 0.500000000 0.500000000 0.000000000 0.000000000 0.993998349 -0.004849853 -0.109287694 0.203131615 0.005694080 0.999956310 0.007414057 -0.044845219 0.109246962 -0.007991853 0.993982494 -1.058124525
0 0.480546458 0.854304774 0.500000000 0.500000000 0.000000000 0.000000000 0.993741333 -0.004767525 -0.111603849 0.209769095 0.005673651 0.999953449 0.007802941 -0.045529461 0.111561455 -0.008387306 0.993722141 -1.070203829
0 0.480546458 0.854304774 0.500000000 0.500000000 0.000000000 0.000000000 0.993518353 -0.004666176 -0.113575943 0.215554951 0.005606624 0.999952555 0.007962323 -0.045180461 0.113533407 -0.008547491 0.993497431 -1.081639247
0 0.480546458 0.854304774 0.500000000 0.500000000 0.000000000 0.000000000 0.993286908 -0.004492193 -0.115589485 0.222008925 0.005453687 0.999953091 0.008003264 -0.044624578 0.115548111 -0.008579927 0.993264854 -1.093128571
0 0.480546458 0.854304774 0.500000000 0.500000000 0.000000000 0.000000000 0.993008494 -0.004413249 -0.117960326 0.228900034 0.005405735 0.999952614 0.008095098 -0.043940187 0.117919013 -0.008676163 0.992985308 -1.104452624
0 0.480546458 0.854304774 0.500000000 0.500000000 0.000000000 0.000000000 0.992734313 -0.004394883 -0.120246753 0.235048308 0.005415364 0.999952018 0.008161096 -0.043199660 0.120205119 -0.008752979 0.992710471 -1.115243234
0 0.480546458 0.854304774 0.500000000 0.500000000 0.000000000 0.000000000 0.992411852 -0.004097615 -0.122890025 0.242453609 0.005165233 0.999951601 0.008370262 -0.042485284 0.122849785 -0.008941502 0.992384970 -1.125633916
0 0.480546458 0.854304774 0.500000000 0.500000000 0.000000000 0.000000000 0.992105424 -0.003984674 -0.125343114 0.248853684 0.005107782 0.999949634 0.008640160 -0.041751012 0.125302374 -0.009212175 0.992075801 -1.135566428
0 0.480546458 0.854304774 0.500000000 0.500000000 0.000000000 0.000000000 0.991761804 -0.003872222 -0.128037140 0.255895354 0.005047248 0.999948084 0.008854045 -0.041513537 0.127996206 -0.009427338 0.991729856 -1.145843311
0 0.480546458 0.854304774 0.500000000 0.500000000 0.000000000 0.000000000 0.991363406 -0.003785078 -0.131088987 0.263362143 0.005027410 0.999945521 0.009147358 -0.041274723 0.131047219 -0.009727394 0.991328418 -1.155574831
0 0.480546458 0.854304774 0.500000000 0.500000000 0.000000000 0.000000000 0.990884960 -0.003593455 -0.134662732 0.271794715 0.004940131 0.999941051 0.009667544 -0.040842108 0.134620056 -0.010244675 0.990844309 -1.165284284
0 0.480546458 0.854304774 0.500000000 0.500000000 0.000000000 0.000000000 0.990378916 -0.003350351 -0.138341397 0.279909910 0.004847260 0.999933302 0.010484911 -0.041937897 0.138297036 -0.011054612 0.990329087 -1.174554026
0 0.480546458 0.854304774 0.500000000 0.500000000 0.000000000 0.000000000 0.989869595 -0.002923468 -0.141949579 0.287235895 0.004399419 0.999939442 0.010084993 -0.038868980 0.141911507 -0.010607324 0.989822507 -1.182791659
0 0.480546458 0.854304774 0.500000000 0.500000000 0.000000000 0.000000000 0.989275455 -0.002728129 -0.146036312 0.296503091 0.004336250 0.999933422 0.010694587 -0.039430212 0.145997405 -0.011213142 0.989221394 -1.191714206
0 0.480546458 0.854304774 0.500000000 0.500000000 0.000000000 0.000000000 0.988699913 -0.002450385 -0.149888381 0.304184736 0.004171045 0.999928951 0.011166316 -0.039405013 0.149850368 -0.011665327 0.988639891 -1.200099752
0 0.480546458 0.854304774 0.500000000 0.500000000 0.000000000 0.000000000 0.988075614 -0.002178413 -0.153953895 0.312793712 0.003996185 0.999925911 0.011498777 -0.038870025 0.153917432 -0.011976890 0.988011122 -1.208323784
0 0.480546458 0.854304774 0.500000000 0.500000000 0.000000000 0.000000000 0.987426281 -0.001807139 -0.158069894 0.321703094 0.003722308 0.999923229 0.011820750 -0.038786754 0.158036396 -0.012260504 0.987357140 -1.215990603
0 0.480546458 0.854304774 0.500000000 0.500000000 0.000000000 0.000000000 0.986773431 -0.001530482 -0.162098274 0.329973119 0.003531131 0.999921083 0.012054813 -0.039012581 0.162067041 -0.012467760 0.986701012 -1.224015014
0 0.480546458 0.854304774 0.500000000 0.500000000 0.000000000 0.000000000 0.986120582 -0.001273846 -0.166025802 0.338276322 0.003334980 0.999920785 0.012136348 -0.038852903 0.165997192 -0.012521595 0.986046731 -1.232174614
0 0.480546458 0.854304774 0.500000000 0.500000000 0.000000000 0.000000000 0.985478222 -0.000728494 -0.169800267 0.346588813 0.002906145 0.999916673 0.012576595 -0.038716256 0.169776946 -0.012887425 0.985398233 -1.240369597
0 0.480546458 0.854304774 0.500000000 0.500000000 0.000000000 0.000000000 0.984841228 -0.000435693 -0.173457682 0.354601962 0.002756276 0.999909878 0.013137735 -0.039683046 0.173436329 -0.013416681 0.984753668 -1.248821577
0 0.480546458 0.854304774 0.500000000 0.500000000 0.000000000 0.000000000 0.984211206 -0.000155274 -0.176997885 0.362104016 0.002555109 0.999907851 0.013330710 -0.039570865 0.176979497 -0.013572483 0.984120965 -1.257459401
0 0.480546458 0.854304774 0.500000000 0.500000000 0.000000000 0.000000000 0.983539522 0.000198989 -0.180693030 0.370312903 0.002277818 0.999906301 0.013499659 -0.039007191 0.180678770 -0.013689034 0.983446896 -1.265936129
0 0.480546458 0.854304774 0.500000000 0.500000000 0.000000000 0.000000000 0.982878923 0.000484262 -0.184252039 0.377829310 0.002090211 0.999902904 0.013778077 -0.038952579 0.184240833 -0.013927308 0.982782423 -1.274941459
0 0.480546458 0.854304774 0.500000000 0.500000000 0.000000000 0.000000000 0.982227683 0.000819066 -0.187691405 0.385502565 0.001847829 0.999899805 0.014033528 -0.038733030 0.187684089 -0.014130942 0.982127786 -1.284105789
0 0.480546458 0.854304774 0.500000000 0.500000000 0.000000000 0.000000000 0.981578648 0.001240304 -0.191054463 0.393388402 0.001552825 0.999894083 0.014469133 -0.038848379 0.191052184 -0.014499266 0.981472790 -1.293227412
0 0.480546458 0.854304774 0.500000000 0.500000000 0.000000000 0.000000000 0.980963469 0.001485903 -0.194186553 0.400177017 0.001364369 0.999893308 0.014543438 -0.037952507 0.194187447 -0.014531524 0.980856776 -1.302836525
0 0.480546458 0.854304774 0.500000000 0.500000000 0.000000000 0.000000000 0.980282187 0.001829218 -0.197594225 0.407836254 0.001171276 0.999885798 0.015067190 -0.038863106 0.197599217 -0.015001535 0.980168104 -1.312826812
0 0.480546458 0.854304774 0.500000000 0.500000000 0.000000000 0.000000000 0.979617059 0.002096551 -0.200863197 0.415101157 0.000963308 0.999885023 0.015134593 -0.037704431 0.200871825 -0.015019598 0.979502380 -1.322643764
0 0.480546458 0.854304774 0.500000000 0.500000000 0.000000000 0.000000000 0.978899121 0.002232674 -0.204331800 0.422515741 0.000904404 0.999883175 0.015258191 -0.037178851 0.204341993 -0.015121029 0.978782773 -1.332264399
0 0.480546458 0.854304774 0.500000000 0.500000000 0.000000000 0.000000000 0.978100002 0.002269448 -0.208123028 0.430882303 0.000918114 0.999883771 0.015217882 -0.035886819 0.208133370 -0.015075691 0.977984250 -1.341194758
0 0.480546458 0.854304774 0.500000000 0.500000000 0.000000000 0.000000000 0.977325857 0.002525272 -0.211725771 0.439238574 0.000735628 0.999882340 0.015321340 -0.034887172 0.211739540 -0.015129693 0.977209032 -1.350577869
0 0.480546458 0.854304774 0.500000000 0.500000000 0.000000000 0.000000000 0.976609290 0.002650525 -0.215005279 0.447388214 0.000690344 0.999880195 0.015461966 -0.034067164 0.215020508 -0.015248728 0.976490498 -1.359695172
0 0.480546458 0.854304774 0.500000000 0.500000000 0.000000000 0.000000000 0.976023972 0.002745332 -0.217645705 0.453801891 0.000659236 0.999878585 0.015568552 -0.032681088 0.217662022 -0.015338760 0.975903690 -1.368895913
0 0.480546458 0.854304774 0.500000000 0.500000000 0.000000000 0.000000000 0.975433469 0.002801920 -0.220276430 0.460607011 0.000664916 0.999877095 0.015662853 -0.031184693 0.220293254 -0.015424536 0.975311756 -1.377939474
0 0.480546458 0.854304774 0.500000000 0.500000000 0.000000000 0.000000000 0.974848926 0.002885969 -0.222848102 0.466902277 0.000646591 0.999875307 0.015777284 -0.029616849 0.222865850 -0.015524560 0.974725485 -1.386801048
0 0.480546458 0.854304774 0.500000000 0.500000000 0.000000000 0.000000000 0.974198520 0.003041843 -0.225672424 0.473712580 0.000632086 0.999868453 0.016205883 -0.029234129 0.225692034 -0.015930392 0.974068463 -1.395746680
0 0.480546458 0.854304774 0.500000000 0.500000000 0.000000000 0.000000000 0.973520577 0.003208375 -0.228576973 0.481095599 0.000576996 0.999863863 0.016491843 -0.028408388 0.228598759 -0.016187036 0.973386168 -1.404566887
0 0.480546458 0.854304774 0.500000000 0.500000000 0.000000000 0.000000000 0.972901404 0.003431618 -0.231195003 0.487814028 0.000475477 0.999858081 0.016841730 -0.028307724 0.231219977 -0.016495271 0.972761631 -1.413460873
0 0.480546458 0.854304774 0.500000000 0.500000000 0.000000000 0.000000000 0.972376823 0.003701006 -0.233387306 0.493788808 0.000285203 0.999854684 0.017043741 -0.027833506 0.233416468 -0.016639501 0.972234488 -1.422140381
0 0.480546458 0.854304774 0.500000000 0.500000000 0.000000000 0.000000000 0.971882641 0.004054595 -0.235430792 0.499887674 -0.000032820 0.999854028 0.017084029 -0.026752995 0.235465705 -0.016595943 0.971740961 -1.431345204
