0 0.500388840 0.889580131 0.500000000 0.500000000 0.000000000 0.000000000 0.920203149 -0.023030715 0.390763044 -0.117825198 0.018867146 0.999716997 0.014491108 -0.007602585 -0.390986204 -0.005962180 0.920377254 -1.181343934
0 0.500388840 0.889580131 0.500000000 0.500000000 0.000000000 0.000000000 0.913831413 -0.023927117 0.405388296 -0.139676229 0.019560814 0.999697506 0.014910623 -0.005689526 -0.405622423 -0.005696070 0.914022982 -1.187996391
0 0.500388840 0.889580131 0.500000000 0.500000000 0.000000000 0.000000000 0.907258093 -0.025018306 0.419829518 -0.161487271 0.020520562 0.999673486 0.015226872 -0.003592858 -0.420073390 -0.005199565 0.907475233 -1.194347370
0 0.500388840 0.889580131 0.500000000 0.500000000 0.000000000 0.000000000 0.900451243 -0.025836734 0.434188902 -0.183265150 0.021147141 0.999654233 0.015628751 -0.001855365 -0.434442550 -0.004891074 0.900686264 -1.199793828
0 0.500388840 0.889580131 0.500000000 0.500000000 0.000000000 0.000000000 0.893128932 -0.026857128 0.448998272 -0.205965722 0.021975851 0.999629200 0.016080020 0.000462797 -0.449263632 -0.004494413 0.893387914 -1.204477168
0 0.500388840 0.889580131 0.500000000 0.500000000 0.000000000 0.000000000 0.885831535 -0.027905149 0.463167191 -0.227918108 0.022809217 0.999602020 0.016600745 0.002469456 -0.463446081 -0.004140983 0.886115432 -1.208651784
0 0.500388840 0.889580131 0.500000000 0.500000000 0.000000000 0.000000000 0.878510237 -0.028909754 0.476847976 -0.249038585 0.023665236 0.999575377 0.017001906 0.004711829 -0.477137029 -0.003651627 0.878821313 -1.212570480
0 0.500388840 0.889580131 0.500000000 0.500000000 0.000000000 0.000000000 0.870994210 -0.029800687 0.490388662 -0.270139048 0.024444921 0.999551058 0.017324876 0.007126558 -0.490684807 -0.003102354 0.871331632 -1.215710105
0 0.500388840 0.889580131 0.500000000 0.500000000 0.000000000 0.000000000 0.863321424 -0.030569175 0.503727794 -0.291223701 0.025063651 0.999529123 0.017701613 0.008804429 -0.504031718 -0.002656924 0.863681078 -1.218913354
0 0.500388840 0.889580131 0.500000000 0.500000000 0.000000000 0.000000000 0.855578542 -0.031440895 0.516717374 -0.311998923 0.025868045 0.999503553 0.017984964 0.011194207 -0.517026305 -0.002021080 0.855967104 -1.221489832
0 0.500388840 0.889580131 0.500000000 0.500000000 0.000000000 0.000000000 0.847877860 -0.032241225 0.529210448 -0.332274943 0.026527757 0.999478936 0.018389905 0.012958118 -0.529527545 -0.001553628 0.848291278 -1.223804422
0 0.500388840 0.889580131 0.500000000 0.500000000 0.000000000 0.000000000 0.840330064 -0.033027235 0.541068017 -0.351926938 0.027276807 0.999454021 0.018644024 0.014979792 -0.541388333 -0.000908527 0.840772152 -1.226495676
0 0.500388840 0.889580131 0.500000000 0.500000000 0.000000000 0.000000000 0.832846105 -0.033829462 0.552469909 -0.370755816 0.028018946 0.999427557 0.018959636 0.016798783 -0.552795053 -0.000310834 0.833317220 -1.228857831
0 0.500388840 0.889580131 0.500000000 0.500000000 0.000000000 0.000000000 0.825258076 -0.034686293 0.563689590 -0.389415821 0.028880039 0.999398172 0.019216128 0.018708307 -0.564016879 0.000421113 0.825763166 -1.231352431
0 0.500388840 0.889580131 0.500000000 0.500000000 0.000000000 0.000000000 0.817795277 -0.035456449 0.574415982 -0.407983389 0.029754497 0.999370396 0.019325780 0.020992214 -0.574739575 0.001286928 0.818335354 -1.233730825
0 0.500388840 0.889580131 0.500000000 0.500000000 0.000000000 0.000000000 0.810519218 -0.036115732 0.584597528 -0.426054378 0.030329239 0.999346018 0.019688219 0.022350364 -0.584926248 0.001772717 0.811084569 -1.236368276
0 0.500388840 0.889580131 0.500000000 0.500000000 0.000000000 0.000000000 0.803378761 -0.036955923 0.594320476 -0.443188986 0.031073950 0.999314249 0.020134639 0.023987684 -0.594657063 0.002292143 0.803976238 -1.238742667
0 0.500388840 0.889580131 0.500000000 0.500000000 0.000000000 0.000000000 0.796073318 -0.037462648 0.604039609 -0.461122861 0.031525910 0.999294162 0.020427912 0.025392862 -0.604378521 0.002780783 0.796692431 -1.240834718
0 0.500388840 0.889580131 0.500000000 0.500000000 0.000000000 0.000000000 0.788841844 -0.038106471 0.613413751 -0.478810051 0.032236394 0.999267519 0.020620897 0.027088219 -0.613750279 0.003507622 0.789492428 -1.243133238
0 0.500388840 0.889580131 0.500000000 0.500000000 0.000000000 0.000000000 0.781696141 -0.038695261 0.622457922 -0.495911631 0.032827381 0.999242663 0.020892849 0.028896915 -0.622794926 0.004101803 0.782374382 -1.245564382
0 0.500388840 0.889580131 0.500000000 0.500000000 0.000000000 0.000000000 0.774533629 -0.039294474 0.631311059 -0.513637938 0.033389308 0.999216914 0.021229733 0.030802740 -0.631650865 0.004635897 0.775239110 -1.247690820
0 0.500388840 0.889580131 0.500000000 0.500000000 0.000000000 0.000000000 0.767533958 -0.039799184 0.639771581 -0.530514790 0.033815108 0.999194860 0.021590354 0.032505850 -0.640115798 0.005062616 0.768261790 -1.250215907
0 0.500388840 0.889580131 0.500000000 0.500000000 0.000000000 0.000000000 0.760236979 -0.040276773 0.648396134 -0.548088534 0.034252383 0.999173105 0.021905651 0.034635837 -0.648742259 0.005555628 0.760987937 -1.251970101
0 0.500388840 0.889580131 0.500000000 0.500000000 0.000000000 0.000000000 0.752742827 -0.040832367 0.657047153 -0.565943103 0.034776911 0.999147356 0.022250280 0.036695916 -0.657395482 0.006101332 0.753521025 -1.253878734
0 0.500388840 0.889580131 0.500000000 0.500000000 0.000000000 0.000000000 0.745109379 -0.041379698 0.665657401 -0.583911142 0.035290454 0.999121368 0.022606362 0.038584424 -0.666007996 0.006647141 0.745914996 -1.255461747
0 0.500388840 0.889580131 0.500000000 0.500000000 0.000000000 0.000000000 0.737274706 -0.041927267 0.674290836 -0.602139312 0.035773899 0.999095023 0.023008076 0.040537518 -0.674645245 0.007158739 0.738107383 -1.256729905
0 0.500388840 0.889580131 0.500000000 0.500000000 0.000000000 0.000000000 0.729116619 -0.042544741 0.683065832 -0.621429142 0.036289949 0.999065161 0.023490217 0.042449959 -0.683426678 0.007661316 0.729978979 -1.257567307
0 0.500388840 0.889580131 0.500000000 0.500000000 0.000000000 0.000000000 0.720998526 -0.043198850 0.691588700 -0.640467078 0.036910236 0.999032199 0.023922909 0.044781432 -0.691952825 0.008278321 0.721895218 -1.257896165
0 0.500388840 0.889580131 0.500000000 0.500000000 0.000000000 0.000000000 0.712676525 -0.043837681 0.700121701 -0.659800308 0.037460573 0.998999715 0.024419410 0.046865614 -0.700491846 0.008823819 0.713605821 -1.257751141
0 0.500388840 0.889580131 0.500000000 0.500000000 0.000000000 0.000000000 0.704340339 -0.044324692 0.708477259 -0.679213753 0.037923701 0.998972952 0.024796810 0.049264830 -0.708848715 0.009402688 0.705297887 -1.256992920
0 0.500388840 0.889580131 0.500000000 0.500000000 0.000000000 0.000000000 0.695897996 -0.044912606 0.716734827 -0.698780928 0.038497593 0.998940408 0.025218001 0.052015022 -0.717108011 0.010043409 0.696889699 -1.255901684
0 0.500388840 0.889580131 0.500000000 0.500000000 0.000000000 0.000000000 0.687439740 -0.045455713 0.724817514 -0.718175656 0.038916361 0.998911023 0.025735524 0.054929319 -0.725197971 0.010515639 0.688460112 -1.254289339
0 0.500388840 0.889580131 0.500000000 0.500000000 0.000000000 0.000000000 0.678999901 -0.046189554 0.732683897 -0.737606941 0.039347425 0.998873949 0.026506172 0.057365667 -0.733083189 0.010831536 0.680052757 -1.252471510
0 0.500388840 0.889580131 0.500000000 0.500000000 0.000000000 0.000000000 0.670643091 -0.046642132 0.740312338 -0.756259338 0.039686717 0.998847902 0.026978847 0.060114713 -0.740717769 0.011287387 0.671721518 -1.250565812
0 0.500388840 0.889580131 0.500000000 0.500000000 0.000000000 0.000000000 0.662115157 -0.047037702 0.747924447 -0.775119250 0.039969403 0.998824239 0.027433321 0.062646305 -0.748335481 0.011730076 0.663216710 -1.248163003
0 0.500388840 0.889580131 0.500000000 0.500000000 0.000000000 0.000000000 0.653568864 -0.047525272 0.755373478 -0.793382302 0.040357005 0.998795092 0.027922513 0.065244600 -0.755790353 0.012235325 0.654699385 -1.245569557
0 0.500388840 0.889580131 0.500000000 0.500000000 0.000000000 0.000000000 0.645161867 -0.048064012 0.762532651 -0.811154523 0.040882625 0.998761296 0.028364118 0.068347723 -0.762951374 0.012874888 0.646327674 -1.242665696
0 0.500388840 0.889580131 0.500000000 0.500000000 0.000000000 0.000000000 0.636622071 -0.048453208 0.769652307 -0.829058307 0.041110735 0.998737395 0.028870218 0.070696038 -0.770079374 0.013261553 0.637810230 -1.239049317
0 0.500388840 0.889580131 0.500000000 0.500000000 0.000000000 0.000000000 0.628060758 -0.048889581 0.776627004 -0.846315915 0.041676011 0.998705387 0.029166155 0.074087596 -0.777047515 0.014048598 0.629285157 -1.234956064
0 0.500388840 0.889580131 0.500000000 0.500000000 0.000000000 0.000000000 0.619579971 -0.049405031 0.783377171 -0.863237963 0.042221639 0.998670042 0.029589375 0.077144638 -0.783797204 0.014742485 0.620841861 -1.230462540
0 0.500388840 0.889580131 0.500000000 0.500000000 0.000000000 0.000000000 0.611329556 -0.049806789 0.789807260 -0.879495938 0.042681210 0.998640060 0.029939927 0.080517091 -0.790224314 0.015406766 0.612623990 -1.225855880
0 0.500388840 0.889580131 0.500000000 0.500000000 0.000000000 0.000000000 0.603254914 -0.050391175 0.795954883 -0.894916272 0.043225843 0.998600900 0.030459601 0.083720084 -0.796376169 0.016030917 0.604589105 -1.221319157
0 0.500388840 0.889580131 0.500000000 0.500000000 0.000000000 0.000000000 0.595471144 -0.050934680 0.801760435 -0.910223557 0.043785121 0.998562455 0.030917820 0.087064035 -0.802182674 0.016694508 0.596845269 -1.216732485
0 0.500388840 0.889580131 0.500000000 0.500000000 0.000000000 0.000000000 0.588106871 -0.051420059 0.807147026 -0.924922249 0.044202115 0.998528838 0.031405490 0.090018970 -0.807574451 0.017207822 0.589514554 -1.212409266
0 0.500388840 0.889580131 0.500000000 0.500000000 0.000000000 0.000000000 0.580883503 -0.051852532 0.812333465 -0.938941420 0.044601981 0.998497248 0.031841673 0.092869168 -0.812763810 0.017735377 0.582323313 -1.208394856
0 0.500388840 0.889580131 0.500000000 0.500000000 0.000000000 0.000000000 0.573908806 -0.052412663 0.817240238 -0.952633223 0.045256276 0.998454630 0.032253291 0.095984432 -0.817667723 0.018474801 0.575393915 -1.204585602
0 0.500388840 0.889580131 0.500000000 0.500000000 0.000000000 0.000000000 0.567264974 -0.052731827 0.821845353 -0.965725263 0.045502614 0.998430371 0.032654587 0.098470886 -0.822277308 0.018872309 0.568773985 -1.201113557
0 0.500388840 0.889580131 0.500000000 0.500000000 0.000000000 0.000000000 0.560665965 -0.053122293 0.826336324 -0.978449939 0.045985632 0.998397470 0.032982435 0.102024456 -0.826764166 0.019507468 0.562210321 -1.197341240
0 0.500388840 0.889580131 0.500000000 0.500000000 0.000000000 0.000000000 0.554202557 -0.053546038 0.830657780 -0.991151354 0.046439566 0.998363495 0.033372927 0.105601122 -0.831085384 0.020080026 0.555782199 -1.193749401
0 0.500388840 0.889580131 0.500000000 0.500000000 0.000000000 0.000000000 0.547839165 -0.053944685 0.834842622 -1.003660868 0.046853162 0.998331010 0.033762839 0.109311878 -0.835270643 0.020618415 0.549452305 -1.190137659
0 0.500388840 0.889580131 0.500000000 0.500000000 0.000000000 0.000000000 0.541596174 -0.054269120 0.838885248 -1.016231136 0.047298335 0.998300433 0.034045525 0.113383160 -0.839307129 0.021238951 0.543242514 -1.186536869
0 0.500388840 0.889580131 0.500000000 0.500000000 0.000000000 0.000000000 0.535803914 -0.054632079 0.842573166 -1.028088312 0.047890291 0.998264432 0.034272939 0.117963341 -0.842983246 0.021987502 0.537490308 -1.183469309
0 0.500388840 0.889580131 0.500000000 0.500000000 0.000000000 0.000000000 0.530152857 -0.054866094 0.846125066 -1.040151513 0.048165005 0.998241603 0.034551397 0.122024364 -0.846533000 0.022436097 0.531863272 -1.180700526
0 0.500388840 0.889580131 0.500000000 0.500000000 0.000000000 0.000000000 0.524846494 -0.055275083 0.849400282 -1.051696627 0.048752706 0.998203278 0.034834083 0.127161000 -0.849799573 0.023128016 0.526598334 -1.178345725
0 0.500388840 0.889580131 0.500000000 0.500000000 0.000000000 0.000000000 0.520145297 -0.055566087 0.852268338 -1.062210472 0.048848722 0.998183370 0.035266727 0.131291151 -0.852679729 0.023288399 0.521914721 -1.176794646
0 0.500388840 0.889580131 0.500000000 0.500000000 0.000000000 0.000000000 0.514239490 -0.055731270 0.855833948 -1.074512661 0.048880585 0.998168945 0.035629455 0.135468910 -0.856252551 0.023511590 0.516022086 -1.173971416
0 0.500388840 0.889580131 0.500000000 0.500000000 0.000000000 0.000000000 0.508198917 -0.055903461 0.859423459 -1.087919340 0.049239308 0.998144805 0.035810508 0.140518147 -0.859831035 0.024118554 0.510008752 -1.170870719
0 0.500388840 0.889580131 0.500000000 0.500000000 0.000000000 0.000000000 0.502678514 -0.056160092 0.862647295 -1.100637922 0.049776983 0.998112321 0.035973284 0.145796192 -0.863039136 0.024856983 0.504525125 -1.168535604
0 0.500388840 0.889580131 0.500000000 0.500000000 0.000000000 0.000000000 0.497437835 -0.056485187 0.865658760 -1.113533190 0.050222304 0.998079419 0.036266290 0.150724670 -0.866044641 0.025435152 0.499319255 -1.166689433
0 0.500388840 0.889580131 0.500000000 0.500000000 0.000000000 0.000000000 0.492412657 -0.056704689 0.868512690 -1.126441948 0.050321925 0.998061001 0.036632262 0.155302075 -0.868905902 0.025667043 0.494311363 -1.165009986
0 0.500388840 0.889580131 0.500000000 0.500000000 0.000000000 0.000000000 0.487179518 -0.056908250 0.871445656 -1.139951729 0.050449967 0.998042047 0.036971480 0.160239894 -0.871843398 0.025952658 0.489096642 -1.163096923
0 0.500388840 0.889580131 0.500000000 0.500000000 0.000000000 0.000000000 0.482039183 -0.057039984 0.874290943 -1.153547172 0.050673142 0.998023212 0.037173882 0.165654835 -0.874683082 0.026383802 0.483976692 -1.160936014
0 0.500388840 0.889580131 0.500000000 0.500000000 0.000000000 0.000000000 0.476490915 -0.057055816 0.877326071 -1.167680312 0.050970860 0.998006284 0.037220951 0.171690090 -0.877700627 0.026982620 0.478449106 -1.158360826
0 0.500388840 0.889580131 0.500000000 0.500000000 0.000000000 0.000000000 0.470865548 -0.057229213 0.880346775 -1.182452592 0.051272191 0.997982204 0.037452772 0.177358828 -0.880713820 0.027502088 0.472849697 -1.155487720
0 0.500388840 0.889580131 0.500000000 0.500000000 0.000000000 0.000000000 0.465197861 -0.057297397 0.883350432 -1.197375755 0.051463690 0.997965693 0.037629504 0.182820984 -0.883709490 0.027955309 0.467200249 -1.152658024
0 0.500388840 0.889580131 0.500000000 0.500000000 0.000000000 0.000000000 0.459595889 -0.057485960 0.886265755 -1.212392882 0.051783312 0.997939825 0.037875921 0.188233257 -0.886617243 0.028486161 0.461625844 -1.149720852
0 0.500388840 0.889580131 0.500000000 0.500000000 0.000000000 0.000000000 0.453938007 -0.057564702 0.889171839 -1.227853855 0.051888071 0.997925282 0.038115580 0.193097224 -0.889521182 0.028835302 0.455983132 -1.146752041
0 0.500388840 0.889580131 0.500000000 0.500000000 0.000000000 0.000000000 0.448260158 -0.057706408 0.892038584 -1.243170609 0.052017424 0.997907043 0.038415704 0.197967740 -0.892388403 0.029181318 0.450323701 -1.143743813
0 0.500388840 0.889580131 0.500000000 0.500000000 0.000000000 0.000000000 0.442645818 -0.057814859 0.894830763 -1.258723840 0.052018143 0.997894347 0.038741969 0.202503562 -0.895186424 0.029398464 0.444721192 -1.140533368
0 0.500388840 0.889580131 0.500000000 0.500000000 0.000000000 0.000000000 0.437026531 -0.057864871 0.897585332 -1.274334476 0.051936336 0.997886896 0.039043684 0.206583111 -0.897947907 0.029554168 0.439108312 -1.137111361
0 0.500388840 0.889580131 0.500000000 0.500000000 0.000000000 0.000000000 0.431481600 -0.057907760 0.900261283 -1.289637250 0.052066546 0.997872710 0.039231744 0.211016928 -0.900617957 0.029945722 0.433578759 -1.133503920
0 0.500388840 0.889580131 0.500000000 0.500000000 0.000000000 0.000000000 0.425987393 -0.058011573 0.902867317 -1.305177113 0.052329507 0.997851372 0.039424635 0.215583373 -0.903214455 0.030452205 0.428107828 -1.129671003
0 0.500388840 0.889580131 0.500000000 0.500000000 0.000000000 0.000000000 0.420725644 -0.057994951 0.905332267 -1.319997757 0.052646548 0.997833490 0.039454632 0.220678473 -0.905659020 0.031063043 0.422867358 -1.125861573
0 0.500388840 0.889580131 0.500000000 0.500000000 0.000000000 0.000000000 0.415543556 -0.057933830 0.907726407 -1.334625378 0.052562341 0.997831285 0.039622340 0.224865100 -0.908053279 0.031247418 0.417687505 -1.121728661
0 0.500388840 0.889580131 0.500000000 0.500000000 0.000000000 0.000000000 0.409771919 -0.057895910 0.910348833 -1.350228098 0.052561663 0.997824252 0.039799742 0.229188740 -0.910672426 0.031540636 0.411923468 -1.116153053
0 0.500388840 0.889580131 0.500000000 0.500000000 0.000000000 0.000000000 0.403767020 -0.057760250 0.913036644 -1.365925361 0.052606404 0.997819483 0.039859924 0.233457214 -0.913348079 0.031937454 0.405925155 -1.109979827
0 0.500388840 0.889580131 0.500000000 0.500000000 0.000000000 0.000000000 0.398328543 -0.057953466 0.915410161 -1.380760487 0.052810382 0.997795522 0.040189445 0.237247221 -0.915721238 0.032334559 0.400510997 -1.104513226
0 0.500388840 0.889580131 0.500000000 0.500000000 0.000000000 0.000000000 0.393276811 -0.058161311 0.917578638 -1.394817902 0.053061903 0.997769535 0.040501777 0.241114816 -0.917887688 0.032760058 0.395485789 -1.099585109
0 0.500388840 0.889580131 0.500000000 0.500000000 0.000000000 0.000000000 0.388463140 -0.058289386 0.919618785 -1.408402071 0.053314567 0.997747183 0.040720489 0.244815206 -0.919920623 0.033210669 0.390695661 -1.094976229
0 0.500388840 0.889580131 0.500000000 0.500000000 0.000000000 0.000000000 0.383811712 -0.058326643 0.921567440 -1.421693724 0.053397689 0.997735023 0.040908430 0.248008575 -0.921866179 0.033508439 0.386056870 -1.090568457
0 0.500388840 0.889580131 0.500000000 0.500000000 0.000000000 0.000000000 0.379261613 -0.058380373 0.923445940 -1.434294391 0.053449918 0.997723341 0.041124184 0.251142133 -0.923744440 0.033761285 0.381518602 -1.086405184
