0 0.492372590 0.875329083 0.500000000 0.500000000 0.000000000 0.000000000 0.981548488 0.033089165 -0.188328579 -0.069018165 -0.028291536 0.999204457 0.028106863 0.010193587 0.189108789 -0.022260144 0.981703818 -0.364281314
0 0.492372590 0.875329083 0.500000000 0.500000000 0.000000000 0.000000000 0.979523242 0.034597162 -0.198336273 -0.067547339 -0.029269343 0.999129236 0.029732509 0.012057451 0.199192226 -0.023318511 0.979682982 -0.386403826
0 0.492372590 0.875329083 0.500000000 0.500000000 0.000000000 0.000000000 0.977655113 0.036360323 -0.207046837 -0.069284257 -0.030456979 0.999035478 0.031629704 0.013471783 0.207997203 -0.024616921 0.977819622 -0.405749764
0 0.492372590 0.875329083 0.500000000 0.500000000 0.000000000 0.000000000 0.975624382 0.039134104 -0.215929523 -0.067624045 -0.032794993 0.998921633 0.032864004 0.014322295 0.216982782 -0.024981515 0.975855708 -0.424314209
0 0.492372590 0.875329083 0.500000000 0.500000000 0.000000000 0.000000000 0.973610818 0.042358220 -0.224249274 -0.067077097 -0.036042534 0.998831868 0.032184444 0.020353695 0.225350589 -0.023252610 0.974000216 -0.442072679
0 0.492372590 0.875329083 0.500000000 0.500000000 0.000000000 0.000000000 0.971573293 0.045131639 -0.232397228 -0.064098555 -0.038736977 0.998736620 0.032009032 0.022091047 0.233548239 -0.022096753 0.972094119 -0.460506116
0 0.492372590 0.875329083 0.500000000 0.500000000 0.000000000 0.000000000 0.969702840 0.047304116 -0.239663765 -0.063447827 -0.040875848 0.998660445 0.031724963 0.025772547 0.240843445 -0.020967325 0.970337451 -0.478633213
0 0.492372590 0.875329083 0.500000000 0.500000000 0.000000000 0.000000000 0.967868209 0.049586404 -0.246520385 -0.063538492 -0.043106385 0.998570085 0.031616848 0.028845443 0.247735649 -0.019974340 0.968621731 -0.498654693
0 0.492372590 0.875329083 0.500000000 0.500000000 0.000000000 0.000000000 0.966134965 0.051188968 -0.252908826 -0.064428962 -0.044491753 0.998492837 0.032133229 0.030144303 0.254172534 -0.019792680 0.966956317 -0.519025894
0 0.492372590 0.875329083 0.500000000 0.500000000 0.000000000 0.000000000 0.964223742 0.053033918 -0.259730577 -0.061030220 -0.046148207 0.998404443 0.032541800 0.031310236 0.261041969 -0.019391479 0.965132654 -0.538373698
0 0.492372590 0.875329083 0.500000000 0.500000000 0.000000000 0.000000000 0.962504923 0.053113174 -0.266013712 -0.059410208 -0.046123907 0.998408258 0.032457519 0.031718808 0.267314196 -0.018970931 0.963422656 -0.557981894
0 0.492372590 0.875329083 0.500000000 0.500000000 0.000000000 0.000000000 0.955629289 0.056943070 -0.289015859 -0.053457934 -0.048524864 0.998165190 0.036215357 0.044493396 0.290547788 -0.020584000 0.956639051 -0.664847404
0 0.492372590 0.875329083 0.500000000 0.500000000 0.000000000 0.000000000 0.953760982 0.057178911 -0.295077205 -0.048389595 -0.047511019 0.998076022 0.039836161 0.041349969 0.296787292 -0.023974758 0.954642594 -0.709877046
0 0.492372590 0.875329083 0.500000000 0.500000000 0.000000000 0.000000000 0.953128695 0.059549704 -0.296647102 -0.045955636 -0.049784057 0.997943640 0.040373344 0.047406161 0.298441291 -0.023712697 0.954133391 -0.734179349
0 0.492372590 0.875329083 0.500000000 0.500000000 0.000000000 0.000000000 0.952830493 0.059897158 -0.297533780 -0.046513254 -0.049993310 0.997916162 0.040792648 0.049368539 0.299357116 -0.023993779 0.953839421 -0.760015916
0 0.492372590 0.875329083 0.500000000 0.500000000 0.000000000 0.000000000 0.952275634 0.059628528 -0.299358606 -0.040734248 -0.049253311 0.997898996 0.042091727 0.048141503 0.301239520 -0.025338523 0.953211784 -0.784245449
0 0.492372590 0.875329083 0.500000000 0.500000000 0.000000000 0.000000000 0.952699959 0.059750494 -0.297981054 -0.048088635 -0.049334720 0.997883558 0.042361263 0.050389613 0.299881518 -0.025656760 0.953631401 -0.810127815
0 0.492372590 0.875329083 0.500000000 0.500000000 0.000000000 0.000000000 0.952269733 0.060808215 -0.299139947 -0.045324186 -0.050804395 0.997861981 0.041113600 0.056345927 0.301000416 -0.023953615 0.953323126 -0.836131225
0 0.492372590 0.875329083 0.500000000 0.500000000 0.000000000 0.000000000 0.952388525 0.060887359 -0.298745483 -0.047003961 -0.050972346 0.997863173 0.040876858 0.058649027 0.300595999 -0.023702892 0.953456998 -0.861823778
0 0.492372590 0.875329083 0.500000000 0.500000000 0.000000000 0.000000000 0.952358663 0.060027871 -0.299014509 -0.046366524 -0.050000239 0.997903943 0.041081253 0.060543668 0.300853789 -0.024173291 0.953363836 -0.887174546
0 0.492372590 0.875329083 0.500000000 0.500000000 0.000000000 0.000000000 0.952156007 0.058548078 -0.299951792 -0.043570711 -0.048317079 0.997972846 0.041419987 0.063106323 0.301768810 -0.024945496 0.953054726 -0.911079149
0 0.492372590 0.875329083 0.500000000 0.500000000 0.000000000 0.000000000 0.951993167 0.057589274 -0.300653428 -0.042341660 -0.047078855 0.998003840 0.042093553 0.064242524 0.302477419 -0.025918355 0.952804089 -0.935721992
0 0.492372590 0.875329083 0.500000000 0.500000000 0.000000000 0.000000000 0.951998055 0.056939840 -0.300761670 -0.043556100 -0.046033207 0.998003960 0.043232448 0.065140715 0.302622974 -0.027312184 0.952718914 -0.960983456
0 0.492372590 0.875329083 0.500000000 0.500000000 0.000000000 0.000000000 0.951672971 0.056391042 -0.301891714 -0.039703097 -0.045121018 0.998004079 0.044181511 0.067408174 0.303780615 -0.028424688 0.952317894 -0.984586575
0 0.492372590 0.875329083 0.500000000 0.500000000 0.000000000 0.000000000 0.951580703 0.055761326 -0.302299261 -0.037830823 -0.044200007 0.998010635 0.044957176 0.068074712 0.304204762 -0.029418750 0.952152312 -1.006016303
0 0.492372590 0.875329083 0.500000000 0.500000000 0.000000000 0.000000000 0.951305687 0.056055654 -0.303109348 -0.034277913 -0.044486411 0.997998416 0.044945095 0.070288073 0.305022091 -0.029272275 0.951895297 -1.028113407
0 0.492372590 0.875329083 0.500000000 0.500000000 0.000000000 0.000000000 0.951117933 0.056197926 -0.303671688 -0.035814883 -0.044900499 0.998019218 0.044063840 0.075046012 0.305546492 -0.028274896 0.951757252 -1.050902097
0 0.492372590 0.875329083 0.500000000 0.500000000 0.000000000 0.000000000 0.950589061 0.056063265 -0.305347860 -0.032071068 -0.044943962 0.998049378 0.043329816 0.077848505 0.307181448 -0.027465310 0.951254547 -1.074082704
0 0.492372590 0.875329083 0.500000000 0.500000000 0.000000000 0.000000000 0.949929535 0.055691116 -0.307461262 -0.026497409 -0.044723060 0.998090267 0.042610273 0.080426443 0.309247106 -0.026726147 0.950606108 -1.098007359
0 0.492372590 0.875329083 0.500000000 0.500000000 0.000000000 0.000000000 0.949465930 0.055351283 -0.308951020 -0.023317753 -0.044639036 0.998134971 0.041640297 0.084826495 0.310679644 -0.025744768 0.950165987 -1.121068195
0 0.492372590 0.875329083 0.500000000 0.500000000 0.000000000 0.000000000 0.948859632 0.055115767 -0.310849965 -0.018357954 -0.044425033 0.998155594 0.041373637 0.086844770 0.312556952 -0.025448255 0.949558079 -1.144299044
0 0.492372590 0.875329083 0.500000000 0.500000000 0.000000000 0.000000000 0.948280573 0.054942872 -0.312642366 -0.013222259 -0.044380143 0.998180926 0.040807340 0.089394108 0.314315706 -0.024821695 0.948993921 -1.168212259
0 0.492372590 0.875329083 0.500000000 0.500000000 0.000000000 0.000000000 0.947629750 0.055558182 -0.314501405 -0.006808453 -0.045135420 0.998166382 0.040332548 0.091168240 0.316165537 -0.024025172 0.948399782 -1.192711031
0 0.492372590 0.875329083 0.500000000 0.500000000 0.000000000 0.000000000 0.946889222 0.056534655 -0.316551119 -0.000783900 -0.046351451 0.998139441 0.039613754 0.095487774 0.318201721 -0.022837233 0.947747946 -1.218535529
0 0.492372590 0.875329083 0.500000000 0.500000000 0.000000000 0.000000000 0.946207881 0.057847206 -0.318346232 0.005454358 -0.047621679 0.998071551 0.039817151 0.097249715 0.320035636 -0.022515120 0.947137952 -1.243240015
0 0.492372590 0.875329083 0.500000000 0.500000000 0.000000000 0.000000000 0.945509374 0.059030000 -0.320199072 0.011939683 -0.048739668 0.998007655 0.040064380 0.099416134 0.321926147 -0.022274850 0.946502745 -1.268658421
0 0.492372590 0.875329083 0.500000000 0.500000000 0.000000000 0.000000000 0.944696128 0.059908696 -0.322428465 0.020582580 -0.049324121 0.997944832 0.040906023 0.100394955 0.324216455 -0.022740262 0.945709586 -1.294970264
0 0.492372590 0.875329083 0.500000000 0.500000000 0.000000000 0.000000000 0.943754554 0.060352616 -0.325092137 0.031732388 -0.049331766 0.997897089 0.042045385 0.100216765 0.326946020 -0.023643155 0.944747210 -1.320612950
0 0.492372590 0.875329083 0.500000000 0.500000000 0.000000000 0.000000000 0.942811608 0.061274778 -0.327645630 0.040700733 -0.050258253 0.997852981 0.041994013 0.103716114 0.329515368 -0.023125548 0.943866968 -1.348442521
0 0.492372590 0.875329083 0.500000000 0.500000000 0.000000000 0.000000000 0.941758335 0.063398376 -0.330260336 0.051460846 -0.052396350 0.997737765 0.042119056 0.108094899 0.332183510 -0.022361536 0.942949653 -1.375603933
0 0.492372590 0.875329083 0.500000000 0.500000000 0.000000000 0.000000000 0.940890253 0.064863324 -0.332442909 0.061863688 -0.053545658 0.997634709 0.043103095 0.109108690 0.334452391 -0.022754408 0.942137897 -1.402996590
0 0.492372590 0.875329083 0.500000000 0.500000000 0.000000000 0.000000000 0.940127492 0.065408774 -0.334487617 0.071016433 -0.053744327 0.997583985 0.044020224 0.110303866 0.336558789 -0.023407811 0.941371500 -1.430501513
0 0.492372590 0.875329083 0.500000000 0.500000000 0.000000000 0.000000000 0.939392626 0.064656802 -0.336691320 0.082107960 -0.052553494 0.997606039 0.044948138 0.108790787 0.338791490 -0.024529645 0.940541685 -1.457881332
0 0.492372590 0.875329083 0.500000000 0.500000000 0.000000000 0.000000000 0.938624501 0.064392045 -0.338877201 0.093078511 -0.052204408 0.997623444 0.044968158 0.110611015 0.340967447 -0.024517331 0.939755321 -1.485757203
0 0.492372590 0.875329083 0.500000000 0.500000000 0.000000000 0.000000000 0.937897682 0.065031022 -0.340762168 0.102040606 -0.052971207 0.997600198 0.044586476 0.112444429 0.342843890 -0.023766970 0.939091682 -1.511577419
0 0.492372590 0.875329083 0.500000000 0.500000000 0.000000000 0.000000000 0.937012076 0.064953126 -0.343204647 0.113118512 -0.053234886 0.997635543 0.043466240 0.114955084 0.345216423 -0.022457935 0.938254356 -1.539483607
0 0.492372590 0.875329083 0.500000000 0.500000000 0.000000000 0.000000000 0.936063647 0.065208621 -0.345734954 0.125744825 -0.053545833 0.997631013 0.043188669 0.115979149 0.347732157 -0.021914678 0.937337756 -1.567974050
0 0.492372590 0.875329083 0.500000000 0.500000000 0.000000000 0.000000000 0.935494959 0.065956987 -0.347129464 0.134485205 -0.054490261 0.997600794 0.042702723 0.117608923 0.349113166 -0.021033006 0.936844468 -1.593319634
0 0.492372590 0.875329083 0.500000000 0.500000000 0.000000000 0.000000000 0.935173690 0.067115419 -0.347772390 0.141261488 -0.056368474 0.997570276 0.040940672 0.121525154 0.349675149 -0.018683242 0.936684728 -1.619011097
0 0.492372590 0.875329083 0.500000000 0.500000000 0.000000000 0.000000000 0.934895635 0.068410732 -0.348267317 0.147678733 -0.058653560 0.997535825 0.038496863 0.129199842 0.350042731 -0.015563433 0.936604440 -1.643866181
0 0.492372590 0.875329083 0.500000000 0.500000000 0.000000000 0.000000000 0.934771001 0.069834553 -0.348319322 0.151348537 -0.061109971 0.997482121 0.035986770 0.136304446 0.349955380 -0.012353606 0.936684906 -1.668035537
0 0.492372590 0.875329083 0.500000000 0.500000000 0.000000000 0.000000000 0.934688568 0.071402274 -0.348222554 0.154971978 -0.063639969 0.997403920 0.033694997 0.143123180 0.349724442 -0.009333456 0.936806142 -1.692688540
0 0.492372590 0.875329083 0.500000000 0.500000000 0.000000000 0.000000000 0.934818089 0.072799362 -0.347585082 0.156673361 -0.065934695 0.997324884 0.031553932 0.148883949 0.348952383 -0.006579268 0.937117338 -1.716766048
0 0.492372590 0.875329083 0.500000000 0.500000000 0.000000000 0.000000000 0.935184658 0.072930433 -0.346570045 0.157526436 -0.067015648 0.997329295 0.029037857 0.156923615 0.347762197 -0.003930143 0.937574565 -1.740420867
0 0.492372590 0.875329083 0.500000000 0.500000000 0.000000000 0.000000000 0.935955465 0.072830401 -0.344504058 0.155364364 -0.067327209 0.997339964 0.027928263 0.160344585 0.345621705 -0.002945114 0.938369334 -1.764807798
0 0.492372590 0.875329083 0.500000000 0.500000000 0.000000000 0.000000000 0.937041759 0.072001763 -0.341714084 0.151389237 -0.066696361 0.997400701 0.027266452 0.162030300 0.342789114 -0.002758717 0.939408362 -1.787736698
0 0.492372590 0.875329083 0.500000000 0.500000000 0.000000000 0.000000000 0.938243568 0.070755266 -0.338663071 0.146856114 -0.065510079 0.997489035 0.026909312 0.161747697 0.339716673 -0.003061644 0.940522850 -1.813745698
0 0.492372590 0.875329083 0.500000000 0.500000000 0.000000000 0.000000000 0.939378798 0.069008730 -0.335864991 0.144593722 -0.063821465 0.997610152 0.026472781 0.162080462 0.336889178 -0.003432574 0.941538036 -1.840243043
0 0.492372590 0.875329083 0.500000000 0.500000000 0.000000000 0.000000000 0.940346956 0.067506991 -0.333452284 0.143026656 -0.062587112 0.997713983 0.025488116 0.164836465 0.334410638 -0.003097856 0.942422390 -1.865302890
0 0.492372590 0.875329083 0.500000000 0.500000000 0.000000000 0.000000000 0.941693783 0.066714592 -0.329790831 0.132565729 -0.062073994 0.997768462 0.024594437 0.167283506 0.330695689 -0.002688994 0.943733633 -1.889641452
0 0.492372590 0.875329083 0.500000000 0.500000000 0.000000000 0.000000000 0.942795396 0.065688416 -0.326836199 0.126421349 -0.061349925 0.997837782 0.023577427 0.170605543 0.327678263 -0.002177315 0.944786847 -1.915345561
0 0.492372590 0.875329083 0.500000000 0.500000000 0.000000000 0.000000000 0.943884969 0.065368183 -0.323740989 0.119153449 -0.061256431 0.997859657 0.022886338 0.173656581 0.324544102 -0.001770852 0.945868909 -1.942103149
0 0.492372590 0.875329083 0.500000000 0.500000000 0.000000000 0.000000000 0.944860756 0.064468868 -0.321063727 0.115037969 -0.060524210 0.997918427 0.022262633 0.176467848 0.321830660 -0.001602960 0.946795881 -1.971587487
0 0.492372590 0.875329083 0.500000000 0.500000000 0.000000000 0.000000000 0.946075320 0.063616291 -0.317638904 0.104358737 -0.059576008 0.997971773 0.022427583 0.178158109 0.318421423 -0.002294526 0.947946489 -1.997867484
0 0.492372590 0.875329083 0.500000000 0.500000000 0.000000000 0.000000000 0.947144330 0.061843488 -0.314790398 0.099135541 -0.058096223 0.998084128 0.021282388 0.182895936 0.315503478 -0.001869359 0.948922575 -2.026369835
0 0.492372590 0.875329083 0.500000000 0.500000000 0.000000000 0.000000000 0.948171020 0.060847692 -0.311880171 0.092954636 -0.057668362 0.998146951 0.019416016 0.189236250 0.312483668 -0.000424086 0.949923038 -2.053791705
0 0.492372590 0.875329083 0.500000000 0.500000000 0.000000000 0.000000000 0.949368000 0.058877356 -0.308599859 0.083931523 -0.056202717 0.998264968 0.017557181 0.196823815 0.309098154 0.000675925 0.951029897 -2.080500546
0 0.492372590 0.875329083 0.500000000 0.500000000 0.000000000 0.000000000 0.950407803 0.056386575 -0.305852234 0.078207279 -0.053806402 0.998408914 0.016867094 0.199055103 0.306316674 0.000426191 0.951929569 -2.107923697
0 0.492372590 0.875329083 0.500000000 0.500000000 0.000000000 0.000000000 0.951740503 0.053083804 -0.302278161 0.069390560 -0.050206386 0.998589218 0.017286938 0.199257501 0.302769363 -0.001276385 0.953063011 -2.135420343
0 0.492372590 0.875329083 0.500000000 0.500000000 0.000000000 0.000000000 0.953093171 0.050321389 -0.298464686 0.059369515 -0.046925467 0.998726368 0.018538052 0.198510069 0.299017400 -0.003662896 0.954240620 -2.161756834
0 0.492372590 0.875329083 0.500000000 0.500000000 0.000000000 0.000000000 0.954225481 0.047471542 -0.295296758 0.053073276 -0.043362938 0.998850048 0.020450385 0.195187457 0.295928001 -0.006709344 0.955186665 -2.187174602
0 0.492372590 0.875329083 0.500000000 0.500000000 0.000000000 0.000000000 0.955543280 0.045167517 -0.291370869 0.041926462 -0.040693685 0.998942494 0.021399451 0.196238825 0.292029291 -0.008591148 0.956370771 -2.210557044
0 0.492372590 0.875329083 0.500000000 0.500000000 0.000000000 0.000000000 0.956901073 0.044368777 -0.287004888 0.031032569 -0.039836012 0.998972356 0.021616574 0.200139062 0.287669033 -0.009251793 0.957685173 -2.234434913
0 0.492372590 0.875329083 0.500000000 0.500000000 0.000000000 0.000000000 0.958421469 0.044149511 -0.281920373 0.017322322 -0.039284453 0.998965859 0.022888698 0.197906599 0.282639354 -0.010861932 0.959164739 -2.258098436
0 0.492372590 0.875329083 0.500000000 0.500000000 0.000000000 0.000000000 0.959904552 0.043882057 -0.276871085 0.005522775 -0.038887348 0.998967052 0.023507634 0.199590766 0.277616650 -0.011798304 0.960619509 -2.282447743
0 0.492372590 0.875329083 0.500000000 0.500000000 0.000000000 0.000000000 0.961404562 0.043832283 -0.271624625 -0.007699914 -0.038790643 0.998961389 0.023905255 0.202905227 0.272390336 -0.012446127 0.962106347 -2.306056475
0 0.492372590 0.875329083 0.500000000 0.500000000 0.000000000 0.000000000 0.962759435 0.044141427 -0.266731739 -0.019839221 -0.038918480 0.998933613 0.024838518 0.203787907 0.267543733 -0.013532723 0.963450670 -2.329286060
0 0.492372590 0.875329083 0.500000000 0.500000000 0.000000000 0.000000000 0.964131415 0.044584215 -0.261654049 -0.033596466 -0.039207201 0.998899579 0.025737261 0.203511302 0.262513578 -0.014555381 0.964818537 -2.355605726
0 0.492372590 0.875329083 0.500000000 0.500000000 0.000000000 0.000000000 0.965291739 0.045193288 -0.257234305 -0.044875704 -0.039649680 0.998856843 0.026699852 0.204003163 0.258146882 -0.015573889 0.965980172 -2.379813665
0 0.492372590 0.875329083 0.500000000 0.500000000 0.000000000 0.000000000 0.966353059 0.045978915 -0.253076464 -0.055044115 -0.040267590 0.998804808 0.027704077 0.203078218 0.254047781 -0.016581140 0.967049539 -2.406451415
0 0.492372590 0.875329083 0.500000000 0.500000000 0.000000000 0.000000000 0.967359066 0.045502007 -0.249291062 -0.065920379 -0.039611440 0.998805821 0.028597839 0.201549416 0.250294626 -0.017789600 0.968006253 -2.433011330
