0 0.505974535 0.899510370 0.500000000 0.500000000 0.000000000 0.000000000 0.999224603 0.008397955 -0.038466562 -0.130655583 -0.008664926 0.999939501 -0.006778860 -0.265597144 0.038407303 0.007106914 0.999236882 -0.191375252
0 0.505974535 0.899510370 0.500000000 0.500000000 0.000000000 0.000000000 0.999092042 0.008988817 -0.041644171 -0.133014070 -0.009281307 0.999933541 -0.006835524 -0.277120815 0.041579958 0.007215830 0.999109149 -0.201905578
0 0.505974535 0.899510370 0.500000000 0.500000000 0.000000000 0.000000000 0.998941362 0.009430804 -0.045024455 -0.135030810 -0.009743577 0.999929845 -0.006732320 -0.287905972 0.044957805 0.007163893 0.998963177 -0.213058493
0 0.505974535 0.899510370 0.500000000 0.500000000 0.000000000 0.000000000 0.998767674 0.009821915 -0.048648097 -0.136515899 -0.010149680 0.999927402 -0.006495037 -0.298936915 0.048580769 0.006980795 0.998794854 -0.224454816
0 0.505974535 0.899510370 0.500000000 0.500000000 0.000000000 0.000000000 0.998583317 0.010319623 -0.052199852 -0.138707932 -0.010667745 0.999922633 -0.006394794 -0.310015594 0.052129824 0.006942589 0.998616159 -0.236161865
0 0.505974535 0.899510370 0.500000000 0.500000000 0.000000000 0.000000000 0.998368263 0.010681896 -0.056095261 -0.140660038 -0.011058998 0.999918282 -0.006416394 -0.321848318 0.056022137 0.007026282 0.998404801 -0.248594680
0 0.505974535 0.899510370 0.500000000 0.500000000 0.000000000 0.000000000 0.998113751 0.011107393 -0.060378361 -0.142529938 -0.011516900 0.999912977 -0.006438579 -0.333980990 0.060301587 0.007121806 0.998154819 -0.261479288
0 0.505974535 0.899510370 0.500000000 0.500000000 0.000000000 0.000000000 0.997842073 0.011664111 -0.064615130 -0.143613124 -0.012102710 0.999906301 -0.006400603 -0.346625128 0.064534411 0.007168809 0.997889757 -0.274420107
0 0.505974535 0.899510370 0.500000000 0.500000000 0.000000000 0.000000000 0.997573793 0.012552059 -0.068475716 -0.145735995 -0.013021797 0.999894619 -0.006417852 -0.359310717 0.068387941 0.007293958 0.997632146 -0.287262219
0 0.505974535 0.899510370 0.500000000 0.500000000 0.000000000 0.000000000 0.997275174 0.013348208 -0.072553664 -0.147237930 -0.013863632 0.999882102 -0.006605079 -0.371927718 0.072456941 0.007592939 0.997342646 -0.300541483
0 0.505974535 0.899510370 0.500000000 0.500000000 0.000000000 0.000000000 0.996987700 0.013962013 -0.076293103 -0.148351320 -0.014520252 0.999871671 -0.006767207 -0.385285703 0.076188833 0.007854617 0.997062445 -0.314020210
0 0.505974535 0.899510370 0.500000000 0.500000000 0.000000000 0.000000000 0.996686339 0.014568061 -0.080025874 -0.149405631 -0.015182024 0.999859750 -0.007068941 -0.399075910 0.079911672 0.008260472 0.996767700 -0.328392873
0 0.505974535 0.899510370 0.500000000 0.500000000 0.000000000 0.000000000 0.996367455 0.015075098 -0.083812967 -0.150588576 -0.015759569 0.999847591 -0.007511030 -0.413321178 0.083686963 0.008804603 0.996453166 -0.343251519
0 0.505974535 0.899510370 0.500000000 0.500000000 0.000000000 0.000000000 0.996039629 0.015544159 -0.087540947 -0.152043762 -0.016297121 0.999836028 -0.007893085 -0.428035996 0.087403901 0.009288492 0.996129632 -0.359058337
0 0.505974535 0.899510370 0.500000000 0.500000000 0.000000000 0.000000000 0.995691955 0.015967634 -0.091337524 -0.153350710 -0.016781509 0.999825954 -0.008149547 -0.443056964 0.091191500 0.009647219 0.995786667 -0.375380569
0 0.505974535 0.899510370 0.500000000 0.500000000 0.000000000 0.000000000 0.995303035 0.016223770 -0.095439531 -0.153983731 -0.017077757 0.999821067 -0.008137890 -0.458008021 0.095290422 0.009729560 0.995401978 -0.392673156
0 0.505974535 0.899510370 0.500000000 0.500000000 0.000000000 0.000000000 0.994860470 0.016599154 -0.099885508 -0.153526002 -0.017460981 0.999817431 -0.007760044 -0.472589181 0.099738464 0.009464260 0.994968653 -0.410697566
0 0.505974535 0.899510370 0.500000000 0.500000000 0.000000000 0.000000000 0.994469285 0.017301120 -0.103592880 -0.152603132 -0.018121023 0.999811471 -0.006978684 -0.487192035 0.103452608 0.008817296 0.994595289 -0.428951056
0 0.505974535 0.899510370 0.500000000 0.500000000 0.000000000 0.000000000 0.994067490 0.018134478 -0.107242651 -0.152610839 -0.018917480 0.999801278 -0.006288330 -0.501451776 0.107107297 0.008279785 0.994212985 -0.448024905
0 0.505974535 0.899510370 0.500000000 0.500000000 0.000000000 0.000000000 0.993575573 0.018972360 -0.111569174 -0.151107330 -0.019812416 0.999783039 -0.006425511 -0.515298305 0.111423060 0.008594685 0.993735909 -0.468409582
0 0.505974535 0.899510370 0.500000000 0.500000000 0.000000000 0.000000000 0.993149638 0.019500321 -0.115210593 -0.149929753 -0.020411909 0.999768972 -0.006737792 -0.528145607 0.115052581 0.009043304 0.993318260 -0.489484851
0 0.505974535 0.899510370 0.500000000 0.500000000 0.000000000 0.000000000 0.992746651 0.020071622 -0.118538044 -0.149247212 -0.021004612 0.999757409 -0.006626596 -0.541234237 0.118376285 0.009068376 0.992927372 -0.510749903
0 0.505974535 0.899510370 0.500000000 0.500000000 0.000000000 0.000000000 0.992289484 0.020509280 -0.122233175 -0.148306997 -0.021443790 0.999749959 -0.006334562 -0.555319957 0.122072697 0.008906862 0.992481172 -0.533394573
0 0.505974535 0.899510370 0.500000000 0.500000000 0.000000000 0.000000000 0.991807580 0.020915288 -0.126016974 -0.146993762 -0.021908527 0.999738872 -0.006500847 -0.568886445 0.125848100 0.009208435 0.992006779 -0.556863608
0 0.505974535 0.899510370 0.500000000 0.500000000 0.000000000 0.000000000 0.991323054 0.021405488 -0.129693463 -0.145806262 -0.022472158 0.999724567 -0.006766541 -0.582404704 0.129512906 0.009622321 0.991531074 -0.581154571
0 0.505974535 0.899510370 0.500000000 0.500000000 0.000000000 0.000000000 0.990860462 0.021943692 -0.133093879 -0.144694125 -0.023038134 0.999712229 -0.006688516 -0.596440550 0.132908806 0.009693621 0.991080880 -0.606204804
0 0.505974535 0.899510370 0.500000000 0.500000000 0.000000000 0.000000000 0.990430415 0.022418164 -0.136180088 -0.144657767 -0.023522327 0.999702156 -0.006504189 -0.611644561 0.135993719 0.009645219 0.990662754 -0.632070828
0 0.505974535 0.899510370 0.500000000 0.500000000 0.000000000 0.000000000 0.989917815 0.022961823 -0.139769301 -0.143483386 -0.024127405 0.999686778 -0.006650368 -0.626056862 0.139572814 0.009955589 0.990161777 -0.658839164
0 0.505974535 0.899510370 0.500000000 0.500000000 0.000000000 0.000000000 0.989382744 0.023438213 -0.143431112 -0.142152660 -0.024643222 0.999674320 -0.006630339 -0.641096256 0.143228993 0.010094548 0.989638090 -0.687076285
0 0.505974535 0.899510370 0.500000000 0.500000000 0.000000000 0.000000000 0.988832295 0.024010880 -0.147085756 -0.140285650 -0.025240641 0.999660254 -0.006499873 -0.655587844 0.146879718 0.010139823 0.989102364 -0.715700177
0 0.505974535 0.899510370 0.500000000 0.500000000 0.000000000 0.000000000 0.988304675 0.024515277 -0.150508687 -0.138128408 -0.025764480 0.999647856 -0.006355206 -0.670860034 0.150299877 0.010158657 0.988588274 -0.744699808
0 0.505974535 0.899510370 0.500000000 0.500000000 0.000000000 0.000000000 0.987799346 0.025045207 -0.153704897 -0.135616377 -0.026362641 0.999631047 -0.006538713 -0.684607637 0.153484419 0.010511003 0.988095164 -0.774246219
0 0.505974535 0.899510370 0.500000000 0.500000000 0.000000000 0.000000000 0.987262905 0.025590509 -0.157025576 -0.133244585 -0.026960496 0.999614716 -0.006600513 -0.698137847 0.156796157 0.010749930 0.987572491 -0.804172243
0 0.505974535 0.899510370 0.500000000 0.500000000 0.000000000 0.000000000 0.986669898 0.026126865 -0.160623312 -0.129825724 -0.027537474 0.999599218 -0.006561960 -0.711540166 0.160387501 0.010897649 0.986993968 -0.834539360
0 0.505974535 0.899510370 0.500000000 0.500000000 0.000000000 0.000000000 0.986049354 0.026674133 -0.164301947 -0.126269451 -0.028138366 0.999582291 -0.006590459 -0.725151223 0.164057523 0.011121706 0.986388087 -0.865805834
0 0.505974535 0.899510370 0.500000000 0.500000000 0.000000000 0.000000000 0.985399365 0.027195210 -0.168072879 -0.122033775 -0.028737070 0.999564230 -0.006747860 -0.738686021 0.167816132 0.011479259 0.985751450 -0.898091919
0 0.505974535 0.899510370 0.500000000 0.500000000 0.000000000 0.000000000 0.984758973 0.027821001 -0.171685204 -0.117731774 -0.029443787 0.999542534 -0.006912422 -0.751519394 0.171414346 0.011862133 0.985127628 -0.931043677
0 0.505974535 0.899510370 0.500000000 0.500000000 0.000000000 0.000000000 0.984149039 0.028335525 -0.175064877 -0.113066572 -0.030004948 0.999525964 -0.006896009 -0.765019858 0.174786493 0.012039513 0.984532773 -0.964173891
0 0.505974535 0.899510370 0.500000000 0.500000000 0.000000000 0.000000000 0.983560562 0.028797910 -0.178267643 -0.109879352 -0.030539999 0.999508798 -0.007035336 -0.777387648 0.177977473 0.012363973 0.983956873 -0.997484396
0 0.505974535 0.899510370 0.500000000 0.500000000 0.000000000 0.000000000 0.982849121 0.029008768 -0.182115600 -0.105570131 -0.030821647 0.999499440 -0.007131628 -0.790043122 0.181817561 0.012622417 0.983251274 -1.031287187
0 0.505974535 0.899510370 0.500000000 0.500000000 0.000000000 0.000000000 0.982076824 0.029151674 -0.186213076 -0.099674739 -0.031079477 0.999489188 -0.007441207 -0.800914668 0.185901031 0.013095242 0.982481182 -1.064959209
0 0.505974535 0.899510370 0.500000000 0.500000000 0.000000000 0.000000000 0.981339633 0.029570697 -0.189994931 -0.093337117 -0.031632494 0.999468923 -0.007827726 -0.810210354 0.189662561 0.013691671 0.981753886 -1.098756184
0 0.505974535 0.899510370 0.500000000 0.500000000 0.000000000 0.000000000 0.980606258 0.030312605 -0.193629697 -0.087213022 -0.032457843 0.999441743 -0.007915539 -0.818586553 0.193281665 0.014046830 0.981042743 -1.131542258
0 0.505974535 0.899510370 0.500000000 0.500000000 0.000000000 0.000000000 0.979941905 0.031158498 -0.196832448 -0.081154132 -0.033280570 0.999418020 -0.007481804 -0.827047452 0.196484789 0.013882429 0.980408609 -1.164140968
0 0.505974535 0.899510370 0.500000000 0.500000000 0.000000000 0.000000000 0.979282260 0.031926531 -0.199967340 -0.074745956 -0.033902913 0.999404192 -0.006466115 -0.836558977 0.199641764 0.013111628 0.979781210 -1.195759814
0 0.505974535 0.899510370 0.500000000 0.500000000 0.000000000 0.000000000 0.978698850 0.032371491 -0.202733055 -0.068520744 -0.034253441 0.999396443 -0.005780254 -0.846456220 0.202423587 0.012601433 0.979216993 -1.227020561
0 0.505974535 0.899510370 0.500000000 0.500000000 0.000000000 0.000000000 0.978087842 0.032503746 -0.205639616 -0.062033165 -0.034515727 0.999384880 -0.006203365 -0.854978966 0.205311492 0.013165236 0.978608131 -1.259697120
0 0.505974535 0.899510370 0.500000000 0.500000000 0.000000000 0.000000000 0.977436185 0.032486886 -0.208717883 -0.055031309 -0.034637138 0.999377787 -0.006654527 -0.862184457 0.208371833 0.013733766 0.977953255 -1.293026577
0 0.505974535 0.899510370 0.500000000 0.500000000 0.000000000 0.000000000 0.976808667 0.032622091 -0.211614326 -0.048015620 -0.034758545 0.999375343 -0.006382994 -0.869114321 0.211273909 0.013590370 0.977332413 -1.325099012
0 0.505974535 0.899510370 0.500000000 0.500000000 0.000000000 0.000000000 0.976237595 0.032883339 -0.214193508 -0.041513430 -0.034860354 0.999377310 -0.005458264 -0.877763841 0.213880628 0.012795423 0.976776004 -1.356073912
0 0.505974535 0.899510370 0.500000000 0.500000000 0.000000000 0.000000000 0.975659728 0.032962248 -0.216798499 -0.033134180 -0.034960620 0.999374151 -0.005387714 -0.885575421 0.216485232 0.012835985 0.976201534 -1.386790385
0 0.505974535 0.899510370 0.500000000 0.500000000 0.000000000 0.000000000 0.975120723 0.033046607 -0.219197288 -0.025689132 -0.035223559 0.999361277 -0.006029838 -0.891425218 0.218858019 0.013600729 0.975661933 -1.417955978
0 0.505974535 0.899510370 0.500000000 0.500000000 0.000000000 0.000000000 0.974514604 0.033329245 -0.221834257 -0.017237817 -0.035559986 0.999349117 -0.006068365 -0.897217771 0.221487612 0.013802133 0.975065529 -1.448636762
0 0.505974535 0.899510370 0.500000000 0.500000000 0.000000000 0.000000000 0.974023640 0.033544421 -0.223948091 -0.009369175 -0.035699889 0.999346972 -0.005581738 -0.904080442 0.223614603 0.013431666 0.974585116 -1.478187361
0 0.505974535 0.899510370 0.500000000 0.500000000 0.000000000 0.000000000 0.973462760 0.033706967 -0.226349533 0.000724700 -0.035898987 0.999339879 -0.005573723 -0.909714042 0.226012230 0.013551530 0.974030197 -1.508371940
0 0.505974535 0.899510370 0.500000000 0.500000000 0.000000000 0.000000000 0.973087490 0.033759717 -0.227949694 0.010814256 -0.036038511 0.999333322 -0.005840831 -0.915073661 0.227600545 0.013898606 0.973655403 -1.538980854
0 0.505974535 0.899510370 0.500000000 0.500000000 0.000000000 0.000000000 0.972814322 0.033834126 -0.229101643 0.017896905 -0.036185756 0.999326646 -0.006070137 -0.920941819 0.228742003 0.014195331 0.973383605 -1.570368803
0 0.505974535 0.899510370 0.500000000 0.500000000 0.000000000 0.000000000 0.972395539 0.033995632 -0.230848894 0.026552443 -0.036477536 0.999313414 -0.006490403 -0.925326822 0.230469748 0.014732039 0.972967982 -1.602401446
0 0.505974535 0.899510370 0.500000000 0.500000000 0.000000000 0.000000000 0.972111702 0.034091551 -0.232027262 0.034585096 -0.036658820 0.999304950 -0.006760458 -0.930723752 0.231635526 0.015077766 0.972685814 -1.634924998
0 0.505974535 0.899510370 0.500000000 0.500000000 0.000000000 0.000000000 0.971841633 0.034240369 -0.233133942 0.041789691 -0.036870923 0.999296010 -0.006933500 -0.936528512 0.232732400 0.015334127 0.972419918 -1.668568185
0 0.505974535 0.899510370 0.500000000 0.500000000 0.000000000 0.000000000 0.971471429 0.034242373 -0.234671459 0.051024075 -0.036900617 0.999294817 -0.006944470 -0.942763151 0.234268174 0.015405876 0.972049952 -1.702757864
0 0.505974535 0.899510370 0.500000000 0.500000000 0.000000000 0.000000000 0.971231759 0.034378793 -0.235641569 0.058490464 -0.036942840 0.999296427 -0.006473625 -0.950546407 0.235253215 0.014992659 0.971818447 -1.737755586
0 0.505974535 0.899510370 0.500000000 0.500000000 0.000000000 0.000000000 0.970997751 0.034447826 -0.236593977 0.066312602 -0.036859337 0.999303758 -0.005775688 -0.959027640 0.236230284 0.014328877 0.971591473 -1.773556738
0 0.505974535 0.899510370 0.500000000 0.500000000 0.000000000 0.000000000 0.970760822 0.034380063 -0.237574175 0.075260124 -0.036656879 0.999314547 -0.005171283 -0.968299636 0.237233534 0.013728807 0.971355617 -1.810124209
0 0.505974535 0.899510370 0.500000000 0.500000000 0.000000000 0.000000000 0.970519304 0.034423303 -0.238552541 0.083396380 -0.036769122 0.999309242 -0.005389253 -0.976672042 0.238202244 0.014001741 0.971114635 -1.848434029
0 0.505974535 0.899510370 0.500000000 0.500000000 0.000000000 0.000000000 0.970317781 0.034589082 -0.239346951 0.092195067 -0.037113603 0.999292731 -0.006047162 -0.983326914 0.238968506 0.014750697 0.970915258 -1.888221762
0 0.505974535 0.899510370 0.500000000 0.500000000 0.000000000 0.000000000 0.970233321 0.034557853 -0.239693657 0.099251236 -0.037153069 0.999289632 -0.006315731 -0.990790123 0.239305124 0.015033087 0.970828056 -1.928259523
0 0.505974535 0.899510370 0.500000000 0.500000000 0.000000000 0.000000000 0.970044553 0.034621470 -0.240447313 0.108041760 -0.037220571 0.999287367 -0.006275036 -0.996953557 0.240058705 0.015036651 0.970641911 -1.967702424
0 0.505974535 0.899510370 0.500000000 0.500000000 0.000000000 0.000000000 0.969878435 0.034721788 -0.241101995 0.115778756 -0.037230954 0.999289513 -0.005858025 -1.003940396 0.240727291 0.014658029 0.970482111 -2.006795961
0 0.505974535 0.899510370 0.500000000 0.500000000 0.000000000 0.000000000 0.969649792 0.034774698 -0.242012486 0.123891143 -0.037201878 0.999292850 -0.005465359 -1.011022942 0.241651282 0.014302803 0.970257759 -2.045831698
0 0.505974535 0.899510370 0.500000000 0.500000000 0.000000000 0.000000000 0.969468057 0.034734439 -0.242745072 0.131510873 -0.037230480 0.999290466 -0.005701333 -1.015554265 0.242374793 0.014564777 0.970073342 -2.085471615
0 0.505974535 0.899510370 0.500000000 0.500000000 0.000000000 0.000000000 0.969246387 0.034808006 -0.243618131 0.138769443 -0.037421089 0.999280930 -0.006104953 -1.017994842 0.243230462 0.015033660 0.969852030 -2.124946402
0 0.505974535 0.899510370 0.500000000 0.500000000 0.000000000 0.000000000 0.969026923 0.034922514 -0.244473457 0.146075397 -0.037607942 0.999272585 -0.006323789 -1.020332969 0.244074777 0.015322065 0.969635367 -2.162930174
0 0.505974535 0.899510370 0.500000000 0.500000000 0.000000000 0.000000000 0.968866527 0.035020057 -0.245094419 0.152510135 -0.037712961 0.999268770 -0.006301151 -1.023547923 0.244694516 0.015348210 0.969478726 -2.199736832
0 0.505974535 0.899510370 0.500000000 0.500000000 0.000000000 0.000000000 0.968543947 0.035071537 -0.246358737 0.161072329 -0.037782677 0.999266207 -0.006285068 -1.026680521 0.245957538 0.015395457 0.969158351 -2.236235464
0 0.505974535 0.899510370 0.500000000 0.500000000 0.000000000 0.000000000 0.968358457 0.035256680 -0.247060493 0.168495140 -0.037958048 0.999260247 -0.006178244 -1.030354170 0.246659905 0.015360690 0.968980372 -2.272100444
0 0.505974535 0.899510370 0.500000000 0.500000000 0.000000000 0.000000000 0.968293130 0.035312984 -0.247308314 0.173857708 -0.037983026 0.999260187 -0.006032334 -1.034000872 0.246912330 0.015234587 0.968918085 -2.307969578
0 0.505974535 0.899510370 0.500000000 0.500000000 0.000000000 0.000000000 0.968085408 0.035365619 -0.248112828 0.179729655 -0.037991080 0.999261260 -0.005800251 -1.037397725 0.247724399 0.015041213 0.968713760 -2.343409166
0 0.505974535 0.899510370 0.500000000 0.500000000 0.000000000 0.000000000 0.967831910 0.035432793 -0.249090120 0.186106821 -0.037985522 0.999263465 -0.005447449 -1.040833937 0.248713642 0.014734033 0.968464971 -2.378550753
0 0.505974535 0.899510370 0.500000000 0.500000000 0.000000000 0.000000000 0.967671931 0.035548139 -0.249694601 0.191485593 -0.037928734 0.999269247 -0.004727412 -1.045193741 0.249344096 0.014045184 0.968313098 -2.413589793
0 0.505974535 0.899510370 0.500000000 0.500000000 0.000000000 0.000000000 0.967584193 0.035701182 -0.250012457 0.194764901 -0.037918441 0.999272585 -0.004056098 -1.049826419 0.249685779 0.013404699 0.968234122 -2.447817797
