0 0.185626623 0.330002929 0.500000000 0.500000000 0.000000000 0.000000000 0.999948382 0.006417180 0.007875386 0.147976896 -0.006265128 0.999796391 -0.019182464 -1.010253759 -0.007996880 0.019132134 0.999785006 0.255926359
0 0.185626623 0.330002929 0.500000000 0.500000000 0.000000000 0.000000000 0.999948978 0.006352885 0.007854469 0.145412959 -0.006201758 0.999798000 -0.019117851 -1.032412062 -0.007974336 0.019068165 0.999786377 0.262938263
0 0.185626623 0.330002929 0.500000000 0.500000000 0.000000000 0.000000000 0.999948800 0.006345962 0.007882279 0.144285950 -0.006194601 0.999798775 -0.019080883 -1.043076620 -0.008001779 0.019031079 0.999786854 0.266473115
0 0.185626623 0.330002929 0.500000000 0.500000000 0.000000000 0.000000000 0.999948025 0.006458685 0.007885974 0.141164330 -0.006308838 0.999801815 -0.018880963 -1.063921414 -0.008006357 0.018830230 0.999790609 0.273570668
0 0.185626623 0.330002929 0.500000000 0.500000000 0.000000000 0.000000000 0.999947727 0.006482743 0.007906559 0.137574763 -0.006333489 0.999803960 -0.018758444 -1.084531591 -0.008026615 0.018707389 0.999792755 0.280622741
0 0.185626623 0.330002929 0.500000000 0.500000000 0.000000000 0.000000000 0.999948442 0.006389601 0.007890921 0.135961019 -0.006241100 0.999805629 -0.018702576 -1.095649524 -0.008008889 0.018652363 0.999793947 0.284289980
0 0.185626623 0.330002929 0.500000000 0.500000000 0.000000000 0.000000000 0.999948919 0.006328972 0.007880583 0.132570805 -0.006181593 0.999808133 -0.018587502 -1.117037261 -0.007996711 0.018537838 0.999796152 0.291597786
0 0.185626623 0.330002929 0.500000000 0.500000000 0.000000000 0.000000000 0.999948382 0.006388870 0.007902357 0.130089097 -0.006241293 0.999808252 -0.018560775 -1.127950293 -0.008019424 0.018510496 0.999796510 0.295211323
0 0.185626623 0.330002929 0.500000000 0.500000000 0.000000000 0.000000000 0.999948084 0.006449658 0.007891399 0.126863761 -0.006303303 0.999810219 -0.018432491 -1.148989063 -0.008008785 0.018381791 0.999798954 0.302626091
0 0.185626623 0.330002929 0.500000000 0.500000000 0.000000000 0.000000000 0.999947906 0.006374891 0.007974782 0.121708647 -0.006227946 0.999812841 -0.018317271 -1.170932077 -0.008090060 0.018266650 0.999800444 0.310007558
0 0.185626623 0.330002929 0.500000000 0.500000000 0.000000000 0.000000000 0.999948263 0.006373004 0.007927357 0.120343307 -0.006227340 0.999813795 -0.018265788 -1.181314607 -0.008042289 0.018215477 0.999801755 0.313783437
0 0.185626623 0.330002929 0.500000000 0.500000000 0.000000000 0.000000000 0.999948561 0.006277303 0.007968445 0.114412684 -0.006131442 0.999815583 -0.018199069 -1.203769189 -0.008081216 0.018149275 0.999802649 0.321312304
0 0.185626623 0.330002929 0.500000000 0.500000000 0.000000000 0.000000000 0.999948561 0.006258410 0.007982772 0.112018933 -0.006112775 0.999816775 -0.018139441 -1.214421090 -0.008094833 0.018089710 0.999803603 0.325001058
0 0.185626623 0.330002929 0.500000000 0.500000000 0.000000000 0.000000000 0.999949455 0.006060483 0.008024599 0.106614982 -0.005914792 0.999819458 -0.018056452 -1.236519929 -0.008132582 0.018008076 0.999804795 0.332725390
0 0.185626623 0.330002929 0.500000000 0.500000000 0.000000000 0.000000000 0.999950409 0.005916174 0.008010210 0.100578781 -0.005771968 0.999822974 -0.017907742 -1.257861159 -0.008114737 0.017860619 0.999807537 0.340267772
0 0.185626623 0.330002929 0.500000000 0.500000000 0.000000000 0.000000000 0.999949872 0.005946521 0.008057242 0.097010710 -0.005801628 0.999823153 -0.017888514 -1.268546894 -0.008162192 0.017840872 0.999807537 0.344070336
0 0.185626623 0.330002929 0.500000000 0.500000000 0.000000000 0.000000000 0.999950349 0.005892380 0.008034591 0.090892829 -0.005749183 0.999826252 -0.017730685 -1.289775314 -0.008137670 0.017683614 0.999810517 0.351853871
0 0.185626623 0.330002929 0.500000000 0.500000000 0.000000000 0.000000000 0.999950349 0.005832860 0.008076236 0.087838471 -0.005689248 0.999827266 -0.017692378 -1.300403327 -0.008178038 0.017645553 0.999810874 0.355732641
0 0.185626623 0.330002929 0.500000000 0.500000000 0.000000000 0.000000000 0.999950647 0.005833024 0.008041191 0.082222199 -0.005691596 0.999830663 -0.017499972 -1.320951799 -0.008141907 0.017453343 0.999814510 0.363468996
0 0.185626623 0.330002929 0.500000000 0.500000000 0.000000000 0.000000000 0.999950528 0.005838729 0.008052982 0.076299514 -0.005698094 0.999832749 -0.017377518 -1.341282352 -0.008153098 0.017330771 0.999816597 0.371178293
0 0.185626623 0.330002929 0.500000000 0.500000000 0.000000000 0.000000000 0.999950469 0.005762923 0.008111891 0.073283656 -0.005621787 0.999834299 -0.017315222 -1.351277218 -0.008210333 0.017268762 0.999817193 0.374968979
0 0.185626623 0.330002929 0.500000000 0.500000000 0.000000000 0.000000000 0.999951005 0.005764779 0.008049792 0.066685918 -0.005625644 0.999836206 -0.017201267 -1.371707363 -0.008147635 0.017155139 0.999819636 0.382579404
0 0.185626623 0.330002929 0.500000000 0.500000000 0.000000000 0.000000000 0.999951541 0.005687080 0.008035835 0.064259716 -0.005549063 0.999838471 -0.017094420 -1.382293039 -0.008131755 0.017049000 0.999821603 0.386456864
0 0.185626623 0.330002929 0.500000000 0.500000000 0.000000000 0.000000000 0.999952078 0.005612588 0.008024976 0.058084528 -0.005476205 0.999841928 -0.016917026 -1.402618024 -0.008118656 0.016872268 0.999824703 0.394083289
0 0.185626623 0.330002929 0.500000000 0.500000000 0.000000000 0.000000000 0.999952316 0.005543656 0.008043166 0.052598742 -0.005407687 0.999843776 -0.016829273 -1.421851837 -0.008135205 0.016784975 0.999826014 0.401631856
0 0.185626623 0.330002929 0.500000000 0.500000000 0.000000000 0.000000000 0.999953210 0.005439781 0.008002671 0.049815424 -0.005304687 0.999844670 -0.016806576 -1.431908544 -0.008092853 0.016763339 0.999826729 0.405486319
0 0.185626623 0.330002929 0.500000000 0.500000000 0.000000000 0.000000000 0.999952912 0.005488644 0.008004976 0.044331212 -0.005354842 0.999847174 -0.016641688 -1.451133786 -0.008095092 0.016598038 0.999829471 0.412844277
0 0.185626623 0.330002929 0.500000000 0.500000000 0.000000000 0.000000000 0.999953151 0.005472255 0.007986855 0.041938147 -0.005338892 0.999847531 -0.016624721 -1.460750207 -0.008076612 0.016581301 0.999829888 0.416630203
0 0.185626623 0.330002929 0.500000000 0.500000000 0.000000000 0.000000000 0.999953151 0.005541090 0.007938751 0.037486680 -0.005409787 0.999849796 -0.016466597 -1.479695405 -0.008028802 0.016422879 0.999832928 0.424000559
0 0.185626623 0.330002929 0.500000000 0.500000000 0.000000000 0.000000000 0.999953389 0.005451042 0.007968004 0.034604868 -0.005320470 0.999852717 -0.016317345 -1.499064939 -0.008055777 0.016274191 0.999835134 0.431470768
0 0.185626623 0.330002929 0.500000000 0.500000000 0.000000000 0.000000000 0.999953210 0.005466409 0.007984318 0.032131528 -0.005335988 0.999853492 -0.016265523 -1.507859104 -0.008072062 0.016222157 0.999835849 0.434988479
0 0.185626623 0.330002929 0.500000000 0.500000000 0.000000000 0.000000000 0.999953747 0.005421591 0.007947903 0.028276371 -0.005292881 0.999855936 -0.016126787 -1.526669688 -0.008034191 0.016083974 0.999838352 0.442424294
0 0.185626623 0.330002929 0.500000000 0.500000000 0.000000000 0.000000000 0.999953389 0.005410112 0.007996091 0.026345095 -0.005281297 0.999857366 -0.016043967 -1.535204568 -0.008081750 0.016000990 0.999839306 0.445942826
0 0.185626623 0.330002929 0.500000000 0.500000000 0.000000000 0.000000000 0.999953866 0.005391628 0.007947748 0.022610958 -0.005264519 0.999859273 -0.015928239 -1.553585463 -0.008032508 0.015885662 0.999841571 0.453170802
0 0.185626623 0.330002929 0.500000000 0.500000000 0.000000000 0.000000000 0.999954164 0.005369249 0.007926435 0.019477288 -0.005243357 0.999861121 -0.015818838 -1.571134879 -0.008010270 0.015776552 0.999843478 0.460258294
0 0.185626623 0.330002929 0.500000000 0.500000000 0.000000000 0.000000000 0.999954224 0.005361910 0.007924787 0.018050004 -0.005236398 0.999861836 -0.015774613 -1.580812241 -0.008008274 0.015732395 0.999844193 0.463934977
0 0.185626623 0.330002929 0.500000000 0.500000000 0.000000000 0.000000000 0.999954164 0.005374778 0.007926972 0.015087915 -0.005250023 0.999863327 -0.015675757 -1.599060684 -0.008010142 0.015633421 0.999845684 0.470999636
0 0.185626623 0.330002929 0.500000000 0.500000000 0.000000000 0.000000000 0.999954224 0.005379236 0.007912528 0.013703474 -0.005255011 0.999863923 -0.015637668 -1.608352230 -0.007995569 0.015595372 0.999846399 0.474577597
0 0.185626623 0.330002929 0.500000000 0.500000000 0.000000000 0.000000000 0.999954164 0.005387782 0.007915982 0.010459598 -0.005264381 0.999865592 -0.015527842 -1.625719280 -0.007998578 0.015485457 0.999848127 0.481585435
0 0.185626623 0.330002929 0.500000000 0.500000000 0.000000000 0.000000000 0.999954164 0.005373170 0.007924731 0.007151819 -0.005250409 0.999867141 -0.015431207 -1.643529038 -0.008006593 0.015388891 0.999849498 0.488730672
0 0.185626623 0.330002929 0.500000000 0.500000000 0.000000000 0.000000000 0.999953985 0.005434832 0.007906904 0.005775982 -0.005312598 0.999867320 -0.015398878 -1.651921626 -0.007989546 0.015356163 0.999850154 0.492233432
0 0.185626623 0.330002929 0.500000000 0.500000000 0.000000000 0.000000000 0.999954641 0.005398204 0.007849601 0.003302836 -0.005277610 0.999868989 -0.015303438 -1.670192105 -0.007931184 0.015261316 0.999852061 0.499480850
0 0.185626623 0.330002929 0.500000000 0.500000000 0.000000000 0.000000000 0.999953926 0.005493919 0.007873002 0.001747607 -0.005372839 0.999868214 -0.015318719 -1.678497723 -0.007956124 0.015275712 0.999851644 0.502861342
0 0.185626623 0.330002929 0.500000000 0.500000000 0.000000000 0.000000000 0.999953568 0.005565100 0.007868141 -0.000922157 -0.005445354 0.999870241 -0.015159556 -1.696373776 -0.007951485 0.015116007 0.999854147 0.509901899
0 0.185626623 0.330002929 0.500000000 0.500000000 0.000000000 0.000000000 0.999954283 0.005491827 0.007830096 -0.001203643 -0.005372896 0.999871075 -0.015129887 -1.705116396 -0.007912178 0.015087125 0.999854863 0.513560002
0 0.185626623 0.330002929 0.500000000 0.500000000 0.000000000 0.000000000 0.999954402 0.005488327 0.007814467 -0.002709404 -0.005370330 0.999872446 -0.015041580 -1.724059000 -0.007896023 0.014998928 0.999856353 0.520752505
0 0.185626623 0.330002929 0.500000000 0.500000000 0.000000000 0.000000000 0.999954402 0.005492424 0.007811212 -0.003722949 -0.005374962 0.999873340 -0.014979989 -1.742499647 -0.007892500 0.014937321 0.999857306 0.527933289
0 0.185626623 0.330002929 0.500000000 0.500000000 0.000000000 0.000000000 0.999954283 0.005560406 0.007776186 -0.003869523 -0.005443859 0.999873757 -0.014929396 -1.752251905 -0.007858218 0.014886381 0.999858320 0.531538632
0 0.185626623 0.330002929 0.500000000 0.500000000 0.000000000 0.000000000 0.999953747 0.005649897 0.007784904 -0.004272208 -0.005533449 0.999873698 -0.014899380 -1.771980839 -0.007868100 0.014855613 0.999858677 0.538729775
0 0.185626623 0.330002929 0.500000000 0.500000000 0.000000000 0.000000000 0.999953985 0.005637778 0.007764864 -0.004219242 -0.005521972 0.999874413 -0.014855592 -1.782136957 -0.007847642 0.014812031 0.999859512 0.542404865
0 0.185626623 0.330002929 0.500000000 0.500000000 0.000000000 0.000000000 0.999953747 0.005614959 0.007809817 -0.004539978 -0.005498859 0.999875247 -0.014808832 -1.801896337 -0.007891994 0.014765201 0.999859869 0.549577925
0 0.185626623 0.330002929 0.500000000 0.500000000 0.000000000 0.000000000 0.999954343 0.005587623 0.007750435 -0.005350809 -0.005472839 0.999876201 -0.014753041 -1.822010013 -0.007831910 0.014709951 0.999861121 0.556947383
0 0.185626623 0.330002929 0.500000000 0.500000000 0.000000000 0.000000000 0.999954343 0.005635358 0.007713651 -0.005169341 -0.005521995 0.999877572 -0.014639736 -1.832327621 -0.007795207 0.014596473 0.999863088 0.560656823
0 0.185626623 0.330002929 0.500000000 0.500000000 0.000000000 0.000000000 0.999953926 0.005721569 0.007704778 -0.005316365 -0.005609053 0.999878466 -0.014546560 -1.851861018 -0.007787071 0.014502673 0.999864519 0.567957776
0 0.185626623 0.330002929 0.500000000 0.500000000 0.000000000 0.000000000 0.999953687 0.005780800 0.007694578 -0.004807592 -0.005669025 0.999879241 -0.014469874 -1.861204093 -0.007777296 0.014425583 0.999865711 0.571603832
0 0.185626623 0.330002929 0.500000000 0.500000000 0.000000000 0.000000000 0.999953747 0.005797910 0.007671859 -0.004503121 -0.005687471 0.999881029 -0.014339584 -1.880690907 -0.007754086 0.014295287 0.999867737 0.579191158
0 0.185626623 0.330002929 0.500000000 0.500000000 0.000000000 0.000000000 0.999953091 0.005903166 0.007677787 -0.004761951 -0.005793346 0.999881685 -0.014248027 -1.899285051 -0.007760988 0.014202879 0.999868989 0.586603099
0 0.185626623 0.330002929 0.500000000 0.500000000 0.000000000 0.000000000 0.999953687 0.005819308 0.007667937 -0.004355432 -0.005710034 0.999882936 -0.014196374 -1.909099908 -0.007749652 0.014151933 0.999869823 0.590255518
0 0.185626623 0.330002929 0.500000000 0.500000000 0.000000000 0.000000000 0.999953210 0.005875291 0.007688274 -0.004526368 -0.005766535 0.999884069 -0.014092231 -1.928014773 -0.007770178 0.014047236 0.999871135 0.597719344
0 0.185626623 0.330002929 0.500000000 0.500000000 0.000000000 0.000000000 0.999953806 0.005900491 0.007590211 -0.003173009 -0.005793633 0.999884844 -0.014024277 -1.937890107 -0.007672088 0.013979654 0.999872863 0.601700838
0 0.185626623 0.330002929 0.500000000 0.500000000 0.000000000 0.000000000 0.999952853 0.006004613 0.007634889 -0.003360088 -0.005898062 0.999885976 -0.013902660 -1.956587219 -0.007717499 0.013856973 0.999874175 0.609144318
0 0.185626623 0.330002929 0.500000000 0.500000000 0.000000000 0.000000000 0.999954104 0.005776587 0.007645801 -0.003508764 -0.005670449 0.999888241 -0.013831446 -1.976066687 -0.007724845 0.013787456 0.999875128 0.616699634
0 0.185626623 0.330002929 0.500000000 0.500000000 0.000000000 0.000000000 0.999953866 0.005864896 0.007607430 -0.003315909 -0.005759822 0.999888718 -0.013761167 -1.984810316 -0.007687291 0.013716715 0.999876380 0.620402745
0 0.185626623 0.330002929 0.500000000 0.500000000 0.000000000 0.000000000 0.999953747 0.005897369 0.007600197 -0.002947341 -0.005793097 0.999889791 -0.013669376 -2.003918872 -0.007679973 0.013624716 0.999877691 0.627950466
0 0.185626623 0.330002929 0.500000000 0.500000000 0.000000000 0.000000000 0.999953985 0.005934780 0.007537791 -0.002373688 -0.005831616 0.999890029 -0.013635403 -2.013356120 -0.007617885 0.013590817 0.999878645 0.631850693
0 0.185626623 0.330002929 0.500000000 0.500000000 0.000000000 0.000000000 0.999953806 0.005988207 0.007521481 -0.000875985 -0.005886358 0.999891639 -0.013491047 -2.032673037 -0.007601453 0.013446148 0.999880731 0.639698954
0 0.185626623 0.330002929 0.500000000 0.500000000 0.000000000 0.000000000 0.999953389 0.005964980 0.007594699 -0.002189756 -0.005863010 0.999893308 -0.013378725 -2.050378135 -0.007673693 0.013333573 0.999881685 0.647214774
0 0.185626623 0.330002929 0.500000000 0.500000000 0.000000000 0.000000000 0.999954164 0.005845665 0.007581599 -0.002875614 -0.005744034 0.999894261 -0.013358128 -2.059479313 -0.007658885 0.013313968 0.999882042 0.650965081
0 0.185626623 0.330002929 0.500000000 0.500000000 0.000000000 0.000000000 0.999953687 0.006004432 0.007523048 -0.003668693 -0.005904696 0.999895334 -0.013210254 -2.077586860 -0.007601581 0.013165220 0.999884427 0.658682092
0 0.185626623 0.330002929 0.500000000 0.500000000 0.000000000 0.000000000 0.999954224 0.005893577 0.007539222 -0.003616663 -0.005793816 0.999896288 -0.013186411 -2.086766340 -0.007616155 0.013142127 0.999884605 0.662524911
0 0.185626623 0.330002929 0.500000000 0.500000000 0.000000000 0.000000000 0.999953747 0.005960318 0.007547114 -0.003907084 -0.005861380 0.999897480 -0.013064400 -2.105379684 -0.007624208 0.013019560 0.999886155 0.670190347
0 0.185626623 0.330002929 0.500000000 0.500000000 0.000000000 0.000000000 0.999954164 0.005949536 0.007500227 -0.005703897 -0.005851670 0.999898314 -0.013003552 -2.125258857 -0.007576829 0.012959068 0.999887347 0.678049275
0 0.185626623 0.330002929 0.500000000 0.500000000 0.000000000 0.000000000 0.999954283 0.005952458 0.007485724 -0.006332205 -0.005855016 0.999898732 -0.012972289 -2.135028154 -0.007562183 0.012927866 0.999887824 0.681828324
0 0.185626623 0.330002929 0.500000000 0.500000000 0.000000000 0.000000000 0.999954283 0.005909287 0.007517811 -0.007571341 -0.005812121 0.999900162 -0.012881694 -2.155200560 -0.007593182 0.012837411 0.999888778 0.689622185
0 0.185626623 0.330002929 0.500000000 0.500000000 0.000000000 0.000000000 0.999954522 0.005920902 0.007472646 -0.008835155 -0.005824324 0.999900103 -0.012880526 -2.164711719 -0.007548164 0.012836418 0.999889135 0.693427144
0 0.185626623 0.330002929 0.500000000 0.500000000 0.000000000 0.000000000 0.999953747 0.006065929 0.007466228 -0.011729122 -0.005969814 0.999899864 -0.012828964 -2.185075651 -0.007543300 0.012783798 0.999889851 0.701309293
0 0.185626623 0.330002929 0.500000000 0.500000000 0.000000000 0.000000000 0.999954522 0.006013560 0.007399586 -0.014127209 -0.005919316 0.999901891 -0.012693002 -2.204978475 -0.007475190 0.012648624 0.999892056 0.709142544
0 0.185626623 0.330002929 0.500000000 0.500000000 0.000000000 0.000000000 0.999953926 0.006136515 0.007384141 -0.015232713 -0.006042453 0.999901175 -0.012693927 -2.215126335 -0.007461309 0.012648723 0.999892175 0.713105066
0 0.185626623 0.330002929 0.500000000 0.500000000 0.000000000 0.000000000 0.999953449 0.006233908 0.007367505 -0.016887519 -0.006140761 0.999901772 -0.012598757 -2.235287234 -0.007445321 0.012552927 0.999893486 0.721031758
0 0.185626623 0.330002929 0.500000000 0.500000000 0.000000000 0.000000000 0.999953032 0.006288452 0.007373294 -0.017914775 -0.006195401 0.999901712 -0.012575569 -2.245568252 -0.007451651 0.012529298 0.999893725 0.725039464
0 0.185626623 0.330002929 0.500000000 0.500000000 0.000000000 0.000000000 0.999952376 0.006383490 0.007385844 -0.019067405 -0.006290812 0.999902010 -0.012504006 -2.265494885 -0.007464940 0.012456947 0.999894559 0.732945365
