0 0.497904230 0.885163126 0.500000000 0.500000000 0.000000000 0.000000000 0.828408599 0.066317983 -0.556184471 1.240474484 -0.079931989 0.996800303 -0.000198782 -0.070883868 0.554391682 0.044621605 0.831058860 -0.664945210
0 0.497904230 0.885163126 0.500000000 0.500000000 0.000000000 0.000000000 0.823196650 0.067235671 -0.563761115 1.259314778 -0.081098929 0.996705949 0.000450241 -0.072520811 0.561934352 0.045349784 0.825937748 -0.659638127
0 0.497904230 0.885163126 0.500000000 0.500000000 0.000000000 0.000000000 0.818328202 0.068320505 -0.570676148 1.277680340 -0.082325891 0.996604681 0.001259793 -0.074049936 0.568824589 0.045950502 0.821174264 -0.655183695
0 0.497904230 0.885163126 0.500000000 0.500000000 0.000000000 0.000000000 0.813822031 0.069064930 -0.576995492 1.294681298 -0.083322532 0.996521056 0.001759020 -0.074544287 0.575109601 0.046645194 0.816745460 -0.651091932
0 0.497904230 0.885163126 0.500000000 0.500000000 0.000000000 0.000000000 0.808523476 0.069854580 -0.584303081 1.312373817 -0.084442355 0.996425748 0.002278392 -0.074770441 0.582373798 0.047497794 0.811532319 -0.644843436
0 0.497904230 0.885163126 0.500000000 0.500000000 0.000000000 0.000000000 0.803062797 0.070682094 -0.591687560 1.329811375 -0.085631765 0.996322930 0.002796253 -0.074825043 0.589709520 0.048421685 0.806162536 -0.637911681
0 0.497904230 0.885163126 0.500000000 0.500000000 0.000000000 0.000000000 0.797839344 0.071465090 -0.598619342 1.346944869 -0.086878411 0.996213973 0.003139747 -0.074372310 0.596577346 0.049502082 0.801027477 -0.631401016
0 0.497904230 0.885163126 0.500000000 0.500000000 0.000000000 0.000000000 0.792490005 0.072305970 -0.605583489 1.363412755 -0.088208094 0.996095896 0.003500172 -0.073806600 0.603472352 0.050643515 0.795774043 -0.623759044
0 0.497904230 0.885163126 0.500000000 0.500000000 0.000000000 0.000000000 0.787292600 0.073205106 -0.612218440 1.379245271 -0.089570671 0.995972812 0.003907050 -0.072874826 0.610038936 0.051760826 0.790679038 -0.616279575
0 0.497904230 0.885163126 0.500000000 0.500000000 0.000000000 0.000000000 0.781818032 0.074188329 -0.619077265 1.394903571 -0.090858050 0.995853245 0.004597532 -0.072169872 0.616851211 0.052653719 0.785316586 -0.607627963
0 0.497904230 0.885163126 0.500000000 0.500000000 0.000000000 0.000000000 0.776405096 0.075160377 -0.625736356 1.410485040 -0.092089869 0.995736361 0.005339117 -0.071077635 0.623469770 0.053478662 0.780016303 -0.598960412
0 0.497904230 0.885163126 0.500000000 0.500000000 0.000000000 0.000000000 0.771055639 0.076059505 -0.632208884 1.425405508 -0.092799537 0.995662928 0.006605442 -0.070618311 0.629969358 0.053575531 0.774769783 -0.590081632
0 0.497904230 0.885163126 0.500000000 0.500000000 0.000000000 0.000000000 0.765755832 0.077147029 -0.638487577 1.439441882 -0.093235530 0.995607972 0.008477150 -0.070185989 0.636337280 0.053038295 0.769585490 -0.580543235
0 0.497904230 0.885163126 0.500000000 0.500000000 0.000000000 0.000000000 0.760458171 0.078178540 -0.644663870 1.453393476 -0.093589671 0.995557249 0.010331251 -0.069875147 0.642607450 0.052477393 0.764396369 -0.570378052
0 0.497904230 0.885163126 0.500000000 0.500000000 0.000000000 0.000000000 0.755041897 0.079149142 -0.650881827 1.467448490 -0.094553128 0.995454907 0.011365855 -0.068947584 0.648823082 0.052961212 0.759094000 -0.559538226
0 0.497904230 0.885163126 0.500000000 0.500000000 0.000000000 0.000000000 0.749214530 0.080098622 -0.657466233 1.481229386 -0.096100926 0.995302320 0.011745292 -0.067234952 0.655318439 0.054383367 0.753392458 -0.547077707
0 0.497904230 0.885163126 0.500000000 0.500000000 0.000000000 0.000000000 0.743249178 0.080893382 -0.664106131 1.495174780 -0.097402982 0.995170116 0.012208882 -0.065323651 0.661886215 0.055611677 0.747538626 -0.533483506
0 0.497904230 0.885163126 0.500000000 0.500000000 0.000000000 0.000000000 0.737318873 0.081633233 -0.670594454 1.508894562 -0.098200634 0.995079577 0.013162036 -0.063208522 0.668369293 0.056148179 0.741707385 -0.519348293
0 0.497904230 0.885163126 0.500000000 0.500000000 0.000000000 0.000000000 0.731511652 0.082852386 -0.676776290 1.522015366 -0.099019438 0.994975746 0.014779243 -0.062043179 0.674600482 0.056202818 0.736040354 -0.504761853
0 0.497904230 0.885163126 0.500000000 0.500000000 0.000000000 0.000000000 0.725791991 0.083629623 -0.682811916 1.534448930 -0.099690482 0.994891644 0.015887044 -0.060211483 0.680652499 0.056539159 0.730421484 -0.490127043
0 0.497904230 0.885163126 0.500000000 0.500000000 0.000000000 0.000000000 0.719788551 0.084522590 -0.689028561 1.547104015 -0.100671172 0.994776845 0.016863098 -0.058121583 0.686854959 0.057227448 0.724537969 -0.474064762
0 0.497904230 0.885163126 0.500000000 0.500000000 0.000000000 0.000000000 0.713403642 0.085268788 -0.695546150 1.559622711 -0.101564690 0.994670272 0.017766915 -0.055601405 0.693354070 0.057967950 0.718261719 -0.455997349
0 0.497904230 0.885163126 0.500000000 0.500000000 0.000000000 0.000000000 0.706718862 0.085894309 -0.702261090 1.572391416 -0.102254488 0.994581640 0.018744776 -0.053034803 0.700066030 0.058562059 0.711672723 -0.436866391
0 0.497904230 0.885163126 0.500000000 0.500000000 0.000000000 0.000000000 0.700046360 0.086724944 -0.708811581 1.585397989 -0.102993697 0.994481802 0.019957360 -0.050545208 0.706631005 0.059032049 0.705115497 -0.417010962
0 0.497904230 0.885163126 0.500000000 0.500000000 0.000000000 0.000000000 0.693554342 0.087359801 -0.715087831 1.597889139 -0.103620797 0.994395554 0.020981396 -0.047684882 0.712913096 0.059546232 0.698719680 -0.396968550
0 0.497904230 0.885163126 0.500000000 0.500000000 0.000000000 0.000000000 0.686878622 0.088204741 -0.721399784 1.610179217 -0.104509652 0.994279146 0.022060852 -0.044864032 0.719218671 0.060240112 0.692167342 -0.376002312
0 0.497904230 0.885163126 0.500000000 0.500000000 0.000000000 0.000000000 0.680107236 0.089017637 -0.727688134 1.622809435 -0.105421215 0.994159639 0.023086824 -0.042106811 0.725493312 0.061012257 0.685519457 -0.354569605
0 0.497904230 0.885163126 0.500000000 0.500000000 0.000000000 0.000000000 0.673305571 0.089802355 -0.733890414 1.634727096 -0.106283627 0.994043112 0.024126289 -0.039351563 0.731685340 0.061756168 0.678839266 -0.332387462
0 0.497904230 0.885163126 0.500000000 0.500000000 0.000000000 0.000000000 0.666205108 0.090760693 -0.740225136 1.646540429 -0.107242092 0.993909776 0.025347298 -0.036890000 0.738017559 0.062496793 0.671881139 -0.309297372
0 0.497904230 0.885163126 0.500000000 0.500000000 0.000000000 0.000000000 0.659024537 0.091785647 -0.746499836 1.657902953 -0.108159460 0.993774831 0.026703991 -0.034558903 0.744303823 0.063142434 0.664849520 -0.285782828
0 0.497904230 0.885163126 0.500000000 0.500000000 0.000000000 0.000000000 0.651610494 0.092627645 -0.752877057 1.669062201 -0.109039664 0.993646443 0.027876718 -0.031907507 0.750675738 0.063928701 0.657570541 -0.261485232
0 0.497904230 0.885163126 0.500000000 0.500000000 0.000000000 0.000000000 0.644092798 0.093751334 -0.759180546 1.679208633 -0.110091299 0.993489981 0.029284198 -0.029801342 0.756983697 0.064717434 0.650220931 -0.236616394
0 0.497904230 0.885163126 0.500000000 0.500000000 0.000000000 0.000000000 0.636205494 0.094832279 -0.765669286 1.688976009 -0.111215480 0.993324518 0.030618094 -0.027491003 0.763461649 0.065674871 0.642505348 -0.210903071
0 0.497904230 0.885163126 0.500000000 0.500000000 0.000000000 0.000000000 0.628164768 0.095966905 -0.772139490 1.698014549 -0.112321138 0.993154645 0.032058716 -0.025018791 0.769930542 0.066589437 0.634643853 -0.184488377
0 0.497904230 0.885163126 0.500000000 0.500000000 0.000000000 0.000000000 0.619739532 0.097053230 -0.778783381 1.706137852 -0.113341726 0.992989361 0.033552945 -0.022520637 0.776580036 0.067474566 0.626394928 -0.157437722
0 0.497904230 0.885163126 0.500000000 0.500000000 0.000000000 0.000000000 0.610602438 0.097945184 -0.785857081 1.713688599 -0.114259653 0.992835462 0.034963388 -0.019352092 0.783651292 0.068443030 0.617418945 -0.128577959
0 0.497904230 0.885163126 0.500000000 0.500000000 0.000000000 0.000000000 0.600764155 0.098710731 -0.793308616 1.721067785 -0.115191564 0.992680371 0.036285043 -0.015968232 0.791083634 0.069583714 0.607737422 -0.098247993
0 0.497904230 0.885163126 0.500000000 0.500000000 0.000000000 0.000000000 0.591381788 0.099600770 -0.800216973 1.727749333 -0.116194986 0.992512047 0.037663985 -0.012396155 0.797976375 0.070707403 0.598526657 -0.068380337
0 0.497904230 0.885163126 0.500000000 0.500000000 0.000000000 0.000000000 0.582527637 0.100485377 -0.806575656 1.733535343 -0.117232077 0.992340028 0.038960688 -0.008151526 0.804312289 0.071860857 0.589845598 -0.040162789
0 0.497904230 0.885163126 0.500000000 0.500000000 0.000000000 0.000000000 0.573730588 0.101667695 -0.812709570 1.738180366 -0.118490450 0.992130339 0.040464647 -0.004847923 0.810427785 0.073082522 0.581262171 -0.012113383
0 0.497904230 0.885163126 0.500000000 0.500000000 0.000000000 0.000000000 0.565004587 0.102630869 -0.818679869 1.741781768 -0.119673304 0.991934717 0.041758884 -0.000628907 0.816362739 0.074380167 0.572729826 0.015355033
0 0.497904230 0.885163126 0.500000000 0.500000000 0.000000000 0.000000000 0.556044817 0.103750095 -0.824651480 1.744338165 -0.120678887 0.991742373 0.043400757 0.003439873 0.822344661 0.075385258 0.563973665 0.043396015
0 0.497904230 0.885163126 0.500000000 0.500000000 0.000000000 0.000000000 0.547016203 0.104691818 -0.830549777 1.746224907 -0.121139035 0.991605520 0.045208573 0.008200761 0.828310668 0.075882174 0.555106580 0.071071902
0 0.497904230 0.885163126 0.500000000 0.500000000 0.000000000 0.000000000 0.538008153 0.105382659 -0.836326301 1.747169943 -0.120989457 0.991535366 0.047107592 0.012225523 0.834211469 0.075842395 0.546204329 0.098898492
0 0.497904230 0.885163126 0.500000000 0.500000000 0.000000000 0.000000000 0.528956294 0.106358960 -0.841957867 1.746893332 -0.121579006 0.991378784 0.048852850 0.015361207 0.839895129 0.076523378 0.537327051 0.126852660
0 0.497904230 0.885163126 0.500000000 0.500000000 0.000000000 0.000000000 0.519758642 0.107319459 -0.847545564 1.745852441 -0.122950025 0.991147280 0.050103556 0.018400167 0.845419526 0.078163989 0.528352320 0.153996309
0 0.497904230 0.885163126 0.500000000 0.500000000 0.000000000 0.000000000 0.510480523 0.108197160 -0.853055120 1.744200979 -0.124390766 0.990909159 0.051244631 0.021553710 0.850844622 0.079952791 0.519298494 0.182140934
0 0.497904230 0.885163126 0.500000000 0.500000000 0.000000000 0.000000000 0.501466572 0.108971268 -0.858286977 1.742135889 -0.125371233 0.990717947 0.052535232 0.024713264 0.856045127 0.081259832 0.510473847 0.209137460
0 0.497904230 0.885163126 0.500000000 0.500000000 0.000000000 0.000000000 0.492736667 0.109899200 -0.863210738 1.739458147 -0.125893712 0.990559280 0.054250054 0.027612832 0.861023426 0.081941813 0.501920462 0.235212116
0 0.497904230 0.885163126 0.500000000 0.500000000 0.000000000 0.000000000 0.483986795 0.110929459 -0.868015826 1.735528829 -0.126426786 0.990389705 0.056075595 0.030864049 0.865894377 0.082600601 0.493359983 0.262081186
0 0.497904230 0.885163126 0.500000000 0.500000000 0.000000000 0.000000000 0.475225955 0.111776926 -0.872734904 1.731215635 -0.127085567 0.990216613 0.057622317 0.033624188 0.870637417 0.083528385 0.484781861 0.288019055
0 0.497904230 0.885163126 0.500000000 0.500000000 0.000000000 0.000000000 0.466484517 0.112610444 -0.877331793 1.726340348 -0.128195211 0.989997804 0.058909308 0.036635762 0.875190377 0.084989458 0.476254791 0.314535994
0 0.497904230 0.885163126 0.500000000 0.500000000 0.000000000 0.000000000 0.457442045 0.113187164 -0.882006466 1.721472832 -0.129055321 0.989815116 0.060089167 0.039935803 0.879824698 0.086340316 0.467390478 0.340336348
0 0.497904230 0.885163126 0.500000000 0.500000000 0.000000000 0.000000000 0.447798640 0.113756128 -0.886868596 1.715361743 -0.129815817 0.989635766 0.061391044 0.043948231 0.884660542 0.087638751 0.457924902 0.369497157
0 0.497904230 0.885163126 0.500000000 0.500000000 0.000000000 0.000000000 0.438789845 0.114793263 -0.891227245 1.709572345 -0.130609825 0.989421487 0.063136153 0.046633233 0.889046967 0.088699535 0.449141234 0.395320751
0 0.497904230 0.885163126 0.500000000 0.500000000 0.000000000 0.000000000 0.429810524 0.115463160 -0.895506084 1.703396969 -0.131273404 0.989242911 0.064542748 0.050225544 0.893325388 0.089814976 0.440344244 0.422197934
0 0.497904230 0.885163126 0.500000000 0.500000000 0.000000000 0.000000000 0.421226650 0.116277024 -0.899470806 1.696478241 -0.131897062 0.989057779 0.066090122 0.052690026 0.897313356 0.090798646 0.431954086 0.447203419
0 0.497904230 0.885163126 0.500000000 0.500000000 0.000000000 0.000000000 0.412493318 0.116822660 -0.903438807 1.689404792 -0.132424906 0.988898098 0.067410558 0.055740442 0.901284039 0.091831401 0.423384100 0.473076372
0 0.497904230 0.885163126 0.500000000 0.500000000 0.000000000 0.000000000 0.403410286 0.117424272 -0.907453418 1.681123930 -0.132979482 0.988726258 0.068824656 0.058515821 0.905304670 0.092908107 0.414477378 0.499240607
0 0.497904230 0.885163126 0.500000000 0.500000000 0.000000000 0.000000000 0.393970281 0.118248127 -0.911484957 1.672590578 -0.133712739 0.988513112 0.070446566 0.061133103 0.909344971 0.094123289 0.405256063 0.526582751
0 0.497904230 0.885163126 0.500000000 0.500000000 0.000000000 0.000000000 0.384630948 0.118744962 -0.915400803 1.663640996 -0.134217054 0.988346457 0.071812406 0.064361670 0.913260520 0.095241122 0.396086246 0.552140392
0 0.497904230 0.885163126 0.500000000 0.500000000 0.000000000 0.000000000 0.375165612 0.119633451 -0.919205427 1.654654818 -0.134962708 0.988119483 0.073518686 0.066839776 0.917080045 0.096476771 0.386854470 0.578091064
0 0.497904230 0.885163126 0.500000000 0.500000000 0.000000000 0.000000000 0.366195112 0.120531276 -0.922698975 1.645698514 -0.135689452 0.987893701 0.075195998 0.069299206 0.920591950 0.097664118 0.378116667 0.602379211
0 0.497904230 0.885163126 0.500000000 0.500000000 0.000000000 0.000000000 0.357080221 0.121193334 -0.926178098 1.636273198 -0.136124209 0.987713277 0.076763861 0.071447087 0.924101710 0.098664403 0.369190216 0.626735748
0 0.497904230 0.885163126 0.500000000 0.500000000 0.000000000 0.000000000 0.347731978 0.121690385 -0.929663360 1.626265222 -0.136637866 0.987533033 0.078157246 0.073899583 0.927584291 0.099849440 0.360024333 0.651107136
0 0.497904230 0.885163126 0.500000000 0.500000000 0.000000000 0.000000000 0.338008255 0.122483067 -0.933138967 1.615434083 -0.137251556 0.987310290 0.079877317 0.075396243 0.931081355 0.101075582 0.350529999 0.675552775
0 0.497904230 0.885163126 0.500000000 0.500000000 0.000000000 0.000000000 0.328001410 0.123114914 -0.936620414 1.604035096 -0.137889460 0.987092018 0.081460759 0.077059026 0.934559584 0.102430843 0.340743840 0.700585197
0 0.497904230 0.885163126 0.500000000 0.500000000 0.000000000 0.000000000 0.317981720 0.123939902 -0.939960897 1.592559156 -0.138799772 0.986822367 0.083163969 0.077845104 0.937881768 0.104021743 0.330994308 0.724131515
0 0.497904230 0.885163126 0.500000000 0.500000000 0.000000000 0.000000000 0.307678223 0.124313556 -0.943334639 1.580088981 -0.139037848 0.986660361 0.084674455 0.079154469 0.941277087 0.105106726 0.320858210 0.749273401
0 0.497904230 0.885163126 0.500000000 0.500000000 0.000000000 0.000000000 0.296723932 0.124938004 -0.946755171 1.567195427 -0.139480904 0.986442924 0.086460456 0.080565627 0.944722176 0.106399380 0.310127705 0.773990494
0 0.497904230 0.885163126 0.500000000 0.500000000 0.000000000 0.000000000 0.285705745 0.125574261 -0.950054407 1.553063846 -0.139970690 0.986214101 0.088260919 0.082009555 0.948040307 0.107763112 0.299343765 0.799291223
0 0.497904230 0.885163126 0.500000000 0.500000000 0.000000000 0.000000000 0.274441600 0.126330197 -0.953269362 1.538387702 -0.140475675 0.985964894 0.090220854 0.082895224 0.951287746 0.109150797 0.288336098 0.824953348
0 0.497904230 0.885163126 0.500000000 0.500000000 0.000000000 0.000000000 0.263099939 0.127057374 -0.956365466 1.523451375 -0.141401246 0.985663474 0.092049696 0.083794260 0.954350114 0.111012995 0.277294070 0.850214673
0 0.497904230 0.885163126 0.500000000 0.500000000 0.000000000 0.000000000 0.251316547 0.127875775 -0.959420562 1.509074102 -0.142164752 0.985360622 0.094093665 0.083804125 0.957407534 0.112748489 0.265816867 0.873312972
0 0.497904230 0.885163126 0.500000000 0.500000000 0.000000000 0.000000000 0.239354298 0.128737599 -0.962359667 1.493770438 -0.142882988 0.985049844 0.096235640 0.083702556 0.960361362 0.114470407 0.254170328 0.897754134
0 0.497904230 0.885163126 0.500000000 0.500000000 0.000000000 0.000000000 0.227566764 0.129572973 -0.965103209 1.476789560 -0.143672228 0.984728098 0.098330542 0.084503384 0.963105202 0.116281763 0.242707431 0.922736108
0 0.497904230 0.885163126 0.500000000 0.500000000 0.000000000 0.000000000 0.215140745 0.130171806 -0.967868686 1.459947427 -0.144106641 0.984458745 0.100370601 0.085307279 0.965892196 0.117882498 0.230555817 0.947551816
0 0.497904230 0.885163126 0.500000000 0.500000000 0.000000000 0.000000000 0.202275589 0.130906671 -0.970540047 1.443220873 -0.144471914 0.984171689 0.102635123 0.085630149 0.968613684 0.119455203 0.217986241 0.972157759
0 0.497904230 0.885163126 0.500000000 0.500000000 0.000000000 0.000000000 0.189717084 0.131415695 -0.973004282 1.425729755 -0.144740224 0.983918130 0.104668185 0.086932300 0.971111596 0.120975524 0.205687210 0.995766688
0 0.497904230 0.885163126 0.500000000 0.500000000 0.000000000 0.000000000 0.177457526 0.132101923 -0.975221992 1.406642309 -0.145153120 0.983625174 0.106827229 0.087726001 0.973365009 0.122599214 0.193726704 1.019082838
0 0.497904230 0.885163126 0.500000000 0.500000000 0.000000000 0.000000000 0.164257988 0.132784739 -0.977439284 1.387724810 -0.145722225 0.983292460 0.109091371 0.087994732 0.975594342 0.124515496 0.180863336 1.043380323
