0 0.501285227 0.891173751 0.500000000 0.500000000 0.000000000 0.000000000 0.999909401 -0.002583290 0.013212023 -0.043558347 0.002544588 0.999992430 0.002945252 0.004394907 -0.013219532 -0.002911365 0.999908388 -0.117889879
0 0.501285227 0.891173751 0.500000000 0.500000000 0.000000000 0.000000000 0.999906421 -0.002572343 0.013437544 -0.044577734 0.002532892 0.999992430 0.002952034 0.004557164 -0.013445036 -0.002917722 0.999905348 -0.119932581
0 0.501285227 0.891173751 0.500000000 0.500000000 0.000000000 0.000000000 0.999904513 -0.002581803 0.013576542 -0.045353687 0.002541715 0.999992371 0.002969207 0.004616661 -0.013584104 -0.002934415 0.999903440 -0.122005071
0 0.501285227 0.891173751 0.500000000 0.500000000 0.000000000 0.000000000 0.999902368 -0.002606929 0.013728123 -0.046403704 0.002566044 0.999992251 0.002994943 0.004929750 -0.013735824 -0.002959424 0.999901295 -0.123985590
0 0.501285227 0.891173751 0.500000000 0.500000000 0.000000000 0.000000000 0.999899864 -0.002641714 0.013903956 -0.047280338 0.002598678 0.999991775 0.003112406 0.005093822 -0.013912064 -0.003075963 0.999898493 -0.125871064
0 0.501285227 0.891173751 0.500000000 0.500000000 0.000000000 0.000000000 0.999896944 -0.002709134 0.014100382 -0.048428184 0.002665082 0.999991536 0.003142054 0.005231898 -0.014108775 -0.003104151 0.999895632 -0.127953655
0 0.501285227 0.891173751 0.500000000 0.500000000 0.000000000 0.000000000 0.999897003 -0.002597494 0.014114533 -0.049111873 0.002552818 0.999991655 0.003182335 0.005330299 -0.014122681 -0.003145975 0.999895334 -0.129887099
0 0.501285227 0.891173751 0.500000000 0.500000000 0.000000000 0.000000000 0.999894798 -0.002635746 0.014263626 -0.050106717 0.002591156 0.999991715 0.003143676 0.005519676 -0.014271794 -0.003106386 0.999893308 -0.131776790
0 0.501285227 0.891173751 0.500000000 0.500000000 0.000000000 0.000000000 0.999892533 -0.002616545 0.014426091 -0.050798107 0.002570949 0.999991655 0.003178280 0.005436989 -0.014434286 -0.003140850 0.999890864 -0.133725555
0 0.501285227 0.891173751 0.500000000 0.500000000 0.000000000 0.000000000 0.999891341 -0.002510251 0.014527662 -0.051585754 0.002463253 0.999991655 0.003252105 0.005533978 -0.014535704 -0.003215966 0.999889195 -0.135500668
0 0.501285227 0.891173751 0.500000000 0.500000000 0.000000000 0.000000000 0.999887407 -0.002619349 0.014776874 -0.052709624 0.002569952 0.999991059 0.003360843 0.005804769 -0.014785545 -0.003322489 0.999885142 -0.137178259
0 0.501285227 0.891173751 0.500000000 0.500000000 0.000000000 0.000000000 0.999885619 -0.002637930 0.014894037 -0.053603629 0.002588538 0.999991119 0.003334543 0.006109124 -0.014902700 -0.003295608 0.999883533 -0.139102691
0 0.501285227 0.891173751 0.500000000 0.500000000 0.000000000 0.000000000 0.999884188 -0.002670560 0.014982382 -0.054324566 0.002619667 0.999990761 0.003415426 0.006285090 -0.014991364 -0.003375782 0.999881923 -0.141106859
0 0.501285227 0.891173751 0.500000000 0.500000000 0.000000000 0.000000000 0.999882400 -0.002705497 0.015096705 -0.055164168 0.002653970 0.999990582 0.003432126 0.006621417 -0.015105849 -0.003391656 0.999880135 -0.142906790
0 0.501285227 0.891173751 0.500000000 0.500000000 0.000000000 0.000000000 0.999879897 -0.002785546 0.015244188 -0.056095695 0.002732736 0.999990225 0.003484024 0.006737554 -0.015253743 -0.003441947 0.999877751 -0.144999403
0 0.501285227 0.891173751 0.500000000 0.500000000 0.000000000 0.000000000 0.999878645 -0.002851243 0.015314815 -0.056803482 0.002796905 0.999989748 0.003568333 0.006385685 -0.015324832 -0.003525066 0.999876380 -0.146705931
0 0.501285227 0.891173751 0.500000000 0.500000000 0.000000000 0.000000000 0.999875844 -0.002896820 0.015487040 -0.057833219 0.002841753 0.999989569 0.003576490 0.006689075 -0.015497239 -0.003532036 0.999873698 -0.148761091
0 0.501285227 0.891173751 0.500000000 0.500000000 0.000000000 0.000000000 0.999873638 -0.002919092 0.015624864 -0.058766330 0.002864128 0.999989629 0.003538931 0.006963977 -0.015635032 -0.003493733 0.999871671 -0.150763021
0 0.501285227 0.891173751 0.500000000 0.500000000 0.000000000 0.000000000 0.999872208 -0.002854813 0.015728328 -0.059675394 0.002799103 0.999989748 0.003562905 0.006961627 -0.015738338 -0.003518425 0.999869943 -0.152709039
0 0.501285227 0.891173751 0.500000000 0.500000000 0.000000000 0.000000000 0.999869943 -0.002894040 0.015865216 -0.060596167 0.002837971 0.999989629 0.003555442 0.007195355 -0.015875341 -0.003509955 0.999867797 -0.154512073
0 0.501285227 0.891173751 0.500000000 0.500000000 0.000000000 0.000000000 0.999868870 -0.002847682 0.015941450 -0.061427935 0.002790784 0.999989688 0.003590272 0.007377873 -0.015951511 -0.003545312 0.999866486 -0.156358068
0 0.501285227 0.891173751 0.500000000 0.500000000 0.000000000 0.000000000 0.999867201 -0.002919979 0.016031120 -0.062100870 0.002862444 0.999989390 0.003610749 0.007476551 -0.016041493 -0.003564381 0.999864995 -0.158196723
0 0.501285227 0.891173751 0.500000000 0.500000000 0.000000000 0.000000000 0.999864638 -0.003072574 0.016162522 -0.062982687 0.003014209 0.999988854 0.003634256 0.007935938 -0.016173508 -0.003585047 0.999862790 -0.160027524
0 0.501285227 0.891173751 0.500000000 0.500000000 0.000000000 0.000000000 0.999861002 -0.003137244 0.016373852 -0.063810474 0.003078290 0.999988675 0.003624460 0.008137869 -0.016385037 -0.003573552 0.999859393 -0.162006180
0 0.501285227 0.891173751 0.500000000 0.500000000 0.000000000 0.000000000 0.999859989 -0.003110638 0.016441025 -0.064621715 0.003049264 0.999988317 0.003756686 0.007652029 -0.016452519 -0.003706027 0.999857783 -0.163872891
0 0.501285227 0.891173751 0.500000000 0.500000000 0.000000000 0.000000000 0.999855876 -0.003189342 0.016676383 -0.065597034 0.003126264 0.999987841 0.003807189 0.008031954 -0.016688323 -0.003754506 0.999853671 -0.165955418
0 0.501285227 0.891173751 0.500000000 0.500000000 0.000000000 0.000000000 0.999854565 -0.003178729 0.016754687 -0.066293086 0.003115413 0.999987900 0.003803778 0.007874702 -0.016766574 -0.003751027 0.999852419 -0.167831760
0 0.501285227 0.891173751 0.500000000 0.500000000 0.000000000 0.000000000 0.999852657 -0.003151599 0.016872259 -0.067090744 0.003087915 0.999988019 0.003799202 0.007855904 -0.016884031 -0.003746542 0.999850452 -0.169522483
0 0.501285227 0.891173751 0.500000000 0.500000000 0.000000000 0.000000000 0.999849677 -0.003181732 0.017045645 -0.068142743 0.003118422 0.999988139 0.003739422 0.008202953 -0.017057341 -0.003685704 0.999847710 -0.171711307
0 0.501285227 0.891173751 0.500000000 0.500000000 0.000000000 0.000000000 0.999847472 -0.003220633 0.017165160 -0.069010122 0.003156832 0.999988019 0.003742658 0.008413381 -0.017177008 -0.003687899 0.999845684 -0.173554343
0 0.501285227 0.891173751 0.500000000 0.500000000 0.000000000 0.000000000 0.999845147 -0.003386003 0.017269934 -0.069760736 0.003320147 0.999987125 0.003840625 0.008459014 -0.017282715 -0.003782692 0.999843478 -0.175442108
0 0.501285227 0.891173751 0.500000000 0.500000000 0.000000000 0.000000000 0.999843299 -0.003244014 0.017403184 -0.070672361 0.003179187 0.999987900 0.003751364 0.009077367 -0.017415142 -0.003695448 0.999841511 -0.177499834
0 0.501285227 0.891173751 0.500000000 0.500000000 0.000000000 0.000000000 0.999840438 -0.003391208 0.017539980 -0.071374976 0.003324668 0.999987185 0.003821370 0.009195254 -0.017552713 -0.003762446 0.999838889 -0.179344389
0 0.501285227 0.891173751 0.500000000 0.500000000 0.000000000 0.000000000 0.999838352 -0.003385085 0.017657414 -0.072217493 0.003318217 0.999987245 0.003814848 0.009383676 -0.017670101 -0.003755640 0.999836802 -0.181015222
0 0.501285227 0.891173751 0.500000000 0.500000000 0.000000000 0.000000000 0.999835253 -0.003490585 0.017810898 -0.072998570 0.003421932 0.999986589 0.003883593 0.009523725 -0.017824216 -0.003822006 0.999833822 -0.183065571
0 0.501285227 0.891173751 0.500000000 0.500000000 0.000000000 0.000000000 0.999833047 -0.003400878 0.017954370 -0.074159796 0.003332245 0.999987006 0.003851142 0.009642687 -0.017967235 -0.003790671 0.999831378 -0.185204814
0 0.501285227 0.891173751 0.500000000 0.500000000 0.000000000 0.000000000 0.999829292 -0.003467404 0.018147230 -0.074958389 0.003397241 0.999986649 0.003895703 0.009492097 -0.018160496 -0.003833388 0.999827743 -0.187325893
0 0.501285227 0.891173751 0.500000000 0.500000000 0.000000000 0.000000000 0.999828577 -0.003469688 0.018186146 -0.075621076 0.003399202 0.999986589 0.003905272 0.009374750 -0.018199453 -0.003842785 0.999826968 -0.188765517
0 0.501285227 0.891173751 0.500000000 0.500000000 0.000000000 0.000000000 0.999825358 -0.003571863 0.018344849 -0.076485497 0.003501572 0.999986410 0.003862352 0.010014504 -0.018358396 -0.003797442 0.999824286 -0.190810755
0 0.501285227 0.891173751 0.500000000 0.500000000 0.000000000 0.000000000 0.999823213 -0.003546393 0.018464860 -0.077577022 0.003474308 0.999986231 0.003934521 0.009667969 -0.018478559 -0.003869673 0.999821782 -0.192638219
0 0.501285227 0.891173751 0.500000000 0.500000000 0.000000000 0.000000000 0.999819100 -0.003599430 0.018676927 -0.078579807 0.003526195 0.999985993 0.003952582 0.009980215 -0.018690892 -0.003886009 0.999817729 -0.194754061
0 0.501285227 0.891173751 0.500000000 0.500000000 0.000000000 0.000000000 0.999816835 -0.003630200 0.018791379 -0.079357799 0.003558222 0.999986231 0.003862383 0.010444547 -0.018805141 -0.003794811 0.999815941 -0.196619177
0 0.501285227 0.891173751 0.500000000 0.500000000 0.000000000 0.000000000 0.999814868 -0.003672078 0.018887328 -0.080096337 0.003599586 0.999986053 0.003870682 0.010407409 -0.018901277 -0.003801978 0.999814153 -0.198494942
0 0.501285227 0.891173751 0.500000000 0.500000000 0.000000000 0.000000000 0.999812007 -0.003670226 0.019038782 -0.081087865 0.003597087 0.999986053 0.003874403 0.010807564 -0.019052735 -0.003805191 0.999811232 -0.200382928
0 0.501285227 0.891173751 0.500000000 0.500000000 0.000000000 0.000000000 0.999808729 -0.003802094 0.019183278 -0.081884510 0.003728010 0.999985456 0.003896216 0.010743648 -0.019197812 -0.003823955 0.999808371 -0.202491628
0 0.501285227 0.891173751 0.500000000 0.500000000 0.000000000 0.000000000 0.999807119 -0.003770771 0.019273790 -0.082698344 0.003696790 0.999985695 0.003872641 0.011066776 -0.019288117 -0.003800643 0.999806762 -0.204257487
0 0.501285227 0.891173751 0.500000000 0.500000000 0.000000000 0.000000000 0.999803782 -0.003857449 0.019429838 -0.083311163 0.003781325 0.999985039 0.003953090 0.011019767 -0.019444797 -0.003878844 0.999803424 -0.206228313
0 0.501285227 0.891173751 0.500000000 0.500000000 0.000000000 0.000000000 0.999800146 -0.003958872 0.019597298 -0.084295675 0.003881774 0.999984562 0.003970601 0.011549568 -0.019612715 -0.003893735 0.999800086 -0.208097281
0 0.501285227 0.891173751 0.500000000 0.500000000 0.000000000 0.000000000 0.999797404 -0.004111133 0.019704655 -0.084944086 0.004031592 0.999983549 0.004074677 0.011486059 -0.019721081 -0.003994411 0.999797523 -0.210056277
0 0.501285227 0.891173751 0.500000000 0.500000000 0.000000000 0.000000000 0.999794185 -0.004117634 0.019866018 -0.085816915 0.004036644 0.999983370 0.004115161 0.012067803 -0.019882632 -0.004034122 0.999794185 -0.211855591
0 0.501285227 0.891173751 0.500000000 0.500000000 0.000000000 0.000000000 0.999790549 -0.004271201 0.020014379 -0.086427020 0.004187331 0.999982297 0.004230543 0.011795819 -0.020032095 -0.004145850 0.999790728 -0.213543978
0 0.501285227 0.891173751 0.500000000 0.500000000 0.000000000 0.000000000 0.999788105 -0.004183578 0.020154469 -0.087405049 0.004099939 0.999982834 0.004189420 0.012060871 -0.020171648 -0.004105900 0.999788105 -0.215338081
0 0.501285227 0.891173751 0.500000000 0.500000000 0.000000000 0.000000000 0.999784768 -0.004305980 0.020295206 -0.088230692 0.004220941 0.999982119 0.004231096 0.012219821 -0.020313064 -0.004144521 0.999785066 -0.217319188
0 0.501285227 0.891173751 0.500000000 0.500000000 0.000000000 0.000000000 0.999782085 -0.004330293 0.020421807 -0.089075967 0.004244073 0.999981880 0.004263375 0.012204798 -0.020439900 -0.004175775 0.999782383 -0.219194389
0 0.501285227 0.891173751 0.500000000 0.500000000 0.000000000 0.000000000 0.999778509 -0.004425342 0.020576643 -0.089791954 0.004335281 0.999980807 0.004419404 0.011943962 -0.020595806 -0.004329219 0.999778509 -0.221060092
0 0.501285227 0.891173751 0.500000000 0.500000000 0.000000000 0.000000000 0.999771893 -0.004480623 0.020881249 -0.090996036 0.004383850 0.999979436 0.004677910 0.011987647 -0.020901779 -0.004585303 0.999770999 -0.222901507
0 0.501285227 0.891173751 0.500000000 0.500000000 0.000000000 0.000000000 0.999770522 -0.004458558 0.020952363 -0.091648393 0.004362804 0.999979854 0.004613545 0.012237865 -0.020972509 -0.004521075 0.999769807 -0.224578988
0 0.501285227 0.891173751 0.500000000 0.500000000 0.000000000 0.000000000 0.999767780 -0.004440828 0.021087969 -0.092586465 0.004344469 0.999979913 0.004612989 0.012449794 -0.021108031 -0.004520302 0.999767005 -0.226544659
0 0.501285227 0.891173751 0.500000000 0.500000000 0.000000000 0.000000000 0.999764025 -0.004491002 0.021253062 -0.093448543 0.004393759 0.999979675 0.004620011 0.012543172 -0.021273380 -0.004525540 0.999763429 -0.228432730
0 0.501285227 0.891173751 0.500000000 0.500000000 0.000000000 0.000000000 0.999760270 -0.004670097 0.021392394 -0.094161307 0.004570463 0.999978483 0.004703960 0.012673466 -0.021413902 -0.004605059 0.999760091 -0.230304180
0 0.501285227 0.891173751 0.500000000 0.500000000 0.000000000 0.000000000 0.999757171 -0.004684871 0.021531697 -0.095128688 0.004584582 0.999978423 0.004704738 0.012756152 -0.021553272 -0.004604881 0.999757111 -0.232159112
0 0.501285227 0.891173751 0.500000000 0.500000000 0.000000000 0.000000000 0.999754250 -0.004670222 0.021670314 -0.095818620 0.004568696 0.999978364 0.004732163 0.012659458 -0.021691946 -0.004631995 0.999753952 -0.234157903
0 0.501285227 0.891173751 0.500000000 0.500000000 0.000000000 0.000000000 0.999750257 -0.004721438 0.021843394 -0.096791907 0.004619816 0.999978304 0.004700413 0.012925956 -0.021865113 -0.004598326 0.999750376 -0.236058841
0 0.501285227 0.891173751 0.500000000 0.500000000 0.000000000 0.000000000 0.999748707 -0.004796686 0.021897431 -0.097404054 0.004692154 0.999977350 0.004822621 0.012382938 -0.021920068 -0.004718663 0.999748588 -0.237702841
0 0.501285227 0.891173751 0.500000000 0.500000000 0.000000000 0.000000000 0.999744356 -0.004872304 0.022078741 -0.098482471 0.004767046 0.999977052 0.004817525 0.012610786 -0.022101706 -0.004711044 0.999744654 -0.239828798
0 0.501285227 0.891173751 0.500000000 0.500000000 0.000000000 0.000000000 0.999740481 -0.004893130 0.022250054 -0.099105452 0.004787645 0.999977052 0.004791675 0.012725116 -0.022272991 -0.004683906 0.999740958 -0.241771879
0 0.501285227 0.891173751 0.500000000 0.500000000 0.000000000 0.000000000 0.999738276 -0.004890461 0.022349978 -0.099740785 0.004784132 0.999976993 0.004808444 0.012770696 -0.022372980 -0.004700260 0.999738634 -0.243436964
0 0.501285227 0.891173751 0.500000000 0.500000000 0.000000000 0.000000000 0.999733746 -0.004978597 0.022530943 -0.100618479 0.004871537 0.999976575 0.004804125 0.012867779 -0.022554334 -0.004693085 0.999734581 -0.245493394
0 0.501285227 0.891173751 0.500000000 0.500000000 0.000000000 0.000000000 0.999730229 -0.005049356 0.022672236 -0.101320631 0.004940239 0.999975979 0.004866273 0.012721325 -0.022696264 -0.004752954 0.999731123 -0.247110942
0 0.501285227 0.891173751 0.500000000 0.500000000 0.000000000 0.000000000 0.999725938 -0.005156601 0.022835469 -0.102251444 0.005045600 0.999975204 0.004915879 0.012822810 -0.022860251 -0.004799312 0.999727130 -0.249058363
0 0.501285227 0.891173751 0.500000000 0.500000000 0.000000000 0.000000000 0.999720156 -0.005255114 0.023065956 -0.103263966 0.005140780 0.999974191 0.005013333 0.013033865 -0.023091707 -0.004893353 0.999721348 -0.250779992
0 0.501285227 0.891173751 0.500000000 0.500000000 0.000000000 0.000000000 0.999716759 -0.005305991 0.023200205 -0.104004812 0.005191460 0.999974072 0.004994099 0.013446491 -0.023226101 -0.004872242 0.999718368 -0.252890186
0 0.501285227 0.891173751 0.500000000 0.500000000 0.000000000 0.000000000 0.999714434 -0.005283670 0.023305558 -0.104733381 0.005168210 0.999974072 0.005011603 0.013685467 -0.023331434 -0.004889723 0.999715805 -0.254506766
0 0.501285227 0.891173751 0.500000000 0.500000000 0.000000000 0.000000000 0.999711096 -0.005350655 0.023433346 -0.105523529 0.005233649 0.999973536 0.005051622 0.013662490 -0.023459755 -0.004927521 0.999712646 -0.256541466
0 0.501285227 0.891173751 0.500000000 0.500000000 0.000000000 0.000000000 0.999707699 -0.005341762 0.023578595 -0.106286252 0.005224615 0.999973714 0.005027162 0.013822171 -0.023604829 -0.004902504 0.999709368 -0.258380698
0 0.501285227 0.891173751 0.500000000 0.500000000 0.000000000 0.000000000 0.999705136 -0.005331170 0.023690237 -0.107160689 0.005212812 0.999973655 0.005055029 0.013615184 -0.023716561 -0.004930045 0.999706566 -0.260014985
0 0.501285227 0.891173751 0.500000000 0.500000000 0.000000000 0.000000000 0.999701262 -0.005435134 0.023829315 -0.108048098 0.005314949 0.999972820 0.005103996 0.013549959 -0.023856409 -0.004975819 0.999702990 -0.261886124
0 0.501285227 0.891173751 0.500000000 0.500000000 0.000000000 0.000000000 0.999698102 -0.005526171 0.023940645 -0.108730362 0.005405254 0.999972343 0.005112453 0.013619989 -0.023968235 -0.004981504 0.999700308 -0.263768261
0 0.501285227 0.891173751 0.500000000 0.500000000 0.000000000 0.000000000 0.999693632 -0.005692021 0.024088779 -0.109590051 0.005567723 0.999970853 0.005223937 0.013693169 -0.024117813 -0.005088217 0.999696195 -0.265636726
0 0.501285227 0.891173751 0.500000000 0.500000000 0.000000000 0.000000000 0.999689460 -0.005778096 0.024239594 -0.110543764 0.005653164 0.999970376 0.005219390 0.014025804 -0.024269033 -0.005080739 0.999692559 -0.267399868
0 0.501285227 0.891173751 0.500000000 0.500000000 0.000000000 0.000000000 0.999684691 -0.005841629 0.024420369 -0.111289503 0.005714134 0.999969721 0.005287360 0.013966967 -0.024450516 -0.005146152 0.999687791 -0.269258997
