0 0.472561932 0.840110123 0.500000000 0.500000000 0.000000000 0.000000000 0.996368825 0.033307113 -0.078356735 0.083279676 -0.030529991 0.998871684 0.036377210 0.169197230 0.079479948 -0.033852890 0.996261477 -4.064875379
0 0.472561932 0.840110123 0.500000000 0.500000000 0.000000000 0.000000000 0.996398926 0.033885114 -0.077723905 0.075692568 -0.031098306 0.998839021 0.036789898 0.169230093 0.078880295 -0.034240332 0.996295869 -4.098729652
0 0.472561932 0.840110123 0.500000000 0.500000000 0.000000000 0.000000000 0.996435940 0.034263361 -0.077080414 0.068582633 -0.031516775 0.998833895 0.036571689 0.172388367 0.078243606 -0.034012020 0.996353924 -4.132873494
0 0.472561932 0.840110123 0.500000000 0.500000000 0.000000000 0.000000000 0.996473432 0.034737051 -0.076381221 0.061360596 -0.032036129 0.998827040 0.036306798 0.175046302 0.077552825 -0.033731800 0.996417463 -4.166731707
0 0.472561932 0.840110123 0.500000000 0.500000000 0.000000000 0.000000000 0.996506751 0.035045039 -0.075803220 0.054875464 -0.032405522 0.998834312 0.035775084 0.179147882 0.076968595 -0.033193670 0.996480823 -4.200139675
0 0.472561932 0.840110123 0.500000000 0.500000000 0.000000000 0.000000000 0.996544838 0.035472311 -0.075100765 0.047825162 -0.032910299 0.998842418 0.035081651 0.183811898 0.076258257 -0.032488849 0.996558666 -4.233647061
0 0.472561932 0.840110123 0.500000000 0.500000000 0.000000000 0.000000000 0.996584892 0.035867721 -0.074377671 0.040941025 -0.033381887 0.998850465 0.034400214 0.188329434 0.075526029 -0.031799868 0.996636629 -4.266727797
0 0.472561932 0.840110123 0.500000000 0.500000000 0.000000000 0.000000000 0.996623337 0.036145989 -0.073725320 0.034705974 -0.033737749 0.998863935 0.033653285 0.193099515 0.074857995 -0.031052321 0.996710598 -4.299659593
0 0.472561932 0.840110123 0.500000000 0.500000000 0.000000000 0.000000000 0.996677041 0.036298368 -0.072919630 0.027544791 -0.033982277 0.998885512 0.032756053 0.198288022 0.074027352 -0.030169230 0.996799767 -4.333870567
0 0.472561932 0.840110123 0.500000000 0.500000000 0.000000000 0.000000000 0.996730328 0.036234487 -0.072219931 0.021272382 -0.033998560 0.998910964 0.031952851 0.202736421 0.073299080 -0.029393001 0.996876776 -4.367998824
0 0.472561932 0.840110123 0.500000000 0.500000000 0.000000000 0.000000000 0.996792316 0.036127679 -0.071412958 0.014538856 -0.033976182 0.998938143 0.031116430 0.207484350 0.072461292 -0.028590279 0.996961355 -4.402741684
0 0.472561932 0.840110123 0.500000000 0.500000000 0.000000000 0.000000000 0.996862531 0.035852760 -0.070567109 0.007567698 -0.033781569 0.998968959 0.030328747 0.211774801 0.071581714 -0.027849723 0.997045875 -4.438158280
0 0.472561932 0.840110123 0.500000000 0.500000000 0.000000000 0.000000000 0.996926486 0.035586186 -0.069793791 0.001050945 -0.033587907 0.998997390 0.029599089 0.215621314 0.070777133 -0.027163889 0.997122228 -4.472936870
0 0.472561932 0.840110123 0.500000000 0.500000000 0.000000000 0.000000000 0.996996105 0.035140872 -0.069021031 -0.005428462 -0.033222783 0.999034524 0.028744258 0.220380928 0.069964498 -0.026364841 0.997201025 -4.508005706
0 0.472561932 0.840110123 0.500000000 0.500000000 0.000000000 0.000000000 0.997070312 0.034786779 -0.068122767 -0.012565698 -0.032952167 0.999068201 0.027872335 0.225340470 0.069028877 -0.025545884 0.997287512 -4.543752504
0 0.472561932 0.840110123 0.500000000 0.500000000 0.000000000 0.000000000 0.997147024 0.034359265 -0.067210838 -0.019821241 -0.032600440 0.999101162 0.027093131 0.230421119 0.068081334 -0.024824731 0.997370899 -4.579117755
0 0.472561932 0.840110123 0.500000000 0.500000000 0.000000000 0.000000000 0.997224927 0.033762723 -0.066351570 -0.026622578 -0.032089509 0.999143541 0.026123680 0.237032280 0.067176752 -0.023921996 0.997454286 -4.614120640
0 0.472561932 0.840110123 0.500000000 0.500000000 0.000000000 0.000000000 0.997300148 0.033322964 -0.065437280 -0.033931831 -0.031732827 0.999178886 0.025191309 0.244424172 0.066222996 -0.023046786 0.997538626 -4.649243731
0 0.472561932 0.840110123 0.500000000 0.500000000 0.000000000 0.000000000 0.997369170 0.033177856 -0.064450964 -0.041786531 -0.031658698 0.999199629 0.024451060 0.251051151 0.065210611 -0.022346301 0.997621298 -4.683920570
0 0.472561932 0.840110123 0.500000000 0.500000000 0.000000000 0.000000000 0.997438550 0.032970093 -0.063476831 -0.049562569 -0.031527843 0.999224424 0.023590261 0.258536108 0.064205371 -0.021528548 0.997704446 -4.718311041
0 0.472561932 0.840110123 0.500000000 0.500000000 0.000000000 0.000000000 0.997503579 0.032956712 -0.062453322 -0.057638876 -0.031575937 0.999237418 0.022968642 0.264938939 0.063162670 -0.020939281 0.997783542 -4.752222164
0 0.472561932 0.840110123 0.500000000 0.500000000 0.000000000 0.000000000 0.997572243 0.032938663 -0.061356500 -0.066510246 -0.031611912 0.999247611 0.022470521 0.270827495 0.062050484 -0.020476373 0.997862935 -4.785775710
0 0.472561932 0.840110123 0.500000000 0.500000000 0.000000000 0.000000000 0.997641921 0.032978836 -0.060191561 -0.076100070 -0.031704608 0.999255061 0.022003502 0.276345141 0.060872372 -0.020043267 0.997944295 -4.818562226
0 0.472561932 0.840110123 0.500000000 0.500000000 0.000000000 0.000000000 0.997708261 0.032880753 -0.059135828 -0.085200595 -0.031655356 0.999266684 0.021540796 0.281782102 0.059800740 -0.019619467 0.998017490 -4.851804841
0 0.472561932 0.840110123 0.500000000 0.500000000 0.000000000 0.000000000 0.997780979 0.032819062 -0.057931360 -0.095383108 -0.031639960 0.999275446 0.021154922 0.287142713 0.058583669 -0.019275032 0.998096406 -4.885304514
0 0.472561932 0.840110123 0.500000000 0.500000000 0.000000000 0.000000000 0.997853398 0.032664381 -0.056758944 -0.105824712 -0.031523980 0.999285042 0.020872794 0.291626251 0.057400160 -0.019038722 0.998169720 -4.918816906
0 0.472561932 0.840110123 0.500000000 0.500000000 0.000000000 0.000000000 0.997924209 0.032450639 -0.055625942 -0.116711860 -0.031340085 0.999293923 0.020722250 0.295279513 0.056259118 -0.018935911 0.998236597 -4.952495024
0 0.472561932 0.840110123 0.500000000 0.500000000 0.000000000 0.000000000 0.997990191 0.032295257 -0.054521207 -0.127252738 -0.031210722 0.999299943 0.020627856 0.298197556 0.055149220 -0.018884752 0.998299539 -4.986208342
0 0.472561932 0.840110123 0.500000000 0.500000000 0.000000000 0.000000000 0.998058319 0.032070819 -0.053395700 -0.138469127 -0.031009717 0.999307096 0.020583928 0.300671424 0.054018844 -0.018888175 0.998361230 -5.019638799
0 0.472561932 0.840110123 0.500000000 0.500000000 0.000000000 0.000000000 0.998117387 0.031921670 -0.052370958 -0.149390042 -0.030878285 0.999310613 0.020612756 0.302339634 0.052992847 -0.018956823 0.998414934 -5.054154638
0 0.472561932 0.840110123 0.500000000 0.500000000 0.000000000 0.000000000 0.998170972 0.031808130 -0.051409412 -0.160083787 -0.030792261 0.999316931 0.020433243 0.304968222 0.052024238 -0.018812859 0.998468578 -5.088125289
0 0.472561932 0.840110123 0.500000000 0.500000000 0.000000000 0.000000000 0.998225510 0.031619743 -0.050458480 -0.170495078 -0.030627646 0.999324381 0.020315398 0.306863639 0.051066756 -0.018733922 0.998519540 -5.122528100
0 0.472561932 0.840110123 0.500000000 0.500000000 0.000000000 0.000000000 0.998277009 0.031589493 -0.049447678 -0.181506421 -0.030625861 0.999328256 0.020125879 0.308833076 0.050050229 -0.018576825 0.998573899 -5.157619807
0 0.472561932 0.840110123 0.500000000 0.500000000 0.000000000 0.000000000 0.998329818 0.031536896 -0.048404384 -0.192555393 -0.030610384 0.999335945 0.019764608 0.311601645 0.048995558 -0.018249922 0.998632252 -5.192108233
0 0.472561932 0.840110123 0.500000000 0.500000000 0.000000000 0.000000000 0.998382330 0.031571265 -0.047285881 -0.203801389 -0.030691093 0.999343991 0.019225845 0.315097922 0.047861848 -0.017743489 0.998696327 -5.226617162
0 0.472561932 0.840110123 0.500000000 0.500000000 0.000000000 0.000000000 0.998441517 0.031620629 -0.045985997 -0.215679542 -0.030810099 0.999359012 0.018229011 0.322274205 0.046532933 -0.016783768 0.998775721 -5.261764666
0 0.472561932 0.840110123 0.500000000 0.500000000 0.000000000 0.000000000 0.998497128 0.031970639 -0.044512384 -0.228560868 -0.031227296 0.999362648 0.017296240 0.328957752 0.045036986 -0.015880244 0.998859107 -5.296094944
0 0.472561932 0.840110123 0.500000000 0.500000000 0.000000000 0.000000000 0.998550355 0.032271292 -0.043078721 -0.241264499 -0.031599976 0.999369740 0.016174683 0.337171847 0.043573547 -0.014789949 0.998940766 -5.330145554
0 0.472561932 0.840110123 0.500000000 0.500000000 0.000000000 0.000000000 0.998606384 0.032456815 -0.041615322 -0.254242924 -0.031855203 0.999379337 0.015039181 0.345174865 0.042077616 -0.013692558 0.999020517 -5.364644070
0 0.472561932 0.840110123 0.500000000 0.500000000 0.000000000 0.000000000 0.998659015 0.032646760 -0.040178496 -0.266971304 -0.032109674 0.999387145 0.013941182 0.353331449 0.040609006 -0.012632369 0.999095261 -5.399386476
0 0.472561932 0.840110123 0.500000000 0.500000000 0.000000000 0.000000000 0.998712361 0.032749429 -0.038743768 -0.279577260 -0.032263849 0.999393642 0.013092881 0.359639876 0.039149061 -0.011825999 0.999163389 -5.434325367
0 0.472561932 0.840110123 0.500000000 0.500000000 0.000000000 0.000000000 0.998773098 0.032538258 -0.037330803 -0.291866659 -0.032106299 0.999411047 0.012112970 0.366538477 0.037702952 -0.010899555 0.999229550 -5.469353216
0 0.472561932 0.840110123 0.500000000 0.500000000 0.000000000 0.000000000 0.998831749 0.032269184 -0.035970669 -0.303510814 -0.031884570 0.999428630 0.011215397 0.373492491 0.036312029 -0.010055385 0.999289930 -5.504510241
0 0.472561932 0.840110123 0.500000000 0.500000000 0.000000000 0.000000000 0.998889446 0.032089915 -0.034498353 -0.316289831 -0.031744953 0.999440849 0.010501239 0.378788103 0.034816049 -0.009394429 0.999349594 -5.539234045
0 0.472561932 0.840110123 0.500000000 0.500000000 0.000000000 0.000000000 0.998949409 0.031730235 -0.033064425 -0.328723244 -0.031418912 0.999457359 0.009893155 0.383742552 0.033360392 -0.008843913 0.999404252 -5.574742569
0 0.472561932 0.840110123 0.500000000 0.500000000 0.000000000 0.000000000 0.999003589 0.031450704 -0.031664599 -0.341116304 -0.031168545 0.999470294 0.009365479 0.388090109 0.031942375 -0.008369208 0.999454677 -5.609816100
0 0.472561932 0.840110123 0.500000000 0.500000000 0.000000000 0.000000000 0.999055862 0.031149128 -0.030284090 -0.353285440 -0.030896809 0.999484181 0.008764413 0.393148218 0.030541472 -0.007820456 0.999502897 -5.644634623
0 0.472561932 0.840110123 0.500000000 0.500000000 0.000000000 0.000000000 0.999098003 0.030957956 -0.029065615 -0.364301975 -0.030735124 0.999494910 0.008082322 0.398605741 0.029301146 -0.007181696 0.999544859 -5.680430896
0 0.472561932 0.840110123 0.500000000 0.500000000 0.000000000 0.000000000 0.999136150 0.030804655 -0.027892806 -0.375091378 -0.030607829 0.999503672 0.007456294 0.403582361 0.028108651 -0.006596115 0.999583125 -5.715740339
0 0.472561932 0.840110123 0.500000000 0.500000000 0.000000000 0.000000000 0.999171495 0.030646693 -0.026777981 -0.385548038 -0.030475872 0.999512613 0.006764259 0.410019746 0.026972232 -0.005942572 0.999618530 -5.751360974
0 0.472561932 0.840110123 0.500000000 0.500000000 0.000000000 0.000000000 0.999204934 0.030408241 -0.025783349 -0.395213513 -0.030256046 0.999522507 0.006272634 0.415226823 0.025961775 -0.005487545 0.999647856 -5.787025577
0 0.472561932 0.840110123 0.500000000 0.500000000 0.000000000 0.000000000 0.999237537 0.030205272 -0.024739377 -0.405724672 -0.030069377 0.999530733 0.005846862 0.421272861 0.024904372 -0.005098506 0.999676824 -5.822296235
0 0.472561932 0.840110123 0.500000000 0.500000000 0.000000000 0.000000000 0.999265790 0.030071106 -0.023740074 -0.415688271 -0.029950650 0.999536693 0.005413352 0.428279483 0.023891861 -0.004698346 0.999703526 -5.857385183
0 0.472561932 0.840110123 0.500000000 0.500000000 0.000000000 0.000000000 0.999294162 0.029934265 -0.022695830 -0.426526077 -0.029817879 0.999540508 0.005449362 0.431274432 0.022848524 -0.004768774 0.999727547 -5.892556326
0 0.472561932 0.840110123 0.500000000 0.500000000 0.000000000 0.000000000 0.999326169 0.029620718 -0.021674860 -0.437268467 -0.029506855 0.999549150 0.005554455 0.433814125 0.021829616 -0.004911155 0.999749660 -5.927545045
0 0.472561932 0.840110123 0.500000000 0.500000000 0.000000000 0.000000000 0.999359846 0.029229488 -0.020627780 -0.448513962 -0.029117918 0.999559820 0.005688604 0.436398892 0.020784974 -0.005084324 0.999771059 -5.962197183
0 0.472561932 0.840110123 0.500000000 0.500000000 0.000000000 0.000000000 0.999390483 0.028803214 -0.019722819 -0.459172890 -0.028691599 0.999570787 0.005919015 0.437580656 0.019884840 -0.005349528 0.999787986 -5.996812712
0 0.472561932 0.840110123 0.500000000 0.500000000 0.000000000 0.000000000 0.999421597 0.028296134 -0.018863436 -0.470105206 -0.028188782 0.999585032 0.005932778 0.439975002 0.019023484 -0.005397609 0.999804497 -6.031122574
0 0.472561932 0.840110123 0.500000000 0.500000000 0.000000000 0.000000000 0.999451935 0.027714258 -0.018104292 -0.480246747 -0.027613407 0.999601841 0.005797099 0.442790573 0.018257748 -0.005294001 0.999819279 -6.065613418
0 0.472561932 0.840110123 0.500000000 0.500000000 0.000000000 0.000000000 0.999477565 0.027349116 -0.017222457 -0.491739260 -0.027257290 0.999613047 0.005544179 0.446316832 0.017367421 -0.005071845 0.999836326 -6.100481688
0 0.472561932 0.840110123 0.500000000 0.500000000 0.000000000 0.000000000 0.999503314 0.026911449 -0.016397683 -0.503073125 -0.026829883 0.999626637 0.005173996 0.450045013 0.016530801 -0.004731479 0.999852180 -6.135218418
0 0.472561932 0.840110123 0.500000000 0.500000000 0.000000000 0.000000000 0.999529541 0.026452780 -0.015521851 -0.515004402 -0.026380476 0.999640226 0.004844689 0.453062604 0.015644422 -0.004432936 0.999867797 -6.170157053
0 0.472561932 0.840110123 0.500000000 0.500000000 0.000000000 0.000000000 0.999554276 0.026023580 -0.014628286 -0.527532967 -0.025959175 0.999652505 0.004575495 0.455635435 0.014742275 -0.004193718 0.999882519 -6.205780119
0 0.472561932 0.840110123 0.500000000 0.500000000 0.000000000 0.000000000 0.999580145 0.025488809 -0.013778778 -0.539743742 -0.025431959 0.999667346 0.004285585 0.457848737 0.013883429 -0.003933365 0.999895871 -6.241292503
0 0.472561932 0.840110123 0.500000000 0.500000000 0.000000000 0.000000000 0.999607503 0.024873761 -0.012888256 -0.552283661 -0.024823651 0.999683738 0.004033652 0.459595819 0.012984512 -0.003712135 0.999908805 -6.277128563
0 0.472561932 0.840110123 0.500000000 0.500000000 0.000000000 0.000000000 0.999636829 0.024178859 -0.011899943 -0.565899581 -0.024132935 0.999700785 0.003987725 0.459807233 0.011992801 -0.003699096 0.999921262 -6.313159416
0 0.472561932 0.840110123 0.500000000 0.500000000 0.000000000 0.000000000 0.999665439 0.023449432 -0.010917505 -0.579350225 -0.023406893 0.999718010 0.004008013 0.459757674 0.011008413 -0.003751128 0.999932349 -6.348949081
0 0.472561932 0.840110123 0.500000000 0.500000000 0.000000000 0.000000000 0.999694526 0.022621721 -0.009952638 -0.592426616 -0.022583064 0.999737024 0.003979612 0.460328004 0.010040047 -0.003753635 0.999942541 -6.384463360
0 0.472561932 0.840110123 0.500000000 0.500000000 0.000000000 0.000000000 0.999725997 0.021647545 -0.008905828 -0.606250201 -0.021610344 0.999757409 0.004252185 0.459539996 0.008995717 -0.004058561 0.999951303 -6.419838651
0 0.472561932 0.840110123 0.500000000 0.500000000 0.000000000 0.000000000 0.999756515 0.020612970 -0.007872213 -0.620163405 -0.020577887 0.999778092 0.004511868 0.458876910 0.007963468 -0.004348776 0.999958813 -6.454953340
0 0.472561932 0.840110123 0.500000000 0.500000000 0.000000000 0.000000000 0.999787629 0.019388614 -0.006985425 -0.632754135 -0.019355262 0.999801099 0.004810934 0.457983096 0.007077313 -0.004674708 0.999964058 -6.490035169
0 0.472561932 0.840110123 0.500000000 0.500000000 0.000000000 0.000000000 0.999816835 0.018161321 -0.006033976 -0.645039584 -0.018131474 0.999823272 0.004964830 0.458089818 0.006123078 -0.004854516 0.999969482 -6.525805498
0 0.472561932 0.840110123 0.500000000 0.500000000 0.000000000 0.000000000 0.999841928 0.017038805 -0.005084693 -0.656776260 -0.017013310 0.999842703 0.005016060 0.458663349 0.005169360 -0.004928759 0.999974489 -6.560703395
0 0.472561932 0.840110123 0.500000000 0.500000000 0.000000000 0.000000000 0.999863029 0.016088396 -0.003876937 -0.670624491 -0.016068930 0.999858379 0.005000868 0.460154219 0.003956844 -0.004937885 0.999979973 -6.595477697
0 0.472561932 0.840110123 0.500000000 0.500000000 0.000000000 0.000000000 0.999880016 0.015291858 -0.002463501 -0.685619439 -0.015279735 0.999871433 0.004867338 0.462093969 0.002537615 -0.004829113 0.999985099 -6.631324591
0 0.472561932 0.840110123 0.500000000 0.500000000 0.000000000 0.000000000 0.999893606 0.014544762 -0.001081764 -0.700030616 -0.014539476 0.999883056 0.004743319 0.463410196 0.001150628 -0.004727086 0.999988139 -6.667129021
0 0.472561932 0.840110123 0.500000000 0.500000000 0.000000000 0.000000000 0.999903977 0.013848850 0.000438409 -0.715843123 -0.013850691 0.999893844 0.004520227 0.465717182 -0.000375763 -0.004525866 0.999989688 -6.702556431
0 0.472561932 0.840110123 0.500000000 0.500000000 0.000000000 0.000000000 0.999913156 0.013028645 0.001973200 -0.731858861 -0.013037358 0.999905050 0.004469639 0.466205768 -0.001914779 -0.004494976 0.999988079 -6.739427749
0 0.472561932 0.840110123 0.500000000 0.500000000 0.000000000 0.000000000 0.999919713 0.012173980 0.003517519 -0.748168950 -0.012189633 0.999915719 0.004463690 0.466104813 -0.003462882 -0.004506208 0.999983847 -6.775511054
0 0.472561932 0.840110123 0.500000000 0.500000000 0.000000000 0.000000000 0.999924421 0.011239925 0.004985499 -0.763726650 -0.011261843 0.999926925 0.004390295 0.466713317 -0.004935788 -0.004446109 0.999977946 -6.811898438
0 0.472561932 0.840110123 0.500000000 0.500000000 0.000000000 0.000000000 0.999926388 0.010238648 0.006514797 -0.780238203 -0.010268128 0.999937117 0.004507757 0.465505145 -0.006468233 -0.004574320 0.999968648 -6.848743329
