0 0.498256741 0.885789843 0.500000000 0.500000000 0.000000000 0.000000000 0.958263278 -0.046517011 0.282077491 0.434665283 0.046584148 0.998893380 0.006472181 0.311709389 -0.282066405 0.006938286 0.959369779 -1.282647299
0 0.498256741 0.885789843 0.500000000 0.500000000 0.000000000 0.000000000 0.957459033 -0.045995694 0.284879893 0.436194668 0.046417143 0.998908222 0.005275767 0.316890436 -0.284811527 0.008171979 0.958548725 -1.288418684
0 0.498256741 0.885789843 0.500000000 0.500000000 0.000000000 0.000000000 0.956510007 -0.046236768 0.288011819 0.435567611 0.046703085 0.998894989 0.005255719 0.317794160 -0.287936568 0.008423894 0.957612455 -1.294392719
0 0.498256741 0.885789843 0.500000000 0.500000000 0.000000000 0.000000000 0.955529928 -0.046552807 0.291196525 0.434554203 0.046981778 0.998880506 0.005522722 0.318399678 -0.291127622 0.008403804 0.956647336 -1.301122000
0 0.498256741 0.885789843 0.500000000 0.500000000 0.000000000 0.000000000 0.954702258 -0.046583861 0.293893844 0.435023277 0.047050416 0.998877466 0.005486430 0.320518953 -0.293819517 0.008589921 0.955822349 -1.304444034
0 0.498256741 0.885789843 0.500000000 0.500000000 0.000000000 0.000000000 0.954009354 -0.047000386 0.296069443 0.437487592 0.047394283 0.998859107 0.005850571 0.320377253 -0.296006650 0.008450499 0.955148518 -1.307942505
0 0.498256741 0.885789843 0.500000000 0.500000000 0.000000000 0.000000000 0.953184485 -0.047129177 0.298694074 0.438834070 0.047547355 0.998851717 0.005871083 0.321347388 -0.298627794 0.008605888 0.954330862 -1.313805067
0 0.498256741 0.885789843 0.500000000 0.500000000 0.000000000 0.000000000 0.952221215 -0.047652964 0.301668614 0.438854003 0.047961865 0.998828769 0.006387298 0.320822052 -0.301619649 0.008386468 0.953391433 -1.321176713
0 0.498256741 0.885789843 0.500000000 0.500000000 0.000000000 0.000000000 0.951347291 -0.047547325 0.304429889 0.439934675 0.048054501 0.998827696 0.005830779 0.323656818 -0.304350257 0.009082131 0.952516913 -1.326847825
0 0.498256741 0.885789843 0.500000000 0.500000000 0.000000000 0.000000000 0.950721979 -0.047745582 0.306346357 0.444072638 0.048272103 0.998817027 0.005861821 0.324911938 -0.306263834 0.009215022 0.951902092 -1.333023890
0 0.498256741 0.885789843 0.500000000 0.500000000 0.000000000 0.000000000 0.949952126 -0.048051521 0.308677822 0.445014881 0.048531573 0.998802841 0.006127174 0.325490714 -0.308602720 0.009160099 0.951146901 -1.338872621
0 0.498256741 0.885789843 0.500000000 0.500000000 0.000000000 0.000000000 0.949482679 -0.047925819 0.310138255 0.449465859 0.048636470 0.998801708 0.005445650 0.328662947 -0.310027599 0.009913479 0.950675845 -1.343564256
0 0.498256741 0.885789843 0.500000000 0.500000000 0.000000000 0.000000000 0.948853135 -0.047676157 0.312097311 0.451723109 0.048481632 0.998810649 0.005182688 0.329951756 -0.311973184 0.010213377 0.950035989 -1.349386431
0 0.498256741 0.885789843 0.500000000 0.500000000 0.000000000 0.000000000 0.948471487 -0.048185725 0.313177198 0.457683885 0.049010802 0.998784482 0.005242412 0.330848538 -0.313049138 0.010376789 0.949680209 -1.354274970
0 0.498256741 0.885789843 0.500000000 0.500000000 0.000000000 0.000000000 0.948101938 -0.048233878 0.314286828 0.462715260 0.049237385 0.998775840 0.004749701 0.334162624 -0.314131200 0.010971462 0.949316204 -1.358487347
0 0.498256741 0.885789843 0.500000000 0.500000000 0.000000000 0.000000000 0.947783709 -0.048552871 0.315196276 0.468670469 0.049495265 0.998761773 0.005018919 0.333863152 -0.315049678 0.010843874 0.949013233 -1.364204695
0 0.498256741 0.885789843 0.500000000 0.500000000 0.000000000 0.000000000 0.947443008 -0.048654538 0.316203207 0.472781716 0.049559440 0.998757720 0.005184485 0.334524537 -0.316062659 0.010758850 0.948677301 -1.370058039
0 0.498256741 0.885789843 0.500000000 0.500000000 0.000000000 0.000000000 0.947150409 -0.048571270 0.317091435 0.478150878 0.049465571 0.998762131 0.005234484 0.336711216 -0.316953152 0.010727266 0.948380530 -1.375551999
0 0.498256741 0.885789843 0.500000000 0.500000000 0.000000000 0.000000000 0.946966827 -0.048602529 0.317634493 0.485230594 0.049343478 0.998765528 0.005716934 0.337750572 -0.317520231 0.010259443 0.948195994 -1.381055615
0 0.498256741 0.885789843 0.500000000 0.500000000 0.000000000 0.000000000 0.946716130 -0.048728552 0.318361640 0.491026121 0.049334511 0.998763263 0.006164418 0.338248746 -0.318268299 0.009870262 0.947949290 -1.386507344
0 0.498256741 0.885789843 0.500000000 0.500000000 0.000000000 0.000000000 0.946568012 -0.048966240 0.318765223 0.498217750 0.049646270 0.998748839 0.005996276 0.340060111 -0.318660021 0.010149620 0.947814763 -1.391195298
0 0.498256741 0.885789843 0.500000000 0.500000000 0.000000000 0.000000000 0.946286500 -0.048794456 0.319626331 0.502752597 0.049641561 0.998751938 0.005501491 0.341580379 -0.319495857 0.010660763 0.947527707 -1.396804575
0 0.498256741 0.885789843 0.500000000 0.500000000 0.000000000 0.000000000 0.946170390 -0.049042195 0.319932044 0.510129505 0.049992416 0.998735785 0.005247533 0.342906416 -0.319784939 0.011029115 0.947425961 -1.401429764
0 0.498256741 0.885789843 0.500000000 0.500000000 0.000000000 0.000000000 0.946117699 -0.049246565 0.320056319 0.517066452 0.050266493 0.998722911 0.005079277 0.344304268 -0.319897711 0.011282514 0.947384894 -1.406748908
0 0.498256741 0.885789843 0.500000000 0.500000000 0.000000000 0.000000000 0.946016729 -0.049480326 0.320318729 0.523393271 0.050415069 0.998713851 0.005379620 0.344665497 -0.320172936 0.011059679 0.947294533 -1.412237789
0 0.498256741 0.885789843 0.500000000 0.500000000 0.000000000 0.000000000 0.946040273 -0.049472809 0.320250273 0.531435628 0.050331820 0.998716831 0.005599991 0.345069900 -0.320116401 0.010820962 0.947316408 -1.417598174
0 0.498256741 0.885789843 0.500000000 0.500000000 0.000000000 0.000000000 0.945934355 -0.049650989 0.320535392 0.537408821 0.050368801 0.998712301 0.006056984 0.345111247 -0.320423365 0.010415473 0.947217166 -1.422888760
0 0.498256741 0.885789843 0.500000000 0.500000000 0.000000000 0.000000000 0.945886850 -0.049597275 0.320683867 0.544734397 0.050226815 0.998717904 0.006313999 0.344927213 -0.320585847 0.010134601 0.947165251 -1.428473647
0 0.498256741 0.885789843 0.500000000 0.500000000 0.000000000 0.000000000 0.945944369 -0.049701098 0.320498168 0.552781832 0.050348893 0.998712003 0.006270965 0.345751491 -0.320397049 0.010204744 0.947228372 -1.433705194
0 0.498256741 0.885789843 0.500000000 0.500000000 0.000000000 0.000000000 0.945808053 -0.049675785 0.320904166 0.557598168 0.050397500 0.998710811 0.006062196 0.347592439 -0.320791602 0.010439094 0.947092295 -1.439188551
0 0.498256741 0.885789843 0.500000000 0.500000000 0.000000000 0.000000000 0.945911646 -0.049724642 0.320590973 0.565994668 0.050508879 0.998706341 0.005874699 0.349889577 -0.320468336 0.010635744 0.947199523 -1.444583879
0 0.498256741 0.885789843 0.500000000 0.500000000 0.000000000 0.000000000 0.945865393 -0.049823046 0.320712268 0.572433198 0.050439443 0.998706698 0.006391040 0.348430880 -0.320615888 0.010131484 0.947155118 -1.449947163
0 0.498256741 0.885789843 0.500000000 0.500000000 0.000000000 0.000000000 0.945817947 -0.049884915 0.320842505 0.578942215 0.050570842 0.998701215 0.006200293 0.350260191 -0.320735097 0.010360928 0.947112262 -1.455349277
0 0.498256741 0.885789843 0.500000000 0.500000000 0.000000000 0.000000000 0.945830643 -0.049897332 0.320803076 0.586099610 0.050656032 0.998698235 0.005986065 0.351940842 -0.320684135 0.010588806 0.947126985 -1.460264484
0 0.498256741 0.885789843 0.500000000 0.500000000 0.000000000 0.000000000 0.945654571 -0.049946453 0.321314096 0.590460127 0.050713003 0.998695314 0.005988861 0.352670315 -0.321194023 0.010631409 0.946953714 -1.465309051
0 0.498256741 0.885789843 0.500000000 0.500000000 0.000000000 0.000000000 0.945673585 -0.049890436 0.321266860 0.596500094 0.050658457 0.998698175 0.005973604 0.354052431 -0.321146667 0.010625805 0.946969867 -1.470096306
0 0.498256741 0.885789843 0.500000000 0.500000000 0.000000000 0.000000000 0.945782065 -0.049870979 0.320950389 0.603617758 0.050685365 0.998697698 0.005822469 0.356573007 -0.320822805 0.010760700 0.947078109 -1.474700252
0 0.498256741 0.885789843 0.500000000 0.500000000 0.000000000 0.000000000 0.945753813 -0.049712662 0.321058154 0.607543409 0.050554764 0.998704910 0.005718334 0.357899115 -0.320926636 0.010822883 0.947042227 -1.479775108
0 0.498256741 0.885789843 0.500000000 0.500000000 0.000000000 0.000000000 0.945839524 -0.049718697 0.320804745 0.613346514 0.050577946 0.998704076 0.005659658 0.359473910 -0.320670396 0.010872517 0.947128415 -1.484462539
0 0.498256741 0.885789843 0.500000000 0.500000000 0.000000000 0.000000000 0.945745528 -0.049683936 0.321087003 0.617204468 0.050444756 0.998709083 0.005954450 0.359914113 -0.320968360 0.010565761 0.947030962 -1.489877301
0 0.498256741 0.885789843 0.500000000 0.500000000 0.000000000 0.000000000 0.945685208 -0.049369328 0.321313173 0.619888479 0.050139535 0.998724878 0.005882604 0.362018191 -0.321193874 0.010547401 0.946954727 -1.494796902
0 0.498256741 0.885789843 0.500000000 0.500000000 0.000000000 0.000000000 0.945710838 -0.049291816 0.321249574 0.624143961 0.050078113 0.998728335 0.005820137 0.363812208 -0.321127951 0.010583405 0.946976662 -1.500517273
0 0.498256741 0.885789843 0.500000000 0.500000000 0.000000000 0.000000000 0.945676208 -0.049338959 0.321344256 0.627415965 0.050063290 0.998727918 0.006013907 0.364361170 -0.321232200 0.010400343 0.946943343 -1.505118185
0 0.498256741 0.885789843 0.500000000 0.500000000 0.000000000 0.000000000 0.945666134 -0.049062908 0.321416289 0.630281339 0.049848557 0.998740017 0.005789994 0.365869982 -0.321295381 0.010546736 0.946920276 -1.510206418
0 0.498256741 0.885789843 0.500000000 0.500000000 0.000000000 0.000000000 0.945720196 -0.049208861 0.321234792 0.634383226 0.049983542 0.998732984 0.005840173 0.366928985 -0.321115166 0.010533283 0.946981549 -1.514956429
0 0.498256741 0.885789843 0.500000000 0.500000000 0.000000000 0.000000000 0.945651710 -0.048950173 0.321475863 0.637044989 0.049771961 0.998744547 0.005666912 0.368955296 -0.321349651 0.010641559 0.946900845 -1.519872433
0 0.498256741 0.885789843 0.500000000 0.500000000 0.000000000 0.000000000 0.945689499 -0.048836507 0.321381986 0.640323852 0.049591914 0.998752475 0.005840494 0.369860743 -0.321266294 0.010414654 0.946931601 -1.524680336
0 0.498256741 0.885789843 0.500000000 0.500000000 0.000000000 0.000000000 0.945794642 -0.048678067 0.321096480 0.644609512 0.049342960 0.998763442 0.006071593 0.370069675 -0.320994973 0.010101371 0.947027028 -1.529602243
0 0.498256741 0.885789843 0.500000000 0.500000000 0.000000000 0.000000000 0.945833445 -0.048532333 0.321004242 0.648850396 0.049257789 0.998768866 0.005865722 0.371767803 -0.320893735 0.010263964 0.947059572 -1.534605509
0 0.498256741 0.885789843 0.500000000 0.500000000 0.000000000 0.000000000 0.945694029 -0.048341762 0.321443498 0.650760916 0.049120907 0.998776615 0.005690812 0.372720127 -0.321325362 0.010407830 0.946911633 -1.540413652
0 0.498256741 0.885789843 0.500000000 0.500000000 0.000000000 0.000000000 0.945653319 -0.048474334 0.321543276 0.654592495 0.049311198 0.998768091 0.005546126 0.374143074 -0.321416020 0.010610973 0.946878612 -1.545859233
0 0.498256741 0.885789843 0.500000000 0.500000000 0.000000000 0.000000000 0.945567369 -0.048296768 0.321822494 0.656371207 0.049118094 0.998777449 0.005572185 0.374982768 -0.321698189 0.010538432 0.946783602 -1.552027116
0 0.498256741 0.885789843 0.500000000 0.500000000 0.000000000 0.000000000 0.945642769 -0.048292924 0.321601570 0.660560071 0.049018234 0.998780787 0.005846689 0.375549149 -0.321491808 0.010235460 0.946857035 -1.557871460
0 0.498256741 0.885789843 0.500000000 0.500000000 0.000000000 0.000000000 0.945662558 -0.048334610 0.321537107 0.664195520 0.048923906 0.998782933 0.006252086 0.375197181 -0.321447968 0.009818488 0.946876347 -1.564444327
0 0.498256741 0.885789843 0.500000000 0.500000000 0.000000000 0.000000000 0.945718944 -0.048169084 0.321396023 0.667949379 0.048805669 0.998789787 0.006080799 0.376252196 -0.321299970 0.009935221 0.946925342 -1.570567906
0 0.498256741 0.885789843 0.500000000 0.500000000 0.000000000 0.000000000 0.945699871 -0.048216734 0.321444988 0.670978084 0.048976362 0.998783529 0.005727693 0.377716357 -0.321330130 0.010326527 0.946910918 -1.577279130
0 0.498256741 0.885789843 0.500000000 0.500000000 0.000000000 0.000000000 0.945581734 -0.048059095 0.321815878 0.673309490 0.048950866 0.998786986 0.005325265 0.379408694 -0.321681440 0.010717693 0.946787298 -1.584436310
0 0.498256741 0.885789843 0.500000000 0.500000000 0.000000000 0.000000000 0.945694268 -0.048182271 0.321466595 0.678479978 0.049067214 0.998781145 0.005353471 0.380401171 -0.321332723 0.010710724 0.946905792 -1.591367353
0 0.498256741 0.885789843 0.500000000 0.500000000 0.000000000 0.000000000 0.945773959 -0.048231822 0.321224779 0.683194214 0.049092043 0.998779535 0.005426044 0.381723288 -0.321094424 0.010637769 0.946987450 -1.597797862
0 0.498256741 0.885789843 0.500000000 0.500000000 0.000000000 0.000000000 0.945771694 -0.048272405 0.321225226 0.686873696 0.049069084 0.998779595 0.005620164 0.382575871 -0.321104497 0.010446835 0.946986139 -1.605106674
0 0.498256741 0.885789843 0.500000000 0.500000000 0.000000000 0.000000000 0.945688605 -0.048231218 0.321476072 0.689808916 0.049045194 0.998781025 0.005571009 0.384676632 -0.321352899 0.010498418 0.946901321 -1.612267732
0 0.498256741 0.885789843 0.500000000 0.500000000 0.000000000 0.000000000 0.945711672 -0.048295461 0.321398437 0.694684728 0.049140763 0.998776793 0.005486622 0.387292761 -0.321270257 0.010605001 0.946928144 -1.619189953
0 0.498256741 0.885789843 0.500000000 0.500000000 0.000000000 0.000000000 0.945758402 -0.048244119 0.321268588 0.699474894 0.049115907 0.998778522 0.005395494 0.389704640 -0.321136445 0.010676564 0.946972728 -1.626321988
0 0.498256741 0.885789843 0.500000000 0.500000000 0.000000000 0.000000000 0.945770323 -0.048363727 0.321215600 0.704562078 0.049248524 0.998772085 0.005375047 0.392232006 -0.321081132 0.010735834 0.946990848 -1.633640076
0 0.498256741 0.885789843 0.500000000 0.500000000 0.000000000 0.000000000 0.945822954 -0.048321690 0.321066886 0.709969938 0.049191881 0.998774707 0.005405957 0.394050104 -0.320934713 0.010680806 0.947041094 -1.640760542
0 0.498256741 0.885789843 0.500000000 0.500000000 0.000000000 0.000000000 0.945741415 -0.048410833 0.321293503 0.714177576 0.049271725 0.998770535 0.005456076 0.395689344 -0.321162611 0.010670648 0.946963966 -1.648172305
0 0.498256741 0.885789843 0.500000000 0.500000000 0.000000000 0.000000000 0.945818722 -0.048670698 0.321026653 0.720280221 0.049498908 0.998758554 0.005586083 0.397106970 -0.320899993 0.010607047 0.947053671 -1.654881793
0 0.498256741 0.885789843 0.500000000 0.500000000 0.000000000 0.000000000 0.945841908 -0.048595164 0.320969820 0.725243877 0.049576003 0.998757243 0.005121066 0.400213997 -0.320819795 0.011068682 0.947075605 -1.661669664
0 0.498256741 0.885789843 0.500000000 0.500000000 0.000000000 0.000000000 0.945794225 -0.048604582 0.321108878 0.729603984 0.049638234 0.998754859 0.004971866 0.401865341 -0.320950717 0.011236915 0.947029233 -1.668450688
0 0.498256741 0.885789843 0.500000000 0.500000000 0.000000000 0.000000000 0.945879102 -0.048945680 0.320806801 0.735767830 0.049937349 0.998739123 0.005141008 0.402719016 -0.320653945 0.011157470 0.947130680 -1.675276364
0 0.498256741 0.885789843 0.500000000 0.500000000 0.000000000 0.000000000 0.945816457 -0.048966534 0.320988417 0.740341697 0.049997702 0.998736620 0.005034521 0.404762561 -0.320829421 0.011286951 0.947069764 -1.682257372
0 0.498256741 0.885789843 0.500000000 0.500000000 0.000000000 0.000000000 0.945821702 -0.049056727 0.320959181 0.745778939 0.050067820 0.998732746 0.005107593 0.406189421 -0.320803016 0.011238855 0.947079241 -1.689412377
0 0.498256741 0.885789843 0.500000000 0.500000000 0.000000000 0.000000000 0.945864081 -0.049096610 0.320828050 0.750827625 0.050033536 0.998733342 0.005328388 0.407036795 -0.320683271 0.011012230 0.947122455 -1.696142118
0 0.498256741 0.885789843 0.500000000 0.500000000 0.000000000 0.000000000 0.945957541 -0.049201146 0.320536375 0.756924738 0.050094854 0.998729527 0.005462815 0.408066165 -0.320397913 0.010889632 0.947220445 -1.703061585
0 0.498256741 0.885789843 0.500000000 0.500000000 0.000000000 0.000000000 0.945957839 -0.049176492 0.320539355 0.761962266 0.050153993 0.998727918 0.005211132 0.410236599 -0.320387870 0.011146818 0.947220862 -1.709292603
0 0.498256741 0.885789843 0.500000000 0.500000000 0.000000000 0.000000000 0.946203291 -0.049348358 0.319787532 0.769039847 0.050343033 0.998718679 0.005160877 0.411448797 -0.319632471 0.011215836 0.947475195 -1.715209803
0 0.498256741 0.885789843 0.500000000 0.500000000 0.000000000 0.000000000 0.946269214 -0.049310315 0.319598317 0.773594673 0.050324902 0.998719931 0.005088537 0.412440168 -0.319440126 0.011268629 0.947539449 -1.720831239
0 0.498256741 0.885789843 0.500000000 0.500000000 0.000000000 0.000000000 0.946450114 -0.049412977 0.319046289 0.779799843 0.050413530 0.998715281 0.005126530 0.413232946 -0.318889737 0.011232246 0.947725236 -1.726320881
0 0.498256741 0.885789843 0.500000000 0.500000000 0.000000000 0.000000000 0.946531057 -0.049287919 0.318825483 0.784563538 0.050235678 0.998723567 0.005254846 0.413575048 -0.318677515 0.011042539 0.947798848 -1.731457264
0 0.498256741 0.885789843 0.500000000 0.500000000 0.000000000 0.000000000 0.946664751 -0.049283113 0.318429053 0.789486570 0.050133716 0.998727202 0.005528909 0.413401674 -0.318296254 0.010730009 0.947930574 -1.736047102
0 0.498256741 0.885789843 0.500000000 0.500000000 0.000000000 0.000000000 0.947007418 -0.049406782 0.317389309 0.797024345 0.050200071 0.998723030 0.005683400 0.413089898 -0.317264795 0.010550743 0.948278308 -1.739856397
