0 0.469538282 0.834734714 0.500000000 0.500000000 0.000000000 0.000000000 0.999710381 -0.019207118 -0.014497670 0.317529081 0.018850587 0.999525964 -0.024340795 0.597619786 0.014958315 0.024060458 0.999598563 -2.850468394
0 0.469538282 0.834734714 0.500000000 0.500000000 0.000000000 0.000000000 0.999556720 -0.017545272 -0.024052018 0.348690593 0.016974667 0.999574363 -0.023726109 0.597877652 0.024458062 0.023307318 0.999429107 -2.863240649
0 0.469538282 0.834734714 0.500000000 0.500000000 0.000000000 0.000000000 0.999332309 -0.015563003 -0.033056609 0.373340833 0.014803532 0.999623656 -0.023096688 0.598311046 0.033403620 0.022591911 0.999186575 -2.880021194
0 0.469538282 0.834734714 0.500000000 0.500000000 0.000000000 0.000000000 0.999004364 -0.014050768 -0.042342253 0.402269620 0.013106562 0.999661028 -0.022495098 0.597886836 0.042643975 0.021917740 0.998849869 -2.893215742
0 0.469538282 0.834734714 0.500000000 0.500000000 0.000000000 0.000000000 0.998603106 -0.012579843 -0.051318765 0.429911809 0.011465426 0.999693274 -0.021952497 0.597898389 0.051579181 0.021333439 0.998441041 -2.905948396
0 0.469538282 0.834734714 0.500000000 0.500000000 0.000000000 0.000000000 0.998125315 -0.010550717 -0.060287274 0.458139162 0.009263935 0.999724090 -0.021583959 0.599424117 0.060498368 0.020985000 0.997947693 -2.917397503
0 0.469538282 0.834734714 0.500000000 0.500000000 0.000000000 0.000000000 0.997599900 -0.008932997 -0.068662949 0.483812855 0.007550691 0.999764085 -0.020364994 0.595915691 0.068828672 0.019797664 0.997432053 -2.927970574
0 0.469538282 0.834734714 0.500000000 0.500000000 0.000000000 0.000000000 0.997029126 -0.007098909 -0.076697923 0.507382651 0.005575252 0.999783218 -0.020061577 0.597627058 0.076823704 0.019574367 0.996852517 -2.937500730
0 0.469538282 0.834734714 0.500000000 0.500000000 0.000000000 0.000000000 0.996369243 -0.005966364 -0.084927633 0.531258274 0.004357911 0.999807835 -0.019111916 0.595436322 0.085025348 0.018672420 0.996203840 -2.948260317
0 0.469538282 0.834734714 0.500000000 0.500000000 0.000000000 0.000000000 0.995596230 -0.004348402 -0.093643919 0.559244909 0.002646388 0.999829173 -0.018291896 0.594652898 0.093707457 0.017963525 0.995437682 -2.957936701
0 0.469538282 0.834734714 0.500000000 0.500000000 0.000000000 0.000000000 0.994802654 -0.003037570 -0.101776540 0.584423216 0.001236751 0.999841630 -0.017752280 0.594234405 0.101814352 0.017534142 0.994648874 -2.966910018
0 0.469538282 0.834734714 0.500000000 0.500000000 0.000000000 0.000000000 0.993952155 -0.001575716 -0.109802939 0.607910796 -0.000337295 0.999848545 -0.017401466 0.595473526 0.109813727 0.017333260 0.993801057 -2.977047006
0 0.469538282 0.834734714 0.500000000 0.500000000 0.000000000 0.000000000 0.993040800 -0.000151107 -0.117770664 0.632610906 -0.001810362 0.999861419 -0.016547833 0.593528411 0.117756844 0.016645880 0.992902935 -2.985603116
0 0.469538282 0.834734714 0.500000000 0.500000000 0.000000000 0.000000000 0.991914213 0.001233911 -0.126904190 0.664758909 -0.003273651 0.999868751 -0.015865766 0.592676758 0.126867965 0.016152918 0.991788089 -2.992999600
0 0.469538282 0.834734714 0.500000000 0.500000000 0.000000000 0.000000000 0.990867555 0.002372628 -0.134817809 0.689991986 -0.004517393 0.999868035 -0.015604933 0.593820683 0.134763002 0.016071446 0.990747511 -2.999519866
0 0.469538282 0.834734714 0.500000000 0.500000000 0.000000000 0.000000000 0.989702821 0.003762293 -0.143088013 0.716391240 -0.006006479 0.999865592 -0.015255236 0.594739151 0.143011376 0.015957605 0.989592373 -3.007181495
0 0.469538282 0.834734714 0.500000000 0.500000000 0.000000000 0.000000000 0.988495052 0.005456983 -0.151154652 0.741541871 -0.007731995 0.999865472 -0.014467240 0.594257960 0.151055366 0.015469523 0.988404274 -3.016438089
0 0.469538282 0.834734714 0.500000000 0.500000000 0.000000000 0.000000000 0.987091839 0.007662453 -0.159971908 0.772534181 -0.009971404 0.999857306 -0.013635722 0.594099182 0.159844592 0.015054855 0.987027407 -3.024076897
0 0.469538282 0.834734714 0.500000000 0.500000000 0.000000000 0.000000000 0.985699952 0.009654623 -0.168233082 0.799965190 -0.011913579 0.999851823 -0.012423369 0.591862183 0.168088213 0.014249973 0.985668957 -3.032511989
0 0.469538282 0.834734714 0.500000000 0.500000000 0.000000000 0.000000000 0.984053254 0.011472883 -0.177503571 0.833501579 -0.013724423 0.999840140 -0.011461823 0.590760768 0.177343696 0.013715179 0.984053433 -3.040158565
0 0.469538282 0.834734714 0.500000000 0.500000000 0.000000000 0.000000000 0.982462108 0.012969411 -0.186010644 0.864183326 -0.015194535 0.999828994 -0.010541669 0.589249942 0.185842112 0.013183136 0.982491195 -3.045525013
0 0.469538282 0.834734714 0.500000000 0.500000000 0.000000000 0.000000000 0.980582595 0.014325204 -0.195582569 0.901749175 -0.016674977 0.999807179 -0.010372859 0.591336816 0.195396259 0.013432781 0.980632365 -3.049119572
0 0.469538282 0.834734714 0.500000000 0.500000000 0.000000000 0.000000000 0.978855491 0.014860434 -0.204012603 0.932030189 -0.017286450 0.999799430 -0.010114488 0.591330455 0.203821376 0.013427276 0.978915989 -3.054176524
0 0.469538282 0.834734714 0.500000000 0.500000000 0.000000000 0.000000000 0.977013052 0.014982523 -0.212652221 0.961328444 -0.017549084 0.999794126 -0.010186806 0.592700198 0.212455809 0.013684495 0.977074862 -3.061623052
0 0.469538282 0.834734714 0.500000000 0.500000000 0.000000000 0.000000000 0.975109994 0.016295180 -0.221122116 0.991835779 -0.018905228 0.999774277 -0.009692270 0.592889986 0.220914260 0.013631393 0.975197971 -3.066856145
0 0.469538282 0.834734714 0.500000000 0.500000000 0.000000000 0.000000000 0.972996891 0.017419269 -0.230160028 1.026663442 -0.020098299 0.999754727 -0.009300423 0.592834415 0.229941577 0.013675108 0.973108351 -3.070328224
0 0.469538282 0.834734714 0.500000000 0.500000000 0.000000000 0.000000000 0.970787585 0.018596534 -0.239218712 1.062313406 -0.021387799 0.999730051 -0.009077458 0.594221723 0.238985315 0.013928644 0.970923305 -3.073205333
0 0.469538282 0.834734714 0.500000000 0.500000000 0.000000000 0.000000000 0.968750656 0.018852351 -0.247319028 1.091318213 -0.021889200 0.999714911 -0.009535054 0.597641914 0.247068763 0.014650705 0.968887210 -3.076771410
0 0.469538282 0.834734714 0.500000000 0.500000000 0.000000000 0.000000000 0.966582417 0.019910714 -0.255581737 1.121430750 -0.023099827 0.999688208 -0.009481821 0.599928482 0.255313247 0.015068855 0.966740966 -3.081703834
0 0.469538282 0.834734714 0.500000000 0.500000000 0.000000000 0.000000000 0.964528799 0.021428097 -0.263106555 1.145770431 -0.024738800 0.999650896 -0.009276346 0.602137399 0.262815922 0.015456243 0.964722157 -3.089264367
0 0.469538282 0.834734714 0.500000000 0.500000000 0.000000000 0.000000000 0.962353587 0.023293732 -0.270800680 1.172678902 -0.026585666 0.999610424 -0.008493898 0.601376442 0.270497352 0.015373548 0.962597966 -3.095635936
0 0.469538282 0.834734714 0.500000000 0.500000000 0.000000000 0.000000000 0.959928215 0.025413401 -0.279091418 1.204415056 -0.028720066 0.999557316 -0.007764657 0.601526767 0.278770566 0.015469038 0.960233152 -3.099249538
0 0.469538282 0.834734714 0.500000000 0.500000000 0.000000000 0.000000000 0.957493067 0.027088694 -0.287181526 1.235275373 -0.030483654 0.999508202 -0.007356029 0.602459294 0.286841035 0.015797690 0.957847953 -3.103226006
0 0.469538282 0.834734714 0.500000000 0.500000000 0.000000000 0.000000000 0.955354929 0.028288940 -0.294103235 1.259305621 -0.031652648 0.999476612 -0.006682618 0.601555444 0.293760270 0.015693419 0.955750287 -3.107758434
0 0.469538282 0.834734714 0.500000000 0.500000000 0.000000000 0.000000000 0.953026593 0.029987330 -0.301398516 1.286033954 -0.033433698 0.999421179 -0.006281482 0.602600578 0.301035702 0.016063286 0.953477561 -3.111832896
0 0.469538282 0.834734714 0.500000000 0.500000000 0.000000000 0.000000000 0.950844944 0.031092318 -0.308102548 1.308770960 -0.034581278 0.999384642 -0.005868978 0.602830473 0.307730496 0.016235068 0.951335073 -3.117056048
0 0.469538282 0.834734714 0.500000000 0.500000000 0.000000000 0.000000000 0.948523283 0.032442808 -0.315041393 1.333832450 -0.036013983 0.999336064 -0.005519383 0.603632860 0.314653158 0.016581159 0.949061871 -3.120497012
0 0.469538282 0.834734714 0.500000000 0.500000000 0.000000000 0.000000000 0.946193933 0.034303099 -0.321776837 1.358209265 -0.037815209 0.999273837 -0.004668859 0.602555742 0.321383029 0.016585704 0.946804047 -3.124846154
0 0.469538282 0.834734714 0.500000000 0.500000000 0.000000000 0.000000000 0.943991959 0.036035366 -0.327994853 1.379943235 -0.039593928 0.999207139 -0.004175533 0.603103492 0.327584326 0.016928274 0.944670260 -3.127948358
0 0.469538282 0.834734714 0.500000000 0.500000000 0.000000000 0.000000000 0.941638112 0.038300499 -0.334440947 1.404383475 -0.041956168 0.999112546 -0.003710720 0.604554561 0.334002018 0.017526016 0.942409396 -3.129908594
0 0.469538282 0.834734714 0.500000000 0.500000000 0.000000000 0.000000000 0.939151466 0.040188991 -0.341144145 1.429906771 -0.043941766 0.999028742 -0.003277258 0.605770044 0.340681076 0.018068319 0.940005302 -3.132634321
0 0.469538282 0.834734714 0.500000000 0.500000000 0.000000000 0.000000000 0.936501443 0.042286128 -0.348104745 1.457768733 -0.046173427 0.998929322 -0.002874507 0.607608459 0.347610474 0.018765168 0.937451243 -3.134490168
0 0.469538282 0.834734714 0.500000000 0.500000000 0.000000000 0.000000000 0.933831871 0.043720592 -0.355030358 1.485854976 -0.047709830 0.998858154 -0.002485109 0.608341750 0.354516327 0.019259112 0.934851468 -3.135500607
0 0.469538282 0.834734714 0.500000000 0.500000000 0.000000000 0.000000000 0.930839181 0.044892143 -0.362661123 1.517136616 -0.048982318 0.998797476 -0.002085976 0.608926896 0.362131387 0.019705690 0.931918740 -3.137418176
0 0.469538282 0.834734714 0.500000000 0.500000000 0.000000000 0.000000000 0.927951396 0.046185840 -0.369828373 1.546910302 -0.050550520 0.998719275 -0.002113794 0.611749948 0.369257092 0.020656515 0.929097712 -3.138527251
0 0.469538282 0.834734714 0.500000000 0.500000000 0.000000000 0.000000000 0.924963057 0.047349263 -0.377096057 1.577494230 -0.051771246 0.998657703 -0.001593179 0.611374219 0.376514435 0.020996364 0.926172793 -3.140010729
0 0.469538282 0.834734714 0.500000000 0.500000000 0.000000000 0.000000000 0.922133744 0.048970889 -0.383759290 1.605718629 -0.053554323 0.998564124 -0.001260362 0.612932297 0.383146554 0.021714192 0.923432291 -3.141497409
0 0.469538282 0.834734714 0.500000000 0.500000000 0.000000000 0.000000000 0.918997765 0.050674468 -0.390992552 1.637818716 -0.055289917 0.998470187 -0.000548264 0.612258669 0.390366614 0.022121798 0.920393705 -3.143312123
0 0.469538282 0.834734714 0.500000000 0.500000000 0.000000000 0.000000000 0.915919900 0.053002026 -0.397846133 1.668880320 -0.057657793 0.998336375 0.000261235 0.612106986 0.397198111 0.022699660 0.917452097 -3.144622833
0 0.469538282 0.834734714 0.500000000 0.500000000 0.000000000 0.000000000 0.912803531 0.055300072 -0.404637605 1.699896644 -0.060072254 0.998193622 0.000904538 0.613052014 0.403956711 0.023481829 0.914476693 -3.146088652
0 0.469538282 0.834734714 0.500000000 0.500000000 0.000000000 0.000000000 0.909381807 0.058048952 -0.411891997 1.734814887 -0.062786870 0.998024881 0.002032242 0.611980156 0.411196440 0.024013324 0.911230385 -3.147980595
0 0.469538282 0.834734714 0.500000000 0.500000000 0.000000000 0.000000000 0.906130433 0.060851939 -0.418598473 1.766927716 -0.065638281 0.997839034 0.002970860 0.612174977 0.417874664 0.024784096 0.908166587 -3.151094234
0 0.469538282 0.834734714 0.500000000 0.500000000 0.000000000 0.000000000 0.902758658 0.062963352 -0.425514251 1.800161962 -0.067764640 0.997693837 0.003861294 0.611489422 0.424776077 0.025349004 0.904943466 -3.154809113
0 0.469538282 0.834734714 0.500000000 0.500000000 0.000000000 0.000000000 0.899624884 0.064572938 -0.431862652 1.831407873 -0.069650210 0.997563183 0.004067320 0.614132076 0.431072921 0.026420262 0.901930213 -3.157181400
0 0.469538282 0.834734714 0.500000000 0.500000000 0.000000000 0.000000000 0.896060646 0.065607846 -0.439056844 1.867102084 -0.070895046 0.997474253 0.004363612 0.615167105 0.438234180 0.027216895 0.898448706 -3.159775366
0 0.469538282 0.834734714 0.500000000 0.500000000 0.000000000 0.000000000 0.892716765 0.067093410 -0.445595384 1.899346015 -0.072766818 0.997339308 0.004386804 0.618625132 0.444704115 0.028508384 0.895223737 -3.163432486
0 0.469538282 0.834734714 0.500000000 0.500000000 0.000000000 0.000000000 0.889559329 0.067802355 -0.451759964 1.928491950 -0.073614821 0.997275591 0.004721271 0.618900892 0.450849265 0.029056378 0.892127037 -3.169061579
0 0.469538282 0.834734714 0.500000000 0.500000000 0.000000000 0.000000000 0.886411607 0.068331420 -0.457826734 1.957832494 -0.074306622 0.997223079 0.004970041 0.619351208 0.456894994 0.029614059 0.889027536 -3.173828068
0 0.469538282 0.834734714 0.500000000 0.500000000 0.000000000 0.000000000 0.883353055 0.069132619 -0.463581830 1.985743748 -0.075333677 0.997145057 0.005153389 0.620502322 0.462614596 0.030371061 0.886039138 -3.178624844
0 0.469538282 0.834734714 0.500000000 0.500000000 0.000000000 0.000000000 0.880372345 0.070688717 -0.468985796 2.011809698 -0.077015758 0.997013569 0.005703946 0.621220878 0.467988402 0.031097699 0.883187294 -3.184389618
0 0.469538282 0.834734714 0.500000000 0.500000000 0.000000000 0.000000000 0.877545655 0.071838580 -0.474081039 2.037119416 -0.078240462 0.996914983 0.006238140 0.621108120 0.473066628 0.031618066 0.880459130 -3.188497252
0 0.469538282 0.834734714 0.500000000 0.500000000 0.000000000 0.000000000 0.874683559 0.074091293 -0.478998095 2.062457235 -0.080687501 0.996716022 0.006830809 0.622784562 0.477931172 0.032674365 0.877789378 -3.192134678
0 0.469538282 0.834734714 0.500000000 0.500000000 0.000000000 0.000000000 0.872005701 0.074851565 -0.483738869 2.085495007 -0.081364423 0.996655822 0.007547480 0.621239376 0.482686132 0.032777689 0.875179827 -3.198047153
0 0.469538282 0.834734714 0.500000000 0.500000000 0.000000000 0.000000000 0.869701922 0.075389512 -0.487785816 2.104093641 -0.082116060 0.996593654 0.007618529 0.623083987 0.486698598 0.033429202 0.872930110 -3.205744779
0 0.469538282 0.834734714 0.500000000 0.500000000 0.000000000 0.000000000 0.867250025 0.075335860 -0.492140085 2.125137629 -0.082203723 0.996585846 0.007695918 0.623703577 0.491039604 0.033781458 0.870482028 -3.210210676
0 0.469538282 0.834734714 0.500000000 0.500000000 0.000000000 0.000000000 0.864938676 0.075219318 -0.496208757 2.144713278 -0.082322940 0.996576965 0.007572496 0.625630693 0.495079786 0.034299619 0.868170202 -3.215064370
0 0.469538282 0.834734714 0.500000000 0.500000000 0.000000000 0.000000000 0.862917364 0.074854605 -0.499770373 2.161185378 -0.082181282 0.996590137 0.007370806 0.627226159 0.498617977 0.034711372 0.866126597 -3.221937738
0 0.469538282 0.834734714 0.500000000 0.500000000 0.000000000 0.000000000 0.861168742 0.074777417 -0.502788961 2.174060470 -0.082349986 0.996577680 0.007168556 0.629662944 0.501604319 0.035231326 0.864379466 -3.230329105
0 0.469538282 0.834734714 0.500000000 0.500000000 0.000000000 0.000000000 0.859594762 0.074810520 -0.505470335 2.185360298 -0.082556121 0.996561110 0.007099221 0.631533911 0.504263163 0.035627220 0.862814784 -3.238575663
0 0.469538282 0.834734714 0.500000000 0.500000000 0.000000000 0.000000000 0.858391881 0.074951686 -0.507489562 2.192430492 -0.082711987 0.996546924 0.007278120 0.632298271 0.506282628 0.035727993 0.861627162 -3.250606442
0 0.469538282 0.834734714 0.500000000 0.500000000 0.000000000 0.000000000 0.857128501 0.075848885 -0.509487689 2.200089466 -0.083860718 0.996451020 0.007262769 0.635422541 0.508230388 0.036500875 0.860447288 -3.262052280
0 0.469538282 0.834734714 0.500000000 0.500000000 0.000000000 0.000000000 0.855576038 0.077495314 -0.511843801 2.210790660 -0.085570544 0.996301532 0.007808228 0.636874403 0.510555863 0.037118219 0.859043002 -3.273229152
0 0.469538282 0.834734714 0.500000000 0.500000000 0.000000000 0.000000000 0.854380667 0.077894375 -0.513776422 2.218352404 -0.086053751 0.996258855 0.007941776 0.638479561 0.512472868 0.037427086 0.857887387 -3.285665502
0 0.469538282 0.834734714 0.500000000 0.500000000 0.000000000 0.000000000 0.853358626 0.077938944 -0.515465438 2.224248390 -0.086146988 0.996250212 0.008016854 0.639852700 0.514157355 0.037564546 0.856872857 -3.299300711
0 0.469538282 0.834734714 0.500000000 0.500000000 0.000000000 0.000000000 0.852446020 0.077843778 -0.516987503 2.229092033 -0.086086906 0.996255040 0.008061727 0.641031883 0.515678942 0.037633669 0.855955005 -3.314188216
0 0.469538282 0.834734714 0.500000000 0.500000000 0.000000000 0.000000000 0.851293743 0.078410052 -0.518797457 2.236616263 -0.086811095 0.996191740 0.008114340 0.643989514 0.517458022 0.038129691 0.854858637 -3.329498005
0 0.469538282 0.834734714 0.500000000 0.500000000 0.000000000 0.000000000 0.850547731 0.077708736 -0.520124912 2.240481334 -0.086143963 0.996250808 0.007974695 0.645304819 0.518794537 0.038022760 0.854052961 -3.345854071
0 0.469538282 0.834734714 0.500000000 0.500000000 0.000000000 0.000000000 0.849631310 0.078064762 -0.521567345 2.246284916 -0.086516626 0.996216893 0.008171901 0.647178317 0.520232141 0.038181145 0.853170991 -3.362121629
0 0.469538282 0.834734714 0.500000000 0.500000000 0.000000000 0.000000000 0.848825037 0.077245429 -0.523000240 2.252461766 -0.085762218 0.996283889 0.007956518 0.649031885 0.521671295 0.038099967 0.852295399 -3.377257807
0 0.469538282 0.834734714 0.500000000 0.500000000 0.000000000 0.000000000 0.848554313 0.076271378 -0.523582160 2.252489671 -0.085114941 0.996345162 0.007196519 0.653354097 0.522217453 0.038458027 0.851944804 -3.394203152
0 0.469538282 0.834734714 0.500000000 0.500000000 0.000000000 0.000000000 0.848914921 0.075855508 -0.523057699 2.245710127 -0.084961407 0.996362329 0.006604561 0.658496948 0.521656036 0.038833007 0.852271676 -3.413784896
