0 0.485937061 0.863888118 0.500000000 0.500000000 0.000000000 0.000000000 0.999284863 0.003406459 -0.037658341 -0.115058201 -0.003309970 0.999991059 0.002624281 0.020417428 0.037666947 -0.002497757 0.999287248 -0.739732515
0 0.485937061 0.863888118 0.500000000 0.500000000 0.000000000 0.000000000 0.999221623 0.003404563 -0.039300114 -0.120625248 -0.003324194 0.999992251 0.002110163 0.022430914 0.039306995 -0.001977879 0.999225199 -0.770541107
0 0.485937061 0.863888118 0.500000000 0.500000000 0.000000000 0.000000000 0.999141395 0.003629830 -0.041271199 -0.125514775 -0.003543590 0.999991357 0.002162566 0.021837548 0.041278690 -0.002014461 0.999145627 -0.803977105
0 0.485937061 0.863888118 0.500000000 0.500000000 0.000000000 0.000000000 0.999072731 0.003918618 -0.042875696 -0.132130479 -0.003829081 0.999990284 0.002170213 0.022348155 0.042883784 -0.002004026 0.999078035 -0.836175030
0 0.485937061 0.863888118 0.500000000 0.500000000 0.000000000 0.000000000 0.999001145 0.003891918 -0.044514667 -0.138444137 -0.003805596 0.999990702 0.002023767 0.023038741 0.044522133 -0.001852341 0.999006689 -0.869876414
0 0.485937061 0.863888118 0.500000000 0.500000000 0.000000000 0.000000000 0.998931885 0.004183671 -0.046017867 -0.146081922 -0.004095200 0.999989569 0.002016642 0.023248230 0.046025824 -0.001826035 0.998938560 -0.903215241
0 0.485937061 0.863888118 0.500000000 0.500000000 0.000000000 0.000000000 0.998861134 0.004261307 -0.047521181 -0.153639323 -0.004170821 0.999989271 0.002003124 0.024205552 0.047529209 -0.001802640 0.998868227 -0.938312758
0 0.485937061 0.863888118 0.500000000 0.500000000 0.000000000 0.000000000 0.998785257 0.004479726 -0.049071252 -0.160847552 -0.004381079 0.999988139 0.002117653 0.025310515 0.049080160 -0.001900095 0.998793006 -0.974733415
0 0.485937061 0.863888118 0.500000000 0.500000000 0.000000000 0.000000000 0.998715878 0.004874475 -0.050426170 -0.168867779 -0.004770926 0.999986231 0.002173643 0.027096286 0.050436072 -0.001930273 0.998725414 -1.009066378
0 0.485937061 0.863888118 0.500000000 0.500000000 0.000000000 0.000000000 0.998675525 0.005166421 -0.051191069 -0.178609800 -0.005054699 0.999984562 0.002311670 0.028303071 0.051202223 -0.002049853 0.998686194 -1.042979638
0 0.485937061 0.863888118 0.500000000 0.500000000 0.000000000 0.000000000 0.998622417 0.005142272 -0.052218873 -0.187406979 -0.005043179 0.999985218 0.002029236 0.031380860 0.052228536 -0.001763091 0.998633623 -1.077741989
0 0.485937061 0.863888118 0.500000000 0.500000000 0.000000000 0.000000000 0.998575032 0.005396492 -0.053091850 -0.195908071 -0.005282864 0.999983430 0.002280307 0.032765672 0.053103276 -0.001996581 0.998587012 -1.111454540
0 0.485937061 0.863888118 0.500000000 0.500000000 0.000000000 0.000000000 0.998545468 0.005530657 -0.053631563 -0.206702620 -0.005417061 0.999982774 0.002263211 0.035640260 0.053643156 -0.001969394 0.998558223 -1.143761287
0 0.485937061 0.863888118 0.500000000 0.500000000 0.000000000 0.000000000 0.998487890 0.005690894 -0.054676965 -0.214465820 -0.005568002 0.999981642 0.002399685 0.037348333 0.054689616 -0.002091615 0.998501241 -1.175039439
0 0.485937061 0.863888118 0.500000000 0.500000000 0.000000000 0.000000000 0.998443007 0.005480575 -0.055511493 -0.221721125 -0.005393357 0.999983966 0.001720862 0.042238759 0.055520032 -0.001418790 0.998456538 -1.207716426
0 0.485937061 0.863888118 0.500000000 0.500000000 0.000000000 0.000000000 0.998403907 0.005595777 -0.056198668 -0.229669920 -0.005504005 0.999983251 0.001787646 0.043772315 0.056207731 -0.001475475 0.998418033 -1.239556369
0 0.485937061 0.863888118 0.500000000 0.500000000 0.000000000 0.000000000 0.998381495 0.005867635 -0.056568023 -0.237872842 -0.005772208 0.999981642 0.001850184 0.044967888 0.056577839 -0.001520667 0.998397052 -1.270441580
0 0.485937061 0.863888118 0.500000000 0.500000000 0.000000000 0.000000000 0.998370290 0.005759450 -0.056776658 -0.246739406 -0.005665164 0.999982297 0.001821450 0.046556486 0.056786142 -0.001496833 0.998385251 -1.301261794
0 0.485937061 0.863888118 0.500000000 0.500000000 0.000000000 0.000000000 0.998339474 0.005703537 -0.057322036 -0.253784127 -0.005590633 0.999982119 0.002129814 0.046313378 0.057333160 -0.001805810 0.998353481 -1.334607716
0 0.485937061 0.863888118 0.500000000 0.500000000 0.000000000 0.000000000 0.998311758 0.005794703 -0.057793535 -0.261326126 -0.005671100 0.999981284 0.002302474 0.046203165 0.057805795 -0.001970834 0.998325884 -1.367008495
0 0.485937061 0.863888118 0.500000000 0.500000000 0.000000000 0.000000000 0.998292863 0.005869965 -0.058110777 -0.269184092 -0.005728297 0.999980211 0.002604159 0.045038232 0.058124915 -0.002266837 0.998306751 -1.398174224
0 0.485937061 0.863888118 0.500000000 0.500000000 0.000000000 0.000000000 0.998280168 0.005706358 -0.058345374 -0.276354564 -0.005575508 0.999981582 0.002405235 0.045536474 0.058358021 -0.002075794 0.998293579 -1.429746307
0 0.485937061 0.863888118 0.500000000 0.500000000 0.000000000 0.000000000 0.998267829 0.005703876 -0.058555879 -0.283461626 -0.005590127 0.999982178 0.002106195 0.045562119 0.058566846 -0.001775212 0.998281896 -1.461977529
0 0.485937061 0.863888118 0.500000000 0.500000000 0.000000000 0.000000000 0.998267710 0.005771285 -0.058551140 -0.291189128 -0.005656673 0.999981761 0.002123041 0.044939371 0.058562323 -0.001788159 0.998282135 -1.494990067
0 0.485937061 0.863888118 0.500000000 0.500000000 0.000000000 0.000000000 0.998265445 0.005705533 -0.058596421 -0.298122902 -0.005590294 0.999982119 0.002130401 0.044764905 0.058607526 -0.001799135 0.998279452 -1.528801384
0 0.485937061 0.863888118 0.500000000 0.500000000 0.000000000 0.000000000 0.998250902 0.005562866 -0.058857001 -0.304498572 -0.005459262 0.999983251 0.001920918 0.046477168 0.058866702 -0.001596242 0.998264551 -1.562983724
0 0.485937061 0.863888118 0.500000000 0.500000000 0.000000000 0.000000000 0.998225033 0.005641966 -0.059286635 -0.311019549 -0.005510564 0.999981999 0.002379649 0.046354830 0.059298992 -0.002048722 0.998238146 -1.597774655
0 0.485937061 0.863888118 0.500000000 0.500000000 0.000000000 0.000000000 0.998207808 0.005617154 -0.059579190 -0.317370287 -0.005479839 0.999981940 0.002467895 0.046946256 0.059591975 -0.002136987 0.998220503 -1.633303717
0 0.485937061 0.863888118 0.500000000 0.500000000 0.000000000 0.000000000 0.998196125 0.005545616 -0.059781060 -0.323420239 -0.005424664 0.999982893 0.002185348 0.048770712 0.059792157 -0.001857113 0.998209119 -1.669212619
0 0.485937061 0.863888118 0.500000000 0.500000000 0.000000000 0.000000000 0.998182595 0.005580672 -0.060003072 -0.329511389 -0.005476879 0.999983191 0.001894108 0.051094812 0.060012635 -0.001562036 0.998196423 -1.704019618
0 0.485937061 0.863888118 0.500000000 0.500000000 0.000000000 0.000000000 0.998191893 0.005488871 -0.059856959 -0.336649047 -0.005394747 0.999983966 0.001733976 0.053672561 0.059865516 -0.001407927 0.998205483 -1.738539883
0 0.485937061 0.863888118 0.500000000 0.500000000 0.000000000 0.000000000 0.998193443 0.005374086 -0.059840746 -0.343689940 -0.005276841 0.999984503 0.001782980 0.055523178 0.059849400 -0.001463989 0.998206317 -1.771440542
0 0.485937061 0.863888118 0.500000000 0.500000000 0.000000000 0.000000000 0.998169124 0.005281862 -0.060253926 -0.349700770 -0.005200251 0.999985337 0.001511187 0.058609093 0.060261026 -0.001195085 0.998181939 -1.804856770
0 0.485937061 0.863888118 0.500000000 0.500000000 0.000000000 0.000000000 0.998159170 0.004966233 -0.060444772 -0.356596599 -0.004911920 0.999987364 0.001047111 0.062505911 0.060449213 -0.000748284 0.998170972 -1.836911622
0 0.485937061 0.863888118 0.500000000 0.500000000 0.000000000 0.000000000 0.998138011 0.004937227 -0.060795590 -0.362784074 -0.004878903 0.999987483 0.001107763 0.064838381 0.060800299 -0.000809085 0.998149633 -1.869931378
0 0.485937061 0.863888118 0.500000000 0.500000000 0.000000000 0.000000000 0.998131216 0.004884118 -0.060911719 -0.369911783 -0.004805013 0.999987423 0.001445089 0.066213142 0.060918011 -0.001149707 0.998142123 -1.902797930
0 0.485937061 0.863888118 0.500000000 0.500000000 0.000000000 0.000000000 0.998125076 0.004929317 -0.061008058 -0.377075182 -0.004836117 0.999986887 0.001675229 0.068825143 0.061015517 -0.001377046 0.998135865 -1.934430424
0 0.485937061 0.863888118 0.500000000 0.500000000 0.000000000 0.000000000 0.998111665 0.005008135 -0.061220698 -0.384472276 -0.004911998 0.999986470 0.001720741 0.070902208 0.061228484 -0.001416775 0.998122752 -1.965895650
0 0.485937061 0.863888118 0.500000000 0.500000000 0.000000000 0.000000000 0.998088121 0.004971960 -0.061606597 -0.389823060 -0.004885144 0.999986827 0.001559743 0.072781694 0.061613541 -0.001255804 0.998099267 -1.998587255
0 0.485937061 0.863888118 0.500000000 0.500000000 0.000000000 0.000000000 0.998096943 0.005131610 -0.061450824 -0.397263352 -0.005054808 0.999986231 0.001405216 0.074476219 0.061457191 -0.001091920 0.998109102 -2.029326490
0 0.485937061 0.863888118 0.500000000 0.500000000 0.000000000 0.000000000 0.998091578 0.005215692 -0.061530195 -0.403969600 -0.005140914 0.999985814 0.001373559 0.074647179 0.061536487 -0.001054616 0.998104274 -2.062075633
0 0.485937061 0.863888118 0.500000000 0.500000000 0.000000000 0.000000000 0.998094559 0.005452992 -0.061461907 -0.412167770 -0.005353338 0.999984086 0.001785947 0.072967394 0.061470669 -0.001453517 0.998107851 -2.094743971
0 0.485937061 0.863888118 0.500000000 0.500000000 0.000000000 0.000000000 0.998092234 0.005321879 -0.061510462 -0.419257898 -0.005205930 0.999984384 0.002045140 0.072140743 0.061520386 -0.001721019 0.998104334 -2.128409024
0 0.485937061 0.863888118 0.500000000 0.500000000 0.000000000 0.000000000 0.998099685 0.005280538 -0.061392900 -0.428749365 -0.005160242 0.999984443 0.002117837 0.071937652 0.061403126 -0.001797010 0.998111427 -2.161255590
0 0.485937061 0.863888118 0.500000000 0.500000000 0.000000000 0.000000000 0.998084188 0.005283585 -0.061644863 -0.437108407 -0.005166599 0.999984562 0.002056976 0.071682317 0.061654780 -0.001734541 0.998096049 -2.196255960
0 0.485937061 0.863888118 0.500000000 0.500000000 0.000000000 0.000000000 0.998105288 0.005207824 -0.061307888 -0.448355254 -0.005096592 0.999985099 0.001970564 0.070787157 0.061317235 -0.001654369 0.998116970 -2.230925080
0 0.485937061 0.863888118 0.500000000 0.500000000 0.000000000 0.000000000 0.998110175 0.005056408 -0.061241329 -0.458585550 -0.004965393 0.999986351 0.001638265 0.071120119 0.061248776 -0.001331081 0.998121619 -2.266082770
0 0.485937061 0.863888118 0.500000000 0.500000000 0.000000000 0.000000000 0.998104215 0.005211395 -0.061325058 -0.469500523 -0.005128489 0.999985695 0.001509239 0.071514832 0.061332047 -0.001191873 0.998116732 -2.301457984
0 0.485937061 0.863888118 0.500000000 0.500000000 0.000000000 0.000000000 0.998102248 0.005183964 -0.061359540 -0.481042570 -0.005130171 0.999986291 0.001034188 0.073057403 0.061364058 -0.000717441 0.998115182 -2.337122966
0 0.485937061 0.863888118 0.500000000 0.500000000 0.000000000 0.000000000 0.998089969 0.005365507 -0.061544146 -0.491788980 -0.005312535 0.999985337 0.001024306 0.073468622 0.061548740 -0.000695394 0.998103857 -2.371567485
0 0.485937061 0.863888118 0.500000000 0.500000000 0.000000000 0.000000000 0.998090923 0.005605189 -0.061506588 -0.503180573 -0.005545834 0.999983966 0.001135703 0.074080749 0.061511967 -0.000792429 0.998106003 -2.405723944
0 0.485937061 0.863888118 0.500000000 0.500000000 0.000000000 0.000000000 0.998099267 0.005851210 -0.061348669 -0.514214953 -0.005776722 0.999982357 0.001391468 0.074901206 0.061355729 -0.001034428 0.998115420 -2.439158331
0 0.485937061 0.863888118 0.500000000 0.500000000 0.000000000 0.000000000 0.998100996 0.005818265 -0.061322905 -0.524891357 -0.005743100 0.999982536 0.001401919 0.077228432 0.061329991 -0.001047073 0.998116970 -2.472131055
0 0.485937061 0.863888118 0.500000000 0.500000000 0.000000000 0.000000000 0.998111069 0.005904048 -0.061150905 -0.536059981 -0.005828901 0.999981999 0.001407201 0.079865967 0.061158113 -0.001048100 0.998127520 -2.503729399
0 0.485937061 0.863888118 0.500000000 0.500000000 0.000000000 0.000000000 0.998119652 0.005849869 -0.061016154 -0.546503731 -0.005740072 0.999981582 0.001974617 0.080917237 0.061026581 -0.001620667 0.998134851 -2.535677842
0 0.485937061 0.863888118 0.500000000 0.500000000 0.000000000 0.000000000 0.998131633 0.005735824 -0.060830340 -0.557459138 -0.005635674 0.999982476 0.001817819 0.085130990 0.060839698 -0.001471602 0.998146474 -2.566020443
0 0.485937061 0.863888118 0.500000000 0.500000000 0.000000000 0.000000000 0.998110056 0.005790379 -0.061178122 -0.565019158 -0.005683346 0.999981999 0.001923396 0.087444904 0.061188158 -0.001572065 0.998125017 -2.596172626
0 0.485937061 0.863888118 0.500000000 0.500000000 0.000000000 0.000000000 0.998123705 0.005666342 -0.060966555 -0.574767489 -0.005564597 0.999982834 0.001838531 0.090140626 0.060975928 -0.001495827 0.998138130 -2.625145179
0 0.485937061 0.863888118 0.500000000 0.500000000 0.000000000 0.000000000 0.998140156 0.005778812 -0.060686059 -0.584758071 -0.005675203 0.999982119 0.001879526 0.092426024 0.060695838 -0.001531625 0.998155117 -2.653528484
0 0.485937061 0.863888118 0.500000000 0.500000000 0.000000000 0.000000000 0.998126507 0.005590466 -0.060928255 -0.591100618 -0.005485615 0.999983191 0.001888024 0.095025910 0.060937785 -0.001550258 0.998140335 -2.682481043
0 0.485937061 0.863888118 0.500000000 0.500000000 0.000000000 0.000000000 0.998144388 0.005538161 -0.060639579 -0.599938111 -0.005400604 0.999982476 0.002432103 0.095371803 0.060651984 -0.002100099 0.998156786 -2.710264009
0 0.485937061 0.863888118 0.500000000 0.500000000 0.000000000 0.000000000 0.998148441 0.005340801 -0.060589850 -0.607947969 -0.005180886 0.999982655 0.002796093 0.095541546 0.060603730 -0.002477006 0.998158813 -2.738787537
0 0.485937061 0.863888118 0.500000000 0.500000000 0.000000000 0.000000000 0.998147845 0.005392347 -0.060595486 -0.614884878 -0.005213827 0.999981582 0.003103826 0.094786135 0.060611110 -0.002782142 0.998157561 -2.768098194
0 0.485937061 0.863888118 0.500000000 0.500000000 0.000000000 0.000000000 0.998166323 0.005293306 -0.060299326 -0.623711485 -0.005120458 0.999982357 0.003020669 0.095462443 0.060314253 -0.002706370 0.998175740 -2.796922118
0 0.485937061 0.863888118 0.500000000 0.500000000 0.000000000 0.000000000 0.998165309 0.005203144 -0.060323272 -0.630172846 -0.005042860 0.999983311 0.002809025 0.096508349 0.060336884 -0.002499669 0.998174965 -2.826253545
0 0.485937061 0.863888118 0.500000000 0.500000000 0.000000000 0.000000000 0.998177111 0.005157407 -0.060131863 -0.637269078 -0.004994833 0.999983430 0.002853631 0.096440188 0.060145587 -0.002548081 0.998186350 -2.856205369
0 0.485937061 0.863888118 0.500000000 0.500000000 0.000000000 0.000000000 0.998181462 0.004955144 -0.060077135 -0.643517587 -0.004778777 0.999983847 0.003078998 0.095148271 0.060091421 -0.002786304 0.998188972 -2.886362046
0 0.485937061 0.863888118 0.500000000 0.500000000 0.000000000 0.000000000 0.998174310 0.004535028 -0.060228758 -0.647918560 -0.004370267 0.999986351 0.002867045 0.095730189 0.060240939 -0.002598595 0.998180509 -2.917232364
0 0.485937061 0.863888118 0.500000000 0.500000000 0.000000000 0.000000000 0.998199165 0.004443499 -0.059822079 -0.654913354 -0.004271578 0.999986351 0.003001451 0.094806937 0.059834599 -0.002740512 0.998204529 -2.947843853
0 0.485937061 0.863888118 0.500000000 0.500000000 0.000000000 0.000000000 0.998216629 0.004608791 -0.059517428 -0.660217403 -0.004435373 0.999985516 0.003045517 0.094957066 0.059530601 -0.002776104 0.998222649 -2.979616115
0 0.485937061 0.863888118 0.500000000 0.500000000 0.000000000 0.000000000 0.998243213 0.004295025 -0.059093311 -0.665949165 -0.004122786 0.999986887 0.003036307 0.094819680 0.059105575 -0.002787343 0.998247862 -3.011803085
0 0.485937061 0.863888118 0.500000000 0.500000000 0.000000000 0.000000000 0.998290241 0.004386711 -0.058286794 -0.673359356 -0.004223890 0.999986827 0.002916371 0.095266982 0.058298819 -0.002665188 0.998295605 -3.043067681
0 0.485937061 0.863888118 0.500000000 0.500000000 0.000000000 0.000000000 0.998330355 0.004406883 -0.057593934 -0.680373165 -0.004278267 0.999988079 0.002356277 0.098547519 0.057603631 -0.002105941 0.998337328 -3.073327385
0 0.485937061 0.863888118 0.500000000 0.500000000 0.000000000 0.000000000 0.998382866 0.004117791 -0.056698650 -0.687750053 -0.004001480 0.999989629 0.002164771 0.101189529 0.056706976 -0.001934391 0.998389006 -3.103088499
0 0.485937061 0.863888118 0.500000000 0.500000000 0.000000000 0.000000000 0.998437583 0.004037185 -0.055732131 -0.695424158 -0.003916380 0.999989748 0.002276654 0.102275823 0.055740751 -0.002054829 0.998443186 -3.131647772
0 0.485937061 0.863888118 0.500000000 0.500000000 0.000000000 0.000000000 0.998475492 0.003822988 -0.055064417 -0.702486235 -0.003724108 0.999991238 0.001898207 0.105970751 0.055071190 -0.001690247 0.998480976 -3.160312473
0 0.485937061 0.863888118 0.500000000 0.500000000 0.000000000 0.000000000 0.998530507 0.003835440 -0.054056216 -0.710807208 -0.003741072 0.999991298 0.001846810 0.108829914 0.054062828 -0.001641868 0.998536170 -3.188748772
0 0.485937061 0.863888118 0.500000000 0.500000000 0.000000000 0.000000000 0.998578429 0.003598577 -0.053180158 -0.717702767 -0.003491806 0.999991715 0.002100503 0.111026159 0.053187273 -0.001911822 0.998582721 -3.217393668
0 0.485937061 0.863888118 0.500000000 0.500000000 0.000000000 0.000000000 0.998621106 0.003225267 -0.052397717 -0.724668391 -0.003086985 0.999991536 0.002719807 0.110400315 0.052406043 -0.002554305 0.998622596 -3.245571798
0 0.485937061 0.863888118 0.500000000 0.500000000 0.000000000 0.000000000 0.998680174 0.003206470 -0.051260371 -0.733532622 -0.003066731 0.999991357 0.002804467 0.111787696 0.051268920 -0.002643564 0.998681366 -3.273048282
0 0.485937061 0.863888118 0.500000000 0.500000000 0.000000000 0.000000000 0.998724043 0.003165991 -0.050400522 -0.740765073 -0.003036502 0.999991894 0.002645559 0.113426393 0.050408490 -0.002489142 0.998725593 -3.300366955
