0 0.479117356 0.851764229 0.500000000 0.500000000 0.000000000 0.000000000 0.999291062 0.000314056 -0.037647117 0.088387556 -0.000271285 0.999999285 0.001141197 -0.000104754 0.037647452 -0.001130175 0.999290466 -0.071495016
0 0.479117356 0.851764229 0.500000000 0.500000000 0.000000000 0.000000000 0.999237657 0.000426601 -0.039038032 0.090818288 -0.000374221 0.999999046 0.001349084 -0.000488603 0.039038569 -0.001333446 0.999236822 -0.073037967
0 0.479117356 0.851764229 0.500000000 0.500000000 0.000000000 0.000000000 0.999185920 0.000528023 -0.040339179 0.093230032 -0.000475067 0.999998987 0.001322340 -0.000428494 0.040339835 -0.001302100 0.999185145 -0.074311321
0 0.479117356 0.851764229 0.500000000 0.500000000 0.000000000 0.000000000 0.999135673 0.000464852 -0.041566014 0.095171265 -0.000411862 0.999999106 0.001283410 -0.000459955 0.041566573 -0.001265181 0.999134958 -0.075580648
0 0.479117356 0.851764229 0.500000000 0.500000000 0.000000000 0.000000000 0.999079525 0.000551485 -0.042893488 0.097666578 -0.000495154 0.999998987 0.001323877 -0.000436215 0.042894173 -0.001301419 0.999078751 -0.076797843
0 0.479117356 0.851764229 0.500000000 0.500000000 0.000000000 0.000000000 0.999025285 0.000753183 -0.044135042 0.100405402 -0.000696772 0.999998927 0.001293520 -0.000265840 0.044135969 -0.001261507 0.999024749 -0.078343667
0 0.479117356 0.851764229 0.500000000 0.500000000 0.000000000 0.000000000 0.998964787 0.000493877 -0.045487508 0.103008020 -0.000443396 0.999999285 0.001119863 0.000350296 0.045488026 -0.001098535 0.998964310 -0.079377292
0 0.479117356 0.851764229 0.500000000 0.500000000 0.000000000 0.000000000 0.998888254 0.000489778 -0.047138188 0.106195541 -0.000436672 0.999999285 0.001136901 0.000368274 0.047138710 -0.001115053 0.998887718 -0.080724308
0 0.479117356 0.851764229 0.500000000 0.500000000 0.000000000 0.000000000 0.998829305 0.000634623 -0.048369095 0.108818841 -0.000574240 0.999999046 0.001262281 0.000122214 0.048369847 -0.001233028 0.998828709 -0.082206994
0 0.479117356 0.851764229 0.500000000 0.500000000 0.000000000 0.000000000 0.998767138 0.000587216 -0.049636986 0.111488115 -0.000525888 0.999999106 0.001248577 0.000285637 0.049637675 -0.001220935 0.998766541 -0.083263473
0 0.479117356 0.851764229 0.500000000 0.500000000 0.000000000 0.000000000 0.998688221 0.000509019 -0.051200971 0.114430226 -0.000449591 0.999999225 0.001172192 0.000447366 0.051201526 -0.001147635 0.998687685 -0.084502697
0 0.479117356 0.851764229 0.500000000 0.500000000 0.000000000 0.000000000 0.998619020 0.000437380 -0.052534580 0.116915081 -0.000365508 0.999998987 0.001377692 -0.000310976 0.052535128 -0.001356587 0.998618126 -0.086298041
0 0.479117356 0.851764229 0.500000000 0.500000000 0.000000000 0.000000000 0.998553574 0.000510714 -0.053763572 0.119473599 -0.000434997 0.999998868 0.001420029 -0.000348283 0.053764239 -0.001394588 0.998552680 -0.087508165
0 0.479117356 0.851764229 0.500000000 0.500000000 0.000000000 0.000000000 0.998477459 0.000375965 -0.055160306 0.122389239 -0.000304241 0.999999106 0.001308673 0.000063962 0.055160746 -0.001289898 0.998476624 -0.088754423
0 0.479117356 0.851764229 0.500000000 0.500000000 0.000000000 0.000000000 0.998393118 0.000434274 -0.056665618 0.125597328 -0.000357615 0.999998987 0.001362952 -0.000003411 0.056666151 -0.001340498 0.998392284 -0.090158708
0 0.479117356 0.851764229 0.500000000 0.500000000 0.000000000 0.000000000 0.998310030 0.000449533 -0.058111083 0.128359869 -0.000373120 0.999999046 0.001325799 0.000126488 0.058111623 -0.001301876 0.998309255 -0.091518076
0 0.479117356 0.851764229 0.500000000 0.500000000 0.000000000 0.000000000 0.998224795 0.000569724 -0.059555721 0.131080343 -0.000491713 0.999998987 0.001324519 -0.000127454 0.059556417 -0.001292884 0.998224080 -0.092948376
0 0.479117356 0.851764229 0.500000000 0.500000000 0.000000000 0.000000000 0.998159707 0.000671684 -0.060636371 0.133550411 -0.000588667 0.999998868 0.001386955 -0.000357352 0.060637232 -0.001348707 0.998158932 -0.094430537
0 0.479117356 0.851764229 0.500000000 0.500000000 0.000000000 0.000000000 0.998086631 0.000670911 -0.061827581 0.136314482 -0.000593179 0.999998987 0.001275580 -0.000076174 0.061828379 -0.001236464 0.998086035 -0.095696390
0 0.479117356 0.851764229 0.500000000 0.500000000 0.000000000 0.000000000 0.998004675 0.000858819 -0.063134328 0.139254835 -0.000778985 0.999998868 0.001289111 -0.000139452 0.063135363 -0.001237358 0.998004198 -0.096931501
0 0.479117356 0.851764229 0.500000000 0.500000000 0.000000000 0.000000000 0.997921884 0.000974126 -0.064428240 0.142104686 -0.000884074 0.999998569 0.001426207 -0.000498132 0.064429536 -0.001366284 0.997921348 -0.098457623
0 0.479117356 0.851764229 0.500000000 0.500000000 0.000000000 0.000000000 0.997834802 0.000880576 -0.065764003 0.144785247 -0.000787601 0.999998629 0.001439673 -0.000393038 0.065765187 -0.001384760 0.997834146 -0.099692287
0 0.479117356 0.851764229 0.500000000 0.500000000 0.000000000 0.000000000 0.997740984 0.001013415 -0.067170687 0.147870592 -0.000914996 0.999998450 0.001495953 -0.000475993 0.067172103 -0.001431113 0.997740388 -0.100946164
0 0.479117356 0.851764229 0.500000000 0.500000000 0.000000000 0.000000000 0.997650743 0.001019968 -0.068498246 0.151017542 -0.000939318 0.999998808 0.001209601 0.000363628 0.068499401 -0.001142417 0.997650504 -0.102413518
0 0.479117356 0.851764229 0.500000000 0.500000000 0.000000000 0.000000000 0.997558713 0.001013685 -0.069825120 0.153634515 -0.000911179 0.999998450 0.001499860 -0.000464419 0.069826536 -0.001432576 0.997558117 -0.103496682
0 0.479117356 0.851764229 0.500000000 0.500000000 0.000000000 0.000000000 0.997458041 0.001035644 -0.071249068 0.156517321 -0.000928826 0.999998391 0.001532332 -0.000560603 0.071250543 -0.001462259 0.997457385 -0.104804697
0 0.479117356 0.851764229 0.500000000 0.500000000 0.000000000 0.000000000 0.997360051 0.001028055 -0.072607890 0.159341786 -0.000924605 0.999998510 0.001458379 -0.000105698 0.072609283 -0.001387395 0.997359514 -0.105891404
0 0.479117356 0.851764229 0.500000000 0.500000000 0.000000000 0.000000000 0.997238517 0.000954594 -0.074258946 0.162624097 -0.000847217 0.999998569 0.001477461 -0.000048445 0.074260250 -0.001410468 0.997237921 -0.107095582
0 0.479117356 0.851764229 0.500000000 0.500000000 0.000000000 0.000000000 0.997123361 0.001080939 -0.075788245 0.165529118 -0.000964240 0.999998271 0.001576385 -0.000123358 0.075789824 -0.001498772 0.997122705 -0.108170965
0 0.479117356 0.851764229 0.500000000 0.500000000 0.000000000 0.000000000 0.997023106 0.001183115 -0.077094309 0.168150097 -0.001048526 0.999997854 0.001786227 -0.000864620 0.077096254 -0.001700074 0.997022212 -0.109625571
0 0.479117356 0.851764229 0.500000000 0.500000000 0.000000000 0.000000000 0.996907651 0.001070044 -0.078574605 0.171310597 -0.000947338 0.999998271 0.001598916 -0.000359367 0.078576185 -0.001519535 0.996906936 -0.110982929
0 0.479117356 0.851764229 0.500000000 0.500000000 0.000000000 0.000000000 0.996798515 0.001258078 -0.079944305 0.174363923 -0.001128054 0.999997973 0.001671569 -0.000523826 0.079946242 -0.001576036 0.996797919 -0.112225495
0 0.479117356 0.851764229 0.500000000 0.500000000 0.000000000 0.000000000 0.996700346 0.001340451 -0.081157938 0.176899316 -0.001188660 0.999997437 0.001918601 -0.001212981 0.081160307 -0.001815801 0.996699393 -0.113373463
0 0.479117356 0.851764229 0.500000000 0.500000000 0.000000000 0.000000000 0.996580601 0.001256419 -0.082616560 0.180058664 -0.001115318 0.999997854 0.001754040 -0.000626309 0.082618587 -0.001655899 0.996579885 -0.114745992
0 0.479117356 0.851764229 0.500000000 0.500000000 0.000000000 0.000000000 0.996448100 0.001272141 -0.084199503 0.183533086 -0.001122556 0.999997735 0.001823884 -0.000695893 0.084201626 -0.001722888 0.996447265 -0.115909989
0 0.479117356 0.851764229 0.500000000 0.500000000 0.000000000 0.000000000 0.996321738 0.001341945 -0.085680991 0.186496184 -0.001193093 0.999997675 0.001788470 -0.000452184 0.085683189 -0.001679666 0.996321023 -0.117107381
0 0.479117356 0.851764229 0.500000000 0.500000000 0.000000000 0.000000000 0.996205270 0.001338889 -0.087024420 0.189240856 -0.001174983 0.999997437 0.001934641 -0.000877384 0.087026782 -0.001825047 0.996204317 -0.118403318
0 0.479117356 0.851764229 0.500000000 0.500000000 0.000000000 0.000000000 0.996067345 0.001441487 -0.088587947 0.192768598 -0.001284113 0.999997497 0.001833436 -0.000750230 0.088590369 -0.001712469 0.996066689 -0.119710183
0 0.479117356 0.851764229 0.500000000 0.500000000 0.000000000 0.000000000 0.995944619 0.001519297 -0.089955844 0.195550222 -0.001359380 0.999997377 0.001838964 -0.000662022 0.089958407 -0.001709222 0.995944083 -0.120814138
0 0.479117356 0.851764229 0.500000000 0.500000000 0.000000000 0.000000000 0.995781243 0.001376007 -0.091748491 0.199065593 -0.001212211 0.999997556 0.001840976 -0.000647209 0.091750801 -0.001721991 0.995780528 -0.121934663
0 0.479117356 0.851764229 0.500000000 0.500000000 0.000000000 0.000000000 0.995630682 0.001549109 -0.093365602 0.202243902 -0.001369005 0.999997079 0.001993027 -0.000905544 0.093368419 -0.001856501 0.995629907 -0.123353268
0 0.479117356 0.851764229 0.500000000 0.500000000 0.000000000 0.000000000 0.995479882 0.001647422 -0.094958551 0.205491623 -0.001456027 0.999996781 0.002084818 -0.001064872 0.094961680 -0.001937132 0.995479047 -0.124479635
0 0.479117356 0.851764229 0.500000000 0.500000000 0.000000000 0.000000000 0.995295286 0.001617275 -0.096874848 0.208913003 -0.001426216 0.999996901 0.002041441 -0.000925249 0.096877851 -0.001893673 0.995294452 -0.125352862
0 0.479117356 0.851764229 0.500000000 0.500000000 0.000000000 0.000000000 0.995102644 0.001759385 -0.098831624 0.212533678 -0.001562827 0.999996662 0.002066199 -0.000970861 0.098834932 -0.001901623 0.995102048 -0.126592836
0 0.479117356 0.851764229 0.500000000 0.500000000 0.000000000 0.000000000 0.994931042 0.001810075 -0.100543223 0.215435857 -0.001594435 0.999996245 0.002225068 -0.001360278 0.100546874 -0.002053480 0.994930208 -0.127632751
0 0.479117356 0.851764229 0.500000000 0.500000000 0.000000000 0.000000000 0.994743824 0.001855552 -0.102378361 0.218874160 -0.001639158 0.999996245 0.002197759 -0.001162669 0.102382056 -0.002018393 0.994743109 -0.128748613
0 0.479117356 0.851764229 0.500000000 0.500000000 0.000000000 0.000000000 0.994550347 0.001877088 -0.104240760 0.222084521 -0.001652045 0.999996126 0.002245168 -0.001207520 0.104244567 -0.002060722 0.994549572 -0.129989390
0 0.479117356 0.851764229 0.500000000 0.500000000 0.000000000 0.000000000 0.994360387 0.002007778 -0.106035091 0.225480637 -0.001777057 0.999995828 0.002270323 -0.001136256 0.106039204 -0.002069089 0.994359791 -0.131024529
0 0.479117356 0.851764229 0.500000000 0.500000000 0.000000000 0.000000000 0.994179308 0.002249617 -0.107714437 0.228614285 -0.002002876 0.999995112 0.002398820 -0.001627253 0.107719310 -0.002169119 0.994178951 -0.132289735
0 0.479117356 0.851764229 0.500000000 0.500000000 0.000000000 0.000000000 0.993980706 0.002208200 -0.109532841 0.231953084 -0.001960428 0.999995291 0.002369715 -0.001452121 0.109537557 -0.002140720 0.993980348 -0.133276356
0 0.479117356 0.851764229 0.500000000 0.500000000 0.000000000 0.000000000 0.993802965 0.002430278 -0.111129485 0.235102134 -0.002165276 0.999994516 0.002505244 -0.001783537 0.111134961 -0.002249093 0.993802786 -0.134557646
0 0.479117356 0.851764229 0.500000000 0.500000000 0.000000000 0.000000000 0.993617535 0.002452691 -0.112774894 0.238344230 -0.002167621 0.999994159 0.002650333 -0.002108900 0.112780735 -0.002388964 0.993617058 -0.135671527
0 0.479117356 0.851764229 0.500000000 0.500000000 0.000000000 0.000000000 0.993429184 0.002505693 -0.114420980 0.241886819 -0.002218852 0.999994040 0.002634185 -0.002058650 0.114426903 -0.002362993 0.993428886 -0.136718835
0 0.479117356 0.851764229 0.500000000 0.500000000 0.000000000 0.000000000 0.993247509 0.002537987 -0.115986913 0.244782473 -0.002244188 0.999993920 0.002663555 -0.002152453 0.115992971 -0.002385273 0.993247151 -0.137820696
0 0.479117356 0.851764229 0.500000000 0.500000000 0.000000000 0.000000000 0.993039429 0.002555633 -0.117754474 0.248211389 -0.002253197 0.999993801 0.002701414 -0.002255585 0.117760643 -0.002417287 0.993039072 -0.139029451
0 0.479117356 0.851764229 0.500000000 0.500000000 0.000000000 0.000000000 0.992834926 0.002694450 -0.119463779 0.251602481 -0.002390708 0.999993563 0.002685788 -0.002048197 0.119470246 -0.002380941 0.992834926 -0.139745342
0 0.479117356 0.851764229 0.500000000 0.500000000 0.000000000 0.000000000 0.992629230 0.002635614 -0.121162131 0.254595206 -0.002326992 0.999993682 0.002688600 -0.002185193 0.121168457 -0.002386839 0.992629111 -0.140761313
0 0.479117356 0.851764229 0.500000000 0.500000000 0.000000000 0.000000000 0.992403567 0.002747578 -0.122994184 0.258138168 -0.002422814 0.999993145 0.002789967 -0.002461888 0.123001009 -0.002470782 0.992403448 -0.142072005
0 0.479117356 0.851764229 0.500000000 0.500000000 0.000000000 0.000000000 0.992197096 0.002759959 -0.124648735 0.261237984 -0.002429512 0.999993145 0.002802961 -0.002601686 0.124655619 -0.002478254 0.992196977 -0.142972477
0 0.479117356 0.851764229 0.500000000 0.500000000 0.000000000 0.000000000 0.991952837 0.002686474 -0.126579314 0.264840589 -0.002366601 0.999993622 0.002677371 -0.002290023 0.126585692 -0.002356263 0.991952896 -0.144111433
0 0.479117356 0.851764229 0.500000000 0.500000000 0.000000000 0.000000000 0.991726995 0.002701815 -0.128336459 0.268038530 -0.002376207 0.999993563 0.002690185 -0.002182013 0.128342897 -0.002362975 0.991727054 -0.144978467
0 0.479117356 0.851764229 0.500000000 0.500000000 0.000000000 0.000000000 0.991487324 0.002714002 -0.130174935 0.271368579 -0.002377768 0.999993443 0.002738291 -0.002198711 0.130181521 -0.002405455 0.991487265 -0.145707774
0 0.479117356 0.851764229 0.500000000 0.500000000 0.000000000 0.000000000 0.991250515 0.002759444 -0.131965190 0.274539113 -0.002415405 0.999993265 0.002767050 -0.002431636 0.131971940 -0.002424091 0.991250515 -0.146525988
0 0.479117356 0.851764229 0.500000000 0.500000000 0.000000000 0.000000000 0.991068840 0.002788551 -0.133322224 0.277056384 -0.002445194 0.999993265 0.002739052 -0.002484482 0.133328959 -0.002388590 0.991068959 -0.147591121
0 0.479117356 0.851764229 0.500000000 0.500000000 0.000000000 0.000000000 0.990856528 0.002843453 -0.134889781 0.279889386 -0.002488932 0.999992967 0.002796795 -0.002762460 0.134896800 -0.002435490 0.990856647 -0.148358315
0 0.479117356 0.851764229 0.500000000 0.500000000 0.000000000 0.000000000 0.990669429 0.002882952 -0.136256427 0.282903451 -0.002528715 0.999992967 0.002772799 -0.002766219 0.136263460 -0.002402373 0.990669727 -0.149650606
0 0.479117356 0.851764229 0.500000000 0.500000000 0.000000000 0.000000000 0.990481019 0.002940464 -0.137617961 0.285855073 -0.002578495 0.999992728 0.002808448 -0.002722913 0.137625217 -0.002426867 0.990481377 -0.150313022
0 0.479117356 0.851764229 0.500000000 0.500000000 0.000000000 0.000000000 0.990282655 0.002794997 -0.139041156 0.288682356 -0.002436184 0.999993265 0.002750754 -0.002589938 0.139047906 -0.002385294 0.990282774 -0.150961805
0 0.479117356 0.851764229 0.500000000 0.500000000 0.000000000 0.000000000 0.990051508 0.002900005 -0.140675619 0.292133459 -0.002540886 0.999993026 0.002732363 -0.002589109 0.140682563 -0.002347739 0.990051985 -0.151784214
0 0.479117356 0.851764229 0.500000000 0.500000000 0.000000000 0.000000000 0.989845157 0.002817413 -0.142121837 0.294999505 -0.002458826 0.999993324 0.002698650 -0.002547154 0.142128497 -0.002321793 0.989845514 -0.152569245
0 0.479117356 0.851764229 0.500000000 0.500000000 0.000000000 0.000000000 0.989612937 0.002686420 -0.143732414 0.297994300 -0.002330187 0.999993801 0.002646730 -0.002465928 0.143738627 -0.002284315 0.989613056 -0.153267969
0 0.479117356 0.851764229 0.500000000 0.500000000 0.000000000 0.000000000 0.989385188 0.002676151 -0.145291969 0.300796244 -0.002320879 0.999993861 0.002614672 -0.002279225 0.145298079 -0.002249712 0.989385366 -0.154089301
0 0.479117356 0.851764229 0.500000000 0.500000000 0.000000000 0.000000000 0.989162683 0.002607285 -0.146800309 0.303483758 -0.002246576 0.999994040 0.002622881 -0.002434937 0.146806270 -0.002264658 0.989162683 -0.154844550
0 0.479117356 0.851764229 0.500000000 0.500000000 0.000000000 0.000000000 0.988901198 0.002682154 -0.148550332 0.306388177 -0.002316259 0.999993861 0.002636050 -0.002452288 0.148556486 -0.002262712 0.988901317 -0.155337814
0 0.479117356 0.851764229 0.500000000 0.500000000 0.000000000 0.000000000 0.988635600 0.002651992 -0.150308400 0.308964569 -0.002282769 0.999993920 0.002628923 -0.002428886 0.150314450 -0.002255928 0.988635659 -0.156007284
0 0.479117356 0.851764229 0.500000000 0.500000000 0.000000000 0.000000000 0.988357961 0.002863570 -0.152119637 0.311935367 -0.002479423 0.999993265 0.002714922 -0.002657097 0.152126372 -0.002306146 0.988358378 -0.156476135
0 0.479117356 0.851764229 0.500000000 0.500000000 0.000000000 0.000000000 0.988094926 0.002896298 -0.153818011 0.314958068 -0.002543018 0.999993682 0.002493444 -0.002439780 0.153824255 -0.002072598 0.988096058 -0.157457205
0 0.479117356 0.851764229 0.500000000 0.500000000 0.000000000 0.000000000 0.987845242 0.003000783 -0.155411795 0.317658606 -0.002649696 0.999993443 0.002466181 -0.002196864 0.155418172 -0.002024411 0.987846673 -0.157950725
0 0.479117356 0.851764229 0.500000000 0.500000000 0.000000000 0.000000000 0.987622797 0.002984999 -0.156819165 0.319953749 -0.002605627 0.999993145 0.002624693 -0.002748003 0.156825930 -0.002183594 0.987623870 -0.158742797
0 0.479117356 0.851764229 0.500000000 0.500000000 0.000000000 0.000000000 0.987362444 0.002999116 -0.158449918 0.323007804 -0.002633770 0.999993384 0.002515687 -0.002161680 0.158456415 -0.002066574 0.987363815 -0.159270483
0 0.479117356 0.851764229 0.500000000 0.500000000 0.000000000 0.000000000 0.987090945 0.003061096 -0.160131365 0.325805104 -0.002686047 0.999993145 0.002558540 -0.002138262 0.160138085 -0.002095391 0.987092376 -0.159712480
