0 0.498040164 0.885404769 0.500000000 0.500000000 0.000000000 0.000000000 0.989895940 0.027625900 -0.139078662 -0.043458240 -0.029702621 0.999475837 -0.012878204 0.128567895 0.138649985 0.016879082 0.990197599 -0.760022104
0 0.498040164 0.885404769 0.500000000 0.500000000 0.000000000 0.000000000 0.989173234 0.028349157 -0.143988475 -0.039117695 -0.030509781 0.999452233 -0.012819283 0.130405148 0.143546194 0.017073547 0.989496350 -0.769311325
0 0.498040164 0.885404769 0.500000000 0.500000000 0.000000000 0.000000000 0.988320529 0.029119231 -0.149581254 -0.033139349 -0.031438142 0.999419034 -0.013161073 0.133615986 0.149111122 0.017709916 0.988661826 -0.778582501
0 0.498040164 0.885404769 0.500000000 0.500000000 0.000000000 0.000000000 0.987492561 0.029726380 -0.154838011 -0.028618155 -0.031950731 0.999418616 -0.011896370 0.131469880 0.154394358 0.016694766 0.987868249 -0.788392256
0 0.498040164 0.885404769 0.500000000 0.500000000 0.000000000 0.000000000 0.986571908 0.030373501 -0.160478517 -0.022282233 -0.032748260 0.999389470 -0.012173312 0.134899713 0.160010800 0.017265240 0.986964285 -0.795995615
0 0.498040164 0.885404769 0.500000000 0.500000000 0.000000000 0.000000000 0.985788167 0.030994121 -0.165109083 -0.019309374 -0.033398163 0.999372423 -0.011803388 0.135685190 0.164639622 0.017149979 0.986204684 -0.807069829
0 0.498040164 0.885404769 0.500000000 0.500000000 0.000000000 0.000000000 0.984872043 0.031274311 -0.170437708 -0.014777264 -0.033714402 0.999366045 -0.011440466 0.135817572 0.169971868 0.017013600 0.985302031 -0.817551744
0 0.498040164 0.885404769 0.500000000 0.500000000 0.000000000 0.000000000 0.983815908 0.032481279 -0.176213697 -0.008262931 -0.034934256 0.999330878 -0.010835324 0.136425347 0.175743848 0.016815860 0.984292269 -0.828651452
0 0.498040164 0.885404769 0.500000000 0.500000000 0.000000000 0.000000000 0.982867897 0.033124693 -0.181310520 -0.003871434 -0.035597332 0.999312103 -0.010399655 0.137352178 0.180841312 0.016675657 0.983370900 -0.840320735
0 0.498040164 0.885404769 0.500000000 0.500000000 0.000000000 0.000000000 0.981951356 0.033326786 -0.186174199 -0.000746333 -0.035768710 0.999312341 -0.009771846 0.137244896 0.185720503 0.016254688 0.982468128 -0.852252603
0 0.498040164 0.885404769 0.500000000 0.500000000 0.000000000 0.000000000 0.981002688 0.033865035 -0.191015497 0.002538073 -0.036331020 0.999295413 -0.009421501 0.138215108 0.190561846 0.016182305 0.981541812 -0.863788221
0 0.498040164 0.885404769 0.500000000 0.500000000 0.000000000 0.000000000 0.979937673 0.034505390 -0.196294427 0.007159003 -0.036963873 0.999277174 -0.008873632 0.138583807 0.195846349 0.015951408 0.980504870 -0.875417272
0 0.498040164 0.885404769 0.500000000 0.500000000 0.000000000 0.000000000 0.978985727 0.035103980 -0.200884596 0.009627210 -0.037536077 0.999260724 -0.008309531 0.139171314 0.200444385 0.015675332 0.979579687 -0.886115898
0 0.498040164 0.885404769 0.500000000 0.500000000 0.000000000 0.000000000 0.978018343 0.035855789 -0.205412909 0.012148902 -0.038248211 0.999238729 -0.007686762 0.139913661 0.204980925 0.015374471 0.978645205 -0.896494123
0 0.498040164 0.885404769 0.500000000 0.500000000 0.000000000 0.000000000 0.976938009 0.036307998 -0.210413605 0.015960317 -0.038740177 0.999221563 -0.007447315 0.141216813 0.209979415 0.015427026 0.977584064 -0.906885337
0 0.498040164 0.885404769 0.500000000 0.500000000 0.000000000 0.000000000 0.975864649 0.036719885 -0.215266958 0.019226603 -0.039050341 0.999215543 -0.006581436 0.140450175 0.214856431 0.014828838 0.976533055 -0.916640988
0 0.498040164 0.885404769 0.500000000 0.500000000 0.000000000 0.000000000 0.974738061 0.037124231 -0.220244244 0.023184241 -0.039455492 0.999202132 -0.006193850 0.141203375 0.219838575 0.014727226 0.975425065 -0.926228357
0 0.498040164 0.885404769 0.500000000 0.500000000 0.000000000 0.000000000 0.973783910 0.037554935 -0.224353641 0.024386165 -0.039898008 0.999186218 -0.005917721 0.142450564 0.223948821 0.014713845 0.974489808 -0.935296216
0 0.498040164 0.885404769 0.500000000 0.500000000 0.000000000 0.000000000 0.972524583 0.038161211 -0.229651228 0.029448747 -0.040527306 0.999162793 -0.005593428 0.143454676 0.229245499 0.014746891 0.973256946 -0.945070321
0 0.498040164 0.885404769 0.500000000 0.500000000 0.000000000 0.000000000 0.971328259 0.038976133 -0.234525636 0.033099209 -0.041306362 0.999133885 -0.005030003 0.143845628 0.234126464 0.014573186 0.972096920 -0.955388402
0 0.498040164 0.885404769 0.500000000 0.500000000 0.000000000 0.000000000 0.970163643 0.039880570 -0.239148617 0.036054293 -0.042117123 0.999103665 -0.004247067 0.143559965 0.238764882 0.014192603 0.970973670 -0.964495385
0 0.498040164 0.885404769 0.500000000 0.500000000 0.000000000 0.000000000 0.968895555 0.040542718 -0.244126409 0.040295619 -0.042895656 0.999070168 -0.004327216 0.145616348 0.243723989 0.014664583 0.969733775 -0.974116528
0 0.498040164 0.885404769 0.500000000 0.500000000 0.000000000 0.000000000 0.967618048 0.041266691 -0.249022886 0.044311059 -0.043635126 0.999039531 -0.003995934 0.146316784 0.248618811 0.014732682 0.968489349 -0.983094922
0 0.498040164 0.885404769 0.500000000 0.500000000 0.000000000 0.000000000 0.966351628 0.042544954 -0.253681749 0.047328733 -0.044738855 0.998994529 -0.002882708 0.145440271 0.253304034 0.014135141 0.967283428 -0.992536497
0 0.498040164 0.885404769 0.500000000 0.500000000 0.000000000 0.000000000 0.965021491 0.043839667 -0.258479327 0.051136618 -0.046026628 0.998937309 -0.002412603 0.146687552 0.258098871 0.014225145 0.966013789 -1.001184474
0 0.498040164 0.885404769 0.500000000 0.500000000 0.000000000 0.000000000 0.963664293 0.044968884 -0.263303965 0.055449596 -0.047116376 0.998887718 -0.001843884 0.147537429 0.262928158 0.014182813 0.964711189 -1.009090346
0 0.498040164 0.885404769 0.500000000 0.500000000 0.000000000 0.000000000 0.962273598 0.045657944 -0.268225431 0.059770405 -0.047768984 0.998857498 -0.001346073 0.148152786 0.267857522 0.014108147 0.963355243 -1.017026174
0 0.498040164 0.885404769 0.500000000 0.500000000 0.000000000 0.000000000 0.960757136 0.046428088 -0.273477823 0.065496578 -0.048531227 0.998821259 -0.000926453 0.149173991 0.273112446 0.014162311 0.961877882 -1.025177290
0 0.498040164 0.885404769 0.500000000 0.500000000 0.000000000 0.000000000 0.959275007 0.047155980 -0.278509915 0.070539602 -0.049179025 0.998789966 -0.000277516 0.149689347 0.278159827 0.013963060 0.960433304 -1.034265832
0 0.498040164 0.885404769 0.500000000 0.500000000 0.000000000 0.000000000 0.957859337 0.047665831 -0.283255100 0.074491704 -0.049722940 0.998763025 -0.000073116 0.150610108 0.282901257 0.014154311 0.959044576 -1.045180002
0 0.498040164 0.885404769 0.500000000 0.500000000 0.000000000 0.000000000 0.956327915 0.048276205 -0.288281679 0.079333866 -0.050339401 0.998732150 0.000256771 0.151612293 0.287928581 0.014266370 0.957545638 -1.053986510
0 0.498040164 0.885404769 0.500000000 0.500000000 0.000000000 0.000000000 0.954674065 0.048669100 -0.293647230 0.085795470 -0.050552003 0.998720706 0.001178804 0.149896527 0.293328941 0.013719082 0.955913126 -1.063486514
0 0.498040164 0.885404769 0.500000000 0.500000000 0.000000000 0.000000000 0.953170419 0.049222667 -0.298401147 0.090335446 -0.051125620 0.998691201 0.001430347 0.151238880 0.298081011 0.013892579 0.954439461 -1.072171590
0 0.498040164 0.885404769 0.500000000 0.500000000 0.000000000 0.000000000 0.951613545 0.049721386 -0.303248197 0.094881523 -0.051501855 0.998670638 0.002128378 0.150885095 0.302950889 0.013592452 0.952909231 -1.082109301
0 0.498040164 0.885404769 0.500000000 0.500000000 0.000000000 0.000000000 0.949956596 0.050165590 -0.308327615 0.100027625 -0.051901050 0.998648882 0.002575401 0.150900722 0.308040231 0.013556006 0.951276779 -1.091918110
0 0.498040164 0.885404769 0.500000000 0.500000000 0.000000000 0.000000000 0.948318422 0.050642952 -0.313253075 0.104509129 -0.052338656 0.998624861 0.002999495 0.150872730 0.312974215 0.013550769 0.949664950 -1.101325434
0 0.498040164 0.885404769 0.500000000 0.500000000 0.000000000 0.000000000 0.946691394 0.050454445 -0.318166286 0.109154191 -0.052059412 0.998637974 0.003462120 0.149999029 0.317907602 0.013285990 0.948028624 -1.110604860
0 0.498040164 0.885404769 0.500000000 0.500000000 0.000000000 0.000000000 0.945051253 0.050358478 -0.323020428 0.114128714 -0.052122474 0.998635590 0.003192873 0.151791868 0.322740465 0.013819194 0.946386635 -1.119100742
0 0.498040164 0.885404769 0.500000000 0.500000000 0.000000000 0.000000000 0.943351805 0.050303206 -0.327958852 0.119448774 -0.052123237 0.998635411 0.003244346 0.152777417 0.327674538 0.014033718 0.944686413 -1.128013058
0 0.498040164 0.885404769 0.500000000 0.500000000 0.000000000 0.000000000 0.941690981 0.050766446 -0.332627237 0.123684858 -0.052555777 0.998611450 0.003621627 0.153223344 0.332349211 0.014071030 0.943051457 -1.137083341
0 0.498040164 0.885404769 0.500000000 0.500000000 0.000000000 0.000000000 0.939902186 0.050982725 -0.337616175 0.129046710 -0.052818336 0.998597085 0.003753179 0.153763298 0.337333888 0.014304704 0.941276371 -1.146170661
0 0.498040164 0.885404769 0.500000000 0.500000000 0.000000000 0.000000000 0.938057244 0.051279139 -0.342664629 0.134861809 -0.053129278 0.998579681 0.003992248 0.154073038 0.342382640 0.014460566 0.939449310 -1.154821982
0 0.498040164 0.885404769 0.500000000 0.500000000 0.000000000 0.000000000 0.936174691 0.051435910 -0.347751766 0.141526533 -0.053417154 0.998564720 0.003894430 0.155411601 0.347452939 0.014930042 0.937578559 -1.162649720
0 0.498040164 0.885404769 0.500000000 0.500000000 0.000000000 0.000000000 0.934300482 0.051486660 -0.352748841 0.147947907 -0.053552061 0.998557389 0.003908357 0.156264107 0.352441221 0.015238848 0.935709894 -1.170215046
0 0.498040164 0.885404769 0.500000000 0.500000000 0.000000000 0.000000000 0.932454586 0.051934872 -0.357534945 0.153666080 -0.054065965 0.998529196 0.004039976 0.157519961 0.357218921 0.015563378 0.933890998 -1.177586019
0 0.498040164 0.885404769 0.500000000 0.500000000 0.000000000 0.000000000 0.930445373 0.051827084 -0.362746984 0.161124551 -0.054100655 0.998527884 0.003895506 0.158605879 0.362414867 0.016000295 0.931879520 -1.184590550
0 0.498040164 0.885404769 0.500000000 0.500000000 0.000000000 0.000000000 0.928439498 0.052324157 -0.367780149 0.167934141 -0.054677844 0.998495936 0.004025188 0.159917367 0.367437601 0.016372284 0.929904044 -1.190923464
0 0.498040164 0.885404769 0.500000000 0.500000000 0.000000000 0.000000000 0.926206648 0.052847367 -0.373293966 0.176246983 -0.055338159 0.998459458 0.004048770 0.161593345 0.372932851 0.016907403 0.927704275 -1.197997919
0 0.498040164 0.885404769 0.500000000 0.500000000 0.000000000 0.000000000 0.923993230 0.054264817 -0.378539056 0.183920873 -0.056817409 0.998374760 0.004432106 0.163557442 0.378164351 0.017412372 0.925574720 -1.205055169
0 0.498040164 0.885404769 0.500000000 0.500000000 0.000000000 0.000000000 0.921577632 0.055038344 -0.384272635 0.192964812 -0.057687417 0.998323917 0.004639051 0.164745302 0.383883893 0.017892450 0.923207998 -1.212923157
0 0.498040164 0.885404769 0.500000000 0.500000000 0.000000000 0.000000000 0.919095039 0.055846583 -0.390058339 0.202345749 -0.058539361 0.998272598 0.004991261 0.165382806 0.389663279 0.018246321 0.920776606 -1.220330531
0 0.498040164 0.885404769 0.500000000 0.500000000 0.000000000 0.000000000 0.916365802 0.056021497 -0.396402985 0.213950668 -0.058629345 0.998264432 0.005545718 0.164362660 0.396025658 0.018158941 0.918059886 -1.227755208
0 0.498040164 0.885404769 0.500000000 0.500000000 0.000000000 0.000000000 0.913774252 0.056627207 -0.402256072 0.224563370 -0.059224676 0.998226702 0.005988236 0.164460807 0.401881844 0.018351590 0.915507615 -1.235263047
0 0.498040164 0.885404769 0.500000000 0.500000000 0.000000000 0.000000000 0.911332607 0.057128482 -0.407687694 0.233184011 -0.059809782 0.998190701 0.006177559 0.165297229 0.407302976 0.018753901 0.913100541 -1.242070570
0 0.498040164 0.885404769 0.500000000 0.500000000 0.000000000 0.000000000 0.908784807 0.057755437 -0.413248748 0.242508740 -0.060426507 0.998150706 0.006615732 0.164905301 0.412866652 0.018958902 0.910594165 -1.248122017
0 0.498040164 0.885404769 0.500000000 0.500000000 0.000000000 0.000000000 0.905935347 0.058169007 -0.419401437 0.254238890 -0.060665712 0.998130739 0.007394025 0.163101122 0.419047564 0.018744780 0.907770753 -1.253928213
0 0.498040164 0.885404769 0.500000000 0.500000000 0.000000000 0.000000000 0.903333783 0.058504056 -0.424929857 0.263857641 -0.061038289 0.998106003 0.007660808 0.163184431 0.424573243 0.019016724 0.905193865 -1.259455973
0 0.498040164 0.885404769 0.500000000 0.500000000 0.000000000 0.000000000 0.900812328 0.059060279 -0.430173308 0.272543089 -0.061586976 0.998069167 0.008061720 0.163087734 0.429818839 0.019230977 0.902710319 -1.265069210
0 0.498040164 0.885404769 0.500000000 0.500000000 0.000000000 0.000000000 0.898333669 0.059418973 -0.435276926 0.280688976 -0.062045474 0.998039722 0.008190084 0.163541568 0.434910297 0.019649535 0.900259376 -1.270325650
0 0.498040164 0.885404769 0.500000000 0.500000000 0.000000000 0.000000000 0.895740151 0.059787951 -0.440539449 0.289031003 -0.062475599 0.998010993 0.008414985 0.163740191 0.440166324 0.019985326 0.897693813 -1.276367219
0 0.498040164 0.885404769 0.500000000 0.500000000 0.000000000 0.000000000 0.893138111 0.059994951 -0.445763320 0.298006448 -0.062966190 0.997982323 0.008157680 0.165429565 0.445353329 0.020782085 0.895113707 -1.281072235
0 0.498040164 0.885404769 0.500000000 0.500000000 0.000000000 0.000000000 0.890359938 0.060466401 -0.451223910 0.308065407 -0.063479781 0.997947156 0.008471221 0.165467036 0.450809836 0.021101160 0.892370582 -1.286455429
0 0.498040164 0.885404769 0.500000000 0.500000000 0.000000000 0.000000000 0.887771785 0.060735233 -0.456259280 0.316499742 -0.064009853 0.997914851 0.008290130 0.166904894 0.455811411 0.021845346 0.889808238 -1.291492167
0 0.498040164 0.885404769 0.500000000 0.500000000 0.000000000 0.000000000 0.885273814 0.061020236 -0.461049736 0.324209319 -0.064617932 0.997878075 0.007995220 0.168838020 0.460559279 0.022714119 0.887338281 -1.296243466
0 0.498040164 0.885404769 0.500000000 0.500000000 0.000000000 0.000000000 0.882189810 0.060813300 -0.466950566 0.335540639 -0.064685106 0.997875631 0.007751505 0.169681307 0.466429979 0.023366448 0.884249449 -1.301433791
0 0.498040164 0.885404769 0.500000000 0.500000000 0.000000000 0.000000000 0.879004657 0.060999550 -0.472895145 0.347649136 -0.065081343 0.997849941 0.007742922 0.170292008 0.472350717 0.023970587 0.881084681 -1.305992240
0 0.498040164 0.885404769 0.500000000 0.500000000 0.000000000 0.000000000 0.876229703 0.061635975 -0.477935702 0.356614083 -0.065858968 0.997797370 0.007935444 0.170988050 0.477372110 0.024523081 0.878358960 -1.310620021
0 0.498040164 0.885404769 0.500000000 0.500000000 0.000000000 0.000000000 0.873497605 0.061940752 -0.482871890 0.365083118 -0.066356950 0.997764289 0.007951664 0.171658657 0.482284844 0.025096145 0.875654876 -1.314924655
0 0.498040164 0.885404769 0.500000000 0.500000000 0.000000000 0.000000000 0.870691895 0.062339995 -0.487861961 0.373734663 -0.067117408 0.997715354 0.007705015 0.173687873 0.487227708 0.026035339 0.872886777 -1.319224951
0 0.498040164 0.885404769 0.500000000 0.500000000 0.000000000 0.000000000 0.867786944 0.063412338 -0.492873907 0.382577662 -0.068313651 0.997631192 0.008075958 0.174580947 0.492218494 0.026661804 0.870063245 -1.323879726
0 0.498040164 0.885404769 0.500000000 0.500000000 0.000000000 0.000000000 0.864732921 0.064223707 -0.498108715 0.392330274 -0.069112569 0.997571468 0.008640327 0.174124572 0.497453958 0.026954001 0.867071509 -1.328426540
0 0.498040164 0.885404769 0.500000000 0.500000000 0.000000000 0.000000000 0.862098932 0.065195836 -0.502528489 0.399360175 -0.070459194 0.997478127 0.008534085 0.176198444 0.501817584 0.028050529 0.864518523 -1.332799173
0 0.498040164 0.885404769 0.500000000 0.500000000 0.000000000 0.000000000 0.859206796 0.065364189 -0.507435977 0.408170634 -0.070733927 0.997457147 0.008716184 0.176034608 0.506715357 0.028403934 0.861645401 -1.336998026
0 0.498040164 0.885404769 0.500000000 0.500000000 0.000000000 0.000000000 0.856222153 0.065466501 -0.512442946 0.417539297 -0.070848770 0.997446001 0.009048834 0.175038203 0.511726558 0.028558139 0.858673632 -1.341062708
0 0.498040164 0.885404769 0.500000000 0.500000000 0.000000000 0.000000000 0.853035510 0.065679230 -0.517703295 0.427491379 -0.070995420 0.997430861 0.009559288 0.173822548 0.517001092 0.028600153 0.855506837 -1.345215599
0 0.498040164 0.885404769 0.500000000 0.500000000 0.000000000 0.000000000 0.850082874 0.065932013 -0.522505581 0.435871178 -0.071343131 0.997403800 0.009786059 0.173555116 0.521794319 0.028958224 0.852579713 -1.348102500
0 0.498040164 0.885404769 0.500000000 0.500000000 0.000000000 0.000000000 0.847294867 0.066066600 -0.526997685 0.443046388 -0.071690254 0.997379065 0.009773586 0.174099131 0.526262164 0.029499492 0.849810481 -1.350142993
0 0.498040164 0.885404769 0.500000000 0.500000000 0.000000000 0.000000000 0.844613671 0.066363201 -0.531247258 0.449240977 -0.072120421 0.997346520 0.009926096 0.174214331 0.530496299 0.029930059 0.847158670 -1.352400699
0 0.498040164 0.885404769 0.500000000 0.500000000 0.000000000 0.000000000 0.841663957 0.066372842 -0.535907149 0.457033103 -0.072316527 0.997332156 0.009944924 0.174572944 0.535137534 0.030384662 0.844218373 -1.355267427
0 0.498040164 0.885404769 0.500000000 0.500000000 0.000000000 0.000000000 0.838500738 0.066622399 -0.540812314 0.466118129 -0.072870053 0.997292578 0.009874824 0.175572770 0.540005982 0.031128975 0.841085315 -1.358383857
0 0.498040164 0.885404769 0.500000000 0.500000000 0.000000000 0.000000000 0.835529923 0.067097232 -0.545332670 0.473743948 -0.073778883 0.997227848 0.009657902 0.177423712 0.544468939 0.032164570 0.838164032 -1.360625621
