0 0.453676688 0.806536347 0.500000000 0.500000000 0.000000000 0.000000000 0.999566793 0.001258932 0.029404050 -0.054615168 -0.001492764 0.999967456 0.007931763 0.015207145 -0.029393105 -0.007972221 0.999536157 0.118137056
0 0.453676688 0.806536347 0.500000000 0.500000000 0.000000000 0.000000000 0.999525726 0.001285027 0.030768452 -0.056946716 -0.001548036 0.999962449 0.008525725 0.015041483 -0.030756341 -0.008569311 0.999490201 0.124272989
0 0.453676688 0.806536347 0.500000000 0.500000000 0.000000000 0.000000000 0.999482870 0.001424399 0.032123409 -0.059351200 -0.001719501 0.999956548 0.009160767 0.014991794 -0.032108966 -0.009211266 0.999441922 0.130688909
0 0.453676688 0.806536347 0.500000000 0.500000000 0.000000000 0.000000000 0.999440491 0.001523493 0.033412863 -0.061578135 -0.001853549 0.999949753 0.009849376 0.014908610 -0.033396177 -0.009905798 0.999393106 0.136829796
0 0.453676688 0.806536347 0.500000000 0.500000000 0.000000000 0.000000000 0.999394357 0.001599866 0.034761950 -0.064000991 -0.001969141 0.999941945 0.010591323 0.014801294 -0.034742989 -0.010653359 0.999339521 0.143220782
0 0.453676688 0.806536347 0.500000000 0.500000000 0.000000000 0.000000000 0.999350786 0.001677116 0.035988059 -0.066248140 -0.002085601 0.999933779 0.011316014 0.014826760 -0.035966698 -0.011383723 0.999288142 0.149600120
0 0.453676688 0.806536347 0.500000000 0.500000000 0.000000000 0.000000000 0.999302566 0.001699862 0.037302047 -0.068608784 -0.002155864 0.999923408 0.012187776 0.014766959 -0.037278473 -0.012259694 0.999229729 0.156193578
0 0.453676688 0.806536347 0.500000000 0.500000000 0.000000000 0.000000000 0.999255180 0.001812467 0.038545758 -0.070977759 -0.002315700 0.999912620 0.013014818 0.014938655 -0.038518801 -0.013094384 0.999172091 0.162688782
0 0.453676688 0.806536347 0.500000000 0.500000000 0.000000000 0.000000000 0.999206722 0.001826108 0.039781861 -0.073342587 -0.002380938 0.999900520 0.013903894 0.014952165 -0.039752513 -0.013987582 0.999111652 0.169186901
0 0.453676688 0.806536347 0.500000000 0.500000000 0.000000000 0.000000000 0.999158680 0.001764226 0.040973291 -0.075695721 -0.002377474 0.999885798 0.014923106 0.015116058 -0.040942285 -0.015007964 0.999048769 0.175796279
0 0.453676688 0.806536347 0.500000000 0.500000000 0.000000000 0.000000000 0.999106407 0.001785291 0.042227902 -0.078330420 -0.002458295 0.999870718 0.015890870 0.015474787 -0.042194072 -0.015980478 0.998981595 0.182557932
0 0.453676688 0.806536347 0.500000000 0.500000000 0.000000000 0.000000000 0.999055386 0.001892124 0.043413810 -0.080794484 -0.002620508 0.999856651 0.016726943 0.015978598 -0.043375935 -0.016824909 0.998917162 0.189045437
0 0.453676688 0.806536347 0.500000000 0.500000000 0.000000000 0.000000000 0.999005139 0.001971872 0.044551365 -0.083321400 -0.002758918 0.999841094 0.017611470 0.016414844 -0.044509556 -0.017716862 0.998851836 0.195730273
0 0.453676688 0.806536347 0.500000000 0.500000000 0.000000000 0.000000000 0.998957753 0.001933360 0.045603212 -0.085758030 -0.002780352 0.999824703 0.018516967 0.016963323 -0.045559417 -0.018624460 0.998787999 0.202425690
0 0.453676688 0.806536347 0.500000000 0.500000000 0.000000000 0.000000000 0.998908401 0.001946005 0.046671178 -0.088399049 -0.002851286 0.999808908 0.019338265 0.017674321 -0.046624627 -0.019450229 0.998723090 0.209023153
0 0.453676688 0.806536347 0.500000000 0.500000000 0.000000000 0.000000000 0.998859942 0.001962414 0.047696982 -0.090870397 -0.002925792 0.999792933 0.020136459 0.018468853 -0.047647588 -0.020253053 0.998658836 0.215584924
0 0.453676688 0.806536347 0.500000000 0.500000000 0.000000000 0.000000000 0.998810768 0.002101732 0.048709840 -0.093378769 -0.003124300 0.999776125 0.020926435 0.019163305 -0.048654955 -0.021053731 0.998593748 0.222115851
0 0.453676688 0.806536347 0.500000000 0.500000000 0.000000000 0.000000000 0.998759449 0.002215585 0.049745433 -0.095708303 -0.003297788 0.999759436 0.021683298 0.019867850 -0.049685426 -0.021820450 0.998526514 0.228584470
0 0.453676688 0.806536347 0.500000000 0.500000000 0.000000000 0.000000000 0.998708427 0.002294483 0.050756924 -0.097924488 -0.003440554 0.999740839 0.022503754 0.020631495 -0.050692134 -0.022649320 0.998457491 0.235297864
0 0.453676688 0.806536347 0.500000000 0.500000000 0.000000000 0.000000000 0.998655856 0.002370959 0.051776815 -0.100015047 -0.003579020 0.999723256 0.023251835 0.021561245 -0.051707357 -0.023405891 0.998387933 0.241792062
0 0.453676688 0.806536347 0.500000000 0.500000000 0.000000000 0.000000000 0.998601556 0.002600374 0.052803032 -0.102207771 -0.003868468 0.999706209 0.023927566 0.022520234 -0.052725296 -0.024098372 0.998318255 0.248268643
0 0.453676688 0.806536347 0.500000000 0.500000000 0.000000000 0.000000000 0.998543262 0.002679561 0.053890564 -0.104141128 -0.004013753 0.999687731 0.024664463 0.023420766 -0.053807646 -0.024844836 0.998242199 0.254798191
0 0.453676688 0.806536347 0.500000000 0.500000000 0.000000000 0.000000000 0.998483121 0.002706023 0.054991920 -0.106089814 -0.004116305 0.999665141 0.025548190 0.024269129 -0.054904368 -0.025735799 0.998159885 0.261319733
0 0.453676688 0.806536347 0.500000000 0.500000000 0.000000000 0.000000000 0.998424947 0.002669267 0.056040552 -0.107884082 -0.004147447 0.999646068 0.026277265 0.025182662 -0.055950578 -0.026468301 0.998082638 0.267678124
0 0.453676688 0.806536347 0.500000000 0.500000000 0.000000000 0.000000000 0.998361111 0.002619611 0.057168856 -0.109800560 -0.004172562 0.999625027 0.027061835 0.026104476 -0.057076532 -0.027256023 0.997997701 0.274296257
0 0.453676688 0.806536347 0.500000000 0.500000000 0.000000000 0.000000000 0.998300731 0.002820749 0.058203440 -0.111474284 -0.004447712 0.999602437 0.027842458 0.027076673 -0.058101762 -0.028054019 0.997916400 0.280616828
0 0.453676688 0.806536347 0.500000000 0.500000000 0.000000000 0.000000000 0.998241007 0.002848440 0.059217829 -0.113130348 -0.004548167 0.999580920 0.028588019 0.027941496 -0.059111580 -0.028807066 0.997835636 0.287005324
0 0.453676688 0.806536347 0.500000000 0.500000000 0.000000000 0.000000000 0.998180926 0.002924925 0.060218461 -0.114668755 -0.004694423 0.999560714 0.029264167 0.028920700 -0.060106412 -0.029493624 0.997756183 0.293474257
0 0.453676688 0.806536347 0.500000000 0.500000000 0.000000000 0.000000000 0.998122573 0.002931201 0.061177798 -0.116207003 -0.004756384 0.999547243 0.029709795 0.029805649 -0.061063014 -0.029945003 0.997684598 0.299182583
0 0.453676688 0.806536347 0.500000000 0.500000000 0.000000000 0.000000000 0.998068631 0.002975984 0.062049210 -0.117596315 -0.004845485 0.999538124 0.030000653 0.030612411 -0.061931271 -0.030243371 0.997622073 0.305213926
0 0.453676688 0.806536347 0.500000000 0.500000000 0.000000000 0.000000000 0.998014510 0.003118516 0.062907189 -0.119048237 -0.005022480 0.999533355 0.030130854 0.031268667 -0.062783875 -0.030386979 0.997564435 0.311286745
0 0.453676688 0.806536347 0.500000000 0.500000000 0.000000000 0.000000000 0.997973621 0.003156517 0.063550793 -0.120114944 -0.005083607 0.999531388 0.030184804 0.031760350 -0.063425735 -0.030446704 0.997521996 0.316920976
0 0.453676688 0.806536347 0.500000000 0.500000000 0.000000000 0.000000000 0.997931123 0.003169501 0.064214043 -0.121349651 -0.005120841 0.999529362 0.030246286 0.032089717 -0.064087957 -0.030512540 0.997477651 0.322637120
0 0.453676688 0.806536347 0.500000000 0.500000000 0.000000000 0.000000000 0.997892141 0.003264031 0.064812467 -0.122427287 -0.005236427 0.999527574 0.030285843 0.032288325 -0.064682998 -0.030561389 0.997437775 0.328408828
0 0.453676688 0.806536347 0.500000000 0.500000000 0.000000000 0.000000000 0.997855127 0.003354717 0.065375060 -0.123519440 -0.005345769 0.999526381 0.030304750 0.032559375 -0.065242432 -0.030589230 0.997400463 0.334020334
0 0.453676688 0.806536347 0.500000000 0.500000000 0.000000000 0.000000000 0.997817099 0.003509087 0.065944776 -0.124722234 -0.005518788 0.999525070 0.030318091 0.032530143 -0.065807074 -0.030615846 0.997362554 0.339427261
0 0.453676688 0.806536347 0.500000000 0.500000000 0.000000000 0.000000000 0.997781038 0.003652534 0.066480592 -0.125815579 -0.005675945 0.999525547 0.030272737 0.032591895 -0.066338480 -0.030582903 0.997328401 0.345067847
0 0.453676688 0.806536347 0.500000000 0.500000000 0.000000000 0.000000000 0.997746050 0.003661810 0.067003168 -0.126692285 -0.005698625 0.999526620 0.030232958 0.032335279 -0.066860743 -0.030546641 0.997294605 0.350375833
0 0.453676688 0.806536347 0.500000000 0.500000000 0.000000000 0.000000000 0.997712791 0.003689492 0.067495346 -0.127622739 -0.005735130 0.999529243 0.030139223 0.032169625 -0.067352377 -0.030457381 0.997264266 0.356073226
0 0.453676688 0.806536347 0.500000000 0.500000000 0.000000000 0.000000000 0.997674644 0.003754338 0.068052895 -0.128705821 -0.005812453 0.999530911 0.030070147 0.031843759 -0.067908078 -0.030395776 0.997228444 0.362059543
0 0.453676688 0.806536347 0.500000000 0.500000000 0.000000000 0.000000000 0.997638881 0.003793176 0.068573199 -0.129513743 -0.005860921 0.999533355 0.029977843 0.031460327 -0.068427488 -0.030308964 0.997195601 0.367414236
0 0.453676688 0.806536347 0.500000000 0.500000000 0.000000000 0.000000000 0.997607112 0.003846707 0.069031201 -0.130205108 -0.005927202 0.999533534 0.029959001 0.030756038 -0.068883754 -0.030296475 0.997164547 0.373138356
0 0.453676688 0.806536347 0.500000000 0.500000000 0.000000000 0.000000000 0.997573316 0.003964112 0.069510512 -0.130868418 -0.006056150 0.999534190 0.029911857 0.030100981 -0.069359563 -0.030260237 0.997132659 0.379095620
0 0.453676688 0.806536347 0.500000000 0.500000000 0.000000000 0.000000000 0.997540474 0.003980992 0.069979250 -0.131427449 -0.006081971 0.999536335 0.029835504 0.029562045 -0.069828026 -0.030187733 0.997102201 0.384759726
0 0.453676688 0.806536347 0.500000000 0.500000000 0.000000000 0.000000000 0.997514844 0.003891301 0.070349187 -0.131775750 -0.006003535 0.999536693 0.029838540 0.028738076 -0.070200488 -0.030186730 0.997076035 0.390671143
0 0.453676688 0.806536347 0.500000000 0.500000000 0.000000000 0.000000000 0.997490168 0.003809440 0.070702299 -0.132052240 -0.005926283 0.999539673 0.029754657 0.028046853 -0.070556402 -0.030098980 0.997053564 0.397213517
0 0.453676688 0.806536347 0.500000000 0.500000000 0.000000000 0.000000000 0.997464359 0.003851928 0.071063198 -0.132347904 -0.005979096 0.999539614 0.029745076 0.027159961 -0.070915908 -0.030094547 0.997028232 0.403382094
0 0.453676688 0.806536347 0.500000000 0.500000000 0.000000000 0.000000000 0.997447491 0.003960076 0.071293950 -0.132442606 -0.006091190 0.999540329 0.029699387 0.026086248 -0.071143560 -0.030057844 0.997013092 0.409719236
0 0.453676688 0.806536347 0.500000000 0.500000000 0.000000000 0.000000000 0.997423828 0.004065644 0.071618699 -0.132597792 -0.006205898 0.999539971 0.029686892 0.025358844 -0.071465053 -0.030054873 0.996990204 0.416733484
0 0.453676688 0.806536347 0.500000000 0.500000000 0.000000000 0.000000000 0.997402430 0.004101340 0.071913667 -0.132587114 -0.006249680 0.999540091 0.029674368 0.024501605 -0.071758889 -0.030046724 0.996969342 0.423244985
0 0.453676688 0.806536347 0.500000000 0.500000000 0.000000000 0.000000000 0.997379661 0.004114599 0.072227627 -0.132554784 -0.006270417 0.999540806 0.029646235 0.023503821 -0.072072476 -0.030021450 0.996947467 0.430023303
0 0.453676688 0.806536347 0.500000000 0.500000000 0.000000000 0.000000000 0.997350872 0.004116127 0.072624408 -0.132533903 -0.006281658 0.999541640 0.029615061 0.022451725 -0.072469220 -0.029992810 0.996919572 0.437431125
0 0.453676688 0.806536347 0.500000000 0.500000000 0.000000000 0.000000000 0.997320771 0.004150249 0.073034406 -0.132432240 -0.006325223 0.999542594 0.029574085 0.021379748 -0.072878264 -0.029956808 0.996890843 0.444485923
0 0.453676688 0.806536347 0.500000000 0.500000000 0.000000000 0.000000000 0.997288346 0.004202061 0.073473364 -0.132456316 -0.006388542 0.999542892 0.029549189 0.020127631 -0.073315613 -0.029938448 0.996859312 0.451633634
0 0.453676688 0.806536347 0.500000000 0.500000000 0.000000000 0.000000000 0.997253299 0.004306308 0.073941089 -0.132316395 -0.006505645 0.999542713 0.029529411 0.018872046 -0.073780112 -0.029929338 0.996825337 0.459138457
0 0.453676688 0.806536347 0.500000000 0.500000000 0.000000000 0.000000000 0.997217834 0.004289494 0.074419193 -0.132333188 -0.006505581 0.999541759 0.029561630 0.017586916 -0.074258290 -0.029963525 0.996788800 0.466414061
0 0.453676688 0.806536347 0.500000000 0.500000000 0.000000000 0.000000000 0.997183979 0.004256295 0.074873514 -0.132307351 -0.006485787 0.999541998 0.029558869 0.016255858 -0.074713409 -0.029961243 0.996754825 0.473546578
0 0.453676688 0.806536347 0.500000000 0.500000000 0.000000000 0.000000000 0.997146487 0.004245302 0.075371861 -0.132258069 -0.006488718 0.999542415 0.029544754 0.014658589 -0.075211942 -0.029949514 0.996717691 0.480712888
0 0.453676688 0.806536347 0.500000000 0.500000000 0.000000000 0.000000000 0.997113645 0.004258538 0.075803630 -0.132058755 -0.006512688 0.999543130 0.029514391 0.013194022 -0.075643308 -0.029922888 0.996685863 0.487933885
0 0.453676688 0.806536347 0.500000000 0.500000000 0.000000000 0.000000000 0.997082114 0.004217321 0.076219611 -0.131930491 -0.006484190 0.999543190 0.029518330 0.011399495 -0.076060303 -0.029926421 0.996654034 0.495120904
0 0.453676688 0.806536347 0.500000000 0.500000000 0.000000000 0.000000000 0.997049749 0.004189013 0.076643892 -0.131854685 -0.006464172 0.999545038 0.029460849 0.009712340 -0.076485611 -0.029869372 0.996623158 0.502595318
0 0.453676688 0.806536347 0.500000000 0.500000000 0.000000000 0.000000000 0.997018456 0.004103217 0.077054001 -0.131735814 -0.006384049 0.999548018 0.029377479 0.008091075 -0.076898634 -0.029781805 0.996594012 0.509842730
0 0.453676688 0.806536347 0.500000000 0.500000000 0.000000000 0.000000000 0.996987760 0.004009538 0.077455387 -0.131534049 -0.006298679 0.999549866 0.029332660 0.006669975 -0.077302910 -0.029732170 0.996564209 0.517301303
0 0.453676688 0.806536347 0.500000000 0.500000000 0.000000000 0.000000000 0.996951640 0.004066050 0.077916272 -0.131286979 -0.006365418 0.999550819 0.029285168 0.005183786 -0.077762201 -0.029691866 0.996529698 0.524890006
0 0.453676688 0.806536347 0.500000000 0.500000000 0.000000000 0.000000000 0.996916473 0.004111582 0.078362502 -0.130984499 -0.006425241 0.999550104 0.029295839 0.003840617 -0.078206800 -0.029709002 0.996494412 0.532142882
0 0.453676688 0.806536347 0.500000000 0.500000000 0.000000000 0.000000000 0.996876776 0.004057996 0.078868397 -0.130660461 -0.006387796 0.999549925 0.029310552 0.002725004 -0.078713961 -0.029722804 0.996454060 0.539604588
0 0.453676688 0.806536347 0.500000000 0.500000000 0.000000000 0.000000000 0.996839345 0.003986723 0.079343893 -0.130190288 -0.006333254 0.999549270 0.029344548 0.001600444 -0.079191148 -0.029754303 0.996415317 0.547268933
0 0.453676688 0.806536347 0.500000000 0.500000000 0.000000000 0.000000000 0.996797979 0.003887282 0.079866447 -0.129722414 -0.006254274 0.999547899 0.029408135 0.000543695 -0.079716027 -0.029813476 0.996371686 0.554716292
0 0.453676688 0.806536347 0.500000000 0.500000000 0.000000000 0.000000000 0.996760905 0.003864120 0.080328956 -0.129055566 -0.006240881 0.999549508 0.029357871 -0.000252830 -0.080179326 -0.029764103 0.996335983 0.562138927
0 0.453676688 0.806536347 0.500000000 0.500000000 0.000000000 0.000000000 0.996711314 0.003967238 0.080937065 -0.128566340 -0.006359279 0.999549925 0.029318001 -0.000932142 -0.080784328 -0.029736284 0.996287942 0.570212688
0 0.453676688 0.806536347 0.500000000 0.500000000 0.000000000 0.000000000 0.996670544 0.003992939 0.081436589 -0.127991545 -0.006397742 0.999550462 0.029290242 -0.001553012 -0.081283033 -0.029713731 0.996248066 0.577796840
0 0.453676688 0.806536347 0.500000000 0.500000000 0.000000000 0.000000000 0.996629536 0.003996314 0.081936583 -0.127455105 -0.006418287 0.999549568 0.029317075 -0.002202420 -0.081782520 -0.029744156 0.996206284 0.585435333
0 0.453676688 0.806536347 0.500000000 0.500000000 0.000000000 0.000000000 0.996586978 0.004023014 0.082450971 -0.126894430 -0.006463070 0.999548316 0.029348537 -0.002795337 -0.082295664 -0.029781256 0.996162891 0.593084134
0 0.453676688 0.806536347 0.500000000 0.500000000 0.000000000 0.000000000 0.996541083 0.004030989 0.083003588 -0.126270745 -0.006485215 0.999549031 0.029319363 -0.003181576 -0.082847968 -0.029756246 0.996117830 0.600590224
0 0.453676688 0.806536347 0.500000000 0.500000000 0.000000000 0.000000000 0.996501327 0.004032405 0.083479531 -0.125680932 -0.006494544 0.999551237 0.029243419 -0.003461819 -0.083324142 -0.029683268 0.996080339 0.608111137
0 0.453676688 0.806536347 0.500000000 0.500000000 0.000000000 0.000000000 0.996461570 0.003958036 0.083956338 -0.125137867 -0.006435522 0.999551117 0.029259155 -0.003929742 -0.083802842 -0.029695924 0.996039748 0.615837536
0 0.453676688 0.806536347 0.500000000 0.500000000 0.000000000 0.000000000 0.996419430 0.003938434 0.084455900 -0.124666274 -0.006428387 0.999552011 0.029230636 -0.004328353 -0.084302947 -0.029668890 0.995998383 0.622968576
0 0.453676688 0.806536347 0.500000000 0.500000000 0.000000000 0.000000000 0.996386051 0.004020480 0.084844947 -0.124174493 -0.006518919 0.999552608 0.029190660 -0.004577044 -0.084689625 -0.029638262 0.995966494 0.630288101
0 0.453676688 0.806536347 0.500000000 0.500000000 0.000000000 0.000000000 0.996343672 0.004096691 0.085337676 -0.123756533 -0.006614822 0.999550343 0.029246017 -0.005021878 -0.085179493 -0.029703576 0.995922744 0.637668080
0 0.453676688 0.806536347 0.500000000 0.500000000 0.000000000 0.000000000 0.996306896 0.004058443 0.085767373 -0.123218456 -0.006589849 0.999550343 0.029252324 -0.005244252 -0.085610084 -0.029709486 0.995885670 0.644898050
0 0.453676688 0.806536347 0.500000000 0.500000000 0.000000000 0.000000000 0.996273100 0.003975763 0.086162969 -0.122688244 -0.006521949 0.999549687 0.029289501 -0.005534495 -0.086007722 -0.029742293 0.995850444 0.651931480
