0 0.472491789 0.839985475 0.500000000 0.500000000 0.000000000 0.000000000 0.997559130 0.012571984 -0.068685934 -0.330831703 -0.009504457 0.998950481 0.044805843 0.141788081 0.069177143 -0.044043653 0.996631682 0.633034851
0 0.472491789 0.839985475 0.500000000 0.500000000 0.000000000 0.000000000 0.997683525 0.012317890 -0.066902213 -0.337973573 -0.009245683 0.998896897 0.046037909 0.143895937 0.067395508 -0.045312706 0.996696830 0.651174680
0 0.472491789 0.839985475 0.500000000 0.500000000 0.000000000 0.000000000 0.997793317 0.012130847 -0.065279379 -0.345703583 -0.009015470 0.998815835 0.047808457 0.146212458 0.065782040 -0.047114436 0.996721089 0.669147460
0 0.472491789 0.839985475 0.500000000 0.500000000 0.000000000 0.000000000 0.997908413 0.011960524 -0.063527241 -0.353013567 -0.008823810 0.998738647 0.049428925 0.148980404 0.064038306 -0.048764989 0.996755242 0.686785617
0 0.472491789 0.839985475 0.500000000 0.500000000 0.000000000 0.000000000 0.998029292 0.011667837 -0.061655264 -0.360715645 -0.008550075 0.998682797 0.050591681 0.152649041 0.062164348 -0.049964823 0.996814489 0.705227265
0 0.472491789 0.839985475 0.500000000 0.500000000 0.000000000 0.000000000 0.998119473 0.011707685 -0.060170300 -0.368646424 -0.008599247 0.998627603 0.051662393 0.155625902 0.060692567 -0.051047821 0.996850312 0.722940305
0 0.472491789 0.839985475 0.500000000 0.500000000 0.000000000 0.000000000 0.998211741 0.011518702 -0.058656771 -0.376136278 -0.008450470 0.998596191 0.052290183 0.158915457 0.059176743 -0.051700998 0.996907771 0.740939877
0 0.472491789 0.839985475 0.500000000 0.500000000 0.000000000 0.000000000 0.998327136 0.011419882 -0.056679070 -0.383110021 -0.008412502 0.998558164 0.053017590 0.161989028 0.057202805 -0.052452087 0.996983767 0.758709719
0 0.472491789 0.839985475 0.500000000 0.500000000 0.000000000 0.000000000 0.998459399 0.011209432 -0.054342717 -0.390101963 -0.008266478 0.998502314 0.054080870 0.164899605 0.054867547 -0.053548332 0.997056723 0.776284893
0 0.472491789 0.839985475 0.500000000 0.500000000 0.000000000 0.000000000 0.998567581 0.010957278 -0.052370962 -0.397870473 -0.008042138 0.998423338 0.055553369 0.167720356 0.052897103 -0.055052619 0.997081280 0.793999742
0 0.472491789 0.839985475 0.500000000 0.500000000 0.000000000 0.000000000 0.998664796 0.010829434 -0.050511073 -0.405939956 -0.007945840 0.998345792 0.056943715 0.170758466 0.051044185 -0.056466330 0.997098804 0.812095018
0 0.472491789 0.839985475 0.500000000 0.500000000 0.000000000 0.000000000 0.998759031 0.010728246 -0.048634727 -0.413988085 -0.007897312 0.998283565 0.058030955 0.174116832 0.049173821 -0.057574857 0.997129440 0.830346502
0 0.472491789 0.839985475 0.500000000 0.500000000 0.000000000 0.000000000 0.998870015 0.010486676 -0.046353981 -0.421450945 -0.007719819 0.998200178 0.059470773 0.175592011 0.046894204 -0.059045728 0.997153223 0.848465838
0 0.472491789 0.839985475 0.500000000 0.500000000 0.000000000 0.000000000 0.998961806 0.010701129 -0.044280533 -0.429957634 -0.008032812 0.998165786 0.060004450 0.177049783 0.044841427 -0.059586458 0.997215450 0.866159860
0 0.472491789 0.839985475 0.500000000 0.500000000 0.000000000 0.000000000 0.999050140 0.010487252 -0.042295296 -0.438034909 -0.007914272 0.998133838 0.060548734 0.178317243 0.042851359 -0.060156483 0.997268736 0.884715251
0 0.472491789 0.839985475 0.500000000 0.500000000 0.000000000 0.000000000 0.999163032 0.010182604 -0.039617095 -0.445875593 -0.007750491 0.998103559 0.061066825 0.180261626 0.040163781 -0.060708664 0.997347116 0.903663754
0 0.472491789 0.839985475 0.500000000 0.500000000 0.000000000 0.000000000 0.999278426 0.010024778 -0.036635745 -0.454189628 -0.007730697 0.998031735 0.062232334 0.181865934 0.037187502 -0.061904207 0.997389078 0.922001319
0 0.472491789 0.839985475 0.500000000 0.500000000 0.000000000 0.000000000 0.999374151 0.009446840 -0.034088448 -0.462660874 -0.007255752 0.997933924 0.063837193 0.184483439 0.034621079 -0.063549906 0.997377932 0.940925522
0 0.472491789 0.839985475 0.500000000 0.500000000 0.000000000 0.000000000 0.999457717 0.009408830 -0.031556103 -0.471768896 -0.007316883 0.997808278 0.065765209 0.187237669 0.032105714 -0.065498650 0.997336030 0.958845567
0 0.472491789 0.839985475 0.500000000 0.500000000 0.000000000 0.000000000 0.999553919 0.009408891 -0.028345149 -0.480449894 -0.007480272 0.997698367 0.067394249 0.189994177 0.028914014 -0.067152157 0.997323692 0.978025234
0 0.472491789 0.839985475 0.500000000 0.500000000 0.000000000 0.000000000 0.999643624 0.008957095 -0.025148045 -0.489545384 -0.007219632 0.997635305 0.068349496 0.191570464 0.025700791 -0.068143576 0.997344434 0.997387998
0 0.472491789 0.839985475 0.500000000 0.500000000 0.000000000 0.000000000 0.999709189 0.009108287 -0.022327844 -0.498126219 -0.007549345 0.997592449 0.068936750 0.191616427 0.022901986 -0.068748139 0.997371137 1.015681129
0 0.472491789 0.839985475 0.500000000 0.500000000 0.000000000 0.000000000 0.999781311 0.008627341 -0.019049576 -0.506160048 -0.007292184 0.997584581 0.069078356 0.192481781 0.019599525 -0.068924338 0.997429371 1.035236667
0 0.472491789 0.839985475 0.500000000 0.500000000 0.000000000 0.000000000 0.999848127 0.008496021 -0.015215918 -0.514077278 -0.007421686 0.997566760 0.069321431 0.192734258 0.015767850 -0.069197975 0.997478306 1.053808376
0 0.472491789 0.839985475 0.500000000 0.500000000 0.000000000 0.000000000 0.999905467 0.007906710 -0.011250455 -0.521351981 -0.007096172 0.997497439 0.070345744 0.193064176 0.011778503 -0.070259258 0.997459233 1.072153192
0 0.472491789 0.839985475 0.500000000 0.500000000 0.000000000 0.000000000 0.999942720 0.007601479 -0.007535449 -0.528915098 -0.007042329 0.997405767 0.071639113 0.194873496 0.008060463 -0.071581945 0.997402132 1.090531656
0 0.472491789 0.839985475 0.500000000 0.500000000 0.000000000 0.000000000 0.999965608 0.007370043 -0.003806350 -0.536687942 -0.007072078 0.997298479 0.073114231 0.196334385 0.004334922 -0.073084801 0.997316301 1.109005664
0 0.472491789 0.839985475 0.500000000 0.500000000 0.000000000 0.000000000 0.999974668 0.007112627 -0.000259300 -0.543375864 -0.007073748 0.997215211 0.074241266 0.197866249 0.000786628 -0.074237548 0.997240305 1.127469448
0 0.472491789 0.839985475 0.500000000 0.500000000 0.000000000 0.000000000 0.999971807 0.006621686 0.003539652 -0.550232329 -0.006868691 0.997156322 0.075047299 0.198881175 -0.003032647 -0.075069495 0.997173667 1.146180999
0 0.472491789 0.839985475 0.500000000 0.500000000 0.000000000 0.000000000 0.999953449 0.006168879 0.007417852 -0.556549740 -0.006710893 0.997129738 0.075413682 0.199263309 -0.006931343 -0.075459957 0.997124732 1.165188669
0 0.472491789 0.839985475 0.500000000 0.500000000 0.000000000 0.000000000 0.999921203 0.005970401 0.011041399 -0.563021503 -0.006785925 0.997133136 0.075362362 0.198773990 -0.010559801 -0.075431347 0.997095108 1.184373678
0 0.472491789 0.839985475 0.500000000 0.500000000 0.000000000 0.000000000 0.999877572 0.005569661 0.014623286 -0.569293332 -0.006655921 0.997137368 0.075317502 0.197455955 -0.014161932 -0.075405613 0.997052372 1.202043355
0 0.472491789 0.839985475 0.500000000 0.500000000 0.000000000 0.000000000 0.999828935 0.005128920 0.017771376 -0.575703462 -0.006456613 0.997126639 0.075476773 0.196770797 -0.017333198 -0.075578600 0.996989191 1.219641535
0 0.472491789 0.839985475 0.500000000 0.500000000 0.000000000 0.000000000 0.999774873 0.004824380 0.020662479 -0.581263891 -0.006380678 0.997092783 0.075929254 0.197412069 -0.020236097 -0.076044001 0.996899068 1.237446406
0 0.472491789 0.839985475 0.500000000 0.500000000 0.000000000 0.000000000 0.999703228 0.004300538 0.023977820 -0.586537157 -0.006132642 0.997022569 0.076866411 0.198399493 -0.023575861 -0.076990642 0.996753037 1.255349342
0 0.472491789 0.839985475 0.500000000 0.500000000 0.000000000 0.000000000 0.999619484 0.004149541 0.027269632 -0.591447753 -0.006263046 0.996942937 0.077881761 0.198762552 -0.026863093 -0.078022920 0.996589601 1.273480948
0 0.472491789 0.839985475 0.500000000 0.500000000 0.000000000 0.000000000 0.999540031 0.003628718 0.030109812 -0.596585885 -0.005986391 0.996889353 0.078585893 0.198661415 -0.029730985 -0.078729995 0.996452510 1.291676794
0 0.472491789 0.839985475 0.500000000 0.500000000 0.000000000 0.000000000 0.999449730 0.003236951 0.033012126 -0.601251412 -0.005833673 0.996867895 0.078869522 0.197755471 -0.032653429 -0.079018697 0.996338189 1.309624692
0 0.472491789 0.839985475 0.500000000 0.500000000 0.000000000 0.000000000 0.999346197 0.002723203 0.036052037 -0.605468220 -0.005568589 0.996854246 0.079061054 0.196310939 -0.035723329 -0.079210125 0.996217668 1.326856903
0 0.472491789 0.839985475 0.500000000 0.500000000 0.000000000 0.000000000 0.999240518 0.002323487 0.038897421 -0.610274230 -0.005391962 0.996862531 0.078968488 0.194853140 -0.038591899 -0.079118244 0.996117949 1.344621598
0 0.472491789 0.839985475 0.500000000 0.500000000 0.000000000 0.000000000 0.999154568 0.001827246 0.041070133 -0.614555149 -0.005081457 0.996840119 0.079271436 0.193786303 -0.040795509 -0.079413116 0.996006668 1.361327085
0 0.472491789 0.839985475 0.500000000 0.500000000 0.000000000 0.000000000 0.999052167 0.001398623 0.043506201 -0.619293854 -0.004880038 0.996781468 0.080018274 0.194117734 -0.043254260 -0.080154747 0.995843530 1.378146858
0 0.472491789 0.839985475 0.500000000 0.500000000 0.000000000 0.000000000 0.998945832 0.001068020 0.045891870 -0.623588148 -0.004790405 0.996696174 0.081078947 0.194186508 -0.045653656 -0.081213318 0.995650589 1.394756795
0 0.472491789 0.839985475 0.500000000 0.500000000 0.000000000 0.000000000 0.998870909 0.000843835 0.047499418 -0.629301185 -0.004733844 0.996633947 0.081843205 0.194463082 -0.047270473 -0.081975654 0.995512664 1.411652040
0 0.472491789 0.839985475 0.500000000 0.500000000 0.000000000 0.000000000 0.998788476 0.000454237 0.049207639 -0.634847718 -0.004489387 0.996628523 0.081923090 0.194828602 -0.049004525 -0.082044750 0.995423138 1.427677286
0 0.472491789 0.839985475 0.500000000 0.500000000 0.000000000 0.000000000 0.998701811 0.000235908 0.050937776 -0.640647704 -0.004408783 0.996637046 0.081824243 0.194634101 -0.050747171 -0.081942596 0.995344222 1.444575439
0 0.472491789 0.839985475 0.500000000 0.500000000 0.000000000 0.000000000 0.998624086 -0.000268793 0.052438878 -0.646190544 -0.004033003 0.996631444 0.081911370 0.192787213 -0.052284252 -0.082010157 0.995259106 1.461190894
0 0.472491789 0.839985475 0.500000000 0.500000000 0.000000000 0.000000000 0.998556077 -0.000415667 0.053717349 -0.652519592 -0.003972512 0.996660709 0.081557550 0.191311856 -0.053571872 -0.081653178 0.995220006 1.476627367
0 0.472491789 0.839985475 0.500000000 0.500000000 0.000000000 0.000000000 0.998497009 -0.000592494 0.054803051 -0.659223565 -0.003893283 0.996648550 0.081709690 0.191531384 -0.054667793 -0.081800245 0.995148301 1.491173120
0 0.472491789 0.839985475 0.500000000 0.500000000 0.000000000 0.000000000 0.998436153 -0.000817921 0.055898223 -0.665982038 -0.003797836 0.996590614 0.082418166 0.192268145 -0.055775058 -0.082501568 0.995028973 1.505141621
0 0.472491789 0.839985475 0.500000000 0.500000000 0.000000000 0.000000000 0.998397946 -0.001073658 0.056571446 -0.673360095 -0.003646712 0.996520221 0.083271556 0.192974433 -0.056463994 -0.083344452 0.994919837 1.519170725
0 0.472491789 0.839985475 0.500000000 0.500000000 0.000000000 0.000000000 0.998361707 -0.001290494 0.057203535 -0.680915171 -0.003507221 0.996485591 0.083691239 0.193181906 -0.057110500 -0.083754748 0.994848490 1.532786887
0 0.472491789 0.839985475 0.500000000 0.500000000 0.000000000 0.000000000 0.998327732 -0.001525325 0.057787240 -0.688382327 -0.003310283 0.996502995 0.083491415 0.193608295 -0.057712510 -0.083543092 0.994831562 1.545583397
0 0.472491789 0.839985475 0.500000000 0.500000000 0.000000000 0.000000000 0.998297393 -0.001492219 0.058309842 -0.695561098 -0.003367849 0.996530354 0.083161905 0.192994498 -0.058231622 -0.083216690 0.994828641 1.558400991
0 0.472491789 0.839985475 0.500000000 0.500000000 0.000000000 0.000000000 0.998271048 -0.001456041 0.058760952 -0.702640093 -0.003410884 0.996573567 0.082640581 0.193129230 -0.058679942 -0.082698122 0.994845569 1.570330787
0 0.472491789 0.839985475 0.500000000 0.500000000 0.000000000 0.000000000 0.998227775 -0.001557871 0.059488613 -0.709889004 -0.003362177 0.996584058 0.082516097 0.194040598 -0.059413951 -0.082569867 0.994812667 1.581617766
0 0.472491789 0.839985475 0.500000000 0.500000000 0.000000000 0.000000000 0.998211145 -0.001420176 0.059769843 -0.717624519 -0.003533782 0.996568501 0.082696609 0.196503763 -0.059682187 -0.082759887 0.994780779 1.592093678
0 0.472491789 0.839985475 0.500000000 0.500000000 0.000000000 0.000000000 0.998185635 -0.001427035 0.060194448 -0.725178836 -0.003597017 0.996520281 0.083272792 0.199235446 -0.060103822 -0.083338231 0.994707108 1.602360141
0 0.472491789 0.839985475 0.500000000 0.500000000 0.000000000 0.000000000 0.998129964 -0.001778847 0.061101705 -0.732338350 -0.003350790 0.996481359 0.083747447 0.202223664 -0.061035685 -0.083795577 0.994611979 1.612452287
0 0.472491789 0.839985475 0.500000000 0.500000000 0.000000000 0.000000000 0.998118639 -0.002014670 0.061279051 -0.740891682 -0.003167222 0.996431351 0.084347636 0.204147352 -0.061230302 -0.084383033 0.994550347 1.621557600
0 0.472491789 0.839985475 0.500000000 0.500000000 0.000000000 0.000000000 0.998130620 -0.002045823 0.061082244 -0.750405741 -0.003117971 0.996433556 0.084323511 0.206277374 -0.061036911 -0.084356330 0.994564474 1.630241944
0 0.472491789 0.839985475 0.500000000 0.500000000 0.000000000 0.000000000 0.998101771 -0.002022746 0.061553229 -0.759098303 -0.003181572 0.996432424 0.084334530 0.207215857 -0.061504219 -0.084370278 0.994534492 1.638512813
0 0.472491789 0.839985475 0.500000000 0.500000000 0.000000000 0.000000000 0.998103440 -0.002126577 0.061522186 -0.768819588 -0.003074562 0.996433735 0.084322810 0.207730691 -0.061482102 -0.084352046 0.994537413 1.646928419
0 0.472491789 0.839985475 0.500000000 0.500000000 0.000000000 0.000000000 0.998102248 -0.002007278 0.061545983 -0.778903031 -0.003183634 0.996449888 0.084128045 0.207794213 -0.061496355 -0.084164329 0.994552433 1.654732458
0 0.472491789 0.839985475 0.500000000 0.500000000 0.000000000 0.000000000 0.998109341 -0.002047750 0.061429266 -0.789228847 -0.003124790 0.996461749 0.083989069 0.206988142 -0.061383907 -0.084022231 0.994571388 1.662074506
0 0.472491789 0.839985475 0.500000000 0.500000000 0.000000000 0.000000000 0.998121679 -0.001865165 0.061233800 -0.799942634 -0.003245638 0.996522725 0.083258294 0.206825293 -0.061176162 -0.083300650 0.994644880 1.669636045
0 0.472491789 0.839985475 0.500000000 0.500000000 0.000000000 0.000000000 0.998107255 -0.001670497 0.061474651 -0.810142248 -0.003418155 0.996578753 0.082578219 0.205702779 -0.061402276 -0.082632050 0.994686723 1.678163166
0 0.472491789 0.839985475 0.500000000 0.500000000 0.000000000 0.000000000 0.998105884 -0.001781948 0.061493885 -0.820390440 -0.003280174 0.996617019 0.082120039 0.205250722 -0.061432187 -0.082166202 0.994723499 1.686347565
0 0.472491789 0.839985475 0.500000000 0.500000000 0.000000000 0.000000000 0.998091102 -0.001963710 0.061727256 -0.831219224 -0.003137609 0.996591330 0.082437426 0.205958580 -0.061678730 -0.082473740 0.994682789 1.693047243
0 0.472491789 0.839985475 0.500000000 0.500000000 0.000000000 0.000000000 0.998099685 -0.001838816 0.061592683 -0.842997434 -0.003286348 0.996543646 0.083006032 0.207248204 -0.061532427 -0.083050705 0.994643807 1.699876059
0 0.472491789 0.839985475 0.500000000 0.500000000 0.000000000 0.000000000 0.998090208 -0.001516982 0.061754644 -0.854618046 -0.003643865 0.996511877 0.083371803 0.208005893 -0.061665706 -0.083437607 0.994603217 1.707205796
0 0.472491789 0.839985475 0.500000000 0.500000000 0.000000000 0.000000000 0.998061776 -0.001758502 0.062206365 -0.866158227 -0.003453495 0.996495187 0.083578914 0.209196563 -0.062135316 -0.083631746 0.994557679 1.714101102
0 0.472491789 0.839985475 0.500000000 0.500000000 0.000000000 0.000000000 0.998084247 -0.001627606 0.061848555 -0.879355508 -0.003564577 0.996480703 0.083746910 0.209082888 -0.061767198 -0.083806932 0.994565845 1.720308491
0 0.472491789 0.839985475 0.500000000 0.500000000 0.000000000 0.000000000 0.998109281 -0.001607317 0.061442953 -0.892866177 -0.003534645 0.996502638 0.083486505 0.210002031 -0.061362255 -0.083545834 0.994612873 1.726637072
0 0.472491789 0.839985475 0.500000000 0.500000000 0.000000000 0.000000000 0.998144865 -0.001467388 0.060865697 -0.905237779 -0.003610242 0.996523857 0.083229661 0.209534232 -0.060776249 -0.083295003 0.994669914 1.733257437
0 0.472491789 0.839985475 0.500000000 0.500000000 0.000000000 0.000000000 0.998176217 -0.001501614 0.060348980 -0.917106817 -0.003515661 0.996547878 0.082945563 0.208452967 -0.060265202 -0.083006449 0.994725108 1.738847137
0 0.472491789 0.839985475 0.500000000 0.500000000 0.000000000 0.000000000 0.998214066 -0.001523681 0.059718676 -0.928943507 -0.003383297 0.996628165 0.081981011 0.207445493 -0.059642226 -0.082036644 0.994843125 1.745349949
0 0.472491789 0.839985475 0.500000000 0.500000000 0.000000000 0.000000000 0.998285115 -0.001504714 0.058519349 -0.940375948 -0.003272094 0.996672332 0.081446387 0.206137871 -0.058447167 -0.081498198 0.994958282 1.749895603
0 0.472491789 0.839985475 0.500000000 0.500000000 0.000000000 0.000000000 0.998376906 -0.001290719 0.056937743 -0.952503956 -0.003356614 0.996671736 0.081450179 0.205861530 -0.056853369 -0.081509098 0.995049715 1.753243817
0 0.472491789 0.839985475 0.500000000 0.500000000 0.000000000 0.000000000 0.998480499 -0.001316851 0.055090610 -0.964734199 -0.003200562 0.996641099 0.081831127 0.206783233 -0.055013325 -0.081883103 0.995122433 1.757220597
0 0.472491789 0.839985475 0.500000000 0.500000000 0.000000000 0.000000000 0.998599291 -0.001274355 0.052894868 -0.977156434 -0.003068133 0.996632993 0.081934221 0.208172720 -0.052821185 -0.081981741 0.995233119 1.760086818
