0 0.515012657 0.915578142 0.500000000 0.500000000 0.000000000 0.000000000 0.980661035 -0.003538104 0.195682019 0.198690263 0.006342756 0.999885917 -0.013707920 -0.056044576 -0.195611194 0.014683986 0.980571568 -0.106105711
0 0.515012657 0.915578142 0.500000000 0.500000000 0.000000000 0.000000000 0.979421735 -0.003769952 0.201789021 0.204547011 0.006742592 0.999878585 -0.014046090 -0.056690239 -0.201711580 0.015117628 0.979328275 -0.108113772
0 0.515012657 0.915578142 0.500000000 0.500000000 0.000000000 0.000000000 0.978135467 -0.004118760 0.207927987 0.210747876 0.007257247 0.999870956 -0.014333533 -0.057309769 -0.207842112 0.015529121 0.978039086 -0.109954525
0 0.515012657 0.915578142 0.500000000 0.500000000 0.000000000 0.000000000 0.976826847 -0.004489108 0.213984147 0.217154795 0.007778547 0.999864161 -0.014532832 -0.057916274 -0.213889822 0.015860546 0.976729035 -0.111416360
0 0.515012657 0.915578142 0.500000000 0.500000000 0.000000000 0.000000000 0.975470006 -0.004952234 0.220076665 0.223301624 0.008410045 0.999855459 -0.014777709 -0.058902995 -0.219971672 0.016266067 0.975370646 -0.113660680
0 0.515012657 0.915578142 0.500000000 0.500000000 0.000000000 0.000000000 0.974030316 -0.005335418 0.226354778 0.228919839 0.008971969 0.999846637 -0.015039975 -0.059321958 -0.226239830 0.016680239 0.973928809 -0.115857943
0 0.515012657 0.915578142 0.500000000 0.500000000 0.000000000 0.000000000 0.972602606 -0.005653072 0.232405379 0.234919244 0.009414949 0.999841928 -0.015080655 -0.060670177 -0.232283399 0.016855570 0.972502112 -0.118657686
0 0.515012657 0.915578142 0.500000000 0.500000000 0.000000000 0.000000000 0.971159875 -0.006173195 0.238349333 0.242955371 0.010132026 0.999830246 -0.015387789 -0.060449095 -0.238213882 0.017358964 0.971057594 -0.118884833
0 0.515012657 0.915578142 0.500000000 0.500000000 0.000000000 0.000000000 0.969615102 -0.006668959 0.244544700 0.249292373 0.010816468 0.999819458 -0.015621093 -0.060806902 -0.244396374 0.017791558 0.969512165 -0.120922166
0 0.515012657 0.915578142 0.500000000 0.500000000 0.000000000 0.000000000 0.968076229 -0.006914321 0.250560671 0.256392493 0.011234894 0.999811769 -0.015817383 -0.061314737 -0.250404149 0.018127454 0.967971683 -0.122451948
0 0.515012657 0.915578142 0.500000000 0.500000000 0.000000000 0.000000000 0.966494083 -0.007576604 0.256577015 0.264039803 0.012069326 0.999800086 -0.015940018 -0.061309657 -0.256404936 0.018502645 0.966392338 -0.122962061
0 0.515012657 0.915578142 0.500000000 0.500000000 0.000000000 0.000000000 0.964861214 -0.008105190 0.262634903 0.271210621 0.012808067 0.999786735 -0.016199468 -0.061583796 -0.262447596 0.018994084 0.964759290 -0.125131952
0 0.515012657 0.915578142 0.500000000 0.500000000 0.000000000 0.000000000 0.963144600 -0.008630736 0.268845707 0.277489498 0.013500901 0.999776483 -0.016271465 -0.061689210 -0.268645197 0.019301431 0.963045776 -0.127522582
0 0.515012657 0.915578142 0.500000000 0.500000000 0.000000000 0.000000000 0.961419821 -0.009284013 0.274928510 0.285728486 0.014322492 0.999764144 -0.016324626 -0.061604514 -0.274712116 0.019632481 0.961326063 -0.128392481
0 0.515012657 0.915578142 0.500000000 0.500000000 0.000000000 0.000000000 0.959650338 -0.009878694 0.281022519 0.293414151 0.015148764 0.999747634 -0.016586982 -0.060888237 -0.280787736 0.020174846 0.959557831 -0.130857359
0 0.515012657 0.915578142 0.500000000 0.500000000 0.000000000 0.000000000 0.957797348 -0.010264739 0.287261099 0.300163987 0.015706215 0.999738097 -0.016644506 -0.061406892 -0.287014991 0.020453848 0.957707703 -0.133459424
0 0.515012657 0.915578142 0.500000000 0.500000000 0.000000000 0.000000000 0.955895841 -0.010712582 0.293510556 0.308174105 0.016347559 0.999725997 -0.016752098 -0.061112766 -0.293250680 0.020811440 0.955809057 -0.135590831
0 0.515012657 0.915578142 0.500000000 0.500000000 0.000000000 0.000000000 0.953962088 -0.011019457 0.299724638 0.315548571 0.016862599 0.999714732 -0.016915416 -0.060896707 -0.299452752 0.021190803 0.953875780 -0.139088800
0 0.515012657 0.915578142 0.500000000 0.500000000 0.000000000 0.000000000 0.952024519 -0.011454191 0.305807412 0.323610559 0.017474608 0.999703526 -0.016956622 -0.060912047 -0.305522531 0.021486983 0.951942384 -0.142642333
0 0.515012657 0.915578142 0.500000000 0.500000000 0.000000000 0.000000000 0.949959457 -0.011999822 0.312142670 0.331181257 0.018227074 0.999688685 -0.017039949 -0.060678160 -0.311841011 0.021876708 0.949882388 -0.147171174
0 0.515012657 0.915578142 0.500000000 0.500000000 0.000000000 0.000000000 0.947838604 -0.012399399 0.318509400 0.337872540 0.018771809 0.999680161 -0.016945222 -0.061979497 -0.318197429 0.022040332 0.947768211 -0.152254237
0 0.515012657 0.915578142 0.500000000 0.500000000 0.000000000 0.000000000 0.945759296 -0.012594894 0.324624032 0.346517084 0.019151447 0.999671876 -0.017010134 -0.061949909 -0.324303299 0.022304511 0.945690155 -0.156281074
0 0.515012657 0.915578142 0.500000000 0.500000000 0.000000000 0.000000000 0.943626046 -0.012766903 0.330767065 0.354406882 0.019579565 0.999659061 -0.017272692 -0.061410886 -0.330433786 0.022775238 0.943554342 -0.161354176
0 0.515012657 0.915578142 0.500000000 0.500000000 0.000000000 0.000000000 0.941324830 -0.013174869 0.337244689 0.360941791 0.020104872 0.999652267 -0.017064545 -0.063074962 -0.336902589 0.022843542 0.941262364 -0.167987966
0 0.515012657 0.915578142 0.500000000 0.500000000 0.000000000 0.000000000 0.939032257 -0.013150400 0.343577445 0.367867501 0.020296501 0.999645829 -0.017211046 -0.063135335 -0.343229443 0.023135148 0.938966632 -0.174082967
0 0.515012657 0.915578142 0.500000000 0.500000000 0.000000000 0.000000000 0.936781764 -0.013145979 0.349667221 0.376106718 0.020348564 0.999649525 -0.016932642 -0.065464047 -0.349322081 0.022977415 0.936720967 -0.183106710
0 0.515012657 0.915578142 0.500000000 0.500000000 0.000000000 0.000000000 0.934425294 -0.013232476 0.355913371 0.383911161 0.020751815 0.999634683 -0.017317079 -0.064263894 -0.355554193 0.023567364 0.934358478 -0.194085965
0 0.515012657 0.915578142 0.500000000 0.500000000 0.000000000 0.000000000 0.932100773 -0.013148605 0.361960322 0.391582195 0.020871060 0.999630153 -0.017433375 -0.065417300 -0.361597240 0.023804158 0.932030499 -0.203386866
0 0.515012657 0.915578142 0.500000000 0.500000000 0.000000000 0.000000000 0.929711282 -0.013309241 0.368048549 0.399912806 0.021430321 0.999608517 -0.017986706 -0.063311790 -0.367665082 0.024609843 0.929632604 -0.215758505
0 0.515012657 0.915578142 0.500000000 0.500000000 0.000000000 0.000000000 0.927310288 -0.013165426 0.374061882 0.408471979 0.021289505 0.999618530 -0.017594881 -0.066727738 -0.373687536 0.024279507 0.927236795 -0.226877445
0 0.515012657 0.915578142 0.500000000 0.500000000 0.000000000 0.000000000 0.924939752 -0.012766357 0.379899293 0.416963164 0.020943981 0.999629200 -0.017400131 -0.068997493 -0.379536301 0.024050677 0.924864173 -0.236847212
0 0.515012657 0.915578142 0.500000000 0.500000000 0.000000000 0.000000000 0.922618032 -0.012865471 0.385500252 0.427474496 0.021175990 0.999625742 -0.017319560 -0.070479154 -0.385133147 0.024142688 0.922545195 -0.248835776
0 0.515012657 0.915578142 0.500000000 0.500000000 0.000000000 0.000000000 0.920250118 -0.012750871 0.391122937 0.437860223 0.021169476 0.999627590 -0.017219882 -0.072083926 -0.390757710 0.024126466 0.920177341 -0.260252755
0 0.515012657 0.915578142 0.500000000 0.500000000 0.000000000 0.000000000 0.917810142 -0.012631384 0.396818578 0.447130117 0.021189682 0.999627650 -0.017190283 -0.073519303 -0.396453708 0.024185875 0.917736053 -0.271447370
0 0.515012657 0.915578142 0.500000000 0.500000000 0.000000000 0.000000000 0.915091693 -0.012381739 0.403055638 0.453172040 0.021056689 0.999632061 -0.017098431 -0.075327976 -0.402695626 0.024133651 0.915015757 -0.284549281
0 0.515012657 0.915578142 0.500000000 0.500000000 0.000000000 0.000000000 0.912576079 -0.012219368 0.408724368 0.462379795 0.020938573 0.999638498 -0.016864885 -0.077715825 -0.408370525 0.023948595 0.912502050 -0.296508909
0 0.515012657 0.915578142 0.500000000 0.500000000 0.000000000 0.000000000 0.910310864 -0.012150421 0.413746864 0.475448719 0.021000125 0.999637485 -0.016847562 -0.079315786 -0.413392186 0.024025254 0.910236061 -0.307996258
0 0.515012657 0.915578142 0.500000000 0.500000000 0.000000000 0.000000000 0.907701850 -0.012138070 0.419440120 0.484499385 0.021086313 0.999638081 -0.016704189 -0.080460797 -0.419085592 0.024006870 0.907629311 -0.321055809
0 0.515012657 0.915578142 0.500000000 0.500000000 0.000000000 0.000000000 0.905127227 -0.012336858 0.424961805 0.494825477 0.021559518 0.999624729 -0.016900055 -0.079557386 -0.424593836 0.024458671 0.905053496 -0.335235965
0 0.515012657 0.915578142 0.500000000 0.500000000 0.000000000 0.000000000 0.902531087 -0.012560712 0.430441469 0.503949148 0.022031326 0.999612331 -0.017024646 -0.079512670 -0.430060744 0.024848469 0.902457952 -0.347632458
0 0.515012657 0.915578142 0.500000000 0.500000000 0.000000000 0.000000000 0.899886608 -0.012728690 0.435938150 0.512761181 0.022326257 0.999607861 -0.016900104 -0.080296521 -0.435552120 0.024941044 0.899817944 -0.361115354
0 0.515012657 0.915578142 0.500000000 0.500000000 0.000000000 0.000000000 0.897231638 -0.012530535 0.441382289 0.521718375 0.022219436 0.999612153 -0.016788863 -0.082620240 -0.441000730 0.024870764 0.897162080 -0.374472865
0 0.515012657 0.915578142 0.500000000 0.500000000 0.000000000 0.000000000 0.894432127 -0.012483067 0.447029442 0.528903453 0.022294525 0.999612033 -0.016694015 -0.084526886 -0.446647614 0.024897972 0.894363463 -0.386170104
0 0.515012657 0.915578142 0.500000000 0.500000000 0.000000000 0.000000000 0.891763866 -0.012843977 0.452318758 0.538567664 0.022974225 0.999593019 -0.016910275 -0.083421922 -0.451917470 0.025471644 0.891696036 -0.400773450
0 0.515012657 0.915578142 0.500000000 0.500000000 0.000000000 0.000000000 0.888901830 -0.013015542 0.457912743 0.545606891 0.023320911 0.999585867 -0.016858779 -0.083988416 -0.457503676 0.025664741 0.888837278 -0.413529859
0 0.515012657 0.915578142 0.500000000 0.500000000 0.000000000 0.000000000 0.886024892 -0.013009023 0.463455111 0.552231470 0.023385840 0.999587834 -0.016650531 -0.085773994 -0.463047504 0.025591072 0.885963976 -0.426109342
0 0.515012657 0.915578142 0.500000000 0.500000000 0.000000000 0.000000000 0.882963777 -0.013360074 0.469251007 0.557778411 0.024063846 0.999568880 -0.016820829 -0.084765483 -0.468823969 0.026144166 0.882904589 -0.440264138
0 0.515012657 0.915578142 0.500000000 0.500000000 0.000000000 0.000000000 0.880277038 -0.013692217 0.474262476 0.567226103 0.024556087 0.999558628 -0.016720669 -0.084962676 -0.473824203 0.026364850 0.880224705 -0.455298527
0 0.515012657 0.915578142 0.500000000 0.500000000 0.000000000 0.000000000 0.877213657 -0.013452512 0.479911625 0.572650598 0.024289178 0.999570787 -0.016378142 -0.087939752 -0.479485333 0.026023788 0.877163947 -0.468399087
0 0.515012657 0.915578142 0.500000000 0.500000000 0.000000000 0.000000000 0.874396026 -0.013991336 0.485011160 0.581407047 0.025232824 0.999542832 -0.016656401 -0.085670639 -0.484556377 0.026802491 0.874349296 -0.482504912
0 0.515012657 0.915578142 0.500000000 0.500000000 0.000000000 0.000000000 0.871488512 -0.014041446 0.490214825 0.588830285 0.025395129 0.999541044 -0.016516354 -0.087168151 -0.489757925 0.026842881 0.871445119 -0.497788379
0 0.515012657 0.915578142 0.500000000 0.500000000 0.000000000 0.000000000 0.868314087 -0.013940518 0.495818824 0.592144308 0.025412790 0.999542475 -0.016401444 -0.088469251 -0.495363325 0.026841743 0.868271112 -0.511001754
0 0.515012657 0.915578142 0.500000000 0.500000000 0.000000000 0.000000000 0.865175962 -0.013904275 0.501275599 0.596740335 0.025568191 0.999538481 -0.016404400 -0.089102558 -0.500816107 0.027009401 0.865132153 -0.525115191
0 0.515012657 0.915578142 0.500000000 0.500000000 0.000000000 0.000000000 0.862049758 -0.014025824 0.506629527 0.600716200 0.026031427 0.999522924 -0.016622113 -0.087783565 -0.506154716 0.027517378 0.862003624 -0.537547422
0 0.515012657 0.915578142 0.500000000 0.500000000 0.000000000 0.000000000 0.859195352 -0.014176404 0.511451185 0.608891002 0.026198179 0.999523759 -0.016305955 -0.089723683 -0.510976493 0.027409092 0.859157622 -0.552533612
0 0.515012657 0.915578142 0.500000000 0.500000000 0.000000000 0.000000000 0.856071293 -0.014052494 0.516666710 0.613332976 0.025853699 0.999543190 -0.015651355 -0.094104007 -0.516210794 0.026756421 0.856043518 -0.565804386
0 0.515012657 0.915578142 0.500000000 0.500000000 0.000000000 0.000000000 0.852878392 -0.013943274 0.521923363 0.617210126 0.025983272 0.999538183 -0.015756598 -0.094812959 -0.521462679 0.026999738 0.852846801 -0.580728787
0 0.515012657 0.915578142 0.500000000 0.500000000 0.000000000 0.000000000 0.849466264 -0.014090447 0.527454734 0.619164916 0.026407123 0.999525964 -0.015827317 -0.093986892 -0.526981711 0.027373334 0.849435687 -0.596167812
0 0.515012657 0.915578142 0.500000000 0.500000000 0.000000000 0.000000000 0.846183121 -0.014231458 0.532702208 0.622692060 0.026759960 0.999516964 -0.015804783 -0.093936437 -0.532219946 0.027628828 0.846155167 -0.611213738
0 0.515012657 0.915578142 0.500000000 0.500000000 0.000000000 0.000000000 0.842734218 -0.014218558 0.538142025 0.625082741 0.026907064 0.999514222 -0.015727919 -0.094532444 -0.537656963 0.027734278 0.842707396 -0.628681583
0 0.515012657 0.915578142 0.500000000 0.500000000 0.000000000 0.000000000 0.839413047 -0.014491180 0.543300807 0.629260317 0.027261751 0.999508739 -0.015460693 -0.095249711 -0.542809904 0.027789239 0.839395761 -0.646983774
0 0.515012657 0.915578142 0.500000000 0.500000000 0.000000000 0.000000000 0.836058438 -0.014282907 0.548454463 0.632143482 0.026774984 0.999532163 -0.014785594 -0.099628306 -0.547986686 0.027046481 0.836049676 -0.663803517
0 0.515012657 0.915578142 0.500000000 0.500000000 0.000000000 0.000000000 0.832351565 -0.014366345 0.554061830 0.632332353 0.026911970 0.999532461 -0.014512086 -0.100984483 -0.553594291 0.026990052 0.832349002 -0.682089904
0 0.515012657 0.915578142 0.500000000 0.500000000 0.000000000 0.000000000 0.828602314 -0.014640293 0.559646249 0.632628636 0.027488401 0.999516189 -0.014551587 -0.099583634 -0.559162438 0.027441258 0.828603864 -0.701340079
0 0.515012657 0.915578142 0.500000000 0.500000000 0.000000000 0.000000000 0.824916959 -0.014697567 0.565062821 0.633657282 0.027343994 0.999529183 -0.013920362 -0.102403871 -0.564592183 0.026934218 0.824930429 -0.721316270
0 0.515012657 0.915578142 0.500000000 0.500000000 0.000000000 0.000000000 0.821278930 -0.014675181 0.570338130 0.634776435 0.027336011 0.999533176 -0.013644816 -0.104001844 -0.569871604 0.026796969 0.821296692 -0.740420512
0 0.515012657 0.915578142 0.500000000 0.500000000 0.000000000 0.000000000 0.817625701 -0.014755726 0.575560987 0.635468517 0.027650796 0.999524355 -0.013655016 -0.103584286 -0.575085759 0.027079411 0.817644835 -0.759577902
0 0.515012657 0.915578142 0.500000000 0.500000000 0.000000000 0.000000000 0.813882470 -0.014437236 0.580850124 0.634304335 0.027080435 0.999547422 -0.013100780 -0.107300970 -0.580398083 0.026392169 0.813905060 -0.776814967
0 0.515012657 0.915578142 0.500000000 0.500000000 0.000000000 0.000000000 0.810643017 -0.014013494 0.585373044 0.636850978 0.026472973 0.999568462 -0.012731511 -0.111810435 -0.584941983 0.025817273 0.810664117 -0.793472134
0 0.515012657 0.915578142 0.500000000 0.500000000 0.000000000 0.000000000 0.806874216 -0.013707133 0.590564251 0.634645779 0.025969375 0.999587297 -0.012280702 -0.115181080 -0.590152204 0.025245566 0.806897163 -0.810160488
0 0.515012657 0.915578142 0.500000000 0.500000000 0.000000000 0.000000000 0.803449869 -0.013243750 0.595225096 0.634785239 0.025347628 0.999606967 -0.011973626 -0.118952926 -0.594832599 0.024707751 0.803469777 -0.826504310
0 0.515012657 0.915578142 0.500000000 0.500000000 0.000000000 0.000000000 0.799962401 -0.013211505 0.599904656 0.634529607 0.025447147 0.999605119 -0.011919350 -0.119592365 -0.599510252 0.024800895 0.799982727 -0.843090437
0 0.515012657 0.915578142 0.500000000 0.500000000 0.000000000 0.000000000 0.796502769 -0.012780214 0.604499817 0.633406612 0.024782626 0.999626458 -0.011520251 -0.123779222 -0.604126811 0.024157004 0.796521962 -0.859478871
0 0.515012657 0.915578142 0.500000000 0.500000000 0.000000000 0.000000000 0.792824328 -0.012539355 0.609321237 0.631014763 0.024342163 0.999642074 -0.011101194 -0.127183875 -0.608963907 0.023633493 0.792845786 -0.875904945
0 0.515012657 0.915578142 0.500000000 0.500000000 0.000000000 0.000000000 0.789579272 -0.012375360 0.613523781 0.631376144 0.024012769 0.999653995 -0.010739447 -0.129954899 -0.613178611 0.023212049 0.789603174 -0.891988406
0 0.515012657 0.915578142 0.500000000 0.500000000 0.000000000 0.000000000 0.786153793 -0.012083598 0.617912769 0.629834303 0.023594001 0.999666810 -0.010469020 -0.132927055 -0.617580414 0.022809295 0.786176920 -0.909228661
0 0.515012657 0.915578142 0.500000000 0.500000000 0.000000000 0.000000000 0.782382131 -0.011817450 0.622686505 0.625967660 0.022969875 0.999687254 -0.009888550 -0.137052923 -0.622374952 0.022039657 0.782408893 -0.926339557
0 0.515012657 0.915578142 0.500000000 0.500000000 0.000000000 0.000000000 0.778915226 -0.011997958 0.627014458 0.624312065 0.023249088 0.999682128 -0.009752447 -0.136938716 -0.626698136 0.022173844 0.778946579 -0.944164302
0 0.515012657 0.915578142 0.500000000 0.500000000 0.000000000 0.000000000 0.775289357 -0.012051504 0.631491184 0.621233855 0.023217516 0.999686003 -0.009426216 -0.138357099 -0.631179333 0.021969702 0.775325716 -0.962553461
0 0.515012657 0.915578142 0.500000000 0.500000000 0.000000000 0.000000000 0.771449864 -0.012646288 0.636164427 0.616287448 0.024198961 0.999662280 -0.009472816 -0.135448824 -0.635829747 0.022702320 0.771495342 -0.980774546
0 0.515012657 0.915578142 0.500000000 0.500000000 0.000000000 0.000000000 0.767957985 -0.012876521 0.640370786 0.612927864 0.024485299 0.999657273 -0.009262716 -0.135588217 -0.640032053 0.022793047 0.768010080 -0.997940780
