0 0.506401970 0.900270167 0.500000000 0.500000000 0.000000000 0.000000000 0.408044100 -0.090041332 0.908511162 -0.595518410 0.162596434 0.986382663 0.024731334 0.587522170 -0.898366511 0.137629196 0.417128026 -1.581873947
0 0.506401970 0.900270167 0.500000000 0.500000000 0.000000000 0.000000000 0.405147851 -0.090102792 0.909800351 -0.596406115 0.163108334 0.986290276 0.025043426 0.589862871 -0.899583757 0.138249725 0.414289892 -1.584023128
0 0.506401970 0.900270167 0.500000000 0.500000000 0.000000000 0.000000000 0.402275920 -0.090235375 0.911060750 -0.597204087 0.163442329 0.986222982 0.025512336 0.591317634 -0.900811136 0.138642892 0.411482036 -1.586287751
0 0.506401970 0.900270167 0.500000000 0.500000000 0.000000000 0.000000000 0.399575979 -0.090363607 0.912235439 -0.598253920 0.163843691 0.986145794 0.025918404 0.593296648 -0.901939154 0.139107645 0.408845663 -1.588507280
0 0.506401970 0.900270167 0.500000000 0.500000000 0.000000000 0.000000000 0.396985203 -0.090521343 0.913350224 -0.598899719 0.164250135 0.986067057 0.026337370 0.595063132 -0.903008640 0.139562353 0.406322151 -1.590663683
0 0.506401970 0.900270167 0.500000000 0.500000000 0.000000000 0.000000000 0.394262820 -0.090591758 0.914521694 -0.600199316 0.164735928 0.985977590 0.026650203 0.597460747 -0.904112220 0.140147403 0.403658032 -1.592723889
0 0.506401970 0.900270167 0.500000000 0.500000000 0.000000000 0.000000000 0.391542077 -0.090661950 0.915682912 -0.601481549 0.165302604 0.985875189 0.026929021 0.600118526 -0.905190527 0.140820920 0.400998265 -1.594740781
0 0.506401970 0.900270167 0.500000000 0.500000000 0.000000000 0.000000000 0.388776094 -0.090591326 0.916867673 -0.602951999 0.165933892 0.985766113 0.027038496 0.603037753 -0.906266570 0.141627505 0.398274481 -1.596944559
0 0.506401970 0.900270167 0.500000000 0.500000000 0.000000000 0.000000000 0.386153042 -0.090621442 0.917972565 -0.604543283 0.166756496 0.985624194 0.027152399 0.606756938 -0.907236516 0.142592892 0.395713478 -1.599112066
0 0.506401970 0.900270167 0.500000000 0.500000000 0.000000000 0.000000000 0.383506477 -0.090555638 0.919087827 -0.606245220 0.167296171 0.985528767 0.027294485 0.609838182 -0.908259213 0.143292263 0.393106282 -1.601579766
0 0.506401970 0.900270167 0.500000000 0.500000000 0.000000000 0.000000000 0.380732983 -0.090492092 0.920246482 -0.608420520 0.167632952 0.985464454 0.027550602 0.612348750 -0.909363270 0.143774211 0.390368283 -1.603662781
0 0.506401970 0.900270167 0.500000000 0.500000000 0.000000000 0.000000000 0.377905518 -0.090434231 0.921416879 -0.611545617 0.168151617 0.985370576 0.027746186 0.615861844 -0.910446286 0.144452304 0.387583613 -1.605549032
0 0.506401970 0.900270167 0.500000000 0.500000000 0.000000000 0.000000000 0.375425696 -0.090474539 0.922426105 -0.614195719 0.168735698 0.985264599 0.027962830 0.619005849 -0.911363721 0.145148247 0.385159910 -1.607450239
0 0.506401970 0.900270167 0.500000000 0.500000000 0.000000000 0.000000000 0.373024702 -0.090385869 0.923408329 -0.616507887 0.169500560 0.985133529 0.027955405 0.622789648 -0.912207305 0.146090165 0.382799596 -1.609053757
0 0.506401970 0.900270167 0.500000000 0.500000000 0.000000000 0.000000000 0.370465994 -0.090298295 0.924446404 -0.620092514 0.170255080 0.985002577 0.027984679 0.626650965 -0.913109064 0.147024333 0.380283684 -1.610820962
0 0.506401970 0.900270167 0.500000000 0.500000000 0.000000000 0.000000000 0.368266433 -0.090250440 0.925329506 -0.622851875 0.170833915 0.984899879 0.028071353 0.630703028 -0.913890362 0.147739932 0.378123403 -1.612757203
0 0.506401970 0.900270167 0.500000000 0.500000000 0.000000000 0.000000000 0.365711510 -0.090073131 0.926359475 -0.626567829 0.171172515 0.984837890 0.028183090 0.634460481 -0.914852500 0.148260415 0.375584602 -1.614422122
0 0.506401970 0.900270167 0.500000000 0.500000000 0.000000000 0.000000000 0.363093376 -0.090016827 0.927394271 -0.630538359 0.171495169 0.984774292 0.028442586 0.637561445 -0.915834367 0.148716331 0.373002499 -1.615958795
0 0.506401970 0.900270167 0.500000000 0.500000000 0.000000000 0.000000000 0.360682100 -0.089951061 0.928341091 -0.634351367 0.172102347 0.984665453 0.028542813 0.641710896 -0.916672885 0.149474800 0.370631993 -1.617335692
0 0.506401970 0.900270167 0.500000000 0.500000000 0.000000000 0.000000000 0.358234286 -0.089972675 0.929286361 -0.638407510 0.172792897 0.984539628 0.028711621 0.645702988 -0.917502463 0.150288597 0.368242502 -1.618431307
0 0.506401970 0.900270167 0.500000000 0.500000000 0.000000000 0.000000000 0.355903178 -0.089918487 0.930186868 -0.642973449 0.173435926 0.984423876 0.028802291 0.649858390 -0.918288052 0.151076987 0.365954697 -1.619568734
0 0.506401970 0.900270167 0.500000000 0.500000000 0.000000000 0.000000000 0.353892863 -0.089977071 0.930947900 -0.646596681 0.173981741 0.984321833 0.028997859 0.653881969 -0.918961465 0.151705801 0.363998830 -1.620370100
0 0.506401970 0.900270167 0.500000000 0.500000000 0.000000000 0.000000000 0.351731420 -0.089916073 0.931772590 -0.650608555 0.174588427 0.984212220 0.029071754 0.658080925 -0.919675946 0.152451262 0.361876667 -1.620857092
0 0.506401970 0.900270167 0.500000000 0.500000000 0.000000000 0.000000000 0.349748492 -0.089981936 0.932512343 -0.654429233 0.175254285 0.984089255 0.029227858 0.661885606 -0.920305371 0.153204381 0.359953433 -1.621539479
0 0.506401970 0.900270167 0.500000000 0.500000000 0.000000000 0.000000000 0.347779721 -0.089965664 0.933249950 -0.658327095 0.175923079 0.983967900 0.029296376 0.666237232 -0.920923650 0.153991520 0.358031094 -1.621992664
0 0.506401970 0.900270167 0.500000000 0.500000000 0.000000000 0.000000000 0.345560521 -0.089992233 0.934071362 -0.662013438 0.176313102 0.983890057 0.029564781 0.669349168 -0.921684086 0.154472589 0.355860382 -1.622098665
0 0.506401970 0.900270167 0.500000000 0.500000000 0.000000000 0.000000000 0.343456835 -0.089961544 0.934849918 -0.665721486 0.176997885 0.983764768 0.029640976 0.673561128 -0.922338963 0.155286059 0.353803754 -1.621954134
0 0.506401970 0.900270167 0.500000000 0.500000000 0.000000000 0.000000000 0.341525227 -0.090059228 0.935547888 -0.668754145 0.177858487 0.983606040 0.029757580 0.677898453 -0.922890484 0.156232163 0.351944089 -1.621476091
0 0.506401970 0.900270167 0.500000000 0.500000000 0.000000000 0.000000000 0.339278787 -0.090081163 0.936362803 -0.672147501 0.178823918 0.983429253 0.029814607 0.682665322 -0.923532307 0.157328606 0.349765360 -1.620590231
0 0.506401970 0.900270167 0.500000000 0.500000000 0.000000000 0.000000000 0.337016106 -0.090151206 0.937172830 -0.675611179 0.179714903 0.983262479 0.029957633 0.687396912 -0.924187601 0.158327714 0.347576797 -1.619570253
0 0.506401970 0.900270167 0.500000000 0.500000000 0.000000000 0.000000000 0.334925294 -0.090210296 0.937916398 -0.678449293 0.180390194 0.983133137 0.030142868 0.691769039 -0.924815893 0.159095317 0.345549196 -1.618785264
0 0.506401970 0.900270167 0.500000000 0.500000000 0.000000000 0.000000000 0.332734853 -0.090281606 0.938688815 -0.681394499 0.180798307 0.983048379 0.030460877 0.695776918 -0.925526619 0.159577951 0.343417227 -1.618048903
0 0.506401970 0.900270167 0.500000000 0.500000000 0.000000000 0.000000000 0.330597103 -0.090397231 0.939432740 -0.683812818 0.181015283 0.982995152 0.030887689 0.699060611 -0.926249981 0.159840301 0.341338634 -1.617317756
0 0.506401970 0.900270167 0.500000000 0.500000000 0.000000000 0.000000000 0.328383356 -0.090396173 0.940208972 -0.686455158 0.181476146 0.982902884 0.031117454 0.703171563 -0.926946998 0.160407051 0.339173704 -1.616378703
0 0.506401970 0.900270167 0.500000000 0.500000000 0.000000000 0.000000000 0.326198965 -0.090425186 0.940966249 -0.689210491 0.181963727 0.982804894 0.031365559 0.706701983 -0.927622437 0.160990313 0.337044030 -1.615355064
0 0.506401970 0.900270167 0.500000000 0.500000000 0.000000000 0.000000000 0.324295402 -0.090614460 0.941605806 -0.691275376 0.182549089 0.982685685 0.031696599 0.710482106 -0.928174734 0.161610231 0.335222036 -1.614383311
0 0.506401970 0.900270167 0.500000000 0.500000000 0.000000000 0.000000000 0.322381645 -0.090607807 0.942263365 -0.693514250 0.183101892 0.982578218 0.031838838 0.714853351 -0.928732336 0.162265956 0.333355635 -1.613352158
0 0.506401970 0.900270167 0.500000000 0.500000000 0.000000000 0.000000000 0.320343703 -0.090615921 0.942957401 -0.695931320 0.183642164 0.982471347 0.032025762 0.719289066 -0.929330647 0.162907496 0.331369430 -1.611983874
0 0.506401970 0.900270167 0.500000000 0.500000000 0.000000000 0.000000000 0.318431735 -0.090686947 0.943597972 -0.698401904 0.184223235 0.982355416 0.032242853 0.723662899 -0.929872572 0.163565531 0.329519778 -1.610790286
0 0.506401970 0.900270167 0.500000000 0.500000000 0.000000000 0.000000000 0.316722572 -0.090761982 0.944165826 -0.700451296 0.184848309 0.982232392 0.032413509 0.728209855 -0.930332124 0.164261356 0.327872366 -1.609430210
0 0.506401970 0.900270167 0.500000000 0.500000000 0.000000000 0.000000000 0.314933956 -0.090756372 0.944764435 -0.702630566 0.185639247 0.982081711 0.032458961 0.732938308 -0.930781782 0.165162936 0.326138824 -1.607808597
0 0.506401970 0.900270167 0.500000000 0.500000000 0.000000000 0.000000000 0.313270181 -0.090842076 0.945309222 -0.705118712 0.186423376 0.981929123 0.032581497 0.737412830 -0.931186378 0.166020930 0.324544191 -1.606596171
0 0.506401970 0.900270167 0.500000000 0.500000000 0.000000000 0.000000000 0.311841637 -0.090777971 0.945787609 -0.706392558 0.187035918 0.981813073 0.032566939 0.742348223 -0.931542993 0.166740522 0.323148966 -1.605090148
0 0.506401970 0.900270167 0.500000000 0.500000000 0.000000000 0.000000000 0.310063303 -0.090772793 0.946372569 -0.708718843 0.187429741 0.981731713 0.032756064 0.746038568 -0.932057321 0.167221919 0.321412504 -1.603654647
0 0.506401970 0.900270167 0.500000000 0.500000000 0.000000000 0.000000000 0.308486283 -0.090811916 0.946884036 -0.710338863 0.188150033 0.981590986 0.032842942 0.750679588 -0.932435393 0.168024674 0.319893628 -1.601734698
0 0.506401970 0.900270167 0.500000000 0.500000000 0.000000000 0.000000000 0.307098240 -0.090862647 0.947330296 -0.711136811 0.189011335 0.981424928 0.032860577 0.755704989 -0.932719350 0.168964744 0.318567932 -1.599766006
0 0.506401970 0.900270167 0.500000000 0.500000000 0.000000000 0.000000000 0.305457115 -0.091004632 0.947847068 -0.712727705 0.189818233 0.981263101 0.033041365 0.760248341 -0.933094323 0.169825941 0.317008138 -1.597613082
0 0.506401970 0.900270167 0.500000000 0.500000000 0.000000000 0.000000000 0.303893238 -0.091010101 0.948349118 -0.714317643 0.190612957 0.981108010 0.033073001 0.765503711 -0.933442891 0.170716971 0.315499783 -1.595579327
0 0.506401970 0.900270167 0.500000000 0.500000000 0.000000000 0.000000000 0.302287698 -0.091066100 0.948856771 -0.716138534 0.191228107 0.980983019 0.033227775 0.770546430 -0.933838308 0.171403736 0.313953489 -1.593672481
0 0.506401970 0.900270167 0.500000000 0.500000000 0.000000000 0.000000000 0.300998122 -0.091112047 0.949262202 -0.716588611 0.191752911 0.980876625 0.033344224 0.775691453 -0.934147179 0.171987236 0.312713027 -1.591979303
0 0.506401970 0.900270167 0.500000000 0.500000000 0.000000000 0.000000000 0.299574107 -0.091117866 0.949711978 -0.718056909 0.192120358 0.980799496 0.033498652 0.780631040 -0.934529364 0.172423676 0.311327726 -1.590596733
0 0.506401970 0.900270167 0.500000000 0.500000000 0.000000000 0.000000000 0.298215032 -0.091142669 0.950137258 -0.719478294 0.192470744 0.980724990 0.033666957 0.785446424 -0.934891880 0.172833636 0.310009241 -1.589352494
0 0.506401970 0.900270167 0.500000000 0.500000000 0.000000000 0.000000000 0.297183514 -0.091175005 0.950457275 -0.720219207 0.192875430 0.980642200 0.033763386 0.790709753 -0.935136914 0.173285931 0.309016109 -1.588260698
0 0.506401970 0.900270167 0.500000000 0.500000000 0.000000000 0.000000000 0.296095729 -0.091267012 0.950787902 -0.720767182 0.193403453 0.980533719 0.033892360 0.796176805 -0.935372889 0.173850268 0.307983220 -1.586841990
0 0.506401970 0.900270167 0.500000000 0.500000000 0.000000000 0.000000000 0.294807076 -0.091267340 0.951188266 -0.721854376 0.193984210 0.980417013 0.033949267 0.801480703 -0.935659587 0.174507022 0.306738287 -1.585181224
0 0.506401970 0.900270167 0.500000000 0.500000000 0.000000000 0.000000000 0.293996543 -0.091369480 0.951429248 -0.722336937 0.194571465 0.980298281 0.034018297 0.806735811 -0.935792685 0.175119728 0.305982202 -1.584084061
0 0.506401970 0.900270167 0.500000000 0.500000000 0.000000000 0.000000000 0.293065786 -0.091387913 0.951714635 -0.722488393 0.195232451 0.980167449 0.034001268 0.812719425 -0.935947001 0.175840974 0.305095434 -1.582345899
0 0.506401970 0.900270167 0.500000000 0.500000000 0.000000000 0.000000000 0.291616470 -0.091264986 0.952171504 -0.723953625 0.195731878 0.980068088 0.033993103 0.817924651 -0.936295271 0.176457360 0.303667486 -1.580452677
0 0.506401970 0.900270167 0.500000000 0.500000000 0.000000000 0.000000000 0.290531337 -0.091396123 0.952490568 -0.725207108 0.196150556 0.979977071 0.034203202 0.822008833 -0.936544955 0.176894441 0.302641451 -1.578948983
0 0.506401970 0.900270167 0.500000000 0.500000000 0.000000000 0.000000000 0.289937675 -0.091433235 0.952667892 -0.724897607 0.196722686 0.979863465 0.034172207 0.826723136 -0.936608970 0.177503571 0.302086353 -1.577248335
0 0.506401970 0.900270167 0.500000000 0.500000000 0.000000000 0.000000000 0.289155304 -0.091466166 0.952902496 -0.725526095 0.197311923 0.979745090 0.034169022 0.831441050 -0.936726868 0.178138867 0.301345855 -1.575639382
0 0.506401970 0.900270167 0.500000000 0.500000000 0.000000000 0.000000000 0.288677275 -0.091530919 0.953041196 -0.725010284 0.198092416 0.979590774 0.034078337 0.836959429 -0.936709583 0.178952605 0.300917178 -1.573565815
0 0.506401970 0.900270167 0.500000000 0.500000000 0.000000000 0.000000000 0.287747562 -0.091488421 0.953326404 -0.725367055 0.198794320 0.979451537 0.033992443 0.841905867 -0.936846912 0.179734617 0.300022155 -1.571184506
0 0.506401970 0.900270167 0.500000000 0.500000000 0.000000000 0.000000000 0.286834985 -0.091431588 0.953606844 -0.726394513 0.199426129 0.979325891 0.033912223 0.846674454 -0.936992466 0.180446908 0.299138755 -1.569076795
0 0.506401970 0.900270167 0.500000000 0.500000000 0.000000000 0.000000000 0.286267936 -0.091538265 0.953766942 -0.727256027 0.199907944 0.979225278 0.033980362 0.851271144 -0.937063217 0.180938110 0.298620015 -1.567505202
0 0.506401970 0.900270167 0.500000000 0.500000000 0.000000000 0.000000000 0.285519421 -0.091420449 0.954002619 -0.727964327 0.200196281 0.979168594 0.033916157 0.856011852 -0.937229991 0.181304052 0.297873676 -1.565339488
0 0.506401970 0.900270167 0.500000000 0.500000000 0.000000000 0.000000000 0.284828484 -0.091401078 0.954210997 -0.729291299 0.200346112 0.979135513 0.033985950 0.860158598 -0.937408209 0.181492299 0.297197521 -1.563497870
0 0.506401970 0.900270167 0.500000000 0.500000000 0.000000000 0.000000000 0.284411073 -0.091444053 0.954331338 -0.729877455 0.200935423 0.979016840 0.033926379 0.865195729 -0.937408805 0.182109937 0.296817571 -1.561395330
0 0.506401970 0.900270167 0.500000000 0.500000000 0.000000000 0.000000000 0.284089059 -0.091509521 0.954420984 -0.730555011 0.201812476 0.978841484 0.033780266 0.871007051 -0.937318027 0.183017462 0.296545923 -1.559114890
0 0.506401970 0.900270167 0.500000000 0.500000000 0.000000000 0.000000000 0.283629477 -0.091482282 0.954560280 -0.731719941 0.202370822 0.978730083 0.033667997 0.876284917 -0.937336862 0.183625907 0.296110034 -1.557173425
0 0.506401970 0.900270167 0.500000000 0.500000000 0.000000000 0.000000000 0.283073395 -0.091369696 0.954736114 -0.733194528 0.202598467 0.978685558 0.033592492 0.881818666 -0.937455773 0.183918923 0.295551211 -1.555328152
0 0.506401970 0.900270167 0.500000000 0.500000000 0.000000000 0.000000000 0.282473952 -0.091320023 0.954918385 -0.734757184 0.202535778 0.978695452 0.033681843 0.886578600 -0.937650084 0.183890894 0.294951558 -1.553276512
0 0.506401970 0.900270167 0.500000000 0.500000000 0.000000000 0.000000000 0.281890035 -0.091321886 0.955090761 -0.735892059 0.202749550 0.978649378 0.033733997 0.891961703 -0.937779605 0.184134945 0.294386983 -1.550684360
0 0.506401970 0.900270167 0.500000000 0.500000000 0.000000000 0.000000000 0.281297475 -0.091248378 0.955272436 -0.737746316 0.203329057 0.978533864 0.033596363 0.898092267 -0.937832117 0.184784070 0.293812543 -1.547903547
0 0.506401970 0.900270167 0.500000000 0.500000000 0.000000000 0.000000000 0.280844331 -0.091225989 0.955407917 -0.739822376 0.204082191 0.978382826 0.033429295 0.904529904 -0.937804282 0.185593307 0.293390870 -1.545328434
0 0.506401970 0.900270167 0.500000000 0.500000000 0.000000000 0.000000000 0.280621827 -0.091220133 0.955473840 -0.741536668 0.204507217 0.978297293 0.033335518 0.910109568 -0.937778354 0.186046615 0.293186754 -1.542882558
0 0.506401970 0.900270167 0.500000000 0.500000000 0.000000000 0.000000000 0.280330122 -0.091237351 0.955557823 -0.742767431 0.204941496 0.978208363 0.033276763 0.916378167 -0.937770784 0.186504975 0.292919576 -1.540289662
0 0.506401970 0.900270167 0.500000000 0.500000000 0.000000000 0.000000000 0.280022591 -0.091228172 0.955648899 -0.744460685 0.205109879 0.978173077 0.033277437 0.921504234 -0.937825859 0.186694592 0.292622358 -1.537646463
0 0.506401970 0.900270167 0.500000000 0.500000000 0.000000000 0.000000000 0.279827863 -0.091179639 0.955710530 -0.745280738 0.205484614 0.978098750 0.033150591 0.927615521 -0.937801898 0.187107354 0.292435288 -1.534671813
0 0.506401970 0.900270167 0.500000000 0.500000000 0.000000000 0.000000000 0.279306233 -0.091098405 0.955870867 -0.747054217 0.206092402 0.977976441 0.032984789 0.933843751 -0.937824070 0.187784865 0.291929603 -1.531156203
0 0.506401970 0.900270167 0.500000000 0.500000000 0.000000000 0.000000000 0.278893799 -0.090986460 0.956001937 -0.748619808 0.206673145 0.977860987 0.032774251 0.940094703 -0.937819004 0.188439399 0.291523814 -1.527282737
