0 0.485402654 0.862938086 0.500000000 0.500000000 0.000000000 0.000000000 0.998274267 0.004808186 -0.058526929 0.066056535 -0.005031679 0.999980628 -0.003671866 0.017744660 0.058508139 0.003960018 0.998279095 -0.276458369
0 0.485402654 0.862938086 0.500000000 0.500000000 0.000000000 0.000000000 0.998068750 0.005004386 -0.061917141 0.071196551 -0.005248082 0.999979079 -0.003773834 0.018795723 0.061896961 0.004091491 0.998074174 -0.287060484
0 0.485402654 0.862938086 0.500000000 0.500000000 0.000000000 0.000000000 0.997856677 0.005187545 -0.065231189 0.076307716 -0.005450858 0.999977708 -0.003859279 0.019872684 0.065209717 0.004206573 0.997862697 -0.297686908
0 0.485402654 0.862938086 0.500000000 0.500000000 0.000000000 0.000000000 0.997632742 0.005342240 -0.068559192 0.081238579 -0.005620740 0.999976695 -0.003869929 0.020729904 0.068536922 0.004246122 0.997639537 -0.307589257
0 0.485402654 0.862938086 0.500000000 0.500000000 0.000000000 0.000000000 0.997403622 0.005536571 -0.071801208 0.086074892 -0.005835054 0.999975204 -0.003947993 0.021856972 0.071777567 0.004356707 0.997411132 -0.318075088
0 0.485402654 0.862938086 0.500000000 0.500000000 0.000000000 0.000000000 0.997161686 0.005722107 -0.075071938 0.090998838 -0.006035152 0.999974012 -0.003943746 0.022639171 0.075047418 0.004385623 0.997170329 -0.328103493
0 0.485402654 0.862938086 0.500000000 0.500000000 0.000000000 0.000000000 0.996930838 0.006007367 -0.078056410 0.095424995 -0.006337021 0.999971986 -0.003976265 0.023581034 0.078030340 0.004458706 0.996941030 -0.338877975
0 0.485402654 0.862938086 0.500000000 0.500000000 0.000000000 0.000000000 0.996678770 0.006229410 -0.081195086 0.100049183 -0.006572119 0.999970615 -0.003954243 0.024098873 0.081168070 0.004474734 0.996690392 -0.348856999
0 0.485402654 0.862938086 0.500000000 0.500000000 0.000000000 0.000000000 0.996417642 0.006558823 -0.084313929 0.104750307 -0.006898602 0.999969184 -0.003739224 0.024486201 0.084286809 0.004307477 0.996432245 -0.359051048
0 0.485402654 0.862938086 0.500000000 0.500000000 0.000000000 0.000000000 0.996155143 0.006854492 -0.087338172 0.109207683 -0.007190293 0.999967933 -0.003530809 0.024634645 0.087311171 0.004145220 0.996172488 -0.369187044
0 0.485402654 0.862938086 0.500000000 0.500000000 0.000000000 0.000000000 0.995887756 0.007199113 -0.090309359 0.113874514 -0.007525529 0.999966323 -0.003274433 0.024780889 0.090282746 0.003940593 0.995908380 -0.379851829
0 0.485402654 0.862938086 0.500000000 0.500000000 0.000000000 0.000000000 0.995607734 0.007503676 -0.093321897 0.118613933 -0.007811924 0.999965191 -0.002938186 0.024561453 0.093296602 0.003654304 0.995631635 -0.390012262
0 0.485402654 0.862938086 0.500000000 0.500000000 0.000000000 0.000000000 0.995325863 0.007853027 -0.096253335 0.123166182 -0.008142048 0.999963462 -0.002610311 0.024502647 0.096229315 0.003381809 0.995353460 -0.400829805
0 0.485402654 0.862938086 0.500000000 0.500000000 0.000000000 0.000000000 0.995025992 0.008208900 -0.099276699 0.127907331 -0.008467411 0.999961793 -0.002182871 0.024051620 0.099254988 0.003012630 0.995057464 -0.411816385
0 0.485402654 0.862938086 0.500000000 0.500000000 0.000000000 0.000000000 0.994725704 0.008581602 -0.102211274 0.132777676 -0.008801610 0.999959826 -0.001701684 0.023564049 0.102192558 0.002592332 0.994761229 -0.422490387
0 0.485402654 0.862938086 0.500000000 0.500000000 0.000000000 0.000000000 0.994412661 0.008847306 -0.105190992 0.137454735 -0.009029305 0.999958456 -0.001254074 0.023069283 0.105175525 0.002196869 0.994451225 -0.433123487
0 0.485402654 0.862938086 0.500000000 0.500000000 0.000000000 0.000000000 0.994090319 0.009146339 -0.108170256 0.142534935 -0.009287015 0.999956548 -0.000796793 0.022722527 0.108158268 0.001796663 0.994132042 -0.444037391
0 0.485402654 0.862938086 0.500000000 0.500000000 0.000000000 0.000000000 0.993754983 0.009402502 -0.111187093 0.147493830 -0.009503675 0.999954760 -0.000379966 0.022362161 0.111178495 0.001434279 0.993799448 -0.454443231
0 0.485402654 0.862938086 0.500000000 0.500000000 0.000000000 0.000000000 0.993425071 0.009661177 -0.114075884 0.152350002 -0.009721166 0.999952734 0.000030425 0.022070212 0.114070788 0.001078726 0.993472040 -0.465735863
0 0.485402654 0.862938086 0.500000000 0.500000000 0.000000000 0.000000000 0.993076563 0.009906354 -0.117050625 0.157385161 -0.009927049 0.999950647 0.000406201 0.021877842 0.117048874 0.000758579 0.993125856 -0.476378818
0 0.485402654 0.862938086 0.500000000 0.500000000 0.000000000 0.000000000 0.992724419 0.010138885 -0.119980879 0.162544212 -0.010119624 0.999948502 0.000769830 0.021818155 0.119982503 0.000449932 0.992775917 -0.487199906
0 0.485402654 0.862938086 0.500000000 0.500000000 0.000000000 0.000000000 0.992379427 0.010401297 -0.122779615 0.167209557 -0.010350620 0.999945879 0.001050597 0.021925339 0.122783899 0.000228255 0.992433429 -0.498081525
0 0.485402654 0.862938086 0.500000000 0.500000000 0.000000000 0.000000000 0.992018700 0.010600042 -0.125644371 0.172361424 -0.010519014 0.999943793 0.001308361 0.022185575 0.125651181 0.000023737 0.992074490 -0.508782051
0 0.485402654 0.862938086 0.500000000 0.500000000 0.000000000 0.000000000 0.991652310 0.010813810 -0.128486380 0.177301024 -0.010708447 0.999941528 0.001510832 0.022583562 0.128495201 -0.000122331 0.991710126 -0.518961690
0 0.485402654 0.862938086 0.500000000 0.500000000 0.000000000 0.000000000 0.991284609 0.011027130 -0.131275281 0.182277961 -0.010893247 0.999939144 0.001737958 0.022940198 0.131286457 -0.000292797 0.991344452 -0.529423229
0 0.485402654 0.862938086 0.500000000 0.500000000 0.000000000 0.000000000 0.990906060 0.011219502 -0.134087071 0.187124945 -0.011048642 0.999936938 0.002018306 0.023075453 0.134101272 -0.000518471 0.990967512 -0.539551286
0 0.485402654 0.862938086 0.500000000 0.500000000 0.000000000 0.000000000 0.990524769 0.011396280 -0.136860445 0.192124186 -0.011203013 0.999934852 0.002182334 0.023611154 0.136876404 -0.000628406 0.990587950 -0.549801488
0 0.485402654 0.862938086 0.500000000 0.500000000 0.000000000 0.000000000 0.990131497 0.011532369 -0.139666110 0.197128892 -0.011316863 0.999933243 0.002337116 0.024039869 0.139683738 -0.000733470 0.990195870 -0.559660032
0 0.485402654 0.862938086 0.500000000 0.500000000 0.000000000 0.000000000 0.989731908 0.011837672 -0.142445058 0.202327411 -0.011584083 0.999929488 0.002609438 0.024318397 0.142465904 -0.000932549 0.989799261 -0.570006426
0 0.485402654 0.862938086 0.500000000 0.500000000 0.000000000 0.000000000 0.989326060 0.011992948 -0.145224303 0.207654528 -0.011719483 0.999927580 0.002738448 0.024887142 0.145246640 -0.001007265 0.989394963 -0.579825865
0 0.485402654 0.862938086 0.500000000 0.500000000 0.000000000 0.000000000 0.988915861 0.012265303 -0.147969440 0.213054950 -0.011976946 0.999924242 0.002839653 0.025585788 0.147993058 -0.001035956 0.988987863 -0.590456456
0 0.485402654 0.862938086 0.500000000 0.500000000 0.000000000 0.000000000 0.988484561 0.012406317 -0.150812432 0.218560722 -0.012080236 0.999922276 0.003078166 0.025826957 0.150838897 -0.001220870 0.988557577 -0.600305256
0 0.485402654 0.862938086 0.500000000 0.500000000 0.000000000 0.000000000 0.988036990 0.012508002 -0.153708950 0.224446232 -0.012157162 0.999920905 0.003222236 0.026265872 0.153737098 -0.001315023 0.988110900 -0.610477892
0 0.485402654 0.862938086 0.500000000 0.500000000 0.000000000 0.000000000 0.987569213 0.012630787 -0.156676322 0.230279300 -0.012244483 0.999919176 0.003430581 0.026584765 0.156706974 -0.001469516 0.987644076 -0.620382450
0 0.485402654 0.862938086 0.500000000 0.500000000 0.000000000 0.000000000 0.987083733 0.012751098 -0.159697041 0.236666719 -0.012329867 0.999917388 0.003628329 0.026861563 0.159730107 -0.001612422 0.987159431 -0.630605277
0 0.485402654 0.862938086 0.500000000 0.500000000 0.000000000 0.000000000 0.986578524 0.012921374 -0.162775323 0.243228049 -0.012454712 0.999914885 0.003887091 0.026955867 0.162811697 -0.001807601 0.986655533 -0.640074417
0 0.485402654 0.862938086 0.500000000 0.500000000 0.000000000 0.000000000 0.986084521 0.012968480 -0.165738165 0.249720650 -0.012465208 0.999913990 0.004076404 0.027438185 0.165776774 -0.001953718 0.986161351 -0.650462457
0 0.485402654 0.862938086 0.500000000 0.500000000 0.000000000 0.000000000 0.985558212 0.013201868 -0.168821469 0.256547645 -0.012640608 0.999910414 0.004398913 0.027232450 0.168864429 -0.002201379 0.985636830 -0.660290830
0 0.485402654 0.862938086 0.500000000 0.500000000 0.000000000 0.000000000 0.985027373 0.013353577 -0.171880126 0.263380758 -0.012753143 0.999908090 0.004597133 0.027658191 0.171925724 -0.002336290 0.985107124 -0.669787240
0 0.485402654 0.862938086 0.500000000 0.500000000 0.000000000 0.000000000 0.984474480 0.013498008 -0.175007850 0.270370133 -0.012829582 0.999905467 0.004950268 0.027602270 0.175058126 -0.002628135 0.984554589 -0.678931517
0 0.485402654 0.862938086 0.500000000 0.500000000 0.000000000 0.000000000 0.983905673 0.013781496 -0.178156406 0.277767894 -0.013061863 0.999901116 0.005211665 0.028085825 0.178210616 -0.002800732 0.983988404 -0.688355066
0 0.485402654 0.862938086 0.500000000 0.500000000 0.000000000 0.000000000 0.983308613 0.013954008 -0.181409612 0.285294095 -0.013168316 0.999897957 0.005534796 0.028112571 0.181468338 -0.003053553 0.983392060 -0.697274659
0 0.485402654 0.862938086 0.500000000 0.500000000 0.000000000 0.000000000 0.982726097 0.014222261 -0.184518635 0.292713922 -0.013409983 0.999894142 0.005649371 0.028962381 0.184579447 -0.003077392 0.982812762 -0.706489966
0 0.485402654 0.862938086 0.500000000 0.500000000 0.000000000 0.000000000 0.982118607 0.014369521 -0.187714010 0.300107100 -0.013504277 0.999891460 0.005887471 0.029365790 0.187778249 -0.003247253 0.982206106 -0.715051234
0 0.485402654 0.862938086 0.500000000 0.500000000 0.000000000 0.000000000 0.981511533 0.014620320 -0.190843716 0.307784759 -0.013687535 0.999887049 0.006205055 0.029594739 0.190912873 -0.003478153 0.981600821 -0.724278750
0 0.485402654 0.862938086 0.500000000 0.500000000 0.000000000 0.000000000 0.980899870 0.014832149 -0.193946883 0.315026969 -0.013859808 0.999883652 0.006369474 0.030170770 0.194018796 -0.003559750 0.980991364 -0.733267876
0 0.485402654 0.862938086 0.500000000 0.500000000 0.000000000 0.000000000 0.980270147 0.014981492 -0.197093874 0.322297821 -0.013945950 0.999880672 0.006641035 0.030356334 0.197169855 -0.003761346 0.980362117 -0.741681710
0 0.485402654 0.862938086 0.500000000 0.500000000 0.000000000 0.000000000 0.979637325 0.015236977 -0.200196341 0.329670364 -0.014129174 0.999875963 0.006961274 0.030603095 0.200277567 -0.003990916 0.979731083 -0.750348688
0 0.485402654 0.862938086 0.500000000 0.500000000 0.000000000 0.000000000 0.978998959 0.015454764 -0.203278467 0.336827659 -0.014291940 0.999872029 0.007187147 0.030882720 0.203363538 -0.004130966 0.979094565 -0.758660814
0 0.485402654 0.862938086 0.500000000 0.500000000 0.000000000 0.000000000 0.978359818 0.015802076 -0.206306487 0.344093020 -0.014566464 0.999865711 0.007506850 0.031236362 0.206397414 -0.004339244 0.978458643 -0.767777863
0 0.485402654 0.862938086 0.500000000 0.500000000 0.000000000 0.000000000 0.977692068 0.015919192 -0.209439129 0.351405698 -0.014606925 0.999862790 0.007811020 0.031491018 0.209534734 -0.004577511 0.977790475 -0.775535192
0 0.485402654 0.862938086 0.500000000 0.500000000 0.000000000 0.000000000 0.977043271 0.016203849 -0.212423772 0.358595290 -0.014823452 0.999857426 0.008089417 0.031781155 0.212524548 -0.004754857 0.977144182 -0.784458133
0 0.485402654 0.862938086 0.500000000 0.500000000 0.000000000 0.000000000 0.976379871 0.016485179 -0.215431079 0.365787440 -0.015049980 0.999852300 0.008300776 0.032191562 0.215536088 -0.004862478 0.976483762 -0.792901950
0 0.485402654 0.862938086 0.500000000 0.500000000 0.000000000 0.000000000 0.975717545 0.016701309 -0.218394816 0.372904900 -0.015199069 0.999847889 0.008556839 0.032773376 0.218504503 -0.005029661 0.975822985 -0.801428811
0 0.485402654 0.862938086 0.500000000 0.500000000 0.000000000 0.000000000 0.975045621 0.016832801 -0.221365422 0.379858240 -0.015236013 0.999844134 0.008919050 0.032796186 0.221481055 -0.005323755 0.975150168 -0.809435362
0 0.485402654 0.862938086 0.500000000 0.500000000 0.000000000 0.000000000 0.974364579 0.017166574 -0.224319026 0.387055595 -0.015501808 0.999837697 0.009180563 0.033312596 0.224440217 -0.005467864 0.974472523 -0.818426664
0 0.485402654 0.862938086 0.500000000 0.500000000 0.000000000 0.000000000 0.973695993 0.017331377 -0.227191076 0.393884484 -0.015575795 0.999833405 0.009517979 0.033470347 0.227318183 -0.005728936 0.973803699 -0.826417932
0 0.485402654 0.862938086 0.500000000 0.500000000 0.000000000 0.000000000 0.973018765 0.017574677 -0.230055779 0.400791438 -0.015750242 0.999828279 0.009764488 0.033895471 0.230187878 -0.005877595 0.973128438 -0.835469428
0 0.485402654 0.862938086 0.500000000 0.500000000 0.000000000 0.000000000 0.972334027 0.017843062 -0.232912242 0.407453744 -0.015944110 0.999822557 0.010033366 0.034211435 0.233049929 -0.006042205 0.972446024 -0.843645652
0 0.485402654 0.862938086 0.500000000 0.500000000 0.000000000 0.000000000 0.971657097 0.018052198 -0.235704526 0.414182806 -0.016048629 0.999816954 0.010416135 0.034326598 0.235849410 -0.006338178 0.971768916 -0.852411540
0 0.485402654 0.862938086 0.500000000 0.500000000 0.000000000 0.000000000 0.970949829 0.018224236 -0.238588229 0.421006444 -0.016145773 0.999812782 0.010663087 0.034629627 0.238737881 -0.006501131 0.971062303 -0.860650379
0 0.485402654 0.862938086 0.500000000 0.500000000 0.000000000 0.000000000 0.970250964 0.018466052 -0.241396040 0.427676089 -0.016295545 0.999806881 0.010984925 0.034860502 0.241552263 -0.006724454 0.970364511 -0.869602357
0 0.485402654 0.862938086 0.500000000 0.500000000 0.000000000 0.000000000 0.969520509 0.018659465 -0.244298652 0.434718590 -0.016396929 0.999801815 0.011291952 0.035181426 0.244460925 -0.006942031 0.969634295 -0.877632245
0 0.485402654 0.862938086 0.500000000 0.500000000 0.000000000 0.000000000 0.968798637 0.018890666 -0.247128129 0.441761334 -0.016566878 0.999796867 0.011479306 0.036009102 0.247294769 -0.007026995 0.968914807 -0.886668227
0 0.485402654 0.862938086 0.500000000 0.500000000 0.000000000 0.000000000 0.968065679 0.019029733 -0.249973461 0.448552753 -0.016633816 0.999793291 0.011693926 0.036744028 0.250144333 -0.007162475 0.968182087 -0.894671894
0 0.485402654 0.862938086 0.500000000 0.500000000 0.000000000 0.000000000 0.967332661 0.019211121 -0.252781481 0.455402309 -0.016748110 0.999789000 0.011891983 0.037542460 0.252956599 -0.007269892 0.967450321 -0.903036426
0 0.485402654 0.862938086 0.500000000 0.500000000 0.000000000 0.000000000 0.966607392 0.019358795 -0.255529523 0.462041444 -0.016854407 0.999786079 0.011987103 0.038420228 0.255706936 -0.007280024 0.966726959 -0.910810978
0 0.485402654 0.862938086 0.500000000 0.500000000 0.000000000 0.000000000 0.965883374 0.019601686 -0.258234650 0.468627411 -0.017002508 0.999779880 0.012294759 0.038848513 0.258418798 -0.007484667 0.966004014 -0.919137035
0 0.485402654 0.862938086 0.500000000 0.500000000 0.000000000 0.000000000 0.965140820 0.019767301 -0.260983706 0.475312216 -0.017099069 0.999775767 0.012490666 0.039508323 0.261172086 -0.007592673 0.965262413 -0.926652583
0 0.485402654 0.862938086 0.500000000 0.500000000 0.000000000 0.000000000 0.964403391 0.019869829 -0.263687849 0.481979532 -0.017136002 0.999772966 0.012663833 0.040316230 0.263879627 -0.007694488 0.964524925 -0.934679326
0 0.485402654 0.862938086 0.500000000 0.500000000 0.000000000 0.000000000 0.963647544 0.020048961 -0.266423374 0.488538907 -0.017240459 0.999768436 0.012876468 0.041015174 0.266619861 -0.007815115 0.963770092 -0.942055514
0 0.485402654 0.862938086 0.500000000 0.500000000 0.000000000 0.000000000 0.962899029 0.020180637 -0.269106269 0.495112255 -0.017301226 0.999764919 0.013067549 0.041785008 0.269306719 -0.007926863 0.963021815 -0.949893472
0 0.485402654 0.862938086 0.500000000 0.500000000 0.000000000 0.000000000 0.962100089 0.020411177 -0.271931529 0.502031775 -0.017436752 0.999758840 0.013350248 0.042010926 0.272138447 -0.008102672 0.962224007 -0.957304733
0 0.485402654 0.862938086 0.500000000 0.500000000 0.000000000 0.000000000 0.961296141 0.020699492 -0.274738520 0.509093605 -0.017624531 0.999751389 0.013656453 0.042405221 0.274952888 -0.008285759 0.961421967 -0.964969193
0 0.485402654 0.862938086 0.500000000 0.500000000 0.000000000 0.000000000 0.960460782 0.020883478 -0.277631074 0.516579694 -0.017682835 0.999745250 0.014027567 0.042378880 0.277853280 -0.008563624 0.960585356 -0.972395756
0 0.485402654 0.862938086 0.500000000 0.500000000 0.000000000 0.000000000 0.959655702 0.021170907 -0.280379683 0.523769307 -0.017862113 0.999737442 0.014351501 0.042544246 0.280609906 -0.008764326 0.959781885 -0.980408835
0 0.485402654 0.862938086 0.500000000 0.500000000 0.000000000 0.000000000 0.958784342 0.021385927 -0.283328831 0.531550492 -0.017958974 0.999730825 0.014687480 0.042513484 0.283566684 -0.008993831 0.958910346 -0.987847295
0 0.485402654 0.862938086 0.500000000 0.500000000 0.000000000 0.000000000 0.957926154 0.021656977 -0.286196470 0.539207983 -0.018097449 0.999722540 0.015076873 0.042502470 0.286443591 -0.009263105 0.958052337 -0.995242330
0 0.485402654 0.862938086 0.500000000 0.500000000 0.000000000 0.000000000 0.957026064 0.021913065 -0.289172858 0.547466171 -0.018231375 0.999714911 0.015419551 0.042585102 0.289428324 -0.009484894 0.957152724 -1.002657228
0 0.485402654 0.862938086 0.500000000 0.500000000 0.000000000 0.000000000 0.956131995 0.022323798 -0.292084306 0.555526274 -0.018510818 0.999703646 0.015811855 0.042616202 0.292350709 -0.009711500 0.956261873 -1.010301683
0 0.485402654 0.862938086 0.500000000 0.500000000 0.000000000 0.000000000 0.955208659 0.022451516 -0.295080215 0.563879451 -0.018497750 0.999697924 0.016183812 0.042615152 0.295354426 -0.010000598 0.955335438 -1.017309681
