0 0.485808453 0.863659514 0.500000000 0.500000000 0.000000000 0.000000000 0.973173261 -0.041116696 0.226369560 0.982735492 0.042432625 0.999098897 -0.000948231 0.295819180 -0.226126596 0.010528248 0.974041045 -1.914477808
0 0.485808453 0.863659514 0.500000000 0.500000000 0.000000000 0.000000000 0.973786294 -0.040700864 0.223793864 0.996059494 0.042142861 0.999110222 -0.001668909 0.299704890 -0.223526806 0.011056474 0.974635065 -1.934719105
0 0.485808453 0.863659514 0.500000000 0.500000000 0.000000000 0.000000000 0.974395514 -0.040320572 0.221195981 1.009376442 0.041895427 0.999119043 -0.002430705 0.303120028 -0.220903099 0.011635568 0.975226343 -1.955049655
0 0.485808453 0.863659514 0.500000000 0.500000000 0.000000000 0.000000000 0.974958539 -0.040310487 0.218702719 1.020734847 0.041979186 0.999114037 -0.002986661 0.305753849 -0.218388557 0.012092832 0.975786984 -1.975819303
0 0.485808453 0.863659514 0.500000000 0.500000000 0.000000000 0.000000000 0.975578904 -0.039885368 0.215997458 1.033276379 0.041608337 0.999128103 -0.003433478 0.307093291 -0.215672180 0.012336923 0.976387918 -1.998286812
0 0.485808453 0.863659514 0.500000000 0.500000000 0.000000000 0.000000000 0.976146579 -0.039453328 0.213497713 1.043382314 0.041294977 0.999138296 -0.004171572 0.311058684 -0.213149160 0.012888449 0.976934671 -2.020161814
0 0.485808453 0.863659514 0.500000000 0.500000000 0.000000000 0.000000000 0.976734936 -0.039101038 0.210855350 1.054507820 0.040984787 0.999149323 -0.004569480 0.313343494 -0.210497305 0.013105032 0.977506578 -2.039206832
0 0.485808453 0.863659514 0.500000000 0.500000000 0.000000000 0.000000000 0.977295458 -0.038663357 0.208323613 1.064009382 0.040624924 0.999161243 -0.005144056 0.316648334 -0.207949996 0.013490394 0.978046417 -2.059341881
0 0.485808453 0.863659514 0.500000000 0.500000000 0.000000000 0.000000000 0.977901697 -0.038082819 0.205567315 1.073559466 0.040150467 0.999176264 -0.005894726 0.321466764 -0.205173492 0.014018087 0.978625238 -2.081642702
0 0.485808453 0.863659514 0.500000000 0.500000000 0.000000000 0.000000000 0.978536487 -0.037154995 0.202696562 1.085291868 0.039287254 0.999206781 -0.006504733 0.325915905 -0.202294096 0.014328510 0.979219973 -2.101638316
0 0.485808453 0.863659514 0.500000000 0.500000000 0.000000000 0.000000000 0.979124904 -0.037335005 0.199801072 1.096666717 0.039531872 0.999193668 -0.007015680 0.329948719 -0.199378043 0.014767738 0.979811370 -2.121004009
0 0.485808453 0.863659514 0.500000000 0.500000000 0.000000000 0.000000000 0.979693770 -0.037045367 0.197047532 1.106746638 0.039336823 0.999196112 -0.007726326 0.333542315 -0.196602896 0.015320657 0.980363488 -2.139847617
0 0.485808453 0.863659514 0.500000000 0.500000000 0.000000000 0.000000000 0.980300963 -0.036087275 0.194184840 1.116567744 0.038523376 0.999219120 -0.008782398 0.339472905 -0.193716273 0.016090050 0.980925620 -2.162624976
0 0.485808453 0.863659514 0.500000000 0.500000000 0.000000000 0.000000000 0.980955243 -0.035978679 0.190872505 1.129166610 0.038443096 0.999218225 -0.009222946 0.342652861 -0.190391466 0.016385028 0.981571496 -2.182821284
0 0.485808453 0.863659514 0.500000000 0.500000000 0.000000000 0.000000000 0.981638670 -0.035497688 0.187417835 1.144409446 0.037869900 0.999241352 -0.009090926 0.341452641 -0.186952934 0.016021499 0.982238233 -2.201758414
0 0.485808453 0.863659514 0.500000000 0.500000000 0.000000000 0.000000000 0.982267320 -0.035067108 0.184177250 1.155678984 0.037492380 0.999249816 -0.009701182 0.344639917 -0.183698893 0.016434398 0.982845187 -2.222747175
0 0.485808453 0.863659514 0.500000000 0.500000000 0.000000000 0.000000000 0.982783258 -0.034780413 0.181459144 1.161926878 0.037225507 0.999256015 -0.010085288 0.348091426 -0.180973366 0.016666560 0.983346760 -2.241672843
0 0.485808453 0.863659514 0.500000000 0.500000000 0.000000000 0.000000000 0.983476400 -0.034533463 0.177712247 1.176685605 0.037013020 0.999257982 -0.010655404 0.352632201 -0.177212402 0.017057005 0.984024823 -2.259683576
0 0.485808453 0.863659514 0.500000000 0.500000000 0.000000000 0.000000000 0.984048307 -0.034007270 0.174620882 1.185185352 0.036557775 0.999266386 -0.011409259 0.358622010 -0.174104780 0.017611014 0.984569669 -2.279358916
0 0.485808453 0.863659514 0.500000000 0.500000000 0.000000000 0.000000000 0.984766126 -0.032609243 0.170798987 1.199199772 0.035190184 0.999307334 -0.012104558 0.363250389 -0.170285955 0.017930606 0.985231519 -2.302662003
0 0.485808453 0.863659514 0.500000000 0.500000000 0.000000000 0.000000000 0.985467196 -0.031737283 0.166874588 1.212781810 0.034272861 0.999336362 -0.012335959 0.365421771 -0.166372344 0.017875953 0.985900939 -2.326118680
0 0.485808453 0.863659514 0.500000000 0.500000000 0.000000000 0.000000000 0.986165941 -0.030193441 0.162987858 1.226804265 0.032718807 0.999382198 -0.012831547 0.369001840 -0.162499741 0.017986804 0.986544609 -2.348639410
0 0.485808453 0.863659514 0.500000000 0.500000000 0.000000000 0.000000000 0.986855388 -0.028910287 0.158998832 1.241399833 0.031416498 0.999418259 -0.013270989 0.372677171 -0.158522666 0.018091734 0.987189591 -2.370006276
0 0.485808453 0.863659514 0.500000000 0.500000000 0.000000000 0.000000000 0.987526655 -0.028239338 0.154898971 1.257255316 0.030711928 0.999435842 -0.013592346 0.375865075 -0.154427752 0.018180050 0.987836778 -2.388368919
0 0.485808453 0.863659514 0.500000000 0.500000000 0.000000000 0.000000000 0.988251209 -0.026856976 0.150460109 1.274272337 0.029285491 0.999473751 -0.013947751 0.378303947 -0.150006339 0.018190179 0.988517702 -2.409107759
0 0.485808453 0.863659514 0.500000000 0.500000000 0.000000000 0.000000000 0.988889277 -0.025705265 0.146414712 1.289106993 0.028164104 0.999494553 -0.014745153 0.384754179 -0.145961687 0.018704962 0.989113390 -2.429626032
0 0.485808453 0.863659514 0.500000000 0.500000000 0.000000000 0.000000000 0.989565253 -0.024873426 0.141922295 1.308001423 0.027232412 0.999521017 -0.014703383 0.384743582 -0.141488597 0.018414842 0.989768624 -2.449733431
0 0.485808453 0.863659514 0.500000000 0.500000000 0.000000000 0.000000000 0.990193605 -0.024517590 0.137533456 1.326273471 0.026865151 0.999522924 -0.015238545 0.390165273 -0.137094229 0.018783968 0.990379870 -2.469902842
0 0.485808453 0.863659514 0.500000000 0.500000000 0.000000000 0.000000000 0.990727603 -0.023988836 0.133728459 1.340282005 0.026281040 0.999535918 -0.015401731 0.393255727 -0.133296937 0.018773444 0.990898311 -2.489383163
0 0.485808453 0.863659514 0.500000000 0.500000000 0.000000000 0.000000000 0.991373301 -0.023114214 0.129014373 1.359893747 0.025356656 0.999554157 -0.015765710 0.397303759 -0.128592446 0.018901076 0.991517365 -2.508726337
0 0.485808453 0.863659514 0.500000000 0.500000000 0.000000000 0.000000000 0.991946638 -0.022681355 0.124609292 1.377074098 0.024848824 0.999565303 -0.015867285 0.400733179 -0.124195233 0.018835895 0.992079020 -2.526589685
0 0.485808453 0.863659514 0.500000000 0.500000000 0.000000000 0.000000000 0.992543042 -0.022148624 0.119865514 1.396432617 0.024249105 0.999576390 -0.016093353 0.405284507 -0.119458295 0.018879978 0.992659688 -2.548666718
0 0.485808453 0.863659514 0.500000000 0.500000000 0.000000000 0.000000000 0.993119895 -0.021630442 0.115086824 1.416911210 0.023683822 0.999583244 -0.016504463 0.411470626 -0.114681862 0.019116607 0.993218303 -2.568086545
0 0.485808453 0.863659514 0.500000000 0.500000000 0.000000000 0.000000000 0.993690372 -0.020716239 0.110228449 1.437390736 0.022730924 0.999596179 -0.017052110 0.417050906 -0.109830685 0.019450113 0.993759990 -2.587730745
0 0.485808453 0.863659514 0.500000000 0.500000000 0.000000000 0.000000000 0.994198442 -0.019392775 0.105798997 1.455734232 0.021326521 0.999625027 -0.017176827 0.420971008 -0.105426215 0.019333500 0.994239151 -2.608095454
0 0.485808453 0.863659514 0.500000000 0.500000000 0.000000000 0.000000000 0.994737744 -0.018397864 0.100788437 1.477750792 0.020235127 0.999646664 -0.017236918 0.422838645 -0.100435704 0.019185681 0.994758546 -2.631244984
0 0.485808453 0.863659514 0.500000000 0.500000000 0.000000000 0.000000000 0.995248616 -0.018104924 0.095668279 1.500436403 0.019807685 0.999661326 -0.016878951 0.423313545 -0.095330283 0.018693721 0.995270133 -2.651204736
0 0.485808453 0.863659514 0.500000000 0.500000000 0.000000000 0.000000000 0.995667338 -0.017425640 0.091339149 1.519430078 0.018980039 0.999688983 -0.016176930 0.420417013 -0.091028847 0.017840462 0.995688438 -2.669354653
0 0.485808453 0.863659514 0.500000000 0.500000000 0.000000000 0.000000000 0.995990515 -0.017324051 0.087765723 1.532518055 0.018839883 0.999686837 -0.016472476 0.427274401 -0.087452866 0.018059926 0.996004939 -2.687519890
0 0.485808453 0.863659514 0.500000000 0.500000000 0.000000000 0.000000000 0.996311247 -0.016922943 0.084128149 1.545425479 0.018386751 0.999692202 -0.016655469 0.433209151 -0.083820395 0.018140875 0.996315718 -2.705554398
0 0.485808453 0.863659514 0.500000000 0.500000000 0.000000000 0.000000000 0.996661007 -0.016550135 0.079955503 1.561220115 0.017956553 0.999695897 -0.016903086 0.437749032 -0.079651445 0.018282371 0.996655107 -2.728685702
0 0.485808453 0.863659514 0.500000000 0.500000000 0.000000000 0.000000000 0.996991873 -0.015866179 0.075864770 1.577433984 0.017204616 0.999707103 -0.017021481 0.442107916 -0.075572483 0.018275503 0.996972799 -2.750453435
0 0.485808453 0.863659514 0.500000000 0.500000000 0.000000000 0.000000000 0.997309864 -0.015047834 0.071740165 1.594161504 0.016293826 0.999725878 -0.016814627 0.444652544 -0.071467474 0.017938314 0.997281611 -2.772786002
0 0.485808453 0.863659514 0.500000000 0.500000000 0.000000000 0.000000000 0.997617006 -0.013714729 0.067618497 1.611582375 0.014892724 0.999745429 -0.016947979 0.448393320 -0.067368843 0.017914616 0.997567296 -2.792215181
0 0.485808453 0.863659514 0.500000000 0.500000000 0.000000000 0.000000000 0.997895062 -0.012318451 0.063668475 1.628974267 0.013436566 0.999762416 -0.017163269 0.452435012 -0.063441917 0.017982628 0.997823477 -2.811013819
0 0.485808453 0.863659514 0.500000000 0.500000000 0.000000000 0.000000000 0.998127222 -0.011940326 0.059995227 1.643221726 0.012984230 0.999770522 -0.017040161 0.455729080 -0.059777994 0.017787240 0.998053193 -2.829639625
0 0.485808453 0.863659514 0.500000000 0.500000000 0.000000000 0.000000000 0.998340189 -0.011326139 0.056467589 1.656990537 0.012280786 0.999786973 -0.016587850 0.456286146 -0.056267686 0.017253784 0.998266637 -2.849766082
0 0.485808453 0.863659514 0.500000000 0.500000000 0.000000000 0.000000000 0.998543799 -0.010841939 0.052846581 1.671604876 0.011739383 0.999791622 -0.016701339 0.461479874 -0.052654494 0.017297404 0.998462975 -2.869664232
0 0.485808453 0.863659514 0.500000000 0.500000000 0.000000000 0.000000000 0.998735607 -0.010153685 0.049234960 1.686273031 0.010982924 0.999801874 -0.016601296 0.464850981 -0.049056638 0.017121051 0.998649240 -2.889826374
0 0.485808453 0.863659514 0.500000000 0.500000000 0.000000000 0.000000000 0.998900235 -0.009487448 0.045916051 1.700779836 0.010249578 0.999813139 -0.016391451 0.467679775 -0.045751959 0.016844044 0.998810828 -2.909764874
0 0.485808453 0.863659514 0.500000000 0.500000000 0.000000000 0.000000000 0.999053299 -0.008677289 0.042629439 1.715560126 0.009371333 0.999826312 -0.016108084 0.469643935 -0.042482261 0.016492330 0.998961091 -2.928609084
0 0.485808453 0.863659514 0.500000000 0.500000000 0.000000000 0.000000000 0.999190807 -0.007516116 0.039512783 1.728670692 0.008160335 0.999835968 -0.016168153 0.472925130 -0.039384782 0.016477507 0.999088228 -2.948077645
0 0.485808453 0.863659514 0.500000000 0.500000000 0.000000000 0.000000000 0.999333560 -0.006411833 0.035934966 1.744908241 0.007001010 0.999842763 -0.016293855 0.478159304 -0.035824843 0.016534578 0.999221265 -2.967370950
0 0.485808453 0.863659514 0.500000000 0.500000000 0.000000000 0.000000000 0.999449253 -0.005445942 0.032734785 1.758830008 0.005978496 0.999850988 -0.016192954 0.480732552 -0.032641720 0.016379740 0.999332905 -2.986413150
0 0.485808453 0.863659514 0.500000000 0.500000000 0.000000000 0.000000000 0.999548614 -0.005015742 0.029620826 1.772041332 0.005500800 0.999851763 -0.016316816 0.485844174 -0.029534593 0.016472390 0.999428034 -3.005789129
0 0.485808453 0.863659514 0.500000000 0.500000000 0.000000000 0.000000000 0.999639452 -0.003757993 0.026587520 1.784744315 0.004186194 0.999862134 -0.016068047 0.487199181 -0.026523471 0.016173555 0.999517322 -3.027931650
0 0.485808453 0.863659514 0.500000000 0.500000000 0.000000000 0.000000000 0.999725819 -0.003155048 0.023201682 1.800589741 0.003534112 0.999860644 -0.016314991 0.493897677 -0.023146974 0.016392514 0.999597669 -3.048435205
0 0.485808453 0.863659514 0.500000000 0.500000000 0.000000000 0.000000000 0.999786794 -0.002097457 0.020540977 1.810480095 0.002430595 0.999865711 -0.016206726 0.496811303 -0.020504225 0.016253199 0.999657631 -3.068634758
0 0.485808453 0.863659514 0.500000000 0.500000000 0.000000000 0.000000000 0.999832809 -0.001705546 0.018206665 1.818746159 0.002006595 0.999861360 -0.016529642 0.504001866 -0.018175948 0.016563412 0.999697626 -3.088209856
0 0.485808453 0.863659514 0.500000000 0.500000000 0.000000000 0.000000000 0.999882281 -0.001292539 0.015288081 1.831424674 0.001549320 0.999857724 -0.016796222 0.510337504 -0.015264196 0.016817931 0.999742031 -3.110911197
0 0.485808453 0.863659514 0.500000000 0.500000000 0.000000000 0.000000000 0.999919891 -0.000705773 0.012636579 1.844227371 0.000914334 0.999863327 -0.016506337 0.512160884 -0.012623202 0.016516568 0.999783933 -3.130764926
0 0.485808453 0.863659514 0.500000000 0.500000000 0.000000000 0.000000000 0.999952495 -0.000478935 0.009734762 1.858947640 0.000642951 0.999857783 -0.016852377 0.518375312 -0.009725306 0.016857836 0.999810576 -3.149596645
0 0.485808453 0.863659514 0.500000000 0.500000000 0.000000000 0.000000000 0.999971509 -0.000340176 0.007537188 1.868320280 0.000468203 0.999855518 -0.016990779 0.523686971 -0.007530320 0.016993824 0.999827266 -3.168669670
0 0.485808453 0.863659514 0.500000000 0.500000000 0.000000000 0.000000000 0.999988556 0.000295162 0.004772040 1.881830291 -0.000213644 0.999854207 -0.017073870 0.526714785 -0.004776383 0.017072655 0.999842823 -3.187208069
0 0.485808453 0.863659514 0.500000000 0.500000000 0.000000000 0.000000000 0.999996960 0.000923507 0.002273710 1.893572325 -0.000884125 0.999850631 -0.017261261 0.530372977 -0.002289311 0.017259199 0.999848425 -3.206027507
0 0.485808453 0.863659514 0.500000000 0.500000000 0.000000000 0.000000000 0.999998569 0.001534924 -0.000696817 1.910391488 -0.001546704 0.999850333 -0.017230796 0.532423143 0.000670265 0.017231850 0.999851286 -3.224615528
0 0.485808453 0.863659514 0.500000000 0.500000000 0.000000000 0.000000000 0.999992132 0.002246304 -0.003278265 1.923663347 -0.002302700 0.999847651 -0.017301699 0.534487316 0.003238901 0.017309111 0.999844968 -3.242395091
0 0.485808453 0.863659514 0.500000000 0.500000000 0.000000000 0.000000000 0.999979675 0.002808363 -0.005719108 1.936275186 -0.002905891 0.999849260 -0.017116789 0.535494270 0.005670175 0.017133061 0.999837160 -3.258577742
0 0.485808453 0.863659514 0.500000000 0.500000000 0.000000000 0.000000000 0.999957740 0.003464518 -0.008517625 1.951946708 -0.003608505 0.999849856 -0.016947780 0.536672790 0.008457631 0.016977798 0.999820113 -3.275762759
0 0.485808453 0.863659514 0.500000000 0.500000000 0.000000000 0.000000000 0.999928951 0.003978232 -0.011237027 1.966679713 -0.004165948 0.999851346 -0.016731424 0.537556454 0.011168796 0.016777048 0.999796867 -3.292316286
0 0.485808453 0.863659514 0.500000000 0.500000000 0.000000000 0.000000000 0.999890387 0.004332364 -0.014157246 1.982283113 -0.004563750 0.999855876 -0.016352778 0.537547382 0.014084359 0.016415596 0.999766052 -3.311471995
0 0.485808453 0.863659514 0.500000000 0.500000000 0.000000000 0.000000000 0.999843121 0.004648248 -0.017090987 1.998368259 -0.004925892 0.999855995 -0.016239021 0.539800341 0.017013043 0.016320663 0.999722064 -3.330727288
0 0.485808453 0.863659514 0.500000000 0.500000000 0.000000000 0.000000000 0.999790072 0.004781576 -0.019923365 2.012787991 -0.005105421 0.999855161 -0.016235532 0.542312363 0.019842848 0.016333841 0.999669671 -3.350358977
0 0.485808453 0.863659514 0.500000000 0.500000000 0.000000000 0.000000000 0.999720335 0.005415946 -0.023020778 2.028464037 -0.005788554 0.999852836 -0.016150022 0.544536153 0.022929922 0.016278762 0.999604523 -3.370830682
0 0.485808453 0.863659514 0.500000000 0.500000000 0.000000000 0.000000000 0.999633253 0.005906421 -0.026427910 2.047730956 -0.006332282 0.999850988 -0.016059492 0.546037296 0.026329117 0.016220951 0.999521732 -3.392675835
0 0.485808453 0.863659514 0.500000000 0.500000000 0.000000000 0.000000000 0.999545276 0.006692152 -0.029401841 2.064791427 -0.007163717 0.999846935 -0.015962686 0.546888552 0.029290514 0.016166054 0.999440193 -3.411934564
0 0.485808453 0.863659514 0.500000000 0.500000000 0.000000000 0.000000000 0.999435842 0.007248849 -0.032794394 2.082812599 -0.007778035 0.999841154 -0.016037801 0.549953959 0.032672931 0.016283829 0.999333441 -3.432038335
0 0.485808453 0.863659514 0.500000000 0.500000000 0.000000000 0.000000000 0.999324501 0.007302851 -0.036017060 2.101172657 -0.007887086 0.999839187 -0.016105738 0.554155607 0.035893649 0.016378928 0.999221385 -3.450803790
0 0.485808453 0.863659514 0.500000000 0.500000000 0.000000000 0.000000000 0.999215424 0.007744755 -0.038840059 2.117648255 -0.008388191 0.999829829 -0.016430812 0.559458692 0.038706198 0.016743720 0.999110341 -3.467416828
0 0.485808453 0.863659514 0.500000000 0.500000000 0.000000000 0.000000000 0.999092042 0.007893970 -0.041865870 2.135293547 -0.008589284 0.999827743 -0.016454307 0.562555971 0.041728768 0.016798966 0.998987734 -3.484956731
0 0.485808453 0.863659514 0.500000000 0.500000000 0.000000000 0.000000000 0.998982668 0.008507106 -0.044286091 2.149631327 -0.009244884 0.999821424 -0.016481277 0.566404043 0.044137973 0.016873930 0.998882949 -3.500749298
