0 0.477828734 0.849473298 0.500000000 0.500000000 0.000000000 0.000000000 0.880960703 -0.084590219 -0.465567142 1.573360037 -0.000003256 0.983890533 -0.178772032 2.217331331 0.473189473 0.157492638 0.866768599 -2.870090127
0 0.477828734 0.849473298 0.500000000 0.500000000 0.000000000 0.000000000 0.875293314 -0.086398214 -0.475811958 1.605833661 -0.000232869 0.983835638 -0.179073840 2.225633524 0.483592391 0.156852931 0.861124575 -2.877484317
0 0.477828734 0.849473298 0.500000000 0.500000000 0.000000000 0.000000000 0.869600475 -0.087788336 -0.485889167 1.639651853 -0.000284197 0.983978033 -0.178289503 2.225626337 0.493755996 0.155178726 0.855642796 -2.883613175
0 0.477828734 0.849473298 0.500000000 0.500000000 0.000000000 0.000000000 0.863536358 -0.090261005 -0.496143043 1.678247629 -0.000680157 0.983641982 -0.180133238 2.244393762 0.504286110 0.155889049 0.849349201 -2.886721815
0 0.477828734 0.849473298 0.500000000 0.500000000 0.000000000 0.000000000 0.857723117 -0.091971003 -0.505818605 1.708259833 -0.000031569 0.983859122 -0.178944752 2.239794629 0.514111936 0.153501019 0.843875766 -2.892668389
0 0.477828734 0.849473298 0.500000000 0.500000000 0.000000000 0.000000000 0.851907015 -0.093060046 -0.515358388 1.741231422 -0.000866590 0.983832955 -0.179086611 2.252268256 0.523692369 0.153011754 0.838053524 -2.889765147
0 0.477828734 0.849473298 0.500000000 0.500000000 0.000000000 0.000000000 0.845208645 -0.095233016 -0.525883138 1.778027135 -0.000283776 0.983915389 -0.178634897 2.252364621 0.534436405 0.151133001 0.831586778 -2.896939308
0 0.477828734 0.849473298 0.500000000 0.500000000 0.000000000 0.000000000 0.838547051 -0.097837821 -0.535972595 1.814159972 0.000102631 0.983772576 -0.179419816 2.262772661 0.544829190 0.150396943 0.824949622 -2.896398527
0 0.477828734 0.849473298 0.500000000 0.500000000 0.000000000 0.000000000 0.831695378 -0.099951699 -0.546161592 1.849594741 0.000128523 0.983697951 -0.179828465 2.271495490 0.555232167 0.149492308 0.818149924 -2.893568530
0 0.477828734 0.849473298 0.500000000 0.500000000 0.000000000 0.000000000 0.824738264 -0.101194188 -0.556387007 1.881795425 -0.000512808 0.983725429 -0.179677501 2.279304685 0.565514386 0.148472235 0.811264157 -2.890234190
0 0.477828734 0.849473298 0.500000000 0.500000000 0.000000000 0.000000000 0.816924274 -0.103312083 -0.567416370 1.923701245 -0.000062389 0.983809650 -0.179216519 2.278222147 0.576744914 0.146441728 0.803691566 -2.887156506
0 0.477828734 0.849473298 0.500000000 0.500000000 0.000000000 0.000000000 0.809181929 -0.105843879 -0.577946067 1.964254730 0.000362724 0.983730435 -0.179650560 2.282702060 0.587558031 0.145160347 0.796055257 -2.879007622
0 0.477828734 0.849473298 0.500000000 0.500000000 0.000000000 0.000000000 0.801583946 -0.107429504 -0.588151455 1.999413627 -0.000338847 0.983642697 -0.180130243 2.291146123 0.597882152 0.144588798 0.788435757 -2.870433191
0 0.477828734 0.849473298 0.500000000 0.500000000 0.000000000 0.000000000 0.792856276 -0.109121807 -0.599559307 2.046188665 -0.000964514 0.983611882 -0.180296138 2.296169566 0.609407902 0.143527210 0.779757619 -2.859774030
0 0.477828734 0.849473298 0.500000000 0.500000000 0.000000000 0.000000000 0.784670711 -0.111127310 -0.609870970 2.084681050 -0.001271082 0.983510733 -0.180845276 2.302031183 0.619911492 0.142679185 0.771590829 -2.853299982
0 0.477828734 0.849473298 0.500000000 0.500000000 0.000000000 0.000000000 0.776432872 -0.112677492 -0.620044947 2.121807430 -0.001444090 0.983565390 -0.180546448 2.302744289 0.630198300 0.141077608 0.763509810 -2.847498719
0 0.477828734 0.849473298 0.500000000 0.500000000 0.000000000 0.000000000 0.767659307 -0.115278542 -0.630404651 2.161863963 -0.000901632 0.983493030 -0.180943757 2.308365114 0.640857518 0.139471561 0.754883647 -2.835131387
0 0.477828734 0.849473298 0.500000000 0.500000000 0.000000000 0.000000000 0.758499563 -0.116598278 -0.641157746 2.200832189 -0.000642487 0.983729124 -0.179656953 2.300029472 0.651673198 0.136681661 0.746083200 -2.830446172
0 0.477828734 0.849473298 0.500000000 0.500000000 0.000000000 0.000000000 0.749038398 -0.118441999 -0.651853502 2.242845386 -0.000683388 0.983751655 -0.179533288 2.300357193 0.662526250 0.134922788 0.736786842 -2.820156432
0 0.477828734 0.849473298 0.500000000 0.500000000 0.000000000 0.000000000 0.739544749 -0.120309114 -0.662268281 2.283567813 -0.000582493 0.983782172 -0.179366484 2.296830398 0.673107147 0.133035302 0.727480829 -2.812644480
0 0.477828734 0.849473298 0.500000000 0.500000000 0.000000000 0.000000000 0.729808927 -0.122426301 -0.672599971 2.324408342 -0.000681215 0.983704329 -0.179792508 2.301561778 0.683650851 0.131672367 0.717832804 -2.802752302
0 0.477828734 0.849473298 0.500000000 0.500000000 0.000000000 0.000000000 0.719642162 -0.124374211 -0.683115065 2.365226814 -0.000533705 0.983727038 -0.179668635 2.302464198 0.694344878 0.129661709 0.707865119 -2.793123842
0 0.477828734 0.849473298 0.500000000 0.500000000 0.000000000 0.000000000 0.708871663 -0.126268923 -0.693943202 2.411819234 0.000123101 0.983867705 -0.178897440 2.295794565 0.705337465 0.126729891 0.697451472 -2.783590980
0 0.477828734 0.849473298 0.500000000 0.500000000 0.000000000 0.000000000 0.697898567 -0.128591239 -0.704557896 2.456341965 0.000016636 0.983752251 -0.179531455 2.304223508 0.716196597 0.125283018 0.686561406 -2.766266943
0 0.477828734 0.849473298 0.500000000 0.500000000 0.000000000 0.000000000 0.686717927 -0.130298659 -0.715150833 2.500931116 -0.000024067 0.983800113 -0.179268971 2.304887825 0.726923943 0.123124436 0.675590038 -2.743955197
0 0.477828734 0.849473298 0.500000000 0.500000000 0.000000000 0.000000000 0.675131440 -0.132450402 -0.725709558 2.548193799 -0.000302951 0.983699799 -0.179818422 2.310162952 0.737697363 0.121620938 0.664086521 -2.724164323
0 0.477828734 0.849473298 0.500000000 0.500000000 0.000000000 0.000000000 0.663714349 -0.134366170 -0.735818565 2.593039930 -0.000503265 0.983652472 -0.180076510 2.315312446 0.747985959 0.119889677 0.652796626 -2.701970915
0 0.477828734 0.849473298 0.500000000 0.500000000 0.000000000 0.000000000 0.651902318 -0.136335120 -0.745946467 2.638993246 -0.000176065 0.983677804 -0.179938659 2.314828921 0.758302927 0.117433757 0.641237855 -2.683974206
0 0.477828734 0.849473298 0.500000000 0.500000000 0.000000000 0.000000000 0.640707970 -0.137803286 -0.755316854 2.680747390 -0.000127810 0.983742177 -0.179586604 2.319388562 0.767784655 0.115159102 0.630273819 -2.664692120
0 0.477828734 0.849473298 0.500000000 0.500000000 0.000000000 0.000000000 0.629315436 -0.139719367 -0.764487088 2.723969469 -0.000004871 0.983705342 -0.179788202 2.326895847 0.777149975 0.113147214 0.619060278 -2.642477536
0 0.477828734 0.849473298 0.500000000 0.500000000 0.000000000 0.000000000 0.617400587 -0.141428381 -0.773831069 2.766490378 0.000500235 0.983776152 -0.179399639 2.327136240 0.786648750 0.110374346 0.607454717 -2.623592136
0 0.477828734 0.849473298 0.500000000 0.500000000 0.000000000 0.000000000 0.605713964 -0.142915592 -0.782742441 2.808487703 0.000633200 0.983823478 -0.179139614 2.329246906 0.795682192 0.108011730 0.596006095 -2.599396815
0 0.477828734 0.849473298 0.500000000 0.500000000 0.000000000 0.000000000 0.594274163 -0.144160584 -0.791236937 2.848101908 0.000441186 0.983862638 -0.178924948 2.332592917 0.804262400 0.105981395 0.584747732 -2.571783733
0 0.477828734 0.849473298 0.500000000 0.500000000 0.000000000 0.000000000 0.582886279 -0.145910710 -0.799345791 2.884682473 0.000424808 0.983799696 -0.179270729 2.336849718 0.812553644 0.104154877 0.573505282 -2.549561449
0 0.477828734 0.849473298 0.500000000 0.500000000 0.000000000 0.000000000 0.571335137 -0.147207782 -0.807406962 2.921222576 0.000405899 0.983833194 -0.179086879 2.340996687 0.820716739 0.101990901 0.562158227 -2.523194654
0 0.477828734 0.849473298 0.500000000 0.500000000 0.000000000 0.000000000 0.559614897 -0.147937477 -0.815442026 2.958854696 0.000599256 0.984010756 -0.178107962 2.336883364 0.828752577 0.099183209 0.550755739 -2.499075114
0 0.477828734 0.849473298 0.500000000 0.500000000 0.000000000 0.000000000 0.548036098 -0.148999259 -0.823076963 2.994562997 0.000774950 0.984096646 -0.177632198 2.333901853 0.836454332 0.096711017 0.539435983 -2.474188255
0 0.477828734 0.849473298 0.500000000 0.500000000 0.000000000 0.000000000 0.536900818 -0.149629831 -0.830270112 3.024457083 0.000369800 0.984187484 -0.177129418 2.335889716 0.843645275 0.094793893 0.528466403 -2.446080118
0 0.477828734 0.849473298 0.500000000 0.500000000 0.000000000 0.000000000 0.525115788 -0.151106954 -0.837508261 3.058421048 0.000132730 0.984124959 -0.177476957 2.339864893 0.851030767 0.093084790 0.516799629 -2.421685268
0 0.477828734 0.849473298 0.500000000 0.500000000 0.000000000 0.000000000 0.513941944 -0.151452214 -0.844349384 3.089600526 0.000110989 0.984302759 -0.176488295 2.332863253 0.857824981 0.090611018 0.505891263 -2.399845993
0 0.477828734 0.849473298 0.500000000 0.500000000 0.000000000 0.000000000 0.503352880 -0.152119324 -0.850585461 3.116015820 0.000019041 0.984383643 -0.176036626 2.331022268 0.864080966 0.088592343 0.495495200 -2.378582862
0 0.477828734 0.849473298 0.500000000 0.500000000 0.000000000 0.000000000 0.492605150 -0.153282672 -0.856647313 3.142872922 -0.000187121 0.984347224 -0.176240042 2.332422445 0.870252907 0.086977042 0.484865814 -2.359914416
0 0.477828734 0.849473298 0.500000000 0.500000000 0.000000000 0.000000000 0.482468724 -0.154033884 -0.862263024 3.164971402 -0.000507501 0.984366715 -0.176130340 2.333657926 0.875913084 0.085414983 0.474847972 -2.335996784
0 0.477828734 0.849473298 0.500000000 0.500000000 0.000000000 0.000000000 0.472295046 -0.154597417 -0.867777050 3.188750544 -0.000830244 0.984420240 -0.175829664 2.333015546 0.881440103 0.083763950 0.464808464 -2.318764540
0 0.477828734 0.849473298 0.500000000 0.500000000 0.000000000 0.000000000 0.462212652 -0.154927433 -0.873130560 3.210964362 -0.000981186 0.984529972 -0.175213456 2.328883499 0.886768579 0.081842579 0.454910219 -2.300436706
0 0.477828734 0.849473298 0.500000000 0.500000000 0.000000000 0.000000000 0.451998025 -0.156119362 -0.878250837 3.233808807 -0.001210171 0.984457016 -0.175621569 2.332772686 0.892018139 0.080443434 0.444783688 -2.285044283
0 0.477828734 0.849473298 0.500000000 0.500000000 0.000000000 0.000000000 0.442718148 -0.156467795 -0.882903457 3.252599106 -0.001262751 0.984547317 -0.175114274 2.331223799 0.896659911 0.078641154 0.435679376 -2.274050047
0 0.477828734 0.849473298 0.500000000 0.500000000 0.000000000 0.000000000 0.433815211 -0.157140851 -0.887192845 3.269976363 -0.000928442 0.984595180 -0.174846873 2.326581699 0.901001394 0.076674946 0.426986486 -2.269293263
0 0.477828734 0.849473298 0.500000000 0.500000000 0.000000000 0.000000000 0.424978912 -0.157515705 -0.891393125 3.287528818 -0.000973837 0.984663486 -0.174461558 2.326716327 0.905202746 0.075010553 0.418307841 -2.258001547
0 0.477828734 0.849473298 0.500000000 0.500000000 0.000000000 0.000000000 0.416221291 -0.157673150 -0.895488143 3.306140422 -0.000889897 0.984779060 -0.173808679 2.323344466 0.909262896 0.073139764 0.409745693 -2.254128411
0 0.477828734 0.849473298 0.500000000 0.500000000 0.000000000 0.000000000 0.408644617 -0.157743618 -0.898958564 3.318299171 -0.001322263 0.984847784 -0.173415989 2.327322922 0.912692606 0.072054170 0.402244180 -2.246577655
0 0.477828734 0.849473298 0.500000000 0.500000000 0.000000000 0.000000000 0.400933176 -0.158097833 -0.902362287 3.333498201 -0.001427839 0.984887242 -0.173190981 2.328637057 0.916106164 0.070726439 0.394648224 -2.244797939
0 0.477828734 0.849473298 0.500000000 0.500000000 0.000000000 0.000000000 0.392972678 -0.158808425 -0.905733049 3.349752822 -0.001495663 0.984862387 -0.173331648 2.334062630 0.919548929 0.069469273 0.386786491 -2.239935316
0 0.477828734 0.849473298 0.500000000 0.500000000 0.000000000 0.000000000 0.385027945 -0.159205884 -0.909069300 3.364533997 -0.001650947 0.984888196 -0.173183337 2.338700542 0.922903419 0.068181254 0.378946662 -2.236290616
0 0.477828734 0.849473298 0.500000000 0.500000000 0.000000000 0.000000000 0.377999365 -0.159172267 -0.912020087 3.377070586 -0.001772045 0.984983265 -0.172640771 2.341088181 0.925804138 0.066874243 0.372040987 -2.235825413
0 0.477828734 0.849473298 0.500000000 0.500000000 0.000000000 0.000000000 0.371307284 -0.159463346 -0.914714336 3.388515110 -0.001713833 0.985022724 -0.172416002 2.344999980 0.928508461 0.065586984 0.365472823 -2.235237201
0 0.477828734 0.849473298 0.500000000 0.500000000 0.000000000 0.000000000 0.364282250 -0.159823924 -0.917471945 3.401342116 -0.001612528 0.985054195 -0.172237039 2.348710480 0.931287169 0.064222343 0.358580053 -2.236639582
0 0.477828734 0.849473298 0.500000000 0.500000000 0.000000000 0.000000000 0.357305467 -0.160368487 -0.920116723 3.412907289 -0.001672794 0.985037267 -0.172333181 2.354438935 0.933986068 0.063114755 0.351690948 -2.234406554
0 0.477828734 0.849473298 0.500000000 0.500000000 0.000000000 0.000000000 0.350352943 -0.160299048 -0.922798455 3.424507442 -0.001828470 0.985126615 -0.171820253 2.355973513 0.936615944 0.061885037 0.344848901 -2.230701804
0 0.477828734 0.849473298 0.500000000 0.500000000 0.000000000 0.000000000 0.343333215 -0.160834178 -0.925340295 3.438235069 -0.002060755 0.985097349 -0.171985224 2.361665059 0.939211369 0.060955141 0.337885231 -2.229090438
0 0.477828734 0.849473298 0.500000000 0.500000000 0.000000000 0.000000000 0.336671859 -0.161063313 -0.927744925 3.451809453 -0.002023522 0.985136509 -0.171761230 2.364599322 0.941619873 0.059704483 0.331341833 -2.229400724
0 0.477828734 0.849473298 0.500000000 0.500000000 0.000000000 0.000000000 0.330436438 -0.161373600 -0.929930270 3.463212353 -0.001818176 0.985164225 -0.171604589 2.368128953 0.943826497 0.058395188 0.325240761 -2.229050344
0 0.477828734 0.849473298 0.500000000 0.500000000 0.000000000 0.000000000 0.324294686 -0.161778018 -0.932019770 3.472259981 -0.001692137 0.985166669 -0.171591923 2.373091267 0.945954621 0.057223454 0.319210559 -2.228548941
0 0.477828734 0.849473298 0.500000000 0.500000000 0.000000000 0.000000000 0.318039447 -0.162050590 -0.934125543 3.481129370 -0.001975661 0.985168517 -0.171578094 2.378005480 0.948075414 0.056414120 0.313002318 -2.227350525
0 0.477828734 0.849473298 0.500000000 0.500000000 0.000000000 0.000000000 0.311849147 -0.162315726 -0.936164379 3.492119962 -0.002265013 0.985169828 -0.171566993 2.381891188 0.950128913 0.055623449 0.306856751 -2.227501171
0 0.477828734 0.849473298 0.500000000 0.500000000 0.000000000 0.000000000 0.305936605 -0.162403375 -0.938098073 3.502512042 -0.002468671 0.985204756 -0.171363577 2.384031020 0.952048659 0.054742247 0.301009268 -2.228833326
0 0.477828734 0.849473298 0.500000000 0.500000000 0.000000000 0.000000000 0.300360918 -0.162533313 -0.939875662 3.509766866 -0.002353204 0.985245466 -0.171131179 2.386064026 0.953822732 0.053612836 0.295546770 -2.232456242
0 0.477828734 0.849473298 0.500000000 0.500000000 0.000000000 0.000000000 0.294400990 -0.162615404 -0.941745341 3.519874597 -0.002192504 0.985299528 -0.170821503 2.388414305 0.955679476 0.052354801 0.289716631 -2.236109036
0 0.477828734 0.849473298 0.500000000 0.500000000 0.000000000 0.000000000 0.288679004 -0.162494957 -0.943535805 3.529460624 -0.002009600 0.985387206 -0.170317426 2.387979086 0.957423806 0.051063191 0.284134030 -2.240876291
0 0.477828734 0.849473298 0.500000000 0.500000000 0.000000000 0.000000000 0.282997578 -0.162808761 -0.945201397 3.538326455 -0.002322972 0.985368252 -0.170422927 2.392247304 0.959117830 0.050424952 0.278478652 -2.245266910
0 0.477828734 0.849473298 0.500000000 0.500000000 0.000000000 0.000000000 0.277036816 -0.162721038 -0.946980715 3.550657890 -0.002526046 0.985429287 -0.170066714 2.392328176 0.960855961 0.049506858 0.272589177 -2.250421747
0 0.477828734 0.849473298 0.500000000 0.500000000 0.000000000 0.000000000 0.271473438 -0.162749872 -0.948585629 3.560262403 -0.002770956 0.985462606 -0.169869915 2.394778202 0.962441921 0.048743658 0.267075956 -2.254201698
0 0.477828734 0.849473298 0.500000000 0.500000000 0.000000000 0.000000000 0.266245514 -0.162673742 -0.950079262 3.571078348 -0.002827967 0.985520184 -0.169534475 2.394573257 0.963901103 0.047824588 0.261930317 -2.265385717
0 0.477828734 0.849473298 0.500000000 0.500000000 0.000000000 0.000000000 0.261199266 -0.162843451 -0.951449931 3.580732058 -0.002888127 0.985531211 -0.169469431 2.396833761 0.965280592 0.047013197 0.256949723 -2.278436815
0 0.477828734 0.849473298 0.500000000 0.500000000 0.000000000 0.000000000 0.255595475 -0.163262904 -0.952898860 3.591675284 -0.002944150 0.985501945 -0.169638589 2.401526417 0.966779351 0.046164334 0.251409173 -2.288457755
0 0.477828734 0.849473298 0.500000000 0.500000000 0.000000000 0.000000000 0.249914169 -0.163175344 -0.954419553 3.603306269 -0.002886224 0.985567808 -0.169256464 2.402490616 0.968263686 0.045054257 0.245836407 -2.300553740
0 0.477828734 0.849473298 0.500000000 0.500000000 0.000000000 0.000000000 0.244705692 -0.163101837 -0.955780804 3.614458679 -0.002911059 0.985622108 -0.168939501 2.403940894 0.969593048 0.044122793 0.240712553 -2.309788188
0 0.477828734 0.849473298 0.500000000 0.500000000 0.000000000 0.000000000 0.239635676 -0.163188025 -0.957049847 3.627770770 -0.003243355 0.985632360 -0.168873772 2.408032265 0.970857441 0.043572236 0.235663399 -2.322728081
0 0.477828734 0.849473298 0.500000000 0.500000000 0.000000000 0.000000000 0.234486431 -0.163496345 -0.958271921 3.639421163 -0.003328308 0.985614598 -0.168975875 2.410984502 0.972113669 0.042811975 0.230569080 -2.337051330
0 0.477828734 0.849473298 0.500000000 0.500000000 0.000000000 0.000000000 0.229262516 -0.163543150 -0.959527135 3.655559969 -0.003377804 0.985644281 -0.168801650 2.412784587 0.973358750 0.041940987 0.225418866 -2.348468378
0 0.477828734 0.849473298 0.500000000 0.500000000 0.000000000 0.000000000 0.224255607 -0.163525909 -0.960712612 3.674261212 -0.003589036 0.985675812 -0.168612763 2.415531459 0.974523723 0.041260391 0.220456436 -2.366471851
