0 0.484262511 0.860911173 0.500000000 0.500000000 0.000000000 0.000000000 0.998365164 0.000276678 0.057157006 -0.066973493 -0.000042536 0.999991596 -0.004097643 -0.015508173 -0.057157662 0.004088513 0.998356819 -0.259702270
0 0.484262511 0.860911173 0.500000000 0.500000000 0.000000000 0.000000000 0.998283088 0.000127902 0.058573455 -0.068792636 0.000126347 0.999990582 -0.004336973 -0.017284928 -0.058573458 0.004336928 0.998273671 -0.270752246
0 0.484262511 0.860911173 0.500000000 0.500000000 0.000000000 0.000000000 0.998191714 0.000137021 0.060110707 -0.071740758 0.000175717 0.999986470 -0.005197385 -0.016744518 -0.060110606 0.005198549 0.998178184 -0.281515075
0 0.484262511 0.860911173 0.500000000 0.500000000 0.000000000 0.000000000 0.998110712 0.000123770 0.061440561 -0.074115300 0.000191203 0.999986887 -0.005120569 -0.019758556 -0.061440386 0.005122642 0.998097599 -0.291982912
0 0.484262511 0.860911173 0.500000000 0.500000000 0.000000000 0.000000000 0.998029709 0.000146767 0.062743425 -0.076174611 0.000193958 0.999985278 -0.005424329 -0.021315739 -0.062743299 0.005425811 0.998014927 -0.302459434
0 0.484262511 0.860911173 0.500000000 0.500000000 0.000000000 0.000000000 0.997941315 0.000337565 0.064132631 -0.078437816 0.000040751 0.999982595 -0.005897569 -0.022567196 -0.064133510 0.005888042 0.997923970 -0.312873508
0 0.484262511 0.860911173 0.500000000 0.500000000 0.000000000 0.000000000 0.997840583 0.000500395 0.065680131 -0.080958263 -0.000096234 0.999981046 -0.006156486 -0.024874881 -0.065681972 0.006136871 0.997821748 -0.323636346
0 0.484262511 0.860911173 0.500000000 0.500000000 0.000000000 0.000000000 0.997752428 0.000944025 0.067001790 -0.082966257 -0.000512193 0.999979019 -0.006461969 -0.027450103 -0.067006484 0.006413127 0.997731924 -0.334443509
0 0.484262511 0.860911173 0.500000000 0.500000000 0.000000000 0.000000000 0.997642756 0.001314315 0.068609454 -0.086254646 -0.000841426 0.999975681 -0.006920929 -0.029502299 -0.068616882 0.006846884 0.997619569 -0.345193372
0 0.484262511 0.860911173 0.500000000 0.500000000 0.000000000 0.000000000 0.997545660 0.001834130 0.069995359 -0.088808345 -0.001327338 0.999972582 -0.007286198 -0.031634596 -0.070006803 0.007175408 0.997520685 -0.356608346
0 0.484262511 0.860911173 0.500000000 0.500000000 0.000000000 0.000000000 0.997432113 0.002243729 0.071583137 -0.092131613 -0.001694025 0.999968648 -0.007739027 -0.033254046 -0.071598254 0.007597891 0.997404635 -0.366981179
0 0.484262511 0.860911173 0.500000000 0.500000000 0.000000000 0.000000000 0.997341692 0.002608481 0.072819687 -0.094310378 -0.002045317 0.999967456 -0.007807179 -0.036246374 -0.072837681 0.007637486 0.997314572 -0.377700572
0 0.484262511 0.860911173 0.500000000 0.500000000 0.000000000 0.000000000 0.997225940 0.002962597 0.074375018 -0.097556899 -0.002343709 0.999961913 -0.008407081 -0.037139153 -0.074397087 0.008209446 0.997194886 -0.388316544
0 0.484262511 0.860911173 0.500000000 0.500000000 0.000000000 0.000000000 0.997136414 0.003321331 0.075551204 -0.099384583 -0.002689972 0.999960601 -0.008456934 -0.039791877 -0.075576320 0.008229487 0.997106075 -0.398766375
0 0.484262511 0.860911173 0.500000000 0.500000000 0.000000000 0.000000000 0.997010767 0.003588249 0.077179626 -0.102887472 -0.002885776 0.999953389 -0.009211402 -0.039874602 -0.077209085 0.008961144 0.996974647 -0.409709666
0 0.484262511 0.860911173 0.500000000 0.500000000 0.000000000 0.000000000 0.996893287 0.003792926 0.078672320 -0.105303809 -0.003046418 0.999949217 -0.009606680 -0.040743607 -0.078704767 0.009337166 0.996854246 -0.420334343
0 0.484262511 0.860911173 0.500000000 0.500000000 0.000000000 0.000000000 0.996765852 0.004089648 0.080256321 -0.108116224 -0.003270723 0.999941289 -0.010332678 -0.040359442 -0.080293864 0.010036765 0.996720731 -0.431247696
0 0.484262511 0.860911173 0.500000000 0.500000000 0.000000000 0.000000000 0.996633589 0.004453836 0.081863292 -0.111040861 -0.003593613 0.999936819 -0.010652374 -0.041668968 -0.081905566 0.010322330 0.996586621 -0.442093510
0 0.484262511 0.860911173 0.500000000 0.500000000 0.000000000 0.000000000 0.996504664 0.004642427 0.083407760 -0.113836723 -0.003674985 0.999924242 -0.011748737 -0.039749120 -0.083455987 0.011401149 0.996446252 -0.453293412
0 0.484262511 0.860911173 0.500000000 0.500000000 0.000000000 0.000000000 0.996403635 0.004891215 0.084592208 -0.115762563 -0.003911043 0.999923348 -0.011748867 -0.042013109 -0.084643185 0.011375771 0.996346414 -0.463436173
0 0.484262511 0.860911173 0.500000000 0.500000000 0.000000000 0.000000000 0.996293783 0.005347559 0.085849613 -0.118532153 -0.004251366 0.999907136 -0.012946520 -0.040019430 -0.085910872 0.012533559 0.996223986 -0.473710871
0 0.484262511 0.860911173 0.500000000 0.500000000 0.000000000 0.000000000 0.996209502 0.005821044 0.086791530 -0.120577897 -0.004641639 0.999894202 -0.013784556 -0.039198384 -0.086862586 0.013329451 0.996131122 -0.483851860
0 0.484262511 0.860911173 0.500000000 0.500000000 0.000000000 0.000000000 0.996129811 0.006460239 0.087656513 -0.122630876 -0.005207199 0.999881089 -0.014516037 -0.038538768 -0.087739863 0.014003412 0.996044993 -0.493605586
0 0.484262511 0.860911173 0.500000000 0.500000000 0.000000000 0.000000000 0.996034026 0.007085491 0.088690422 -0.125441274 -0.005750495 0.999866426 -0.015298789 -0.038374835 -0.088786975 0.014728101 0.995941758 -0.503091008
0 0.484262511 0.860911173 0.500000000 0.500000000 0.000000000 0.000000000 0.995967448 0.007566969 0.089395724 -0.126942471 -0.006149580 0.999851167 -0.016120026 -0.037837443 -0.089504398 0.015505274 0.995865703 -0.512414933
0 0.484262511 0.860911173 0.500000000 0.500000000 0.000000000 0.000000000 0.995866895 0.008107733 0.090462409 -0.129239800 -0.006634998 0.999840736 -0.016568949 -0.038738451 -0.090582334 0.015900251 0.995762050 -0.522177460
0 0.484262511 0.860911173 0.500000000 0.500000000 0.000000000 0.000000000 0.995760739 0.008736527 0.091565214 -0.131839444 -0.007193386 0.999826729 -0.017169425 -0.039525435 -0.091699347 0.016437976 0.995651066 -0.530956980
0 0.484262511 0.860911173 0.500000000 0.500000000 0.000000000 0.000000000 0.995648265 0.009106045 0.092744626 -0.134308393 -0.007476707 0.999811828 -0.017900338 -0.040055695 -0.092890181 0.017129017 0.995528996 -0.540312536
0 0.484262511 0.860911173 0.500000000 0.500000000 0.000000000 0.000000000 0.995546699 0.009506829 0.093789138 -0.136208068 -0.007804008 0.999798298 -0.018505955 -0.041081273 -0.093946151 0.017691610 0.995420098 -0.549127754
0 0.484262511 0.860911173 0.500000000 0.500000000 0.000000000 0.000000000 0.995448887 0.009854001 0.094785973 -0.137867384 -0.008111749 0.999791324 -0.018748689 -0.043321013 -0.094950944 0.017894482 0.995321095 -0.558249089
0 0.484262511 0.860911173 0.500000000 0.500000000 0.000000000 0.000000000 0.995333970 0.010326622 0.095935911 -0.139985627 -0.008503976 0.999775887 -0.019388065 -0.043513228 -0.096114621 0.018481763 0.995198667 -0.567613278
0 0.484262511 0.860911173 0.500000000 0.500000000 0.000000000 0.000000000 0.995235741 0.010912556 0.096885264 -0.141816924 -0.009075758 0.999770999 -0.019378990 -0.045557331 -0.097074553 0.018407356 0.995106876 -0.576620630
0 0.484262511 0.860911173 0.500000000 0.500000000 0.000000000 0.000000000 0.995139360 0.011526843 0.097799793 -0.143703109 -0.009683627 0.999766827 -0.019300619 -0.047448305 -0.097999468 0.018259749 0.995018959 -0.585301034
0 0.484262511 0.860911173 0.500000000 0.500000000 0.000000000 0.000000000 0.995040357 0.012169418 0.098724559 -0.145505989 -0.010310771 0.999760270 -0.019315019 -0.049272989 -0.098935947 0.018201297 0.994927347 -0.593919631
0 0.484262511 0.860911173 0.500000000 0.500000000 0.000000000 0.000000000 0.994949639 0.012714740 0.099567041 -0.147148428 -0.010830309 0.999752283 -0.019443968 -0.050757572 -0.099789605 0.018267427 0.994840860 -0.602313311
0 0.484262511 0.860911173 0.500000000 0.500000000 0.000000000 0.000000000 0.994838059 0.013444964 0.100580841 -0.149372262 -0.011540819 0.999743462 -0.019489480 -0.052773653 -0.100817077 0.018228091 0.994737983 -0.611167088
0 0.484262511 0.860911173 0.500000000 0.500000000 0.000000000 0.000000000 0.994741440 0.013930285 0.101466224 -0.151103866 -0.012023102 0.999739826 -0.019383628 -0.054911061 -0.101709843 0.018061759 0.994650126 -0.619755369
0 0.484262511 0.860911173 0.500000000 0.500000000 0.000000000 0.000000000 0.994621515 0.014564326 0.102547415 -0.153944961 -0.012622759 0.999729037 -0.019556934 -0.056403233 -0.102804467 0.018157316 0.994535863 -0.628896924
0 0.484262511 0.860911173 0.500000000 0.500000000 0.000000000 0.000000000 0.994545698 0.014873899 0.103235558 -0.155252662 -0.012921404 0.999725282 -0.019556098 -0.058115487 -0.103498071 0.018115485 0.994464695 -0.637626954
0 0.484262511 0.860911173 0.500000000 0.500000000 0.000000000 0.000000000 0.994455516 0.015358468 0.104030572 -0.156996587 -0.013381842 0.999716938 -0.019671854 -0.059311354 -0.104303256 0.018170662 0.994379520 -0.646742944
0 0.484262511 0.860911173 0.500000000 0.500000000 0.000000000 0.000000000 0.994398057 0.015700260 0.104527466 -0.158137049 -0.013710590 0.999711394 -0.019726353 -0.060865187 -0.104807012 0.018182714 0.994326353 -0.655707145
0 0.484262511 0.860911173 0.500000000 0.500000000 0.000000000 0.000000000 0.994348407 0.015935842 0.104963303 -0.159233918 -0.013913756 0.999703765 -0.019968893 -0.062147130 -0.105250433 0.018395603 0.994275570 -0.664927615
0 0.484262511 0.860911173 0.500000000 0.500000000 0.000000000 0.000000000 0.994288802 0.016310003 0.105469182 -0.160777593 -0.014266558 0.999696195 -0.020100363 -0.063621198 -0.105764970 0.018480884 0.994219422 -0.674142558
0 0.484262511 0.860911173 0.500000000 0.500000000 0.000000000 0.000000000 0.994246483 0.016727388 0.105802327 -0.161781209 -0.014639105 0.999683022 -0.020483557 -0.064395575 -0.106111422 0.018816855 0.994176209 -0.683717055
0 0.484262511 0.860911173 0.500000000 0.500000000 0.000000000 0.000000000 0.994216323 0.016914587 0.106055900 -0.162413921 -0.014800017 0.999676287 -0.020693753 -0.065830653 -0.106371596 0.019004438 0.994144797 -0.692877786
0 0.484262511 0.860911173 0.500000000 0.500000000 0.000000000 0.000000000 0.994189382 0.017196745 0.106262833 -0.163346843 -0.015063147 0.999669135 -0.020848624 -0.067506180 -0.106586210 0.019126829 0.994119465 -0.702084550
0 0.484262511 0.860911173 0.500000000 0.500000000 0.000000000 0.000000000 0.994161308 0.017471896 0.106480211 -0.164231978 -0.015300817 0.999658763 -0.021172523 -0.068620224 -0.106813803 0.019419670 0.994089365 -0.711874558
0 0.484262511 0.860911173 0.500000000 0.500000000 0.000000000 0.000000000 0.994149327 0.017477538 0.106591158 -0.164654769 -0.015261179 0.999650776 -0.021573491 -0.069281043 -0.106930986 0.019820565 0.994068861 -0.721201564
0 0.484262511 0.860911173 0.500000000 0.500000000 0.000000000 0.000000000 0.994141698 0.017516425 0.106656022 -0.165085988 -0.015271244 0.999645054 -0.021831181 -0.070270739 -0.107000567 0.020074517 0.994056284 -0.730709199
0 0.484262511 0.860911173 0.500000000 0.500000000 0.000000000 0.000000000 0.994121850 0.017553732 0.106834471 -0.165846310 -0.015281294 0.999640048 -0.022052294 -0.071435037 -0.107183114 0.020290099 0.994032264 -0.740642790
0 0.484262511 0.860911173 0.500000000 0.500000000 0.000000000 0.000000000 0.994127333 0.017548062 0.106784314 -0.166094394 -0.015259107 0.999636769 -0.022214798 -0.072391214 -0.107135355 0.020454904 0.994033992 -0.750107174
0 0.484262511 0.860911173 0.500000000 0.500000000 0.000000000 0.000000000 0.994112253 0.017610934 0.106914453 -0.167032570 -0.015305469 0.999633133 -0.022346077 -0.073558549 -0.107268766 0.020578133 0.994017065 -0.759651592
0 0.484262511 0.860911173 0.500000000 0.500000000 0.000000000 0.000000000 0.994128764 0.017426124 0.106791057 -0.166974759 -0.015079465 0.999627650 -0.022742581 -0.073786453 -0.107147612 0.020998701 0.994021356 -0.769933020
0 0.484262511 0.860911173 0.500000000 0.500000000 0.000000000 0.000000000 0.994132578 0.017139943 0.106802113 -0.167402895 -0.014779629 0.999629617 -0.022852395 -0.074675080 -0.107154243 0.021139814 0.994017661 -0.779869943
0 0.484262511 0.860911173 0.500000000 0.500000000 0.000000000 0.000000000 0.994153917 0.016930439 0.106636740 -0.167164250 -0.014554430 0.999629021 -0.023020349 -0.075234575 -0.106986925 0.021333734 0.994031549 -0.789676302
0 0.484262511 0.860911173 0.500000000 0.500000000 0.000000000 0.000000000 0.994180322 0.016637802 0.106436223 -0.167125617 -0.014247872 0.999629855 -0.023175292 -0.075741271 -0.106782414 0.021523930 0.994049430 -0.799568489
0 0.484262511 0.860911173 0.500000000 0.500000000 0.000000000 0.000000000 0.994217694 0.016268376 0.106143728 -0.166337709 -0.013864322 0.999631286 -0.023347812 -0.076073225 -0.106484413 0.021741197 0.994076669 -0.809375943
0 0.484262511 0.860911173 0.500000000 0.500000000 0.000000000 0.000000000 0.994247019 0.015750963 0.105947301 -0.165944288 -0.013342946 0.999637187 -0.023399027 -0.076419529 -0.106277421 0.021850763 0.994096398 -0.818892653
0 0.484262511 0.860911173 0.500000000 0.500000000 0.000000000 0.000000000 0.994263947 0.015263949 0.105859689 -0.165665700 -0.012842327 0.999640882 -0.023519851 -0.076824293 -0.106180675 0.022025455 0.994102895 -0.828455599
0 0.484262511 0.860911173 0.500000000 0.500000000 0.000000000 0.000000000 0.994299352 0.014795746 0.105592974 -0.164800670 -0.012355715 0.999642193 -0.023724800 -0.077073580 -0.105906211 0.022284877 0.994126379 -0.837970289
0 0.484262511 0.860911173 0.500000000 0.500000000 0.000000000 0.000000000 0.994326711 0.014213854 0.105415322 -0.164336847 -0.011723759 0.999638319 -0.024203949 -0.076832224 -0.105721220 0.022830769 0.994133711 -0.847558739
0 0.484262511 0.860911173 0.500000000 0.500000000 0.000000000 0.000000000 0.994370878 0.013737237 0.105061263 -0.163264867 -0.011265006 0.999646366 -0.024088660 -0.078721582 -0.105355017 0.022769548 0.994173944 -0.856792318
0 0.484262511 0.860911173 0.500000000 0.500000000 0.000000000 0.000000000 0.994413435 0.013298230 0.104714036 -0.162241031 -0.010785716 0.999641061 -0.024523890 -0.079088516 -0.105002575 0.023257472 0.994199932 -0.866134508
0 0.484262511 0.860911173 0.500000000 0.500000000 0.000000000 0.000000000 0.994452417 0.012735188 0.104413815 -0.161600631 -0.010189285 0.999638498 -0.024880093 -0.079543083 -0.104692921 0.023678167 0.994222701 -0.875464553
0 0.484262511 0.860911173 0.500000000 0.500000000 0.000000000 0.000000000 0.994501770 0.012189849 0.104008153 -0.160805428 -0.009636095 0.999640465 -0.025020679 -0.080698075 -0.104275756 0.023880877 0.994261682 -0.884827996
0 0.484262511 0.860911173 0.500000000 0.500000000 0.000000000 0.000000000 0.994555593 0.011613769 0.103558339 -0.159752956 -0.009037021 0.999638617 -0.025316671 -0.081346978 -0.103814937 0.024242977 0.994301140 -0.894090516
0 0.484262511 0.860911173 0.500000000 0.500000000 0.000000000 0.000000000 0.994619727 0.010883775 0.103020065 -0.158275719 -0.008289834 0.999638557 -0.025573736 -0.081812327 -0.103261165 0.024582123 0.994350493 -0.903158354
0 0.484262511 0.860911173 0.500000000 0.500000000 0.000000000 0.000000000 0.994661093 0.010292064 0.102680854 -0.157474655 -0.007686458 0.999639153 -0.025739267 -0.082597854 -0.102908708 0.024812596 0.994381309 -0.912227270
0 0.484262511 0.860911173 0.500000000 0.500000000 0.000000000 0.000000000 0.994712234 0.009638559 0.102248162 -0.156363891 -0.007032061 0.999641836 -0.025821783 -0.083500350 -0.102460422 0.024966229 0.994423747 -0.921044472
0 0.484262511 0.860911173 0.500000000 0.500000000 0.000000000 0.000000000 0.994789779 0.008824395 0.101564981 -0.154222142 -0.006210441 0.999642015 -0.026024256 -0.083909950 -0.101758271 0.025257900 0.994488478 -0.929741513
0 0.484262511 0.860911173 0.500000000 0.500000000 0.000000000 0.000000000 0.994831562 0.008108547 0.101214625 -0.153265519 -0.005483619 0.999642074 -0.026185609 -0.084282981 -0.101390727 0.025495250 0.994519949 -0.938449173
0 0.484262511 0.860911173 0.500000000 0.500000000 0.000000000 0.000000000 0.994899511 0.007416946 0.100598022 -0.151668614 -0.004795564 0.999643266 -0.026274830 -0.084891443 -0.100757010 0.025658391 0.994580150 -0.946681565
0 0.484262511 0.860911173 0.500000000 0.500000000 0.000000000 0.000000000 0.994946957 0.006774168 0.100173339 -0.150311611 -0.004183986 0.999652028 -0.026044520 -0.086012744 -0.100314915 0.025493791 0.994629085 -0.955411025
0 0.484262511 0.860911173 0.500000000 0.500000000 0.000000000 0.000000000 0.994996309 0.006231330 0.099716976 -0.149037659 -0.003662648 0.999657273 -0.025922094 -0.086707468 -0.099844329 0.025427161 0.994678140 -0.963566220
0 0.484262511 0.860911173 0.500000000 0.500000000 0.000000000 0.000000000 0.995054781 0.005755388 0.099160746 -0.147385947 -0.003201919 0.999659657 -0.025890730 -0.086885893 -0.099276006 0.025445191 0.994734526 -0.971225444
0 0.484262511 0.860911173 0.500000000 0.500000000 0.000000000 0.000000000 0.995105386 0.005339447 0.098674983 -0.145763352 -0.002824781 0.999668121 -0.025606489 -0.087599862 -0.098778956 0.025202420 0.994790196 -0.979308096
0 0.484262511 0.860911173 0.500000000 0.500000000 0.000000000 0.000000000 0.995159388 0.004664927 0.098163560 -0.143935078 -0.002185002 0.999676108 -0.025355551 -0.087973915 -0.098250054 0.025018327 0.994847238 -0.987049467
0 0.484262511 0.860911173 0.500000000 0.500000000 0.000000000 0.000000000 0.995214462 0.004117068 0.097628042 -0.142194409 -0.001683169 0.999686062 -0.024999594 -0.088854604 -0.097700313 0.024715634 0.994908929 -0.994629312
0 0.484262511 0.860911173 0.500000000 0.500000000 0.000000000 0.000000000 0.995279372 0.003560568 0.096986085 -0.139902499 -0.001157027 0.999691069 -0.024827307 -0.088894766 -0.097044528 0.024597891 0.994976044 -1.002488524
0 0.484262511 0.860911173 0.500000000 0.500000000 0.000000000 0.000000000 0.995324731 0.002893205 0.096542008 -0.138564206 -0.000544014 0.999703348 -0.024350815 -0.090130626 -0.096583821 0.024184447 0.995030999 -1.009520917
0 0.484262511 0.860911173 0.500000000 0.500000000 0.000000000 0.000000000 0.995394409 0.002395802 0.095834307 -0.135992985 -0.000089386 0.999710441 -0.024063760 -0.090316261 -0.095864207 0.023944367 0.995106399 -1.017601806
