0 0.696519244 1.238256397 0.500000000 0.500000000 0.000000000 0.000000000 0.977185309 0.135116994 -0.163866460 0.615969730 -0.131649733 0.990783274 0.031888608 -0.014335512 0.166664839 -0.009588107 0.985966980 -0.115953143
0 0.696519244 1.238256397 0.500000000 0.500000000 0.000000000 0.000000000 0.976473510 0.136944324 -0.166570410 0.622334323 -0.133425862 0.990535975 0.032187369 -0.014623846 0.169401854 -0.009205315 0.985504091 -0.116448905
0 0.696519244 1.238256397 0.500000000 0.500000000 0.000000000 0.000000000 0.975690663 0.138858616 -0.169546500 0.629237879 -0.135273829 0.990272701 0.032572128 -0.014901412 0.172420189 -0.008845119 0.984983802 -0.117016622
0 0.696519244 1.238256397 0.500000000 0.500000000 0.000000000 0.000000000 0.975002289 0.140637740 -0.172021866 0.635165752 -0.136989757 0.990024030 0.032957561 -0.015397612 0.174940854 -0.008568465 0.984541655 -0.117693019
0 0.696519244 1.238256397 0.500000000 0.500000000 0.000000000 0.000000000 0.974139154 0.142670870 -0.175208390 0.642611746 -0.138957277 0.989736736 0.033348203 -0.015982475 0.178167999 -0.008139309 0.983966410 -0.118089533
0 0.696519244 1.238256397 0.500000000 0.500000000 0.000000000 0.000000000 0.973328173 0.144566789 -0.178136781 0.649564623 -0.140816703 0.989465833 0.033586696 -0.016167754 0.181115761 -0.007606246 0.983432353 -0.118566375
0 0.696519244 1.238256397 0.500000000 0.500000000 0.000000000 0.000000000 0.972513735 0.146627694 -0.180879414 0.656030229 -0.142777666 0.989163816 0.034197133 -0.017190894 0.183933616 -0.007431640 0.982910573 -0.119024280
0 0.696519244 1.238256397 0.500000000 0.500000000 0.000000000 0.000000000 0.971741498 0.148363888 -0.183593720 0.662155332 -0.144489497 0.988908887 0.034379955 -0.017276902 0.186658204 -0.006881065 0.982400835 -0.119494297
0 0.696519244 1.238256397 0.500000000 0.500000000 0.000000000 0.000000000 0.970875621 0.150410205 -0.186486617 0.668830933 -0.146469280 0.988602400 0.034814458 -0.018002098 0.189597577 -0.006485947 0.981840491 -0.119880970
0 0.696519244 1.238256397 0.500000000 0.500000000 0.000000000 0.000000000 0.970024765 0.152329132 -0.189335167 0.675871543 -0.148301795 0.988310337 0.035344992 -0.018700546 0.192505971 -0.006206774 0.981276155 -0.120253942
0 0.696519244 1.238256397 0.500000000 0.500000000 0.000000000 0.000000000 0.969230473 0.154218256 -0.191856921 0.681616589 -0.150137678 0.988019705 0.035717573 -0.019242306 0.195066720 -0.005813605 0.980772734 -0.120685467
0 0.696519244 1.238256397 0.500000000 0.500000000 0.000000000 0.000000000 0.968314707 0.156111300 -0.194925338 0.688988405 -0.151988059 0.987725437 0.036028314 -0.019622776 0.198157147 -0.005260421 0.980156124 -0.120927068
0 0.696519244 1.238256397 0.500000000 0.500000000 0.000000000 0.000000000 0.967458606 0.158000439 -0.197635248 0.695479611 -0.153800979 0.987426698 0.036520638 -0.020197892 0.200920612 -0.004935708 0.979595065 -0.121136202
0 0.696519244 1.238256397 0.500000000 0.500000000 0.000000000 0.000000000 0.966671050 0.159646049 -0.200150505 0.701703560 -0.155396774 0.987163901 0.036868505 -0.020219314 0.203467265 -0.004536973 0.979071259 -0.121560893
0 0.696519244 1.238256397 0.500000000 0.500000000 0.000000000 0.000000000 0.965802789 0.161382183 -0.202930391 0.708900150 -0.157049015 0.986882865 0.037386902 -0.020514834 0.206302106 -0.004238357 0.978479147 -0.122210650
0 0.696519244 1.238256397 0.500000000 0.500000000 0.000000000 0.000000000 0.965176582 0.162689254 -0.204856902 0.714258327 -0.158376127 0.986670613 0.037390824 -0.020189322 0.208209381 -0.003644302 0.978077471 -0.122721480
0 0.696519244 1.238256397 0.500000000 0.500000000 0.000000000 0.000000000 0.964364052 0.164233357 -0.207435265 0.721206833 -0.159829482 0.986415565 0.037932504 -0.020636146 0.210847154 -0.003426474 0.977513015 -0.123064265
0 0.696519244 1.238256397 0.500000000 0.500000000 0.000000000 0.000000000 0.963660419 0.165515512 -0.209674045 0.727477167 -0.161070988 0.986202419 0.038221564 -0.020495282 0.213107318 -0.003060204 0.977024019 -0.123566847
0 0.696519244 1.238256397 0.500000000 0.500000000 0.000000000 0.000000000 0.963021338 0.166690484 -0.211670056 0.733552441 -0.162237018 0.986005843 0.038361963 -0.020344053 0.215102479 -0.002602668 0.976588011 -0.124152302
0 0.696519244 1.238256397 0.500000000 0.500000000 0.000000000 0.000000000 0.962312102 0.167955175 -0.213884160 0.740221089 -0.163533598 0.985792756 0.038332138 -0.019958146 0.217283532 -0.001910238 0.976106644 -0.124775782
0 0.696519244 1.238256397 0.500000000 0.500000000 0.000000000 0.000000000 0.961684167 0.169099867 -0.215798125 0.746259174 -0.164620936 0.985597491 0.038698446 -0.020566021 0.219233990 -0.001690793 0.975670874 -0.125241118
0 0.696519244 1.238256397 0.500000000 0.500000000 0.000000000 0.000000000 0.961084366 0.169977009 -0.217772022 0.752550292 -0.165509209 0.985447347 0.038733494 -0.019959681 0.221186653 -0.001182880 0.975230753 -0.125896134
0 0.696519244 1.238256397 0.500000000 0.500000000 0.000000000 0.000000000 0.960371673 0.171149448 -0.219986647 0.759659660 -0.166696578 0.985244930 0.038790774 -0.019370043 0.223379746 -0.000582538 0.974731326 -0.126411831
0 0.696519244 1.238256397 0.500000000 0.500000000 0.000000000 0.000000000 0.959784448 0.172038376 -0.221848249 0.765921072 -0.167570174 0.985090256 0.038954895 -0.019289975 0.225242287 -0.000213150 0.974302769 -0.127250586
0 0.696519244 1.238256397 0.500000000 0.500000000 0.000000000 0.000000000 0.959217310 0.173018485 -0.223532423 0.771789185 -0.168550819 0.984918535 0.039064839 -0.019116703 0.226920173 0.000204903 0.973913312 -0.127929468
0 0.696519244 1.238256397 0.500000000 0.500000000 0.000000000 0.000000000 0.958668828 0.173832521 -0.225247324 0.778223684 -0.169343472 0.984775066 0.039253023 -0.018736169 0.228641406 0.000513517 0.973510563 -0.128564901
0 0.696519244 1.238256397 0.500000000 0.500000000 0.000000000 0.000000000 0.958139479 0.174698487 -0.226824015 0.784393610 -0.170187280 0.984621644 0.039452430 -0.018216129 0.230228126 0.000801630 0.973136365 -0.129463630
0 0.696519244 1.238256397 0.500000000 0.500000000 0.000000000 0.000000000 0.957546949 0.175489500 -0.228707761 0.791059070 -0.170971140 0.984480560 0.039583731 -0.018010371 0.232104883 0.001199146 0.972690046 -0.130200818
0 0.696519244 1.238256397 0.500000000 0.500000000 0.000000000 0.000000000 0.956979215 0.176379859 -0.230393082 0.797072363 -0.171852648 0.984320939 0.039736338 -0.017769010 0.233789414 0.001566812 0.972285986 -0.130649520
0 0.696519244 1.238256397 0.500000000 0.500000000 0.000000000 0.000000000 0.956378281 0.177173108 -0.232271925 0.803741160 -0.172674298 0.984177411 0.039728511 -0.017432622 0.235635608 0.002111908 0.971839190 -0.131285913
0 0.696519244 1.238256397 0.500000000 0.500000000 0.000000000 0.000000000 0.955736876 0.178076699 -0.234213069 0.810511885 -0.173548073 0.984013617 0.039978974 -0.017479072 0.237588167 0.002437849 0.971362948 -0.131699595
0 0.696519244 1.238256397 0.500000000 0.500000000 0.000000000 0.000000000 0.955217540 0.178919435 -0.235684767 0.816142177 -0.174452603 0.983859003 0.039846927 -0.016716081 0.239009976 0.003053338 0.971012294 -0.132354029
0 0.696519244 1.238256397 0.500000000 0.500000000 0.000000000 0.000000000 0.954578578 0.179832354 -0.237571269 0.822730683 -0.175312430 0.983691812 0.040199008 -0.017025431 0.240925983 0.003276085 0.970537961 -0.132834526
0 0.696519244 1.238256397 0.500000000 0.500000000 0.000000000 0.000000000 0.953998625 0.180670783 -0.239258632 0.828586990 -0.176178366 0.983536363 0.040217403 -0.016423809 0.242585674 0.003784846 0.970122576 -0.133550874
0 0.696519244 1.238256397 0.500000000 0.500000000 0.000000000 0.000000000 0.953394771 0.181727245 -0.240860179 0.834114621 -0.177201092 0.983340621 0.040509701 -0.016527065 0.244209304 0.004058952 0.969714046 -0.133899803
0 0.696519244 1.238256397 0.500000000 0.500000000 0.000000000 0.000000000 0.952692449 0.182763666 -0.242846772 0.840823588 -0.178254202 0.983146131 0.040609807 -0.016587756 0.246175855 0.004599801 0.969214261 -0.134451391
0 0.696519244 1.238256397 0.500000000 0.500000000 0.000000000 0.000000000 0.951989114 0.183952585 -0.244700074 0.846820462 -0.179461449 0.982921660 0.040725909 -0.016523219 0.248012647 0.005143609 0.968743145 -0.134743857
0 0.696519244 1.238256397 0.500000000 0.500000000 0.000000000 0.000000000 0.951268733 0.185086176 -0.246639192 0.852669885 -0.180545270 0.982707322 0.041106474 -0.016790642 0.249982387 0.005426236 0.968235195 -0.134960174
0 0.696519244 1.238256397 0.500000000 0.500000000 0.000000000 0.000000000 0.950632572 0.186196491 -0.248251066 0.857472622 -0.181656316 0.982495129 0.041283730 -0.016707091 0.251592338 0.005850718 0.967815638 -0.135351033
0 0.696519244 1.238256397 0.500000000 0.500000000 0.000000000 0.000000000 0.949844122 0.187419817 -0.250339597 0.863656801 -0.182869881 0.982259512 0.041531626 -0.017019269 0.253682286 0.006330999 0.967266858 -0.135597406
0 0.696519244 1.238256397 0.500000000 0.500000000 0.000000000 0.000000000 0.949069381 0.188791350 -0.252240151 0.868873558 -0.184255511 0.981993020 0.041708369 -0.017504672 0.255572230 0.006892501 0.966765404 -0.135715642
0 0.696519244 1.238256397 0.500000000 0.500000000 0.000000000 0.000000000 0.948261142 0.189995676 -0.254366726 0.874756652 -0.185429797 0.981757760 0.042041074 -0.017770844 0.257714123 0.007301252 0.966193616 -0.135630050
0 0.696519244 1.238256397 0.500000000 0.500000000 0.000000000 0.000000000 0.947495937 0.191327676 -0.256213218 0.879621352 -0.186705485 0.981496930 0.042483538 -0.018348714 0.259600759 0.007583431 0.965686262 -0.135746991
0 0.696519244 1.238256397 0.500000000 0.500000000 0.000000000 0.000000000 0.946563721 0.192916691 -0.258457452 0.884950458 -0.188279405 0.981181502 0.042822633 -0.019181654 0.261854857 0.008127864 0.965073049 -0.135613286
0 0.696519244 1.238256397 0.500000000 0.500000000 0.000000000 0.000000000 0.945747852 0.194183752 -0.260487318 0.890227483 -0.189536706 0.980927348 0.043096997 -0.019293737 0.263887882 0.008613016 0.964514911 -0.135562235
0 0.696519244 1.238256397 0.500000000 0.500000000 0.000000000 0.000000000 0.944767594 0.195738032 -0.262870252 0.896025365 -0.191017047 0.980615258 0.043660220 -0.020281472 0.266320527 0.008963938 0.963842869 -0.135430716
0 0.696519244 1.238256397 0.500000000 0.500000000 0.000000000 0.000000000 0.943844438 0.197347119 -0.264975071 0.900709903 -0.192687705 0.980284929 0.043736927 -0.020489465 0.268382430 0.009776585 0.963262856 -0.135332680
0 0.696519244 1.238256397 0.500000000 0.500000000 0.000000000 0.000000000 0.942872941 0.198888123 -0.267271608 0.906204643 -0.194179520 0.979969025 0.044215653 -0.021820486 0.270711869 0.010208928 0.962606311 -0.134968875
0 0.696519244 1.238256397 0.500000000 0.500000000 0.000000000 0.000000000 0.942016721 0.200475931 -0.269098371 0.910096452 -0.195733652 0.979640961 0.044630785 -0.022478174 0.272567183 0.010628661 0.962078035 -0.134633824
0 0.696519244 1.238256397 0.500000000 0.500000000 0.000000000 0.000000000 0.940941811 0.202144355 -0.271599382 0.915687307 -0.197313309 0.979294181 0.045281563 -0.023572217 0.275129110 0.010982857 0.961344540 -0.134423243
0 0.696519244 1.238256397 0.500000000 0.500000000 0.000000000 0.000000000 0.939924657 0.203823805 -0.273856789 0.920408139 -0.198985711 0.978938937 0.045642424 -0.024236293 0.277392089 0.011593146 0.960686862 -0.134082678
0 0.696519244 1.238256397 0.500000000 0.500000000 0.000000000 0.000000000 0.939027250 0.205377772 -0.275767595 0.924133784 -0.200466260 0.978610456 0.046203971 -0.025467398 0.279358327 0.011895308 0.960113227 -0.134023073
0 0.696519244 1.238256397 0.500000000 0.500000000 0.000000000 0.000000000 0.937899709 0.207106069 -0.278300583 0.929493201 -0.202149838 0.978239417 0.046723053 -0.026411716 0.281921238 0.012436884 0.959356964 -0.133356084
0 0.696519244 1.238256397 0.500000000 0.500000000 0.000000000 0.000000000 0.936918020 0.208712786 -0.280398905 0.934200274 -0.203676313 0.977893651 0.047328588 -0.027401164 0.284078389 0.012767610 0.958716035 -0.133019561
0 0.696519244 1.238256397 0.500000000 0.500000000 0.000000000 0.000000000 0.935932457 0.210273281 -0.282516509 0.937952559 -0.205179393 0.977553785 0.047853474 -0.028423422 0.286237389 0.013178945 0.958068073 -0.133057589
0 0.696519244 1.238256397 0.500000000 0.500000000 0.000000000 0.000000000 0.934856832 0.211973280 -0.284798265 0.942962557 -0.206827551 0.977179945 0.048391744 -0.029286784 0.288556904 0.013664775 0.957365215 -0.132505767
0 0.696519244 1.238256397 0.500000000 0.500000000 0.000000000 0.000000000 0.933925688 0.213459566 -0.286736548 0.946391419 -0.208343580 0.976846695 0.048615515 -0.030246911 0.290475100 0.014336442 0.956775129 -0.132500908
0 0.696519244 1.238256397 0.500000000 0.500000000 0.000000000 0.000000000 0.932914734 0.215059087 -0.288824707 0.950279328 -0.209993273 0.976484001 0.048804466 -0.030880772 0.292528540 0.015120839 0.956137240 -0.131973236
0 0.696519244 1.238256397 0.500000000 0.500000000 0.000000000 0.000000000 0.931824863 0.216769129 -0.291056037 0.954884860 -0.211583957 0.976101637 0.049576417 -0.032279020 0.294846922 0.015386252 0.955420613 -0.131588599
0 0.696519244 1.238256397 0.500000000 0.500000000 0.000000000 0.000000000 0.930802286 0.218238458 -0.293221802 0.959183916 -0.213035047 0.975765228 0.049982566 -0.033170375 0.297023773 0.015942635 0.954737008 -0.131098711
0 0.696519244 1.238256397 0.500000000 0.500000000 0.000000000 0.000000000 0.929870367 0.219702542 -0.295079559 0.962767162 -0.214440629 0.975430489 0.050503563 -0.033961814 0.298925370 0.016315281 0.954137027 -0.130698008
0 0.696519244 1.238256397 0.500000000 0.500000000 0.000000000 0.000000000 0.928786457 0.221188173 -0.297374368 0.967283544 -0.215853155 0.975087702 0.051101856 -0.035017381 0.301269233 0.016726485 0.953392386 -0.130253451
0 0.696519244 1.238256397 0.500000000 0.500000000 0.000000000 0.000000000 0.927788436 0.222629473 -0.299407214 0.971209848 -0.217248157 0.974751830 0.051595781 -0.036020455 0.303334475 0.017175699 0.952729344 -0.129731551
0 0.696519244 1.238256397 0.500000000 0.500000000 0.000000000 0.000000000 0.926734447 0.224109918 -0.301559240 0.975392981 -0.218799874 0.974397063 0.051739980 -0.036815054 0.305433869 0.018031899 0.952042520 -0.129186564
0 0.696519244 1.238256397 0.500000000 0.500000000 0.000000000 0.000000000 0.925676107 0.225620672 -0.303675920 0.979455275 -0.220246345 0.974040389 0.052315194 -0.038139346 0.307595998 0.018456588 0.951338053 -0.128493537
0 0.696519244 1.238256397 0.500000000 0.500000000 0.000000000 0.000000000 0.924870014 0.226836562 -0.305222243 0.982434266 -0.221483842 0.973747373 0.052544471 -0.038438885 0.309128374 0.019004989 0.950830400 -0.128215460
0 0.696519244 1.238256397 0.500000000 0.500000000 0.000000000 0.000000000 0.923780143 0.228384480 -0.307360888 0.986812506 -0.222981185 0.973375916 0.053091817 -0.039517892 0.311303049 0.019490531 0.950110793 -0.127835044
0 0.696519244 1.238256397 0.500000000 0.500000000 0.000000000 0.000000000 0.922653019 0.229860619 -0.309637725 0.991538895 -0.224412486 0.973017812 0.053622700 -0.040732660 0.313608766 0.020011431 0.949341416 -0.127028246
0 0.696519244 1.238256397 0.500000000 0.500000000 0.000000000 0.000000000 0.921701789 0.231218413 -0.311454415 0.994739861 -0.225763842 0.972684801 0.053990867 -0.041733435 0.315430641 0.020551665 0.948726058 -0.126427189
0 0.696519244 1.238256397 0.500000000 0.500000000 0.000000000 0.000000000 0.920726538 0.232375354 -0.313471407 0.998376498 -0.226888776 0.972399056 0.054419823 -0.042368910 0.317465127 0.021017365 0.948037028 -0.125532645
0 0.696519244 1.238256397 0.500000000 0.500000000 0.000000000 0.000000000 0.919580042 0.233864546 -0.315721303 1.002931980 -0.228369087 0.972027957 0.054856081 -0.043576915 0.319718838 0.021656429 0.947264969 -0.124856023
0 0.696519244 1.238256397 0.500000000 0.500000000 0.000000000 0.000000000 0.918664277 0.235160947 -0.317419767 1.006033354 -0.229694203 0.971701086 0.055114102 -0.044345025 0.321397841 0.022278126 0.946682155 -0.124111361
0 0.696519244 1.238256397 0.500000000 0.500000000 0.000000000 0.000000000 0.917633533 0.236539558 -0.319370776 1.009876433 -0.231082126 0.971351922 0.055466685 -0.045223386 0.323341459 0.022902785 0.946005166 -0.123470500
0 0.696519244 1.238256397 0.500000000 0.500000000 0.000000000 0.000000000 0.916471660 0.237954661 -0.321647733 1.014250557 -0.232465535 0.970992565 0.055974711 -0.046267029 0.325637013 0.023472777 0.945203483 -0.122399805
0 0.696519244 1.238256397 0.500000000 0.500000000 0.000000000 0.000000000 0.915464997 0.239339411 -0.323481858 1.017957895 -0.233842805 0.970638514 0.056377653 -0.047291277 0.327477336 0.024032135 0.944553375 -0.121701397
0 0.696519244 1.238256397 0.500000000 0.500000000 0.000000000 0.000000000 0.914347231 0.240853593 -0.325512946 1.022055008 -0.235332862 0.970249534 0.056870662 -0.048291905 0.329526305 0.024604362 0.943825722 -0.120912496
0 0.696519244 1.238256397 0.500000000 0.500000000 0.000000000 0.000000000 0.913298309 0.242348969 -0.327342540 1.025701004 -0.236816362 0.969862461 0.057313565 -0.049559005 0.331367135 0.025175689 0.943165958 -0.120156601
0 0.696519244 1.238256397 0.500000000 0.500000000 0.000000000 0.000000000 0.912001073 0.243932158 -0.329774410 1.030428459 -0.238470137 0.969440579 0.057593066 -0.050581005 0.333745509 0.026116410 0.942301393 -0.119055414
0 0.696519244 1.238256397 0.500000000 0.500000000 0.000000000 0.000000000 0.910896480 0.245501325 -0.331657499 1.033705508 -0.240016907 0.969028890 0.058093991 -0.051951301 0.335647851 0.026685800 0.941609442 -0.117941466
0 0.696519244 1.238256397 0.500000000 0.500000000 0.000000000 0.000000000 0.909775138 0.246944696 -0.333657801 1.037867178 -0.241396382 0.968649507 0.058702126 -0.052991473 0.337693661 0.027138058 0.940864801 -0.117009902
0 0.696519244 1.238256397 0.500000000 0.500000000 0.000000000 0.000000000 0.908597767 0.248470604 -0.335726798 1.041659249 -0.242911413 0.968241155 0.059187096 -0.054171070 0.339770764 0.027774613 0.940098107 -0.115923108
