0 0.484477462 0.861293190 0.500000000 0.500000000 0.000000000 0.000000000 0.781030476 -0.037290331 0.623378515 -1.274047947 0.069947429 0.997157991 -0.027987368 0.104793319 -0.620563209 0.065462716 0.781419158 -2.700645942
0 0.484477462 0.861293190 0.500000000 0.500000000 0.000000000 0.000000000 0.783224702 -0.037437070 0.620610595 -1.263531327 0.069559053 0.997195065 -0.027631346 0.102969597 -0.617835402 0.064810641 0.783631921 -2.719263968
0 0.484477462 0.861293190 0.500000000 0.500000000 0.000000000 0.000000000 0.785452187 -0.037872564 0.617762566 -1.252345338 0.069770224 0.997181892 -0.027575873 0.103791301 -0.614977241 0.064760961 0.785881042 -2.738247655
0 0.484477462 0.861293190 0.500000000 0.500000000 0.000000000 0.000000000 0.787762225 -0.037898164 0.614812493 -1.241641956 0.069330484 0.997218430 -0.027363118 0.102564959 -0.612065315 0.064180881 0.788198471 -2.757082747
0 0.484477462 0.861293190 0.500000000 0.500000000 0.000000000 0.000000000 0.790285051 -0.038383331 0.611535966 -1.229378368 0.069380611 0.997222960 -0.027069094 0.102497671 -0.608798683 0.063821040 0.790753424 -2.776571191
0 0.484477462 0.861293190 0.500000000 0.500000000 0.000000000 0.000000000 0.792939425 -0.038521212 0.608081579 -1.216075536 0.069161400 0.997239709 -0.027012693 0.102963884 -0.605362535 0.063475199 0.793414831 -2.796275806
0 0.484477462 0.861293190 0.500000000 0.500000000 0.000000000 0.000000000 0.795470595 -0.038620356 0.604760289 -1.203489527 0.068967775 0.997252584 -0.027031513 0.104303263 -0.602054775 0.063211739 0.795948684 -2.816300907
0 0.484477462 0.861293190 0.500000000 0.500000000 0.000000000 0.000000000 0.798002064 -0.038632281 0.601415217 -1.191270065 0.068601944 0.997279644 -0.026965240 0.104519928 -0.598737419 0.062776573 0.798481405 -2.835920370
0 0.484477462 0.861293190 0.500000000 0.500000000 0.000000000 0.000000000 0.800570250 -0.038780618 0.597982705 -1.178325052 0.068441123 0.997291028 -0.026951227 0.105677443 -0.595317602 0.062502958 0.801055729 -2.855471757
0 0.484477462 0.861293190 0.500000000 0.500000000 0.000000000 0.000000000 0.803014755 -0.038633544 0.594705641 -1.166293926 0.067802727 0.997339725 -0.026762519 0.104375478 -0.592089653 0.061813358 0.803497970 -2.874310504
0 0.484477462 0.861293190 0.500000000 0.500000000 0.000000000 0.000000000 0.805600882 -0.038735300 0.591190994 -1.152128561 0.067297012 0.997384846 -0.026354479 0.102706307 -0.588624120 0.061016578 0.806100905 -2.894082506
0 0.484477462 0.861293190 0.500000000 0.500000000 0.000000000 0.000000000 0.808038354 -0.038578939 0.587865412 -1.139689496 0.066797405 0.997418344 -0.026358970 0.102641183 -0.585330784 0.060566943 0.808529198 -2.912729156
0 0.484477462 0.861293190 0.500000000 0.500000000 0.000000000 0.000000000 0.810322225 -0.038634267 0.584709525 -1.128488716 0.066574797 0.997433245 -0.026358278 0.103503593 -0.582190394 0.060285617 0.810814381 -2.930414061
0 0.484477462 0.861293190 0.500000000 0.500000000 0.000000000 0.000000000 0.812829435 -0.038574535 0.581223130 -1.115690947 0.066013224 0.997476876 -0.026117820 0.102232092 -0.578749180 0.059597746 0.813324988 -2.949005346
0 0.484477462 0.861293190 0.500000000 0.500000000 0.000000000 0.000000000 0.815424860 -0.038652897 0.577570975 -1.101229882 0.065685749 0.997502089 -0.025980266 0.101867029 -0.575124025 0.059123136 0.815926969 -2.967758376
0 0.484477462 0.861293190 0.500000000 0.500000000 0.000000000 0.000000000 0.817861617 -0.038722739 0.574110568 -1.089095200 0.065465398 0.997516572 -0.025979429 0.102606554 -0.571678817 0.058831953 0.818365514 -2.985627567
0 0.484477462 0.861293190 0.500000000 0.500000000 0.000000000 0.000000000 0.820431828 -0.038698375 0.570433199 -1.075278135 0.065068848 0.997544289 -0.025912257 0.102200095 -0.568029642 0.058376674 0.820935130 -3.003338461
0 0.484477462 0.861293190 0.500000000 0.500000000 0.000000000 0.000000000 0.822967291 -0.038789880 0.566762924 -1.061256497 0.064828292 0.997561336 -0.025859632 0.102215800 -0.564377666 0.058023904 0.823475003 -3.020955852
0 0.484477462 0.861293190 0.500000000 0.500000000 0.000000000 0.000000000 0.825544059 -0.038818877 0.563000977 -1.045958888 0.064544201 0.997579753 -0.025859907 0.102037406 -0.560634494 0.057686940 0.826051533 -3.038613587
0 0.484477462 0.861293190 0.500000000 0.500000000 0.000000000 0.000000000 0.827929020 -0.038996987 0.559475482 -1.032759714 0.064583227 0.997572541 -0.026038678 0.104146866 -0.557101905 0.057690907 0.828437805 -3.055627306
0 0.484477462 0.861293190 0.500000000 0.500000000 0.000000000 0.000000000 0.830274820 -0.039075445 0.555982769 -1.019507551 0.064399913 0.997583866 -0.026059428 0.104636586 -0.553621173 0.057441730 0.830785215 -3.072972190
0 0.484477462 0.861293190 0.500000000 0.500000000 0.000000000 0.000000000 0.832705557 -0.039107159 0.552333295 -1.004976692 0.064135842 0.997600913 -0.026058430 0.104894741 -0.549989104 0.057123359 0.833216012 -3.090371264
0 0.484477462 0.861293190 0.500000000 0.500000000 0.000000000 0.000000000 0.835286081 -0.039174370 0.548418224 -0.989094993 0.063845769 0.997621536 -0.025980696 0.104380370 -0.546096027 0.056715496 0.835800469 -3.107860979
0 0.484477462 0.861293190 0.500000000 0.500000000 0.000000000 0.000000000 0.838026822 -0.039318852 0.544210494 -0.971633533 0.063699603 0.997630060 -0.026012560 0.104623142 -0.541897953 0.056465220 0.838545322 -3.125634922
0 0.484477462 0.861293190 0.500000000 0.500000000 0.000000000 0.000000000 0.840779901 -0.039589912 0.539927602 -0.954492147 0.063666895 0.997632682 -0.025991736 0.104369123 -0.537620366 0.056228843 0.841310084 -3.144073093
0 0.484477462 0.861293190 0.500000000 0.500000000 0.000000000 0.000000000 0.843503773 -0.039802529 0.535646439 -0.938105214 0.064129867 0.997579992 -0.026860209 0.110298654 -0.533281088 0.057007622 0.844015062 -3.162233438
0 0.484477462 0.861293190 0.500000000 0.500000000 0.000000000 0.000000000 0.846507192 -0.039999731 0.530872464 -0.917743637 0.064031065 0.997584343 -0.026936138 0.109039002 -0.528512657 0.056793965 0.847023547 -3.181250082
0 0.484477462 0.861293190 0.500000000 0.500000000 0.000000000 0.000000000 0.849343657 -0.039866105 0.526332676 -0.899879264 0.064092323 0.997554779 -0.027867893 0.113360018 -0.523934662 0.057403300 0.849821925 -3.199685825
0 0.484477462 0.861293190 0.500000000 0.500000000 0.000000000 0.000000000 0.852248967 -0.039924152 0.521610677 -0.880689346 0.064232334 0.997525156 -0.028597185 0.116287163 -0.519178092 0.057876196 0.852704227 -3.218756889
0 0.484477462 0.861293190 0.500000000 0.500000000 0.000000000 0.000000000 0.855160475 -0.039900173 0.516825438 -0.860612012 0.064201877 0.997509003 -0.029220937 0.117961378 -0.514372110 0.058169752 0.855591953 -3.237892636
0 0.484477462 0.861293190 0.500000000 0.500000000 0.000000000 0.000000000 0.858000875 -0.039906338 0.512095630 -0.841150477 0.064189166 0.997492254 -0.029814932 0.120068209 -0.509621620 0.058452230 0.858410835 -3.256823972
0 0.484477462 0.861293190 0.500000000 0.500000000 0.000000000 0.000000000 0.860791206 -0.039939001 0.507388830 -0.821831922 0.064374164 0.997453570 -0.030697199 0.123995157 -0.504870772 0.059086610 0.861170292 -3.275754620
0 0.484477462 0.861293190 0.500000000 0.500000000 0.000000000 0.000000000 0.863637745 -0.040083490 0.502516866 -0.801200225 0.064573042 0.997418284 -0.031417269 0.126874652 -0.499960214 0.059582185 0.863996387 -3.294708187
0 0.484477462 0.861293190 0.500000000 0.500000000 0.000000000 0.000000000 0.866657436 -0.040206708 0.497280866 -0.778413777 0.064577706 0.997402608 -0.031902447 0.128460361 -0.494706541 0.059761755 0.867002845 -3.313608105
0 0.484477462 0.861293190 0.500000000 0.500000000 0.000000000 0.000000000 0.869583189 -0.040055774 0.492159158 -0.757342175 0.064307727 0.997402489 -0.032447211 0.129649784 -0.489581048 0.059865184 0.869900286 -3.332164231
0 0.484477462 0.861293190 0.500000000 0.500000000 0.000000000 0.000000000 0.872617304 -0.040053766 0.486759454 -0.734899777 0.064103015 0.997402608 -0.032845113 0.130789359 -0.484179586 0.059863962 0.872918367 -3.350678460
0 0.484477462 0.861293190 0.500000000 0.500000000 0.000000000 0.000000000 0.875715971 -0.039818782 0.481181830 -0.711307704 0.063739195 0.997405410 -0.033463366 0.132657592 -0.478600889 0.059974547 0.875981867 -3.369126786
0 0.484477462 0.861293190 0.500000000 0.500000000 0.000000000 0.000000000 0.878900290 -0.039564442 0.475361943 -0.686294545 0.063183710 0.997429252 -0.033804659 0.132815437 -0.472802430 0.059746053 0.879140615 -3.387262213
0 0.484477462 0.861293190 0.500000000 0.500000000 0.000000000 0.000000000 0.881918669 -0.039073907 0.469779372 -0.663116592 0.062417526 0.997463584 -0.034212615 0.133101328 -0.467251003 0.059495211 0.882120669 -3.405056091
0 0.484477462 0.861293190 0.500000000 0.500000000 0.000000000 0.000000000 0.884983420 -0.038778156 0.464004934 -0.638966340 0.061865114 0.997483552 -0.034631167 0.134598394 -0.461494356 0.059353728 0.885155439 -3.422130896
0 0.484477462 0.861293190 0.500000000 0.500000000 0.000000000 0.000000000 0.887909532 -0.038373847 0.458414763 -0.616381853 0.061272521 0.997500956 -0.035178863 0.136942258 -0.455919206 0.059323873 0.888041854 -3.438529597
0 0.484477462 0.861293190 0.500000000 0.500000000 0.000000000 0.000000000 0.890932977 -0.037826795 0.452556700 -0.591445940 0.060245942 0.997561872 -0.035223275 0.135395771 -0.450120956 0.058646284 0.891039670 -3.454338727
0 0.484477462 0.861293190 0.500000000 0.500000000 0.000000000 0.000000000 0.893726945 -0.037426099 0.447047412 -0.569615435 0.059651442 0.997579336 -0.035738040 0.138367161 -0.444627732 0.058607075 0.893796086 -3.470149337
0 0.484477462 0.861293190 0.500000000 0.500000000 0.000000000 0.000000000 0.896648407 -0.036675267 0.441221654 -0.545828191 0.058393560 0.997653663 -0.035740044 0.135974538 -0.438875645 0.057810757 0.896686196 -3.485452521
0 0.484477462 0.861293190 0.500000000 0.500000000 0.000000000 0.000000000 0.899575770 -0.036098182 0.435270399 -0.521302907 0.057585943 0.997681379 -0.036272712 0.137588424 -0.432951778 0.057695508 0.899568796 -3.500976845
0 0.484477462 0.861293190 0.500000000 0.500000000 0.000000000 0.000000000 0.902534842 -0.035526663 0.429148883 -0.496479270 0.056683678 0.997720540 -0.036615059 0.137937766 -0.426869839 0.057372101 0.902491331 -3.516666982
0 0.484477462 0.861293190 0.500000000 0.500000000 0.000000000 0.000000000 0.905503392 -0.034962840 0.422896266 -0.471456416 0.055807307 0.997755587 -0.037005149 0.138152687 -0.420653284 0.057108987 0.905422211 -3.531753048
0 0.484477462 0.861293190 0.500000000 0.500000000 0.000000000 0.000000000 0.908484161 -0.034281168 0.416510880 -0.444973192 0.054849554 0.997789681 -0.037512962 0.138994698 -0.414304286 0.056925371 0.908356488 -3.547589554
0 0.484477462 0.861293190 0.500000000 0.500000000 0.000000000 0.000000000 0.911324918 -0.033520613 0.410320938 -0.420704528 0.053802244 0.997829139 -0.037978761 0.139348685 -0.408157110 0.056687180 0.911149979 -3.562328902
0 0.484477462 0.861293190 0.500000000 0.500000000 0.000000000 0.000000000 0.914223015 -0.032961302 0.403868526 -0.393524902 0.052857686 0.997870684 -0.038211938 0.137984709 -0.401749045 0.056281790 0.914018631 -3.577745134
0 0.484477462 0.861293190 0.500000000 0.500000000 0.000000000 0.000000000 0.917090058 -0.032350194 0.397365421 -0.365943944 0.051991973 0.997895300 -0.038753290 0.138844340 -0.395275384 0.056200068 0.916841805 -3.593083521
0 0.484477462 0.861293190 0.500000000 0.500000000 0.000000000 0.000000000 0.919656634 -0.031668413 0.391444474 -0.343129778 0.051217515 0.997902155 -0.039598331 0.141360674 -0.389369279 0.056465682 0.919349313 -3.608301860
0 0.484477462 0.861293190 0.500000000 0.500000000 0.000000000 0.000000000 0.922495961 -0.030943269 0.384764433 -0.313536098 0.050114367 0.997946322 -0.039896049 0.139680688 -0.382739723 0.056086171 0.922152162 -3.623283091
0 0.484477462 0.861293190 0.500000000 0.500000000 0.000000000 0.000000000 0.925081134 -0.030249165 0.378562868 -0.288422198 0.049073238 0.997986913 -0.040174194 0.138072686 -0.376585543 0.055741694 0.924703300 -3.638366289
0 0.484477462 0.861293190 0.500000000 0.500000000 0.000000000 0.000000000 0.927641451 -0.029560765 0.372300297 -0.262217972 0.048155081 0.998008549 -0.040743329 0.138755492 -0.370354474 0.055723354 0.927217603 -3.653559143
0 0.484477462 0.861293190 0.500000000 0.500000000 0.000000000 0.000000000 0.930158496 -0.028829243 0.366024673 -0.236042722 0.047144733 0.998038113 -0.041197736 0.137922402 -0.364118904 0.055576559 0.929692805 -3.668656096
0 0.484477462 0.861293190 0.500000000 0.500000000 0.000000000 0.000000000 0.932584584 -0.028401561 0.359832436 -0.210994371 0.046396941 0.998061895 -0.041470848 0.136495269 -0.357957214 0.055370197 0.932094812 -3.684702678
0 0.484477462 0.861293190 0.500000000 0.500000000 0.000000000 0.000000000 0.935146570 -0.027860569 0.353163838 -0.183170315 0.045596693 0.998076677 -0.041999221 0.136471904 -0.351314485 0.055378530 0.934618294 -3.699883277
0 0.484477462 0.861293190 0.500000000 0.500000000 0.000000000 0.000000000 0.937746167 -0.027450558 0.346234858 -0.153777569 0.045000281 0.998071909 -0.042749055 0.138344400 -0.344393790 0.055668429 0.937173367 -3.714826325
0 0.484477462 0.861293190 0.500000000 0.500000000 0.000000000 0.000000000 0.940325201 -0.027100626 0.339196265 -0.124306021 0.044189487 0.998107731 -0.042757381 0.135139931 -0.337395668 0.055194750 0.939743400 -3.729535001
0 0.484477462 0.861293190 0.500000000 0.500000000 0.000000000 0.000000000 0.942638338 -0.026691366 0.332746983 -0.099796548 0.043610200 0.998102009 -0.043480311 0.137298572 -0.330954880 0.055497367 0.942013204 -3.744366255
0 0.484477462 0.861293190 0.500000000 0.500000000 0.000000000 0.000000000 0.945088327 -0.026374577 0.325749129 -0.070838737 0.042773135 0.998146892 -0.043280821 0.132666782 -0.324003965 0.054837510 0.944465101 -3.758182633
0 0.484477462 0.861293190 0.500000000 0.500000000 0.000000000 0.000000000 0.947500944 -0.025921544 0.318700612 -0.040874330 0.042044122 0.998154640 -0.043812692 0.133882878 -0.316976815 0.054912053 0.946842313 -3.771626030
0 0.484477462 0.861293190 0.500000000 0.500000000 0.000000000 0.000000000 0.949901521 -0.025522729 0.311505437 -0.010067471 0.041247595 0.998179853 -0.043995637 0.133384281 -0.309815556 0.054640375 0.949225366 -3.784615871
0 0.484477462 0.861293190 0.500000000 0.500000000 0.000000000 0.000000000 0.952139497 -0.025090491 0.304632246 0.018724661 0.040497877 0.998194277 -0.044363141 0.133738429 -0.302969068 0.054576859 0.951436341 -3.796944469
0 0.484477462 0.861293190 0.500000000 0.500000000 0.000000000 0.000000000 0.954314470 -0.024748797 0.297777385 0.046771344 0.039550155 0.998257875 -0.043783057 0.127799989 -0.296175063 0.053559948 0.953630805 -3.809061674
0 0.484477462 0.861293190 0.500000000 0.500000000 0.000000000 0.000000000 0.956393003 -0.024343345 0.291066736 0.073706781 0.038981788 0.998244107 -0.044599071 0.132335705 -0.289469987 0.054000542 0.955662608 -3.820241785
0 0.484477462 0.861293190 0.500000000 0.500000000 0.000000000 0.000000000 0.958586991 -0.024062518 0.283781648 0.104459565 0.038271274 0.998270214 -0.044630967 0.130525434 -0.282216847 0.053643346 0.957849681 -3.830659479
0 0.484477462 0.861293190 0.500000000 0.500000000 0.000000000 0.000000000 0.960734129 -0.023580942 0.276466757 0.135219036 0.037506439 0.998274088 -0.045189787 0.131715136 -0.274923980 0.053784654 0.959960401 -3.840664772
0 0.484477462 0.861293190 0.500000000 0.500000000 0.000000000 0.000000000 0.962805033 -0.023186896 0.269200414 0.164710890 0.036726285 0.998295069 -0.045367274 0.131005485 -0.267689496 0.053566571 0.962015033 -3.850112818
0 0.484477462 0.861293190 0.500000000 0.500000000 0.000000000 0.000000000 0.964781046 -0.022779964 0.262066036 0.193103735 0.036234513 0.998255193 -0.046622422 0.138287539 -0.260546714 0.054476265 0.963923097 -3.859112956
0 0.484477462 0.861293190 0.500000000 0.500000000 0.000000000 0.000000000 0.966780245 -0.022140764 0.254648209 0.223797189 0.035094820 0.998304427 -0.046439581 0.134504541 -0.253188223 0.053833704 0.965918064 -3.867365657
0 0.484477462 0.861293190 0.500000000 0.500000000 0.000000000 0.000000000 0.968707442 -0.021618741 0.247262150 0.254256866 0.034049533 0.998355985 -0.046108298 0.130202732 -0.245858848 0.053084612 0.967850924 -3.875983786
0 0.484477462 0.861293190 0.500000000 0.500000000 0.000000000 0.000000000 0.970512092 -0.021286700 0.240110755 0.282649356 0.033454012 0.998348057 -0.046711728 0.133559966 -0.238719776 0.053366967 0.969621003 -3.883809309
0 0.484477462 0.861293190 0.500000000 0.500000000 0.000000000 0.000000000 0.972274303 -0.020803479 0.232916117 0.311589323 0.032667924 0.998351276 -0.047197264 0.135168542 -0.231550232 0.053497575 0.971350849 -3.891989433
0 0.484477462 0.861293190 0.500000000 0.500000000 0.000000000 0.000000000 0.974021375 -0.020083262 0.225563809 0.341809612 0.031679016 0.998349369 -0.047906298 0.138858307 -0.224229380 0.053807396 0.973049819 -3.899776958
0 0.484477462 0.861293190 0.500000000 0.500000000 0.000000000 0.000000000 0.975616395 -0.019681126 0.218598455 0.368992917 0.030880257 0.998373091 -0.047933463 0.138168687 -0.217299417 0.053515047 0.974636912 -3.908081358
0 0.484477462 0.861293190 0.500000000 0.500000000 0.000000000 0.000000000 0.977286696 -0.019248294 0.211045668 0.400228763 0.029899888 0.998428583 -0.047395978 0.133018819 -0.209801733 0.052629698 0.976326466 -3.915764660
0 0.484477462 0.861293190 0.500000000 0.500000000 0.000000000 0.000000000 0.978878975 -0.018665100 0.203586832 0.430494306 0.028984357 0.998435199 -0.047823749 0.134682042 -0.202375621 0.052714497 0.977888167 -3.922174825
0 0.484477462 0.861293190 0.500000000 0.500000000 0.000000000 0.000000000 0.980476201 -0.018163444 0.195797190 0.462631204 0.028116234 0.998443186 -0.048172954 0.135329835 -0.194617391 0.052737512 0.979460478 -3.929676297
0 0.484477462 0.861293190 0.500000000 0.500000000 0.000000000 0.000000000 0.982047081 -0.017837377 0.187790707 0.496678748 0.027454771 0.998434246 -0.048737396 0.137777843 -0.186627313 0.053018168 0.980999172 -3.936862554
