0 0.494247632 0.878662448 0.500000000 0.500000000 0.000000000 0.000000000 0.978648663 -0.032840129 0.202899799 -0.458353157 0.034906249 0.999368727 -0.006611933 0.271453513 -0.202554569 0.013553230 0.979177177 -2.635309753
0 0.494247632 0.878662448 0.500000000 0.500000000 0.000000000 0.000000000 0.977995515 -0.033293273 0.205952182 -0.466823553 0.035545934 0.999341786 -0.007246360 0.275166799 -0.205575362 0.014407670 0.978535235 -2.642219773
0 0.494247632 0.878662448 0.500000000 0.500000000 0.000000000 0.000000000 0.977266848 -0.033757661 0.209308103 -0.476285366 0.036137290 0.999318302 -0.007554080 0.277829775 -0.208910406 0.014946179 0.977820575 -2.649113521
0 0.494247632 0.878662448 0.500000000 0.500000000 0.000000000 0.000000000 0.976564169 -0.034209568 0.212490216 -0.485201281 0.036755942 0.999291897 -0.008043630 0.281016434 -0.212064579 0.015665399 0.977130115 -2.655891084
0 0.494247632 0.878662448 0.500000000 0.500000000 0.000000000 0.000000000 0.975858092 -0.034614705 0.215645090 -0.494102135 0.037360031 0.999264300 -0.008666323 0.284031333 -0.215186447 0.016513608 0.976433337 -2.662932123
0 0.494247632 0.878662448 0.500000000 0.500000000 0.000000000 0.000000000 0.975236118 -0.035079449 0.218366593 -0.501770418 0.038111974 0.999226511 -0.009689468 0.288853228 -0.217857778 0.017771900 0.975818694 -2.669843596
0 0.494247632 0.878662448 0.500000000 0.500000000 0.000000000 0.000000000 0.974615157 -0.035556532 0.221045226 -0.509127622 0.038807631 0.999192774 -0.010381015 0.292723058 -0.220497668 0.018695736 0.975208282 -2.676863426
0 0.494247632 0.878662448 0.500000000 0.500000000 0.000000000 0.000000000 0.973904490 -0.035917312 0.224098295 -0.517766538 0.039305303 0.999170244 -0.010674335 0.294975841 -0.223528951 0.019204034 0.974508107 -2.684141581
0 0.494247632 0.878662448 0.500000000 0.500000000 0.000000000 0.000000000 0.973219872 -0.036260091 0.226998329 -0.526004885 0.039857905 0.999141634 -0.011284391 0.297737977 -0.226394311 0.020029871 0.973829746 -2.691183979
0 0.494247632 0.878662448 0.500000000 0.500000000 0.000000000 0.000000000 0.972503781 -0.036714427 0.229974791 -0.534518528 0.040614411 0.999099851 -0.012246088 0.300814767 -0.229318172 0.021249657 0.973119557 -2.698438444
0 0.494247632 0.878662448 0.500000000 0.500000000 0.000000000 0.000000000 0.971786499 -0.037133656 0.232920870 -0.543478185 0.041360483 0.999055922 -0.013287597 0.304137659 -0.232207566 0.022546427 0.972404897 -2.706614744
0 0.494247632 0.878662448 0.500000000 0.500000000 0.000000000 0.000000000 0.971123934 -0.037540518 0.235603601 -0.551663943 0.042006530 0.999019742 -0.013963393 0.307048745 -0.234848469 0.023457075 0.971748948 -2.715228602
0 0.494247632 0.878662448 0.500000000 0.500000000 0.000000000 0.000000000 0.970403254 -0.037950918 0.238489538 -0.560620689 0.042500388 0.998998880 -0.013961157 0.307762135 -0.237720951 0.023683850 0.971044719 -2.724082296
0 0.494247632 0.878662448 0.500000000 0.500000000 0.000000000 0.000000000 0.969681621 -0.038256522 0.241358683 -0.569872845 0.042896938 0.998981416 -0.013999161 0.308227128 -0.240577281 0.023928279 0.970335007 -2.733264801
0 0.494247632 0.878662448 0.500000000 0.500000000 0.000000000 0.000000000 0.968977690 -0.038626648 0.244111001 -0.578697744 0.043510266 0.998945653 -0.014643145 0.310527233 -0.243288010 0.024810215 0.969636738 -2.742024901
0 0.494247632 0.878662448 0.500000000 0.500000000 0.000000000 0.000000000 0.968190551 -0.039047617 0.247148484 -0.589064909 0.044327300 0.998891592 -0.015832322 0.314891784 -0.246256322 0.026284128 0.968848288 -2.750671118
0 0.494247632 0.878662448 0.500000000 0.500000000 0.000000000 0.000000000 0.967368901 -0.039359126 0.250296474 -0.599828675 0.045034386 0.998841047 -0.016985269 0.319555389 -0.249337852 0.027702969 0.968020260 -2.759353109
0 0.494247632 0.878662448 0.500000000 0.500000000 0.000000000 0.000000000 0.966509581 -0.039766531 0.253530681 -0.611062687 0.045720361 0.998798668 -0.017632620 0.323298834 -0.252524912 0.028633613 0.967166603 -2.768056063
0 0.494247632 0.878662448 0.500000000 0.500000000 0.000000000 0.000000000 0.965685606 -0.040169049 0.256588638 -0.621728496 0.046290934 0.998768330 -0.017860943 0.325811582 -0.255555123 0.029125784 0.966355681 -2.776991730
0 0.494247632 0.878662448 0.500000000 0.500000000 0.000000000 0.000000000 0.964727640 -0.040550072 0.260108262 -0.633589423 0.046872064 0.998736084 -0.018146129 0.328634078 -0.259043694 0.029697886 0.965408921 -2.785331592
0 0.494247632 0.878662448 0.500000000 0.500000000 0.000000000 0.000000000 0.963695824 -0.040989179 0.263837576 -0.646200388 0.047545683 0.998697519 -0.018510571 0.331459673 -0.262735188 0.030382896 0.964389503 -2.793606169
0 0.494247632 0.878662448 0.500000000 0.500000000 0.000000000 0.000000000 0.962711215 -0.041395567 0.267345369 -0.658112145 0.048256081 0.998651624 -0.019139739 0.335325922 -0.266192585 0.031327080 0.963410676 -2.801613553
0 0.494247632 0.878662448 0.500000000 0.500000000 0.000000000 0.000000000 0.961594522 -0.041834980 0.271267056 -0.671395744 0.049023595 0.998601854 -0.019775089 0.339182107 -0.270060509 0.032314103 0.962300956 -2.809429782
0 0.494247632 0.878662448 0.500000000 0.500000000 0.000000000 0.000000000 0.960425854 -0.042289428 0.275306791 -0.685114123 0.049761370 0.998556674 -0.020209143 0.342529968 -0.274054796 0.033109024 0.961143970 -2.816870223
0 0.494247632 0.878662448 0.500000000 0.500000000 0.000000000 0.000000000 0.959240079 -0.042739823 0.279341757 -0.698960364 0.050435651 0.998518586 -0.020417245 0.345090505 -0.278055310 0.033673823 0.959974647 -2.824124010
0 0.494247632 0.878662448 0.500000000 0.500000000 0.000000000 0.000000000 0.958107650 -0.043290842 0.283117741 -0.712207690 0.051165022 0.998480320 -0.020473972 0.347050127 -0.281801164 0.034101993 0.958866596 -2.831225277
0 0.494247632 0.878662448 0.500000000 0.500000000 0.000000000 0.000000000 0.957072258 -0.043768495 0.286525697 -0.724147350 0.051850695 0.998440742 -0.020677419 0.349453845 -0.285173893 0.034646340 0.957849383 -2.837763279
0 0.494247632 0.878662448 0.500000000 0.500000000 0.000000000 0.000000000 0.955952764 -0.044283461 0.290160865 -0.736727865 0.052636676 0.998391986 -0.021043228 0.352526936 -0.288762420 0.035389435 0.956746519 -2.843595354
0 0.494247632 0.878662448 0.500000000 0.500000000 0.000000000 0.000000000 0.954659402 -0.044871330 0.294299066 -0.751021923 0.053476378 0.998342931 -0.021253062 0.355038849 -0.292857736 0.036027484 0.955477059 -2.848849655
0 0.494247632 0.878662448 0.500000000 0.500000000 0.000000000 0.000000000 0.953339458 -0.045458976 0.298458397 -0.765621265 0.054264106 0.998299897 -0.021277411 0.357018916 -0.296983749 0.036480173 0.954185426 -2.853894450
0 0.494247632 0.878662448 0.500000000 0.500000000 0.000000000 0.000000000 0.952138484 -0.046114396 0.302168459 -0.778922958 0.055056851 0.998259425 -0.021139257 0.358543409 -0.300667673 0.036763944 0.953020096 -2.858979996
0 0.494247632 0.878662448 0.500000000 0.500000000 0.000000000 0.000000000 0.951021731 -0.046602789 0.305591047 -0.790781263 0.055674806 0.998227358 -0.021033896 0.359955047 -0.304069102 0.037017412 0.951930523 -2.863914141
0 0.494247632 0.878662448 0.500000000 0.500000000 0.000000000 0.000000000 0.949782133 -0.047096696 0.309347421 -0.803563619 0.056404065 0.998182774 -0.021207431 0.362158660 -0.307786465 0.037590891 0.950712562 -2.867958505
0 0.494247632 0.878662448 0.500000000 0.500000000 0.000000000 0.000000000 0.948414326 -0.047586042 0.313441843 -0.817643229 0.057187248 0.998131871 -0.021503385 0.364625890 -0.311833054 0.038318995 0.949363887 -2.871464263
0 0.494247632 0.878662448 0.500000000 0.500000000 0.000000000 0.000000000 0.947044194 -0.048197567 0.317465484 -0.831578144 0.057994470 0.998085856 -0.021476392 0.366115966 -0.315822691 0.038750332 0.948026597 -2.874640203
0 0.494247632 0.878662448 0.500000000 0.500000000 0.000000000 0.000000000 0.945730090 -0.048763536 0.321273595 -0.844795074 0.058657136 0.998053432 -0.021181960 0.366611930 -0.319615304 0.038877405 0.946749508 -2.877399271
0 0.494247632 0.878662448 0.500000000 0.500000000 0.000000000 0.000000000 0.944404066 -0.049286447 0.325072050 -0.858177157 0.059316680 0.998018086 -0.021011177 0.367413864 -0.323392212 0.039125234 0.945455790 -2.879758735
0 0.494247632 0.878662448 0.500000000 0.500000000 0.000000000 0.000000000 0.943127215 -0.049911525 0.328663796 -0.870843803 0.060123496 0.997970521 -0.020975450 0.368359949 -0.326949894 0.039542936 0.944214046 -2.882232195
0 0.494247632 0.878662448 0.500000000 0.500000000 0.000000000 0.000000000 0.941826403 -0.050475676 0.332287818 -0.883692005 0.060936566 0.997917950 -0.021129526 0.370098119 -0.330529451 0.040148824 0.942941308 -2.884513209
0 0.494247632 0.878662448 0.500000000 0.500000000 0.000000000 0.000000000 0.940478504 -0.051017594 0.336002022 -0.896914335 0.061684374 0.997871757 -0.021142170 0.371609463 -0.334208310 0.040609833 0.941623926 -2.886868233
0 0.494247632 0.878662448 0.500000000 0.500000000 0.000000000 0.000000000 0.939191103 -0.051607657 0.339494824 -0.909491835 0.062338796 0.997838855 -0.020771792 0.371829797 -0.337689131 0.040672380 0.940378547 -2.889705762
0 0.494247632 0.878662448 0.500000000 0.500000000 0.000000000 0.000000000 0.937886178 -0.052132446 0.343004018 -0.921821176 0.062983505 0.997802675 -0.020563781 0.372684156 -0.341178298 0.040890083 0.939108789 -2.892197677
0 0.494247632 0.878662448 0.500000000 0.500000000 0.000000000 0.000000000 0.936414778 -0.052630566 0.346925676 -0.935453399 0.063710459 0.997755766 -0.020600853 0.373988300 -0.345062882 0.041393738 0.937666357 -2.894366077
0 0.494247632 0.878662448 0.500000000 0.500000000 0.000000000 0.000000000 0.935001135 -0.053227574 0.350627661 -0.948772389 0.064560167 0.997699082 -0.020702103 0.375602373 -0.348718971 0.041993070 0.936286092 -2.897130558
0 0.494247632 0.878662448 0.500000000 0.500000000 0.000000000 0.000000000 0.933755994 -0.053817347 0.353840917 -0.960185600 0.065292247 0.997654319 -0.020562697 0.376633513 -0.351904273 0.042303611 0.935079575 -2.900461959
0 0.494247632 0.878662448 0.500000000 0.500000000 0.000000000 0.000000000 0.932301462 -0.054301258 0.357582599 -0.973407380 0.065924227 0.997616351 -0.020385297 0.377709614 -0.355623305 0.042578600 0.933659017 -2.903184833
0 0.494247632 0.878662448 0.500000000 0.500000000 0.000000000 0.000000000 0.930728197 -0.054761764 0.361588418 -0.987793917 0.066564485 0.997576475 -0.020256162 0.378699153 -0.359602839 0.042921927 0.932117760 -2.905412502
0 0.494247632 0.878662448 0.500000000 0.500000000 0.000000000 0.000000000 0.929181159 -0.055183422 0.365482152 -1.002103103 0.067191333 0.997535467 -0.020207547 0.379716430 -0.363466293 0.043333702 0.930598974 -2.907780209
0 0.494247632 0.878662448 0.500000000 0.500000000 0.000000000 0.000000000 0.927663445 -0.055578686 0.369258076 -1.016169332 0.067872189 0.997485936 -0.020374879 0.381656965 -0.367197335 0.043963384 0.929103494 -2.910136692
0 0.494247632 0.878662448 0.500000000 0.500000000 0.000000000 0.000000000 0.926073730 -0.055978514 0.373167276 -1.031171915 0.068516083 0.997441232 -0.020408178 0.383120278 -0.371070027 0.044467438 0.927539587 -2.912632257
0 0.494247632 0.878662448 0.500000000 0.500000000 0.000000000 0.000000000 0.924613953 -0.056437340 0.376701325 -1.045012518 0.069162354 0.997398257 -0.020329036 0.384457662 -0.374573916 0.044850059 0.926111698 -2.915533435
0 0.494247632 0.878662448 0.500000000 0.500000000 0.000000000 0.000000000 0.923186004 -0.056841787 0.380127162 -1.058942620 0.069723018 0.997362018 -0.020191858 0.385707739 -0.377976656 0.045144454 0.924713790 -2.918698654
0 0.494247632 0.878662448 0.500000000 0.500000000 0.000000000 0.000000000 0.921668530 -0.057239331 0.383732706 -1.073476146 0.070315786 0.997321784 -0.020122899 0.387354377 -0.381553143 0.045529108 0.923224926 -2.921569225
0 0.494247632 0.878662448 0.500000000 0.500000000 0.000000000 0.000000000 0.920026541 -0.057669811 0.387589157 -1.089430129 0.070892051 0.997285664 -0.019890377 0.387942479 -0.385390043 0.045776665 0.921617627 -2.924444795
0 0.494247632 0.878662448 0.500000000 0.500000000 0.000000000 0.000000000 0.918427467 -0.058096908 0.391300112 -1.105045939 0.071566470 0.997237027 -0.019913675 0.389710175 -0.389062047 0.046293233 0.920047641 -2.927153399
0 0.494247632 0.878662448 0.500000000 0.500000000 0.000000000 0.000000000 0.916697919 -0.058555376 0.395267278 -1.121760339 0.072323926 0.997180462 -0.020009028 0.391856332 -0.392981172 0.046929516 0.918348193 -2.929285615
0 0.494247632 0.878662448 0.500000000 0.500000000 0.000000000 0.000000000 0.914934576 -0.059197720 0.399237186 -1.138876208 0.073167078 0.997122586 -0.019827079 0.393083492 -0.396914691 0.047351498 0.916633248 -2.931213393
0 0.494247632 0.878662448 0.500000000 0.500000000 0.000000000 0.000000000 0.913364172 -0.059763279 0.402733505 -1.154683299 0.073860355 0.997076988 -0.019548442 0.394315735 -0.400388032 0.047600888 0.915108502 -2.933603107
0 0.494247632 0.878662448 0.500000000 0.500000000 0.000000000 0.000000000 0.911771178 -0.060119238 0.406274468 -1.170240642 0.074355930 0.997044384 -0.019331869 0.396056708 -0.403911471 0.047835156 0.913546562 -2.935419604
0 0.494247632 0.878662448 0.500000000 0.500000000 0.000000000 0.000000000 0.909888864 -0.060620092 0.410399169 -1.187833793 0.074934363 0.997009993 -0.018867254 0.396700679 -0.408028305 0.047920104 0.911710799 -2.936262754
0 0.494247632 0.878662448 0.500000000 0.500000000 0.000000000 0.000000000 0.908054829 -0.061266545 0.414346308 -1.204868335 0.075695805 0.996959746 -0.018476469 0.397758771 -0.411954612 0.048141923 0.909931719 -2.937168412
0 0.494247632 0.878662448 0.500000000 0.500000000 0.000000000 0.000000000 0.906106889 -0.061919779 0.418492854 -1.222267459 0.076523095 0.996901989 -0.018184660 0.399459520 -0.416070372 0.048501611 0.908038020 -2.937473307
0 0.494247632 0.878662448 0.500000000 0.500000000 0.000000000 0.000000000 0.903812885 -0.062572025 0.423328459 -1.241926117 0.077376820 0.996841967 -0.017857889 0.400976247 -0.420874178 0.048896000 0.905800283 -2.936640913
0 0.494247632 0.878662448 0.500000000 0.500000000 0.000000000 0.000000000 0.901396692 -0.063375369 0.428331107 -1.262095789 0.078332826 0.996776044 -0.017364848 0.401828888 -0.425849676 0.049205005 0.903455019 -2.935155826
0 0.494247632 0.878662448 0.500000000 0.500000000 0.000000000 0.000000000 0.898932815 -0.064256825 0.433348477 -1.282544153 0.079346649 0.996705413 -0.016804442 0.402529033 -0.430840999 0.049490813 0.901069760 -2.933237905
0 0.494247632 0.878662448 0.500000000 0.500000000 0.000000000 0.000000000 0.896383286 -0.065141097 0.438467354 -1.303352845 0.080383010 0.996631324 -0.016266499 0.403418826 -0.435930669 0.049826343 0.898599923 -2.930564574
0 0.494247632 0.878662448 0.500000000 0.500000000 0.000000000 0.000000000 0.893735170 -0.066047490 0.443706185 -1.324498938 0.081393383 0.996559918 -0.015604577 0.403585659 -0.441149145 0.050061107 0.896036446 -2.927180632
0 0.494247632 0.878662448 0.500000000 0.500000000 0.000000000 0.000000000 0.891171932 -0.066771515 0.448725015 -1.345140026 0.082257509 0.996496975 -0.015082669 0.404431944 -0.446146011 0.050352253 0.893542588 -2.923430778
0 0.494247632 0.878662448 0.500000000 0.500000000 0.000000000 0.000000000 0.888745010 -0.067493647 0.453405857 -1.364387082 0.083136365 0.996430755 -0.014632119 0.405974453 -0.450799972 0.050698739 0.891184032 -2.919256692
0 0.494247632 0.878662448 0.500000000 0.500000000 0.000000000 0.000000000 0.886161327 -0.068154357 0.458337247 -1.384522138 0.083919905 0.996372819 -0.014093165 0.407265655 -0.455714285 0.050952435 0.888666630 -2.914093167
0 0.494247632 0.878662448 0.500000000 0.500000000 0.000000000 0.000000000 0.883557558 -0.068985939 0.463213772 -1.404672225 0.084870949 0.996300340 -0.013509213 0.408291746 -0.460568100 0.051249560 0.886143625 -2.908293652
0 0.494247632 0.878662448 0.500000000 0.500000000 0.000000000 0.000000000 0.881021023 -0.069818720 0.467896640 -1.424265633 0.085886672 0.996219218 -0.013065309 0.409961619 -0.465215445 0.051696900 0.883686602 -2.902273274
0 0.494247632 0.878662448 0.500000000 0.500000000 0.000000000 0.000000000 0.878429174 -0.070544392 0.472636968 -1.443890826 0.086822584 0.996143043 -0.012684545 0.411921413 -0.469919205 0.052178036 0.881165922 -2.895591600
0 0.494247632 0.878662448 0.500000000 0.500000000 0.000000000 0.000000000 0.875639319 -0.071125232 0.477699667 -1.464756031 0.087524317 0.996088564 -0.012126238 0.412968429 -0.474968702 0.052428547 0.878439486 -2.888168828
0 0.494247632 0.878662448 0.500000000 0.500000000 0.000000000 0.000000000 0.872818589 -0.071721323 0.482746094 -1.485868946 0.088213205 0.996035099 -0.011511586 0.413939525 -0.480006427 0.052632108 0.875684679 -2.880563053
0 0.494247632 0.878662448 0.500000000 0.500000000 0.000000000 0.000000000 0.870094836 -0.072210267 0.487566054 -1.506171542 0.088692501 0.996000886 -0.010766529 0.414172527 -0.484838784 0.052611355 0.873019695 -2.872970574
0 0.494247632 0.878662448 0.500000000 0.500000000 0.000000000 0.000000000 0.867280960 -0.072752208 0.492474169 -1.527003157 0.089177653 0.995966375 -0.009915909 0.414021011 -0.489766300 0.052517567 0.870270550 -2.864844049
0 0.494247632 0.878662448 0.500000000 0.500000000 0.000000000 0.000000000 0.864398777 -0.073417865 0.497417927 -1.548148653 0.089839987 0.995914400 -0.009126459 0.414160114 -0.494715631 0.052576918 0.867463052 -2.856183888
0 0.494247632 0.878662448 0.500000000 0.500000000 0.000000000 0.000000000 0.861310959 -0.074134551 0.502640545 -1.570414128 0.090609126 0.995851219 -0.008387009 0.414182328 -0.499933392 0.052767642 0.864454865 -2.846586576
0 0.494247632 0.878662448 0.500000000 0.500000000 0.000000000 0.000000000 0.858115137 -0.074882671 0.507967532 -1.593570641 0.091420002 0.995783091 -0.007642199 0.413916480 -0.505253196 0.052996282 0.861342311 -2.836664484
0 0.494247632 0.878662448 0.500000000 0.500000000 0.000000000 0.000000000 0.854864061 -0.075608060 0.513313591 -1.617146770 0.092287399 0.995707572 -0.007032075 0.414222043 -0.510578573 0.053383846 0.858172297 -2.826331903
