0 0.486191072 0.864339690 0.500000000 0.500000000 0.000000000 0.000000000 0.996676207 0.000898903 -0.081460178 -0.348513167 -0.001708059 0.999949872 -0.009864008 0.044289793 0.081447229 0.009970360 0.996627808 -1.526152100
0 0.486191072 0.864339690 0.500000000 0.500000000 0.000000000 0.000000000 0.996704757 0.000879228 -0.081110425 -0.351520506 -0.001665653 0.999952257 -0.009628573 0.047017347 0.081098087 0.009731947 0.996658623 -1.540730641
0 0.486191072 0.864339690 0.500000000 0.500000000 0.000000000 0.000000000 0.996692419 0.000918288 -0.081261367 -0.353289392 -0.001678194 0.999955475 -0.009283574 0.049661154 0.081249230 0.009389240 0.996649563 -1.555274768
0 0.486191072 0.864339690 0.500000000 0.500000000 0.000000000 0.000000000 0.996711433 0.000914119 -0.081027560 -0.355373366 -0.001661426 0.999956727 -0.009155925 0.052628711 0.081015684 0.009260437 0.996669829 -1.569495001
0 0.486191072 0.864339690 0.500000000 0.500000000 0.000000000 0.000000000 0.996768415 0.000915129 -0.080323838 -0.358755719 -0.001664227 0.999955773 -0.009259520 0.055517726 0.080311812 0.009363274 0.996725798 -1.582950847
0 0.486191072 0.864339690 0.500000000 0.500000000 0.000000000 0.000000000 0.996775270 0.000882326 -0.080238797 -0.361249327 -0.001644844 0.999954104 -0.009437502 0.058255356 0.080226794 0.009539049 0.996730983 -1.596240013
0 0.486191072 0.864339690 0.500000000 0.500000000 0.000000000 0.000000000 0.996773422 0.000753694 -0.080262907 -0.362908696 -0.001538364 0.999951601 -0.009714869 0.061442949 0.080251701 0.009806997 0.996726394 -1.609547620
0 0.486191072 0.864339690 0.500000000 0.500000000 0.000000000 0.000000000 0.996797085 0.000798014 -0.079968072 -0.365333747 -0.001572552 0.999952435 -0.009623080 0.063649334 0.079956591 0.009718012 0.996750951 -1.622106593
0 0.486191072 0.864339690 0.500000000 0.500000000 0.000000000 0.000000000 0.996823251 0.000825059 -0.079641037 -0.367979325 -0.001577295 0.999954760 -0.009382881 0.065484683 0.079629689 0.009478692 0.996779442 -1.634530276
0 0.486191072 0.864339690 0.500000000 0.500000000 0.000000000 0.000000000 0.996845782 0.000779912 -0.079358876 -0.370292515 -0.001523917 0.999955475 -0.009315061 0.067720861 0.079348080 0.009406617 0.996802568 -1.647062528
0 0.486191072 0.864339690 0.500000000 0.500000000 0.000000000 0.000000000 0.996855855 0.000674968 -0.079233833 -0.372532385 -0.001425450 0.999954641 -0.009415553 0.070085714 0.079223886 0.009498892 0.996811569 -1.659215803
0 0.486191072 0.864339690 0.500000000 0.500000000 0.000000000 0.000000000 0.996864021 0.000654029 -0.079130732 -0.375147263 -0.001414646 0.999953330 -0.009556482 0.072369339 0.079120792 0.009638455 0.996818423 -1.671276002
0 0.486191072 0.864339690 0.500000000 0.500000000 0.000000000 0.000000000 0.996868134 0.000773936 -0.079077661 -0.377516432 -0.001534065 0.999953210 -0.009552150 0.074204089 0.079066567 0.009643544 0.996822715 -1.683696912
0 0.486191072 0.864339690 0.500000000 0.500000000 0.000000000 0.000000000 0.996874928 0.000845997 -0.078991771 -0.379749007 -0.001602247 0.999953508 -0.009510895 0.076118801 0.078980051 0.009607737 0.996829867 -1.695874216
0 0.486191072 0.864339690 0.500000000 0.500000000 0.000000000 0.000000000 0.996882200 0.000776160 -0.078900270 -0.382023112 -0.001520715 0.999954879 -0.009377013 0.077581083 0.078889437 0.009467762 0.996838391 -1.708196517
0 0.486191072 0.864339690 0.500000000 0.500000000 0.000000000 0.000000000 0.996914327 0.000893882 -0.078492031 -0.385583354 -0.001625397 0.999955833 -0.009256206 0.078847483 0.078480296 0.009355225 0.996871769 -1.720499558
0 0.486191072 0.864339690 0.500000000 0.500000000 0.000000000 0.000000000 0.996942878 0.000815013 -0.078129724 -0.389145192 -0.001553505 0.999954700 -0.009391814 0.080853323 0.078118525 0.009484476 0.996898949 -1.732605146
0 0.486191072 0.864339690 0.500000000 0.500000000 0.000000000 0.000000000 0.996956408 0.000868724 -0.077956453 -0.392914490 -0.001609253 0.999954164 -0.009436949 0.082373348 0.077944681 0.009533678 0.996912122 -1.745010808
0 0.486191072 0.864339690 0.500000000 0.500000000 0.000000000 0.000000000 0.996966839 0.000866539 -0.077822998 -0.396441450 -0.001604862 0.999954283 -0.009425170 0.083857730 0.077811271 0.009521477 0.996922612 -1.758013096
0 0.486191072 0.864339690 0.500000000 0.500000000 0.000000000 0.000000000 0.996981144 0.000930420 -0.077638701 -0.400759079 -0.001641919 0.999957263 -0.009100899 0.084193253 0.077626914 0.009200901 0.996940017 -1.770931111
0 0.486191072 0.864339690 0.500000000 0.500000000 0.000000000 0.000000000 0.996995449 0.001034615 -0.077452943 -0.405656172 -0.001731154 0.999958634 -0.008926465 0.085120840 0.077440508 0.009033728 0.996956050 -1.783751644
0 0.486191072 0.864339690 0.500000000 0.500000000 0.000000000 0.000000000 0.997011602 0.001074234 -0.077244543 -0.410795237 -0.001767693 0.999958754 -0.008909639 0.086407002 0.077231787 0.009019558 0.996972382 -1.797011229
0 0.486191072 0.864339690 0.500000000 0.500000000 0.000000000 0.000000000 0.997017920 0.001216068 -0.077160686 -0.415769749 -0.001906367 0.999958813 -0.008873221 0.087168637 0.077146716 0.008993857 0.996979177 -1.810370415
0 0.486191072 0.864339690 0.500000000 0.500000000 0.000000000 0.000000000 0.997035027 0.001371596 -0.076936759 -0.421104840 -0.002080518 0.999956131 -0.009134949 0.089416070 0.076920852 0.009267933 0.996994138 -1.823831101
0 0.486191072 0.864339690 0.500000000 0.500000000 0.000000000 0.000000000 0.997055829 0.001325968 -0.076667666 -0.426556787 -0.002049695 0.999954104 -0.009361869 0.091993053 0.076651730 0.009491451 0.997012734 -1.837369471
0 0.486191072 0.864339690 0.500000000 0.500000000 0.000000000 0.000000000 0.997084141 0.001468904 -0.076296210 -0.433173827 -0.002189994 0.999953747 -0.009368377 0.094107706 0.076278917 0.009508149 0.997041166 -1.850243113
0 0.486191072 0.864339690 0.500000000 0.500000000 0.000000000 0.000000000 0.997098684 0.001742761 -0.076099448 -0.439155139 -0.002451296 0.999954522 -0.009218231 0.095460741 0.076079920 0.009378029 0.997057617 -1.863534996
0 0.486191072 0.864339690 0.500000000 0.500000000 0.000000000 0.000000000 0.997133255 0.001923213 -0.075641043 -0.445862123 -0.002630471 0.999953747 -0.009251676 0.097295623 0.075619750 0.009424125 0.997092187 -1.876514500
0 0.486191072 0.864339690 0.500000000 0.500000000 0.000000000 0.000000000 0.997161031 0.001965900 -0.075272962 -0.453081685 -0.002688803 0.999951243 -0.009503623 0.100162876 0.075250611 0.009679037 0.997117698 -1.888974887
0 0.486191072 0.864339690 0.500000000 0.500000000 0.000000000 0.000000000 0.997186899 0.002023778 -0.074927807 -0.460248041 -0.002764483 0.999948323 -0.009783196 0.103251620 0.074904136 0.009962812 0.997140944 -1.901700180
0 0.486191072 0.864339690 0.500000000 0.500000000 0.000000000 0.000000000 0.997227609 0.002192978 -0.074379608 -0.468602300 -0.002916445 0.999949455 -0.009619470 0.104921932 0.074354753 0.009809724 0.997183621 -1.914221377
0 0.486191072 0.864339690 0.500000000 0.500000000 0.000000000 0.000000000 0.997260749 0.002321992 -0.073929831 -0.476568984 -0.003036777 0.999949694 -0.009557479 0.107338118 0.073903926 0.009755807 0.997217655 -1.926812935
0 0.486191072 0.864339690 0.500000000 0.500000000 0.000000000 0.000000000 0.997291744 0.002374315 -0.073509082 -0.484265960 -0.003069964 0.999951541 -0.009351906 0.109073661 0.073483318 0.009552249 0.997250676 -1.939648966
0 0.486191072 0.864339690 0.500000000 0.500000000 0.000000000 0.000000000 0.997332096 0.002489426 -0.072955362 -0.493122678 -0.003167557 0.999952853 -0.009180919 0.110944842 0.072929062 0.009387515 0.997292936 -1.952541292
0 0.486191072 0.864339690 0.500000000 0.500000000 0.000000000 0.000000000 0.997364044 0.002723626 -0.072509125 -0.501271510 -0.003378005 0.999954641 -0.008903684 0.111966502 0.072481588 0.009125151 0.997327983 -1.965245395
0 0.486191072 0.864339690 0.500000000 0.500000000 0.000000000 0.000000000 0.997387886 0.002808972 -0.072176732 -0.509906450 -0.003456686 0.999954879 -0.008850662 0.113417731 0.072148614 0.009077036 0.997352600 -1.978185823
0 0.486191072 0.864339690 0.500000000 0.500000000 0.000000000 0.000000000 0.997399688 0.002928000 -0.072009318 -0.517770612 -0.003574303 0.999954462 -0.008848047 0.114608219 0.071980126 0.009082422 0.997364700 -1.991012305
0 0.486191072 0.864339690 0.500000000 0.500000000 0.000000000 0.000000000 0.997434020 0.003049076 -0.071527049 -0.526012794 -0.003690397 0.999954164 -0.008835696 0.115486101 0.071496829 0.009076986 0.997399509 -2.003331494
0 0.486191072 0.864339690 0.500000000 0.500000000 0.000000000 0.000000000 0.997458100 0.003153728 -0.071185365 -0.534022547 -0.003793798 0.999953568 -0.008858194 0.116546158 0.071154125 0.009105740 0.997423768 -2.015881344
0 0.486191072 0.864339690 0.500000000 0.500000000 0.000000000 0.000000000 0.997485340 0.003191121 -0.070801549 -0.542385860 -0.003827980 0.999953389 -0.008861120 0.118003394 0.070769973 0.009109863 0.997451067 -2.027984540
0 0.486191072 0.864339690 0.500000000 0.500000000 0.000000000 0.000000000 0.997512519 0.003237545 -0.070415318 -0.550159207 -0.003864934 0.999954045 -0.008775429 0.119215411 0.070383675 0.009025751 0.997479141 -2.040113613
0 0.486191072 0.864339690 0.500000000 0.500000000 0.000000000 0.000000000 0.997552514 0.003333277 -0.069841772 -0.558799316 -0.003949067 0.999954522 -0.008680713 0.120507022 0.069809660 0.008935277 0.997520328 -2.051876198
0 0.486191072 0.864339690 0.500000000 0.500000000 0.000000000 0.000000000 0.997588694 0.003244044 -0.069327101 -0.567604086 -0.003854758 0.999954939 -0.008677203 0.122093837 0.069295831 0.008923518 0.997556269 -2.063541404
0 0.486191072 0.864339690 0.500000000 0.500000000 0.000000000 0.000000000 0.997603178 0.003295073 -0.069116510 -0.575587932 -0.003901955 0.999954998 -0.008647386 0.123226162 0.069084905 0.008896349 0.997571111 -2.075248852
0 0.486191072 0.864339690 0.500000000 0.500000000 0.000000000 0.000000000 0.997610450 0.003216333 -0.069014482 -0.582912815 -0.003831933 0.999954045 -0.008789348 0.124889017 0.068983041 0.009032805 0.997576952 -2.087164754
0 0.486191072 0.864339690 0.500000000 0.500000000 0.000000000 0.000000000 0.997629166 0.003169593 -0.068745762 -0.590678379 -0.003777437 0.999954879 -0.008713723 0.126063666 0.068715043 0.008952748 0.997596145 -2.098996910
0 0.486191072 0.864339690 0.500000000 0.500000000 0.000000000 0.000000000 0.997640312 0.003213817 -0.068581901 -0.598272623 -0.003816913 0.999955177 -0.008664572 0.127492774 0.068550982 0.008905898 0.997607887 -2.110818287
0 0.486191072 0.864339690 0.500000000 0.500000000 0.000000000 0.000000000 0.997652292 0.003368382 -0.068399973 -0.605440695 -0.003959862 0.999955893 -0.008513615 0.128157652 0.068368278 0.008764482 0.997621655 -2.123126506
0 0.486191072 0.864339690 0.500000000 0.500000000 0.000000000 0.000000000 0.997678161 0.003382380 -0.068020612 -0.613165591 -0.003979287 0.999954760 -0.008641793 0.129875249 0.067988306 0.008892402 0.997646511 -2.135194911
0 0.486191072 0.864339690 0.500000000 0.500000000 0.000000000 0.000000000 0.997702837 0.003468538 -0.067653738 -0.620786235 -0.004064973 0.999954045 -0.008680316 0.130993380 0.067620523 0.008935385 0.997671127 -2.147863422
0 0.486191072 0.864339690 0.500000000 0.500000000 0.000000000 0.000000000 0.997724116 0.003438169 -0.067340605 -0.628533980 -0.004035260 0.999953747 -0.008732706 0.132337166 0.067307465 0.008984569 0.997691810 -2.160763957
0 0.486191072 0.864339690 0.500000000 0.500000000 0.000000000 0.000000000 0.997739017 0.003473677 -0.067117341 -0.636276079 -0.004060111 0.999954760 -0.008603001 0.133083819 0.067084424 0.008856054 0.997708023 -2.174031073
0 0.486191072 0.864339690 0.500000000 0.500000000 0.000000000 0.000000000 0.997744203 0.003423084 -0.067042783 -0.643175323 -0.004009007 0.999954939 -0.008606961 0.134078042 0.067010298 0.008856321 0.997712970 -2.187861006
0 0.486191072 0.864339690 0.500000000 0.500000000 0.000000000 0.000000000 0.997747362 0.003421958 -0.066996396 -0.649962824 -0.004012171 0.999954283 -0.008677059 0.135055636 0.066963643 0.008926313 0.997715473 -2.201983114
0 0.486191072 0.864339690 0.500000000 0.500000000 0.000000000 0.000000000 0.997751236 0.003354063 -0.066942252 -0.656690281 -0.003952031 0.999953449 -0.008802167 0.136386839 0.066909611 0.009046931 0.997718036 -2.216472226
0 0.486191072 0.864339690 0.500000000 0.500000000 0.000000000 0.000000000 0.997754872 0.003228288 -0.066894151 -0.663166517 -0.003840933 0.999951839 -0.009031840 0.138304877 0.066861771 0.009268497 0.997719169 -2.230969253
0 0.486191072 0.864339690 0.500000000 0.500000000 0.000000000 0.000000000 0.997759998 0.003196036 -0.066819079 -0.669755557 -0.003811237 0.999951482 -0.009081515 0.140019931 0.066786811 0.009315835 0.997723758 -2.246046094
0 0.486191072 0.864339690 0.500000000 0.500000000 0.000000000 0.000000000 0.997756660 0.003040524 -0.066876382 -0.675742147 -0.003674167 0.999949515 -0.009353879 0.143427905 0.066844568 0.009578610 0.997717440 -2.261252759
0 0.486191072 0.864339690 0.500000000 0.500000000 0.000000000 0.000000000 0.997760713 0.003032335 -0.066815861 -0.682043060 -0.003669035 0.999948978 -0.009408520 0.146047018 0.066783927 0.009632600 0.997720957 -2.276527821
0 0.486191072 0.864339690 0.500000000 0.500000000 0.000000000 0.000000000 0.997729301 0.002985986 -0.067285299 -0.686981670 -0.003654817 0.999945104 -0.009819319 0.150652839 0.067252286 0.010042937 0.997685432 -2.291866028
0 0.486191072 0.864339690 0.500000000 0.500000000 0.000000000 0.000000000 0.997747779 0.003011311 -0.067009680 -0.693341820 -0.003688473 0.999943376 -0.009984002 0.154661391 0.066975825 0.010208679 0.997702360 -2.306704248
0 0.486191072 0.864339690 0.500000000 0.500000000 0.000000000 0.000000000 0.997751474 0.003063660 -0.066952221 -0.699207052 -0.003745051 0.999942422 -0.010054125 0.158012498 0.066917568 0.010282258 0.997705519 -2.321479499
0 0.486191072 0.864339690 0.500000000 0.500000000 0.000000000 0.000000000 0.997752547 0.003117739 -0.066934139 -0.705191092 -0.003810677 0.999940455 -0.010227345 0.161624100 0.066898264 0.010459424 0.997704983 -2.336009559
0 0.486191072 0.864339690 0.500000000 0.500000000 0.000000000 0.000000000 0.997767687 0.003078230 -0.066709742 -0.711977632 -0.003791245 0.999936998 -0.010564364 0.166202261 0.066673025 0.010793694 0.997716486 -2.349896462
0 0.486191072 0.864339690 0.500000000 0.500000000 0.000000000 0.000000000 0.997765005 0.002980902 -0.066753834 -0.717381043 -0.003696085 0.999937057 -0.010592804 0.169364926 0.066718057 0.010815857 0.997713268 -2.364193631
0 0.486191072 0.864339690 0.500000000 0.500000000 0.000000000 0.000000000 0.997765601 0.002930779 -0.066747688 -0.723418831 -0.003640465 0.999938130 -0.010513219 0.172609053 0.066712745 0.010732721 0.997714520 -2.378240906
0 0.486191072 0.864339690 0.500000000 0.500000000 0.000000000 0.000000000 0.997767925 0.002790727 -0.066719055 -0.729532107 -0.003495962 0.999939203 -0.010455807 0.175816803 0.066685818 0.010665716 0.997717023 -2.392181469
0 0.486191072 0.864339690 0.500000000 0.500000000 0.000000000 0.000000000 0.997765541 0.002889028 -0.066750005 -0.735433797 -0.003594150 0.999938965 -0.010445952 0.178572270 0.066715755 0.010662520 0.997715056 -2.405698334
0 0.486191072 0.864339690 0.500000000 0.500000000 0.000000000 0.000000000 0.997771680 0.002922392 -0.066656396 -0.741755634 -0.003637827 0.999937057 -0.010614338 0.181752636 0.066621177 0.010833171 0.997719526 -2.419371026
0 0.486191072 0.864339690 0.500000000 0.500000000 0.000000000 0.000000000 0.997766078 0.002925102 -0.066740267 -0.747640229 -0.003653459 0.999935091 -0.010793865 0.184966340 0.066704363 0.011013585 0.997712016 -2.433231622
0 0.486191072 0.864339690 0.500000000 0.500000000 0.000000000 0.000000000 0.997755051 0.002885204 -0.066906929 -0.753169302 -0.003624249 0.999933720 -0.010927127 0.188142947 0.066870973 0.011145083 0.997699380 -2.446895537
0 0.486191072 0.864339690 0.500000000 0.500000000 0.000000000 0.000000000 0.997742593 0.002828901 -0.067094386 -0.758932789 -0.003566059 0.999934554 -0.010869666 0.190797258 0.067059249 0.011084392 0.997687399 -2.460811309
0 0.486191072 0.864339690 0.500000000 0.500000000 0.000000000 0.000000000 0.997709751 0.002757789 -0.067584246 -0.763900637 -0.003502401 0.999934435 -0.010901515 0.193671955 0.067549750 0.011113255 0.997654021 -2.475076883
0 0.486191072 0.864339690 0.500000000 0.500000000 0.000000000 0.000000000 0.997681320 0.002808692 -0.068000995 -0.768918823 -0.003554284 0.999934852 -0.010845929 0.195506012 0.067966104 0.011062475 0.997626305 -2.489375393
0 0.486191072 0.864339690 0.500000000 0.500000000 0.000000000 0.000000000 0.997654915 0.002773591 -0.068388730 -0.774320692 -0.003543708 0.999931633 -0.011142130 0.198543991 0.068353154 0.011358350 0.997596502 -2.503825290
0 0.486191072 0.864339690 0.500000000 0.500000000 0.000000000 0.000000000 0.997606277 0.002744329 -0.069095582 -0.779105433 -0.003528991 0.999930620 -0.011236670 0.200835073 0.069059946 0.011453610 0.997546732 -2.518984235
0 0.486191072 0.864339690 0.500000000 0.500000000 0.000000000 0.000000000 0.997567177 0.002828977 -0.069654666 -0.783880278 -0.003606964 0.999932468 -0.011045973 0.201926438 0.069618709 0.011270341 0.997510016 -2.533928500
0 0.486191072 0.864339690 0.500000000 0.500000000 0.000000000 0.000000000 0.997529387 0.002888717 -0.070191011 -0.789523219 -0.003660949 0.999934137 -0.010875728 0.203045727 0.070154972 0.011105824 0.997474253 -2.548975237
0 0.486191072 0.864339690 0.500000000 0.500000000 0.000000000 0.000000000 0.997468650 0.002964422 -0.071045972 -0.794471262 -0.003748904 0.999933422 -0.010911091 0.204345669 0.071008898 0.011149815 0.997413337 -2.564459887
0 0.486191072 0.864339690 0.500000000 0.500000000 0.000000000 0.000000000 0.997418046 0.003003635 -0.071751378 -0.799397649 -0.003809409 0.999931157 -0.011095883 0.205817813 0.071713112 0.011340565 0.997360826 -2.579615291
0 0.486191072 0.864339690 0.500000000 0.500000000 0.000000000 0.000000000 0.997379839 0.003080655 -0.072277293 -0.806086476 -0.003915488 0.999927223 -0.011411584 0.208306209 0.072236881 0.011664684 0.997319281 -2.594756310
