0 0.479645983 0.852704017 0.500000000 0.500000000 0.000000000 0.000000000 0.595171988 0.041464671 -0.802527845 -0.575427525 -0.080150791 0.996751130 -0.007941842 0.115923729 0.799591243 0.069050007 0.596561790 -0.885668633
0 0.479645983 0.852704017 0.500000000 0.500000000 0.000000000 0.000000000 0.590836585 0.041284736 -0.805734217 -0.569559634 -0.080302209 0.996739924 -0.007813174 0.116808417 0.802784920 0.069318548 0.592225730 -0.903787945
0 0.479645983 0.852704017 0.500000000 0.500000000 0.000000000 0.000000000 0.586463273 0.041090976 -0.808932841 -0.563626381 -0.080349445 0.996737599 -0.007621245 0.117755198 0.805980623 0.069466881 0.587851644 -0.920766156
0 0.479645983 0.852704017 0.500000000 0.500000000 0.000000000 0.000000000 0.582120776 0.040816784 -0.812077224 -0.557780221 -0.080535509 0.996722519 -0.007632750 0.119208164 0.809104085 0.069844231 0.583500087 -0.937593232
0 0.479645983 0.852704017 0.500000000 0.500000000 0.000000000 0.000000000 0.577794492 0.040580451 -0.815172791 -0.551946041 -0.080580354 0.996719897 -0.007497233 0.120227963 0.812194765 0.070018768 0.579169273 -0.953346635
0 0.479645983 0.852704017 0.500000000 0.500000000 0.000000000 0.000000000 0.573440850 0.040236015 -0.818258286 -0.546025657 -0.080436788 0.996732533 -0.007358552 0.120532915 0.815288603 0.070037767 0.574803650 -0.969233519
0 0.479645983 0.852704017 0.500000000 0.500000000 0.000000000 0.000000000 0.569121063 0.039876040 -0.821286261 -0.540264242 -0.080214806 0.996751666 -0.007190462 0.120779217 0.818331718 0.069971561 0.570471048 -0.984554556
0 0.479645983 0.852704017 0.500000000 0.500000000 0.000000000 0.000000000 0.564924300 0.039644863 -0.824189782 -0.534258342 -0.079697244 0.996796727 -0.006679335 0.119568198 0.821284890 0.069458976 0.566274285 -1.000110980
0 0.479645983 0.852704017 0.500000000 0.500000000 0.000000000 0.000000000 0.560847342 0.039214883 -0.826990008 -0.528520573 -0.079406530 0.996820569 -0.006583803 0.119457111 0.824102461 0.069360912 0.562178075 -1.015409229
0 0.479645983 0.852704017 0.500000000 0.500000000 0.000000000 0.000000000 0.557004571 0.039095186 -0.829588771 -0.523523994 -0.079359673 0.996826112 -0.006307460 0.119935936 0.826709092 0.069349177 0.558339238 -1.030193570
0 0.479645983 0.852704017 0.500000000 0.500000000 0.000000000 0.000000000 0.553063750 0.038914017 -0.832229674 -0.517542251 -0.079159029 0.996843994 -0.005994482 0.119499241 0.829369843 0.069193825 0.554398656 -1.045448832
0 0.479645983 0.852704017 0.500000000 0.500000000 0.000000000 0.000000000 0.549348593 0.039028671 -0.834681332 -0.512252446 -0.079082444 0.996853232 -0.005436775 0.119398401 0.831842601 0.068995327 0.550706387 -1.060164533
0 0.479645983 0.852704017 0.500000000 0.500000000 0.000000000 0.000000000 0.545560479 0.038996927 -0.837163687 -0.506463410 -0.079155542 0.996849000 -0.005148442 0.120083180 0.834324956 0.069074929 0.546928227 -1.075088260
0 0.479645983 0.852704017 0.500000000 0.500000000 0.000000000 0.000000000 0.541867435 0.039023835 -0.839557528 -0.500973394 -0.079193555 0.996847808 -0.004778210 0.120939400 0.836724579 0.069076695 0.543249786 -1.089519429
0 0.479645983 0.852704017 0.500000000 0.500000000 0.000000000 0.000000000 0.538022816 0.038797528 -0.842036963 -0.494895980 -0.079123139 0.996854126 -0.004625187 0.121566067 0.839208543 0.069113061 0.539400041 -1.104865976
0 0.479645983 0.852704017 0.500000000 0.500000000 0.000000000 0.000000000 0.534269929 0.038748793 -0.844425380 -0.489143999 -0.079119526 0.996855795 -0.004315625 0.122561520 0.841603100 0.069116242 0.535655856 -1.119618935
0 0.479645983 0.852704017 0.500000000 0.500000000 0.000000000 0.000000000 0.530339062 0.038472146 -0.846912265 -0.482575642 -0.079040751 0.996862471 -0.004211724 0.123289558 0.844093025 0.069174223 0.531715989 -1.134842293
0 0.479645983 0.852704017 0.500000000 0.500000000 0.000000000 0.000000000 0.526589632 0.038416151 -0.849251211 -0.476637323 -0.078819841 0.996881723 -0.003779037 0.123363273 0.846457779 0.068927847 0.527975500 -1.149965305
0 0.479645983 0.852704017 0.500000000 0.500000000 0.000000000 0.000000000 0.522787154 0.038313944 -0.851601839 -0.470095281 -0.078617193 0.996899068 -0.003411128 0.123188070 0.848830342 0.068733841 0.524178147 -1.165707859
0 0.479645983 0.852704017 0.500000000 0.500000000 0.000000000 0.000000000 0.519289136 0.038212098 -0.853743851 -0.464168084 -0.078366391 0.996919990 -0.003045894 0.122767951 0.850997925 0.068486527 0.520684242 -1.181194109
0 0.479645983 0.852704017 0.500000000 0.500000000 0.000000000 0.000000000 0.515880287 0.037984740 -0.855818152 -0.457642008 -0.078353517 0.996921182 -0.002983394 0.123082452 0.853069901 0.068595432 0.517268240 -1.197488870
0 0.479645983 0.852704017 0.500000000 0.500000000 0.000000000 0.000000000 0.512789905 0.038191423 -0.857664227 -0.451600708 -0.078272775 0.996929049 -0.002405778 0.122807226 0.854938507 0.068365417 0.514204502 -1.213385019
0 0.479645983 0.852704017 0.500000000 0.500000000 0.000000000 0.000000000 0.509907305 0.038247667 -0.859378636 -0.445850579 -0.078100532 0.996943533 -0.001970337 0.122033192 0.856676638 0.068122618 0.511335969 -1.229686572
0 0.479645983 0.852704017 0.500000000 0.500000000 0.000000000 0.000000000 0.507090986 0.038540069 -0.861030400 -0.440482038 -0.078132957 0.996941984 -0.001391714 0.121784286 0.858343720 0.067980580 0.508551538 -1.246252071
0 0.479645983 0.852704017 0.500000000 0.500000000 0.000000000 0.000000000 0.504364431 0.038726117 -0.862622023 -0.435170650 -0.078124523 0.996943176 -0.000922180 0.121402445 0.859949470 0.067857049 0.505848169 -1.262594147
0 0.479645983 0.852704017 0.500000000 0.500000000 0.000000000 0.000000000 0.501608610 0.038859528 -0.864221454 -0.429467967 -0.078104943 0.996945024 -0.000505999 0.120963469 0.861561656 0.067753777 0.503111303 -1.279518521
0 0.479645983 0.852704017 0.500000000 0.500000000 0.000000000 0.000000000 0.498813808 0.038895834 -0.865835965 -0.423518958 -0.077975407 0.996955276 -0.000136054 0.120297277 0.863194406 0.067581773 0.500327945 -1.296962577
0 0.479645983 0.852704017 0.500000000 0.500000000 0.000000000 0.000000000 0.496169537 0.038974486 -0.867350459 -0.418072824 -0.078116804 0.996944189 0.000110920 0.120861721 0.864704311 0.067699611 0.497697920 -1.314016803
0 0.479645983 0.852704017 0.500000000 0.500000000 0.000000000 0.000000000 0.493570149 0.038872577 -0.868836820 -0.412716547 -0.078071982 0.996947706 0.000253127 0.120953180 0.866194725 0.067706876 0.495098501 -1.331105274
0 0.479645983 0.852704017 0.500000000 0.500000000 0.000000000 0.000000000 0.490907907 0.038912904 -0.870342016 -0.407322528 -0.077895172 0.996961355 0.000638028 0.120160337 0.867722154 0.067482226 0.492447346 -1.348691661
0 0.479645983 0.852704017 0.500000000 0.500000000 0.000000000 0.000000000 0.488382310 0.038808700 -0.871766388 -0.402561556 -0.077708244 0.996975780 0.000848854 0.119501707 0.869162917 0.067328863 0.489921093 -1.366263548
0 0.479645983 0.852704017 0.500000000 0.500000000 0.000000000 0.000000000 0.485787332 0.038951896 -0.873208702 -0.397620757 -0.077628389 0.996981561 0.001286555 0.118976004 0.870623052 0.067160793 0.487344772 -1.383549332
0 0.479645983 0.852704017 0.500000000 0.500000000 0.000000000 0.000000000 0.483486831 0.039195143 -0.874473691 -0.394103661 -0.077458568 0.996993840 0.001860684 0.117837490 0.871917784 0.066835865 0.485069394 -1.400709300
0 0.479645983 0.852704017 0.500000000 0.500000000 0.000000000 0.000000000 0.481211156 0.039454821 -0.875716388 -0.390655689 -0.077263825 0.997007668 0.002462606 0.116303576 0.873193085 0.066476159 0.482819617 -1.417767677
0 0.479645983 0.852704017 0.500000000 0.500000000 0.000000000 0.000000000 0.478879690 0.039606102 -0.876986682 -0.386993204 -0.077138320 0.997016191 0.002905346 0.115288141 0.874484956 0.066257969 0.480505943 -1.434616754
0 0.479645983 0.852704017 0.500000000 0.500000000 0.000000000 0.000000000 0.476706237 0.039835948 -0.878159583 -0.383951814 -0.077246569 0.997006595 0.003294142 0.114577302 0.875662088 0.066264480 0.478356451 -1.451152959
0 0.479645983 0.852704017 0.500000000 0.500000000 0.000000000 0.000000000 0.474552542 0.040235646 -0.879307091 -0.380854637 -0.077366881 0.996995211 0.003866788 0.113692908 0.876820505 0.066194259 0.476239532 -1.468228070
0 0.479645983 0.852704017 0.500000000 0.500000000 0.000000000 0.000000000 0.472234696 0.040324073 -0.880550027 -0.376666812 -0.077330068 0.996996760 0.004184919 0.112290320 0.878074288 0.066116728 0.473934710 -1.485369440
0 0.479645983 0.852704017 0.500000000 0.500000000 0.000000000 0.000000000 0.470005512 0.040485531 -0.881734490 -0.373057337 -0.077591665 0.996975422 0.004416944 0.112238787 0.879246473 0.066339262 0.471725285 -1.502357660
0 0.479645983 0.852704017 0.500000000 0.500000000 0.000000000 0.000000000 0.467740953 0.040541209 -0.882935345 -0.369038087 -0.077633955 0.996971071 0.004650209 0.111596960 0.880449533 0.066370673 0.469471574 -1.519359391
0 0.479645983 0.852704017 0.500000000 0.500000000 0.000000000 0.000000000 0.465489954 0.040708680 -0.884116471 -0.365202718 -0.077554107 0.996975243 0.005072733 0.110681727 0.881648719 0.066205561 0.467239082 -1.535986909
0 0.479645983 0.852704017 0.500000000 0.500000000 0.000000000 0.000000000 0.463119537 0.040838547 -0.885354459 -0.360968072 -0.077338524 0.996989548 0.005532952 0.109629516 0.882915080 0.065909587 0.464883715 -1.553117165
0 0.479645983 0.852704017 0.500000000 0.500000000 0.000000000 0.000000000 0.460716307 0.040809005 -0.886608779 -0.356470683 -0.077328950 0.996989310 0.005706498 0.109949558 0.884172320 0.065931454 0.462484956 -1.569867589
0 0.479645983 0.852704017 0.500000000 0.500000000 0.000000000 0.000000000 0.458360583 0.040777888 -0.887830377 -0.352041439 -0.077483676 0.996976793 0.005788432 0.110976472 0.885382295 0.066139169 0.460134506 -1.586703997
0 0.479645983 0.852704017 0.500000000 0.500000000 0.000000000 0.000000000 0.455766022 0.040767744 -0.889165521 -0.346487086 -0.077619374 0.996965468 0.005924383 0.111616664 0.886708856 0.066316344 0.457547367 -1.604289426
0 0.479645983 0.852704017 0.500000000 0.500000000 0.000000000 0.000000000 0.453203797 0.040601406 -0.890481830 -0.340495885 -0.077974290 0.996938646 0.005770885 0.112774765 0.887990057 0.066819303 0.454982251 -1.621883870
0 0.479645983 0.852704017 0.500000000 0.500000000 0.000000000 0.000000000 0.450678378 0.040623765 -0.891761601 -0.334321116 -0.078353330 0.996908665 0.005815492 0.113635455 0.889241099 0.067251571 0.452468216 -1.639717226
0 0.479645983 0.852704017 0.500000000 0.500000000 0.000000000 0.000000000 0.448216110 0.040575273 -0.893003881 -0.327683731 -0.079275265 0.996837556 0.005503344 0.116624334 0.890403152 0.068326436 0.450015277 -1.657695568
0 0.479645983 0.852704017 0.500000000 0.500000000 0.000000000 0.000000000 0.445739895 0.040438715 -0.894248664 -0.320779670 -0.080134004 0.996770918 0.005131920 0.119163933 0.891568542 0.069372222 0.447541058 -1.676340157
0 0.479645983 0.852704017 0.500000000 0.500000000 0.000000000 0.000000000 0.443116456 0.040299568 -0.895557821 -0.313055216 -0.081040725 0.996699452 0.004752432 0.122002479 0.892793477 0.070470773 0.444919825 -1.695268501
0 0.479645983 0.852704017 0.500000000 0.500000000 0.000000000 0.000000000 0.440616250 0.040210757 -0.896794498 -0.305881601 -0.082004815 0.996622264 0.004395966 0.125176330 0.893942118 0.071604535 0.442425430 -1.714573110
0 0.479645983 0.852704017 0.500000000 0.500000000 0.000000000 0.000000000 0.438097626 0.040007681 -0.898036659 -0.298486386 -0.082868785 0.996552587 0.003969924 0.128266320 0.895099580 0.072679989 0.439902693 -1.734021369
0 0.479645983 0.852704017 0.500000000 0.500000000 0.000000000 0.000000000 0.435424179 0.039667599 -0.899351001 -0.290233394 -0.083732858 0.996482372 0.003412184 0.131200693 0.896322846 0.073819488 0.437214017 -1.753974541
0 0.479645983 0.852704017 0.500000000 0.500000000 0.000000000 0.000000000 0.432744652 0.039376561 -0.900656164 -0.282028899 -0.084604412 0.996410370 0.002912437 0.134165888 0.897537827 0.074939147 0.434522688 -1.774200476
0 0.479645983 0.852704017 0.500000000 0.500000000 0.000000000 0.000000000 0.430207014 0.038938630 -0.901890099 -0.274327322 -0.085549287 0.996331513 0.002208562 0.137852808 0.898667455 0.076205917 0.431959957 -1.793873167
0 0.479645983 0.852704017 0.500000000 0.500000000 0.000000000 0.000000000 0.427433312 0.038485985 -0.903227329 -0.265719512 -0.086335681 0.996264815 0.001593715 0.141013922 0.899914920 0.077299535 0.429159492 -1.813501526
0 0.479645983 0.852704017 0.500000000 0.500000000 0.000000000 0.000000000 0.424678087 0.038170584 -0.904539406 -0.257798792 -0.086999431 0.996207654 0.001192954 0.144295097 0.901154578 0.078187786 0.426388383 -1.832527338
0 0.479645983 0.852704017 0.500000000 0.500000000 0.000000000 0.000000000 0.422002405 0.037815791 -0.905805707 -0.250251922 -0.087503329 0.996163905 0.000821494 0.147579253 0.902361989 0.078914337 0.423692554 -1.850330884
0 0.479645983 0.852704017 0.500000000 0.500000000 0.000000000 0.000000000 0.419300139 0.037501458 -0.907072783 -0.242333242 -0.087832592 0.996135056 0.000582425 0.150008632 0.903588891 0.079426341 0.420973420 -1.868050347
0 0.479645983 0.852704017 0.500000000 0.500000000 0.000000000 0.000000000 0.416892529 0.037209298 -0.908193886 -0.235342830 -0.087964036 0.996123552 0.000433289 0.151880689 0.904689431 0.079707757 0.418549538 -1.885715521
0 0.479645983 0.852704017 0.500000000 0.500000000 0.000000000 0.000000000 0.414569795 0.036915515 -0.909268439 -0.228051601 -0.088038124 0.996117055 0.000301590 0.153504678 0.905748963 0.079925261 0.416209996 -1.903327576
0 0.479645983 0.852704017 0.500000000 0.500000000 0.000000000 0.000000000 0.412404120 0.036598638 -0.910265565 -0.221206171 -0.087983847 0.996121883 0.000188737 0.154543916 0.906742334 0.080010831 0.414024860 -1.920705745
0 0.479645983 0.852704017 0.500000000 0.500000000 0.000000000 0.000000000 0.410407901 0.036467291 -0.911172569 -0.215007008 -0.087940030 0.996125758 0.000257606 0.155297901 0.907651842 0.080022819 0.412024796 -1.937982838
0 0.479645983 0.852704017 0.500000000 0.500000000 0.000000000 0.000000000 0.408426434 0.036186051 -0.912073672 -0.208821251 -0.087826751 0.996135771 0.000192366 0.155903278 0.908556163 0.080025904 0.410026282 -1.954826935
0 0.479645983 0.852704017 0.500000000 0.500000000 0.000000000 0.000000000 0.406295121 0.035946049 -0.913034558 -0.202121224 -0.087611265 0.996154726 0.000231969 0.156037217 0.909532070 0.079897873 0.407882065 -1.971861512
0 0.479645983 0.852704017 0.500000000 0.500000000 0.000000000 0.000000000 0.404178143 0.035731599 -0.913982093 -0.195566763 -0.087434463 0.996170223 0.000279714 0.156460394 0.910491765 0.079800479 0.405754417 -1.988695147
0 0.479645983 0.852704017 0.500000000 0.500000000 0.000000000 0.000000000 0.402284563 0.035596330 -0.914822400 -0.190248878 -0.087254688 0.996185958 0.000392809 0.156726503 0.911347210 0.079664521 0.403856188 -2.005170000
0 0.479645983 0.852704017 0.500000000 0.500000000 0.000000000 0.000000000 0.400222749 0.035371453 -0.915735006 -0.184082301 -0.087184511 0.996192098 0.000375150 0.157285396 0.912261248 0.079687767 0.401782602 -2.022055529
0 0.479645983 0.852704017 0.500000000 0.500000000 0.000000000 0.000000000 0.398257971 0.035200380 -0.916597784 -0.178526253 -0.087305054 0.996181548 0.000322971 0.158215990 0.913109183 0.079894997 0.399810404 -2.039095729
0 0.479645983 0.852704017 0.500000000 0.500000000 0.000000000 0.000000000 0.396293879 0.034925174 -0.917459190 -0.172719449 -0.087050013 0.996203899 0.000321766 0.157285643 0.913987637 0.079737321 0.397829741 -2.056359235
0 0.479645983 0.852704017 0.500000000 0.500000000 0.000000000 0.000000000 0.394353092 0.034923758 -0.918295145 -0.166896757 -0.086931244 0.996214151 0.000555309 0.156156312 0.914838016 0.079609551 0.395896107 -2.074057330
0 0.479645983 0.852704017 0.500000000 0.500000000 0.000000000 0.000000000 0.392522365 0.034884073 -0.919080675 -0.161401750 -0.087120704 0.996197581 0.000603431 0.155975324 0.915606976 0.079834096 0.394068956 -2.092054101
0 0.479645983 0.852704017 0.500000000 0.500000000 0.000000000 0.000000000 0.390753716 0.034945335 -0.919831693 -0.155887913 -0.087444521 0.996169150 0.000698162 0.155703745 0.916332364 0.080161430 0.392312586 -2.110204906
0 0.479645983 0.852704017 0.500000000 0.500000000 0.000000000 0.000000000 0.389197409 0.035163283 -0.920482993 -0.151078747 -0.087921672 0.996127009 0.000878028 0.155545303 0.916948855 0.080588676 0.390781671 -2.128424987
0 0.479645983 0.852704017 0.500000000 0.500000000 0.000000000 0.000000000 0.387913257 0.035625804 -0.921007097 -0.147079808 -0.088774018 0.996051133 0.001138429 0.156295389 0.917410731 0.081319891 0.389544100 -2.146924642
0 0.479645983 0.852704017 0.500000000 0.500000000 0.000000000 0.000000000 0.386649519 0.036013793 -0.921523273 -0.143121444 -0.089636482 0.995973706 0.001314008 0.157176797 0.917860270 0.082094043 0.388320893 -2.165467398
0 0.479645983 0.852704017 0.500000000 0.500000000 0.000000000 0.000000000 0.385496020 0.036527470 -0.921986222 -0.139948937 -0.090637088 0.995882750 0.001558420 0.158879153 0.918247104 0.082965381 0.387219608 -2.183685054
0 0.479645983 0.852704017 0.500000000 0.500000000 0.000000000 0.000000000 0.384394377 0.037088733 -0.922423661 -0.137429998 -0.091612414 0.995792985 0.001861840 0.160689423 0.918612063 0.083789773 0.386175007 -2.201787973
0 0.479645983 0.852704017 0.500000000 0.500000000 0.000000000 0.000000000 0.383334696 0.037622266 -0.922842920 -0.135489101 -0.092707880 0.995691180 0.002082705 0.163502301 0.918944895 0.084756441 0.385170847 -2.219317169
0 0.479645983 0.852704017 0.500000000 0.500000000 0.000000000 0.000000000 0.382152021 0.038200803 -0.923309565 -0.133121760 -0.093437240 0.995621979 0.002519555 0.165043189 0.919363558 0.085308641 0.384048343 -2.236442594
0 0.479645983 0.852704017 0.500000000 0.500000000 0.000000000 0.000000000 0.380935252 0.038678721 -0.923792362 -0.131067534 -0.094049126 0.995563328 0.002901613 0.166604037 0.919806004 0.085776538 0.382882863 -2.253108317
