0 0.501136129 0.890908657 0.500000000 0.500000000 0.000000000 0.000000000 0.350291699 0.164269999 -0.922123134 -0.158468351 -0.235733241 0.968271911 0.082941882 0.077708462 0.906490803 0.188321233 0.377901495 0.824441578
0 0.501136129 0.890908657 0.500000000 0.500000000 0.000000000 0.000000000 0.336465776 0.165321469 -0.927070439 -0.175211300 -0.236886829 0.967671037 0.086587265 0.080508397 0.911413968 0.190477118 0.364750683 0.830129132
0 0.501136129 0.890908657 0.500000000 0.500000000 0.000000000 0.000000000 0.322575688 0.166191146 -0.931839824 -0.192303446 -0.238060847 0.967065454 0.090063840 0.083958902 0.916117847 0.192782164 0.351515412 0.836741387
0 0.501136129 0.890908657 0.500000000 0.500000000 0.000000000 0.000000000 0.308672935 0.167262882 -0.936346173 -0.209496285 -0.239211828 0.966428101 0.093778707 0.086995061 0.920596957 0.195038125 0.338321477 0.842649322
0 0.501136129 0.890908657 0.500000000 0.500000000 0.000000000 0.000000000 0.294895470 0.168210357 -0.940607190 -0.226084321 -0.240151644 0.965833604 0.097430244 0.090589823 0.924858809 0.197156623 0.325215936 0.848092745
0 0.501136129 0.890908657 0.500000000 0.500000000 0.000000000 0.000000000 0.281410724 0.169029012 -0.944583058 -0.243106446 -0.240714923 0.965323746 0.101026535 0.093984840 0.928904891 0.198945284 0.312340260 0.853526092
0 0.501136129 0.890908657 0.500000000 0.500000000 0.000000000 0.000000000 0.267521948 0.169813946 -0.948469937 -0.259468769 -0.241796762 0.964681625 0.104516178 0.098788899 0.932719886 0.201376587 0.299133956 0.858933250
0 0.501136129 0.890908657 0.500000000 0.500000000 0.000000000 0.000000000 0.253836542 0.170524105 -0.952096939 -0.276005718 -0.242700130 0.964074969 0.107963651 0.103411032 0.936303198 0.203668937 0.286103666 0.865186379
0 0.501136129 0.890908657 0.500000000 0.500000000 0.000000000 0.000000000 0.240056813 0.170980603 -0.955582738 -0.291228535 -0.243388474 0.963526547 0.111259110 0.108437792 0.939752519 0.205869317 0.272915840 0.870333293
0 0.501136129 0.890908657 0.500000000 0.500000000 0.000000000 0.000000000 0.226067588 0.172093153 -0.958789527 -0.306898433 -0.243897751 0.962919295 0.115327120 0.112268645 0.943083942 0.207774892 0.259657979 0.875082283
0 0.501136129 0.890908657 0.500000000 0.500000000 0.000000000 0.000000000 0.212502584 0.173204467 -0.961687505 -0.323041625 -0.244160026 0.962359488 0.119373828 0.115940217 0.946165144 0.209438398 0.246793479 0.880115516
0 0.501136129 0.890908657 0.500000000 0.500000000 0.000000000 0.000000000 0.198830858 0.173519552 -0.964550316 -0.338877130 -0.244855881 0.961783588 0.122547626 0.122696393 0.948953032 0.211809561 0.233719543 0.884309526
0 0.501136129 0.890908657 0.500000000 0.500000000 0.000000000 0.000000000 0.185099751 0.174324811 -0.967134416 -0.355399991 -0.245415583 0.961158216 0.126277566 0.127750732 0.951582491 0.213975906 0.220692173 0.888208477
0 0.501136129 0.890908657 0.500000000 0.500000000 0.000000000 0.000000000 0.171389699 0.174986467 -0.969538689 -0.370675793 -0.245787024 0.960577667 0.129920259 0.132694286 0.954051554 0.216033041 0.207642511 0.891580738
0 0.501136129 0.890908657 0.500000000 0.500000000 0.000000000 0.000000000 0.159321934 0.175301701 -0.971537888 -0.385311720 -0.245561630 0.960215271 0.132989183 0.136218213 0.956198752 0.217384323 0.196030721 0.894018339
0 0.501136129 0.890908657 0.500000000 0.500000000 0.000000000 0.000000000 0.145274192 0.175815523 -0.973644853 -0.401507925 -0.245876938 0.959627807 0.136597946 0.140926093 0.958352745 0.219552651 0.182638139 0.896324723
0 0.501136129 0.890908657 0.500000000 0.500000000 0.000000000 0.000000000 0.131301343 0.176144853 -0.975567997 -0.418180500 -0.246147230 0.959062815 0.140035868 0.145598618 0.960297585 0.221746460 0.169283807 0.898509452
0 0.501136129 0.890908657 0.500000000 0.500000000 0.000000000 0.000000000 0.116998807 0.176763773 -0.977274716 -0.435259380 -0.246348694 0.958444118 0.143865079 0.150590412 0.962093353 0.223918304 0.155682355 0.902783614
0 0.501136129 0.890908657 0.500000000 0.500000000 0.000000000 0.000000000 0.103088886 0.177384108 -0.978727520 -0.455037858 -0.246876776 0.957743526 0.147577569 0.157603068 0.963547885 0.226411492 0.142524734 0.905946075
0 0.501136129 0.890908657 0.500000000 0.500000000 0.000000000 0.000000000 0.088088542 0.177927032 -0.980093062 -0.471315839 -0.247124925 0.957061350 0.151534811 0.163287016 0.964971364 0.228856936 0.128276348 0.909184124
0 0.501136129 0.890908657 0.500000000 0.500000000 0.000000000 0.000000000 0.074044600 0.178237736 -0.981197596 -0.488457908 -0.247085869 0.956499338 0.155105248 0.169261802 0.966160417 0.230955347 0.114863634 0.911497452
0 0.501136129 0.890908657 0.500000000 0.500000000 0.000000000 0.000000000 0.059651736 0.178669989 -0.982099116 -0.506164264 -0.247124583 0.955868244 0.158887789 0.175568416 0.967145860 0.233222902 0.101172946 0.913851851
0 0.501136129 0.890908657 0.500000000 0.500000000 0.000000000 0.000000000 0.045037314 0.178788036 -0.982856274 -0.523990722 -0.246608436 0.955395460 0.162492424 0.181823425 0.968068123 0.235062420 0.087119080 0.915456703
0 0.501136129 0.890908657 0.500000000 0.500000000 0.000000000 0.000000000 0.030458497 0.179415360 -0.983301759 -0.540423869 -0.246156171 0.954806030 0.166591093 0.188185030 0.968751490 0.236971691 0.073246159 0.916490330
0 0.501136129 0.890908657 0.500000000 0.500000000 0.000000000 0.000000000 0.016045429 0.179484591 -0.983629942 -0.557808290 -0.245279610 0.954403818 0.170150548 0.195394751 0.969319582 0.238534227 0.059337731 0.918284952
0 0.501136129 0.890908657 0.500000000 0.500000000 0.000000000 0.000000000 0.001584927 0.179572225 -0.983743489 -0.574806598 -0.244530872 0.953949273 0.173739612 0.202403812 0.969640195 0.240280285 0.045422889 0.918816143
0 0.501136129 0.890908657 0.500000000 0.500000000 0.000000000 0.000000000 -0.012787057 0.180041879 -0.983575821 -0.592458892 -0.244079366 0.953338861 0.177680224 0.209416988 0.969670951 0.242342576 0.031754110 0.920494714
0 0.501136129 0.890908657 0.500000000 0.500000000 0.000000000 0.000000000 -0.026701203 0.179808512 -0.983339190 -0.610262447 -0.243499041 0.952890635 0.180852711 0.218450153 0.969533503 0.244271129 0.018339874 0.922557291
0 0.501136129 0.890908657 0.500000000 0.500000000 0.000000000 0.000000000 -0.040855110 0.179500118 -0.982909262 -0.627051330 -0.242992640 0.952411294 0.184030652 0.228477310 0.969167411 0.246358305 0.004706341 0.925309354
0 0.501136129 0.890908657 0.500000000 0.500000000 0.000000000 0.000000000 -0.054428045 0.180187345 -0.982125282 -0.644740272 -0.241386130 0.952035785 0.188044205 0.234005482 0.968901634 0.247306302 -0.008322721 0.926624518
0 0.501136129 0.890908657 0.500000000 0.500000000 0.000000000 0.000000000 -0.067911886 0.179683432 -0.981377542 -0.660039640 -0.240541846 0.951682627 0.190892130 0.242550498 0.968260109 0.249026209 -0.021409182 0.927520091
0 0.501136129 0.890908657 0.500000000 0.500000000 0.000000000 0.000000000 -0.081256732 0.179507747 -0.980394959 -0.676819487 -0.239587367 0.951287568 0.194035649 0.250698197 0.967468441 0.250656962 -0.034290731 0.927953460
0 0.501136129 0.890908657 0.500000000 0.500000000 0.000000000 0.000000000 -0.094693005 0.179439202 -0.979201078 -0.690982253 -0.238231346 0.950956345 0.197301343 0.258388839 0.966581106 0.251959443 -0.047300868 0.926388498
0 0.501136129 0.890908657 0.500000000 0.500000000 0.000000000 0.000000000 -0.107567869 0.179483309 -0.977862418 -0.707420156 -0.236843288 0.950626075 0.200537652 0.266696277 0.965574682 0.253171563 -0.059747402 0.925459207
0 0.501136129 0.890908657 0.500000000 0.500000000 0.000000000 0.000000000 -0.120472625 0.178924724 -0.976459086 -0.722355652 -0.235707045 0.950338960 0.203219339 0.274495129 0.964328051 0.254640639 -0.072316006 0.924799843
0 0.501136129 0.890908657 0.500000000 0.500000000 0.000000000 0.000000000 -0.133605316 0.178078547 -0.974903941 -0.734491212 -0.234526798 0.950099707 0.205688387 0.282624786 0.962884605 0.256122142 -0.085174173 0.922172477
0 0.501136129 0.890908657 0.500000000 0.500000000 0.000000000 0.000000000 -0.146272734 0.177410483 -0.973205924 -0.747806414 -0.232891828 0.949959993 0.208176464 0.290045339 0.961439371 0.257102251 -0.097635783 0.918647908
0 0.501136129 0.890908657 0.500000000 0.500000000 0.000000000 0.000000000 -0.158854157 0.176435798 -0.971409142 -0.760038765 -0.230898544 0.949978352 0.210302100 0.296758582 0.959922493 0.257704318 -0.110169247 0.914484437
0 0.501136129 0.890908657 0.500000000 0.500000000 0.000000000 0.000000000 -0.171387479 0.176124036 -0.969333112 -0.771463735 -0.229032055 0.949812889 0.213072374 0.305052813 0.958212197 0.258526295 -0.122447982 0.911509167
0 0.501136129 0.890908657 0.500000000 0.500000000 0.000000000 0.000000000 -0.183359995 0.175856635 -0.967188478 -0.783596996 -0.227113098 0.949674129 0.215728328 0.313807701 0.956451118 0.259217113 -0.134192899 0.909221761
0 0.501136129 0.890908657 0.500000000 0.500000000 0.000000000 0.000000000 -0.195286036 0.175537989 -0.964909196 -0.796151521 -0.224860609 0.949629962 0.218267441 0.321956213 0.954620898 0.259594649 -0.145977899 0.904651817
0 0.501136129 0.890908657 0.500000000 0.500000000 0.000000000 0.000000000 -0.207571119 0.175426319 -0.962361574 -0.807464077 -0.222944424 0.949414134 0.221152887 0.331343813 0.952475727 0.260458112 -0.157960638 0.902142579
0 0.501136129 0.890908657 0.500000000 0.500000000 0.000000000 0.000000000 -0.219443709 0.174774751 -0.959842801 -0.819825184 -0.220816672 0.949395537 0.223356560 0.338884794 0.950307548 0.260963500 -0.169745699 0.897293557
0 0.501136129 0.890908657 0.500000000 0.500000000 0.000000000 0.000000000 -0.231398866 0.174699664 -0.957044721 -0.831028268 -0.218674824 0.949231029 0.226145595 0.347934601 0.947964072 0.261611432 -0.181448564 0.893332364
0 0.501136129 0.890908657 0.500000000 0.500000000 0.000000000 0.000000000 -0.243112996 0.174149588 -0.954236865 -0.843987396 -0.216362387 0.949230969 0.228359118 0.356022481 0.945559800 0.261978030 -0.193090960 0.886859800
0 0.501136129 0.890908657 0.500000000 0.500000000 0.000000000 0.000000000 -0.254762501 0.174033597 -0.951214135 -0.855802931 -0.214147642 0.949094057 0.231000602 0.365199118 0.942993581 0.262550563 -0.204524681 0.882235077
0 0.501136129 0.890908657 0.500000000 0.500000000 0.000000000 0.000000000 -0.265942872 0.173279405 -0.948287189 -0.867583958 -0.211998105 0.949116170 0.232884794 0.373120179 0.940388858 0.262969136 -0.215675771 0.876146441
0 0.501136129 0.890908657 0.500000000 0.500000000 0.000000000 0.000000000 -0.277041256 0.173068106 -0.945143163 -0.880400153 -0.209457427 0.949111521 0.235191122 0.381740796 0.937750340 0.263124913 -0.226692647 0.868929305
0 0.501136129 0.890908657 0.500000000 0.500000000 0.000000000 0.000000000 -0.288766205 0.172431335 -0.941743851 -0.891883185 -0.206698418 0.949221432 0.237180233 0.390016481 0.934820771 0.263146609 -0.238461792 0.863200601
0 0.501136129 0.890908657 0.500000000 0.500000000 0.000000000 0.000000000 -0.299723327 0.172176197 -0.938360929 -0.903603112 -0.204302415 0.949178457 0.239417613 0.399112121 0.931894004 0.263468474 -0.249314919 0.857023448
0 0.501136129 0.890908657 0.500000000 0.500000000 0.000000000 0.000000000 -0.310788423 0.171680167 -0.934845686 -0.914399699 -0.201633990 0.949257195 0.241359770 0.407436280 0.928845704 0.263508499 -0.260401577 0.852228639
0 0.501136129 0.890908657 0.500000000 0.500000000 0.000000000 0.000000000 -0.321965575 0.171334341 -0.931119084 -0.925539919 -0.198925033 0.949291587 0.243463233 0.416112234 0.925617099 0.263609678 -0.271556497 0.846032825
0 0.501136129 0.890908657 0.500000000 0.500000000 0.000000000 0.000000000 -0.333061785 0.170899585 -0.927288055 -0.935625892 -0.196316555 0.949317217 0.245472223 0.425091569 0.922241628 0.263799429 -0.282630891 0.840807610
0 0.501136129 0.890908657 0.500000000 0.500000000 0.000000000 0.000000000 -0.343805671 0.170560077 -0.923421323 -0.945768311 -0.193762213 0.949319541 0.247484624 0.433840143 0.918832898 0.264010787 -0.293333352 0.834391803
0 0.501136129 0.890908657 0.500000000 0.500000000 0.000000000 0.000000000 -0.354423821 0.170043170 -0.919493914 -0.955283345 -0.191200450 0.949372411 0.249267861 0.442679654 0.915328443 0.264154106 -0.303967863 0.828678467
0 0.501136129 0.890908657 0.500000000 0.500000000 0.000000000 0.000000000 -0.364904583 0.169545889 -0.915477395 -0.965032301 -0.188451767 0.949476600 0.250958413 0.451452946 0.911773324 0.264099211 -0.314517111 0.821604301
0 0.501136129 0.890908657 0.500000000 0.500000000 0.000000000 0.000000000 -0.375416189 0.169365272 -0.911250830 -0.975342189 -0.185714439 0.949479222 0.252980858 0.461240210 0.908059955 0.264205545 -0.324996322 0.813990830
0 0.501136129 0.890908657 0.500000000 0.500000000 0.000000000 0.000000000 -0.385931194 0.169099286 -0.906897187 -0.984931961 -0.182886884 0.949521601 0.254874736 0.470730683 0.904217601 0.264223725 -0.335523963 0.805963178
0 0.501136129 0.890908657 0.500000000 0.500000000 0.000000000 0.000000000 -0.395819157 0.168555260 -0.902727187 -0.994194338 -0.180212945 0.949640334 0.256332844 0.479999307 0.900472403 0.264144570 -0.345509976 0.798298717
0 0.501136129 0.890908657 0.500000000 0.500000000 0.000000000 0.000000000 -0.405814886 0.168255240 -0.898334265 -1.003010966 -0.177358165 0.949726105 0.258000821 0.490251803 0.896581471 0.264027476 -0.355571538 0.791353385
0 0.501136129 0.890908657 0.500000000 0.500000000 0.000000000 0.000000000 -0.415720046 0.167973712 -0.893846571 -1.011769705 -0.174401596 0.949835658 0.259607941 0.500761982 0.892614663 0.263812482 -0.365570843 0.783897718
0 0.501136129 0.890908657 0.500000000 0.500000000 0.000000000 0.000000000 -0.425271213 0.167519644 -0.889427662 -1.019929337 -0.171713322 0.949938536 0.261019647 0.510991772 0.888627529 0.263730735 -0.375216156 0.776247705
0 0.501136129 0.890908657 0.500000000 0.500000000 0.000000000 0.000000000 -0.434801340 0.167200118 -0.884868324 -1.028418825 -0.168814525 0.950058699 0.262469232 0.521110987 0.884561718 0.263500601 -0.384860992 0.768080909
0 0.501136129 0.890908657 0.500000000 0.500000000 0.000000000 0.000000000 -0.444109887 0.166709155 -0.880326331 -1.036510614 -0.166058347 0.950199544 0.263714820 0.531387250 0.880449355 0.263303906 -0.394309551 0.760013713
0 0.501136129 0.890908657 0.500000000 0.500000000 0.000000000 0.000000000 -0.452922225 0.166221395 -0.875917733 -1.043608399 -0.163531110 0.950308800 0.264897615 0.541905916 0.876424015 0.263217807 -0.403233618 0.753494754
0 0.501136129 0.890908657 0.500000000 0.500000000 0.000000000 0.000000000 -0.461714208 0.165714309 -0.871411920 -1.051193351 -0.160745949 0.950497210 0.265924364 0.552159671 0.872342110 0.262856990 -0.412220180 0.746603850
0 0.501136129 0.890908657 0.500000000 0.500000000 0.000000000 0.000000000 -0.470654517 0.165028244 -0.866746783 -1.058242776 -0.158100441 0.950678885 0.266859442 0.562058171 0.868037164 0.262631655 -0.421350271 0.739205112
0 0.501136129 0.890908657 0.500000000 0.500000000 0.000000000 0.000000000 -0.478955805 0.164595082 -0.862270117 -1.065084482 -0.155411497 0.950849712 0.267828405 0.571947302 0.863972604 0.262284666 -0.429835021 0.731801446
0 0.501136129 0.890908657 0.500000000 0.500000000 0.000000000 0.000000000 -0.487330377 0.163953796 -0.857687712 -1.070868488 -0.152844995 0.951035857 0.268643171 0.581508829 0.859736860 0.262011260 -0.438409179 0.724682985
0 0.501136129 0.890908657 0.500000000 0.500000000 0.000000000 0.000000000 -0.495433807 0.163393512 -0.853140056 -1.076241733 -0.150167927 0.951251328 0.269389033 0.590392006 0.855567038 0.261578709 -0.446745604 0.716441499
0 0.501136129 0.890908657 0.500000000 0.500000000 0.000000000 0.000000000 -0.502948225 0.162958607 -0.848815382 -1.081210454 -0.147754580 0.951398730 0.270201892 0.599764013 0.851593614 0.261313915 -0.454426408 0.708678010
0 0.501136129 0.890908657 0.500000000 0.500000000 0.000000000 0.000000000 -0.510264933 0.162421316 -0.844540715 -1.085608331 -0.145224020 0.951629698 0.270759791 0.609047823 0.847667217 0.260806829 -0.461995780 0.701154169
0 0.501136129 0.890908657 0.500000000 0.500000000 0.000000000 0.000000000 -0.517258763 0.161750242 -0.840404809 -1.090294181 -0.142705664 0.951928496 0.271048456 0.617633475 0.843847454 0.260132700 -0.469310641 0.694006698
0 0.501136129 0.890908657 0.500000000 0.500000000 0.000000000 0.000000000 -0.524334967 0.160803974 -0.836190760 -1.095104111 -0.140414834 0.952235222 0.271167338 0.625440807 0.839855075 0.259596109 -0.476710945 0.685713155
0 0.501136129 0.890908657 0.500000000 0.500000000 0.000000000 0.000000000 -0.530934274 0.159879938 -0.832194209 -1.099933428 -0.138228774 0.952548206 0.271191210 0.632855389 0.836063147 0.259017885 -0.483640492 0.678315572
0 0.501136129 0.890908657 0.500000000 0.500000000 0.000000000 0.000000000 -0.537444055 0.159237847 -0.828128755 -1.104691265 -0.135955200 0.952803373 0.271444112 0.640853794 0.832268059 0.258474410 -0.490429282 0.671292617
0 0.501136129 0.890908657 0.500000000 0.500000000 0.000000000 0.000000000 -0.544214845 0.158603832 -0.823817372 -1.109638707 -0.133331001 0.953135669 0.271579236 0.648368747 0.828283191 0.257637829 -0.497563779 0.662172931
0 0.501136129 0.890908657 0.500000000 0.500000000 0.000000000 0.000000000 -0.550723016 0.158078328 -0.819582462 -1.113912605 -0.130711973 0.953454852 0.271731824 0.656438537 0.824389815 0.256778210 -0.504426777 0.654490049
0 0.501136129 0.890908657 0.500000000 0.500000000 0.000000000 0.000000000 -0.556758821 0.157518253 -0.815602601 -1.118000113 -0.128292710 0.953769743 0.271779716 0.664274334 0.820707381 0.255951643 -0.510811269 0.647098939
0 0.501136129 0.890908657 0.500000000 0.500000000 0.000000000 0.000000000 -0.562497675 0.157067254 -0.811742723 -1.122199212 -0.125828400 0.954091191 0.271803677 0.671857850 0.817168057 0.255029231 -0.516910493 0.640132550
0 0.501136129 0.890908657 0.500000000 0.500000000 0.000000000 0.000000000 -0.568024576 0.156667471 -0.807962537 -1.126936965 -0.123189397 0.954470098 0.271682173 0.678999830 0.813739836 0.253854573 -0.522862673 0.632954498
