0 0.493244134 0.876878412 0.500000000 0.500000000 0.000000000 0.000000000 0.815289915 0.035362255 -0.577972233 0.475181728 -0.035714440 0.999304116 0.010761808 0.110816080 0.577950597 0.011867960 0.815985501 -1.613040820
0 0.493244134 0.876878412 0.500000000 0.500000000 0.000000000 0.000000000 0.814401984 0.035415571 -0.579219460 0.469903687 -0.035640340 0.999304235 0.010989566 0.112252669 0.579205692 0.011693654 0.815097570 -1.632806964
0 0.493244134 0.876878412 0.500000000 0.500000000 0.000000000 0.000000000 0.813672602 0.035565831 -0.580234349 0.463360731 -0.035642400 0.999301076 0.011270837 0.113157051 0.580229700 0.011510174 0.814371586 -1.652875777
0 0.493244134 0.876878412 0.500000000 0.500000000 0.000000000 0.000000000 0.812876344 0.035602178 -0.581347227 0.456304737 -0.035782967 0.999297202 0.011163776 0.114465050 0.581336141 0.011727559 0.813579023 -1.673298152
0 0.493244134 0.876878412 0.500000000 0.500000000 0.000000000 0.000000000 0.811869919 0.035466209 -0.582760155 0.449656413 -0.035929088 0.999296367 0.010761738 0.116308719 0.582731783 0.012200908 0.812572956 -1.694527523
0 0.493244134 0.876878412 0.500000000 0.500000000 0.000000000 0.000000000 0.810853243 0.035356473 -0.584180534 0.442541651 -0.036103774 0.999294281 0.010367782 0.118393001 0.584134817 0.012684372 0.811557531 -1.716177108
0 0.493244134 0.876878412 0.500000000 0.500000000 0.000000000 0.000000000 0.809921205 0.035139237 -0.585485101 0.434671756 -0.036139134 0.999296904 0.009982623 0.121458230 0.585424244 0.013073786 0.810621679 -1.738175182
0 0.493244134 0.876878412 0.500000000 0.500000000 0.000000000 0.000000000 0.808918595 0.035284191 -0.586860895 0.426051280 -0.036269177 0.999291122 0.010088196 0.123826511 0.586800873 0.013124432 0.809624910 -1.760783398
0 0.493244134 0.876878412 0.500000000 0.500000000 0.000000000 0.000000000 0.807934880 0.035580035 -0.588196635 0.417091593 -0.036612794 0.999277949 0.010155775 0.126966967 0.588133276 0.013330318 0.808654189 -1.783521121
0 0.493244134 0.876878412 0.500000000 0.500000000 0.000000000 0.000000000 0.807185829 0.035864577 -0.589206874 0.407130813 -0.037115533 0.999261141 0.009977727 0.131031340 0.589129388 0.013814846 0.807920635 -1.806613343
0 0.493244134 0.876878412 0.500000000 0.500000000 0.000000000 0.000000000 0.806422889 0.035870947 -0.590250313 0.397171743 -0.037619304 0.999248564 0.009329818 0.136896459 0.590141416 0.014681025 0.807166398 -1.829798074
0 0.493244134 0.876878412 0.500000000 0.500000000 0.000000000 0.000000000 0.805324614 0.035889376 -0.591746807 0.389690344 -0.037995037 0.999238312 0.008895196 0.142350897 0.591615319 0.015319920 0.806074798 -1.852696895
0 0.493244134 0.876878412 0.500000000 0.500000000 0.000000000 0.000000000 0.804296374 0.036143232 -0.593128145 0.381633585 -0.038316242 0.999225736 0.008931682 0.146928120 0.592991710 0.015542722 0.805058539 -1.875574310
0 0.493244134 0.876878412 0.500000000 0.500000000 0.000000000 0.000000000 0.803468108 0.036257882 -0.594242632 0.373466806 -0.038439747 0.999220431 0.008993808 0.151005593 0.594105482 0.015616298 0.804235518 -1.898179321
0 0.493244134 0.876878412 0.500000000 0.500000000 0.000000000 0.000000000 0.802767992 0.036547113 -0.595170438 0.364580693 -0.038801320 0.999206245 0.009022033 0.154980264 0.595027745 0.015850801 0.803548813 -1.920014019
0 0.493244134 0.876878412 0.500000000 0.500000000 0.000000000 0.000000000 0.801953673 0.036642674 -0.596261382 0.356080497 -0.039069626 0.999197245 0.008857239 0.159899289 0.596107244 0.016192613 0.802741528 -1.941501604
0 0.493244134 0.876878412 0.500000000 0.500000000 0.000000000 0.000000000 0.800881803 0.036714736 -0.597695887 0.348757045 -0.039210357 0.999191880 0.008837614 0.164576593 0.597537339 0.016357984 0.801674187 -1.962973540
0 0.493244134 0.876878412 0.500000000 0.500000000 0.000000000 0.000000000 0.799700022 0.037083521 -0.599253416 0.342070862 -0.039619755 0.999174654 0.008959470 0.168951579 0.599091053 0.016577385 0.800509274 -1.983366690
0 0.493244134 0.876878412 0.500000000 0.500000000 0.000000000 0.000000000 0.798520505 0.037342619 -0.600808263 0.336277794 -0.040114094 0.999156475 0.008786817 0.174327322 0.600629568 0.017084425 0.799344897 -2.003935858
0 0.493244134 0.876878412 0.500000000 0.500000000 0.000000000 0.000000000 0.797082782 0.037334912 -0.602714777 0.331930972 -0.040321480 0.999150038 0.008567271 0.179962493 0.602522373 0.017473528 0.797910690 -2.024597033
0 0.493244134 0.876878412 0.500000000 0.500000000 0.000000000 0.000000000 0.795474887 0.037625130 -0.604817390 0.328632003 -0.040454667 0.999141276 0.008948402 0.183675589 0.604634702 0.017349456 0.796313941 -2.045132973
0 0.493244134 0.876878412 0.500000000 0.500000000 0.000000000 0.000000000 0.794289887 0.038011003 -0.606348634 0.323930418 -0.040568583 0.999131680 0.009490881 0.186608742 0.606182933 0.017060194 0.795142293 -2.065966431
0 0.493244134 0.876878412 0.500000000 0.500000000 0.000000000 0.000000000 0.793298185 0.038118623 -0.607638896 0.318678877 -0.040621731 0.999128044 0.009644282 0.189690998 0.607476652 0.017032551 0.794154882 -2.087098587
0 0.493244134 0.876878412 0.500000000 0.500000000 0.000000000 0.000000000 0.792285204 0.038107272 -0.608959794 0.313733804 -0.040733129 0.999124646 0.009527165 0.192732981 0.608789742 0.017256606 0.793143868 -2.107981671
0 0.493244134 0.876878412 0.500000000 0.500000000 0.000000000 0.000000000 0.791252136 0.037935533 -0.610312164 0.308944138 -0.040756803 0.999126136 0.009263254 0.195834184 0.610130250 0.017544804 0.792106867 -2.129248967
0 0.493244134 0.876878412 0.500000000 0.500000000 0.000000000 0.000000000 0.790104508 0.037818689 -0.611804426 0.304221162 -0.040688310 0.999129415 0.009214949 0.197986760 0.611620247 0.017612515 0.790955424 -2.150278950
0 0.493244134 0.876878412 0.500000000 0.500000000 0.000000000 0.000000000 0.788507938 0.037586585 -0.613874972 0.302062272 -0.040637594 0.999133646 0.008977323 0.200177948 0.613680542 0.017867710 0.789352238 -2.171372683
0 0.493244134 0.876878412 0.500000000 0.500000000 0.000000000 0.000000000 0.786752939 0.037277445 -0.616141379 0.300397951 -0.040680096 0.999136031 0.008504627 0.202999164 0.615926087 0.018373650 0.787589669 -2.192807561
0 0.493244134 0.876878412 0.500000000 0.500000000 0.000000000 0.000000000 0.784833968 0.037274282 -0.618584037 0.299784738 -0.040982928 0.999126136 0.008207315 0.205455631 0.618349433 0.018910006 0.785675764 -2.214933000
0 0.493244134 0.876878412 0.500000000 0.500000000 0.000000000 0.000000000 0.783102751 0.037536006 -0.620758533 0.298898875 -0.041430537 0.999108136 0.008148360 0.207392691 0.620510757 0.019337354 0.783959508 -2.237988538
0 0.493244134 0.876878412 0.500000000 0.500000000 0.000000000 0.000000000 0.781482279 0.037640650 -0.622790992 0.298339239 -0.041711852 0.999097288 0.008043783 0.209815599 0.622531533 0.019691693 0.782346904 -2.261668259
0 0.493244134 0.876878412 0.500000000 0.500000000 0.000000000 0.000000000 0.780054808 0.037761912 -0.624570668 0.296706726 -0.041857384 0.999090552 0.008128009 0.212467448 0.624309599 0.019802602 0.780925989 -2.285863092
0 0.493244134 0.876878412 0.500000000 0.500000000 0.000000000 0.000000000 0.778506279 0.037632242 -0.626507640 0.296677223 -0.041595366 0.999099851 0.008325698 0.214679015 0.626257002 0.019578205 0.779370844 -2.310333885
0 0.493244134 0.876878412 0.500000000 0.500000000 0.000000000 0.000000000 0.776950240 0.037378591 -0.628451407 0.295813441 -0.041376926 0.999109387 0.008270312 0.218245367 0.628200829 0.019577766 0.777804852 -2.334821713
0 0.493244134 0.876878412 0.500000000 0.500000000 0.000000000 0.000000000 0.775158107 0.036971763 -0.630684555 0.296692967 -0.041480381 0.999110520 0.007587031 0.224185560 0.630404055 0.020279886 0.776002228 -2.359256139
0 0.493244134 0.876878412 0.500000000 0.500000000 0.000000000 0.000000000 0.773051143 0.036734264 -0.633279204 0.299029683 -0.041856062 0.999100089 0.006860056 0.231024947 0.632961333 0.021203401 0.773892999 -2.383442664
0 0.493244134 0.876878412 0.500000000 0.500000000 0.000000000 0.000000000 0.770853817 0.036746044 -0.635951340 0.302264494 -0.042184234 0.999088049 0.006595878 0.237282190 0.635613799 0.021742664 0.771700978 -2.407683663
0 0.493244134 0.876878412 0.500000000 0.500000000 0.000000000 0.000000000 0.769011021 0.036916669 -0.638168633 0.305103328 -0.042461019 0.999076128 0.006627674 0.243093738 0.637823761 0.022000536 0.769868076 -2.432644137
0 0.493244134 0.876878412 0.500000000 0.500000000 0.000000000 0.000000000 0.767522275 0.037424736 -0.639928877 0.306103989 -0.043094758 0.999048233 0.006739704 0.249153064 0.639572024 0.022404706 0.768404603 -2.456505516
0 0.493244134 0.876878412 0.500000000 0.500000000 0.000000000 0.000000000 0.766238630 0.037698556 -0.641449273 0.305851158 -0.043635365 0.999025822 0.006589336 0.255708814 0.641072810 0.022940870 0.767137110 -2.479842435
0 0.493244134 0.876878412 0.500000000 0.500000000 0.000000000 0.000000000 0.764874876 0.037657097 -0.643077314 0.306201906 -0.043845512 0.999018133 0.006350394 0.261542780 0.642684996 0.023338797 0.765774965 -2.503725971
0 0.493244134 0.876878412 0.500000000 0.500000000 0.000000000 0.000000000 0.763338029 0.037757177 -0.644894898 0.307856908 -0.044012792 0.999010503 0.006393566 0.266213568 0.644498229 0.023503175 0.764244497 -2.526616260
0 0.493244134 0.876878412 0.500000000 0.500000000 0.000000000 0.000000000 0.761911213 0.037704159 -0.646583080 0.308787669 -0.043999288 0.999011040 0.006408025 0.270977296 0.646185279 0.023566850 0.762816608 -2.549818004
0 0.493244134 0.876878412 0.500000000 0.500000000 0.000000000 0.000000000 0.760532320 0.037734028 -0.648202717 0.309510498 -0.044102535 0.999006450 0.006410240 0.275604124 0.647800565 0.023712186 0.761440873 -2.573080668
0 0.493244134 0.876878412 0.500000000 0.500000000 0.000000000 0.000000000 0.759283960 0.037759021 -0.649663091 0.309820689 -0.044280536 0.998999178 0.006310548 0.280127247 0.649251163 0.023975931 0.760196090 -2.596283275
0 0.493244134 0.876878412 0.500000000 0.500000000 0.000000000 0.000000000 0.758117974 0.037707709 -0.651026309 0.309487247 -0.044550732 0.998989224 0.005982682 0.285267648 0.650593877 0.024468122 0.759031594 -2.619435141
0 0.493244134 0.876878412 0.500000000 0.500000000 0.000000000 0.000000000 0.757209539 0.037570119 -0.652090669 0.307711214 -0.044753809 0.998982430 0.005587994 0.289948854 0.651637018 0.024952257 0.758120418 -2.642640500
0 0.493244134 0.876878412 0.500000000 0.500000000 0.000000000 0.000000000 0.756401718 0.037510496 -0.653030992 0.305278503 -0.044978242 0.998973966 0.005283655 0.294129208 0.652559161 0.025375620 0.757312775 -2.665182719
0 0.493244134 0.876878412 0.500000000 0.500000000 0.000000000 0.000000000 0.755357087 0.037497602 -0.654239655 0.303997908 -0.045038547 0.998971403 0.005256251 0.296484884 0.653763831 0.025495658 0.756269038 -2.688810662
0 0.493244134 0.876878412 0.500000000 0.500000000 0.000000000 0.000000000 0.754323483 0.037620898 -0.655424118 0.302209131 -0.045211397 0.998963356 0.005306304 0.298733490 0.654944301 0.025629969 0.755242407 -2.712353270
0 0.493244134 0.876878412 0.500000000 0.500000000 0.000000000 0.000000000 0.753228009 0.037709352 -0.656677723 0.300784360 -0.045381445 0.998955607 0.005310660 0.300248100 0.656192124 0.025800847 0.754152656 -2.735515688
0 0.493244134 0.876878412 0.500000000 0.500000000 0.000000000 0.000000000 0.752227783 0.037686642 -0.657824516 0.298541779 -0.045756552 0.998940587 0.004906123 0.302657263 0.657312453 0.026409259 0.753155291 -2.759134923
0 0.493244134 0.876878412 0.500000000 0.500000000 0.000000000 0.000000000 0.751362383 0.037641589 -0.658815384 0.295250705 -0.046368383 0.998915613 0.004191330 0.305816677 0.658258736 0.027398996 0.752292991 -2.784126272
0 0.493244134 0.876878412 0.500000000 0.500000000 0.000000000 0.000000000 0.750592828 0.037730839 -0.659686923 0.291977260 -0.047068238 0.998885274 0.003576997 0.308325507 0.659086466 0.028365431 0.751532018 -2.809377424
0 0.493244134 0.876878412 0.500000000 0.500000000 0.000000000 0.000000000 0.750101388 0.037664466 -0.660249412 0.286778601 -0.047537044 0.998865068 0.002974809 0.310699073 0.659612119 0.029154897 0.751040518 -2.835153970
0 0.493244134 0.876878412 0.500000000 0.500000000 0.000000000 0.000000000 0.749682724 0.037812531 -0.660716295 0.280039389 -0.048041075 0.998841822 0.002653440 0.312514719 0.660051405 0.029752282 0.750631034 -2.861206557
0 0.493244134 0.876878412 0.500000000 0.500000000 0.000000000 0.000000000 0.749080658 0.037723705 -0.661403894 0.274909027 -0.048318751 0.998829424 0.002245084 0.313871370 0.660714388 0.030276461 0.750026584 -2.886794079
0 0.493244134 0.876878412 0.500000000 0.500000000 0.000000000 0.000000000 0.748797834 0.037920639 -0.661712766 0.266909124 -0.049015339 0.998796463 0.001771793 0.317505529 0.660983562 0.031107362 0.749755323 -2.913271245
0 0.493244134 0.876878412 0.500000000 0.500000000 0.000000000 0.000000000 0.748557866 0.037998341 -0.661979795 0.257849559 -0.049732380 0.998761952 0.001093290 0.322851850 0.661201775 0.032103438 0.749520898 -2.939965473
0 0.493244134 0.876878412 0.500000000 0.500000000 0.000000000 0.000000000 0.747975647 0.037998363 -0.662637591 0.250830964 -0.050394017 0.998729348 0.000387216 0.328625570 0.661810338 0.033103339 0.748940110 -2.966114192
0 0.493244134 0.876878412 0.500000000 0.500000000 0.000000000 0.000000000 0.747143030 0.037933256 -0.663579941 0.244822293 -0.051241510 0.998686135 -0.000604782 0.336865681 0.662685156 0.034454696 0.748105109 -2.992307395
0 0.493244134 0.876878412 0.500000000 0.500000000 0.000000000 0.000000000 0.746493399 0.037917197 -0.664311588 0.238759492 -0.052042421 0.998643756 -0.001480558 0.344360472 0.663354516 0.035677612 0.747454286 -3.018159367
0 0.493244134 0.876878412 0.500000000 0.500000000 0.000000000 0.000000000 0.746222258 0.038315050 -0.664593279 0.230783162 -0.053150993 0.998584270 -0.002109034 0.352413476 0.663571596 0.036897603 0.747202277 -3.043921212
0 0.493244134 0.876878412 0.500000000 0.500000000 0.000000000 0.000000000 0.746296704 0.038544998 -0.664496481 0.221088601 -0.054092366 0.998531938 -0.002830026 0.361463455 0.663411856 0.038056225 0.747286081 -3.069679954
0 0.493244134 0.876878412 0.500000000 0.500000000 0.000000000 0.000000000 0.746609628 0.038653508 -0.664138496 0.210197522 -0.054799408 0.998491287 -0.003491102 0.369566394 0.663001597 0.039000887 0.747601390 -3.095473767
0 0.493244134 0.876878412 0.500000000 0.500000000 0.000000000 0.000000000 0.746925533 0.038471390 -0.663793802 0.198228074 -0.055317789 0.998459220 -0.004378098 0.378215969 0.662602603 0.039989721 0.747902811 -3.120961242
0 0.493244134 0.876878412 0.500000000 0.500000000 0.000000000 0.000000000 0.746824861 0.038213823 -0.663921952 0.188941290 -0.055533946 0.998444259 -0.005000221 0.384937280 0.662697971 0.040604495 0.747785151 -3.145854551
0 0.493244134 0.876878412 0.500000000 0.500000000 0.000000000 0.000000000 0.746766567 0.038103949 -0.663993835 0.179767093 -0.055952590 0.998417556 -0.005632390 0.393208679 0.662728488 0.041358255 0.747716844 -3.169708271
0 0.493244134 0.876878412 0.500000000 0.500000000 0.000000000 0.000000000 0.746691167 0.038195621 -0.664073348 0.170225530 -0.056467742 0.998385966 -0.006068597 0.399687687 0.662769735 0.042030089 0.747642815 -3.193564814
0 0.493244134 0.876878412 0.500000000 0.500000000 0.000000000 0.000000000 0.746390283 0.038209181 -0.664410710 0.162665246 -0.057265874 0.998335004 -0.006919112 0.407581545 0.663040042 0.043212418 0.747335613 -3.216494078
0 0.493244134 0.876878412 0.500000000 0.500000000 0.000000000 0.000000000 0.746165991 0.038298540 -0.664657474 0.154392395 -0.058449648 0.998257518 -0.008096399 0.417466113 0.663189232 0.044890255 0.747104347 -3.239401630
0 0.493244134 0.876878412 0.500000000 0.500000000 0.000000000 0.000000000 0.745846570 0.038299669 -0.665015817 0.146975876 -0.059420608 0.998191059 -0.009155075 0.425878679 0.663462162 0.046343923 0.746773183 -3.262296674
0 0.493244134 0.876878412 0.500000000 0.500000000 0.000000000 0.000000000 0.745563626 0.038365100 -0.665329218 0.139914309 -0.060207885 0.998136640 -0.009912687 0.433381850 0.663709164 0.047448605 0.746484280 -3.285672577
0 0.493244134 0.876878412 0.500000000 0.500000000 0.000000000 0.000000000 0.745695472 0.038634803 -0.665165842 0.131758014 -0.060892265 0.998091280 -0.010292210 0.439020545 0.663498580 0.048178308 0.746624708 -3.309521998
0 0.493244134 0.876878412 0.500000000 0.500000000 0.000000000 0.000000000 0.745978951 0.038875364 -0.664833844 0.122902586 -0.061568025 0.998045266 -0.010723099 0.443577448 0.663117468 0.048931714 0.746914268 -3.334013704
0 0.493244134 0.876878412 0.500000000 0.500000000 0.000000000 0.000000000 0.746283889 0.038795825 -0.664496243 0.113773791 -0.062395081 0.997981668 -0.011808825 0.450879474 0.662696898 0.050274029 0.747198284 -3.358715913
0 0.493244134 0.876878412 0.500000000 0.500000000 0.000000000 0.000000000 0.746458828 0.038932126 -0.664291739 0.105091678 -0.063484259 0.997900069 -0.012852806 0.459148565 0.662396371 0.051766157 0.747362912 -3.384018347
0 0.493244134 0.876878412 0.500000000 0.500000000 0.000000000 0.000000000 0.746460378 0.038949531 -0.664288938 0.098470575 -0.064295940 0.997836232 -0.013742693 0.466215212 0.662316322 0.052969456 0.747349560 -3.409194942
0 0.493244134 0.876878412 0.500000000 0.500000000 0.000000000 0.000000000 0.746722698 0.038925063 -0.663995504 0.089662303 -0.064854160 0.997790277 -0.014441405 0.471557995 0.661966085 0.053846598 0.747597098 -3.435338213
0 0.493244134 0.876878412 0.500000000 0.500000000 0.000000000 0.000000000 0.746793509 0.038750775 -0.663926065 0.082052613 -0.065376610 0.997743309 -0.015302158 0.477799191 0.661834836 0.054832786 0.747641683 -3.461601532
0 0.493244134 0.876878412 0.500000000 0.500000000 0.000000000 0.000000000 0.746723592 0.038766850 -0.664003789 0.075575351 -0.066032760 0.997689009 -0.016010394 0.483973062 0.661848605 0.055801343 0.747557819 -3.488023949
