0 0.501791852 0.892074395 0.500000000 0.500000000 0.000000000 0.000000000 -0.138254374 -0.137970090 0.980739534 -1.682049597 0.139738277 0.977625549 0.157230854 -0.024540719 -0.980489135 0.158784702 -0.115881309 1.421011993
0 0.501791852 0.892074395 0.500000000 0.500000000 0.000000000 0.000000000 -0.141791567 -0.137819916 0.980255485 -1.675337718 0.140543342 0.977426231 0.157751381 -0.024110050 -0.979868710 0.160136193 -0.119221136 1.434432381
0 0.501791852 0.892074395 0.500000000 0.500000000 0.000000000 0.000000000 -0.145447418 -0.137574136 0.979754269 -1.668641163 0.141100869 0.977277756 0.158173233 -0.023179688 -0.979252577 0.161250070 -0.122730695 1.447658483
0 0.501791852 0.892074395 0.500000000 0.500000000 0.000000000 0.000000000 -0.149061888 -0.137368470 0.979239762 -1.662322853 0.141558617 0.977138758 0.158622086 -0.021991967 -0.978642821 0.162264317 -0.126208469 1.460993108
0 0.501791852 0.892074395 0.500000000 0.500000000 0.000000000 0.000000000 -0.152512938 -0.137131289 0.978741467 -1.656214124 0.142189756 0.976979017 0.159041151 -0.020952270 -0.978019357 0.163422838 -0.129503265 1.473526984
0 0.501791852 0.892074395 0.500000000 0.500000000 0.000000000 0.000000000 -0.155967832 -0.136914372 0.978227198 -1.650319304 0.142964467 0.976789951 0.159507364 -0.020178008 -0.977361321 0.164729744 -0.132773921 1.485809870
0 0.501791852 0.892074395 0.500000000 0.500000000 0.000000000 0.000000000 -0.159320667 -0.136689246 0.977718234 -1.644838808 0.143837869 0.976586103 0.159969568 -0.019461291 -0.976692140 0.166119367 -0.135929257 1.497562706
0 0.501791852 0.892074395 0.500000000 0.500000000 0.000000000 0.000000000 -0.162239954 -0.136511847 0.977262855 -1.639840435 0.144596770 0.976403892 0.160397038 -0.018436237 -0.976099372 0.167331859 -0.138672560 1.507864156
0 0.501791852 0.892074395 0.500000000 0.500000000 0.000000000 0.000000000 -0.164931014 -0.136312544 0.976840138 -1.635436582 0.145177320 0.976260722 0.160743624 -0.017340417 -0.975562036 0.168326646 -0.141226187 1.517587645
0 0.501791852 0.892074395 0.500000000 0.500000000 0.000000000 0.000000000 -0.167595670 -0.136151299 0.976409018 -1.631016841 0.145930618 0.976080775 0.161153778 -0.016524801 -0.974995375 0.169496641 -0.143718272 1.526767909
0 0.501791852 0.892074395 0.500000000 0.500000000 0.000000000 0.000000000 -0.170206308 -0.136013806 0.975976467 -1.626588491 0.146871388 0.975863934 0.161611885 -0.016003971 -0.974401653 0.170850381 -0.146121666 1.535205115
0 0.501791852 0.892074395 0.500000000 0.500000000 0.000000000 0.000000000 -0.172728807 -0.135871351 0.975553036 -1.622394896 0.147670612 0.975673258 0.162034258 -0.015315109 -0.973836839 0.172048509 -0.148462668 1.543415685
0 0.501791852 0.892074395 0.500000000 0.500000000 0.000000000 0.000000000 -0.175174057 -0.135671228 0.975144804 -1.617395475 0.148139641 0.975551426 0.162339464 -0.014044762 -0.973328650 0.172895268 -0.150793016 1.550221255
0 0.501791852 0.892074395 0.500000000 0.500000000 0.000000000 0.000000000 -0.177717030 -0.135511667 0.974706769 -1.612214297 0.148290083 0.975475788 0.162656128 -0.012785879 -0.972844660 0.173446104 -0.153263628 1.557349095
0 0.501791852 0.892074395 0.500000000 0.500000000 0.000000000 0.000000000 -0.180168226 -0.135352239 0.974278808 -1.606925958 0.148406684 0.975408494 0.162953243 -0.011304543 -0.972375870 0.173948482 -0.155650437 1.564924314
0 0.501791852 0.892074395 0.500000000 0.500000000 0.000000000 0.000000000 -0.182638079 -0.135223821 0.973836660 -1.601325192 0.148678347 0.975307107 0.163311869 -0.010389415 -0.971873522 0.174615383 -0.158023357 1.572118248
0 0.501791852 0.892074395 0.500000000 0.500000000 0.000000000 0.000000000 -0.185038745 -0.135085002 0.973402619 -1.595494798 0.149021655 0.975196004 0.163662121 -0.009789743 -0.971366644 0.175341904 -0.160318464 1.578378629
0 0.501791852 0.892074395 0.500000000 0.500000000 0.000000000 0.000000000 -0.187451854 -0.134955242 0.972958803 -1.589297563 0.149376065 0.975080192 0.164028525 -0.009066721 -0.970849395 0.176084220 -0.162621513 1.584819699
0 0.501791852 0.892074395 0.500000000 0.500000000 0.000000000 0.000000000 -0.190007508 -0.134806678 0.972483575 -1.582678743 0.149623021 0.974982023 0.164386913 -0.008386732 -0.970314443 0.176740676 -0.165083706 1.590905791
0 0.501791852 0.892074395 0.500000000 0.500000000 0.000000000 0.000000000 -0.192562133 -0.134723410 0.971992493 -1.576276903 0.149849042 0.974875867 0.164809763 -0.007187322 -0.969775796 0.177388266 -0.167536005 1.596864642
0 0.501791852 0.892074395 0.500000000 0.500000000 0.000000000 0.000000000 -0.195096567 -0.134521827 0.971514881 -1.569931986 0.150005162 0.974802673 0.165100634 -0.006188384 -0.969244957 0.177942827 -0.170001686 1.601925359
0 0.501791852 0.892074395 0.500000000 0.500000000 0.000000000 0.000000000 -0.197529316 -0.134485602 0.971028209 -1.564023396 0.150236100 0.974690139 0.165554240 -0.005215046 -0.968716323 0.178585306 -0.172325283 1.606772197
0 0.501791852 0.892074395 0.500000000 0.500000000 0.000000000 0.000000000 -0.199851900 -0.134468794 0.970555186 -1.558356037 0.150464028 0.974577665 0.166008905 -0.004384834 -0.968204439 0.179210842 -0.174538493 1.611223470
0 0.501791852 0.892074395 0.500000000 0.500000000 0.000000000 0.000000000 -0.202062935 -0.134423092 0.970103621 -1.553103129 0.150626093 0.974485219 0.166404158 -0.003526946 -0.967720151 0.179747030 -0.176659718 1.614846483
0 0.501791852 0.892074395 0.500000000 0.500000000 0.000000000 0.000000000 -0.204352409 -0.134297490 0.969641328 -1.547941315 0.150841489 0.974393547 0.166745603 -0.002655331 -0.967205763 0.180337012 -0.178862035 1.618563930
0 0.501791852 0.892074395 0.500000000 0.500000000 0.000000000 0.000000000 -0.206577748 -0.134125918 0.969193399 -1.542686335 0.150972277 0.974327087 0.167015195 -0.002100008 -0.966712475 0.180822954 -0.181024998 1.622048688
0 0.501791852 0.892074395 0.500000000 0.500000000 0.000000000 0.000000000 -0.209017634 -0.133951828 0.968694270 -1.537305527 0.151080236 0.974258065 0.167320162 -0.001854169 -0.966170967 0.181323424 -0.183399633 1.625627175
0 0.501791852 0.892074395 0.500000000 0.500000000 0.000000000 0.000000000 -0.211492062 -0.133837596 0.968172848 -1.531992372 0.151170477 0.974180400 0.167690426 -0.001949694 -0.965618253 0.181824327 -0.185799122 1.629162046
0 0.501791852 0.892074395 0.500000000 0.500000000 0.000000000 0.000000000 -0.213692069 -0.133744881 0.967702448 -1.527290084 0.151174903 0.974123716 0.168015420 -0.002398565 -0.965133071 0.182195887 -0.187943637 1.631886681
0 0.501791852 0.892074395 0.500000000 0.500000000 0.000000000 0.000000000 -0.215849236 -0.133656383 0.967235804 -1.522299937 0.151289970 0.974046409 0.168359518 -0.002670468 -0.964634895 0.182673350 -0.190026298 1.634766382
0 0.501791852 0.892074395 0.500000000 0.500000000 0.000000000 0.000000000 -0.218087420 -0.133528799 0.966751218 -1.517312676 0.151250035 0.974002302 0.168650508 -0.003140975 -0.964137614 0.183001712 -0.192221418 1.637328434
0 0.501791852 0.892074395 0.500000000 0.500000000 0.000000000 0.000000000 -0.220185041 -0.133402243 0.966293097 -1.512548318 0.151191100 0.973966002 0.168912783 -0.003489613 -0.963669956 0.183286980 -0.194283500 1.639716602
0 0.501791852 0.892074395 0.500000000 0.500000000 0.000000000 0.000000000 -0.222400457 -0.133327350 0.965795994 -1.507672523 0.151110068 0.973920703 0.169246107 -0.003745761 -0.963173807 0.183581904 -0.196453303 1.642134702
0 0.501791852 0.892074395 0.500000000 0.500000000 0.000000000 0.000000000 -0.224512801 -0.133223876 0.965321422 -1.502828037 0.151108861 0.973868370 0.169548079 -0.004306226 -0.962683797 0.183934331 -0.198514596 1.643948042
0 0.501791852 0.892074395 0.500000000 0.500000000 0.000000000 0.000000000 -0.226462111 -0.133197486 0.964869618 -1.498651008 0.151213214 0.973787427 0.169919431 -0.004518538 -0.962210715 0.184381351 -0.200384736 1.646023743
0 0.501791852 0.892074395 0.500000000 0.500000000 0.000000000 0.000000000 -0.228557393 -0.133009747 0.964401305 -1.493772608 0.151219726 0.973748386 0.170137063 -0.004959393 -0.961714149 0.184722587 -0.202443704 1.647464732
0 0.501791852 0.892074395 0.500000000 0.500000000 0.000000000 0.000000000 -0.230667859 -0.132896036 0.963914394 -1.488952062 0.151263878 0.973688304 0.170441508 -0.005039124 -0.961203218 0.185120806 -0.204496235 1.649112548
0 0.501791852 0.892074395 0.500000000 0.500000000 0.000000000 0.000000000 -0.232527480 -0.132782355 0.963483155 -1.484625322 0.151200384 0.973657250 0.170675278 -0.005089463 -0.960765004 0.185365722 -0.206325307 1.650499163
0 0.501791852 0.892074395 0.500000000 0.500000000 0.000000000 0.000000000 -0.234543785 -0.132632971 0.963014901 -1.480126007 0.151182547 0.973618090 0.170914054 -0.004961597 -0.960277617 0.185677871 -0.208304286 1.651919888
0 0.501791852 0.892074395 0.500000000 0.500000000 0.000000000 0.000000000 -0.236465245 -0.132495672 0.962563813 -1.475926549 0.151209250 0.973571241 0.171157181 -0.005009962 -0.959802032 0.186021283 -0.210181192 1.653761707
0 0.501791852 0.892074395 0.500000000 0.500000000 0.000000000 0.000000000 -0.238195404 -0.132364601 0.962155163 -1.471971771 0.151218221 0.973533094 0.171366125 -0.004969457 -0.959372699 0.186314017 -0.211875170 1.654857258
0 0.501791852 0.892074395 0.500000000 0.500000000 0.000000000 0.000000000 -0.239907935 -0.132273465 0.961742103 -1.468060192 0.151181430 0.973497152 0.171602622 -0.004739205 -0.958951712 0.186566383 -0.213552400 1.656099675
0 0.501791852 0.892074395 0.500000000 0.500000000 0.000000000 0.000000000 -0.241628811 -0.132197663 0.961321652 -1.464066979 0.151050746 0.973476291 0.171835825 -0.004957245 -0.958540142 0.186728850 -0.215251371 1.656833679
0 0.501791852 0.892074395 0.500000000 0.500000000 0.000000000 0.000000000 -0.243220225 -0.132119477 0.960931003 -1.460557813 0.151056737 0.973433614 0.172072291 -0.005277791 -0.958136618 0.187006563 -0.216801211 1.657713310
0 0.501791852 0.892074395 0.500000000 0.500000000 0.000000000 0.000000000 -0.244737834 -0.132070869 0.960552275 -1.457307325 0.151214123 0.973358393 0.172359288 -0.006126325 -0.957725286 0.187431917 -0.218246639 1.658278366
0 0.501791852 0.892074395 0.500000000 0.500000000 0.000000000 0.000000000 -0.246357739 -0.131934240 0.960156858 -1.453722324 0.151469305 0.973275900 0.172601014 -0.007340171 -0.957269490 0.187955886 -0.219790056 1.658310153
0 0.501791852 0.892074395 0.500000000 0.500000000 0.000000000 0.000000000 -0.247822419 -0.131901130 0.959784448 -1.449942253 0.151659250 0.973192692 0.172903180 -0.008282804 -0.956861258 0.188409463 -0.221174940 1.658077895
0 0.501791852 0.892074395 0.500000000 0.500000000 0.000000000 0.000000000 -0.249230683 -0.131825387 0.959430099 -1.446317961 0.151710302 0.973146200 0.173119694 -0.009033874 -0.956487358 0.188702181 -0.222538635 1.657795689
0 0.501791852 0.892074395 0.500000000 0.500000000 0.000000000 0.000000000 -0.250587970 -0.131746277 0.959087372 -1.442426942 0.151675656 0.973118961 0.173303187 -0.009611778 -0.956138134 0.188897893 -0.223869190 1.657078045
0 0.501791852 0.892074395 0.500000000 0.500000000 0.000000000 0.000000000 -0.252172142 -0.131675735 0.958681762 -1.437924200 0.151692271 0.973071754 0.173553422 -0.010378862 -0.955718935 0.189189956 -0.225407392 1.656675751
0 0.501791852 0.892074395 0.500000000 0.500000000 0.000000000 0.000000000 -0.253647149 -0.131594151 0.958303750 -1.433427836 0.151716113 0.973028898 0.173772946 -0.011099410 -0.955324709 0.189467132 -0.226841062 1.655412168
0 0.501791852 0.892074395 0.500000000 0.500000000 0.000000000 0.000000000 -0.255080879 -0.131501064 0.957935929 -1.428778747 0.151703045 0.972996712 0.173964292 -0.011791385 -0.954944968 0.189696759 -0.228243753 1.653861561
0 0.501791852 0.892074395 0.500000000 0.500000000 0.000000000 0.000000000 -0.256584227 -0.131441072 0.957542598 -1.423874039 0.151690573 0.972955763 0.174204022 -0.012457722 -0.954544127 0.189948186 -0.229706734 1.652119425
0 0.501791852 0.892074395 0.500000000 0.500000000 0.000000000 0.000000000 -0.258001983 -0.131382465 0.957169592 -1.419125066 0.151686803 0.972915769 0.174430490 -0.013360994 -0.954162478 0.190193415 -0.231085211 1.649517858
0 0.501791852 0.892074395 0.500000000 0.500000000 0.000000000 0.000000000 -0.259310305 -0.131358489 0.956819296 -1.414036150 0.151660264 0.972877860 0.174664989 -0.014240450 -0.953812003 0.190403894 -0.232355386 1.646442624
0 0.501791852 0.892074395 0.500000000 0.500000000 0.000000000 0.000000000 -0.260711223 -0.131333932 0.956441879 -1.408683665 0.151625752 0.972838104 0.174916208 -0.015672484 -0.953435540 0.190623835 -0.233716190 1.642468502
0 0.501791852 0.892074395 0.500000000 0.500000000 0.000000000 0.000000000 -0.262208104 -0.131248340 0.956044316 -1.403098498 0.151737928 0.972776473 0.175161555 -0.017241397 -0.953007102 0.190996960 -0.235154524 1.638105702
0 0.501791852 0.892074395 0.500000000 0.500000000 0.000000000 0.000000000 -0.263753891 -0.131153032 0.955632150 -1.397383455 0.151905835 0.972703338 0.175421834 -0.019290584 -0.952553689 0.191434279 -0.236631379 1.633340607
0 0.501791852 0.892074395 0.500000000 0.500000000 0.000000000 0.000000000 -0.265317678 -0.131111845 0.955204785 -1.391309262 0.152034879 0.972627103 0.175732449 -0.021436805 -0.952098727 0.191849366 -0.238121584 1.627864296
0 0.501791852 0.892074395 0.500000000 0.500000000 0.000000000 0.000000000 -0.266901851 -0.131127909 0.954761147 -1.385136385 0.152194023 0.972533166 0.176114321 -0.023486752 -0.951630414 0.192314178 -0.239614010 1.621720733
0 0.501791852 0.892074395 0.500000000 0.500000000 0.000000000 0.000000000 -0.268435985 -0.131071419 0.954338729 -1.378974567 0.152350813 0.972454548 0.176412672 -0.025458207 -0.951173663 0.192749798 -0.241072968 1.615237857
0 0.501791852 0.892074395 0.500000000 0.500000000 0.000000000 0.000000000 -0.269961506 -0.131076083 0.953907669 -1.372527989 0.152377367 0.972391009 0.176739559 -0.027311543 -0.950737596 0.193066806 -0.242535114 1.608563203
0 0.501791852 0.892074395 0.500000000 0.500000000 0.000000000 0.000000000 -0.271601290 -0.131037325 0.953447402 -1.365792725 0.152310878 0.972349882 0.177022830 -0.028579090 -0.950281084 0.193300053 -0.244133085 1.601327183
0 0.501791852 0.892074395 0.500000000 0.500000000 0.000000000 0.000000000 -0.273516268 -0.130938709 0.952913404 -1.358763069 0.152089477 0.972340822 0.177262709 -0.029618460 -0.949767172 0.193412334 -0.246036619 1.594644096
0 0.501791852 0.892074395 0.500000000 0.500000000 0.000000000 0.000000000 -0.275329053 -0.130875871 0.952399790 -1.352041107 0.151968434 0.972308397 0.177544162 -0.030592723 -0.949262619 0.193617776 -0.247815773 1.587362024
0 0.501791852 0.892074395 0.500000000 0.500000000 0.000000000 0.000000000 -0.277124643 -0.130847022 0.951882839 -1.344857969 0.151861519 0.972267210 0.177861005 -0.031899671 -0.948757112 0.193844050 -0.249568582 1.579726593
0 0.501791852 0.892074395 0.500000000 0.500000000 0.000000000 0.000000000 -0.279257238 -0.130775601 0.951269209 -1.337364560 0.151701540 0.972231686 0.178191334 -0.033233967 -0.948157191 0.194070220 -0.251663893 1.572245119
0 0.501791852 0.892074395 0.500000000 0.500000000 0.000000000 0.000000000 -0.281422734 -0.130648911 0.950648248 -1.329977111 0.151507795 0.972211957 0.178463668 -0.034864201 -0.947547674 0.194254369 -0.253808230 1.564214693
0 0.501791852 0.892074395 0.500000000 0.500000000 0.000000000 0.000000000 -0.283534557 -0.130498439 0.950041234 -1.322786360 0.151423171 0.972176194 0.178730324 -0.036797851 -0.946931481 0.194534481 -0.255885035 1.556135257
0 0.501791852 0.892074395 0.500000000 0.500000000 0.000000000 0.000000000 -0.285835922 -0.130308524 0.949377418 -1.315433410 0.151416108 0.972124219 0.179018632 -0.039490977 -0.946240425 0.194921002 -0.258137226 1.547370677
0 0.501791852 0.892074395 0.500000000 0.500000000 0.000000000 0.000000000 -0.288257807 -0.130108640 0.948672295 -1.308035248 0.151457563 0.972059071 0.179337069 -0.042508966 -0.945498824 0.195378900 -0.260497689 1.538825123
0 0.501791852 0.892074395 0.500000000 0.500000000 0.000000000 0.000000000 -0.290558428 -0.129991814 0.947986245 -1.300751709 0.151485249 0.971985340 0.179712996 -0.045359698 -0.944789946 0.195823058 -0.262726665 1.529858357
0 0.501791852 0.892074395 0.500000000 0.500000000 0.000000000 0.000000000 -0.292924315 -0.129855588 0.947276533 -1.293340018 0.151305273 0.971955359 0.180026427 -0.048221600 -0.944087923 0.196062058 -0.265061527 1.520583889
0 0.501791852 0.892074395 0.500000000 0.500000000 0.000000000 0.000000000 -0.295245171 -0.129774332 0.946566880 -1.285988930 0.151165232 0.971908092 0.180398792 -0.051118466 -0.943387151 0.196349889 -0.267333806 1.510870788
0 0.501791852 0.892074395 0.500000000 0.500000000 0.000000000 0.000000000 -0.297610849 -0.129712582 0.945834279 -1.278349616 0.151066512 0.971846342 0.180813625 -0.054322924 -0.942659378 0.196695969 -0.269636810 1.500693388
0 0.501791852 0.892074395 0.500000000 0.500000000 0.000000000 0.000000000 -0.300248146 -0.129623771 0.945012569 -1.270094374 0.151036263 0.971764147 0.181280226 -0.058107787 -0.941827536 0.197160214 -0.272192478 1.490466222
0 0.501791852 0.892074395 0.500000000 0.500000000 0.000000000 0.000000000 -0.302557558 -0.129558176 0.944284678 -1.262086646 0.151050225 0.971680760 0.181714877 -0.062173103 -0.941085935 0.197613627 -0.274419576 1.479089379
0 0.501791852 0.892074395 0.500000000 0.500000000 0.000000000 0.000000000 -0.305218697 -0.129454345 0.943442166 -1.253250237 0.151001394 0.971603155 0.182169825 -0.066179183 -0.940234065 0.198062718 -0.277003646 1.468021454
0 0.501791852 0.892074395 0.500000000 0.500000000 0.000000000 0.000000000 -0.308527946 -0.129209921 0.942398727 -1.243680859 0.150944695 0.971527338 0.182620823 -0.069896538 -0.939162493 0.198593706 -0.280239761 1.457214019
0 0.501791852 0.892074395 0.500000000 0.500000000 0.000000000 0.000000000 -0.311764657 -0.129052192 0.941354513 -1.234195955 0.150844038 0.971446157 0.183135152 -0.073650388 -0.938109219 0.199092776 -0.283395827 1.446024635
0 0.501791852 0.892074395 0.500000000 0.500000000 0.000000000 0.000000000 -0.315032363 -0.128852606 0.940293372 -1.224489960 0.150844276 0.971349537 0.183646664 -0.076993358 -0.937016845 0.199692503 -0.286569864 1.435030188
