0 0.605843699 1.077055380 0.500000000 0.500000000 0.000000000 0.000000000 0.999964893 -0.006454417 0.005341672 -0.194786387 0.006397000 0.999922335 0.010697258 -0.102960047 -0.005410301 -0.010662711 0.999928534 -0.015621285
0 0.605843699 1.077055380 0.500000000 0.500000000 0.000000000 0.000000000 0.999962747 -0.006645357 0.005505300 -0.202233161 0.006586436 0.999921560 0.010652439 -0.107613536 -0.005575658 -0.010615782 0.999928117 -0.010224287
0 0.605843699 1.077055380 0.500000000 0.500000000 0.000000000 0.000000000 0.999959707 -0.006875302 0.005774446 -0.210162281 0.006812822 0.999918759 0.010770950 -0.112705553 -0.005848031 -0.010731176 0.999925315 -0.004735042
0 0.605843699 1.077055380 0.500000000 0.500000000 0.000000000 0.000000000 0.999955952 -0.007127135 0.006103794 -0.218386371 0.007060900 0.999916673 0.010805049 -0.117744180 -0.006180294 -0.010761475 0.999922991 0.001142130
0 0.605843699 1.077055380 0.500000000 0.500000000 0.000000000 0.000000000 0.999952555 -0.007286571 0.006464090 -0.226730751 0.007216246 0.999915242 0.010836734 -0.122861528 -0.006542505 -0.010789573 0.999920368 0.006850941
0 0.605843699 1.077055380 0.500000000 0.500000000 0.000000000 0.000000000 0.999950111 -0.007431013 0.006676904 -0.234676078 0.007358318 0.999914110 0.010846893 -0.127959679 -0.006756934 -0.010797221 0.999918878 0.012511854
0 0.605843699 1.077055380 0.500000000 0.500000000 0.000000000 0.000000000 0.999945462 -0.007712805 0.007044675 -0.242891774 0.007635914 0.999911666 0.010877132 -0.133032893 -0.007127946 -0.010822746 0.999916017 0.018312115
0 0.605843699 1.077055380 0.500000000 0.500000000 0.000000000 0.000000000 0.999941230 -0.007894412 0.007429926 -0.251635086 0.007812368 0.999908924 0.011007284 -0.138373560 -0.007516145 -0.010948591 0.999911785 0.024225048
0 0.605843699 1.077055380 0.500000000 0.500000000 0.000000000 0.000000000 0.999938130 -0.008014514 0.007713184 -0.260015706 0.007929647 0.999908388 0.010971231 -0.143365408 -0.007800406 -0.010909391 0.999910057 0.030249489
0 0.605843699 1.077055380 0.500000000 0.500000000 0.000000000 0.000000000 0.999932408 -0.008228337 0.008214815 -0.268434353 0.008137420 0.999905944 0.011040186 -0.148717404 -0.008304885 -0.010972591 0.999905288 0.036161150
0 0.605843699 1.077055380 0.500000000 0.500000000 0.000000000 0.000000000 0.999930203 -0.008253394 0.008451737 -0.276813422 0.008159855 0.999905705 0.011042638 -0.153976964 -0.008542079 -0.010972902 0.999903321 0.042156214
0 0.605843699 1.077055380 0.500000000 0.500000000 0.000000000 0.000000000 0.999927342 -0.008423311 0.008620914 -0.285178977 0.008327651 0.999904037 0.011072661 -0.159191696 -0.008713355 -0.011000064 0.999901533 0.048022510
0 0.605843699 1.077055380 0.500000000 0.500000000 0.000000000 0.000000000 0.999920845 -0.008594333 0.009190430 -0.293923152 0.008491317 0.999901354 0.011190038 -0.164373536 -0.009285694 -0.011111114 0.999895155 0.053977025
0 0.605843699 1.077055380 0.500000000 0.500000000 0.000000000 0.000000000 0.999916315 -0.008773609 0.009505053 -0.302158509 0.008668339 0.999901235 0.011060360 -0.169175318 -0.009601153 -0.010977041 0.999893665 0.059756930
0 0.605843699 1.077055380 0.500000000 0.500000000 0.000000000 0.000000000 0.999911249 -0.008820491 0.009986829 -0.310559983 0.008708478 0.999899328 0.011204564 -0.174350309 -0.010084652 -0.011116599 0.999887347 0.065632095
0 0.605843699 1.077055380 0.500000000 0.500000000 0.000000000 0.000000000 0.999906361 -0.008843346 0.010441642 -0.319291542 0.008725906 0.999898732 0.011239770 -0.179179752 -0.010539982 -0.011147605 0.999882340 0.071647082
0 0.605843699 1.077055380 0.500000000 0.500000000 0.000000000 0.000000000 0.999902725 -0.009144401 0.010529892 -0.327383675 0.009025790 0.999895871 0.011257269 -0.184367278 -0.010631736 -0.011161135 0.999881208 0.077524605
0 0.605843699 1.077055380 0.500000000 0.500000000 0.000000000 0.000000000 0.999892294 -0.009379598 0.011290750 -0.336304104 0.009251278 0.999892652 0.011364211 -0.189468656 -0.011396130 -0.011258533 0.999871671 0.083518650
0 0.605843699 1.077055380 0.500000000 0.500000000 0.000000000 0.000000000 0.999889016 -0.009310941 0.011628413 -0.344640256 0.009178746 0.999893248 0.011370466 -0.194137725 -0.011733041 -0.011262470 0.999867737 0.089307353
0 0.605843699 1.077055380 0.500000000 0.500000000 0.000000000 0.000000000 0.999880135 -0.009567337 0.012173094 -0.353128548 0.009427723 0.999889731 0.011475180 -0.199334724 -0.012281538 -0.011359041 0.999860048 0.095320392
0 0.605843699 1.077055380 0.500000000 0.500000000 0.000000000 0.000000000 0.999874294 -0.009742054 0.012509069 -0.361464894 0.009596332 0.999886036 0.011656979 -0.204202016 -0.012621206 -0.011535473 0.999853790 0.100910539
0 0.605843699 1.077055380 0.500000000 0.500000000 0.000000000 0.000000000 0.999872804 -0.009781987 0.012597823 -0.369351976 0.009637043 0.999887228 0.011515268 -0.208875723 -0.012709044 -0.011392398 0.999854326 0.106641304
0 0.605843699 1.077055380 0.500000000 0.500000000 0.000000000 0.000000000 0.999863386 -0.010040442 0.013128891 -0.377931499 0.009887268 0.999882877 0.011680232 -0.213831045 -0.013244628 -0.011548828 0.999845564 0.112456175
0 0.605843699 1.077055380 0.500000000 0.500000000 0.000000000 0.000000000 0.999855220 -0.010013622 0.013755806 -0.386415123 0.009853466 0.999883473 0.011661598 -0.218500838 -0.013870978 -0.011524367 0.999837399 0.118296952
0 0.605843699 1.077055380 0.500000000 0.500000000 0.000000000 0.000000000 0.999845266 -0.010248257 0.014295740 -0.395097146 0.010081179 0.999880612 0.011710665 -0.223400055 -0.014414047 -0.011564735 0.999829233 0.124163313
0 0.605843699 1.077055380 0.500000000 0.500000000 0.000000000 0.000000000 0.999836326 -0.010462946 0.014760191 -0.403426771 0.010289582 0.999877751 0.011772824 -0.228283857 -0.014881564 -0.011619020 0.999821782 0.129790978
0 0.605843699 1.077055380 0.500000000 0.500000000 0.000000000 0.000000000 0.999829233 -0.010493890 0.015212466 -0.411987296 0.010316493 0.999878407 0.011693279 -0.232875157 -0.015333325 -0.011534343 0.999815881 0.135676065
0 0.605843699 1.077055380 0.500000000 0.500000000 0.000000000 0.000000000 0.999820590 -0.010584083 0.015709341 -0.420296505 0.010399391 0.999876380 0.011792316 -0.237749467 -0.015832210 -0.011626833 0.999807060 0.141399728
0 0.605843699 1.077055380 0.500000000 0.500000000 0.000000000 0.000000000 0.999811530 -0.010825970 0.016116178 -0.428437238 0.010633036 0.999871373 0.012009391 -0.242631491 -0.016244117 -0.011835763 0.999798000 0.147040622
0 0.605843699 1.077055380 0.500000000 0.500000000 0.000000000 0.000000000 0.999806166 -0.010872722 0.016412599 -0.436751009 0.010672132 0.999867916 0.012260209 -0.247497663 -0.016543733 -0.012082675 0.999790132 0.152636231
0 0.605843699 1.077055380 0.500000000 0.500000000 0.000000000 0.000000000 0.999794722 -0.011193223 0.016887078 -0.445342426 0.010979752 0.999859333 0.012681278 -0.252211268 -0.017026648 -0.012493259 0.999776959 0.158424611
0 0.605843699 1.077055380 0.500000000 0.500000000 0.000000000 0.000000000 0.999784648 -0.011184805 0.017479323 -0.454187460 0.010954788 0.999852836 0.013200189 -0.256778754 -0.017624391 -0.013005864 0.999760091 0.164431761
0 0.605843699 1.077055380 0.500000000 0.500000000 0.000000000 0.000000000 0.999777913 -0.011414952 0.017715799 -0.461879535 0.011173292 0.999844015 0.013680469 -0.261338532 -0.017869197 -0.013479487 0.999749482 0.169960204
0 0.605843699 1.077055380 0.500000000 0.500000000 0.000000000 0.000000000 0.999767661 -0.011428492 0.018275172 -0.470317104 0.011170577 0.999837458 0.014153214 -0.265962838 -0.018433951 -0.013945782 0.999732792 0.175689268
0 0.605843699 1.077055380 0.500000000 0.500000000 0.000000000 0.000000000 0.999757171 -0.011674852 0.018688871 -0.478512880 0.011401644 0.999827564 0.014659186 -0.270462428 -0.018856792 -0.014442543 0.999717891 0.181308759
0 0.605843699 1.077055380 0.500000000 0.500000000 0.000000000 0.000000000 0.999749660 -0.011680073 0.019083541 -0.486319408 0.011389490 0.999818623 0.015265273 -0.275068149 -0.019258380 -0.015044100 0.999701321 0.186856138
0 0.605843699 1.077055380 0.500000000 0.500000000 0.000000000 0.000000000 0.999741435 -0.011650365 0.019526243 -0.494229848 0.011336470 0.999805987 0.016109873 -0.279800320 -0.019710140 -0.015884349 0.999679565 0.192557387
0 0.605843699 1.077055380 0.500000000 0.500000000 0.000000000 0.000000000 0.999734342 -0.011691159 0.019862387 -0.502134183 0.011348469 0.999786317 0.017279170 -0.284375375 -0.020060156 -0.017049173 0.999653399 0.198153041
0 0.605843699 1.077055380 0.500000000 0.500000000 0.000000000 0.000000000 0.999723375 -0.011833121 0.020326637 -0.510239254 0.011456047 0.999761939 0.018568095 -0.289042854 -0.020541517 -0.018330095 0.999620974 0.203963507
0 0.605843699 1.077055380 0.500000000 0.500000000 0.000000000 0.000000000 0.999716222 -0.012041141 0.020555206 -0.517510936 0.011633635 0.999735653 0.019830711 -0.293614075 -0.020788556 -0.019585952 0.999592006 0.209679489
0 0.605843699 1.077055380 0.500000000 0.500000000 0.000000000 0.000000000 0.999710619 -0.011965735 0.020867355 -0.525530689 0.011525224 0.999710858 0.021104062 -0.297921117 -0.021113846 -0.020857455 0.999559462 0.215318838
0 0.605843699 1.077055380 0.500000000 0.500000000 0.000000000 0.000000000 0.999703467 -0.012283624 0.021025116 -0.533388263 0.011812156 0.999679208 0.022403216 -0.302629027 -0.021293564 -0.022148220 0.999527931 0.220947174
0 0.605843699 1.077055380 0.500000000 0.500000000 0.000000000 0.000000000 0.999696255 -0.012275334 0.021370869 -0.541432552 0.011769446 0.999651253 0.023638867 -0.307063576 -0.021653593 -0.023380162 0.999492109 0.226647086
0 0.605843699 1.077055380 0.500000000 0.500000000 0.000000000 0.000000000 0.999690533 -0.012421957 0.021552095 -0.549349602 0.011878776 0.999613106 0.025150716 -0.311662096 -0.021856178 -0.024886921 0.999451339 0.232531223
0 0.605843699 1.077055380 0.500000000 0.500000000 0.000000000 0.000000000 0.999683261 -0.012333184 0.021938305 -0.557467651 0.011753870 0.999583900 0.026342280 -0.315917644 -0.022254061 -0.026076075 0.999412239 0.238402660
0 0.605843699 1.077055380 0.500000000 0.500000000 0.000000000 0.000000000 0.999674499 -0.012367502 0.022314060 -0.565434861 0.011741344 0.999539614 0.027977258 -0.320375280 -0.022649797 -0.027706154 0.999359488 0.244652401
0 0.605843699 1.077055380 0.500000000 0.500000000 0.000000000 0.000000000 0.999663413 -0.012548165 0.022705767 -0.573544463 0.011872975 0.999490380 0.029630864 -0.324671444 -0.023066008 -0.029351307 0.999302983 0.250806254
0 0.605843699 1.077055380 0.500000000 0.500000000 0.000000000 0.000000000 0.999658763 -0.012497657 0.022938171 -0.581569457 0.011775638 0.999439240 0.031346388 -0.328920713 -0.023317063 -0.031065580 0.999245346 0.257121248
0 0.605843699 1.077055380 0.500000000 0.500000000 0.000000000 0.000000000 0.999652982 -0.012588606 0.023139438 -0.589641410 0.011818627 0.999381602 0.033116445 -0.332780713 -0.023542019 -0.032831479 0.999183595 0.263477353
0 0.605843699 1.077055380 0.500000000 0.500000000 0.000000000 0.000000000 0.999645710 -0.012765746 0.023354862 -0.597551016 0.011942740 0.999314368 0.035045542 -0.336710281 -0.023786230 -0.034754205 0.999112785 0.270089392
0 0.605843699 1.077055380 0.500000000 0.500000000 0.000000000 0.000000000 0.999636829 -0.012894670 0.023661800 -0.605388826 0.012009017 0.999235749 0.037197523 -0.340717004 -0.024123367 -0.036899861 0.999027789 0.276707870
0 0.605843699 1.077055380 0.500000000 0.500000000 0.000000000 0.000000000 0.999627113 -0.013013446 0.024005851 -0.613075513 0.012063488 0.999154568 0.039301015 -0.344536842 -0.024496999 -0.038996767 0.998939037 0.283452753
0 0.605843699 1.077055380 0.500000000 0.500000000 0.000000000 0.000000000 0.999616683 -0.013256102 0.024304517 -0.620551586 0.012240717 0.999065161 0.041460797 -0.348335387 -0.024831405 -0.041147400 0.998844504 0.290176958
0 0.605843699 1.077055380 0.500000000 0.500000000 0.000000000 0.000000000 0.999614239 -0.013206783 0.024431691 -0.628292118 0.012130525 0.998971581 0.043687325 -0.351991517 -0.024983535 -0.043374106 0.998746455 0.297170325
0 0.605843699 1.077055380 0.500000000 0.500000000 0.000000000 0.000000000 0.999601066 -0.013352189 0.024888793 -0.636546737 0.012201956 0.998875737 0.045807369 -0.355374062 -0.025472440 -0.045485403 0.998640180 0.304008876
0 0.605843699 1.077055380 0.500000000 0.500000000 0.000000000 0.000000000 0.999599636 -0.013414983 0.024911352 -0.643685651 0.012205433 0.998768568 0.048087202 -0.359166867 -0.025525764 -0.047763895 0.998532474 0.310858055
0 0.605843699 1.077055380 0.500000000 0.500000000 0.000000000 0.000000000 0.999585629 -0.013478803 0.025435224 -0.651612899 0.012186457 0.998659909 0.050297663 -0.362695522 -0.026079090 -0.049966853 0.998410344 0.318188444
0 0.605843699 1.077055380 0.500000000 0.500000000 0.000000000 0.000000000 0.999578238 -0.013580224 0.025669904 -0.658980165 0.012216004 0.998542309 0.052574314 -0.366049584 -0.026346456 -0.052238554 0.998287022 0.325303090
0 0.605843699 1.077055380 0.500000000 0.500000000 0.000000000 0.000000000 0.999566674 -0.013770145 0.026015479 -0.666832635 0.012323968 0.998412788 0.054954249 -0.369239273 -0.026730916 -0.054609824 0.998149872 0.332843948
0 0.605843699 1.077055380 0.500000000 0.500000000 0.000000000 0.000000000 0.999555469 -0.013901173 0.026374366 -0.674754316 0.012371584 0.998280466 0.057297535 -0.372297314 -0.027125519 -0.056945771 0.998008728 0.340222161
0 0.605843699 1.077055380 0.500000000 0.500000000 0.000000000 0.000000000 0.999541819 -0.014175945 0.026742924 -0.682045998 0.012561291 0.998142838 0.059607632 -0.375405532 -0.027538253 -0.059244398 0.997863591 0.347907288
0 0.605843699 1.077055380 0.500000000 0.500000000 0.000000000 0.000000000 0.999528885 -0.014253446 0.027182652 -0.689956399 0.012549633 0.998006403 0.061852336 -0.378326023 -0.028010068 -0.061482061 0.997715056 0.355362160
0 0.605843699 1.077055380 0.500000000 0.500000000 0.000000000 0.000000000 0.999517262 -0.014374183 0.027543072 -0.697461499 0.012581142 0.997857630 0.064201988 -0.381088033 -0.028406916 -0.063824467 0.997556746 0.363192903
0 0.605843699 1.077055380 0.500000000 0.500000000 0.000000000 0.000000000 0.999512017 -0.014338713 0.027751492 -0.704999800 0.012465478 0.997706234 0.066534430 -0.383857462 -0.028641855 -0.066156030 0.997398138 0.371018371
0 0.605843699 1.077055380 0.500000000 0.500000000 0.000000000 0.000000000 0.999504507 -0.014396834 0.027991228 -0.712250865 0.012434389 0.997534931 0.069061510 -0.386504757 -0.028916495 -0.068679236 0.997219622 0.378740078
0 0.605843699 1.077055380 0.500000000 0.500000000 0.000000000 0.000000000 0.999492764 -0.014488498 0.028360289 -0.719848657 0.012430726 0.997367740 0.071435802 -0.388871581 -0.029320633 -0.071047030 0.997041941 0.386593009
0 0.605843699 1.077055380 0.500000000 0.500000000 0.000000000 0.000000000 0.999481976 -0.014585739 0.028687689 -0.727231305 0.012433939 0.997195065 0.073806219 -0.391275979 -0.029683741 -0.073411286 0.996859908 0.394670713
0 0.605843699 1.077055380 0.500000000 0.500000000 0.000000000 0.000000000 0.999473333 -0.014664362 0.028949348 -0.734708011 0.012419144 0.997009993 0.076268137 -0.393814803 -0.029981215 -0.075868443 0.996667027 0.402581113
0 0.605843699 1.077055380 0.500000000 0.500000000 0.000000000 0.000000000 0.999467313 -0.014832727 0.029069345 -0.741705736 0.012505285 0.996822059 0.078672744 -0.396370349 -0.030143896 -0.078267314 0.996476591 0.410502259
0 0.605843699 1.077055380 0.500000000 0.500000000 0.000000000 0.000000000 0.999451041 -0.014810679 0.029634854 -0.749734915 0.012365642 0.996633172 0.081051886 -0.398646888 -0.030735511 -0.080640942 0.996269226 0.418843493
0 0.605843699 1.077055380 0.500000000 0.500000000 0.000000000 0.000000000 0.999433577 -0.014966478 0.030142481 -0.756930114 0.012404354 0.996433675 0.083462752 -0.401236668 -0.031284127 -0.083041579 0.996054947 0.427094431
0 0.605843699 1.077055380 0.500000000 0.500000000 0.000000000 0.000000000 0.999424458 -0.015066805 0.030392831 -0.763813157 0.012409971 0.996236324 0.085785709 -0.403484886 -0.031570960 -0.085359156 0.995849907 0.435233452
0 0.605843699 1.077055380 0.500000000 0.500000000 0.000000000 0.000000000 0.999410212 -0.015147239 0.030817725 -0.771557838 0.012369223 0.996006727 0.088417418 -0.406022157 -0.032033939 -0.087984078 0.995606661 0.443586240
0 0.605843699 1.077055380 0.500000000 0.500000000 0.000000000 0.000000000 0.999398828 -0.015285499 0.031118885 -0.778776695 0.012403264 0.995792508 0.090793073 -0.408148182 -0.032375772 -0.090352513 0.995383441 0.451872681
0 0.605843699 1.077055380 0.500000000 0.500000000 0.000000000 0.000000000 0.999390781 -0.015282456 0.031377211 -0.785921719 0.012299166 0.995575011 0.093161829 -0.410612755 -0.032662109 -0.092719153 0.995156467 0.460049313
0 0.605843699 1.077055380 0.500000000 0.500000000 0.000000000 0.000000000 0.999369025 -0.015454493 0.031979330 -0.793446617 0.012334968 0.995348811 0.095543794 -0.413047369 -0.033307169 -0.095089041 0.994911432 0.468547426
0 0.605843699 1.077055380 0.500000000 0.500000000 0.000000000 0.000000000 0.999360502 -0.015565894 0.032190938 -0.800423574 0.012350096 0.995130599 0.097788356 -0.415337176 -0.033556353 -0.097328268 0.994686484 0.476795126
0 0.605843699 1.077055380 0.500000000 0.500000000 0.000000000 0.000000000 0.999345064 -0.015628297 0.032636750 -0.808171332 0.012288501 0.994897902 0.100135751 -0.417635063 -0.034035187 -0.099669114 0.994438350 0.485221540
0 0.605843699 1.077055380 0.500000000 0.500000000 0.000000000 0.000000000 0.999338567 -0.015676774 0.032813374 -0.815302087 0.012242417 0.994671643 0.102364473 -0.419718452 -0.034243278 -0.101895042 0.994205594 0.493526532
0 0.605843699 1.077055380 0.500000000 0.500000000 0.000000000 0.000000000 0.999324977 -0.015870212 0.033131607 -0.822794706 0.012316462 0.994413197 0.104836449 -0.422356782 -0.034610286 -0.104357615 0.993937433 0.502030647
0 0.605843699 1.077055380 0.500000000 0.500000000 0.000000000 0.000000000 0.999314070 -0.016019626 0.033387162 -0.829778359 0.012351470 0.994148552 0.107313350 -0.424754155 -0.034910917 -0.106827363 0.993664503 0.510654696
