0 0.415969465 0.739501292 0.500000000 0.500000000 0.000000000 0.000000000 0.999998271 0.001034549 -0.001530042 -0.014305995 -0.001044594 0.999977827 -0.006578959 0.011307150 0.001523202 0.006580546 0.999977171 0.184814274
0 0.415969465 0.739501292 0.500000000 0.500000000 0.000000000 0.000000000 0.999997616 0.001075032 -0.001890811 -0.015122835 -0.001087748 0.999976695 -0.006737321 0.011838344 0.001883525 0.006739362 0.999975502 0.194928135
0 0.415969465 0.739501292 0.500000000 0.500000000 0.000000000 0.000000000 0.999996901 0.001158079 -0.002200259 -0.016253683 -0.001173380 0.999975026 -0.006966003 0.012625532 0.002192137 0.006968563 0.999973297 0.204817276
0 0.415969465 0.739501292 0.500000000 0.500000000 0.000000000 0.000000000 0.999995947 0.001193246 -0.002577065 -0.017161430 -0.001211381 0.999974430 -0.007047069 0.012971712 0.002568590 0.007050163 0.999971867 0.214656672
0 0.415969465 0.739501292 0.500000000 0.500000000 0.000000000 0.000000000 0.999994874 0.001175951 -0.002985128 -0.018056200 -0.001197250 0.999973774 -0.007143346 0.013626664 0.002976649 0.007146883 0.999970019 0.225154696
0 0.415969465 0.739501292 0.500000000 0.500000000 0.000000000 0.000000000 0.999993384 0.001212798 -0.003434258 -0.018739976 -0.001237567 0.999973178 -0.007219553 0.014136110 0.003425410 0.007223755 0.999968052 0.235031324
0 0.415969465 0.739501292 0.500000000 0.500000000 0.000000000 0.000000000 0.999991298 0.001324222 -0.003957988 -0.019212897 -0.001353543 0.999971569 -0.007414689 0.014871575 0.003948057 0.007419982 0.999964654 0.245193415
0 0.415969465 0.739501292 0.500000000 0.500000000 0.000000000 0.000000000 0.999988377 0.001568391 -0.004563344 -0.019773460 -0.001603978 0.999968231 -0.007805267 0.016293223 0.004550957 0.007812495 0.999959111 0.256005093
0 0.415969465 0.739501292 0.500000000 0.500000000 0.000000000 0.000000000 0.999985576 0.001706644 -0.005093839 -0.020200244 -0.001747027 0.999966979 -0.007933778 0.016869485 0.005080130 0.007942562 0.999955535 0.265831546
0 0.415969465 0.739501292 0.500000000 0.500000000 0.000000000 0.000000000 0.999982476 0.001786361 -0.005640478 -0.020695271 -0.001832690 0.999964535 -0.008219279 0.017836787 0.005625595 0.008229473 0.999950290 0.276031566
0 0.415969465 0.739501292 0.500000000 0.500000000 0.000000000 0.000000000 0.999978840 0.001966636 -0.006197846 -0.021187922 -0.002020105 0.999960721 -0.008632590 0.019293634 0.006180625 0.008644927 0.999943554 0.286480049
0 0.415969465 0.739501292 0.500000000 0.500000000 0.000000000 0.000000000 0.999975026 0.002126635 -0.006737993 -0.021757191 -0.002186648 0.999957919 -0.008911831 0.020590046 0.006718757 0.008926342 0.999937594 0.296591109
0 0.415969465 0.739501292 0.500000000 0.500000000 0.000000000 0.000000000 0.999971628 0.002223872 -0.007200961 -0.022515789 -0.002290185 0.999954939 -0.009213767 0.021765841 0.007180146 0.009229997 0.999931633 0.306883336
0 0.415969465 0.739501292 0.500000000 0.500000000 0.000000000 0.000000000 0.999967396 0.002535032 -0.007669281 -0.023378352 -0.002608890 0.999950171 -0.009635765 0.023281581 0.007644472 0.009655460 0.999924183 0.317488176
0 0.415969465 0.739501292 0.500000000 0.500000000 0.000000000 0.000000000 0.999962926 0.002704015 -0.008172790 -0.024157968 -0.002785143 0.999946773 -0.009931526 0.024540312 0.008145500 0.009953921 0.999917269 0.327690018
0 0.415969465 0.739501292 0.500000000 0.500000000 0.000000000 0.000000000 0.999958932 0.002827358 -0.008611078 -0.024990307 -0.002913162 0.999946058 -0.009968151 0.025268071 0.008582431 0.009992828 0.999913216 0.338113216
0 0.415969465 0.739501292 0.500000000 0.500000000 0.000000000 0.000000000 0.999954760 0.003022459 -0.009021047 -0.026089516 -0.003113088 0.999944687 -0.010049333 0.026094051 0.008990174 0.010076961 0.999908805 0.348962318
0 0.415969465 0.739501292 0.500000000 0.500000000 0.000000000 0.000000000 0.999950826 0.003122466 -0.009412641 -0.027321777 -0.003217518 0.999943793 -0.010100131 0.026929928 0.009380574 0.010129919 0.999904692 0.359326203
0 0.415969465 0.739501292 0.500000000 0.500000000 0.000000000 0.000000000 0.999947369 0.003281946 -0.009719685 -0.028675391 -0.003379369 0.999944031 -0.010023821 0.027461172 0.009686243 0.010056140 0.999902546 0.370178830
0 0.415969465 0.739501292 0.500000000 0.500000000 0.000000000 0.000000000 0.999943316 0.003353188 -0.010108404 -0.029887633 -0.003454005 0.999944329 -0.009972684 0.028048314 0.010074400 0.010007033 0.999899149 0.381018371
0 0.415969465 0.739501292 0.500000000 0.500000000 0.000000000 0.000000000 0.999939620 0.003502867 -0.010417530 -0.031243739 -0.003605705 0.999944806 -0.009869185 0.028811959 0.010382385 0.009906151 0.999897003 0.391505633
0 0.415969465 0.739501292 0.500000000 0.500000000 0.000000000 0.000000000 0.999934316 0.003685334 -0.010853186 -0.032361166 -0.003791238 0.999945223 -0.009753531 0.029367445 0.010816648 0.009794037 0.999893546 0.401977193
0 0.415969465 0.739501292 0.500000000 0.500000000 0.000000000 0.000000000 0.999930382 0.003837709 -0.011155725 -0.033971714 -0.003946870 0.999944389 -0.009779626 0.030229761 0.011117573 0.009822975 0.999889970 0.413024513
0 0.415969465 0.739501292 0.500000000 0.500000000 0.000000000 0.000000000 0.999926627 0.003982724 -0.011440359 -0.035398982 -0.004094451 0.999943972 -0.009759264 0.030946934 0.011400850 0.009805391 0.999886930 0.423132796
0 0.415969465 0.739501292 0.500000000 0.500000000 0.000000000 0.000000000 0.999922156 0.004065762 -0.011794917 -0.036812973 -0.004182420 0.999942422 -0.009882782 0.031943047 0.011754056 0.009931344 0.999881625 0.433327678
0 0.415969465 0.739501292 0.500000000 0.500000000 0.000000000 0.000000000 0.999917746 0.004252675 -0.012099007 -0.038484676 -0.004372774 0.999941289 -0.009917321 0.032907161 0.012056122 0.009969411 0.999877632 0.444421761
0 0.415969465 0.739501292 0.500000000 0.500000000 0.000000000 0.000000000 0.999914050 0.004387175 -0.012355744 -0.040204886 -0.004509875 0.999940634 -0.009920345 0.033839076 0.012311488 0.009975214 0.999874473 0.455312875
0 0.415969465 0.739501292 0.500000000 0.500000000 0.000000000 0.000000000 0.999910057 0.004480204 -0.012642768 -0.041856471 -0.004607385 0.999938905 -0.010048502 0.034668957 0.012596976 0.010105848 0.999869585 0.465504230
0 0.415969465 0.739501292 0.500000000 0.500000000 0.000000000 0.000000000 0.999906063 0.004706678 -0.012875231 -0.043853532 -0.004840501 0.999934375 -0.010382473 0.036145109 0.012825519 0.010443821 0.999863207 0.476626731
0 0.415969465 0.739501292 0.500000000 0.500000000 0.000000000 0.000000000 0.999900997 0.004832958 -0.013216547 -0.045579023 -0.004972216 0.999932230 -0.010524148 0.037344664 0.013164788 0.010588821 0.999857247 0.487272283
0 0.415969465 0.739501292 0.500000000 0.500000000 0.000000000 0.000000000 0.999896944 0.004951240 -0.013476583 -0.047348604 -0.005096067 0.999929428 -0.010733560 0.038474882 0.013422487 0.010801131 0.999851584 0.497791987
0 0.415969465 0.739501292 0.500000000 0.500000000 0.000000000 0.000000000 0.999892414 0.005166863 -0.013729258 -0.049316240 -0.005318840 0.999924719 -0.011056276 0.039725611 0.013671098 0.011128111 0.999844611 0.508580512
0 0.415969465 0.739501292 0.500000000 0.500000000 0.000000000 0.000000000 0.999887824 0.005238879 -0.014031921 -0.050895485 -0.005394981 0.999923706 -0.011110096 0.040787772 0.013972647 0.011184552 0.999839842 0.519210369
0 0.415969465 0.739501292 0.500000000 0.500000000 0.000000000 0.000000000 0.999882281 0.005571854 -0.014294644 -0.052790078 -0.005733679 0.999919653 -0.011304779 0.041913912 0.014230507 0.011385409 0.999833941 0.529806590
0 0.415969465 0.739501292 0.500000000 0.500000000 0.000000000 0.000000000 0.999877214 0.005716851 -0.014590542 -0.054452655 -0.005882862 0.999918163 -0.011360523 0.043104847 0.014524402 0.011444963 0.999828994 0.541327658
0 0.415969465 0.739501292 0.500000000 0.500000000 0.000000000 0.000000000 0.999871135 0.005976276 -0.014898169 -0.056182185 -0.006145440 0.999916852 -0.011334850 0.044158837 0.014829190 0.011424946 0.999824762 0.552406181
0 0.415969465 0.739501292 0.500000000 0.500000000 0.000000000 0.000000000 0.999864817 0.006088219 -0.015274230 -0.057822185 -0.006259050 0.999918103 -0.011161462 0.044664636 0.015205026 0.011255556 0.999821067 0.563822889
0 0.415969465 0.739501292 0.500000000 0.500000000 0.000000000 0.000000000 0.999858499 0.006328130 -0.015587454 -0.059725202 -0.006500343 0.999918103 -0.011022404 0.045515777 0.015516426 0.011122168 0.999817729 0.575727413
0 0.415969465 0.739501292 0.500000000 0.500000000 0.000000000 0.000000000 0.999853432 0.006506804 -0.015834771 -0.061557987 -0.006679336 0.999918640 -0.010867347 0.046079413 0.015762772 0.010971520 0.999815583 0.586588738
0 0.415969465 0.739501292 0.500000000 0.500000000 0.000000000 0.000000000 0.999846995 0.006560500 -0.016216790 -0.063345311 -0.006735698 0.999919295 -0.010772594 0.046743735 0.016144808 0.010880177 0.999810457 0.598133776
0 0.415969465 0.739501292 0.500000000 0.500000000 0.000000000 0.000000000 0.999841154 0.006832441 -0.016460758 -0.065373355 -0.007008393 0.999918699 -0.010655300 0.047394020 0.016386617 0.010768970 0.999807715 0.609689416
0 0.415969465 0.739501292 0.500000000 0.500000000 0.000000000 0.000000000 0.999834597 0.007032676 -0.016771551 -0.067218587 -0.007208589 0.999919415 -0.010451540 0.047935790 0.016696697 0.010570711 0.999804735 0.621110888
0 0.415969465 0.739501292 0.500000000 0.500000000 0.000000000 0.000000000 0.999826550 0.007209764 -0.017170869 -0.068823669 -0.007387185 0.999919772 -0.010291777 0.048469033 0.017095290 0.010416836 0.999799609 0.632904789
0 0.415969465 0.739501292 0.500000000 0.500000000 0.000000000 0.000000000 0.999820650 0.007324111 -0.017465977 -0.070730704 -0.007500667 0.999921203 -0.010064567 0.048928288 0.017390888 0.010193768 0.999796808 0.645459894
0 0.415969465 0.739501292 0.500000000 0.500000000 0.000000000 0.000000000 0.999812484 0.007494919 -0.017854277 -0.072593684 -0.007670641 0.999922633 -0.009793987 0.049068617 0.017779490 0.009929105 0.999792635 0.656883543
0 0.415969465 0.739501292 0.500000000 0.500000000 0.000000000 0.000000000 0.999804914 0.007651963 -0.018208141 -0.074579083 -0.007830290 0.999921858 -0.009742718 0.050264226 0.018132167 0.009883393 0.999786735 0.669425744
0 0.415969465 0.739501292 0.500000000 0.500000000 0.000000000 0.000000000 0.999796271 0.007924768 -0.018563554 -0.076554125 -0.008102004 0.999922156 -0.009491870 0.050799961 0.018486887 0.009640338 0.999782622 0.681844948
0 0.415969465 0.739501292 0.500000000 0.500000000 0.000000000 0.000000000 0.999787748 0.008105975 -0.018940806 -0.078322370 -0.008284692 0.999921739 -0.009376217 0.051602827 0.018863320 0.009531145 0.999776661 0.693312584
0 0.415969465 0.739501292 0.500000000 0.500000000 0.000000000 0.000000000 0.999777675 0.008350430 -0.019360373 -0.080205424 -0.008530432 0.999920964 -0.009233588 0.052362768 0.019281738 0.009396688 0.999769926 0.705305414
0 0.415969465 0.739501292 0.500000000 0.500000000 0.000000000 0.000000000 0.999769747 0.008569349 -0.019672683 -0.082457393 -0.008749582 0.999920368 -0.009093890 0.053283643 0.019593189 0.009263924 0.999765098 0.717904391
0 0.415969465 0.739501292 0.500000000 0.500000000 0.000000000 0.000000000 0.999761283 0.008703675 -0.020039661 -0.084269964 -0.008884305 0.999920547 -0.008942353 0.054053372 0.019960238 0.009118257 0.999759197 0.729387637
0 0.415969465 0.739501292 0.500000000 0.500000000 0.000000000 0.000000000 0.999751747 0.008925827 -0.020413803 -0.086415814 -0.009107938 0.999919415 -0.008845430 0.055077284 0.020333204 0.009029162 0.999752462 0.741482081
0 0.415969465 0.739501292 0.500000000 0.500000000 0.000000000 0.000000000 0.999744594 0.009146693 -0.020665327 -0.088765985 -0.009327715 0.999918818 -0.008680347 0.055969921 0.020584254 0.008870891 0.999748766 0.753553598
0 0.415969465 0.739501292 0.500000000 0.500000000 0.000000000 0.000000000 0.999736309 0.009365064 -0.020965910 -0.091070007 -0.009543083 0.999919116 -0.008406973 0.056591981 0.020885482 0.008604835 0.999744833 0.765391740
0 0.415969465 0.739501292 0.500000000 0.500000000 0.000000000 0.000000000 0.999726593 0.009627827 -0.021309430 -0.093326801 -0.009802548 0.999919057 -0.008110018 0.057296264 0.021229623 0.008316688 0.999740005 0.777501052
0 0.415969465 0.739501292 0.500000000 0.500000000 0.000000000 0.000000000 0.999718964 0.009739642 -0.021613654 -0.095862196 -0.009911558 0.999919951 -0.007861184 0.057905904 0.021535359 0.008073200 0.999735475 0.789866559
0 0.415969465 0.739501292 0.500000000 0.500000000 0.000000000 0.000000000 0.999710441 0.009863880 -0.021948162 -0.098107456 -0.010031831 0.999921143 -0.007555322 0.058458760 0.021871906 0.007773315 0.999730587 0.801437512
0 0.415969465 0.739501292 0.500000000 0.500000000 0.000000000 0.000000000 0.999700904 0.010039008 -0.022300558 -0.100350224 -0.010203985 0.999921322 -0.007296443 0.059353707 0.022225555 0.007521816 0.999724686 0.813622278
0 0.415969465 0.739501292 0.500000000 0.500000000 0.000000000 0.000000000 0.999692380 0.010235775 -0.022591233 -0.102908356 -0.010396700 0.999921322 -0.007017426 0.060203118 0.022517627 0.007250142 0.999720156 0.825754503
0 0.415969465 0.739501292 0.500000000 0.500000000 0.000000000 0.000000000 0.999684393 0.010373485 -0.022879696 -0.105558637 -0.010529791 0.999921978 -0.006721776 0.060868130 0.022808181 0.006960573 0.999715626 0.837235401
0 0.415969465 0.739501292 0.500000000 0.500000000 0.000000000 0.000000000 0.999675870 0.010493931 -0.023194514 -0.108269655 -0.010648170 0.999921918 -0.006536331 0.061834135 0.023124112 0.006781192 0.999709606 0.848596291
0 0.415969465 0.739501292 0.500000000 0.500000000 0.000000000 0.000000000 0.999669015 0.010653746 -0.023416433 -0.111480595 -0.010806346 0.999921143 -0.006399951 0.062981780 0.023346404 0.006650879 0.999705315 0.860402460
0 0.415969465 0.739501292 0.500000000 0.500000000 0.000000000 0.000000000 0.999662578 0.010794465 -0.023626758 -0.114487046 -0.010943600 0.999920964 -0.006191939 0.063808716 0.023558052 0.006448411 0.999701679 0.871481056
0 0.415969465 0.739501292 0.500000000 0.500000000 0.000000000 0.000000000 0.999657452 0.010856919 -0.023814458 -0.117935180 -0.011003994 0.999921143 -0.006053582 0.065098641 0.023746857 0.006313562 0.999698043 0.882962827
0 0.415969465 0.739501292 0.500000000 0.500000000 0.000000000 0.000000000 0.999653459 0.011044215 -0.023895858 -0.121719860 -0.011188759 0.999919832 -0.005923653 0.066349542 0.023828521 0.006188965 0.999696910 0.894637776
0 0.415969465 0.739501292 0.500000000 0.500000000 0.000000000 0.000000000 0.999649286 0.011199187 -0.023998506 -0.125139034 -0.011339833 0.999919295 -0.005732560 0.067390942 0.023932369 0.006002688 0.999695539 0.905475051
0 0.415969465 0.739501292 0.500000000 0.500000000 0.000000000 0.000000000 0.999645770 0.011302416 -0.024094692 -0.128655415 -0.011437478 0.999919593 -0.005475027 0.068414692 0.024030874 0.005748670 0.999694705 0.916212185
0 0.415969465 0.739501292 0.500000000 0.500000000 0.000000000 0.000000000 0.999641120 0.011627209 -0.024134926 -0.132475047 -0.011756405 0.999917269 -0.005218084 0.069674136 0.024072258 0.005499951 0.999695063 0.927395396
0 0.415969465 0.739501292 0.500000000 0.500000000 0.000000000 0.000000000 0.999637485 0.011791249 -0.024204364 -0.135852430 -0.011913412 0.999916971 -0.004909190 0.070555542 0.024144469 0.005195767 0.999695003 0.937510250
0 0.415969465 0.739501292 0.500000000 0.500000000 0.000000000 0.000000000 0.999632776 0.011978786 -0.024305670 -0.139235573 -0.012095101 0.999916077 -0.004644209 0.071623904 0.024247997 0.004936483 0.999693811 0.947748268
0 0.415969465 0.739501292 0.500000000 0.500000000 0.000000000 0.000000000 0.999628901 0.012211771 -0.024350995 -0.142888688 -0.012320351 0.999914825 -0.004313927 0.072512499 0.024296239 0.004612339 0.999694169 0.958189236
0 0.415969465 0.739501292 0.500000000 0.500000000 0.000000000 0.000000000 0.999624848 0.012396461 -0.024422301 -0.146311907 -0.012496036 0.999914229 -0.003928840 0.073386477 0.024371503 0.004232548 0.999693990 0.968299463
0 0.415969465 0.739501292 0.500000000 0.500000000 0.000000000 0.000000000 0.999620795 0.012557353 -0.024506232 -0.149802051 -0.012650209 0.999913394 -0.003637765 0.074405063 0.024458427 0.003946395 0.999693036 0.978611684
0 0.415969465 0.739501292 0.500000000 0.500000000 0.000000000 0.000000000 0.999615014 0.012775903 -0.024629362 -0.153122005 -0.012860608 0.999911904 -0.003283876 0.075405725 0.024585238 0.003599360 0.999691248 0.989058051
0 0.415969465 0.739501292 0.500000000 0.500000000 0.000000000 0.000000000 0.999609113 0.012990800 -0.024756651 -0.156220570 -0.013068699 0.999910116 -0.002987402 0.076222219 0.024715617 0.003309771 0.999689043 0.998763141
0 0.415969465 0.739501292 0.500000000 0.500000000 0.000000000 0.000000000 0.999601007 0.013168746 -0.024987377 -0.159402140 -0.013240842 0.999908626 -0.002722048 0.077356012 0.024949249 0.003051816 0.999684036 1.009105134
0 0.415969465 0.739501292 0.500000000 0.500000000 0.000000000 0.000000000 0.999591887 0.013364037 -0.025248593 -0.162205203 -0.013426750 0.999907196 -0.002315936 0.078265859 0.025215298 0.002653997 0.999678493 1.019482543
0 0.415969465 0.739501292 0.500000000 0.500000000 0.000000000 0.000000000 0.999579251 0.013594716 -0.025621491 -0.165052966 -0.013647583 0.999905109 -0.001889636 0.079180533 0.025593368 0.002238513 0.999669909 1.030207969
0 0.415969465 0.739501292 0.500000000 0.500000000 0.000000000 0.000000000 0.999567091 0.013773732 -0.025997890 -0.167866780 -0.013819802 0.999903262 -0.001593211 0.080445915 0.025973430 0.001951807 0.999660730 1.040737237
0 0.415969465 0.739501292 0.500000000 0.500000000 0.000000000 0.000000000 0.999556124 0.013869395 -0.026366403 -0.170470699 -0.013905421 0.999902606 -0.001183532 0.081465568 0.026347419 0.001549642 0.999651670 1.051498826
0 0.415969465 0.739501292 0.500000000 0.500000000 0.000000000 0.000000000 0.999542296 0.014029094 -0.026803615 -0.173035962 -0.014055506 0.999900877 -0.000797227 0.082563764 0.026789775 0.001173601 0.999640405 1.062080470
