0 0.494358547 0.878859682 0.500000000 0.500000000 0.000000000 0.000000000 0.412501335 -0.343507260 -0.843709290 1.621492994 0.005116876 0.927038193 -0.374932021 2.203506542 0.910942614 0.150342792 0.384162158 -1.841067910
0 0.494358547 0.878859682 0.500000000 0.500000000 0.000000000 0.000000000 0.408723086 -0.344186276 -0.845269918 1.633589938 0.001861946 0.926474929 -0.376351893 2.220024350 0.912656546 0.152249858 0.379312545 -1.846555871
0 0.494358547 0.878859682 0.500000000 0.500000000 0.000000000 0.000000000 0.405013978 -0.344971538 -0.846733928 1.645598822 -0.000959907 0.925929189 -0.377695978 2.236565591 0.914309978 0.153784931 0.374683142 -1.853167840
0 0.494358547 0.878859682 0.500000000 0.500000000 0.000000000 0.000000000 0.401234150 -0.345790744 -0.848198056 1.657263924 -0.003116739 0.925484359 -0.378772944 2.251910373 0.915970206 0.154620245 0.370258182 -1.862424246
0 0.494358547 0.878859682 0.500000000 0.500000000 0.000000000 0.000000000 0.397623420 -0.346444339 -0.849630475 1.669561964 -0.005313668 0.925093651 -0.379701883 2.269903819 0.917533338 0.155493021 0.365998000 -1.871120362
0 0.494358547 0.878859682 0.500000000 0.500000000 0.000000000 0.000000000 0.393936574 -0.347156674 -0.851055920 1.683666019 -0.007611011 0.924664915 -0.380705714 2.290091027 0.919106126 0.156451300 0.361617118 -1.878137035
0 0.494358547 0.878859682 0.500000000 0.500000000 0.000000000 0.000000000 0.390379846 -0.347747892 -0.852452338 1.697394211 -0.010408251 0.924194336 -0.381780654 2.313411884 0.920595050 0.157912016 0.357167393 -1.883136415
0 0.494358547 0.878859682 0.500000000 0.500000000 0.000000000 0.000000000 0.387003481 -0.348195851 -0.853807926 1.711146281 -0.013065035 0.923796713 -0.382660329 2.337346425 0.921985686 0.159245908 0.352963358 -1.888286607
0 0.494358547 0.878859682 0.500000000 0.500000000 0.000000000 0.000000000 0.383426517 -0.348861575 -0.855148911 1.723226581 -0.015263559 0.923395336 -0.383546740 2.361873562 0.923445225 0.160114616 0.348729402 -1.893981498
0 0.494358547 0.878859682 0.500000000 0.500000000 0.000000000 0.000000000 0.379718751 -0.349334985 -0.856608868 1.739320375 -0.017502615 0.923082948 -0.384202480 2.387075043 0.924936414 0.160881788 0.344397634 -1.897298668
0 0.494358547 0.878859682 0.500000000 0.500000000 0.000000000 0.000000000 0.376306742 -0.349744290 -0.857946455 1.752987152 -0.019555075 0.922808409 -0.384762555 2.411459836 0.926288724 0.161565959 0.340419769 -1.900702220
0 0.494358547 0.878859682 0.500000000 0.500000000 0.000000000 0.000000000 0.372819394 -0.350211531 -0.859277368 1.766486491 -0.021775624 0.922484159 -0.385420322 2.437258044 0.927648365 0.162403464 0.336293906 -1.901992300
0 0.494358547 0.878859682 0.500000000 0.500000000 0.000000000 0.000000000 0.369546592 -0.350725621 -0.860480607 1.777538795 -0.023747215 0.922165275 -0.386066437 2.461700154 0.928908706 0.163103566 0.332454294 -1.904087924
0 0.494358547 0.878859682 0.500000000 0.500000000 0.000000000 0.000000000 0.366250753 -0.351041675 -0.861759901 1.789577006 -0.025985062 0.921889901 -0.386579633 2.486730402 0.930153310 0.163977966 0.328521043 -1.904241651
0 0.494358547 0.878859682 0.500000000 0.500000000 0.000000000 0.000000000 0.362401962 -0.351698428 -0.863118231 1.802428172 -0.028222995 0.921504974 -0.387339681 2.512565127 0.931594491 0.164732441 0.324029237 -1.902397045
0 0.494358547 0.878859682 0.500000000 0.500000000 0.000000000 0.000000000 0.358629614 -0.352148652 -0.864509165 1.815298880 -0.030362476 0.921223879 -0.387846231 2.537037926 0.932986021 0.165341794 0.319686055 -1.900655803
0 0.494358547 0.878859682 0.500000000 0.500000000 0.000000000 0.000000000 0.354974598 -0.352591455 -0.865836203 1.827472009 -0.032573923 0.920923769 -0.388379186 2.562046052 0.934308290 0.166068420 0.315419227 -1.899346334
0 0.494358547 0.878859682 0.500000000 0.500000000 0.000000000 0.000000000 0.351651400 -0.353013963 -0.867019296 1.838499855 -0.034715068 0.920618415 -0.388917238 2.586358299 0.935487151 0.166861922 0.311481833 -1.899027499
0 0.494358547 0.878859682 0.500000000 0.500000000 0.000000000 0.000000000 0.348426908 -0.353408813 -0.868159473 1.847714810 -0.036778539 0.920331061 -0.389407396 2.609586529 0.936614156 0.167609647 0.307670236 -1.898474840
0 0.494358547 0.878859682 0.500000000 0.500000000 0.000000000 0.000000000 0.344978690 -0.353914618 -0.869329691 1.856642112 -0.038544454 0.920064926 -0.389865249 2.630605425 0.937818766 0.168003038 0.303761333 -1.898113827
0 0.494358547 0.878859682 0.500000000 0.500000000 0.000000000 0.000000000 0.341509283 -0.354578644 -0.870428264 1.865448444 -0.040169045 0.919754803 -0.390432537 2.650964183 0.939019620 0.168300614 0.299861729 -1.897600149
0 0.494358547 0.878859682 0.500000000 0.500000000 0.000000000 0.000000000 0.337950617 -0.355213046 -0.871557832 1.873263791 -0.041571621 0.919504941 -0.390873998 2.669262634 0.940245271 0.168328181 0.295980483 -1.897727105
0 0.494358547 0.878859682 0.500000000 0.500000000 0.000000000 0.000000000 0.334124446 -0.355649590 -0.872854054 1.883642296 -0.043214940 0.919322073 -0.391125739 2.686773472 0.941537738 0.168405011 0.291798621 -1.896515979
0 0.494358547 0.878859682 0.500000000 0.500000000 0.000000000 0.000000000 0.330812812 -0.355840743 -0.874036789 1.891060459 -0.044822659 0.919214189 -0.391198397 2.701941763 0.942631304 0.168590084 0.288138092 -1.897779205
0 0.494358547 0.878859682 0.500000000 0.500000000 0.000000000 0.000000000 0.327475250 -0.356061101 -0.875203073 1.899791828 -0.046430316 0.919095099 -0.391290665 2.715813325 0.943718255 0.168773964 0.284448862 -1.897732070
0 0.494358547 0.878859682 0.500000000 0.500000000 0.000000000 0.000000000 0.324186176 -0.356325626 -0.876319230 1.907264206 -0.048023719 0.918954790 -0.391427875 2.729266246 0.944773555 0.168979615 0.280800372 -1.898545600
0 0.494358547 0.878859682 0.500000000 0.500000000 0.000000000 0.000000000 0.321113527 -0.356533915 -0.877365172 1.913253879 -0.049447127 0.918852568 -0.391490608 2.739869372 0.945748985 0.169096127 0.277426422 -1.900879395
0 0.494358547 0.878859682 0.500000000 0.500000000 0.000000000 0.000000000 0.317973614 -0.356811613 -0.878395259 1.919822797 -0.051135242 0.918677270 -0.391685128 2.752095644 0.946719587 0.169462487 0.273869485 -1.901713375
0 0.494358547 0.878859682 0.500000000 0.500000000 0.000000000 0.000000000 0.314677030 -0.357159257 -0.879440546 1.925372449 -0.052761309 0.918494284 -0.391898602 2.761706883 0.947731316 0.169721916 0.270184875 -1.903528441
0 0.494358547 0.878859682 0.500000000 0.500000000 0.000000000 0.000000000 0.311467826 -0.357403278 -0.880483210 1.930242275 -0.054687820 0.918296456 -0.392097950 2.771496343 0.948681712 0.170277610 0.266474187 -1.904729656
0 0.494358547 0.878859682 0.500000000 0.500000000 0.000000000 0.000000000 0.308528602 -0.357556999 -0.881455123 1.934403445 -0.056479488 0.918141246 -0.392207563 2.779263161 0.949536800 0.170791388 0.263078213 -1.907827304
0 0.494358547 0.878859682 0.500000000 0.500000000 0.000000000 0.000000000 0.305567741 -0.357815802 -0.882381022 1.937860983 -0.058163565 0.917960048 -0.392385513 2.787290872 0.950392187 0.171222776 0.259687126 -1.911102797
0 0.494358547 0.878859682 0.500000000 0.500000000 0.000000000 0.000000000 0.302506089 -0.358040690 -0.883344173 1.941563927 -0.059633676 0.917840362 -0.392444700 2.792493261 0.951280117 0.171393976 0.256301016 -1.916549124
0 0.494358547 0.878859682 0.500000000 0.500000000 0.000000000 0.000000000 0.299649239 -0.358306199 -0.884209812 1.944870397 -0.061607584 0.917595208 -0.392713040 2.798587232 0.952058196 0.172150195 0.252882332 -1.919965193
0 0.494358547 0.878859682 0.500000000 0.500000000 0.000000000 0.000000000 0.296464264 -0.358635068 -0.885149598 1.948458011 -0.063879579 0.917293727 -0.393054157 2.804766624 0.952905178 0.173069492 0.249035373 -1.923491574
0 0.494358547 0.878859682 0.500000000 0.500000000 0.000000000 0.000000000 0.293478578 -0.358807623 -0.886074185 1.951537805 -0.066210717 0.917034030 -0.393274337 2.810614004 0.953670025 0.174085200 0.245372921 -1.928068347
0 0.494358547 0.878859682 0.500000000 0.500000000 0.000000000 0.000000000 0.290701240 -0.358870536 -0.886963785 1.954374829 -0.068092339 0.916887403 -0.393294990 2.813661845 0.954387903 0.174726769 0.242103964 -1.935263941
0 0.494358547 0.878859682 0.500000000 0.500000000 0.000000000 0.000000000 0.287809312 -0.359080166 -0.887821615 1.957949541 -0.070064291 0.916667938 -0.393460155 2.818528340 0.955121338 0.175446078 0.238666862 -1.943242524
0 0.494358547 0.878859682 0.500000000 0.500000000 0.000000000 0.000000000 0.285161018 -0.359121680 -0.888659000 1.960299387 -0.071760617 0.916553319 -0.393421441 2.821063807 0.955789506 0.175959170 0.235594466 -1.953405173
0 0.494358547 0.878859682 0.500000000 0.500000000 0.000000000 0.000000000 0.282549441 -0.359014302 -0.889536142 1.963653514 -0.073596053 0.916475475 -0.393263757 2.823858062 0.956425369 0.176582798 0.232527599 -1.963883550
0 0.494358547 0.878859682 0.500000000 0.500000000 0.000000000 0.000000000 0.280401438 -0.359194100 -0.890143037 1.962835832 -0.075846903 0.916154921 -0.393582821 2.831820080 0.956881523 0.177875787 0.229647398 -1.974771729
0 0.494358547 0.878859682 0.500000000 0.500000000 0.000000000 0.000000000 0.278074473 -0.359474033 -0.890759766 1.964895938 -0.077999443 0.915821671 -0.393937558 2.838225243 0.957387388 0.179022759 0.226627856 -1.985486534
0 0.494358547 0.878859682 0.500000000 0.500000000 0.000000000 0.000000000 0.276118189 -0.359570891 -0.891329050 1.964160661 -0.080077164 0.915551364 -0.394148916 2.844871682 0.957782030 0.180206791 0.224006966 -1.999111915
0 0.494358547 0.878859682 0.500000000 0.500000000 0.000000000 0.000000000 0.274078876 -0.359755874 -0.891883671 1.965015427 -0.081592932 0.915353835 -0.394296765 2.849941107 0.958239734 0.180839822 0.221525624 -2.014509805
0 0.494358547 0.878859682 0.500000000 0.500000000 0.000000000 0.000000000 0.272335559 -0.359799147 -0.892400086 1.966896498 -0.082960524 0.915221870 -0.394317716 2.853786755 0.958619237 0.181420714 0.219398335 -2.030599629
0 0.494358547 0.878859682 0.500000000 0.500000000 0.000000000 0.000000000 0.270886809 -0.359917253 -0.892793357 1.965477606 -0.084472664 0.915004313 -0.394501567 2.858889499 0.958897650 0.182281896 0.217459425 -2.046340639
0 0.494358547 0.878859682 0.500000000 0.500000000 0.000000000 0.000000000 0.269103140 -0.360137254 -0.893243909 1.964573224 -0.086377628 0.914694190 -0.394808114 2.865705780 0.959230125 0.183400393 0.215039283 -2.060337545
0 0.494358547 0.878859682 0.500000000 0.500000000 0.000000000 0.000000000 0.267102748 -0.360372394 -0.893749356 1.967020685 -0.087988533 0.914451063 -0.395015538 2.869276475 0.959642708 0.184149429 0.212543771 -2.075959844
0 0.494358547 0.878859682 0.500000000 0.500000000 0.000000000 0.000000000 0.265758127 -0.360527158 -0.894087672 1.964549649 -0.089481227 0.914209843 -0.395238459 2.873746449 0.959877968 0.185041890 0.210698277 -2.091926918
0 0.494358547 0.878859682 0.500000000 0.500000000 0.000000000 0.000000000 0.264096707 -0.360568345 -0.894563258 1.963078718 -0.090485938 0.914139450 -0.395172507 2.874978917 0.960242271 0.185309157 0.208794862 -2.110154851
0 0.494358547 0.878859682 0.500000000 0.500000000 0.000000000 0.000000000 0.262553394 -0.360759974 -0.894940197 1.962117234 -0.091613017 0.913968801 -0.395307600 2.878247116 0.960558593 0.185777530 0.206915304 -2.125837779
0 0.494358547 0.878859682 0.500000000 0.500000000 0.000000000 0.000000000 0.260976911 -0.360864460 -0.895359099 1.961038158 -0.092714749 0.913844168 -0.395338923 2.880183544 0.960882425 0.186187312 0.205034748 -2.141510320
0 0.494358547 0.878859682 0.500000000 0.500000000 0.000000000 0.000000000 0.259477258 -0.360902756 -0.895779431 1.959586418 -0.093807541 0.913743675 -0.395313323 2.881151374 0.961182475 0.186605677 0.203240305 -2.157450922
0 0.494358547 0.878859682 0.500000000 0.500000000 0.000000000 0.000000000 0.257964581 -0.361165822 -0.896110237 1.957590929 -0.095090970 0.913507819 -0.395551682 2.884145614 0.961463451 0.187250316 0.201309055 -2.172678959
0 0.494358547 0.878859682 0.500000000 0.500000000 0.000000000 0.000000000 0.256436169 -0.361437052 -0.896439493 1.955753963 -0.096344292 0.913275242 -0.395785421 2.887141241 0.961747527 0.187860519 0.199374408 -2.185521417
0 0.494358547 0.878859682 0.500000000 0.500000000 0.000000000 0.000000000 0.254588813 -0.361893177 -0.896781921 1.955926579 -0.097557090 0.912996173 -0.396131992 2.890737764 0.962115943 0.188338220 0.197133377 -2.198081472
0 0.494358547 0.878859682 0.500000000 0.500000000 0.000000000 0.000000000 0.253038853 -0.361915022 -0.897211730 1.955528517 -0.098865628 0.912864208 -0.396111757 2.894233546 0.962391257 0.188935071 0.195209146 -2.212304938
0 0.494358547 0.878859682 0.500000000 0.500000000 0.000000000 0.000000000 0.251677096 -0.361984134 -0.897566795 1.954845819 -0.100041769 0.912720680 -0.396147281 2.897614633 0.962626755 0.189495355 0.193497345 -2.225064203
0 0.494358547 0.878859682 0.500000000 0.500000000 0.000000000 0.000000000 0.250195265 -0.362137794 -0.897918999 1.953846132 -0.101242967 0.912544966 -0.396246791 2.901978590 0.962887406 0.190047055 0.191650540 -2.238776419
0 0.494358547 0.878859682 0.500000000 0.500000000 0.000000000 0.000000000 0.248735413 -0.362507731 -0.898175299 1.951475167 -0.102443442 0.912271738 -0.396567225 2.907110790 0.963138640 0.190652475 0.189777762 -2.252967680
0 0.494358547 0.878859682 0.500000000 0.500000000 0.000000000 0.000000000 0.247041553 -0.362843990 -0.898506939 1.951517401 -0.103605971 0.912041128 -0.396795630 2.911668084 0.963450193 0.191115692 0.187719256 -2.266769146
0 0.494358547 0.878859682 0.500000000 0.500000000 0.000000000 0.000000000 0.245731309 -0.362845123 -0.898865700 1.950390987 -0.104903802 0.911897719 -0.396784306 2.915401368 0.963644803 0.191796750 0.186017975 -2.283670353
0 0.494358547 0.878859682 0.500000000 0.500000000 0.000000000 0.000000000 0.244380787 -0.362985551 -0.899177134 1.949801777 -0.106072061 0.911721706 -0.396878153 2.918079050 0.963860333 0.192366973 0.184304640 -2.299584348
0 0.494358547 0.878859682 0.500000000 0.500000000 0.000000000 0.000000000 0.242630422 -0.363424301 -0.899473846 1.951363871 -0.107170224 0.911462963 -0.397177249 2.920878661 0.964181006 0.192764103 0.182200387 -2.315780422
0 0.494358547 0.878859682 0.500000000 0.500000000 0.000000000 0.000000000 0.241476446 -0.363356173 -0.899811864 1.948516928 -0.108366698 0.911355495 -0.397099286 2.922636740 0.964336991 0.193399757 0.180695176 -2.334489993
0 0.494358547 0.878859682 0.500000000 0.500000000 0.000000000 0.000000000 0.240017146 -0.363625646 -0.900093436 1.948451640 -0.109438844 0.911150634 -0.397275358 2.923456286 0.964580178 0.193858087 0.178896993 -2.351681910
0 0.494358547 0.878859682 0.500000000 0.500000000 0.000000000 0.000000000 0.238474622 -0.363832951 -0.900419593 1.948384501 -0.110869423 0.910908163 -0.397434652 2.925200870 0.964799345 0.194607079 0.176890537 -2.368195961
0 0.494358547 0.878859682 0.500000000 0.500000000 0.000000000 0.000000000 0.237222046 -0.363792390 -0.900766790 1.946866171 -0.112630099 0.910681725 -0.397458524 2.926966543 0.964904249 0.195739374 0.175059810 -2.386103293
0 0.494358547 0.878859682 0.500000000 0.500000000 0.000000000 0.000000000 0.235444963 -0.364120126 -0.901100576 1.949874851 -0.114204019 0.910376608 -0.397708327 2.928977983 0.965154469 0.196547717 0.172759607 -2.403094221
0 0.494358547 0.878859682 0.500000000 0.500000000 0.000000000 0.000000000 0.233952478 -0.364414394 -0.901370287 1.949714286 -0.115456916 0.910125554 -0.397921115 2.930623333 0.965368271 0.197164074 0.170851961 -2.422325358
0 0.494358547 0.878859682 0.500000000 0.500000000 0.000000000 0.000000000 0.232443705 -0.364506185 -0.901723444 1.951353907 -0.116549641 0.909997761 -0.397894770 2.932203468 0.965601444 0.197583675 0.169040188 -2.442246464
0 0.494358547 0.878859682 0.500000000 0.500000000 0.000000000 0.000000000 0.231181517 -0.364655286 -0.901987612 1.952196926 -0.117525764 0.909846127 -0.397954434 2.933995360 0.965786099 0.198006496 0.167483225 -2.464110234
0 0.494358547 0.878859682 0.500000000 0.500000000 0.000000000 0.000000000 0.229874298 -0.364826143 -0.902252555 1.954124444 -0.118495755 0.909690022 -0.398023635 2.935513817 0.965979576 0.198408499 0.165884003 -2.485650176
0 0.494358547 0.878859682 0.500000000 0.500000000 0.000000000 0.000000000 0.228850320 -0.364790231 -0.902527332 1.954780861 -0.119831577 0.909523904 -0.398003370 2.938701175 0.966057956 0.199234471 0.164431438 -2.506888077
0 0.494358547 0.878859682 0.500000000 0.500000000 0.000000000 0.000000000 0.228078306 -0.364622980 -0.902790308 1.955002323 -0.120953120 0.909436226 -0.397864401 2.940586290 0.966100752 0.199939549 0.163320392 -2.530376234
0 0.494358547 0.878859682 0.500000000 0.500000000 0.000000000 0.000000000 0.227019027 -0.364762098 -0.903001070 1.957136014 -0.122118652 0.909230113 -0.397979498 2.943750985 0.966203630 0.200622186 0.161868274 -2.551083405
0 0.494358547 0.878859682 0.500000000 0.500000000 0.000000000 0.000000000 0.225974664 -0.365000933 -0.903166533 1.957675209 -0.123180874 0.908999622 -0.398178488 2.946820880 0.966313601 0.201231092 0.160449743 -2.573027966
0 0.494358547 0.878859682 0.500000000 0.500000000 0.000000000 0.000000000 0.224803001 -0.365343153 -0.903320551 1.958155044 -0.124395154 0.908703208 -0.398477495 2.951751783 0.966431320 0.201947629 0.158832297 -2.594599039
0 0.494358547 0.878859682 0.500000000 0.500000000 0.000000000 0.000000000 0.223602712 -0.365673006 -0.903484941 1.960625611 -0.125438482 0.908450186 -0.398727268 2.955953718 0.966574907 0.202488273 0.157262474 -2.615209704
0 0.494358547 0.878859682 0.500000000 0.500000000 0.000000000 0.000000000 0.222680032 -0.365697533 -0.903702915 1.963602560 -0.126137748 0.908378124 -0.398670852 2.957301625 0.966696858 0.202767089 0.156149417 -2.638189441
0 0.494358547 0.878859682 0.500000000 0.500000000 0.000000000 0.000000000 0.221831873 -0.365856737 -0.903847039 1.965422837 -0.126998708 0.908205688 -0.398790389 2.960048647 0.966779172 0.203251839 0.155005634 -2.660829753
