0 0.522793176 0.929410037 0.500000000 0.500000000 0.000000000 0.000000000 0.665925801 -0.105698429 0.738492191 -3.200910387 0.042337649 0.993671119 0.104044087 0.144010481 -0.744815648 -0.038019620 0.666186273 -3.734738134
0 0.522793176 0.929410037 0.500000000 0.500000000 0.000000000 0.000000000 0.664891243 -0.105781823 0.739411771 -3.212826627 0.042154238 0.993657470 0.104248963 0.144447541 -0.745749712 -0.038144886 0.665133357 -3.752356712
0 0.522793176 0.929410037 0.500000000 0.500000000 0.000000000 0.000000000 0.663889527 -0.105974443 0.740283787 -3.223955536 0.041989252 0.993629098 0.104585655 0.144835280 -0.746650934 -0.038349357 0.664109707 -3.770577548
0 0.522793176 0.929410037 0.500000000 0.500000000 0.000000000 0.000000000 0.662589431 -0.106157750 0.741421461 -3.236725277 0.041360050 0.993580043 0.105299741 0.142361026 -0.747839928 -0.039105266 0.662726343 -3.786918961
0 0.522793176 0.929410037 0.500000000 0.500000000 0.000000000 0.000000000 0.661308289 -0.106384553 0.742531896 -3.248708767 0.041256864 0.993551970 0.105604984 0.143488569 -0.748978734 -0.039202917 0.661433280 -3.802843046
0 0.522793176 0.929410037 0.500000000 0.500000000 0.000000000 0.000000000 0.660031021 -0.106497832 0.743651330 -3.260717959 0.041635994 0.993564963 0.105333589 0.147243881 -0.750083685 -0.038560774 0.660217822 -3.818947512
0 0.522793176 0.929410037 0.500000000 0.500000000 0.000000000 0.000000000 0.658809781 -0.106542572 0.744727015 -3.272271975 0.042215381 0.993596733 0.104801416 0.153316051 -0.751124144 -0.037605267 0.659089029 -3.834737800
0 0.522793176 0.929410037 0.500000000 0.500000000 0.000000000 0.000000000 0.657742262 -0.106816821 0.745630801 -3.282732180 0.042126484 0.993561208 0.105173610 0.155153472 -0.752064168 -0.037766319 0.658006966 -3.850951798
0 0.522793176 0.929410037 0.500000000 0.500000000 0.000000000 0.000000000 0.657106221 -0.107044846 0.746158719 -3.290590844 0.041165497 0.993484378 0.106274016 0.151475453 -0.752673090 -0.039117321 0.657231331 -3.869128700
0 0.522793176 0.929410037 0.500000000 0.500000000 0.000000000 0.000000000 0.656389475 -0.106474869 0.746870756 -3.301537280 0.040373798 0.993529499 0.106156230 0.155059380 -0.753341079 -0.039525822 0.656441092 -3.888064475
0 0.522793176 0.929410037 0.500000000 0.500000000 0.000000000 0.000000000 0.656245828 -0.106088787 0.747051954 -3.308319760 0.039788648 0.993554533 0.106142372 0.158066844 -0.753497362 -0.039931301 0.656237125 -3.906842987
0 0.522793176 0.929410037 0.500000000 0.500000000 0.000000000 0.000000000 0.656391561 -0.105909020 0.746949434 -3.312715112 0.038824920 0.993527234 0.106753081 0.157472214 -0.753420711 -0.041071568 0.656254768 -3.927302666
0 0.522793176 0.929410037 0.500000000 0.500000000 0.000000000 0.000000000 0.656547129 -0.105840862 0.746822298 -3.316349074 0.037689503 0.993472815 0.107662931 0.155123575 -0.753342807 -0.042538427 0.656250834 -3.947408342
0 0.522793176 0.929410037 0.500000000 0.500000000 0.000000000 0.000000000 0.656235576 -0.105551995 0.747136950 -3.323374844 0.036607586 0.993455231 0.108197011 0.153698679 -0.753667533 -0.043651849 0.655804694 -3.964559927
0 0.522793176 0.929410037 0.500000000 0.500000000 0.000000000 0.000000000 0.655413389 -0.105573885 0.747855246 -3.332950425 0.036378536 0.993445694 0.108361803 0.154818711 -0.754393756 -0.043815900 0.654958189 -3.979235821
0 0.522793176 0.929410037 0.500000000 0.500000000 0.000000000 0.000000000 0.654541016 -0.105929613 0.748568654 -3.342661116 0.036480635 0.993407369 0.108678326 0.155876485 -0.755145848 -0.043826159 0.654090226 -3.992597565
0 0.522793176 0.929410037 0.500000000 0.500000000 0.000000000 0.000000000 0.654060602 -0.106064066 0.748969436 -3.350808440 0.036202952 0.993375719 0.109059922 0.155599908 -0.755575359 -0.044216894 0.653567731 -4.008391150
0 0.522793176 0.929410037 0.500000000 0.500000000 0.000000000 0.000000000 0.653997123 -0.105979711 0.749036729 -3.355573607 0.036292449 0.993393719 0.108865716 0.158941848 -0.755625963 -0.044013485 0.653522909 -4.025550207
0 0.522793176 0.929410037 0.500000000 0.500000000 0.000000000 0.000000000 0.653503239 -0.105518065 0.749532819 -3.364456619 0.036102962 0.993453801 0.108379401 0.163262192 -0.756062269 -0.043765932 0.653034806 -4.042064755
0 0.522793176 0.929410037 0.500000000 0.500000000 0.000000000 0.000000000 0.652883649 -0.105610870 0.750059485 -3.373825242 0.035937991 0.993436038 0.108597137 0.163676512 -0.756605148 -0.043945663 0.652393579 -4.057637485
0 0.522793176 0.929410037 0.500000000 0.500000000 0.000000000 0.000000000 0.652323782 -0.105760641 0.750525355 -3.383019822 0.035947371 0.993419588 0.108744308 0.164386854 -0.757087469 -0.043957088 0.651833057 -4.073481248
0 0.522793176 0.929410037 0.500000000 0.500000000 0.000000000 0.000000000 0.651597142 -0.105614655 0.751176894 -3.393952632 0.035861988 0.993441880 0.108568899 0.164945403 -0.757717013 -0.043804489 0.651111424 -4.089175801
0 0.522793176 0.929410037 0.500000000 0.500000000 0.000000000 0.000000000 0.650848448 -0.105479360 0.751844704 -3.404902984 0.036168743 0.993485153 0.108069941 0.168045965 -0.758345664 -0.043143872 0.650423288 -4.104473285
0 0.522793176 0.929410037 0.500000000 0.500000000 0.000000000 0.000000000 0.649780095 -0.105478868 0.752768278 -3.418458268 0.036138415 0.993492186 0.108015195 0.168302418 -0.759262741 -0.042982269 0.649363279 -4.118993629
0 0.522793176 0.929410037 0.500000000 0.500000000 0.000000000 0.000000000 0.648537397 -0.105516501 0.753833890 -3.433992952 0.035989966 0.993488491 0.108098872 0.168592455 -0.760331511 -0.042975705 0.648111999 -4.134069672
0 0.522793176 0.929410037 0.500000000 0.500000000 0.000000000 0.000000000 0.647362053 -0.105691820 0.754818976 -3.448131411 0.035969131 0.993471682 0.108260103 0.167832731 -0.761333466 -0.042933296 0.646937490 -4.148453611
0 0.522793176 0.929410037 0.500000000 0.500000000 0.000000000 0.000000000 0.645884871 -0.105816796 0.756065845 -3.464762313 0.036050104 0.993470192 0.108246684 0.168723793 -0.762583196 -0.042658642 0.645482063 -4.162233867
0 0.522793176 0.929410037 0.500000000 0.500000000 0.000000000 0.000000000 0.644181132 -0.106222279 0.757461190 -3.482789425 0.036164358 0.993432105 0.108557671 0.168920060 -0.764017522 -0.042537708 0.643791735 -4.175415300
0 0.522793176 0.929410037 0.500000000 0.500000000 0.000000000 0.000000000 0.642293990 -0.106578618 0.759012163 -3.501932515 0.035807710 0.993376136 0.109186113 0.166217427 -0.765621483 -0.042951096 0.641855836 -4.187808707
0 0.522793176 0.929410037 0.500000000 0.500000000 0.000000000 0.000000000 0.640175223 -0.107088454 0.760728419 -3.522748100 0.035723608 0.993315101 0.109767437 0.164910362 -0.767397881 -0.043094434 0.639721334 -4.198737911
0 0.522793176 0.929410037 0.500000000 0.500000000 0.000000000 0.000000000 0.637845278 -0.107469119 0.762629509 -3.545943093 0.035640083 0.993274331 0.110162869 0.164680827 -0.769339442 -0.043086685 0.637385547 -4.208833754
0 0.522793176 0.929410037 0.500000000 0.500000000 0.000000000 0.000000000 0.635549664 -0.107595392 0.764525890 -3.569131255 0.035684537 0.993277073 0.110124111 0.166771316 -0.771234870 -0.042707589 0.635116398 -4.219238303
0 0.522793176 0.929410037 0.500000000 0.500000000 0.000000000 0.000000000 0.633409679 -0.107839152 0.766265571 -3.591306505 0.035989378 0.993275642 0.110037543 0.169725971 -0.772979259 -0.042121422 0.633031428 -4.229502376
0 0.522793176 0.929410037 0.500000000 0.500000000 0.000000000 0.000000000 0.631171703 -0.107980102 0.768090189 -3.615701345 0.036289196 0.993288934 0.109818779 0.174501002 -0.774793744 -0.041441128 0.630854368 -4.239848132
0 0.522793176 0.929410037 0.500000000 0.500000000 0.000000000 0.000000000 0.629105330 -0.108014412 0.769778788 -3.638772100 0.035912763 0.993279696 0.110025913 0.175254295 -0.776490033 -0.041572999 0.628756642 -4.250320076
0 0.522793176 0.929410037 0.500000000 0.500000000 0.000000000 0.000000000 0.627073407 -0.108156599 0.771414995 -3.661410517 0.035863187 0.993272245 0.110109478 0.177839288 -0.778134167 -0.041381326 0.626733482 -4.261291242
0 0.522793176 0.929410037 0.500000000 0.500000000 0.000000000 0.000000000 0.624954224 -0.108421311 0.773095787 -3.685262132 0.035603710 0.993236721 0.110513270 0.178450479 -0.779849112 -0.041540653 0.624587655 -4.271279728
0 0.522793176 0.929410037 0.500000000 0.500000000 0.000000000 0.000000000 0.623031676 -0.108963840 0.774569809 -3.707845713 0.035346676 0.993159950 0.111282967 0.177484320 -0.781397521 -0.041954353 0.622621655 -4.282290023
0 0.522793176 0.929410037 0.500000000 0.500000000 0.000000000 0.000000000 0.621294916 -0.109133914 0.775939703 -3.730613019 0.034428168 0.993099213 0.112110205 0.174708202 -0.782820106 -0.042939316 0.620764732 -4.294367075
0 0.522793176 0.929410037 0.500000000 0.500000000 0.000000000 0.000000000 0.619920731 -0.109179936 0.777031541 -3.749630430 0.033210620 0.993035853 0.113034837 0.171173907 -0.783961296 -0.044266943 0.619229436 -4.307610292
0 0.522793176 0.929410037 0.500000000 0.500000000 0.000000000 0.000000000 0.618319333 -0.108922958 0.778342426 -3.772213523 0.031299807 0.992976725 0.114094622 0.165708688 -0.785303473 -0.046184942 0.617385983 -4.318470472
0 0.522793176 0.929410037 0.500000000 0.500000000 0.000000000 0.000000000 0.617180586 -0.108675145 0.779280305 -3.790750828 0.029151587 0.992893934 0.115377091 0.158804964 -0.786281288 -0.048491243 0.615962923 -4.331600491
0 0.522793176 0.929410037 0.500000000 0.500000000 0.000000000 0.000000000 0.616274714 -0.108802378 0.779979169 -3.806338888 0.027381072 0.992771864 0.116851434 0.150447023 -0.787055135 -0.050655916 0.614799321 -4.345022219
0 0.522793176 0.929410037 0.500000000 0.500000000 0.000000000 0.000000000 0.615375638 -0.109126508 0.780643463 -3.819978293 0.026662685 0.992685258 0.117749929 0.147039262 -0.787782907 -0.051646389 0.613783956 -4.356825751
0 0.522793176 0.929410037 0.500000000 0.500000000 0.000000000 0.000000000 0.614458859 -0.109309465 0.781339705 -3.834488433 0.026178496 0.992634833 0.118282452 0.144686508 -0.788514435 -0.052225403 0.612794816 -4.367839410
0 0.522793176 0.929410037 0.500000000 0.500000000 0.000000000 0.000000000 0.613627195 -0.109015025 0.782034159 -3.849539523 0.025554759 0.992646337 0.118322544 0.144222576 -0.789182246 -0.052621234 0.611900628 -4.380312197
0 0.522793176 0.929410037 0.500000000 0.500000000 0.000000000 0.000000000 0.613349378 -0.108930647 0.782263815 -3.860749087 0.025303882 0.992645144 0.118386351 0.142487080 -0.789406300 -0.052817881 0.611594617 -4.394838332
0 0.522793176 0.929410037 0.500000000 0.500000000 0.000000000 0.000000000 0.613411963 -0.108936749 0.782213867 -3.870447480 0.025386564 0.992649138 0.118335336 0.142735912 -0.789354980 -0.052730586 0.611668348 -4.410284373
0 0.522793176 0.929410037 0.500000000 0.500000000 0.000000000 0.000000000 0.613891244 -0.108875394 0.781846344 -3.876262552 0.025200857 0.992641091 0.118442208 0.141575883 -0.788988233 -0.053007439 0.612117469 -4.428850743
0 0.522793176 0.929410037 0.500000000 0.500000000 0.000000000 0.000000000 0.613828540 -0.108520523 0.781944871 -3.887081575 0.024955070 0.992678940 0.118177004 0.142597390 -0.789044857 -0.053026929 0.612042785 -4.444054912
0 0.522793176 0.929410037 0.500000000 0.500000000 0.000000000 0.000000000 0.613672197 -0.108507805 0.782069385 -3.896591458 0.024879299 0.992677331 0.118206277 0.141257229 -0.789168835 -0.053082570 0.611878097 -4.458381728
0 0.522793176 0.929410037 0.500000000 0.500000000 0.000000000 0.000000000 0.613435209 -0.108507745 0.782255232 -3.906840574 0.025026843 0.992689669 0.118071645 0.141281702 -0.789348364 -0.052851930 0.611666441 -4.472157609
0 0.522793176 0.929410037 0.500000000 0.500000000 0.000000000 0.000000000 0.613087356 -0.108504280 0.782528460 -3.917848543 0.025003634 0.992692113 0.118055686 0.139997358 -0.789619386 -0.052812390 0.611319959 -4.485172499
0 0.522793176 0.929410037 0.500000000 0.500000000 0.000000000 0.000000000 0.612932503 -0.108299628 0.782678008 -3.928302422 0.024693793 0.992703795 0.118022762 0.137867975 -0.789749265 -0.053012703 0.611134768 -4.498923272
0 0.522793176 0.929410037 0.500000000 0.500000000 0.000000000 0.000000000 0.612889528 -0.108137123 0.782734156 -3.937647517 0.024467850 0.992713571 0.117987819 0.136212496 -0.789789677 -0.053161673 0.611069620 -4.513662596
0 0.522793176 0.929410037 0.500000000 0.500000000 0.000000000 0.000000000 0.612986624 -0.107837759 0.782699406 -3.945844684 0.024223389 0.992741168 0.117805600 0.134890626 -0.789721847 -0.053253625 0.611149311 -4.527787400
0 0.522793176 0.929410037 0.500000000 0.500000000 0.000000000 0.000000000 0.612986624 -0.107899509 0.782690942 -3.954257037 0.024214562 0.992731273 0.117890745 0.132762745 -0.789722145 -0.053312935 0.611143768 -4.541802754
0 0.522793176 0.929410037 0.500000000 0.500000000 0.000000000 0.000000000 0.612940550 -0.107918054 0.782724440 -3.962373688 0.024100764 0.992721260 0.117998376 0.130326798 -0.789761364 -0.053461734 0.611080050 -4.555874422
0 0.522793176 0.929410037 0.500000000 0.500000000 0.000000000 0.000000000 0.612808108 -0.107894450 0.782831371 -3.970047826 0.024110351 0.992726862 0.117949657 0.128506971 -0.789863825 -0.053406172 0.610952437 -4.569304955
0 0.522793176 0.929410037 0.500000000 0.500000000 0.000000000 0.000000000 0.612472057 -0.107965603 0.783084571 -3.978762844 0.024163071 0.992723107 0.117970333 0.126747852 -0.790122867 -0.053331804 0.610623956 -4.581590884
0 0.522793176 0.929410037 0.500000000 0.500000000 0.000000000 0.000000000 0.612059891 -0.108069763 0.783392370 -3.988707804 0.024332276 0.992722988 0.117936470 0.127390852 -0.790436983 -0.053122461 0.610235512 -4.592952975
0 0.522793176 0.929410037 0.500000000 0.500000000 0.000000000 0.000000000 0.611931860 -0.108397946 0.783447027 -3.997138578 0.024263632 0.992670178 0.118394360 0.123771795 -0.790538251 -0.053440012 0.610076606 -4.605589599
0 0.522793176 0.929410037 0.500000000 0.500000000 0.000000000 0.000000000 0.612160444 -0.107965268 0.783328176 -4.003379423 0.024059860 0.992719352 0.118022956 0.126438383 -0.790367424 -0.053402223 0.610301197 -4.620498129
0 0.522793176 0.929410037 0.500000000 0.500000000 0.000000000 0.000000000 0.612097740 -0.107427783 0.783451140 -4.011995542 0.023619290 0.992771029 0.117676616 0.126920142 -0.790429294 -0.053525031 0.610210240 -4.633244445
0 0.522793176 0.929410037 0.500000000 0.500000000 0.000000000 0.000000000 0.611937940 -0.107057244 0.783626616 -4.020937100 0.023582194 0.992825687 0.117222086 0.129141349 -0.790554106 -0.053253010 0.610072374 -4.645719487
0 0.522793176 0.929410037 0.500000000 0.500000000 0.000000000 0.000000000 0.611730874 -0.107158646 0.783774436 -4.029446304 0.023758246 0.992824435 0.117197074 0.128509306 -0.790709078 -0.053071965 0.609887302 -4.657510177
0 0.522793176 0.929410037 0.500000000 0.500000000 0.000000000 0.000000000 0.611601412 -0.107014112 0.783895195 -4.037637409 0.023567684 0.992834568 0.117149949 0.127880162 -0.790814936 -0.053174481 0.609741092 -4.669526025
0 0.522793176 0.929410037 0.500000000 0.500000000 0.000000000 0.000000000 0.611845613 -0.106786512 0.783735693 -4.043378305 0.023294218 0.992847681 0.117093407 0.127371638 -0.790634155 -0.053386576 0.609956980 -4.684018969
0 0.522793176 0.929410037 0.500000000 0.500000000 0.000000000 0.000000000 0.611955404 -0.106525786 0.783685446 -4.050358128 0.022646459 0.992841542 0.117272317 0.124086424 -0.790567994 -0.054017726 0.609987199 -4.697074610
0 0.522793176 0.929410037 0.500000000 0.500000000 0.000000000 0.000000000 0.612271369 -0.106497884 0.783442378 -4.054561524 0.022487767 0.992831647 0.117386870 0.121742224 -0.790327847 -0.054254748 0.610277236 -4.710165014
0 0.522793176 0.929410037 0.500000000 0.500000000 0.000000000 0.000000000 0.612253785 -0.106412604 0.783467710 -4.061490060 0.022824142 0.992867529 0.117017522 0.122872076 -0.790331781 -0.053762447 0.610315740 -4.720667880
0 0.522793176 0.929410037 0.500000000 0.500000000 0.000000000 0.000000000 0.612215936 -0.106349416 0.783505857 -4.067444461 0.022738175 0.992871523 0.117000565 0.120196290 -0.790363610 -0.053814117 0.610269964 -4.729237457
0 0.522793176 0.929410037 0.500000000 0.500000000 0.000000000 0.000000000 0.612378836 -0.106187925 0.783400476 -4.072686207 0.022753580 0.992895007 0.116798051 0.118668156 -0.790236950 -0.053699490 0.610444009 -4.739070655
0 0.522793176 0.929410037 0.500000000 0.500000000 0.000000000 0.000000000 0.612862170 -0.105896518 0.783061862 -4.076127641 0.022776853 0.992935061 0.116452225 0.117821212 -0.789861500 -0.053533472 0.610944331 -4.749525545
0 0.522793176 0.929410037 0.500000000 0.500000000 0.000000000 0.000000000 0.613421500 -0.105427325 0.782687128 -4.078247856 0.023213748 0.993028462 0.115566634 0.121961802 -0.789414465 -0.052721951 0.611592352 -4.759802688
0 0.522793176 0.929410037 0.500000000 0.500000000 0.000000000 0.000000000 0.613450885 -0.105431743 0.782663524 -4.083232057 0.023397153 0.993039727 0.115432627 0.121665610 -0.789386213 -0.052500147 0.611647844 -4.766546683
0 0.522793176 0.929410037 0.500000000 0.500000000 0.000000000 0.000000000 0.613058269 -0.105691656 0.782936037 -4.092121606 0.023350909 0.993002117 0.115764976 0.118783670 -0.789692581 -0.052688401 0.611236155 -4.771242590
0 0.522793176 0.929410037 0.500000000 0.500000000 0.000000000 0.000000000 0.612959146 -0.105488889 0.783041000 -4.098228042 0.023045477 0.993012667 0.115735792 0.116828277 -0.789778471 -0.052895758 0.611107230 -4.776272224
0 0.522793176 0.929410037 0.500000000 0.500000000 0.000000000 0.000000000 0.612823844 -0.105125234 0.783195794 -4.105960159 0.022968438 0.993062496 0.115322784 0.117408654 -0.789885700 -0.052683767 0.610986888 -4.781185499
0 0.522793176 0.929410037 0.500000000 0.500000000 0.000000000 0.000000000 0.612867415 -0.104814656 0.783203304 -4.111622900 0.022904253 0.993103445 0.114982314 0.119493484 -0.789853752 -0.052530229 0.611041427 -4.787156419
0 0.522793176 0.929410037 0.500000000 0.500000000 0.000000000 0.000000000 0.612726927 -0.104886770 0.783303559 -4.118581643 0.022434769 0.993062794 0.115424938 0.115806208 -0.789976180 -0.053150732 0.610829473 -4.790744522
