0 0.474919212 0.844300808 0.500000000 0.500000000 0.000000000 0.000000000 0.910164356 -0.007510633 0.414179265 0.156440536 0.013361767 0.999847651 -0.011231645 0.025278066 -0.414031833 0.015756810 0.910126030 -2.949766952
0 0.474919212 0.844300808 0.500000000 0.500000000 0.000000000 0.000000000 0.910180986 -0.007500207 0.414142907 0.171295767 0.013205129 0.999853253 -0.010913987 0.020622981 -0.414000273 0.015402513 0.910146415 -2.984285237
0 0.474919212 0.844300808 0.500000000 0.500000000 0.000000000 0.000000000 0.910255134 -0.007449715 0.413980812 0.187690525 0.013165521 0.999853313 -0.010955486 0.017517727 -0.413838476 0.015422560 0.910219669 -3.018908945
0 0.474919212 0.844300808 0.500000000 0.500000000 0.000000000 0.000000000 0.910364866 -0.007407863 0.413740188 0.205028793 0.013255979 0.999848664 -0.011265609 0.016256153 -0.413594127 0.015740346 0.910325289 -3.052367315
0 0.474919212 0.844300808 0.500000000 0.500000000 0.000000000 0.000000000 0.910260141 -0.007298562 0.413972527 0.220689050 0.013400917 0.999840140 -0.011838770 0.016000985 -0.413819909 0.016323971 0.910212398 -3.085934888
0 0.474919212 0.844300808 0.500000000 0.500000000 0.000000000 0.000000000 0.910302639 -0.007369188 0.413877755 0.237778458 0.013714666 0.999829531 -0.012362505 0.017212408 -0.413716108 0.016929816 0.910248518 -3.119882378
0 0.474919212 0.844300808 0.500000000 0.500000000 0.000000000 0.000000000 0.910418093 -0.007344314 0.413624167 0.256592225 0.013695122 0.999829412 -0.012391021 0.016896184 -0.413462609 0.016945643 0.910363376 -3.152726063
0 0.474919212 0.844300808 0.500000000 0.500000000 0.000000000 0.000000000 0.910428464 -0.007375196 0.413600832 0.273963784 0.013561904 0.999835730 -0.012024055 0.016061281 -0.413444221 0.016556257 0.910378933 -3.186132346
0 0.474919212 0.844300808 0.500000000 0.500000000 0.000000000 0.000000000 0.910581946 -0.007444544 0.413261503 0.291435108 0.013463344 0.999841452 -0.011653916 0.014691065 -0.413109213 0.016175726 0.910537839 -3.218771527
0 0.474919212 0.844300808 0.500000000 0.500000000 0.000000000 0.000000000 0.910804629 -0.007465795 0.412770092 0.309509120 0.013436249 0.999842882 -0.011563767 0.014155333 -0.412618876 0.016078414 0.910761833 -3.251213907
0 0.474919212 0.844300808 0.500000000 0.500000000 0.000000000 0.000000000 0.910974622 -0.007506478 0.412394047 0.325762625 0.013573984 0.999838412 -0.011785549 0.014649758 -0.412238926 0.016334167 0.910929322 -3.283777180
0 0.474919212 0.844300808 0.500000000 0.500000000 0.000000000 0.000000000 0.911203086 -0.007510131 0.411888927 0.341593447 0.013772679 0.999830246 -0.012238374 0.016620199 -0.411727101 0.016824458 0.911151886 -3.316225571
0 0.474919212 0.844300808 0.500000000 0.500000000 0.000000000 0.000000000 0.911601484 -0.007487672 0.411006868 0.358486673 0.013766273 0.999829352 -0.012318433 0.017235705 -0.410844505 0.016887534 0.911549032 -3.349434433
0 0.474919212 0.844300808 0.500000000 0.500000000 0.000000000 0.000000000 0.912151396 -0.007539835 0.409784019 0.375242616 0.013652523 0.999834895 -0.011993092 0.015961479 -0.409625918 0.016534101 0.912103713 -3.381065446
0 0.474919212 0.844300808 0.500000000 0.500000000 0.000000000 0.000000000 0.912876129 -0.007669799 0.408164620 0.393014670 0.013688622 0.999836326 -0.011827266 0.016025686 -0.408007115 0.016384039 0.912831724 -3.412544792
0 0.474919212 0.844300808 0.500000000 0.500000000 0.000000000 0.000000000 0.913723350 -0.007671769 0.406264424 0.412472856 0.013645121 0.999837160 -0.011808432 0.015343021 -0.406107664 0.016333167 0.913679242 -3.443339068
0 0.474919212 0.844300808 0.500000000 0.500000000 0.000000000 0.000000000 0.914400280 -0.007484323 0.404742002 0.429847932 0.013552742 0.999834597 -0.012130063 0.014699981 -0.404584289 0.016577097 0.914350450 -3.474408085
0 0.474919212 0.844300808 0.500000000 0.500000000 0.000000000 0.000000000 0.915165186 -0.007265427 0.403013527 0.448204608 0.013500678 0.999829054 -0.012632742 0.014605545 -0.402852863 0.017002001 0.915106833 -3.505738332
0 0.474919212 0.844300808 0.500000000 0.500000000 0.000000000 0.000000000 0.915913045 -0.007116706 0.401313663 0.466734728 0.013376456 0.999828637 -0.012798429 0.012462589 -0.401153803 0.017090401 0.915851295 -3.537602237
0 0.474919212 0.844300808 0.500000000 0.500000000 0.000000000 0.000000000 0.916650772 -0.007010522 0.399627566 0.484806626 0.013248253 0.999829710 -0.012848695 0.009714894 -0.399469435 0.017072134 0.916587532 -3.570517278
0 0.474919212 0.844300808 0.500000000 0.500000000 0.000000000 0.000000000 0.917416394 -0.006872456 0.397869259 0.503380791 0.013108443 0.999830127 -0.012955542 0.006844485 -0.397712648 0.017101072 0.917350650 -3.603100680
0 0.474919212 0.844300808 0.500000000 0.500000000 0.000000000 0.000000000 0.918253779 -0.006798019 0.395934075 0.522358363 0.013106804 0.999826550 -0.013230820 0.005074361 -0.395775467 0.017338682 0.918183625 -3.636607305
0 0.474919212 0.844300808 0.500000000 0.500000000 0.000000000 0.000000000 0.919289589 -0.006606969 0.393526405 0.543013245 0.013049988 0.999821007 -0.013699033 0.005183536 -0.393365473 0.017728893 0.919211209 -3.671051059
0 0.474919212 0.844300808 0.500000000 0.500000000 0.000000000 0.000000000 0.920269430 -0.006283588 0.391234785 0.563567756 0.012779826 0.999820292 -0.014002908 0.004616481 -0.391076475 0.017886361 0.920184374 -3.706641444
0 0.474919212 0.844300808 0.500000000 0.500000000 0.000000000 0.000000000 0.921286285 -0.006198621 0.388835609 0.584727392 0.012586928 0.999824405 -0.013884099 0.003811466 -0.388681263 0.017685477 0.921202540 -3.741717774
0 0.474919212 0.844300808 0.500000000 0.500000000 0.000000000 0.000000000 0.922395825 -0.005911819 0.386200666 0.605915658 0.012161875 0.999831617 -0.013742182 0.003547452 -0.386054397 0.017372657 0.922312438 -3.776221586
0 0.474919212 0.844300808 0.500000000 0.500000000 0.000000000 0.000000000 0.923591554 -0.005635400 0.383336574 0.628393157 0.011695080 0.999840736 -0.013478949 0.002999183 -0.383199573 0.016932195 0.923510373 -3.810343085
0 0.474919212 0.844300808 0.500000000 0.500000000 0.000000000 0.000000000 0.924713492 -0.005377174 0.380625844 0.650576979 0.011292174 0.999847651 -0.013308792 0.002755539 -0.380496293 0.016604913 0.924633384 -3.844161052
0 0.474919212 0.844300808 0.500000000 0.500000000 0.000000000 0.000000000 0.925816536 -0.005300873 0.377936006 0.672602566 0.011252696 0.999844968 -0.013541658 0.004841360 -0.377805620 0.016789891 0.925732672 -3.876715067
0 0.474919212 0.844300808 0.500000000 0.500000000 0.000000000 0.000000000 0.926840365 -0.005491827 0.375415474 0.694229700 0.011598947 0.999834597 -0.014009690 0.008220869 -0.375276446 0.017339172 0.926750720 -3.909354407
0 0.474919212 0.844300808 0.500000000 0.500000000 0.000000000 0.000000000 0.928190351 -0.005649917 0.372062802 0.718983261 0.011898244 0.999824047 -0.014500005 0.011935206 -0.371915430 0.017885659 0.928094268 -3.941561984
0 0.474919212 0.844300808 0.500000000 0.500000000 0.000000000 0.000000000 0.929664075 -0.005798678 0.368362635 0.746273282 0.012108427 0.999816835 -0.014820050 0.014834288 -0.368209243 0.018237961 0.929564059 -3.971457634
0 0.474919212 0.844300808 0.500000000 0.500000000 0.000000000 0.000000000 0.931023657 -0.005735514 0.364913821 0.772973916 0.012048581 0.999814510 -0.015025640 0.016758866 -0.364759952 0.018385919 0.930920064 -4.001500508
0 0.474919212 0.844300808 0.500000000 0.500000000 0.000000000 0.000000000 0.932349622 -0.005557218 0.361515313 0.799165004 0.011798861 0.999816954 -0.015060118 0.017900379 -0.361365438 0.018306766 0.932244539 -4.030395066
0 0.474919212 0.844300808 0.500000000 0.500000000 0.000000000 0.000000000 0.933526158 -0.005286357 0.358470351 0.823883541 0.011501223 0.999818206 -0.015207106 0.019778366 -0.358324796 0.018319078 0.933417261 -4.058125276
0 0.474919212 0.844300808 0.500000000 0.500000000 0.000000000 0.000000000 0.934762836 -0.005323200 0.355232477 0.848702926 0.011518316 0.999816179 -0.015327069 0.021061693 -0.355085582 0.018418854 0.934652328 -4.085680866
0 0.474919212 0.844300808 0.500000000 0.500000000 0.000000000 0.000000000 0.936098397 -0.005421910 0.351696491 0.875231290 0.011720235 0.999806762 -0.015781879 0.024507051 -0.351542950 0.018895358 0.935981035 -4.112993169
0 0.474919212 0.844300808 0.500000000 0.500000000 0.000000000 0.000000000 0.937303960 -0.005440887 0.348470479 0.900250070 0.011816994 0.999799371 -0.016174456 0.026933120 -0.348312557 0.019278256 0.937180161 -4.140983467
0 0.474919212 0.844300808 0.500000000 0.500000000 0.000000000 0.000000000 0.938599169 -0.005340094 0.344968259 0.927126878 0.011641467 0.999801040 -0.016197545 0.027232325 -0.344813108 0.019218940 0.938474596 -4.169444024
0 0.474919212 0.844300808 0.500000000 0.500000000 0.000000000 0.000000000 0.940057755 -0.005414610 0.340972215 0.956678869 0.011369062 0.999815762 -0.015467425 0.023393292 -0.340825647 0.018416807 0.939946115 -4.196803804
0 0.474919212 0.844300808 0.500000000 0.500000000 0.000000000 0.000000000 0.941496193 -0.005427237 0.336979896 0.986587517 0.011005127 0.999832213 -0.014644669 0.018306344 -0.336843848 0.017496407 0.941397965 -4.223230100
0 0.474919212 0.844300808 0.500000000 0.500000000 0.000000000 0.000000000 0.942930341 -0.005566942 0.332943588 1.018584376 0.010864772 0.999842227 -0.014052409 0.013734361 -0.332812816 0.016867798 0.942842007 -4.247827584
0 0.474919212 0.844300808 0.500000000 0.500000000 0.000000000 0.000000000 0.944326878 -0.005415715 0.328964174 1.050769406 0.010797533 0.999836028 -0.014535243 0.012930895 -0.328831524 0.017278021 0.944230556 -4.272559916
0 0.474919212 0.844300808 0.500000000 0.500000000 0.000000000 0.000000000 0.945599794 -0.005467834 0.325286269 1.082809596 0.011050009 0.999821663 -0.015315824 0.013570323 -0.325144500 0.018077057 0.945491552 -4.298164066
0 0.474919212 0.844300808 0.500000000 0.500000000 0.000000000 0.000000000 0.946883976 -0.005747086 0.321524113 1.116595956 0.011532317 0.999804020 -0.016091499 0.015120435 -0.321368635 0.018944701 0.946764648 -4.322883904
0 0.474919212 0.844300808 0.500000000 0.500000000 0.000000000 0.000000000 0.948073626 -0.005808622 0.317997962 1.150254959 0.011763101 0.999789536 -0.016807929 0.016644809 -0.317833394 0.019675795 0.947942376 -4.348602199
0 0.474919212 0.844300808 0.500000000 0.500000000 0.000000000 0.000000000 0.949216604 -0.005932990 0.314567447 1.184074762 0.011837113 0.999787748 -0.016862055 0.015454668 -0.314400643 0.019729313 0.949085355 -4.375033977
0 0.474919212 0.844300808 0.500000000 0.500000000 0.000000000 0.000000000 0.950469971 -0.006117520 0.310756207 1.219519547 0.011830562 0.999793828 -0.016502758 0.014069142 -0.310591191 0.019361798 0.950346351 -4.400788455
0 0.474919212 0.844300808 0.500000000 0.500000000 0.000000000 0.000000000 0.951848507 -0.006303461 0.306504041 1.258427831 0.011788997 0.999801695 -0.016049147 0.012481357 -0.306342095 0.018889731 0.951734066 -4.423959753
0 0.474919212 0.844300808 0.500000000 0.500000000 0.000000000 0.000000000 0.953081727 -0.006352635 0.302646369 1.295055209 0.011728869 0.999804020 -0.015949909 0.012547766 -0.302485704 0.018751267 0.952969432 -4.447138995
0 0.474919212 0.844300808 0.500000000 0.500000000 0.000000000 0.000000000 0.954327881 -0.006476209 0.298691154 1.332072826 0.011843672 0.999799192 -0.016163308 0.014208877 -0.298526496 0.018962696 0.954212964 -4.469890613
0 0.474919212 0.844300808 0.500000000 0.500000000 0.000000000 0.000000000 0.955681562 -0.006595518 0.294328511 1.371528929 0.012064292 0.999786615 -0.016768714 0.018251349 -0.294155121 0.019576417 0.955557168 -4.492302715
0 0.474919212 0.844300808 0.500000000 0.500000000 0.000000000 0.000000000 0.957101464 -0.006695845 0.289675564 1.412247488 0.012161366 0.999780297 -0.017071813 0.020684062 -0.289497614 0.019862309 0.956972659 -4.513956131
0 0.474919212 0.844300808 0.500000000 0.500000000 0.000000000 0.000000000 0.958481967 -0.006595112 0.285076857 1.452917314 0.011941760 0.999783814 -0.017020935 0.021526186 -0.284902990 0.019718580 0.958353519 -4.535352568
0 0.474919212 0.844300808 0.500000000 0.500000000 0.000000000 0.000000000 0.959823668 -0.006595671 0.280526340 1.493193074 0.011733579 0.999792695 -0.016639663 0.021150943 -0.280358434 0.019262722 0.959702075 -4.555321156
0 0.474919212 0.844300808 0.500000000 0.500000000 0.000000000 0.000000000 0.961085260 -0.006757138 0.276169181 1.531678908 0.011702751 0.999799252 -0.016263796 0.020238768 -0.276003838 0.018862834 0.960971415 -4.575893845
0 0.474919212 0.844300808 0.500000000 0.500000000 0.000000000 0.000000000 0.962379098 -0.006800951 0.271625072 1.571260494 0.011688968 0.999797463 -0.016381571 0.021540050 -0.271458656 0.018940298 0.962263703 -4.596412647
0 0.474919212 0.844300808 0.500000000 0.500000000 0.000000000 0.000000000 0.963706374 -0.006881495 0.266875774 1.610769735 0.011790403 0.999789417 -0.016795984 0.024448815 -0.266703993 0.019332970 0.963584542 -4.615700116
0 0.474919212 0.844300808 0.500000000 0.500000000 0.000000000 0.000000000 0.965112805 -0.007178537 0.261736125 1.651884606 0.012035660 0.999783754 -0.016959008 0.026782471 -0.261557758 0.019517522 0.964990437 -4.634640231
0 0.474919212 0.844300808 0.500000000 0.500000000 0.000000000 0.000000000 0.966553092 -0.007296917 0.256362796 1.693976349 0.012024470 0.999785244 -0.016878180 0.027347824 -0.256184578 0.019396285 0.966433287 -4.652901460
0 0.474919212 0.844300808 0.500000000 0.500000000 0.000000000 0.000000000 0.967938423 -0.007330921 0.251080513 1.735133161 0.011881923 0.999791384 -0.016614504 0.026389460 -0.250906318 0.019065136 0.967823625 -4.671617021
0 0.474919212 0.844300808 0.500000000 0.500000000 0.000000000 0.000000000 0.969234586 -0.007323632 0.246029720 1.774689127 0.011742782 0.999794900 -0.016499553 0.026314015 -0.245858431 0.018881012 0.969121814 -4.689959483
0 0.474919212 0.844300808 0.500000000 0.500000000 0.000000000 0.000000000 0.970488906 -0.007261359 0.241036505 1.814081754 0.011591484 0.999795794 -0.016551558 0.026401208 -0.240867108 0.018857075 0.970374882 -4.708347677
0 0.474919212 0.844300808 0.500000000 0.500000000 0.000000000 0.000000000 0.971618593 -0.007186289 0.236443728 1.850772821 0.011473726 0.999793649 -0.016762041 0.026148586 -0.236274481 0.018999200 0.971500576 -4.727824048
0 0.474919212 0.844300808 0.500000000 0.500000000 0.000000000 0.000000000 0.972693920 -0.007146865 0.231981695 1.886338234 0.011448753 0.999786496 -0.017203052 0.027401635 -0.231809214 0.019389205 0.972568035 -4.747585182
0 0.474919212 0.844300808 0.500000000 0.500000000 0.000000000 0.000000000 0.973789811 -0.007464599 0.227327168 1.923540826 0.011686837 0.999783218 -0.017233057 0.027179294 -0.227149248 0.019438110 0.973665953 -4.768792486
0 0.474919212 0.844300808 0.500000000 0.500000000 0.000000000 0.000000000 0.974844694 -0.007463258 0.222760335 1.960009396 0.011530928 0.999789596 -0.016965214 0.024206651 -0.222586840 0.019107083 0.974725604 -4.789228683
0 0.474919212 0.844300808 0.500000000 0.500000000 0.000000000 0.000000000 0.975957990 -0.007346588 0.217834800 1.998371455 0.011215582 0.999800444 -0.016530031 0.019505746 -0.217669889 0.018575761 0.975845635 -4.808949380
0 0.474919212 0.844300808 0.500000000 0.500000000 0.000000000 0.000000000 0.977117658 -0.007283788 0.212574750 2.039123127 0.011026956 0.999804258 -0.016428441 0.017486961 -0.212413475 0.018396571 0.977006674 -4.827497847
0 0.474919212 0.844300808 0.500000000 0.500000000 0.000000000 0.000000000 0.978213370 -0.007285108 0.207474157 2.079622778 0.010992340 0.999799788 -0.016721141 0.017656801 -0.207310796 0.018637469 0.978097558 -4.845933622
0 0.474919212 0.844300808 0.500000000 0.500000000 0.000000000 0.000000000 0.979160905 -0.007138759 0.202960625 2.117574835 0.010898491 0.999789000 -0.017412852 0.019852077 -0.202793494 0.019261949 0.979032040 -4.866167854
0 0.474919212 0.844300808 0.500000000 0.500000000 0.000000000 0.000000000 0.980051637 -0.006886362 0.198623791 2.155432539 0.010747714 0.999773502 -0.018368959 0.023830908 -0.198452309 0.020137278 0.979903638 -4.887085228
0 0.474919212 0.844300808 0.500000000 0.500000000 0.000000000 0.000000000 0.980868399 -0.006808039 0.194552869 2.192101309 0.010637402 0.999769568 -0.018644910 0.024838886 -0.194381103 0.020357741 0.980714798 -4.907728263
0 0.474919212 0.844300808 0.500000000 0.500000000 0.000000000 0.000000000 0.981735885 -0.006915968 0.190123275 2.230573660 0.010579425 0.999777317 -0.018260639 0.022947598 -0.189954638 0.019938519 0.981590390 -4.927358135
0 0.474919212 0.844300808 0.500000000 0.500000000 0.000000000 0.000000000 0.982589960 -0.006757708 0.185664564 2.269111137 0.010290472 0.999783754 -0.018070586 0.021078399 -0.185502306 0.019666553 0.982447028 -4.946964808
0 0.474919212 0.844300808 0.500000000 0.500000000 0.000000000 0.000000000 0.983383596 -0.006770640 0.181413576 2.306220626 0.010246161 0.999781370 -0.018227676 0.021093270 -0.181250498 0.019783590 0.983237922 -4.965111596
0 0.474919212 0.844300808 0.500000000 0.500000000 0.000000000 0.000000000 0.984219491 -0.006796311 0.176821530 2.345480341 0.010304273 0.999767721 -0.018928319 0.025330383 -0.176651821 0.020451639 0.984060884 -4.983360492
0 0.474919212 0.844300808 0.500000000 0.500000000 0.000000000 0.000000000 0.985092342 -0.006758678 0.171893403 2.386355725 0.010231997 0.999760807 -0.019328261 0.027119820 -0.171721667 0.020798935 0.984925926 -5.000329313
0 0.474919212 0.844300808 0.500000000 0.500000000 0.000000000 0.000000000 0.985919237 -0.006851108 0.167081848 2.427418595 0.010202216 0.999763489 -0.019206597 0.027097164 -0.166910738 0.020640759 0.985755920 -5.016824066
0 0.474919212 0.844300808 0.500000000 0.500000000 0.000000000 0.000000000 0.986673713 -0.006728720 0.162572026 2.466182777 0.009934756 0.999771714 -0.018915793 0.026724435 -0.162407637 0.020278830 0.986515343 -5.033928499
0 0.474919212 0.844300808 0.500000000 0.500000000 0.000000000 0.000000000 0.987349451 -0.006660772 0.158419356 2.503338149 0.009753727 0.999776542 -0.018754357 0.027750500 -0.158259049 0.020062283 0.987193763 -5.050967556
