0 0.471872528 0.838884430 0.500000000 0.500000000 0.000000000 0.000000000 0.999965191 0.003088176 0.007754263 -0.012343185 -0.003119843 0.999986827 0.004075140 0.035228301 -0.007741577 -0.004099191 0.999961615 -0.254460036
0 0.471872528 0.838884430 0.500000000 0.500000000 0.000000000 0.000000000 0.999964535 0.003019758 0.007865236 -0.009503411 -0.003049802 0.999988079 0.003810659 0.038156116 -0.007853636 -0.003834511 0.999961793 -0.272233560
0 0.471872528 0.838884430 0.500000000 0.500000000 0.000000000 0.000000000 0.999959111 0.003026115 0.008524170 -0.007051071 -0.003055224 0.999989569 0.003403851 0.041468122 -0.008513780 -0.003429755 0.999957860 -0.289772567
0 0.471872528 0.838884430 0.500000000 0.500000000 0.000000000 0.000000000 0.999953628 0.003100132 0.009118392 -0.004515041 -0.003130581 0.999989569 0.003326952 0.044838360 -0.009107984 -0.003355344 0.999952912 -0.306946291
0 0.471872528 0.838884430 0.500000000 0.500000000 0.000000000 0.000000000 0.999949276 0.003111038 0.009580535 -0.001754515 -0.003148007 0.999987662 0.003846100 0.047892340 -0.009568452 -0.003876065 0.999946713 -0.324221655
0 0.471872528 0.838884430 0.500000000 0.500000000 0.000000000 0.000000000 0.999941468 0.003135775 0.010355949 0.000903069 -0.003184833 0.999983788 0.004724141 0.050743645 -0.010340967 -0.004756847 0.999935210 -0.341290185
0 0.471872528 0.838884430 0.500000000 0.500000000 0.000000000 0.000000000 0.999933600 0.003089875 0.011103015 0.003142261 -0.003152060 0.999979436 0.005587616 0.053195007 -0.011085522 -0.005622242 0.999922752 -0.357785960
0 0.471872528 0.838884430 0.500000000 0.500000000 0.000000000 0.000000000 0.999935269 0.003060778 0.010958297 0.006142121 -0.003123712 0.999978721 0.005730536 0.056148454 -0.010940524 -0.005764395 0.999923527 -0.374274198
0 0.471872528 0.838884430 0.500000000 0.500000000 0.000000000 0.000000000 0.999925852 0.002904209 0.011823648 0.008932660 -0.002964932 0.999982476 0.005121447 0.059683167 -0.011808567 -0.005156124 0.999916971 -0.390312505
0 0.471872528 0.838884430 0.500000000 0.500000000 0.000000000 0.000000000 0.999915063 0.002823110 0.012724689 0.010668634 -0.002881615 0.999985337 0.004581810 0.062447138 -0.012711568 -0.004618089 0.999908566 -0.406068633
0 0.471872528 0.838884430 0.500000000 0.500000000 0.000000000 0.000000000 0.999911904 0.002853943 0.012963432 0.012856311 -0.002910907 0.999986172 0.004377482 0.064717562 -0.012950760 -0.004414832 0.999906361 -0.422051683
0 0.471872528 0.838884430 0.500000000 0.500000000 0.000000000 0.000000000 0.999902785 0.002823883 0.013656421 0.014885288 -0.002883875 0.999986291 0.004375285 0.066488331 -0.013643878 -0.004414243 0.999897182 -0.437562135
0 0.471872528 0.838884430 0.500000000 0.500000000 0.000000000 0.000000000 0.999898374 0.002875944 0.013964299 0.016836215 -0.002939460 0.999985397 0.004530039 0.067207451 -0.013951068 -0.004570626 0.999892235 -0.452966081
0 0.471872528 0.838884430 0.500000000 0.500000000 0.000000000 0.000000000 0.999896407 0.002950310 0.014087435 0.019210703 -0.003013042 0.999985635 0.004433860 0.068071586 -0.014074151 -0.004475846 0.999890924 -0.468551359
0 0.471872528 0.838884430 0.500000000 0.500000000 0.000000000 0.000000000 0.999879956 0.002966696 0.015206369 0.020979099 -0.003031880 0.999986291 0.004265344 0.068482560 -0.015193506 -0.004310936 0.999875307 -0.483348905
0 0.471872528 0.838884430 0.500000000 0.500000000 0.000000000 0.000000000 0.999865174 0.002970222 0.016148655 0.022682176 -0.003037410 0.999986827 0.004137706 0.068852323 -0.016136151 -0.004186198 0.999861062 -0.498268262
0 0.471872528 0.838884430 0.500000000 0.500000000 0.000000000 0.000000000 0.999860227 0.002930352 0.016459620 0.025422628 -0.003000678 0.999986470 0.004249567 0.069584607 -0.016446944 -0.004298363 0.999855518 -0.512959432
0 0.471872528 0.838884430 0.500000000 0.500000000 0.000000000 0.000000000 0.999839544 0.002878044 0.017680032 0.027246812 -0.002957497 0.999985635 0.004469478 0.070196395 -0.017666914 -0.004521050 0.999833703 -0.527686172
0 0.471872528 0.838884430 0.500000000 0.500000000 0.000000000 0.000000000 0.999816120 0.002892010 0.018957060 0.028006390 -0.002981556 0.999984503 0.004697034 0.071021587 -0.018943183 -0.004752692 0.999809265 -0.542584677
0 0.471872528 0.838884430 0.500000000 0.500000000 0.000000000 0.000000000 0.999795377 0.002750939 0.020041686 0.029627723 -0.002849962 0.999983847 0.004913957 0.071527185 -0.020027844 -0.004970070 0.999787092 -0.557044042
0 0.471872528 0.838884430 0.500000000 0.500000000 0.000000000 0.000000000 0.999764085 0.002771437 0.021541905 0.030159267 -0.002875820 0.999984264 0.004816129 0.072423120 -0.021528218 -0.004876944 0.999756336 -0.571934862
0 0.471872528 0.838884430 0.500000000 0.500000000 0.000000000 0.000000000 0.999734581 0.002767910 0.022871222 0.029783703 -0.002876526 0.999984741 0.004717510 0.072993438 -0.022857817 -0.004782048 0.999727309 -0.587515648
0 0.471872528 0.838884430 0.500000000 0.500000000 0.000000000 0.000000000 0.999707103 0.002816182 0.024036733 0.030294447 -0.002929479 0.999984741 0.004679568 0.073594211 -0.024023190 -0.004748613 0.999700129 -0.603122421
0 0.471872528 0.838884430 0.500000000 0.500000000 0.000000000 0.000000000 0.999680877 0.002849523 0.025100363 0.030709345 -0.002967185 0.999984801 0.004651643 0.074557784 -0.025086725 -0.004724636 0.999674141 -0.619034265
0 0.471872528 0.838884430 0.500000000 0.500000000 0.000000000 0.000000000 0.999655426 0.002921538 0.026086139 0.030761273 -0.003041013 0.999985039 0.004541507 0.076160157 -0.026072482 -0.004619270 0.999649405 -0.635576883
0 0.471872528 0.838884430 0.500000000 0.500000000 0.000000000 0.000000000 0.999635100 0.002744770 0.026872417 0.031853212 -0.002870100 0.999985158 0.004626426 0.076601246 -0.026859321 -0.004701864 0.999628186 -0.652019576
0 0.471872528 0.838884430 0.500000000 0.500000000 0.000000000 0.000000000 0.999598563 0.002776606 0.028195526 0.033023172 -0.002903799 0.999985814 0.004471147 0.077799882 -0.028182711 -0.004551226 0.999592423 -0.667915434
0 0.471872528 0.838884430 0.500000000 0.500000000 0.000000000 0.000000000 0.999553084 0.002873158 0.029754404 0.031908863 -0.002998710 0.999986768 0.004175859 0.079419162 -0.029742012 -0.004263218 0.999548495 -0.684724934
0 0.471872528 0.838884430 0.500000000 0.500000000 0.000000000 0.000000000 0.999517441 0.002903536 0.030926468 0.031842493 -0.003027206 0.999987602 0.003952774 0.081289907 -0.030914608 -0.004044487 0.999513865 -0.700923015
0 0.471872528 0.838884430 0.500000000 0.500000000 0.000000000 0.000000000 0.999457479 0.002939827 0.032803606 0.032057054 -0.003071813 0.999987364 0.003973850 0.083031155 -0.032791510 -0.004072460 0.999453902 -0.716432393
0 0.471872528 0.838884430 0.500000000 0.500000000 0.000000000 0.000000000 0.999389470 0.002937308 0.034814879 0.031111447 -0.003086164 0.999986351 0.004222673 0.083358683 -0.034802001 -0.004327539 0.999384880 -0.732013020
0 0.471872528 0.838884430 0.500000000 0.500000000 0.000000000 0.000000000 0.999325156 0.002851232 0.036620978 0.030967215 -0.003008127 0.999986529 0.004229921 0.084493161 -0.036608424 -0.004337227 0.999320269 -0.747188577
0 0.471872528 0.838884430 0.500000000 0.500000000 0.000000000 0.000000000 0.999232471 0.002865493 0.039067466 0.029390784 -0.003031683 0.999986589 0.004195355 0.086024504 -0.039054919 -0.004310575 0.999227762 -0.762561712
0 0.471872528 0.838884430 0.500000000 0.500000000 0.000000000 0.000000000 0.999150574 0.002717437 0.041119274 0.028851290 -0.002898419 0.999986351 0.004342400 0.086896364 -0.041106913 -0.004457893 0.999144793 -0.777353065
0 0.471872528 0.838884430 0.500000000 0.500000000 0.000000000 0.000000000 0.999049187 0.002747217 0.043511227 0.027267327 -0.002926866 0.999987423 0.004065617 0.090024333 -0.043499511 -0.004189102 0.999044657 -0.792765189
0 0.471872528 0.838884430 0.500000000 0.500000000 0.000000000 0.000000000 0.998914778 0.002561620 0.046504959 0.024437869 -0.002769034 0.999986529 0.004396172 0.089872922 -0.046493068 -0.004520175 0.998908401 -0.808184691
0 0.471872528 0.838884430 0.500000000 0.500000000 0.000000000 0.000000000 0.998770595 0.002587924 0.049503531 0.021525184 -0.002799878 0.999987185 0.004212711 0.091900173 -0.049491998 -0.004346135 0.998765051 -0.823823098
0 0.471872528 0.838884430 0.500000000 0.500000000 0.000000000 0.000000000 0.998619914 0.002482173 0.052460499 0.019612195 -0.002715083 0.999986768 0.004368913 0.091612517 -0.052448958 -0.004505318 0.998613417 -0.838940506
0 0.471872528 0.838884430 0.500000000 0.500000000 0.000000000 0.000000000 0.998459816 0.002465914 0.055424493 0.016443872 -0.002705732 0.999987304 0.004252305 0.091876921 -0.055413302 -0.004395720 0.998453856 -0.854552283
0 0.471872528 0.838884430 0.500000000 0.500000000 0.000000000 0.000000000 0.998277664 0.002502213 0.058612943 0.013825491 -0.002739537 0.999988377 0.003969011 0.092718416 -0.058602329 -0.004122748 0.998272896 -0.869627230
0 0.471872528 0.838884430 0.500000000 0.500000000 0.000000000 0.000000000 0.998072207 0.002354263 0.062019218 0.011609603 -0.002621371 0.999987662 0.004225838 0.091264808 -0.062008504 -0.004380267 0.998066008 -0.883617645
0 0.471872528 0.838884430 0.500000000 0.500000000 0.000000000 0.000000000 0.997855961 0.002267629 0.065409288 0.008828032 -0.002550869 0.999987721 0.004247075 0.091149250 -0.065398850 -0.004404820 0.997849464 -0.897555160
0 0.471872528 0.838884430 0.500000000 0.500000000 0.000000000 0.000000000 0.997594118 0.002264568 0.069288529 0.006380887 -0.002561171 0.999987960 0.004192144 0.092425610 -0.069278203 -0.004359517 0.997587860 -0.910551751
0 0.471872528 0.838884430 0.500000000 0.500000000 0.000000000 0.000000000 0.997279048 0.002114496 0.073688418 0.002252570 -0.002463091 0.999986172 0.004640115 0.091586698 -0.073677592 -0.004808991 0.997270525 -0.923621732
0 0.471872528 0.838884430 0.500000000 0.500000000 0.000000000 0.000000000 0.996980131 0.001987404 0.077631831 -0.000452983 -0.002369925 0.999985516 0.004835564 0.092427290 -0.077621095 -0.005004943 0.996970356 -0.935827383
0 0.471872528 0.838884430 0.500000000 0.500000000 0.000000000 0.000000000 0.996668518 0.001563905 0.081544101 -0.002186937 -0.002013318 0.999983251 0.005429352 0.090232753 -0.081534244 -0.005575438 0.996654928 -0.947841320
0 0.471872528 0.838884430 0.500000000 0.500000000 0.000000000 0.000000000 0.996329010 0.001381798 0.085595414 -0.005258634 -0.001855562 0.999983370 0.005455599 0.089582838 -0.085586458 -0.005594399 0.996315062 -0.959926428
0 0.471872528 0.838884430 0.500000000 0.500000000 0.000000000 0.000000000 0.995942831 0.001358667 0.089977898 -0.009692571 -0.001836162 0.999984682 0.005224242 0.089776665 -0.089969419 -0.005368260 0.995930076 -0.972097356
0 0.471872528 0.838884430 0.500000000 0.500000000 0.000000000 0.000000000 0.995500982 0.001327134 0.094741881 -0.014535286 -0.001823812 0.999985039 0.005156040 0.089280001 -0.094733618 -0.005305635 0.995488524 -0.984263794
0 0.471872528 0.838884430 0.500000000 0.500000000 0.000000000 0.000000000 0.995066822 0.000986626 0.099202104 -0.017453188 -0.001546739 0.999983311 0.005569428 0.087012397 -0.099194951 -0.005695393 0.995051742 -0.995906193
0 0.471872528 0.838884430 0.500000000 0.500000000 0.000000000 0.000000000 0.994576216 0.000955874 0.104005724 -0.022392499 -0.001495533 0.999985814 0.005110876 0.087997079 -0.103999361 -0.005238700 0.994563580 -1.007136434
0 0.471872528 0.838884430 0.500000000 0.500000000 0.000000000 0.000000000 0.994085252 0.000661606 0.108600676 -0.026623552 -0.001122732 0.999990642 0.004184972 0.087504553 -0.108596891 -0.004282148 0.994076669 -1.017564811
0 0.471872528 0.838884430 0.500000000 0.500000000 0.000000000 0.000000000 0.993607879 0.000402441 0.112886094 -0.030638316 -0.000599247 0.999998331 0.001709473 0.089904016 -0.112885222 -0.001766192 0.993606448 -1.027479839
0 0.471872528 0.838884430 0.500000000 0.500000000 0.000000000 0.000000000 0.993075073 0.000222196 0.117481321 -0.035267037 -0.000012918 0.999998391 -0.001782125 0.093929136 -0.117481530 0.001768266 0.993073523 -1.037167375
0 0.471872528 0.838884430 0.500000000 0.500000000 0.000000000 0.000000000 0.992509127 -0.000072760 0.122170471 -0.040598098 0.000675491 0.999987781 -0.004892112 0.096816076 -0.122168630 0.004937991 0.992497087 -1.046804108
0 0.471872528 0.838884430 0.500000000 0.500000000 0.000000000 0.000000000 0.991927862 -0.000330833 0.126803234 -0.046316644 0.001241140 0.999974012 -0.007099952 0.099516412 -0.126797602 0.007200020 0.991902471 -1.056343901
0 0.471872528 0.838884430 0.500000000 0.500000000 0.000000000 0.000000000 0.991289139 -0.000253078 0.131703541 -0.052748154 0.001336661 0.999965966 -0.008139101 0.100906397 -0.131696999 0.008244245 0.991255760 -1.065272714
0 0.471872528 0.838884430 0.500000000 0.500000000 0.000000000 0.000000000 0.990700066 -0.000435363 0.136063084 -0.058295316 0.001674757 0.999958158 -0.008994625 0.100602433 -0.136053473 0.009138848 0.990659356 -1.073310818
0 0.471872528 0.838884430 0.500000000 0.500000000 0.000000000 0.000000000 0.990109324 -0.000468413 0.140297323 -0.063633489 0.002016546 0.999938667 -0.010892697 0.102494090 -0.140283614 0.011067877 0.990049481 -1.080987120
0 0.471872528 0.838884430 0.500000000 0.500000000 0.000000000 0.000000000 0.989444017 -0.000479590 0.144914746 -0.071091394 0.002484936 0.999903619 -0.013657417 0.105006162 -0.144894242 0.013873354 0.989349902 -1.088359063
0 0.471872528 0.838884430 0.500000000 0.500000000 0.000000000 0.000000000 0.988806725 -0.000603522 0.149200812 -0.077735970 0.003167907 0.999851286 -0.016950415 0.108028634 -0.149168402 0.017233338 0.988661647 -1.095561461
0 0.471872528 0.838884430 0.500000000 0.500000000 0.000000000 0.000000000 0.988113165 -0.000712758 0.153726563 -0.085189490 0.003808275 0.999795854 -0.019842986 0.110721948 -0.153681025 0.020192549 0.987914145 -1.102652294
0 0.471872528 0.838884430 0.500000000 0.500000000 0.000000000 0.000000000 0.987377882 -0.000704804 0.158380657 -0.093237308 0.004203060 0.999754548 -0.021753773 0.112302949 -0.158326447 0.022144878 0.987138450 -1.109286468
0 0.471872528 0.838884430 0.500000000 0.500000000 0.000000000 0.000000000 0.986605763 -0.000841206 0.163120702 -0.102278014 0.004653588 0.999724865 -0.022990843 0.112069826 -0.163056478 0.023441995 0.986338198 -1.115326591
0 0.471872528 0.838884430 0.500000000 0.500000000 0.000000000 0.000000000 0.985807419 -0.000894118 0.167877600 -0.112364768 0.005140607 0.999677658 -0.024862278 0.113460639 -0.167801261 0.025372410 0.985494256 -1.120546570
0 0.471872528 0.838884430 0.500000000 0.500000000 0.000000000 0.000000000 0.985023022 -0.000945153 0.172420338 -0.122577242 0.005750481 0.999608755 -0.027372481 0.115117193 -0.172326997 0.027954023 0.984643042 -1.125541469
0 0.471872528 0.838884430 0.500000000 0.500000000 0.000000000 0.000000000 0.984236717 -0.001053081 0.176852882 -0.132398366 0.006488765 0.999523997 -0.030160103 0.116386471 -0.176736951 0.030832237 0.983775079 -1.130294263
0 0.471872528 0.838884430 0.500000000 0.500000000 0.000000000 0.000000000 0.983358800 -0.001069337 0.181671038 -0.144994766 0.007207947 0.999424994 -0.033132832 0.119445240 -0.181531146 0.033890937 0.982801020 -1.134739082
0 0.471872528 0.838884430 0.500000000 0.500000000 0.000000000 0.000000000 0.982507765 -0.001073397 0.186218455 -0.157238396 0.007803458 0.999342322 -0.035411458 0.121640107 -0.186057970 0.036245182 0.981869996 -1.139430379
0 0.471872528 0.838884430 0.500000000 0.500000000 0.000000000 0.000000000 0.981639564 -0.001145639 0.190741703 -0.168747811 0.008396070 0.999272287 -0.037207965 0.123052440 -0.190560266 0.038126294 0.980934858 -1.143531145
0 0.471872528 0.838884430 0.500000000 0.500000000 0.000000000 0.000000000 0.980763912 -0.001194753 0.195194095 -0.180304391 0.009052809 0.999183655 -0.039370507 0.125142989 -0.194987714 0.040380228 0.979974091 -1.147435815
0 0.471872528 0.838884430 0.500000000 0.500000000 0.000000000 0.000000000 0.979790568 -0.001235575 0.200022385 -0.192355451 0.009873117 0.999060750 -0.042191140 0.128049555 -0.199782386 0.043313324 0.978882492 -1.150902656
0 0.471872528 0.838884430 0.500000000 0.500000000 0.000000000 0.000000000 0.978682160 -0.001229241 0.205377042 -0.205262163 0.010756881 0.998916388 -0.045280911 0.130944678 -0.205098823 0.046524834 0.977634847 -1.154419610
0 0.471872528 0.838884430 0.500000000 0.500000000 0.000000000 0.000000000 0.977508783 -0.001280433 0.210890904 -0.218602656 0.011693338 0.998772323 -0.048136164 0.133743205 -0.210570365 0.049519543 0.976323664 -1.157747001
0 0.471872528 0.838884430 0.500000000 0.500000000 0.000000000 0.000000000 0.976302803 -0.001463404 0.216404065 -0.231942894 0.012686269 0.998644471 -0.050480656 0.136311923 -0.216036856 0.052029762 0.974997938 -1.160222617
0 0.471872528 0.838884430 0.500000000 0.500000000 0.000000000 0.000000000 0.975094795 -0.001765321 0.221781403 -0.244318059 0.013727258 0.998531520 -0.052405879 0.138549695 -0.221363202 0.054145150 0.973687112 -1.162235929
0 0.471872528 0.838884430 0.500000000 0.500000000 0.000000000 0.000000000 0.973782420 -0.001829131 0.227474019 -0.257241813 0.014592485 0.998410404 -0.054439981 0.140795219 -0.227012843 0.056332108 0.972261190 -1.163740431
0 0.471872528 0.838884430 0.500000000 0.500000000 0.000000000 0.000000000 0.972403765 -0.001936375 0.233296424 -0.269646587 0.015602221 0.998266757 -0.056746002 0.143005600 -0.232782170 0.058819968 0.970748484 -1.164133477
0 0.471872528 0.838884430 0.500000000 0.500000000 0.000000000 0.000000000 0.970859826 -0.001926574 0.239640310 -0.282675931 0.016662117 0.998090446 -0.059479494 0.145596978 -0.239068121 0.061739165 0.969038010 -1.164486004
0 0.471872528 0.838884430 0.500000000 0.500000000 0.000000000 0.000000000 0.969225943 -0.002052297 0.246164396 -0.296527743 0.017951963 0.997892082 -0.062362947 0.148102931 -0.245517507 0.064862922 0.967219710 -1.164003593
0 0.471872528 0.838884430 0.500000000 0.500000000 0.000000000 0.000000000 0.967603445 -0.002211086 0.252465338 -0.310003188 0.019337030 0.997673452 -0.065373868 0.151990732 -0.251733392 0.068137906 0.965395033 -1.163570598
