0 0.467404212 0.830940834 0.500000000 0.500000000 0.000000000 0.000000000 0.949245274 -0.018100709 0.314015478 -1.806861601 0.014381336 0.999796331 0.014157284 0.053695421 -0.314207792 -0.008922773 0.949312329 -2.180234403
0 0.467404212 0.830940834 0.500000000 0.500000000 0.000000000 0.000000000 0.947497904 -0.018619712 0.319219351 -1.829896758 0.014663486 0.999783039 0.014792494 0.052321131 -0.319425523 -0.009334988 0.947565377 -2.180341211
0 0.467404212 0.830940834 0.500000000 0.500000000 0.000000000 0.000000000 0.946169853 -0.019024575 0.323110849 -1.849560109 0.015026152 0.999776602 0.014864966 0.052480970 -0.323321462 -0.009209671 0.946244359 -2.182800545
0 0.467404212 0.830940834 0.500000000 0.500000000 0.000000000 0.000000000 0.944677055 -0.019209987 0.327438891 -1.869613502 0.015265360 0.999776661 0.014612987 0.053905348 -0.327646494 -0.008806081 0.944759369 -2.183874030
0 0.467404212 0.830940834 0.500000000 0.500000000 0.000000000 0.000000000 0.942835689 -0.019410267 0.332692295 -1.891686858 0.015457117 0.999775052 0.014525070 0.054553599 -0.332899392 -0.008552290 0.942923546 -2.183572754
0 0.467404212 0.830940834 0.500000000 0.500000000 0.000000000 0.000000000 0.940910995 -0.019803297 0.338074416 -1.913912387 0.015778614 0.999768198 0.014648947 0.053942351 -0.338286132 -0.008449010 0.941005349 -2.183499530
0 0.467404212 0.830940834 0.500000000 0.500000000 0.000000000 0.000000000 0.939022303 -0.020189550 0.343263000 -1.935466556 0.016099636 0.999761462 0.014760742 0.053550430 -0.343479097 -0.008334258 0.939123333 -2.183436896
0 0.467404212 0.830940834 0.500000000 0.500000000 0.000000000 0.000000000 0.937021255 -0.020550078 0.348667264 -1.957219300 0.016319556 0.999753296 0.015066624 0.052811335 -0.348890871 -0.008427653 0.937125444 -2.183033678
0 0.467404212 0.830940834 0.500000000 0.500000000 0.000000000 0.000000000 0.934892952 -0.020920593 0.354312658 -1.979566650 0.016471064 0.999743104 0.015569691 0.051246083 -0.354547352 -0.008720088 0.934997380 -2.181903365
0 0.467404212 0.830940834 0.500000000 0.500000000 0.000000000 0.000000000 0.932808816 -0.021250298 0.359744549 -2.001576046 0.016649058 0.999735236 0.015884284 0.049965022 -0.359986842 -0.008827592 0.932915628 -2.181099885
0 0.467404212 0.830940834 0.500000000 0.500000000 0.000000000 0.000000000 0.930723429 -0.021517608 0.365090191 -2.023083457 0.016847650 0.999730468 0.015972234 0.049315586 -0.365335494 -0.008714822 0.930835128 -2.180197081
0 0.467404212 0.830940834 0.500000000 0.500000000 0.000000000 0.000000000 0.928323209 -0.021902962 0.371128440 -2.046423470 0.017228691 0.999725044 0.015905941 0.048903760 -0.371374756 -0.008371797 0.928445339 -2.177798698
0 0.467404212 0.830940834 0.500000000 0.500000000 0.000000000 0.000000000 0.925668418 -0.022499070 0.377666146 -2.071294122 0.017826423 0.999715209 0.015864024 0.047813313 -0.377915531 -0.007952390 0.925805926 -2.174574402
0 0.467404212 0.830940834 0.500000000 0.500000000 0.000000000 0.000000000 0.923101604 -0.023270307 0.383851379 -2.095722832 0.018677466 0.999702454 0.015688844 0.046988812 -0.384102255 -0.007313027 0.923261583 -2.172304732
0 0.467404212 0.830940834 0.500000000 0.500000000 0.000000000 0.000000000 0.920650601 -0.023775181 0.389662892 -2.119396309 0.019270426 0.999694705 0.015466169 0.046995299 -0.389911622 -0.006729969 0.920827687 -2.170590179
0 0.467404212 0.830940834 0.500000000 0.500000000 0.000000000 0.000000000 0.918236792 -0.024104463 0.395297527 -2.142630409 0.019526822 0.999687612 0.015600111 0.046514982 -0.395550072 -0.006605691 0.918420672 -2.168829194
0 0.467404212 0.830940834 0.500000000 0.500000000 0.000000000 0.000000000 0.915678918 -0.024416668 0.401168227 -2.166622579 0.019767381 0.999680936 0.015724834 0.046517510 -0.401424170 -0.006468853 0.915869415 -2.165645369
0 0.467404212 0.830940834 0.500000000 0.500000000 0.000000000 0.000000000 0.912889659 -0.024817865 0.407451302 -2.191522798 0.020122461 0.999672592 0.015805945 0.046600586 -0.407710165 -0.006230160 0.913090169 -2.161507956
0 0.467404212 0.830940834 0.500000000 0.500000000 0.000000000 0.000000000 0.910170972 -0.025321934 0.413458139 -2.215633265 0.020636050 0.999662280 0.015796157 0.047192420 -0.413718492 -0.005845061 0.910386086 -2.157494489
0 0.467404212 0.830940834 0.500000000 0.500000000 0.000000000 0.000000000 0.907294452 -0.025813516 0.419702798 -2.240340365 0.021121684 0.999651670 0.015822953 0.048084723 -0.419965059 -0.005491247 0.907523692 -2.152788097
0 0.467404212 0.830940834 0.500000000 0.500000000 0.000000000 0.000000000 0.904378772 -0.026325576 0.425917804 -2.265255419 0.021547953 0.999639273 0.016032597 0.048432442 -0.426186204 -0.005321884 0.904619813 -2.148549709
0 0.467404212 0.830940834 0.500000000 0.500000000 0.000000000 0.000000000 0.901499987 -0.026731355 0.431952834 -2.289619603 0.021891233 0.999629498 0.016174233 0.049576125 -0.432225138 -0.005125090 0.901751161 -2.144300933
0 0.467404212 0.830940834 0.500000000 0.500000000 0.000000000 0.000000000 0.898632646 -0.027143983 0.437861383 -2.313740236 0.022099890 0.999617755 0.016612392 0.050064126 -0.438144952 -0.005251748 0.898889005 -2.140354627
0 0.467404212 0.830940834 0.500000000 0.500000000 0.000000000 0.000000000 0.896119714 -0.027427357 0.442964077 -2.335754551 0.022031555 0.999607205 0.017323464 0.050100295 -0.443265229 -0.005764711 0.896371961 -2.137743617
0 0.467404212 0.830940834 0.500000000 0.500000000 0.000000000 0.000000000 0.893485010 -0.027539620 0.448247850 -2.357596131 0.021883668 0.999602139 0.017793579 0.050685603 -0.448559552 -0.006088988 0.893732190 -2.133653619
0 0.467404212 0.830940834 0.500000000 0.500000000 0.000000000 0.000000000 0.890643299 -0.027706522 0.453857750 -2.380436660 0.021983461 0.999598384 0.017882194 0.051785883 -0.454170942 -0.005949292 0.890894711 -2.128487519
0 0.467404212 0.830940834 0.500000000 0.500000000 0.000000000 0.000000000 0.887703240 -0.028117070 0.459556699 -2.403539147 0.022485446 0.999590039 0.017723905 0.052931932 -0.459866643 -0.005400230 0.887971580 -2.122919639
0 0.467404212 0.830940834 0.500000000 0.500000000 0.000000000 0.000000000 0.884574056 -0.028607797 0.465521574 -2.427527715 0.023183523 0.999580264 0.017374588 0.054230276 -0.465823203 -0.004576680 0.884865999 -2.116350004
0 0.467404212 0.830940834 0.500000000 0.500000000 0.000000000 0.000000000 0.881284356 -0.029059898 0.471692026 -2.452689112 0.023738889 0.999569714 0.017228790 0.054709990 -0.471989751 -0.003986018 0.881595016 -2.109667069
0 0.467404212 0.830940834 0.500000000 0.500000000 0.000000000 0.000000000 0.878272533 -0.029300265 0.477261841 -2.476862256 0.023824802 0.999562562 0.017522413 0.054073286 -0.477566481 -0.004018786 0.878586411 -2.104700782
0 0.467404212 0.830940834 0.500000000 0.500000000 0.000000000 0.000000000 0.875393748 -0.029484149 0.482510567 -2.500239443 0.023725338 0.999555826 0.018034922 0.052698627 -0.482827991 -0.004339932 0.875704467 -2.099752889
0 0.467404212 0.830940834 0.500000000 0.500000000 0.000000000 0.000000000 0.872093856 -0.029711481 0.488435805 -2.525665914 0.023789201 0.999548972 0.018327212 0.051993879 -0.488760054 -0.004363551 0.872407317 -2.092265383
0 0.467404212 0.830940834 0.500000000 0.500000000 0.000000000 0.000000000 0.868604064 -0.030007938 0.494597256 -2.552418341 0.023989255 0.999540746 0.018514039 0.050843454 -0.494925708 -0.004216350 0.868925095 -2.084680164
0 0.467404212 0.830940834 0.500000000 0.500000000 0.000000000 0.000000000 0.865387857 -0.030262338 0.500187993 -2.578052329 0.024295676 0.999534726 0.018439215 0.050421603 -0.500513256 -0.003804668 0.865720510 -2.078401348
0 0.467404212 0.830940834 0.500000000 0.500000000 0.000000000 0.000000000 0.862150609 -0.030594204 0.505727530 -2.603808866 0.024846336 0.999527216 0.018109469 0.051018450 -0.506042480 -0.003047613 0.862503171 -2.071871962
0 0.467404212 0.830940834 0.500000000 0.500000000 0.000000000 0.000000000 0.858711720 -0.031039087 0.511518121 -2.630208953 0.025416769 0.999515176 0.017982472 0.050952903 -0.511828303 -0.002440621 0.859084308 -2.064542638
0 0.467404212 0.830940834 0.500000000 0.500000000 0.000000000 0.000000000 0.855162740 -0.031269494 0.517415643 -2.657234179 0.025654903 0.999508739 0.018002968 0.050447703 -0.517724395 -0.002121220 0.855544865 -2.057508694
0 0.467404212 0.830940834 0.500000000 0.500000000 0.000000000 0.000000000 0.851985335 -0.031443868 0.522620559 -2.682218451 0.025797736 0.999503672 0.018079977 0.050937073 -0.522929668 -0.001921449 0.852373660 -2.050950846
0 0.467404212 0.830940834 0.500000000 0.500000000 0.000000000 0.000000000 0.848425806 -0.031682905 0.528365254 -2.708161569 0.025933804 0.999496341 0.018290453 0.050850807 -0.528678596 -0.001815572 0.848820150 -2.041790181
0 0.467404212 0.830940834 0.500000000 0.500000000 0.000000000 0.000000000 0.844275773 -0.032022096 0.534951448 -2.736321669 0.026168011 0.999485791 0.018529929 0.050224085 -0.535269737 -0.001645754 0.844679594 -2.030113626
0 0.467404212 0.830940834 0.500000000 0.500000000 0.000000000 0.000000000 0.840061247 -0.032399233 0.541523218 -2.764717126 0.026441723 0.999473929 0.018779475 0.049006147 -0.541846812 -0.001457101 0.840475976 -2.018651563
0 0.467404212 0.830940834 0.500000000 0.500000000 0.000000000 0.000000000 0.835955024 -0.032749914 0.547819912 -2.792983372 0.026880084 0.999463141 0.018732054 0.048293688 -0.548139274 -0.000933711 0.836386561 -2.007825660
0 0.467404212 0.830940834 0.500000000 0.500000000 0.000000000 0.000000000 0.832343161 -0.033074744 0.553272903 -2.819008557 0.027218806 0.999452710 0.018799504 0.047412032 -0.553591907 -0.000588211 0.832787871 -2.000097483
0 0.467404212 0.830940834 0.500000000 0.500000000 0.000000000 0.000000000 0.828876674 -0.033460353 0.558429778 -2.843466570 0.027425842 0.999439895 0.019176934 0.046470628 -0.558758676 -0.000579906 0.829330087 -1.991946402
0 0.467404212 0.830940834 0.500000000 0.500000000 0.000000000 0.000000000 0.825154305 -0.033796459 0.563895524 -2.868971202 0.027404780 0.999428332 0.019797934 0.044300284 -0.564242303 -0.000882917 0.825608790 -1.982604757
0 0.467404212 0.830940834 0.500000000 0.500000000 0.000000000 0.000000000 0.821547031 -0.034197289 0.569114268 -2.893522875 0.027537275 0.999414623 0.020301905 0.042257431 -0.569475412 -0.001007111 0.822007775 -1.973766498
0 0.467404212 0.830940834 0.500000000 0.500000000 0.000000000 0.000000000 0.817554474 -0.034579165 0.574812114 -2.919024463 0.027838573 0.999401629 0.020526581 0.041087321 -0.575177968 -0.000779651 0.818027973 -1.962536901
0 0.467404212 0.830940834 0.500000000 0.500000000 0.000000000 0.000000000 0.813357472 -0.034968439 0.580712378 -2.945327392 0.028240897 0.999388337 0.020624856 0.039912522 -0.581078410 -0.000375543 0.813847482 -1.950941430
0 0.467404212 0.830940834 0.500000000 0.500000000 0.000000000 0.000000000 0.809348285 -0.035374492 0.586262703 -2.971221157 0.028688755 0.999374151 0.020695766 0.038057856 -0.586627901 0.000069063 0.809856594 -1.940833676
0 0.467404212 0.830940834 0.500000000 0.500000000 0.000000000 0.000000000 0.805935025 -0.035720207 0.590925395 -2.994805338 0.029064713 0.999361753 0.020769354 0.036703376 -0.591290116 0.000436327 0.806458831 -1.933677115
0 0.467404212 0.830940834 0.500000000 0.500000000 0.000000000 0.000000000 0.802534044 -0.035967227 0.595521152 -3.018116542 0.029279597 0.999352753 0.020899465 0.035467530 -0.595887423 0.000664088 0.803067744 -1.926322423
0 0.467404212 0.830940834 0.500000000 0.500000000 0.000000000 0.000000000 0.799006283 -0.036247563 0.600229204 -3.041747086 0.029507946 0.999342442 0.021069773 0.033911937 -0.600598216 0.000876651 0.799550474 -1.918499437
0 0.467404212 0.830940834 0.500000000 0.500000000 0.000000000 0.000000000 0.795608282 -0.036535520 0.604708731 -3.064693262 0.029817237 0.999331653 0.021147799 0.032833247 -0.605077207 0.001205380 0.796165884 -1.911418235
0 0.467404212 0.830940834 0.500000000 0.500000000 0.000000000 0.000000000 0.792290151 -0.036803804 0.609033465 -3.087449726 0.030097481 0.999321401 0.021235105 0.031935094 -0.609401703 0.001506009 0.792860210 -1.905343300
0 0.467404212 0.830940834 0.500000000 0.500000000 0.000000000 0.000000000 0.789088070 -0.037010040 0.613164186 -3.109859989 0.030215271 0.999313593 0.021433288 0.031293124 -0.613536537 0.001614170 0.789664686 -1.899250288
0 0.467404212 0.830940834 0.500000000 0.500000000 0.000000000 0.000000000 0.785843015 -0.037297681 0.617300272 -3.132223731 0.030430852 0.999302626 0.021639060 0.030373227 -0.617676854 0.001780068 0.786430001 -1.893227341
0 0.467404212 0.830940834 0.500000000 0.500000000 0.000000000 0.000000000 0.782817364 -0.037564114 0.621116638 -3.153935332 0.030807612 0.999291778 0.021607498 0.030255145 -0.621488452 0.002220398 0.783420205 -1.887780754
0 0.467404212 0.830940834 0.500000000 0.500000000 0.000000000 0.000000000 0.780027747 -0.037794407 0.624602497 -3.174404641 0.031203775 0.999281824 0.021497602 0.030687142 -0.624966383 0.002721228 0.780646920 -1.883413357
0 0.467404212 0.830940834 0.500000000 0.500000000 0.000000000 0.000000000 0.777080297 -0.038074344 0.628248811 -3.194998017 0.031531721 0.999270260 0.021558145 0.030967099 -0.628611147 0.003057355 0.777713776 -1.877474994
0 0.467404212 0.830940834 0.500000000 0.500000000 0.000000000 0.000000000 0.773855150 -0.038390208 0.632198095 -3.216450821 0.031883389 0.999257028 0.021652330 0.031233166 -0.632559597 0.003400850 0.774504185 -1.869995883
0 0.467404212 0.830940834 0.500000000 0.500000000 0.000000000 0.000000000 0.770734847 -0.038739759 0.635977268 -3.237696067 0.032208428 0.999242663 0.021834528 0.031367483 -0.636341453 0.003655197 0.771398842 -1.863091611
0 0.467404212 0.830940834 0.500000000 0.500000000 0.000000000 0.000000000 0.767561793 -0.039025880 0.639785767 -3.258909115 0.032377254 0.999231160 0.022107918 0.031440230 -0.640156686 0.003745314 0.768235266 -1.855431500
0 0.467404212 0.830940834 0.500000000 0.500000000 0.000000000 0.000000000 0.764422357 -0.039272554 0.643518567 -3.280211876 0.032481723 0.999221385 0.022395970 0.031136362 -0.643897057 0.003782610 0.765102804 -1.848112184
0 0.467404212 0.830940834 0.500000000 0.500000000 0.000000000 0.000000000 0.761857390 -0.039542805 0.646536708 -3.299555103 0.032702588 0.999210119 0.022577003 0.031181437 -0.646918774 0.003942966 0.762548745 -1.843090603
0 0.467404212 0.830940834 0.500000000 0.500000000 0.000000000 0.000000000 0.759351075 -0.039687321 0.649469674 -3.317754726 0.032787152 0.999203980 0.022724340 0.031851096 -0.649854600 0.004038509 0.760047853 -1.837456795
0 0.467404212 0.830940834 0.500000000 0.500000000 0.000000000 0.000000000 0.755789518 -0.039893154 0.653598309 -3.338868348 0.032866947 0.999195516 0.022981342 0.031814097 -0.653989315 0.004112724 0.756492615 -1.826305954
0 0.467404212 0.830940834 0.500000000 0.500000000 0.000000000 0.000000000 0.751994252 -0.040288869 0.657937288 -3.361417374 0.033053555 0.999179482 0.023406075 0.030151807 -0.658340454 0.004145932 0.752708912 -1.814559600
0 0.467404212 0.830940834 0.500000000 0.500000000 0.000000000 0.000000000 0.748919368 -0.040649146 0.661413252 -3.382132263 0.033249039 0.999164641 0.023758732 0.028372200 -0.661826491 0.004197981 0.749645293 -1.806678762
0 0.467404212 0.830940834 0.500000000 0.500000000 0.000000000 0.000000000 0.745836854 -0.040877912 0.664873183 -3.402295914 0.033450875 0.999154389 0.023905987 0.027781028 -0.665288210 0.004410624 0.746573627 -1.798043089
0 0.467404212 0.830940834 0.500000000 0.500000000 0.000000000 0.000000000 0.742228746 -0.041106403 0.668884695 -3.424177653 0.033490263 0.999145031 0.024240086 0.026245018 -0.669309258 0.004409438 0.742970824 -1.787029516
0 0.467404212 0.830940834 0.500000000 0.500000000 0.000000000 0.000000000 0.738613665 -0.041329511 0.672860861 -3.446391161 0.033460435 0.999136269 0.024640279 0.024023138 -0.673298061 0.004314569 0.739358604 -1.776310945
0 0.467404212 0.830940834 0.500000000 0.500000000 0.000000000 0.000000000 0.734992445 -0.041578639 0.676799357 -3.469087971 0.033699546 0.999124706 0.024783321 0.022346964 -0.677237391 0.004592276 0.735750258 -1.765782166
0 0.467404212 0.830940834 0.500000000 0.500000000 0.000000000 0.000000000 0.731970131 -0.041696485 0.680059671 -3.490308178 0.033921182 0.999118030 0.024748445 0.021946094 -0.680491805 0.004953305 0.732738912 -1.757933338
0 0.467404212 0.830940834 0.500000000 0.500000000 0.000000000 0.000000000 0.728768587 -0.041663136 0.683491468 -3.511459795 0.033986297 0.999117911 0.024664888 0.022580718 -0.683916152 0.005254348 0.729541719 -1.748315780
0 0.467404212 0.830940834 0.500000000 0.500000000 0.000000000 0.000000000 0.724992096 -0.041817352 0.687486529 -3.534953877 0.034077130 0.999110579 0.024836134 0.022138253 -0.687913656 0.005421567 0.725772321 -1.736439540
0 0.467404212 0.830940834 0.500000000 0.500000000 0.000000000 0.000000000 0.721569777 -0.042004999 0.691066325 -3.557415278 0.034039237 0.999103069 0.025186643 0.021317509 -0.691504419 0.005349448 0.722352386 -1.725969801
0 0.467404212 0.830940834 0.500000000 0.500000000 0.000000000 0.000000000 0.717971623 -0.042130750 0.694796205 -3.580708809 0.034023460 0.999097586 0.025424510 0.020828836 -0.695240378 0.005385293 0.718757153 -1.714272760
0 0.467404212 0.830940834 0.500000000 0.500000000 0.000000000 0.000000000 0.714945138 -0.042257462 0.697902381 -3.603002780 0.034196515 0.999090731 0.025462592 0.020737642 -0.698343754 0.005661474 0.715740144 -1.705405106
0 0.467404212 0.830940834 0.500000000 0.500000000 0.000000000 0.000000000 0.712231874 -0.042304885 0.700668275 -3.623104196 0.034676649 0.999083996 0.025073661 0.022491793 -0.701087236 0.006438567 0.713046491 -1.697158682
0 0.467404212 0.830940834 0.500000000 0.500000000 0.000000000 0.000000000 0.708413959 -0.042352162 0.704525352 -3.645925965 0.035082836 0.999077082 0.024782509 0.024486962 -0.704924703 0.007160471 0.709245980 -1.683020144
0 0.467404212 0.830940834 0.500000000 0.500000000 0.000000000 0.000000000 0.704147577 -0.042512707 0.708779871 -3.670771846 0.035125770 0.999069452 0.025028115 0.024594979 -0.709184289 0.007272949 0.704985619 -1.667521618
