0 0.206972942 0.367951876 0.500000000 0.500000000 0.000000000 0.000000000 0.998809636 0.019377518 -0.044764746 1.427794692 -0.014241422 0.993568897 0.112330131 7.989405731 0.046653535 -0.111558907 0.992662132 0.513920345
0 0.206972942 0.367951876 0.500000000 0.500000000 0.000000000 0.000000000 0.998805106 0.019653799 -0.044745281 1.424008945 -0.014543889 0.993625581 0.111788489 8.055264227 0.046657123 -0.111004137 0.992724121 0.540199036
0 0.206972942 0.367951876 0.500000000 0.500000000 0.000000000 0.000000000 0.998805583 0.019829744 -0.044656862 1.419046933 -0.014752739 0.993679881 0.111277416 8.120104663 0.046581227 -0.110485688 0.992785513 0.566521771
0 0.206972942 0.367951876 0.500000000 0.500000000 0.000000000 0.000000000 0.998800337 0.020094154 -0.044654921 1.413824931 -0.015039844 0.993732274 0.110769644 8.182779129 0.046600860 -0.109965160 0.992842376 0.593557046
0 0.206972942 0.367951876 0.500000000 0.500000000 0.000000000 0.000000000 0.998801053 0.020261839 -0.044563431 1.407747941 -0.015238406 0.993780673 0.110307634 8.244489763 0.046521313 -0.109496303 0.992897928 0.620390195
0 0.206972942 0.367951876 0.500000000 0.500000000 0.000000000 0.000000000 0.998798430 0.020538861 -0.044496130 1.402121160 -0.015544282 0.993830025 0.109819263 8.305333901 0.046477154 -0.108995639 0.992955089 0.647969958
0 0.206972942 0.367951876 0.500000000 0.500000000 0.000000000 0.000000000 0.998799682 0.020676754 -0.044404086 1.394430843 -0.015707115 0.993864238 0.109485999 8.365938411 0.046395447 -0.108657122 0.992996037 0.674699281
0 0.206972942 0.367951876 0.500000000 0.500000000 0.000000000 0.000000000 0.998797536 0.020888750 -0.044351991 1.386649601 -0.015941316 0.993901908 0.109109424 8.426364564 0.046360686 -0.108271196 0.993039787 0.702077616
0 0.206972942 0.367951876 0.500000000 0.500000000 0.000000000 0.000000000 0.998798370 0.021021750 -0.044270460 1.378527392 -0.016095305 0.993929505 0.108834967 8.486160453 0.046289615 -0.107991643 0.993073523 0.728624637
0 0.206972942 0.367951876 0.500000000 0.500000000 0.000000000 0.000000000 0.998798788 0.021176467 -0.044187527 1.369797463 -0.016278144 0.993973255 0.108407348 8.545584772 0.046216905 -0.107557841 0.993124008 0.756713931
0 0.206972942 0.367951876 0.500000000 0.500000000 0.000000000 0.000000000 0.998799682 0.021259816 -0.044126902 1.360106039 -0.016379667 0.993999839 0.108148269 8.605735129 0.046161346 -0.107295677 0.993154943 0.783815684
0 0.206972942 0.367951876 0.500000000 0.500000000 0.000000000 0.000000000 0.998800099 0.021468386 -0.044016507 1.351529686 -0.016619908 0.994044542 0.107699759 8.666342022 0.046066508 -0.106838979 0.993208587 0.812296651
0 0.206972942 0.367951876 0.500000000 0.500000000 0.000000000 0.000000000 0.998799443 0.021687092 -0.043924935 1.344568060 -0.016860345 0.994070768 0.107419699 8.727082241 0.045994114 -0.106550142 0.993242979 0.839824623
0 0.206972942 0.367951876 0.500000000 0.500000000 0.000000000 0.000000000 0.998798728 0.021967540 -0.043801185 1.337603685 -0.017164784 0.994093895 0.107157625 8.787607965 0.045896478 -0.106277063 0.993276775 0.867105145
0 0.206972942 0.367951876 0.500000000 0.500000000 0.000000000 0.000000000 0.998797834 0.022145826 -0.043731611 1.330492840 -0.017359493 0.994113445 0.106944136 8.849441111 0.045842551 -0.106056415 0.993302822 0.894170188
0 0.206972942 0.367951876 0.500000000 0.500000000 0.000000000 0.000000000 0.998795152 0.022348356 -0.043690320 1.324427125 -0.017577179 0.994136930 0.106690146 8.911105698 0.045818511 -0.105793647 0.993331969 0.921450402
0 0.206972942 0.367951876 0.500000000 0.500000000 0.000000000 0.000000000 0.998795927 0.022564696 -0.043561164 1.319161438 -0.017813625 0.994150043 0.106528819 8.973694022 0.045710124 -0.105624571 0.993354917 0.947887324
0 0.206972942 0.367951876 0.500000000 0.500000000 0.000000000 0.000000000 0.998794913 0.022873165 -0.043422867 1.315083967 -0.018141931 0.994159579 0.106384203 9.035625194 0.045602605 -0.105468228 0.993376493 0.974033271
0 0.206972942 0.367951876 0.500000000 0.500000000 0.000000000 0.000000000 0.998792529 0.023145270 -0.043334015 1.310677302 -0.018428419 0.994168878 0.106247745 9.096865325 0.045540463 -0.105320878 0.993394971 1.000100912
0 0.206972942 0.367951876 0.500000000 0.500000000 0.000000000 0.000000000 0.998790979 0.023475753 -0.043190978 1.306050973 -0.018779282 0.994178236 0.106098659 9.156640835 0.045430280 -0.105159290 0.993417144 1.025940467
0 0.206972942 0.367951876 0.500000000 0.500000000 0.000000000 0.000000000 0.998788297 0.023747472 -0.043104105 1.302010082 -0.019065661 0.994188607 0.105950594 9.217261286 0.045369666 -0.105000407 0.993436694 1.051736258
0 0.206972942 0.367951876 0.500000000 0.500000000 0.000000000 0.000000000 0.998787820 0.024006709 -0.042971186 1.297263478 -0.019347630 0.994206369 0.105732381 9.276941477 0.045260515 -0.104772829 0.993465722 1.077524556
0 0.206972942 0.367951876 0.500000000 0.500000000 0.000000000 0.000000000 0.998785079 0.024284173 -0.042878922 1.292460204 -0.019637618 0.994210303 0.105641983 9.335149326 0.045196094 -0.104671597 0.993479311 1.102193302
0 0.206972942 0.367951876 0.500000000 0.500000000 0.000000000 0.000000000 0.998782694 0.024570003 -0.042772412 1.286735387 -0.019940628 0.994221389 0.105480798 9.391860071 0.045116909 -0.104499482 0.993501067 1.127118112
0 0.206972942 0.367951876 0.500000000 0.500000000 0.000000000 0.000000000 0.998778641 0.024856044 -0.042701468 1.280531898 -0.020238446 0.994228601 0.105356157 9.447800507 0.045073759 -0.104363263 0.993517339 1.151518993
0 0.206972942 0.367951876 0.500000000 0.500000000 0.000000000 0.000000000 0.998777270 0.025091819 -0.042595208 1.273178973 -0.020491926 0.994241297 0.105186827 9.501588323 0.044989247 -0.104185358 0.993539810 1.176520585
0 0.206972942 0.367951876 0.500000000 0.500000000 0.000000000 0.000000000 0.998775721 0.025290525 -0.042514373 1.265566592 -0.020701820 0.994245529 0.105106018 9.554368359 0.044927910 -0.104097210 0.993551850 1.200267311
0 0.206972942 0.367951876 0.500000000 0.500000000 0.000000000 0.000000000 0.998772144 0.025567340 -0.042433143 1.260107355 -0.020992568 0.994255126 0.104957312 9.605134952 0.044872850 -0.103937656 0.993571043 1.224555479
0 0.206972942 0.367951876 0.500000000 0.500000000 0.000000000 0.000000000 0.998772562 0.025792278 -0.042286847 1.254624401 -0.021239744 0.994268656 0.104779162 9.656403681 0.044746980 -0.103752382 0.993596077 1.248889471
0 0.206972942 0.367951876 0.500000000 0.500000000 0.000000000 0.000000000 0.998766780 0.026141560 -0.042208847 1.249302605 -0.021597024 0.994264424 0.104746602 9.705370255 0.044704992 -0.103705838 0.993602812 1.272483781
0 0.206972942 0.367951876 0.500000000 0.500000000 0.000000000 0.000000000 0.998761833 0.026473453 -0.042117961 1.243824763 -0.021939890 0.994264007 0.104679234 9.755926267 0.044647593 -0.103625558 0.993613780 1.296333047
0 0.206972942 0.367951876 0.500000000 0.500000000 0.000000000 0.000000000 0.998756707 0.026802961 -0.042031646 1.237699109 -0.022284100 0.994273305 0.104518242 9.804962920 0.044592340 -0.103451662 0.993634403 1.320983084
0 0.206972942 0.367951876 0.500000000 0.500000000 0.000000000 0.000000000 0.998754203 0.027029123 -0.041946173 1.231040782 -0.022519929 0.994272232 0.104477510 9.853227231 0.044529852 -0.103402726 0.993642271 1.344661022
0 0.206972942 0.367951876 0.500000000 0.500000000 0.000000000 0.000000000 0.998749673 0.027278092 -0.041892011 1.225434455 -0.022778017 0.994277239 0.104374230 9.901106165 0.044499405 -0.103289515 0.993655384 1.369072858
0 0.206972942 0.367951876 0.500000000 0.500000000 0.000000000 0.000000000 0.998747110 0.027476363 -0.041823696 1.218263079 -0.022988327 0.994286120 0.104243308 9.948459085 0.044448946 -0.103151247 0.993672013 1.393606026
0 0.206972942 0.367951876 0.500000000 0.500000000 0.000000000 0.000000000 0.998741567 0.027696475 -0.041811582 1.211706842 -0.023213783 0.994292736 0.104129873 9.994521339 0.044456981 -0.103028223 0.993684411 1.418481226
0 0.206972942 0.367951876 0.500000000 0.500000000 0.000000000 0.000000000 0.998737752 0.027928893 -0.041747533 1.206273537 -0.023456642 0.994298458 0.104020998 10.040090926 0.044414699 -0.102910437 0.993698537 1.443090410
0 0.206972942 0.367951876 0.500000000 0.500000000 0.000000000 0.000000000 0.998730838 0.028255410 -0.041692942 1.203663215 -0.023793507 0.994304895 0.103882872 10.084088798 0.044390749 -0.102759004 0.993715286 1.467952818
0 0.206972942 0.367951876 0.500000000 0.500000000 0.000000000 0.000000000 0.998725653 0.028509522 -0.041644376 1.200863936 -0.024053084 0.994302392 0.103847250 10.128115581 0.044367738 -0.102713242 0.993721008 1.491860817
0 0.206972942 0.367951876 0.500000000 0.500000000 0.000000000 0.000000000 0.998723328 0.028733110 -0.041546382 1.196609850 -0.024289500 0.994305372 0.103763424 10.171375067 0.044291239 -0.102621809 0.993733883 1.516376959
0 0.206972942 0.367951876 0.500000000 0.500000000 0.000000000 0.000000000 0.998720884 0.028872708 -0.041508161 1.192226988 -0.024434334 0.994306326 0.103720218 10.215203118 0.044266511 -0.102573328 0.993740022 1.540450309
0 0.206972942 0.367951876 0.500000000 0.500000000 0.000000000 0.000000000 0.998714507 0.029120440 -0.041489352 1.188349180 -0.024687517 0.994310856 0.103616692 10.257638989 0.044270676 -0.102459222 0.993751585 1.565268865
0 0.206972942 0.367951876 0.500000000 0.500000000 0.000000000 0.000000000 0.998709857 0.029300585 -0.041473407 1.184830391 -0.024873858 0.994318724 0.103496507 10.301378603 0.044270296 -0.102331378 0.993764758 1.590381764
0 0.206972942 0.367951876 0.500000000 0.500000000 0.000000000 0.000000000 0.998704314 0.029573372 -0.041413762 1.182575867 -0.025154918 0.994319499 0.103421085 10.344864080 0.044237025 -0.102245323 0.993775129 1.615003433
0 0.206972942 0.367951876 0.500000000 0.500000000 0.000000000 0.000000000 0.998700500 0.029800268 -0.041342679 1.181970509 -0.025390064 0.994318128 0.103376828 10.389026607 0.044188436 -0.102192797 0.993782699 1.639482429
0 0.206972942 0.367951876 0.500000000 0.500000000 0.000000000 0.000000000 0.998696804 0.030035371 -0.041262418 1.181451843 -0.025637291 0.994323373 0.103265636 10.432378412 0.044129808 -0.102073207 0.993797600 1.664770777
0 0.206972942 0.367951876 0.500000000 0.500000000 0.000000000 0.000000000 0.998695910 0.030140059 -0.041207064 1.178833708 -0.025747946 0.994322300 0.103248417 10.475792971 0.044085015 -0.102052778 0.993801653 1.689141335
0 0.206972942 0.367951876 0.500000000 0.500000000 0.000000000 0.000000000 0.998694122 0.030296383 -0.041136488 1.176304830 -0.025916193 0.994330525 0.103126690 10.518321736 0.044027630 -0.101925917 0.993817210 1.714867495
0 0.206972942 0.367951876 0.500000000 0.500000000 0.000000000 0.000000000 0.998690307 0.030443499 -0.041119508 1.176614524 -0.026068201 0.994335473 0.103040889 10.559588049 0.044023510 -0.101834029 0.993826807 1.739856443
0 0.206972942 0.367951876 0.500000000 0.500000000 0.000000000 0.000000000 0.998685658 0.030653065 -0.041077845 1.177689996 -0.026284134 0.994336903 0.102972440 10.600312012 0.044001639 -0.101757400 0.993835628 1.764838308
0 0.206972942 0.367951876 0.500000000 0.500000000 0.000000000 0.000000000 0.998678386 0.030889221 -0.041076776 1.177297847 -0.026522426 0.994337678 0.102903448 10.641581844 0.044022795 -0.101677991 0.993842840 1.790030272
0 0.206972942 0.367951876 0.500000000 0.500000000 0.000000000 0.000000000 0.998673201 0.031102134 -0.041043002 1.176101763 -0.026742032 0.994341552 0.102809101 10.682205024 0.044008348 -0.101575114 0.993853986 1.815696486
0 0.206972942 0.367951876 0.500000000 0.500000000 0.000000000 0.000000000 0.998666465 0.031311411 -0.041048042 1.176724588 -0.026951669 0.994340062 0.102768898 10.722001766 0.044033550 -0.101525530 0.993857920 1.840632784
0 0.206972942 0.367951876 0.500000000 0.500000000 0.000000000 0.000000000 0.998660982 0.031528018 -0.041015614 1.176950511 -0.027172985 0.994339526 0.102715872 10.761910170 0.044021871 -0.101463817 0.993864775 1.865820426
0 0.206972942 0.367951876 0.500000000 0.500000000 0.000000000 0.000000000 0.998654842 0.031766661 -0.040980123 1.176753300 -0.027415570 0.994336069 0.102685027 10.801734817 0.044009972 -0.101423413 0.993869424 1.890834773
0 0.206972942 0.367951876 0.500000000 0.500000000 0.000000000 0.000000000 0.998647988 0.032000646 -0.040964797 1.177116875 -0.027652193 0.994334400 0.102637716 10.840775614 0.044017181 -0.101366185 0.993874907 1.915661133
0 0.206972942 0.367951876 0.500000000 0.500000000 0.000000000 0.000000000 0.998642445 0.032207601 -0.040938180 1.177512137 -0.027862575 0.994332254 0.102601238 10.879684462 0.044010691 -0.101321310 0.993879795 1.940519641
0 0.206972942 0.367951876 0.500000000 0.500000000 0.000000000 0.000000000 0.998637438 0.032403886 -0.040904798 1.178552077 -0.028065395 0.994335890 0.102511026 10.918077465 0.043994863 -0.101223342 0.993890464 1.965850861
0 0.206972942 0.367951876 0.500000000 0.500000000 0.000000000 0.000000000 0.998632967 0.032604542 -0.040855814 1.179770077 -0.028272701 0.994335949 0.102453396 10.955524962 0.043964852 -0.101158231 0.993898451 1.990728441
0 0.206972942 0.367951876 0.500000000 0.500000000 0.000000000 0.000000000 0.998630345 0.032735344 -0.040815279 1.179937872 -0.028413102 0.994346023 0.102316439 10.992739281 0.043933876 -0.101016603 0.993914187 2.016831526
0 0.206972942 0.367951876 0.500000000 0.500000000 0.000000000 0.000000000 0.998626828 0.032818057 -0.040834635 1.179648856 -0.028494470 0.994345963 0.102294520 11.030011042 0.043960862 -0.100990489 0.993915677 2.041128322
0 0.206972942 0.367951876 0.500000000 0.500000000 0.000000000 0.000000000 0.998620808 0.033005808 -0.040830091 1.180049708 -0.028683046 0.994343281 0.102268107 11.066893284 0.043974567 -0.100955933 0.993918598 2.066148239
0 0.206972942 0.367951876 0.500000000 0.500000000 0.000000000 0.000000000 0.998618126 0.033084568 -0.040831257 1.180265384 -0.028762870 0.994344473 0.102233760 11.104311964 0.043982692 -0.100918069 0.993922055 2.090850526
0 0.206972942 0.367951876 0.500000000 0.500000000 0.000000000 0.000000000 0.998615682 0.033179365 -0.040815338 1.182784340 -0.028859528 0.994343221 0.102218963 11.141472517 0.043976016 -0.100899547 0.993924260 2.115374028
0 0.206972942 0.367951876 0.500000000 0.500000000 0.000000000 0.000000000 0.998611212 0.033344492 -0.040789355 1.185883162 -0.029027805 0.994341195 0.102191113 11.177926514 0.043966047 -0.100865163 0.993928194 2.140145982
0 0.206972942 0.367951876 0.500000000 0.500000000 0.000000000 0.000000000 0.998604834 0.033546593 -0.040779442 1.188519928 -0.029233275 0.994342685 0.102118023 11.213379645 0.043974452 -0.100783437 0.993936062 2.165551998
0 0.206972942 0.367951876 0.500000000 0.500000000 0.000000000 0.000000000 0.998598456 0.033790059 -0.040734854 1.190797736 -0.029482201 0.994339943 0.102072954 11.249099638 0.043953344 -0.100728944 0.993942559 2.190378638
0 0.206972942 0.367951876 0.500000000 0.500000000 0.000000000 0.000000000 0.998592079 0.034012798 -0.040706564 1.193653566 -0.029710539 0.994341731 0.101989336 11.284654355 0.043945175 -0.100636326 0.993952274 2.215932253
0 0.206972942 0.367951876 0.500000000 0.500000000 0.000000000 0.000000000 0.998590767 0.034061417 -0.040697906 1.195375985 -0.029761076 0.994343102 0.101961024 11.320318171 0.043940619 -0.100606121 0.993955553 2.240502162
0 0.206972942 0.367951876 0.500000000 0.500000000 0.000000000 0.000000000 0.998590708 0.034118429 -0.040650979 1.194810641 -0.029825129 0.994347095 0.101903215 11.356554008 0.043897964 -0.100547187 0.993963420 2.266231388
0 0.206972942 0.367951876 0.500000000 0.500000000 0.000000000 0.000000000 0.998585820 0.034238219 -0.040670104 1.193918618 -0.029946607 0.994353056 0.101809897 11.393158284 0.043926232 -0.100447990 0.993972182 2.292161338
0 0.206972942 0.367951876 0.500000000 0.500000000 0.000000000 0.000000000 0.998580813 0.034360733 -0.040690500 1.194599970 -0.030072002 0.994361877 0.101686589 11.428864662 0.043955106 -0.100318626 0.993983984 2.318240047
0 0.206972942 0.367951876 0.500000000 0.500000000 0.000000000 0.000000000 0.998578131 0.034453571 -0.040677078 1.195633954 -0.030170482 0.994369686 0.101580620 11.465228326 0.043947868 -0.100208938 0.993995368 2.344470240
0 0.206972942 0.367951876 0.500000000 0.500000000 0.000000000 0.000000000 0.998572707 0.034617089 -0.040671632 1.197619181 -0.030335264 0.994367957 0.101548836 11.500662688 0.043957893 -0.100170113 0.993998826 2.369825170
0 0.206972942 0.367951876 0.500000000 0.500000000 0.000000000 0.000000000 0.998565435 0.034824491 -0.040673710 1.198930708 -0.030543908 0.994366944 0.101496287 11.536746055 0.043979149 -0.100108348 0.994004130 2.395455306
0 0.206972942 0.367951876 0.500000000 0.500000000 0.000000000 0.000000000 0.998559296 0.035001475 -0.040671896 1.197688333 -0.030721713 0.994364619 0.101465046 11.571995519 0.043994121 -0.100069359 0.994007349 2.421100835
0 0.206972942 0.367951876 0.500000000 0.500000000 0.000000000 0.000000000 0.998554051 0.035120826 -0.040697824 1.197328079 -0.030837648 0.994360328 0.101472177 11.607713773 0.044032089 -0.100070432 0.994005561 2.446491815
0 0.206972942 0.367951876 0.500000000 0.500000000 0.000000000 0.000000000 0.998548865 0.035296906 -0.040672544 1.198332365 -0.031018600 0.994361758 0.101402692 11.642835656 0.044022422 -0.099993937 0.994013727 2.472680520
0 0.206972942 0.367951876 0.500000000 0.500000000 0.000000000 0.000000000 0.998541355 0.035440974 -0.040731378 1.198781554 -0.031158675 0.994363129 0.101346277 11.677889148 0.044093594 -0.099929318 0.994017065 2.498620679
0 0.206972942 0.367951876 0.500000000 0.500000000 0.000000000 0.000000000 0.998535752 0.035594016 -0.040735807 1.199948251 -0.031313445 0.994364738 0.101282887 11.712762135 0.044111315 -0.099859007 0.994023323 2.524391356
0 0.206972942 0.367951876 0.500000000 0.500000000 0.000000000 0.000000000 0.998533964 0.035694137 -0.040692434 1.202441794 -0.031421348 0.994370222 0.101195775 11.748387416 0.044075441 -0.099768810 0.994033992 2.550873943
