0 0.489628702 0.870451105 0.500000000 0.500000000 0.000000000 0.000000000 0.987862885 -0.000699575 0.155326679 -0.933934732 0.003838476 0.999794424 -0.019909374 0.178172524 -0.155280814 0.020263951 0.987662494 -2.219378781
0 0.489628702 0.870451105 0.500000000 0.500000000 0.000000000 0.000000000 0.987521589 -0.000930398 0.157480851 -0.949898716 0.004077100 0.999798417 -0.019659620 0.180566424 -0.157430813 0.020056365 0.987326324 -2.241283561
0 0.489628702 0.870451105 0.500000000 0.500000000 0.000000000 0.000000000 0.987225056 -0.001011087 0.159328669 -0.964151003 0.004160980 0.999802411 -0.019437412 0.182495440 -0.159277529 0.019852063 0.987034202 -2.263682146
0 0.489628702 0.870451105 0.500000000 0.500000000 0.000000000 0.000000000 0.986987233 -0.001397774 0.160792664 -0.976718432 0.004584346 0.999800324 -0.019448623 0.185672034 -0.160733372 0.019932672 0.986796558 -2.286249336
0 0.489628702 0.870451105 0.500000000 0.500000000 0.000000000 0.000000000 0.986690938 -0.001399401 0.162600830 -0.991986656 0.004630930 0.999799192 -0.019496681 0.189690601 -0.162540898 0.019990193 0.986499310 -2.310319265
0 0.489628702 0.870451105 0.500000000 0.500000000 0.000000000 0.000000000 0.986398160 -0.001806184 0.164363548 -1.007191234 0.005061422 0.999799192 -0.019388461 0.192747968 -0.164295524 0.019956658 0.986209273 -2.334767641
0 0.489628702 0.870451105 0.500000000 0.500000000 0.000000000 0.000000000 0.986078143 -0.002184220 0.166268393 -1.022670930 0.005513680 0.999793351 -0.019565661 0.196799793 -0.166191295 0.020210020 0.985886395 -2.357574670
0 0.489628702 0.870451105 0.500000000 0.500000000 0.000000000 0.000000000 0.985733628 -0.002427490 0.168295264 -1.038580310 0.005805477 0.999791384 -0.019582672 0.199894268 -0.168212622 0.020280333 0.985542119 -2.379162687
0 0.489628702 0.870451105 0.500000000 0.500000000 0.000000000 0.000000000 0.985409021 -0.002630207 0.170182526 -1.054409384 0.006056575 0.999789238 -0.019617472 0.203436756 -0.170095056 0.020361958 0.985217273 -2.401916534
0 0.489628702 0.870451105 0.500000000 0.500000000 0.000000000 0.000000000 0.985125184 -0.002540875 0.171819434 -1.067967374 0.006019389 0.999787271 -0.019727210 0.207052701 -0.171732754 0.020468019 0.984930933 -2.423611488
0 0.489628702 0.870451105 0.500000000 0.500000000 0.000000000 0.000000000 0.984840274 -0.002575828 0.173444569 -1.081386141 0.006052560 0.999791145 -0.019519296 0.208806365 -0.173358068 0.020273171 0.984650195 -2.446257038
0 0.489628702 0.870451105 0.500000000 0.500000000 0.000000000 0.000000000 0.984525442 -0.002537697 0.175223216 -1.095402946 0.006008779 0.999796033 -0.019281782 0.211067670 -0.175138548 0.020036284 0.984339893 -2.468196966
0 0.489628702 0.870451105 0.500000000 0.500000000 0.000000000 0.000000000 0.984165013 -0.002499953 0.177237004 -1.111103817 0.005979573 0.999799669 -0.019101175 0.213604944 -0.177153736 0.019858511 0.983982801 -2.489217439
0 0.489628702 0.870451105 0.500000000 0.500000000 0.000000000 0.000000000 0.983842552 -0.002516834 0.179018214 -1.125584425 0.005973333 0.999805927 -0.018771688 0.214928797 -0.178936228 0.019537721 0.983666658 -2.511520066
0 0.489628702 0.870451105 0.500000000 0.500000000 0.000000000 0.000000000 0.983511627 -0.002216781 0.180831239 -1.139650224 0.005637294 0.999814749 -0.018403759 0.217131616 -0.180756941 0.019119710 0.983341932 -2.532088840
0 0.489628702 0.870451105 0.500000000 0.500000000 0.000000000 0.000000000 0.983209550 -0.002321190 0.182465285 -1.155092191 0.005706254 0.999821186 -0.018029010 0.217443174 -0.182390809 0.018767487 0.983047009 -2.556745131
0 0.489628702 0.870451105 0.500000000 0.500000000 0.000000000 0.000000000 0.982890010 -0.001743355 0.184185147 -1.169092259 0.005080247 0.999831378 -0.017646719 0.219388038 -0.184123322 0.018280489 0.982733130 -2.577534929
0 0.489628702 0.870451105 0.500000000 0.500000000 0.000000000 0.000000000 0.982527912 -0.001763622 0.186106846 -1.184983868 0.005040788 0.999840438 -0.017137326 0.220335843 -0.186046928 0.017776027 0.982380033 -2.599016561
0 0.489628702 0.870451105 0.500000000 0.500000000 0.000000000 0.000000000 0.982249022 -0.001904946 0.187571809 -1.199233920 0.005143635 0.999845982 -0.016781187 0.221769900 -0.187510952 0.017448107 0.982107520 -2.624482487
0 0.489628702 0.870451105 0.500000000 0.500000000 0.000000000 0.000000000 0.981909275 -0.002279518 0.189338177 -1.215266464 0.005538192 0.999845505 -0.016683571 0.225303551 -0.189270884 0.017430345 0.981770217 -2.649014397
0 0.489628702 0.870451105 0.500000000 0.500000000 0.000000000 0.000000000 0.981570423 -0.002438279 0.191085204 -1.231683120 0.005693728 0.999847829 -0.016489433 0.228130921 -0.191015929 0.017273527 0.981434941 -2.674829719
0 0.489628702 0.870451105 0.500000000 0.500000000 0.000000000 0.000000000 0.981208742 -0.002746838 0.192929611 -1.247292673 0.005975679 0.999851644 -0.016155938 0.229555625 -0.192856595 0.017005233 0.981079578 -2.695992491
0 0.489628702 0.870451105 0.500000000 0.500000000 0.000000000 0.000000000 0.980842113 -0.002950128 0.194782108 -1.263321126 0.006138396 0.999856830 -0.015766801 0.231000901 -0.194707707 0.016660392 0.980719805 -2.717312426
0 0.489628702 0.870451105 0.500000000 0.500000000 0.000000000 0.000000000 0.980422080 -0.003218849 0.196881101 -1.281034462 0.006391315 0.999859750 -0.015480354 0.232809652 -0.196803659 0.016435610 0.980305135 -2.738929638
0 0.489628702 0.870451105 0.500000000 0.500000000 0.000000000 0.000000000 0.980037749 -0.003580244 0.198779285 -1.298297134 0.006802327 0.999856293 -0.015528820 0.235239140 -0.198695123 0.016570993 0.979921222 -2.761196304
0 0.489628702 0.870451105 0.500000000 0.500000000 0.000000000 0.000000000 0.979656339 -0.004228868 0.200637877 -1.314834345 0.007491668 0.999851704 -0.015505644 0.237022450 -0.200542554 0.016693316 0.979542732 -2.783202320
0 0.489628702 0.870451105 0.500000000 0.500000000 0.000000000 0.000000000 0.979265988 -0.004486478 0.202528983 -1.331441194 0.007763172 0.999851465 -0.015387419 0.239367684 -0.202429876 0.016640643 0.979155362 -2.805252788
0 0.489628702 0.870451105 0.500000000 0.500000000 0.000000000 0.000000000 0.978896916 -0.005014376 0.204293042 -1.347984399 0.008266822 0.999852240 -0.015070173 0.239902605 -0.204187289 0.016441001 0.978793740 -2.828420905
0 0.489628702 0.870451105 0.500000000 0.500000000 0.000000000 0.000000000 0.978479385 -0.005139715 0.206280708 -1.364985635 0.008389357 0.999854088 -0.014881894 0.242329334 -0.206174105 0.016292188 0.978379667 -2.848979122
0 0.489628702 0.870451105 0.500000000 0.500000000 0.000000000 0.000000000 0.978064120 -0.005018810 0.208243534 -1.382848414 0.008236452 0.999859691 -0.014587115 0.244296954 -0.208141103 0.015982322 0.977968216 -2.871522216
0 0.489628702 0.870451105 0.500000000 0.500000000 0.000000000 0.000000000 0.977631211 -0.005019200 0.210266545 -1.401431990 0.008260915 0.999860168 -0.014541687 0.246440057 -0.210164160 0.015953401 0.977535963 -2.893501693
0 0.489628702 0.870451105 0.500000000 0.500000000 0.000000000 0.000000000 0.977171540 -0.004972994 0.212393701 -1.419694823 0.008184210 0.999865055 -0.014242675 0.247251804 -0.212294206 0.015655812 0.977080405 -2.914025670
0 0.489628702 0.870451105 0.500000000 0.500000000 0.000000000 0.000000000 0.976684630 -0.004664556 0.214628413 -1.438171981 0.007783131 0.999876022 -0.013687314 0.247168365 -0.214537963 0.015038671 0.976599872 -2.933802978
0 0.489628702 0.870451105 0.500000000 0.500000000 0.000000000 0.000000000 0.976161957 -0.004822225 0.216989920 -1.457133640 0.007881952 0.999881327 -0.013237524 0.246271457 -0.216900319 0.014632271 0.976084113 -2.950574858
0 0.489628702 0.870451105 0.500000000 0.500000000 0.000000000 0.000000000 0.975627542 -0.004752067 0.219381809 -1.476475744 0.007712203 0.999890387 -0.012638655 0.244645859 -0.219297692 0.014022537 0.975557208 -2.967796308
0 0.489628702 0.870451105 0.500000000 0.500000000 0.000000000 0.000000000 0.975064099 -0.004422972 0.221879393 -1.497542625 0.007280697 0.999900699 -0.012063369 0.243969513 -0.221804008 0.013377994 0.974999487 -2.987344827
0 0.489628702 0.870451105 0.500000000 0.500000000 0.000000000 0.000000000 0.974501431 -0.004531304 0.224335566 -1.517356969 0.007315774 0.999906182 -0.011582443 0.242723513 -0.224262044 0.012928295 0.974443138 -3.004937581
0 0.489628702 0.870451105 0.500000000 0.500000000 0.000000000 0.000000000 0.973921657 -0.004975982 0.226829976 -1.537503455 0.007713300 0.999907732 -0.011182948 0.241819227 -0.226753399 0.012640922 0.973870158 -3.023008115
0 0.489628702 0.870451105 0.500000000 0.500000000 0.000000000 0.000000000 0.973365366 -0.005185333 0.229200691 -1.557397747 0.007889930 0.999909639 -0.010885310 0.242100500 -0.229123533 0.012403762 0.973318338 -3.042437459
0 0.489628702 0.870451105 0.500000000 0.500000000 0.000000000 0.000000000 0.972846329 -0.005357257 0.231390029 -1.576439918 0.008041800 0.999910831 -0.010660165 0.242793224 -0.231312290 0.012231494 0.972802639 -3.061661726
0 0.489628702 0.870451105 0.500000000 0.500000000 0.000000000 0.000000000 0.972300351 -0.005563667 0.233668834 -1.596084378 0.008254630 0.999910355 -0.010539752 0.244316911 -0.233589247 0.012176654 0.972259104 -3.081211899
0 0.489628702 0.870451105 0.500000000 0.500000000 0.000000000 0.000000000 0.971754730 -0.005588590 0.235926807 -1.615125867 0.008285943 0.999911129 -0.010443119 0.246681853 -0.235847488 0.012103028 0.971714735 -3.100978735
0 0.489628702 0.870451105 0.500000000 0.500000000 0.000000000 0.000000000 0.971229076 -0.005739908 0.238078117 -1.634039455 0.008444740 0.999910831 -0.010342743 0.248840187 -0.237997532 0.012055681 0.971190929 -3.120742240
0 0.489628702 0.870451105 0.500000000 0.500000000 0.000000000 0.000000000 0.970749736 -0.006058546 0.240017220 -1.652072748 0.008750302 0.999910176 -0.010150737 0.250315775 -0.239934161 0.011954049 0.970715582 -3.142910927
0 0.489628702 0.870451105 0.500000000 0.500000000 0.000000000 0.000000000 0.970316887 -0.006565344 0.241747871 -1.668807469 0.009258181 0.999907076 -0.010004788 0.252230732 -0.241659731 0.011945959 0.970287502 -3.166328784
0 0.489628702 0.870451105 0.500000000 0.500000000 0.000000000 0.000000000 0.969838500 -0.007080629 0.243645474 -1.686787195 0.009789798 0.999902964 -0.009910228 0.253683675 -0.243551657 0.011996561 0.969813704 -3.190509221
0 0.489628702 0.870451105 0.500000000 0.500000000 0.000000000 0.000000000 0.969414413 -0.007498539 0.245315090 -1.703110530 0.010233050 0.999898911 -0.009874183 0.256119674 -0.245216236 0.012082497 0.969393134 -3.215317812
0 0.489628702 0.870451105 0.500000000 0.500000000 0.000000000 0.000000000 0.968936503 -0.007959896 0.247181579 -1.720787747 0.010708821 0.999894857 -0.009778677 0.258188908 -0.247077748 0.012121940 0.968919814 -3.240488140
0 0.489628702 0.870451105 0.500000000 0.500000000 0.000000000 0.000000000 0.968470514 -0.008799909 0.248972669 -1.737406989 0.011572497 0.999886215 -0.009674616 0.259660856 -0.248859212 0.012250816 0.968462169 -3.265683677
0 0.489628702 0.870451105 0.500000000 0.500000000 0.000000000 0.000000000 0.968054116 -0.009360921 0.250566572 -1.752134421 0.012097999 0.999882758 -0.009385510 0.260542717 -0.250449330 0.012117036 0.968053877 -3.290225236
0 0.489628702 0.870451105 0.500000000 0.500000000 0.000000000 0.000000000 0.967698097 -0.009785800 0.251921922 -1.765774232 0.012445467 0.999882340 -0.008966292 0.260891996 -0.251804531 0.011811949 0.967706025 -3.316434999
0 0.489628702 0.870451105 0.500000000 0.500000000 0.000000000 0.000000000 0.967279077 -0.010003137 0.253517479 -1.780463887 0.012607641 0.999883115 -0.008650838 0.262166408 -0.253401309 0.011564032 0.967292130 -3.341537178
0 0.489628702 0.870451105 0.500000000 0.500000000 0.000000000 0.000000000 0.966869056 -0.009944172 0.255079061 -1.794319063 0.012500949 0.999886513 -0.008404209 0.263707254 -0.254966527 0.011314500 0.966883659 -3.366875273
0 0.489628702 0.870451105 0.500000000 0.500000000 0.000000000 0.000000000 0.966444910 -0.009881865 0.256683916 -1.808520959 0.012371466 0.999890804 -0.008086032 0.265366804 -0.256576002 0.010990260 0.966461599 -3.393409210
0 0.489628702 0.870451105 0.500000000 0.500000000 0.000000000 0.000000000 0.966049731 -0.010224194 0.258153856 -1.821077999 0.012680149 0.999888778 -0.007850344 0.267211521 -0.258044869 0.010857252 0.966071904 -3.418399699
0 0.489628702 0.870451105 0.500000000 0.500000000 0.000000000 0.000000000 0.965659022 -0.010256261 0.259610116 -1.833217803 0.012577084 0.999894381 -0.007280136 0.266933432 -0.259508014 0.010295266 0.965686083 -3.443510993
0 0.489628702 0.870451105 0.500000000 0.500000000 0.000000000 0.000000000 0.965249479 -0.010166596 0.261132360 -1.846444455 0.012394410 0.999899447 -0.006885870 0.267916731 -0.261036098 0.009883163 0.965278447 -3.470789541
0 0.489628702 0.870451105 0.500000000 0.500000000 0.000000000 0.000000000 0.964831591 -0.010028881 0.262677431 -1.859264567 0.012123582 0.999906301 -0.006354840 0.268409726 -0.262589097 0.009315941 0.964862764 -3.496771199
0 0.489628702 0.870451105 0.500000000 0.500000000 0.000000000 0.000000000 0.964450598 -0.009619360 0.264088035 -1.870894017 0.011578995 0.999915779 -0.005864784 0.269412359 -0.264009386 0.008714168 0.964480758 -3.523652985
0 0.489628702 0.870451105 0.500000000 0.500000000 0.000000000 0.000000000 0.964084148 -0.008768698 0.265452117 -1.884276245 0.010671592 0.999926627 -0.005727053 0.274728052 -0.265382439 0.008354158 0.964107037 -3.556872423
0 0.489628702 0.870451105 0.500000000 0.500000000 0.000000000 0.000000000 0.963584006 -0.008646345 0.267265886 -1.898286838 0.010466673 0.999930739 -0.005387049 0.277362798 -0.267200798 0.007988259 0.963607788 -3.582732950
0 0.489628702 0.870451105 0.500000000 0.500000000 0.000000000 0.000000000 0.963182628 -0.008008222 0.268728763 -1.909761393 0.009805816 0.999937594 -0.005347658 0.284620030 -0.268669188 0.007785876 0.963201046 -3.612651282
0 0.489628702 0.870451105 0.500000000 0.500000000 0.000000000 0.000000000 0.962640405 -0.007874927 0.270668417 -1.923661133 0.009542267 0.999942720 -0.004844659 0.286368335 -0.270614773 0.007246455 0.962660432 -3.634768466
0 0.489628702 0.870451105 0.500000000 0.500000000 0.000000000 0.000000000 0.962154627 -0.007852200 0.272390842 -1.935539617 0.009387633 0.999946535 -0.004334117 0.288008531 -0.272342265 0.006727196 0.962176919 -3.658847916
0 0.489628702 0.870451105 0.500000000 0.500000000 0.000000000 0.000000000 0.961626709 -0.008180287 0.274239242 -1.948463859 0.009692126 0.999944389 -0.004158324 0.290575046 -0.274189979 0.006656717 0.961652517 -3.681870356
0 0.489628702 0.870451105 0.500000000 0.500000000 0.000000000 0.000000000 0.961171269 -0.008408521 0.275824487 -1.960582283 0.009858238 0.999943912 -0.003869870 0.292658333 -0.275776476 0.006438751 0.961200237 -3.707759378
0 0.489628702 0.870451105 0.500000000 0.500000000 0.000000000 0.000000000 0.960700393 -0.007977072 0.277472734 -1.972222589 0.009294238 0.999950945 -0.003432041 0.295044985 -0.277431726 0.005876061 0.960727394 -3.733365873
0 0.489628702 0.870451105 0.500000000 0.500000000 0.000000000 0.000000000 0.960124195 -0.007997768 0.279459506 -1.986136745 0.009324559 0.999950707 -0.003418604 0.299095584 -0.279418379 0.005888121 0.960151374 -3.756791595
0 0.489628702 0.870451105 0.500000000 0.500000000 0.000000000 0.000000000 0.959540606 -0.007981853 0.281457037 -1.999629719 0.009246088 0.999952257 -0.003163984 0.301736013 -0.281418353 0.005638347 0.959568620 -3.779819412
0 0.489628702 0.870451105 0.500000000 0.500000000 0.000000000 0.000000000 0.958956540 -0.007548069 0.283452630 -2.012475622 0.008800427 0.999956310 -0.003145105 0.306772339 -0.283416539 0.005510523 0.958981097 -3.802081708
0 0.489628702 0.870451105 0.500000000 0.500000000 0.000000000 0.000000000 0.958253980 -0.007812505 0.285811514 -2.028285382 0.009027583 0.999954939 -0.002933975 0.308772392 -0.285775721 0.005391681 0.958281338 -3.821521615
0 0.489628702 0.870451105 0.500000000 0.500000000 0.000000000 0.000000000 0.957535088 -0.008069622 0.288203776 -2.044378634 0.009210605 0.999954164 -0.002603105 0.309831571 -0.288169563 0.005147095 0.957565546 -3.842032201
0 0.489628702 0.870451105 0.500000000 0.500000000 0.000000000 0.000000000 0.956755102 -0.008060707 0.290783018 -2.061159813 0.009112498 0.999955893 -0.002263120 0.311534468 -0.290751934 0.004815011 0.956786335 -3.862561062
0 0.489628702 0.870451105 0.500000000 0.500000000 0.000000000 0.000000000 0.955975592 -0.008169179 0.293332368 -2.077727469 0.009071143 0.999957383 -0.001714647 0.310871686 -0.293305874 0.004300021 0.956008971 -3.880907143
0 0.489628702 0.870451105 0.500000000 0.500000000 0.000000000 0.000000000 0.955229402 -0.008182407 0.295753032 -2.094193095 0.008966813 0.999958932 -0.001295984 0.311435188 -0.295730293 0.003889924 0.955263555 -3.901671683
0 0.489628702 0.870451105 0.500000000 0.500000000 0.000000000 0.000000000 0.954447329 -0.008420485 0.298260629 -2.111282564 0.009039609 0.999958873 -0.000696343 0.310293788 -0.298242509 0.003360782 0.954484224 -3.923153415
0 0.489628702 0.870451105 0.500000000 0.500000000 0.000000000 0.000000000 0.953636706 -0.008707541 0.300834209 -2.129204699 0.009210238 0.999957561 -0.000252798 0.309667934 -0.300819248 0.003011832 0.953676403 -3.943023763
0 0.489628702 0.870451105 0.500000000 0.500000000 0.000000000 0.000000000 0.952846408 -0.008808793 0.303325087 -2.146750970 0.009120645 0.999958336 0.000388534 0.308396812 -0.303315878 0.002396307 0.952887058 -3.963244476
0 0.489628702 0.870451105 0.500000000 0.500000000 0.000000000 0.000000000 0.951996028 -0.009245007 0.305970728 -2.166123455 0.009438131 0.999955118 0.000848216 0.306982454 -0.305964828 0.002080294 0.952040553 -3.983627981
0 0.489628702 0.870451105 0.500000000 0.500000000 0.000000000 0.000000000 0.951141655 -0.009428747 0.308610886 -2.184729923 0.009496284 0.999954104 0.001283181 0.306416305 -0.308608830 0.001710170 0.951187491 -4.004101431
0 0.489628702 0.870451105 0.500000000 0.500000000 0.000000000 0.000000000 0.950302601 -0.009849415 0.311171860 -2.202498425 0.009708950 0.999950886 0.002000469 0.304229601 -0.311176270 0.001120101 0.950351536 -4.024857025
