0 0.475424532 0.845199180 0.500000000 0.500000000 0.000000000 0.000000000 0.999960423 -0.004230154 0.007827207 -0.001608383 0.004261268 0.999983072 -0.003962728 -0.127843300 -0.007810311 0.003995925 0.999961495 -0.372044585
0 0.475424532 0.845199180 0.500000000 0.500000000 0.000000000 0.000000000 0.999942899 -0.004311957 0.009780222 -0.001068847 0.004352966 0.999981821 -0.004175610 -0.134535147 -0.009762038 0.004217945 0.999943435 -0.392387546
0 0.475424532 0.845199180 0.500000000 0.500000000 0.000000000 0.000000000 0.999917924 -0.004567089 0.011968676 0.000163160 0.004620830 0.999979377 -0.004466302 -0.141333264 -0.011948030 0.004521241 0.999918401 -0.412930102
0 0.475424532 0.845199180 0.500000000 0.500000000 0.000000000 0.000000000 0.999889672 -0.004786247 0.014061585 0.002310571 0.004852199 0.999977350 -0.004659893 -0.148108160 -0.014038963 0.004727608 0.999890268 -0.434203088
0 0.475424532 0.845199180 0.500000000 0.500000000 0.000000000 0.000000000 0.999850273 -0.005092956 0.016536992 0.004576479 0.005170003 0.999975979 -0.004619669 -0.155438997 -0.016513068 0.004704474 0.999852598 -0.455162400
0 0.475424532 0.845199180 0.500000000 0.500000000 0.000000000 0.000000000 0.999805272 -0.005441158 0.018969137 0.007343276 0.005531101 0.999973714 -0.004692275 -0.162117860 -0.018943107 0.004796282 0.999809086 -0.475928741
0 0.475424532 0.845199180 0.500000000 0.500000000 0.000000000 0.000000000 0.999756992 -0.005769839 0.021276865 0.010288116 0.005872307 0.999971449 -0.004756595 -0.168835911 -0.021248814 0.004880383 0.999762297 -0.497237584
0 0.475424532 0.845199180 0.500000000 0.500000000 0.000000000 0.000000000 0.999702930 -0.006088166 0.023601441 0.013765248 0.006207201 0.999968350 -0.004973530 -0.175036728 -0.023570415 0.005118551 0.999709070 -0.518719897
0 0.475424532 0.845199180 0.500000000 0.500000000 0.000000000 0.000000000 0.999636352 -0.006328517 0.026213963 0.017116169 0.006462974 0.999966383 -0.005047678 -0.181913871 -0.026181135 0.005215263 0.999643624 -0.540498201
0 0.475424532 0.845199180 0.500000000 0.500000000 0.000000000 0.000000000 0.999561369 -0.006807914 0.028822582 0.020691464 0.006960104 0.999962330 -0.005183185 -0.188348463 -0.028786208 0.005381519 0.999571085 -0.562562294
0 0.475424532 0.845199180 0.500000000 0.500000000 0.000000000 0.000000000 0.999497354 -0.007233887 0.030866079 0.025207448 0.007402563 0.999958277 -0.005354017 -0.194602616 -0.030826060 0.005579814 0.999509215 -0.584661751
0 0.475424532 0.845199180 0.500000000 0.500000000 0.000000000 0.000000000 0.999422371 -0.007557555 0.033133432 0.029724418 0.007735717 0.999956310 -0.005252197 -0.201959888 -0.033092290 0.005505474 0.999437153 -0.608287272
0 0.475424532 0.845199180 0.500000000 0.500000000 0.000000000 0.000000000 0.999338746 -0.007935008 0.035484113 0.035084369 0.008134330 0.999951899 -0.005476360 -0.208706406 -0.035438951 0.005761378 0.999355257 -0.631449995
0 0.475424532 0.845199180 0.500000000 0.500000000 0.000000000 0.000000000 0.999257386 -0.008381480 0.037609167 0.041077710 0.008606446 0.999945998 -0.005823740 -0.215117822 -0.037558325 0.006143097 0.999275565 -0.654968031
0 0.475424532 0.845199180 0.500000000 0.500000000 0.000000000 0.000000000 0.999179363 -0.008838568 0.039528359 0.048021281 0.009090272 0.999939501 -0.006192488 -0.221382727 -0.039471235 0.006546729 0.999199271 -0.679840674
0 0.475424532 0.845199180 0.500000000 0.500000000 0.000000000 0.000000000 0.999092996 -0.009251143 0.041564044 0.055594036 0.009527599 0.999933779 -0.006458186 -0.228060033 -0.041501544 0.006848334 0.999114990 -0.705130875
0 0.475424532 0.845199180 0.500000000 0.500000000 0.000000000 0.000000000 0.998989344 -0.009664712 0.043895725 0.063351243 0.009966107 0.999928236 -0.006652516 -0.234587746 -0.043828279 0.007083262 0.999013960 -0.731021135
0 0.475424532 0.845199180 0.500000000 0.500000000 0.000000000 0.000000000 0.998881340 -0.010148390 0.046185434 0.071658436 0.010468215 0.999922812 -0.006688189 -0.241259871 -0.046113998 0.007164186 0.998910487 -0.757676927
0 0.475424532 0.845199180 0.500000000 0.500000000 0.000000000 0.000000000 0.998764575 -0.010652452 0.048536871 0.079942885 0.010981159 0.999918520 -0.006510720 -0.247962504 -0.048463561 0.007035668 0.998800159 -0.784875104
0 0.475424532 0.845199180 0.500000000 0.500000000 0.000000000 0.000000000 0.998657703 -0.011080169 0.050596412 0.088726386 0.011405150 0.999916136 -0.006138811 -0.254905464 -0.050524149 0.006707631 0.998700321 -0.812305131
0 0.475424532 0.845199180 0.500000000 0.500000000 0.000000000 0.000000000 0.998552442 -0.011326089 0.052580424 0.097590338 0.011660340 0.999913692 -0.006054551 -0.261248347 -0.052507311 0.006658892 0.998598337 -0.839605329
0 0.475424532 0.845199180 0.500000000 0.500000000 0.000000000 0.000000000 0.998440921 -0.011622918 0.054595485 0.106907368 0.011970188 0.999910116 -0.006038102 -0.268205104 -0.054520398 0.006682206 0.998490274 -0.867371185
0 0.475424532 0.845199180 0.500000000 0.500000000 0.000000000 0.000000000 0.998291433 -0.012001068 0.057185490 0.116010943 0.012396995 0.999901533 -0.006573812 -0.273976329 -0.057100967 0.007271509 0.998341918 -0.895136534
0 0.475424532 0.845199180 0.500000000 0.500000000 0.000000000 0.000000000 0.998099804 -0.012361535 0.060364928 0.123582522 0.012804250 0.999893844 -0.006952656 -0.279780829 -0.060272574 0.007712372 0.998152137 -0.922882838
0 0.475424532 0.845199180 0.500000000 0.500000000 0.000000000 0.000000000 0.997924685 -0.012738630 0.063119046 0.130822982 0.013214448 0.999887288 -0.007126695 -0.285066072 -0.063021146 0.007945988 0.997980535 -0.950335165
0 0.475424532 0.845199180 0.500000000 0.500000000 0.000000000 0.000000000 0.997720540 -0.013129330 0.066191889 0.137177113 0.013615512 0.999883473 -0.006899269 -0.290245424 -0.066093594 0.007784779 0.997783065 -0.978102571
0 0.475424532 0.845199180 0.500000000 0.500000000 0.000000000 0.000000000 0.997506917 -0.013464296 0.069272779 0.142156477 0.013962815 0.999879956 -0.006717265 -0.294904390 -0.069174021 0.007667760 0.997575164 -1.004803534
0 0.475424532 0.845199180 0.500000000 0.500000000 0.000000000 0.000000000 0.997358322 -0.013696299 0.071336158 0.147961277 0.014226391 0.999874771 -0.006928105 -0.298173264 -0.071232334 0.007924659 0.997428298 -1.031746624
0 0.475424532 0.845199180 0.500000000 0.500000000 0.000000000 0.000000000 0.997185588 -0.013963182 0.073661111 0.152940803 0.014549156 0.999866605 -0.007424397 -0.300562859 -0.073547617 0.008475209 0.997255683 -1.058396770
0 0.475424532 0.845199180 0.500000000 0.500000000 0.000000000 0.000000000 0.997026801 -0.014200649 0.075735688 0.158055012 0.014842807 0.999858439 -0.007922783 -0.302593541 -0.075612463 0.009023358 0.997096479 -1.085432359
0 0.475424532 0.845199180 0.500000000 0.500000000 0.000000000 0.000000000 0.996838152 -0.014428066 0.078138165 0.162996623 0.015100856 0.999853790 -0.008026206 -0.304974910 -0.078010939 0.009180781 0.996910214 -1.113018999
0 0.475424532 0.845199180 0.500000000 0.500000000 0.000000000 0.000000000 0.996574461 -0.014783464 0.081367962 0.166157913 0.015474219 0.999849319 -0.007865201 -0.307838480 -0.081239425 0.009097365 0.996653080 -1.140721391
0 0.475424532 0.845199180 0.500000000 0.500000000 0.000000000 0.000000000 0.996369541 -0.015025565 0.083797216 0.169631730 0.015702602 0.999849141 -0.007426203 -0.312363752 -0.083672993 0.008715076 0.996455133 -1.169096412
0 0.475424532 0.845199180 0.500000000 0.500000000 0.000000000 0.000000000 0.996195316 -0.015220351 0.085809574 0.174017391 0.015906814 0.999846697 -0.007321766 -0.316582444 -0.085684977 0.008658866 0.996284664 -1.197754388
0 0.475424532 0.845199180 0.500000000 0.500000000 0.000000000 0.000000000 0.995963097 -0.015350203 0.088441066 0.177313161 0.016074283 0.999842823 -0.007480719 -0.320841247 -0.088312335 0.008872147 0.996053338 -1.227246965
0 0.475424532 0.845199180 0.500000000 0.500000000 0.000000000 0.000000000 0.995728254 -0.015610669 0.091003120 0.180622346 0.016367432 0.999837339 -0.007575396 -0.325543844 -0.090870060 0.009032523 0.995821774 -1.257466997
0 0.475424532 0.845199180 0.500000000 0.500000000 0.000000000 0.000000000 0.995457053 -0.015763834 0.093897872 0.182955071 0.016557656 0.999833405 -0.007680963 -0.330294141 -0.093761146 0.009200797 0.995552182 -1.288283231
0 0.475424532 0.845199180 0.500000000 0.500000000 0.000000000 0.000000000 0.995146811 -0.016094057 0.097076185 0.184288344 0.016927721 0.999826550 -0.007770207 -0.334780184 -0.096934289 0.009375775 0.995246649 -1.318992466
0 0.475424532 0.845199180 0.500000000 0.500000000 0.000000000 0.000000000 0.994867682 -0.016379781 0.099849805 0.185726446 0.017242126 0.999821067 -0.007779515 -0.338621509 -0.099704511 0.009461211 0.994972110 -1.350485121
0 0.475424532 0.845199180 0.500000000 0.500000000 0.000000000 0.000000000 0.994589508 -0.016459122 0.102571249 0.186702076 0.017350664 0.999818981 -0.007805745 -0.341844476 -0.102424204 0.009543191 0.994695008 -1.381951946
0 0.475424532 0.845199180 0.500000000 0.500000000 0.000000000 0.000000000 0.994264960 -0.016659813 0.105639063 0.187376744 0.017599046 0.999813378 -0.007964964 -0.343627890 -0.105486654 0.009778432 0.994372666 -1.414222217
0 0.475424532 0.845199180 0.500000000 0.500000000 0.000000000 0.000000000 0.993800700 -0.017013425 0.109866790 0.185964737 0.018010406 0.999805093 -0.008088388 -0.344534719 -0.109707765 0.010016992 0.993913412 -1.446679591
0 0.475424532 0.845199180 0.500000000 0.500000000 0.000000000 0.000000000 0.993248463 -0.017385224 0.114696488 0.182514134 0.018456781 0.999795318 -0.008287112 -0.343937793 -0.114528939 0.010348089 0.993366003 -1.478926235
0 0.475424532 0.845199180 0.500000000 0.500000000 0.000000000 0.000000000 0.992765486 -0.017659010 0.118763819 0.180235844 0.018768622 0.999789953 -0.008230938 -0.342875915 -0.118593521 0.010400424 0.992888391 -1.511308468
0 0.475424532 0.845199180 0.500000000 0.500000000 0.000000000 0.000000000 0.992197156 -0.017991593 0.123373844 0.177669937 0.019142576 0.999783516 -0.008150098 -0.340573356 -0.123200506 0.010448197 0.992326796 -1.542982103
0 0.475424532 0.845199180 0.500000000 0.500000000 0.000000000 0.000000000 0.991499066 -0.018472021 0.128795773 0.173730868 0.019685082 0.999773026 -0.008151758 -0.336883905 -0.128615960 0.010617817 0.991637647 -1.574735917
0 0.475424532 0.845199180 0.500000000 0.500000000 0.000000000 0.000000000 0.990729153 -0.018956205 0.134523019 0.168997522 0.020214053 0.999763727 -0.007990631 -0.332872003 -0.134339765 0.010635807 0.990878224 -1.606141476
0 0.475424532 0.845199180 0.500000000 0.500000000 0.000000000 0.000000000 0.989949822 -0.019522753 0.140064925 0.164642336 0.020814791 0.999753177 -0.007765435 -0.328594970 -0.139878750 0.010602813 0.990111887 -1.637221388
0 0.475424532 0.845199180 0.500000000 0.500000000 0.000000000 0.000000000 0.989065289 -0.020060889 0.146107614 0.159400814 0.021400498 0.999742091 -0.007602433 -0.323864351 -0.145917416 0.010646078 0.989239514 -1.667694320
0 0.475424532 0.845199180 0.500000000 0.500000000 0.000000000 0.000000000 0.988086641 -0.020738607 0.152494997 0.152909610 0.022146167 0.999726355 -0.007537292 -0.319002404 -0.152296945 0.010824678 0.988275528 -1.698352448
0 0.475424532 0.845199180 0.500000000 0.500000000 0.000000000 0.000000000 0.987151563 -0.021388888 0.158348545 0.147417185 0.022865767 0.999710321 -0.007510544 -0.314318829 -0.158142045 0.011034806 0.987354696 -1.728494887
0 0.475424532 0.845199180 0.500000000 0.500000000 0.000000000 0.000000000 0.986268818 -0.022023967 0.163672805 0.143531699 0.023546476 0.999695599 -0.007367698 -0.310352865 -0.163460717 0.011120449 0.986487150 -1.758975610
0 0.475424532 0.845199180 0.500000000 0.500000000 0.000000000 0.000000000 0.985279202 -0.022612834 0.169450670 0.139254037 0.024179181 0.999681830 -0.007185599 -0.307222347 -0.169234261 0.011177000 0.985512495 -1.788980274
0 0.475424532 0.845199180 0.500000000 0.500000000 0.000000000 0.000000000 0.984090269 -0.023425324 0.176117986 0.133597269 0.025036981 0.999662459 -0.006934169 -0.305139516 -0.175896108 0.011233311 0.984344661 -1.819952433
0 0.475424532 0.845199180 0.500000000 0.500000000 0.000000000 0.000000000 0.982795894 -0.024192614 0.183103785 0.126459353 0.025867701 0.999642491 -0.006765036 -0.303932638 -0.182874650 0.011385123 0.983070314 -1.850960089
0 0.475424532 0.845199180 0.500000000 0.500000000 0.000000000 0.000000000 0.981552005 -0.024977362 0.189556837 0.120204697 0.026736172 0.999619901 -0.006726616 -0.303115439 -0.189316779 0.011670548 0.981846690 -1.882501752
0 0.475424532 0.845199180 0.500000000 0.500000000 0.000000000 0.000000000 0.980273604 -0.025708757 0.195966259 0.114171049 0.027547030 0.999598324 -0.006660300 -0.302844221 -0.195716321 0.011927205 0.980588019 -1.914160243
0 0.475424532 0.845199180 0.500000000 0.500000000 0.000000000 0.000000000 0.978899598 -0.026387863 0.202630848 0.107427883 0.028306246 0.999577701 -0.006574777 -0.302806860 -0.202371776 0.012171766 0.979233146 -1.945832140
0 0.475424532 0.845199180 0.500000000 0.500000000 0.000000000 0.000000000 0.977620542 -0.027044130 0.208630383 0.102152540 0.029065134 0.999555528 -0.006626851 -0.301932113 -0.208358437 0.012542415 0.977972090 -1.977605669
0 0.475424532 0.845199180 0.500000000 0.500000000 0.000000000 0.000000000 0.976363242 -0.027714068 0.214351907 0.098102369 0.029798305 0.999534786 -0.006497694 -0.301355839 -0.214072108 0.012731433 0.976734877 -2.009715054
0 0.475424532 0.845199180 0.500000000 0.500000000 0.000000000 0.000000000 0.974926531 -0.028386137 0.220708936 0.093073892 0.030540088 0.999513328 -0.006352347 -0.300347095 -0.220421210 0.012933542 0.975319028 -2.041929415
0 0.475424532 0.845199180 0.500000000 0.500000000 0.000000000 0.000000000 0.973393798 -0.029033033 0.227291897 0.087701591 0.031253990 0.999492407 -0.006177712 -0.299007420 -0.226997167 0.013117125 0.973807096 -2.074360714
0 0.475424532 0.845199180 0.500000000 0.500000000 0.000000000 0.000000000 0.971849263 -0.029773889 0.233714506 0.082784187 0.032053955 0.999468327 -0.005962630 -0.297999172 -0.233412728 0.013286252 0.972286999 -2.107045642
0 0.475424532 0.845199180 0.500000000 0.500000000 0.000000000 0.000000000 0.970218062 -0.030531147 0.240301281 0.077072045 0.032917399 0.999440551 -0.005921686 -0.296164314 -0.239986047 0.013655420 0.970680296 -2.139753458
0 0.475424532 0.845199180 0.500000000 0.500000000 0.000000000 0.000000000 0.968594015 -0.031273704 0.246673137 0.071288960 0.033799235 0.999410570 -0.006009836 -0.292970012 -0.246339783 0.014158454 0.969080091 -2.172021101
0 0.475424532 0.845199180 0.500000000 0.500000000 0.000000000 0.000000000 0.967040658 -0.031911310 0.252614379 0.066381365 0.034489267 0.999388337 -0.005782456 -0.290103037 -0.252275318 0.014304355 0.967549741 -2.203859682
0 0.475424532 0.845199180 0.500000000 0.500000000 0.000000000 0.000000000 0.965320468 -0.032664582 0.259016365 0.059940897 0.035192341 0.999367416 -0.005126962 -0.287640042 -0.258685023 0.014064552 0.965859354 -2.234937406
0 0.475424532 0.845199180 0.500000000 0.500000000 0.000000000 0.000000000 0.963514566 -0.033236619 0.265584320 0.052289212 0.035654508 0.999354959 -0.004286603 -0.285866818 -0.265270531 0.013599481 0.964078128 -2.265199312
0 0.475424532 0.845199180 0.500000000 0.500000000 0.000000000 0.000000000 0.961672783 -0.033855386 0.272101551 0.044158027 0.036346070 0.999330759 -0.004117205 -0.281879757 -0.271780044 0.013849226 0.962259710 -2.294775369
0 0.475424532 0.845199180 0.500000000 0.500000000 0.000000000 0.000000000 0.959858596 -0.034669530 0.278333366 0.036327638 0.037288144 0.999296069 -0.004118163 -0.277546802 -0.277994663 0.014331389 0.960475683 -2.324053943
0 0.475424532 0.845199180 0.500000000 0.500000000 0.000000000 0.000000000 0.958074749 -0.035313763 0.284333825 0.029141704 0.038134150 0.999262989 -0.004387906 -0.272367968 -0.283969313 0.015046771 0.958715320 -2.353300499
0 0.475424532 0.845199180 0.500000000 0.500000000 0.000000000 0.000000000 0.956182182 -0.036140483 0.290533125 0.020966751 0.039073296 0.999227107 -0.004297753 -0.268543503 -0.290153265 0.015461522 0.956855297 -2.382754037
0 0.475424532 0.845199180 0.500000000 0.500000000 0.000000000 0.000000000 0.954337478 -0.036821034 0.296452731 0.013555207 0.039855208 0.999196649 -0.004195833 -0.263810742 -0.296060085 0.015819425 0.955038309 -2.411377975
0 0.475424532 0.845199180 0.500000000 0.500000000 0.000000000 0.000000000 0.952540278 -0.037757289 0.302061975 0.006821941 0.040740792 0.999163330 -0.003580537 -0.260424681 -0.301674068 0.015716849 0.953281581 -2.440197737
0 0.475424532 0.845199180 0.500000000 0.500000000 0.000000000 0.000000000 0.950787008 -0.038421184 0.307453901 0.000702056 0.041187763 0.999148250 -0.002512024 -0.259602313 -0.307095498 0.015051738 0.951559663 -2.468885576
0 0.475424532 0.845199180 0.500000000 0.500000000 0.000000000 0.000000000 0.948806882 -0.038942121 0.313447028 -0.007255274 0.041660581 0.999129891 -0.001976762 -0.257880166 -0.313097298 0.014933951 0.949603617 -2.498093803
0 0.475424532 0.845199180 0.500000000 0.500000000 0.000000000 0.000000000 0.946764350 -0.039740928 0.319465101 -0.016881592 0.042546630 0.999092877 -0.001805382 -0.255983485 -0.319103539 0.015301435 0.947596312 -2.527630951
0 0.475424532 0.845199180 0.500000000 0.500000000 0.000000000 0.000000000 0.944859922 -0.040349048 0.324979484 -0.025093472 0.043415293 0.999054730 -0.002186182 -0.252679054 -0.324584067 0.016174715 0.945718527 -2.557567541
0 0.475424532 0.845199180 0.500000000 0.500000000 0.000000000 0.000000000 0.942886233 -0.041016873 0.330580056 -0.033175319 0.044152617 0.999022841 -0.001978652 -0.252044668 -0.330175877 0.016461618 0.943775892 -2.588250263
0 0.475424532 0.845199180 0.500000000 0.500000000 0.000000000 0.000000000 0.940871358 -0.041535906 0.336208135 -0.041162672 0.044713404 0.998998404 -0.001711012 -0.251250827 -0.335800320 0.016642852 0.941786170 -2.618585167
0 0.475424532 0.845199180 0.500000000 0.500000000 0.000000000 0.000000000 0.938651562 -0.042002808 0.342299581 -0.051138431 0.045312453 0.998971462 -0.001673972 -0.248853770 -0.341877192 0.017081711 0.939589381 -2.649224085
