0 0.622731987 1.107079046 0.500000000 0.500000000 0.000000000 0.000000000 0.999964118 0.002432378 0.008114389 -0.342951244 -0.002495793 0.999966383 0.007814310 -0.039223394 -0.008095109 -0.007834282 0.999936521 0.210794503
0 0.622731987 1.107079046 0.500000000 0.500000000 0.000000000 0.000000000 0.999963045 0.002452326 0.008239568 -0.346746055 -0.002516292 0.999966741 0.007761787 -0.039122030 -0.008220260 -0.007782233 0.999935925 0.211354767
0 0.622731987 1.107079046 0.500000000 0.500000000 0.000000000 0.000000000 0.999960721 0.002524950 0.008495856 -0.350839719 -0.002590814 0.999966621 0.007750515 -0.039152196 -0.008476002 -0.007772222 0.999933898 0.212105961
0 0.622731987 1.107079046 0.500000000 0.500000000 0.000000000 0.000000000 0.999959767 0.002549536 0.008599184 -0.354644487 -0.002615732 0.999966979 0.007695481 -0.039073805 -0.008579280 -0.007717664 0.999933422 0.212662268
0 0.622731987 1.107079046 0.500000000 0.500000000 0.000000000 0.000000000 0.999957085 0.002643566 0.008876447 -0.358849638 -0.002712186 0.999966443 0.007727514 -0.039156983 -0.008855721 -0.007751257 0.999930739 0.213088215
0 0.622731987 1.107079046 0.500000000 0.500000000 0.000000000 0.000000000 0.999955952 0.002640147 0.009006602 -0.362727379 -0.002708440 0.999967635 0.007578822 -0.038866641 -0.008986301 -0.007602882 0.999930739 0.213653895
0 0.622731987 1.107079046 0.500000000 0.500000000 0.000000000 0.000000000 0.999954581 0.002755278 0.009124042 -0.366623709 -0.002823934 0.999967754 0.007520410 -0.038765032 -0.009103027 -0.007545834 0.999930084 0.214081996
0 0.622731987 1.107079046 0.500000000 0.500000000 0.000000000 0.000000000 0.999952018 0.002813499 0.009384874 -0.370804413 -0.002883468 0.999968112 0.007450307 -0.038657898 -0.009363613 -0.007477011 0.999928176 0.214475406
0 0.622731987 1.107079046 0.500000000 0.500000000 0.000000000 0.000000000 0.999949992 0.002900918 0.009572004 -0.374844468 -0.002971719 0.999968290 0.007390853 -0.038586878 -0.009550260 -0.007418928 0.999926865 0.215000767
0 0.622731987 1.107079046 0.500000000 0.500000000 0.000000000 0.000000000 0.999948859 0.002965792 0.009670047 -0.378739847 -0.003036350 0.999968827 0.007289965 -0.038433692 -0.009648125 -0.007318954 0.999926686 0.215308949
0 0.622731987 1.107079046 0.500000000 0.500000000 0.000000000 0.000000000 0.999947011 0.003021068 0.009843540 -0.382831951 -0.003093076 0.999968529 0.007308207 -0.038496919 -0.009821152 -0.007338266 0.999924839 0.215440924
0 0.622731987 1.107079046 0.500000000 0.500000000 0.000000000 0.000000000 0.999944210 0.003095358 0.010100957 -0.387083657 -0.003168556 0.999968767 0.007238747 -0.038424354 -0.010078236 -0.007270348 0.999922812 0.215661301
0 0.622731987 1.107079046 0.500000000 0.500000000 0.000000000 0.000000000 0.999942660 0.003181604 0.010225882 -0.391083934 -0.003255077 0.999968946 0.007176430 -0.038310713 -0.010202732 -0.007209305 0.999921978 0.215958611
0 0.622731987 1.107079046 0.500000000 0.500000000 0.000000000 0.000000000 0.999939680 0.003172702 0.010513547 -0.395430864 -0.003247481 0.999969482 0.007103163 -0.038131835 -0.010490689 -0.007136877 0.999919474 0.215954486
0 0.622731987 1.107079046 0.500000000 0.500000000 0.000000000 0.000000000 0.999938130 0.003231428 0.010642652 -0.399525743 -0.003306727 0.999969602 0.007065272 -0.038070789 -0.010619498 -0.007100028 0.999918401 0.216115864
0 0.622731987 1.107079046 0.500000000 0.500000000 0.000000000 0.000000000 0.999935985 0.003256718 0.010835935 -0.403681478 -0.003333936 0.999969125 0.007115670 -0.038169429 -0.010812427 -0.007151341 0.999915957 0.216006767
0 0.622731987 1.107079046 0.500000000 0.500000000 0.000000000 0.000000000 0.999933541 0.003282364 0.011049946 -0.407972345 -0.003360563 0.999969363 0.007065806 -0.038115113 -0.011026415 -0.007102471 0.999913990 0.216021852
0 0.622731987 1.107079046 0.500000000 0.500000000 0.000000000 0.000000000 0.999931335 0.003374835 0.011223377 -0.412127536 -0.003453332 0.999969661 0.006982053 -0.037924784 -0.011199473 -0.007020331 0.999912620 0.215978778
0 0.622731987 1.107079046 0.500000000 0.500000000 0.000000000 0.000000000 0.999929547 0.003409698 0.011367443 -0.416292983 -0.003488798 0.999969780 0.006945875 -0.037876184 -0.011343417 -0.006985045 0.999911249 0.215861755
0 0.622731987 1.107079046 0.500000000 0.500000000 0.000000000 0.000000000 0.999926507 0.003463323 0.011615839 -0.420677535 -0.003543580 0.999969959 0.006895869 -0.037814159 -0.011591607 -0.006936524 0.999908745 0.215686022
0 0.622731987 1.107079046 0.500000000 0.500000000 0.000000000 0.000000000 0.999924123 0.003497514 0.011813195 -0.424982800 -0.003578935 0.999969959 0.006878256 -0.037784257 -0.011788784 -0.006920013 0.999906540 0.215485012
0 0.622731987 1.107079046 0.500000000 0.500000000 0.000000000 0.000000000 0.999921739 0.003606969 0.011977452 -0.429231399 -0.003688560 0.999970078 0.006796954 -0.037571947 -0.011952578 -0.006840602 0.999905169 0.215310581
0 0.622731987 1.107079046 0.500000000 0.500000000 0.000000000 0.000000000 0.999919176 0.003624845 0.012188007 -0.433589883 -0.003706859 0.999970615 0.006713258 -0.037384680 -0.012163315 -0.006757895 0.999903202 0.215102129
0 0.622731987 1.107079046 0.500000000 0.500000000 0.000000000 0.000000000 0.999916494 0.003715001 0.012377343 -0.437928443 -0.003798177 0.999970317 0.006703315 -0.037288773 -0.012352073 -0.006749767 0.999900937 0.214796750
0 0.622731987 1.107079046 0.500000000 0.500000000 0.000000000 0.000000000 0.999914885 0.003728177 0.012502134 -0.442056285 -0.003810813 0.999971032 0.006592420 -0.037025551 -0.012477194 -0.006639502 0.999900103 0.214348125
0 0.622731987 1.107079046 0.500000000 0.500000000 0.000000000 0.000000000 0.999911904 0.003838392 0.012705536 -0.446472672 -0.003921048 0.999971271 0.006487011 -0.036793585 -0.012680271 -0.006536259 0.999898255 0.213999733
0 0.622731987 1.107079046 0.500000000 0.500000000 0.000000000 0.000000000 0.999907851 0.003956028 0.012984414 -0.451002930 -0.004039231 0.999971449 0.006387970 -0.036454445 -0.012958772 -0.006439828 0.999895275 0.213533460
0 0.622731987 1.107079046 0.500000000 0.500000000 0.000000000 0.000000000 0.999905705 0.003997588 0.013137134 -0.455280771 -0.004081009 0.999971628 0.006329385 -0.036303854 -0.013111459 -0.006382401 0.999893665 0.213020654
0 0.622731987 1.107079046 0.500000000 0.500000000 0.000000000 0.000000000 0.999901652 0.004078199 0.013419766 -0.459877694 -0.004162664 0.999971688 0.006272178 -0.036169235 -0.013393807 -0.006327423 0.999890268 0.212451556
0 0.622731987 1.107079046 0.500000000 0.500000000 0.000000000 0.000000000 0.999898493 0.004123262 0.013637223 -0.464354704 -0.004207984 0.999971986 0.006189704 -0.035863195 -0.013611319 -0.006246461 0.999887824 0.211907848
0 0.622731987 1.107079046 0.500000000 0.500000000 0.000000000 0.000000000 0.999895930 0.004193821 0.013803974 -0.468735296 -0.004279657 0.999971628 0.006194588 -0.035798267 -0.013777604 -0.006253020 0.999885559 0.211256993
0 0.622731987 1.107079046 0.500000000 0.500000000 0.000000000 0.000000000 0.999891937 0.004254447 0.014070640 -0.473333911 -0.004340287 0.999972105 0.006075740 -0.035464498 -0.014044399 -0.006136154 0.999882519 0.210537476
0 0.622731987 1.107079046 0.500000000 0.500000000 0.000000000 0.000000000 0.999888837 0.004286903 0.014280431 -0.477853084 -0.004372651 0.999972582 0.005978771 -0.035089419 -0.014254409 -0.006040550 0.999880135 0.210073524
0 0.622731987 1.107079046 0.500000000 0.500000000 0.000000000 0.000000000 0.999886334 0.004401310 0.014421493 -0.482198927 -0.004486953 0.999972463 0.005911549 -0.034793678 -0.014395078 -0.005975585 0.999878526 0.209163654
0 0.622731987 1.107079046 0.500000000 0.500000000 0.000000000 0.000000000 0.999881983 0.004476791 0.014696922 -0.486895489 -0.004561997 0.999972939 0.005769132 -0.034306425 -0.014670697 -0.005835498 0.999875367 0.208373402
0 0.622731987 1.107079046 0.500000000 0.500000000 0.000000000 0.000000000 0.999879420 0.004529121 0.014853243 -0.491221873 -0.004614435 0.999972999 0.005714538 -0.034126009 -0.014826960 -0.005782388 0.999873340 0.207708680
0 0.622731987 1.107079046 0.500000000 0.500000000 0.000000000 0.000000000 0.999877036 0.004546310 0.015008915 -0.495633395 -0.004631630 0.999973297 0.005654732 -0.033760838 -0.014982806 -0.005723553 0.999871373 0.206717663
0 0.622731987 1.107079046 0.500000000 0.500000000 0.000000000 0.000000000 0.999872267 0.004616362 0.015301446 -0.500352774 -0.004702935 0.999973118 0.005626683 -0.033551154 -0.015275060 -0.005697926 0.999867082 0.205877790
0 0.622731987 1.107079046 0.500000000 0.500000000 0.000000000 0.000000000 0.999868333 0.004639756 0.015550192 -0.504918292 -0.004725142 0.999973953 0.005458731 -0.032987203 -0.015524460 -0.005531489 0.999864161 0.204890976
0 0.622731987 1.107079046 0.500000000 0.500000000 0.000000000 0.000000000 0.999866009 0.004742322 0.015669059 -0.509302239 -0.004827693 0.999973714 0.005415027 -0.032658441 -0.015642965 -0.005489946 0.999862552 0.203778744
0 0.622731987 1.107079046 0.500000000 0.500000000 0.000000000 0.000000000 0.999860942 0.004800017 0.015968760 -0.514070097 -0.004886015 0.999973774 0.005350768 -0.032220974 -0.015942657 -0.005428047 0.999858201 0.202622306
0 0.622731987 1.107079046 0.500000000 0.500000000 0.000000000 0.000000000 0.999857962 0.004857564 0.016140036 -0.518585868 -0.004941600 0.999974430 0.005170925 -0.031659680 -0.016114505 -0.005249948 0.999856353 0.201891943
0 0.622731987 1.107079046 0.500000000 0.500000000 0.000000000 0.000000000 0.999853551 0.004865595 0.016408436 -0.523270653 -0.004951159 0.999974310 0.005178079 -0.031415436 -0.016382821 -0.005258561 0.999851942 0.200771872
0 0.622731987 1.107079046 0.500000000 0.500000000 0.000000000 0.000000000 0.999849796 0.004899756 0.016625831 -0.527810485 -0.004986180 0.999974251 0.005160769 -0.031037778 -0.016600117 -0.005242893 0.999848485 0.199553440
0 0.622731987 1.107079046 0.500000000 0.500000000 0.000000000 0.000000000 0.999846756 0.004986466 0.016780745 -0.532357539 -0.005071587 0.999974489 0.005033786 -0.030470848 -0.016755216 -0.005118120 0.999846518 0.198572501
0 0.622731987 1.107079046 0.500000000 0.500000000 0.000000000 0.000000000 0.999841869 0.005044477 0.017054055 -0.537054837 -0.005129312 0.999974668 0.004934397 -0.029843114 -0.017028730 -0.005021092 0.999842405 0.197222515
0 0.622731987 1.107079046 0.500000000 0.500000000 0.000000000 0.000000000 0.999837279 0.005044535 0.017320380 -0.541801956 -0.005130179 0.999974787 0.004903830 -0.029461633 -0.017295206 -0.004991889 0.999837995 0.196052653
0 0.622731987 1.107079046 0.500000000 0.500000000 0.000000000 0.000000000 0.999832988 0.005144171 0.017537359 -0.546414448 -0.005229057 0.999974847 0.004797888 -0.028886360 -0.017512236 -0.004888790 0.999834716 0.194952184
0 0.622731987 1.107079046 0.500000000 0.500000000 0.000000000 0.000000000 0.999829710 0.005207081 0.017705198 -0.550941944 -0.005291905 0.999974728 0.004747441 -0.028445285 -0.017680030 -0.004840326 0.999831975 0.193656905
0 0.622731987 1.107079046 0.500000000 0.500000000 0.000000000 0.000000000 0.999824941 0.005251451 0.017957043 -0.555693772 -0.005335375 0.999975026 0.004628884 -0.027735205 -0.017932286 -0.004723881 0.999828041 0.192321906
0 0.622731987 1.107079046 0.500000000 0.500000000 0.000000000 0.000000000 0.999821603 0.005311697 0.018126428 -0.560208819 -0.005394336 0.999975264 0.004513185 -0.027110431 -0.018102007 -0.004610160 0.999825537 0.191161772
0 0.622731987 1.107079046 0.500000000 0.500000000 0.000000000 0.000000000 0.999816775 0.005342235 0.018381292 -0.564982778 -0.005424712 0.999975443 0.004440104 -0.026502318 -0.018357120 -0.004539004 0.999821186 0.189932363
0 0.622731987 1.107079046 0.500000000 0.500000000 0.000000000 0.000000000 0.999811828 0.005365769 0.018641349 -0.569804074 -0.005448399 0.999975562 0.004384628 -0.025878518 -0.018617367 -0.004485368 0.999816597 0.188425378
0 0.622731987 1.107079046 0.500000000 0.500000000 0.000000000 0.000000000 0.999807358 0.005362931 0.018881829 -0.574465950 -0.005444496 0.999976039 0.004271015 -0.025155017 -0.018858472 -0.004372994 0.999812603 0.187243470
0 0.622731987 1.107079046 0.500000000 0.500000000 0.000000000 0.000000000 0.999802649 0.005392252 0.019119214 -0.579180887 -0.005472937 0.999976337 0.004170323 -0.024404705 -0.019096276 -0.004274138 0.999808490 0.185872499
0 0.622731987 1.107079046 0.500000000 0.500000000 0.000000000 0.000000000 0.999797881 0.005427897 0.019358467 -0.583875412 -0.005509051 0.999976277 0.004141353 -0.023770388 -0.019335529 -0.004247162 0.999804020 0.184386091
0 0.622731987 1.107079046 0.500000000 0.500000000 0.000000000 0.000000000 0.999791980 0.005454294 0.019652188 -0.588678550 -0.005533961 0.999976695 0.004001772 -0.022970294 -0.019629903 -0.004109694 0.999798894 0.183091847
0 0.622731987 1.107079046 0.500000000 0.500000000 0.000000000 0.000000000 0.999787629 0.005454286 0.019872745 -0.593353978 -0.005535008 0.999976635 0.004009181 -0.022378619 -0.019850414 -0.004118325 0.999794483 0.181627216
0 0.622731987 1.107079046 0.500000000 0.500000000 0.000000000 0.000000000 0.999782741 0.005467460 0.020114161 -0.598093774 -0.005547122 0.999976993 0.003906837 -0.021511737 -0.020092336 -0.004017564 0.999790072 0.180230803
0 0.622731987 1.107079046 0.500000000 0.500000000 0.000000000 0.000000000 0.999775708 0.005516160 0.020447329 -0.603020472 -0.005595410 0.999977052 0.003820615 -0.020691501 -0.020425783 -0.003934170 0.999783635 0.178791750
0 0.622731987 1.107079046 0.500000000 0.500000000 0.000000000 0.000000000 0.999770761 0.005514218 0.020687658 -0.607749650 -0.005593121 0.999977291 0.003758073 -0.019880719 -0.020666465 -0.003872920 0.999778926 0.177291087
0 0.622731987 1.107079046 0.500000000 0.500000000 0.000000000 0.000000000 0.999765337 0.005529989 0.020945441 -0.612472824 -0.005608016 0.999977529 0.003668345 -0.018994454 -0.020924684 -0.003784947 0.999773920 0.175719658
0 0.622731987 1.107079046 0.500000000 0.500000000 0.000000000 0.000000000 0.999758422 0.005527422 0.021274311 -0.617409344 -0.005606159 0.999977648 0.003643132 -0.018306281 -0.021253698 -0.003761519 0.999767065 0.174286705
0 0.622731987 1.107079046 0.500000000 0.500000000 0.000000000 0.000000000 0.999752402 0.005507917 0.021558678 -0.622256128 -0.005583949 0.999978423 0.003468137 -0.017176033 -0.021539111 -0.003587661 0.999761581 0.172781127
0 0.622731987 1.107079046 0.500000000 0.500000000 0.000000000 0.000000000 0.999745965 0.005483261 0.021862658 -0.627124941 -0.005558926 0.999978781 0.003401675 -0.016287536 -0.021843541 -0.003522344 0.999755204 0.171334535
0 0.622731987 1.107079046 0.500000000 0.500000000 0.000000000 0.000000000 0.999741256 0.005485510 0.022074766 -0.631718624 -0.005560239 0.999979019 0.003325352 -0.015436699 -0.022056062 -0.003447232 0.999750793 0.169728269
0 0.622731987 1.107079046 0.500000000 0.500000000 0.000000000 0.000000000 0.999732971 0.005555536 0.022431476 -0.636674116 -0.005627086 0.999979258 0.003127845 -0.014194038 -0.022413634 -0.003253233 0.999743462 0.168077697
0 0.622731987 1.107079046 0.500000000 0.500000000 0.000000000 0.000000000 0.999727070 0.005512252 0.022703320 -0.641503967 -0.005583905 0.999979615 0.003093913 -0.013301245 -0.022685803 -0.003219842 0.999737442 0.166504454
0 0.622731987 1.107079046 0.500000000 0.500000000 0.000000000 0.000000000 0.999718308 0.005532407 0.023080766 -0.646497113 -0.005601262 0.999980032 0.002919648 -0.012169284 -0.023064153 -0.003048107 0.999729335 0.164995822
0 0.622731987 1.107079046 0.500000000 0.500000000 0.000000000 0.000000000 0.999710262 0.005548834 0.023422031 -0.651395056 -0.005616981 0.999980152 0.002844717 -0.011169172 -0.023405781 -0.002975454 0.999721646 0.163417206
0 0.622731987 1.107079046 0.500000000 0.500000000 0.000000000 0.000000000 0.999704361 0.005562292 0.023669507 -0.656069670 -0.005628711 0.999980390 0.002740410 -0.010073426 -0.023653800 -0.002872828 0.999716103 0.161770362
0 0.622731987 1.107079046 0.500000000 0.500000000 0.000000000 0.000000000 0.999695241 0.005582561 0.024046490 -0.661027778 -0.005648703 0.999980450 0.002683553 -0.009118340 -0.024031039 -0.002818567 0.999707222 0.160156379
0 0.622731987 1.107079046 0.500000000 0.500000000 0.000000000 0.000000000 0.999686420 0.005597296 0.024406819 -0.666027603 -0.005663344 0.999980509 0.002637849 -0.008163320 -0.024391577 -0.002775246 0.999698639 0.158569396
0 0.622731987 1.107079046 0.500000000 0.500000000 0.000000000 0.000000000 0.999677002 0.005563324 0.024798226 -0.671040260 -0.005626337 0.999981105 0.002471978 -0.006885372 -0.024784006 -0.002610702 0.999689400 0.157013043
0 0.622731987 1.107079046 0.500000000 0.500000000 0.000000000 0.000000000 0.999668062 0.005577687 0.025152011 -0.675990117 -0.005642333 0.999980986 0.002499965 -0.006026859 -0.025137587 -0.002641052 0.999680519 0.155286964
0 0.622731987 1.107079046 0.500000000 0.500000000 0.000000000 0.000000000 0.999659657 0.005536060 0.025494166 -0.680832373 -0.005597326 0.999981642 0.002332408 -0.004719042 -0.025480784 -0.002474313 0.999672234 0.153686096
0 0.622731987 1.107079046 0.500000000 0.500000000 0.000000000 0.000000000 0.999651670 0.005495894 0.025813058 -0.685712915 -0.005553903 0.999982238 0.002176112 -0.003452667 -0.025800640 -0.002318718 0.999664426 0.151900551
0 0.622731987 1.107079046 0.500000000 0.500000000 0.000000000 0.000000000 0.999642074 0.005438550 0.026193636 -0.690618806 -0.005493603 0.999982834 0.002030257 -0.002397616 -0.026182145 -0.002173428 0.999654830 0.150330739
0 0.622731987 1.107079046 0.500000000 0.500000000 0.000000000 0.000000000 0.999631763 0.005545723 0.026563250 -0.695530981 -0.005600224 0.999982357 0.001977805 -0.001166612 -0.026551813 -0.002125836 0.999645174 0.148779996
0 0.622731987 1.107079046 0.500000000 0.500000000 0.000000000 0.000000000 0.999620914 0.005488270 0.026980802 -0.700572520 -0.005541858 0.999982834 0.001911775 -0.000036322 -0.026969846 -0.002060574 0.999634147 0.147180795
0 0.622731987 1.107079046 0.500000000 0.500000000 0.000000000 0.000000000 0.999610364 0.005487170 0.027367387 -0.705608942 -0.005535897 0.999983251 0.001705058 0.001263638 -0.027357573 -0.001855896 0.999624014 0.145693860
