0 0.483406015 0.859388467 0.500000000 0.500000000 0.000000000 0.000000000 0.978453815 0.005415192 -0.206394672 0.162224244 -0.007445705 0.999931216 -0.009062531 0.092859951 0.206331402 0.010404022 0.978426874 -0.889126730
0 0.483406015 0.859388467 0.500000000 0.500000000 0.000000000 0.000000000 0.978684843 0.006063891 -0.205278322 0.157848719 -0.008182568 0.999921620 -0.009473672 0.095475845 0.205204785 0.010951444 0.978657782 -0.912348159
0 0.483406015 0.859388467 0.500000000 0.500000000 0.000000000 0.000000000 0.978789628 0.006553235 -0.204763159 0.156000156 -0.008904973 0.999904513 -0.010565792 0.101462541 0.204674378 0.012165098 0.978754520 -0.933758930
0 0.483406015 0.859388467 0.500000000 0.500000000 0.000000000 0.000000000 0.979114890 0.006980781 -0.203187704 0.151159009 -0.009179994 0.999909043 -0.009883094 0.099621393 0.203100234 0.011541946 0.979089916 -0.954167315
0 0.483406015 0.859388467 0.500000000 0.500000000 0.000000000 0.000000000 0.979386866 0.007130220 -0.201867655 0.147997920 -0.009502726 0.999896646 -0.010786086 0.104061690 0.201769888 0.012482044 0.979353428 -0.972021634
0 0.483406015 0.859388467 0.500000000 0.500000000 0.000000000 0.000000000 0.979824245 0.007688531 -0.199713185 0.141796739 -0.010184629 0.999882281 -0.011474056 0.108378661 0.199601457 0.013276563 0.979787230 -0.995507796
0 0.483406015 0.859388467 0.500000000 0.500000000 0.000000000 0.000000000 0.980332971 0.007692420 -0.197200686 0.134263050 -0.010138580 0.999883652 -0.011397824 0.109297982 0.197090060 0.013172997 0.980296910 -1.018612730
0 0.483406015 0.859388467 0.500000000 0.500000000 0.000000000 0.000000000 0.980697334 0.008342217 -0.195353970 0.129693074 -0.010977880 0.999862671 -0.012412884 0.114897444 0.195223585 0.014317855 0.980654240 -1.040969059
0 0.483406015 0.859388467 0.500000000 0.500000000 0.000000000 0.000000000 0.981336474 0.008907299 -0.192091972 0.120400893 -0.011466389 0.999859631 -0.012214654 0.115732946 0.191956222 0.014189287 0.981300890 -1.060092653
0 0.483406015 0.859388467 0.500000000 0.500000000 0.000000000 0.000000000 0.981876254 0.010118376 -0.189252838 0.112510538 -0.012242618 0.999874473 -0.010058657 0.110037531 0.189127296 0.012193307 0.981876850 -1.079067741
0 0.483406015 0.859388467 0.500000000 0.500000000 0.000000000 0.000000000 0.982258022 0.010233957 -0.187255070 0.108183127 -0.012497058 0.999862373 -0.010909109 0.114629663 0.187117651 0.013055697 0.982250750 -1.098967417
0 0.483406015 0.859388467 0.500000000 0.500000000 0.000000000 0.000000000 0.982711792 0.010847301 -0.184823826 0.102466593 -0.013055901 0.999857128 -0.010736910 0.115990591 0.184680954 0.012964329 0.982713044 -1.116356075
0 0.483406015 0.859388467 0.500000000 0.500000000 0.000000000 0.000000000 0.983008802 0.010298538 -0.183269456 0.100815057 -0.012599478 0.999855697 -0.011394951 0.120020976 0.183125660 0.013510436 0.982996702 -1.135781701
0 0.483406015 0.859388467 0.500000000 0.500000000 0.000000000 0.000000000 0.983399034 0.010277768 -0.181165010 0.097560146 -0.012513050 0.999858975 -0.011199748 0.120813261 0.181024343 0.013280748 0.983388960 -1.150291475
0 0.483406015 0.859388467 0.500000000 0.500000000 0.000000000 0.000000000 0.984063566 0.009964217 -0.177537531 0.089008338 -0.011772535 0.999888957 -0.009135032 0.113961968 0.177426800 0.011079519 0.984071612 -1.167537703
0 0.483406015 0.859388467 0.500000000 0.500000000 0.000000000 0.000000000 0.984461010 0.010444088 -0.175292283 0.084328300 -0.012485909 0.999866426 -0.010549228 0.121845077 0.175158694 0.012573987 0.984459937 -1.181877570
0 0.483406015 0.859388467 0.500000000 0.500000000 0.000000000 0.000000000 0.985044360 0.009335525 -0.172047913 0.077115526 -0.011309750 0.999880910 -0.010498195 0.121993622 0.171929419 0.012287007 0.985032618 -1.199303737
0 0.483406015 0.859388467 0.500000000 0.500000000 0.000000000 0.000000000 0.985472560 0.009932988 -0.169543982 0.072761660 -0.011530465 0.999897897 -0.008440183 0.115691062 0.169442832 0.010272490 0.985486507 -1.216152696
0 0.483406015 0.859388467 0.500000000 0.500000000 0.000000000 0.000000000 0.985922515 0.009313188 -0.166943297 0.067385421 -0.011104018 0.999890327 -0.009796945 0.122827450 0.166833743 0.011512770 0.985917807 -1.230541974
0 0.483406015 0.859388467 0.500000000 0.500000000 0.000000000 0.000000000 0.986202180 0.007874525 -0.165358096 0.066253714 -0.009611518 0.999906719 -0.009706868 0.122818666 0.165266231 0.011162276 0.986185849 -1.245408589
0 0.483406015 0.859388467 0.500000000 0.500000000 0.000000000 0.000000000 0.986520469 0.006596711 -0.163504779 0.064360011 -0.008460767 0.999906898 -0.010706862 0.127366325 0.163418934 0.011945914 0.986484468 -1.260245513
0 0.483406015 0.859388467 0.500000000 0.500000000 0.000000000 0.000000000 0.986897528 0.005373414 -0.161258847 0.060540857 -0.007340159 0.999905765 -0.011602942 0.131552056 0.161181301 0.012634580 0.986843944 -1.274145235
0 0.483406015 0.859388467 0.500000000 0.500000000 0.000000000 0.000000000 0.987338126 0.004197667 -0.158574417 0.054975523 -0.006222685 0.999905288 -0.012275776 0.135095350 0.158507869 0.013107100 0.987270713 -1.288834803
0 0.483406015 0.859388467 0.500000000 0.500000000 0.000000000 0.000000000 0.987560809 0.002816784 -0.157212257 0.054927386 -0.004884713 0.999906540 -0.012768915 0.137932457 0.157161608 0.013378017 0.987482309 -1.302609101
0 0.483406015 0.859388467 0.500000000 0.500000000 0.000000000 0.000000000 0.987862468 0.001950647 -0.155318782 0.052931166 -0.004104746 0.999899805 -0.013549375 0.142392431 0.155276775 0.014022463 0.987771451 -1.317134127
0 0.483406015 0.859388467 0.500000000 0.500000000 0.000000000 0.000000000 0.988181353 0.001425463 -0.153282493 0.050208525 -0.003614122 0.999895453 -0.014000902 0.145064043 0.153246522 0.014389412 0.988083243 -1.331558924
0 0.483406015 0.859388467 0.500000000 0.500000000 0.000000000 0.000000000 0.988476276 0.001123202 -0.151371628 0.047639308 -0.003346166 0.999890268 -0.014431546 0.148047668 0.151338816 0.014771756 0.988371551 -1.347062567
0 0.483406015 0.859388467 0.500000000 0.500000000 0.000000000 0.000000000 0.988772631 0.000349237 -0.149427503 0.045080616 -0.002643728 0.999881625 -0.015156853 0.151377583 0.149404526 0.015381726 0.988656521 -1.361426504
0 0.483406015 0.859388467 0.500000000 0.500000000 0.000000000 0.000000000 0.989068985 0.000057172 -0.147453696 0.042088330 -0.002342087 0.999879837 -0.015322235 0.153361248 0.147435099 0.015500098 0.988950253 -1.376657183
0 0.483406015 0.859388467 0.500000000 0.500000000 0.000000000 0.000000000 0.989348769 -0.000538438 -0.145563602 0.039631895 -0.001666359 0.999885738 -0.015024271 0.153424819 0.145555064 0.015106805 0.989234805 -1.393653713
0 0.483406015 0.859388467 0.500000000 0.500000000 0.000000000 0.000000000 0.989605784 -0.001343006 -0.143800408 0.037626054 -0.001008477 0.999866962 -0.016278271 0.160058914 0.143803135 0.016254090 0.989472806 -1.410289178
0 0.483406015 0.859388467 0.500000000 0.500000000 0.000000000 0.000000000 0.989870906 -0.002316493 -0.141951367 0.035047784 0.000003170 0.999867260 -0.016294643 0.161176987 0.141970277 0.016129144 0.989739478 -1.427304669
0 0.483406015 0.859388467 0.500000000 0.500000000 0.000000000 0.000000000 0.990145087 -0.003043799 -0.140012264 0.032502221 0.000733780 0.999862790 -0.016547360 0.163121749 0.140043423 0.016281549 0.990011513 -1.442627147
0 0.483406015 0.859388467 0.500000000 0.500000000 0.000000000 0.000000000 0.990456820 -0.003455486 -0.137779966 0.028438661 0.001209127 0.999865055 -0.016384322 0.164050884 0.137817994 0.016061371 0.990327358 -1.460359667
0 0.483406015 0.859388467 0.500000000 0.500000000 0.000000000 0.000000000 0.990725696 -0.004117776 -0.135814816 0.025551453 0.001900481 0.999862850 -0.016451485 0.165324554 0.135863945 0.016040795 0.990597665 -1.477500134
0 0.483406015 0.859388467 0.500000000 0.500000000 0.000000000 0.000000000 0.991008937 -0.004877095 -0.133706793 0.022095110 0.002678379 0.999858320 -0.016619248 0.167426205 0.133768901 0.016111705 0.990881562 -1.493001631
0 0.483406015 0.859388467 0.500000000 0.500000000 0.000000000 0.000000000 0.991339624 -0.005267264 -0.131217316 0.017709540 0.003169977 0.999863982 -0.016187072 0.167034927 0.131284729 0.015630931 0.991221488 -1.508880153
0 0.483406015 0.859388467 0.500000000 0.500000000 0.000000000 0.000000000 0.991689980 -0.005814178 -0.128519192 0.012285192 0.003765204 0.999862015 -0.016180161 0.168438763 0.128595531 0.015561802 0.991575003 -1.524287390
0 0.483406015 0.859388467 0.500000000 0.500000000 0.000000000 0.000000000 0.992059588 -0.006271694 -0.125612378 0.006605785 0.004319400 0.999865711 -0.015808554 0.168497120 0.125694647 0.015140457 0.991953433 -1.539292101
0 0.483406015 0.859388467 0.500000000 0.500000000 0.000000000 0.000000000 0.992404521 -0.006733039 -0.122833133 0.000961217 0.004834346 0.999864280 -0.015749000 0.170120308 0.122922502 0.015035560 0.992302358 -1.556171322
0 0.483406015 0.859388467 0.500000000 0.500000000 0.000000000 0.000000000 0.992790282 -0.007130428 -0.119652100 -0.006302519 0.005262259 0.999859393 -0.015922040 0.172849326 0.119748801 0.015177605 0.992688179 -1.571847893
0 0.483406015 0.859388467 0.500000000 0.500000000 0.000000000 0.000000000 0.993142605 -0.007297675 -0.116681106 -0.012366107 0.005483453 0.999859154 -0.015862005 0.174014491 0.116780423 0.015113418 0.993042767 -1.586918674
0 0.483406015 0.859388467 0.500000000 0.500000000 0.000000000 0.000000000 0.993527234 -0.007263431 -0.113361634 -0.020115393 0.005540615 0.999864459 -0.015505197 0.174724270 0.113458887 0.014776742 0.993432820 -1.602308235
0 0.483406015 0.859388467 0.500000000 0.500000000 0.000000000 0.000000000 0.993900418 -0.007630304 -0.110016964 -0.027235447 0.005979340 0.999864638 -0.015328569 0.175166612 0.110119037 0.014577243 0.993811488 -1.618246326
0 0.483406015 0.859388467 0.500000000 0.500000000 0.000000000 0.000000000 0.994264483 -0.007999555 -0.106649600 -0.034710957 0.006402799 0.999862373 -0.015305997 0.176531597 0.106757358 0.014535354 0.994178832 -1.633024382
0 0.483406015 0.859388467 0.500000000 0.500000000 0.000000000 0.000000000 0.994654059 -0.008303061 -0.102929048 -0.043581713 0.006759215 0.999859512 -0.015338862 0.178636497 0.103041947 0.014561142 0.994570434 -1.649202227
0 0.483406015 0.859388467 0.500000000 0.500000000 0.000000000 0.000000000 0.995004117 -0.008999316 -0.099427529 -0.051670153 0.007508511 0.999853849 -0.015357927 0.179905022 0.099551216 0.014534648 0.994926274 -1.665514366
0 0.483406015 0.859388467 0.500000000 0.500000000 0.000000000 0.000000000 0.995372176 -0.009323992 -0.095641769 -0.060376772 0.007922567 0.999855757 -0.015022138 0.179896132 0.095768042 0.014194890 0.995302439 -1.680664712
0 0.483406015 0.859388467 0.500000000 0.500000000 0.000000000 0.000000000 0.995777130 -0.009667746 -0.091293365 -0.071110403 0.008312306 0.999849677 -0.015215652 0.182097174 0.091426745 0.014392540 0.995707810 -1.696166800
0 0.483406015 0.859388467 0.500000000 0.500000000 0.000000000 0.000000000 0.996108234 -0.010457050 -0.087516181 -0.080029718 0.009123787 0.999836385 -0.015620640 0.184870332 0.087665200 0.014761369 0.996040642 -1.713772705
0 0.483406015 0.859388467 0.500000000 0.500000000 0.000000000 0.000000000 0.996458113 -0.010647507 -0.083413810 -0.090589203 0.009377834 0.999834359 -0.015598428 0.186456085 0.083566077 0.014760939 0.996392906 -1.728110908
0 0.483406015 0.859388467 0.500000000 0.500000000 0.000000000 0.000000000 0.996742308 -0.011159796 -0.079876259 -0.098870585 0.009936866 0.999827504 -0.015691470 0.188062033 0.080037594 0.014846632 0.996681273 -1.743469605
0 0.483406015 0.859388467 0.500000000 0.500000000 0.000000000 0.000000000 0.997015953 -0.011527051 -0.076329939 -0.107658213 0.010350465 0.999821723 -0.015792202 0.189670922 0.076498367 0.014955028 0.996957541 -1.760205748
0 0.483406015 0.859388467 0.500000000 0.500000000 0.000000000 0.000000000 0.997304797 -0.011388822 -0.072480917 -0.117278722 0.010303701 0.999829412 -0.015327486 0.190441351 0.072643116 0.014539354 0.997251987 -1.772654082
0 0.483406015 0.859388467 0.500000000 0.500000000 0.000000000 0.000000000 0.997526228 -0.012041926 -0.069256254 -0.124948057 0.010955292 0.999811172 -0.016048539 0.194269043 0.069436431 0.015250117 0.997469783 -1.788426213
0 0.483406015 0.859388467 0.500000000 0.500000000 0.000000000 0.000000000 0.997746170 -0.012449212 -0.065936156 -0.132700887 0.011446733 0.999813437 -0.015559829 0.194294619 0.066117555 0.014770006 0.997702539 -1.801126239
0 0.483406015 0.859388467 0.500000000 0.500000000 0.000000000 0.000000000 0.997907043 -0.013237526 -0.063295022 -0.137464303 0.012250888 0.999797702 -0.015950704 0.196398588 0.063493371 0.015141901 0.997867405 -1.813867276
0 0.483406015 0.859388467 0.500000000 0.500000000 0.000000000 0.000000000 0.998100519 -0.013523234 -0.060103390 -0.145161578 0.012555542 0.999785900 -0.016449062 0.200115903 0.060312964 0.015663188 0.998056591 -1.826967418
0 0.483406015 0.859388467 0.500000000 0.500000000 0.000000000 0.000000000 0.998272419 -0.014536463 -0.056928989 -0.152945416 0.013567683 0.999757111 -0.017367048 0.204696517 0.057167616 0.016564650 0.998227179 -1.840870314
0 0.483406015 0.859388467 0.500000000 0.500000000 0.000000000 0.000000000 0.998440266 -0.014322217 -0.053962417 -0.159701113 0.013416759 0.999763668 -0.017104514 0.205620306 0.054194640 0.016353834 0.998396456 -1.853254164
0 0.483406015 0.859388467 0.500000000 0.500000000 0.000000000 0.000000000 0.998612881 -0.015059040 -0.050453681 -0.168862323 0.014204383 0.999750197 -0.017255414 0.207588276 0.050700929 0.016514815 0.998577297 -1.867700888
0 0.483406015 0.859388467 0.500000000 0.500000000 0.000000000 0.000000000 0.998751760 -0.015235100 -0.047568738 -0.175913806 0.014426121 0.999746203 -0.017303791 0.209695235 0.047820292 0.016595960 0.998718083 -1.881062967
0 0.483406015 0.859388467 0.500000000 0.500000000 0.000000000 0.000000000 0.998881638 -0.015734864 -0.044586066 -0.182421226 0.014962384 0.999733031 -0.017606726 0.212039155 0.044851203 0.016919920 0.998850405 -1.892703292
0 0.483406015 0.859388467 0.500000000 0.500000000 0.000000000 0.000000000 0.998976707 -0.016569119 -0.042083915 -0.187493892 0.015832018 0.999716401 -0.017788369 0.213675082 0.042366717 0.017103892 0.998955727 -1.905511771
0 0.483406015 0.859388467 0.500000000 0.500000000 0.000000000 0.000000000 0.999069989 -0.017174283 -0.039549563 -0.192878146 0.016464220 0.999698639 -0.018210048 0.216675434 0.039850388 0.017541960 0.999051690 -1.918217297
0 0.483406015 0.859388467 0.500000000 0.500000000 0.000000000 0.000000000 0.999152124 -0.017841766 -0.037103746 -0.198256666 0.017142490 0.999670982 -0.019080034 0.221104158 0.037431963 0.018427804 0.999129236 -1.930246982
0 0.483406015 0.859388467 0.500000000 0.500000000 0.000000000 0.000000000 0.999219716 -0.018441901 -0.034926068 -0.202631240 0.017760780 0.999647915 -0.019712659 0.224554510 0.035277311 0.019076964 0.999195457 -1.942818420
0 0.483406015 0.859388467 0.500000000 0.500000000 0.000000000 0.000000000 0.999294043 -0.018774636 -0.032540575 -0.207686365 0.018122567 0.999631286 -0.020219080 0.228234885 0.032908183 0.019615088 0.999265909 -1.954506643
0 0.483406015 0.859388467 0.500000000 0.500000000 0.000000000 0.000000000 0.999360859 -0.019099731 -0.030218018 -0.212906505 0.018485978 0.999619722 -0.020461494 0.230577747 0.030597337 0.019889805 0.999333858 -1.966384104
0 0.483406015 0.859388467 0.500000000 0.500000000 0.000000000 0.000000000 0.999408364 -0.019596402 -0.028264042 -0.217296751 0.019004386 0.999597490 -0.021064654 0.234128396 0.028665455 0.020515051 0.999378502 -1.978934835
0 0.483406015 0.859388467 0.500000000 0.500000000 0.000000000 0.000000000 0.999446869 -0.020062961 -0.026522826 -0.220781673 0.019492658 0.999576867 -0.021588767 0.237564380 0.026944738 0.021059826 0.999415040 -1.992711103
0 0.483406015 0.859388467 0.500000000 0.500000000 0.000000000 0.000000000 0.999488592 -0.020229243 -0.024765112 -0.224800805 0.019695282 0.999572277 -0.021618338 0.239164513 0.025191842 0.021119526 0.999459505 -2.006750737
0 0.483406015 0.859388467 0.500000000 0.500000000 0.000000000 0.000000000 0.999512255 -0.020870011 -0.023231274 -0.228264703 0.020348117 0.999540210 -0.022479309 0.243966752 0.023689736 0.021995632 0.999477386 -2.020663322
0 0.483406015 0.859388467 0.500000000 0.500000000 0.000000000 0.000000000 0.999529302 -0.021315860 -0.022063330 -0.230869113 0.020806586 0.999517560 -0.023060126 0.247715584 0.022544233 0.022590211 0.999490619 -2.036570305
0 0.483406015 0.859388467 0.500000000 0.500000000 0.000000000 0.000000000 0.999552011 -0.021634726 -0.020682538 -0.233892062 0.021139096 0.999491096 -0.023889193 0.252626583 0.021188850 0.023441281 0.999500632 -2.051239290
0 0.483406015 0.859388467 0.500000000 0.500000000 0.000000000 0.000000000 0.999575973 -0.021839963 -0.019259516 -0.236811459 0.021363879 0.999469340 -0.024588110 0.257122686 0.019786300 0.024166225 0.999512136 -2.066247179
0 0.483406015 0.859388467 0.500000000 0.500000000 0.000000000 0.000000000 0.999596715 -0.021935934 -0.018033685 -0.239913714 0.021474609 0.999446988 -0.025388859 0.262824897 0.018580640 0.024991354 0.999514997 -2.083380547
0 0.483406015 0.859388467 0.500000000 0.500000000 0.000000000 0.000000000 0.999601543 -0.022508817 -0.017031344 -0.241693155 0.022063879 0.999421656 -0.025876464 0.265619500 0.017603941 0.025490377 0.999520063 -2.098047992
0 0.483406015 0.859388467 0.500000000 0.500000000 0.000000000 0.000000000 0.999607861 -0.022710573 -0.016383249 -0.241974509 0.022275552 0.999406815 -0.026263719 0.269153350 0.016969996 0.025888473 0.999520779 -2.113687883
0 0.483406015 0.859388467 0.500000000 0.500000000 0.000000000 0.000000000 0.999620855 -0.022554500 -0.015794747 -0.242026437 0.022129515 0.999401629 -0.026583521 0.273008610 0.016384874 0.026223911 0.999521792 -2.129654589
0 0.483406015 0.859388467 0.500000000 0.500000000 0.000000000 0.000000000 0.999630332 -0.022774979 -0.014847421 -0.244186917 0.022362571 0.999375105 -0.027374638 0.278275504 0.015461599 0.027032493 0.999514997 -2.145826409
