0 0.479422108 0.852306021 0.500000000 0.500000000 0.000000000 0.000000000 0.999210179 0.003995075 0.039536260 -0.381318191 -0.004173481 0.999981463 0.004430969 -0.116169685 -0.039517827 -0.004592473 0.999208331 -1.064323992
0 0.479422108 0.852306021 0.500000000 0.500000000 0.000000000 0.000000000 0.999177396 0.004102388 0.040344279 -0.385840927 -0.004278793 0.999981642 0.004287121 -0.117485294 -0.040325955 -0.004456219 0.999176621 -1.075402769
0 0.479422108 0.852306021 0.500000000 0.500000000 0.000000000 0.000000000 0.999148130 0.004012361 0.041071907 -0.390042670 -0.004184511 0.999982834 0.004106342 -0.118051202 -0.041054726 -0.004274710 0.999147773 -1.085392541
0 0.479422108 0.852306021 0.500000000 0.500000000 0.000000000 0.000000000 0.999115229 0.004127892 0.041852880 -0.394757845 -0.004292063 0.999983430 0.003833489 -0.118791257 -0.041836362 -0.004009732 0.999116421 -1.095786004
0 0.479422108 0.852306021 0.500000000 0.500000000 0.000000000 0.000000000 0.999084592 0.004273353 0.042564567 -0.398700376 -0.004431812 0.999983609 0.003629109 -0.120051374 -0.042548358 -0.003814425 0.999087155 -1.107318655
0 0.479422108 0.852306021 0.500000000 0.500000000 0.000000000 0.000000000 0.999049723 0.004278752 0.043373894 -0.403121066 -0.004427534 0.999984622 0.003334717 -0.120545537 -0.043358959 -0.003523587 0.999053359 -1.117665092
0 0.479422108 0.852306021 0.500000000 0.500000000 0.000000000 0.000000000 0.999023259 0.004196740 0.043987934 -0.407011554 -0.004328877 0.999986410 0.002909102 -0.120545942 -0.043975126 -0.003096678 0.999027848 -1.128405998
0 0.479422108 0.852306021 0.500000000 0.500000000 0.000000000 0.000000000 0.998993933 0.004210809 0.044646859 -0.411280399 -0.004322407 0.999987781 0.002403339 -0.120646002 -0.044636190 -0.002593903 0.998999953 -1.138905576
0 0.479422108 0.852306021 0.500000000 0.500000000 0.000000000 0.000000000 0.998957932 0.004469446 0.045420513 -0.415786466 -0.004563134 0.999987662 0.001959202 -0.120871394 -0.045411196 -0.002164420 0.998966038 -1.149567544
0 0.479422108 0.852306021 0.500000000 0.500000000 0.000000000 0.000000000 0.998920619 0.004541877 0.046227463 -0.420308703 -0.004614650 0.999988258 0.001467634 -0.120233034 -0.046220254 -0.001679373 0.998929858 -1.160085294
0 0.479422108 0.852306021 0.500000000 0.500000000 0.000000000 0.000000000 0.998881698 0.004429189 0.047072165 -0.424659107 -0.004472929 0.999989629 0.000823904 -0.118575451 -0.047068030 -0.001033533 0.998891175 -1.169513112
0 0.479422108 0.852306021 0.500000000 0.500000000 0.000000000 0.000000000 0.998839617 0.004659043 0.047934573 -0.429412670 -0.004680065 0.999988973 0.000326325 -0.118427989 -0.047932524 -0.000550283 0.998850405 -1.179861633
0 0.479422108 0.852306021 0.500000000 0.500000000 0.000000000 0.000000000 0.998794973 0.004647480 0.048857100 -0.434435988 -0.004638082 0.999989212 -0.000305731 -0.117154903 -0.048857994 0.000078759 0.998805761 -1.189603797
0 0.479422108 0.852306021 0.500000000 0.500000000 0.000000000 0.000000000 0.998749197 0.004856162 0.049763951 -0.439351832 -0.004814964 0.999987960 -0.000947725 -0.116201553 -0.049767952 0.000706928 0.998760581 -1.199583987
0 0.479422108 0.852306021 0.500000000 0.500000000 0.000000000 0.000000000 0.998707354 0.004770525 0.050605070 -0.443763484 -0.004691144 0.999987602 -0.001687314 -0.114813545 -0.050612491 0.001447737 0.998717308 -1.209857663
0 0.479422108 0.852306021 0.500000000 0.500000000 0.000000000 0.000000000 0.998657584 0.004844707 0.051570557 -0.448975496 -0.004726913 0.999985933 -0.002405837 -0.113257549 -0.051581487 0.002158838 0.998666465 -1.219462789
0 0.479422108 0.852306021 0.500000000 0.500000000 0.000000000 0.000000000 0.998607814 0.004909493 0.052520350 -0.454112764 -0.004752367 0.999983847 -0.003116190 -0.112018915 -0.052534800 0.002862256 0.998614967 -1.229441205
0 0.479422108 0.852306021 0.500000000 0.500000000 0.000000000 0.000000000 0.998553991 0.004967123 0.053527594 -0.459617226 -0.004767504 0.999981225 -0.003856323 -0.110529975 -0.053545743 0.003595554 0.998558939 -1.238942092
0 0.479422108 0.852306021 0.500000000 0.500000000 0.000000000 0.000000000 0.998494327 0.005024003 0.054624718 -0.464863563 -0.004783124 0.999978244 -0.004539543 -0.109195985 -0.054646336 0.004271431 0.998496652 -1.249574504
0 0.479422108 0.852306021 0.500000000 0.500000000 0.000000000 0.000000000 0.998433650 0.005286755 0.055698264 -0.470752715 -0.005001528 0.999973655 -0.005259081 -0.108201892 -0.055724598 0.004972267 0.998433769 -1.260194152
0 0.479422108 0.852306021 0.500000000 0.500000000 0.000000000 0.000000000 0.998368502 0.005671801 0.056816526 -0.476767742 -0.005346576 0.999968469 -0.005874495 -0.107748456 -0.056848053 0.005561137 0.998367369 -1.270466531
0 0.479422108 0.852306021 0.500000000 0.500000000 0.000000000 0.000000000 0.998293400 0.006034637 0.058084801 -0.482951643 -0.005668821 0.999963045 -0.006460688 -0.107134157 -0.058121644 0.006120389 0.998290718 -1.281446833
0 0.479422108 0.852306021 0.500000000 0.500000000 0.000000000 0.000000000 0.998209536 0.006145986 0.059496991 -0.489423188 -0.005728743 0.999957800 -0.007180882 -0.105756361 -0.059538614 0.006827183 0.998202682 -1.291587557
0 0.479422108 0.852306021 0.500000000 0.500000000 0.000000000 0.000000000 0.998126864 0.005981868 0.060884830 -0.495464944 -0.005512598 0.999953806 -0.007872562 -0.103931802 -0.060929108 0.007522182 0.998113751 -1.300519169
0 0.479422108 0.852306021 0.500000000 0.500000000 0.000000000 0.000000000 0.998050511 0.006109295 0.062111985 -0.501819671 -0.005585044 0.999947309 -0.008610543 -0.102505113 -0.062161315 0.008246859 0.998032033 -1.310044407
0 0.479422108 0.852306021 0.500000000 0.500000000 0.000000000 0.000000000 0.997970164 0.006260995 0.063374735 -0.508356927 -0.005682702 0.999940574 -0.009301121 -0.101190174 -0.063429207 0.008922102 0.997946441 -1.319653175
0 0.479422108 0.852306021 0.500000000 0.500000000 0.000000000 0.000000000 0.997885823 0.006498554 0.064666070 -0.515259515 -0.005869091 0.999933600 -0.009919247 -0.100452200 -0.064726241 0.009518744 0.997857630 -1.329699005
0 0.479422108 0.852306021 0.500000000 0.500000000 0.000000000 0.000000000 0.997802496 0.006460574 0.065942548 -0.521619317 -0.005779309 0.999927998 -0.010516741 -0.099102002 -0.066005744 0.010112528 0.997767985 -1.338919000
0 0.479422108 0.852306021 0.500000000 0.500000000 0.000000000 0.000000000 0.997710168 0.006189467 0.067350768 -0.527715559 -0.005451438 0.999923110 -0.011136279 -0.097112630 -0.067414515 0.010743620 0.997667193 -1.348015875
0 0.479422108 0.852306021 0.500000000 0.500000000 0.000000000 0.000000000 0.997609079 0.005767383 0.068868771 -0.534580166 -0.004968011 0.999918342 -0.011772813 -0.094680286 -0.068931051 0.011402525 0.997556269 -1.356628753
0 0.479422108 0.852306021 0.500000000 0.500000000 0.000000000 0.000000000 0.997521043 0.005553603 0.070149153 -0.540468450 -0.004700859 0.999913096 -0.012315390 -0.093041893 -0.070211448 0.011955100 0.997460485 -1.365367258
0 0.479422108 0.852306021 0.500000000 0.500000000 0.000000000 0.000000000 0.997429371 0.005471414 0.071447060 -0.546843969 -0.004564791 0.999907076 -0.012846556 -0.091424036 -0.071510710 0.012487392 0.997361660 -1.374398734
0 0.479422108 0.852306021 0.500000000 0.500000000 0.000000000 0.000000000 0.997345626 0.005142291 0.072630890 -0.552739702 -0.004182589 0.999902010 -0.013359336 -0.089784842 -0.072692476 0.013020091 0.997269392 -1.383402191
0 0.479422108 0.852306021 0.500000000 0.500000000 0.000000000 0.000000000 0.997263014 0.005009445 0.073765852 -0.558940483 -0.003998393 0.999896109 -0.013847541 -0.088261081 -0.073827565 0.013514696 0.997179449 -1.392173264
0 0.479422108 0.852306021 0.500000000 0.500000000 0.000000000 0.000000000 0.997178614 0.004564468 0.074926153 -0.565175278 -0.003503393 0.999891818 -0.014286940 -0.086483546 -0.074983254 0.013984135 0.997086763 -1.400530133
0 0.479422108 0.852306021 0.500000000 0.500000000 0.000000000 0.000000000 0.997109413 0.004357017 0.075854383 -0.570579059 -0.003258817 0.999888182 -0.014595504 -0.085883621 -0.075909488 0.014306119 0.997012079 -1.409730528
0 0.479422108 0.852306021 0.500000000 0.500000000 0.000000000 0.000000000 0.997035086 0.004324009 0.076826468 -0.576426554 -0.003196830 0.999885559 -0.014788681 -0.085465538 -0.076881617 0.014499232 0.996934772 -1.418222636
0 0.479422108 0.852306021 0.500000000 0.500000000 0.000000000 0.000000000 0.996982753 0.004043575 0.077517763 -0.581219201 -0.002888156 0.999883175 -0.015011536 -0.085206483 -0.077569410 0.014742359 0.996877968 -1.427590466
0 0.479422108 0.852306021 0.500000000 0.500000000 0.000000000 0.000000000 0.996933818 0.004108783 0.078141600 -0.585514497 -0.002941110 0.999882400 -0.015052263 -0.086191801 -0.078194261 0.014776287 0.996828616 -1.437633467
0 0.479422108 0.852306021 0.500000000 0.500000000 0.000000000 0.000000000 0.996885121 0.003952381 0.078767993 -0.590452951 -0.002775348 0.999882936 -0.015046910 -0.086693750 -0.078818239 0.014781432 0.996779382 -1.447825331
0 0.479422108 0.852306021 0.500000000 0.500000000 0.000000000 0.000000000 0.996838927 0.003749649 0.079360157 -0.595197591 -0.002565336 0.999883890 -0.015019963 -0.087351865 -0.079407260 0.014768898 0.996732831 -1.458276866
0 0.479422108 0.852306021 0.500000000 0.500000000 0.000000000 0.000000000 0.996803522 0.003544979 0.079813369 -0.599815168 -0.002360518 0.999885738 -0.014929849 -0.088316505 -0.079857178 0.014693725 0.996698022 -1.467992534
0 0.479422108 0.852306021 0.500000000 0.500000000 0.000000000 0.000000000 0.996784151 0.003424345 0.080059908 -0.603429056 -0.002248950 0.999888420 -0.014767013 -0.089831459 -0.080101550 0.014539474 0.996680677 -1.478437764
0 0.479422108 0.852306021 0.500000000 0.500000000 0.000000000 0.000000000 0.996753216 0.003213030 0.080453157 -0.608107529 -0.002053262 0.999892831 -0.014494036 -0.091086996 -0.080491111 0.014281785 0.996653020 -1.489214229
0 0.479422108 0.852306021 0.500000000 0.500000000 0.000000000 0.000000000 0.996736705 0.002801444 0.080672473 -0.612159312 -0.001658605 0.999897361 -0.014229937 -0.092528442 -0.080704056 0.014049697 0.996639073 -1.499819345
0 0.479422108 0.852306021 0.500000000 0.500000000 0.000000000 0.000000000 0.996720731 0.002328806 0.080885164 -0.616355590 -0.001193199 0.999900103 -0.014085241 -0.092891173 -0.080909885 0.013942539 0.996623874 -1.508938761
0 0.479422108 0.852306021 0.500000000 0.500000000 0.000000000 0.000000000 0.996714890 0.001939081 0.080967046 -0.620184099 -0.000829918 0.999905407 -0.013730355 -0.094191453 -0.080986008 0.013618053 0.996622205 -1.520474434
0 0.479422108 0.852306021 0.500000000 0.500000000 0.000000000 0.000000000 0.996704698 0.001522032 0.081101455 -0.624922148 -0.000436290 0.999910057 -0.013403497 -0.095058282 -0.081114560 0.013323944 0.996615708 -1.530805973
0 0.479422108 0.852306021 0.500000000 0.500000000 0.000000000 0.000000000 0.996700168 0.001201169 0.081162527 -0.629008191 -0.000145114 0.999915302 -0.013016249 -0.096474472 -0.081171289 0.012961520 0.996615887 -1.540348530
0 0.479422108 0.852306021 0.500000000 0.500000000 0.000000000 0.000000000 0.996705711 0.000761507 0.081099547 -0.633632939 0.000264534 0.999920070 -0.012640128 -0.097231337 -0.081102692 0.012619941 0.996625841 -1.551070858
0 0.479422108 0.852306021 0.500000000 0.500000000 0.000000000 0.000000000 0.996708810 0.000418986 0.081063673 -0.637803716 0.000569070 0.999925852 -0.012165149 -0.098391791 -0.081062756 0.012171242 0.996634662 -1.561922345
0 0.479422108 0.852306021 0.500000000 0.500000000 0.000000000 0.000000000 0.996717393 -0.000011796 0.080959141 -0.641851157 0.000958605 0.999931633 -0.011656047 -0.099549061 -0.080953471 0.011695392 0.996649265 -1.572758503
0 0.479422108 0.852306021 0.500000000 0.500000000 0.000000000 0.000000000 0.996731520 -0.000466674 0.080783769 -0.645896558 0.001367160 0.999937534 -0.011091923 -0.101191952 -0.080773547 0.011166114 0.996669948 -1.584831831
0 0.479422108 0.852306021 0.500000000 0.500000000 0.000000000 0.000000000 0.996739268 -0.000812520 0.080685623 -0.650818312 0.001664740 0.999943554 -0.010495522 -0.102671285 -0.080672540 0.010595620 0.996684313 -1.595691248
0 0.479422108 0.852306021 0.500000000 0.500000000 0.000000000 0.000000000 0.996749282 -0.001349228 0.080554917 -0.655172473 0.002168265 0.999946833 -0.010080830 -0.102849921 -0.080537029 0.010222725 0.996699214 -1.607298598
0 0.479422108 0.852306021 0.500000000 0.500000000 0.000000000 0.000000000 0.996773303 -0.001835212 0.080247156 -0.659189725 0.002609980 0.999951005 -0.009550946 -0.104146909 -0.080225691 0.009729572 0.996729255 -1.616885746
0 0.479422108 0.852306021 0.500000000 0.500000000 0.000000000 0.000000000 0.996784031 -0.002210675 0.080104291 -0.663715928 0.002942825 0.999954939 -0.009023057 -0.104745125 -0.080080740 0.009229773 0.996745646 -1.626787159
0 0.479422108 0.852306021 0.500000000 0.500000000 0.000000000 0.000000000 0.996795118 -0.002694151 0.079951584 -0.667569854 0.003383591 0.999958217 -0.008488989 -0.106059780 -0.079925373 0.008732307 0.996762574 -1.635822332
0 0.479422108 0.852306021 0.500000000 0.500000000 0.000000000 0.000000000 0.996815622 -0.002983168 0.079684883 -0.672000643 0.003630053 0.999961615 -0.007974409 -0.107252282 -0.079658039 0.008238276 0.996788204 -1.645201763
0 0.479422108 0.852306021 0.500000000 0.500000000 0.000000000 0.000000000 0.996834457 -0.003656806 0.079421312 -0.676107023 0.004263165 0.999963045 -0.007466496 -0.108214645 -0.079391070 0.007781447 0.996813178 -1.655456378
0 0.479422108 0.852306021 0.500000000 0.500000000 0.000000000 0.000000000 0.996850312 -0.004168151 0.079196349 -0.680516053 0.004733955 0.999964595 -0.006957913 -0.109321348 -0.079164542 0.007310910 0.996834755 -1.665632942
0 0.479422108 0.852306021 0.500000000 0.500000000 0.000000000 0.000000000 0.996872842 -0.004635751 0.078886442 -0.685637306 0.005154114 0.999966443 -0.006368659 -0.111166057 -0.078854270 0.006755332 0.996863246 -1.676426948
0 0.479422108 0.852306021 0.500000000 0.500000000 0.000000000 0.000000000 0.996885598 -0.005018834 0.078701064 -0.689161696 0.005501185 0.999967396 -0.005913288 -0.112374004 -0.078668818 0.006327821 0.996880710 -1.685086056
0 0.479422108 0.852306021 0.500000000 0.500000000 0.000000000 0.000000000 0.996894956 -0.005336577 0.078562230 -0.694381720 0.005777079 0.999968827 -0.005380834 -0.113882297 -0.078531064 0.005817987 0.996894717 -1.694399211
0 0.479422108 0.852306021 0.500000000 0.500000000 0.000000000 0.000000000 0.996913493 -0.005780471 0.078295015 -0.699879767 0.006181078 0.999969006 -0.004875261 -0.115955899 -0.078264408 0.005344161 0.996918321 -1.704403832
0 0.479422108 0.852306021 0.500000000 0.500000000 0.000000000 0.000000000 0.996923149 -0.006175981 0.078141637 -0.704895946 0.006545707 0.999968529 -0.004476218 -0.116419957 -0.078111537 0.004973937 0.996932209 -1.713889395
0 0.479422108 0.852306021 0.500000000 0.500000000 0.000000000 0.000000000 0.996936321 -0.006494245 0.077947691 -0.709824823 0.006834690 0.999968231 -0.004101613 -0.117420421 -0.077918582 0.004621795 0.996949017 -1.722888817
0 0.479422108 0.852306021 0.500000000 0.500000000 0.000000000 0.000000000 0.996962488 -0.006724550 0.077592038 -0.713940541 0.007026548 0.999968767 -0.003619767 -0.118735485 -0.077565268 0.004153976 0.996978641 -1.731993094
0 0.479422108 0.852306021 0.500000000 0.500000000 0.000000000 0.000000000 0.996971548 -0.007120479 0.077440277 -0.718739194 0.007408367 0.999966681 -0.003430899 -0.119130690 -0.077413268 0.003994215 0.996991098 -1.740761517
0 0.479422108 0.852306021 0.500000000 0.500000000 0.000000000 0.000000000 0.996978879 -0.007170774 0.077341244 -0.725234577 0.007425327 0.999967933 -0.003004234 -0.120042571 -0.077317223 0.003569442 0.997000158 -1.750179785
0 0.479422108 0.852306021 0.500000000 0.500000000 0.000000000 0.000000000 0.996994138 -0.007462120 0.077116847 -0.729803611 0.007704184 0.999966264 -0.002841893 -0.120202463 -0.077093042 0.003427474 0.997018039 -1.759296436
0 0.479422108 0.852306021 0.500000000 0.500000000 0.000000000 0.000000000 0.996986806 -0.007792570 0.077178702 -0.735351860 0.008029323 0.999963939 -0.002757755 -0.119930160 -0.077154428 0.003369138 0.997013450 -1.767436837
0 0.479422108 0.852306021 0.500000000 0.500000000 0.000000000 0.000000000 0.996993482 -0.008091887 0.077062123 -0.740798739 0.008319013 0.999961972 -0.002626752 -0.119752384 -0.077037938 0.003259936 0.997022808 -1.775919413
0 0.479422108 0.852306021 0.500000000 0.500000000 0.000000000 0.000000000 0.997003973 -0.008310207 0.076902933 -0.746541870 0.008534146 0.999960244 -0.002583790 -0.119244040 -0.076878399 0.003232350 0.997035265 -1.785721156
0 0.479422108 0.852306021 0.500000000 0.500000000 0.000000000 0.000000000 0.997007489 -0.008697495 0.076813847 -0.751681238 0.008922492 0.999956846 -0.002586402 -0.118874615 -0.076788038 0.003264033 0.997042120 -1.794669722
0 0.479422108 0.852306021 0.500000000 0.500000000 0.000000000 0.000000000 0.997018874 -0.009231390 0.076603532 -0.757139655 0.009464554 0.999951601 -0.002681284 -0.118576444 -0.076575071 0.003398309 0.997058034 -1.805025675
0 0.479422108 0.852306021 0.500000000 0.500000000 0.000000000 0.000000000 0.997027755 -0.009531491 0.076451167 -0.762197477 0.009776083 0.999948204 -0.002825704 -0.117904813 -0.076420277 0.003564699 0.997069299 -1.812687090
0 0.479422108 0.852306021 0.500000000 0.500000000 0.000000000 0.000000000 0.997033358 -0.009814977 0.076342694 -0.767419495 0.010071727 0.999944866 -0.002978822 -0.116875294 -0.076309249 0.003738888 0.997077167 -1.820725440
0 0.479422108 0.852306021 0.500000000 0.500000000 0.000000000 0.000000000 0.997050047 -0.010163558 0.076078214 -0.772248954 0.010434599 0.999940574 -0.003166012 -0.116545377 -0.076041512 0.003950518 0.997096837 -1.829832745
0 0.479422108 0.852306021 0.500000000 0.500000000 0.000000000 0.000000000 0.997067451 -0.010576397 0.075793564 -0.777681720 0.010860350 0.999935448 -0.003335197 -0.116393667 -0.075753398 0.004148561 0.997117937 -1.839338506
0 0.479422108 0.852306021 0.500000000 0.500000000 0.000000000 0.000000000 0.997080088 -0.011293744 0.075523205 -0.782980133 0.011598409 0.999926269 -0.003596668 -0.115682370 -0.075477019 0.004462115 0.997137547 -1.849795724
