0 0.545444385 0.969678958 0.500000000 0.500000000 0.000000000 0.000000000 0.852721155 0.075059719 -0.516945541 -0.029630512 -0.115961298 0.992130339 -0.047226690 0.296544151 0.509332538 0.100216873 0.854714513 -1.631707830
0 0.545444385 0.969678958 0.500000000 0.500000000 0.000000000 0.000000000 0.851237893 0.075707562 -0.519290328 -0.023176739 -0.116887771 0.992033482 -0.046977300 0.299750058 0.511596859 0.100687549 0.853305757 -1.648633985
0 0.545444385 0.969678958 0.500000000 0.500000000 0.000000000 0.000000000 0.849740565 0.076173030 -0.521669149 -0.016344036 -0.117844149 0.991913617 -0.047117777 0.303876771 0.513861597 0.101513542 0.851845801 -1.664777663
0 0.545444385 0.969678958 0.500000000 0.500000000 0.000000000 0.000000000 0.848221898 0.076789334 -0.524044871 -0.009556711 -0.118873693 0.991792560 -0.047080282 0.307295191 0.516128540 0.102229670 0.850388408 -1.680818818
0 0.545444385 0.969678958 0.500000000 0.500000000 0.000000000 0.000000000 0.846696854 0.077552468 -0.526393473 -0.002916533 -0.120000914 0.991664410 -0.046919975 0.310888960 0.518366933 0.102894694 0.848945498 -1.697596644
0 0.545444385 0.969678958 0.500000000 0.500000000 0.000000000 0.000000000 0.845294833 0.077975862 -0.528579593 0.003483538 -0.120747149 0.991578579 -0.046819344 0.314054075 0.520477414 0.103400633 0.847591639 -1.715244186
0 0.545444385 0.969678958 0.500000000 0.500000000 0.000000000 0.000000000 0.843792856 0.078045987 -0.530963719 0.011002207 -0.121307783 0.991499722 -0.047039106 0.318069652 0.522779167 0.104101293 0.846087933 -1.733986283
0 0.545444385 0.969678958 0.500000000 0.500000000 0.000000000 0.000000000 0.842403233 0.078064434 -0.533162951 0.017731738 -0.121779352 0.991431952 -0.047249623 0.321665985 0.524906278 0.104731478 0.844692111 -1.751477048
0 0.545444385 0.969678958 0.500000000 0.500000000 0.000000000 0.000000000 0.840794563 0.078598455 -0.535618126 0.025081359 -0.122660898 0.991331458 -0.047077373 0.324731223 0.527274907 0.105281800 0.843147039 -1.769322802
0 0.545444385 0.969678958 0.500000000 0.500000000 0.000000000 0.000000000 0.839400053 0.078730308 -0.537781596 0.031606343 -0.123111479 0.991277456 -0.047038063 0.327673423 0.529387474 0.105690844 0.841770947 -1.787537742
0 0.545444385 0.969678958 0.500000000 0.500000000 0.000000000 0.000000000 0.838048697 0.078959979 -0.539851546 0.037559828 -0.123633906 0.991216719 -0.046947688 0.330408278 0.531402886 0.106088407 0.840449989 -1.804513724
0 0.545444385 0.969678958 0.500000000 0.500000000 0.000000000 0.000000000 0.836704075 0.079668246 -0.541829586 0.042748967 -0.124626771 0.991102934 -0.046723709 0.333019772 0.533286512 0.106620386 0.839188635 -1.821306375
0 0.545444385 0.969678958 0.500000000 0.500000000 0.000000000 0.000000000 0.835292697 0.080359824 -0.543901086 0.048166139 -0.125569314 0.990998030 -0.046425186 0.335642486 0.535274148 0.107075907 0.837864161 -1.838117059
0 0.545444385 0.969678958 0.500000000 0.500000000 0.000000000 0.000000000 0.833830476 0.080898702 -0.546060562 0.054200473 -0.126443520 0.990893722 -0.046277720 0.338982612 0.537344217 0.107633591 0.836466491 -1.855000793
0 0.545444385 0.969678958 0.500000000 0.500000000 0.000000000 0.000000000 0.832369804 0.081252120 -0.548232198 0.060421709 -0.127276838 0.990781307 -0.046400625 0.343013883 0.539408088 0.108399741 0.835038006 -1.871992695
0 0.545444385 0.969678958 0.500000000 0.500000000 0.000000000 0.000000000 0.831055164 0.081149422 -0.550238252 0.066235040 -0.127788767 0.990691960 -0.046898659 0.346999927 0.541310787 0.109289639 0.833689630 -1.888269455
0 0.545444385 0.969678958 0.500000000 0.500000000 0.000000000 0.000000000 0.829710066 0.081268251 -0.552246869 0.071511821 -0.128491998 0.990583062 -0.047276240 0.351039242 0.543204367 0.110184878 0.832339048 -1.903156024
0 0.545444385 0.969678958 0.500000000 0.500000000 0.000000000 0.000000000 0.828464270 0.080418155 -0.554238081 0.076467250 -0.128438696 0.990542352 -0.048263155 0.355488403 0.545115113 0.111169919 0.830957770 -1.917377308
0 0.545444385 0.969678958 0.500000000 0.500000000 0.000000000 0.000000000 0.827380717 0.079300240 -0.556014955 0.081422892 -0.127912223 0.990571201 -0.049062666 0.358286175 0.546881735 0.111714616 0.829723001 -1.930803736
0 0.545444385 0.969678958 0.500000000 0.500000000 0.000000000 0.000000000 0.826338708 0.078420967 -0.557686687 0.085317442 -0.127759293 0.990543306 -0.050015692 0.362116182 0.548490524 0.112579562 0.828543305 -1.944248641
0 0.545444385 0.969678958 0.500000000 0.500000000 0.000000000 0.000000000 0.825304806 0.077685736 -0.559318304 0.089289122 -0.127546191 0.990539968 -0.050621718 0.365804844 0.550094545 0.113117263 0.827405870 -1.958673468
0 0.545444385 0.969678958 0.500000000 0.500000000 0.000000000 0.000000000 0.824168742 0.077013902 -0.561083555 0.093785714 -0.127536073 0.990502179 -0.051380597 0.369470047 0.551797450 0.113904677 0.826162994 -1.974267850
0 0.545444385 0.969678958 0.500000000 0.500000000 0.000000000 0.000000000 0.822752059 0.077978671 -0.563026071 0.099310791 -0.128857285 0.990343750 -0.051137790 0.372751584 0.553601742 0.114623740 0.824855447 -1.988199673
0 0.545444385 0.969678958 0.500000000 0.500000000 0.000000000 0.000000000 0.821626782 0.077650622 -0.564712167 0.103979955 -0.129023924 0.990300596 -0.051552024 0.375529923 0.555231750 0.115217902 0.823676229 -2.001235000
0 0.545444385 0.969678958 0.500000000 0.500000000 0.000000000 0.000000000 0.820263863 0.077932641 -0.566651285 0.109772509 -0.129709437 0.990209699 -0.051577248 0.378274488 0.557084024 0.115806974 0.822341859 -2.015023149
0 0.545444385 0.969678958 0.500000000 0.500000000 0.000000000 0.000000000 0.819040060 0.078561470 -0.568332195 0.114342296 -0.130732343 0.990077019 -0.051542241 0.381828490 0.558643401 0.116514556 0.821183205 -2.029391958
0 0.545444385 0.969678958 0.500000000 0.500000000 0.000000000 0.000000000 0.817595184 0.079946257 -0.570216358 0.120100934 -0.132362649 0.989888430 -0.051000278 0.385808734 0.560373306 0.117172934 0.819909930 -2.043128968
0 0.545444385 0.969678958 0.500000000 0.500000000 0.000000000 0.000000000 0.816275954 0.081307702 -0.571911395 0.125255097 -0.133909002 0.989710152 -0.050419755 0.388230654 0.561927021 0.117740512 0.818764448 -2.058233259
0 0.545444385 0.969678958 0.500000000 0.500000000 0.000000000 0.000000000 0.814998507 0.082649760 -0.573538482 0.130162558 -0.135645613 0.989486754 -0.050162520 0.393290865 0.563362837 0.118680365 0.817641318 -2.071214667
0 0.545444385 0.969678958 0.500000000 0.500000000 0.000000000 0.000000000 0.813598573 0.085021317 -0.575177133 0.134810172 -0.138158903 0.989186823 -0.049209055 0.397597564 0.564773798 0.119502254 0.816547453 -2.086458883
0 0.545444385 0.969678958 0.500000000 0.500000000 0.000000000 0.000000000 0.812218785 0.086545013 -0.576897442 0.139874333 -0.139932901 0.988965094 -0.048650127 0.401301364 0.566320956 0.120241478 0.815366507 -2.103191775
0 0.545444385 0.969678958 0.500000000 0.500000000 0.000000000 0.000000000 0.810841918 0.088040762 -0.578605354 0.145333340 -0.141763002 0.988725603 -0.048218057 0.405525435 0.567836761 0.121122055 0.814181089 -2.119321796
0 0.545444385 0.969678958 0.500000000 0.500000000 0.000000000 0.000000000 0.809380054 0.089056462 -0.580493629 0.151784911 -0.143215999 0.988525271 -0.048030868 0.409413591 0.569555163 0.122011200 0.812846959 -2.135383101
0 0.545444385 0.969678958 0.500000000 0.500000000 0.000000000 0.000000000 0.807784021 0.090398081 -0.582505882 0.158889325 -0.145078182 0.988263965 -0.047818691 0.414198317 0.571346879 0.123136073 0.811418653 -2.152301030
0 0.545444385 0.969678958 0.500000000 0.500000000 0.000000000 0.000000000 0.806314230 0.091238506 -0.584408164 0.165569329 -0.146502972 0.988050997 -0.047876019 0.419077964 0.573056936 0.124220647 0.810046315 -2.170725234
0 0.545444385 0.969678958 0.500000000 0.500000000 0.000000000 0.000000000 0.804658949 0.092428043 -0.586498976 0.173284655 -0.148411646 0.987762392 -0.047952015 0.425052524 0.574889541 0.125628293 0.808529258 -2.189302740
0 0.545444385 0.969678958 0.500000000 0.500000000 0.000000000 0.000000000 0.802987933 0.093350649 -0.588639140 0.181492748 -0.150191829 0.987477243 -0.048281856 0.431372008 0.576760590 0.127178535 0.806952775 -2.206875300
0 0.545444385 0.969678958 0.500000000 0.500000000 0.000000000 0.000000000 0.801205516 0.093934454 -0.590970397 0.191088065 -0.151776373 0.987206757 -0.048854120 0.438205648 0.578820944 0.128837541 0.805212557 -2.223342239
0 0.545444385 0.969678958 0.500000000 0.500000000 0.000000000 0.000000000 0.799672484 0.094399102 -0.592969358 0.199084583 -0.153147519 0.986967266 -0.049410716 0.444508575 0.580577075 0.130324185 0.803707600 -2.239900632
0 0.545444385 0.969678958 0.500000000 0.500000000 0.000000000 0.000000000 0.798121989 0.094704024 -0.595006227 0.207141380 -0.154242396 0.986775398 -0.049835853 0.449894420 0.582417846 0.131550282 0.802174509 -2.257231134
0 0.545444385 0.969678958 0.500000000 0.500000000 0.000000000 0.000000000 0.796651483 0.094570942 -0.596994758 0.215622968 -0.155078694 0.986602664 -0.050653242 0.455879577 0.584206283 0.132934138 0.800644457 -2.273726861
0 0.545444385 0.969678958 0.500000000 0.500000000 0.000000000 0.000000000 0.795336306 0.094461463 -0.598763049 0.222550160 -0.155962393 0.986417115 -0.051546525 0.462361810 0.585760951 0.134381339 0.799265802 -2.290436692
0 0.545444385 0.969678958 0.500000000 0.500000000 0.000000000 0.000000000 0.793831170 0.095135905 -0.600650668 0.230752244 -0.157612473 0.986124992 -0.052113160 0.468801588 0.587358773 0.136039093 0.797811389 -2.307229945
0 0.545444385 0.969678958 0.500000000 0.500000000 0.000000000 0.000000000 0.792399764 0.095317043 -0.602509141 0.239410744 -0.158721820 0.985911906 -0.052774180 0.474661036 0.588990629 0.137449592 0.796365261 -2.323523602
0 0.545444385 0.969678958 0.500000000 0.500000000 0.000000000 0.000000000 0.791215658 0.095421426 -0.604046822 0.246369709 -0.159691587 0.985718369 -0.053459145 0.480425446 0.590318859 0.138758898 0.795153797 -2.340251646
0 0.545444385 0.969678958 0.500000000 0.500000000 0.000000000 0.000000000 0.790213645 0.095466860 -0.605349898 0.251909002 -0.160720557 0.985500574 -0.054383311 0.487299317 0.591380835 0.140266597 0.794099450 -2.357281709
0 0.545444385 0.969678958 0.500000000 0.500000000 0.000000000 0.000000000 0.789183497 0.095485702 -0.606689274 0.257786011 -0.161838651 0.985257983 -0.055452347 0.493956332 0.592450559 0.141947851 0.793002605 -2.374021613
0 0.545444385 0.969678958 0.500000000 0.500000000 0.000000000 0.000000000 0.788223147 0.095327266 -0.607961297 0.263985118 -0.162624389 0.985075653 -0.056384739 0.499807374 0.593512893 0.143313095 0.791962028 -2.389302726
0 0.545444385 0.969678958 0.500000000 0.500000000 0.000000000 0.000000000 0.787524939 0.095256671 -0.608876526 0.268431953 -0.163331583 0.984913528 -0.057167768 0.504809669 0.594245136 0.144469813 0.791202366 -2.405035974
0 0.545444385 0.969678958 0.500000000 0.500000000 0.000000000 0.000000000 0.787072182 0.094656594 -0.609555125 0.272222739 -0.163360536 0.984860182 -0.057998080 0.509185034 0.594836712 0.145225927 0.790619195 -2.419808906
0 0.545444385 0.969678958 0.500000000 0.500000000 0.000000000 0.000000000 0.786654770 0.094860762 -0.610062063 0.274287521 -0.163982615 0.984737217 -0.058329795 0.513180208 0.595217586 0.145924985 0.790203750 -2.434080869
0 0.545444385 0.969678958 0.500000000 0.500000000 0.000000000 0.000000000 0.786402822 0.093941763 -0.610528946 0.277050939 -0.163628548 0.984741569 -0.059243031 0.516825119 0.595647812 0.146488845 0.789775074 -2.448268946
0 0.545444385 0.969678958 0.500000000 0.500000000 0.000000000 0.000000000 0.786313713 0.093053624 -0.610779643 0.278432104 -0.163108945 0.984784901 -0.059951227 0.519502787 0.595907927 0.146764100 0.789527714 -2.463873759
0 0.545444385 0.969678958 0.500000000 0.500000000 0.000000000 0.000000000 0.786048830 0.092407152 -0.611218572 0.280864297 -0.162951171 0.984766483 -0.060678963 0.522951807 0.596300423 0.147295415 0.789132357 -2.478710248
0 0.545444385 0.969678958 0.500000000 0.500000000 0.000000000 0.000000000 0.785866082 0.092428453 -0.611450255 0.281917166 -0.163330227 0.984679282 -0.061073326 0.526088032 0.596437514 0.147863761 0.788922429 -2.494614288
0 0.545444385 0.969678958 0.500000000 0.500000000 0.000000000 0.000000000 0.785854816 0.091393009 -0.611620426 0.283242692 -0.162825093 0.984700739 -0.062068105 0.529932119 0.596590459 0.148363665 0.788712859 -2.509712354
0 0.545444385 0.969678958 0.500000000 0.500000000 0.000000000 0.000000000 0.785865963 0.091364995 -0.611610234 0.283523930 -0.163211673 0.984601259 -0.062628798 0.534334909 0.596470118 0.149039775 0.788676441 -2.524296494
0 0.545444385 0.969678958 0.500000000 0.500000000 0.000000000 0.000000000 0.786058068 0.091274969 -0.611376762 0.282796517 -0.163417980 0.984535396 -0.063124061 0.538171797 0.596160412 0.149529129 0.788817942 -2.538999811
0 0.545444385 0.969678958 0.500000000 0.500000000 0.000000000 0.000000000 0.786375046 0.090976030 -0.611013651 0.281287795 -0.163620427 0.984445095 -0.064002022 0.543410957 0.595686734 0.150303900 0.789028525 -2.553207549
0 0.545444385 0.969678958 0.500000000 0.500000000 0.000000000 0.000000000 0.786840677 0.090817921 -0.610437393 0.278990389 -0.163886279 0.984348714 -0.064799257 0.547730257 0.594998300 0.151029006 0.789409399 -2.569157108
0 0.545444385 0.969678958 0.500000000 0.500000000 0.000000000 0.000000000 0.787543356 0.091258958 -0.609464705 0.274843222 -0.164798722 0.984144032 -0.065588988 0.554309966 0.593815506 0.152093187 0.790095448 -2.583726257
0 0.545444385 0.969678958 0.500000000 0.500000000 0.000000000 0.000000000 0.788431406 0.090937905 -0.608363509 0.270562085 -0.165086642 0.984010160 -0.066860795 0.561132693 0.592555761 0.153147846 0.790837169 -2.597927083
0 0.545444385 0.969678958 0.500000000 0.500000000 0.000000000 0.000000000 0.789140761 0.092406720 -0.607221425 0.265413542 -0.167088971 0.983631313 -0.067459054 0.569339709 0.591048300 0.154694691 0.791663706 -2.612419661
0 0.545444385 0.969678958 0.500000000 0.500000000 0.000000000 0.000000000 0.789978325 0.093552649 -0.605955541 0.260073686 -0.168785080 0.983288169 -0.068234950 0.577058905 0.589445353 0.156180382 0.792566597 -2.626635127
0 0.545444385 0.969678958 0.500000000 0.500000000 0.000000000 0.000000000 0.790697753 0.094300605 -0.604900420 0.255178911 -0.170278862 0.982952952 -0.069343731 0.585040004 0.588049471 0.157831684 0.793276072 -2.641765306
0 0.545444385 0.969678958 0.500000000 0.500000000 0.000000000 0.000000000 0.791681170 0.094469965 -0.603586257 0.249410960 -0.171302795 0.982665122 -0.070884414 0.593055242 0.586426675 0.159513861 0.794140458 -2.656526954
0 0.545444385 0.969678958 0.500000000 0.500000000 0.000000000 0.000000000 0.792953432 0.094848968 -0.601854265 0.241627376 -0.172319859 0.982390404 -0.072215006 0.600830714 0.584406316 0.160974577 0.795334160 -2.670611283
0 0.545444385 0.969678958 0.500000000 0.500000000 0.000000000 0.000000000 0.793749571 0.095936112 -0.600631237 0.236518128 -0.173859313 0.982068658 -0.072898157 0.607615900 0.582867563 0.162288219 0.796195924 -2.684656485
0 0.545444385 0.969678958 0.500000000 0.500000000 0.000000000 0.000000000 0.794815898 0.096225366 -0.599173069 0.229990759 -0.174666554 0.981841564 -0.074018158 0.613992446 0.581170619 0.163486302 0.797190666 -2.698683587
0 0.545444385 0.969678958 0.500000000 0.500000000 0.000000000 0.000000000 0.795986414 0.096164986 -0.597626925 0.223440237 -0.174969897 0.981707215 -0.075076602 0.618972240 0.579474926 0.164326683 0.798251569 -2.713093433
0 0.545444385 0.969678958 0.500000000 0.500000000 0.000000000 0.000000000 0.797010183 0.095940165 -0.596297085 0.217888862 -0.175252751 0.981561184 -0.076316133 0.624612055 0.577980280 0.165327445 0.799127996 -2.727607195
0 0.545444385 0.969678958 0.500000000 0.500000000 0.000000000 0.000000000 0.798033059 0.095505193 -0.594997466 0.212114299 -0.175276801 0.981460154 -0.077550165 0.629526055 0.576559842 0.166176856 0.799977481 -2.741662536
0 0.545444385 0.969678958 0.500000000 0.500000000 0.000000000 0.000000000 0.798895299 0.095093489 -0.593905330 0.207151726 -0.175538346 0.981297314 -0.079005465 0.636028250 0.575284839 0.167370260 0.800646365 -2.754553244
0 0.545444385 0.969678958 0.500000000 0.500000000 0.000000000 0.000000000 0.799725115 0.094589122 -0.592868149 0.202866923 -0.175763205 0.981131136 -0.080554016 0.642406889 0.574061871 0.168625474 0.801260531 -2.768261935
0 0.545444385 0.969678958 0.500000000 0.500000000 0.000000000 0.000000000 0.800676584 0.092953965 -0.591841698 0.198437996 -0.175131366 0.981053412 -0.082844406 0.649281013 0.572927594 0.169981614 0.801785648 -2.781457365
0 0.545444385 0.969678958 0.500000000 0.500000000 0.000000000 0.000000000 0.801547766 0.091599621 -0.590872824 0.194048513 -0.174803600 0.980922043 -0.085062876 0.656635464 0.571808457 0.171468645 0.802267790 -2.794460083
0 0.545444385 0.969678958 0.500000000 0.500000000 0.000000000 0.000000000 0.802468479 0.090069830 -0.589857399 0.189079138 -0.174258381 0.980822504 -0.087299645 0.663883831 0.570682347 0.172842816 0.802774549 -2.807874165
0 0.545444385 0.969678958 0.500000000 0.500000000 0.000000000 0.000000000 0.803293347 0.088969871 -0.588900805 0.184489901 -0.174226061 0.980629683 -0.089502603 0.672508901 0.569530547 0.174498707 0.803234160 -2.822456950
0 0.545444385 0.969678958 0.500000000 0.500000000 0.000000000 0.000000000 0.804061353 0.087808043 -0.588026464 0.180528699 -0.174106032 0.980451405 -0.091663234 0.680295371 0.568482578 0.176081821 0.803630948 -2.837506061
0 0.545444385 0.969678958 0.500000000 0.500000000 0.000000000 0.000000000 0.804677367 0.087172806 -0.587277770 0.177784719 -0.174640059 0.980154395 -0.093799047 0.689456751 0.567446172 0.178040192 0.803931952 -2.852099810
0 0.545444385 0.969678958 0.500000000 0.500000000 0.000000000 0.000000000 0.805449069 0.086799674 -0.586274326 0.172648125 -0.175261378 0.979858637 -0.095710665 0.698517908 0.566158295 0.179841310 0.804438829 -2.865737067
