0 0.472855213 0.840631471 0.500000000 0.500000000 0.000000000 0.000000000 0.963122189 -0.021545539 -0.268200427 -0.424970617 0.023412447 0.999718785 0.003764226 -0.069945045 0.268043935 -0.009904638 0.963355780 -1.678389705
0 0.472855213 0.840631471 0.500000000 0.500000000 0.000000000 0.000000000 0.961917877 -0.021550015 -0.272487789 -0.423182231 0.023543907 0.999714613 0.004049507 -0.072892571 0.272322744 -0.010310721 0.962150693 -1.703480896
0 0.472855213 0.840631471 0.500000000 0.500000000 0.000000000 0.000000000 0.960816383 -0.021839328 -0.276324004 -0.426679436 0.023812452 0.999709249 0.003786917 -0.073768293 0.276160985 -0.010218484 0.961057067 -1.731374430
0 0.472855213 0.840631471 0.500000000 0.500000000 0.000000000 0.000000000 0.959613681 -0.021952884 -0.280463278 -0.423151777 0.023907917 0.999707878 0.003550885 -0.072447346 0.280303389 -0.010112770 0.959858179 -1.750978029
0 0.472855213 0.840631471 0.500000000 0.500000000 0.000000000 0.000000000 0.958362937 -0.021778841 -0.284721255 -0.420905222 0.023840185 0.999708652 0.003775809 -0.073713702 0.284556061 -0.010406403 0.958602905 -1.773562003
0 0.472855213 0.840631471 0.500000000 0.500000000 0.000000000 0.000000000 0.957137287 -0.021792870 -0.288813680 -0.419458464 0.023969362 0.999704659 0.004000970 -0.078467381 0.288641185 -0.010752157 0.957376957 -1.800182526
0 0.472855213 0.840631471 0.500000000 0.500000000 0.000000000 0.000000000 0.955888510 -0.021980815 -0.292906076 -0.416889583 0.024180708 0.999700010 0.003891484 -0.078661883 0.292732656 -0.010802501 0.956133306 -1.826890961
0 0.472855213 0.840631471 0.500000000 0.500000000 0.000000000 0.000000000 0.954602480 -0.022259342 -0.297049820 -0.412271421 0.024494743 0.999692738 0.003804887 -0.081985742 0.296873838 -0.010908314 0.954854429 -1.853617154
0 0.472855213 0.840631471 0.500000000 0.500000000 0.000000000 0.000000000 0.953249991 -0.022364574 -0.301354051 -0.407404939 0.024746358 0.999685407 0.004087973 -0.086247782 0.301167816 -0.011354276 0.953503549 -1.878838041
0 0.472855213 0.840631471 0.500000000 0.500000000 0.000000000 0.000000000 0.952001870 -0.022118434 -0.305292010 -0.405616179 0.024616782 0.999687552 0.004335845 -0.088551496 0.305100739 -0.011643040 0.952248931 -1.907586106
0 0.472855213 0.840631471 0.500000000 0.500000000 0.000000000 0.000000000 0.950660288 -0.022055155 -0.309448868 -0.401186513 0.024629990 0.999686897 0.004415927 -0.090717131 0.309254587 -0.011819769 0.950905859 -1.937385677
0 0.472855213 0.840631471 0.500000000 0.500000000 0.000000000 0.000000000 0.949461699 -0.022320002 -0.313088387 -0.398303074 0.024865860 0.999682248 0.004140276 -0.089109848 0.312896460 -0.011716246 0.949714959 -1.956873469
0 0.472855213 0.840631471 0.500000000 0.500000000 0.000000000 0.000000000 0.948071599 -0.022416890 -0.317266107 -0.388498387 0.025124295 0.999674439 0.004444337 -0.093680138 0.317063183 -0.012184636 0.948326170 -1.983038758
0 0.472855213 0.840631471 0.500000000 0.500000000 0.000000000 0.000000000 0.946816444 -0.022588015 -0.320980459 -0.383062758 0.025218567 0.999673784 0.004039827 -0.089031881 0.320784509 -0.011919641 0.947077215 -2.008677536
0 0.472855213 0.840631471 0.500000000 0.500000000 0.000000000 0.000000000 0.945522726 -0.022609791 -0.324770123 -0.376602844 0.025165562 0.999676585 0.003670694 -0.085566320 0.324582070 -0.011643746 0.945785880 -2.035329843
0 0.472855213 0.840631471 0.500000000 0.500000000 0.000000000 0.000000000 0.944221437 -0.023106281 -0.328499585 -0.370641578 0.025705907 0.999663174 0.003572521 -0.089187237 0.328306377 -0.011817630 0.944497347 -2.064309180
0 0.472855213 0.840631471 0.500000000 0.500000000 0.000000000 0.000000000 0.942804933 -0.022908511 -0.332556814 -0.363060398 0.025755541 0.999659657 0.004154895 -0.095154291 0.332348436 -0.012482436 0.943074048 -2.093509536
0 0.472855213 0.840631471 0.500000000 0.500000000 0.000000000 0.000000000 0.941489100 -0.022914967 -0.336263567 -0.354404305 0.025837781 0.999657273 0.004219536 -0.094550162 0.336051613 -0.012660951 0.941758454 -2.119376136
0 0.472855213 0.840631471 0.500000000 0.500000000 0.000000000 0.000000000 0.940243840 -0.022910804 -0.339730173 -0.349495406 0.025871502 0.999656498 0.004187404 -0.092712483 0.339517534 -0.012726511 0.940513611 -2.148423371
0 0.472855213 0.840631471 0.500000000 0.500000000 0.000000000 0.000000000 0.938843846 -0.023142252 -0.343564600 -0.338389029 0.026154101 0.999649346 0.004134535 -0.094103774 0.343348444 -0.012867306 0.939119935 -2.175162310
0 0.472855213 0.840631471 0.500000000 0.500000000 0.000000000 0.000000000 0.937431335 -0.022931786 -0.347414196 -0.329951239 0.026093606 0.999649704 0.004424716 -0.096118580 0.347191036 -0.013213156 0.937701344 -2.204225241
0 0.472855213 0.840631471 0.500000000 0.500000000 0.000000000 0.000000000 0.936007857 -0.023494102 -0.351194173 -0.320986224 0.026781967 0.999631166 0.004506610 -0.098479102 0.350958735 -0.013623892 0.936291814 -2.231812253
0 0.472855213 0.840631471 0.500000000 0.500000000 0.000000000 0.000000000 0.934466958 -0.023326768 -0.355284959 -0.310902675 0.026667003 0.999634206 0.004506801 -0.097997909 0.355049849 -0.013685842 0.934747159 -2.260919459
0 0.472855213 0.840631471 0.500000000 0.500000000 0.000000000 0.000000000 0.932950437 -0.023094695 -0.359263301 -0.301715490 0.026495192 0.999638617 0.004543609 -0.097729983 0.359028518 -0.013757712 0.933225155 -2.286669887
0 0.472855213 0.840631471 0.500000000 0.500000000 0.000000000 0.000000000 0.931326210 -0.023229316 -0.363444418 -0.291454977 0.026727071 0.999632180 0.004597267 -0.097996847 0.363203973 -0.013995361 0.931604564 -2.312589731
0 0.472855213 0.840631471 0.500000000 0.500000000 0.000000000 0.000000000 0.929672301 -0.023345659 -0.367647171 -0.281517176 0.026939014 0.999626279 0.004644454 -0.098091136 0.367401332 -0.014221872 0.929953754 -2.338112498
0 0.472855213 0.840631471 0.500000000 0.500000000 0.000000000 0.000000000 0.927908838 -0.023495026 -0.372066051 -0.270652789 0.027273199 0.999616027 0.004894393 -0.099863194 0.371808201 -0.014688981 0.928193331 -2.362164077
0 0.472855213 0.840631471 0.500000000 0.500000000 0.000000000 0.000000000 0.926033735 -0.023221433 -0.376725703 -0.259746273 0.027161935 0.999617755 0.005150459 -0.100291531 0.376462102 -0.015002098 0.926310539 -2.386697269
0 0.472855213 0.840631471 0.500000000 0.500000000 0.000000000 0.000000000 0.924195290 -0.023278920 -0.381210178 -0.248977850 0.027371978 0.999611199 0.005317761 -0.102241976 0.380938172 -0.015349126 0.924473107 -2.413228587
0 0.472855213 0.840631471 0.500000000 0.500000000 0.000000000 0.000000000 0.922337115 -0.023137875 -0.385692716 -0.239298333 0.027362453 0.999610603 0.005466891 -0.103496667 0.385416061 -0.015595816 0.922611117 -2.437970414
0 0.472855213 0.840631471 0.500000000 0.500000000 0.000000000 0.000000000 0.920368254 -0.023151178 -0.390366852 -0.229234349 0.027548566 0.999604404 0.005668529 -0.104896068 0.390081197 -0.015971182 0.920641959 -2.463334291
0 0.472855213 0.840631471 0.500000000 0.500000000 0.000000000 0.000000000 0.918308258 -0.022878159 -0.395204395 -0.220474509 0.027398175 0.999607801 0.005796453 -0.106798774 0.394916803 -0.016150810 0.918574929 -2.486681230
0 0.472855213 0.840631471 0.500000000 0.500000000 0.000000000 0.000000000 0.916046917 -0.022484645 -0.400440365 -0.206416384 0.027114721 0.999614894 0.005899429 -0.109031876 0.400153518 -0.016261982 0.916303813 -2.513077032
0 0.472855213 0.840631471 0.500000000 0.500000000 0.000000000 0.000000000 0.913800895 -0.022306236 -0.405549467 -0.192715850 0.027189532 0.999610543 0.006283500 -0.115015794 0.405251354 -0.016768569 0.914051533 -2.540445545
0 0.472855213 0.840631471 0.500000000 0.500000000 0.000000000 0.000000000 0.911633611 -0.022147955 -0.410406679 -0.183175581 0.027252123 0.999606848 0.006590296 -0.120208818 0.410099357 -0.017192388 0.911878765 -2.567105138
0 0.472855213 0.840631471 0.500000000 0.500000000 0.000000000 0.000000000 0.909371555 -0.021868506 -0.415409565 -0.171773679 0.027129887 0.999608994 0.006767280 -0.124294713 0.415099144 -0.017423987 0.909609318 -2.593348913
0 0.472855213 0.840631471 0.500000000 0.500000000 0.000000000 0.000000000 0.906975031 -0.021686707 -0.420625746 -0.157698863 0.027110448 0.999608517 0.006918935 -0.128001247 0.420311034 -0.017678654 0.907207847 -2.622131885
0 0.472855213 0.840631471 0.500000000 0.500000000 0.000000000 0.000000000 0.904472053 -0.021662660 -0.425982445 -0.144528434 0.027226012 0.999605000 0.006974614 -0.128967648 0.425663084 -0.017906148 0.904704511 -2.649844325
0 0.472855213 0.840631471 0.500000000 0.500000000 0.000000000 0.000000000 0.902153492 -0.020987000 -0.430904418 -0.135994846 0.026801463 0.999613166 0.007426596 -0.133291532 0.430581868 -0.018248798 0.902366996 -2.677359203
0 0.472855213 0.840631471 0.500000000 0.500000000 0.000000000 0.000000000 0.899678826 -0.020907519 -0.436051428 -0.121880327 0.026886068 0.999610066 0.007543743 -0.136034505 0.435723662 -0.018510655 0.899890125 -2.706169744
0 0.472855213 0.840631471 0.500000000 0.500000000 0.000000000 0.000000000 0.897086620 -0.020719504 -0.441368639 -0.107928340 0.026912080 0.999607563 0.007773760 -0.138974656 0.441034347 -0.018851884 0.897292197 -2.737206503
0 0.472855213 0.840631471 0.500000000 0.500000000 0.000000000 0.000000000 0.894544899 -0.020373249 -0.446513593 -0.096010406 0.026711822 0.999611914 0.007904753 -0.140183842 0.446179271 -0.018998347 0.894741952 -2.765713490
0 0.472855213 0.840631471 0.500000000 0.500000000 0.000000000 0.000000000 0.892092228 -0.020180497 -0.451402515 -0.086699139 0.026625214 0.999614060 0.007929592 -0.138412602 0.451068282 -0.019092616 0.892285228 -2.794661546
0 0.472855213 0.840631471 0.500000000 0.500000000 0.000000000 0.000000000 0.889406443 -0.019773530 -0.456689417 -0.071932351 0.026524616 0.999613047 0.008376119 -0.143233830 0.456347108 -0.019563286 0.889586747 -2.827609434
0 0.472855213 0.840631471 0.500000000 0.500000000 0.000000000 0.000000000 0.886749685 -0.019853439 -0.461823434 -0.056420843 0.026897069 0.999600589 0.008673137 -0.148704727 0.461466789 -0.020112598 0.886929452 -2.860255827
0 0.472855213 0.840631471 0.500000000 0.500000000 0.000000000 0.000000000 0.884041369 -0.019474562 -0.467002809 -0.041992295 0.026606148 0.999608278 0.008680893 -0.147274288 0.466650814 -0.020099415 0.884213209 -2.889208427
0 0.472855213 0.840631471 0.500000000 0.500000000 0.000000000 0.000000000 0.881338954 -0.019247899 -0.472092330 -0.027385356 0.026695464 0.999602377 0.009081926 -0.150852448 0.471729785 -0.020606980 0.881502330 -2.918857072
0 0.472855213 0.840631471 0.500000000 0.500000000 0.000000000 0.000000000 0.878654659 -0.018809820 -0.477087229 -0.011851382 0.026503876 0.999604523 0.009401578 -0.150983270 0.476721704 -0.020905402 0.878805637 -2.946934558
0 0.472855213 0.840631471 0.500000000 0.500000000 0.000000000 0.000000000 0.876061380 -0.018777024 -0.481833875 0.001816131 0.026576020 0.999602914 0.009365587 -0.148910767 0.481466681 -0.021010056 0.876212537 -2.975710587
0 0.472855213 0.840631471 0.500000000 0.500000000 0.000000000 0.000000000 0.873241663 -0.018430736 -0.486938745 0.019706587 0.026437832 0.999604583 0.009576498 -0.148998090 0.486569703 -0.021236202 0.873383641 -3.000779094
0 0.472855213 0.840631471 0.500000000 0.500000000 0.000000000 0.000000000 0.870374918 -0.018262252 -0.492050797 0.035571279 0.026614070 0.999596000 0.009977314 -0.152174640 0.491669804 -0.021779478 0.870509326 -3.027321163
0 0.472855213 0.840631471 0.500000000 0.500000000 0.000000000 0.000000000 0.867580175 -0.018250881 -0.496962368 0.046610254 0.026824137 0.999588966 0.010118896 -0.152926263 0.496573418 -0.022109540 0.867713094 -3.054070234
0 0.472855213 0.840631471 0.500000000 0.500000000 0.000000000 0.000000000 0.864558816 -0.018504385 -0.502190828 0.063904488 0.027188007 0.999580562 0.009974312 -0.152705766 0.501795590 -0.022276947 0.864699304 -3.079352189
0 0.472855213 0.840631471 0.500000000 0.500000000 0.000000000 0.000000000 0.861481547 -0.018303487 -0.507458866 0.083121042 0.027270690 0.999575615 0.010242162 -0.155423351 0.507056057 -0.022662187 0.861615121 -3.104597531
0 0.472855213 0.840631471 0.500000000 0.500000000 0.000000000 0.000000000 0.858608246 -0.018150507 -0.512310863 0.097109866 0.027390756 0.999569714 0.010492130 -0.155203437 0.511900008 -0.023041211 0.858735979 -3.127362750
0 0.472855213 0.840631471 0.500000000 0.500000000 0.000000000 0.000000000 0.855599046 -0.017694397 -0.517336667 0.115088301 0.027261889 0.999568880 0.010899045 -0.155544126 0.516920745 -0.023428785 0.855712593 -3.151685785
0 0.472855213 0.840631471 0.500000000 0.500000000 0.000000000 0.000000000 0.852574050 -0.017269680 -0.522321045 0.134284546 0.027463213 0.999553442 0.011779063 -0.162516813 0.521884382 -0.024387138 0.852667570 -3.177795946
0 0.472855213 0.840631471 0.500000000 0.500000000 0.000000000 0.000000000 0.849666655 -0.016836885 -0.527051330 0.148290368 0.027038697 0.999566436 0.011657867 -0.157093322 0.526626527 -0.024156082 0.849753499 -3.206006201
0 0.472855213 0.840631471 0.500000000 0.500000000 0.000000000 0.000000000 0.846522212 -0.016763233 -0.532089412 0.165980911 0.027471347 0.999547958 0.012214959 -0.162853379 0.531644106 -0.024957446 0.846600056 -3.231333986
0 0.472855213 0.840631471 0.500000000 0.500000000 0.000000000 0.000000000 0.843519926 -0.016542660 -0.536843061 0.181843756 0.027632998 0.999538481 0.012618136 -0.167799679 0.536386549 -0.025478233 0.843587756 -3.259005617
0 0.472855213 0.840631471 0.500000000 0.500000000 0.000000000 0.000000000 0.840339184 -0.016295265 -0.541815937 0.198613696 0.027605526 0.999537528 0.012753919 -0.168263345 0.541357517 -0.025674732 0.840400398 -3.286629243
0 0.472855213 0.840631471 0.500000000 0.500000000 0.000000000 0.000000000 0.837068081 -0.016282430 -0.546856403 0.219133709 0.027828453 0.999530315 0.012836144 -0.171476582 0.546390533 -0.025962895 0.837128043 -3.313618035
0 0.472855213 0.840631471 0.500000000 0.500000000 0.000000000 0.000000000 0.833781183 -0.016221536 -0.551856756 0.236079011 0.027997879 0.999524474 0.012920529 -0.173835053 0.551384747 -0.026223712 0.833838820 -3.340480439
0 0.472855213 0.840631471 0.500000000 0.500000000 0.000000000 0.000000000 0.830251634 -0.016151952 -0.557154655 0.258818384 0.028055413 0.999523997 0.012830888 -0.174002209 0.556682229 -0.026284071 0.830309570 -3.366499399
0 0.472855213 0.840631471 0.500000000 0.500000000 0.000000000 0.000000000 0.826739073 -0.015976235 -0.562358677 0.278671304 0.028223345 0.999515831 0.013096339 -0.178244962 0.561877191 -0.026698899 0.826789677 -3.393843650
0 0.472855213 0.840631471 0.500000000 0.500000000 0.000000000 0.000000000 0.823205769 -0.015743604 -0.567524791 0.299582692 0.028127750 0.999518871 0.013072376 -0.178936827 0.567045927 -0.026724450 0.823252499 -3.422337854
0 0.472855213 0.840631471 0.500000000 0.500000000 0.000000000 0.000000000 0.819551229 -0.015487156 -0.572796583 0.322220916 0.028310366 0.999508262 0.013481670 -0.184352552 0.572306097 -0.027264999 0.819586694 -3.448972321
0 0.472855213 0.840631471 0.500000000 0.500000000 0.000000000 0.000000000 0.815797329 -0.015181640 -0.578138649 0.345609183 0.028311418 0.999505222 0.013703028 -0.187037861 0.577644527 -0.027546817 0.815823495 -3.476276390
0 0.472855213 0.840631471 0.500000000 0.500000000 0.000000000 0.000000000 0.811782897 -0.014737547 -0.583773375 0.372757472 0.028216990 0.999503732 0.014005153 -0.188469713 0.583277285 -0.027841471 0.811795831 -3.502626380
0 0.472855213 0.840631471 0.500000000 0.500000000 0.000000000 0.000000000 0.807765782 -0.014516147 -0.589324772 0.399119732 0.028376253 0.999495387 0.014274888 -0.194512859 0.588820219 -0.028253596 0.807770073 -3.527685113
0 0.472855213 0.840631471 0.500000000 0.500000000 0.000000000 0.000000000 0.803626180 -0.014273658 -0.594963253 0.426401487 0.028491642 0.999488771 0.014505548 -0.198589694 0.594452024 -0.028608518 0.803622007 -3.553059631
0 0.472855213 0.840631471 0.500000000 0.500000000 0.000000000 0.000000000 0.799449742 -0.014149823 -0.600566328 0.452741757 0.028916068 0.999470115 0.014943592 -0.205819442 0.600036681 -0.029312668 0.799435258 -3.577541648
0 0.472855213 0.840631471 0.500000000 0.500000000 0.000000000 0.000000000 0.795026183 -0.013745614 -0.606419325 0.481350516 0.028912349 0.999465644 0.015249854 -0.208091166 0.605885625 -0.029657040 0.794998765 -3.601386424
0 0.472855213 0.840631471 0.500000000 0.500000000 0.000000000 0.000000000 0.790624261 -0.013212256 -0.612159073 0.508374123 0.028701767 0.999467850 0.015497750 -0.208969382 0.611628592 -0.029822946 0.790582716 -3.624913121
0 0.472855213 0.840631471 0.500000000 0.500000000 0.000000000 0.000000000 0.786030352 -0.012897637 -0.618053377 0.539461442 0.028920038 0.999454916 0.015923252 -0.212686058 0.617511094 -0.030390287 0.785974860 -3.645976943
0 0.472855213 0.840631471 0.500000000 0.500000000 0.000000000 0.000000000 0.781240225 -0.012389745 -0.624107540 0.569653909 0.028820414 0.999452770 0.016235508 -0.212666408 0.623564839 -0.030670868 0.781169772 -3.667057275
0 0.472855213 0.840631471 0.500000000 0.500000000 0.000000000 0.000000000 0.776307702 -0.011867641 -0.630242467 0.601501362 0.029080318 0.999432504 0.017000392 -0.218829672 0.629683018 -0.031525187 0.776212215 -3.687152539
0 0.472855213 0.840631471 0.500000000 0.500000000 0.000000000 0.000000000 0.771332145 -0.011151545 -0.636335135 0.630711007 0.028885197 0.999429584 0.017498480 -0.218613596 0.635776997 -0.031877805 0.771214247 -3.706297411
0 0.472855213 0.840631471 0.500000000 0.500000000 0.000000000 0.000000000 0.766195118 -0.010534051 -0.642521620 0.660871837 0.028794458 0.999424160 0.017951440 -0.220248812 0.641962528 -0.032255366 0.766057253 -3.725605341
0 0.472855213 0.840631471 0.500000000 0.500000000 0.000000000 0.000000000 0.761010289 -0.009831197 -0.648665309 0.689443804 0.028959289 0.999403238 0.018827874 -0.226716650 0.648093104 -0.033113092 0.760840893 -3.744137261
0 0.472855213 0.840631471 0.500000000 0.500000000 0.000000000 0.000000000 0.755606413 -0.009314582 -0.654959679 0.720182904 0.029179636 0.999384940 0.019450767 -0.231779684 0.654375613 -0.033808608 0.755413473 -3.761676151
