0 0.521141136 0.926473112 0.500000000 0.500000000 0.000000000 0.000000000 0.996808290 0.017448913 -0.077902026 -0.249723928 -0.018995130 0.999636114 -0.019151494 -0.039597786 0.077539511 0.020570127 0.996777058 -0.294238879
0 0.521141136 0.926473112 0.500000000 0.500000000 0.000000000 0.000000000 0.996268690 0.019890485 -0.083982199 -0.257430099 -0.021555662 0.999587715 -0.018967671 -0.039262892 0.083570294 0.020707188 0.996286690 -0.305583747
0 0.521141136 0.926473112 0.500000000 0.500000000 0.000000000 0.000000000 0.995680571 0.022308107 -0.090125285 -0.264346191 -0.024158953 0.999517977 -0.019497789 -0.037491457 0.089646883 0.021590902 0.995739579 -0.318174622
0 0.521141136 0.926473112 0.500000000 0.500000000 0.000000000 0.000000000 0.995071828 0.024791934 -0.096007548 -0.271552587 -0.026751000 0.999458253 -0.019172061 -0.036014927 0.095480226 0.021645876 0.995195925 -0.330051351
0 0.521141136 0.926473112 0.500000000 0.500000000 0.000000000 0.000000000 0.994447470 0.027305171 -0.101630136 -0.279005753 -0.029379122 0.999388397 -0.018966038 -0.035011532 0.101050109 0.021846533 0.994641423 -0.341999400
0 0.521141136 0.926473112 0.500000000 0.500000000 0.000000000 0.000000000 0.993773103 0.029685041 -0.107395448 -0.286005624 -0.031923890 0.999306083 -0.019187596 -0.033099830 0.106751345 0.022496598 0.994031191 -0.354410482
0 0.521141136 0.926473112 0.500000000 0.500000000 0.000000000 0.000000000 0.993041754 0.032262433 -0.113257080 -0.293314262 -0.034639549 0.999217629 -0.019083347 -0.031421447 0.112552799 0.022873735 0.993382454 -0.366753427
0 0.521141136 0.926473112 0.500000000 0.500000000 0.000000000 0.000000000 0.992234886 0.035200216 -0.119293019 -0.301317731 -0.037757989 0.999101520 -0.019248452 -0.029412402 0.118508279 0.023603251 0.992672503 -0.379565421
0 0.521141136 0.926473112 0.500000000 0.500000000 0.000000000 0.000000000 0.991349816 0.038314354 -0.125529110 -0.308754611 -0.041048441 0.998971403 -0.019265810 -0.026792817 0.124661833 0.024251930 0.991902828 -0.391806160
0 0.521141136 0.926473112 0.500000000 0.500000000 0.000000000 0.000000000 0.990403116 0.041309442 -0.131890684 -0.315822356 -0.044158120 0.998848677 -0.018746274 -0.025218650 0.130964428 0.024390414 0.991087019 -0.404839945
0 0.521141136 0.926473112 0.500000000 0.500000000 0.000000000 0.000000000 0.989429832 0.044296864 -0.138080925 -0.323663039 -0.047259618 0.998715878 -0.018250838 -0.024732837 0.137095168 0.024583576 0.990252793 -0.418062885
0 0.521141136 0.926473112 0.500000000 0.500000000 0.000000000 0.000000000 0.988389254 0.047258642 -0.144406751 -0.330785910 -0.050379798 0.998567343 -0.018031826 -0.023827510 0.143347710 0.025097646 0.989354134 -0.431206891
0 0.521141136 0.926473112 0.500000000 0.500000000 0.000000000 0.000000000 0.987307608 0.050092574 -0.150712967 -0.338245873 -0.053367358 0.998417020 -0.017760407 -0.023477849 0.149584725 0.025578139 0.988417983 -0.444122620
0 0.521141136 0.926473112 0.500000000 0.500000000 0.000000000 0.000000000 0.986166060 0.052809011 -0.157123178 -0.345386963 -0.056230601 0.998266041 -0.017408419 -0.023801701 0.155931398 0.026002722 0.987425566 -0.457885765
0 0.521141136 0.926473112 0.500000000 0.500000000 0.000000000 0.000000000 0.984956741 0.055786099 -0.163548738 -0.352145760 -0.059303772 0.998100281 -0.016701637 -0.024097286 0.162306309 0.026149446 0.986393869 -0.470979188
0 0.521141136 0.926473112 0.500000000 0.500000000 0.000000000 0.000000000 0.983722091 0.058620755 -0.169865951 -0.359087177 -0.062216364 0.997935772 -0.015917633 -0.024849188 0.168582201 0.026226969 0.985338628 -0.484538383
0 0.521141136 0.926473112 0.500000000 0.500000000 0.000000000 0.000000000 0.982447922 0.061477754 -0.176115185 -0.366659674 -0.065136239 0.997762680 -0.015062610 -0.025550034 0.174795136 0.026269710 0.984254301 -0.497606105
0 0.521141136 0.926473112 0.500000000 0.500000000 0.000000000 0.000000000 0.981130660 0.064296238 -0.182342082 -0.373147193 -0.068074010 0.997574508 -0.014528771 -0.025591221 0.180965662 0.026667379 0.983127832 -0.511400373
0 0.521141136 0.926473112 0.500000000 0.500000000 0.000000000 0.000000000 0.979773998 0.067250073 -0.188468546 -0.380306459 -0.071037367 0.997383595 -0.013405142 -0.024784220 0.187073946 0.026522320 0.981987715 -0.524699254
0 0.521141136 0.926473112 0.500000000 0.500000000 0.000000000 0.000000000 0.978424788 0.069705062 -0.194489464 -0.386927901 -0.073524147 0.997215390 -0.012478250 -0.024618024 0.193078086 0.026508702 0.980825245 -0.538439145
0 0.521141136 0.926473112 0.500000000 0.500000000 0.000000000 0.000000000 0.977024436 0.072403990 -0.200451672 -0.393277060 -0.076286681 0.997017264 -0.011703218 -0.023056278 0.199006423 0.026726125 0.979633689 -0.552551600
0 0.521141136 0.926473112 0.500000000 0.500000000 0.000000000 0.000000000 0.975574553 0.075332165 -0.206347764 -0.399463638 -0.079230100 0.996799111 -0.010680166 -0.023063362 0.204882711 0.026768252 0.978420436 -0.566466576
0 0.521141136 0.926473112 0.500000000 0.500000000 0.000000000 0.000000000 0.974200606 0.077389427 -0.212000206 -0.405970772 -0.081512108 0.996614218 -0.010762905 -0.021844691 0.210449487 0.027765812 0.977210343 -0.580647720
0 0.521141136 0.926473112 0.500000000 0.500000000 0.000000000 0.000000000 0.972828388 0.079443678 -0.217471004 -0.411558456 -0.083664633 0.996441185 -0.010255970 -0.020305951 0.215882286 0.028171930 0.976012886 -0.594764887
0 0.521141136 0.926473112 0.500000000 0.500000000 0.000000000 0.000000000 0.971372604 0.082051948 -0.222940996 -0.417156510 -0.086223722 0.996234894 -0.009026378 -0.019092668 0.221360967 0.027990777 0.974790156 -0.608236210
0 0.521141136 0.926473112 0.500000000 0.500000000 0.000000000 0.000000000 0.969935834 0.084445648 -0.228239834 -0.423012816 -0.088546589 0.996041715 -0.007768663 -0.018835396 0.226680368 0.027744964 0.973573923 -0.621835343
0 0.521141136 0.926473112 0.500000000 0.500000000 0.000000000 0.000000000 0.968503654 0.086462483 -0.233505800 -0.427764591 -0.090592340 0.995863497 -0.006998448 -0.016778736 0.231934786 0.027931858 0.972330213 -0.635820106
0 0.521141136 0.926473112 0.500000000 0.500000000 0.000000000 0.000000000 0.967029512 0.088782072 -0.238687426 -0.432588541 -0.092768751 0.995672524 -0.005497774 -0.015590146 0.237166405 0.027459243 0.971080899 -0.649759790
0 0.521141136 0.926473112 0.500000000 0.500000000 0.000000000 0.000000000 0.965638399 0.090345994 -0.243680358 -0.437061031 -0.094206244 0.995543778 -0.004209483 -0.015994909 0.242214158 0.027021049 0.969846487 -0.663354132
0 0.521141136 0.926473112 0.500000000 0.500000000 0.000000000 0.000000000 0.964231789 0.091886312 -0.248624042 -0.441025464 -0.095959224 0.995376050 -0.004285579 -0.013548315 0.247080624 0.027990060 0.968590558 -0.677738711
0 0.521141136 0.926473112 0.500000000 0.500000000 0.000000000 0.000000000 0.962736487 0.094038725 -0.253564924 -0.445181878 -0.098016284 0.995180070 -0.003069796 -0.012345498 0.252054065 0.027808897 0.967313528 -0.692215884
0 0.521141136 0.926473112 0.500000000 0.500000000 0.000000000 0.000000000 0.961254478 0.095818199 -0.258473724 -0.449170143 -0.099624097 0.995023787 -0.001635467 -0.011848325 0.257030785 0.027322313 0.966016889 -0.706780465
0 0.521141136 0.926473112 0.500000000 0.500000000 0.000000000 0.000000000 0.959779620 0.097348012 -0.263337135 -0.452550041 -0.101058483 0.994880319 -0.000547773 -0.012239028 0.261935622 0.027138192 0.964703739 -0.720617929
0 0.521141136 0.926473112 0.500000000 0.500000000 0.000000000 0.000000000 0.958279252 0.098950483 -0.268159837 -0.456025418 -0.102814056 0.994700551 -0.000367254 -0.011499644 0.266702384 0.027922533 0.963374376 -0.735676759
0 0.521141136 0.926473112 0.500000000 0.500000000 0.000000000 0.000000000 0.956746340 0.100640520 -0.272961497 -0.459369378 -0.104399152 0.994535208 0.000758492 -0.011068274 0.271546155 0.027771262 0.962024689 -0.751121150
0 0.521141136 0.926473112 0.500000000 0.500000000 0.000000000 0.000000000 0.955161333 0.102296002 -0.277853131 -0.461972352 -0.105789810 0.994385540 0.002430543 -0.012825918 0.276541770 0.027072469 0.960620463 -0.765732274
0 0.521141136 0.926473112 0.500000000 0.500000000 0.000000000 0.000000000 0.953598619 0.103617020 -0.282689214 -0.464585753 -0.106969073 0.994255841 0.003595002 -0.014779979 0.281437904 0.026810814 0.959204793 -0.780537715
0 0.521141136 0.926473112 0.500000000 0.500000000 0.000000000 0.000000000 0.951982796 0.104852103 -0.287636638 -0.467006206 -0.108258680 0.994114399 0.004083554 -0.016345354 0.286371857 0.027251689 0.957730889 -0.796742759
0 0.521141136 0.926473112 0.500000000 0.500000000 0.000000000 0.000000000 0.950304031 0.106072791 -0.292695820 -0.468973161 -0.109529614 0.993972898 0.004602214 -0.016591886 0.291419894 0.027685357 0.956194520 -0.812998878
0 0.521141136 0.926473112 0.500000000 0.500000000 0.000000000 0.000000000 0.948432922 0.107759021 -0.298098862 -0.470471073 -0.110961244 0.993805289 0.006213334 -0.017261944 0.296921760 0.027184490 0.954514802 -0.829180698
0 0.521141136 0.926473112 0.500000000 0.500000000 0.000000000 0.000000000 0.946425915 0.109419741 -0.303817958 -0.471881007 -0.112242751 0.993646860 0.008212618 -0.019590561 0.302786380 0.026328731 0.952694714 -0.845075604
0 0.521141136 0.926473112 0.500000000 0.500000000 0.000000000 0.000000000 0.944442987 0.110172987 -0.309660017 -0.472187925 -0.113193862 0.993538618 0.008254109 -0.020571477 0.308568567 0.027256077 0.950811505 -0.861231949
0 0.521141136 0.926473112 0.500000000 0.500000000 0.000000000 0.000000000 0.942432940 0.110918626 -0.315463424 -0.472603695 -0.114130408 0.993430793 0.008336061 -0.018460745 0.314315706 0.028147791 0.948901117 -0.878372967
0 0.521141136 0.926473112 0.500000000 0.500000000 0.000000000 0.000000000 0.940113008 0.112861976 -0.321635991 -0.472377490 -0.115436971 0.993252575 0.011120175 -0.018491221 0.320720822 0.026674464 0.946798086 -0.895334705
0 0.521141136 0.926473112 0.500000000 0.500000000 0.000000000 0.000000000 0.937834144 0.114267528 -0.327734739 -0.471945296 -0.116437510 0.993112087 0.013063593 -0.020381726 0.326970100 0.025909135 0.944679439 -0.910098799
0 0.521141136 0.926473112 0.500000000 0.500000000 0.000000000 0.000000000 0.935653031 0.115174286 -0.333599031 -0.471821521 -0.117219754 0.993006408 0.014064157 -0.019088860 0.332885802 0.025945224 0.942610145 -0.926408351
0 0.521141136 0.926473112 0.500000000 0.500000000 0.000000000 0.000000000 0.933423400 0.116166346 -0.339449704 -0.471261246 -0.118061081 0.992890894 0.015140757 -0.017344115 0.338795364 0.025943061 0.940502346 -0.943020070
0 0.521141136 0.926473112 0.500000000 0.500000000 0.000000000 0.000000000 0.931185782 0.117201649 -0.345190972 -0.470225500 -0.118875578 0.992773771 0.016395211 -0.017019867 0.344618082 0.025767788 0.938389242 -0.958558059
0 0.521141136 0.926473112 0.500000000 0.500000000 0.000000000 0.000000000 0.928976476 0.118491977 -0.350659817 -0.469932005 -0.120026559 0.992617488 0.017439568 -0.014140265 0.350137532 0.025887541 0.936340511 -0.975491785
0 0.521141136 0.926473112 0.500000000 0.500000000 0.000000000 0.000000000 0.926842511 0.119622871 -0.355883896 -0.469949375 -0.120705098 0.992501736 0.019251481 -0.013281739 0.355518311 0.025113910 0.934331834 -0.991505812
0 0.521141136 0.926473112 0.500000000 0.500000000 0.000000000 0.000000000 0.924800813 0.120569587 -0.360841215 -0.469905226 -0.121171802 0.992408395 0.021046603 -0.013162185 0.360639453 0.024259867 0.932389736 -1.006938903
0 0.521141136 0.926473112 0.500000000 0.500000000 0.000000000 0.000000000 0.922804236 0.121281274 -0.365681857 -0.470100486 -0.121632904 0.992327511 0.022170588 -0.012912770 0.365565062 0.024019836 0.930475831 -1.022735106
0 0.521141136 0.926473112 0.500000000 0.500000000 0.000000000 0.000000000 0.920744061 0.122144118 -0.370555282 -0.470611611 -0.122261025 0.992225111 0.023271423 -0.012050519 0.370516747 0.023877447 0.928518832 -1.039791601
0 0.521141136 0.926473112 0.500000000 0.500000000 0.000000000 0.000000000 0.918603063 0.123114564 -0.375514537 -0.470708262 -0.122693747 0.992126226 0.025134409 -0.012394581 0.375652224 0.022984739 0.926475644 -1.055895533
0 0.521141136 0.926473112 0.500000000 0.500000000 0.000000000 0.000000000 0.916431189 0.124104299 -0.380462855 -0.470934876 -0.122981116 0.992031634 0.027365765 -0.014585037 0.380827397 0.021710908 0.924391210 -1.071613453
0 0.521141136 0.926473112 0.500000000 0.500000000 0.000000000 0.000000000 0.914295971 0.124881499 -0.385314852 -0.471630993 -0.123572126 0.991932869 0.028269256 -0.016271378 0.385736763 0.021767709 0.922352076 -1.088043864
0 0.521141136 0.926473112 0.500000000 0.500000000 0.000000000 0.000000000 0.912076592 0.125634491 -0.390297592 -0.471890295 -0.124006785 0.991843343 0.029480183 -0.017456237 0.390817821 0.021511365 0.920216680 -1.105313793
0 0.521141136 0.926473112 0.500000000 0.500000000 0.000000000 0.000000000 0.909709752 0.126437992 -0.395526975 -0.471493837 -0.124220207 0.991759956 0.031329837 -0.022534006 0.396229088 0.020631384 0.917919874 -1.122001268
0 0.521141136 0.926473112 0.500000000 0.500000000 0.000000000 0.000000000 0.907342613 0.126857162 -0.400795013 -0.471752459 -0.124573566 0.991698444 0.031869505 -0.025470536 0.401510656 0.021011906 0.915613294 -1.139318888
0 0.521141136 0.926473112 0.500000000 0.500000000 0.000000000 0.000000000 0.904728949 0.127725899 -0.406388521 -0.470752302 -0.125269890 0.991581500 0.032765061 -0.026398619 0.407152295 0.021264747 0.913112700 -1.157349073
0 0.521141136 0.926473112 0.500000000 0.500000000 0.000000000 0.000000000 0.901932776 0.128858790 -0.412204683 -0.469462583 -0.125214875 0.991477549 0.035965629 -0.032416784 0.413326174 0.019175576 0.910381138 -1.173779873
0 0.521141136 0.926473112 0.500000000 0.500000000 0.000000000 0.000000000 0.899339199 0.128991321 -0.417792082 -0.468941352 -0.125131980 0.991459250 0.036749277 -0.036904951 0.418964177 0.019229084 0.907799125 -1.190447857
0 0.521141136 0.926473112 0.500000000 0.500000000 0.000000000 0.000000000 0.896452308 0.130105063 -0.423610538 -0.466447726 -0.126005396 0.991308749 0.037809376 -0.037280426 0.424848050 0.019482914 0.905054986 -1.208593240
0 0.521141136 0.926473112 0.500000000 0.500000000 0.000000000 0.000000000 0.893574774 0.131100625 -0.429344565 -0.464933983 -0.126075298 0.991203010 0.040269811 -0.042137742 0.430847019 0.018145654 0.902242541 -1.224827736
0 0.521141136 0.926473112 0.500000000 0.500000000 0.000000000 0.000000000 0.890840232 0.131047770 -0.435005903 -0.462202541 -0.126067579 0.991197348 0.040431928 -0.043824714 0.436475217 0.018821752 0.899519384 -1.242105021
0 0.521141136 0.926473112 0.500000000 0.500000000 0.000000000 0.000000000 0.888075709 0.131088763 -0.440610111 -0.459656516 -0.125861913 0.991191328 0.041213620 -0.043703738 0.442131549 0.018855216 0.896752000 -1.258436493
0 0.521141136 0.926473112 0.500000000 0.500000000 0.000000000 0.000000000 0.885056734 0.131993353 -0.446376860 -0.456146629 -0.126095980 0.991083682 0.043045174 -0.043904285 0.448078513 0.018188905 0.893809140 -1.274969932
0 0.521141136 0.926473112 0.500000000 0.500000000 0.000000000 0.000000000 0.882052839 0.133088633 -0.451962650 -0.453396267 -0.126131460 0.990962744 0.045648158 -0.045410793 0.453953385 0.016742621 0.890868127 -1.290939605
0 0.521141136 0.926473112 0.500000000 0.500000000 0.000000000 0.000000000 0.879225731 0.133101285 -0.457434386 -0.449562699 -0.125593200 0.990970433 0.046945892 -0.047467755 0.459552526 0.016174611 0.888003290 -1.306042453
0 0.521141136 0.926473112 0.500000000 0.500000000 0.000000000 0.000000000 0.876474380 0.132709160 -0.462796807 -0.444856298 -0.125098079 0.991018116 0.047260329 -0.045967868 0.464911908 0.016472524 0.885203660 -1.321865047
0 0.521141136 0.926473112 0.500000000 0.500000000 0.000000000 0.000000000 0.873553991 0.132927760 -0.468223959 -0.439799101 -0.124528460 0.991004646 0.049014375 -0.046703687 0.470527500 0.015490506 0.882249355 -1.336966961
0 0.521141136 0.926473112 0.500000000 0.500000000 0.000000000 0.000000000 0.870673656 0.133094430 -0.473511666 -0.435192782 -0.123850904 0.990998745 0.050817534 -0.048089013 0.476013005 0.014399359 0.879320323 -1.350996204
0 0.521141136 0.926473112 0.500000000 0.500000000 0.000000000 0.000000000 0.867704928 0.133255720 -0.478885204 -0.429978827 -0.123280779 0.990988553 0.052379053 -0.049006161 0.481549561 0.013587778 0.876313508 -1.365494363
0 0.521141136 0.926473112 0.500000000 0.500000000 0.000000000 0.000000000 0.864641964 0.133244425 -0.484396696 -0.423733218 -0.122395582 0.991004527 0.054123953 -0.051115755 0.487251014 0.012490169 0.873172641 -1.380247493
0 0.521141136 0.926473112 0.500000000 0.500000000 0.000000000 0.000000000 0.861578286 0.133076504 -0.489870876 -0.417387164 -0.121299408 0.991041660 0.055882931 -0.053451136 0.492919147 0.011273527 0.870002091 -1.394454711
0 0.521141136 0.926473112 0.500000000 0.500000000 0.000000000 0.000000000 0.858381271 0.133077934 -0.495451152 -0.410040156 -0.120533697 0.991050243 0.057367999 -0.056611249 0.498651385 0.010474945 0.866739333 -1.409069511
0 0.521141136 0.926473112 0.500000000 0.500000000 0.000000000 0.000000000 0.855098844 0.133208692 -0.501060247 -0.402729564 -0.119903594 0.991039932 0.058846656 -0.059152996 0.504409611 0.009759217 0.863409340 -1.424244095
0 0.521141136 0.926473112 0.500000000 0.500000000 0.000000000 0.000000000 0.851693571 0.133099437 -0.506855667 -0.394446222 -0.119137876 0.991059661 0.060057595 -0.062244923 0.510317802 0.009235036 0.859936297 -1.439129278
0 0.521141136 0.926473112 0.500000000 0.500000000 0.000000000 0.000000000 0.848103225 0.133418530 -0.512757659 -0.385696362 -0.118667692 0.991022348 0.061585195 -0.064956951 0.516370893 0.008617169 0.856321692 -1.454551325
0 0.521141136 0.926473112 0.500000000 0.500000000 0.000000000 0.000000000 0.844440877 0.133400381 -0.518771589 -0.375881198 -0.117759153 0.991031826 0.063155718 -0.069261402 0.522544146 0.007758836 0.852576911 -1.469545951
0 0.521141136 0.926473112 0.500000000 0.500000000 0.000000000 0.000000000 0.840755761 0.133003131 -0.524823725 -0.365370161 -0.116616897 0.991090178 0.064348795 -0.073196786 0.528706253 0.007101696 0.848775148 -1.484919501
