0 0.515526452 0.916491510 0.500000000 0.500000000 0.000000000 0.000000000 0.979442358 -0.040502317 0.197616264 -0.207398969 0.038023949 0.999143541 0.016321326 0.048604560 -0.198108062 -0.008471647 0.980143547 -0.284009130
0 0.515526452 0.916491510 0.500000000 0.500000000 0.000000000 0.000000000 0.977365851 -0.042762399 0.207189247 -0.221301540 0.039909694 0.999042392 0.017930830 0.048132053 -0.207757607 -0.009256122 0.978136539 -0.292203297
0 0.515526452 0.916491510 0.500000000 0.500000000 0.000000000 0.000000000 0.975076318 -0.045008190 0.217256680 -0.237169125 0.041987572 0.998946786 0.018502073 0.051642074 -0.217860609 -0.008918853 0.975939155 -0.300445532
0 0.515526452 0.916491510 0.500000000 0.500000000 0.000000000 0.000000000 0.972720921 -0.046973318 0.227172777 -0.252805965 0.043495487 0.998847485 0.020293841 0.052194327 -0.227864221 -0.009859254 0.973643005 -0.308458671
0 0.515526452 0.916491510 0.500000000 0.500000000 0.000000000 0.000000000 0.970321715 -0.048809938 0.236840442 -0.267451307 0.045055196 0.998758614 0.021243459 0.054745724 -0.237583324 -0.009942096 0.971316278 -0.315707661
0 0.515526452 0.916491510 0.500000000 0.500000000 0.000000000 0.000000000 0.967644274 -0.051438786 0.247019514 -0.283689635 0.047350507 0.998625636 0.022466417 0.057419398 -0.247835666 -0.010043000 0.968750000 -0.321884004
0 0.515526452 0.916491510 0.500000000 0.500000000 0.000000000 0.000000000 0.964845657 -0.053577445 0.257298112 -0.300266104 0.048926819 0.998503089 0.024447981 0.058351460 -0.258222818 -0.010999750 0.966022789 -0.328666931
0 0.515526452 0.916491510 0.500000000 0.500000000 0.000000000 0.000000000 0.962056279 -0.054831881 0.267284721 -0.316159161 0.049887169 0.998435378 0.025260787 0.063164558 -0.268251628 -0.010968221 0.963286459 -0.333667207
0 0.515526452 0.916491510 0.500000000 0.500000000 0.000000000 0.000000000 0.958928525 -0.057052858 0.277850717 -0.332380545 0.051601149 0.998305380 0.026900640 0.064563092 -0.278914630 -0.011458375 0.960247517 -0.340094451
0 0.515526452 0.916491510 0.500000000 0.500000000 0.000000000 0.000000000 0.955620646 -0.060119592 0.288400531 -0.347152009 0.054103650 0.998120129 0.028793324 0.064448781 -0.289589405 -0.011911971 0.957076848 -0.345460985
0 0.515526452 0.916491510 0.500000000 0.500000000 0.000000000 0.000000000 0.952243865 -0.062114730 0.298953772 -0.362078474 0.055456318 0.997988641 0.030713301 0.066052520 -0.300260216 -0.012667676 0.953773201 -0.349592376
0 0.515526452 0.916491510 0.500000000 0.500000000 0.000000000 0.000000000 0.948569477 -0.064777702 0.309870690 -0.377069828 0.057558388 0.997816443 0.032394577 0.067227356 -0.311292499 -0.012892848 0.950226665 -0.354229737
0 0.515526452 0.916491510 0.500000000 0.500000000 0.000000000 0.000000000 0.944733918 -0.067738697 0.320763528 -0.391332972 0.059657250 0.997606277 0.034967560 0.064930623 -0.322364360 -0.013899170 0.946513593 -0.357580567
0 0.515526452 0.916491510 0.500000000 0.500000000 0.000000000 0.000000000 0.940731645 -0.070731893 0.331694156 -0.404531187 0.062023453 0.997396708 0.036781874 0.065944433 -0.333432317 -0.014029055 0.942669630 -0.361014421
0 0.515526452 0.916491510 0.500000000 0.500000000 0.000000000 0.000000000 0.936545312 -0.073589571 0.342735171 -0.417634587 0.064029329 0.997180045 0.039143004 0.064552793 -0.344649196 -0.014714094 0.938616216 -0.363911255
0 0.515526452 0.916491510 0.500000000 0.500000000 0.000000000 0.000000000 0.932101309 -0.076250561 0.354080468 -0.431260106 0.065909363 0.996974945 0.041193165 0.064506967 -0.356150359 -0.015058985 0.934307337 -0.367346584
0 0.515526452 0.916491510 0.500000000 0.500000000 0.000000000 0.000000000 0.927564263 -0.078993060 0.365218639 -0.442947208 0.067622490 0.996747255 0.043841988 0.062708178 -0.367493868 -0.015969269 0.929888844 -0.369008437
0 0.515526452 0.916491510 0.500000000 0.500000000 0.000000000 0.000000000 0.922594666 -0.082159810 0.376920253 -0.456107339 0.070014633 0.996492386 0.045835946 0.060952607 -0.379364014 -0.015898066 0.925110936 -0.372400057
0 0.515526452 0.916491510 0.500000000 0.500000000 0.000000000 0.000000000 0.917607129 -0.085970841 0.388080090 -0.466234575 0.072914340 0.996169150 0.048275549 0.059956537 -0.390743703 -0.016001385 0.920360446 -0.374354206
0 0.515526452 0.916491510 0.500000000 0.500000000 0.000000000 0.000000000 0.912415326 -0.088941887 0.399484187 -0.477299672 0.074932262 0.995904744 0.050585989 0.058077815 -0.402347416 -0.016221175 0.915343344 -0.377208408
0 0.515526452 0.916491510 0.500000000 0.500000000 0.000000000 0.000000000 0.907015562 -0.092351913 0.410845339 -0.487280658 0.077308036 0.995590985 0.053122535 0.055258610 -0.413939893 -0.016421318 0.910156071 -0.380763039
0 0.515526452 0.916491510 0.500000000 0.500000000 0.000000000 0.000000000 0.901181042 -0.095969975 0.422684848 -0.499295244 0.080049045 0.995255589 0.055303533 0.052528998 -0.425986946 -0.016002974 0.904587746 -0.384736079
0 0.515526452 0.916491510 0.500000000 0.500000000 0.000000000 0.000000000 0.895536542 -0.098812282 0.433878362 -0.509692576 0.081945524 0.994979024 0.057460651 0.049818516 -0.437377691 -0.015903722 0.899137259 -0.387278626
0 0.515526452 0.916491510 0.500000000 0.500000000 0.000000000 0.000000000 0.889517188 -0.101527087 0.445478916 -0.521896779 0.083601832 0.994705379 0.059765510 0.047118297 -0.449188083 -0.015919596 0.893295348 -0.390860711
0 0.515526452 0.916491510 0.500000000 0.500000000 0.000000000 0.000000000 0.883568645 -0.104639679 0.456461430 -0.531471033 0.085698150 0.994385898 0.062068820 0.044733556 -0.460393667 -0.015724160 0.887575567 -0.393857309
0 0.515526452 0.916491510 0.500000000 0.500000000 0.000000000 0.000000000 0.877387822 -0.107445166 0.467596114 -0.541223340 0.087634020 0.994095325 0.063990511 0.041888286 -0.471710563 -0.015167170 0.881622970 -0.398154760
0 0.515526452 0.916491510 0.500000000 0.500000000 0.000000000 0.000000000 0.870748222 -0.110886835 0.479063302 -0.551343693 0.090021662 0.993724585 0.066389501 0.039421270 -0.483418673 -0.014682466 0.875266135 -0.401286723
0 0.515526452 0.916491510 0.500000000 0.500000000 0.000000000 0.000000000 0.864044368 -0.114469364 0.490228593 -0.559741872 0.092443727 0.993323743 0.069007926 0.036547995 -0.494854987 -0.014307355 0.868857801 -0.405826195
0 0.515526452 0.916491510 0.500000000 0.500000000 0.000000000 0.000000000 0.857290089 -0.117781363 0.501179874 -0.567798748 0.094691582 0.992944598 0.071375996 0.035016321 -0.506050587 -0.013732416 0.862394452 -0.409579851
0 0.515526452 0.916491510 0.500000000 0.500000000 0.000000000 0.000000000 0.850163996 -0.121122755 0.512396753 -0.576841519 0.096921027 0.992551208 0.073813438 0.032559471 -0.517520487 -0.013091507 0.855570674 -0.413151248
0 0.515526452 0.916491510 0.500000000 0.500000000 0.000000000 0.000000000 0.843056619 -0.124391750 0.523242056 -0.584949446 0.098822780 0.992149234 0.076641366 0.031050492 -0.528667748 -0.012904772 0.848730743 -0.416265876
0 0.515526452 0.916491510 0.500000000 0.500000000 0.000000000 0.000000000 0.835731745 -0.127601728 0.534106970 -0.593127644 0.100493491 0.991741300 0.079688713 0.029602648 -0.539864361 -0.012924108 0.841652811 -0.419392683
0 0.515526452 0.916491510 0.500000000 0.500000000 0.000000000 0.000000000 0.828267157 -0.130859926 0.544838667 -0.601646240 0.102347098 0.991321087 0.082507856 0.028173451 -0.550907016 -0.012575895 0.834471881 -0.421720103
0 0.515526452 0.916491510 0.500000000 0.500000000 0.000000000 0.000000000 0.820765853 -0.134407192 0.555227995 -0.608534108 0.104855120 0.990860224 0.084861070 0.027552926 -0.561559260 -0.011432575 0.827357531 -0.424694335
0 0.515526452 0.916491510 0.500000000 0.500000000 0.000000000 0.000000000 0.812785089 -0.136928231 0.566242874 -0.618492254 0.106471881 0.990528703 0.086698808 0.027777424 -0.572751343 -0.010178551 0.819665968 -0.427314995
0 0.515526452 0.916491510 0.500000000 0.500000000 0.000000000 0.000000000 0.804733038 -0.139348209 0.577050149 -0.629040325 0.108175188 0.990206063 0.088261493 0.028186701 -0.583697617 -0.008604428 0.811925530 -0.428618499
0 0.515526452 0.916491510 0.500000000 0.500000000 0.000000000 0.000000000 0.796508908 -0.142213926 0.587663770 -0.638277463 0.109751940 0.989805162 0.090775855 0.028043141 -0.594582260 -0.007806534 0.803996921 -0.431070084
0 0.515526452 0.916491510 0.500000000 0.500000000 0.000000000 0.000000000 0.787905693 -0.144466490 0.598610103 -0.649689237 0.110774301 0.989485204 0.092995003 0.026894409 -0.605750501 -0.006960679 0.795624197 -0.431156394
0 0.515526452 0.916491510 0.500000000 0.500000000 0.000000000 0.000000000 0.779271543 -0.147540435 0.609071195 -0.658978002 0.112201795 0.989034712 0.096026465 0.023842210 -0.616560340 -0.006491806 0.787280917 -0.432102015
0 0.515526452 0.916491510 0.500000000 0.500000000 0.000000000 0.000000000 0.770750463 -0.149801537 0.619276345 -0.667827611 0.112878136 0.988696933 0.098675564 0.023416287 -0.627058387 -0.006151473 0.778947949 -0.431914145
0 0.515526452 0.916491510 0.500000000 0.500000000 0.000000000 0.000000000 0.762114227 -0.151548535 0.629456043 -0.676300264 0.113425106 0.988435566 0.100647323 0.021639074 -0.637429714 -0.005308634 0.770490229 -0.430841885
0 0.515526452 0.916491510 0.500000000 0.500000000 0.000000000 0.000000000 0.753122151 -0.155259609 0.639297664 -0.683561521 0.116229713 0.987868309 0.102989390 0.023442132 -0.647531986 -0.003258210 0.762031317 -0.430783105
0 0.515526452 0.916491510 0.500000000 0.500000000 0.000000000 0.000000000 0.744080245 -0.158136934 0.649105012 -0.689976106 0.117433436 0.987413764 0.105940774 0.020885053 -0.657688379 -0.002601800 0.753285587 -0.431506456
0 0.515526452 0.916491510 0.500000000 0.500000000 0.000000000 0.000000000 0.734828353 -0.159882113 0.659139633 -0.697829537 0.117620021 0.987133980 0.108314753 0.019094323 -0.667976677 -0.002064736 0.744179308 -0.431124494
0 0.515526452 0.916491510 0.500000000 0.500000000 0.000000000 0.000000000 0.725164473 -0.162965342 0.669013262 -0.704405858 0.119046323 0.986631215 0.111296043 0.017820085 -0.678206801 -0.001064363 0.734870315 -0.430892338
0 0.515526452 0.916491510 0.500000000 0.500000000 0.000000000 0.000000000 0.715216637 -0.165162206 0.679107189 -0.713192450 0.119763240 0.986266434 0.113733552 0.016228995 -0.688565135 -0.000012053 0.725174487 -0.430527690
0 0.515526452 0.916491510 0.500000000 0.500000000 0.000000000 0.000000000 0.705458462 -0.167367592 0.688706338 -0.720376201 0.120878585 0.985893309 0.115770333 0.015368609 -0.698367178 0.001578686 0.715737939 -0.431504381
0 0.515526452 0.916491510 0.500000000 0.500000000 0.000000000 0.000000000 0.695204794 -0.169627368 0.698510468 -0.729138642 0.122022271 0.985502779 0.117876232 0.014598158 -0.708379090 0.003285720 0.705824554 -0.430412843
0 0.515526452 0.916491510 0.500000000 0.500000000 0.000000000 0.000000000 0.685561121 -0.171045884 0.707636356 -0.735214345 0.122464262 0.985251725 0.119505599 0.013771397 -0.717640877 0.004731771 0.696397305 -0.431694046
0 0.515526452 0.916491510 0.500000000 0.500000000 0.000000000 0.000000000 0.675452054 -0.172939137 0.716837883 -0.743110768 0.123546086 0.984909713 0.121198915 0.013203610 -0.726980627 0.006698457 0.686625302 -0.432651709
0 0.515526452 0.916491510 0.500000000 0.500000000 0.000000000 0.000000000 0.665298879 -0.175179377 0.725733817 -0.750039794 0.124956362 0.984497249 0.123089604 0.011451055 -0.736045718 0.008793677 0.676874697 -0.435353139
0 0.515526452 0.916491510 0.500000000 0.500000000 0.000000000 0.000000000 0.655488968 -0.177083760 0.734149575 -0.756481767 0.125711277 0.984142303 0.125142425 0.009723852 -0.744668305 0.010261399 0.667355835 -0.436810108
0 0.515526452 0.916491510 0.500000000 0.500000000 0.000000000 0.000000000 0.645979583 -0.177644029 0.742396772 -0.763386252 0.125680655 0.984023511 0.126103416 0.009801328 -0.752937436 0.011844677 0.657985508 -0.438660092
0 0.515526452 0.916491510 0.500000000 0.500000000 0.000000000 0.000000000 0.636578143 -0.179029554 0.750144422 -0.769473040 0.126177177 0.983753026 0.127707720 0.008108423 -0.760820329 0.013355160 0.648825169 -0.441524773
0 0.515526452 0.916491510 0.500000000 0.500000000 0.000000000 0.000000000 0.627354145 -0.180313408 0.757571042 -0.775568485 0.126953334 0.983490586 0.128954023 0.005823837 -0.768316090 0.015276337 0.639888287 -0.445265369
0 0.515526452 0.916491510 0.500000000 0.500000000 0.000000000 0.000000000 0.618144572 -0.181580082 0.764804482 -0.782239950 0.127756521 0.983225048 0.130179793 0.006178919 -0.775613010 0.017238829 0.630973279 -0.450552328
0 0.515526452 0.916491510 0.500000000 0.500000000 0.000000000 0.000000000 0.609018624 -0.182212129 0.771942377 -0.789956561 0.127805874 0.983080566 0.131218389 0.004952025 -0.782791138 0.018744322 0.622002184 -0.455682022
0 0.515526452 0.916491510 0.500000000 0.500000000 0.000000000 0.000000000 0.600317001 -0.182824120 0.778585136 -0.796584412 0.128235102 0.982928932 0.131933436 0.004165057 -0.789414525 0.020640064 0.613513410 -0.462194699
0 0.515526452 0.916491510 0.500000000 0.500000000 0.000000000 0.000000000 0.592066884 -0.183283642 0.784769952 -0.803177446 0.128770471 0.982798517 0.132382929 0.005526564 -0.795534372 0.022675646 0.605484009 -0.469307330
0 0.515526452 0.916491510 0.500000000 0.500000000 0.000000000 0.000000000 0.583354414 -0.183043122 0.791323483 -0.813617531 0.127999350 0.982818782 0.132978797 0.006054578 -0.802068472 0.023715131 0.596761107 -0.474773366
0 0.515526452 0.916491510 0.500000000 0.500000000 0.000000000 0.000000000 0.574633837 -0.183126971 0.797659397 -0.824531712 0.128282636 0.982751131 0.133205622 0.008316678 -0.808294237 0.025781391 0.588214040 -0.481143363
0 0.515526452 0.916491510 0.500000000 0.500000000 0.000000000 0.000000000 0.567056239 -0.182707593 0.803159475 -0.832651053 0.127918229 0.982791662 0.133257061 0.010646694 -0.813685536 0.027174495 0.580669761 -0.488017192
0 0.515526452 0.916491510 0.500000000 0.500000000 0.000000000 0.000000000 0.559302449 -0.182559669 0.808611631 -0.841682715 0.127733156 0.982778668 0.133530453 0.013022585 -0.819063485 0.028602611 0.572989404 -0.495718056
0 0.515526452 0.916491510 0.500000000 0.500000000 0.000000000 0.000000000 0.551580131 -0.181917027 0.814042687 -0.852608961 0.127106830 0.982861459 0.133518353 0.015392591 -0.824380457 0.029824313 0.565249801 -0.502432070
0 0.515526452 0.916491510 0.500000000 0.500000000 0.000000000 0.000000000 0.544127703 -0.181593835 0.819114566 -0.862519023 0.127090752 0.982869744 0.133472770 0.018458827 -0.829320788 0.031475652 0.557885587 -0.510261914
0 0.515526452 0.916491510 0.500000000 0.500000000 0.000000000 0.000000000 0.537181199 -0.181376562 0.823734760 -0.870618095 0.126774043 0.982873797 0.133744061 0.019799838 -0.833885312 0.032583397 0.550975144 -0.519029659
0 0.515526452 0.916491510 0.500000000 0.500000000 0.000000000 0.000000000 0.531125247 -0.180655524 0.827810109 -0.877460899 0.126300156 0.982970417 0.133482099 0.021853279 -0.837827086 0.033656836 0.544897199 -0.528131193
0 0.515526452 0.916491510 0.500000000 0.500000000 0.000000000 0.000000000 0.525038004 -0.179426461 0.831950247 -0.886332558 0.125462979 0.983161926 0.132859439 0.024367974 -0.841780365 0.034622703 0.538708746 -0.536844821
0 0.515526452 0.916491510 0.500000000 0.500000000 0.000000000 0.000000000 0.519345760 -0.179026440 0.835601270 -0.893637421 0.125343129 0.983192801 0.132744029 0.026125435 -0.845321894 0.035796829 0.533056736 -0.546312581
0 0.515526452 0.916491510 0.500000000 0.500000000 0.000000000 0.000000000 0.514176786 -0.177906960 0.839030027 -0.900956315 0.124445789 0.983373344 0.132250130 0.027618113 -0.848607957 0.036413811 0.527767479 -0.555943427
0 0.515526452 0.916491510 0.500000000 0.500000000 0.000000000 0.000000000 0.509406686 -0.176551551 0.842219949 -0.908104376 0.123325616 0.983602047 0.131596953 0.029244076 -0.851642907 0.036830924 0.522826791 -0.565295530
0 0.515526452 0.916491510 0.500000000 0.500000000 0.000000000 0.000000000 0.504751861 -0.175932333 0.845146954 -0.914840168 0.123204440 0.983672082 0.131186709 0.030965713 -0.854427457 0.037909124 0.518185914 -0.574804278
0 0.515526452 0.916491510 0.500000000 0.500000000 0.000000000 0.000000000 0.500785112 -0.175130799 0.847669423 -0.920099737 0.122510195 0.983799696 0.130879268 0.031763038 -0.856857896 0.038305756 0.514127553 -0.584609849
0 0.515526452 0.916491510 0.500000000 0.500000000 0.000000000 0.000000000 0.497198313 -0.174108788 0.849988222 -0.924794326 0.122019485 0.983954132 0.130174965 0.033767534 -0.859014034 0.038992353 0.510465026 -0.594823635
0 0.515526452 0.916491510 0.500000000 0.500000000 0.000000000 0.000000000 0.493840575 -0.172899246 0.852189720 -0.929392773 0.121033758 0.984160185 0.129535913 0.034958423 -0.861087859 0.039173640 0.506944895 -0.604695961
0 0.515526452 0.916491510 0.500000000 0.500000000 0.000000000 0.000000000 0.490880460 -0.171905890 0.854098797 -0.933021986 0.119842581 0.984344482 0.129242942 0.035171602 -0.862945020 0.038914572 0.503797114 -0.614581245
0 0.515526452 0.916491510 0.500000000 0.500000000 0.000000000 0.000000000 0.488024682 -0.171095908 0.855896056 -0.936581272 0.119108051 0.984480441 0.128885865 0.035269246 -0.864664793 0.039044637 0.500829637 -0.624705275
0 0.515526452 0.916491510 0.500000000 0.500000000 0.000000000 0.000000000 0.485361069 -0.169492155 0.857727826 -0.940312556 0.118099488 0.984748185 0.127763376 0.035762350 -0.866300821 0.039285846 0.497975379 -0.635607129
0 0.515526452 0.916491510 0.500000000 0.500000000 0.000000000 0.000000000 0.482858181 -0.168045536 0.859423459 -0.943059047 0.117173754 0.984987855 0.126764640 0.036076926 -0.867823899 0.039492529 0.495299965 -0.647304380
0 0.515526452 0.916491510 0.500000000 0.500000000 0.000000000 0.000000000 0.480184764 -0.167079806 0.861107945 -0.946600610 0.117096908 0.985115111 0.125843331 0.036063162 -0.869316339 0.040405035 0.492601782 -0.659188435
0 0.515526452 0.916491510 0.500000000 0.500000000 0.000000000 0.000000000 0.477965087 -0.165617555 0.862623990 -0.949443008 0.116956145 0.985318840 0.124370687 0.037532482 -0.870557666 0.041444331 0.490318000 -0.671736308
