0 0.471902047 0.838937009 0.500000000 0.500000000 0.000000000 0.000000000 0.994106114 0.007078539 -0.108180009 -0.027305518 -0.006827184 0.999973059 0.002693677 0.010460102 0.108196162 -0.001939236 0.994127691 -0.248290515
0 0.471902047 0.838937009 0.500000000 0.500000000 0.000000000 0.000000000 0.993508756 0.007369758 -0.113516480 -0.028363672 -0.007116761 0.999971211 0.002633814 0.010683558 0.113532625 -0.001808848 0.993532598 -0.262271223
0 0.471902047 0.838937009 0.500000000 0.500000000 0.000000000 0.000000000 0.992914379 0.007538767 -0.118592769 -0.030128132 -0.007287230 0.999970198 0.002554511 0.011031636 0.118608490 -0.001672198 0.992939711 -0.275497246
0 0.471902047 0.838937009 0.500000000 0.500000000 0.000000000 0.000000000 0.992295265 0.007875102 -0.123645023 -0.031081832 -0.007598390 0.999967456 0.002709361 0.010598134 0.123662338 -0.001748983 0.992322803 -0.288986560
0 0.471902047 0.838937009 0.500000000 0.500000000 0.000000000 0.000000000 0.991629601 0.008080476 -0.128862083 -0.032403411 -0.007823797 0.999966264 0.002497982 0.011358615 0.128877923 -0.001468883 0.991659403 -0.303587096
0 0.471902047 0.838937009 0.500000000 0.500000000 0.000000000 0.000000000 0.990950942 0.008056327 -0.133982494 -0.033001565 -0.007799807 0.999966621 0.002439360 0.011650598 0.133997679 -0.001372249 0.990980685 -0.318036607
0 0.471902047 0.838937009 0.500000000 0.500000000 0.000000000 0.000000000 0.990247309 0.008289857 -0.139073789 -0.033685830 -0.008037030 0.999964893 0.002379446 0.011932436 0.139088631 -0.001238500 0.990279138 -0.331959378
0 0.471902047 0.838937009 0.500000000 0.500000000 0.000000000 0.000000000 0.989515781 0.008669268 -0.144164279 -0.034299544 -0.008386365 0.999961555 0.002569942 0.011501100 0.144181013 -0.001333984 0.989550412 -0.347154951
0 0.471902047 0.838937009 0.500000000 0.500000000 0.000000000 0.000000000 0.988762736 0.008598537 -0.149245813 -0.034148810 -0.008338571 0.999962449 0.002367544 0.011977685 0.149260566 -0.001096443 0.988797307 -0.361988871
0 0.471902047 0.838937009 0.500000000 0.500000000 0.000000000 0.000000000 0.987981260 0.008833142 -0.154320940 -0.033571319 -0.008540188 0.999960244 0.002561188 0.012092827 0.154337436 -0.001212476 0.988017440 -0.377317838
0 0.471902047 0.838937009 0.500000000 0.500000000 0.000000000 0.000000000 0.987164319 0.009228614 -0.159440875 -0.032916470 -0.008975100 0.999957025 0.002310069 0.013601154 0.159455359 -0.000849420 0.987204790 -0.393671435
0 0.471902047 0.838937009 0.500000000 0.500000000 0.000000000 0.000000000 0.986279964 0.009915665 -0.164783120 -0.031222959 -0.009570462 0.999950051 0.002888734 0.013171169 0.164803535 -0.001272050 0.986325622 -0.409420200
0 0.471902047 0.838937009 0.500000000 0.500000000 0.000000000 0.000000000 0.985382557 0.010491642 -0.170032799 -0.029996017 -0.010125858 0.999944150 0.003018317 0.014288625 0.170054972 -0.001252469 0.985433757 -0.424660209
0 0.471902047 0.838937009 0.500000000 0.500000000 0.000000000 0.000000000 0.984509706 0.010739061 -0.175000995 -0.031396411 -0.010407761 0.999941885 0.002810813 0.016548795 0.175021008 -0.000945904 0.984564245 -0.439987348
0 0.471902047 0.838937009 0.500000000 0.500000000 0.000000000 0.000000000 0.983511865 0.010686577 -0.180527687 -0.029736266 -0.010308630 0.999942243 0.003031671 0.017021908 0.180549666 -0.001120691 0.983565211 -0.454483661
0 0.471902047 0.838937009 0.500000000 0.500000000 0.000000000 0.000000000 0.982496381 0.010605491 -0.185979605 -0.029060892 -0.010213867 0.999943137 0.003063777 0.018475787 0.186001524 -0.001110579 0.982548833 -0.469498293
0 0.471902047 0.838937009 0.500000000 0.500000000 0.000000000 0.000000000 0.981487215 0.010912245 -0.191216603 -0.028813230 -0.010496440 0.999939859 0.003187313 0.019890580 0.191239879 -0.001121214 0.981542706 -0.483905297
0 0.471902047 0.838937009 0.500000000 0.500000000 0.000000000 0.000000000 0.980346322 0.011052446 -0.196974427 -0.026713534 -0.010581331 0.999938071 0.003444060 0.020645685 0.197000295 -0.001292120 0.980402589 -0.498344424
0 0.471902047 0.838937009 0.500000000 0.500000000 0.000000000 0.000000000 0.979187667 0.011432779 -0.202634513 -0.025898911 -0.010881650 0.999933422 0.003833699 0.021233888 0.202664867 -0.001548913 0.979246914 -0.512437796
0 0.471902047 0.838937009 0.500000000 0.500000000 0.000000000 0.000000000 0.977982342 0.012022257 -0.208341151 -0.025000504 -0.011489106 0.999926925 0.003768985 0.022781940 0.208371222 -0.001292347 0.978048980 -0.526453316
0 0.471902047 0.838937009 0.500000000 0.500000000 0.000000000 0.000000000 0.976694167 0.011961565 -0.214302123 -0.023293780 -0.011398789 0.999927580 0.003861687 0.023111460 0.214332789 -0.001328903 0.976759791 -0.540356878
0 0.471902047 0.838937009 0.500000000 0.500000000 0.000000000 0.000000000 0.975419521 0.012296708 -0.220012501 -0.022613254 -0.011678479 0.999923348 0.004110448 0.023379254 0.220046178 -0.001439999 0.975488365 -0.553952425
0 0.471902047 0.838937009 0.500000000 0.500000000 0.000000000 0.000000000 0.973973334 0.012622569 -0.226310953 -0.019605568 -0.011908165 0.999918878 0.004521695 0.022816252 0.226349667 -0.001709063 0.974044621 -0.568113929
0 0.471902047 0.838937009 0.500000000 0.500000000 0.000000000 0.000000000 0.972653329 0.013163381 -0.231888294 -0.019545635 -0.012454896 0.999912202 0.004519113 0.023473939 0.231927425 -0.001507386 0.972731948 -0.581543751
0 0.471902047 0.838937009 0.500000000 0.500000000 0.000000000 0.000000000 0.971181035 0.013546950 -0.237957805 -0.017605212 -0.012821298 0.999907255 0.004597000 0.023386000 0.237997994 -0.001413591 0.971264601 -0.595809142
0 0.471902047 0.838937009 0.500000000 0.500000000 0.000000000 0.000000000 0.969676673 0.013807779 -0.244001046 -0.016077708 -0.012984630 0.999903262 0.004981746 0.022650798 0.244046241 -0.001662420 0.969762146 -0.610179706
0 0.471902047 0.838937009 0.500000000 0.500000000 0.000000000 0.000000000 0.968146086 0.013977134 -0.249995679 -0.013919450 -0.013080095 0.999900699 0.005249301 0.021387476 0.250044227 -0.001812122 0.968232751 -0.624538747
0 0.471902047 0.838937009 0.500000000 0.500000000 0.000000000 0.000000000 0.966627657 0.013819879 -0.255812496 -0.012909486 -0.012935019 0.999903142 0.005141238 0.021342430 0.255858779 -0.001660723 0.966712713 -0.639075806
0 0.471902047 0.838937009 0.500000000 0.500000000 0.000000000 0.000000000 0.965095937 0.014085205 -0.261517495 -0.012487420 -0.013171871 0.999899507 0.005245040 0.020951317 0.261565089 -0.001617292 0.965184510 -0.654011852
0 0.471902047 0.838937009 0.500000000 0.500000000 0.000000000 0.000000000 0.963481665 0.014607265 -0.267375499 -0.010728711 -0.013652400 0.999892056 0.005430005 0.020225945 0.267425954 -0.001581393 0.963577092 -0.668798764
0 0.471902047 0.838937009 0.500000000 0.500000000 0.000000000 0.000000000 0.961852312 0.014961198 -0.273159832 -0.008591744 -0.013922884 0.999886572 0.005739288 0.019262478 0.273214728 -0.001717175 0.961951554 -0.684508738
0 0.471902047 0.838937009 0.500000000 0.500000000 0.000000000 0.000000000 0.960192800 0.015498751 -0.278907865 -0.007060783 -0.014549968 0.999879181 0.005471715 0.019797572 0.278958976 -0.001195800 0.960302293 -0.699988828
0 0.471902047 0.838937009 0.500000000 0.500000000 0.000000000 0.000000000 0.958502412 0.015759490 -0.284648508 -0.005065703 -0.014771000 0.999875128 0.005619150 0.019123521 0.284701526 -0.001181425 0.958615482 -0.715862332
0 0.471902047 0.838937009 0.500000000 0.500000000 0.000000000 0.000000000 0.956848741 0.016186541 -0.290135354 -0.003817392 -0.015094534 0.999868035 0.006001406 0.018513774 0.290194213 -0.001362980 0.956966817 -0.732177715
0 0.471902047 0.838937009 0.500000000 0.500000000 0.000000000 0.000000000 0.955280662 0.016562620 -0.295236409 -0.004004418 -0.015496014 0.999862194 0.005952169 0.019279321 0.295294315 -0.001111004 0.955405712 -0.748910704
0 0.471902047 0.838937009 0.500000000 0.500000000 0.000000000 0.000000000 0.953563333 0.016835283 -0.300721616 -0.001647118 -0.015687734 0.999857545 0.006230470 0.018707161 0.300783664 -0.001223507 0.953691602 -0.766072827
0 0.471902047 0.838937009 0.500000000 0.500000000 0.000000000 0.000000000 0.951912522 0.016921280 -0.305902302 0.000234818 -0.015697353 0.999855936 0.006460672 0.018687900 0.305967540 -0.001348138 0.952040970 -0.783166822
0 0.471902047 0.838937009 0.500000000 0.500000000 0.000000000 0.000000000 0.950353682 0.016962403 -0.310709089 0.001010372 -0.015754875 0.999855399 0.006395848 0.020407847 0.310772657 -0.001183135 0.950483561 -0.800483314
0 0.471902047 0.838937009 0.500000000 0.500000000 0.000000000 0.000000000 0.948853552 0.017029857 -0.315256834 0.001563987 -0.015805736 0.999854326 0.006439346 0.021585994 0.315320581 -0.001127131 0.948984563 -0.817787802
0 0.471902047 0.838937009 0.500000000 0.500000000 0.000000000 0.000000000 0.947249830 0.016969299 -0.320046484 0.003880890 -0.015663864 0.999855161 0.006652938 0.022085486 0.320113033 -0.001288830 0.947378457 -0.834856847
0 0.471902047 0.838937009 0.500000000 0.500000000 0.000000000 0.000000000 0.945853412 0.017338181 -0.324130684 0.003449045 -0.016013477 0.999848962 0.006753943 0.024329320 0.324198812 -0.001197781 0.945988238 -0.852309491
0 0.471902047 0.838937009 0.500000000 0.500000000 0.000000000 0.000000000 0.944314659 0.017697973 -0.328567505 0.006171884 -0.016185427 0.999842107 0.007338039 0.024332110 0.328645468 -0.001611412 0.944451988 -0.868966076
0 0.471902047 0.838937009 0.500000000 0.500000000 0.000000000 0.000000000 0.942833602 0.018017858 -0.332776368 0.008106999 -0.016396541 0.999836087 0.007679913 0.024895049 0.332860202 -0.001784499 0.942974508 -0.886295921
0 0.471902047 0.838937009 0.500000000 0.500000000 0.000000000 0.000000000 0.941531479 0.017801853 -0.336454332 0.008955425 -0.016132355 0.999839783 0.007757014 0.025727351 0.336538523 -0.001875672 0.941667855 -0.902790067
0 0.471902047 0.838937009 0.500000000 0.500000000 0.000000000 0.000000000 0.940193713 0.017715763 -0.340179265 0.010517261 -0.016020507 0.999841332 0.007791695 0.026616434 0.340263337 -0.001875859 0.940328300 -0.919222767
0 0.471902047 0.838937009 0.500000000 0.500000000 0.000000000 0.000000000 0.938902199 0.017798597 -0.343723536 0.012229363 -0.016069531 0.999839842 0.007878501 0.027326684 0.343808711 -0.001873666 0.939037859 -0.935843888
0 0.471902047 0.838937009 0.500000000 0.500000000 0.000000000 0.000000000 0.937736213 0.017929107 -0.346885204 0.013308330 -0.016102886 0.999837160 0.008146583 0.027359010 0.346974790 -0.002053493 0.937872231 -0.952708555
0 0.471902047 0.838937009 0.500000000 0.500000000 0.000000000 0.000000000 0.936541617 0.017961700 -0.350095958 0.015025658 -0.016092941 0.999836504 0.008246460 0.027214181 0.350186825 -0.002089079 0.936677516 -0.969119832
0 0.471902047 0.838937009 0.500000000 0.500000000 0.000000000 0.000000000 0.935363829 0.018027667 -0.353227258 0.017125341 -0.016209496 0.999835789 0.008105067 0.027592967 0.353315383 -0.001855550 0.935502410 -0.985824878
0 0.471902047 0.838937009 0.500000000 0.500000000 0.000000000 0.000000000 0.934239149 0.018006882 -0.356192261 0.018896423 -0.016107429 0.999835849 0.008298142 0.026684991 0.356283188 -0.002015108 0.934375823 -1.003245678
0 0.471902047 0.838937009 0.500000000 0.500000000 0.000000000 0.000000000 0.933127880 0.017862378 -0.359100699 0.021910109 -0.015993256 0.999838650 0.008175264 0.025958735 0.359188795 -0.001885377 0.933263004 -1.019872710
0 0.471902047 0.838937009 0.500000000 0.500000000 0.000000000 0.000000000 0.932079375 0.017952938 -0.361808926 0.023601998 -0.016032459 0.999836922 0.008309596 0.024797624 0.361899108 -0.001944517 0.932215214 -1.037464552
0 0.471902047 0.838937009 0.500000000 0.500000000 0.000000000 0.000000000 0.931068599 0.018017761 -0.364399016 0.025712824 -0.016073449 0.999835789 0.008368082 0.024120795 0.364489973 -0.001934110 0.931205332 -1.055208052
0 0.471902047 0.838937009 0.500000000 0.500000000 0.000000000 0.000000000 0.930014014 0.018170724 -0.367074609 0.029029610 -0.016139094 0.999832749 0.008603428 0.022690447 0.367169559 -0.002077057 0.930151701 -1.073399942
0 0.471902047 0.838937009 0.500000000 0.500000000 0.000000000 0.000000000 0.929086745 0.018410638 -0.369403452 0.030820950 -0.016343199 0.999828339 0.008725496 0.022135301 0.369500697 -0.002069508 0.929228127 -1.092108186
0 0.471902047 0.838937009 0.500000000 0.500000000 0.000000000 0.000000000 0.928168595 0.018474691 -0.371701211 0.033144108 -0.016437989 0.999827504 0.008647481 0.022026159 0.371796846 -0.001916299 0.928312123 -1.110744762
0 0.471902047 0.838937009 0.500000000 0.500000000 0.000000000 0.000000000 0.927364767 0.018417368 -0.373704880 0.035186436 -0.016410016 0.999828756 0.008552585 0.022322649 0.373798400 -0.001798864 0.927508235 -1.129521569
0 0.471902047 0.838937009 0.500000000 0.500000000 0.000000000 0.000000000 0.926499784 0.018378817 -0.375846237 0.038341677 -0.016357614 0.999829471 0.008568288 0.022468559 0.375939637 -0.001790569 0.926642418 -1.148914237
0 0.471902047 0.838937009 0.500000000 0.500000000 0.000000000 0.000000000 0.925697446 0.018243700 -0.377824515 0.041635049 -0.016270781 0.999832213 0.008413478 0.023465607 0.377914608 -0.001640835 0.925839007 -1.168468640
0 0.471902047 0.838937009 0.500000000 0.500000000 0.000000000 0.000000000 0.924943566 0.018663609 -0.379645973 0.044261273 -0.016595971 0.999824286 0.008718631 0.024272849 0.379741997 -0.001763649 0.925090790 -1.188109502
0 0.471902047 0.838937009 0.500000000 0.500000000 0.000000000 0.000000000 0.924131632 0.019159587 -0.381593496 0.047231984 -0.017000576 0.999814689 0.009028627 0.025159998 0.381695777 -0.001856330 0.924286127 -1.207335029
0 0.471902047 0.838937009 0.500000000 0.500000000 0.000000000 0.000000000 0.923444211 0.019276652 -0.383248150 0.048259224 -0.017071817 0.999812365 0.009153767 0.026646208 0.383352697 -0.001910251 0.923600078 -1.227112662
0 0.471902047 0.838937009 0.500000000 0.500000000 0.000000000 0.000000000 0.922682703 0.019300906 -0.385076702 0.050316108 -0.017071823 0.999811888 0.009206998 0.027955655 0.385181963 -0.001921177 0.922838628 -1.246243471
0 0.471902047 0.838937009 0.500000000 0.500000000 0.000000000 0.000000000 0.921962142 0.019410456 -0.386793286 0.051906513 -0.017134657 0.999809623 0.009331224 0.029470809 0.386900783 -0.001975464 0.922119260 -1.265410820
0 0.471902047 0.838937009 0.500000000 0.500000000 0.000000000 0.000000000 0.921256244 0.019359566 -0.388474077 0.054214452 -0.016990814 0.999810219 0.009532164 0.030330601 0.388584882 -0.002181075 0.921410322 -1.283408704
0 0.471902047 0.838937009 0.500000000 0.500000000 0.000000000 0.000000000 0.920793295 0.019382844 -0.389568985 0.053449745 -0.017082561 0.999810219 0.009368450 0.032381493 0.389676630 -0.001971570 0.920949638 -1.302166985
0 0.471902047 0.838937009 0.500000000 0.500000000 0.000000000 0.000000000 0.920066595 0.019644013 -0.391269177 0.056226055 -0.017127644 0.999804080 0.009920512 0.031860640 0.391387403 -0.002426013 0.920222819 -1.319978039
0 0.471902047 0.838937009 0.500000000 0.500000000 0.000000000 0.000000000 0.919433773 0.020132061 -0.392729193 0.057077256 -0.017524088 0.999794185 0.010225059 0.031975509 0.392854184 -0.002519044 0.919597328 -1.337505483
0 0.471902047 0.838937009 0.500000000 0.500000000 0.000000000 0.000000000 0.918749213 0.020172872 -0.394325942 0.058702312 -0.017391764 0.999792278 0.010625760 0.031333489 0.394458383 -0.002904385 0.918909192 -1.355224072
0 0.471902047 0.838937009 0.500000000 0.500000000 0.000000000 0.000000000 0.918220222 0.020856705 -0.395520717 0.057937617 -0.018031090 0.999778450 0.010860546 0.031210396 0.395659596 -0.002840703 0.918392837 -1.372752782
0 0.471902047 0.838937009 0.500000000 0.500000000 0.000000000 0.000000000 0.917717218 0.020970222 -0.396680474 0.057178645 -0.018092625 0.999775827 0.010995267 0.030630987 0.396822125 -0.002913554 0.917890906 -1.389926528
0 0.471902047 0.838937009 0.500000000 0.500000000 0.000000000 0.000000000 0.917388439 0.021119077 -0.397432357 0.054827834 -0.018270938 0.999773085 0.010952144 0.030342156 0.397573471 -0.002785908 0.917566121 -1.407634626
0 0.471902047 0.838937009 0.500000000 0.500000000 0.000000000 0.000000000 0.916964889 0.020998364 -0.398414940 0.053831063 -0.018148556 0.999775648 0.010923442 0.030134899 0.398554921 -0.002785757 0.917140245 -1.425610638
0 0.471902047 0.838937009 0.500000000 0.500000000 0.000000000 0.000000000 0.916552544 0.021154562 -0.399354368 0.052325832 -0.018321877 0.999772608 0.010909583 0.029598562 0.399494350 -0.002682285 0.916731715 -1.443753276
0 0.471902047 0.838937009 0.500000000 0.500000000 0.000000000 0.000000000 0.916296363 0.021171713 -0.399940848 0.049934392 -0.018258471 0.999771774 0.011093413 0.028500578 0.400084436 -0.002862545 0.916473806 -1.462604100
0 0.471902047 0.838937009 0.500000000 0.500000000 0.000000000 0.000000000 0.915996373 0.021164156 -0.400627941 0.047613091 -0.018394729 0.999772906 0.010757728 0.029451896 0.400764644 -0.002484596 0.916177690 -1.481145573
0 0.471902047 0.838937009 0.500000000 0.500000000 0.000000000 0.000000000 0.915567875 0.021079276 -0.401610702 0.047251282 -0.018299825 0.999774694 0.010756173 0.028905420 0.401746958 -0.002498601 0.915747344 -1.500143729
0 0.471902047 0.838937009 0.500000000 0.500000000 0.000000000 0.000000000 0.915339589 0.021274878 -0.402120471 0.044499430 -0.018475343 0.999770582 0.010839501 0.028480538 0.402258813 -0.002492511 0.915522575 -1.519497519
0 0.471902047 0.838937009 0.500000000 0.500000000 0.000000000 0.000000000 0.915072024 0.021251604 -0.402730137 0.042515035 -0.018434139 0.999770999 0.010871231 0.028275607 0.402868927 -0.002523976 0.915254176 -1.538687028
0 0.471902047 0.838937009 0.500000000 0.500000000 0.000000000 0.000000000 0.914949775 0.021535434 -0.402992755 0.038482844 -0.018681813 0.999764860 0.011011242 0.027960905 0.403135121 -0.002546098 0.915136933 -1.558107106
0 0.471902047 0.838937009 0.500000000 0.500000000 0.000000000 0.000000000 0.914692044 0.021474401 -0.403580636 0.037190018 -0.018560184 0.999765754 0.011131650 0.027601926 0.403725147 -0.002691501 0.914876342 -1.577482878
