0 0.493083099 0.876592136 0.500000000 0.500000000 0.000000000 0.000000000 0.933460653 -0.038722117 0.356583536 -0.013710476 0.048551831 0.998646438 -0.018653467 0.090361876 -0.355378568 0.034725063 0.934077203 -0.278825685
0 0.493083099 0.876592136 0.500000000 0.500000000 0.000000000 0.000000000 0.929070771 -0.039935399 0.367739946 -0.019718536 0.050319351 0.998558342 -0.018688245 0.094393551 -0.366463453 0.035867136 0.929740846 -0.285126710
0 0.493083099 0.876592136 0.500000000 0.500000000 0.000000000 0.000000000 0.924806774 -0.041224755 0.378196925 -0.025092143 0.052179489 0.998461545 -0.018759049 0.098328521 -0.376841724 0.037082620 0.925535083 -0.291015532
0 0.493083099 0.876592136 0.500000000 0.500000000 0.000000000 0.000000000 0.920678556 -0.042447515 0.388006687 -0.030321424 0.053782698 0.998383224 -0.018395791 0.102162063 -0.386598498 0.037804659 0.921472967 -0.296631931
0 0.493083099 0.876592136 0.500000000 0.500000000 0.000000000 0.000000000 0.916615129 -0.043679375 0.397377461 -0.035283453 0.055316798 0.998309016 -0.017863870 0.105766272 -0.395925224 0.038355939 0.917481363 -0.302504295
0 0.493083099 0.876592136 0.500000000 0.500000000 0.000000000 0.000000000 0.912624896 -0.044617549 0.406355858 -0.040200925 0.056772266 0.998226702 -0.017898982 0.109713308 -0.404836655 0.039404802 0.913539588 -0.307969119
0 0.493083099 0.876592136 0.500000000 0.500000000 0.000000000 0.000000000 0.908706307 -0.045601934 0.414937764 -0.045234669 0.058348648 0.998132408 -0.018087091 0.113700860 -0.413338035 0.040646911 0.909669995 -0.313656816
0 0.493083099 0.876592136 0.500000000 0.500000000 0.000000000 0.000000000 0.904864430 -0.046486069 0.423154056 -0.050367616 0.059670296 0.998056650 -0.017955163 0.117199809 -0.421497077 0.041496720 0.905879796 -0.319847446
0 0.493083099 0.876592136 0.500000000 0.500000000 0.000000000 0.000000000 0.901123703 -0.047304131 0.430973738 -0.055188459 0.060967632 0.997978568 -0.017938145 0.120868042 -0.429253995 0.042439934 0.902186155 -0.325264980
0 0.493083099 0.876592136 0.500000000 0.500000000 0.000000000 0.000000000 0.897466481 -0.048160668 0.438445508 -0.059967604 0.062525980 0.997874141 -0.018375577 0.124312716 -0.436628461 0.043905701 0.898569882 -0.331143712
0 0.493083099 0.876592136 0.500000000 0.500000000 0.000000000 0.000000000 0.894054353 -0.048914667 0.445279837 -0.064847144 0.064005591 0.997770429 -0.018906917 0.127738557 -0.443362206 0.045404211 0.895191848 -0.337207706
0 0.493083099 0.876592136 0.500000000 0.500000000 0.000000000 0.000000000 0.890889645 -0.049700227 0.451492548 -0.069467856 0.065136425 0.997701108 -0.018701078 0.130271092 -0.449525177 0.046069209 0.892078876 -0.343636113
0 0.493083099 0.876592136 0.500000000 0.500000000 0.000000000 0.000000000 0.887869060 -0.050367523 0.457330972 -0.073915677 0.066172101 0.997634947 -0.018594319 0.132949546 -0.455312818 0.046771869 0.889102161 -0.349959014
0 0.493083099 0.876592136 0.500000000 0.500000000 0.000000000 0.000000000 0.884943664 -0.050752930 0.462924272 -0.078377494 0.067303941 0.997545958 -0.019294333 0.136136427 -0.460808992 0.048231024 0.886187792 -0.356496816
0 0.493083099 0.876592136 0.500000000 0.500000000 0.000000000 0.000000000 0.881814361 -0.051263459 0.468802154 -0.083452482 0.068626605 0.997441590 -0.020016156 0.139322048 -0.466576666 0.049822833 0.883076370 -0.363669329
0 0.493083099 0.876592136 0.500000000 0.500000000 0.000000000 0.000000000 0.879060745 -0.051744051 0.473893195 -0.088188970 0.069746688 0.997354507 -0.020478059 0.142777391 -0.471579909 0.051053938 0.880344212 -0.371343782
0 0.493083099 0.876592136 0.500000000 0.500000000 0.000000000 0.000000000 0.876549184 -0.052304633 0.478461832 -0.092686638 0.070927545 0.997262061 -0.020921322 0.146657246 -0.476057559 0.052274689 0.877859056 -0.379241377
0 0.493083099 0.876592136 0.500000000 0.500000000 0.000000000 0.000000000 0.874046087 -0.052718792 0.482974350 -0.097091715 0.072067641 0.997166336 -0.021576786 0.150742084 -0.480468243 0.053665925 0.875368655 -0.387733908
0 0.493083099 0.876592136 0.500000000 0.500000000 0.000000000 0.000000000 0.871450603 -0.053202044 0.487589419 -0.101977123 0.073340073 0.997057915 -0.022286637 0.155471003 -0.484969199 0.055181548 0.872788548 -0.396830341
0 0.493083099 0.876592136 0.500000000 0.500000000 0.000000000 0.000000000 0.869108438 -0.053631730 0.491705298 -0.106641309 0.074567094 0.996949315 -0.023060100 0.160672337 -0.488968521 0.056706764 0.870456278 -0.405927794
0 0.493083099 0.876592136 0.500000000 0.500000000 0.000000000 0.000000000 0.866640329 -0.053950761 0.496007890 -0.111337964 0.075759701 0.996838570 -0.023943599 0.166285030 -0.493148029 0.058327902 0.867987812 -0.415403847
0 0.493083099 0.876592136 0.500000000 0.500000000 0.000000000 0.000000000 0.864316702 -0.054372888 0.500000179 -0.116676502 0.076901145 0.996736586 -0.024542980 0.172148183 -0.497034043 0.059663497 0.865677416 -0.424847129
0 0.493083099 0.876592136 0.500000000 0.500000000 0.000000000 0.000000000 0.862279475 -0.054834090 0.503455341 -0.121633440 0.077921391 0.996648312 -0.024907300 0.177768435 -0.500402153 0.060706995 0.863662183 -0.434379481
0 0.493083099 0.876592136 0.500000000 0.500000000 0.000000000 0.000000000 0.860378265 -0.055549867 0.506619692 -0.125658418 0.079263516 0.996531487 -0.025343297 0.184075493 -0.503454626 0.061961278 0.861797094 -0.444062999
0 0.493083099 0.876592136 0.500000000 0.500000000 0.000000000 0.000000000 0.858364344 -0.055884279 0.509987831 -0.130123867 0.080310576 0.996431172 -0.025982775 0.190176770 -0.506715775 0.063260108 0.859789133 -0.453629255
0 0.493083099 0.876592136 0.500000000 0.500000000 0.000000000 0.000000000 0.856390119 -0.055918563 0.513292372 -0.134362118 0.081147321 0.996340513 -0.026845977 0.196265495 -0.509912789 0.064642929 0.857793808 -0.462693750
0 0.493083099 0.876592136 0.500000000 0.500000000 0.000000000 0.000000000 0.854342222 -0.055935219 0.516691983 -0.138318734 0.081945382 0.996253371 -0.027644617 0.202484969 -0.513209820 0.065958485 0.855724931 -0.471648208
0 0.493083099 0.876592136 0.500000000 0.500000000 0.000000000 0.000000000 0.852136791 -0.056253888 0.520286798 -0.142666182 0.082864441 0.996167123 -0.028010642 0.207759471 -0.516716897 0.066982172 0.853532076 -0.480536066
0 0.493083099 0.876592136 0.500000000 0.500000000 0.000000000 0.000000000 0.850106895 -0.056575827 0.523562253 -0.146708003 0.083866529 0.996068239 -0.028539356 0.213061268 -0.519889116 0.068170853 0.851509273 -0.489189333
0 0.493083099 0.876592136 0.500000000 0.500000000 0.000000000 0.000000000 0.848053753 -0.056999482 0.526835740 -0.150580997 0.084911801 0.995968461 -0.028927583 0.218273066 -0.523062885 0.069266714 0.849474728 -0.497639631
0 0.493083099 0.876592136 0.500000000 0.500000000 0.000000000 0.000000000 0.845776379 -0.057276674 0.530454218 -0.155148646 0.085667640 0.995899916 -0.029057806 0.222807587 -0.526614964 0.070019171 0.847215414 -0.505820830
0 0.493083099 0.876592136 0.500000000 0.500000000 0.000000000 0.000000000 0.843599975 -0.057672188 0.533866107 -0.159720966 0.086484678 0.995828569 -0.029083800 0.227059186 -0.529961765 0.070706330 0.845068693 -0.513986179
0 0.493083099 0.876592136 0.500000000 0.500000000 0.000000000 0.000000000 0.841330051 -0.058088496 0.537391365 -0.164833930 0.087383807 0.995747447 -0.029172687 0.231324412 -0.533411503 0.071503162 0.842828274 -0.521799398
0 0.493083099 0.876592136 0.500000000 0.500000000 0.000000000 0.000000000 0.839246988 -0.058508206 0.540593445 -0.170060727 0.088238083 0.995670617 -0.029224638 0.235762808 -0.536543131 0.072227620 0.840776205 -0.529106481
0 0.493083099 0.876592136 0.500000000 0.500000000 0.000000000 0.000000000 0.837289333 -0.058975544 0.543570101 -0.174846466 0.088979453 0.995610058 -0.029039308 0.239968639 -0.539471269 0.072680876 0.838861287 -0.536390671
0 0.493083099 0.876592136 0.500000000 0.500000000 0.000000000 0.000000000 0.835188389 -0.059318267 0.546755612 -0.180109264 0.089659639 0.995551646 -0.028949477 0.244097433 -0.542606235 0.073200174 0.836791635 -0.543111024
0 0.493083099 0.876592136 0.500000000 0.500000000 0.000000000 0.000000000 0.833137989 -0.059723210 0.549831152 -0.185020571 0.090603568 0.995460033 -0.029160237 0.248399887 -0.545593381 0.074111164 0.834766686 -0.549258142
0 0.493083099 0.876592136 0.500000000 0.500000000 0.000000000 0.000000000 0.831148565 -0.060118154 0.552790999 -0.189822622 0.091609091 0.995358288 -0.029489731 0.253045999 -0.548452258 0.075151034 0.832797945 -0.555302215
0 0.493083099 0.876592136 0.500000000 0.500000000 0.000000000 0.000000000 0.829123020 -0.060596634 0.555772543 -0.194463659 0.092381664 0.995292485 -0.029300453 0.256740467 -0.551380694 0.075636871 0.830817878 -0.561863534
0 0.493083099 0.876592136 0.500000000 0.500000000 0.000000000 0.000000000 0.827005863 -0.060800202 0.558895886 -0.199636523 0.092809103 0.995259762 -0.029060300 0.260142370 -0.554479718 0.075903662 0.828728497 -0.568460208
0 0.493083099 0.876592136 0.500000000 0.500000000 0.000000000 0.000000000 0.824959040 -0.061077867 0.561882675 -0.204657566 0.093445390 0.995201468 -0.029016435 0.263484846 -0.557414174 0.076442711 0.826707900 -0.575073953
0 0.493083099 0.876592136 0.500000000 0.500000000 0.000000000 0.000000000 0.822906196 -0.061362088 0.564854026 -0.209509956 0.094238788 0.995121658 -0.029187968 0.266594647 -0.560307443 0.077250116 0.824674487 -0.582048028
0 0.493083099 0.876592136 0.500000000 0.500000000 0.000000000 0.000000000 0.820788980 -0.061628375 0.567897379 -0.214971668 0.094919100 0.995056510 -0.029203935 0.269249163 -0.563290179 0.077874571 0.822581112 -0.589234265
0 0.493083099 0.876592136 0.500000000 0.500000000 0.000000000 0.000000000 0.818694174 -0.061858326 0.570888281 -0.220753850 0.095517986 0.995000303 -0.029166762 0.271629368 -0.566229761 0.078408755 0.820509553 -0.596806792
0 0.493083099 0.876592136 0.500000000 0.500000000 0.000000000 0.000000000 0.816818237 -0.062064853 0.573546767 -0.226277197 0.096102834 0.994943023 -0.029199986 0.273999232 -0.568834066 0.078970551 0.818652213 -0.604529671
0 0.493083099 0.876592136 0.500000000 0.500000000 0.000000000 0.000000000 0.815040171 -0.062203776 0.576055765 -0.231832778 0.096650593 0.994886518 -0.029317338 0.276190337 -0.571286440 0.079570934 0.816884518 -0.612458853
0 0.493083099 0.876592136 0.500000000 0.500000000 0.000000000 0.000000000 0.813168406 -0.062420495 0.578671634 -0.237663584 0.097216047 0.994831920 -0.029300062 0.278229608 -0.573852122 0.080082051 0.815034151 -0.620652542
0 0.493083099 0.876592136 0.500000000 0.500000000 0.000000000 0.000000000 0.811298132 -0.062533222 0.581278682 -0.243793587 0.097634062 0.994792461 -0.029250607 0.280409669 -0.576422513 0.080483563 0.813178658 -0.629129470
0 0.493083099 0.876592136 0.500000000 0.500000000 0.000000000 0.000000000 0.809402585 -0.062669389 0.583900690 -0.250167561 0.098103195 0.994747043 -0.029225498 0.282856820 -0.579001963 0.080937721 0.811298847 -0.637560861
0 0.493083099 0.876592136 0.500000000 0.500000000 0.000000000 0.000000000 0.807359278 -0.062782474 0.586710572 -0.257091091 0.098581992 0.994699955 -0.029216040 0.285204193 -0.581766725 0.081426941 0.809269488 -0.646421406
0 0.493083099 0.876592136 0.500000000 0.500000000 0.000000000 0.000000000 0.805520892 -0.062979117 0.589211106 -0.263470996 0.099109262 0.994648635 -0.029178821 0.287817937 -0.584220409 0.081900425 0.807452083 -0.655686989
0 0.493083099 0.876592136 0.500000000 0.500000000 0.000000000 0.000000000 0.803927481 -0.063121200 0.591368198 -0.270002467 0.099562518 0.994603157 -0.029187404 0.290283169 -0.586334348 0.082342662 0.805873275 -0.665325226
0 0.493083099 0.876592136 0.500000000 0.500000000 0.000000000 0.000000000 0.802222669 -0.063191913 0.593671262 -0.276745451 0.100091219 0.994544089 -0.029390506 0.293570586 -0.588575006 0.082999013 0.804170728 -0.674877560
0 0.493083099 0.876592136 0.500000000 0.500000000 0.000000000 0.000000000 0.800297201 -0.063353993 0.596247137 -0.283900999 0.100670598 0.994483709 -0.029454023 0.297035209 -0.591092050 0.083596528 0.802260458 -0.684438041
0 0.493083099 0.876592136 0.500000000 0.500000000 0.000000000 0.000000000 0.798283041 -0.063480496 0.598927736 -0.291729916 0.101142168 0.994437277 -0.029407056 0.300754247 -0.593729317 0.084052004 0.800262928 -0.693883197
0 0.493083099 0.876592136 0.500000000 0.500000000 0.000000000 0.000000000 0.796585143 -0.063640907 0.601167142 -0.299382404 0.101539038 0.994400680 -0.029276259 0.304707687 -0.595937848 0.084362969 0.798586845 -0.703654120
0 0.493083099 0.876592136 0.500000000 0.500000000 0.000000000 0.000000000 0.795100927 -0.064056255 0.603084803 -0.306460302 0.102116548 0.994349182 -0.029015288 0.308077572 -0.597818255 0.084655024 0.797149181 -0.713680706
0 0.493083099 0.876592136 0.500000000 0.500000000 0.000000000 0.000000000 0.793302119 -0.064335443 0.605419457 -0.314205308 0.102710515 0.994290650 -0.028925959 0.311639579 -0.600101948 0.085129969 0.795380771 -0.723579099
0 0.493083099 0.876592136 0.500000000 0.500000000 0.000000000 0.000000000 0.791601658 -0.064689636 0.607603550 -0.321694687 0.103185311 0.994251549 -0.028577663 0.314985074 -0.602262080 0.085317887 0.793726146 -0.733592938
0 0.493083099 0.876592136 0.500000000 0.500000000 0.000000000 0.000000000 0.789943159 -0.065188296 0.609705091 -0.329216448 0.103685632 0.994214833 -0.028037459 0.317957137 -0.604350150 0.085365653 0.792132318 -0.743489060
0 0.493083099 0.876592136 0.500000000 0.500000000 0.000000000 0.000000000 0.788265228 -0.065348431 0.611855805 -0.336724450 0.104121618 0.994171441 -0.027960673 0.320818963 -0.606462419 0.085747838 0.790474951 -0.753019291
0 0.493083099 0.876592136 0.500000000 0.500000000 0.000000000 0.000000000 0.786559343 -0.065272406 0.614055276 -0.345047788 0.104505785 0.994124651 -0.028191427 0.324188304 -0.608607352 0.086346559 0.788759410 -0.762067842
0 0.493083099 0.876592136 0.500000000 0.500000000 0.000000000 0.000000000 0.784857631 -0.065188505 0.616237700 -0.352448099 0.104583636 0.994120777 -0.028037915 0.326840870 -0.610786974 0.086454153 0.787060976 -0.770819877
0 0.493083099 0.876592136 0.500000000 0.500000000 0.000000000 0.000000000 0.782932162 -0.065255061 0.618675172 -0.360994086 0.104727767 0.994115710 -0.027677936 0.329136055 -0.613228619 0.086462416 0.785159171 -0.778784226
0 0.493083099 0.876592136 0.500000000 0.500000000 0.000000000 0.000000000 0.781336606 -0.065652229 0.620647132 -0.368712022 0.105210342 0.994075298 -0.027296392 0.331258226 -0.615177929 0.086626165 0.783614755 -0.786706667
0 0.493083099 0.876592136 0.500000000 0.500000000 0.000000000 0.000000000 0.780037403 -0.065839641 0.622259378 -0.376026039 0.105447337 0.994058132 -0.027005518 0.333197674 -0.616783977 0.086680911 0.782345176 -0.794865867
0 0.493083099 0.876592136 0.500000000 0.500000000 0.000000000 0.000000000 0.778816521 -0.065960392 0.623773992 -0.382780183 0.105443187 0.994071245 -0.026534561 0.334762959 -0.618325591 0.086438276 0.781154215 -0.803097634
0 0.493083099 0.876592136 0.500000000 0.500000000 0.000000000 0.000000000 0.777492344 -0.066018566 0.625417590 -0.389514383 0.105537608 0.994068325 -0.026266795 0.336499941 -0.619973779 0.086427309 0.779847980 -0.811114317
0 0.493083099 0.876592136 0.500000000 0.500000000 0.000000000 0.000000000 0.776196241 -0.065952793 0.627032340 -0.396221421 0.105685689 0.994052529 -0.026270252 0.338367899 -0.621570528 0.086659215 0.778550088 -0.818753014
0 0.493083099 0.876592136 0.500000000 0.500000000 0.000000000 0.000000000 0.774909317 -0.066131778 0.628603280 -0.402719126 0.105983801 0.994025886 -0.026075488 0.339836574 -0.623123527 0.086827904 0.777288854 -0.826270583
0 0.493083099 0.876592136 0.500000000 0.500000000 0.000000000 0.000000000 0.773686469 -0.066310994 0.630088985 -0.409569153 0.106171981 0.994014084 -0.025757888 0.340934558 -0.624609292 0.086826324 0.776095629 -0.834189900
0 0.493083099 0.876592136 0.500000000 0.500000000 0.000000000 0.000000000 0.772776425 -0.066306621 0.631205261 -0.415218703 0.106175296 0.994018614 -0.025569724 0.342272339 -0.625734329 0.086778082 0.775194228 -0.842024969
0 0.493083099 0.876592136 0.500000000 0.500000000 0.000000000 0.000000000 0.771935701 -0.066367023 0.632226765 -0.420703537 0.106257431 0.994014382 -0.025392985 0.343426136 -0.626757264 0.086780541 0.774367154 -0.850161894
0 0.493083099 0.876592136 0.500000000 0.500000000 0.000000000 0.000000000 0.771094143 -0.066276856 0.633262336 -0.426426800 0.106287301 0.994011283 -0.025388485 0.345250467 -0.627787232 0.086884655 0.773520648 -0.858045446
0 0.493083099 0.876592136 0.500000000 0.500000000 0.000000000 0.000000000 0.770124435 -0.066252626 0.634443820 -0.432268500 0.106369093 0.994004369 -0.025316726 0.347045213 -0.628962576 0.086982235 0.772554278 -0.866362874
0 0.493083099 0.876592136 0.500000000 0.500000000 0.000000000 0.000000000 0.769233346 -0.066365577 0.635512114 -0.438093707 0.106449813 0.994002581 -0.025046244 0.348119343 -0.630038500 0.086916551 0.771684527 -0.874836486
0 0.493083099 0.876592136 0.500000000 0.500000000 0.000000000 0.000000000 0.768581808 -0.066590399 0.636276424 -0.442889940 0.106716745 0.993978083 -0.024880936 0.349816367 -0.630788028 0.087024383 0.771059811 -0.883929255
0 0.493083099 0.876592136 0.500000000 0.500000000 0.000000000 0.000000000 0.768067598 -0.066604465 0.636895597 -0.447437249 0.106860168 0.993961632 -0.024923317 0.351981201 -0.631389797 0.087201558 0.770547092 -0.893257451
0 0.493083099 0.876592136 0.500000000 0.500000000 0.000000000 0.000000000 0.767495632 -0.066697195 0.637575090 -0.452655356 0.106972821 0.993952751 -0.024792861 0.353584566 -0.632065892 0.087231614 0.769989192 -0.903194490
0 0.493083099 0.876592136 0.500000000 0.500000000 0.000000000 0.000000000 0.766971409 -0.066833466 0.638191342 -0.456537292 0.107141927 0.993937552 -0.024673644 0.356023012 -0.632673264 0.087301031 0.769482315 -0.913396054
0 0.493083099 0.876592136 0.500000000 0.500000000 0.000000000 0.000000000 0.766392350 -0.066825591 0.638887405 -0.461765866 0.107032977 0.993955314 -0.024429347 0.357694319 -0.633392990 0.087104484 0.768912256 -0.924021463
