0 0.500554711 0.889875006 0.500000000 0.500000000 0.000000000 0.000000000 0.999998927 0.001388214 0.000477111 -0.035926994 -0.001389488 0.999995470 0.002680241 0.180535803 -0.000473388 -0.002680901 0.999996305 -0.460418509
0 0.500554711 0.889875006 0.500000000 0.500000000 0.000000000 0.000000000 0.999998927 0.001312358 0.000620663 -0.037825502 -0.001314026 0.999995530 0.002694312 0.193635726 -0.000617124 -0.002695125 0.999996185 -0.485149367
0 0.500554711 0.889875006 0.500000000 0.500000000 0.000000000 0.000000000 0.999999046 0.001229140 0.000666849 -0.039055562 -0.001230872 0.999995828 0.002603819 0.206700599 -0.000663646 -0.002604637 0.999996364 -0.510676770
0 0.500554711 0.889875006 0.500000000 0.500000000 0.000000000 0.000000000 0.999999046 0.001206143 0.000696341 -0.040943394 -0.001207971 0.999995828 0.002630341 0.219258631 -0.000693165 -0.002631180 0.999996305 -0.535965017
0 0.500554711 0.889875006 0.500000000 0.500000000 0.000000000 0.000000000 0.999999225 0.001014689 0.000683305 -0.042852246 -0.001016457 0.999996126 0.002592408 0.232543411 -0.000680672 -0.002593100 0.999996424 -0.561920338
0 0.500554711 0.889875006 0.500000000 0.500000000 0.000000000 0.000000000 0.999999046 0.001142381 0.000804706 -0.045415674 -0.001144412 0.999996126 0.002527359 0.245352323 -0.000801815 -0.002528277 0.999996483 -0.587158260
0 0.500554711 0.889875006 0.500000000 0.500000000 0.000000000 0.000000000 0.999999225 0.000848597 0.000915500 -0.047404032 -0.000850833 0.999996662 0.002445712 0.257924924 -0.000913421 -0.002446488 0.999996603 -0.613342604
0 0.500554711 0.889875006 0.500000000 0.500000000 0.000000000 0.000000000 0.999999225 0.000927462 0.000847432 -0.049908560 -0.000929498 0.999996662 0.002405551 0.270247375 -0.000845198 -0.002406337 0.999996722 -0.639422524
0 0.500554711 0.889875006 0.500000000 0.500000000 0.000000000 0.000000000 0.999999404 0.000670792 0.000880841 -0.051509843 -0.000672861 0.999997020 0.002350524 0.282978636 -0.000879262 -0.002351115 0.999996841 -0.666044249
0 0.500554711 0.889875006 0.500000000 0.500000000 0.000000000 0.000000000 0.999999225 0.000836012 0.000919748 -0.052901695 -0.000838338 0.999996424 0.002531974 0.294710273 -0.000917628 -0.002532743 0.999996364 -0.692361288
0 0.500554711 0.889875006 0.500000000 0.500000000 0.000000000 0.000000000 0.999999166 0.000878365 0.000920348 -0.054059057 -0.000880688 0.999996424 0.002526718 0.306908829 -0.000918125 -0.002527526 0.999996364 -0.719466504
0 0.500554711 0.889875006 0.500000000 0.500000000 0.000000000 0.000000000 0.999999106 0.000761078 0.001091094 -0.055568601 -0.000763738 0.999996722 0.002439556 0.319112293 -0.001089233 -0.002440387 0.999996424 -0.746359370
0 0.500554711 0.889875006 0.500000000 0.500000000 0.000000000 0.000000000 0.999999106 0.000589862 0.001200438 -0.057068960 -0.000592660 0.999997079 0.002332170 0.331769032 -0.001199059 -0.002332879 0.999996543 -0.773700672
0 0.500554711 0.889875006 0.500000000 0.500000000 0.000000000 0.000000000 0.999999166 0.000607217 0.001118589 -0.058339497 -0.000609826 0.999997079 0.002333133 0.343782052 -0.001117170 -0.002333813 0.999996662 -0.800852423
0 0.500554711 0.889875006 0.500000000 0.500000000 0.000000000 0.000000000 0.999999106 0.000460253 0.001277259 -0.059578323 -0.000463193 0.999997258 0.002302638 0.355790898 -0.001276196 -0.002303228 0.999996543 -0.828569382
0 0.500554711 0.889875006 0.500000000 0.500000000 0.000000000 0.000000000 0.999998987 0.000498787 0.001323220 -0.060660637 -0.000502147 0.999996662 0.002540190 0.367233374 -0.001321949 -0.002540852 0.999995887 -0.856194830
0 0.500554711 0.889875006 0.500000000 0.500000000 0.000000000 0.000000000 0.999998987 0.000378319 0.001359981 -0.061321375 -0.000381666 0.999996901 0.002461339 0.379443368 -0.001359045 -0.002461855 0.999996066 -0.883859734
0 0.500554711 0.889875006 0.500000000 0.500000000 0.000000000 0.000000000 0.999998808 0.000407316 0.001485659 -0.061919352 -0.000411111 0.999996662 0.002555455 0.391068258 -0.001484613 -0.002556063 0.999995649 -0.912319435
0 0.500554711 0.889875006 0.500000000 0.500000000 0.000000000 0.000000000 0.999998868 0.000451125 0.001434738 -0.062169231 -0.000454769 0.999996662 0.002540835 0.402811544 -0.001433587 -0.002541485 0.999995768 -0.940563453
0 0.500554711 0.889875006 0.500000000 0.500000000 0.000000000 0.000000000 0.999998987 0.000361558 0.001363109 -0.062323492 -0.000365114 0.999996543 0.002609654 0.414778797 -0.001362160 -0.002610149 0.999995649 -0.969350044
0 0.500554711 0.889875006 0.500000000 0.500000000 0.000000000 0.000000000 0.999998987 0.000483147 0.001317185 -0.062284185 -0.000486601 0.999996424 0.002623226 0.426691141 -0.001315913 -0.002623865 0.999995708 -0.997947387
0 0.500554711 0.889875006 0.500000000 0.500000000 0.000000000 0.000000000 0.999999106 0.000451831 0.001254012 -0.061834419 -0.000455528 0.999995530 0.002949209 0.437627573 -0.001252674 -0.002949778 0.999994874 -1.026832539
0 0.500554711 0.889875006 0.500000000 0.500000000 0.000000000 0.000000000 0.999999106 0.000536007 0.001236608 -0.061271586 -0.000539544 0.999995768 0.002861482 0.449522084 -0.001235069 -0.002862147 0.999995112 -1.055656843
0 0.500554711 0.889875006 0.500000000 0.500000000 0.000000000 0.000000000 0.999999106 0.000405763 0.001259202 -0.061349175 -0.000409462 0.999995589 0.002938564 0.461414499 -0.001258004 -0.002939077 0.999994874 -1.084555793
0 0.500554711 0.889875006 0.500000000 0.500000000 0.000000000 0.000000000 0.999999166 0.000323328 0.001248412 -0.060668276 -0.000327054 0.999995470 0.002984964 0.473222103 -0.001247441 -0.002985369 0.999994755 -1.113606189
0 0.500554711 0.889875006 0.500000000 0.500000000 0.000000000 0.000000000 0.999999106 0.000541881 0.001201860 -0.059906746 -0.000545489 0.999995351 0.003003281 0.485059018 -0.001200227 -0.003003934 0.999994755 -1.142239725
0 0.500554711 0.889875006 0.500000000 0.500000000 0.000000000 0.000000000 0.999999225 0.000566446 0.001131210 -0.058696389 -0.000569890 0.999995172 0.003047081 0.496701241 -0.001129479 -0.003047723 0.999994695 -1.170896499
0 0.500554711 0.889875006 0.500000000 0.500000000 0.000000000 0.000000000 0.999999225 0.000644591 0.001087251 -0.057306472 -0.000647790 0.999995470 0.002944232 0.508728349 -0.001085348 -0.002944934 0.999995053 -1.199916871
0 0.500554711 0.889875006 0.500000000 0.500000000 0.000000000 0.000000000 0.999999344 0.000671222 0.000953989 -0.055436363 -0.000674111 0.999995172 0.003031479 0.520337312 -0.000951949 -0.003032120 0.999994934 -1.228979513
0 0.500554711 0.889875006 0.500000000 0.500000000 0.000000000 0.000000000 0.999999225 0.000737601 0.000974485 -0.054171563 -0.000740559 0.999995112 0.003038204 0.532138254 -0.000972239 -0.003038923 0.999994934 -1.257841273
0 0.500554711 0.889875006 0.500000000 0.500000000 0.000000000 0.000000000 0.999999285 0.000731840 0.000942138 -0.053017623 -0.000734751 0.999994934 0.003093547 0.544095117 -0.000939870 -0.003094238 0.999994755 -1.286693075
0 0.500554711 0.889875006 0.500000000 0.500000000 0.000000000 0.000000000 0.999999404 0.000792158 0.000765466 -0.050570756 -0.000794458 0.999995172 0.003009177 0.556305268 -0.000763079 -0.003009783 0.999995172 -1.316759484
0 0.500554711 0.889875006 0.500000000 0.500000000 0.000000000 0.000000000 0.999999285 0.000851458 0.000828150 -0.049223587 -0.000854144 0.999994338 0.003248097 0.567569862 -0.000825380 -0.003248802 0.999994397 -1.345919517
0 0.500554711 0.889875006 0.500000000 0.500000000 0.000000000 0.000000000 0.999999344 0.000790961 0.000794074 -0.047559126 -0.000793463 0.999994695 0.003154938 0.579729908 -0.000791574 -0.003155566 0.999994695 -1.375072713
0 0.500554711 0.889875006 0.500000000 0.500000000 0.000000000 0.000000000 0.999999166 0.000910849 0.000910829 -0.046568812 -0.000913857 0.999994099 0.003307989 0.591355614 -0.000907810 -0.003308819 0.999994099 -1.404147044
0 0.500554711 0.889875006 0.500000000 0.500000000 0.000000000 0.000000000 0.999999106 0.001029702 0.000835397 -0.044323218 -0.001032474 0.999993920 0.003323793 0.602717642 -0.000831969 -0.003324652 0.999994099 -1.433613020
0 0.500554711 0.889875006 0.500000000 0.500000000 0.000000000 0.000000000 0.999999225 0.000819583 0.000939696 -0.043371674 -0.000822589 0.999994516 0.003203498 0.615085248 -0.000937065 -0.003204268 0.999994457 -1.462769743
0 0.500554711 0.889875006 0.500000000 0.500000000 0.000000000 0.000000000 0.999999106 0.000983480 0.000931724 -0.042249283 -0.000986525 0.999994159 0.003273366 0.620227401 -0.000928500 -0.003274282 0.999994218 -1.477552355
0 0.500554711 0.889875006 0.500000000 0.500000000 0.000000000 0.000000000 0.999998987 0.001040491 0.000972546 -0.040225825 -0.001043696 0.999993980 0.003301205 0.631675880 -0.000969106 -0.003302216 0.999994099 -1.507594904
0 0.500554711 0.889875006 0.500000000 0.500000000 0.000000000 0.000000000 0.999999046 0.000924178 0.001006278 -0.038698157 -0.000927267 0.999994874 0.003073577 0.643653621 -0.001003432 -0.003074507 0.999994755 -1.537060251
0 0.500554711 0.889875006 0.500000000 0.500000000 0.000000000 0.000000000 0.999998808 0.000997207 0.001185115 -0.037544230 -0.001000709 0.999995112 0.002958261 0.655303968 -0.001182160 -0.002959443 0.999994934 -1.566575582
0 0.500554711 0.889875006 0.500000000 0.500000000 0.000000000 0.000000000 0.999998987 0.001033652 0.000989316 -0.035889008 -0.001036819 0.999994338 0.003206209 0.666027251 -0.000985996 -0.003207231 0.999994397 -1.596831219
0 0.500554711 0.889875006 0.500000000 0.500000000 0.000000000 0.000000000 0.999998748 0.001143762 0.001092069 -0.034136412 -0.001147427 0.999993682 0.003361088 0.677080731 -0.001088217 -0.003362337 0.999993742 -1.627686804
0 0.500554711 0.889875006 0.500000000 0.500000000 0.000000000 0.000000000 0.999998629 0.001073667 0.001283251 -0.033373303 -0.001078032 0.999993622 0.003405361 0.688335477 -0.001279587 -0.003406739 0.999993384 -1.657840498
0 0.500554711 0.889875006 0.500000000 0.500000000 0.000000000 0.000000000 0.999998808 0.000911581 0.001236832 -0.032688785 -0.000915296 0.999995053 0.003006336 0.701256423 -0.001234085 -0.003007464 0.999994695 -1.687370337
0 0.500554711 0.889875006 0.500000000 0.500000000 0.000000000 0.000000000 0.999998868 0.001115535 0.000990416 -0.030493326 -0.001118588 0.999994636 0.003087422 0.712344406 -0.000986967 -0.003088527 0.999994755 -1.718098487
0 0.500554711 0.889875006 0.500000000 0.500000000 0.000000000 0.000000000 0.999998510 0.001188155 0.001244826 -0.029199463 -0.001192011 0.999994457 0.003101282 0.723522895 -0.001241135 -0.003102761 0.999994397 -1.748739897
0 0.500554711 0.889875006 0.500000000 0.500000000 0.000000000 0.000000000 0.999998450 0.001356273 0.001110013 -0.027428492 -0.001359967 0.999993503 0.003333871 0.733814188 -0.001105484 -0.003335376 0.999993801 -1.779853301
0 0.500554711 0.889875006 0.500000000 0.500000000 0.000000000 0.000000000 0.999998629 0.001105812 0.001230226 -0.027430645 -0.001109655 0.999994516 0.003127788 0.745859957 -0.001226761 -0.003129149 0.999994338 -1.809340971
0 0.500554711 0.889875006 0.500000000 0.500000000 0.000000000 0.000000000 0.999998391 0.001289260 0.001240857 -0.026183545 -0.001293299 0.999993861 0.003259840 0.756457852 -0.001236646 -0.003261440 0.999993920 -1.840472598
0 0.500554711 0.889875006 0.500000000 0.500000000 0.000000000 0.000000000 0.999998450 0.001290547 0.001217436 -0.025185623 -0.001294559 0.999993742 0.003300879 0.767503857 -0.001213169 -0.003302450 0.999993801 -1.871129130
0 0.500554711 0.889875006 0.500000000 0.500000000 0.000000000 0.000000000 0.999998271 0.001353459 0.001275325 -0.024171559 -0.001357715 0.999993503 0.003342360 0.778580087 -0.001270793 -0.003344086 0.999993622 -1.902054367
0 0.500554711 0.889875006 0.500000000 0.500000000 0.000000000 0.000000000 0.999998152 0.001404362 0.001326885 -0.023420029 -0.001408686 0.999993682 0.003263301 0.789915686 -0.001322293 -0.003265164 0.999993801 -1.932433437
0 0.500554711 0.889875006 0.500000000 0.500000000 0.000000000 0.000000000 0.999997735 0.001377766 0.001632098 -0.024283564 -0.001383413 0.999993026 0.003464297 0.800124991 -0.001627313 -0.003466547 0.999992669 -1.962476540
0 0.500554711 0.889875006 0.500000000 0.500000000 0.000000000 0.000000000 0.999997556 0.001433485 0.001692131 -0.024009840 -0.001439196 0.999993265 0.003378644 0.811528564 -0.001687276 -0.003381071 0.999992847 -1.992815227
0 0.500554711 0.889875006 0.500000000 0.500000000 0.000000000 0.000000000 0.999997675 0.001359584 0.001687314 -0.024365136 -0.001365582 0.999992728 0.003558454 0.822214084 -0.001682464 -0.003560750 0.999992251 -2.022424493
0 0.500554711 0.889875006 0.500000000 0.500000000 0.000000000 0.000000000 0.999997795 0.001387956 0.001586714 -0.023832258 -0.001393654 0.999992549 0.003595907 0.833484537 -0.001581711 -0.003598111 0.999992251 -2.053739692
0 0.500554711 0.889875006 0.500000000 0.500000000 0.000000000 0.000000000 0.999997735 0.001385517 0.001603789 -0.023994565 -0.001391304 0.999992490 0.003612708 0.845331011 -0.001598772 -0.003614931 0.999992192 -2.084501280
0 0.500554711 0.889875006 0.500000000 0.500000000 0.000000000 0.000000000 0.999997675 0.001220360 0.001765202 -0.025655334 -0.001226377 0.999993443 0.003411845 0.858282577 -0.001761027 -0.003414002 0.999992609 -2.114549082
0 0.500554711 0.889875006 0.500000000 0.500000000 0.000000000 0.000000000 0.999997735 0.001324257 0.001667384 -0.025683460 -0.001330306 0.999992490 0.003632254 0.869375145 -0.001662561 -0.003634464 0.999992013 -2.145800590
0 0.500554711 0.889875006 0.500000000 0.500000000 0.000000000 0.000000000 0.999997735 0.001330933 0.001658026 -0.026398742 -0.001337219 0.999991894 0.003795717 0.881133493 -0.001652961 -0.003797926 0.999991417 -2.176492851
0 0.500554711 0.889875006 0.500000000 0.500000000 0.000000000 0.000000000 0.999998093 0.001102325 0.001604135 -0.027303922 -0.001108042 0.999993026 0.003567099 0.894355653 -0.001600191 -0.003568870 0.999992371 -2.207451389
0 0.500554711 0.889875006 0.500000000 0.500000000 0.000000000 0.000000000 0.999997854 0.001152479 0.001704460 -0.028965188 -0.001159107 0.999991775 0.003892794 0.906042645 -0.001699960 -0.003894761 0.999991000 -2.238313064
0 0.500554711 0.889875006 0.500000000 0.500000000 0.000000000 0.000000000 0.999997795 0.001183521 0.001738707 -0.030199185 -0.001190229 0.999991834 0.003861713 0.919039882 -0.001734122 -0.003863774 0.999991059 -2.269102872
0 0.500554711 0.889875006 0.500000000 0.500000000 0.000000000 0.000000000 0.999997497 0.001300568 0.001830367 -0.031943126 -0.001307753 0.999991417 0.003929849 0.931723545 -0.001825241 -0.003932233 0.999990582 -2.299854231
0 0.500554711 0.889875006 0.500000000 0.500000000 0.000000000 0.000000000 0.999997497 0.001283121 0.001825366 -0.033153745 -0.001290160 0.999991715 0.003860491 0.944772568 -0.001820397 -0.003862837 0.999990880 -2.330968171
0 0.500554711 0.889875006 0.500000000 0.500000000 0.000000000 0.000000000 0.999997675 0.001247167 0.001773625 -0.035169382 -0.001254377 0.999990940 0.004070016 0.957469692 -0.001768533 -0.004072231 0.999990165 -2.361479054
0 0.500554711 0.889875006 0.500000000 0.500000000 0.000000000 0.000000000 0.999997556 0.001152455 0.001893460 -0.037399235 -0.001159964 0.999991477 0.003969264 0.971119800 -0.001888869 -0.003971451 0.999990344 -2.392142927
0 0.500554711 0.889875006 0.500000000 0.500000000 0.000000000 0.000000000 0.999997199 0.001107867 0.002090371 -0.040094418 -0.001116024 0.999991775 0.003904915 0.985010484 -0.002086028 -0.003907237 0.999990165 -2.422959992
0 0.500554711 0.889875006 0.500000000 0.500000000 0.000000000 0.000000000 0.999997497 0.001031909 0.001978514 -0.042766723 -0.001039691 0.999991715 0.003936333 0.997608441 -0.001974435 -0.003938380 0.999990284 -2.453828469
0 0.500554711 0.889875006 0.500000000 0.500000000 0.000000000 0.000000000 0.999997556 0.001153772 0.001880697 -0.044810124 -0.001161478 0.999990940 0.004101670 1.009999026 -0.001875948 -0.004103845 0.999989808 -2.485334682
0 0.500554711 0.889875006 0.500000000 0.500000000 0.000000000 0.000000000 0.999997258 0.001022802 0.002103203 -0.049098096 -0.001031358 0.999991179 0.004071415 1.023381262 -0.002099020 -0.004073573 0.999989510 -2.515588713
0 0.500554711 0.889875006 0.500000000 0.500000000 0.000000000 0.000000000 0.999997199 0.001016149 0.002131279 -0.051625465 -0.001024702 0.999991417 0.004015875 1.036359894 -0.002127180 -0.004018047 0.999989688 -2.547034121
0 0.500554711 0.889875006 0.500000000 0.500000000 0.000000000 0.000000000 0.999997079 0.001041992 0.002181279 -0.054251438 -0.001050801 0.999991298 0.004041228 1.048842437 -0.002177049 -0.004043509 0.999989450 -2.578346410
0 0.500554711 0.889875006 0.500000000 0.500000000 0.000000000 0.000000000 0.999996781 0.001053093 0.002295367 -0.057319502 -0.001062561 0.999990940 0.004127695 1.061118093 -0.002291000 -0.004130121 0.999988854 -2.609270629
0 0.500554711 0.889875006 0.500000000 0.500000000 0.000000000 0.000000000 0.999996781 0.000921434 0.002370300 -0.060624021 -0.000931006 0.999991417 0.004040102 1.073879161 -0.002366556 -0.004042296 0.999989033 -2.640484369
0 0.500554711 0.889875006 0.500000000 0.500000000 0.000000000 0.000000000 0.999996841 0.000905103 0.002341925 -0.064113313 -0.000914709 0.999991179 0.004103759 1.085774538 -0.002338190 -0.004105888 0.999988854 -2.671814755
0 0.500554711 0.889875006 0.500000000 0.500000000 0.000000000 0.000000000 0.999996722 0.000950497 0.002369212 -0.067147313 -0.000960489 0.999990642 0.004219898 1.097256166 -0.002365179 -0.004222160 0.999988317 -2.703305665
0 0.500554711 0.889875006 0.500000000 0.500000000 0.000000000 0.000000000 0.999996305 0.000820973 0.002589388 -0.070543173 -0.000831601 0.999991238 0.004106082 1.109567357 -0.002585995 -0.004108220 0.999988198 -2.734877569
0 0.500554711 0.889875006 0.500000000 0.500000000 0.000000000 0.000000000 0.999996662 0.001138180 0.002326434 -0.071972073 -0.001148255 0.999989927 0.004333792 1.120040065 -0.002321478 -0.004336449 0.999987900 -2.766747309
0 0.500554711 0.889875006 0.500000000 0.500000000 0.000000000 0.000000000 0.999996006 0.001034540 0.002621503 -0.076377915 -0.001045591 0.999990582 0.004217688 1.131977445 -0.002617115 -0.004220413 0.999987662 -2.797519630
