0 0.473427707 0.841649248 0.500000000 0.500000000 0.000000000 0.000000000 0.999297738 0.001557014 -0.037438486 -0.059055569 -0.001034693 0.999901950 0.013966774 0.029552122 0.037456561 -0.013918228 0.999201298 -1.534336987
0 0.473427707 0.841649248 0.500000000 0.500000000 0.000000000 0.000000000 0.999284685 0.001561232 -0.037785433 -0.059614777 -0.001063757 0.999912560 0.013182299 0.032253584 0.037802711 -0.013132676 0.999198914 -1.547705639
0 0.473427707 0.841649248 0.500000000 0.500000000 0.000000000 0.000000000 0.999269664 0.001550919 -0.038180023 -0.060166645 -0.001072004 0.999920547 0.012560872 0.034213451 0.038196471 -0.012510770 0.999191940 -1.561409632
0 0.473427707 0.841649248 0.500000000 0.500000000 0.000000000 0.000000000 0.999249697 0.001581243 -0.038697451 -0.059902642 -0.001115831 0.999926805 0.012045578 0.035961985 0.038713664 -0.011993361 0.999178350 -1.574427309
0 0.473427707 0.841649248 0.500000000 0.500000000 0.000000000 0.000000000 0.999234855 0.001614708 -0.039078213 -0.060664246 -0.001166026 0.999933183 0.011501700 0.037930591 0.039094172 -0.011447333 0.999169946 -1.587519968
0 0.473427707 0.841649248 0.500000000 0.500000000 0.000000000 0.000000000 0.999218404 0.001758454 -0.039489914 -0.061089033 -0.001321192 0.999937534 0.011096120 0.039707582 0.039506961 -0.011035274 0.999158382 -1.600210412
0 0.473427707 0.841649248 0.500000000 0.500000000 0.000000000 0.000000000 0.999196947 0.001705666 -0.040032484 -0.060946012 -0.001281142 0.999942720 0.010627736 0.041333102 0.040048316 -0.010567914 0.999141872 -1.612620289
0 0.473427707 0.841649248 0.500000000 0.500000000 0.000000000 0.000000000 0.999178290 0.001812559 -0.040490385 -0.061055245 -0.001401346 0.999947190 0.010181879 0.042666590 0.040506702 -0.010116771 0.999128044 -1.625269773
0 0.473427707 0.841649248 0.500000000 0.500000000 0.000000000 0.000000000 0.999156594 0.001827437 -0.041020811 -0.060728390 -0.001425480 0.999950707 0.009825978 0.043443278 0.041036744 -0.009759218 0.999109983 -1.637655964
0 0.473427707 0.841649248 0.500000000 0.500000000 0.000000000 0.000000000 0.999140263 0.001812763 -0.041418090 -0.060962806 -0.001419870 0.999953747 0.009513453 0.043916663 0.041433420 -0.009446464 0.999096632 -1.650167615
0 0.473427707 0.841649248 0.500000000 0.500000000 0.000000000 0.000000000 0.999123335 0.001831959 -0.041823719 -0.061147047 -0.001454781 0.999958038 0.009046944 0.045185580 0.041838538 -0.008978168 0.999084055 -1.662660662
0 0.473427707 0.841649248 0.500000000 0.500000000 0.000000000 0.000000000 0.999107420 0.001856519 -0.042200584 -0.061353987 -0.001490899 0.999961078 0.008693683 0.045934834 0.042215083 -0.008623006 0.999071360 -1.674907296
0 0.473427707 0.841649248 0.500000000 0.500000000 0.000000000 0.000000000 0.999087691 0.001992019 -0.042659663 -0.061153803 -0.001632326 0.999962866 0.008464850 0.046378680 0.042674940 -0.008387494 0.999053776 -1.687062240
0 0.473427707 0.841649248 0.500000000 0.500000000 0.000000000 0.000000000 0.999073267 0.002073706 -0.042991720 -0.061835469 -0.001727332 0.999965787 0.008092342 0.047197463 0.043007031 -0.008010581 0.999042630 -1.699288798
0 0.473427707 0.841649248 0.500000000 0.500000000 0.000000000 0.000000000 0.999054849 0.002246005 -0.043409739 -0.062071903 -0.001900928 0.999966264 0.007988931 0.047221207 0.043426219 -0.007898861 0.999025404 -1.711745391
0 0.473427707 0.841649248 0.500000000 0.500000000 0.000000000 0.000000000 0.999041855 0.002399399 -0.043698799 -0.063429413 -0.002067181 0.999968648 0.007646055 0.048546771 0.043715771 -0.007548396 0.999015510 -1.724374116
0 0.473427707 0.841649248 0.500000000 0.500000000 0.000000000 0.000000000 0.999021292 0.002491164 -0.044161107 -0.063967158 -0.002165347 0.999970078 0.007424203 0.049671011 0.044178281 -0.007321313 0.998996854 -1.737266030
0 0.473427707 0.841649248 0.500000000 0.500000000 0.000000000 0.000000000 0.999006152 0.002730957 -0.044488341 -0.065488101 -0.002418219 0.999971986 0.007081958 0.051193741 0.044506438 -0.006967337 0.998984814 -1.750207936
0 0.473427707 0.841649248 0.500000000 0.500000000 0.000000000 0.000000000 0.998990357 0.002977677 -0.044825908 -0.067070336 -0.002672308 0.999972820 0.006870715 0.052648557 0.044845149 -0.006743989 0.998971164 -1.763224429
0 0.473427707 0.841649248 0.500000000 0.500000000 0.000000000 0.000000000 0.998975635 0.003168309 -0.045140631 -0.068921571 -0.002870716 0.999973714 0.006655872 0.054075862 0.045160532 -0.006519469 0.998958468 -1.776514884
0 0.473427707 0.841649248 0.500000000 0.500000000 0.000000000 0.000000000 0.998963237 0.003379053 -0.045398112 -0.070875400 -0.003098631 0.999975681 0.006245913 0.055668033 0.045418113 -0.006098765 0.998949468 -1.790014633
0 0.473427707 0.841649248 0.500000000 0.500000000 0.000000000 0.000000000 0.998952270 0.003632164 -0.045620330 -0.073103895 -0.003372305 0.999977648 0.005771793 0.057672384 0.045640275 -0.005611900 0.998942196 -1.804025551
0 0.473427707 0.841649248 0.500000000 0.500000000 0.000000000 0.000000000 0.998939157 0.003916982 -0.045883190 -0.075222915 -0.003674130 0.999978781 0.005375951 0.059568257 0.045903277 -0.005201667 0.998932362 -1.817503855
0 0.473427707 0.841649248 0.500000000 0.500000000 0.000000000 0.000000000 0.998934746 0.004285321 -0.045946028 -0.078573397 -0.004048457 0.999978065 0.005247075 0.060761140 0.045967504 -0.005055475 0.998930156 -1.831129232
0 0.473427707 0.841649248 0.500000000 0.500000000 0.000000000 0.000000000 0.998935640 0.004810413 -0.045874283 -0.082496167 -0.004589401 0.999977350 0.004921895 0.062942925 0.045896918 -0.004706120 0.998935103 -1.844729695
0 0.473427707 0.841649248 0.500000000 0.500000000 0.000000000 0.000000000 0.998930752 0.005248178 -0.045933291 -0.085637911 -0.005035302 0.999976039 0.004748946 0.064846557 0.045957115 -0.004512580 0.998933196 -1.857994126
0 0.473427707 0.841649248 0.500000000 0.500000000 0.000000000 0.000000000 0.998933494 0.005756712 -0.045811906 -0.089739818 -0.005555126 0.999974310 0.004526380 0.066933833 0.045836788 -0.004267062 0.998939812 -1.871479608
0 0.473427707 0.841649248 0.500000000 0.500000000 0.000000000 0.000000000 0.998937368 0.006286016 -0.045657046 -0.093940503 -0.006103322 0.999972820 0.004139743 0.069702108 0.045681827 -0.003856684 0.998948574 -1.885340652
0 0.473427707 0.841649248 0.500000000 0.500000000 0.000000000 0.000000000 0.998952508 0.006808593 -0.045249201 -0.099336230 -0.006632618 0.999969840 0.004038016 0.071416861 0.045275331 -0.003733666 0.998967588 -1.899044422
0 0.473427707 0.841649248 0.500000000 0.500000000 0.000000000 0.000000000 0.998954058 0.007397703 -0.045122724 -0.103394949 -0.007231884 0.999966502 0.003836977 0.073953715 0.045149598 -0.003506641 0.998974085 -1.912484406
0 0.473427707 0.841649248 0.500000000 0.500000000 0.000000000 0.000000000 0.998955965 0.007678697 -0.045033816 -0.107589097 -0.007536449 0.999966085 0.003327630 0.077566776 0.045057841 -0.002984761 0.998979926 -1.925272701
0 0.473427707 0.841649248 0.500000000 0.500000000 0.000000000 0.000000000 0.998963058 0.007804303 -0.044854648 -0.112923120 -0.007684528 0.999966443 0.002842105 0.080260222 0.044875324 -0.002494471 0.998989463 -1.938102911
0 0.473427707 0.841649248 0.500000000 0.500000000 0.000000000 0.000000000 0.998952866 0.007860582 -0.045070440 -0.116600881 -0.007754794 0.999966741 0.002521531 0.082560391 0.045088761 -0.002169379 0.998980641 -1.950229573
0 0.473427707 0.841649248 0.500000000 0.500000000 0.000000000 0.000000000 0.998947918 0.007715103 -0.045204960 -0.121253094 -0.007628137 0.999968708 0.002096013 0.085398507 0.045219716 -0.001748978 0.998975515 -1.962210909
0 0.473427707 0.841649248 0.500000000 0.500000000 0.000000000 0.000000000 0.998942256 0.007394927 -0.045384068 -0.125444921 -0.007320905 0.999971569 0.001797008 0.087336842 0.045396067 -0.001462855 0.998968005 -1.973943509
0 0.473427707 0.841649248 0.500000000 0.500000000 0.000000000 0.000000000 0.998932600 0.007201301 -0.045626916 -0.129411826 -0.007138256 0.999973357 0.001544529 0.089593947 0.045636822 -0.001217184 0.998957336 -1.985613969
0 0.473427707 0.841649248 0.500000000 0.500000000 0.000000000 0.000000000 0.998924494 0.006944610 -0.045843050 -0.133118546 -0.006889876 0.999975324 0.001351850 0.091520768 0.045851305 -0.001034543 0.998947740 -1.996587957
0 0.473427707 0.841649248 0.500000000 0.500000000 0.000000000 0.000000000 0.998923242 0.006650234 -0.045914087 -0.137455955 -0.006608896 0.999977589 0.001052076 0.094033108 0.045920055 -0.000747502 0.998944819 -2.007412402
0 0.473427707 0.841649248 0.500000000 0.500000000 0.000000000 0.000000000 0.998922944 0.006403554 -0.045956179 -0.141960501 -0.006361672 0.999979198 0.001057550 0.095114951 0.045961995 -0.000764053 0.998942912 -2.018359072
0 0.473427707 0.841649248 0.500000000 0.500000000 0.000000000 0.000000000 0.998927355 0.006127107 -0.045897868 -0.146681818 -0.006091256 0.999981046 0.000920935 0.097090327 0.045902640 -0.000640372 0.998945713 -2.028973295
0 0.473427707 0.841649248 0.500000000 0.500000000 0.000000000 0.000000000 0.998924673 0.005785497 -0.046000455 -0.150412255 -0.005742001 0.999982953 0.001077636 0.097617227 0.046005905 -0.000812343 0.998940825 -2.039286153
0 0.473427707 0.841649248 0.500000000 0.500000000 0.000000000 0.000000000 0.998928607 0.005503468 -0.045949016 -0.154664239 -0.005459060 0.999984503 0.001091880 0.098964531 0.045954313 -0.000839872 0.998943210 -2.049861936
0 0.473427707 0.841649248 0.500000000 0.500000000 0.000000000 0.000000000 0.998929203 0.004987625 -0.045995146 -0.158658796 -0.004945810 0.999987245 0.001022881 0.100395871 0.045999661 -0.000794303 0.998941123 -2.060142549
0 0.473427707 0.841649248 0.500000000 0.500000000 0.000000000 0.000000000 0.998921394 0.004377461 -0.046226207 -0.161824717 -0.004331997 0.999990046 0.001083645 0.100403173 0.046230491 -0.000882225 0.998930395 -2.070938231
0 0.473427707 0.841649248 0.500000000 0.500000000 0.000000000 0.000000000 0.998922229 0.003680079 -0.046268642 -0.166083583 -0.003630390 0.999992728 0.001157911 0.100497175 0.046272565 -0.000988690 0.998928368 -2.081551602
0 0.473427707 0.841649248 0.500000000 0.500000000 0.000000000 0.000000000 0.998921096 0.003007616 -0.046342578 -0.170179631 -0.002960026 0.999994993 0.001095488 0.100717030 0.046345644 -0.000957131 0.998925030 -2.092972410
0 0.473427707 0.841649248 0.500000000 0.500000000 0.000000000 0.000000000 0.998913050 0.002274184 -0.046556342 -0.173187184 -0.002225721 0.999996901 0.001092764 0.100860444 0.046558686 -0.000987955 0.998915076 -2.104036179
0 0.473427707 0.841649248 0.500000000 0.500000000 0.000000000 0.000000000 0.998914301 0.001525269 -0.046560325 -0.177183582 -0.001469048 0.999998152 0.001241692 0.100421238 0.046562135 -0.001171944 0.998914719 -2.115088444
0 0.473427707 0.841649248 0.500000000 0.500000000 0.000000000 0.000000000 0.998908043 0.000838177 -0.046712365 -0.180594946 -0.000781207 0.999998927 0.001237829 0.100366037 0.046713352 -0.001199985 0.998907626 -2.126357301
0 0.473427707 0.841649248 0.500000000 0.500000000 0.000000000 0.000000000 0.998914540 0.000100247 -0.046580337 -0.185036011 -0.000036828 0.999999046 0.001362346 0.100101820 0.046580430 -0.001359152 0.998913646 -2.137704088
0 0.473427707 0.841649248 0.500000000 0.500000000 0.000000000 0.000000000 0.998909235 -0.000610901 -0.046689637 -0.188290941 0.000671075 0.999998987 0.001273150 0.100792265 0.046688810 -0.001303093 0.998908639 -2.148859705
0 0.473427707 0.841649248 0.500000000 0.500000000 0.000000000 0.000000000 0.998910725 -0.001244594 -0.046645273 -0.192048838 0.001310630 0.999998152 0.001385145 0.100596509 0.046643462 -0.001444771 0.998910546 -2.160278782
0 0.473427707 0.841649248 0.500000000 0.500000000 0.000000000 0.000000000 0.998909056 -0.002024671 -0.046653531 -0.195292514 0.002099480 0.999996603 0.001554538 0.100375712 0.046650223 -0.001650790 0.998909950 -2.172018796
0 0.473427707 0.841649248 0.500000000 0.500000000 0.000000000 0.000000000 0.998911917 -0.002638803 -0.046562020 -0.199297746 0.002718592 0.999994934 0.001650378 0.100618448 0.046557426 -0.001775165 0.998914063 -2.183285519
0 0.473427707 0.841649248 0.500000000 0.500000000 0.000000000 0.000000000 0.998910666 -0.003411093 -0.046539195 -0.202607062 0.003490232 0.999992609 0.001619325 0.101317027 0.046533328 -0.001779994 0.998915136 -2.194351313
0 0.473427707 0.841649248 0.500000000 0.500000000 0.000000000 0.000000000 0.998915255 -0.004008170 -0.046392720 -0.206061945 0.004095037 0.999990046 0.001777535 0.101253654 0.046385132 -0.001965587 0.998921692 -2.205189452
0 0.473427707 0.841649248 0.500000000 0.500000000 0.000000000 0.000000000 0.998926163 -0.004509116 -0.046110950 -0.210224398 0.004589942 0.999988139 0.001647126 0.103239258 0.046102978 -0.001857004 0.998934984 -2.215638381
0 0.473427707 0.841649248 0.500000000 0.500000000 0.000000000 0.000000000 0.998943627 -0.005063383 -0.045672972 -0.214810293 0.005149244 0.999985218 0.001762455 0.103907668 0.045663372 -0.001995775 0.998954892 -2.226267673
0 0.473427707 0.841649248 0.500000000 0.500000000 0.000000000 0.000000000 0.998960316 -0.005618191 -0.045240324 -0.219503059 0.005714879 0.999981642 0.002008155 0.104241003 0.045228213 -0.002264610 0.998974085 -2.236148758
0 0.473427707 0.841649248 0.500000000 0.500000000 0.000000000 0.000000000 0.998975396 -0.006243034 -0.044824541 -0.223990490 0.006348414 0.999977410 0.002208973 0.104737721 0.044809736 -0.002491274 0.998992443 -2.246395065
0 0.473427707 0.841649248 0.500000000 0.500000000 0.000000000 0.000000000 0.998988211 -0.006815586 -0.044453342 -0.228299885 0.006933929 0.999972820 0.002508536 0.104824188 0.044435035 -0.002814234 0.999008298 -2.256321076
0 0.473427707 0.841649248 0.500000000 0.500000000 0.000000000 0.000000000 0.998997688 -0.007464557 -0.044135578 -0.232246027 0.007595129 0.999967277 0.002791489 0.104909498 0.044113297 -0.003123907 0.999021649 -2.266007849
0 0.473427707 0.841649248 0.500000000 0.500000000 0.000000000 0.000000000 0.999010623 -0.007909453 -0.043763436 -0.236228009 0.008050254 0.999962986 0.003042030 0.105147723 0.043737754 -0.003391327 0.999037266 -2.275313183
0 0.473427707 0.841649248 0.500000000 0.500000000 0.000000000 0.000000000 0.999025702 -0.008439733 -0.043317162 -0.240128740 0.008592453 0.999957502 0.003340653 0.104606192 0.043287128 -0.003709599 0.999055803 -2.284628059
0 0.473427707 0.841649248 0.500000000 0.500000000 0.000000000 0.000000000 0.999049485 -0.008966013 -0.042658526 -0.244384331 0.009127136 0.999951899 0.003583785 0.104190550 0.042624343 -0.003969729 0.999083281 -2.293445903
0 0.473427707 0.841649248 0.500000000 0.500000000 0.000000000 0.000000000 0.999086082 -0.009326398 -0.041713905 -0.249296774 0.009500889 0.999946892 0.003986744 0.103123261 0.041674510 -0.004379420 0.999121666 -2.302328297
0 0.473427707 0.841649248 0.500000000 0.500000000 0.000000000 0.000000000 0.999131560 -0.009727580 -0.040515978 -0.255101014 0.009908019 0.999941885 0.004255064 0.102160910 0.040472232 -0.004652801 0.999169827 -2.311000115
0 0.473427707 0.841649248 0.500000000 0.500000000 0.000000000 0.000000000 0.999175012 -0.010213257 -0.039305784 -0.260767415 0.010402226 0.999935269 0.004606146 0.101007833 0.039256196 -0.005011214 0.999216616 -2.319635263
0 0.473427707 0.841649248 0.500000000 0.500000000 0.000000000 0.000000000 0.999217987 -0.010622664 -0.038086176 -0.266459967 0.010821792 0.999928832 0.005026000 0.099429750 0.038030073 -0.005434230 0.999261796 -2.328496898
0 0.473427707 0.841649248 0.500000000 0.500000000 0.000000000 0.000000000 0.999257684 -0.011125647 -0.036882266 -0.272218726 0.011329234 0.999921679 0.005315502 0.098287077 0.036820240 -0.005729404 0.999305487 -2.337511677
0 0.473427707 0.841649248 0.500000000 0.500000000 0.000000000 0.000000000 0.999297202 -0.011499685 -0.035677843 -0.277981106 0.011707450 0.999915659 0.005619918 0.097387319 0.035610206 -0.006033666 0.999347568 -2.346184148
0 0.473427707 0.841649248 0.500000000 0.500000000 0.000000000 0.000000000 0.999337673 -0.011907647 -0.034385756 -0.284243502 0.012121875 0.999908328 0.006028396 0.096132531 0.034310818 -0.006441223 0.999390483 -2.355039064
0 0.473427707 0.841649248 0.500000000 0.500000000 0.000000000 0.000000000 0.999369323 -0.012362649 -0.033287738 -0.289727353 0.012583545 0.999900103 0.006434668 0.094903249 0.033204865 -0.006849488 0.999425113 -2.363532107
0 0.473427707 0.841649248 0.500000000 0.500000000 0.000000000 0.000000000 0.999409437 -0.012630855 -0.031957313 -0.296492281 0.012856487 0.999893785 0.006864808 0.093532025 0.031867210 -0.007271613 0.999465644 -2.372183052
0 0.473427707 0.841649248 0.500000000 0.500000000 0.000000000 0.000000000 0.999447227 -0.012952200 -0.030617364 -0.303257780 0.013184913 0.999885619 0.007411031 0.091780114 0.030517872 -0.007810622 0.999503732 -2.381741996
0 0.473427707 0.841649248 0.500000000 0.500000000 0.000000000 0.000000000 0.999488473 -0.013171564 -0.029143726 -0.310617634 0.013407593 0.999878764 0.007918243 0.090493632 0.029035896 -0.008304940 0.999543846 -2.390510031
0 0.473427707 0.841649248 0.500000000 0.500000000 0.000000000 0.000000000 0.999531388 -0.013529688 -0.027457500 -0.318502796 0.013767279 0.999869227 0.008482528 0.089190683 0.027339144 -0.008856568 0.999586999 -2.399459957
0 0.473427707 0.841649248 0.500000000 0.500000000 0.000000000 0.000000000 0.999581039 -0.013826372 -0.025427442 -0.327626102 0.014059614 0.999860525 0.009017068 0.087802708 0.025299221 -0.009370791 0.999635994 -2.408328757
0 0.473427707 0.841649248 0.500000000 0.500000000 0.000000000 0.000000000 0.999632537 -0.013975800 -0.023227092 -0.337445405 0.014206544 0.999851048 0.009799093 0.085674027 0.023086682 -0.010125469 0.999682188 -2.417104396
0 0.473427707 0.841649248 0.500000000 0.500000000 0.000000000 0.000000000 0.999682069 -0.014042473 -0.020942478 -0.347930964 0.014264257 0.999843359 0.010478566 0.083740610 0.020792052 -0.010773963 0.999725759 -2.425941615
0 0.473427707 0.841649248 0.500000000 0.500000000 0.000000000 0.000000000 0.999727428 -0.014128481 -0.018585918 -0.358908124 0.014335783 0.999835968 0.011068215 0.082623297 0.018426493 -0.011331641 0.999765992 -2.434454813
