0 0.486718542 0.865277474 0.500000000 0.500000000 0.000000000 0.000000000 0.991493523 -0.016682627 0.129082456 0.185713197 0.018295076 0.999768615 -0.011315892 0.015429868 -0.128863811 0.013581206 0.991569281 -0.256631478
0 0.486718542 0.865277474 0.500000000 0.500000000 0.000000000 0.000000000 0.990752816 -0.017117405 0.134595230 0.191161856 0.018865528 0.999753296 -0.011723246 0.017259635 -0.134361356 0.014154050 0.990831316 -0.273171358
0 0.486718542 0.865277474 0.500000000 0.500000000 0.000000000 0.000000000 0.989985824 -0.017675331 0.140055940 0.197075005 0.019582303 0.999733210 -0.012249297 0.020405330 -0.139802054 0.014869248 0.990067840 -0.290162494
0 0.486718542 0.865277474 0.500000000 0.500000000 0.000000000 0.000000000 0.989216030 -0.017824410 0.145375162 0.203524168 0.019851275 0.999724746 -0.012503478 0.021235911 -0.145112291 0.015254523 0.989297569 -0.308308123
0 0.486718542 0.865277474 0.500000000 0.500000000 0.000000000 0.000000000 0.988431036 -0.018111384 0.150585875 0.210060458 0.020257732 0.999713719 -0.012731424 0.022707868 -0.150312170 0.015634663 0.988514960 -0.325063642
0 0.486718542 0.865277474 0.500000000 0.500000000 0.000000000 0.000000000 0.987601459 -0.018262805 0.155916169 0.216247823 0.020525252 0.999705970 -0.012912933 0.023767249 -0.155634493 0.015953051 0.987685859 -0.344043289
0 0.486718542 0.865277474 0.500000000 0.500000000 0.000000000 0.000000000 0.986791015 -0.018665509 0.160919458 0.223363614 0.021066170 0.999690592 -0.013225082 0.025639782 -0.160622820 0.016440349 0.986878932 -0.362641265
0 0.486718542 0.865277474 0.500000000 0.500000000 0.000000000 0.000000000 0.985966027 -0.018955171 0.165866539 0.230529923 0.021515088 0.999675333 -0.013650297 0.028015523 -0.165553942 0.017027361 0.986053705 -0.381143327
0 0.486718542 0.865277474 0.500000000 0.500000000 0.000000000 0.000000000 0.985124290 -0.019145882 0.170773476 0.237949227 0.021853790 0.999663293 -0.013990837 0.030689875 -0.170448095 0.017514762 0.985210955 -0.401380398
0 0.486718542 0.865277474 0.500000000 0.500000000 0.000000000 0.000000000 0.984308302 -0.019390294 0.175388798 0.246988042 0.022252798 0.999649107 -0.014368783 0.033503558 -0.175048634 0.018046204 0.984394372 -0.422326980
0 0.486718542 0.865277474 0.500000000 0.500000000 0.000000000 0.000000000 0.983471572 -0.019494906 0.180009931 0.256083720 0.022522945 0.999636889 -0.014792794 0.036701037 -0.179656193 0.018602647 0.983553529 -0.443236727
0 0.486718542 0.865277474 0.500000000 0.500000000 0.000000000 0.000000000 0.982617557 -0.019495459 0.184614763 0.264734308 0.022650030 0.999630988 -0.014993669 0.039476055 -0.184254333 0.018914573 0.982696593 -0.464103903
0 0.486718542 0.865277474 0.500000000 0.500000000 0.000000000 0.000000000 0.981763005 -0.019601908 0.189095646 0.274122032 0.022911722 0.999619901 -0.015333106 0.042574655 -0.188723221 0.019385984 0.981838942 -0.485905857
0 0.486718542 0.865277474 0.500000000 0.500000000 0.000000000 0.000000000 0.980872512 -0.019488867 0.193673238 0.283952527 0.022981677 0.999610960 -0.015803989 0.045653647 -0.193289891 0.019952634 0.980938792 -0.508535687
0 0.486718542 0.865277474 0.500000000 0.500000000 0.000000000 0.000000000 0.979875505 -0.019364018 0.198668107 0.291782872 0.023081094 0.999598861 -0.016411027 0.049542184 -0.198270634 0.020666242 0.979929388 -0.530861454
0 0.486718542 0.865277474 0.500000000 0.500000000 0.000000000 0.000000000 0.978882313 -0.019275522 0.203513786 0.300506913 0.023218192 0.999585807 -0.017002974 0.053599282 -0.203101754 0.021369133 0.978924453 -0.554144117
0 0.486718542 0.865277474 0.500000000 0.500000000 0.000000000 0.000000000 0.977871060 -0.019414360 0.208305612 0.309568577 0.023654075 0.999560297 -0.017881477 0.059255200 -0.207866862 0.022413056 0.977900326 -0.577661966
0 0.486718542 0.865277474 0.500000000 0.500000000 0.000000000 0.000000000 0.976800561 -0.019268036 0.213282526 0.317745719 0.023733156 0.999549091 -0.018394437 0.063217547 -0.212831929 0.023029562 0.976817369 -0.600716976
0 0.486718542 0.865277474 0.500000000 0.500000000 0.000000000 0.000000000 0.975678682 -0.019027464 0.218378350 0.325204154 0.023698179 0.999542594 -0.018788708 0.065885896 -0.217920959 0.023506911 0.975683272 -0.623547522
0 0.486718542 0.865277474 0.500000000 0.500000000 0.000000000 0.000000000 0.974515200 -0.018906873 0.223523363 0.331782493 0.023891762 0.999522030 -0.019617846 0.069793261 -0.223045617 0.024458256 0.974501133 -0.645679226
0 0.486718542 0.865277474 0.500000000 0.500000000 0.000000000 0.000000000 0.973288536 -0.018974192 0.228800029 0.337736245 0.024302173 0.999494612 -0.020491356 0.074421104 -0.228295594 0.025504339 0.973257780 -0.667404829
0 0.486718542 0.865277474 0.500000000 0.500000000 0.000000000 0.000000000 0.972011805 -0.018922787 0.234168619 0.342770029 0.024575463 0.999472201 -0.021244690 0.078737419 -0.233643010 0.026404891 0.971963823 -0.689295121
0 0.486718542 0.865277474 0.500000000 0.500000000 0.000000000 0.000000000 0.970760226 -0.018988606 0.239298955 0.348450640 0.024946269 0.999449074 -0.021891877 0.082319799 -0.238751411 0.027221380 0.970699131 -0.711746532
0 0.486718542 0.865277474 0.500000000 0.500000000 0.000000000 0.000000000 0.969516456 -0.019111274 0.244279847 0.353606382 0.025375731 0.999424219 -0.022523010 0.085793139 -0.243708760 0.028035209 0.969443202 -0.733914769
0 0.486718542 0.865277474 0.500000000 0.500000000 0.000000000 0.000000000 0.968302429 -0.019418480 0.249024868 0.359126487 0.026042357 0.999388516 -0.023332091 0.090391551 -0.248419523 0.029077714 0.968216002 -0.756041934
0 0.486718542 0.865277474 0.500000000 0.500000000 0.000000000 0.000000000 0.967010975 -0.019525552 0.253985196 0.363895958 0.026454324 0.999364436 -0.023893042 0.093925868 -0.253357261 0.029823840 0.966912925 -0.778919424
0 0.486718542 0.865277474 0.500000000 0.500000000 0.000000000 0.000000000 0.965737998 -0.019876959 0.258756757 0.369006874 0.027060736 0.999340117 -0.024230247 0.097602099 -0.258104384 0.030402219 0.965638578 -0.801889065
0 0.486718542 0.865277474 0.500000000 0.500000000 0.000000000 0.000000000 0.964499116 -0.020210886 0.263311654 0.374363857 0.027590064 0.999322534 -0.024356682 0.100457835 -0.262640983 0.030756783 0.964403331 -0.825191019
0 0.486718542 0.865277474 0.500000000 0.500000000 0.000000000 0.000000000 0.963313520 -0.020459972 0.267597556 0.380189960 0.027964564 0.999314427 -0.024262918 0.102350723 -0.266917676 0.030856047 0.963225245 -0.848595155
0 0.486718542 0.865277474 0.500000000 0.500000000 0.000000000 0.000000000 0.962092102 -0.020932665 0.271920264 0.384873074 0.028627247 0.999293268 -0.024360728 0.105504550 -0.271218151 0.031221591 0.962011397 -0.871912356
0 0.486718542 0.865277474 0.500000000 0.500000000 0.000000000 0.000000000 0.960968137 -0.021180693 0.275847137 0.389956296 0.028993191 0.999284804 -0.024274271 0.107128342 -0.275135726 0.031324491 0.960894942 -0.895406311
0 0.486718542 0.865277474 0.500000000 0.500000000 0.000000000 0.000000000 0.959953666 -0.021665365 0.279319882 0.395902289 0.029574234 0.999271274 -0.024131181 0.110005703 -0.278593510 0.031425487 0.959894836 -0.919753235
0 0.486718542 0.865277474 0.500000000 0.500000000 0.000000000 0.000000000 0.959061682 -0.022279236 0.282319635 0.403762571 0.030271599 0.999254048 -0.023978898 0.113555193 -0.281574786 0.031543508 0.959020674 -0.944940627
0 0.486718542 0.865277474 0.500000000 0.500000000 0.000000000 0.000000000 0.958214402 -0.022963433 0.285127699 0.412078382 0.030982971 0.999240160 -0.023646759 0.116555746 -0.284368008 0.031492770 0.958197832 -0.970433070
0 0.486718542 0.865277474 0.500000000 0.500000000 0.000000000 0.000000000 0.957449555 -0.023827080 0.287615299 0.421365192 0.031844564 0.999222875 -0.023228953 0.119978863 -0.286838323 0.031399537 0.957464278 -0.996947327
0 0.486718542 0.865277474 0.500000000 0.500000000 0.000000000 0.000000000 0.956724167 -0.024567472 0.289957464 0.431155852 0.032503057 0.999216437 -0.022583444 0.122882385 -0.289175451 0.031030631 0.956773043 -1.024373002
0 0.486718542 0.865277474 0.500000000 0.500000000 0.000000000 0.000000000 0.956088364 -0.025136961 0.291998535 0.442288757 0.032934349 0.999219358 -0.021817952 0.124933503 -0.291222155 0.030476673 0.956169903 -1.052730770
0 0.486718542 0.865277474 0.500000000 0.500000000 0.000000000 0.000000000 0.955464005 -0.025631750 0.293992341 0.452743950 0.033329777 0.999219477 -0.021203475 0.126996434 -0.293219388 0.030057857 0.955572546 -1.080711011
0 0.486718542 0.865277474 0.500000000 0.500000000 0.000000000 0.000000000 0.954733491 -0.026072849 0.296317667 0.462062466 0.033649374 0.999223471 -0.020496862 0.128861474 -0.295553178 0.029539946 0.954869449 -1.107600092
0 0.486718542 0.865277474 0.500000000 0.500000000 0.000000000 0.000000000 0.953934669 -0.026895637 0.298806399 0.471709031 0.034440573 0.999206364 -0.020012172 0.133371312 -0.298031002 0.029381368 0.954103887 -1.134801869
0 0.486718542 0.865277474 0.500000000 0.500000000 0.000000000 0.000000000 0.953180730 -0.027704865 0.301129520 0.481875351 0.035242580 0.999186039 -0.019626878 0.137808224 -0.300340652 0.029320542 0.953381240 -1.162647879
0 0.486718542 0.865277474 0.500000000 0.500000000 0.000000000 0.000000000 0.952336073 -0.028647380 0.303702742 0.491602084 0.036162164 0.999162495 -0.019147489 0.142384678 -0.302899867 0.029217392 0.952574432 -1.190071849
0 0.486718542 0.865277474 0.500000000 0.500000000 0.000000000 0.000000000 0.951335251 -0.029430211 0.306749314 0.499124287 0.036873907 0.999148726 -0.018498134 0.145923680 -0.305943787 0.028908972 0.951610565 -1.217617540
0 0.486718542 0.865277474 0.500000000 0.500000000 0.000000000 0.000000000 0.950286269 -0.030055957 0.309923649 0.504950608 0.037463170 0.999136329 -0.017974541 0.149472721 -0.309115738 0.028691681 0.950591505 -1.244737895
0 0.486718542 0.865277474 0.500000000 0.500000000 0.000000000 0.000000000 0.949222565 -0.030712364 0.313102573 0.510190030 0.038058091 0.999124467 -0.017374894 0.153043047 -0.312294811 0.028408727 0.949560344 -1.271105412
0 0.486718542 0.865277474 0.500000000 0.500000000 0.000000000 0.000000000 0.948036790 -0.031523898 0.316595078 0.513728057 0.038852647 0.999102712 -0.016861064 0.157247183 -0.315779477 0.028285466 0.948410928 -1.297402710
0 0.486718542 0.865277474 0.500000000 0.500000000 0.000000000 0.000000000 0.946796298 -0.032377277 0.320200741 0.516020390 0.039737150 0.999074340 -0.016476175 0.161856850 -0.319370896 0.028323447 0.947206438 -1.323483981
0 0.486718542 0.865277474 0.500000000 0.500000000 0.000000000 0.000000000 0.945581675 -0.033168327 0.323689997 0.517886073 0.040530261 0.999049783 -0.016027261 0.166456507 -0.322850794 0.028274324 0.946027458 -1.349060077
0 0.486718542 0.865277474 0.500000000 0.500000000 0.000000000 0.000000000 0.944390774 -0.034050476 0.327057451 0.519923765 0.041428454 0.999019444 -0.015616716 0.171186260 -0.326204985 0.028297767 0.944875419 -1.374972898
0 0.486718542 0.865277474 0.500000000 0.500000000 0.000000000 0.000000000 0.943184495 -0.035005782 0.330420405 0.520821502 0.042381525 0.998986721 -0.015142183 0.176169462 -0.329555541 0.028285593 0.943712413 -1.400790279
0 0.486718542 0.865277474 0.500000000 0.500000000 0.000000000 0.000000000 0.941901445 -0.036105424 0.333943278 0.520836857 0.043516509 0.998944044 -0.014735930 0.181600548 -0.333058596 0.028411839 0.942478001 -1.427159416
0 0.486718542 0.865277474 0.500000000 0.500000000 0.000000000 0.000000000 0.940651953 -0.036932662 0.337357253 0.521087447 0.044312187 0.998916864 -0.014197666 0.185741925 -0.336467475 0.028304098 0.941269636 -1.454191650
0 0.486718542 0.865277474 0.500000000 0.500000000 0.000000000 0.000000000 0.939378917 -0.037989922 0.340769678 0.520505176 0.045374218 0.998875797 -0.013722965 0.190919603 -0.339865267 0.028353222 0.940046668 -1.481204474
0 0.486718542 0.865277474 0.500000000 0.500000000 0.000000000 0.000000000 0.938081384 -0.038775694 0.344237864 0.518968962 0.045982465 0.998860300 -0.012792884 0.193683716 -0.343349516 0.027829673 0.938795328 -1.508445143
0 0.486718542 0.865277474 0.500000000 0.500000000 0.000000000 0.000000000 0.936851859 -0.039416913 0.347498029 0.517257487 0.046431806 0.998850822 -0.011879523 0.196197782 -0.346630424 0.027264314 0.937605441 -1.535451399
0 0.486718542 0.865277474 0.500000000 0.500000000 0.000000000 0.000000000 0.935564041 -0.040137462 0.350868791 0.514868946 0.046891417 0.998841941 -0.010770240 0.198198710 -0.350030184 0.026528984 0.936362684 -1.562858172
0 0.486718542 0.865277474 0.500000000 0.500000000 0.000000000 0.000000000 0.934115767 -0.040551621 0.354659379 0.511108801 0.047045734 0.998845577 -0.009703265 0.199783751 -0.353856474 0.025749184 0.934945226 -1.591074194
0 0.486718542 0.865277474 0.500000000 0.500000000 0.000000000 0.000000000 0.932603240 -0.041083518 0.358557224 0.506679048 0.047280997 0.998845220 -0.008529557 0.201402154 -0.357792735 0.024907636 0.933468759 -1.619468301
0 0.486718542 0.865277474 0.500000000 0.500000000 0.000000000 0.000000000 0.930991650 -0.041712098 0.362649411 0.500900461 0.047629163 0.998837769 -0.007386572 0.203720639 -0.361919820 0.024149526 0.931896389 -1.648050905
0 0.486718542 0.865277474 0.500000000 0.500000000 0.000000000 0.000000000 0.929290593 -0.042387579 0.366909057 0.494427546 0.048101962 0.998821676 -0.006440476 0.207038523 -0.366203725 0.023634119 0.930234492 -1.677267578
0 0.486718542 0.865277474 0.500000000 0.500000000 0.000000000 0.000000000 0.927438915 -0.042861488 0.371510416 0.486259095 0.048445128 0.998809576 -0.005704910 0.210757340 -0.370823622 0.023288826 0.928411245 -1.706895741
0 0.486718542 0.865277474 0.500000000 0.500000000 0.000000000 0.000000000 0.925647140 -0.043539707 0.375874609 0.479043548 0.048907582 0.998792052 -0.004746401 0.214244749 -0.375213891 0.022776611 0.926658392 -1.736759371
0 0.486718542 0.865277474 0.500000000 0.500000000 0.000000000 0.000000000 0.923855960 -0.043790396 0.380227000 0.472408017 0.048871655 0.998798132 -0.003715152 0.216615648 -0.379607350 0.022014588 0.924885750 -1.767220526
0 0.486718542 0.865277474 0.500000000 0.500000000 0.000000000 0.000000000 0.921958983 -0.044318721 0.384743422 0.465787011 0.049294163 0.998779595 -0.003073639 0.220566891 -0.384137660 0.021799374 0.923018456 -1.797439706
0 0.486718542 0.865277474 0.500000000 0.500000000 0.000000000 0.000000000 0.919826865 -0.044701565 0.389769554 0.455456203 0.049588371 0.998766661 -0.002479111 0.224479199 -0.389178008 0.021608390 0.920909107 -1.826820818
0 0.486718542 0.865277474 0.500000000 0.500000000 0.000000000 0.000000000 0.917825460 -0.045209639 0.394401431 0.447691254 0.049963269 0.998749435 -0.001786151 0.228228200 -0.393827438 0.021344958 0.918936551 -1.857298607
0 0.486718542 0.865277474 0.500000000 0.500000000 0.000000000 0.000000000 0.915713787 -0.045802582 0.399212241 0.438002046 0.050549716 0.998720586 -0.001365403 0.232983474 -0.398638934 0.021430383 0.916857541 -1.886720342
0 0.486718542 0.865277474 0.500000000 0.500000000 0.000000000 0.000000000 0.913620412 -0.046225168 0.403931946 0.428289747 0.050940532 0.998701274 -0.000928810 0.236927708 -0.403364390 0.021425087 0.914788544 -1.915581561
0 0.486718542 0.865277474 0.500000000 0.500000000 0.000000000 0.000000000 0.911451697 -0.047023084 0.408710957 0.417868934 0.051711936 0.998661935 -0.000422706 0.241905970 -0.408144206 0.021520510 0.912663758 -1.945039669
0 0.486718542 0.865277474 0.500000000 0.500000000 0.000000000 0.000000000 0.909485042 -0.047393717 0.413026333 0.409475045 0.052101742 0.998641789 -0.000136584 0.246395901 -0.412458867 0.021643613 0.910719097 -1.974217475
0 0.486718542 0.865277474 0.500000000 0.500000000 0.000000000 0.000000000 0.907355189 -0.048051644 0.417609334 0.399075817 0.052769255 0.998606682 0.000249601 0.250957885 -0.417039484 0.021810457 0.908626616 -2.002543076
0 0.486718542 0.865277474 0.500000000 0.500000000 0.000000000 0.000000000 0.905312598 -0.048247777 0.421996683 0.389685903 0.052988052 0.998594999 0.000495828 0.254563402 -0.421427697 0.021911904 0.906597257 -2.031059425
0 0.486718542 0.865277474 0.500000000 0.500000000 0.000000000 0.000000000 0.903152347 -0.048425987 0.426580280 0.378742012 0.053252075 0.998580933 0.000615430 0.258528152 -0.426004738 0.022160457 0.904449463 -2.059414873
0 0.486718542 0.865277474 0.500000000 0.500000000 0.000000000 0.000000000 0.901135504 -0.048817489 0.430780321 0.368857045 0.053703472 0.998556614 0.000819256 0.262238608 -0.430198520 0.022396138 0.902456462 -2.087871293
0 0.486718542 0.865277474 0.500000000 0.500000000 0.000000000 0.000000000 0.899215102 -0.049080476 0.434745103 0.359605854 0.054026157 0.998539031 0.000983647 0.265492740 -0.434158236 0.022603096 0.900552988 -2.116811453
0 0.486718542 0.865277474 0.500000000 0.500000000 0.000000000 0.000000000 0.897279084 -0.049425129 0.438688278 0.349746770 0.054543991 0.998510957 0.000935407 0.269817768 -0.438081264 0.023088487 0.898638785 -2.146227202
0 0.486718542 0.865277474 0.500000000 0.500000000 0.000000000 0.000000000 0.895492673 -0.049992573 0.442259640 0.341861566 0.055256780 0.998471677 0.000981606 0.274217517 -0.441632807 0.023558823 0.896886528 -2.176377219
0 0.486718542 0.865277474 0.500000000 0.500000000 0.000000000 0.000000000 0.893683791 -0.050424088 0.445855051 0.332980211 0.056005478 0.998430252 0.000658838 0.279979030 -0.445188403 0.024381533 0.895104945 -2.206470014
0 0.486718542 0.865277474 0.500000000 0.500000000 0.000000000 0.000000000 0.891781390 -0.050613504 0.449626714 0.322167562 0.056416105 0.998407245 0.000493866 0.284288791 -0.448935539 0.024925767 0.893216431 -2.236408423
0 0.486718542 0.865277474 0.500000000 0.500000000 0.000000000 0.000000000 0.890027046 -0.050649237 0.453085601 0.313768222 0.056636147 0.998394847 0.000353654 0.287921827 -0.452376217 0.025346261 0.891466975 -2.267239529
0 0.486718542 0.865277474 0.500000000 0.500000000 0.000000000 0.000000000 0.888173938 -0.051035468 0.456664503 0.304638911 0.057303201 0.998356819 0.000123497 0.293216694 -0.455920428 0.026058652 0.889638960 -2.297956245
