0 0.502778659 0.893828721 0.500000000 0.500000000 0.000000000 0.000000000 0.877425909 -0.056738555 0.476344943 -0.482625902 0.059388138 0.998189747 0.009503941 0.733609455 -0.476021886 0.019950235 0.879207134 -1.237052533
0 0.502778659 0.893828721 0.500000000 0.500000000 0.000000000 0.000000000 0.876757920 -0.056857679 0.477559179 -0.485244487 0.059431780 0.998184919 0.009731138 0.739898329 -0.477245659 0.019850340 0.878545702 -1.244666084
0 0.502778659 0.893828721 0.500000000 0.500000000 0.000000000 0.000000000 0.875822783 -0.057134341 0.479239136 -0.488092499 0.059546381 0.998173654 0.010178460 0.745242862 -0.478945404 0.019622430 0.877625346 -1.252322811
0 0.502778659 0.893828721 0.500000000 0.500000000 0.000000000 0.000000000 0.874720514 -0.057453532 0.481209993 -0.491404586 0.059907842 0.998151004 0.010275519 0.751233716 -0.480910629 0.019840045 0.876545131 -1.259435827
0 0.502778659 0.893828721 0.500000000 0.500000000 0.000000000 0.000000000 0.873579204 -0.057835851 0.483233243 -0.494900998 0.060359348 0.998123109 0.010344130 0.756628382 -0.482924521 0.020131227 0.875430524 -1.266286133
0 0.502778659 0.893828721 0.500000000 0.500000000 0.000000000 0.000000000 0.872404158 -0.058175754 0.485310793 -0.497769726 0.060801834 0.998096228 0.010346421 0.762094988 -0.484988809 0.020481527 0.874280512 -1.273319505
0 0.502778659 0.893828721 0.500000000 0.500000000 0.000000000 0.000000000 0.871157825 -0.058439177 0.487513006 -0.501200899 0.061100706 0.998076797 0.010458041 0.766974223 -0.487186581 0.020676784 0.873053074 -1.280221223
0 0.502778659 0.893828721 0.500000000 0.500000000 0.000000000 0.000000000 0.870081484 -0.058775011 0.489391208 -0.503886761 0.061420605 0.998054981 0.010665833 0.771421414 -0.489066213 0.020778559 0.871999145 -1.287758738
0 0.502778659 0.893828721 0.500000000 0.500000000 0.000000000 0.000000000 0.869020224 -0.059162259 0.491226673 -0.505625586 0.061783865 0.998030007 0.010899819 0.776004787 -0.490903825 0.020877721 0.870963573 -1.294648966
0 0.502778659 0.893828721 0.500000000 0.500000000 0.000000000 0.000000000 0.867851138 -0.059500679 0.493248492 -0.508371398 0.062119294 0.998007059 0.011093391 0.780427488 -0.492925555 0.021012835 0.869817734 -1.301379728
0 0.502778659 0.893828721 0.500000000 0.500000000 0.000000000 0.000000000 0.866704166 -0.059957847 0.495205998 -0.510280688 0.062525615 0.997978270 0.011400138 0.783962912 -0.494888335 0.021082513 0.868700802 -1.308482095
0 0.502778659 0.893828721 0.500000000 0.500000000 0.000000000 0.000000000 0.865389347 -0.060334589 0.497454494 -0.512886601 0.062964082 0.997949481 0.011503420 0.787711721 -0.497128516 0.021366827 0.867413819 -1.315092287
0 0.502778659 0.893828721 0.500000000 0.500000000 0.000000000 0.000000000 0.864129484 -0.060703326 0.499595135 -0.514728867 0.063471593 0.997917771 0.011467786 0.791789491 -0.499250978 0.021800447 0.866183102 -1.321148849
0 0.502778659 0.893828721 0.500000000 0.500000000 0.000000000 0.000000000 0.862745166 -0.061195869 0.501922190 -0.516641833 0.063892782 0.997886539 0.011841169 0.794500942 -0.501586020 0.021853292 0.864831746 -1.327633640
0 0.502778659 0.893828721 0.500000000 0.500000000 0.000000000 0.000000000 0.861264527 -0.061617818 0.504407227 -0.518327766 0.064208835 0.997861147 0.012262381 0.797622883 -0.504083991 0.021826249 0.863378823 -1.333024792
0 0.502778659 0.893828721 0.500000000 0.500000000 0.000000000 0.000000000 0.859632552 -0.061992712 0.507137895 -0.520563777 0.064443655 0.997840047 0.012740015 0.800452725 -0.506832242 0.021730088 0.861770749 -1.338440996
0 0.502778659 0.893828721 0.500000000 0.500000000 0.000000000 0.000000000 0.857949734 -0.062394451 0.509930551 -0.522016131 0.064678259 0.997817934 0.013271629 0.802197713 -0.509645879 0.021595027 0.860113204 -1.343412383
0 0.502778659 0.893828721 0.500000000 0.500000000 0.000000000 0.000000000 0.856231570 -0.062864356 0.512752950 -0.522713932 0.065161012 0.997783184 0.013519340 0.804007036 -0.512466192 0.021835817 0.858429730 -1.347954985
0 0.502778659 0.893828721 0.500000000 0.500000000 0.000000000 0.000000000 0.854174554 -0.063363351 0.516111374 -0.523678118 0.065908536 0.997735500 0.013412756 0.806446892 -0.515792489 0.022559308 0.856416464 -1.351138734
0 0.502778659 0.893828721 0.500000000 0.500000000 0.000000000 0.000000000 0.851879239 -0.064040609 0.519808233 -0.525169705 0.066852115 0.997673512 0.013354339 0.808296085 -0.519454122 0.023373995 0.854178607 -1.353822816
0 0.502778659 0.893828721 0.500000000 0.500000000 0.000000000 0.000000000 0.849503636 -0.064675175 0.523603618 -0.527115909 0.067666590 0.997617424 0.013441598 0.808905904 -0.523225427 0.024011785 0.851855993 -1.356855512
0 0.502778659 0.893828721 0.500000000 0.500000000 0.000000000 0.000000000 0.846984982 -0.065238751 0.527598679 -0.528603568 0.068541192 0.997559428 0.013317257 0.809795738 -0.527179837 0.024882728 0.849389374 -1.359277671
0 0.502778659 0.893828721 0.500000000 0.500000000 0.000000000 0.000000000 0.844438314 -0.065925114 0.531580508 -0.530113027 0.069466963 0.997494876 0.013355264 0.809363261 -0.531129301 0.025649590 0.846902490 -1.361652268
0 0.502778659 0.893828721 0.500000000 0.500000000 0.000000000 0.000000000 0.841907322 -0.066594899 0.535497189 -0.530391944 0.070536882 0.997422576 0.013142440 0.809394782 -0.534992218 0.026707582 0.844434738 -1.363695785
0 0.502778659 0.893828721 0.500000000 0.500000000 0.000000000 0.000000000 0.839190900 -0.067304179 0.539656162 -0.531386661 0.071465679 0.997354984 0.013254391 0.808160907 -0.539120853 0.027443931 0.841781139 -1.366179553
0 0.502778659 0.893828721 0.500000000 0.500000000 0.000000000 0.000000000 0.836323023 -0.068174206 0.543981731 -0.531619768 0.072417684 0.997281015 0.013648004 0.806883069 -0.543433070 0.027979759 0.838986039 -1.368218196
0 0.502778659 0.893828721 0.500000000 0.500000000 0.000000000 0.000000000 0.833234191 -0.068964109 0.548602581 -0.532165857 0.073074132 0.997222960 0.014372392 0.805018985 -0.548070252 0.028113088 0.835959733 -1.370991584
0 0.502778659 0.893828721 0.500000000 0.500000000 0.000000000 0.000000000 0.829914689 -0.069808491 0.553505540 -0.533779246 0.073645443 0.997166514 0.015340867 0.801850953 -0.553008080 0.028031548 0.832704186 -1.373354186
0 0.502778659 0.893828721 0.500000000 0.500000000 0.000000000 0.000000000 0.826461434 -0.070703007 0.558536112 -0.534681446 0.074475557 0.997094214 0.016017556 0.799402042 -0.558045626 0.028359395 0.829325557 -1.374890445
0 0.502778659 0.893828721 0.500000000 0.500000000 0.000000000 0.000000000 0.822842896 -0.071487278 0.563754439 -0.535647245 0.075459711 0.997015834 0.016288046 0.798405746 -0.563236475 0.029138247 0.825781822 -1.376321586
0 0.502778659 0.893828721 0.500000000 0.500000000 0.000000000 0.000000000 0.819139361 -0.072522797 0.568991363 -0.536776867 0.076350689 0.996933520 0.017150614 0.794804841 -0.568490386 0.029394140 0.822164655 -1.378007342
0 0.502778659 0.893828721 0.500000000 0.500000000 0.000000000 0.000000000 0.815287948 -0.073367104 0.574389100 -0.537215517 0.077208631 0.996857107 0.017739285 0.792722115 -0.573885322 0.029885171 0.818390191 -1.379715869
0 0.502778659 0.893828721 0.500000000 0.500000000 0.000000000 0.000000000 0.811151385 -0.074451216 0.580077946 -0.537949496 0.078180745 0.996765554 0.018607816 0.790196734 -0.579587102 0.030257171 0.814348400 -1.381227025
0 0.502778659 0.893828721 0.500000000 0.500000000 0.000000000 0.000000000 0.806677222 -0.075330772 0.586171567 -0.539005065 0.078949951 0.996689022 0.019438377 0.788479678 -0.585695088 0.030597722 0.809953690 -1.382671100
0 0.502778659 0.893828721 0.500000000 0.500000000 0.000000000 0.000000000 0.801626742 -0.076357171 0.592928469 -0.541384194 0.079670705 0.996607721 0.020629771 0.785638536 -0.592492342 0.030701654 0.804990828 -1.384057806
0 0.502778659 0.893828721 0.500000000 0.500000000 0.000000000 0.000000000 0.796016812 -0.077566504 0.600283802 -0.544642551 0.080589190 0.996506810 0.021898314 0.782906476 -0.599885464 0.030944960 0.799487233 -1.384613167
0 0.502778659 0.893828721 0.500000000 0.500000000 0.000000000 0.000000000 0.790271282 -0.078596577 0.607695520 -0.548486300 0.081296094 0.996421039 0.023151925 0.779704189 -0.607340276 0.031106967 0.793832600 -1.385620835
0 0.502778659 0.893828721 0.500000000 0.500000000 0.000000000 0.000000000 0.784269333 -0.079725526 0.615276694 -0.552442172 0.082061000 0.996326089 0.024500672 0.776323460 -0.614969552 0.031275097 0.787930369 -1.387069931
0 0.502778659 0.893828721 0.500000000 0.500000000 0.000000000 0.000000000 0.777898788 -0.080830790 0.623169184 -0.557028609 0.082663871 0.996237397 0.026032312 0.772325051 -0.622928679 0.031263072 0.781653643 -1.387773313
0 0.502778659 0.893828721 0.500000000 0.500000000 0.000000000 0.000000000 0.771416426 -0.081906408 0.631037295 -0.561104124 0.083282359 0.996146858 0.027487177 0.769684192 -0.630857170 0.031350214 0.775265336 -1.388709623
0 0.502778659 0.893828721 0.500000000 0.500000000 0.000000000 0.000000000 0.764316797 -0.083051704 0.639470279 -0.566904713 0.083906502 0.996049404 0.029074766 0.766142903 -0.639358699 0.031433381 0.768265843 -1.389666348
0 0.502778659 0.893828721 0.500000000 0.500000000 0.000000000 0.000000000 0.756654501 -0.084101006 0.648383379 -0.574449307 0.085109644 0.995924115 0.029858304 0.765013662 -0.648251712 0.032591257 0.760728240 -1.388736497
0 0.502778659 0.893828721 0.500000000 0.500000000 0.000000000 0.000000000 0.748560369 -0.085156843 0.657575607 -0.582915269 0.086560875 0.995782137 0.030417223 0.764388651 -0.657392263 0.034151189 0.752774298 -1.387728527
0 0.502778659 0.893828721 0.500000000 0.500000000 0.000000000 0.000000000 0.739782691 -0.086103491 0.667313814 -0.593552900 0.088040881 0.995638549 0.030865289 0.764834041 -0.667060971 0.035917290 0.744136810 -1.385253262
0 0.502778659 0.893828721 0.500000000 0.500000000 0.000000000 0.000000000 0.730745614 -0.087316781 0.677042544 -0.604841472 0.089432061 0.995483220 0.031859603 0.764159461 -0.676766396 0.037268046 0.735253930 -1.382553947
0 0.502778659 0.893828721 0.500000000 0.500000000 0.000000000 0.000000000 0.721696258 -0.088351481 0.686548233 -0.614783253 0.090676710 0.995341063 0.032770909 0.765099777 -0.686245024 0.038603295 0.726345360 -1.379575142
0 0.502778659 0.893828721 0.500000000 0.500000000 0.000000000 0.000000000 0.712398946 -0.089477539 0.696047068 -0.626190863 0.091515899 0.995213747 0.034269881 0.764433577 -0.695782006 0.039285552 0.717177808 -1.377355792
0 0.502778659 0.893828721 0.500000000 0.500000000 0.000000000 0.000000000 0.702874422 -0.090752847 0.705500901 -0.636956343 0.092321105 0.995077372 0.036025412 0.763331957 -0.705297351 0.039811280 0.707792819 -1.372834731
0 0.502778659 0.893828721 0.500000000 0.500000000 0.000000000 0.000000000 0.693019509 -0.091730028 0.715059161 -0.649222468 0.092823617 0.994969547 0.037675209 0.761900186 -0.714918017 0.040264722 0.698047996 -1.369646341
0 0.502778659 0.893828721 0.500000000 0.500000000 0.000000000 0.000000000 0.682920516 -0.092807844 0.724573195 -0.660818899 0.093815565 0.994825423 0.039000932 0.761706832 -0.724443376 0.041341707 0.688093483 -1.364828934
0 0.502778659 0.893828721 0.500000000 0.500000000 0.000000000 0.000000000 0.672322869 -0.093924172 0.734275281 -0.673612871 0.094850488 0.994672060 0.040384848 0.760758382 -0.734156191 0.042494707 0.677649558 -1.359796243
0 0.502778659 0.893828721 0.500000000 0.500000000 0.000000000 0.000000000 0.661349535 -0.095035128 0.744033039 -0.686709280 0.095895894 0.994513750 0.041789863 0.759954550 -0.743922532 0.043712005 0.666834652 -1.354650788
0 0.502778659 0.893828721 0.500000000 0.500000000 0.000000000 0.000000000 0.650721848 -0.096110329 0.753209054 -0.697521488 0.096879460 0.994358838 0.043183986 0.758969238 -0.753110528 0.044869725 0.656362116 -1.349174731
0 0.502778659 0.893828721 0.500000000 0.500000000 0.000000000 0.000000000 0.639723659 -0.097240858 0.762428939 -0.708213552 0.097978517 0.994189084 0.044589892 0.758243065 -0.762334466 0.046176448 0.645533800 -1.343245153
0 0.502778659 0.893828721 0.500000000 0.500000000 0.000000000 0.000000000 0.628221691 -0.098050907 0.771831334 -0.721012296 0.098689415 0.994056642 0.045954760 0.756933854 -0.771749914 0.047301803 0.634164512 -1.334793873
0 0.502778659 0.893828721 0.500000000 0.500000000 0.000000000 0.000000000 0.616975904 -0.099301748 0.780691922 -0.731112522 0.100010797 0.993857741 0.047377918 0.755981329 -0.780601382 0.048846584 0.623117507 -1.327850200
0 0.502778659 0.893828721 0.500000000 0.500000000 0.000000000 0.000000000 0.605479777 -0.100252435 0.789521217 -0.742273224 0.101108663 0.993685782 0.048637286 0.754778825 -0.789412022 0.050378542 0.611793041 -1.320635553
0 0.502778659 0.893828721 0.500000000 0.500000000 0.000000000 0.000000000 0.594132304 -0.101137593 0.797983706 -0.751176104 0.102456242 0.993498445 0.049634449 0.755642366 -0.797815502 0.052268986 0.600631654 -1.312761216
0 0.502778659 0.893828721 0.500000000 0.500000000 0.000000000 0.000000000 0.582412839 -0.102190539 0.806444287 -0.761288325 0.103700958 0.993301332 0.050975911 0.755228517 -0.806251466 0.053940021 0.589108706 -1.304416455
0 0.502778659 0.893828721 0.500000000 0.500000000 0.000000000 0.000000000 0.571341634 -0.103292145 0.814186394 -0.766798068 0.105009243 0.993094981 0.052300993 0.756378885 -0.813966691 0.055615358 0.578243136 -1.298292734
0 0.502778659 0.893828721 0.500000000 0.500000000 0.000000000 0.000000000 0.559817791 -0.104243211 0.822032511 -0.773954134 0.105792627 0.992928088 0.053868208 0.755505704 -0.821834505 0.056808595 0.566886961 -1.291257838
0 0.502778659 0.893828721 0.500000000 0.500000000 0.000000000 0.000000000 0.547792614 -0.105288237 0.829962432 -0.783087568 0.106539823 0.992751539 0.055620983 0.754221223 -0.829802692 0.057955284 0.555039346 -1.283009592
0 0.502778659 0.893828721 0.500000000 0.500000000 0.000000000 0.000000000 0.535539448 -0.106145866 0.837812960 -0.793131623 0.107145250 0.992592752 0.057267096 0.752078871 -0.837685764 0.059098888 0.542945564 -1.274151326
0 0.502778659 0.893828721 0.500000000 0.500000000 0.000000000 0.000000000 0.523696363 -0.107056007 0.845151544 -0.799398959 0.108504742 0.992374897 0.058470175 0.751867300 -0.844966769 0.061082337 0.531319201 -1.266041340
0 0.502778659 0.893828721 0.500000000 0.500000000 0.000000000 0.000000000 0.511259615 -0.108001880 0.852613151 -0.808477136 0.110103175 0.992128432 0.059652410 0.751096354 -0.852344394 0.063377552 0.519126534 -1.256924603
0 0.502778659 0.893828721 0.500000000 0.500000000 0.000000000 0.000000000 0.498609334 -0.108999923 0.859946370 -0.817582295 0.112023726 0.991845846 0.060765475 0.751052189 -0.859557688 0.066036165 0.506754160 -1.247371668
0 0.502778659 0.893828721 0.500000000 0.500000000 0.000000000 0.000000000 0.485263407 -0.109915376 0.867431879 -0.828926508 0.113697834 0.991576374 0.062040716 0.749586075 -0.866944194 0.068519041 0.493672878 -1.236987447
0 0.502778659 0.893828721 0.500000000 0.500000000 0.000000000 0.000000000 0.472079396 -0.110825948 0.874561965 -0.838270712 0.115285181 0.991307735 0.063390426 0.748013119 -0.873985350 0.070898719 0.480752528 -1.227743504
0 0.502778659 0.893828721 0.500000000 0.500000000 0.000000000 0.000000000 0.458464146 -0.111778818 0.881655335 -0.848772417 0.116990343 0.991016209 0.064808480 0.746421859 -0.880978942 0.073432796 0.467422456 -1.217773530
0 0.502778659 0.893828721 0.500000000 0.500000000 0.000000000 0.000000000 0.444849342 -0.112670928 0.888489902 -0.858074599 0.117938489 0.990785420 0.066593729 0.743703488 -0.887806058 0.075162977 0.454038501 -1.209105588
0 0.502778659 0.893828721 0.500000000 0.500000000 0.000000000 0.000000000 0.431313336 -0.113684401 0.895011008 -0.865922092 0.118933313 0.990536332 0.068503067 0.742288205 -0.894328594 0.076900333 0.440752387 -1.200896494
0 0.502778659 0.893828721 0.500000000 0.500000000 0.000000000 0.000000000 0.417473376 -0.114448406 0.901453018 -0.874078279 0.119227581 0.990359366 0.070520274 0.739109493 -0.900833368 0.078037724 0.427094072 -1.192946424
0 0.502778659 0.893828721 0.500000000 0.500000000 0.000000000 0.000000000 0.403624684 -0.114933789 0.907676876 -0.880478151 0.119155720 0.990232289 0.072401270 0.735541377 -0.907132328 0.078931950 0.413377196 -1.186280011
0 0.502778659 0.893828721 0.500000000 0.500000000 0.000000000 0.000000000 0.389183760 -0.115993664 0.913827896 -0.888986892 0.119982056 0.989972234 0.074560471 0.733363323 -0.913312793 0.080625229 0.399198294 -1.177748363
0 0.502778659 0.893828721 0.500000000 0.500000000 0.000000000 0.000000000 0.374808073 -0.116358258 0.919771552 -0.895720918 0.119964637 0.989838958 0.076336592 0.730191306 -0.919308126 0.081728488 0.384958535 -1.171549845
0 0.502778659 0.893828721 0.500000000 0.500000000 0.000000000 0.000000000 0.360109031 -0.116949297 0.925550818 -0.903264145 0.120006971 0.989675701 0.078360133 0.726552475 -0.925159335 0.082854360 0.370425880 -1.164942636
0 0.502778659 0.893828721 0.500000000 0.500000000 0.000000000 0.000000000 0.345100224 -0.117190555 0.931220829 -0.911233553 0.119561292 0.989580095 0.080226742 0.721771254 -0.930919409 0.083651699 0.355515748 -1.158290405
0 0.502778659 0.893828721 0.500000000 0.500000000 0.000000000 0.000000000 0.330460012 -0.117619112 0.936462462 -0.917601334 0.120391145 0.989352465 0.081778288 0.720539436 -0.936110139 0.085717335 0.341101706 -1.151993940
0 0.502778659 0.893828721 0.500000000 0.500000000 0.000000000 0.000000000 0.314870328 -0.118172631 0.941749394 -0.926772911 0.121129028 0.989108741 0.083616346 0.717157432 -0.941373706 0.087744884 0.325755119 -1.144376234
0 0.502778659 0.893828721 0.500000000 0.500000000 0.000000000 0.000000000 0.299875796 -0.118959568 0.946532130 -0.933388193 0.123002499 0.988734186 0.085294425 0.717385270 -0.946015298 0.090848088 0.311129779 -1.137380142
0 0.502778659 0.893828721 0.500000000 0.500000000 0.000000000 0.000000000 0.284791231 -0.119039841 0.951169550 -0.939792983 0.123070680 0.988588154 0.086874023 0.713753128 -0.950656354 0.092320122 0.296191543 -1.131924910
