0 0.474864377 0.844203376 0.500000000 0.500000000 0.000000000 0.000000000 0.992083907 -0.001272815 0.125570163 0.037859852 -0.000007383 0.999948025 0.010194089 -0.026845704 -0.125576615 -0.010114319 0.992032349 -0.883784356
0 0.474864377 0.844203376 0.500000000 0.500000000 0.000000000 0.000000000 0.992011786 -0.001333330 0.126138285 0.038676628 -0.000007677 0.999943495 0.010630163 -0.026900507 -0.126145333 -0.010546216 0.991955698 -0.899432104
0 0.474864377 0.844203376 0.500000000 0.500000000 0.000000000 0.000000000 0.991957009 -0.001473466 0.126566574 0.039737369 0.000056115 0.999937236 0.011201304 -0.026426637 -0.126575142 -0.011104110 0.991894841 -0.915501493
0 0.474864377 0.844203376 0.500000000 0.500000000 0.000000000 0.000000000 0.991909742 -0.001336461 0.126938209 0.040427241 -0.000152654 0.999931276 0.011720565 -0.025748121 -0.126945153 -0.011645121 0.991841376 -0.930640379
0 0.474864377 0.844203376 0.500000000 0.500000000 0.000000000 0.000000000 0.991853595 -0.001395732 0.127375633 0.040823409 -0.000173040 0.999924302 0.012304213 -0.025488767 -0.127383158 -0.012226018 0.991778255 -0.945872358
0 0.474864377 0.844203376 0.500000000 0.500000000 0.000000000 0.000000000 0.991824150 -0.001401379 0.127604306 0.041386197 -0.000218516 0.999919593 0.012679796 -0.024709356 -0.127611816 -0.012604011 0.991744101 -0.961920591
0 0.474864377 0.844203376 0.500000000 0.500000000 0.000000000 0.000000000 0.991806448 -0.001360422 0.127742186 0.041793792 -0.000325003 0.999913216 0.013172192 -0.024497447 -0.127749011 -0.013105782 0.991719961 -0.976770453
0 0.474864377 0.844203376 0.500000000 0.500000000 0.000000000 0.000000000 0.991807759 -0.001310634 0.127732694 0.042617319 -0.000437680 0.999906600 0.013658265 -0.024692166 -0.127738670 -0.013602279 0.991714597 -0.992700972
0 0.474864377 0.844203376 0.500000000 0.500000000 0.000000000 0.000000000 0.991799951 -0.001167884 0.127794549 0.043455159 -0.000628325 0.999901593 0.014014225 -0.025446618 -0.127798349 -0.013979604 0.991701663 -1.007655914
0 0.474864377 0.844203376 0.500000000 0.500000000 0.000000000 0.000000000 0.991783202 -0.001147154 0.127924904 0.044297305 -0.000698998 0.999896288 0.014385702 -0.026495269 -0.127928138 -0.014356917 0.991679549 -1.023920259
0 0.474864377 0.844203376 0.500000000 0.500000000 0.000000000 0.000000000 0.991769612 -0.001111882 0.128030449 0.044931535 -0.000783908 0.999890804 0.014755996 -0.027644473 -0.128032878 -0.014734913 0.991660476 -1.039829505
0 0.474864377 0.844203376 0.500000000 0.500000000 0.000000000 0.000000000 0.991751254 -0.001073613 0.128172919 0.045402239 -0.000886398 0.999883592 0.015233910 -0.029145877 -0.128174350 -0.015221861 0.991634846 -1.056676865
0 0.474864377 0.844203376 0.500000000 0.500000000 0.000000000 0.000000000 0.991736174 -0.000942479 0.128290564 0.045587407 -0.001066889 0.999877870 0.015593015 -0.030958564 -0.128289595 -0.015601028 0.991614044 -1.072914928
0 0.474864377 0.844203376 0.500000000 0.500000000 0.000000000 0.000000000 0.991721213 -0.000901107 0.128406510 0.045653876 -0.001138125 0.999874413 0.015806805 -0.032302930 -0.128404632 -0.015822088 0.991595626 -1.090179368
0 0.474864377 0.844203376 0.500000000 0.500000000 0.000000000 0.000000000 0.991717935 -0.000840058 0.128432170 0.045669306 -0.001231194 0.999870479 0.016046964 -0.033292402 -0.128429025 -0.016072188 0.991588473 -1.107218958
0 0.474864377 0.844203376 0.500000000 0.500000000 0.000000000 0.000000000 0.991713762 -0.000782007 0.128464609 0.045893557 -0.001358016 0.999861777 0.016570030 -0.034662908 -0.128459811 -0.016607184 0.991575658 -1.124778637
0 0.474864377 0.844203376 0.500000000 0.500000000 0.000000000 0.000000000 0.991699338 -0.000584329 0.128577217 0.045549322 -0.001610224 0.999854803 0.016963359 -0.036165396 -0.128568470 -0.017029591 0.991554379 -1.141943961
0 0.474864377 0.844203376 0.500000000 0.500000000 0.000000000 0.000000000 0.991683424 -0.000494705 0.128700003 0.045401929 -0.001721753 0.999852121 0.017110070 -0.036768359 -0.128689438 -0.017189363 0.991535962 -1.159384649
0 0.474864377 0.844203376 0.500000000 0.500000000 0.000000000 0.000000000 0.991647005 -0.000532279 0.128980368 0.045100657 -0.001701506 0.999850512 0.017207986 -0.036105588 -0.128970250 -0.017283708 0.991497815 -1.176799088
0 0.474864377 0.844203376 0.500000000 0.500000000 0.000000000 0.000000000 0.991607666 -0.000423617 0.129283085 0.044207374 -0.001909005 0.999837637 0.017918292 -0.036509202 -0.129269674 -0.018014718 0.991445839 -1.194217542
0 0.474864377 0.844203376 0.500000000 0.500000000 0.000000000 0.000000000 0.991616964 -0.000453153 0.129211530 0.044051849 -0.001949292 0.999827564 0.018466042 -0.036515151 -0.129197627 -0.018563110 0.991445124 -1.210403916
0 0.474864377 0.844203376 0.500000000 0.500000000 0.000000000 0.000000000 0.991647899 -0.000381421 0.128973916 0.044153327 -0.002042822 0.999823749 0.018663578 -0.036032141 -0.128958300 -0.018771168 0.991472363 -1.227042163
0 0.474864377 0.844203376 0.500000000 0.500000000 0.000000000 0.000000000 0.991681576 -0.000462680 0.128714755 0.045201643 -0.001977777 0.999820709 0.018831732 -0.034714531 -0.128700390 -0.018929651 0.991502821 -1.243022161
0 0.474864377 0.844203376 0.500000000 0.500000000 0.000000000 0.000000000 0.991663933 -0.000426393 0.128850356 0.045730006 -0.002114532 0.999805987 0.019582527 -0.034163526 -0.128833696 -0.019691743 0.991470695 -1.259080001
0 0.474864377 0.844203376 0.500000000 0.500000000 0.000000000 0.000000000 0.991633177 -0.000247833 0.129087359 0.045444818 -0.002429927 0.999785125 0.020585874 -0.034746345 -0.129064724 -0.020727308 0.991419554 -1.274632861
0 0.474864377 0.844203376 0.500000000 0.500000000 0.000000000 0.000000000 0.991622031 -0.000286897 0.129173219 0.045660363 -0.002454837 0.999775112 0.021065533 -0.034440930 -0.129150212 -0.021206146 0.991398275 -1.290707932
0 0.474864377 0.844203376 0.500000000 0.500000000 0.000000000 0.000000000 0.991628885 -0.000247443 0.129120246 0.045787233 -0.002533554 0.999768376 0.021373345 -0.034337971 -0.129095629 -0.021521559 0.991398573 -1.306556651
0 0.474864377 0.844203376 0.500000000 0.500000000 0.000000000 0.000000000 0.991651773 -0.000145471 0.128944799 0.046550707 -0.002689987 0.999758422 0.021815276 -0.034356948 -0.128916815 -0.021980016 0.991411805 -1.323025244
0 0.474864377 0.844203376 0.500000000 0.500000000 0.000000000 0.000000000 0.991659045 -0.000197564 0.128888682 0.047393465 -0.002756225 0.999737620 0.022738595 -0.035792959 -0.128859356 -0.022904178 0.991398335 -1.338903206
0 0.474864377 0.844203376 0.500000000 0.500000000 0.000000000 0.000000000 0.991650224 -0.000147531 0.128956407 0.048078965 -0.002884830 0.999723732 0.023327522 -0.037193767 -0.128924221 -0.023504760 0.991375864 -1.355631193
0 0.474864377 0.844203376 0.500000000 0.500000000 0.000000000 0.000000000 0.991632164 -0.000064102 0.129095495 0.048705246 -0.003018480 0.999714971 0.023682512 -0.038555481 -0.129060209 -0.023874015 0.991349339 -1.371942384
0 0.474864377 0.844203376 0.500000000 0.500000000 0.000000000 0.000000000 0.991605222 -0.000057301 0.129302293 0.049019088 -0.003093013 0.999703228 0.024163000 -0.040268786 -0.129265293 -0.024360090 0.991310775 -1.389288529
0 0.474864377 0.844203376 0.500000000 0.500000000 0.000000000 0.000000000 0.991600633 -0.000145785 0.129337192 0.049834521 -0.003082475 0.999688685 0.024759494 -0.042073041 -0.129300535 -0.024950208 0.991291523 -1.406079670
0 0.474864377 0.844203376 0.500000000 0.500000000 0.000000000 0.000000000 0.991584659 -0.000118162 0.129459828 0.050506116 -0.003202815 0.999671102 0.025444074 -0.044484185 -0.129420266 -0.025644589 0.991258144 -1.424085479
0 0.474864377 0.844203376 0.500000000 0.500000000 0.000000000 0.000000000 0.991606116 -0.000115171 0.129295334 0.051553419 -0.003258857 0.999659657 0.025883645 -0.046311056 -0.129254296 -0.026087735 0.991268277 -1.440836583
0 0.474864377 0.844203376 0.500000000 0.500000000 0.000000000 0.000000000 0.991623163 -0.000086514 0.129164740 0.052698099 -0.003315507 0.999653220 0.026123360 -0.047594284 -0.129122213 -0.026332775 0.991279006 -1.458445926
0 0.474864377 0.844203376 0.500000000 0.500000000 0.000000000 0.000000000 0.991638601 -0.000033807 0.129045919 0.053836517 -0.003406877 0.999644578 0.026441639 -0.048217878 -0.129000932 -0.026660195 0.991286039 -1.476273010
0 0.474864377 0.844203376 0.500000000 0.500000000 0.000000000 0.000000000 0.991634071 0.000025514 0.129081085 0.054699813 -0.003543586 0.999628484 0.027025154 -0.048964990 -0.129032448 -0.027256472 0.991265714 -1.493622123
0 0.474864377 0.844203376 0.500000000 0.500000000 0.000000000 0.000000000 0.991627574 0.000099930 0.129130855 0.055585725 -0.003682493 0.999614894 0.027505200 -0.049118315 -0.129078373 -0.027750438 0.991246045 -1.510835926
0 0.474864377 0.844203376 0.500000000 0.500000000 0.000000000 0.000000000 0.991617382 0.000098426 0.129209086 0.056066134 -0.003729663 0.999604821 0.027861908 -0.048771111 -0.129155278 -0.028110258 0.991225898 -1.527324063
0 0.474864377 0.844203376 0.500000000 0.500000000 0.000000000 0.000000000 0.991607487 0.000029147 0.129285067 0.056494109 -0.003711544 0.999594212 0.028241923 -0.047655654 -0.129231781 -0.028484749 0.991205215 -1.544377462
0 0.474864377 0.844203376 0.500000000 0.500000000 0.000000000 0.000000000 0.991594732 -0.000005778 0.129382536 0.056716030 -0.003793847 0.999568701 0.029120879 -0.047497319 -0.129326910 -0.029366968 0.991167068 -1.560384742
0 0.474864377 0.844203376 0.500000000 0.500000000 0.000000000 0.000000000 0.991588116 0.000012009 0.129433453 0.057040261 -0.003930100 0.999541700 0.030015711 -0.047666697 -0.129373774 -0.030271908 0.991133690 -1.576873821
0 0.474864377 0.844203376 0.500000000 0.500000000 0.000000000 0.000000000 0.991571188 0.000042071 0.129562885 0.056912924 -0.004031077 0.999525845 0.030526096 -0.047338910 -0.129500166 -0.030791076 0.991101205 -1.593857484
0 0.474864377 0.844203376 0.500000000 0.500000000 0.000000000 0.000000000 0.991559625 0.000083145 0.129651487 0.056536208 -0.004101977 0.999519289 0.030730456 -0.046280081 -0.129586607 -0.031002905 0.991083324 -1.609949747
0 0.474864377 0.844203376 0.500000000 0.500000000 0.000000000 0.000000000 0.991572380 0.000071434 0.129554018 0.056660756 -0.004170896 0.999499083 0.031371832 -0.046161878 -0.129486889 -0.031647798 0.991075933 -1.627347910
0 0.474864377 0.844203376 0.500000000 0.500000000 0.000000000 0.000000000 0.991589069 0.000120807 0.129426196 0.056746441 -0.004347261 0.999466419 0.032373302 -0.047517990 -0.129353225 -0.032663662 0.991060436 -1.643398562
0 0.474864377 0.844203376 0.500000000 0.500000000 0.000000000 0.000000000 0.991596043 0.000243108 0.129372373 0.056557485 -0.004559238 0.999442756 0.033066951 -0.049041938 -0.129292235 -0.033378899 0.991044581 -1.660707810
0 0.474864377 0.844203376 0.500000000 0.500000000 0.000000000 0.000000000 0.991610944 0.000310865 0.129258081 0.056690576 -0.004689073 0.999425411 0.033568881 -0.050382907 -0.129173383 -0.033893369 0.991042614 -1.677455364
0 0.474864377 0.844203376 0.500000000 0.500000000 0.000000000 0.000000000 0.991594553 0.000455491 0.129383251 0.056012893 -0.004896170 0.999409616 0.034005888 -0.051287882 -0.129291385 -0.034353536 0.991011381 -1.695089792
0 0.474864377 0.844203376 0.500000000 0.500000000 0.000000000 0.000000000 0.991573811 0.000562459 0.129541799 0.055389007 -0.005147078 0.999372005 0.035058971 -0.054113671 -0.129440725 -0.035430320 0.990953982 -1.712744877
0 0.474864377 0.844203376 0.500000000 0.500000000 0.000000000 0.000000000 0.991556346 0.000786430 0.129674405 0.054098221 -0.005478234 0.999342918 0.035828695 -0.056681133 -0.129561022 -0.036236554 0.990909100 -1.729618581
0 0.474864377 0.844203376 0.500000000 0.500000000 0.000000000 0.000000000 0.991558671 0.000871917 0.129656062 0.053149149 -0.005631194 0.999323428 0.036344863 -0.058405165 -0.129536659 -0.036768183 0.990892708 -1.747269289
0 0.474864377 0.844203376 0.500000000 0.500000000 0.000000000 0.000000000 0.991559267 0.000976818 0.129650384 0.052210907 -0.005799442 0.999304891 0.036824811 -0.059231373 -0.129524305 -0.037265882 0.990875721 -1.765219985
0 0.474864377 0.844203376 0.500000000 0.500000000 0.000000000 0.000000000 0.991543531 0.001078820 0.129769996 0.051222965 -0.006036903 0.999266326 0.037819404 -0.061445816 -0.129633993 -0.038282994 0.990822613 -1.782334451
0 0.474864377 0.844203376 0.500000000 0.500000000 0.000000000 0.000000000 0.991519451 0.001237377 0.129952401 0.049597095 -0.006322630 0.999229848 0.038726382 -0.063915598 -0.129804403 -0.039219603 0.990763664 -1.800662810
0 0.474864377 0.844203376 0.500000000 0.500000000 0.000000000 0.000000000 0.991525173 0.001341556 0.129907593 0.048278353 -0.006490063 0.999209642 0.039216839 -0.064633388 -0.129752308 -0.039727595 0.990750253 -1.818616439
0 0.474864377 0.844203376 0.500000000 0.500000000 0.000000000 0.000000000 0.991544127 0.001432103 0.129762188 0.047281914 -0.006617391 0.999196172 0.039537583 -0.064338637 -0.129601255 -0.040061943 0.990756571 -1.836322616
0 0.474864377 0.844203376 0.500000000 0.500000000 0.000000000 0.000000000 0.991554737 0.001405269 0.129681364 0.047228666 -0.006668434 0.999171019 0.040160067 -0.064510193 -0.129517421 -0.040685676 0.990742087 -1.854451413
0 0.474864377 0.844203376 0.500000000 0.500000000 0.000000000 0.000000000 0.991482019 0.001620832 0.130233362 0.045711026 -0.007006022 0.999138594 0.040902805 -0.065265357 -0.130054876 -0.041466814 0.990639329 -1.872666801
0 0.474864377 0.844203376 0.500000000 0.500000000 0.000000000 0.000000000 0.991395891 0.001545312 0.130888313 0.044035782 -0.007037647 0.999113321 0.041509833 -0.065504505 -0.130708113 -0.042073827 0.990527749 -1.889299412
0 0.474864377 0.844203376 0.500000000 0.500000000 0.000000000 0.000000000 0.991263151 0.001508847 0.131890416 0.042049640 -0.007127266 0.999086380 0.042137459 -0.065653837 -0.131706342 -0.042709328 0.990368307 -1.906993710
0 0.474864377 0.844203376 0.500000000 0.500000000 0.000000000 0.000000000 0.991103530 0.001552659 0.133084059 0.039157257 -0.007319571 0.999054492 0.042854574 -0.066421579 -0.132891700 -0.043447439 0.990177810 -1.923613511
0 0.474864377 0.844203376 0.500000000 0.500000000 0.000000000 0.000000000 0.990938008 0.001603277 0.134310424 0.036023048 -0.007519215 0.999022901 0.043551087 -0.067095677 -0.134109363 -0.044166338 0.989981830 -1.941188194
0 0.474864377 0.844203376 0.500000000 0.500000000 0.000000000 0.000000000 0.990791738 0.001399340 0.135387644 0.032832877 -0.007456097 0.998993099 0.044239692 -0.068079652 -0.135189429 -0.044841785 0.989804566 -1.957064919
0 0.474864377 0.844203376 0.500000000 0.500000000 0.000000000 0.000000000 0.990670383 0.001415581 0.136272401 0.030307732 -0.007604215 0.998962343 0.044903871 -0.069743660 -0.136067450 -0.045521181 0.989653230 -1.973982483
0 0.474864377 0.844203376 0.500000000 0.500000000 0.000000000 0.000000000 0.990544438 0.001205205 0.137186795 0.028272734 -0.007502194 0.998941004 0.045393065 -0.070957633 -0.136986807 -0.045993049 0.989504576 -1.991227073
0 0.474864377 0.844203376 0.500000000 0.500000000 0.000000000 0.000000000 0.990406036 0.001148122 0.138182908 0.025718768 -0.007582736 0.998910427 0.046048511 -0.073364496 -0.137979478 -0.046654530 0.989335656 -2.007986500
0 0.474864377 0.844203376 0.500000000 0.500000000 0.000000000 0.000000000 0.990254581 0.001079105 0.139265060 0.023747396 -0.007666638 0.998876035 0.046774335 -0.076374592 -0.139058068 -0.047386196 0.989149809 -2.025039852
0 0.474864377 0.844203376 0.500000000 0.500000000 0.000000000 0.000000000 0.990063071 0.001133958 0.140619546 0.021204526 -0.007878225 0.998844266 0.047413692 -0.079778019 -0.140403271 -0.048050378 0.988927722 -2.044119055
0 0.474864377 0.844203376 0.500000000 0.500000000 0.000000000 0.000000000 0.989877105 0.000949998 0.141923934 0.017682218 -0.007819901 0.998823643 0.047855642 -0.082223381 -0.141711518 -0.048481036 0.988720119 -2.061231022
0 0.474864377 0.844203376 0.500000000 0.500000000 0.000000000 0.000000000 0.989735007 0.000726190 0.142912909 0.015692357 -0.007693944 0.998807669 0.048208669 -0.084003711 -0.142707497 -0.048813373 0.988560498 -2.079115491
0 0.474864377 0.844203376 0.500000000 0.500000000 0.000000000 0.000000000 0.989584029 0.000654569 0.143955037 0.012886186 -0.007769230 0.998775125 0.048866220 -0.086872029 -0.143746734 -0.049475648 0.988376975 -2.097481880
0 0.474864377 0.844203376 0.500000000 0.500000000 0.000000000 0.000000000 0.989485323 0.000685148 0.144631490 0.011600977 -0.007934622 0.998739958 0.049552891 -0.089634730 -0.144415289 -0.050179455 0.988243997 -2.116278020
0 0.474864377 0.844203376 0.500000000 0.500000000 0.000000000 0.000000000 0.989361644 0.000692929 0.145475358 0.009668573 -0.008031962 0.998723567 0.049867343 -0.091556465 -0.145255119 -0.050505288 0.988104343 -2.134047752
0 0.474864377 0.844203376 0.500000000 0.500000000 0.000000000 0.000000000 0.989250898 0.000821729 0.146225929 0.007896444 -0.008238692 0.998709023 0.050124247 -0.092092826 -0.145995960 -0.050790165 0.987980545 -2.153318574
0 0.474864377 0.844203376 0.500000000 0.500000000 0.000000000 0.000000000 0.989156783 0.000779448 0.146861166 0.006562684 -0.008318637 0.998677850 0.050728306 -0.093966986 -0.146627441 -0.051399935 0.987855494 -2.171452618
0 0.474864377 0.844203376 0.500000000 0.500000000 0.000000000 0.000000000 0.989062726 0.000575950 0.147494569 0.005229100 -0.008214217 0.998655498 0.051182900 -0.094141795 -0.147266775 -0.051834647 0.987737656 -2.189652003
0 0.474864377 0.844203376 0.500000000 0.500000000 0.000000000 0.000000000 0.988968611 0.000566914 0.148124263 0.003350336 -0.008262265 0.998646975 0.051341850 -0.093307184 -0.147894740 -0.051999319 0.987635136 -2.206583675
0 0.474864377 0.844203376 0.500000000 0.500000000 0.000000000 0.000000000 0.988874018 0.000509923 0.148754388 0.001779109 -0.008288625 0.998629451 0.051677007 -0.092352777 -0.148524165 -0.052335020 0.987522960 -2.223867895
0 0.474864377 0.844203376 0.500000000 0.500000000 0.000000000 0.000000000 0.988801897 0.000495970 0.149233326 0.000396645 -0.008402336 0.998593211 0.052354079 -0.092186940 -0.148997426 -0.053021718 0.987415016 -2.240801531
