0 0.479124572 0.851777024 0.500000000 0.500000000 0.000000000 0.000000000 0.990653396 -0.015424651 0.135528415 -0.692683247 0.012905042 0.999727547 0.019449981 0.021595387 -0.135791495 -0.017519189 0.990582526 -2.533008552
0 0.479124572 0.851777024 0.500000000 0.500000000 0.000000000 0.000000000 0.989924073 -0.015725400 0.140723377 -0.709018804 0.013154909 0.999729514 0.019177947 0.022232079 -0.140986905 -0.017133508 0.989863217 -2.545636217
0 0.479124572 0.851777024 0.500000000 0.500000000 0.000000000 0.000000000 0.989161253 -0.016104015 0.145947710 -0.725239090 0.013482598 0.999729872 0.018932816 0.022423418 -0.146213174 -0.016759852 0.989111125 -2.558138526
0 0.479124572 0.851777024 0.500000000 0.500000000 0.000000000 0.000000000 0.988366961 -0.016243994 0.151217893 -0.742023292 0.013559466 0.999731958 0.018767035 0.022778276 -0.151482210 -0.016498283 0.988322318 -2.570785264
0 0.479124572 0.851777024 0.500000000 0.500000000 0.000000000 0.000000000 0.987525165 -0.016618118 0.156581894 -0.759495325 0.013865671 0.999729872 0.018654315 0.022805480 -0.156849593 -0.016250491 0.987488806 -2.583370614
0 0.479124572 0.851777024 0.500000000 0.500000000 0.000000000 0.000000000 0.986615360 -0.016871262 0.162189603 -0.778315422 0.014079275 0.999732494 0.018348401 0.024256993 -0.162455782 -0.015819304 0.986589015 -2.594865780
0 0.479124572 0.851777024 0.500000000 0.500000000 0.000000000 0.000000000 0.985656500 -0.017132329 0.167892158 -0.797955134 0.014274791 0.999732256 0.018212289 0.024249517 -0.168159217 -0.015554435 0.985637128 -2.606030474
0 0.479124572 0.851777024 0.500000000 0.500000000 0.000000000 0.000000000 0.984705985 -0.017298803 0.173363253 -0.814679022 0.014418402 0.999736547 0.017860521 0.024975736 -0.173626542 -0.015087740 0.984695971 -2.617920178
0 0.479124572 0.851777024 0.500000000 0.500000000 0.000000000 0.000000000 0.983623385 -0.017788896 0.179355904 -0.835201368 0.014842886 0.999732196 0.017754212 0.025690278 -0.179623708 -0.014801298 0.983624041 -2.628421214
0 0.479124572 0.851777024 0.500000000 0.500000000 0.000000000 0.000000000 0.982492745 -0.017799670 0.185448602 -0.856248515 0.014784458 0.999735296 0.017629337 0.027389611 -0.185713306 -0.014578938 0.982495785 -2.637484202
0 0.479124572 0.851777024 0.500000000 0.500000000 0.000000000 0.000000000 0.981343329 -0.018373143 0.191383764 -0.875124051 0.015302995 0.999729633 0.017507669 0.028005897 -0.191653699 -0.014252288 0.981359124 -2.647861672
0 0.479124572 0.851777024 0.500000000 0.500000000 0.000000000 0.000000000 0.980077982 -0.018650245 0.197735339 -0.896225419 0.015562767 0.999731660 0.017156849 0.030192708 -0.198002264 -0.013737742 0.980105281 -2.656516984
0 0.479124572 0.851777024 0.500000000 0.500000000 0.000000000 0.000000000 0.978800595 -0.018632794 0.203966081 -0.916378335 0.015484566 0.999735236 0.017020276 0.031046248 -0.204229221 -0.013501130 0.978829980 -2.664652138
0 0.479124572 0.851777024 0.500000000 0.500000000 0.000000000 0.000000000 0.977454424 -0.019071700 0.210283428 -0.936048858 0.015854821 0.999730229 0.016973235 0.030901911 -0.210550413 -0.013256558 0.977493107 -2.673846163
0 0.479124572 0.851777024 0.500000000 0.500000000 0.000000000 0.000000000 0.976049662 -0.019447336 0.216676846 -0.956751684 0.016129734 0.999724209 0.017069435 0.030022771 -0.216949046 -0.013165676 0.976094127 -2.681925676
0 0.479124572 0.851777024 0.500000000 0.500000000 0.000000000 0.000000000 0.974602699 -0.019946450 0.223050877 -0.977526126 0.016568048 0.999718070 0.017007610 0.030046150 -0.223327234 -0.012880146 0.974658430 -2.689164761
0 0.479124572 0.851777024 0.500000000 0.500000000 0.000000000 0.000000000 0.973096490 -0.020520888 0.229482248 -0.998423364 0.017083913 0.999710321 0.016954025 0.029850910 -0.229763687 -0.012577447 0.973165154 -2.696923402
0 0.479124572 0.851777024 0.500000000 0.500000000 0.000000000 0.000000000 0.971537232 -0.020687159 0.235981897 -1.020310722 0.017199498 0.999710441 0.016828477 0.030101805 -0.236261696 -0.012290722 0.971611738 -2.703938797
0 0.479124572 0.851777024 0.500000000 0.500000000 0.000000000 0.000000000 0.969989777 -0.021231962 0.242216825 -1.040490611 0.017693778 0.999702752 0.016773680 0.030167869 -0.242500976 -0.011984569 0.970077157 -2.711303885
0 0.479124572 0.851777024 0.500000000 0.500000000 0.000000000 0.000000000 0.968493402 -0.021661278 0.248095393 -1.059098484 0.018043768 0.999695301 0.016845968 0.029246789 -0.248384699 -0.011838633 0.968589127 -2.719301972
0 0.479124572 0.851777024 0.500000000 0.500000000 0.000000000 0.000000000 0.966920435 -0.021863585 0.254139364 -1.079117228 0.018250011 0.999696195 0.016568208 0.031007239 -0.254424393 -0.011382093 0.967025697 -2.725932418
0 0.479124572 0.851777024 0.500000000 0.500000000 0.000000000 0.000000000 0.965363085 -0.022255607 0.259959310 -1.097272799 0.018582653 0.999689877 0.016578356 0.030812609 -0.260247648 -0.011173398 0.965477228 -2.732997119
0 0.479124572 0.851777024 0.500000000 0.500000000 0.000000000 0.000000000 0.963753104 -0.022592288 0.265837342 -1.116211945 0.018908724 0.999686599 0.016408017 0.031536353 -0.266124725 -0.010786632 0.963878274 -2.740252223
0 0.479124572 0.851777024 0.500000000 0.500000000 0.000000000 0.000000000 0.962047815 -0.022945285 0.271914631 -1.136166918 0.019226288 0.999681711 0.016333707 0.032209231 -0.272202849 -0.010485897 0.962182760 -2.746741486
0 0.479124572 0.851777024 0.500000000 0.500000000 0.000000000 0.000000000 0.960244358 -0.023291495 0.278187573 -1.157113043 0.019569367 0.999678075 0.016149618 0.033560859 -0.278474152 -0.010063624 0.960390985 -2.752093878
0 0.479124572 0.851777024 0.500000000 0.500000000 0.000000000 0.000000000 0.958535910 -0.023652608 0.283988476 -1.175597916 0.019901427 0.999672532 0.016087376 0.033430227 -0.284275979 -0.009768551 0.958692729 -2.759550767
0 0.479124572 0.851777024 0.500000000 0.500000000 0.000000000 0.000000000 0.956801295 -0.023978204 0.289752245 -1.193707835 0.020207191 0.999667764 0.015999774 0.034148314 -0.290039629 -0.009453525 0.956967950 -2.766060046
0 0.479124572 0.851777024 0.500000000 0.500000000 0.000000000 0.000000000 0.954987347 -0.024422238 0.295639604 -1.212802647 0.020645084 0.999660552 0.015891492 0.034800991 -0.295927346 -0.009072669 0.955167353 -2.772739436
0 0.479124572 0.851777024 0.500000000 0.500000000 0.000000000 0.000000000 0.953115582 -0.024650702 0.301600724 -1.232011247 0.020877896 0.999658346 0.015726855 0.035348606 -0.301885366 -0.008692723 0.953304589 -2.778710464
0 0.479124572 0.851777024 0.500000000 0.500000000 0.000000000 0.000000000 0.951165020 -0.025036182 0.307665914 -1.251167982 0.021321662 0.999653578 0.015429368 0.036994060 -0.307945639 -0.008115927 0.951369345 -2.784129702
0 0.479124572 0.851777024 0.500000000 0.500000000 0.000000000 0.000000000 0.949201643 -0.025331277 0.313647121 -1.270087991 0.021459222 0.999644995 0.015792122 0.034874311 -0.313935816 -0.008259286 0.949408293 -2.788806660
0 0.479124572 0.851777024 0.500000000 0.500000000 0.000000000 0.000000000 0.947190702 -0.025590476 0.319648027 -1.289515123 0.021700146 0.999640822 0.015727010 0.035492486 -0.319935679 -0.007960069 0.947405815 -2.793998131
0 0.479124572 0.851777024 0.500000000 0.500000000 0.000000000 0.000000000 0.945166290 -0.025942620 0.325557500 -1.308530171 0.022065831 0.999634862 0.015595606 0.036431097 -0.325843215 -0.007556743 0.945393622 -2.799499399
0 0.479124572 0.851777024 0.500000000 0.500000000 0.000000000 0.000000000 0.943103790 -0.026334664 0.331453890 -1.328070525 0.022372581 0.999625385 0.015764283 0.035652844 -0.331744879 -0.007451876 0.943339705 -2.804311833
0 0.479124572 0.851777024 0.500000000 0.500000000 0.000000000 0.000000000 0.941076100 -0.026650529 0.337143123 -1.346008512 0.022816619 0.999622107 0.015329641 0.038870647 -0.337424278 -0.006733893 0.941328585 -2.808938280
0 0.479124572 0.851777024 0.500000000 0.500000000 0.000000000 0.000000000 0.938933611 -0.026668241 0.343063354 -1.365951163 0.022713289 0.999621212 0.015541938 0.038447920 -0.343347877 -0.006800752 0.939183652 -2.813925661
0 0.479124572 0.851777024 0.500000000 0.500000000 0.000000000 0.000000000 0.936743438 -0.027289040 0.348951340 -1.384277351 0.023333076 0.999607027 0.015535722 0.039767710 -0.349238157 -0.006410878 0.937012076 -2.817958892
0 0.479124572 0.851777024 0.500000000 0.500000000 0.000000000 0.000000000 0.934572160 -0.027278313 0.354726285 -1.402515399 0.023243900 0.999607623 0.015630379 0.039662639 -0.355013490 -0.006362495 0.934839547 -2.821710192
0 0.479124572 0.851777024 0.500000000 0.500000000 0.000000000 0.000000000 0.932278812 -0.027549820 0.360689878 -1.421601271 0.023479123 0.999601603 0.015663745 0.039865473 -0.360977709 -0.006134297 0.932554245 -2.825617390
0 0.479124572 0.851777024 0.500000000 0.500000000 0.000000000 0.000000000 0.929898620 -0.027829949 0.366761565 -1.442098245 0.023939252 0.999598563 0.015153437 0.043851792 -0.367036045 -0.005311163 0.930191576 -2.828390254
0 0.479124572 0.851777024 0.500000000 0.500000000 0.000000000 0.000000000 0.927550793 -0.027775452 0.372663438 -1.461202449 0.023805143 0.999600291 0.015252015 0.043042262 -0.372938097 -0.005275711 0.927841246 -2.831435866
0 0.479124572 0.851777024 0.500000000 0.500000000 0.000000000 0.000000000 0.925111353 -0.028075906 0.378656536 -1.482029267 0.024273658 0.999595642 0.014812144 0.047056407 -0.378919274 -0.004511504 0.925418735 -2.834090474
0 0.479124572 0.851777024 0.500000000 0.500000000 0.000000000 0.000000000 0.922653735 -0.028242985 0.384593844 -1.501483580 0.024271559 0.999590158 0.015177482 0.044502169 -0.384864897 -0.004668868 0.922961116 -2.835585012
0 0.479124572 0.851777024 0.500000000 0.500000000 0.000000000 0.000000000 0.920187354 -0.028400362 0.390446723 -1.521658607 0.024403429 0.999586701 0.015195151 0.043995075 -0.390716881 -0.004454147 0.920500100 -2.838536419
0 0.479124572 0.851777024 0.500000000 0.500000000 0.000000000 0.000000000 0.917799115 -0.028735938 0.396003842 -1.539263737 0.024974007 0.999580681 0.014653309 0.048066491 -0.396258891 -0.003558991 0.918131948 -2.840332076
0 0.479124572 0.851777024 0.500000000 0.500000000 0.000000000 0.000000000 0.915272653 -0.029030487 0.401787460 -1.559527961 0.025105279 0.999571800 0.015032525 0.045993626 -0.402051806 -0.003671873 0.915609539 -2.842676229
0 0.479124572 0.851777024 0.500000000 0.500000000 0.000000000 0.000000000 0.912785053 -0.028972901 0.407411397 -1.578680184 0.025004610 0.999573827 0.015062711 0.044946599 -0.407674193 -0.003561854 0.913120508 -2.846007771
0 0.479124572 0.851777024 0.500000000 0.500000000 0.000000000 0.000000000 0.910236001 -0.029303694 0.413051665 -1.598103918 0.025393270 0.999565661 0.014954782 0.045328300 -0.413310498 -0.003123650 0.910584807 -2.848263652
0 0.479124572 0.851777024 0.500000000 0.500000000 0.000000000 0.000000000 0.907602847 -0.029581174 0.418786377 -1.618742339 0.025647050 0.999558210 0.015021430 0.044391730 -0.419045717 -0.002892858 0.907960534 -2.850873037
0 0.479124572 0.851777024 0.500000000 0.500000000 0.000000000 0.000000000 0.904910743 -0.029704310 0.424563587 -1.639906532 0.025684327 0.999554694 0.015189853 0.043280090 -0.424825728 -0.002840831 0.905270696 -2.852602209
0 0.479124572 0.851777024 0.500000000 0.500000000 0.000000000 0.000000000 0.902445376 -0.030083401 0.429752588 -1.657540231 0.026207581 0.999544919 0.014936034 0.045434949 -0.430006355 -0.002216179 0.902823150 -2.856204754
0 0.479124572 0.851777024 0.500000000 0.500000000 0.000000000 0.000000000 0.899744749 -0.030549206 0.435345978 -1.677677043 0.027061176 0.999532759 0.014211186 0.050468810 -0.435576707 -0.001005467 0.900151074 -2.858997844
0 0.479124572 0.851777024 0.500000000 0.500000000 0.000000000 0.000000000 0.897073269 -0.030615110 0.440819979 -1.698279527 0.027070530 0.999530852 0.014328972 0.048844878 -0.441051841 -0.000920908 0.897481143 -2.862453349
0 0.479124572 0.851777024 0.500000000 0.500000000 0.000000000 0.000000000 0.894304514 -0.030697843 0.446404636 -1.719510078 0.027180653 0.999528527 0.014282085 0.049334297 -0.446632594 -0.000638963 0.894717216 -2.865228448
0 0.479124572 0.851777024 0.500000000 0.500000000 0.000000000 0.000000000 0.891548395 -0.030810712 0.451876253 -1.740253146 0.027435549 0.999525249 0.014021457 0.051108905 -0.452093720 -0.000103334 0.891970456 -2.868277040
0 0.479124572 0.851777024 0.500000000 0.500000000 0.000000000 0.000000000 0.888602912 -0.030755239 0.457645059 -1.762757103 0.027487336 0.999526918 0.013799697 0.051998898 -0.457852960 0.000316992 0.889027894 -2.870422538
0 0.479124572 0.851777024 0.500000000 0.500000000 0.000000000 0.000000000 0.885657668 -0.030903073 0.463309288 -1.783795855 0.027848907 0.999521852 0.013433142 0.053686713 -0.463502884 0.001005492 0.886094809 -2.871652269
0 0.479124572 0.851777024 0.500000000 0.500000000 0.000000000 0.000000000 0.882658124 -0.031098789 0.468985558 -1.806783087 0.028202105 0.999515057 0.013200600 0.054336336 -0.469168663 0.001574763 0.883107185 -2.874638740
0 0.479124572 0.851777024 0.500000000 0.500000000 0.000000000 0.000000000 0.879697919 -0.031323284 0.474500149 -1.827739847 0.028377514 0.999507844 0.013370340 0.053455553 -0.474685431 0.001703275 0.880153894 -2.876004814
0 0.479124572 0.851777024 0.500000000 0.500000000 0.000000000 0.000000000 0.876633763 -0.031536199 0.480123639 -1.850223943 0.028557474 0.999500871 0.013509044 0.052623591 -0.480310023 0.001868635 0.877096772 -2.877446314
0 0.479124572 0.851777024 0.500000000 0.500000000 0.000000000 0.000000000 0.873459458 -0.031864174 0.485853106 -1.873566402 0.029024141 0.999489248 0.013371302 0.053850694 -0.486031026 0.002422179 0.873938203 -2.878164387
0 0.479124572 0.851777024 0.500000000 0.500000000 0.000000000 0.000000000 0.870333910 -0.031979058 0.491422623 -1.896136236 0.029225616 0.999484599 0.013280893 0.054993387 -0.491594076 0.002803317 0.870819986 -2.879898759
0 0.479124572 0.851777024 0.500000000 0.500000000 0.000000000 0.000000000 0.867188096 -0.032226264 0.496936947 -1.917412019 0.029384809 0.999476492 0.013537408 0.054100282 -0.497113049 0.002862919 0.867681026 -2.880962986
0 0.479124572 0.851777024 0.500000000 0.500000000 0.000000000 0.000000000 0.863856375 -0.032551009 0.502685428 -1.940636807 0.029725587 0.999465048 0.013636678 0.054410045 -0.502860427 0.003162487 0.864361823 -2.880630702
0 0.479124572 0.851777024 0.500000000 0.500000000 0.000000000 0.000000000 0.860490441 -0.032629590 0.508420646 -1.963832637 0.030014090 0.999460399 0.013345535 0.056917304 -0.508581758 0.003776077 0.861005425 -2.880064526
0 0.479124572 0.851777024 0.500000000 0.500000000 0.000000000 0.000000000 0.857205272 -0.032918740 0.513921618 -1.985407114 0.030406350 0.999449134 0.013301872 0.057469712 -0.514076412 0.004224046 0.857734025 -2.879958089
0 0.479124572 0.851777024 0.500000000 0.500000000 0.000000000 0.000000000 0.853929877 -0.033047050 0.519337773 -2.006809338 0.030543964 0.999443948 0.013375245 0.057087923 -0.519490957 0.004441112 0.854464412 -2.879473871
0 0.479124572 0.851777024 0.500000000 0.500000000 0.000000000 0.000000000 0.850635648 -0.032799471 0.524731576 -2.028557567 0.030503085 0.999449790 0.013024590 0.059267239 -0.524870038 0.004926751 0.851168096 -2.878765000
0 0.479124572 0.851777024 0.500000000 0.500000000 0.000000000 0.000000000 0.847243786 -0.032949720 0.530181348 -2.051049049 0.030737840 0.999442995 0.012993521 0.059670338 -0.530314207 0.005287949 0.847784698 -2.878022738
0 0.479124572 0.851777024 0.500000000 0.500000000 0.000000000 0.000000000 0.843707323 -0.033009004 0.535787642 -2.074991556 0.030865733 0.999439418 0.012969423 0.059745950 -0.535915375 0.005595081 0.844253182 -2.875436932
0 0.479124572 0.851777024 0.500000000 0.500000000 0.000000000 0.000000000 0.840246141 -0.033108581 0.541193306 -2.097960667 0.031042702 0.999434233 0.012946087 0.059342764 -0.541315734 0.005922204 0.840798557 -2.873392057
0 0.479124572 0.851777024 0.500000000 0.500000000 0.000000000 0.000000000 0.836808205 -0.033121977 0.546493292 -2.120290464 0.031188857 0.999431312 0.012816348 0.059850117 -0.546607077 0.006319677 0.837365389 -2.872210429
0 0.479124572 0.851777024 0.500000000 0.500000000 0.000000000 0.000000000 0.833465636 -0.033397164 0.551561058 -2.141658339 0.031287447 0.999422789 0.013236749 0.057187840 -0.551684797 0.006224562 0.834029496 -2.870949899
0 0.479124572 0.851777024 0.500000000 0.500000000 0.000000000 0.000000000 0.830159068 -0.033419479 0.556524098 -2.162381876 0.031405393 0.999419987 0.013168562 0.057396686 -0.556641400 0.006545856 0.830727100 -2.870056729
0 0.479124572 0.851777024 0.500000000 0.500000000 0.000000000 0.000000000 0.826779962 -0.033450879 0.561529994 -2.183641465 0.031621303 0.999415636 0.012977887 0.057760954 -0.561635971 0.007026454 0.827354610 -2.868433389
0 0.479124572 0.851777024 0.500000000 0.500000000 0.000000000 0.000000000 0.823374748 -0.033601545 0.566502333 -2.204665010 0.031917755 0.999407411 0.012888486 0.057800629 -0.566599727 0.007469429 0.823959351 -2.866944807
0 0.479124572 0.851777024 0.500000000 0.500000000 0.000000000 0.000000000 0.820044875 -0.033805888 0.571299911 -2.225536694 0.032207247 0.999397874 0.012907662 0.057718968 -0.571392298 0.007815136 0.820639849 -2.865840397
0 0.479124572 0.851777024 0.500000000 0.500000000 0.000000000 0.000000000 0.816658735 -0.033998962 0.576118529 -2.246916054 0.032523531 0.999388039 0.012875006 0.057669180 -0.576203704 0.008222925 0.817264736 -2.864950632
0 0.479124572 0.851777024 0.500000000 0.500000000 0.000000000 0.000000000 0.813264966 -0.034213942 0.580886841 -2.268327581 0.032719202 0.999379337 0.013054735 0.056700044 -0.580972970 0.008389196 0.813879609 -2.864229540
0 0.479124572 0.851777024 0.500000000 0.500000000 0.000000000 0.000000000 0.810001671 -0.034186065 0.585430264 -2.288269613 0.032907140 0.999376059 0.012828000 0.058512155 -0.585503578 0.008874135 0.810621262 -2.863578154
0 0.479124572 0.851777024 0.500000000 0.500000000 0.000000000 0.000000000 0.806664169 -0.034238521 0.590017498 -2.309062085 0.032948524 0.999373198 0.012946507 0.058019463 -0.590090930 0.008996722 0.807286680 -2.862809912
