0 0.474790049 0.844071229 0.500000000 0.500000000 0.000000000 0.000000000 0.996095777 0.008119256 -0.087904647 0.009789593 -0.007151017 0.999910295 0.011323970 0.001656631 0.087988704 -0.010651152 0.996064544 -0.382288234
0 0.474790049 0.844071229 0.500000000 0.500000000 0.000000000 0.000000000 0.995550454 0.008847172 -0.093814053 0.013365607 -0.007758925 0.999898374 0.011958458 0.001247284 0.093910314 -0.011177353 0.995517910 -0.400312532
0 0.474790049 0.844071229 0.500000000 0.500000000 0.000000000 0.000000000 0.994948089 0.009644775 -0.099926434 0.017435438 -0.008431245 0.999885559 0.012559447 0.000184840 0.100036129 -0.011653493 0.994915545 -0.418833448
0 0.474790049 0.844071229 0.500000000 0.500000000 0.000000000 0.000000000 0.994340420 0.009658689 -0.105801001 0.021506235 -0.008381938 0.999886692 0.012505498 0.001020011 0.105909795 -0.011547904 0.994308710 -0.438007895
0 0.474790049 0.844071229 0.500000000 0.500000000 0.000000000 0.000000000 0.993662894 0.009582112 -0.111992329 0.027402203 -0.008229826 0.999887645 0.012530875 0.001477371 0.112099819 -0.011529788 0.993630052 -0.458144266
0 0.474790049 0.844071229 0.500000000 0.500000000 0.000000000 0.000000000 0.992969871 0.009744530 -0.117965840 0.032007498 -0.008288349 0.999883354 0.012828395 0.001494813 0.118077084 -0.011760467 0.992934763 -0.477560892
0 0.474790049 0.844071229 0.500000000 0.500000000 0.000000000 0.000000000 0.992158055 0.010604747 -0.124538913 0.038088471 -0.009038520 0.999872863 0.013134520 0.000943774 0.124662369 -0.011905872 0.992127776 -0.497554490
0 0.474790049 0.844071229 0.500000000 0.500000000 0.000000000 0.000000000 0.991305113 0.011003829 -0.131122530 0.044477494 -0.009292302 0.999863565 0.013657616 -0.000131380 0.131254926 -0.012320435 0.991272092 -0.517939694
0 0.474790049 0.844071229 0.500000000 0.500000000 0.000000000 0.000000000 0.990350842 0.011013734 -0.138144404 0.051531967 -0.009203090 0.999863267 0.013738809 0.000611216 0.138276830 -0.012334886 0.990316808 -0.538812177
0 0.474790049 0.844071229 0.500000000 0.500000000 0.000000000 0.000000000 0.989336729 0.011665014 -0.145178437 0.058227484 -0.009694804 0.999851167 0.014271078 -0.000155511 0.145323306 -0.012711424 0.989302576 -0.560275270
0 0.474790049 0.844071229 0.500000000 0.500000000 0.000000000 0.000000000 0.988225877 0.012068150 -0.152525350 0.065386854 -0.009986146 0.999846339 0.014408925 0.000983437 0.152675793 -0.012716131 0.988194525 -0.581235132
0 0.474790049 0.844071229 0.500000000 0.500000000 0.000000000 0.000000000 0.987113476 0.012241889 -0.159552708 0.072206114 -0.010002774 0.999840021 0.014829309 0.001417285 0.159708709 -0.013042241 0.987078011 -0.601371994
0 0.474790049 0.844071229 0.500000000 0.500000000 0.000000000 0.000000000 0.985855579 0.013257740 -0.167072013 0.079330878 -0.010849454 0.999823809 0.015319201 0.001922828 0.167245671 -0.013289879 0.985825658 -0.620422620
0 0.474790049 0.844071229 0.500000000 0.500000000 0.000000000 0.000000000 0.984523714 0.013503915 -0.174730495 0.087826736 -0.010892322 0.999814332 0.015896810 0.002286349 0.174912706 -0.013747565 0.984487951 -0.641709476
0 0.474790049 0.844071229 0.500000000 0.500000000 0.000000000 0.000000000 0.983121395 0.014065312 -0.182412937 0.095084292 -0.011252508 0.999801457 0.016445857 0.002210514 0.182608023 -0.014115670 0.983084440 -0.660444123
0 0.474790049 0.844071229 0.500000000 0.500000000 0.000000000 0.000000000 0.981649935 0.014177026 -0.190164074 0.103210369 -0.011241102 0.999800503 0.016508751 0.003597204 0.190360188 -0.014068161 0.981613517 -0.680208399
0 0.474790049 0.844071229 0.500000000 0.500000000 0.000000000 0.000000000 0.980073094 0.014660289 -0.198095307 0.112281000 -0.011478513 0.999786139 0.017200673 0.002879696 0.198305115 -0.014584078 0.980031848 -0.700132752
0 0.474790049 0.844071229 0.500000000 0.500000000 0.000000000 0.000000000 0.978447676 0.015240379 -0.205931664 0.119820292 -0.011821515 0.999771297 0.017822221 0.003057157 0.206156179 -0.015003686 0.978404045 -0.717241600
0 0.474790049 0.844071229 0.500000000 0.500000000 0.000000000 0.000000000 0.976706326 0.015973506 -0.213985071 0.130172457 -0.012325478 0.999755263 0.018371494 0.002080691 0.214226156 -0.015306086 0.976664186 -0.737317896
0 0.474790049 0.844071229 0.500000000 0.500000000 0.000000000 0.000000000 0.974989295 0.017382512 -0.221570954 0.137917804 -0.013476203 0.999726176 0.019129757 0.000855121 0.221842811 -0.015665373 0.974956572 -0.754136881
0 0.474790049 0.844071229 0.500000000 0.500000000 0.000000000 0.000000000 0.973244488 0.017696738 -0.229089588 0.146944919 -0.013512117 0.999712229 0.019822165 -0.000562763 0.229374453 -0.016196327 0.973203480 -0.773686640
0 0.474790049 0.844071229 0.500000000 0.500000000 0.000000000 0.000000000 0.971400321 0.017463485 -0.236804664 0.156684141 -0.013130018 0.999716461 0.019864595 -0.000246763 0.237084433 -0.016187223 0.971354187 -0.792091159
0 0.474790049 0.844071229 0.500000000 0.500000000 0.000000000 0.000000000 0.969569564 0.017556142 -0.244185597 0.163657096 -0.013079530 0.999715567 0.019942349 -0.000349405 0.244466260 -0.016141662 0.969523430 -0.809339581
0 0.474790049 0.844071229 0.500000000 0.500000000 0.000000000 0.000000000 0.967646122 0.018486923 -0.251633197 0.172101237 -0.013740294 0.999693215 0.020607417 -0.002440169 0.251936972 -0.016483175 0.967603266 -0.827604000
0 0.474790049 0.844071229 0.500000000 0.500000000 0.000000000 0.000000000 0.965703011 0.018821828 -0.258966148 0.180830049 -0.013842446 0.999682844 0.021038149 -0.003733662 0.259279996 -0.016731877 0.965657234 -0.847664083
0 0.474790049 0.844071229 0.500000000 0.500000000 0.000000000 0.000000000 0.963766515 0.019093027 -0.266063124 0.188872328 -0.013905221 0.999674976 0.021368751 -0.004194313 0.266384631 -0.016894821 0.963718712 -0.865848598
0 0.474790049 0.844071229 0.500000000 0.500000000 0.000000000 0.000000000 0.961790264 0.019590190 -0.273085505 0.196899543 -0.014179714 0.999662399 0.021772170 -0.005442513 0.273419827 -0.017067987 0.961743355 -0.884840873
0 0.474790049 0.844071229 0.500000000 0.500000000 0.000000000 0.000000000 0.959723532 0.020234987 -0.280216575 0.205228872 -0.014550772 0.999644279 0.022350824 -0.006842772 0.280569166 -0.017373243 0.959676564 -0.904867678
0 0.474790049 0.844071229 0.500000000 0.500000000 0.000000000 0.000000000 0.957684994 0.021304063 -0.287028939 0.212324695 -0.015383761 0.999620199 0.022865897 -0.008234088 0.287407041 -0.017482741 0.957648993 -0.924487255
0 0.474790049 0.844071229 0.500000000 0.500000000 0.000000000 0.000000000 0.955536425 0.022240972 -0.294033110 0.219936458 -0.015970252 0.999591291 0.023710679 -0.010743514 0.294440299 -0.017960634 0.955501080 -0.944870340
0 0.474790049 0.844071229 0.500000000 0.500000000 0.000000000 0.000000000 0.953417182 0.022249399 -0.300833255 0.228130185 -0.015831681 0.999592483 0.023754472 -0.011318203 0.301239192 -0.017885225 0.953380883 -0.965368834
0 0.474790049 0.844071229 0.500000000 0.500000000 0.000000000 0.000000000 0.951287150 0.022223040 -0.307504207 0.236148724 -0.015691804 0.999596059 0.023696108 -0.011843442 0.307906598 -0.017716506 0.951251626 -0.987072226
0 0.474790049 0.844071229 0.500000000 0.500000000 0.000000000 0.000000000 0.949042797 0.022899505 -0.314314097 0.244715169 -0.016113495 0.999577940 0.024171500 -0.013498284 0.314734936 -0.017875088 0.949011266 -1.008767033
0 0.474790049 0.844071229 0.500000000 0.500000000 0.000000000 0.000000000 0.946830392 0.023655800 -0.320862323 0.253315240 -0.016667902 0.999560654 0.024508111 -0.014693458 0.321301103 -0.017856922 0.946808696 -1.029894553
0 0.474790049 0.844071229 0.500000000 0.500000000 0.000000000 0.000000000 0.944689393 0.024162531 -0.327075094 0.260626346 -0.016954053 0.999546826 0.024872778 -0.015526943 0.327527851 -0.017951801 0.944670975 -1.052646052
0 0.474790049 0.844071229 0.500000000 0.500000000 0.000000000 0.000000000 0.942560315 0.025336174 -0.333073676 0.267781113 -0.017768430 0.999510527 0.025747929 -0.017627724 0.333563000 -0.018350780 0.942549169 -1.074446812
0 0.474790049 0.844071229 0.500000000 0.500000000 0.000000000 0.000000000 0.940497816 0.024692925 -0.338901281 0.273404641 -0.017082434 0.999530852 0.025421409 -0.014800843 0.339370012 -0.018119521 0.940478444 -1.095986683
0 0.474790049 0.844071229 0.500000000 0.500000000 0.000000000 0.000000000 0.938148856 0.025108363 -0.345320642 0.282666702 -0.017304707 0.999520838 0.025662936 -0.013974077 0.345799536 -0.018099982 0.938133836 -1.118068152
0 0.474790049 0.844071229 0.500000000 0.500000000 0.000000000 0.000000000 0.935779572 0.025777118 -0.351642102 0.292322974 -0.017806342 0.999506354 0.025883088 -0.012578174 0.352135718 -0.017959405 0.935776651 -1.140331253
0 0.474790049 0.844071229 0.500000000 0.500000000 0.000000000 0.000000000 0.933650196 0.025993647 -0.357241660 0.298731581 -0.017708741 0.999493420 0.026443472 -0.011473094 0.357748061 -0.018362653 0.933637559 -1.161127946
0 0.474790049 0.844071229 0.500000000 0.500000000 0.000000000 0.000000000 0.931545496 0.026493179 -0.362658352 0.306208884 -0.018024968 0.999480605 0.026714783 -0.009165312 0.363177747 -0.018349132 0.931539178 -1.183186935
0 0.474790049 0.844071229 0.500000000 0.500000000 0.000000000 0.000000000 0.929510415 0.026872126 -0.367815614 0.313208650 -0.018156227 0.999466836 0.027136959 -0.007618771 0.368348747 -0.018545942 0.929502666 -1.206557046
0 0.474790049 0.844071229 0.500000000 0.500000000 0.000000000 0.000000000 0.927563727 0.027249005 -0.372670174 0.316306447 -0.018248251 0.999450862 0.027658844 -0.005945847 0.373219192 -0.018854761 0.927551568 -1.227668675
0 0.474790049 0.844071229 0.500000000 0.500000000 0.000000000 0.000000000 0.925331354 0.027398344 -0.378168285 0.323331100 -0.018251318 0.999448240 0.027751425 -0.002933912 0.378719985 -0.018777194 0.925320804 -1.250299265
0 0.474790049 0.844071229 0.500000000 0.500000000 0.000000000 0.000000000 0.923061788 0.027839670 -0.383642972 0.329345772 -0.018506445 0.999436617 0.027998414 -0.000614427 0.384206295 -0.018744398 0.923056960 -1.271577127
0 0.474790049 0.844071229 0.500000000 0.500000000 0.000000000 0.000000000 0.920703709 0.028275697 -0.389236689 0.338449624 -0.018791001 0.999426961 0.028153950 0.000539819 0.389809698 -0.018607300 0.920707405 -1.291845152
0 0.474790049 0.844071229 0.500000000 0.500000000 0.000000000 0.000000000 0.918600321 0.028869405 -0.394132048 0.344409528 -0.019132471 0.999407470 0.028612761 0.000782333 0.394724518 -0.018742971 0.918608308 -1.311787627
0 0.474790049 0.844071229 0.500000000 0.500000000 0.000000000 0.000000000 0.916596830 0.029055271 -0.398755580 0.350052689 -0.019080080 0.999398351 0.028962729 0.001644723 0.399357200 -0.018938858 0.916599751 -1.331124421
0 0.474790049 0.844071229 0.500000000 0.500000000 0.000000000 0.000000000 0.914400339 0.029722648 -0.403718412 0.358422231 -0.019569457 0.999380469 0.029252851 0.002258794 0.404337764 -0.018848268 0.914415479 -1.352220501
0 0.474790049 0.844071229 0.500000000 0.500000000 0.000000000 0.000000000 0.912556469 0.029545210 -0.407882094 0.362130054 -0.019395411 0.999391258 0.028998133 0.004487883 0.408490568 -0.018551392 0.912573993 -1.374292599
0 0.474790049 0.844071229 0.500000000 0.500000000 0.000000000 0.000000000 0.910393775 0.029364355 -0.412699550 0.370483637 -0.018970788 0.999391794 0.029260047 0.003068489 0.413307726 -0.018808929 0.910397112 -1.396405440
0 0.474790049 0.844071229 0.500000000 0.500000000 0.000000000 0.000000000 0.908196032 0.030331876 -0.417444527 0.379348223 -0.019687219 0.999362469 0.029782847 0.002905774 0.418081760 -0.018830342 0.908214211 -1.418278082
0 0.474790049 0.844071229 0.500000000 0.500000000 0.000000000 0.000000000 0.906243503 0.030793274 -0.421633154 0.384901826 -0.019931056 0.999346733 0.030146513 0.002061259 0.422286034 -0.018916488 0.906265259 -1.441161486
0 0.474790049 0.844071229 0.500000000 0.500000000 0.000000000 0.000000000 0.904162288 0.031304087 -0.426040620 0.393278540 -0.020275125 0.999332190 0.030398929 0.000664691 0.426707715 -0.018847540 0.904193163 -1.464794349
0 0.474790049 0.844071229 0.500000000 0.500000000 0.000000000 0.000000000 0.901869893 0.031705495 -0.430842757 0.405962602 -0.020459495 0.999318838 0.030712128 -0.001472045 0.431523025 -0.018883519 0.901904285 -1.488693206
0 0.474790049 0.844071229 0.500000000 0.500000000 0.000000000 0.000000000 0.899745762 0.031039672 -0.435309231 0.417589073 -0.019914608 0.999348581 0.030096695 0.002577549 0.435959846 -0.018410360 0.899777770 -1.511443675
0 0.474790049 0.844071229 0.500000000 0.500000000 0.000000000 0.000000000 0.897948742 0.031899653 -0.438942462 0.423325211 -0.020420048 0.999315381 0.030850647 -0.000502014 0.439626068 -0.018739074 0.897985399 -1.539240072
0 0.474790049 0.844071229 0.500000000 0.500000000 0.000000000 0.000000000 0.896117032 0.031898268 -0.442670077 0.432112785 -0.020457778 0.999322414 0.030596353 0.001454583 0.443346113 -0.018361865 0.896162391 -1.565642334
0 0.474790049 0.844071229 0.500000000 0.500000000 0.000000000 0.000000000 0.894278347 0.032172620 -0.446353227 0.440079826 -0.020622525 0.999315500 0.030711822 0.001528101 0.447035789 -0.018259987 0.894329667 -1.592557711
0 0.474790049 0.844071229 0.500000000 0.500000000 0.000000000 0.000000000 0.892266870 0.032505807 -0.450336784 0.451417932 -0.020717241 0.999302089 0.031082984 -0.000831198 0.451032847 -0.018404583 0.892317593 -1.618946878
0 0.474790049 0.844071229 0.500000000 0.500000000 0.000000000 0.000000000 0.890376210 0.032352503 -0.454074293 0.460071532 -0.020433383 0.999306381 0.031132933 -0.001117536 0.454766572 -0.018441750 0.890419722 -1.645233331
0 0.474790049 0.844071229 0.500000000 0.500000000 0.000000000 0.000000000 0.888397813 0.032613322 -0.457914561 0.470055838 -0.020651432 0.999302745 0.031106014 -0.001643916 0.458609730 -0.018177923 0.888451815 -1.671482429
0 0.474790049 0.844071229 0.500000000 0.500000000 0.000000000 0.000000000 0.886275291 0.032841966 -0.461993009 0.481478250 -0.020547234 0.999288738 0.031619746 -0.004974393 0.462702870 -0.018531121 0.886319697 -1.696172678
0 0.474790049 0.844071229 0.500000000 0.500000000 0.000000000 0.000000000 0.884242952 0.033215731 -0.465844542 0.492657726 -0.020895034 0.999282479 0.031589109 -0.001558321 0.466559559 -0.018198607 0.884302557 -1.719787369
0 0.474790049 0.844071229 0.500000000 0.500000000 0.000000000 0.000000000 0.882340908 0.033003941 -0.469452113 0.503181067 -0.020632340 0.999291599 0.031474568 0.000363574 0.470158339 -0.018085402 0.882396758 -1.744048109
0 0.474790049 0.844071229 0.500000000 0.500000000 0.000000000 0.000000000 0.880496740 0.033655692 -0.472856045 0.513462909 -0.021110391 0.999270856 0.031814173 0.000366481 0.473581970 -0.018030100 0.880565166 -1.767658263
0 0.474790049 0.844071229 0.500000000 0.500000000 0.000000000 0.000000000 0.878615439 0.034388050 -0.476290256 0.524288595 -0.021470081 0.999239862 0.032538906 -0.002195736 0.477047145 -0.018363195 0.878685832 -1.791119113
0 0.474790049 0.844071229 0.500000000 0.500000000 0.000000000 0.000000000 0.876835048 0.034389477 -0.479559869 0.533603538 -0.021137025 0.999231577 0.033008114 -0.001950240 0.480326474 -0.018806200 0.876888156 -1.813666677
0 0.474790049 0.844071229 0.500000000 0.500000000 0.000000000 0.000000000 0.874840796 0.034547780 -0.483177006 0.546097011 -0.021038704 0.999222159 0.033352979 -0.003427734 0.483953446 -0.019013129 0.874887168 -1.836038849
0 0.474790049 0.844071229 0.500000000 0.500000000 0.000000000 0.000000000 0.873099685 0.034771904 -0.486300111 0.556265632 -0.021127528 0.999214888 0.033514623 -0.001701442 0.487083673 -0.018987287 0.873148859 -1.858370266
0 0.474790049 0.844071229 0.500000000 0.500000000 0.000000000 0.000000000 0.871334851 0.034666836 -0.489462793 0.566526477 -0.021008382 0.999222159 0.033372372 0.001351657 0.490238994 -0.018795690 0.871385336 -1.881414428
0 0.474790049 0.844071229 0.500000000 0.500000000 0.000000000 0.000000000 0.869637787 0.035041310 -0.492445171 0.575723120 -0.021072932 0.999203503 0.033887189 0.000339976 0.493240386 -0.019092316 0.869683504 -1.903021365
0 0.474790049 0.844071229 0.500000000 0.500000000 0.000000000 0.000000000 0.867796361 0.035268392 -0.495666891 0.585771326 -0.021046864 0.999191761 0.034247793 -0.001366469 0.496474117 -0.019287875 0.867837191 -1.926256846
0 0.474790049 0.844071229 0.500000000 0.500000000 0.000000000 0.000000000 0.865986764 0.035772420 -0.498785824 0.595977307 -0.021332199 0.999172747 0.034622930 -0.000955399 0.499611765 -0.019342799 0.866033435 -1.948301354
0 0.474790049 0.844071229 0.500000000 0.500000000 0.000000000 0.000000000 0.864194572 0.035723612 -0.501887977 0.604931466 -0.021123149 0.999172866 0.034747899 -0.000208733 0.502714157 -0.019427491 0.864234388 -1.971407975
0 0.474790049 0.844071229 0.500000000 0.500000000 0.000000000 0.000000000 0.862377226 0.035677161 -0.505007625 0.615522282 -0.020849990 0.999170363 0.034983642 0.000031638 0.505836725 -0.019639693 0.862405658 -1.992831542
0 0.474790049 0.844071229 0.500000000 0.500000000 0.000000000 0.000000000 0.860866606 0.035761598 -0.507572412 0.623805531 -0.021101730 0.999178112 0.034608722 0.003824534 0.508392930 -0.019082837 0.860913754 -2.017409507
0 0.474790049 0.844071229 0.500000000 0.500000000 0.000000000 0.000000000 0.859307289 0.036092151 -0.510184646 0.632576883 -0.021087121 0.999158978 0.035166644 0.001499952 0.511024773 -0.019460626 0.859345675 -2.042811434
0 0.474790049 0.844071229 0.500000000 0.500000000 0.000000000 0.000000000 0.857819378 0.036032982 -0.512686610 0.638930391 -0.020755591 0.999154270 0.035495289 0.000974353 0.513532043 -0.019807432 0.857841790 -2.065973555
0 0.474790049 0.844071229 0.500000000 0.500000000 0.000000000 0.000000000 0.856209874 0.036581758 -0.515331328 0.647633973 -0.021071468 0.999132633 0.035915595 -0.000212242 0.516198218 -0.019892497 0.856238067 -2.091184076
0 0.474790049 0.844071229 0.500000000 0.500000000 0.000000000 0.000000000 0.854739189 0.036468696 -0.517774999 0.654127052 -0.020973550 0.999140680 0.035749972 -0.000026192 0.518633842 -0.019697322 0.854769528 -2.116944392
