0 0.501970355 0.892391706 0.500000000 0.500000000 0.000000000 0.000000000 0.997994006 -0.016224073 0.061193984 -0.144331615 0.016218353 0.999868274 0.000590212 0.123689859 -0.061195500 0.000403437 0.998125732 -0.537418783
0 0.501970355 0.892391706 0.500000000 0.500000000 0.000000000 0.000000000 0.997594833 -0.017388847 0.067098387 -0.148789729 0.017346861 0.999848783 0.001208362 0.125622437 -0.067109257 -0.000041510 0.997745633 -0.550655452
0 0.501970355 0.892391706 0.500000000 0.500000000 0.000000000 0.000000000 0.997156680 -0.018533871 0.073041096 -0.152795460 0.018470913 0.999828219 0.001537387 0.128446097 -0.073057048 -0.000183880 0.997327745 -0.563870872
0 0.501970355 0.892391706 0.500000000 0.500000000 0.000000000 0.000000000 0.996628404 -0.019693935 0.079648718 -0.157074088 0.019601839 0.999805987 0.001938057 0.130333729 -0.079671435 -0.000370261 0.996821105 -0.577533410
0 0.501970355 0.892391706 0.500000000 0.500000000 0.000000000 0.000000000 0.996024072 -0.020838989 0.086612612 -0.161163870 0.020731412 0.999782801 0.002141441 0.132944330 -0.086638421 -0.000337325 0.996239781 -0.591252519
0 0.501970355 0.892391706 0.500000000 0.500000000 0.000000000 0.000000000 0.995309114 -0.022084216 0.094191410 -0.165491040 0.021977160 0.999756098 0.002173891 0.136017056 -0.094216451 -0.000093634 0.995551705 -0.605150469
0 0.501970355 0.892391706 0.500000000 0.500000000 0.000000000 0.000000000 0.994511485 -0.023272039 0.102006324 -0.169208377 0.023168635 0.999729156 0.002198512 0.139178486 -0.102029860 0.000176902 0.994781315 -0.619391267
0 0.501970355 0.892391706 0.500000000 0.500000000 0.000000000 0.000000000 0.993542016 -0.024464689 0.110795833 -0.174485176 0.024379583 0.999700546 0.002123031 0.142712678 -0.110814594 0.000591836 0.993840933 -0.633439483
0 0.501970355 0.892391706 0.500000000 0.500000000 0.000000000 0.000000000 0.992484152 -0.025804223 0.119621769 -0.179504849 0.025751663 0.999666393 0.001985400 0.146725141 -0.119633093 0.001109981 0.992817581 -0.647901946
0 0.501970355 0.892391706 0.500000000 0.500000000 0.000000000 0.000000000 0.991328716 -0.027155131 0.128568769 -0.184939806 0.027087903 0.999630451 0.002271789 0.150764233 -0.128582940 0.001230568 0.991697967 -0.661717356
0 0.501970355 0.892391706 0.500000000 0.500000000 0.000000000 0.000000000 0.990025938 -0.028474281 0.137977734 -0.190958354 0.028380461 0.999593675 0.002647659 0.154521551 -0.137997061 0.001294621 0.990431786 -0.675770746
0 0.501970355 0.892391706 0.500000000 0.500000000 0.000000000 0.000000000 0.988720834 -0.030021926 0.146730229 -0.196252342 0.029906526 0.999548197 0.002992955 0.158785367 -0.146753788 0.001428995 0.989172041 -0.689383201
0 0.501970355 0.892391706 0.500000000 0.500000000 0.000000000 0.000000000 0.987298250 -0.031284545 0.155767128 -0.201564316 0.031143870 0.999509335 0.003344116 0.162749026 -0.155795321 0.001549551 0.987788141 -0.702030588
0 0.501970355 0.892391706 0.500000000 0.500000000 0.000000000 0.000000000 0.985625803 -0.032563403 0.165775061 -0.208333355 0.032449920 0.999467611 0.003393688 0.166711673 -0.165797308 0.002034481 0.986157775 -0.714265912
0 0.501970355 0.892391706 0.500000000 0.500000000 0.000000000 0.000000000 0.983897150 -0.034001581 0.175471693 -0.214503755 0.034007575 0.999417126 0.002973749 0.171657509 -0.175470531 0.003041504 0.984479964 -0.725796851
0 0.501970355 0.892391706 0.500000000 0.500000000 0.000000000 0.000000000 0.982062578 -0.035685558 0.185147509 -0.220469284 0.035722569 0.999356806 0.003136987 0.175536198 -0.185140371 0.003533227 0.982705712 -0.737532685
0 0.501970355 0.892391706 0.500000000 0.500000000 0.000000000 0.000000000 0.980058491 -0.037291300 0.195178553 -0.227409805 0.037311669 0.999297261 0.003573536 0.179471819 -0.195174664 0.003780163 0.980761230 -0.748464108
0 0.501970355 0.892391706 0.500000000 0.500000000 0.000000000 0.000000000 0.978029013 -0.038421772 0.204897434 -0.234319424 0.038389657 0.999254286 0.004133408 0.183763840 -0.204903454 0.003823348 0.978774726 -0.759724242
0 0.501970355 0.892391706 0.500000000 0.500000000 0.000000000 0.000000000 0.976080537 -0.039937362 0.213709682 -0.239876304 0.039767541 0.999195993 0.005095361 0.187168647 -0.213741347 0.003525226 0.976883948 -0.770268336
0 0.501970355 0.892391706 0.500000000 0.500000000 0.000000000 0.000000000 0.974069834 -0.040967900 0.222507432 -0.245963172 0.040711977 0.999154449 0.005738905 0.190680884 -0.222554401 0.003468623 0.974914074 -0.780903692
0 0.501970355 0.892391706 0.500000000 0.500000000 0.000000000 0.000000000 0.971967936 -0.042034179 0.231325537 -0.252102211 0.041736007 0.999109507 0.006184737 0.194445784 -0.231379509 0.003643238 0.972856760 -0.790747908
0 0.501970355 0.892391706 0.500000000 0.500000000 0.000000000 0.000000000 0.969802201 -0.043016143 0.240069389 -0.258304483 0.042791001 0.999065101 0.006152882 0.198682986 -0.240109622 0.004305731 0.970736206 -0.800083400
0 0.501970355 0.892391706 0.500000000 0.500000000 0.000000000 0.000000000 0.967597842 -0.044179916 0.248601303 -0.264496272 0.044052493 0.999010742 0.006078465 0.202727666 -0.248623908 0.005069997 0.968586802 -0.809896830
0 0.501970355 0.892391706 0.500000000 0.500000000 0.000000000 0.000000000 0.965356588 -0.045212816 0.256987274 -0.270758920 0.045207847 0.998960018 0.005930645 0.207247779 -0.256988138 0.005892653 0.966396570 -0.818673077
0 0.501970355 0.892391706 0.500000000 0.500000000 0.000000000 0.000000000 0.963055134 -0.046450447 0.265268087 -0.277146052 0.046428714 0.998901367 0.006355855 0.210805611 -0.265271872 0.006195016 0.964153767 -0.827898954
0 0.501970355 0.892391706 0.500000000 0.500000000 0.000000000 0.000000000 0.960676372 -0.047513396 0.273575246 -0.283562904 0.047483392 0.998849332 0.006735081 0.214700560 -0.273580462 0.006520048 0.961827040 -0.836902897
0 0.501970355 0.892391706 0.500000000 0.500000000 0.000000000 0.000000000 0.958268404 -0.048667602 0.281696796 -0.290348725 0.048514921 0.998794138 0.007520859 0.217000800 -0.281723142 0.006459496 0.959473968 -0.846149030
0 0.501970355 0.892391706 0.500000000 0.500000000 0.000000000 0.000000000 0.955809832 -0.049978461 0.289706290 -0.297441227 0.049724653 0.998728931 0.008241537 0.219561188 -0.289749980 0.006528203 0.957080126 -0.855542607
0 0.501970355 0.892391706 0.500000000 0.500000000 0.000000000 0.000000000 0.953270555 -0.050990205 0.297783881 -0.304420962 0.050800968 0.998673618 0.008380251 0.223130272 -0.297816247 0.007139064 0.954596519 -0.864668418
0 0.501970355 0.892391706 0.500000000 0.500000000 0.000000000 0.000000000 0.950718284 -0.052318096 0.305610150 -0.312007125 0.052155588 0.998601079 0.008702707 0.225621450 -0.305637926 0.007665453 0.952116966 -0.874199281
0 0.501970355 0.892391706 0.500000000 0.500000000 0.000000000 0.000000000 0.948284209 -0.053520273 0.312877983 -0.318702269 0.053349540 0.998534322 0.009113139 0.228338406 -0.312907159 0.008050051 0.949749589 -0.883669380
0 0.501970355 0.892391706 0.500000000 0.500000000 0.000000000 0.000000000 0.945653558 -0.054654028 0.320550025 -0.326152505 0.054436326 0.998470664 0.009647594 0.231512678 -0.320587069 0.008326286 0.947182477 -0.893893372
0 0.501970355 0.892391706 0.500000000 0.500000000 0.000000000 0.000000000 0.942942739 -0.055590540 0.328281462 -0.333913529 0.055252772 0.998418629 0.010364373 0.234542881 -0.328338474 0.008365449 0.944523096 -0.904179741
0 0.501970355 0.892391706 0.500000000 0.500000000 0.000000000 0.000000000 0.940182745 -0.056619257 0.335932493 -0.341400370 0.056098625 0.998361707 0.011262784 0.237681278 -0.336019814 0.008256275 0.941818714 -0.914557251
0 0.501970355 0.892391706 0.500000000 0.500000000 0.000000000 0.000000000 0.937222898 -0.057355814 0.343981862 -0.349716275 0.056814067 0.998316646 0.011662875 0.241910401 -0.344071746 0.008612295 0.938903868 -0.925092026
0 0.501970355 0.892391706 0.500000000 0.500000000 0.000000000 0.000000000 0.933957517 -0.058382932 0.352582991 -0.359116929 0.057824645 0.998253107 0.012125311 0.246143818 -0.352674991 0.009063462 0.935701966 -0.935568566
0 0.501970355 0.892391706 0.500000000 0.500000000 0.000000000 0.000000000 0.930609882 -0.059553955 0.361135036 -0.368834864 0.059122905 0.998175502 0.012252863 0.251366022 -0.361205876 0.009948717 0.932433009 -0.946329261
0 0.501970355 0.892391706 0.500000000 0.500000000 0.000000000 0.000000000 0.927144945 -0.060684964 0.369756132 -0.379350224 0.060395394 0.998097897 0.012370986 0.255436672 -0.369803548 0.010861870 0.929046452 -0.957657619
0 0.501970355 0.892391706 0.500000000 0.500000000 0.000000000 0.000000000 0.923665524 -0.062157307 0.378124952 -0.389787514 0.061904039 0.997999549 0.012837913 0.259312562 -0.378166497 0.011549526 0.925665557 -0.967415412
0 0.501970355 0.892391706 0.500000000 0.500000000 0.000000000 0.000000000 0.920086086 -0.063238673 0.386577934 -0.400018962 0.063074857 0.997922540 0.013122831 0.264405578 -0.386604697 0.012309214 0.922163367 -0.977234082
0 0.501970355 0.892391706 0.500000000 0.500000000 0.000000000 0.000000000 0.916434884 -0.064488851 0.394953579 -0.410233125 0.064213030 0.997838974 0.013931839 0.268658292 -0.394998521 0.012593543 0.918595433 -0.986423613
0 0.501970355 0.892391706 0.500000000 0.500000000 0.000000000 0.000000000 0.912647486 -0.065421909 0.403477997 -0.420914398 0.065034822 0.997775018 0.014678582 0.272733639 -0.403540552 0.012843747 0.914871633 -0.995130464
0 0.501970355 0.892391706 0.500000000 0.500000000 0.000000000 0.000000000 0.908432961 -0.066101849 0.412771255 -0.433255369 0.065724991 0.997723103 0.015128450 0.277220528 -0.412831426 0.013386206 0.910709083 -1.003311829
0 0.501970355 0.892391706 0.500000000 0.500000000 0.000000000 0.000000000 0.904022515 -0.067131139 0.422180921 -0.445540548 0.066750988 0.997646093 0.015701137 0.281883063 -0.422241211 0.013986815 0.906375587 -1.010395547
0 0.501970355 0.892391706 0.500000000 0.500000000 0.000000000 0.000000000 0.899644554 -0.068352558 0.431239605 -0.456941682 0.068015434 0.997552395 0.016221929 0.287416748 -0.431292921 0.014736981 0.902091622 -1.016658582
0 0.501970355 0.892391706 0.500000000 0.500000000 0.000000000 0.000000000 0.895327210 -0.069371469 0.439973652 -0.468306292 0.068949580 0.997475922 0.016964504 0.291763884 -0.440039963 0.015147217 0.897850454 -1.022937306
0 0.501970355 0.892391706 0.500000000 0.500000000 0.000000000 0.000000000 0.891172469 -0.070518076 0.448150486 -0.478794529 0.069907419 0.997392356 0.017928416 0.295864109 -0.448246151 0.015351733 0.893778324 -1.029825814
0 0.501970355 0.892391706 0.500000000 0.500000000 0.000000000 0.000000000 0.887034833 -0.071674205 0.456105232 -0.488272300 0.070851967 0.997307241 0.018927727 0.300094355 -0.456233680 0.015526400 0.889724553 -1.035166519
0 0.501970355 0.892391706 0.500000000 0.500000000 0.000000000 0.000000000 0.882586956 -0.072519600 0.464522481 -0.498498585 0.071720667 0.997235775 0.019416528 0.304737968 -0.464646488 0.016179087 0.885348439 -1.040705734
0 0.501970355 0.892391706 0.500000000 0.500000000 0.000000000 0.000000000 0.877817035 -0.073467866 0.473328382 -0.508635065 0.072836764 0.997149467 0.019692650 0.309143923 -0.473425895 0.017189164 0.880665898 -1.045932654
0 0.501970355 0.892391706 0.500000000 0.500000000 0.000000000 0.000000000 0.873112082 -0.074402861 0.481808543 -0.518317497 0.074113794 0.997055888 0.019663749 0.313864759 -0.481853098 0.018540004 0.876055837 -1.050998556
0 0.501970355 0.892391706 0.500000000 0.500000000 0.000000000 0.000000000 0.868355274 -0.075430654 0.490172803 -0.527588119 0.075319283 0.996959150 0.019987609 0.317865669 -0.490189910 0.019563118 0.871396065 -1.055429881
0 0.501970355 0.892391706 0.500000000 0.500000000 0.000000000 0.000000000 0.863579392 -0.076435395 0.498385638 -0.536758113 0.076330729 0.996869266 0.020623498 0.321890106 -0.498401672 0.020232109 0.866710126 -1.060762280
0 0.501970355 0.892391706 0.500000000 0.500000000 0.000000000 0.000000000 0.859000206 -0.076953232 0.506158948 -0.546096850 0.076728977 0.996823728 0.021334415 0.324526563 -0.506192982 0.020510789 0.862176299 -1.065778321
0 0.501970355 0.892391706 0.500000000 0.500000000 0.000000000 0.000000000 0.854633272 -0.077737629 0.513379812 -0.553543664 0.077541716 0.996749759 0.021845881 0.328638007 -0.513409436 0.021138137 0.857883394 -1.070690771
0 0.501970355 0.892391706 0.500000000 0.500000000 0.000000000 0.000000000 0.850087225 -0.078469746 0.520763159 -0.561175575 0.078282341 0.996679664 0.022394797 0.331782495 -0.520791352 0.021729028 0.853407443 -1.075573472
0 0.501970355 0.892391706 0.500000000 0.500000000 0.000000000 0.000000000 0.845779896 -0.079521775 0.527572393 -0.568016519 0.079254396 0.996585369 0.023159785 0.334921202 -0.527612627 0.022224352 0.849194348 -1.081032556
0 0.501970355 0.892391706 0.500000000 0.500000000 0.000000000 0.000000000 0.841955960 -0.080904573 0.533445954 -0.572851382 0.080377236 0.996469080 0.024266409 0.337696426 -0.533525646 0.022445660 0.845485985 -1.087250170
0 0.501970355 0.892391706 0.500000000 0.500000000 0.000000000 0.000000000 0.837905169 -0.081786968 0.539653480 -0.578590317 0.081019372 0.996393621 0.025211485 0.340365918 -0.539769232 0.022597549 0.841509700 -1.092846314
0 0.501970355 0.892391706 0.500000000 0.500000000 0.000000000 0.000000000 0.833809376 -0.082685389 0.545825124 -0.583716758 0.081874013 0.996307254 0.025855783 0.344507949 -0.545947373 0.023130096 0.837500095 -1.100525108
0 0.501970355 0.892391706 0.500000000 0.500000000 0.000000000 0.000000000 0.830242395 -0.083654374 0.551089406 -0.586275686 0.082742199 0.996216774 0.026568837 0.348380479 -0.551227093 0.023539774 0.834023118 -1.107792287
0 0.501970355 0.892391706 0.500000000 0.500000000 0.000000000 0.000000000 0.826094031 -0.084525734 0.557157159 -0.590998276 0.083754815 0.996122241 0.026937844 0.353416406 -0.557273567 0.024411403 0.829970062 -1.114436873
0 0.501970355 0.892391706 0.500000000 0.500000000 0.000000000 0.000000000 0.821760356 -0.085454606 0.563389242 -0.596010789 0.084929280 0.996015728 0.027197214 0.359061892 -0.563468635 0.025498649 0.825743854 -1.121217730
0 0.501970355 0.892391706 0.500000000 0.500000000 0.000000000 0.000000000 0.818031132 -0.086180300 0.568680942 -0.599178665 0.085854746 0.995930076 0.027427856 0.365093919 -0.568730175 0.026387116 0.822100759 -1.128706926
0 0.501970355 0.892391706 0.500000000 0.500000000 0.000000000 0.000000000 0.814103842 -0.086972609 0.574169576 -0.602059483 0.086618006 0.995847106 0.028032435 0.371202917 -0.574223161 0.026912110 0.818256378 -1.136060869
0 0.501970355 0.892391706 0.500000000 0.500000000 0.000000000 0.000000000 0.809458673 -0.087873466 0.580564320 -0.607357517 0.087219015 0.995763719 0.029111372 0.375969715 -0.580663025 0.027071796 0.813693821 -1.142632538
0 0.501970355 0.892391706 0.500000000 0.500000000 0.000000000 0.000000000 0.805240214 -0.088633291 0.586286902 -0.611057829 0.088082924 0.995674908 0.029545303 0.382494922 -0.586369812 0.027850797 0.809564531 -1.149814906
0 0.501970355 0.892391706 0.500000000 0.500000000 0.000000000 0.000000000 0.801193655 -0.089183085 0.591722190 -0.615091403 0.088819966 0.995602012 0.029792482 0.388735598 -0.591776788 0.028687196 0.805591226 -1.156213442
0 0.501970355 0.892391706 0.500000000 0.500000000 0.000000000 0.000000000 0.796905875 -0.089734510 0.597401679 -0.619246880 0.089531973 0.995528877 0.030104943 0.394440131 -0.597432077 0.029495744 0.801376879 -1.162715297
0 0.501970355 0.892391706 0.500000000 0.500000000 0.000000000 0.000000000 0.792773962 -0.090519845 0.602756679 -0.622520968 0.090400755 0.995435536 0.030591618 0.400674653 -0.602774560 0.030237420 0.797338426 -1.168831892
0 0.501970355 0.892391706 0.500000000 0.500000000 0.000000000 0.000000000 0.788435876 -0.091097489 0.608333886 -0.627392958 0.091068506 0.995361269 0.031024465 0.406563553 -0.608338237 0.030939259 0.793074608 -1.174415288
0 0.501970355 0.892391706 0.500000000 0.500000000 0.000000000 0.000000000 0.784079909 -0.091703244 0.613847852 -0.631711854 0.091608815 0.995291233 0.031673659 0.411901459 -0.613861978 0.031399194 0.788788676 -1.180164127
0 0.501970355 0.892391706 0.500000000 0.500000000 0.000000000 0.000000000 0.779807150 -0.092401400 0.619163036 -0.636115338 0.092178859 0.995214343 0.032426793 0.417011605 -0.619196177 0.031787094 0.784592688 -1.185418668
0 0.501970355 0.892391706 0.500000000 0.500000000 0.000000000 0.000000000 0.775282502 -0.092817619 0.624757528 -0.640883279 0.092947483 0.995140374 0.032502219 0.423589591 -0.624738216 0.032871239 0.780142069 -1.190556574
0 0.501970355 0.892391706 0.500000000 0.500000000 0.000000000 0.000000000 0.770404935 -0.093272857 0.630695164 -0.646833231 0.093919501 0.995051384 0.032432843 0.430542771 -0.630599201 0.034248151 0.775352657 -1.194144332
0 0.501970355 0.892391706 0.500000000 0.500000000 0.000000000 0.000000000 0.765960753 -0.093944870 0.635986209 -0.651291611 0.094962791 0.994946897 0.032598794 0.436930567 -0.635834992 0.035425626 0.771011591 -1.198405093
0 0.501970355 0.892391706 0.500000000 0.500000000 0.000000000 0.000000000 0.761325777 -0.094571814 0.641435266 -0.656518026 0.095808662 0.994853854 0.032962844 0.443118713 -0.641251743 0.036359593 0.766468644 -1.202778303
0 0.501970355 0.892391706 0.500000000 0.500000000 0.000000000 0.000000000 0.756425679 -0.095109642 0.647127748 -0.662338461 0.096280701 0.994784832 0.033663258 0.448628883 -0.646954536 0.036842160 0.761637986 -1.206135286
0 0.501970355 0.892391706 0.500000000 0.500000000 0.000000000 0.000000000 0.751431406 -0.095486723 0.652865350 -0.668898412 0.096597075 0.994732141 0.034306668 0.454140703 -0.652701974 0.037285771 0.756696701 -1.209276143
0 0.501970355 0.892391706 0.500000000 0.500000000 0.000000000 0.000000000 0.746355116 -0.096230403 0.658554256 -0.675103151 0.097233780 0.994640887 0.035143286 0.459500644 -0.658406854 0.037804347 0.751712203 -1.212897931
0 0.501970355 0.892391706 0.500000000 0.500000000 0.000000000 0.000000000 0.741076052 -0.096822806 0.664403200 -0.681717027 0.097954258 0.994551241 0.035676658 0.465299041 -0.664237320 0.038642004 0.746522307 -1.216091875
