0 0.490580729 0.872143524 0.500000000 0.500000000 0.000000000 0.000000000 0.976569235 0.037774105 -0.211862430 -0.418113857 -0.031470634 0.998958170 0.033047389 0.126856080 0.212890044 -0.025605617 0.976740599 -1.912933275
0 0.490580729 0.872143524 0.500000000 0.500000000 0.000000000 0.000000000 0.976243973 0.037589099 -0.213388875 -0.415671693 -0.031112801 0.998950005 0.033628494 0.127490708 0.214428887 -0.026190486 0.976388395 -1.934574095
0 0.490580729 0.872143524 0.500000000 0.500000000 0.000000000 0.000000000 0.976026297 0.037548210 -0.214389428 -0.416252567 -0.030871550 0.998930931 0.034407601 0.127532761 0.215452179 -0.026964189 0.976142049 -1.955651533
0 0.490580729 0.872143524 0.500000000 0.500000000 0.000000000 0.000000000 0.975822687 0.037601817 -0.215304807 -0.418159335 -0.030735932 0.998909295 0.035150103 0.128098495 0.216391683 -0.027682673 0.975914061 -1.976356258
0 0.490580729 0.872143524 0.500000000 0.500000000 0.000000000 0.000000000 0.975529850 0.037829734 -0.216588184 -0.417448889 -0.030797174 0.998885930 0.035754621 0.128704865 0.217699483 -0.028209396 0.975608110 -1.999069615
0 0.490580729 0.872143524 0.500000000 0.500000000 0.000000000 0.000000000 0.975315034 0.038081370 -0.217509508 -0.418395294 -0.030857373 0.998856604 0.036514111 0.128784408 0.218651325 -0.028900990 0.975374997 -2.020970296
0 0.490580729 0.872143524 0.500000000 0.500000000 0.000000000 0.000000000 0.975050032 0.038093083 -0.218692362 -0.418332846 -0.030689972 0.998838305 0.037150688 0.129731489 0.219853491 -0.029512117 0.975086391 -2.041977706
0 0.490580729 0.872143524 0.500000000 0.500000000 0.000000000 0.000000000 0.974838674 0.038088143 -0.219633326 -0.419657708 -0.030517342 0.998820662 0.037761752 0.129572499 0.220812589 -0.030108992 0.974851370 -2.064223549
0 0.490580729 0.872143524 0.500000000 0.500000000 0.000000000 0.000000000 0.974646807 0.038190428 -0.220465750 -0.421280425 -0.030482192 0.998802722 0.038261425 0.130647929 0.221663013 -0.030571098 0.974644005 -2.087040919
0 0.490580729 0.872143524 0.500000000 0.500000000 0.000000000 0.000000000 0.974417746 0.038518127 -0.221419051 -0.422064549 -0.030615920 0.998769581 0.039012160 0.130358868 0.222649291 -0.031235194 0.974398077 -2.107934644
0 0.490580729 0.872143524 0.500000000 0.500000000 0.000000000 0.000000000 0.974311292 0.038648468 -0.221864477 -0.426314443 -0.030620692 0.998749852 0.039510898 0.131263352 0.223114163 -0.031702269 0.974276662 -2.130468355
0 0.490580729 0.872143524 0.500000000 0.500000000 0.000000000 0.000000000 0.974113882 0.038519960 -0.222751662 -0.427429784 -0.030443659 0.998752534 0.039579120 0.133547062 0.223998383 -0.031773195 0.974071443 -2.153860428
0 0.490580729 0.872143524 0.500000000 0.500000000 0.000000000 0.000000000 0.973953247 0.039019901 -0.223366275 -0.429836354 -0.030745359 0.998710275 0.040404640 0.132909937 0.224654779 -0.032484755 0.973896801 -2.176164182
0 0.490580729 0.872143524 0.500000000 0.500000000 0.000000000 0.000000000 0.973779500 0.039350059 -0.224064946 -0.432227901 -0.030959755 0.998686016 0.040838063 0.133788674 0.225377500 -0.032830272 0.973718226 -2.197838736
0 0.490580729 0.872143524 0.500000000 0.500000000 0.000000000 0.000000000 0.973583698 0.039256673 -0.224930480 -0.432764707 -0.030764528 0.998679757 0.041137174 0.134856140 0.226248428 -0.033130601 0.973506033 -2.218933148
0 0.490580729 0.872143524 0.500000000 0.500000000 0.000000000 0.000000000 0.973464608 0.039494425 -0.225403816 -0.435745161 -0.030917924 0.998661876 0.041454807 0.136237264 0.226739436 -0.033385769 0.973383069 -2.240018912
0 0.490580729 0.872143524 0.500000000 0.500000000 0.000000000 0.000000000 0.973298907 0.039509766 -0.226115480 -0.436914325 -0.030738899 0.998637021 0.042181004 0.135413156 0.227473840 -0.034104183 0.973186791 -2.260286901
0 0.490580729 0.872143524 0.500000000 0.500000000 0.000000000 0.000000000 0.973263264 0.039704327 -0.226234898 -0.441240896 -0.030899893 0.998625815 0.042327836 0.136827250 0.227604613 -0.034205493 0.973152697 -2.280387762
0 0.490580729 0.872143524 0.500000000 0.500000000 0.000000000 0.000000000 0.973133385 0.039715230 -0.226790786 -0.443027079 -0.030777525 0.998608947 0.042811923 0.136751908 0.228175595 -0.034681652 0.973002076 -2.301341352
0 0.490580729 0.872143524 0.500000000 0.500000000 0.000000000 0.000000000 0.972979963 0.039742157 -0.227443606 -0.443782270 -0.030606627 0.998582125 0.043554410 0.134786263 0.228852063 -0.035416286 0.972816765 -2.320634030
0 0.490580729 0.872143524 0.500000000 0.500000000 0.000000000 0.000000000 0.972909510 0.039981410 -0.227702692 -0.446891022 -0.030753717 0.998561084 0.043931380 0.135368208 0.229131490 -0.035738554 0.972739160 -2.339649212
0 0.490580729 0.872143524 0.500000000 0.500000000 0.000000000 0.000000000 0.972856343 0.039904945 -0.227943331 -0.449589209 -0.030583985 0.998550892 0.044279832 0.135798865 0.229380012 -0.036106501 0.972667038 -2.359259169
0 0.490580729 0.872143524 0.500000000 0.500000000 0.000000000 0.000000000 0.972789705 0.039777260 -0.228249833 -0.452134726 -0.030314675 0.998535216 0.044815764 0.134862691 0.229698151 -0.036676992 0.972570598 -2.378656153
0 0.490580729 0.872143524 0.500000000 0.500000000 0.000000000 0.000000000 0.972640753 0.039766703 -0.228885546 -0.452325705 -0.030213505 0.998525798 0.045093235 0.135018823 0.230341330 -0.036944084 0.972408354 -2.398543479
0 0.490580729 0.872143524 0.500000000 0.500000000 0.000000000 0.000000000 0.972520411 0.039565027 -0.229431272 -0.452791407 -0.029904503 0.998519719 0.045432858 0.134540646 0.230889186 -0.037323352 0.972263932 -2.418393457
0 0.490580729 0.872143524 0.500000000 0.500000000 0.000000000 0.000000000 0.972536683 0.039510410 -0.229371473 -0.457100893 -0.029779531 0.998509705 0.045732986 0.134384053 0.230836585 -0.037646435 0.972263992 -2.438773853
0 0.490580729 0.872143524 0.500000000 0.500000000 0.000000000 0.000000000 0.972475171 0.039187402 -0.229687631 -0.459144871 -0.029451620 0.998522580 0.045664348 0.135283182 0.231137753 -0.037642773 0.972192526 -2.458431083
0 0.490580729 0.872143524 0.500000000 0.500000000 0.000000000 0.000000000 0.972418547 0.039361145 -0.229897514 -0.460777916 -0.029571831 0.998509467 0.045873825 0.133939950 0.231360495 -0.037810065 0.972133100 -2.480413120
0 0.490580729 0.872143524 0.500000000 0.500000000 0.000000000 0.000000000 0.972392380 0.038832471 -0.230097935 -0.461972797 -0.029100643 0.998538613 0.045539208 0.135327226 0.231530070 -0.037585981 0.972101390 -2.501399103
0 0.490580729 0.872143524 0.500000000 0.500000000 0.000000000 0.000000000 0.972345829 0.038831253 -0.230294794 -0.462311998 -0.029111318 0.998542070 0.045456383 0.135133141 0.231724173 -0.037495144 0.972058654 -2.523836216
0 0.490580729 0.872143524 0.500000000 0.500000000 0.000000000 0.000000000 0.972319126 0.038869563 -0.230400994 -0.464268542 -0.029123036 0.998537242 0.045554578 0.134295440 0.231834665 -0.037583612 0.972028911 -2.545662530
0 0.490580729 0.872143524 0.500000000 0.500000000 0.000000000 0.000000000 0.972354710 0.038645979 -0.230288520 -0.467389074 -0.028971106 0.998555601 0.045247450 0.135877591 0.231704533 -0.037324861 0.972069860 -2.568837043
0 0.490580729 0.872143524 0.500000000 0.500000000 0.000000000 0.000000000 0.972334385 0.038251154 -0.230440125 -0.468534606 -0.028614981 0.998576403 0.045015462 0.136729725 0.231833950 -0.037176043 0.972044706 -2.590310684
0 0.490580729 0.872143524 0.500000000 0.500000000 0.000000000 0.000000000 0.972295225 0.038042814 -0.230639726 -0.469649880 -0.028464325 0.998594105 0.044717360 0.137548657 0.232016638 -0.036913473 0.972011149 -2.613641314
0 0.490580729 0.872143524 0.500000000 0.500000000 0.000000000 0.000000000 0.972259462 0.037774149 -0.230834752 -0.470543021 -0.028281948 0.998618126 0.044293851 0.138981992 0.232188925 -0.036536660 0.971984267 -2.636297323
0 0.490580729 0.872143524 0.500000000 0.500000000 0.000000000 0.000000000 0.972249329 0.037785161 -0.230875582 -0.472351492 -0.028350880 0.998627126 0.044046078 0.140245289 0.232222900 -0.036278244 0.971985817 -2.658711299
0 0.490580729 0.872143524 0.500000000 0.500000000 0.000000000 0.000000000 0.972251356 0.037875745 -0.230852082 -0.473513941 -0.028540781 0.998639345 0.043644384 0.142513289 0.232191041 -0.035844613 0.972009480 -2.680742793
0 0.490580729 0.872143524 0.500000000 0.500000000 0.000000000 0.000000000 0.972342610 0.037946951 -0.230455726 -0.476487677 -0.028735993 0.998653293 0.043195356 0.144917313 0.231784508 -0.035378311 0.972123623 -2.702906229
0 0.490580729 0.872143524 0.500000000 0.500000000 0.000000000 0.000000000 0.972379506 0.037708841 -0.230339229 -0.477150523 -0.028590580 0.998674572 0.042797618 0.146970872 0.231647789 -0.035029992 0.972168803 -2.725548322
0 0.490580729 0.872143524 0.500000000 0.500000000 0.000000000 0.000000000 0.972457230 0.037768397 -0.230000943 -0.479988514 -0.028726952 0.998681962 0.042534098 0.148952730 0.231304228 -0.034755364 0.972260475 -2.747762963
0 0.490580729 0.872143524 0.500000000 0.500000000 0.000000000 0.000000000 0.972532988 0.037687328 -0.229693800 -0.482345224 -0.028723765 0.998694301 0.042244550 0.151430228 0.230985984 -0.034486547 0.972345710 -2.768594124
0 0.490580729 0.872143524 0.500000000 0.500000000 0.000000000 0.000000000 0.972599447 0.037620008 -0.229423299 -0.483991324 -0.028718367 0.998704076 0.042017467 0.153528431 0.230706677 -0.034277502 0.972419381 -2.788397662
0 0.490580729 0.872143524 0.500000000 0.500000000 0.000000000 0.000000000 0.972631335 0.037866853 -0.229247332 -0.485676177 -0.028976388 0.998696268 0.042025097 0.154474593 0.230539814 -0.034232169 0.972460568 -2.808256031
0 0.490580729 0.872143524 0.500000000 0.500000000 0.000000000 0.000000000 0.972694993 0.037376903 -0.229057595 -0.487715526 -0.028526925 0.998717487 0.041827783 0.155186580 0.230327234 -0.034151368 0.972513795 -2.827688944
0 0.490580729 0.872143524 0.500000000 0.500000000 0.000000000 0.000000000 0.972779512 0.037202366 -0.228726804 -0.490572387 -0.028330924 0.998717964 0.041949291 0.154726600 0.229994193 -0.034327369 0.972586393 -2.846817045
0 0.490580729 0.872143524 0.500000000 0.500000000 0.000000000 0.000000000 0.972876251 0.037163310 -0.228321373 -0.492843251 -0.028375588 0.998729169 0.041652448 0.156167507 0.229579151 -0.034043927 0.972694397 -2.866132484
0 0.490580729 0.872143524 0.500000000 0.500000000 0.000000000 0.000000000 0.973056078 0.037338655 -0.227525041 -0.497225760 -0.028566591 0.998720586 0.041727226 0.155444897 0.228791982 -0.034103315 0.972877800 -2.884838207
0 0.490580729 0.872143524 0.500000000 0.500000000 0.000000000 0.000000000 0.973186135 0.037272263 -0.226979017 -0.499743032 -0.028533086 0.998724222 0.041663360 0.155643668 0.228242323 -0.034069791 0.973008037 -2.904180122
0 0.490580729 0.872143524 0.500000000 0.500000000 0.000000000 0.000000000 0.973343790 0.037554938 -0.226255253 -0.503260896 -0.028855991 0.998716116 0.041634057 0.156327470 0.227528349 -0.033995431 0.973177850 -2.922911628
0 0.490580729 0.872143524 0.500000000 0.500000000 0.000000000 0.000000000 0.973486304 0.038032953 -0.225561455 -0.507007850 -0.029383915 0.998703003 0.041579746 0.157413247 0.226850301 -0.033849433 0.973341227 -2.942345949
0 0.490580729 0.872143524 0.500000000 0.500000000 0.000000000 0.000000000 0.973667443 0.038355064 -0.224723294 -0.511766807 -0.029751271 0.998693407 0.041549340 0.158058415 0.226023301 -0.033769436 0.973536372 -2.961018355
0 0.490580729 0.872143524 0.500000000 0.500000000 0.000000000 0.000000000 0.973818362 0.038277928 -0.224081576 -0.515573848 -0.029729228 0.998700202 0.041401461 0.158346820 0.225375086 -0.033655729 0.973690569 -2.979853164
0 0.490580729 0.872143524 0.500000000 0.500000000 0.000000000 0.000000000 0.973963618 0.038491812 -0.223412827 -0.520004554 -0.029974576 0.998693287 0.041391391 0.158363215 0.224714130 -0.033617001 0.973844707 -3.000090265
0 0.490580729 0.872143524 0.500000000 0.500000000 0.000000000 0.000000000 0.974102795 0.038671471 -0.222774014 -0.524243442 -0.030205550 0.998690665 0.041286357 0.159452826 0.224078923 -0.033488143 0.973995447 -3.018342173
0 0.490580729 0.872143524 0.500000000 0.500000000 0.000000000 0.000000000 0.974321246 0.038971450 -0.221764192 -0.530172609 -0.030527338 0.998677015 0.041379359 0.159882627 0.223083422 -0.033546917 0.974221945 -3.037434711
0 0.490580729 0.872143524 0.500000000 0.500000000 0.000000000 0.000000000 0.974557161 0.039228190 -0.220679507 -0.535957310 -0.030836210 0.998668909 0.041346490 0.161654596 0.222007722 -0.033489600 0.974469602 -3.056408525
0 0.490580729 0.872143524 0.500000000 0.500000000 0.000000000 0.000000000 0.974922359 0.039683077 -0.218978718 -0.545716116 -0.031362370 0.998652577 0.041345261 0.163705190 0.220324367 -0.033440728 0.974853277 -3.077058785
0 0.490580729 0.872143524 0.500000000 0.500000000 0.000000000 0.000000000 0.975273848 0.040128969 -0.217325881 -0.554221728 -0.031850558 0.998632252 0.041463371 0.165442533 0.218692511 -0.033516195 0.975218058 -3.096949253
0 0.490580729 0.872143524 0.500000000 0.500000000 0.000000000 0.000000000 0.975597084 0.040330160 -0.215832785 -0.561495128 -0.032059707 0.998616338 0.041685041 0.166145483 0.217215300 -0.033748269 0.975540161 -3.116513107
0 0.490580729 0.872143524 0.500000000 0.500000000 0.000000000 0.000000000 0.975948095 0.040591020 -0.214190900 -0.570119086 -0.032365434 0.998602808 0.041772664 0.167889086 0.215587214 -0.033835571 0.975898206 -3.137132029
0 0.490580729 0.872143524 0.500000000 0.500000000 0.000000000 0.000000000 0.976327062 0.040576000 -0.212459549 -0.578977429 -0.032395631 0.998598754 0.041845202 0.169244599 0.213859767 -0.033971842 0.976273477 -3.155893377
0 0.490580729 0.872143524 0.500000000 0.500000000 0.000000000 0.000000000 0.976719320 0.040685594 -0.210627869 -0.588559201 -0.032535940 0.998587072 0.042015459 0.169996768 0.212039679 -0.034184333 0.976662993 -3.176177031
0 0.490580729 0.872143524 0.500000000 0.500000000 0.000000000 0.000000000 0.977094769 0.041122980 -0.208793476 -0.597890750 -0.033049427 0.998570383 0.042011701 0.173576159 0.210222617 -0.034148909 0.977056980 -3.195583136
0 0.490580729 0.872143524 0.500000000 0.500000000 0.000000000 0.000000000 0.977444530 0.040976640 -0.207179010 -0.605988352 -0.032897741 0.998563528 0.042292222 0.173973213 0.208614394 -0.034522582 0.977388501 -3.214865496
0 0.490580729 0.872143524 0.500000000 0.500000000 0.000000000 0.000000000 0.977815211 0.041016884 -0.205414280 -0.614904131 -0.032964613 0.998553693 0.042471536 0.175519145 0.206859231 -0.034757912 0.977753103 -3.233731685
0 0.490580729 0.872143524 0.500000000 0.500000000 0.000000000 0.000000000 0.978208959 0.041054357 -0.203523278 -0.624590207 -0.033046510 0.998545885 0.042591039 0.177956145 0.204975873 -0.034937203 0.978143275 -3.252555136
0 0.490580729 0.872143524 0.500000000 0.500000000 0.000000000 0.000000000 0.978615046 0.041121848 -0.201547921 -0.634816109 -0.033096049 0.998525381 0.043031547 0.177863398 0.203020245 -0.035440881 0.978532970 -3.269996809
0 0.490580729 0.872143524 0.500000000 0.500000000 0.000000000 0.000000000 0.978990436 0.041337058 -0.199672133 -0.644328818 -0.033354662 0.998510420 0.043178719 0.180025783 0.201159582 -0.035611555 0.978910923 -3.287300081
0 0.490580729 0.872143524 0.500000000 0.500000000 0.000000000 0.000000000 0.979376614 0.041034929 -0.197832122 -0.653934198 -0.033132020 0.998521447 0.043094777 0.181462117 0.199308008 -0.035651442 0.979288161 -3.304408881
0 0.490580729 0.872143524 0.500000000 0.500000000 0.000000000 0.000000000 0.979726136 0.041248940 -0.196048930 -0.662993976 -0.033433776 0.998515129 0.043008368 0.184273151 0.197531864 -0.035581764 0.979650497 -3.321448040
0 0.490580729 0.872143524 0.500000000 0.500000000 0.000000000 0.000000000 0.980076671 0.041420594 -0.194252491 -0.672081518 -0.033718195 0.998514831 0.042793065 0.187411543 0.195736498 -0.035390642 0.980017722 -3.338460301
0 0.490580729 0.872143524 0.500000000 0.500000000 0.000000000 0.000000000 0.980470538 0.041088793 -0.192325741 -0.681600559 -0.033515532 0.998535514 0.042467687 0.190089968 0.193789035 -0.035192419 0.980411828 -3.354937056
0 0.490580729 0.872143524 0.500000000 0.500000000 0.000000000 0.000000000 0.980821550 0.041282352 -0.190485984 -0.690741425 -0.033815753 0.998533189 0.042284381 0.192412427 0.191952169 -0.035032004 0.980778813 -3.372511551
0 0.490580729 0.872143524 0.500000000 0.500000000 0.000000000 0.000000000 0.981212914 0.041040417 -0.188512370 -0.700615843 -0.033707194 0.998551190 0.041944314 0.195044603 0.189960659 -0.034802079 0.981174707 -3.389803506
0 0.490580729 0.872143524 0.500000000 0.500000000 0.000000000 0.000000000 0.981571496 0.041130565 -0.186616421 -0.709906063 -0.033945125 0.998560131 0.041538544 0.198538053 0.188056216 -0.034438331 0.981554329 -3.407663753
0 0.490580729 0.872143524 0.500000000 0.500000000 0.000000000 0.000000000 0.981925607 0.040726911 -0.184833422 -0.718572597 -0.033673450 0.998585701 0.041142378 0.200900117 0.186247617 -0.034174778 0.981908321 -3.425761934
0 0.490580729 0.872143524 0.500000000 0.500000000 0.000000000 0.000000000 0.982303619 0.040783986 -0.182801127 -0.729098788 -0.033871673 0.998593926 0.040778611 0.203527789 0.184207201 -0.033865198 0.982303858 -3.443791599
0 0.490580729 0.872143524 0.500000000 0.500000000 0.000000000 0.000000000 0.982650161 0.040509511 -0.180990875 -0.738105941 -0.033764791 0.998621225 0.040193647 0.206858837 0.182369560 -0.033385172 0.982663095 -3.462275147
0 0.490580729 0.872143524 0.500000000 0.500000000 0.000000000 0.000000000 0.983023107 0.040363785 -0.178987071 -0.747829167 -0.033741664 0.998634219 0.039890151 0.208661764 0.180352718 -0.033173621 0.983042419 -3.480184375
0 0.490580729 0.872143524 0.500000000 0.500000000 0.000000000 0.000000000 0.983418941 0.040136222 -0.176851094 -0.758551866 -0.033677913 0.998656929 0.039371081 0.211369291 0.178193778 -0.032762289 0.983449876 -3.499366724
0 0.490580729 0.872143524 0.500000000 0.500000000 0.000000000 0.000000000 0.983787537 0.040196884 -0.174774945 -0.768190771 -0.033870395 0.998663723 0.039032467 0.213606682 0.176110387 -0.032479957 0.983834445 -3.518892426
