0 0.580475405 1.031956241 0.500000000 0.500000000 0.000000000 0.000000000 0.998899579 -0.006368832 0.046465408 0.342004228 0.006863629 0.999921322 -0.010496941 0.030651077 -0.046394899 0.010804311 0.998864770 0.137894542
0 0.580475405 1.031956241 0.500000000 0.500000000 0.000000000 0.000000000 0.998651326 -0.006279785 0.051537436 0.345848224 0.006811633 0.999925256 -0.010150499 0.030621769 -0.051469840 0.010487864 0.998619497 0.136185217
0 0.580475405 1.031956241 0.500000000 0.500000000 0.000000000 0.000000000 0.998369277 -0.006178653 0.056750275 0.349635308 0.006745065 0.999929309 -0.009794657 0.030520595 -0.056685746 0.010161470 0.998340368 0.134086165
0 0.580475405 1.031956241 0.500000000 0.500000000 0.000000000 0.000000000 0.998056233 -0.006151902 0.062015202 0.353427828 0.006756126 0.999931693 -0.009538184 0.030789930 -0.061952285 0.009938627 0.998029649 0.132269837
0 0.580475405 1.031956241 0.500000000 0.500000000 0.000000000 0.000000000 0.997714937 -0.006059165 0.067291886 0.357299925 0.006684184 0.999936581 -0.009066910 0.030548858 -0.067232676 0.009495983 0.997692108 0.130133830
0 0.580475405 1.031956241 0.500000000 0.500000000 0.000000000 0.000000000 0.997339249 -0.006038597 0.072649606 0.361199388 0.006687558 0.999939859 -0.008692819 0.030521047 -0.072592743 0.009155538 0.997319639 0.127896833
0 0.580475405 1.031956241 0.500000000 0.500000000 0.000000000 0.000000000 0.996934593 -0.005955366 0.078012273 0.364999674 0.006624743 0.999943435 -0.008324417 0.030416751 -0.077958278 0.008815710 0.996917665 0.125553418
0 0.580475405 1.031956241 0.500000000 0.500000000 0.000000000 0.000000000 0.996491194 -0.005933688 0.083486743 0.368575323 0.006618932 0.999946594 -0.007933427 0.030385546 -0.083435215 0.008458182 0.996477306 0.123191372
0 0.580475405 1.031956241 0.500000000 0.500000000 0.000000000 0.000000000 0.996020794 -0.005918727 0.088924155 0.372333151 0.006615766 0.999949634 -0.007545886 0.030436018 -0.088875011 0.008104160 0.996009827 0.120869292
0 0.580475405 1.031956241 0.500000000 0.500000000 0.000000000 0.000000000 0.995512187 -0.005853910 0.094452113 0.375795662 0.006561090 0.999952734 -0.007178370 0.030467792 -0.094405629 0.007765864 0.995503545 0.118568364
0 0.580475405 1.031956241 0.500000000 0.500000000 0.000000000 0.000000000 0.994956911 -0.005792638 0.100135826 0.379035883 0.006502626 0.999955952 -0.006765306 0.030588627 -0.100092232 0.007382334 0.994950771 0.116245033
0 0.580475405 1.031956241 0.500000000 0.500000000 0.000000000 0.000000000 0.994360268 -0.005714796 0.105901159 0.382341659 0.006414220 0.999959826 -0.006265083 0.030515273 -0.105861098 0.006909023 0.994356930 0.113967946
0 0.580475405 1.031956241 0.500000000 0.500000000 0.000000000 0.000000000 0.993732214 -0.005633060 0.111644916 0.385663218 0.006329437 0.999962687 -0.005883972 0.030741860 -0.111607604 0.006553742 0.993730724 0.111313220
0 0.580475405 1.031956241 0.500000000 0.500000000 0.000000000 0.000000000 0.993088603 -0.005697041 0.117228478 0.389438661 0.006360576 0.999965787 -0.005286850 0.030681968 -0.117194355 0.005995951 0.993090928 0.109159361
0 0.580475405 1.031956241 0.500000000 0.500000000 0.000000000 0.000000000 0.992398739 -0.005622223 0.122935474 0.392852551 0.006253048 0.999969184 -0.004746127 0.030638162 -0.122905001 0.005478772 0.992403328 0.106612384
0 0.580475405 1.031956241 0.500000000 0.500000000 0.000000000 0.000000000 0.991668582 -0.005627074 0.128692508 0.396311300 0.006234620 0.999971211 -0.004318548 0.030829763 -0.128664494 0.005084917 0.991675138 0.104609045
0 0.580475405 1.031956241 0.500000000 0.500000000 0.000000000 0.000000000 0.990906954 -0.005570124 0.134433627 0.399825422 0.006122456 0.999974430 -0.003695522 0.030730288 -0.134409592 0.004484983 0.990915716 0.102404745
0 0.580475405 1.031956241 0.500000000 0.500000000 0.000000000 0.000000000 0.990103841 -0.005595667 0.140224919 0.403263574 0.006083533 0.999976814 -0.003050758 0.030555881 -0.140204594 0.003873630 0.990114987 0.100289268
0 0.580475405 1.031956241 0.500000000 0.500000000 0.000000000 0.000000000 0.989238262 -0.005537613 0.146208808 0.406229937 0.005976013 0.999978840 -0.002559386 0.030633035 -0.146191552 0.003405588 0.989250422 0.098047123
0 0.580475405 1.031956241 0.500000000 0.500000000 0.000000000 0.000000000 0.988339007 -0.005583704 0.152166978 0.409423812 0.005939835 0.999980569 -0.001885925 0.030396711 -0.152153492 0.002767780 0.988353014 0.095753609
0 0.580475405 1.031956241 0.500000000 0.500000000 0.000000000 0.000000000 0.987417102 -0.005528912 0.158040896 0.412456193 0.005797212 0.999982417 -0.001236709 0.030099279 -0.158031270 0.002137344 0.987431765 0.093425544
0 0.580475405 1.031956241 0.500000000 0.500000000 0.000000000 0.000000000 0.986430466 -0.005530771 0.164086536 0.415371056 0.005730643 0.999983311 -0.000744742 0.030288729 -0.164079681 0.001674958 0.986445665 0.091096782
0 0.580475405 1.031956241 0.500000000 0.500000000 0.000000000 0.000000000 0.985419512 -0.005675626 0.170047715 0.418462010 0.005790586 0.999983191 -0.000180097 0.030505209 -0.170043826 0.001162147 0.985435843 0.088762296
0 0.580475405 1.031956241 0.500000000 0.500000000 0.000000000 0.000000000 0.984354198 -0.005589481 0.176112413 0.421208630 0.005615943 0.999984145 0.000348157 0.030525248 -0.176111564 0.000646328 0.984369993 0.086204571
0 0.580475405 1.031956241 0.500000000 0.500000000 0.000000000 0.000000000 0.983253360 -0.005570109 0.182158813 0.424166648 0.005472015 0.999984503 0.001041101 0.030226885 -0.182161778 -0.000026891 0.983268559 0.083476621
0 0.580475405 1.031956241 0.500000000 0.500000000 0.000000000 0.000000000 0.982111573 -0.005566877 0.188217685 0.427114831 0.005357369 0.999984324 0.001621823 0.030361383 -0.188223764 -0.000584459 0.982125998 0.080979138
0 0.580475405 1.031956241 0.500000000 0.500000000 0.000000000 0.000000000 0.980937839 -0.005508333 0.194243595 0.429795443 0.005152217 0.999983966 0.002338507 0.030060227 -0.194253370 -0.001293145 0.980950534 0.078310492
0 0.580475405 1.031956241 0.500000000 0.500000000 0.000000000 0.000000000 0.979738295 -0.005320675 0.200211287 0.432589248 0.004826125 0.999983966 0.002958125 0.029759278 -0.200223818 -0.001931944 0.979748309 0.075011250
0 0.580475405 1.031956241 0.500000000 0.500000000 0.000000000 0.000000000 0.978475392 -0.005293484 0.206295624 0.435195140 0.004692667 0.999983191 0.003401605 0.030226798 -0.206310153 -0.002360310 0.978483796 0.071889880
0 0.580475405 1.031956241 0.500000000 0.500000000 0.000000000 0.000000000 0.977205575 -0.005218765 0.212231100 0.438013945 0.004502545 0.999982417 0.003857878 0.030630779 -0.212247506 -0.002814360 0.977211893 0.068650052
0 0.580475405 1.031956241 0.500000000 0.500000000 0.000000000 0.000000000 0.975836635 -0.005118560 0.218441486 0.440247993 0.004237578 0.999980867 0.004501333 0.030529285 -0.218460351 -0.003466903 0.975839674 0.065794627
0 0.580475405 1.031956241 0.500000000 0.500000000 0.000000000 0.000000000 0.974495173 -0.005046614 0.224351645 0.443144242 0.004010749 0.999979079 0.005072632 0.030708310 -0.224372551 -0.004043438 0.974495053 0.062541610
0 0.580475405 1.031956241 0.500000000 0.500000000 0.000000000 0.000000000 0.973056555 -0.004885097 0.230514899 0.445361450 0.003694469 0.999977529 0.005596425 0.030940944 -0.230537057 -0.004594008 0.973052680 0.059428125
0 0.580475405 1.031956241 0.500000000 0.500000000 0.000000000 0.000000000 0.971583843 -0.004735166 0.236648366 0.447477649 0.003393001 0.999975741 0.006078500 0.031184186 -0.236671418 -0.005102824 0.971576333 0.056114280
0 0.580475405 1.031956241 0.500000000 0.500000000 0.000000000 0.000000000 0.970071614 -0.004582098 0.242775813 0.449733620 0.003041769 0.999972820 0.006719118 0.031306760 -0.242799997 -0.005779557 0.970059156 0.053034030
0 0.580475405 1.031956241 0.500000000 0.500000000 0.000000000 0.000000000 0.968491554 -0.004256719 0.249010012 0.451625816 0.002531169 0.999970496 0.007249421 0.031472827 -0.249033540 -0.006390716 0.968473792 0.049421313
0 0.580475405 1.031956241 0.500000000 0.500000000 0.000000000 0.000000000 0.966890574 -0.004051191 0.255159110 0.453741288 0.002155616 0.999967992 0.007708197 0.031942822 -0.255182177 -0.006902958 0.966868341 0.045857330
0 0.580475405 1.031956241 0.500000000 0.500000000 0.000000000 0.000000000 0.965284824 -0.003870653 0.261170894 0.456196287 0.001768703 0.999964118 0.008282743 0.032378931 -0.261193573 -0.007533273 0.965257049 0.042651285
0 0.580475405 1.031956241 0.500000000 0.500000000 0.000000000 0.000000000 0.963610291 -0.003772970 0.267284513 0.458455856 0.001496862 0.999960840 0.008718913 0.032908317 -0.267306954 -0.008001546 0.963578224 0.039240487
0 0.580475405 1.031956241 0.500000000 0.500000000 0.000000000 0.000000000 0.961880624 -0.003601497 0.273445994 0.460594132 0.001095547 0.999956012 0.009316476 0.032837915 -0.273467511 -0.008661765 0.961842239 0.035838022
0 0.580475405 1.031956241 0.500000000 0.500000000 0.000000000 0.000000000 0.960118949 -0.003552393 0.279569268 0.462783639 0.000836335 0.999951303 0.009833837 0.033374326 -0.279590577 -0.009207840 0.960075140 0.032768015
0 0.580475405 1.031956241 0.500000000 0.500000000 0.000000000 0.000000000 0.958307326 -0.003368213 0.285719573 0.464867241 0.000427216 0.999946296 0.010355006 0.033679762 -0.285739094 -0.009801215 0.958257318 0.029631433
0 0.580475405 1.031956241 0.500000000 0.500000000 0.000000000 0.000000000 0.956507981 -0.003311354 0.291687429 0.467410076 0.000126657 0.999940217 0.010936390 0.033925450 -0.291706204 -0.010423799 0.956451178 0.026790490
0 0.580475405 1.031956241 0.500000000 0.500000000 0.000000000 0.000000000 0.954632759 -0.003188348 0.297768503 0.469802000 -0.000276421 0.999932766 0.011592947 0.033910155 -0.297785461 -0.011149316 0.954567730 0.023991845
0 0.580475405 1.031956241 0.500000000 0.500000000 0.000000000 0.000000000 0.952703059 -0.003193798 0.303885907 0.472153631 -0.000535814 0.999925554 0.012188890 0.034193417 -0.303902209 -0.011775219 0.952630460 0.021265068
0 0.580475405 1.031956241 0.500000000 0.500000000 0.000000000 0.000000000 0.950734377 -0.003115994 0.309991032 0.474308902 -0.000893413 0.999917805 0.012791132 0.034218722 -0.310005397 -0.012437918 0.950653434 0.018476098
0 0.580475405 1.031956241 0.500000000 0.500000000 0.000000000 0.000000000 0.948726356 -0.003070766 0.316083729 0.476255214 -0.001245302 0.999908745 0.013451933 0.034275878 -0.316096187 -0.013155824 0.948635936 0.015686531
0 0.580475405 1.031956241 0.500000000 0.500000000 0.000000000 0.000000000 0.946661294 -0.003035664 0.322216004 0.478156137 -0.001581019 0.999899805 0.014065251 0.034512149 -0.322226435 -0.013824458 0.946561694 0.012783442
0 0.580475405 1.031956241 0.500000000 0.500000000 0.000000000 0.000000000 0.944567025 -0.002971678 0.328305125 0.480191115 -0.001907909 0.999892473 0.014539847 0.034818869 -0.328313023 -0.014360237 0.944459796 0.009727791
0 0.580475405 1.031956241 0.500000000 0.500000000 0.000000000 0.000000000 0.942424893 -0.002889463 0.334405363 0.482080962 -0.002327478 0.999881804 0.015198903 0.034704155 -0.334409744 -0.015102145 0.942306757 0.006825348
0 0.580475405 1.031956241 0.500000000 0.500000000 0.000000000 0.000000000 0.940253913 -0.002798780 0.340462625 0.484130134 -0.002717183 0.999872684 0.015723506 0.034765189 -0.340463281 -0.015709186 0.940126598 0.003569245
0 0.580475405 1.031956241 0.500000000 0.500000000 0.000000000 0.000000000 0.938044310 -0.002737494 0.346504480 0.486414742 -0.003033177 0.999865592 0.016110558 0.035230812 -0.346502006 -0.016163427 0.937909961 0.000591434
0 0.580475405 1.031956241 0.500000000 0.500000000 0.000000000 0.000000000 0.935783446 -0.002788010 0.352564305 0.488737973 -0.003331917 0.999854147 0.016750295 0.035403992 -0.352559596 -0.016849363 0.935637653 -0.001654925
0 0.580475405 1.031956241 0.500000000 0.500000000 0.000000000 0.000000000 0.933497846 -0.002699861 0.358572870 0.490551154 -0.003790196 0.999841511 0.017395552 0.035212817 -0.358563006 -0.017597772 0.933339655 -0.004457156
0 0.580475405 1.031956241 0.500000000 0.500000000 0.000000000 0.000000000 0.931203246 -0.002637239 0.364490837 0.492416561 -0.004165560 0.999831498 0.017876381 0.035466705 -0.364476591 -0.018164853 0.931035340 -0.007678923
0 0.580475405 1.031956241 0.500000000 0.500000000 0.000000000 0.000000000 0.928888142 -0.002673911 0.370350689 0.494571814 -0.004442496 0.999821544 0.018361019 0.035941093 -0.370333701 -0.018700615 0.928710520 -0.010456936
0 0.580475405 1.031956241 0.500000000 0.500000000 0.000000000 0.000000000 0.926548362 -0.002686456 0.376166105 0.496676905 -0.004787010 0.999809325 0.018931370 0.036155325 -0.376145214 -0.019341541 0.926358819 -0.013062881
0 0.580475405 1.031956241 0.500000000 0.500000000 0.000000000 0.000000000 0.924208164 -0.002629787 0.381879956 0.498753476 -0.005203513 0.999796748 0.019478327 0.036163076 -0.381853551 -0.019989146 0.924006641 -0.016017281
0 0.580475405 1.031956241 0.500000000 0.500000000 0.000000000 0.000000000 0.921804011 -0.002768432 0.387646317 0.500681871 -0.005437558 0.999783754 0.020070348 0.036524427 -0.387618065 -0.020608777 0.921589673 -0.018757117
0 0.580475405 1.031956241 0.500000000 0.500000000 0.000000000 0.000000000 0.919425189 -0.002789510 0.393255085 0.502769280 -0.005760340 0.999772012 0.020559365 0.036937357 -0.393222809 -0.021168081 0.919199526 -0.021602661
0 0.580475405 1.031956241 0.500000000 0.500000000 0.000000000 0.000000000 0.916970849 -0.002831121 0.398944229 0.504643646 -0.006072252 0.999759972 0.021051861 0.037421051 -0.398908049 -0.021726431 0.916733503 -0.024417139
0 0.580475405 1.031956241 0.500000000 0.500000000 0.000000000 0.000000000 0.914529502 -0.002856746 0.404509127 0.506739943 -0.006416559 0.999746799 0.021567263 0.037884339 -0.404468328 -0.022319455 0.914279640 -0.027156452
0 0.580475405 1.031956241 0.500000000 0.500000000 0.000000000 0.000000000 0.912007272 -0.003000328 0.410163015 0.508943345 -0.006707060 0.999730468 0.022226300 0.038169363 -0.410119176 -0.023021536 0.911741316 -0.029816593
0 0.580475405 1.031956241 0.500000000 0.500000000 0.000000000 0.000000000 0.909435689 -0.002986938 0.415833831 0.510861764 -0.007122844 0.999715626 0.022758748 0.038301390 -0.415783554 -0.023659537 0.909155786 -0.032762883
0 0.580475405 1.031956241 0.500000000 0.500000000 0.000000000 0.000000000 0.906806648 -0.002980092 0.421536207 0.512521152 -0.007584992 0.999697804 0.023384260 0.038370110 -0.421478510 -0.024402352 0.906509995 -0.035703731
0 0.580475405 1.031956241 0.500000000 0.500000000 0.000000000 0.000000000 0.904138207 -0.003013573 0.427229404 0.514216796 -0.007949996 0.999683321 0.023875965 0.038768325 -0.427166075 -0.024983644 0.903827965 -0.038650927
0 0.580475405 1.031956241 0.500000000 0.500000000 0.000000000 0.000000000 0.901373923 -0.002958213 0.433031499 0.515548886 -0.008495088 0.999663413 0.024511999 0.038626572 -0.432958275 -0.025773117 0.901045442 -0.041822514
0 0.580475405 1.031956241 0.500000000 0.500000000 0.000000000 0.000000000 0.898608267 -0.002973809 0.438741744 0.516857980 -0.008932991 0.999645770 0.025071729 0.038867206 -0.438660890 -0.026448939 0.898263395 -0.044907559
0 0.580475405 1.031956241 0.500000000 0.500000000 0.000000000 0.000000000 0.895790696 -0.003002320 0.444466025 0.518426157 -0.009466138 0.999621511 0.025830684 0.038574846 -0.444375336 -0.027346263 0.895423234 -0.048071866
0 0.580475405 1.031956241 0.500000000 0.500000000 0.000000000 0.000000000 0.893008828 -0.002956451 0.450029433 0.520235187 -0.009956087 0.999603927 0.026323063 0.038609530 -0.449928999 -0.027987260 0.892625690 -0.051306032
0 0.580475405 1.031956241 0.500000000 0.500000000 0.000000000 0.000000000 0.890151680 -0.003006585 0.455654472 0.521692705 -0.010469914 0.999579251 0.027049296 0.038491393 -0.455544084 -0.028848639 0.889745653 -0.054319243
0 0.580475405 1.031956241 0.500000000 0.500000000 0.000000000 0.000000000 0.887310266 -0.003042634 0.461162955 0.523044579 -0.011029895 0.999552190 0.027817089 0.038218861 -0.461041093 -0.029768966 0.886879325 -0.057343483
0 0.580475405 1.031956241 0.500000000 0.500000000 0.000000000 0.000000000 0.884507537 -0.003104636 0.466515601 0.524625107 -0.011519545 0.999527633 0.028492708 0.038222006 -0.466383696 -0.030576061 0.884053946 -0.060688593
0 0.580475405 1.031956241 0.500000000 0.500000000 0.000000000 0.000000000 0.881623626 -0.003166766 0.471942484 0.525978089 -0.012018853 0.999502540 0.029158840 0.038294032 -0.471800059 -0.031379331 0.881147027 -0.063904622
0 0.580475405 1.031956241 0.500000000 0.500000000 0.000000000 0.000000000 0.878754973 -0.003152225 0.477262735 0.527700425 -0.012546167 0.999480069 0.029701864 0.038619865 -0.477108210 -0.032088481 0.878258526 -0.067155094
0 0.580475405 1.031956241 0.500000000 0.500000000 0.000000000 0.000000000 0.875784159 -0.003203407 0.482692271 0.529123917 -0.013103037 0.999451697 0.030406708 0.038577357 -0.482525051 -0.032954447 0.875262022 -0.070368543
0 0.580475405 1.031956241 0.500000000 0.500000000 0.000000000 0.000000000 0.872775793 -0.003065179 0.488111734 0.530077519 -0.013798378 0.999425709 0.030948466 0.038703303 -0.487926275 -0.033746220 0.872232258 -0.073490753
0 0.580475405 1.031956241 0.500000000 0.500000000 0.000000000 0.000000000 0.869802058 -0.003013071 0.493391603 0.531428466 -0.014420317 0.999398947 0.031524818 0.038890097 -0.493190020 -0.034535214 0.869235814 -0.076681727
0 0.580475405 1.031956241 0.500000000 0.500000000 0.000000000 0.000000000 0.866809547 -0.002960240 0.498630613 0.533064247 -0.015102147 0.999367774 0.032186255 0.038877928 -0.498410642 -0.035429746 0.866216779 -0.079696749
0 0.580475405 1.031956241 0.500000000 0.500000000 0.000000000 0.000000000 0.863748610 -0.003009759 0.503913939 0.534348954 -0.015733171 0.999333620 0.032936692 0.038973254 -0.503677249 -0.036377188 0.863125682 -0.082749426
0 0.580475405 1.031956241 0.500000000 0.500000000 0.000000000 0.000000000 0.860680521 -0.003066031 0.509136140 0.535791848 -0.016295560 0.999303699 0.033565022 0.039406852 -0.508884549 -0.037185419 0.860031247 -0.085656196
