0 0.628520266 1.117369375 0.500000000 0.500000000 0.000000000 0.000000000 0.985027850 0.081694536 -0.151809394 0.690637371 -0.082896210 0.996556938 -0.001592940 -0.147793353 0.151156574 0.014153514 0.988408506 0.176092353
0 0.628520266 1.117369375 0.500000000 0.500000000 0.000000000 0.000000000 0.985174119 0.081369534 -0.151033089 0.700054980 -0.082549959 0.996585727 -0.001551758 -0.148444841 0.150391147 0.013996527 0.988527477 0.177809247
0 0.628520266 1.117369375 0.500000000 0.500000000 0.000000000 0.000000000 0.985108197 0.081473187 -0.151406616 0.708512754 -0.082671523 0.996575534 -0.001626162 -0.149091478 0.150755629 0.014118961 0.988470256 0.180033251
0 0.628520266 1.117369375 0.500000000 0.500000000 0.000000000 0.000000000 0.984990418 0.081728861 -0.152033627 0.717348617 -0.082926959 0.996554434 -0.001545701 -0.150201163 0.151383460 0.014130186 0.988374114 0.182791030
0 0.628520266 1.117369375 0.500000000 0.500000000 0.000000000 0.000000000 0.984905183 0.081777327 -0.152558997 0.727310439 -0.082977541 0.996550262 -0.001506236 -0.151092910 0.151909530 0.014142470 0.988293231 0.185772364
0 0.628520266 1.117369375 0.500000000 0.500000000 0.000000000 0.000000000 0.984844863 0.081924036 -0.152869314 0.736265935 -0.083124220 0.996538103 -0.001465548 -0.151914238 0.152220041 0.014150480 0.988245308 0.188379654
0 0.628520266 1.117369375 0.500000000 0.500000000 0.000000000 0.000000000 0.984745622 0.082165435 -0.153378159 0.744723294 -0.083336294 0.996520758 -0.001209382 -0.153523302 0.152745157 0.013972901 0.988166809 0.191079717
0 0.628520266 1.117369375 0.500000000 0.500000000 0.000000000 0.000000000 0.984495521 0.082707278 -0.154686883 0.753138241 -0.083888344 0.996474564 -0.001111967 -0.154894839 0.154049575 0.014071154 0.987962902 0.194515708
0 0.628520266 1.117369375 0.500000000 0.500000000 0.000000000 0.000000000 0.984103799 0.083262570 -0.156866461 0.762256159 -0.084460400 0.996426344 -0.000973935 -0.156239095 0.156224787 0.014207456 0.987619340 0.198577462
0 0.628520266 1.117369375 0.500000000 0.500000000 0.000000000 0.000000000 0.983815312 0.083605677 -0.158484921 0.771010393 -0.084815122 0.996396303 -0.000870941 -0.157642755 0.157840982 0.014298763 0.987361014 0.202531189
0 0.628520266 1.117369375 0.500000000 0.500000000 0.000000000 0.000000000 0.983574688 0.084128313 -0.159697518 0.780395153 -0.085403971 0.996345758 -0.001128988 -0.158619899 0.159018964 0.014749246 0.987165332 0.205979073
0 0.628520266 1.117369375 0.500000000 0.500000000 0.000000000 0.000000000 0.983442783 0.084492788 -0.160316274 0.788699245 -0.085731290 0.996317983 -0.000811747 -0.160473134 0.159657389 0.014542429 0.987065375 0.209070774
0 0.628520266 1.117369375 0.500000000 0.500000000 0.000000000 0.000000000 0.983173251 0.084859751 -0.161769092 0.798612024 -0.086097814 0.996286452 -0.000645616 -0.161836561 0.161113575 0.014562717 0.986828446 0.213371990
0 0.628520266 1.117369375 0.500000000 0.500000000 0.000000000 0.000000000 0.982867718 0.085344307 -0.163362801 0.807011448 -0.086590350 0.996243894 -0.000508765 -0.163569661 0.162705764 0.014645691 0.986565948 0.217298164
0 0.628520266 1.117369375 0.500000000 0.500000000 0.000000000 0.000000000 0.982505023 0.085924968 -0.165229440 0.816064245 -0.087203905 0.996190369 -0.000488121 -0.165220079 0.164558038 0.014888234 0.986255050 0.221611633
0 0.628520266 1.117369375 0.500000000 0.500000000 0.000000000 0.000000000 0.982111454 0.086597748 -0.167206064 0.823806099 -0.087856486 0.996133149 -0.000131465 -0.167438187 0.166548118 0.014819250 0.985921979 0.226240496
0 0.628520266 1.117369375 0.500000000 0.500000000 0.000000000 0.000000000 0.981445134 0.087827854 -0.170445696 0.832009360 -0.089114949 0.996021330 0.000099634 -0.170101304 0.169776306 0.015091474 0.985367060 0.231884811
0 0.628520266 1.117369375 0.500000000 0.500000000 0.000000000 0.000000000 0.980684459 0.089070246 -0.174139291 0.841023777 -0.090448119 0.995901167 0.000023558 -0.172158886 0.173427626 0.015727468 0.984721005 0.238164795
0 0.628520266 1.117369375 0.500000000 0.500000000 0.000000000 0.000000000 0.980084300 0.089834318 -0.177100480 0.849687613 -0.091245420 0.995828450 0.000177086 -0.174232162 0.176377594 0.015986048 0.984192789 0.243917199
0 0.628520266 1.117369375 0.500000000 0.500000000 0.000000000 0.000000000 0.979563057 0.090589792 -0.179582059 0.859439321 -0.092044190 0.995754898 0.000234673 -0.176241067 0.178840965 0.016299607 0.983742952 0.249495217
0 0.628520266 1.117369375 0.500000000 0.500000000 0.000000000 0.000000000 0.979118168 0.091264725 -0.181654468 0.867495123 -0.092731848 0.995691001 0.000418522 -0.178667130 0.180909917 0.016435372 0.983362317 0.254356822
0 0.628520266 1.117369375 0.500000000 0.500000000 0.000000000 0.000000000 0.978507757 0.092338063 -0.184380770 0.876367063 -0.093862452 0.995585084 0.000462423 -0.180999818 0.183609441 0.016853945 0.982854784 0.259955286
0 0.628520266 1.117369375 0.500000000 0.500000000 0.000000000 0.000000000 0.977951527 0.093283698 -0.186839327 0.884821629 -0.094812162 0.995494902 0.000758645 -0.183633932 0.186068356 0.016972722 0.982390165 0.265604336
0 0.628520266 1.117369375 0.500000000 0.500000000 0.000000000 0.000000000 0.977264404 0.094257072 -0.189920738 0.893400897 -0.095854379 0.995395064 0.000779018 -0.186082485 0.189119592 0.017443428 0.981799126 0.271679765
0 0.628520266 1.117369375 0.500000000 0.500000000 0.000000000 0.000000000 0.976669133 0.095088460 -0.192550302 0.902137682 -0.096732020 0.995310068 0.000869010 -0.188257854 0.191729888 0.017777044 0.981286705 0.277444563
0 0.628520266 1.117369375 0.500000000 0.500000000 0.000000000 0.000000000 0.976101756 0.096073471 -0.194923833 0.911218050 -0.097738415 0.995211542 0.001081392 -0.190773217 0.194094345 0.017995998 0.980817795 0.283192396
0 0.628520266 1.117369375 0.500000000 0.500000000 0.000000000 0.000000000 0.975450337 0.096701391 -0.197852254 0.920864714 -0.098406382 0.995145559 0.001220229 -0.192725754 0.197009787 0.018279651 0.980231106 0.289585855
0 0.628520266 1.117369375 0.500000000 0.500000000 0.000000000 0.000000000 0.974909127 0.097683266 -0.200025499 0.929026764 -0.099401660 0.995046318 0.001458751 -0.195508013 0.199177131 0.018460717 0.979789615 0.294972953
0 0.628520266 1.117369375 0.500000000 0.500000000 0.000000000 0.000000000 0.974293768 0.098555110 -0.202579826 0.937467456 -0.100295722 0.994956255 0.001680974 -0.197960818 0.201723725 0.018680127 0.979264319 0.300836681
0 0.628520266 1.117369375 0.500000000 0.500000000 0.000000000 0.000000000 0.973713815 0.099552087 -0.204867706 0.946536956 -0.101327121 0.994851470 0.001834970 -0.200384912 0.203995600 0.018971918 0.978787959 0.306617093
0 0.628520266 1.117369375 0.500000000 0.500000000 0.000000000 0.000000000 0.973064125 0.100256577 -0.207593009 0.955438560 -0.102064051 0.994775772 0.002013341 -0.202789191 0.206710339 0.019228673 0.978213191 0.312881453
0 0.628520266 1.117369375 0.500000000 0.500000000 0.000000000 0.000000000 0.972401738 0.101135075 -0.210253641 0.964612069 -0.103001036 0.994679034 0.002085860 -0.205103815 0.209345847 0.019628048 0.977644622 0.319083023
0 0.628520266 1.117369375 0.500000000 0.500000000 0.000000000 0.000000000 0.971777320 0.102057584 -0.212680772 0.973657020 -0.103960142 0.994578898 0.002248510 -0.207504770 0.211757287 0.019925272 0.977119148 0.325121088
0 0.628520266 1.117369375 0.500000000 0.500000000 0.000000000 0.000000000 0.971087217 0.102822840 -0.215446234 0.981935048 -0.104741946 0.994496226 0.002522051 -0.209998809 0.214519799 0.020117126 0.976512432 0.331450827
0 0.628520266 1.117369375 0.500000000 0.500000000 0.000000000 0.000000000 0.970377028 0.103916667 -0.218104839 0.990653228 -0.105895244 0.994373798 0.002630397 -0.212609351 0.217151076 0.020543788 0.975921810 0.337705756
0 0.628520266 1.117369375 0.500000000 0.500000000 0.000000000 0.000000000 0.969585001 0.104905598 -0.221132830 0.999142936 -0.106920309 0.994263470 0.002873728 -0.215190634 0.220165759 0.020857267 0.975239456 0.344387652
0 0.628520266 1.117369375 0.500000000 0.500000000 0.000000000 0.000000000 0.968777299 0.105999164 -0.224131063 1.007896822 -0.108062826 0.994139314 0.003074651 -0.217557699 0.223143414 0.021241585 0.974554181 0.351106820
0 0.628520266 1.117369375 0.500000000 0.500000000 0.000000000 0.000000000 0.967966080 0.106935084 -0.227170661 1.015966051 -0.109004088 0.994035304 0.003455492 -0.220413154 0.226185173 0.021417731 0.973848820 0.357888430
0 0.628520266 1.117369375 0.500000000 0.500000000 0.000000000 0.000000000 0.967155874 0.107884020 -0.230153203 1.024128889 -0.110003710 0.993924499 0.003640348 -0.222969631 0.229147643 0.021796923 0.973147571 0.364516582
0 0.628520266 1.117369375 0.500000000 0.500000000 0.000000000 0.000000000 0.966164291 0.109042920 -0.233743891 1.032364403 -0.111231498 0.993787110 0.003839872 -0.225623060 0.232710376 0.022289736 0.972290635 0.372055012
0 0.628520266 1.117369375 0.500000000 0.500000000 0.000000000 0.000000000 0.965188861 0.110097960 -0.237252846 1.041022752 -0.112339787 0.993661404 0.004092605 -0.228373858 0.236199588 0.022702798 0.971439302 0.379599963
0 0.628520266 1.117369375 0.500000000 0.500000000 0.000000000 0.000000000 0.964209735 0.111202635 -0.240693793 1.049109037 -0.113537997 0.993524849 0.004188459 -0.230802408 0.239601031 0.023289338 0.970592082 0.386859553
0 0.628520266 1.117369375 0.500000000 0.500000000 0.000000000 0.000000000 0.963252962 0.112254210 -0.244013771 1.057346171 -0.114661738 0.993395030 0.004362509 -0.233382510 0.242891774 0.023776844 0.969761968 0.394072302
0 0.628520266 1.117369375 0.500000000 0.500000000 0.000000000 0.000000000 0.962288857 0.113269843 -0.247325867 1.065828724 -0.115729421 0.993270040 0.004619043 -0.235851232 0.246184573 0.024178024 0.968921363 0.401406798
0 0.628520266 1.117369375 0.500000000 0.500000000 0.000000000 0.000000000 0.961384714 0.114286117 -0.250356048 1.074031659 -0.116780207 0.993145585 0.004921194 -0.238713087 0.249202430 0.024505470 0.968141317 0.408550127
0 0.628520266 1.117369375 0.500000000 0.500000000 0.000000000 0.000000000 0.960465789 0.115333833 -0.253384143 1.082067533 -0.117849827 0.993017375 0.005279618 -0.241510442 0.252223790 0.024790386 0.967351317 0.415633738
0 0.628520266 1.117369375 0.500000000 0.500000000 0.000000000 0.000000000 0.959407747 0.116444826 -0.256860703 1.090354744 -0.119062893 0.992872059 0.005391838 -0.244049375 0.255657673 0.025409609 0.966433406 0.423217646
0 0.628520266 1.117369375 0.500000000 0.500000000 0.000000000 0.000000000 0.958484292 0.117531940 -0.259796172 1.097957140 -0.120198160 0.992733777 0.005657793 -0.246704075 0.258573413 0.025804117 0.965646923 0.429854682
0 0.628520266 1.117369375 0.500000000 0.500000000 0.000000000 0.000000000 0.957307577 0.118701778 -0.263575584 1.106817962 -0.121465027 0.992578506 0.005848187 -0.249243569 0.262313634 0.026416700 0.964621007 0.437896059
0 0.628520266 1.117369375 0.500000000 0.500000000 0.000000000 0.000000000 0.956165135 0.119976424 -0.267121524 1.114252887 -0.122805737 0.992411673 0.006152423 -0.252248777 0.265832663 0.026921324 0.963643193 0.445160787
0 0.628520266 1.117369375 0.500000000 0.500000000 0.000000000 0.000000000 0.955029011 0.121040374 -0.270682186 1.122474430 -0.123874433 0.992275596 0.006656243 -0.254933356 0.269397020 0.027173700 0.962645769 0.453010610
0 0.628520266 1.117369375 0.500000000 0.500000000 0.000000000 0.000000000 0.953772664 0.122329988 -0.274505079 1.130356572 -0.125267714 0.992099166 0.006872557 -0.257548086 0.273176968 0.027831765 0.961561084 0.460850490
0 0.628520266 1.117369375 0.500000000 0.500000000 0.000000000 0.000000000 0.952515602 0.123610251 -0.278270543 1.137844457 -0.126608983 0.991926253 0.007241944 -0.260175798 0.276919037 0.028333485 0.960475445 0.468631658
0 0.628520266 1.117369375 0.500000000 0.500000000 0.000000000 0.000000000 0.951428294 0.124886826 -0.281402797 1.145488573 -0.127909809 0.991756082 0.007676744 -0.262984211 0.280041665 0.028690306 0.959559023 0.475508712
0 0.628520266 1.117369375 0.500000000 0.500000000 0.000000000 0.000000000 0.950095356 0.125897065 -0.285427243 1.154189298 -0.129018813 0.991610527 0.007920326 -0.265459927 0.284029782 0.029300418 0.958367646 0.484102073
0 0.628520266 1.117369375 0.500000000 0.500000000 0.000000000 0.000000000 0.948936462 0.127072394 -0.288742363 1.162318842 -0.130242601 0.991447508 0.008289941 -0.268258005 0.287326336 0.029739929 0.957370937 0.491432390
0 0.628520266 1.117369375 0.500000000 0.500000000 0.000000000 0.000000000 0.947812259 0.128156692 -0.291938066 1.170229517 -0.131342754 0.991298437 0.008745882 -0.270997956 0.290518582 0.030054497 0.956397235 0.498608399
0 0.628520266 1.117369375 0.500000000 0.500000000 0.000000000 0.000000000 0.946656108 0.129266843 -0.295181751 1.178374178 -0.132521078 0.991138935 0.009043637 -0.273684705 0.293735147 0.030556588 0.955398321 0.505893472
0 0.628520266 1.117369375 0.500000000 0.500000000 0.000000000 0.000000000 0.945383191 0.130375147 -0.298752278 1.187123999 -0.133779243 0.990969181 0.009121571 -0.275966982 0.297243506 0.031343475 0.954287112 0.513638693
0 0.628520266 1.117369375 0.500000000 0.500000000 0.000000000 0.000000000 0.944124043 0.131596029 -0.302179158 1.194940732 -0.135051608 0.990792751 0.009527206 -0.278920620 0.300650686 0.031814918 0.953203559 0.521071704
0 0.628520266 1.117369375 0.500000000 0.500000000 0.000000000 0.000000000 0.943034530 0.132539958 -0.305154055 1.202703142 -0.136020273 0.990656316 0.009928526 -0.281480642 0.303618729 0.032144193 0.952251256 0.527913489
0 0.628520266 1.117369375 0.500000000 0.500000000 0.000000000 0.000000000 0.941929996 0.133561209 -0.308106035 1.210977591 -0.137115911 0.990502596 0.010188518 -0.283997261 0.306540608 0.032649368 0.951297462 0.534646181
0 0.628520266 1.117369375 0.500000000 0.500000000 0.000000000 0.000000000 0.940626681 0.134728059 -0.311560333 1.218844318 -0.138336703 0.990328550 0.010597799 -0.286869611 0.309974909 0.033131659 0.950167298 0.542216090
0 0.628520266 1.117369375 0.500000000 0.500000000 0.000000000 0.000000000 0.939430416 0.135779083 -0.314697534 1.226818270 -0.139432833 0.990170598 0.010985199 -0.289575752 0.313095808 0.033559337 0.949128449 0.549250589
0 0.628520266 1.117369375 0.500000000 0.500000000 0.000000000 0.000000000 0.938279688 0.136850208 -0.317652702 1.235833891 -0.140590385 0.990004063 0.011236056 -0.291868003 0.316015154 0.034116358 0.948140562 0.556118694
0 0.628520266 1.117369375 0.500000000 0.500000000 0.000000000 0.000000000 0.937063694 0.137790263 -0.320819944 1.244174128 -0.141617745 0.989854693 0.011493928 -0.294198841 0.319148868 0.034663256 0.947070479 0.563238179
0 0.628520266 1.117369375 0.500000000 0.500000000 0.000000000 0.000000000 0.935962379 0.138863012 -0.323560566 1.252086430 -0.142741427 0.989689231 0.011838951 -0.296913899 0.321868390 0.035104685 0.946133375 0.569618903
0 0.628520266 1.117369375 0.500000000 0.500000000 0.000000000 0.000000000 0.934901416 0.139660224 -0.326273412 1.260724325 -0.143572032 0.989564776 0.012189601 -0.299311924 0.324571073 0.035447657 0.945196867 0.576304087
0 0.628520266 1.117369375 0.500000000 0.500000000 0.000000000 0.000000000 0.933816075 0.140666321 -0.328938484 1.268537509 -0.144619137 0.989407778 0.012551515 -0.301656791 0.327219874 0.035849992 0.944267929 0.582692488
0 0.628520266 1.117369375 0.500000000 0.500000000 0.000000000 0.000000000 0.932485938 0.141602382 -0.332293093 1.278077519 -0.145682916 0.989249349 0.012738102 -0.304061875 0.330524474 0.036531329 0.943090141 0.590512322
0 0.628520266 1.117369375 0.500000000 0.500000000 0.000000000 0.000000000 0.931455195 0.142581776 -0.334756047 1.285509837 -0.146619424 0.989103317 0.013319200 -0.306985560 0.333007395 0.036675498 0.942210674 0.596596736
0 0.628520266 1.117369375 0.500000000 0.500000000 0.000000000 0.000000000 0.930401742 0.143693745 -0.337201357 1.292965513 -0.147774860 0.988926411 0.013678904 -0.309549251 0.335432887 0.037103008 0.941333175 0.602578599
0 0.628520266 1.117369375 0.500000000 0.500000000 0.000000000 0.000000000 0.929181039 0.144700229 -0.340124190 1.302001814 -0.148911849 0.988753617 0.013838500 -0.311664581 0.338301480 0.037790053 0.940278709 0.609431714
0 0.628520266 1.117369375 0.500000000 0.500000000 0.000000000 0.000000000 0.927753329 0.145628691 -0.343607396 1.311001464 -0.149929345 0.988595128 0.014174204 -0.314123368 0.341752738 0.038366664 0.939006448 0.617584997
0 0.628520266 1.117369375 0.500000000 0.500000000 0.000000000 0.000000000 0.926611185 0.146655872 -0.346242309 1.318861857 -0.150971010 0.988429844 0.014636004 -0.316858767 0.344382674 0.038710665 0.938030958 0.624092290
0 0.628520266 1.117369375 0.500000000 0.500000000 0.000000000 0.000000000 0.925270975 0.147654086 -0.349387884 1.327204475 -0.152101710 0.988253474 0.014838378 -0.319140716 0.347474724 0.039412975 0.936860681 0.631462457
0 0.628520266 1.117369375 0.500000000 0.500000000 0.000000000 0.000000000 0.924191654 0.148667336 -0.351806462 1.335438727 -0.153135598 0.988087296 0.015263150 -0.321693215 0.349884629 0.039768014 0.935948312 0.637709909
0 0.628520266 1.117369375 0.500000000 0.500000000 0.000000000 0.000000000 0.922960520 0.149388388 -0.354721010 1.344237166 -0.153957427 0.987956166 0.015484156 -0.323849936 0.352761954 0.040320668 0.934843957 0.644755805
0 0.628520266 1.117369375 0.500000000 0.500000000 0.000000000 0.000000000 0.921763301 0.150341302 -0.357421160 1.352422393 -0.154988676 0.987790108 0.015787475 -0.326239022 0.355430573 0.040843915 0.933809876 0.651461919
0 0.628520266 1.117369375 0.500000000 0.500000000 0.000000000 0.000000000 0.920588732 0.151266724 -0.360048234 1.360316047 -0.155972973 0.987629592 0.016132651 -0.328773811 0.358034611 0.041306254 0.932794213 0.657920934
0 0.628520266 1.117369375 0.500000000 0.500000000 0.000000000 0.000000000 0.919362843 0.152164906 -0.362791717 1.368492909 -0.156902924 0.987475157 0.016561408 -0.331264558 0.360767871 0.041697141 0.931723058 0.664607254
