0 0.545530421 0.969831846 0.500000000 0.500000000 0.000000000 0.000000000 0.999231160 0.002929174 0.039095417 -0.349571106 -0.002976191 0.999994934 0.001144491 0.132200964 -0.039091866 -0.001259967 0.999234855 -1.275658090
0 0.545530421 0.969831846 0.500000000 0.500000000 0.000000000 0.000000000 0.999109328 0.002358277 0.042131260 -0.359851034 -0.002427324 0.999995768 0.001587772 0.132210782 -0.042127341 -0.001688624 0.999110818 -1.290029128
0 0.545530421 0.969831846 0.500000000 0.500000000 0.000000000 0.000000000 0.998979211 0.002234287 0.045117319 -0.368967821 -0.002345247 0.999994338 0.002406576 0.130815986 -0.045111686 -0.002509931 0.998978794 -1.303872424
0 0.545530421 0.969831846 0.500000000 0.500000000 0.000000000 0.000000000 0.998827755 0.001945707 0.048366867 -0.379583695 -0.002093496 0.999993265 0.003005115 0.130829245 -0.048360694 -0.003102848 0.998825133 -1.317549197
0 0.545530421 0.969831846 0.500000000 0.500000000 0.000000000 0.000000000 0.998656750 0.001583265 0.051789608 -0.391719463 -0.001755892 0.999993026 0.003287906 0.132565351 -0.051784042 -0.003374427 0.998652577 -1.329679053
0 0.545530421 0.969831846 0.500000000 0.500000000 0.000000000 0.000000000 0.998493075 0.001497702 0.054856870 -0.401461724 -0.001697372 0.999992132 0.003593424 0.133888659 -0.054851055 -0.003681121 0.998487771 -1.342509239
0 0.545530421 0.969831846 0.500000000 0.500000000 0.000000000 0.000000000 0.998342335 0.001622803 0.057531673 -0.408459449 -0.001856291 0.999990284 0.004005201 0.134819316 -0.057524614 -0.004105357 0.998335660 -1.355279182
0 0.545530421 0.969831846 0.500000000 0.500000000 0.000000000 0.000000000 0.998165011 0.001439234 0.060535323 -0.417616791 -0.001720096 0.999988019 0.004587790 0.134932894 -0.060527995 -0.004683498 0.998155534 -1.368404661
0 0.545530421 0.969831846 0.500000000 0.500000000 0.000000000 0.000000000 0.997966111 0.001003979 0.063738376 -0.427769510 -0.001318311 0.999987185 0.004889736 0.136330379 -0.063732646 -0.004963818 0.997954667 -1.381920002
0 0.545530421 0.969831846 0.500000000 0.500000000 0.000000000 0.000000000 0.997762620 0.000715031 0.066852085 -0.436843736 -0.001067760 0.999985695 0.005240690 0.137751018 -0.066847384 -0.005300347 0.997749150 -1.394651187
0 0.545530421 0.969831846 0.500000000 0.500000000 0.000000000 0.000000000 0.997554183 0.000506340 0.069895305 -0.446153459 -0.000895347 0.999984264 0.005534348 0.139310283 -0.069891401 -0.005583392 0.997538984 -1.406466461
0 0.545530421 0.969831846 0.500000000 0.500000000 0.000000000 0.000000000 0.997345388 0.000215841 0.072816104 -0.454359257 -0.000633094 0.999983490 0.005707204 0.141243024 -0.072813667 -0.005738153 0.997329056 -1.419277003
0 0.545530421 0.969831846 0.500000000 0.500000000 0.000000000 0.000000000 0.997120678 -0.000034667 0.075831443 -0.463097709 -0.000412909 0.999982595 0.005886570 0.143530839 -0.075830333 -0.005900932 0.997103274 -1.433156454
0 0.545530421 0.969831846 0.500000000 0.500000000 0.000000000 0.000000000 0.996889174 -0.000234775 0.078815617 -0.472401559 -0.000238518 0.999981999 0.005995593 0.146029045 -0.078815602 -0.005995740 0.996871173 -1.445701845
0 0.545530421 0.969831846 0.500000000 0.500000000 0.000000000 0.000000000 0.996664464 -0.000253046 0.081607841 -0.480298819 -0.000246147 0.999981344 0.006106851 0.148229283 -0.081607863 -0.006106569 0.996645808 -1.459538386
0 0.545530421 0.969831846 0.500000000 0.500000000 0.000000000 0.000000000 0.996449709 -0.000339270 0.084189445 -0.487420086 -0.000195104 0.999979913 0.006338974 0.149634698 -0.084189907 -0.006332895 0.996429622 -1.473500681
0 0.545530421 0.969831846 0.500000000 0.500000000 0.000000000 0.000000000 0.996240973 -0.000437314 0.086624280 -0.493978957 -0.000140838 0.999977767 0.006668021 0.150652993 -0.086625271 -0.006655156 0.996218741 -1.485698608
0 0.545530421 0.969831846 0.500000000 0.500000000 0.000000000 0.000000000 0.996036232 -0.000443284 0.088947006 -0.499646307 -0.000185263 0.999975085 0.007058160 0.151384474 -0.088947922 -0.007046662 0.996011376 -1.499408918
0 0.545530421 0.969831846 0.500000000 0.500000000 0.000000000 0.000000000 0.995824933 -0.000586724 0.091281943 -0.505031645 -0.000088186 0.999972701 0.007389472 0.152272772 -0.091283791 -0.007366670 0.995797694 -1.514399686
0 0.545530421 0.969831846 0.500000000 0.500000000 0.000000000 0.000000000 0.995591640 -0.000686204 0.093791142 -0.511983859 -0.000036439 0.999970317 0.007702883 0.153357830 -0.093793646 -0.007672344 0.995562077 -1.528443172
0 0.545530421 0.969831846 0.500000000 0.500000000 0.000000000 0.000000000 0.995361686 -0.000862050 0.096199848 -0.518095121 0.000078037 0.999966741 0.008153304 0.154133155 -0.096203677 -0.008107980 0.995328665 -1.542860879
0 0.545530421 0.969831846 0.500000000 0.500000000 0.000000000 0.000000000 0.995129824 -0.000923994 0.098568358 -0.523967144 0.000068363 0.999962270 0.008683603 0.154475836 -0.098572664 -0.008634575 0.995092392 -1.558411266
0 0.545530421 0.969831846 0.500000000 0.500000000 0.000000000 0.000000000 0.994889557 -0.000981287 0.100964621 -0.530691641 0.000057679 0.999958158 0.009150347 0.154403611 -0.100969374 -0.009097761 0.994847953 -1.572403013
0 0.545530421 0.969831846 0.500000000 0.500000000 0.000000000 0.000000000 0.994655132 -0.000889299 0.103248924 -0.536528690 -0.000087067 0.999955356 0.009451533 0.155521269 -0.103252716 -0.009410005 0.994610667 -1.587088285
0 0.545530421 0.969831846 0.500000000 0.500000000 0.000000000 0.000000000 0.994436681 -0.000692308 0.105333805 -0.541352933 -0.000334753 0.999952555 0.009732544 0.157251087 -0.105335549 -0.009713660 0.994389296 -1.604184431
0 0.545530421 0.969831846 0.500000000 0.500000000 0.000000000 0.000000000 0.994201422 -0.000810750 0.107530646 -0.548220004 -0.000302118 0.999946594 0.010332618 0.157434248 -0.107533284 -0.010305190 0.994148076 -1.618875904
0 0.545530421 0.969831846 0.500000000 0.500000000 0.000000000 0.000000000 0.994009435 -0.000923153 0.109290667 -0.552655593 -0.000283806 0.999939144 0.011027497 0.156137880 -0.109294191 -0.010992453 0.993948638 -1.633118195
0 0.545530421 0.969831846 0.500000000 0.500000000 0.000000000 0.000000000 0.993819177 -0.001219024 0.111004375 -0.556106936 -0.000054458 0.999934256 0.011468606 0.156370693 -0.111011058 -0.011403766 0.993753731 -1.647304986
0 0.545530421 0.969831846 0.500000000 0.500000000 0.000000000 0.000000000 0.993568838 -0.001462446 0.113220274 -0.563292838 0.000167136 0.999934435 0.011449265 0.158466689 -0.113229595 -0.011356710 0.993503928 -1.661798522
0 0.545530421 0.969831846 0.500000000 0.500000000 0.000000000 0.000000000 0.993300915 -0.001849037 0.115541443 -0.571208766 0.000543963 0.999935687 0.011325800 0.161471437 -0.115554951 -0.011187077 0.993238091 -1.676028938
0 0.545530421 0.969831846 0.500000000 0.500000000 0.000000000 0.000000000 0.993019521 -0.002276393 0.117928304 -0.579843795 0.000950963 0.999935746 0.011294344 0.163336084 -0.117946438 -0.011103358 0.992957890 -1.690358733
0 0.545530421 0.969831846 0.500000000 0.500000000 0.000000000 0.000000000 0.992775738 -0.002481408 0.119959153 -0.586739449 0.001140390 0.999936104 0.011246310 0.165247371 -0.119979396 -0.011028263 0.992715120 -1.702885451
0 0.545530421 0.969831846 0.500000000 0.500000000 0.000000000 0.000000000 0.992539048 -0.002673702 0.121898092 -0.593021451 0.001342858 0.999938607 0.010998527 0.168259839 -0.121920019 -0.010752775 0.992481709 -1.716989962
0 0.545530421 0.969831846 0.500000000 0.500000000 0.000000000 0.000000000 0.992268801 -0.003027582 0.124070592 -0.600863865 0.001716936 0.999941587 0.010669274 0.171642392 -0.124095649 -0.010373767 0.992216051 -1.731635153
0 0.545530421 0.969831846 0.500000000 0.500000000 0.000000000 0.000000000 0.991956592 -0.003580436 0.126527920 -0.611217586 0.002278887 0.999943018 0.010429916 0.174092459 -0.126558065 -0.010057681 0.991908193 -1.745060079
0 0.545530421 0.969831846 0.500000000 0.500000000 0.000000000 0.000000000 0.991685688 -0.003889995 0.128624782 -0.619519120 0.002609568 0.999945343 0.010121777 0.176949154 -0.128657132 -0.009701966 0.991641700 -1.759001013
0 0.545530421 0.969831846 0.500000000 0.500000000 0.000000000 0.000000000 0.991465449 -0.003795060 0.130314305 -0.625683773 0.002507274 0.999946415 0.010044806 0.178246921 -0.130345434 -0.009632344 0.991421878 -1.773305293
0 0.545530421 0.969831846 0.500000000 0.500000000 0.000000000 0.000000000 0.991212785 -0.003989919 0.132216722 -0.633617824 0.002688633 0.999946177 0.010019131 0.179479888 -0.132249579 -0.009575609 0.991170168 -1.786949833
0 0.545530421 0.969831846 0.500000000 0.500000000 0.000000000 0.000000000 0.990942657 -0.004167036 0.134220853 -0.642128544 0.002866536 0.999947071 0.009881047 0.181401385 -0.134254918 -0.009406801 0.990902185 -1.800810602
0 0.545530421 0.969831846 0.500000000 0.500000000 0.000000000 0.000000000 0.990676105 -0.004301052 0.136170506 -0.650847212 0.003000731 0.999947965 0.009753034 0.182787678 -0.136205375 -0.009253486 0.990637422 -1.815258296
0 0.545530421 0.969831846 0.500000000 0.500000000 0.000000000 0.000000000 0.990403533 -0.004292630 0.138139188 -0.660159313 0.003001021 0.999949813 0.009556975 0.184146090 -0.138173282 -0.009050704 0.990366697 -1.829116906
0 0.545530421 0.969831846 0.500000000 0.500000000 0.000000000 0.000000000 0.990158975 -0.004193973 0.139884412 -0.668252332 0.002939028 0.999953568 0.009176675 0.186502163 -0.139916405 -0.008675243 0.990125299 -1.843199100
0 0.545530421 0.969831846 0.500000000 0.500000000 0.000000000 0.000000000 0.989914000 -0.004404984 0.141601250 -0.676456667 0.003127192 0.999952376 0.009245140 0.186656427 -0.141635224 -0.008709080 0.989880621 -1.856987352
0 0.545530421 0.969831846 0.500000000 0.500000000 0.000000000 0.000000000 0.989640653 -0.004436626 0.143497884 -0.686085199 0.003160252 0.999953389 0.009121424 0.187367513 -0.143531665 -0.008573442 0.989608586 -1.871292934
0 0.545530421 0.969831846 0.500000000 0.500000000 0.000000000 0.000000000 0.989351451 -0.004591215 0.145473912 -0.696284580 0.003371204 0.999957085 0.008631875 0.190388280 -0.145507306 -0.008049536 0.989324450 -1.885840009
0 0.545530421 0.969831846 0.500000000 0.500000000 0.000000000 0.000000000 0.989094853 -0.004833482 0.147200480 -0.705477800 0.003688952 0.999960840 0.008047317 0.193220995 -0.147233605 -0.007416545 0.989073932 -1.901593912
0 0.545530421 0.969831846 0.500000000 0.500000000 0.000000000 0.000000000 0.988837481 -0.005099558 0.148910776 -0.715156728 0.003993044 0.999962151 0.007728746 0.194788614 -0.148944557 -0.007047867 0.988820434 -1.915558440
0 0.545530421 0.969831846 0.500000000 0.500000000 0.000000000 0.000000000 0.988565803 -0.005373349 0.150694504 -0.725379467 0.004287143 0.999962449 0.007531953 0.195475787 -0.150729328 -0.006799782 0.988551676 -1.929767598
0 0.545530421 0.969831846 0.500000000 0.500000000 0.000000000 0.000000000 0.988313437 -0.005496875 0.152336389 -0.734879603 0.004397369 0.999961793 0.007553590 0.195201473 -0.152372092 -0.006795434 0.988299847 -1.942132235
0 0.545530421 0.969831846 0.500000000 0.500000000 0.000000000 0.000000000 0.988144755 -0.005509307 0.153426260 -0.741507749 0.004489955 0.999965489 0.006989616 0.197970139 -0.153459474 -0.006217875 0.988135397 -1.953080014
0 0.545530421 0.969831846 0.500000000 0.500000000 0.000000000 0.000000000 0.987955451 -0.005802975 0.154629678 -0.748344508 0.004915677 0.999969184 0.006119957 0.202179939 -0.154660434 -0.005286135 0.987953544 -1.965984777
0 0.545530421 0.969831846 0.500000000 0.500000000 0.000000000 0.000000000 0.987713873 -0.006280637 0.156147033 -0.757570288 0.005570029 0.999972045 0.004988033 0.207951489 -0.156174004 -0.004057006 0.987721205 -1.980060393
0 0.545530421 0.969831846 0.500000000 0.500000000 0.000000000 0.000000000 0.987469316 -0.006538099 0.157675490 -0.767414130 0.005952694 0.999973536 0.004184685 0.211875623 -0.157698676 -0.003193655 0.987482131 -1.992339493
0 0.545530421 0.969831846 0.500000000 0.500000000 0.000000000 0.000000000 0.987272084 -0.006719688 0.158898279 -0.775814379 0.006251986 0.999974549 0.003443122 0.215679910 -0.158917367 -0.002405869 0.987288952 -2.005369842
0 0.545530421 0.969831846 0.500000000 0.500000000 0.000000000 0.000000000 0.987119973 -0.006860236 0.159834668 -0.782451593 0.006510941 0.999975145 0.002708958 0.219631934 -0.159849286 -0.001633393 0.987140059 -2.018443378
0 0.545530421 0.969831846 0.500000000 0.500000000 0.000000000 0.000000000 0.986939907 -0.006933139 0.160939530 -0.790499119 0.006712263 0.999975622 0.001916061 0.223465536 -0.160948902 -0.000810769 0.986962438 -2.031920146
0 0.545530421 0.969831846 0.500000000 0.500000000 0.000000000 0.000000000 0.986776888 -0.007153875 0.161926523 -0.798345005 0.007029865 0.999974370 0.001338775 0.226525659 -0.161931962 -0.000182750 0.986801922 -2.044987157
0 0.545530421 0.969831846 0.500000000 0.500000000 0.000000000 0.000000000 0.986640930 -0.007399624 0.162741840 -0.805515805 0.007357604 0.999972582 0.000860919 0.228649541 -0.162743747 0.000347972 0.986668289 -2.058020375
0 0.545530421 0.969831846 0.500000000 0.500000000 0.000000000 0.000000000 0.986520648 -0.007611003 0.163459718 -0.812228626 0.007659222 0.999970615 0.000335243 0.231320851 -0.163457468 0.000921250 0.986549973 -2.071133321
0 0.545530421 0.969831846 0.500000000 0.500000000 0.000000000 0.000000000 0.986421883 -0.007771163 0.164047256 -0.818700832 0.007887064 0.999968886 -0.000055171 0.233621404 -0.164041728 0.001348273 0.986452460 -2.083699219
0 0.545530421 0.969831846 0.500000000 0.500000000 0.000000000 0.000000000 0.986349821 -0.007817759 0.164477840 -0.823976570 0.007980008 0.999968112 -0.000325692 0.234934252 -0.164470047 0.001633780 0.986380696 -2.097685562
0 0.545530421 0.969831846 0.500000000 0.500000000 0.000000000 0.000000000 0.986276329 -0.007696606 0.164923638 -0.829767932 0.007923480 0.999968350 -0.000717778 0.237019862 -0.164912894 0.002014696 0.986306071 -2.110922277
0 0.545530421 0.969831846 0.500000000 0.500000000 0.000000000 0.000000000 0.986244202 -0.007581432 0.165120944 -0.834468427 0.007857933 0.999968588 -0.001021353 0.238460824 -0.165108025 0.002304812 0.986272812 -2.124482214
0 0.545530421 0.969831846 0.500000000 0.500000000 0.000000000 0.000000000 0.986234605 -0.007692134 0.165173203 -0.838392624 0.007993122 0.999967396 -0.001157632 0.239246979 -0.165158913 0.002461946 0.986263871 -2.138309525
0 0.545530421 0.969831846 0.500000000 0.500000000 0.000000000 0.000000000 0.986237705 -0.007549616 0.165161148 -0.842147066 0.007884137 0.999967992 -0.001369931 0.240332793 -0.165145516 0.002653231 0.986265659 -2.152464292
0 0.545530421 0.969831846 0.500000000 0.500000000 0.000000000 0.000000000 0.986229181 -0.007630752 0.165208191 -0.846690927 0.007976124 0.999967158 -0.001427194 0.240786142 -0.165191874 0.002725261 0.986257672 -2.166378501
0 0.545530421 0.969831846 0.500000000 0.500000000 0.000000000 0.000000000 0.986222208 -0.007754405 0.165244162 -0.850811067 0.008087507 0.999966383 -0.001343071 0.240702848 -0.165228188 0.002660979 0.986251771 -2.179690959
0 0.545530421 0.969831846 0.500000000 0.500000000 0.000000000 0.000000000 0.986226857 -0.007892187 0.165209725 -0.855100579 0.008215821 0.999965429 -0.001275650 0.240651235 -0.165193945 0.002615414 0.986257613 -2.193768754
0 0.545530421 0.969831846 0.500000000 0.500000000 0.000000000 0.000000000 0.986249804 -0.008024787 0.165066481 -0.858348818 0.008406955 0.999963343 -0.001616712 0.242673690 -0.165047452 0.002982188 0.986281097 -2.207777493
0 0.545530421 0.969831846 0.500000000 0.500000000 0.000000000 0.000000000 0.986175716 -0.008328751 0.165493309 -0.865029725 0.008861112 0.999957681 -0.002478742 0.247944110 -0.165465668 0.003910930 0.986207783 -2.223309798
0 0.545530421 0.969831846 0.500000000 0.500000000 0.000000000 0.000000000 0.986085176 -0.008862955 0.166004390 -0.873041884 0.009549949 0.999948800 -0.003340646 0.253556655 -0.165966272 0.004879495 0.986119330 -2.238987129
0 0.545530421 0.969831846 0.500000000 0.500000000 0.000000000 0.000000000 0.986112118 -0.009021036 0.165835857 -0.877016638 0.009789905 0.999944806 -0.003819468 0.257168330 -0.165792242 0.005389941 0.986145973 -2.253792185
0 0.545530421 0.969831846 0.500000000 0.500000000 0.000000000 0.000000000 0.986178696 -0.009327282 0.165422544 -0.879677399 0.010117875 0.999941051 -0.003937195 0.258668759 -0.165376067 0.005556502 0.986214936 -2.268241349
0 0.545530421 0.969831846 0.500000000 0.500000000 0.000000000 0.000000000 0.986226082 -0.009505762 0.165129542 -0.883228167 0.010341891 0.999937654 -0.004204417 0.260814644 -0.165079281 0.005854257 0.986262918 -2.281905236
0 0.545530421 0.969831846 0.500000000 0.500000000 0.000000000 0.000000000 0.986262202 -0.009747269 0.164899558 -0.886742131 0.010606872 0.999934375 -0.004333111 0.262799204 -0.164846495 0.006022652 0.986300826 -2.295913169
0 0.545530421 0.969831846 0.500000000 0.500000000 0.000000000 0.000000000 0.986273468 -0.010007631 0.164816499 -0.891771155 0.010945484 0.999928653 -0.004783038 0.266609108 -0.164756864 0.006521380 0.986312628 -2.309680584
0 0.545530421 0.969831846 0.500000000 0.500000000 0.000000000 0.000000000 0.986269653 -0.010095331 0.164833948 -0.897506584 0.011144665 0.999923110 -0.005442390 0.271549143 -0.164766327 0.007204683 0.986306310 -2.324081062
0 0.545530421 0.969831846 0.500000000 0.500000000 0.000000000 0.000000000 0.986275673 -0.010430585 0.164777204 -0.902973699 0.011572447 0.999915183 -0.005971230 0.275976375 -0.164700955 0.007796154 0.986312747 -2.337962122
0 0.545530421 0.969831846 0.500000000 0.500000000 0.000000000 0.000000000 0.986319363 -0.010564784 0.164506927 -0.907162669 0.011764893 0.999910831 -0.006322536 0.279498290 -0.164425462 0.008171447 0.986355662 -2.352954642
0 0.545530421 0.969831846 0.500000000 0.500000000 0.000000000 0.000000000 0.986361444 -0.010555746 0.164254829 -0.911515739 0.011792927 0.999908924 -0.006558740 0.282034069 -0.164170653 0.008406333 0.986396134 -2.367202567
0 0.545530421 0.969831846 0.500000000 0.500000000 0.000000000 0.000000000 0.986413658 -0.010633294 0.163936213 -0.915764823 0.011871385 0.999907911 -0.006574390 0.283838081 -0.163851202 0.008431218 0.986449063 -2.381028743
