0 0.496478680 0.882628779 0.500000000 0.500000000 0.000000000 0.000000000 0.979596674 -0.016304653 0.200311124 -0.136341443 0.016031573 0.999867022 0.002985407 -0.045033252 -0.200333163 0.000286807 0.979727805 -0.397831887
0 0.496478680 0.882628779 0.500000000 0.500000000 0.000000000 0.000000000 0.977882087 -0.017338147 0.208437204 -0.145737063 0.016900726 0.999849617 0.003879464 -0.044950441 -0.208473131 -0.000270918 0.978028059 -0.412225837
0 0.496478680 0.882628779 0.500000000 0.500000000 0.000000000 0.000000000 0.976070404 -0.018170863 0.216694310 -0.155475055 0.017662354 0.999834836 0.004283276 -0.044709158 -0.216736361 -0.000353448 0.976230085 -0.425954010
0 0.496478680 0.882628779 0.500000000 0.500000000 0.000000000 0.000000000 0.974203706 -0.019120138 0.224858925 -0.165394653 0.018667683 0.999817193 0.004138219 -0.044431401 -0.224896938 0.000166127 0.974382520 -0.439854931
0 0.496478680 0.882628779 0.500000000 0.500000000 0.000000000 0.000000000 0.972393453 -0.020228153 0.232468918 -0.174936357 0.019888900 0.999794960 0.003803387 -0.044603811 -0.232498199 0.000925163 0.972596407 -0.453914033
0 0.496478680 0.882628779 0.500000000 0.500000000 0.000000000 0.000000000 0.970448792 -0.021081597 0.240384564 -0.184921817 0.020899121 0.999776125 0.003308659 -0.044858982 -0.240400493 0.001812942 0.970672071 -0.468201774
0 0.496478680 0.882628779 0.500000000 0.500000000 0.000000000 0.000000000 0.968277335 -0.022034982 0.248904422 -0.195800751 0.021938277 0.999754310 0.003162785 -0.045213577 -0.248912960 0.002398082 0.968522906 -0.482505341
0 0.496478680 0.882628779 0.500000000 0.500000000 0.000000000 0.000000000 0.966113627 -0.023137895 0.257077932 -0.207164321 0.022986688 0.999729335 0.003593770 -0.045870531 -0.257091492 0.002437380 0.966383994 -0.497056005
0 0.496478680 0.882628779 0.500000000 0.500000000 0.000000000 0.000000000 0.963959098 -0.024423538 0.264927089 -0.218242004 0.024159081 0.999699056 0.004257107 -0.046804835 -0.264951319 0.002296717 0.964259028 -0.511833165
0 0.496478680 0.882628779 0.500000000 0.500000000 0.000000000 0.000000000 0.961696923 -0.025443029 0.272931755 -0.229774258 0.025130188 0.999673426 0.004642535 -0.047775699 -0.272960722 0.002394114 0.962022185 -0.526848069
0 0.496478680 0.882628779 0.500000000 0.500000000 0.000000000 0.000000000 0.959371090 -0.026157996 0.280932099 -0.241758903 0.025942335 0.999653399 0.004487209 -0.048347666 -0.280952096 0.002983137 0.959717155 -0.542399963
0 0.496478680 0.882628779 0.500000000 0.500000000 0.000000000 0.000000000 0.956909180 -0.026861291 0.289142251 -0.254460945 0.026779281 0.999632359 0.004240394 -0.048555793 -0.289149880 0.003685349 0.957276762 -0.558291231
0 0.496478680 0.882628779 0.500000000 0.500000000 0.000000000 0.000000000 0.954531312 -0.027624264 0.296828091 -0.267339826 0.027617102 0.999609649 0.004218239 -0.048408960 -0.296828777 0.004171091 0.954921603 -0.574679836
0 0.496478680 0.882628779 0.500000000 0.500000000 0.000000000 0.000000000 0.952242374 -0.028355801 0.304023653 -0.279952890 0.028334193 0.999588430 0.004483572 -0.047890317 -0.304025650 0.004344818 0.952653944 -0.591416116
0 0.496478680 0.882628779 0.500000000 0.500000000 0.000000000 0.000000000 0.950031638 -0.029079996 0.310796201 -0.292796961 0.028955894 0.999568105 0.005014293 -0.047443782 -0.310807794 0.004235645 0.950463355 -0.608668043
0 0.496478680 0.882628779 0.500000000 0.500000000 0.000000000 0.000000000 0.947943985 -0.029857051 0.317034394 -0.304428280 0.029619908 0.999545693 0.005568717 -0.046982300 -0.317056626 0.004111697 0.948397696 -0.625828199
0 0.496478680 0.882628779 0.500000000 0.500000000 0.000000000 0.000000000 0.945677221 -0.030533541 0.323669970 -0.315743351 0.030243948 0.999525011 0.005925862 -0.045840571 -0.323697180 0.004185106 0.946151495 -0.642632974
0 0.496478680 0.882628779 0.500000000 0.500000000 0.000000000 0.000000000 0.943286777 -0.030878138 0.330539912 -0.327015315 0.030616995 0.999513209 0.005997763 -0.044221586 -0.330564201 0.004462529 0.943772972 -0.659175906
0 0.496478680 0.882628779 0.500000000 0.500000000 0.000000000 0.000000000 0.940855443 -0.031228539 0.337365955 -0.338415036 0.031083152 0.999499798 0.005833916 -0.041711423 -0.337379366 0.004997525 0.941355526 -0.674754437
0 0.496478680 0.882628779 0.500000000 0.500000000 0.000000000 0.000000000 0.938487470 -0.031917114 0.343835115 -0.348730435 0.031895272 0.999474823 0.005720880 -0.038911862 -0.343837142 0.005597740 0.939012587 -0.689988823
0 0.496478680 0.882628779 0.500000000 0.500000000 0.000000000 0.000000000 0.936033309 -0.032560613 0.350401759 -0.359526060 0.032766603 0.999448776 0.005342530 -0.035686061 -0.350382566 0.006480689 0.936584234 -0.704555261
0 0.496478680 0.882628779 0.500000000 0.500000000 0.000000000 0.000000000 0.933565259 -0.033334564 0.356853843 -0.369719675 0.033798978 0.999416471 0.004936368 -0.032654008 -0.356810153 0.007452873 0.934147179 -0.719039233
0 0.496478680 0.882628779 0.500000000 0.500000000 0.000000000 0.000000000 0.930961967 -0.034115165 0.363518924 -0.380608986 0.034799945 0.999383390 0.004667450 -0.029104095 -0.363454014 0.008305220 0.931575119 -0.733527574
0 0.496478680 0.882628779 0.500000000 0.500000000 0.000000000 0.000000000 0.928635359 -0.034852728 0.369353056 -0.390932731 0.035526507 0.999356329 0.004979311 -0.026085400 -0.369288862 0.008497859 0.929275811 -0.748088925
0 0.496478680 0.882628779 0.500000000 0.500000000 0.000000000 0.000000000 0.926326752 -0.035585254 0.375036627 -0.400651351 0.036148731 0.999331117 0.005535228 -0.023799262 -0.374982715 0.008429669 0.926993489 -0.763014699
0 0.496478680 0.882628779 0.500000000 0.500000000 0.000000000 0.000000000 0.923785746 -0.036086179 0.381205618 -0.411751175 0.036685981 0.999310613 0.005695918 -0.021026508 -0.381148368 0.008723095 0.924472749 -0.777653233
0 0.496478680 0.882628779 0.500000000 0.500000000 0.000000000 0.000000000 0.921623766 -0.036660742 0.386349142 -0.422409624 0.037311032 0.999286771 0.005818208 -0.018983082 -0.386286885 0.009052888 0.922334254 -0.792681153
0 0.496478680 0.882628779 0.500000000 0.500000000 0.000000000 0.000000000 0.919532537 -0.037289951 0.391240776 -0.433264798 0.038072560 0.999258399 0.005759464 -0.016283234 -0.391165376 0.009599524 0.920270324 -0.807730196
0 0.496478680 0.882628779 0.500000000 0.500000000 0.000000000 0.000000000 0.917500019 -0.037871640 0.395928591 -0.443600979 0.038700856 0.999233425 0.005896456 -0.014337451 -0.395848393 0.009912777 0.918262362 -0.823175678
0 0.496478680 0.882628779 0.500000000 0.500000000 0.000000000 0.000000000 0.915336132 -0.038352381 0.400860101 -0.455317850 0.039223038 0.999212265 0.006036784 -0.012378050 -0.400775850 0.010197264 0.916119397 -0.838711455
0 0.496478680 0.882628779 0.500000000 0.500000000 0.000000000 0.000000000 0.913209081 -0.038854446 0.405634671 -0.466777423 0.039726604 0.999190927 0.006272426 -0.010691350 -0.405550212 0.010386451 0.914013743 -0.854627206
0 0.496478680 0.882628779 0.500000000 0.500000000 0.000000000 0.000000000 0.911059439 -0.039346222 0.410393178 -0.478555341 0.040179230 0.999170721 0.006598361 -0.009199367 -0.410312444 0.010477783 0.911884785 -0.870692067
0 0.496478680 0.882628779 0.500000000 0.500000000 0.000000000 0.000000000 0.908725858 -0.039851122 0.415486693 -0.491548627 0.040555265 0.999151826 0.007133091 -0.007750784 -0.415418565 0.010368149 0.909571290 -0.886840757
0 0.496478680 0.882628779 0.500000000 0.500000000 0.000000000 0.000000000 0.906586349 -0.040364627 0.420085579 -0.504471497 0.040790226 0.999135911 0.007974288 -0.006332064 -0.420044482 0.009906005 0.907449484 -0.903503405
0 0.496478680 0.882628779 0.500000000 0.500000000 0.000000000 0.000000000 0.904608130 -0.040935256 0.424274057 -0.516783875 0.040863160 0.999121726 0.009272681 -0.005460574 -0.424281001 0.008949037 0.905486345 -0.920646984
0 0.496478680 0.882628779 0.500000000 0.500000000 0.000000000 0.000000000 0.902367234 -0.041455261 0.428969443 -0.530141965 0.040957231 0.999106824 0.010396475 -0.004135447 -0.429017276 0.008187963 0.903259158 -0.937521679
0 0.496478680 0.882628779 0.500000000 0.500000000 0.000000000 0.000000000 0.899875820 -0.041935060 0.434125572 -0.544661235 0.041512642 0.999083221 0.010458705 -0.001442619 -0.434166163 0.008610164 0.900791645 -0.954292110
0 0.496478680 0.882628779 0.500000000 0.500000000 0.000000000 0.000000000 0.897308767 -0.042358417 0.439366341 -0.559982376 0.042418405 0.999053001 0.009686444 0.002420948 -0.439360559 0.009945489 0.898255765 -0.971060711
0 0.496478680 0.882628779 0.500000000 0.500000000 0.000000000 0.000000000 0.894792795 -0.042820055 0.444423556 -0.575132175 0.043499559 0.999015808 0.008673752 0.007236345 -0.444357544 0.011571018 0.895774782 -0.987765940
0 0.496478680 0.882628779 0.500000000 0.500000000 0.000000000 0.000000000 0.892358840 -0.043183703 0.449255913 -0.590403132 0.044436514 0.998982072 0.007760445 0.012211070 -0.449133724 0.013038266 0.893369436 -1.004171591
0 0.496478680 0.882628779 0.500000000 0.500000000 0.000000000 0.000000000 0.890119016 -0.043612126 0.453636557 -0.604893152 0.045345936 0.998946369 0.007060489 0.017242179 -0.453466535 0.014285899 0.891158819 -1.020114893
0 0.496478680 0.882628779 0.500000000 0.500000000 0.000000000 0.000000000 0.887880743 -0.044024680 0.457962483 -0.619302153 0.046079233 0.998915374 0.006690654 0.021879570 -0.457760334 0.015162058 0.888946354 -1.035928764
0 0.496478680 0.882628779 0.500000000 0.500000000 0.000000000 0.000000000 0.885587633 -0.044499449 0.462335765 -0.632950932 0.046650343 0.998888254 0.006785137 0.026318701 -0.462123692 0.015559289 0.886678994 -1.051240559
0 0.496478680 0.882628779 0.500000000 0.500000000 0.000000000 0.000000000 0.883241892 -0.044997644 0.466753602 -0.646944117 0.047022741 0.998867035 0.007314800 0.030534658 -0.466553926 0.015487295 0.884357154 -1.066155708
0 0.496478680 0.882628779 0.500000000 0.500000000 0.000000000 0.000000000 0.881013215 -0.045515612 0.470897079 -0.659782772 0.047148298 0.998853147 0.008335444 0.033792140 -0.470736414 0.014858359 0.882148802 -1.080692976
0 0.496478680 0.882628779 0.500000000 0.500000000 0.000000000 0.000000000 0.878802955 -0.046050094 0.474957585 -0.672335412 0.047238138 0.998839021 0.009440036 0.037292055 -0.474840909 0.014140179 0.879958034 -1.094907823
0 0.496478680 0.882628779 0.500000000 0.500000000 0.000000000 0.000000000 0.876878560 -0.046579283 0.478449970 -0.683869281 0.047254506 0.998826265 0.010634650 0.040880160 -0.478383750 0.013283620 0.878050387 -1.109408235
0 0.496478680 0.882628779 0.500000000 0.500000000 0.000000000 0.000000000 0.874763370 -0.046999104 0.482265592 -0.695466953 0.047308322 0.998813808 0.011528430 0.044072803 -0.482235372 0.012730529 0.875949204 -1.123552285
0 0.496478680 0.882628779 0.500000000 0.500000000 0.000000000 0.000000000 0.872477055 -0.047487374 0.486342192 -0.707941503 0.047964573 0.998783112 0.011476688 0.048365524 -0.486295372 0.013314049 0.873693049 -1.137161173
0 0.496478680 0.882628779 0.500000000 0.500000000 0.000000000 0.000000000 0.870548129 -0.048038352 0.489732832 -0.718836914 0.048853192 0.998744011 0.011126394 0.053089710 -0.489652216 0.014238951 0.871801555 -1.151381234
0 0.496478680 0.882628779 0.500000000 0.500000000 0.000000000 0.000000000 0.868416369 -0.048639238 0.493444264 -0.729832335 0.049679130 0.998704493 0.011012504 0.057179786 -0.493340671 0.014950444 0.869707704 -1.165319172
0 0.496478680 0.882628779 0.500000000 0.500000000 0.000000000 0.000000000 0.865978181 -0.049146291 0.497660995 -0.742020875 0.050241012 0.998674333 0.011199434 0.060338614 -0.497551680 0.015304526 0.867299318 -1.179263910
0 0.496478680 0.882628779 0.500000000 0.500000000 0.000000000 0.000000000 0.863746226 -0.049687140 0.501471460 -0.753798768 0.050773375 0.998644054 0.011495084 0.063309141 -0.501362622 0.015532561 0.865097821 -1.193390941
0 0.496478680 0.882628779 0.500000000 0.500000000 0.000000000 0.000000000 0.861635208 -0.050140008 0.505045295 -0.765229465 0.051131885 0.998620927 0.011907501 0.065424666 -0.504945874 0.015563998 0.863010705 -1.207887087
0 0.496478680 0.882628779 0.500000000 0.500000000 0.000000000 0.000000000 0.859656274 -0.050580960 0.508362710 -0.775961347 0.051464722 0.998598695 0.012329998 0.067189975 -0.508274019 0.015563183 0.861054778 -1.222959797
0 0.496478680 0.882628779 0.500000000 0.500000000 0.000000000 0.000000000 0.857554197 -0.051121820 0.511847019 -0.786883714 0.052068371 0.998565316 0.012497922 0.069407211 -0.511751592 0.015933394 0.858985722 -1.238283019
0 0.496478680 0.882628779 0.500000000 0.500000000 0.000000000 0.000000000 0.855206490 -0.051619425 0.515710473 -0.798766824 0.052761555 0.998529494 0.012451746 0.072120280 -0.515594840 0.016560871 0.856672466 -1.253728123
0 0.496478680 0.882628779 0.500000000 0.500000000 0.000000000 0.000000000 0.852954745 -0.052082274 0.519380033 -0.810652569 0.053353775 0.998497367 0.012506559 0.074863826 -0.519250989 0.017043358 0.854451835 -1.269962243
0 0.496478680 0.882628779 0.500000000 0.500000000 0.000000000 0.000000000 0.850879967 -0.052621838 0.522718072 -0.821486305 0.053980466 0.998461902 0.012645439 0.077855953 -0.522579491 0.017456815 0.852411807 -1.286445381
0 0.496478680 0.882628779 0.500000000 0.500000000 0.000000000 0.000000000 0.848866403 -0.053156730 0.525927961 -0.831919404 0.054598313 0.998426497 0.012789617 0.081072594 -0.525780261 0.017858105 0.850432932 -1.303270927
0 0.496478680 0.882628779 0.500000000 0.500000000 0.000000000 0.000000000 0.847087204 -0.053703003 0.528733671 -0.841332562 0.055220943 0.998390377 0.012935832 0.084729484 -0.528577268 0.018239392 0.848689198 -1.320535284
0 0.496478680 0.882628779 0.500000000 0.500000000 0.000000000 0.000000000 0.844894350 -0.054341245 0.532165885 -0.851304839 0.055856634 0.998350680 0.013264028 0.088564247 -0.532008946 0.018518291 0.846536219 -1.337115345
0 0.496478680 0.882628779 0.500000000 0.500000000 0.000000000 0.000000000 0.842287540 -0.054752357 0.536240458 -0.862772019 0.056183733 0.998326659 0.013683932 0.092236714 -0.536092401 0.018602185 0.843954325 -1.352810181
0 0.496478680 0.882628779 0.500000000 0.500000000 0.000000000 0.000000000 0.839605570 -0.055249650 0.540379405 -0.874955378 0.056579605 0.998297691 0.014158656 0.095746421 -0.540241778 0.018686768 0.841302335 -1.367784707
0 0.496478680 0.882628779 0.500000000 0.500000000 0.000000000 0.000000000 0.837290645 -0.055715635 0.543911874 -0.886013740 0.057163164 0.998263001 0.014260903 0.100194832 -0.543761671 0.019151203 0.839021146 -1.382726193
0 0.496478680 0.882628779 0.500000000 0.500000000 0.000000000 0.000000000 0.835156381 -0.056140713 0.547139883 -0.896970039 0.057842489 0.998225629 0.014134552 0.105311060 -0.546962619 0.019843372 0.836921811 -1.397535024
0 0.496478680 0.882628779 0.500000000 0.500000000 0.000000000 0.000000000 0.833214581 -0.056500979 0.550055563 -0.907189255 0.058467813 0.998191595 0.013966894 0.110531221 -0.549849987 0.020523125 0.835011244 -1.412088783
0 0.496478680 0.882628779 0.500000000 0.500000000 0.000000000 0.000000000 0.831573904 -0.056875728 0.552494347 -0.916709554 0.059093725 0.998156905 0.013810283 0.116021383 -0.552261531 0.021164676 0.833402216 -1.426698817
0 0.496478680 0.882628779 0.500000000 0.500000000 0.000000000 0.000000000 0.829789817 -0.057240345 0.555132747 -0.926411371 0.059653178 0.998124480 0.013750564 0.121227826 -0.554878712 0.021705355 0.831648052 -1.440930733
0 0.496478680 0.882628779 0.500000000 0.500000000 0.000000000 0.000000000 0.827996790 -0.057559617 0.557770729 -0.936361952 0.060047716 0.998099267 0.013860343 0.125778347 -0.557508349 0.022016540 0.829879344 -1.454840691
0 0.496478680 0.882628779 0.500000000 0.500000000 0.000000000 0.000000000 0.826226115 -0.057897780 0.560355425 -0.946257876 0.060495149 0.998071373 0.013925876 0.130248234 -0.560081005 0.022392863 0.828135133 -1.468609061
0 0.496478680 0.882628779 0.500000000 0.500000000 0.000000000 0.000000000 0.824487865 -0.058076784 0.562891483 -0.956559199 0.061079789 0.998041451 0.013507918 0.135912671 -0.562573552 0.023244180 0.826420426 -1.482278198
0 0.496478680 0.882628779 0.500000000 0.500000000 0.000000000 0.000000000 0.822984397 -0.058295939 0.565064847 -0.966312550 0.061765708 0.998005986 0.013002900 0.141244520 -0.564696133 0.024200447 0.824944019 -1.496665518
0 0.496478680 0.882628779 0.500000000 0.500000000 0.000000000 0.000000000 0.821520627 -0.058536306 0.567166030 -0.976327739 0.062413882 0.997970879 0.012594613 0.146367223 -0.566752434 0.025052302 0.823507130 -1.511635622
0 0.496478680 0.882628779 0.500000000 0.500000000 0.000000000 0.000000000 0.820383012 -0.058645919 0.568799078 -0.986334097 0.062630311 0.997957706 0.012562098 0.150469445 -0.568374157 0.025318328 0.822380543 -1.527216714
0 0.496478680 0.882628779 0.500000000 0.500000000 0.000000000 0.000000000 0.819691658 -0.058817416 0.569777191 -0.995191573 0.062580541 0.997955382 0.012988251 0.153022463 -0.569376171 0.025010604 0.821696579 -1.544353929
0 0.496478680 0.882628779 0.500000000 0.500000000 0.000000000 0.000000000 0.819085419 -0.058901612 0.570639729 -1.004087993 0.062385216 0.997961342 0.013463329 0.154765097 -0.570269406 0.024571868 0.821090162 -1.562087173
0 0.496478680 0.882628779 0.500000000 0.500000000 0.000000000 0.000000000 0.818397105 -0.058845334 0.571632206 -1.013721069 0.062323701 0.997964621 0.013505233 0.157038551 -0.571263433 0.024573591 0.820398808 -1.580174576
0 0.496478680 0.882628779 0.500000000 0.500000000 0.000000000 0.000000000 0.817716360 -0.058840726 0.572606087 -1.023769949 0.062483296 0.997957110 0.013319639 0.159647137 -0.572220027 0.024886627 0.819722474 -1.598604561
0 0.496478680 0.882628779 0.500000000 0.500000000 0.000000000 0.000000000 0.817138314 -0.058809504 0.573433876 -1.034010914 0.062710196 0.997947335 0.012984726 0.162617471 -0.573020458 0.025349835 0.819148958 -1.617708905
0 0.496478680 0.882628779 0.500000000 0.500000000 0.000000000 0.000000000 0.816606998 -0.058764011 0.574194908 -1.044616537 0.062872544 0.997940540 0.012714905 0.165715024 -0.573759556 0.025718013 0.818619907 -1.637206015
