0 0.103670121 0.184302422 0.500000000 0.500000000 0.000000000 0.000000000 0.998021722 0.002614180 0.062815912 -0.584504406 -0.005374410 0.999025285 0.043812875 0.103793079 -0.062640145 -0.044063795 0.997062981 -1.890287668
0 0.103670121 0.184302422 0.500000000 0.500000000 0.000000000 0.000000000 0.998012483 0.002540416 0.062965542 -0.632766083 -0.005314130 0.999020755 0.043923069 0.105665514 -0.062792301 -0.044170380 0.997048676 -1.891749306
0 0.103670121 0.184302422 0.500000000 0.500000000 0.000000000 0.000000000 0.998003244 0.002520974 0.063112080 -0.681562981 -0.005311942 0.999013305 0.044093762 0.107253183 -0.062938645 -0.044340964 0.997031927 -1.893607326
0 0.103670121 0.184302422 0.500000000 0.500000000 0.000000000 0.000000000 0.997992754 0.002561662 0.063275978 -0.729909773 -0.005372268 0.999004364 0.044288106 0.109875008 -0.063099526 -0.044539146 0.997012913 -1.895036042
0 0.103670121 0.184302422 0.500000000 0.500000000 0.000000000 0.000000000 0.997987449 0.002534139 0.063361131 -0.777591511 -0.005356619 0.998998761 0.044415824 0.114080987 -0.063185133 -0.044665836 0.997001827 -1.896883649
0 0.103670121 0.184302422 0.500000000 0.500000000 0.000000000 0.000000000 0.997977376 0.002455841 0.063522957 -0.825052958 -0.005291030 0.998995245 0.044502880 0.115158178 -0.063349836 -0.044748969 0.996987641 -1.898262007
0 0.103670121 0.184302422 0.500000000 0.500000000 0.000000000 0.000000000 0.997968972 0.002405616 0.063656621 -0.871813948 -0.005253081 0.998991013 0.044602167 0.114508154 -0.063485093 -0.044845968 0.996974647 -1.899843522
0 0.103670121 0.184302422 0.500000000 0.500000000 0.000000000 0.000000000 0.997961581 0.002485442 0.063768953 -0.920983430 -0.005351285 0.998981237 0.044809688 0.110950971 -0.063592613 -0.045059592 0.996958196 -1.901298555
0 0.103670121 0.184302422 0.500000000 0.500000000 0.000000000 0.000000000 0.997952521 0.002534880 0.063908383 -0.971338116 -0.005406999 0.998980939 0.044808391 0.106558596 -0.063729674 -0.045062203 0.996949315 -1.903480974
0 0.103670121 0.184302422 0.500000000 0.500000000 0.000000000 0.000000000 0.997944355 0.002347643 0.064043477 -1.017581197 -0.005234924 0.998975396 0.044952657 0.105710494 -0.063872330 -0.045195512 0.996934175 -1.904907328
0 0.103670121 0.184302422 0.500000000 0.500000000 0.000000000 0.000000000 0.997935653 0.002330252 0.064179376 -1.064470588 -0.005232241 0.998969436 0.045085981 0.102012115 -0.064008169 -0.045328710 0.996919394 -1.906396652
0 0.103670121 0.184302422 0.500000000 0.500000000 0.000000000 0.000000000 0.997928143 0.002381979 0.064294487 -1.112342391 -0.005296752 0.998963833 0.045202427 0.099268772 -0.064120196 -0.045449328 0.996906698 -1.907808062
0 0.103670121 0.184302422 0.500000000 0.500000000 0.000000000 0.000000000 0.997915387 0.002151493 0.064499974 -1.153169667 -0.005093072 0.998952448 0.045476232 0.093071984 -0.064334564 -0.045709934 0.996880949 -1.908605292
0 0.103670121 0.184302422 0.500000000 0.500000000 0.000000000 0.000000000 0.997905195 0.002030040 0.064661272 -1.205751234 -0.004993466 0.998942673 0.045701426 0.080325055 -0.064500131 -0.045928571 0.996860206 -1.909489231
0 0.103670121 0.184302422 0.500000000 0.500000000 0.000000000 0.000000000 0.997895658 0.001940935 0.064811036 -1.253457390 -0.004908270 0.998945117 0.045656629 0.067974695 -0.064654052 -0.045878660 0.996852577 -1.911556501
0 0.103670121 0.184302422 0.500000000 0.500000000 0.000000000 0.000000000 0.997885048 0.001702469 0.064981401 -1.298828943 -0.004688435 0.998938441 0.045826305 0.061088445 -0.064834401 -0.046034046 0.996833682 -1.912376207
0 0.103670121 0.184302422 0.500000000 0.500000000 0.000000000 0.000000000 0.997875273 0.001855187 0.065126814 -1.343100078 -0.004850823 0.998935699 0.045869038 0.053126871 -0.064972401 -0.046087496 0.996822238 -1.913905485
0 0.103670121 0.184302422 0.500000000 0.500000000 0.000000000 0.000000000 0.997863531 0.001905630 0.065304756 -1.391193936 -0.004922130 0.998926461 0.046061423 0.039865049 -0.065146878 -0.046284456 0.996801674 -1.914741133
0 0.103670121 0.184302422 0.500000000 0.500000000 0.000000000 0.000000000 0.997855484 0.001799727 0.065431088 -1.440737624 -0.004833222 0.998919010 0.046232998 0.023481398 -0.065277152 -0.046450093 0.996785462 -1.916076468
0 0.103670121 0.184302422 0.500000000 0.500000000 0.000000000 0.000000000 0.997844100 0.001717633 0.065606110 -1.486471668 -0.004767620 0.998913348 0.046361156 0.010323886 -0.065455191 -0.046573993 0.996767998 -1.917015046
0 0.103670121 0.184302422 0.500000000 0.500000000 0.000000000 0.000000000 0.997835815 0.001485554 0.065737814 -1.529420642 -0.004550410 0.998908043 0.046497304 -0.002547257 -0.065596953 -0.046695810 0.996752977 -1.917878133
0 0.103670121 0.184302422 0.500000000 0.500000000 0.000000000 0.000000000 0.997824192 0.001284284 0.065918185 -1.575159733 -0.004360047 0.998907030 0.046537694 -0.016182359 -0.065786369 -0.046723843 0.996739209 -1.919089495
0 0.103670121 0.184302422 0.500000000 0.500000000 0.000000000 0.000000000 0.997813702 0.001170004 0.066079192 -1.620328241 -0.004265348 0.998898864 0.046721328 -0.027564880 -0.065951765 -0.046901029 0.996719956 -1.919936152
0 0.103670121 0.184302422 0.500000000 0.500000000 0.000000000 0.000000000 0.997803688 0.000976640 0.066233620 -1.670286723 -0.004082284 0.998897314 0.046770126 -0.041518136 -0.066114910 -0.046937786 0.996707439 -1.920816227
0 0.103670121 0.184302422 0.500000000 0.500000000 0.000000000 0.000000000 0.997794509 0.000954046 0.066371329 -1.714652470 -0.004069251 0.998895228 0.046816673 -0.053708529 -0.066253334 -0.046983503 0.996696055 -1.921733326
0 0.103670121 0.184302422 0.500000000 0.500000000 0.000000000 0.000000000 0.997780085 0.000954193 0.066587992 -1.763298740 -0.004090195 0.998887658 0.046975181 -0.068123299 -0.066469103 -0.047143258 0.996674180 -1.922297495
0 0.103670121 0.184302422 0.500000000 0.500000000 0.000000000 0.000000000 0.997771680 0.000925498 0.066714264 -1.810391714 -0.004076658 0.998881221 0.047113046 -0.081787987 -0.066596024 -0.047280032 0.996659219 -1.923107589
0 0.103670121 0.184302422 0.500000000 0.500000000 0.000000000 0.000000000 0.997760594 0.000811128 0.066881128 -1.857656976 -0.003978825 0.998875499 0.047243513 -0.092672480 -0.066767603 -0.047403827 0.996641815 -1.923589415
0 0.103670121 0.184302422 0.500000000 0.500000000 0.000000000 0.000000000 0.997751713 0.000641969 0.067015514 -1.902523108 -0.003825451 0.998869300 0.047386136 -0.102790691 -0.066909321 -0.047535963 0.996626019 -1.924238165
0 0.103670121 0.184302422 0.500000000 0.500000000 0.000000000 0.000000000 0.997740567 0.000833912 0.067179285 -1.945847370 -0.004032357 0.998863637 0.047489066 -0.116502291 -0.067063339 -0.047652658 0.996610105 -1.924848871
0 0.103670121 0.184302422 0.500000000 0.500000000 0.000000000 0.000000000 0.997729897 0.000867775 0.067336805 -1.991405223 -0.004080687 0.998858571 0.047591202 -0.129813515 -0.067218646 -0.047757946 0.996594608 -1.925582033
0 0.103670121 0.184302422 0.500000000 0.500000000 0.000000000 0.000000000 0.997721195 0.000728784 0.067467585 -2.034389799 -0.003956775 0.998852730 0.047723815 -0.142381797 -0.067355402 -0.047882017 0.996579409 -1.926201054
0 0.103670121 0.184302422 0.500000000 0.500000000 0.000000000 0.000000000 0.997709155 0.000439781 0.067648210 -2.080974547 -0.003684660 0.998847723 0.047849685 -0.156137655 -0.067549214 -0.047989327 0.996561170 -1.926686263
0 0.103670121 0.184302422 0.500000000 0.500000000 0.000000000 0.000000000 0.997699022 0.000360583 0.067798100 -2.123152944 -0.003617156 0.998844802 0.047916774 -0.167965765 -0.067702502 -0.048051752 0.996547759 -1.927279305
0 0.103670121 0.184302422 0.500000000 0.500000000 0.000000000 0.000000000 0.997688591 0.000335095 0.067951567 -2.167468878 -0.003603960 0.998841345 0.047988933 -0.177228886 -0.067856751 -0.048122901 0.996533811 -1.927853018
0 0.103670121 0.184302422 0.500000000 0.500000000 0.000000000 0.000000000 0.997678459 0.000037652 0.068100899 -2.214511502 -0.003320639 0.998837233 0.048095133 -0.185558879 -0.068019904 -0.048209615 0.996518493 -1.928288883
0 0.103670121 0.184302422 0.500000000 0.500000000 0.000000000 0.000000000 0.997669041 0.000144785 0.068237878 -2.257520308 -0.003441130 0.998832166 0.048191614 -0.196949367 -0.068151213 -0.048314098 0.996504486 -1.928697371
0 0.103670121 0.184302422 0.500000000 0.500000000 0.000000000 0.000000000 0.997660458 0.000184340 0.068363495 -2.298028523 -0.003497702 0.998824298 0.048350301 -0.209719029 -0.068274215 -0.048476297 0.996488154 -1.929390535
0 0.103670121 0.184302422 0.500000000 0.500000000 0.000000000 0.000000000 0.997653186 0.000230063 0.068469144 -2.342779036 -0.003546053 0.998825967 0.048312824 -0.219488494 -0.068377644 -0.048442241 0.996482730 -1.930137182
0 0.103670121 0.184302422 0.500000000 0.500000000 0.000000000 0.000000000 0.997642577 0.000121088 0.068623841 -2.387108860 -0.003450321 0.998822153 0.048397783 -0.229194625 -0.068537161 -0.048520464 0.996467948 -1.930570316
0 0.103670121 0.184302422 0.500000000 0.500000000 0.000000000 0.000000000 0.997633576 0.000101646 0.068754636 -2.426103705 -0.003440783 0.998819709 0.048449319 -0.238216368 -0.068668559 -0.048571240 0.996456444 -1.931042353
0 0.103670121 0.184302422 0.500000000 0.500000000 0.000000000 0.000000000 0.997621238 0.000176496 0.068933181 -2.466365092 -0.003529116 0.998816133 0.048517045 -0.247239718 -0.068843007 -0.048644908 0.996440828 -1.931446329
0 0.103670121 0.184302422 0.500000000 0.500000000 0.000000000 0.000000000 0.997611344 -0.000023399 0.069076806 -2.505475868 -0.003347050 0.998808980 0.048676636 -0.257208723 -0.068995669 -0.048791569 0.996423066 -1.931687822
0 0.103670121 0.184302422 0.500000000 0.500000000 0.000000000 0.000000000 0.997603238 -0.000158343 0.069193684 -2.545626397 -0.003216032 0.998810589 0.048652973 -0.263990555 -0.069119088 -0.048758894 0.996416152 -1.932462485
0 0.103670121 0.184302422 0.500000000 0.500000000 0.000000000 0.000000000 0.997592866 -0.000102021 0.069342881 -2.586289125 -0.003286050 0.998805881 0.048743848 -0.271981666 -0.069265053 -0.048854381 0.996401310 -1.932617990
0 0.103670121 0.184302422 0.500000000 0.500000000 0.000000000 0.000000000 0.997581184 -0.000145646 0.069510780 -2.625577755 -0.003254166 0.998803496 0.048794836 -0.284483848 -0.069434717 -0.048903011 0.996387124 -1.932969594
0 0.103670121 0.184302422 0.500000000 0.500000000 0.000000000 0.000000000 0.997574747 -0.000385113 0.069602504 -2.667242158 -0.003019686 0.998803735 0.048805919 -0.296250012 -0.069538034 -0.048897728 0.996380210 -1.933758613
0 0.103670121 0.184302422 0.500000000 0.500000000 0.000000000 0.000000000 0.997564912 -0.000339377 0.069743723 -2.706163929 -0.003072766 0.998803318 0.048810910 -0.303756863 -0.069676824 -0.048906356 0.996370077 -1.934058064
0 0.103670121 0.184302422 0.500000000 0.500000000 0.000000000 0.000000000 0.997555614 -0.000468535 0.069875173 -2.742760512 -0.002950478 0.998803258 0.048819065 -0.311408560 -0.069814421 -0.048905898 0.996360481 -1.934178958
0 0.103670121 0.184302422 0.500000000 0.500000000 0.000000000 0.000000000 0.997543931 -0.000247033 0.070042998 -2.780727328 -0.003185998 0.998798728 0.048897233 -0.323705997 -0.069970936 -0.049000293 0.996344864 -1.934383528
0 0.103670121 0.184302422 0.500000000 0.500000000 0.000000000 0.000000000 0.997533977 -0.000341618 0.070184663 -2.820200789 -0.003094101 0.998801947 0.048838023 -0.332820105 -0.070117258 -0.048934743 0.996337771 -1.934995226
0 0.103670121 0.184302422 0.500000000 0.500000000 0.000000000 0.000000000 0.997522533 -0.000694628 0.070344284 -2.857653470 -0.002759710 0.998795092 0.048997071 -0.341108899 -0.070293568 -0.049069814 0.996318698 -1.934529728
0 0.103670121 0.184302422 0.500000000 0.500000000 0.000000000 0.000000000 0.997511685 -0.001033845 0.070493974 -2.897243364 -0.002432350 0.998792529 0.049066521 -0.351269047 -0.070459589 -0.049115892 0.996304691 -1.934520003
0 0.103670121 0.184302422 0.500000000 0.500000000 0.000000000 0.000000000 0.997501552 -0.000880577 0.070638865 -2.936022426 -0.002589714 0.998794436 0.049020596 -0.359223845 -0.070596866 -0.049081054 0.996296704 -1.935037392
0 0.103670121 0.184302422 0.500000000 0.500000000 0.000000000 0.000000000 0.997492492 -0.000891087 0.070766613 -2.974422034 -0.002586847 0.998793483 0.049039681 -0.363418903 -0.070724934 -0.049099777 0.996286690 -1.935153839
0 0.103670121 0.184302422 0.500000000 0.500000000 0.000000000 0.000000000 0.997482419 -0.000869449 0.070909038 -3.012528344 -0.002624376 0.998787284 0.049163874 -0.367036091 -0.070865788 -0.049226191 0.996270478 -1.934994195
0 0.103670121 0.184302422 0.500000000 0.500000000 0.000000000 0.000000000 0.997471809 -0.000898453 0.071057774 -3.049848313 -0.002605256 0.998785555 0.049199846 -0.377485009 -0.071015678 -0.049260583 0.996258080 -1.935065388
0 0.103670121 0.184302422 0.500000000 0.500000000 0.000000000 0.000000000 0.997461677 -0.001183804 0.071195632 -3.086355180 -0.002333075 0.998781562 0.049293961 -0.385420066 -0.071167238 -0.049334943 0.996243596 -1.934944554
0 0.103670121 0.184302422 0.500000000 0.500000000 0.000000000 0.000000000 0.997451246 -0.001245268 0.071340844 -3.124630208 -0.002278412 0.998781919 0.049289521 -0.391003344 -0.071315326 -0.049326438 0.996233404 -1.935016722
0 0.103670121 0.184302422 0.500000000 0.500000000 0.000000000 0.000000000 0.997442245 -0.001427734 0.071463108 -3.162673272 -0.002101126 0.998782754 0.049280655 -0.400093242 -0.071446478 -0.049304757 0.996225119 -1.935198207
0 0.103670121 0.184302422 0.500000000 0.500000000 0.000000000 0.000000000 0.997432113 -0.001497475 0.071602598 -3.200410046 -0.002048564 0.998775721 0.049424820 -0.410962887 -0.071588956 -0.049444586 0.996207952 -1.935197311
0 0.103670121 0.184302422 0.500000000 0.500000000 0.000000000 0.000000000 0.997420013 -0.001549343 0.071770087 -3.239312346 -0.002010206 0.998772204 0.049497791 -0.418736958 -0.071758658 -0.049514357 0.996192276 -1.934683397
0 0.103670121 0.184302422 0.500000000 0.500000000 0.000000000 0.000000000 0.997409046 -0.001610374 0.071920700 -3.276737493 -0.001961323 0.998769045 0.049563382 -0.431154795 -0.071911983 -0.049576025 0.996178150 -1.934619740
0 0.103670121 0.184302422 0.500000000 0.500000000 0.000000000 0.000000000 0.997397423 -0.001770085 0.072077774 -3.316985172 -0.001800837 0.998775125 0.049447522 -0.442589869 -0.072077014 -0.049448632 0.996172547 -1.935076365
0 0.103670121 0.184302422 0.500000000 0.500000000 0.000000000 0.000000000 0.997390330 -0.001759571 0.072176777 -3.357708687 -0.001815210 0.998775780 0.049432665 -0.451241872 -0.072175398 -0.049434677 0.996166110 -1.935248031
0 0.103670121 0.184302422 0.500000000 0.500000000 0.000000000 0.000000000 0.997381449 -0.001832412 0.072297022 -3.396773258 -0.001745007 0.998778164 0.049388070 -0.461512329 -0.072299190 -0.049384903 0.996159613 -1.935342446
0 0.103670121 0.184302422 0.500000000 0.500000000 0.000000000 0.000000000 0.997369468 -0.001884785 0.072460890 -3.436831495 -0.001709825 0.998771966 0.049513578 -0.471174685 -0.072465234 -0.049507227 0.996141493 -1.934722206
0 0.103670121 0.184302422 0.500000000 0.500000000 0.000000000 0.000000000 0.997361243 -0.001866182 0.072574563 -3.474524654 -0.001732075 0.998773336 0.049485609 -0.482782267 -0.072577886 -0.049480733 0.996134579 -1.934962584
0 0.103670121 0.184302422 0.500000000 0.500000000 0.000000000 0.000000000 0.997347295 -0.001916026 0.072764605 -3.515680860 -0.001696653 0.998769999 0.049554620 -0.491875735 -0.072770052 -0.049546622 0.996117294 -1.934225716
0 0.103670121 0.184302422 0.500000000 0.500000000 0.000000000 0.000000000 0.997336924 -0.001876433 0.072908044 -3.557090341 -0.001738865 0.998772979 0.049492002 -0.499029107 -0.072911456 -0.049486976 0.996109903 -1.934438947
0 0.103670121 0.184302422 0.500000000 0.500000000 0.000000000 0.000000000 0.997325718 -0.002020929 0.073057339 -3.594396212 -0.001604599 0.998771191 0.049533065 -0.502898898 -0.073067673 -0.049517825 0.996096909 -1.934034292
0 0.103670121 0.184302422 0.500000000 0.500000000 0.000000000 0.000000000 0.997314453 -0.002164663 0.073206492 -3.635226831 -0.001472885 0.998768151 0.049598429 -0.509827868 -0.073223673 -0.049573053 0.996082723 -1.933775660
0 0.103670121 0.184302422 0.500000000 0.500000000 0.000000000 0.000000000 0.997306287 -0.002108169 0.073319331 -3.676189669 -0.001538802 0.998765528 0.049648892 -0.514933649 -0.073333494 -0.049627978 0.996071935 -1.934132098
0 0.103670121 0.184302422 0.500000000 0.500000000 0.000000000 0.000000000 0.997296095 -0.002367809 0.073449679 -3.716231245 -0.001282554 0.998767734 0.049611893 -0.519821040 -0.073476642 -0.049571950 0.996064186 -1.934111643
0 0.103670121 0.184302422 0.500000000 0.500000000 0.000000000 0.000000000 0.997286975 -0.002284472 0.073576011 -3.756121564 -0.001370223 0.998769045 0.049583625 -0.520171717 -0.073598713 -0.049549922 0.996056259 -1.934395656
0 0.103670121 0.184302422 0.500000000 0.500000000 0.000000000 0.000000000 0.997276664 -0.002435312 0.073711462 -3.797459662 -0.001232497 0.998764813 0.049672659 -0.522002672 -0.073741384 -0.049628232 0.996041775 -1.934065536
0 0.103670121 0.184302422 0.500000000 0.500000000 0.000000000 0.000000000 0.997266769 -0.002383936 0.073846154 -3.836699548 -0.001286886 0.998767257 0.049621616 -0.522369406 -0.073873416 -0.049581021 0.996034384 -1.934517907
0 0.103670121 0.184302422 0.500000000 0.500000000 0.000000000 0.000000000 0.997258484 -0.002440684 0.073956758 -3.877660397 -0.001237873 0.998765767 0.049652677 -0.522222047 -0.073986672 -0.049608104 0.996024609 -1.934787372
0 0.103670121 0.184302422 0.500000000 0.500000000 0.000000000 0.000000000 0.997250378 -0.002678506 0.074057259 -3.917211141 -0.001013678 0.998760045 0.049773313 -0.524063153 -0.074098751 -0.049711525 0.996011138 -1.935015088
0 0.103670121 0.184302422 0.500000000 0.500000000 0.000000000 0.000000000 0.997237742 -0.002869853 0.074220330 -3.957118447 -0.000827077 0.998762250 0.049731560 -0.521413552 -0.074271187 -0.049655572 0.996001065 -1.935270606
0 0.103670121 0.184302422 0.500000000 0.500000000 0.000000000 0.000000000 0.997229099 -0.002925223 0.074333802 -3.997243106 -0.000777252 0.998762369 0.049731083 -0.519930035 -0.074387282 -0.049651060 0.995992601 -1.935897838
