0 0.496732217 0.883079488 0.500000000 0.500000000 0.000000000 0.000000000 0.723357618 -0.175931945 0.667683840 -0.619760159 0.080821671 0.981920719 0.171171188 -0.416369575 -0.685727060 -0.069854654 0.724498928 -0.619995937
0 0.496732217 0.883079488 0.500000000 0.500000000 0.000000000 0.000000000 0.715424299 -0.177565858 0.675750256 -0.634612705 0.081249133 0.981748760 0.171953261 -0.417167115 -0.693949997 -0.068115413 0.716794014 -0.619446900
0 0.496732217 0.883079488 0.500000000 0.500000000 0.000000000 0.000000000 0.707737684 -0.179534107 0.683282435 -0.648438004 0.081876948 0.981497943 0.173083574 -0.417824310 -0.701714694 -0.066552691 0.709342837 -0.619113659
0 0.496732217 0.883079488 0.500000000 0.500000000 0.000000000 0.000000000 0.700440586 -0.181239620 0.690315306 -0.661899140 0.082254350 0.981274366 0.174168989 -0.418486744 -0.708954990 -0.065213591 0.702232122 -0.620002955
0 0.496732217 0.883079488 0.500000000 0.500000000 0.000000000 0.000000000 0.693157732 -0.183064193 0.697151244 -0.675023376 0.082516328 0.981004953 0.175557375 -0.419510518 -0.716047049 -0.064162597 0.695096910 -0.620320186
0 0.496732217 0.883079488 0.500000000 0.500000000 0.000000000 0.000000000 0.685925722 -0.184683591 0.703845024 -0.688692057 0.082845353 0.980787337 0.176614970 -0.419988148 -0.722940207 -0.062834471 0.688047469 -0.619740389
0 0.496732217 0.883079488 0.500000000 0.500000000 0.000000000 0.000000000 0.678771436 -0.186426431 0.710291862 -0.701891439 0.083485693 0.980558574 0.177580997 -0.420129271 -0.729588568 -0.061237697 0.681139112 -0.619576574
0 0.496732217 0.883079488 0.500000000 0.500000000 0.000000000 0.000000000 0.671820641 -0.187998325 0.716459095 -0.715567599 0.083980598 0.980350375 0.178494930 -0.420737147 -0.735937655 -0.059747927 0.674407840 -0.619815229
0 0.496732217 0.883079488 0.500000000 0.500000000 0.000000000 0.000000000 0.666039169 -0.189205676 0.721521318 -0.728749512 0.084380515 0.980197132 0.179146647 -0.420516697 -0.741128683 -0.058436338 0.668814957 -0.620288377
0 0.496732217 0.883079488 0.500000000 0.500000000 0.000000000 0.000000000 0.660228729 -0.190491065 0.726506114 -0.741014223 0.084607854 0.980008245 0.180070430 -0.420580517 -0.746283770 -0.057419553 0.663146675 -0.620354425
0 0.496732217 0.883079488 0.500000000 0.500000000 0.000000000 0.000000000 0.653593659 -0.191944256 0.732101560 -0.753617525 0.084552877 0.979769111 0.181392625 -0.421262956 -0.752107799 -0.056655772 0.656600296 -0.619664393
0 0.496732217 0.883079488 0.500000000 0.500000000 0.000000000 0.000000000 0.647309005 -0.193228915 0.737328708 -0.766615846 0.084596649 0.979570150 0.182443872 -0.422236910 -0.757518589 -0.055722028 0.650431097 -0.618912350
0 0.496732217 0.883079488 0.500000000 0.500000000 0.000000000 0.000000000 0.641641617 -0.194631144 0.741899431 -0.778441829 0.085357651 0.979379892 0.183109462 -0.422985952 -0.762240171 -0.054163866 0.645024180 -0.619515813
0 0.496732217 0.883079488 0.500000000 0.500000000 0.000000000 0.000000000 0.636130691 -0.195783988 0.746328592 -0.790571619 0.086110957 0.979243100 0.183487952 -0.423529762 -0.766761184 -0.052455243 0.639785707 -0.619837760
0 0.496732217 0.883079488 0.500000000 0.500000000 0.000000000 0.000000000 0.630603731 -0.197019413 0.750681221 -0.802642537 0.086834051 0.979079545 0.184019253 -0.423746810 -0.771232009 -0.050858539 0.634519219 -0.620591149
0 0.496732217 0.883079488 0.500000000 0.500000000 0.000000000 0.000000000 0.625180304 -0.198127493 0.754913986 -0.815318335 0.087071352 0.978910029 0.184807405 -0.424354585 -0.775608242 -0.049806565 0.629246473 -0.621751605
0 0.496732217 0.883079488 0.500000000 0.500000000 0.000000000 0.000000000 0.620582461 -0.199088886 0.758446455 -0.826859963 0.086949766 0.978738606 0.185769841 -0.425430267 -0.779305577 -0.049338754 0.624698758 -0.622942221
0 0.496732217 0.883079488 0.500000000 0.500000000 0.000000000 0.000000000 0.615588546 -0.200132906 0.762231946 -0.838290890 0.087127857 0.978570640 0.186569571 -0.426367477 -0.783236563 -0.048438445 0.619834006 -0.624072508
0 0.496732217 0.883079488 0.500000000 0.500000000 0.000000000 0.000000000 0.610136032 -0.201206997 0.766322255 -0.850758300 0.087758608 0.978427291 0.187025398 -0.427340979 -0.787421405 -0.046859559 0.614631355 -0.625452026
0 0.496732217 0.883079488 0.500000000 0.500000000 0.000000000 0.000000000 0.605073154 -0.202339172 0.770029426 -0.862422206 0.088478543 0.978265405 0.187532336 -0.428231624 -0.791238308 -0.045339704 0.609824836 -0.627587550
0 0.496732217 0.883079488 0.500000000 0.500000000 0.000000000 0.000000000 0.599914014 -0.203381121 0.773782432 -0.874664150 0.088964753 0.978109956 0.188112170 -0.429295764 -0.795102775 -0.044011757 0.604875624 -0.629310570
0 0.496732217 0.883079488 0.500000000 0.500000000 0.000000000 0.000000000 0.594717324 -0.204327181 0.777535677 -0.886779326 0.089026526 0.977952421 0.188900203 -0.431032939 -0.798990369 -0.043120924 0.599795818 -0.631125295
0 0.496732217 0.883079488 0.500000000 0.500000000 0.000000000 0.000000000 0.589831948 -0.205208078 0.781017244 -0.898633569 0.088992782 0.977800012 0.189703465 -0.432907244 -0.802607358 -0.042388272 0.594999731 -0.633483604
0 0.496732217 0.883079488 0.500000000 0.500000000 0.000000000 0.000000000 0.585131228 -0.205854505 0.784375787 -0.910259150 0.089240484 0.977715313 0.190023348 -0.434208135 -0.806013346 -0.041190527 0.590462327 -0.636107519
0 0.496732217 0.883079488 0.500000000 0.500000000 0.000000000 0.000000000 0.580089986 -0.206758320 0.787874758 -0.921415779 0.089751080 0.977583349 0.190461487 -0.435460616 -0.809592724 -0.039772194 0.585643113 -0.638875160
0 0.496732217 0.883079488 0.500000000 0.500000000 0.000000000 0.000000000 0.574793994 -0.207579672 0.791531742 -0.933095555 0.089897066 0.977453828 0.191056445 -0.437135942 -0.813345134 -0.038661722 0.580495417 -0.640334136
0 0.496732217 0.883079488 0.500000000 0.500000000 0.000000000 0.000000000 0.569276690 -0.208473340 0.795275390 -0.944785152 0.089890592 0.977300227 0.191843510 -0.438841057 -0.817217052 -0.037724264 0.575094044 -0.641911507
0 0.496732217 0.883079488 0.500000000 0.500000000 0.000000000 0.000000000 0.563333392 -0.209603220 0.799200833 -0.956612355 0.090321951 0.977112055 0.192597970 -0.440494491 -0.821277916 -0.036311489 0.569371641 -0.643094067
0 0.496732217 0.883079488 0.500000000 0.500000000 0.000000000 0.000000000 0.557419360 -0.210738644 0.803039789 -0.968495562 0.090981275 0.976928413 0.193218127 -0.441924606 -0.825230896 -0.034641940 0.563732088 -0.645003340
0 0.496732217 0.883079488 0.500000000 0.500000000 0.000000000 0.000000000 0.551662743 -0.211842790 0.806716084 -0.980168869 0.091412492 0.976737380 0.193978921 -0.443182188 -0.829042792 -0.033267014 0.558194697 -0.646708357
0 0.496732217 0.883079488 0.500000000 0.500000000 0.000000000 0.000000000 0.545886099 -0.212811083 0.810382485 -0.992106465 0.091587424 0.976566136 0.194757164 -0.444208687 -0.832838595 -0.032094385 0.552584708 -0.648698942
0 0.496732217 0.883079488 0.500000000 0.500000000 0.000000000 0.000000000 0.540102482 -0.213686794 0.814019203 -1.003300082 0.091852061 0.976418078 0.195373908 -0.444821008 -0.836571872 -0.030752597 0.546993375 -0.649663046
0 0.496732217 0.883079488 0.500000000 0.500000000 0.000000000 0.000000000 0.533468843 -0.214479581 0.818174481 -1.015565440 0.092354991 0.976302445 0.195714280 -0.444690434 -0.840762496 -0.028844969 0.540635228 -0.650519163
0 0.496732217 0.883079488 0.500000000 0.500000000 0.000000000 0.000000000 0.526821554 -0.215670124 0.822159052 -1.027615460 0.092796504 0.976085365 0.196586370 -0.444812940 -0.844895184 -0.027272446 0.534236193 -0.651979080
0 0.496732217 0.883079488 0.500000000 0.500000000 0.000000000 0.000000000 0.520499408 -0.216669559 0.825914443 -1.039605398 0.092950046 0.975898802 0.197438270 -0.444973554 -0.848787785 -0.025997711 0.528094172 -0.652802079
0 0.496732217 0.883079488 0.500000000 0.500000000 0.000000000 0.000000000 0.514279842 -0.217690095 0.829534352 -1.051463628 0.093448348 0.975713670 0.198116690 -0.444845191 -0.852516055 -0.024368810 0.522132695 -0.653524474
0 0.496732217 0.883079488 0.500000000 0.500000000 0.000000000 0.000000000 0.507861376 -0.218825907 0.833181858 -1.063121295 0.094248116 0.975506425 0.198757440 -0.444478676 -0.856267571 -0.022415407 0.516045988 -0.654545457
0 0.496732217 0.883079488 0.500000000 0.500000000 0.000000000 0.000000000 0.501547098 -0.219856381 0.836727917 -1.074714337 0.094840042 0.975313365 0.199422196 -0.444029072 -0.859916210 -0.020664314 0.510016799 -0.655554098
0 0.496732217 0.883079488 0.500000000 0.500000000 0.000000000 0.000000000 0.495510250 -0.220842913 0.840058327 -1.086282384 0.095227376 0.975120485 0.200179338 -0.443700412 -0.863366246 -0.019194368 0.504212499 -0.656659921
0 0.496732217 0.883079488 0.500000000 0.500000000 0.000000000 0.000000000 0.489497900 -0.221757695 0.843335807 -1.097443317 0.095488697 0.974938750 0.200938523 -0.443115906 -0.866760492 -0.017829947 0.498405844 -0.657284423
0 0.496732217 0.883079488 0.500000000 0.500000000 0.000000000 0.000000000 0.483519375 -0.222590074 0.846559286 -1.108689656 0.095521614 0.974769413 0.201743022 -0.442798334 -0.870106101 -0.016681952 0.492582053 -0.658013303
0 0.496732217 0.883079488 0.500000000 0.500000000 0.000000000 0.000000000 0.477417469 -0.223361909 0.849812925 -1.118916042 0.095515303 0.974612176 0.202504054 -0.442498289 -0.873469710 -0.015508836 0.486631364 -0.658034515
0 0.496732217 0.883079488 0.500000000 0.500000000 0.000000000 0.000000000 0.471065760 -0.224140629 0.853145957 -1.129646013 0.095678590 0.974455059 0.203182176 -0.442564472 -0.876893759 -0.014084363 0.480477870 -0.657694102
0 0.496732217 0.883079488 0.500000000 0.500000000 0.000000000 0.000000000 0.465068042 -0.224947244 0.856218696 -1.139713345 0.096114069 0.974291146 0.203761652 -0.442242743 -0.880041897 -0.012468370 0.474732280 -0.658085737
0 0.496732217 0.883079488 0.500000000 0.500000000 0.000000000 0.000000000 0.459247351 -0.225934759 0.859095693 -1.148847376 0.096348390 0.974077821 0.204669058 -0.442317034 -0.883067846 -0.011221230 0.469111085 -0.659096792
0 0.496732217 0.883079488 0.500000000 0.500000000 0.000000000 0.000000000 0.453232110 -0.226650476 0.862096429 -1.158516412 0.096497312 0.973926187 0.205319434 -0.441578620 -0.886153996 -0.009867373 0.463285774 -0.658686599
0 0.496732217 0.883079488 0.500000000 0.500000000 0.000000000 0.000000000 0.446979374 -0.227579176 0.865111053 -1.168136806 0.096699066 0.973722398 0.206189081 -0.441345496 -0.889302373 -0.008506830 0.457240522 -0.658572881
0 0.496732217 0.883079488 0.500000000 0.500000000 0.000000000 0.000000000 0.441276222 -0.228581280 0.867770612 -1.177018295 0.097019292 0.973498225 0.207095236 -0.441027207 -0.892111301 -0.007195717 0.451758444 -0.658836485
0 0.496732217 0.883079488 0.500000000 0.500000000 0.000000000 0.000000000 0.435724944 -0.229452223 0.870342135 -1.185595805 0.097310677 0.973302126 0.207878768 -0.440702869 -0.894804120 -0.005884379 0.446420193 -0.659152712
0 0.496732217 0.883079488 0.500000000 0.500000000 0.000000000 0.000000000 0.429743409 -0.230244845 0.873102486 -1.194163184 0.097576208 0.973122537 0.208593756 -0.440443133 -0.897663355 -0.004447769 0.440659434 -0.659337634
0 0.496732217 0.883079488 0.500000000 0.500000000 0.000000000 0.000000000 0.423759520 -0.231014252 0.875819802 -1.203615636 0.097805411 0.972945631 0.209310561 -0.439959511 -0.900478721 -0.003037428 0.434889406 -0.659418658
0 0.496732217 0.883079488 0.500000000 0.500000000 0.000000000 0.000000000 0.417896718 -0.231817409 0.878420770 -1.212739707 0.097912863 0.972757638 0.210132435 -0.439820179 -0.903202891 -0.001804963 0.429210126 -0.659535278
0 0.496732217 0.883079488 0.500000000 0.500000000 0.000000000 0.000000000 0.411921918 -0.232619613 0.881026924 -1.221812299 0.098122105 0.972567677 0.210912600 -0.439728247 -0.905920744 -0.000431312 0.423447073 -0.659679614
0 0.496732217 0.883079488 0.500000000 0.500000000 0.000000000 0.000000000 0.405745357 -0.233268231 0.883717537 -1.231469120 0.098518252 0.972411573 0.211447001 -0.439168841 -0.908661008 0.001268671 0.417532653 -0.659812161
0 0.496732217 0.883079488 0.500000000 0.500000000 0.000000000 0.000000000 0.399534851 -0.233984366 0.886353910 -1.241187235 0.098792002 0.972236276 0.212124348 -0.439197313 -0.911379218 0.002813610 0.411558062 -0.659680463
0 0.496732217 0.883079488 0.500000000 0.500000000 0.000000000 0.000000000 0.393223554 -0.234677091 0.888989270 -1.251193310 0.099043392 0.972063541 0.212797686 -0.439570866 -0.914092779 0.004371447 0.405481488 -0.659988482
0 0.496732217 0.883079488 0.500000000 0.500000000 0.000000000 0.000000000 0.386812210 -0.235359132 0.891617835 -1.261221934 0.099356934 0.971889794 0.213444203 -0.439985915 -0.916790307 0.006025590 0.399323404 -0.660067799
0 0.496732217 0.883079488 0.500000000 0.500000000 0.000000000 0.000000000 0.380345196 -0.235912949 0.894249737 -1.271396695 0.099672839 0.971743286 0.213963419 -0.440514604 -0.919457912 0.007752454 0.393112004 -0.660483969
0 0.496732217 0.883079488 0.500000000 0.500000000 0.000000000 0.000000000 0.373471141 -0.236588985 0.896964312 -1.281973278 0.100145884 0.971561491 0.214567229 -0.441001134 -0.922220230 0.009692617 0.386543602 -0.660394307
0 0.496732217 0.883079488 0.500000000 0.500000000 0.000000000 0.000000000 0.366595179 -0.237337127 0.899599373 -1.292870862 0.100515351 0.971359372 0.215308294 -0.441710836 -0.924934924 0.011492562 0.379951686 -0.660728802
0 0.496732217 0.883079488 0.500000000 0.500000000 0.000000000 0.000000000 0.360120505 -0.237931103 0.902054310 -1.303347760 0.100651570 0.971194863 0.215985626 -0.442699374 -0.927460253 0.013012331 0.373695314 -0.661580932
0 0.496732217 0.883079488 0.500000000 0.500000000 0.000000000 0.000000000 0.353589267 -0.238464877 0.904493868 -1.314251947 0.100714751 0.971042931 0.216638267 -0.443481680 -0.929962993 0.014494909 0.367367297 -0.662270857
0 0.496732217 0.883079488 0.500000000 0.500000000 0.000000000 0.000000000 0.347093791 -0.238945439 0.906879783 -1.325239482 0.100954212 0.970898271 0.217174470 -0.443725447 -0.932380915 0.016173424 0.361115336 -0.663352363
0 0.496732217 0.883079488 0.500000000 0.500000000 0.000000000 0.000000000 0.340665728 -0.239485681 0.909171879 -1.335953750 0.101259798 0.970735252 0.217760205 -0.444373892 -0.934715629 0.017879112 0.354946524 -0.664328922
0 0.496732217 0.883079488 0.500000000 0.500000000 0.000000000 0.000000000 0.334078312 -0.239947230 0.911491632 -1.347256569 0.101702541 0.970584095 0.218227282 -0.444861595 -0.937042296 0.019796019 0.348654330 -0.665431033
0 0.496732217 0.883079488 0.500000000 0.500000000 0.000000000 0.000000000 0.327979267 -0.240449071 0.913572013 -1.357977236 0.102027640 0.970424652 0.218783796 -0.445940174 -0.939159155 0.021453047 0.342811614 -0.667165678
0 0.496732217 0.883079488 0.500000000 0.500000000 0.000000000 0.000000000 0.321939081 -0.240912631 0.915596187 -1.368873010 0.102519892 0.970267534 0.219250083 -0.446494178 -0.941193342 0.023281654 0.337065369 -0.668681041
0 0.496732217 0.883079488 0.500000000 0.500000000 0.000000000 0.000000000 0.315920383 -0.241328284 0.917581022 -1.379757757 0.102939233 0.970120311 0.219704688 -0.446870548 -0.943184912 0.025045898 0.331322908 -0.670266873
0 0.496732217 0.883079488 0.500000000 0.500000000 0.000000000 0.000000000 0.309677273 -0.241745740 0.919597208 -1.390581321 0.103212796 0.969971836 0.220231116 -0.447249987 -0.945223331 0.026713628 0.325329483 -0.671207561
0 0.496732217 0.883079488 0.500000000 0.500000000 0.000000000 0.000000000 0.303600401 -0.242093191 0.921530068 -1.401744375 0.103350796 0.969842374 0.220736027 -0.447709524 -0.947177589 0.028225323 0.319465071 -0.672039096
0 0.496732217 0.883079488 0.500000000 0.500000000 0.000000000 0.000000000 0.298149884 -0.242548883 0.923188329 -1.411946716 0.103362389 0.969693065 0.221385479 -0.448577323 -0.948906124 0.029416895 0.314184308 -0.673523750
0 0.496732217 0.883079488 0.500000000 0.500000000 0.000000000 0.000000000 0.292698354 -0.242913231 0.924835563 -1.422273905 0.103609338 0.969556332 0.221868396 -0.448792558 -0.950574994 0.030881088 0.308955640 -0.674899398
0 0.496732217 0.883079488 0.500000000 0.500000000 0.000000000 0.000000000 0.287143230 -0.243235424 0.926490843 -1.432682864 0.104005039 0.969421446 0.222272336 -0.448941010 -0.952224612 0.032535721 0.303660512 -0.676151862
0 0.496732217 0.883079488 0.500000000 0.500000000 0.000000000 0.000000000 0.281825155 -0.243606180 0.928025126 -1.442590235 0.104346678 0.969275951 0.222746238 -0.449076074 -0.953774810 0.034060847 0.298585832 -0.677708239
0 0.496732217 0.883079488 0.500000000 0.500000000 0.000000000 0.000000000 0.276497662 -0.244015172 0.929519057 -1.452232554 0.104624033 0.969121039 0.223289594 -0.449190355 -0.955302477 0.035510980 0.293489546 -0.679252318
0 0.496732217 0.883079488 0.500000000 0.500000000 0.000000000 0.000000000 0.271215856 -0.244426653 0.930965960 -1.461509008 0.104782037 0.968968153 0.223878309 -0.449099994 -0.956798136 0.036829159 0.288411021 -0.680584758
0 0.496732217 0.883079488 0.500000000 0.500000000 0.000000000 0.000000000 0.265664667 -0.244795442 0.932468474 -1.470761875 0.104781717 0.968827188 0.224487662 -0.448733913 -0.958354354 0.038067210 0.283033222 -0.681611940
0 0.496732217 0.883079488 0.500000000 0.500000000 0.000000000 0.000000000 0.260186583 -0.245254904 0.933891296 -1.479902652 0.104641601 0.968668997 0.225234434 -0.448756906 -0.959871411 0.039120901 0.277698547 -0.682388809
0 0.496732217 0.883079488 0.500000000 0.500000000 0.000000000 0.000000000 0.254649192 -0.245631576 0.935317576 -1.488942877 0.104822174 0.968515217 0.225811049 -0.448215692 -0.961335599 0.040539417 0.272379249 -0.683172940
0 0.496732217 0.883079488 0.500000000 0.500000000 0.000000000 0.000000000 0.248966008 -0.246095002 0.936724722 -1.498371736 0.105175175 0.968329072 0.226444229 -0.447884969 -0.962784588 0.042143263 0.266964108 -0.683896304
0 0.496732217 0.883079488 0.500000000 0.500000000 0.000000000 0.000000000 0.243806869 -0.246531859 0.937965989 -1.507044458 0.105430074 0.968156576 0.227062449 -0.447444612 -0.964076102 0.043530442 0.262035102 -0.685505206
