0 0.508851945 0.904625672 0.500000000 0.500000000 0.000000000 0.000000000 0.999999404 0.000337941 -0.001020723 0.076812022 -0.000338604 0.999999702 -0.000649628 -0.335757885 0.001020503 0.000649974 0.999999285 1.080557558
0 0.508851945 0.904625672 0.500000000 0.500000000 0.000000000 0.000000000 0.999999464 0.000309198 -0.000975969 0.077165327 -0.000309787 0.999999762 -0.000603448 -0.337299996 0.000975782 0.000603750 0.999999344 1.086689989
0 0.508851945 0.904625672 0.500000000 0.500000000 0.000000000 0.000000000 0.999999285 0.000342529 -0.001130339 0.077470598 -0.000343078 0.999999821 -0.000485540 -0.339178417 0.001130173 0.000485927 0.999999225 1.092715367
0 0.508851945 0.904625672 0.500000000 0.500000000 0.000000000 0.000000000 0.999999344 0.000381440 -0.001077957 0.077479143 -0.000381948 0.999999821 -0.000471008 -0.340569293 0.001077777 0.000471419 0.999999285 1.098884600
0 0.508851945 0.904625672 0.500000000 0.500000000 0.000000000 0.000000000 0.999999404 0.000316624 -0.001064788 0.077559477 -0.000317100 0.999999821 -0.000446878 -0.342001293 0.001064646 0.000447216 0.999999344 1.104936599
0 0.508851945 0.904625672 0.500000000 0.500000000 0.000000000 0.000000000 0.999999404 0.000202603 -0.001065181 0.077958159 -0.000203010 0.999999881 -0.000382626 -0.343586156 0.001065103 0.000382842 0.999999344 1.110967470
0 0.508851945 0.904625672 0.500000000 0.500000000 0.000000000 0.000000000 0.999999404 0.000302034 -0.001061066 0.078066304 -0.000302366 0.999999881 -0.000313116 -0.345261492 0.001060971 0.000313436 0.999999404 1.116864428
0 0.508851945 0.904625672 0.500000000 0.500000000 0.000000000 0.000000000 0.999999344 0.000190675 -0.001142721 0.078607063 -0.000191107 0.999999881 -0.000377971 -0.346903509 0.001142649 0.000378189 0.999999285 1.122825922
0 0.508851945 0.904625672 0.500000000 0.500000000 0.000000000 0.000000000 0.999999285 0.000128040 -0.001184672 0.078896780 -0.000128525 0.999999881 -0.000409451 -0.348364960 0.001184620 0.000409603 0.999999225 1.128829605
0 0.508851945 0.904625672 0.500000000 0.500000000 0.000000000 0.000000000 0.999999225 0.000108638 -0.001256738 0.079338279 -0.000109168 0.999999881 -0.000421486 -0.350076501 0.001256692 0.000421623 0.999999106 1.134780033
0 0.508851945 0.904625672 0.500000000 0.500000000 0.000000000 0.000000000 0.999999046 0.000037649 -0.001391456 0.079572207 -0.000038273 0.999999881 -0.000448975 -0.351584495 0.001391439 0.000449028 0.999998927 1.140615442
0 0.508851945 0.904625672 0.500000000 0.500000000 0.000000000 0.000000000 0.999998987 0.000054779 -0.001403728 0.080109955 -0.000055343 0.999999940 -0.000401588 -0.353428474 0.001403705 0.000401665 0.999998927 1.146875964
0 0.508851945 0.904625672 0.500000000 0.500000000 0.000000000 0.000000000 0.999999046 -0.000107152 -0.001384307 0.080433541 0.000106496 0.999999881 -0.000473949 -0.354942436 0.001384358 0.000473801 0.999998927 1.152753733
0 0.508851945 0.904625672 0.500000000 0.500000000 0.000000000 0.000000000 0.999999285 -0.000167175 -0.001200638 0.080447546 0.000166522 0.999999821 -0.000543931 -0.356504082 0.001200729 0.000543731 0.999999106 1.158838126
0 0.508851945 0.904625672 0.500000000 0.500000000 0.000000000 0.000000000 0.999999285 -0.000066484 -0.001181295 0.080734209 0.000065963 0.999999881 -0.000441536 -0.358050370 0.001181324 0.000441458 0.999999225 1.164792636
0 0.508851945 0.904625672 0.500000000 0.500000000 0.000000000 0.000000000 0.999999166 -0.000047326 -0.001303768 0.080770255 0.000046811 0.999999940 -0.000395181 -0.359413893 0.001303786 0.000395119 0.999999046 1.170923682
0 0.508851945 0.904625672 0.500000000 0.500000000 0.000000000 0.000000000 0.999998868 -0.000010357 -0.001501321 0.081129273 0.000009759 0.999999940 -0.000398559 -0.360711673 0.001501325 0.000398544 0.999998808 1.176876641
0 0.508851945 0.904625672 0.500000000 0.500000000 0.000000000 0.000000000 0.999998569 -0.000025163 -0.001705483 0.081888939 0.000024716 0.999999940 -0.000262048 -0.362600852 0.001705489 0.000262005 0.999998510 1.182929783
0 0.508851945 0.904625672 0.500000000 0.500000000 0.000000000 0.000000000 0.999998689 -0.000141224 -0.001595428 0.082158439 0.000140819 0.999999940 -0.000253981 -0.364130828 0.001595463 0.000253756 0.999998689 1.188790525
0 0.508851945 0.904625672 0.500000000 0.500000000 0.000000000 0.000000000 0.999998748 -0.000188340 -0.001560447 0.082189736 0.000188021 0.999999940 -0.000204468 -0.365515985 0.001560485 0.000204175 0.999998748 1.195078159
0 0.508851945 0.904625672 0.500000000 0.500000000 0.000000000 0.000000000 0.999998689 -0.000079542 -0.001606798 0.082295259 0.000079090 0.999999940 -0.000281119 -0.367222893 0.001606820 0.000280992 0.999998689 1.200816613
0 0.508851945 0.904625672 0.500000000 0.500000000 0.000000000 0.000000000 0.999998629 -0.000057356 -0.001670144 0.082823967 0.000056924 0.999999940 -0.000258647 -0.368882217 0.001670158 0.000258551 0.999998569 1.206903989
0 0.508851945 0.904625672 0.500000000 0.500000000 0.000000000 0.000000000 0.999998569 -0.000124716 -0.001691216 0.083087995 0.000124261 0.999999940 -0.000268773 -0.370189187 0.001691250 0.000268563 0.999998510 1.212817049
0 0.508851945 0.904625672 0.500000000 0.500000000 0.000000000 0.000000000 0.999998569 -0.000272773 -0.001664930 0.083402949 0.000272356 0.999999940 -0.000250921 -0.371639898 0.001664999 0.000250468 0.999998569 1.219031447
0 0.508851945 0.904625672 0.500000000 0.500000000 0.000000000 0.000000000 0.999998510 -0.000188381 -0.001714673 0.083583398 0.000188139 1.000000000 -0.000141498 -0.373222265 0.001714700 0.000141175 0.999998510 1.224974196
0 0.508851945 0.904625672 0.500000000 0.500000000 0.000000000 0.000000000 0.999998510 -0.000210302 -0.001729570 0.083762144 0.000210131 1.000000000 -0.000098799 -0.374984181 0.001729591 0.000098436 0.999998510 1.231202734
0 0.508851945 0.904625672 0.500000000 0.500000000 0.000000000 0.000000000 0.999998450 -0.000080910 -0.001759166 0.084089596 0.000080581 1.000000000 -0.000186921 -0.376667237 0.001759181 0.000186779 0.999998450 1.236896954
0 0.508851945 0.904625672 0.500000000 0.500000000 0.000000000 0.000000000 0.999998212 -0.000154638 -0.001868946 0.084901328 0.000153994 0.999999940 -0.000344690 -0.378200691 0.001868999 0.000344402 0.999998212 1.242781940
0 0.508851945 0.904625672 0.500000000 0.500000000 0.000000000 0.000000000 0.999998391 -0.000149818 -0.001788379 0.085049646 0.000149314 0.999999940 -0.000281763 -0.379739042 0.001788421 0.000281496 0.999998391 1.248738270
0 0.508851945 0.904625672 0.500000000 0.500000000 0.000000000 0.000000000 0.999998271 -0.000268537 -0.001854527 0.085330950 0.000268074 0.999999940 -0.000250106 -0.381314164 0.001854594 0.000249609 0.999998271 1.254746930
0 0.508851945 0.904625672 0.500000000 0.500000000 0.000000000 0.000000000 0.999997914 -0.000269645 -0.002014470 0.085178295 0.000269291 0.999999940 -0.000176193 -0.382699753 0.002014517 0.000175650 0.999997973 1.260634490
0 0.508851945 0.904625672 0.500000000 0.500000000 0.000000000 0.000000000 0.999997914 -0.000397531 -0.002003235 0.085690587 0.000397146 0.999999881 -0.000192520 -0.384422446 0.002003312 0.000191724 0.999997973 1.266845780
0 0.508851945 0.904625672 0.500000000 0.500000000 0.000000000 0.000000000 0.999997973 -0.000442438 -0.001949158 0.085855168 0.000442173 0.999999881 -0.000136224 -0.386178886 0.001949218 0.000135362 0.999998093 1.272679316
0 0.508851945 0.904625672 0.500000000 0.500000000 0.000000000 0.000000000 0.999997973 -0.000326288 -0.001996546 0.086453087 0.000325893 0.999999940 -0.000198496 -0.387859608 0.001996611 0.000197845 0.999997973 1.278623647
0 0.508851945 0.904625672 0.500000000 0.500000000 0.000000000 0.000000000 0.999997973 -0.000372828 -0.001972180 0.086637067 0.000372213 0.999999881 -0.000312125 -0.389524785 0.001972297 0.000311390 0.999998033 1.284316800
0 0.508851945 0.904625672 0.500000000 0.500000000 0.000000000 0.000000000 0.999998093 -0.000219985 -0.001939081 0.086852075 0.000219389 0.999999940 -0.000307195 -0.391222223 0.001939149 0.000306769 0.999998093 1.290476522
0 0.508851945 0.904625672 0.500000000 0.500000000 0.000000000 0.000000000 0.999997616 -0.000132641 -0.002175484 0.086765460 0.000132180 0.999999940 -0.000211992 -0.392916444 0.002175512 0.000211704 0.999997616 1.296278561
0 0.508851945 0.904625672 0.500000000 0.500000000 0.000000000 0.000000000 0.999997556 -0.000231520 -0.002207281 0.087264410 0.000230981 0.999999940 -0.000244624 -0.394622336 0.002207337 0.000244114 0.999997556 1.302333138
0 0.508851945 0.904625672 0.500000000 0.500000000 0.000000000 0.000000000 0.999997556 -0.000132289 -0.002200069 0.087676806 0.000131876 1.000000000 -0.000187607 -0.396624125 0.002200094 0.000187317 0.999997556 1.308245613
0 0.508851945 0.904625672 0.500000000 0.500000000 0.000000000 0.000000000 0.999997914 0.000023025 -0.002042107 0.088203219 -0.000023723 0.999999940 -0.000341625 -0.398094208 0.002042099 0.000341673 0.999997854 1.314050164
0 0.508851945 0.904625672 0.500000000 0.500000000 0.000000000 0.000000000 0.999998152 0.000135503 -0.001903733 0.088118151 -0.000136063 0.999999940 -0.000294125 -0.399962274 0.001903693 0.000294384 0.999998152 1.320088866
0 0.508851945 0.904625672 0.500000000 0.500000000 0.000000000 0.000000000 0.999997854 0.000237201 -0.002057627 0.088551732 -0.000237958 0.999999881 -0.000367668 -0.401744713 0.002057539 0.000368157 0.999997795 1.325950796
0 0.508851945 0.904625672 0.500000000 0.500000000 0.000000000 0.000000000 0.999997675 0.000234431 -0.002145044 0.088434869 -0.000235224 0.999999881 -0.000369646 -0.403320731 0.002144957 0.000370150 0.999997616 1.331899043
0 0.508851945 0.904625672 0.500000000 0.500000000 0.000000000 0.000000000 0.999997497 0.000168140 -0.002229913 0.088938926 -0.000169141 0.999999881 -0.000448643 -0.405134150 0.002229837 0.000449019 0.999997437 1.337861211
0 0.508851945 0.904625672 0.500000000 0.500000000 0.000000000 0.000000000 0.999997616 0.000134558 -0.002186080 0.089165118 -0.000135471 0.999999881 -0.000417383 -0.406666727 0.002186024 0.000417678 0.999997497 1.343741881
0 0.508851945 0.904625672 0.500000000 0.500000000 0.000000000 0.000000000 0.999997437 0.000116924 -0.002273889 0.089384388 -0.000117752 0.999999940 -0.000364347 -0.408025904 0.002273846 0.000364614 0.999997377 1.349764974
0 0.508851945 0.904625672 0.500000000 0.500000000 0.000000000 0.000000000 0.999997616 0.000273487 -0.002174222 0.089807311 -0.000274072 0.999999940 -0.000268541 -0.409839416 0.002174148 0.000269136 0.999997616 1.355648779
0 0.508851945 0.904625672 0.500000000 0.500000000 0.000000000 0.000000000 0.999997675 0.000417658 -0.002120432 0.089756738 -0.000418153 0.999999881 -0.000232951 -0.411410255 0.002120335 0.000233837 0.999997735 1.361670578
0 0.508851945 0.904625672 0.500000000 0.500000000 0.000000000 0.000000000 0.999997437 0.000576812 -0.002182943 0.090319710 -0.000577365 0.999999821 -0.000252805 -0.413270198 0.002182797 0.000254064 0.999997556 1.367700204
0 0.508851945 0.904625672 0.500000000 0.500000000 0.000000000 0.000000000 0.999997497 0.000572223 -0.002155423 0.090499605 -0.000573336 0.999999702 -0.000515970 -0.415049997 0.002155127 0.000517204 0.999997556 1.373311080
0 0.508851945 0.904625672 0.500000000 0.500000000 0.000000000 0.000000000 0.999997437 0.000583439 -0.002181081 0.090946231 -0.000584585 0.999999702 -0.000524681 -0.416957968 0.002180774 0.000525955 0.999997497 1.379232056
0 0.508851945 0.904625672 0.500000000 0.500000000 0.000000000 0.000000000 0.999997377 0.000513717 -0.002220198 0.091245136 -0.000514939 0.999999702 -0.000549721 -0.418622608 0.002219915 0.000550863 0.999997377 1.385216983
0 0.508851945 0.904625672 0.500000000 0.500000000 0.000000000 0.000000000 0.999997497 0.000544849 -0.002172931 0.091483557 -0.000545955 0.999999702 -0.000508830 -0.420154164 0.002172653 0.000510015 0.999997497 1.391153107
0 0.508851945 0.904625672 0.500000000 0.500000000 0.000000000 0.000000000 0.999997556 0.000549040 -0.002128142 0.091691296 -0.000550174 0.999999702 -0.000532359 -0.421943081 0.002127849 0.000533529 0.999997616 1.397038823
0 0.508851945 0.904625672 0.500000000 0.500000000 0.000000000 0.000000000 0.999997497 0.000587309 -0.002172690 0.091823147 -0.000588585 0.999999642 -0.000586814 -0.423660948 0.002172344 0.000588091 0.999997497 1.402935530
0 0.508851945 0.904625672 0.500000000 0.500000000 0.000000000 0.000000000 0.999997437 0.000549765 -0.002187211 0.091954131 -0.000551076 0.999999642 -0.000598647 -0.425496328 0.002186881 0.000599851 0.999997437 1.408955319
0 0.508851945 0.904625672 0.500000000 0.500000000 0.000000000 0.000000000 0.999997377 0.000503146 -0.002228475 0.092343581 -0.000504426 0.999999702 -0.000574179 -0.426930490 0.002228185 0.000575302 0.999997377 1.414737062
0 0.508851945 0.904625672 0.500000000 0.500000000 0.000000000 0.000000000 0.999997079 0.000455953 -0.002376316 0.092699607 -0.000457188 0.999999762 -0.000519352 -0.428458107 0.002376078 0.000520437 0.999997020 1.420648125
0 0.508851945 0.904625672 0.500000000 0.500000000 0.000000000 0.000000000 0.999997377 0.000483997 -0.002250636 0.092872419 -0.000484829 0.999999821 -0.000369329 -0.429941415 0.002250457 0.000370419 0.999997377 1.426634818
0 0.508851945 0.904625672 0.500000000 0.500000000 0.000000000 0.000000000 0.999996960 0.000614108 -0.002395839 0.093199778 -0.000614805 0.999999762 -0.000290116 -0.431529787 0.002395660 0.000291588 0.999997079 1.432549929
0 0.508851945 0.904625672 0.500000000 0.500000000 0.000000000 0.000000000 0.999997020 0.000473115 -0.002389350 0.093491306 -0.000473953 0.999999821 -0.000350047 -0.433384401 0.002389184 0.000351178 0.999997079 1.438339520
0 0.508851945 0.904625672 0.500000000 0.500000000 0.000000000 0.000000000 0.999996662 0.000644045 -0.002497351 0.093291240 -0.000644777 0.999999762 -0.000292599 -0.435074809 0.002497162 0.000294208 0.999996841 1.444309094
0 0.508851945 0.904625672 0.500000000 0.500000000 0.000000000 0.000000000 0.999996424 0.000645428 -0.002600072 0.093529525 -0.000646214 0.999999762 -0.000301456 -0.436728483 0.002599877 0.000303135 0.999996603 1.450192403
0 0.508851945 0.904625672 0.500000000 0.500000000 0.000000000 0.000000000 0.999996662 0.000636233 -0.002512384 0.093904712 -0.000637165 0.999999702 -0.000370125 -0.438505895 0.002512148 0.000371724 0.999996781 1.456179029
0 0.508851945 0.904625672 0.500000000 0.500000000 0.000000000 0.000000000 0.999996722 0.000633886 -0.002486723 0.094181443 -0.000634980 0.999999702 -0.000439190 -0.440194327 0.002486444 0.000440767 0.999996841 1.461964290
0 0.508851945 0.904625672 0.500000000 0.500000000 0.000000000 0.000000000 0.999996364 0.000758560 -0.002592807 0.094240582 -0.000759485 0.999999642 -0.000355929 -0.441958572 0.002592536 0.000357897 0.999996603 1.467980584
0 0.508851945 0.904625672 0.500000000 0.500000000 0.000000000 0.000000000 0.999996066 0.000818151 -0.002679890 0.094630283 -0.000819276 0.999999583 -0.000418607 -0.443652872 0.002679546 0.000420801 0.999996305 1.473814333
0 0.508851945 0.904625672 0.500000000 0.500000000 0.000000000 0.000000000 0.999995887 0.000722161 -0.002778424 0.095127620 -0.000723367 0.999999642 -0.000433066 -0.445357596 0.002778110 0.000435074 0.999996066 1.479641982
0 0.508851945 0.904625672 0.500000000 0.500000000 0.000000000 0.000000000 0.999995887 0.000754673 -0.002760800 0.095477186 -0.000756075 0.999999583 -0.000506824 -0.446921986 0.002760416 0.000508909 0.999996066 1.485608725
0 0.508851945 0.904625672 0.500000000 0.500000000 0.000000000 0.000000000 0.999995768 0.000870044 -0.002766406 0.095760083 -0.000871617 0.999999464 -0.000567222 -0.448815805 0.002765911 0.000569631 0.999996006 1.491531431
0 0.508851945 0.904625672 0.500000000 0.500000000 0.000000000 0.000000000 0.999995887 0.000873031 -0.002722612 0.095914155 -0.000874650 0.999999464 -0.000593548 -0.450590824 0.002722092 0.000595927 0.999996126 1.497433416
0 0.508851945 0.904625672 0.500000000 0.500000000 0.000000000 0.000000000 0.999995708 0.000982994 -0.002765855 0.096125969 -0.000984726 0.999999344 -0.000624701 -0.452160560 0.002765239 0.000627422 0.999996006 1.503148654
0 0.508851945 0.904625672 0.500000000 0.500000000 0.000000000 0.000000000 0.999995828 0.000929520 -0.002744286 0.096549501 -0.000931246 0.999999344 -0.000627636 -0.453969576 0.002743701 0.000630189 0.999996066 1.509234312
0 0.508851945 0.904625672 0.500000000 0.500000000 0.000000000 0.000000000 0.999995947 0.000982574 -0.002674407 0.096457471 -0.000983909 0.999999404 -0.000497966 -0.455528393 0.002673916 0.000500595 0.999996305 1.515184190
0 0.508851945 0.904625672 0.500000000 0.500000000 0.000000000 0.000000000 0.999995351 0.001010130 -0.002868146 0.097140169 -0.001011466 0.999999404 -0.000464463 -0.457029007 0.002867675 0.000467362 0.999995768 1.521125581
0 0.508851945 0.904625672 0.500000000 0.500000000 0.000000000 0.000000000 0.999995470 0.000866208 -0.002890437 0.097625047 -0.000867592 0.999999523 -0.000477592 -0.458544859 0.002890022 0.000480098 0.999995708 1.526937481
0 0.508851945 0.904625672 0.500000000 0.500000000 0.000000000 0.000000000 0.999995470 0.000923919 -0.002861376 0.097537852 -0.000924942 0.999999523 -0.000356239 -0.460386063 0.002861046 0.000358884 0.999995828 1.533050498
0 0.508851945 0.904625672 0.500000000 0.500000000 0.000000000 0.000000000 0.999995053 0.001022589 -0.002974189 0.097895336 -0.001023920 0.999999404 -0.000446321 -0.462293941 0.002973731 0.000449364 0.999995470 1.538746937
0 0.508851945 0.904625672 0.500000000 0.500000000 0.000000000 0.000000000 0.999995470 0.001004154 -0.002829883 0.098566833 -0.001005595 0.999999344 -0.000507743 -0.464202559 0.002829371 0.000510586 0.999995887 1.544704141
0 0.508851945 0.904625672 0.500000000 0.500000000 0.000000000 0.000000000 0.999995410 0.001085944 -0.002833070 0.098598547 -0.001087986 0.999999166 -0.000719189 -0.466148123 0.002832286 0.000722268 0.999995708 1.550226840
0 0.508851945 0.904625672 0.500000000 0.500000000 0.000000000 0.000000000 0.999995053 0.001253979 -0.002887645 0.098904442 -0.001255965 0.999998987 -0.000686038 -0.467856289 0.002886781 0.000689662 0.999995589 1.556410760
