0 0.575125349 1.022445095 0.500000000 0.500000000 0.000000000 0.000000000 0.999986172 0.003056568 0.004279728 0.027036106 -0.003024284 0.999967098 -0.007529533 0.002918623 -0.004302601 0.007516485 0.999962509 0.190228355
0 0.575125349 1.022445095 0.500000000 0.500000000 0.000000000 0.000000000 0.999988973 0.002541238 0.003952219 0.027592286 -0.002513283 0.999971926 -0.007062099 0.003445677 -0.003970054 0.007052088 0.999967277 0.195035021
0 0.575125349 1.022445095 0.500000000 0.500000000 0.000000000 0.000000000 0.999991298 0.002214619 0.003541043 0.028511766 -0.002192858 0.999978781 -0.006137487 0.004072220 -0.003554560 0.006129669 0.999974906 0.199729122
0 0.575125349 1.022445095 0.500000000 0.500000000 0.000000000 0.000000000 0.999991119 0.002202370 0.003585055 0.028671122 -0.002181891 0.999981344 -0.005706321 0.004785231 -0.003597555 0.005698448 0.999977291 0.204835603
0 0.575125349 1.022445095 0.500000000 0.500000000 0.000000000 0.000000000 0.999991536 0.002376124 0.003359803 0.028872113 -0.002356093 0.999979496 -0.005953632 0.005297719 -0.003373880 0.005945665 0.999976635 0.209810761
0 0.575125349 1.022445095 0.500000000 0.500000000 0.000000000 0.000000000 0.999993324 0.002583094 0.002594959 0.028626500 -0.002566304 0.999975860 -0.006452913 0.005426282 -0.002611565 0.006446211 0.999975801 0.215201718
0 0.575125349 1.022445095 0.500000000 0.500000000 0.000000000 0.000000000 0.999996483 0.002271005 0.001361585 0.029513801 -0.002261221 0.999971926 -0.007144556 0.005623053 -0.001377772 0.007141452 0.999973536 0.219971515
0 0.575125349 1.022445095 0.500000000 0.500000000 0.000000000 0.000000000 0.999996901 0.002388804 0.000704712 0.030238065 -0.002383417 0.999968648 -0.007547578 0.005786149 -0.000722720 0.007545875 0.999971271 0.224898448
0 0.575125349 1.022445095 0.500000000 0.500000000 0.000000000 0.000000000 0.999996841 0.002429544 0.000679343 0.031155939 -0.002424354 0.999968648 -0.007538000 0.006362863 -0.000697635 0.007536329 0.999971330 0.229674211
0 0.575125349 1.022445095 0.500000000 0.500000000 0.000000000 0.000000000 0.999996185 0.002692495 0.000649653 0.032633105 -0.002687688 0.999969840 -0.007290471 0.006789760 -0.000669263 0.007288698 0.999973238 0.234355701
0 0.575125349 1.022445095 0.500000000 0.500000000 0.000000000 0.000000000 0.999996483 0.002547554 0.000720210 0.033974222 -0.002542373 0.999971509 -0.007105600 0.007669580 -0.000738291 0.007103743 0.999974489 0.239029813
0 0.575125349 1.022445095 0.500000000 0.500000000 0.000000000 0.000000000 0.999996006 0.002803082 0.000379268 0.035147540 -0.002800434 0.999972880 -0.006810685 0.008267623 -0.000398348 0.006809596 0.999976754 0.244261129
0 0.575125349 1.022445095 0.500000000 0.500000000 0.000000000 0.000000000 0.999996066 0.002803201 -0.000117214 0.036663424 -0.002803915 0.999974191 -0.006619176 0.008753010 0.000098656 0.006619479 0.999978065 0.249749712
0 0.575125349 1.022445095 0.500000000 0.500000000 0.000000000 0.000000000 0.999995649 0.002922115 -0.000360741 0.037869595 -0.002924473 0.999973118 -0.006721369 0.009216475 0.000341091 0.006722395 0.999977350 0.255274089
0 0.575125349 1.022445095 0.500000000 0.500000000 0.000000000 0.000000000 0.999995887 0.002833578 -0.000488522 0.039575150 -0.002836732 0.999974310 -0.006580376 0.009493773 0.000469863 0.006581734 0.999978244 0.260679171
0 0.575125349 1.022445095 0.500000000 0.500000000 0.000000000 0.000000000 0.999996722 0.002423125 -0.000841695 0.041674883 -0.002428675 0.999974906 -0.006657294 0.010089666 0.000825543 0.006659316 0.999977469 0.266440898
0 0.575125349 1.022445095 0.500000000 0.500000000 0.000000000 0.000000000 0.999996901 0.002312061 -0.000908780 0.043418216 -0.002318406 0.999972522 -0.007044219 0.010844432 0.000892468 0.007046305 0.999974787 0.272292250
0 0.575125349 1.022445095 0.500000000 0.500000000 0.000000000 0.000000000 0.999996126 0.002728420 -0.000593399 0.044852779 -0.002732576 0.999970913 -0.007119481 0.010643291 0.000573957 0.007121075 0.999974489 0.278489894
0 0.575125349 1.022445095 0.500000000 0.500000000 0.000000000 0.000000000 0.999997497 0.002197350 -0.000484259 0.046831586 -0.002200795 0.999971449 -0.007231383 0.011493917 0.000468356 0.007232430 0.999973714 0.284531666
0 0.575125349 1.022445095 0.500000000 0.500000000 0.000000000 0.000000000 0.999997616 0.002147942 -0.000455328 0.049062295 -0.002151155 0.999971926 -0.007178336 0.012246138 0.000439897 0.007179299 0.999974132 0.290166352
0 0.575125349 1.022445095 0.500000000 0.500000000 0.000000000 0.000000000 0.999997854 0.001983230 -0.000574478 0.050618502 -0.001987281 0.999972522 -0.007140795 0.013433457 0.000560301 0.007141921 0.999974310 0.297107696
0 0.575125349 1.022445095 0.500000000 0.500000000 0.000000000 0.000000000 0.999997973 0.001791441 -0.000895729 0.052946176 -0.001797843 0.999972463 -0.007198147 0.014990513 0.000882809 0.007199742 0.999973714 0.303323894
0 0.575125349 1.022445095 0.500000000 0.500000000 0.000000000 0.000000000 0.999995291 0.002822443 -0.001213232 0.055259056 -0.002830245 0.999975026 -0.006477984 0.014940141 0.001194918 0.006481387 0.999978304 0.309768677
0 0.575125349 1.022445095 0.500000000 0.500000000 0.000000000 0.000000000 0.999996006 0.002595952 -0.001116389 0.057349042 -0.002603420 0.999973893 -0.006740401 0.016911140 0.001098862 0.006743280 0.999976635 0.315962322
0 0.575125349 1.022445095 0.500000000 0.500000000 0.000000000 0.000000000 0.999996483 0.002250228 -0.001401082 0.059578720 -0.002259218 0.999976635 -0.006448388 0.018398336 0.001386539 0.006451531 0.999978244 0.322652481
0 0.575125349 1.022445095 0.500000000 0.500000000 0.000000000 0.000000000 0.999995828 0.002224172 -0.001853943 0.062068848 -0.002236229 0.999976218 -0.006527015 0.020049194 0.001839382 0.006531133 0.999976993 0.328563305
0 0.575125349 1.022445095 0.500000000 0.500000000 0.000000000 0.000000000 0.999994576 0.002224566 -0.002425350 0.064321240 -0.002239605 0.999978185 -0.006215495 0.021772464 0.002411470 0.006220893 0.999977767 0.334919386
0 0.575125349 1.022445095 0.500000000 0.500000000 0.000000000 0.000000000 0.999993622 0.002495854 -0.002546126 0.065682436 -0.002510618 0.999979973 -0.005812060 0.023374300 0.002531569 0.005818415 0.999979854 0.341795852
0 0.575125349 1.022445095 0.500000000 0.500000000 0.000000000 0.000000000 0.999993265 0.002154915 -0.002969695 0.068655559 -0.002171809 0.999981403 -0.005697277 0.025399923 0.002957363 0.005703689 0.999979377 0.347395472
0 0.575125349 1.022445095 0.500000000 0.500000000 0.000000000 0.000000000 0.999993324 0.002362227 -0.002793688 0.070208074 -0.002377076 0.999983013 -0.005323794 0.027013516 0.002781064 0.005330399 0.999981940 0.353741874
0 0.575125349 1.022445095 0.500000000 0.500000000 0.000000000 0.000000000 0.999993622 0.002262792 -0.002753178 0.071665925 -0.002277527 0.999983013 -0.005360771 0.028781900 0.002741001 0.005367007 0.999981821 0.360713761
0 0.575125349 1.022445095 0.500000000 0.500000000 0.000000000 0.000000000 0.999994934 0.001530959 -0.002781758 0.073403509 -0.001546587 0.999983013 -0.005624598 0.030919219 0.002773099 0.005628872 0.999980330 0.366466409
0 0.575125349 1.022445095 0.500000000 0.500000000 0.000000000 0.000000000 0.999993443 0.001146836 -0.003435837 0.075225957 -0.001166649 0.999982655 -0.005769918 0.032680883 0.003429160 0.005773888 0.999977469 0.372712763
0 0.575125349 1.022445095 0.500000000 0.500000000 0.000000000 0.000000000 0.999989390 0.001254020 -0.004428804 0.077873707 -0.001278761 0.999983549 -0.005587921 0.034346769 0.004421724 0.005593526 0.999974608 0.379075831
0 0.575125349 1.022445095 0.500000000 0.500000000 0.000000000 0.000000000 0.999988377 0.002032982 -0.004375338 0.079248066 -0.002056246 0.999983728 -0.005319102 0.036085666 0.004364454 0.005328036 0.999976277 0.385448510
0 0.575125349 1.022445095 0.500000000 0.500000000 0.000000000 0.000000000 0.999988317 0.001684535 -0.004525395 0.081887237 -0.001708457 0.999984562 -0.005287717 0.038847433 0.004516418 0.005295387 0.999975801 0.391718015
0 0.575125349 1.022445095 0.500000000 0.500000000 0.000000000 0.000000000 0.999988437 0.001809485 -0.004461733 0.083623853 -0.001834376 0.999982715 -0.005581160 0.041135495 0.004451557 0.005589279 0.999974489 0.397403258
0 0.575125349 1.022445095 0.500000000 0.500000000 0.000000000 0.000000000 0.999982238 0.002595845 -0.005367707 0.085490268 -0.002625233 0.999981582 -0.005475244 0.042319908 0.005353395 0.005489238 0.999970615 0.404127818
0 0.575125349 1.022445095 0.500000000 0.500000000 0.000000000 0.000000000 0.999978244 0.002757875 -0.005995591 0.087200423 -0.002792635 0.999979317 -0.005796891 0.044367667 0.005979479 0.005813508 0.999965250 0.410356405
0 0.575125349 1.022445095 0.500000000 0.500000000 0.000000000 0.000000000 0.999978483 0.002476712 -0.006076929 0.089073119 -0.002514384 0.999977648 -0.006199268 0.046284926 0.006061439 0.006214414 0.999962330 0.416939106
0 0.575125349 1.022445095 0.500000000 0.500000000 0.000000000 0.000000000 0.999981284 0.002214080 -0.005704146 0.091352163 -0.002250154 0.999977469 -0.006325624 0.047680672 0.005690013 0.006338341 0.999963701 0.422559414
0 0.575125349 1.022445095 0.500000000 0.500000000 0.000000000 0.000000000 0.999984264 0.001648414 -0.005362083 0.093096115 -0.001684510 0.999975920 -0.006734171 0.049580200 0.005350853 0.006743098 0.999962926 0.428588263
0 0.575125349 1.022445095 0.500000000 0.500000000 0.000000000 0.000000000 0.999985337 0.001146088 -0.005292417 0.094719420 -0.001182594 0.999975502 -0.006899819 0.050983584 0.005284380 0.006905977 0.999962211 0.434966727
0 0.575125349 1.022445095 0.500000000 0.500000000 0.000000000 0.000000000 0.999984205 0.001076220 -0.005516627 0.096699937 -0.001115900 0.999973476 -0.007194799 0.051916182 0.005508737 0.007200842 0.999958873 0.441679747
0 0.575125349 1.022445095 0.500000000 0.500000000 0.000000000 0.000000000 0.999985039 0.001670587 -0.005208937 0.098715112 -0.001708326 0.999972284 -0.007249047 0.052095931 0.005196683 0.007257837 0.999960184 0.447376397
0 0.575125349 1.022445095 0.500000000 0.500000000 0.000000000 0.000000000 0.999987662 0.001795042 -0.004635375 0.100323833 -0.001830569 0.999968886 -0.007671373 0.053460139 0.004621461 0.007679764 0.999959826 0.453826661
0 0.575125349 1.022445095 0.500000000 0.500000000 0.000000000 0.000000000 0.999987602 0.002075019 -0.004525201 0.102814093 -0.002110622 0.999966741 -0.007877264 0.054379881 0.004508705 0.007886718 0.999958754 0.459169833
0 0.575125349 1.022445095 0.500000000 0.500000000 0.000000000 0.000000000 0.999988258 0.002226278 -0.004299994 0.104610350 -0.002258547 0.999969244 -0.007514204 0.055062781 0.004283132 0.007523828 0.999962509 0.465373541
0 0.575125349 1.022445095 0.500000000 0.500000000 0.000000000 0.000000000 0.999987125 0.001729747 -0.004768373 0.107183232 -0.001765441 0.999970376 -0.007491494 0.056160395 0.004755273 0.007499815 0.999960542 0.471498874
0 0.575125349 1.022445095 0.500000000 0.500000000 0.000000000 0.000000000 0.999987721 0.001624876 -0.004675588 0.108316537 -0.001659303 0.999971449 -0.007368781 0.057156749 0.004663481 0.007376449 0.999961913 0.477343099
0 0.575125349 1.022445095 0.500000000 0.500000000 0.000000000 0.000000000 0.999987841 0.001563262 -0.004674958 0.109524877 -0.001595583 0.999974787 -0.006917914 0.057524920 0.004664025 0.006925290 0.999965131 0.483450622
0 0.575125349 1.022445095 0.500000000 0.500000000 0.000000000 0.000000000 0.999986768 0.001533589 -0.004910058 0.111539653 -0.001569683 0.999971688 -0.007355565 0.057781425 0.004898639 0.007363175 0.999960899 0.489103218
0 0.575125349 1.022445095 0.500000000 0.500000000 0.000000000 0.000000000 0.999986947 0.001876291 -0.004757022 0.112992229 -0.001911951 0.999970019 -0.007503038 0.057600336 0.004742801 0.007512036 0.999960542 0.495493960
0 0.575125349 1.022445095 0.500000000 0.500000000 0.000000000 0.000000000 0.999985754 0.002385701 -0.004775742 0.115465295 -0.002422377 0.999967515 -0.007688727 0.057399855 0.004757244 0.007700186 0.999959052 0.501198494
0 0.575125349 1.022445095 0.500000000 0.500000000 0.000000000 0.000000000 0.999986947 0.002515167 -0.004450216 0.117382915 -0.002550628 0.999964893 -0.007980711 0.057947165 0.004429987 0.007991957 0.999958277 0.507075682
0 0.575125349 1.022445095 0.500000000 0.500000000 0.000000000 0.000000000 0.999987185 0.002589493 -0.004349415 0.119363853 -0.002623339 0.999966204 -0.007794200 0.058184385 0.004329085 0.007805510 0.999960184 0.513000404
0 0.575125349 1.022445095 0.500000000 0.500000000 0.000000000 0.000000000 0.999990225 0.002137779 -0.003869227 0.121066225 -0.002165849 0.999971271 -0.007265079 0.058538610 0.003853585 0.007273389 0.999966145 0.518636709
0 0.575125349 1.022445095 0.500000000 0.500000000 0.000000000 0.000000000 0.999991179 0.001787175 -0.003798411 0.123023496 -0.001812700 0.999975741 -0.006727165 0.059759232 0.003786296 0.006733991 0.999970138 0.524507280
0 0.575125349 1.022445095 0.500000000 0.500000000 0.000000000 0.000000000 0.999992847 0.001439964 -0.003496998 0.124380930 -0.001461786 0.999979436 -0.006245697 0.061782846 0.003487932 0.006250765 0.999974370 0.530982047
0 0.575125349 1.022445095 0.500000000 0.500000000 0.000000000 0.000000000 0.999993742 0.001660341 -0.003127872 0.125410229 -0.001677854 0.999982893 -0.005604561 0.062643042 0.003118513 0.005609774 0.999979377 0.537163067
0 0.575125349 1.022445095 0.500000000 0.500000000 0.000000000 0.000000000 0.999993205 0.001763036 -0.003240360 0.127003417 -0.001780677 0.999983549 -0.005449492 0.063544207 0.003230700 0.005455225 0.999979913 0.543924549
0 0.575125349 1.022445095 0.500000000 0.500000000 0.000000000 0.000000000 0.999991775 0.001639363 -0.003717362 0.129318650 -0.001659829 0.999983430 -0.005509059 0.064279293 0.003708269 0.005515184 0.999977887 0.550467850
0 0.575125349 1.022445095 0.500000000 0.500000000 0.000000000 0.000000000 0.999991477 0.001925405 -0.003658603 0.130970760 -0.001945717 0.999982655 -0.005556304 0.064775667 0.003647842 0.005563376 0.999977887 0.557443118
0 0.575125349 1.022445095 0.500000000 0.500000000 0.000000000 0.000000000 0.999992728 0.002164916 -0.003139387 0.131874010 -0.002183645 0.999979794 -0.005974897 0.065873641 0.003126389 0.005981709 0.999977231 0.564598977
0 0.575125349 1.022445095 0.500000000 0.500000000 0.000000000 0.000000000 0.999992669 0.002059401 -0.003233284 0.133674359 -0.002079462 0.999978542 -0.006213410 0.066453675 0.003220418 0.006220088 0.999975443 0.571807902
0 0.575125349 1.022445095 0.500000000 0.500000000 0.000000000 0.000000000 0.999993980 0.001959519 -0.002869390 0.134301438 -0.001978323 0.999976516 -0.006565133 0.066465735 0.002856458 0.006570770 0.999974310 0.579032081
0 0.575125349 1.022445095 0.500000000 0.500000000 0.000000000 0.000000000 0.999993265 0.001629800 -0.003280101 0.135567400 -0.001653266 0.999972999 -0.007164116 0.066611946 0.003268336 0.007169491 0.999968946 0.586192127
0 0.575125349 1.022445095 0.500000000 0.500000000 0.000000000 0.000000000 0.999991775 0.001566044 -0.003734279 0.136996704 -0.001594533 0.999969542 -0.007638266 0.067052119 0.003722204 0.007644158 0.999963880 0.593219613
0 0.575125349 1.022445095 0.500000000 0.500000000 0.000000000 0.000000000 0.999991059 0.001404343 -0.003989901 0.138424072 -0.001435343 0.999968708 -0.007777446 0.067641721 0.003978854 0.007783103 0.999961793 0.599717710
0 0.575125349 1.022445095 0.500000000 0.500000000 0.000000000 0.000000000 0.999990165 0.000972919 -0.004322972 0.140590809 -0.001006026 0.999970138 -0.007662945 0.068253251 0.004315387 0.007667219 0.999961317 0.605771787
0 0.575125349 1.022445095 0.500000000 0.500000000 0.000000000 0.000000000 0.999992430 0.001405071 -0.003624912 0.140895577 -0.001430894 0.999973536 -0.007131013 0.068521818 0.003614797 0.007136146 0.999967992 0.613253512
0 0.575125349 1.022445095 0.500000000 0.500000000 0.000000000 0.000000000 0.999992907 0.001483006 -0.003467840 0.143191991 -0.001506280 0.999976277 -0.006718480 0.069062209 0.003457795 0.006723656 0.999971390 0.619287503
0 0.575125349 1.022445095 0.500000000 0.500000000 0.000000000 0.000000000 0.999993205 0.001873422 -0.003166965 0.144530965 -0.001894027 0.999976993 -0.006515963 0.069179109 0.003154685 0.006521917 0.999973774 0.625814838
0 0.575125349 1.022445095 0.500000000 0.500000000 0.000000000 0.000000000 0.999993622 0.001886060 -0.003035538 0.144826135 -0.001907313 0.999973595 -0.007013534 0.069964384 0.003022230 0.007019279 0.999970794 0.632718872
0 0.575125349 1.022445095 0.500000000 0.500000000 0.000000000 0.000000000 0.999991655 0.001851337 -0.003644922 0.146727100 -0.001878016 0.999971390 -0.007329731 0.069883832 0.003631248 0.007336515 0.999966502 0.639142559
0 0.575125349 1.022445095 0.500000000 0.500000000 0.000000000 0.000000000 0.999990165 0.002206702 -0.003840768 0.148070437 -0.002236736 0.999966800 -0.007832860 0.069676128 0.003823355 0.007841374 0.999961972 0.645597703
0 0.575125349 1.022445095 0.500000000 0.500000000 0.000000000 0.000000000 0.999989271 0.002379890 -0.003981359 0.149767482 -0.002412557 0.999963284 -0.008220416 0.069899994 0.003961649 0.008229932 0.999958277 0.651834683
0 0.575125349 1.022445095 0.500000000 0.500000000 0.000000000 0.000000000 0.999987841 0.002916294 -0.003971741 0.151108487 -0.002947919 0.999963820 -0.007980113 0.069519488 0.003948325 0.007991725 0.999960244 0.658794370
0 0.575125349 1.022445095 0.500000000 0.500000000 0.000000000 0.000000000 0.999987066 0.002745249 -0.004285910 0.152805101 -0.002779766 0.999963582 -0.008068593 0.069972337 0.004263604 0.008080402 0.999958277 0.664814250
0 0.575125349 1.022445095 0.500000000 0.500000000 0.000000000 0.000000000 0.999984860 0.002340434 -0.004982514 0.154415067 -0.002381515 0.999963105 -0.008255155 0.071176261 0.004963009 0.008266896 0.999953508 0.671229139
0 0.575125349 1.022445095 0.500000000 0.500000000 0.000000000 0.000000000 0.999984026 0.002550800 -0.005039453 0.155761443 -0.002590462 0.999965608 -0.007879577 0.071394164 0.005019180 0.007892506 0.999956250 0.678108872
