0 0.475556711 0.845434095 0.500000000 0.500000000 0.000000000 0.000000000 0.999967515 -0.005543541 0.005855130 0.033024978 0.005512644 0.999970853 0.005279981 0.001715501 -0.005884229 -0.005247532 0.999968946 -0.597774331
0 0.475556711 0.845434095 0.500000000 0.500000000 0.000000000 0.000000000 0.999963582 -0.005714607 0.006336020 0.032222423 0.005681455 0.999970138 0.005238096 0.000891212 -0.006365764 -0.005201908 0.999966204 -0.625766475
0 0.475556711 0.845434095 0.500000000 0.500000000 0.000000000 0.000000000 0.999960721 -0.005722682 0.006765344 0.032656449 0.005688904 0.999971330 0.005001473 0.001190780 -0.006793772 -0.004962789 0.999964595 -0.653518049
0 0.475556711 0.845434095 0.500000000 0.500000000 0.000000000 0.000000000 0.999956131 -0.005829804 0.007332652 0.032859028 0.005793840 0.999971151 0.004916389 0.001094487 -0.007361102 -0.004873688 0.999961019 -0.681681168
0 0.475556711 0.845434095 0.500000000 0.500000000 0.000000000 0.000000000 0.999947488 -0.005878345 0.008393437 0.031067670 0.005838107 0.999971390 0.004810486 0.001064794 -0.008421474 -0.004761232 0.999953210 -0.711367871
0 0.475556711 0.845434095 0.500000000 0.500000000 0.000000000 0.000000000 0.999939501 -0.005975110 0.009237803 0.029230158 0.005932057 0.999971449 0.004680868 0.001336569 -0.009265508 -0.004625786 0.999946356 -0.740269659
0 0.475556711 0.845434095 0.500000000 0.500000000 0.000000000 0.000000000 0.999932349 -0.006161455 0.009865450 0.027687700 0.006116260 0.999970675 0.004604695 0.001180307 -0.009893533 -0.004544044 0.999940753 -0.769055656
0 0.475556711 0.845434095 0.500000000 0.500000000 0.000000000 0.000000000 0.999926150 -0.006265358 0.010415367 0.025617026 0.006218529 0.999970436 0.004522408 0.002024309 -0.010443393 -0.004457306 0.999935508 -0.798931046
0 0.475556711 0.845434095 0.500000000 0.500000000 0.000000000 0.000000000 0.999918342 -0.006331496 0.011101916 0.023078406 0.006283985 0.999970973 0.004309205 0.003599918 -0.011128876 -0.004239089 0.999929070 -0.827049766
0 0.475556711 0.845434095 0.500000000 0.500000000 0.000000000 0.000000000 0.999912560 -0.006327095 0.011610745 0.021857560 0.006277845 0.999971151 0.004273282 0.005007738 -0.011637447 -0.004200018 0.999923468 -0.855117197
0 0.475556711 0.845434095 0.500000000 0.500000000 0.000000000 0.000000000 0.999901056 -0.006367618 0.012542633 0.020179350 0.006316703 0.999971688 0.004094794 0.007356240 -0.012568352 -0.004015161 0.999912977 -0.883127080
0 0.475556711 0.845434095 0.500000000 0.500000000 0.000000000 0.000000000 0.999883115 -0.006477719 0.013847989 0.018320766 0.006424724 0.999971867 0.003867993 0.009703756 -0.013872656 -0.003778571 0.999896646 -0.910923135
0 0.475556711 0.845434095 0.500000000 0.500000000 0.000000000 0.000000000 0.999867916 -0.006508376 0.014892695 0.017573945 0.006449326 0.999971151 0.004009612 0.011101636 -0.014918361 -0.003913035 0.999881029 -0.938724850
0 0.475556711 0.845434095 0.500000000 0.500000000 0.000000000 0.000000000 0.999848902 -0.006671021 0.016053084 0.015225344 0.006605339 0.999969602 0.004141118 0.012524181 -0.016080221 -0.004034456 0.999862552 -0.966880017
0 0.475556711 0.845434095 0.500000000 0.500000000 0.000000000 0.000000000 0.999836206 -0.006813716 0.016768210 0.014680180 0.006743244 0.999968231 0.004255699 0.013332260 -0.016796673 -0.004141929 0.999850333 -0.994387223
0 0.475556711 0.845434095 0.500000000 0.500000000 0.000000000 0.000000000 0.999822557 -0.006951140 0.017508702 0.014662848 0.006878589 0.999967515 0.004200555 0.014736535 -0.017537333 -0.004079374 0.999837875 -1.021882941
0 0.475556711 0.845434095 0.500000000 0.500000000 0.000000000 0.000000000 0.999802649 -0.007149371 0.018535806 0.014138894 0.007069109 0.999965370 0.004392037 0.014361084 -0.018566564 -0.004260139 0.999818563 -1.050022473
0 0.475556711 0.845434095 0.500000000 0.500000000 0.000000000 0.000000000 0.999779046 -0.007332587 0.019698963 0.013442570 0.007246091 0.999963820 0.004458695 0.014494819 -0.019730944 -0.004314969 0.999796033 -1.078440311
0 0.475556711 0.845434095 0.500000000 0.500000000 0.000000000 0.000000000 0.999752760 -0.007705501 0.020856380 0.012697180 0.007610400 0.999960303 0.004635333 0.013467948 -0.020891272 -0.004475462 0.999771714 -1.106697088
0 0.475556711 0.845434095 0.500000000 0.500000000 0.000000000 0.000000000 0.999730289 -0.007922192 0.021829814 0.013284296 0.007819683 0.999958038 0.004777173 0.012501427 -0.021866743 -0.004605182 0.999750316 -1.136249905
0 0.475556711 0.845434095 0.500000000 0.500000000 0.000000000 0.000000000 0.999706089 -0.008102823 0.022850212 0.013830266 0.007994389 0.999956369 0.004832798 0.011553404 -0.022888374 -0.004648704 0.999727190 -1.165277308
0 0.475556711 0.845434095 0.500000000 0.500000000 0.000000000 0.000000000 0.999678969 -0.008135838 0.023994574 0.014249255 0.008023148 0.999956369 0.004788992 0.010300500 -0.024032488 -0.004594942 0.999700606 -1.195429442
0 0.475556711 0.845434095 0.500000000 0.500000000 0.000000000 0.000000000 0.999645829 -0.008363951 0.025263686 0.014524928 0.008239025 0.999953330 0.005044950 0.008267740 -0.025304703 -0.004835015 0.999668121 -1.226359117
0 0.475556711 0.845434095 0.500000000 0.500000000 0.000000000 0.000000000 0.999613106 -0.008598150 0.026451647 0.016177501 0.008463548 0.999950707 0.005196358 0.006813318 -0.026495023 -0.004970473 0.999636590 -1.257119541
0 0.475556711 0.845434095 0.500000000 0.500000000 0.000000000 0.000000000 0.999578953 -0.008399218 0.027773503 0.017861747 0.008255035 0.999951899 0.005302007 0.005145824 -0.027816700 -0.005070503 0.999600172 -1.288126768
0 0.475556711 0.845434095 0.500000000 0.500000000 0.000000000 0.000000000 0.999546051 -0.008680955 0.028850617 0.019333229 0.008546503 0.999952078 0.004780308 0.005133500 -0.028890731 -0.004531566 0.999572277 -1.319151919
0 0.475556711 0.845434095 0.500000000 0.500000000 0.000000000 0.000000000 0.999519467 -0.008966462 0.029672187 0.022487980 0.008832247 0.999950171 0.004651235 0.005100910 -0.029712413 -0.004386927 0.999548852 -1.351400689
0 0.475556711 0.845434095 0.500000000 0.500000000 0.000000000 0.000000000 0.999493599 -0.009165242 0.030471249 0.025240752 0.009020877 0.999947429 0.004871852 0.004299814 -0.030514298 -0.004594507 0.999523759 -1.382439747
0 0.475556711 0.845434095 0.500000000 0.500000000 0.000000000 0.000000000 0.999465525 -0.009499880 0.031279664 0.029404254 0.009354637 0.999944806 0.004786435 0.005006854 -0.031323407 -0.004491267 0.999499202 -1.413774556
0 0.475556711 0.845434095 0.500000000 0.500000000 0.000000000 0.000000000 0.999425650 -0.009600331 0.032499995 0.032182104 0.009439204 0.999942422 0.005107558 0.004610513 -0.032547157 -0.004797850 0.999458671 -1.445445508
0 0.475556711 0.845434095 0.500000000 0.500000000 0.000000000 0.000000000 0.999382615 -0.010091386 0.033653483 0.034937799 0.009926753 0.999937952 0.005055493 0.005669916 -0.033702411 -0.004718302 0.999420762 -1.475783600
0 0.475556711 0.845434095 0.500000000 0.500000000 0.000000000 0.000000000 0.999345362 -0.010114949 0.034734968 0.037027145 0.009948746 0.999938250 0.004954402 0.006566998 -0.034782939 -0.004605589 0.999384284 -1.506995630
0 0.475556711 0.845434095 0.500000000 0.500000000 0.000000000 0.000000000 0.999318361 -0.010403609 0.035419673 0.040351767 0.010231475 0.999934971 0.005037621 0.008385532 -0.035469778 -0.004671791 0.999359846 -1.537162391
0 0.475556711 0.845434095 0.500000000 0.500000000 0.000000000 0.000000000 0.999284685 -0.010589453 0.036303461 0.042695641 0.010398185 0.999931037 0.005453354 0.008216879 -0.036358707 -0.005071963 0.999325931 -1.566454495
0 0.475556711 0.845434095 0.500000000 0.500000000 0.000000000 0.000000000 0.999248564 -0.010519390 0.037305541 0.044445278 0.010315309 0.999930799 0.005658776 0.008846986 -0.037362486 -0.005269705 0.999287903 -1.595400259
0 0.475556711 0.845434095 0.500000000 0.500000000 0.000000000 0.000000000 0.999212086 -0.010792111 0.038193822 0.046537971 0.010572713 0.999926448 0.005941690 0.008808836 -0.038255136 -0.005533196 0.999252677 -1.624720890
0 0.475556711 0.845434095 0.500000000 0.500000000 0.000000000 0.000000000 0.999180377 -0.011060183 0.038939212 0.047927818 0.010835953 0.999923527 0.005964824 0.009357658 -0.039002206 -0.005537992 0.999223769 -1.653326991
0 0.475556711 0.845434095 0.500000000 0.500000000 0.000000000 0.000000000 0.999145567 -0.010919920 0.039860517 0.048238713 0.010682935 0.999924004 0.006153530 0.008943886 -0.039924681 -0.005722445 0.999186277 -1.683200144
0 0.475556711 0.845434095 0.500000000 0.500000000 0.000000000 0.000000000 0.999113441 -0.011144474 0.040596791 0.049549206 0.010889911 0.999919653 0.006486289 0.006818510 -0.040665817 -0.006038444 0.999154568 -1.713019258
0 0.475556711 0.845434095 0.500000000 0.500000000 0.000000000 0.000000000 0.999080658 -0.011318183 0.041348472 0.050099783 0.011061619 0.999918163 0.006428444 0.005531895 -0.041417848 -0.005965154 0.999124110 -1.742598723
0 0.475556711 0.845434095 0.500000000 0.500000000 0.000000000 0.000000000 0.999043345 -0.011143721 0.042287197 0.049730602 0.010883729 0.999920487 0.006373499 0.004113656 -0.042354859 -0.005907160 0.999085188 -1.772916064
0 0.475556711 0.845434095 0.500000000 0.500000000 0.000000000 0.000000000 0.999009073 -0.011477301 0.043001648 0.050342799 0.011208568 0.999916136 0.006485282 0.002685879 -0.043072473 -0.005996869 0.999053955 -1.803431044
0 0.475556711 0.845434095 0.500000000 0.500000000 0.000000000 0.000000000 0.998971701 -0.011442020 0.043870550 0.049369853 0.011172472 0.999917209 0.006384446 0.001346435 -0.043939970 -0.005887738 0.999016821 -1.833627418
0 0.475556711 0.845434095 0.500000000 0.500000000 0.000000000 0.000000000 0.998936415 -0.011537631 0.044641975 0.048403315 0.011252923 0.999914765 0.006623648 -0.000446458 -0.044714589 -0.006114251 0.998981118 -1.864885505
0 0.475556711 0.845434095 0.500000000 0.500000000 0.000000000 0.000000000 0.998886168 -0.011580768 0.045742277 0.046151122 0.011288258 0.999914169 0.006647869 -0.001371958 -0.045815337 -0.006124114 0.998931170 -1.895598741
0 0.475556711 0.845434095 0.500000000 0.500000000 0.000000000 0.000000000 0.998831868 -0.011578601 0.046912890 0.043204589 0.011277762 0.999914169 0.006672328 -0.002022518 -0.046986118 -0.006135461 0.998876691 -1.927895611
0 0.475556711 0.845434095 0.500000000 0.500000000 0.000000000 0.000000000 0.998784006 -0.011773528 0.047873434 0.040922930 0.011470147 0.999912381 0.006606915 -0.001780022 -0.047947023 -0.006049765 0.998831570 -1.959937255
0 0.475556711 0.845434095 0.500000000 0.500000000 0.000000000 0.000000000 0.998741686 -0.011661343 0.048776083 0.038487501 0.011349676 0.999913394 0.006661852 -0.001415175 -0.048849545 -0.006099876 0.998787522 -1.992058496
0 0.475556711 0.845434095 0.500000000 0.500000000 0.000000000 0.000000000 0.998689473 -0.011707259 0.049822614 0.034960825 0.011390187 0.999913037 0.006643203 -0.000201702 -0.049896058 -0.006067008 0.998735964 -2.023229224
0 0.475556711 0.845434095 0.500000000 0.500000000 0.000000000 0.000000000 0.998654962 -0.011727188 0.050505403 0.033353033 0.011394496 0.999911487 0.006870147 0.000215222 -0.050581500 -0.006285422 0.998700142 -2.053441675
0 0.475556711 0.845434095 0.500000000 0.500000000 0.000000000 0.000000000 0.998604596 -0.011643666 0.051510595 0.030285053 0.011307886 0.999912918 0.006805300 0.001945345 -0.051585346 -0.006213327 0.998649240 -2.084281150
0 0.475556711 0.845434095 0.500000000 0.500000000 0.000000000 0.000000000 0.998548627 -0.011866930 0.052533995 0.026935901 0.011514854 0.999909222 0.006999502 0.003140278 -0.052612290 -0.006384423 0.998594582 -2.114170417
0 0.475556711 0.845434095 0.500000000 0.500000000 0.000000000 0.000000000 0.998492122 -0.011890572 0.053592343 0.023819786 0.011525302 0.999908209 0.007119631 0.004685824 -0.053672083 -0.006491227 0.998537540 -2.143573358
0 0.475556711 0.845434095 0.500000000 0.500000000 0.000000000 0.000000000 0.998431802 -0.011947749 0.054691885 0.020377816 0.011564727 0.999906361 0.007314411 0.005284374 -0.054774154 -0.006670444 0.998476505 -2.172316095
0 0.475556711 0.845434095 0.500000000 0.500000000 0.000000000 0.000000000 0.998361945 -0.011998574 0.055941131 0.016907728 0.011597867 0.999904752 0.007482186 0.005539300 -0.056025580 -0.006821132 0.998406053 -2.200697205
0 0.475556711 0.845434095 0.500000000 0.500000000 0.000000000 0.000000000 0.998286664 -0.012032195 0.057262633 0.013117220 0.011620016 0.999904156 0.007525599 0.005243744 -0.057347693 -0.006847312 0.998330772 -2.229227329
0 0.475556711 0.845434095 0.500000000 0.500000000 0.000000000 0.000000000 0.998225808 -0.012226336 0.058273487 0.010243576 0.011796532 0.999900639 0.007713944 0.004421206 -0.058362011 -0.007012833 0.998270869 -2.258126048
0 0.475556711 0.845434095 0.500000000 0.500000000 0.000000000 0.000000000 0.998172641 -0.012331440 0.059155371 0.007746307 0.011893431 0.999899209 0.007750790 0.003113085 -0.059244987 -0.007033065 0.998218715 -2.286705990
0 0.475556711 0.845434095 0.500000000 0.500000000 0.000000000 0.000000000 0.998109281 -0.012393027 0.060202103 0.004576951 0.011940256 0.999897718 0.007874792 0.001381505 -0.060293537 -0.007141074 0.998155117 -2.315101156
0 0.475556711 0.845434095 0.500000000 0.500000000 0.000000000 0.000000000 0.998049855 -0.012452736 0.061166674 0.002701320 0.011975739 0.999894977 0.008158736 -0.001815334 -0.061261848 -0.007410310 0.998094201 -2.345716718
0 0.475556711 0.845434095 0.500000000 0.500000000 0.000000000 0.000000000 0.997986853 -0.012528399 0.062171195 0.000400682 0.012049580 0.999894857 0.008070593 -0.003465230 -0.062265765 -0.007305209 0.998032868 -2.375020231
0 0.475556711 0.845434095 0.500000000 0.500000000 0.000000000 0.000000000 0.997917652 -0.012807149 0.063216157 -0.001460643 0.012324551 0.999891877 0.008018138 -0.004991073 -0.063312016 -0.007222331 0.997967660 -2.405422098
0 0.475556711 0.845434095 0.500000000 0.500000000 0.000000000 0.000000000 0.997853398 -0.012867481 0.064211063 -0.002600701 0.012366470 0.999889970 0.008193940 -0.008143906 -0.064309433 -0.007382286 0.997902691 -2.436275200
0 0.475556711 0.845434095 0.500000000 0.500000000 0.000000000 0.000000000 0.997791171 -0.013040137 0.065136418 -0.003356170 0.012523212 0.999886811 0.008338047 -0.010256895 -0.065237775 -0.007503913 0.997841537 -2.467442715
0 0.475556711 0.845434095 0.500000000 0.500000000 0.000000000 0.000000000 0.997728467 -0.013265079 0.066044845 -0.003702547 0.012745195 0.999884427 0.008286827 -0.011678676 -0.066147141 -0.007426249 0.997782230 -2.498621062
0 0.475556711 0.845434095 0.500000000 0.500000000 0.000000000 0.000000000 0.997699678 -0.013347775 0.066462271 -0.001489994 0.012838161 0.999884844 0.008088931 -0.012601990 -0.066562586 -0.007217071 0.997756124 -2.530596071
0 0.475556711 0.845434095 0.500000000 0.500000000 0.000000000 0.000000000 0.997656584 -0.013271208 0.067120597 -0.000223419 0.012758928 0.999886155 0.008055171 -0.013943638 -0.067219861 -0.007179908 0.997712374 -2.562345303
0 0.475556711 0.845434095 0.500000000 0.500000000 0.000000000 0.000000000 0.997610390 -0.013548458 0.067749456 0.001334880 0.013040796 0.999883533 0.007929910 -0.014184638 -0.067849003 -0.007027453 0.997670829 -2.594313514
0 0.475556711 0.845434095 0.500000000 0.500000000 0.000000000 0.000000000 0.997558475 -0.013768857 0.068465225 0.002075465 0.013242480 0.999879241 0.008136186 -0.014909239 -0.068568982 -0.007209672 0.997620344 -2.626489543
0 0.475556711 0.845434095 0.500000000 0.500000000 0.000000000 0.000000000 0.997488797 -0.014103294 0.069405697 0.001442429 0.013587446 0.999876499 0.007898872 -0.013509930 -0.069508523 -0.006935990 0.997557223 -2.657553542
0 0.475556711 0.845434095 0.500000000 0.500000000 0.000000000 0.000000000 0.997453749 -0.014448747 0.069837168 0.003177950 0.013926825 0.999871373 0.007954576 -0.013597036 -0.069943115 -0.006961712 0.997526705 -2.688514370
0 0.475556711 0.845434095 0.500000000 0.500000000 0.000000000 0.000000000 0.997421682 -0.014268262 0.070330493 0.003780749 0.013736457 0.999873340 0.008039410 -0.013550891 -0.070436291 -0.007052591 0.997491360 -2.718960884
0 0.475556711 0.845434095 0.500000000 0.500000000 0.000000000 0.000000000 0.997403204 -0.014518362 0.070541300 0.005675961 0.013974430 0.999868751 0.008198241 -0.013408753 -0.070651069 -0.007191177 0.997475147 -2.748070440
0 0.475556711 0.845434095 0.500000000 0.500000000 0.000000000 0.000000000 0.997370541 -0.014617419 0.070981242 0.006299022 0.014068280 0.999867141 0.008230180 -0.012930972 -0.071092121 -0.007209956 0.997443676 -2.777070816
0 0.475556711 0.845434095 0.500000000 0.500000000 0.000000000 0.000000000 0.997336984 -0.014728375 0.071428113 0.006614426 0.014174988 0.999865532 0.008248206 -0.012914489 -0.071539991 -0.007213749 0.997411668 -2.805439930
0 0.475556711 0.845434095 0.500000000 0.500000000 0.000000000 0.000000000 0.997304142 -0.014457339 0.071940750 0.006252089 0.013885634 0.999867976 0.008440700 -0.013891988 -0.072053283 -0.007419002 0.997373164 -2.834746735
0 0.475556711 0.845434095 0.500000000 0.500000000 0.000000000 0.000000000 0.997270763 -0.014602298 0.072372541 0.006301374 0.014030464 0.999866247 0.008403379 -0.014360773 -0.072485574 -0.007365024 0.997342288 -2.862697445
0 0.475556711 0.845434095 0.500000000 0.500000000 0.000000000 0.000000000 0.997263491 -0.014736526 0.072445475 0.007593125 0.014144436 0.999862313 0.008679158 -0.017020459 -0.072563402 -0.007630707 0.997334599 -2.893047380
0 0.475556711 0.845434095 0.500000000 0.500000000 0.000000000 0.000000000 0.997244954 -0.015245392 0.072595648 0.007451864 0.014661468 0.999855816 0.008569660 -0.017402311 -0.072715826 -0.007481691 0.997324646 -2.921740597
0 0.475556711 0.845434095 0.500000000 0.500000000 0.000000000 0.000000000 0.997262359 -0.015401883 0.072322614 0.009693212 0.014810534 0.999852419 0.008705737 -0.019773416 -0.072446026 -0.007610768 0.997343302 -2.952011529
0 0.475556711 0.845434095 0.500000000 0.500000000 0.000000000 0.000000000 0.997239649 -0.015445080 0.072625607 0.008928466 0.014858961 0.999852598 0.008603820 -0.021087516 -0.072747789 -0.007500929 0.997322142 -2.981237833
