0 0.462873187 0.822885674 0.500000000 0.500000000 0.000000000 0.000000000 0.987469494 -0.001114551 -0.157806084 0.809222055 0.000465184 0.999991298 -0.004151846 0.308187167 0.157809332 0.004026412 0.987461388 -1.904588354
0 0.462873187 0.822885674 0.500000000 0.500000000 0.000000000 0.000000000 0.987185717 -0.000363481 -0.159575298 0.819817914 -0.000338464 0.999990404 -0.004371633 0.312422112 0.159575358 0.004369624 0.987176061 -1.918900938
0 0.462873187 0.822885674 0.500000000 0.500000000 0.000000000 0.000000000 0.986876547 0.000440731 -0.161475971 0.831810845 -0.001193713 0.999988854 -0.004566137 0.315682645 0.161472157 0.004698970 0.986866057 -1.934272329
0 0.462873187 0.822885674 0.500000000 0.500000000 0.000000000 0.000000000 0.986553311 0.001431855 -0.163433611 0.843559323 -0.002213081 0.999987006 -0.004598110 0.318430374 0.163424909 0.004897972 0.986543596 -1.949013836
0 0.462873187 0.822885674 0.500000000 0.500000000 0.000000000 0.000000000 0.986123621 0.002039640 -0.166000009 0.859088603 -0.002877498 0.999984324 -0.004806994 0.321850231 0.165987596 0.005217955 0.986114025 -1.963258623
0 0.462873187 0.822885674 0.500000000 0.500000000 0.000000000 0.000000000 0.985688031 0.002611829 -0.168559581 0.873395325 -0.003477691 0.999982238 -0.004841824 0.324134754 0.168543935 0.005358726 0.985679567 -1.978100196
0 0.462873187 0.822885674 0.500000000 0.500000000 0.000000000 0.000000000 0.985193491 0.003098253 -0.171418324 0.889015186 -0.004029830 0.999978960 -0.005086824 0.328002141 0.171398953 0.005702293 0.985185206 -1.992162172
0 0.462873187 0.822885674 0.500000000 0.500000000 0.000000000 0.000000000 0.984709322 0.003708623 -0.174166068 0.904119868 -0.004714653 0.999974489 -0.005362898 0.331883750 0.174141735 0.006102029 0.984701693 -2.007404789
0 0.462873187 0.822885674 0.500000000 0.500000000 0.000000000 0.000000000 0.984215975 0.004410821 -0.176916465 0.919252977 -0.005453635 0.999970496 -0.005408559 0.334365630 0.176887393 0.006288028 0.984211028 -2.021959812
0 0.462873187 0.822885674 0.500000000 0.500000000 0.000000000 0.000000000 0.983670652 0.004947200 -0.179909945 0.935386950 -0.006043988 0.999966323 -0.005548661 0.337361903 0.179876447 0.006545428 0.983667433 -2.036419094
0 0.462873187 0.822885674 0.500000000 0.500000000 0.000000000 0.000000000 0.983105540 0.005466041 -0.182957843 0.951285748 -0.006632216 0.999961376 -0.005762742 0.341137532 0.182919279 0.006878800 0.983103871 -2.051033905
0 0.462873187 0.822885674 0.500000000 0.500000000 0.000000000 0.000000000 0.982588947 0.005997501 -0.185695991 0.965517830 -0.007250982 0.999955297 -0.006071762 0.345265172 0.185651258 0.007312525 0.982588470 -2.065349435
0 0.462873187 0.822885674 0.500000000 0.500000000 0.000000000 0.000000000 0.982090950 0.006493459 -0.188295618 0.979638176 -0.007805200 0.999950171 -0.006225744 0.348558499 0.188245803 0.007583932 0.982092679 -2.079725782
0 0.462873187 0.822885674 0.500000000 0.500000000 0.000000000 0.000000000 0.981622636 0.007391487 -0.190689325 0.992267656 -0.008823273 0.999938905 -0.006660512 0.353251404 0.190628439 0.008220613 0.981627822 -2.094780737
0 0.462873187 0.822885674 0.500000000 0.500000000 0.000000000 0.000000000 0.981127024 0.008076678 -0.193195686 1.005308646 -0.009617876 0.999928951 -0.007040810 0.357405812 0.193125099 0.008766062 0.981135011 -2.109113786
0 0.462873187 0.822885674 0.500000000 0.500000000 0.000000000 0.000000000 0.980629504 0.008724796 -0.195677474 1.018263937 -0.010389809 0.999918044 -0.007484117 0.362312072 0.195596129 0.009372197 0.980639756 -2.123028060
0 0.462873187 0.822885674 0.500000000 0.500000000 0.000000000 0.000000000 0.980080724 0.009406518 -0.198376521 1.032162224 -0.011204199 0.999905705 -0.007941406 0.367375704 0.198283121 0.010005870 0.980093718 -2.137506725
0 0.462873187 0.822885674 0.500000000 0.500000000 0.000000000 0.000000000 0.979569793 0.010247762 -0.200843170 1.044421615 -0.012189643 0.999890149 -0.008434294 0.371640969 0.200734675 0.010710186 0.979587078 -2.151561953
0 0.462873187 0.822885674 0.500000000 0.500000000 0.000000000 0.000000000 0.979032755 0.010914932 -0.203410164 1.056794604 -0.012998289 0.999875844 -0.008908966 0.375977997 0.203287676 0.011366154 0.979053080 -2.165187145
0 0.462873187 0.822885674 0.500000000 0.500000000 0.000000000 0.000000000 0.978502512 0.011769570 -0.205898687 1.069101171 -0.013956541 0.999860525 -0.009172383 0.379118841 0.205762029 0.011848833 0.978530347 -2.179015959
0 0.462873187 0.822885674 0.500000000 0.500000000 0.000000000 0.000000000 0.977988720 0.012496872 -0.208283067 1.080531123 -0.014786344 0.999846101 -0.009438737 0.382309448 0.208133057 0.012310724 0.978023052 -2.192808618
0 0.462873187 0.822885674 0.500000000 0.500000000 0.000000000 0.000000000 0.977477789 0.013388941 -0.210613310 1.091647078 -0.015758995 0.999829948 -0.009578705 0.384819345 0.210449234 0.012682024 0.977522552 -2.206533165
0 0.462873187 0.822885674 0.500000000 0.500000000 0.000000000 0.000000000 0.976964414 0.013911382 -0.212948382 1.102926831 -0.016295716 0.999822617 -0.009445583 0.385904167 0.212779194 0.012698145 0.977017820 -2.220403584
0 0.462873187 0.822885674 0.500000000 0.500000000 0.000000000 0.000000000 0.976460636 0.014474785 -0.215209574 1.113775843 -0.016915740 0.999811769 -0.009504667 0.388243175 0.215031490 0.012921362 0.976521611 -2.233881480
0 0.462873187 0.822885674 0.500000000 0.500000000 0.000000000 0.000000000 0.975952089 0.015083909 -0.217462748 1.124900798 -0.017547587 0.999801815 -0.009402455 0.389834867 0.217277825 0.012992292 0.976023316 -2.247936297
0 0.462873187 0.822885674 0.500000000 0.500000000 0.000000000 0.000000000 0.975455344 0.015651962 -0.219640449 1.135302120 -0.018128803 0.999792755 -0.009265687 0.391376477 0.219449893 0.013020083 0.975536883 -2.261991932
0 0.462873187 0.822885674 0.500000000 0.500000000 0.000000000 0.000000000 0.974974692 0.016398255 -0.221710145 1.145371061 -0.018923694 0.999777973 -0.009271163 0.393272120 0.221508890 0.013234724 0.975068510 -2.275646035
0 0.462873187 0.822885674 0.500000000 0.500000000 0.000000000 0.000000000 0.974500239 0.016704656 -0.223763674 1.155740045 -0.019217953 0.999774277 -0.009058732 0.394294500 0.223561838 0.013128016 0.974601328 -2.289926025
0 0.462873187 0.822885674 0.500000000 0.500000000 0.000000000 0.000000000 0.974011302 0.017239876 -0.225842446 1.166081107 -0.019746870 0.999765873 -0.008846145 0.395450639 0.225637063 0.013075926 0.974123657 -2.304904051
0 0.462873187 0.822885674 0.500000000 0.500000000 0.000000000 0.000000000 0.973442137 0.017718429 -0.228246450 1.177969386 -0.020283010 0.999754727 -0.008895010 0.397728038 0.228032857 0.013288302 0.973562777 -2.319181373
0 0.462873187 0.822885674 0.500000000 0.500000000 0.000000000 0.000000000 0.972880363 0.018331524 -0.230581358 1.189710897 -0.020964364 0.999739945 -0.008973235 0.400725649 0.230356902 0.013563876 0.973011672 -2.332325165
0 0.462873187 0.822885674 0.500000000 0.500000000 0.000000000 0.000000000 0.972353458 0.018816229 -0.232754692 1.200897666 -0.021467807 0.999730229 -0.008864027 0.402785619 0.232525110 0.013615699 0.972495079 -2.346490509
0 0.462873187 0.822885674 0.500000000 0.500000000 0.000000000 0.000000000 0.971791387 0.019037098 -0.235072538 1.212596733 -0.021743463 0.999723732 -0.008926067 0.405362758 0.234837666 0.013785566 0.971936822 -2.360819339
0 0.462873187 0.822885674 0.500000000 0.500000000 0.000000000 0.000000000 0.971167028 0.019468017 -0.237603962 1.225319812 -0.022253666 0.999711394 -0.009047101 0.408844450 0.237359270 0.014073805 0.971319973 -2.373949630
0 0.462873187 0.822885674 0.500000000 0.500000000 0.000000000 0.000000000 0.970578074 0.020031126 -0.239951909 1.237530855 -0.022895759 0.999695897 -0.009156363 0.411838016 0.239695534 0.014380846 0.970741570 -2.387231681
0 0.462873187 0.822885674 0.500000000 0.500000000 0.000000000 0.000000000 0.970017910 0.020616002 -0.242157429 1.248887134 -0.023581652 0.999678135 -0.009354487 0.415109479 0.241886646 0.014784493 0.970191896 -2.400508677
0 0.462873187 0.822885674 0.500000000 0.500000000 0.000000000 0.000000000 0.969431996 0.021194035 -0.244442984 1.260679907 -0.024250550 0.999660790 -0.009500843 0.418174715 0.244158700 0.015138298 0.969617128 -2.413446343
0 0.462873187 0.822885674 0.500000000 0.500000000 0.000000000 0.000000000 0.968826354 0.021709789 -0.246787772 1.272729044 -0.024789460 0.999648690 -0.009378588 0.420734398 0.246497482 0.015203958 0.969024181 -2.426424338
0 0.462873187 0.822885674 0.500000000 0.500000000 0.000000000 0.000000000 0.968223453 0.022086993 -0.249109492 1.284845833 -0.025255464 0.999635577 -0.009529890 0.424268374 0.248808235 0.015518439 0.968428433 -2.439268976
0 0.462873187 0.822885674 0.500000000 0.500000000 0.000000000 0.000000000 0.967562497 0.022574849 -0.251621187 1.298302336 -0.025839156 0.999619305 -0.009676221 0.427794694 0.251306951 0.015864028 0.967777431 -2.451770072
0 0.462873187 0.822885674 0.500000000 0.500000000 0.000000000 0.000000000 0.966900587 0.023195475 -0.254096895 1.311406411 -0.026556352 0.999599218 -0.009804029 0.430988922 0.253767639 0.016227409 0.967129052 -2.464985414
0 0.462873187 0.822885674 0.500000000 0.500000000 0.000000000 0.000000000 0.966304541 0.023525216 -0.256324202 1.323009678 -0.026926186 0.999589741 -0.009766276 0.433482127 0.255989283 0.016339030 0.966541529 -2.477160671
0 0.462873187 0.822885674 0.500000000 0.500000000 0.000000000 0.000000000 0.965643764 0.023695085 -0.258786976 1.335923865 -0.027140338 0.999584079 -0.009748044 0.436285537 0.258448362 0.016436704 0.965885222 -2.489455424
0 0.462873187 0.822885674 0.500000000 0.500000000 0.000000000 0.000000000 0.964968562 0.023956729 -0.261269510 1.349548332 -0.027401751 0.999578893 -0.009550246 0.438061009 0.260930687 0.016374929 0.965218663 -2.501643299
0 0.462873187 0.822885674 0.500000000 0.500000000 0.000000000 0.000000000 0.964338422 0.024095554 -0.263573110 1.362172847 -0.027536122 0.999576926 -0.009366591 0.440326123 0.263235897 0.016290346 0.964593947 -2.514497916
0 0.462873187 0.822885674 0.500000000 0.500000000 0.000000000 0.000000000 0.963691711 0.024396200 -0.265900612 1.375112707 -0.027765760 0.999574661 -0.008919912 0.441430594 0.265569896 0.015978977 0.963959157 -2.526997053
0 0.462873187 0.822885674 0.500000000 0.500000000 0.000000000 0.000000000 0.963007569 0.024459146 -0.268362105 1.388530759 -0.027766626 0.999577999 -0.008535654 0.442995574 0.268040061 0.015671410 0.963280320 -2.539271237
0 0.462873187 0.822885674 0.500000000 0.500000000 0.000000000 0.000000000 0.962348998 0.024581946 -0.270702958 1.401437980 -0.027822992 0.999579728 -0.008141078 0.444432010 0.270389050 0.015366325 0.962628484 -2.551847035
0 0.462873187 0.822885674 0.500000000 0.500000000 0.000000000 0.000000000 0.961635709 0.024808250 -0.273205698 1.416054516 -0.028050881 0.999574721 -0.007968457 0.447262976 0.272891819 0.015326412 0.961922646 -2.563805152
0 0.462873187 0.822885674 0.500000000 0.500000000 0.000000000 0.000000000 0.960921466 0.024698248 -0.275717139 1.430931036 -0.027941413 0.999578834 -0.007840127 0.450766425 0.275407374 0.015237672 0.961206853 -2.576904555
0 0.462873187 0.822885674 0.500000000 0.500000000 0.000000000 0.000000000 0.960204363 0.024747001 -0.278199911 1.445861403 -0.028015938 0.999577224 -0.007780327 0.454300240 0.277889729 0.015264734 0.960491717 -2.589663374
0 0.462873187 0.822885674 0.500000000 0.500000000 0.000000000 0.000000000 0.959463358 0.024661165 -0.280752391 1.461519337 -0.027927632 0.999580741 -0.007639164 0.457416930 0.280446291 0.015170246 0.959749818 -2.602500855
0 0.462873187 0.822885674 0.500000000 0.500000000 0.000000000 0.000000000 0.958687186 0.024257468 -0.283426285 1.478223838 -0.027458716 0.999596059 -0.007326945 0.459897896 0.283134073 0.014806770 0.958966017 -2.614585626
0 0.462873187 0.822885674 0.500000000 0.500000000 0.000000000 0.000000000 0.957862020 0.024381662 -0.286192000 1.495711524 -0.027477657 0.999599218 -0.006806322 0.461905734 0.285911351 0.014383403 0.958148122 -2.625262603
0 0.462873187 0.822885674 0.500000000 0.500000000 0.000000000 0.000000000 0.956967711 0.024539743 -0.289155006 1.514232184 -0.027534256 0.999601066 -0.006292266 0.463491273 0.288885236 0.013983163 0.957261622 -2.635475777
0 0.462873187 0.822885674 0.500000000 0.500000000 0.000000000 0.000000000 0.956117392 0.024588030 -0.291950375 1.532444088 -0.027566353 0.999601424 -0.006091577 0.467890547 0.291684210 0.013872270 0.956414044 -2.648250392
0 0.462873187 0.822885674 0.500000000 0.500000000 0.000000000 0.000000000 0.955278039 0.024318190 -0.294707537 1.549421733 -0.027194876 0.999614120 -0.005666170 0.470116124 0.294456005 0.013427302 0.955570698 -2.660910787
0 0.462873187 0.822885674 0.500000000 0.500000000 0.000000000 0.000000000 0.954441428 0.024291772 -0.297407985 1.567349809 -0.027047981 0.999620855 -0.005155042 0.472209320 0.297170013 0.012964471 0.954736590 -2.672790778
0 0.462873187 0.822885674 0.500000000 0.500000000 0.000000000 0.000000000 0.953558326 0.024254585 -0.300230265 1.585977873 -0.026861712 0.999628782 -0.004558600 0.474096048 0.300008237 0.012411590 0.953855872 -2.683402070
0 0.462873187 0.822885674 0.500000000 0.500000000 0.000000000 0.000000000 0.952724159 0.024133664 -0.302876621 1.603334016 -0.026616067 0.999637425 -0.004070494 0.476454364 0.302668571 0.011939443 0.953021109 -2.694287219
0 0.462873187 0.822885674 0.500000000 0.500000000 0.000000000 0.000000000 0.951958537 0.023606099 -0.305315793 1.619363689 -0.025959782 0.999656320 -0.003650812 0.479193185 0.305124670 0.011401352 0.952244163 -2.706345738
0 0.462873187 0.822885674 0.500000000 0.500000000 0.000000000 0.000000000 0.951246560 0.023364000 -0.307545245 1.634474537 -0.025584767 0.999667585 -0.003190386 0.481875515 0.307368457 0.010903317 0.951528132 -2.718374562
0 0.462873187 0.822885674 0.500000000 0.500000000 0.000000000 0.000000000 0.950612426 0.023147292 -0.309516072 1.648388106 -0.025309062 0.999675274 -0.002970226 0.485372293 0.309346795 0.010657095 0.950889587 -2.730626115
0 0.462873187 0.822885674 0.500000000 0.500000000 0.000000000 0.000000000 0.949949205 0.022702150 -0.311578363 1.662924410 -0.024756975 0.999689996 -0.002640614 0.488422292 0.311421841 0.010222187 0.950216770 -2.743087277
0 0.462873187 0.822885674 0.500000000 0.500000000 0.000000000 0.000000000 0.949341893 0.022442188 -0.313442647 1.676403657 -0.024413161 0.999699175 -0.002364074 0.492302176 0.313295305 0.009896440 0.949604213 -2.755750312
0 0.462873187 0.822885674 0.500000000 0.500000000 0.000000000 0.000000000 0.948825359 0.022212317 -0.315019071 1.688001333 -0.024007207 0.999710143 -0.001818201 0.494486747 0.314887375 0.009287884 0.949083626 -2.769463208
0 0.462873187 0.822885674 0.500000000 0.500000000 0.000000000 0.000000000 0.948359013 0.022040300 -0.316432297 1.698982729 -0.023750545 0.999716699 -0.001548477 0.498092118 0.316308528 0.008983953 0.948613822 -2.782869866
0 0.462873187 0.822885674 0.500000000 0.500000000 0.000000000 0.000000000 0.947914779 0.021658506 -0.317786872 1.709932412 -0.023211328 0.999729991 -0.001100434 0.500864275 0.317677230 0.008419374 0.948161542 -2.797408225
0 0.462873187 0.822885674 0.500000000 0.500000000 0.000000000 0.000000000 0.947539985 0.021453135 -0.318916589 1.719905370 -0.022854434 0.999738574 -0.000652097 0.503701566 0.318819225 0.007906546 0.947782576 -2.811801469
0 0.462873187 0.822885674 0.500000000 0.500000000 0.000000000 0.000000000 0.947252333 0.021377174 -0.319775045 1.728722697 -0.022645565 0.999743521 -0.000248209 0.506874041 0.319687724 0.007476603 0.947493434 -2.826765228
0 0.462873187 0.822885674 0.500000000 0.500000000 0.000000000 0.000000000 0.946944654 0.020925816 -0.320714802 1.737987427 -0.021961682 0.999758720 0.000387479 0.508824119 0.320645541 0.006676515 0.947175741 -2.842367177
0 0.462873187 0.822885674 0.500000000 0.500000000 0.000000000 0.000000000 0.946764469 0.020808974 -0.321253866 1.745600471 -0.021561839 0.999766767 0.001214427 0.509563759 0.321204215 0.005777047 0.946992338 -2.858355523
0 0.462873187 0.822885674 0.500000000 0.500000000 0.000000000 0.000000000 0.946551859 0.020516271 -0.321898520 1.753735988 -0.021037955 0.999776959 0.001858285 0.510932589 0.321864843 0.005013124 0.946772337 -2.874383219
0 0.462873187 0.822885674 0.500000000 0.500000000 0.000000000 0.000000000 0.946402073 0.020230317 -0.322356701 1.760848970 -0.020419182 0.999787569 0.002795856 0.510792080 0.322344780 0.003936256 0.946614146 -2.890773498
0 0.462873187 0.822885674 0.500000000 0.500000000 0.000000000 0.000000000 0.946290731 0.020001499 -0.322697610 1.768174314 -0.019945003 0.999795020 0.003481986 0.511984499 0.322701097 0.003141234 0.946495712 -2.906294530
0 0.462873187 0.822885674 0.500000000 0.500000000 0.000000000 0.000000000 0.946202517 0.019846616 -0.322965831 1.775228048 -0.019523457 0.999800384 0.004240419 0.512637343 0.322985530 0.002293115 0.946401119 -2.923195129
0 0.462873187 0.822885674 0.500000000 0.500000000 0.000000000 0.000000000 0.946200967 0.019624788 -0.322983831 1.781365507 -0.018973377 0.999806643 0.005165478 0.512384186 0.323022753 0.001240514 0.946390390 -2.940867340
0 0.462873187 0.822885674 0.500000000 0.500000000 0.000000000 0.000000000 0.946159184 0.019512890 -0.323112994 1.788130568 -0.018590488 0.999809504 0.005940996 0.512947380 0.323167384 0.000385700 0.946341753 -2.957971709
0 0.462873187 0.822885674 0.500000000 0.500000000 0.000000000 0.000000000 0.946235657 0.019382058 -0.322896957 1.793647570 -0.018220205 0.999812067 0.006620715 0.513594615 0.322964609 -0.000381508 0.946410954 -2.974618666
0 0.462873187 0.822885674 0.500000000 0.500000000 0.000000000 0.000000000 0.946363986 0.019236246 -0.322529316 1.798776031 -0.017798152 0.999814153 0.007407520 0.513625560 0.322611868 -0.001269785 0.946530521 -2.992623128
0 0.462873187 0.822885674 0.500000000 0.500000000 0.000000000 0.000000000 0.946559131 0.019409848 -0.321945697 1.802837631 -0.017719481 0.999809504 0.008180303 0.513480799 0.322043151 -0.002038430 0.946722806 -3.010084761
