0 0.502009593 0.892461516 0.500000000 0.500000000 0.000000000 0.000000000 0.919687927 -0.011388681 0.392484903 0.525295963 0.009388890 0.999931335 0.007014408 -0.023896962 -0.392537832 -0.002766069 0.919731677 -2.081675925
0 0.502009593 0.892461516 0.500000000 0.500000000 0.000000000 0.000000000 0.919135988 -0.011531414 0.393771648 0.525099815 0.009536099 0.999929845 0.007023445 -0.029239390 -0.393825024 -0.002700456 0.919181466 -2.105387826
0 0.502009593 0.892461516 0.500000000 0.500000000 0.000000000 0.000000000 0.918552041 -0.011667405 0.395127803 0.525142222 0.009566444 0.999927700 0.007286970 -0.035669421 -0.395184278 -0.002913493 0.918597221 -2.129728770
0 0.502009593 0.892461516 0.500000000 0.500000000 0.000000000 0.000000000 0.917862236 -0.011802325 0.396723628 0.524548123 0.009615192 0.999925613 0.007501509 -0.041591247 -0.396782666 -0.003070778 0.917907476 -2.153339926
0 0.502009593 0.892461516 0.500000000 0.500000000 0.000000000 0.000000000 0.917210340 -0.012109845 0.398219228 0.524540559 0.009815572 0.999921381 0.007799597 -0.047728754 -0.398282379 -0.003245122 0.917257130 -2.177059091
0 0.502009593 0.892461516 0.500000000 0.500000000 0.000000000 0.000000000 0.916441679 -0.012380957 0.399976730 0.522677781 0.009989251 0.999917567 0.008063893 -0.054037911 -0.400043607 -0.003394619 0.916489840 -2.201910229
0 0.502009593 0.892461516 0.500000000 0.500000000 0.000000000 0.000000000 0.915802240 -0.012629931 0.401430845 0.522546540 0.010171985 0.999914229 0.008253776 -0.060277284 -0.401500672 -0.003475478 0.915852129 -2.225891817
0 0.502009593 0.892461516 0.500000000 0.500000000 0.000000000 0.000000000 0.915099740 -0.012758742 0.403025657 0.522351514 0.010189034 0.999911785 0.008519640 -0.067860509 -0.403098792 -0.003689879 0.915149033 -2.250637285
0 0.502009593 0.892461516 0.500000000 0.500000000 0.000000000 0.000000000 0.914227962 -0.012849763 0.404996425 0.520371568 0.010159443 0.999909759 0.008791574 -0.075306593 -0.405072838 -0.003922964 0.914276004 -2.276600184
0 0.502009593 0.892461516 0.500000000 0.500000000 0.000000000 0.000000000 0.913515270 -0.013117892 0.406592876 0.520447671 0.010301054 0.999905407 0.009115949 -0.082402391 -0.406673998 -0.004139224 0.913563967 -2.301509559
0 0.502009593 0.892461516 0.500000000 0.500000000 0.000000000 0.000000000 0.912804067 -0.013403281 0.408177733 0.520056042 0.010404535 0.999900103 0.009566030 -0.090350874 -0.408265173 -0.004485012 0.912852347 -2.327395205
0 0.502009593 0.892461516 0.500000000 0.500000000 0.000000000 0.000000000 0.912089288 -0.013547363 0.409767717 0.519824489 0.010487581 0.999897838 0.009713718 -0.097153934 -0.409857452 -0.004562306 0.912138164 -2.353267875
0 0.502009593 0.892461516 0.500000000 0.500000000 0.000000000 0.000000000 0.911387622 -0.013673255 0.411321819 0.519770824 0.010612220 0.999896407 0.009724728 -0.103871752 -0.411412179 -0.004497959 0.911438286 -2.379173608
0 0.502009593 0.892461516 0.500000000 0.500000000 0.000000000 0.000000000 0.910746872 -0.013789720 0.412734807 0.520590470 0.010822945 0.999896049 0.009525060 -0.108916861 -0.412823260 -0.004207912 0.910801411 -2.404936294
0 0.502009593 0.892461516 0.500000000 0.500000000 0.000000000 0.000000000 0.910052598 -0.014007595 0.414256006 0.520801079 0.011012746 0.999893129 0.009617046 -0.115197927 -0.414346457 -0.004189922 0.910109580 -2.431116994
0 0.502009593 0.892461516 0.500000000 0.500000000 0.000000000 0.000000000 0.909489572 -0.014393291 0.415477455 0.522051242 0.011326606 0.999887407 0.009844670 -0.120723663 -0.415572345 -0.004247676 0.909550190 -2.456668566
0 0.502009593 0.892461516 0.500000000 0.500000000 0.000000000 0.000000000 0.909021080 -0.014559258 0.416495800 0.524224458 0.011403621 0.999884307 0.010063588 -0.126018702 -0.416594118 -0.004398453 0.909081936 -2.482341948
0 0.502009593 0.892461516 0.500000000 0.500000000 0.000000000 0.000000000 0.908364415 -0.014614752 0.417924106 0.525500524 0.011407734 0.999883175 0.010170904 -0.130345909 -0.418023914 -0.004471321 0.908425033 -2.508046560
0 0.502009593 0.892461516 0.500000000 0.500000000 0.000000000 0.000000000 0.907762527 -0.014767229 0.419224411 0.527936128 0.011485960 0.999880493 0.010349921 -0.134795792 -0.419327140 -0.004580075 0.907823622 -2.533087348
0 0.502009593 0.892461516 0.500000000 0.500000000 0.000000000 0.000000000 0.907289505 -0.015060344 0.420236826 0.531272641 0.011748166 0.999876201 0.010469076 -0.138630777 -0.420342445 -0.004561471 0.907354057 -2.557929150
0 0.502009593 0.892461516 0.500000000 0.500000000 0.000000000 0.000000000 0.906831980 -0.015233833 0.421216935 0.535058715 0.012332747 0.999877751 0.009610823 -0.139849288 -0.421311855 -0.003520640 0.906908989 -2.581587301
0 0.502009593 0.892461516 0.500000000 0.500000000 0.000000000 0.000000000 0.906069756 -0.015337983 0.422850251 0.536087480 0.013382806 0.999881625 0.007592314 -0.137772021 -0.422916651 -0.001220243 0.906167746 -2.606218314
0 0.502009593 0.892461516 0.500000000 0.500000000 0.000000000 0.000000000 0.905358016 -0.015651153 0.424360603 0.537808864 0.014791526 0.999876440 0.005319985 -0.133856343 -0.424391419 0.001460450 0.905477643 -2.630626124
0 0.502009593 0.892461516 0.500000000 0.500000000 0.000000000 0.000000000 0.904761732 -0.015991015 0.425617725 0.538777435 0.015916269 0.999866366 0.003732097 -0.131441605 -0.425620526 0.003397587 0.904895365 -2.654824871
0 0.502009593 0.892461516 0.500000000 0.500000000 0.000000000 0.000000000 0.904179394 -0.016118400 0.426848710 0.540767584 0.016555587 0.999859333 0.002686927 -0.129931643 -0.426831961 0.004637266 0.904319048 -2.678211716
0 0.502009593 0.892461516 0.500000000 0.500000000 0.000000000 0.000000000 0.903636694 -0.016490897 0.427982271 0.541920621 0.017070001 0.999851227 0.002484601 -0.131305325 -0.427959561 0.005060481 0.903783739 -2.702155768
0 0.502009593 0.892461516 0.500000000 0.500000000 0.000000000 0.000000000 0.903131723 -0.016732791 0.429037392 0.543705795 0.017404888 0.999845743 0.002357149 -0.133307304 -0.429010659 0.005338531 0.903283656 -2.726146557
0 0.502009593 0.892461516 0.500000000 0.500000000 0.000000000 0.000000000 0.902373850 -0.016857531 0.430624276 0.543646588 0.017951481 0.999837697 0.001523017 -0.133069649 -0.430580050 0.006356013 0.902530015 -2.749116962
0 0.502009593 0.892461516 0.500000000 0.500000000 0.000000000 0.000000000 0.901708126 -0.016957527 0.432012588 0.543772909 0.018719386 0.999824762 0.000173913 -0.130398815 -0.431939840 0.007930192 0.901867568 -2.771912307
0 0.502009593 0.892461516 0.500000000 0.500000000 0.000000000 0.000000000 0.901273429 -0.017187916 0.432909638 0.545531874 0.019440291 0.999810696 -0.000776967 -0.128712942 -0.432814360 0.009116149 0.901436985 -2.794149936
0 0.502009593 0.892461516 0.500000000 0.500000000 0.000000000 0.000000000 0.900753140 -0.017403243 0.433982581 0.545917536 0.019812508 0.999803185 -0.001028525 -0.129545130 -0.433879256 0.009524730 0.900920689 -2.816078525
0 0.502009593 0.892461516 0.500000000 0.500000000 0.000000000 0.000000000 0.900130630 -0.017453875 0.435270220 0.546248936 0.019966077 0.999799967 -0.001198554 -0.130732422 -0.435162216 0.009769494 0.900299072 -2.836895608
0 0.502009593 0.892461516 0.500000000 0.500000000 0.000000000 0.000000000 0.899435878 -0.017624032 0.436697304 0.545338739 0.020357464 0.999791503 -0.001579755 -0.131607131 -0.436578423 0.010310937 0.899607122 -2.858016106
0 0.502009593 0.892461516 0.500000000 0.500000000 0.000000000 0.000000000 0.898697853 -0.017815992 0.438206345 0.543991768 0.021058200 0.999775052 -0.002539841 -0.130848129 -0.438062519 0.011510387 0.898870826 -2.879111951
0 0.502009593 0.892461516 0.500000000 0.500000000 0.000000000 0.000000000 0.897981405 -0.017971568 0.439666331 0.543180280 0.021856859 0.999754012 -0.003775375 -0.128717943 -0.439490288 0.012999941 0.898153245 -2.900448613
0 0.502009593 0.892461516 0.500000000 0.500000000 0.000000000 0.000000000 0.897348762 -0.018283959 0.440943211 0.542237472 0.022658534 0.999732435 -0.004657157 -0.128035473 -0.440740079 0.014170221 0.897522926 -2.922216731
0 0.502009593 0.892461516 0.500000000 0.500000000 0.000000000 0.000000000 0.896816552 -0.018480364 0.442016453 0.541881483 0.023254877 0.999715090 -0.005385004 -0.127948684 -0.441790998 0.015108398 0.896990776 -2.944289966
0 0.502009593 0.892461516 0.500000000 0.500000000 0.000000000 0.000000000 0.896163166 -0.018494125 0.443339139 0.540348016 0.023499411 0.999707043 -0.005798267 -0.129432088 -0.443102032 0.015614402 0.896335185 -2.966919915
0 0.502009593 0.892461516 0.500000000 0.500000000 0.000000000 0.000000000 0.895547628 -0.018582582 0.444577515 0.539337148 0.023817800 0.999697149 -0.006192440 -0.130666592 -0.444327801 0.016134484 0.895718992 -2.989339708
0 0.502009593 0.892461516 0.500000000 0.500000000 0.000000000 0.000000000 0.894759238 -0.018613221 0.446160793 0.536836477 0.024267070 0.999681294 -0.006961383 -0.130721287 -0.445889026 0.017055778 0.894925714 -3.012285329
0 0.502009593 0.892461516 0.500000000 0.500000000 0.000000000 0.000000000 0.893839955 -0.018699570 0.447996020 0.533462881 0.024883172 0.999659002 -0.007920559 -0.130362591 -0.447695136 0.018227275 0.894000471 -3.035354281
0 0.502009593 0.892461516 0.500000000 0.500000000 0.000000000 0.000000000 0.892958105 -0.018908750 0.449742496 0.529655327 0.025602143 0.999633431 -0.008804640 -0.129995232 -0.449411154 0.019376546 0.893114865 -3.058944734
0 0.502009593 0.892461516 0.500000000 0.500000000 0.000000000 0.000000000 0.892118931 -0.018971877 0.451402158 0.526205918 0.026133286 0.999612033 -0.009635489 -0.129387105 -0.451044232 0.020392625 0.892268598 -3.082374987
0 0.502009593 0.892461516 0.500000000 0.500000000 0.000000000 0.000000000 0.891278505 -0.019137897 0.453052282 0.522614079 0.026590403 0.999595523 -0.010085587 -0.130330889 -0.452676028 0.021035910 0.891426921 -3.106260498
0 0.502009593 0.892461516 0.500000000 0.500000000 0.000000000 0.000000000 0.890305400 -0.018990174 0.454967767 0.518599701 0.026821027 0.999582291 -0.010762659 -0.130133274 -0.454573333 0.021784756 0.890442848 -3.130643518
0 0.502009593 0.892461516 0.500000000 0.500000000 0.000000000 0.000000000 0.889111221 -0.018811854 0.457304388 0.511805883 0.027053958 0.999568045 -0.011480862 -0.129708150 -0.456890881 0.022579657 0.889236093 -3.156280695
0 0.502009593 0.892461516 0.500000000 0.500000000 0.000000000 0.000000000 0.887936294 -0.018735455 0.459584773 0.505784558 0.027515426 0.999544322 -0.012413438 -0.126917352 -0.459142745 0.023668012 0.888047159 -3.181615739
0 0.502009593 0.892461516 0.500000000 0.500000000 0.000000000 0.000000000 0.886716425 -0.018765381 0.461932689 0.498799504 0.028048139 0.999518931 -0.013236545 -0.124249021 -0.461462080 0.024693415 0.886816204 -3.207745394
0 0.502009593 0.892461516 0.500000000 0.500000000 0.000000000 0.000000000 0.885439217 -0.018662216 0.464380354 0.490473766 0.028524389 0.999491930 -0.014220840 -0.119519230 -0.463879019 0.025837855 0.885521710 -3.234157689
0 0.502009593 0.892461516 0.500000000 0.500000000 0.000000000 0.000000000 0.884206116 -0.018657289 0.466724157 0.481969611 0.028977375 0.999468386 -0.014943737 -0.114817386 -0.466197222 0.026737785 0.884276688 -3.260498274
0 0.502009593 0.892461516 0.500000000 0.500000000 0.000000000 0.000000000 0.882881761 -0.018642457 0.469225198 0.472761266 0.029374203 0.999447346 -0.015561384 -0.109772265 -0.468675762 0.027521979 0.882941425 -3.286822295
0 0.502009593 0.892461516 0.500000000 0.500000000 0.000000000 0.000000000 0.881658196 -0.018617909 0.471521169 0.463769620 0.029780546 0.999424815 -0.016222095 -0.103486272 -0.470947921 0.028344501 0.881705523 -3.312985822
0 0.502009593 0.892461516 0.500000000 0.500000000 0.000000000 0.000000000 0.880363047 -0.018499950 0.473939478 0.453796020 0.030120410 0.999402761 -0.016938865 -0.096184258 -0.473343045 0.029187603 0.880394518 -3.338668187
0 0.502009593 0.892461516 0.500000000 0.500000000 0.000000000 0.000000000 0.879090071 -0.018471302 0.476297706 0.444128449 0.030526239 0.999379277 -0.017584540 -0.088060428 -0.475677252 0.029997971 0.879108250 -3.364108368
0 0.502009593 0.892461516 0.500000000 0.500000000 0.000000000 0.000000000 0.877847254 -0.018402033 0.478587002 0.434406365 0.030931639 0.999353766 -0.018310389 -0.078716961 -0.477940768 0.030877205 0.877849221 -3.389064527
0 0.502009593 0.892461516 0.500000000 0.500000000 0.000000000 0.000000000 0.876366019 -0.018431919 0.481292933 0.421470292 0.031403251 0.999327898 -0.018909924 -0.068933853 -0.480620921 0.031686179 0.876355827 -3.414646069
0 0.502009593 0.892461516 0.500000000 0.500000000 0.000000000 0.000000000 0.875158966 -0.018703740 0.483473837 0.410891467 0.031993598 0.999302626 -0.019253965 -0.059343490 -0.482776552 0.032318350 0.875147045 -3.439171985
0 0.502009593 0.892461516 0.500000000 0.500000000 0.000000000 0.000000000 0.874173760 -0.018922823 0.485244393 0.402021935 0.032497343 0.999280095 -0.019575959 -0.048991678 -0.484524637 0.032881945 0.874159396 -3.462573982
0 0.502009593 0.892461516 0.500000000 0.500000000 0.000000000 0.000000000 0.873230457 -0.019113999 0.486932516 0.393135674 0.032783397 0.999270916 -0.019566150 -0.040916591 -0.486203521 0.033049058 0.873220444 -3.485722623
0 0.502009593 0.892461516 0.500000000 0.500000000 0.000000000 0.000000000 0.872432947 -0.019078465 0.488361359 0.385972049 0.032919634 0.999262393 -0.019771794 -0.032161823 -0.487623930 0.033326242 0.872417510 -3.508073738
0 0.502009593 0.892461516 0.500000000 0.500000000 0.000000000 0.000000000 0.871450663 -0.018944973 0.490117133 0.377725491 0.033121146 0.999245882 -0.020266095 -0.022410831 -0.489363581 0.033894144 0.871420920 -3.529878135
0 0.502009593 0.892461516 0.500000000 0.500000000 0.000000000 0.000000000 0.870257556 -0.018840302 0.492236555 0.367959788 0.033390373 0.999226153 -0.020787776 -0.012669653 -0.491463989 0.034526683 0.870213211 -3.551232038
0 0.502009593 0.892461516 0.500000000 0.500000000 0.000000000 0.000000000 0.869032145 -0.018817522 0.494397670 0.357673301 0.033648208 0.999210715 -0.021113984 -0.003805513 -0.493610114 0.034984324 0.868979394 -3.572592670
0 0.502009593 0.892461516 0.500000000 0.500000000 0.000000000 0.000000000 0.867778540 -0.018876843 0.496592462 0.346771186 0.033925992 0.999197304 -0.021302288 0.004634244 -0.495791733 0.035333060 0.867722392 -3.594044632
0 0.502009593 0.892461516 0.500000000 0.500000000 0.000000000 0.000000000 0.866652727 -0.018971814 0.498551071 0.337075832 0.034316774 0.999176860 -0.021631742 0.014100964 -0.497730285 0.035855871 0.866590381 -3.615377794
0 0.502009593 0.892461516 0.500000000 0.500000000 0.000000000 0.000000000 0.865493894 -0.019047217 0.500557244 0.327026709 0.034673069 0.999158025 -0.021931853 0.022839616 -0.499718040 0.036337737 0.865425587 -3.636451624
0 0.502009593 0.892461516 0.500000000 0.500000000 0.000000000 0.000000000 0.864226043 -0.019216355 0.502736628 0.315844003 0.034998488 0.999145806 -0.021973062 0.030181656 -0.501884937 0.036584713 0.864160359 -3.658442243
0 0.502009593 0.892461516 0.500000000 0.500000000 0.000000000 0.000000000 0.863059461 -0.019400515 0.504729569 0.305728540 0.035333775 0.999133050 -0.022014666 0.037585261 -0.503864944 0.036833968 0.862996757 -3.680186593
0 0.502009593 0.892461516 0.500000000 0.500000000 0.000000000 0.000000000 0.861935616 -0.019450862 0.506644487 0.296098446 0.035486784 0.999127626 -0.022014312 0.043695859 -0.505774319 0.036954101 0.861873984 -3.702014066
0 0.502009593 0.892461516 0.500000000 0.500000000 0.000000000 0.000000000 0.860716045 -0.019545909 0.508710027 0.286091787 0.035817705 0.999111414 -0.022213701 0.050556619 -0.507823825 0.037340514 0.860651314 -3.723259668
0 0.502009593 0.892461516 0.500000000 0.500000000 0.000000000 0.000000000 0.859607577 -0.019555759 0.510580420 0.276877743 0.036113121 0.999093652 -0.022533331 0.057544338 -0.509676993 0.037808474 0.859534681 -3.744917686
0 0.502009593 0.892461516 0.500000000 0.500000000 0.000000000 0.000000000 0.858688653 -0.019608377 0.512122393 0.270084710 0.036362018 0.999080479 -0.022715872 0.063592912 -0.511206031 0.038127664 0.858612061 -3.765884983
0 0.502009593 0.892461516 0.500000000 0.500000000 0.000000000 0.000000000 0.857562900 -0.019606285 0.514005363 0.262437383 0.036599431 0.999066353 -0.022953719 0.069516595 -0.513075411 0.038496561 0.857479811 -3.787317157
0 0.502009593 0.892461516 0.500000000 0.500000000 0.000000000 0.000000000 0.856260478 -0.019655788 0.516170144 0.253162942 0.036852844 0.999053895 -0.023090143 0.074198989 -0.515227914 0.038793515 0.856174767 -3.809141513
0 0.502009593 0.892461516 0.500000000 0.500000000 0.000000000 0.000000000 0.855031729 -0.019850530 0.518195570 0.244673828 0.037281286 0.999034405 -0.023244740 0.079271860 -0.517233849 0.039193992 0.854946196 -3.831472499
0 0.502009593 0.892461516 0.500000000 0.500000000 0.000000000 0.000000000 0.853939950 -0.020104254 0.519983053 0.237915925 0.037809357 0.999009371 -0.023467271 0.085222133 -0.518996119 0.039699864 0.853854179 -3.854028836
0 0.502009593 0.892461516 0.500000000 0.500000000 0.000000000 0.000000000 0.852762103 -0.020378141 0.521901846 0.230626675 0.038291685 0.998988807 -0.023560297 0.090560259 -0.520893991 0.040075827 0.852680087 -3.877162325
0 0.502009593 0.892461516 0.500000000 0.500000000 0.000000000 0.000000000 0.851696849 -0.020616058 0.523629069 0.224593660 0.038683031 0.998973072 -0.023587937 0.096265891 -0.522605062 0.040345334 0.851619720 -3.900749818
0 0.502009593 0.892461516 0.500000000 0.500000000 0.000000000 0.000000000 0.850635827 -0.020537600 0.525354028 0.218810846 0.038790993 0.998964906 -0.023756679 0.102721965 -0.524322331 0.040587287 0.850552022 -3.924325372
0 0.502009593 0.892461516 0.500000000 0.500000000 0.000000000 0.000000000 0.849386036 -0.020451488 0.527375638 0.211975394 0.038947031 0.998953283 -0.023988560 0.109823337 -0.526333034 0.040915262 0.849293530 -3.948560792
0 0.502009593 0.892461516 0.500000000 0.500000000 0.000000000 0.000000000 0.847970426 -0.020526752 0.529645860 0.203996510 0.039329547 0.998931944 -0.024252933 0.117690673 -0.528582335 0.041396502 0.847872078 -3.973406064
