0.000000000 0.914062500 1.218750000 0.500000000 0.500000000 0.000000000 0.000000000 0.468857050 0.841978910 -0.266759540 0.883004840 -0.440087800 0.162907450 0.019768580 -0.311947700 -0.949856340 -1.386316300 -0.001495920 0.680165950
0.000000000 0.914062500 1.218750000 0.500000000 0.500000000 0.000000000 0.000000000 0.472016750 0.840781690 -0.264955970 0.881336570 -0.443608700 0.162390160 0.018999480 -0.310183700 -0.950449410 -1.382209200 0.000421610 0.683496890
0.000000000 0.914062500 1.218750000 0.500000000 0.500000000 0.000000000 0.000000000 0.472518120 0.840550070 -0.264797240 0.881138320 -0.445370410 0.158598660 0.015378720 -0.308281150 -0.951133670 -1.383612600 0.000389890 0.682407620
0.000000000 0.914062500 1.218750000 0.500000000 0.500000000 0.000000000 0.000000000 0.470692810 0.841259840 -0.265791770 0.882112030 -0.443448810 0.158570900 0.015535780 -0.309113650 -0.950860860 -1.382225200 0.000630190 0.686239120
0.000000000 0.914062500 1.218750000 0.500000000 0.500000000 0.000000000 0.000000000 0.471029670 0.841753840 -0.263622550 0.881947400 -0.444476690 0.156595960 0.014642640 -0.306279810 -0.951791520 -1.382742600 0.001550210 0.680830840
0.000000000 0.914062500 1.218750000 0.500000000 0.500000000 0.000000000 0.000000000 0.471793170 0.841841820 -0.261970790 0.881555440 -0.445838420 0.154922470 0.013625010 -0.304050330 -0.952521030 -1.381753000 0.002184970 0.679804030
0.000000000 0.914062500 1.218750000 0.500000000 0.500000000 0.000000000 0.000000000 0.471465500 0.841170370 -0.264702800 0.881742540 -0.445306510 0.155386480 0.012833990 -0.306676420 -0.951689720 -1.378653800 0.002828740 0.686845780
0.000000000 0.914062500 1.218750000 0.500000000 0.500000000 0.000000000 0.000000000 0.471559140 0.841834600 -0.262413710 0.881693070 -0.445832850 0.154152010 0.012779170 -0.304077510 -0.952523770 -1.377564500 0.003431880 0.684103190
0.000000000 0.914062500 1.218750000 0.500000000 0.500000000 0.000000000 0.000000000 0.472845970 0.840994660 -0.262790290 0.880997000 -0.446798740 0.155330180 0.013218830 -0.304982130 -0.952228430 -1.376380800 0.003611500 0.684217330
0.000000000 0.914062500 1.218750000 0.500000000 0.500000000 0.000000000 0.000000000 0.474247100 0.840251510 -0.262642740 0.880251590 -0.448306260 0.155212640 0.012674600 -0.304818150 -0.952288390 -1.374646800 0.004723580 0.685718540
0.000000000 0.914062500 1.218750000 0.500000000 0.500000000 0.000000000 0.000000000 0.474927930 0.840519730 -0.260546060 0.879886930 -0.449382100 0.154165390 0.012495640 -0.302485700 -0.953034100 -1.374656600 0.005300390 0.685078440
0.000000000 0.914062500 1.218750000 0.500000000 0.500000000 0.000000000 0.000000000 0.479284550 0.839158770 -0.256929280 0.877515910 -0.453943340 0.154315230 0.012865000 -0.299437460 -0.953991000 -1.368827700 0.008207830 0.688689410
0.000000000 0.914062500 1.218750000 0.500000000 0.500000000 0.000000000 0.000000000 0.480941180 0.838854370 -0.254818920 0.876596870 -0.455588970 0.154688550 0.013669870 -0.297786590 -0.954496440 -1.367056700 0.010013300 0.687385260
0.000000000 0.914062500 1.218750000 0.500000000 0.500000000 0.000000000 0.000000000 0.483306620 0.838437440 -0.251696050 0.875344870 -0.459597470 0.149843830 0.009957010 -0.292758320 -0.956096470 -1.365542900 0.011672030 0.678522530
0.000000000 0.914062500 1.218750000 0.500000000 0.500000000 0.000000000 0.000000000 0.489354910 0.835638230 -0.249306250 0.872007070 -0.466646310 0.147498500 0.006918650 -0.289592950 -0.957086620 -1.358522700 0.017344130 0.678337100
0.000000000 0.914062500 1.218750000 0.500000000 0.500000000 0.000000000 0.000000000 0.493966190 0.832891940 -0.249401050 0.869409740 -0.471211140 0.148314680 0.006010620 -0.290111240 -0.956935410 -1.352314100 0.021938840 0.688204350
0.000000000 0.914062500 1.218750000 0.500000000 0.500000000 0.000000000 0.000000000 0.499425710 0.830662550 -0.245938850 0.866299390 -0.479963270 0.138097200 -0.003328730 -0.282042860 -0.959357440 -1.346140500 0.029295390 0.674473110
0.000000000 0.914062500 1.218750000 0.500000000 0.500000000 0.000000000 0.000000000 0.505579530 0.826053560 -0.248870780 0.862691460 -0.486744580 0.136942150 -0.008014410 -0.283950840 -0.958766520 -1.341391700 0.035324070 0.677087720
0.000000000 0.914062500 1.218750000 0.500000000 0.500000000 0.000000000 0.000000000 0.512705450 0.820882740 -0.251388130 0.858483610 -0.492629620 0.142237860 -0.007080050 -0.288755950 -0.957337500 -1.331268000 0.043330980 0.681063890
0.000000000 0.914062500 1.218750000 0.500000000 0.500000000 0.000000000 0.000000000 0.510858120 0.821928920 -0.251730440 0.859577660 -0.491110000 0.140878630 -0.007834570 -0.288368140 -0.957448540 -1.327837000 0.046724730 0.681580540
0.000000000 0.914062500 1.218750000 0.500000000 0.500000000 0.000000000 0.000000000 0.517039300 0.816365900 -0.257153240 0.855837170 -0.497009430 0.142944540 -0.011112150 -0.294006940 -0.955699440 -1.320945600 0.049028190 0.681682530
0.000000000 0.914062500 1.218750000 0.500000000 0.500000000 0.000000000 0.000000000 0.516995670 0.818728570 -0.249618110 0.855922280 -0.496128410 0.145471690 -0.004740150 -0.288879510 -0.957314310 -1.318436600 0.050472590 0.677178200
0.000000000 0.914062500 1.218750000 0.500000000 0.500000000 0.000000000 0.000000000 0.519395170 0.816316310 -0.252519430 0.854383830 -0.500598730 0.139056860 -0.012896200 -0.287991670 -0.957506600 -1.310976900 0.052279490 0.680210350
0.000000000 0.914062500 1.218750000 0.500000000 0.500000000 0.000000000 0.000000000 0.522058550 0.814139070 -0.254051420 0.852672460 -0.504435060 0.135655180 -0.017710160 -0.287460390 -0.957589330 -1.306185100 0.052466140 0.677415850
0.000000000 0.914062500 1.218750000 0.500000000 0.500000000 0.000000000 0.000000000 0.521291550 0.814101340 -0.255740970 0.853087720 -0.504258930 0.133682700 -0.020128450 -0.287875090 -0.957416830 -1.296809200 0.050801900 0.676764490
0.000000000 0.914062500 1.218750000 0.500000000 0.500000000 0.000000000 0.000000000 0.520087360 0.815118550 -0.254951720 0.853904720 -0.501964630 0.137057230 -0.016258770 -0.289004210 -0.957150100 -1.287388600 0.047503230 0.678932430
0.000000000 0.914062500 1.218750000 0.500000000 0.500000000 0.000000000 0.000000000 0.522841270 0.815157650 -0.249126360 0.852260890 -0.504746020 0.137071430 -0.014010550 -0.284005190 -0.958680570 -1.278927300 0.044962100 0.677967910
0.000000000 0.914062500 1.218750000 0.500000000 0.500000000 0.000000000 0.000000000 0.521068810 0.816302720 -0.249089990 0.853441830 -0.500299390 0.145749850 -0.005643110 -0.288547640 -0.957409080 -1.260391700 0.036993730 0.682512520
0.000000000 0.914062500 1.218750000 0.500000000 0.500000000 0.000000000 0.000000000 0.521335480 0.817157690 -0.245705980 0.853295680 -0.499846010 0.148140090 -0.001760740 -0.286908600 -0.957916500 -1.250217000 0.031967860 0.685447810
0.000000000 0.914062500 1.218750000 0.500000000 0.500000000 0.000000000 0.000000000 0.518380820 0.817724760 -0.250032310 0.855092530 -0.496488300 0.149066820 -0.002241920 -0.291092370 -0.956652460 -1.235464800 0.026608340 0.692942680
0.000000000 0.914062500 1.218750000 0.500000000 0.500000000 0.000000000 0.000000000 0.519411860 0.818354370 -0.245795920 0.854465660 -0.498297990 0.146601690 -0.002506920 -0.286188900 -0.958130000 -1.223827700 0.021293560 0.688228670
0.000000000 0.914062500 1.218750000 0.500000000 0.500000000 0.000000000 0.000000000 0.515711190 0.820949550 -0.244932130 0.856705730 -0.493567020 0.149502740 0.001844510 -0.286953150 -0.957902610 -1.210221800 0.015006920 0.696901080
0.000000000 0.914062500 1.218750000 0.500000000 0.500000000 0.000000000 0.000000000 0.511848450 0.824271740 -0.241856600 0.858993470 -0.488881950 0.151750250 0.006845040 -0.285444530 -0.958330270 -1.191962700 0.004897660 0.705837730
0.000000000 0.914062500 1.218750000 0.500000000 0.500000000 0.000000000 0.000000000 0.508738580 0.827031670 -0.238978790 0.860839960 -0.486569520 0.148686810 0.006689850 -0.281383280 -0.959531430 -1.187091000 -0.005854710 0.700564090
0.000000000 0.914062500 1.218750000 0.500000000 0.500000000 0.000000000 0.000000000 0.504812360 0.829717220 -0.237994070 0.863162400 -0.483806580 0.144169110 0.004477300 -0.278223840 -0.960464950 -1.177253100 -0.018612710 0.708495970
0.000000000 0.914062500 1.218750000 0.500000000 0.500000000 0.000000000 0.000000000 0.501837970 0.830804110 -0.240478170 0.864897850 -0.480808020 0.143797890 0.003844850 -0.280170350 -0.959901270 -1.165122400 -0.031877080 0.720107020
0.000000000 0.914062500 1.218750000 0.500000000 0.500000000 0.000000000 0.000000000 0.499906120 0.832370640 -0.239080040 0.866017160 -0.479366750 0.141858680 0.003472780 -0.277981490 -0.960538800 -1.150044100 -0.039612900 0.718575600
0.000000000 0.914062500 1.218750000 0.500000000 0.500000000 0.000000000 0.000000000 0.501733780 0.832020340 -0.236455900 0.864951130 -0.480994640 0.142847540 0.005118910 -0.276212280 -0.961041510 -1.140898300 -0.046252930 0.719149830
0.000000000 0.914062500 1.218750000 0.500000000 0.500000000 0.000000000 0.000000000 0.498996730 0.834443510 -0.233692050 0.866534410 -0.478997560 0.139930830 0.004827360 -0.272345220 -0.962145750 -1.133575800 -0.054332560 0.716445270
0.000000000 0.914062500 1.218750000 0.500000000 0.500000000 0.000000000 0.000000000 0.501174450 0.832754910 -0.235050750 0.865266200 -0.480304540 0.143257360 0.006403320 -0.275196640 -0.961324870 -1.122999400 -0.061200330 0.724815430
0.000000000 0.914062500 1.218750000 0.500000000 0.500000000 0.000000000 0.000000000 0.495502380 0.837263940 -0.231023190 0.868540940 -0.476415660 0.136253920 0.004018340 -0.268185140 -0.963317280 -1.116985100 -0.064649390 0.719932080
0.000000000 0.914062500 1.218750000 0.500000000 0.500000000 0.000000000 0.000000000 0.490544680 0.839367210 -0.233952340 0.871359170 -0.472232310 0.132777820 0.000970330 -0.269007860 -0.963095430 -1.104183400 -0.072734770 0.717064080
0.000000000 0.914062500 1.218750000 0.500000000 0.500000000 0.000000000 0.000000000 0.485391590 0.841017780 -0.238722680 0.874236110 -0.466072140 0.135601580 0.002782230 -0.274538010 -0.961529790 -1.096526100 -0.081358500 0.726294400
0.000000000 0.914062500 1.218750000 0.500000000 0.500000000 0.000000000 0.000000000 0.483872860 0.841674690 -0.239488750 0.875029800 -0.462385950 0.142903950 0.009543590 -0.278725500 -0.960280720 -1.085068700 -0.083981130 0.729082110
0.000000000 0.914062500 1.218750000 0.500000000 0.500000000 0.000000000 0.000000000 0.482639670 0.842965190 -0.237428230 0.875686290 -0.460947190 0.143528330 0.011548800 -0.277203470 -0.960699020 -1.078520300 -0.090154800 0.724621120
0.000000000 0.914062500 1.218750000 0.500000000 0.500000000 0.000000000 0.000000000 0.486157060 0.840591430 -0.238664640 0.873727260 -0.463761390 0.146373150 0.012357880 -0.279706600 -0.959963080 -1.066561000 -0.092069480 0.735504270
0.000000000 0.914062500 1.218750000 0.500000000 0.500000000 0.000000000 0.000000000 0.484718530 0.841234510 -0.239323470 0.874514160 -0.462044540 0.147100840 0.013169540 -0.280612800 -0.959687650 -1.051318300 -0.094924380 0.733549710
0.000000000 0.914062500 1.218750000 0.500000000 0.500000000 0.000000000 0.000000000 0.486365350 0.840579570 -0.238280500 0.873641430 -0.464780840 0.143624310 0.009980660 -0.278044100 -0.960473420 -1.039503000 -0.098883810 0.730715930
0.000000000 0.914062500 1.218750000 0.500000000 0.500000000 0.000000000 0.000000000 0.490561660 0.837812130 -0.239422190 0.871318400 -0.469350370 0.142874020 0.007329770 -0.278719990 -0.960301400 -1.026475300 -0.094005720 0.731550630
0.000000000 0.914062500 1.218750000 0.500000000 0.500000000 0.000000000 0.000000000 0.496826650 0.833994330 -0.239832400 0.867781220 -0.476074190 0.142152980 0.004377720 -0.278765980 -0.960305930 -1.011507300 -0.089495460 0.730961680
0.000000000 0.914062500 1.218750000 0.500000000 0.500000000 0.000000000 0.000000000 0.499540510 0.833273650 -0.236679540 0.866222740 -0.479209690 0.141118680 0.004172300 -0.275530100 -0.961240110 -0.994886460 -0.082659680 0.729560260
0.000000000 0.914062500 1.218750000 0.500000000 0.500000000 0.000000000 0.000000000 0.504142640 0.831030550 -0.234800470 0.863549650 -0.483661060 0.142310280 0.004701350 -0.274524930 -0.961525200 -0.977184770 -0.075332520 0.724459230
0.000000000 0.914062500 1.218750000 0.500000000 0.500000000 0.000000000 0.000000000 0.510207710 0.825267310 -0.241918620 0.859986010 -0.488468200 0.147380610 0.003459770 -0.283260110 -0.958993490 -0.956738890 -0.070406400 0.727810800
0.000000000 0.914062500 1.218750000 0.500000000 0.500000000 0.000000000 0.000000000 0.513518750 0.821492790 -0.247690720 0.858015890 -0.490788940 0.151104720 0.002568430 -0.290136810 -0.956938090 -0.938860770 -0.062843310 0.726966620
0.000000000 0.914062500 1.218750000 0.500000000 0.500000000 0.000000000 0.000000000 0.516735850 0.819159690 -0.248724210 0.856084290 -0.493887480 0.151961480 0.001639770 -0.291472110 -0.956534210 -0.918066860 -0.055950150 0.729317310
0.000000000 0.914062500 1.218750000 0.500000000 0.500000000 0.000000000 0.000000000 0.525381740 0.813566570 -0.248968510 0.850802180 -0.501365540 0.157053320 0.002949990 -0.294355270 -0.955647590 -0.896679100 -0.047871180 0.734762310
0.000000000 0.914062500 1.218750000 0.500000000 0.500000000 0.000000000 0.000000000 0.532897710 0.809772550 -0.245336710 0.846113920 -0.508910890 0.158108740 0.003178500 -0.291857750 -0.956412320 -0.876949250 -0.039764880 0.738025310
0.000000000 0.914062500 1.218750000 0.500000000 0.500000000 0.000000000 0.000000000 0.544558350 0.802576360 -0.243369460 0.838653150 -0.522487400 0.153508990 -0.003954190 -0.287716210 -0.957663300 -0.849171040 -0.020389510 0.733890590
0.000000000 0.914062500 1.218750000 0.500000000 0.500000000 0.000000000 0.000000000 0.548604370 0.798803030 -0.246674270 0.835977970 -0.527155340 0.152134900 -0.008509430 -0.289695290 -0.957036730 -0.831357240 -0.010980090 0.732312860
0.000000000 0.914062500 1.218750000 0.500000000 0.500000000 0.000000000 0.000000000 0.555336590 0.793654560 -0.248223470 0.831381020 -0.536170420 0.145683500 -0.017467680 -0.287290780 -0.957639630 -0.814742270 -0.002401680 0.730399970
0.000000000 0.914062500 1.218750000 0.500000000 0.500000000 0.000000000 0.000000000 0.559399010 0.790646370 -0.248700770 0.828510220 -0.541836860 0.140997980 -0.023275900 -0.284944240 -0.958216970 -0.799040440 0.009371950 0.726083580
0.000000000 0.914062500 1.218750000 0.500000000 0.500000000 0.000000000 0.000000000 0.567348480 0.784447430 -0.250316890 0.823001090 -0.549869840 0.142157360 -0.026127070 -0.286682990 -0.957624550 -0.782542940 0.014573260 0.730376240
0.000000000 0.914062500 1.218750000 0.500000000 0.500000000 0.000000000 0.000000000 0.575306240 0.779377580 -0.247979700 0.817283750 -0.559359430 0.138060690 -0.031108910 -0.282115820 -0.958831250 -0.767731250 0.032578630 0.722067480
0.000000000 0.914062500 1.218750000 0.500000000 0.500000000 0.000000000 0.000000000 0.584435700 0.772994880 -0.246605310 0.810592110 -0.569611850 0.135568570 -0.035676190 -0.279146220 -0.959540670 -0.753789780 0.038992930 0.718554260
0.000000000 0.914062500 1.218750000 0.500000000 0.500000000 0.000000000 0.000000000 0.589894950 0.769737060 -0.243780660 0.806691530 -0.574650880 0.137554570 -0.034208540 -0.277817220 -0.959979830 -0.740025940 0.045745940 0.719006000
0.000000000 0.914062500 1.218750000 0.500000000 0.500000000 0.000000000 0.000000000 0.593173920 0.766829430 -0.244984670 0.804194090 -0.578168150 0.137439590 -0.036250320 -0.278559450 -0.959689560 -0.727009710 0.054924410 0.715632560
0.000000000 0.914062500 1.218750000 0.500000000 0.500000000 0.000000000 0.000000000 0.597704830 0.764650580 -0.240745100 0.800735290 -0.583821770 0.133683150 -0.038332130 -0.272694560 -0.961291550 -0.718103350 0.064643710 0.708042860
0.000000000 0.914062500 1.218750000 0.500000000 0.500000000 0.000000000 0.000000000 0.604171750 0.759739040 -0.240150810 0.795983310 -0.589047850 0.139028700 -0.035835480 -0.275171730 -0.960681500 -0.706206260 0.068699120 0.712602620
0.000000000 0.914062500 1.218750000 0.500000000 0.500000000 0.000000000 0.000000000 0.607940080 0.758585870 -0.234212860 0.793045520 -0.594070080 0.134369570 -0.037208750 -0.267448220 -0.962808130 -0.698882580 0.077479090 0.704856340
0.000000000 0.914062500 1.218750000 0.500000000 0.500000000 0.000000000 0.000000000 0.608410240 0.757042350 -0.237955500 0.792483330 -0.595222060 0.132574350 -0.041272900 -0.269253610 -0.962138830 -0.694157780 0.075887610 0.705118060
0.000000000 0.914062500 1.218750000 0.500000000 0.500000000 0.000000000 0.000000000 0.612357320 0.753445570 -0.239242750 0.789479670 -0.598361310 0.136310010 -0.040452320 -0.272366170 -0.961297150 -0.685319070 0.076290550 0.710381390
0.000000000 0.914062500 1.218750000 0.500000000 0.500000000 0.000000000 0.000000000 0.607877370 0.757588210 -0.237578940 0.792537030 -0.596920010 0.124362520 -0.047601270 -0.263905380 -0.963327290 -0.680386070 0.086186740 0.698808190
0.000000000 0.914062500 1.218750000 0.500000000 0.500000000 0.000000000 0.000000000 0.604819120 0.757597030 -0.245232450 0.794843970 -0.592968940 0.128471360 -0.048086970 -0.272642080 -0.960866930 -0.670774100 0.082426260 0.709314580
0.000000000 0.914062500 1.218750000 0.500000000 0.500000000 0.000000000 0.000000000 0.607337120 0.754710560 -0.247894540 0.792704110 -0.596038220 0.127483500 -0.051542900 -0.273951200 -0.960314990 -0.664582790 0.084491650 0.703978480
0.000000000 0.914062500 1.218750000 0.500000000 0.500000000 0.000000000 0.000000000 0.604506610 0.757290180 -0.246943440 0.795107480 -0.592235570 0.130207260 -0.047645270 -0.275076570 -0.960194350 -0.657979430 0.083810460 0.702168460
0.000000000 0.914062500 1.218750000 0.500000000 0.500000000 0.000000000 0.000000000 0.599011240 0.762150760 -0.245375720 0.799583020 -0.585405050 0.133642510 -0.041789440 -0.276270510 -0.960124190 -0.650658370 0.079202990 0.707184730
0.000000000 0.914062500 1.218750000 0.500000000 0.500000000 0.000000000 0.000000000 0.593341470 0.766839440 -0.244541530 0.804011340 -0.578829530 0.135699700 -0.037488770 -0.277149350 -0.960048440 -0.641277550 0.079013550 0.709206760
0.000000000 0.914062500 1.218750000 0.500000000 0.500000000 0.000000000 0.000000000 0.585406720 0.773068310 -0.244052290 0.810203190 -0.568182890 0.143634590 -0.027627350 -0.281835760 -0.959017930 -0.632740500 0.067870130 0.712660850
0.000000000 0.914062500 1.218750000 0.500000000 0.500000000 0.000000000 0.000000000 0.580412150 0.774390460 -0.251670600 0.814090850 -0.558131220 0.160117120 -0.016471950 -0.297836540 -0.954427600 -0.620792210 0.066803370 0.710550010
0.000000000 0.914062500 1.218750000 0.500000000 0.500000000 0.000000000 0.000000000 0.579562600 0.773100500 -0.257525030 0.814861710 -0.549533250 0.184133170 0.000835700 -0.316584770 -0.948516130 -0.610104200 0.050272320 0.724528370
0.000000000 0.914062500 1.218750000 0.500000000 0.500000000 0.000000000 0.000000000 0.572659910 0.778432250 -0.256904510 0.819680510 -0.540413680 0.189652100 0.008797730 -0.319206660 -0.947596430 -0.597858670 0.041780890 0.730071540
