0.000000000 0.914062500 1.218750000 0.500000000 0.500000000 0.000000000 0.000000000 0.785512030 -0.542627990 0.297305670 -0.507723210 -0.839879810 -0.191469030 0.353626670 -0.000549630 -0.935320560 -0.865908030 -0.758822200 0.374410270
0.000000000 0.914062500 1.218750000 0.500000000 0.500000000 0.000000000 0.000000000 0.791584730 -0.535205360 0.294640630 -0.498950870 -0.844605270 -0.193729030 0.352569040 0.006340250 -0.935698210 -0.860005200 -0.759398880 0.374770370
0.000000000 0.914062500 1.218750000 0.500000000 0.500000000 0.000000000 0.000000000 0.798189040 -0.527693750 0.290340690 -0.490795700 -0.849249540 -0.194256440 0.349108520 0.012554280 -0.936932090 -0.855998280 -0.758485560 0.375312980
0.000000000 0.914062500 1.218750000 0.500000000 0.500000000 0.000000000 0.000000000 0.804235340 -0.521134440 0.285461690 -0.484071430 -0.853199120 -0.193821130 0.344591080 0.017693160 -0.938520070 -0.850899760 -0.758454740 0.376702990
0.000000000 0.914062500 1.218750000 0.500000000 0.500000000 0.000000000 0.000000000 0.810016100 -0.511687280 0.286206130 -0.474484120 -0.858842370 -0.192599580 0.344385270 0.020207820 -0.938544570 -0.847755430 -0.757194700 0.378570650
0.000000000 0.914062500 1.218750000 0.500000000 0.500000000 0.000000000 0.000000000 0.816997650 -0.501314700 0.284714640 -0.464671730 -0.864881400 -0.189473670 0.341258650 0.022500190 -0.939633850 -0.844521400 -0.757098140 0.379009130
0.000000000 0.914062500 1.218750000 0.500000000 0.500000000 0.000000000 0.000000000 0.822760110 -0.494180080 0.280563290 -0.457732290 -0.868869480 -0.188113570 0.336762850 0.026349170 -0.941154360 -0.840739370 -0.757685070 0.380720230
0.000000000 0.914062500 1.218750000 0.500000000 0.500000000 0.000000000 0.000000000 0.827837650 -0.485184460 0.281327070 -0.448103760 -0.873809930 -0.188411530 0.337268680 0.029910320 -0.940866830 -0.838101690 -0.756781880 0.382774500
0.000000000 0.914062500 1.218750000 0.500000000 0.500000000 0.000000000 0.000000000 0.834493340 -0.474500420 0.279882790 -0.437863380 -0.879569650 -0.185667800 0.334303500 0.032388140 -0.941842500 -0.834960700 -0.755605160 0.384393100
0.000000000 0.914062500 1.218750000 0.500000000 0.500000000 0.000000000 0.000000000 0.840057080 -0.465457470 0.278419610 -0.429032420 -0.884288730 -0.183859300 0.331809520 0.035001430 -0.942630470 -0.832404670 -0.755266790 0.387022550
0.000000000 0.914062500 1.218750000 0.500000000 0.500000000 0.000000000 0.000000000 0.847328310 -0.457202140 0.269935040 -0.420309990 -0.888216380 -0.185068850 0.324401650 0.043358340 -0.944859090 -0.828577940 -0.754964770 0.386848750
0.000000000 0.914062500 1.218750000 0.500000000 0.500000000 0.000000000 0.000000000 0.852628350 -0.450343190 0.264725690 -0.413538960 -0.891478060 -0.184638440 0.319174500 0.047954540 -0.946415900 -0.825797920 -0.754209700 0.390233610
0.000000000 0.914062500 1.218750000 0.500000000 0.500000000 0.000000000 0.000000000 0.857488630 -0.442480030 0.262275400 -0.405703070 -0.895221890 -0.183906910 0.316196260 0.051293310 -0.947240110 -0.822831930 -0.753494020 0.391784760
0.000000000 0.914062500 1.218750000 0.500000000 0.500000000 0.000000000 0.000000000 0.863519610 -0.433026190 0.258235900 -0.396701840 -0.899629710 -0.182024720 0.311164140 0.054740660 -0.948712290 -0.819412170 -0.753419340 0.394277780
0.000000000 0.914062500 1.218750000 0.500000000 0.500000000 0.000000000 0.000000000 0.867966650 -0.423433420 0.259231930 -0.386037890 -0.903881550 -0.183878810 0.312201470 0.059528980 -0.948082690 -0.817487360 -0.751815970 0.395160730
0.000000000 0.914062500 1.218750000 0.500000000 0.500000000 0.000000000 0.000000000 0.872749810 -0.412903580 0.260156300 -0.375495640 -0.908607780 -0.182409330 0.311723560 0.061511920 -0.948113200 -0.813981240 -0.751227800 0.397745310
0.000000000 0.914062500 1.218750000 0.500000000 0.500000000 0.000000000 0.000000000 0.878672420 -0.401146410 0.258610130 -0.364092620 -0.913676020 -0.180196390 0.308596820 0.064177520 -0.948958870 -0.812575940 -0.749888000 0.398388890
0.000000000 0.914062500 1.218750000 0.500000000 0.500000000 0.000000000 0.000000000 0.888990700 -0.383698250 0.249667560 -0.348401250 -0.920845210 -0.174638720 0.296938690 0.068270010 -0.952386620 -0.805458960 -0.749339400 0.400117040
0.000000000 0.914062500 1.218750000 0.500000000 0.500000000 0.000000000 0.000000000 0.893832450 -0.374407170 0.246465380 -0.340376200 -0.924660560 -0.170248810 0.291663770 0.068285320 -0.954014060 -0.799403910 -0.749733210 0.402325840
0.000000000 0.914062500 1.218750000 0.500000000 0.500000000 0.000000000 0.000000000 0.899197760 -0.363969330 0.242553250 -0.330577340 -0.928627130 -0.167951930 0.286394950 0.070841940 -0.955422760 -0.795290350 -0.750002210 0.403862420
0.000000000 0.914062500 1.218750000 0.500000000 0.500000000 0.000000000 0.000000000 0.904401780 -0.355735090 0.235312480 -0.322641970 -0.931403580 -0.168008610 0.278960970 0.076028530 -0.957221870 -0.787267330 -0.751403510 0.402672560
0.000000000 0.914062500 1.218750000 0.500000000 0.500000000 0.000000000 0.000000000 0.908580600 -0.346563490 0.232888220 -0.313596790 -0.934607270 -0.167342800 0.275677200 0.079014550 -0.957931100 -0.781970380 -0.751572430 0.401619260
0.000000000 0.914062500 1.218750000 0.500000000 0.500000000 0.000000000 0.000000000 0.913693070 -0.334420080 0.230629300 -0.302318100 -0.938942910 -0.163788990 0.271345020 0.079932680 -0.959091070 -0.778064850 -0.751200440 0.401202740
0.000000000 0.914062500 1.218750000 0.500000000 0.500000000 0.000000000 0.000000000 0.919030550 -0.322547410 0.226290150 -0.291309270 -0.942913470 -0.160903810 0.265293660 0.081958530 -0.960611640 -0.775299190 -0.750607850 0.402818350
0.000000000 0.914062500 1.218750000 0.500000000 0.500000000 0.000000000 0.000000000 0.922500790 -0.313238590 0.225243790 -0.281290020 -0.945598300 -0.162961780 0.264058410 0.086977270 -0.960510490 -0.771678510 -0.749756570 0.400178640
0.000000000 0.914062500 1.218750000 0.500000000 0.500000000 0.000000000 0.000000000 0.927173440 -0.301475520 0.222087730 -0.270052580 -0.949192170 -0.161066560 0.259383530 0.089365130 -0.961564420 -0.767822560 -0.748825490 0.399218560
0.000000000 0.914062500 1.218750000 0.500000000 0.500000000 0.000000000 0.000000000 0.931170580 -0.292265620 0.217630390 -0.261377100 -0.951817450 -0.159880980 0.253893670 0.091996930 -0.962780540 -0.762639940 -0.748497130 0.397537950
0.000000000 0.914062500 1.218750000 0.500000000 0.500000000 0.000000000 0.000000000 0.934979800 -0.281718020 0.215194030 -0.251499740 -0.954894720 -0.157354330 0.249838470 0.093006010 -0.963743930 -0.756961820 -0.748083950 0.395044510
0.000000000 0.914062500 1.218750000 0.500000000 0.500000000 0.000000000 0.000000000 0.939338210 -0.269777030 0.211482940 -0.241167530 -0.958499250 -0.151505190 0.243599640 0.091315870 -0.965501070 -0.752723280 -0.747497920 0.394134400
0.000000000 0.914062500 1.218750000 0.500000000 0.500000000 0.000000000 0.000000000 0.942781870 -0.260018350 0.208359320 -0.232571230 -0.961280410 -0.147264510 0.238603640 0.090384030 -0.966835380 -0.746498410 -0.747489390 0.394001130
0.000000000 0.914062500 1.218750000 0.500000000 0.500000000 0.000000000 0.000000000 0.947075370 -0.247962670 0.203527170 -0.221626100 -0.964407500 -0.143653530 0.231923770 0.090948000 -0.968406560 -0.742399100 -0.746333060 0.392205420
0.000000000 0.914062500 1.218750000 0.500000000 0.500000000 0.000000000 0.000000000 0.950411020 -0.237171900 0.200819400 -0.211857840 -0.967193010 -0.139606270 0.227361490 0.090142380 -0.969562710 -0.738866390 -0.744964960 0.391088870
0.000000000 0.914062500 1.218750000 0.500000000 0.500000000 0.000000000 0.000000000 0.954016390 -0.226173120 0.196362120 -0.202234120 -0.969952820 -0.134643630 0.220933990 0.088745260 -0.971175970 -0.734126210 -0.743764520 0.389420090
0.000000000 0.914062500 1.218750000 0.500000000 0.500000000 0.000000000 0.000000000 0.957658050 -0.215816690 0.190193120 -0.193508190 -0.972479940 -0.129125620 0.212845120 0.086858380 -0.973150910 -0.728843270 -0.742274820 0.388598080
0.000000000 0.914062500 1.218750000 0.500000000 0.500000000 0.000000000 0.000000000 0.960373640 -0.207046330 0.186207560 -0.185691540 -0.974442960 -0.125759800 0.207504990 0.086203400 -0.974361480 -0.722556830 -0.740534130 0.386796740
0.000000000 0.914062500 1.218750000 0.500000000 0.500000000 0.000000000 0.000000000 0.963320970 -0.195589200 0.183347270 -0.174900790 -0.976784290 -0.123036470 0.203173290 0.086460260 -0.975251080 -0.717804730 -0.737847390 0.384850380
0.000000000 0.914062500 1.218750000 0.500000000 0.500000000 0.000000000 0.000000000 0.966562270 -0.182600630 0.179646130 -0.162421580 -0.979148690 -0.121337640 0.198074180 0.088106350 -0.976152240 -0.714001720 -0.734927060 0.381051540
0.000000000 0.914062500 1.218750000 0.500000000 0.500000000 0.000000000 0.000000000 0.969757260 -0.173058390 0.171697440 -0.153939960 -0.980794790 -0.119078180 0.189024340 0.089050320 -0.977859380 -0.709164380 -0.732598720 0.379052280
0.000000000 0.914062500 1.218750000 0.500000000 0.500000000 0.000000000 0.000000000 0.972256420 -0.166096310 0.164278940 -0.148097460 -0.982019540 -0.116362920 0.180668910 0.088809890 -0.979459350 -0.703536210 -0.730302510 0.377379600
0.000000000 0.914062500 1.218750000 0.500000000 0.500000000 0.000000000 0.000000000 0.973812040 -0.160024670 0.161058780 -0.142795400 -0.983148690 -0.113417400 0.176510380 0.087453320 -0.980339050 -0.695776940 -0.727819090 0.376698200
0.000000000 0.914062500 1.218750000 0.500000000 0.500000000 0.000000000 0.000000000 0.975870790 -0.150463460 0.157778800 -0.133714940 -0.984600600 -0.111880290 0.172198740 0.088087950 -0.981048580 -0.689366100 -0.725418930 0.375511590
0.000000000 0.914062500 1.218750000 0.500000000 0.500000000 0.000000000 0.000000000 0.978425560 -0.140227300 0.151250850 -0.123934760 -0.985839660 -0.112230300 0.164862050 0.091068620 -0.982036350 -0.684778990 -0.722419260 0.371838900
0.000000000 0.914062500 1.218750000 0.500000000 0.500000000 0.000000000 0.000000000 0.980076670 -0.135160770 0.145045400 -0.119646910 -0.986530720 -0.110801320 0.158082500 0.091244490 -0.983134090 -0.677511450 -0.719145950 0.370273830
0.000000000 0.914062500 1.218750000 0.500000000 0.500000000 0.000000000 0.000000000 0.981870000 -0.129073630 0.138304080 -0.114408250 -0.987333540 -0.109170300 0.150657500 0.091372900 -0.984287200 -0.673182130 -0.716327130 0.367404820
0.000000000 0.914062500 1.218750000 0.500000000 0.500000000 0.000000000 0.000000000 0.983295920 -0.124119940 0.132588670 -0.110089920 -0.987916950 -0.108328480 0.144446030 0.091927380 -0.985166010 -0.665899870 -0.712983850 0.364612220
0.000000000 0.914062500 1.218750000 0.500000000 0.500000000 0.000000000 0.000000000 0.984482940 -0.118620180 0.128759320 -0.105315320 -0.988733050 -0.105595120 0.139847670 0.090401310 -0.985970200 -0.659506860 -0.710091590 0.361208980
0.000000000 0.914062500 1.218750000 0.500000000 0.500000000 0.000000000 0.000000000 0.985723080 -0.112643460 0.124570170 -0.100096590 -0.989577950 -0.102718100 0.134855370 0.088787560 -0.986811880 -0.657243910 -0.706487950 0.360399810
0.000000000 0.914062500 1.218750000 0.500000000 0.500000000 0.000000000 0.000000000 0.986435410 -0.111244680 0.120108380 -0.098857690 -0.989512740 -0.104529900 0.130489810 0.091243540 -0.987174690 -0.648854200 -0.703524710 0.357200000
0.000000000 0.914062500 1.218750000 0.500000000 0.500000000 0.000000000 0.000000000 0.987328950 -0.104849340 0.118509040 -0.092782810 -0.990254700 -0.103062830 0.128172700 0.090766470 -0.987522130 -0.643044050 -0.700424080 0.353338720
0.000000000 0.914062500 1.218750000 0.500000000 0.500000000 0.000000000 0.000000000 0.988498930 -0.097349520 0.115102600 -0.085682590 -0.990979970 -0.102235610 0.124029160 0.091202770 -0.988010940 -0.638693930 -0.696872950 0.351468180
0.000000000 0.914062500 1.218750000 0.500000000 0.500000000 0.000000000 0.000000000 0.989119470 -0.095961570 0.110857990 -0.084479880 -0.990906890 -0.103930820 0.119835180 0.093440180 -0.988319340 -0.632462500 -0.693488540 0.348348530
0.000000000 0.914062500 1.218750000 0.500000000 0.500000000 0.000000000 0.000000000 0.989890460 -0.093651530 0.105838390 -0.082420310 -0.990876790 -0.105852700 0.114797540 0.096064990 -0.988665580 -0.623274450 -0.690283000 0.342909130
0.000000000 0.914062500 1.218750000 0.500000000 0.500000000 0.000000000 0.000000000 0.990702870 -0.089036800 0.102155210 -0.078029820 -0.991105740 -0.107029790 0.110787350 0.098069350 -0.988926290 -0.617302480 -0.686705530 0.340787800
0.000000000 0.914062500 1.218750000 0.500000000 0.500000000 0.000000000 0.000000000 0.991414730 -0.083947410 0.099522430 -0.072922140 -0.991214630 -0.109591750 0.107858950 0.101399500 -0.988914250 -0.609995130 -0.684437570 0.333624510
0.000000000 0.914062500 1.218750000 0.500000000 0.500000000 0.000000000 0.000000000 0.992535170 -0.079219590 0.091938500 -0.069082080 -0.991603020 -0.108560560 0.099776950 0.101404990 -0.989761830 -0.601784050 -0.680521550 0.330447110
0.000000000 0.914062500 1.218750000 0.500000000 0.500000000 0.000000000 0.000000000 0.993298170 -0.076558940 0.085742610 -0.066844680 -0.991503000 -0.110849900 0.093510460 0.104381930 -0.990064140 -0.595260920 -0.678160370 0.327445540
0.000000000 0.914062500 1.218750000 0.500000000 0.500000000 0.000000000 0.000000000 0.993799750 -0.075184670 0.081015330 -0.065593290 -0.991105970 -0.115066840 0.088955510 0.109045980 -0.989981000 -0.586884440 -0.675886150 0.321510460
0.000000000 0.914062500 1.218750000 0.500000000 0.500000000 0.000000000 0.000000000 0.994581760 -0.071405300 0.074579160 -0.062453040 -0.991194670 -0.116045780 0.082217700 0.110766160 -0.990372300 -0.580741410 -0.674185990 0.313932420
0.000000000 0.914062500 1.218750000 0.500000000 0.500000000 0.000000000 0.000000000 0.994958340 -0.070591560 0.070200600 -0.062240040 -0.991369900 -0.114653830 0.077697000 0.109713350 -0.990854260 -0.574602430 -0.671991410 0.309070200
0.000000000 0.914062500 1.218750000 0.500000000 0.500000000 0.000000000 0.000000000 0.995066820 -0.070022340 0.069221880 -0.061829070 -0.991467240 -0.114031230 0.076624540 0.109195630 -0.990994810 -0.566374720 -0.670556720 0.302377220
0.000000000 0.914062500 1.218750000 0.500000000 0.500000000 0.000000000 0.000000000 0.995008710 -0.069492970 0.070579050 -0.061158750 -0.991517780 -0.113952890 0.077907980 0.109074440 -0.990908030 -0.566218380 -0.670825240 0.302507400
0.000000000 0.914062500 1.218750000 0.500000000 0.500000000 0.000000000 0.000000000 0.995628830 -0.066408730 0.064542820 -0.058880810 -0.991862710 -0.112135210 0.071472590 0.107851540 -0.991526600 -0.559678970 -0.668832540 0.300383720
0.000000000 0.914062500 1.218750000 0.500000000 0.500000000 0.000000000 0.000000000 0.995680510 -0.067973740 0.062068760 -0.060446250 -0.991338070 -0.115878310 0.069415820 0.111633000 -0.991254030 -0.551164570 -0.668382760 0.291399270
0.000000000 0.914062500 1.218750000 0.500000000 0.500000000 0.000000000 0.000000000 0.995934310 -0.068227370 0.057556520 -0.061461640 -0.991726160 -0.111955640 0.064726430 0.107969840 -0.991976740 -0.545298400 -0.666714370 0.284594890
0.000000000 0.914062500 1.218750000 0.500000000 0.500000000 0.000000000 0.000000000 0.996111450 -0.067523910 0.055274950 -0.061137610 -0.991975840 -0.109902480 0.062259970 0.106102540 -0.992335980 -0.539193210 -0.665071900 0.282677590
0.000000000 0.914062500 1.218750000 0.500000000 0.500000000 0.000000000 0.000000000 0.996386470 -0.066917270 0.050881990 -0.060925870 -0.991843520 -0.111206030 0.057915730 0.107711110 -0.992425560 -0.532056330 -0.664444150 0.274424080
0.000000000 0.914062500 1.218750000 0.500000000 0.500000000 0.000000000 0.000000000 0.996440830 -0.066870470 0.049866740 -0.060981360 -0.991825100 -0.111339410 0.056911470 0.107909170 -0.992462280 -0.531108680 -0.664303540 0.274380650
0.000000000 0.914062500 1.218750000 0.500000000 0.500000000 0.000000000 0.000000000 0.996655400 -0.068997600 0.042070110 -0.064081070 -0.991937280 -0.108562920 0.049228000 0.105510850 -0.993130800 -0.525984470 -0.662341300 0.271663640
0.000000000 0.914062500 1.218750000 0.500000000 0.500000000 0.000000000 0.000000000 0.996355650 -0.074131320 0.040404540 -0.069231020 -0.991281810 -0.111351670 0.048313350 0.108155700 -0.992891190 -0.516275470 -0.661727490 0.264074090
0.000000000 0.914062500 1.218750000 0.500000000 0.500000000 0.000000000 0.000000000 0.996575770 -0.072879400 0.037112920 -0.068438430 -0.991572500 -0.109231570 0.044767060 0.106324630 -0.993255140 -0.509931150 -0.659766380 0.258459000
0.000000000 0.914062500 1.218750000 0.500000000 0.500000000 0.000000000 0.000000000 0.996747140 -0.071950180 0.034205610 -0.067908670 -0.991829160 -0.107212490 0.041646040 0.104547860 -0.993579090 -0.501948540 -0.658514200 0.254311830
0.000000000 0.914062500 1.218750000 0.500000000 0.500000000 0.000000000 0.000000000 0.996775450 -0.074671540 0.026726370 -0.071517410 -0.991934120 -0.103840930 0.034270190 0.101601560 -0.994166140 -0.492188930 -0.657528820 0.250888940
0.000000000 0.914062500 1.218750000 0.500000000 0.500000000 0.000000000 0.000000000 0.996773060 -0.075099410 0.025589580 -0.072054560 -0.991881790 -0.103968490 0.033195150 0.101796050 -0.994182710 -0.492323700 -0.657608750 0.250922470
0.000000000 0.914062500 1.218750000 0.500000000 0.500000000 0.000000000 0.000000000 0.996499660 -0.079308380 0.023447790 -0.076483510 -0.991624120 -0.103259600 0.031445950 0.101111650 -0.994309250 -0.484382990 -0.655299430 0.248969910
0.000000000 0.914062500 1.218750000 0.500000000 0.500000000 0.000000000 0.000000000 0.996358450 -0.080845890 0.024176920 -0.077842780 -0.991204140 -0.106232190 0.032557970 0.103970390 -0.993978320 -0.474382010 -0.654169740 0.242015050
0.000000000 0.914062500 1.218750000 0.500000000 0.500000000 0.000000000 0.000000000 0.996623640 -0.078647290 0.020158800 -0.076184400 -0.991740410 -0.102357320 0.028047370 0.100482820 -0.994474230 -0.466943410 -0.652334450 0.240490200
0.000000000 0.914062500 1.218750000 0.500000000 0.500000000 0.000000000 0.000000000 0.996362270 -0.082017050 0.019637820 -0.079543420 -0.991303620 -0.104018580 0.028003280 0.102085140 -0.994312110 -0.458581000 -0.650957290 0.237483430
0.000000000 0.914062500 1.218750000 0.500000000 0.500000000 0.000000000 0.000000000 0.996333720 -0.082678940 0.018251550 -0.080332750 -0.991197170 -0.104423720 0.026729360 0.102581700 -0.994295720 -0.455533620 -0.647517980 0.233793080
0.000000000 0.914062500 1.218750000 0.500000000 0.500000000 0.000000000 0.000000000 0.996312740 -0.083005590 0.017904700 -0.080714810 -0.991250990 -0.103613870 0.026353400 0.101793650 -0.994386790 -0.455674770 -0.647682960 0.234770340
0.000000000 0.914062500 1.218750000 0.500000000 0.500000000 0.000000000 0.000000000 0.996221540 -0.084073900 0.017987710 -0.081544270 -0.990278300 -0.111931230 0.027228140 0.110048990 -0.993483360 -0.447433590 -0.645510440 0.232342940
0.000000000 0.914062500 1.218750000 0.500000000 0.500000000 0.000000000 0.000000000 0.996009290 -0.086235820 0.019440310 -0.083297890 -0.989194450 -0.119934580 0.029577850 0.117844600 -0.992521460 -0.438507500 -0.644261900 0.223882970
