0.000000000 0.914062500 1.218750000 0.500000000 0.500000000 0.000000000 0.000000000 0.334977750 0.934324680 -0.121490550 0.927264870 -0.349778530 -0.133338210 -0.167081650 -0.067990790 -0.983567890 -1.175369600 -0.657306550 0.730651800
0.000000000 0.914062500 1.218750000 0.500000000 0.500000000 0.000000000 0.000000000 0.326124280 0.936957660 -0.125243070 0.929937060 -0.341780630 -0.135453150 -0.169725270 -0.072295900 -0.982807990 -1.171676600 -0.656033160 0.731616850
0.000000000 0.914062500 1.218750000 0.500000000 0.500000000 0.000000000 0.000000000 0.324685960 0.937277380 -0.126580280 0.930436790 -0.340556140 -0.135102870 -0.169742350 -0.073911270 -0.982684490 -1.171341100 -0.657008110 0.728509840
0.000000000 0.914062500 1.218750000 0.500000000 0.500000000 0.000000000 0.000000000 0.318828490 0.938129660 -0.134882930 0.932340740 -0.336023240 -0.133315440 -0.170396800 -0.083254600 -0.981823440 -1.170162600 -0.657390420 0.729726430
0.000000000 0.914062500 1.218750000 0.500000000 0.500000000 0.000000000 0.000000000 0.314906330 0.938846350 -0.139045310 0.933297460 -0.332938080 -0.134357710 -0.172440660 -0.087463160 -0.981100440 -1.167336200 -0.658642530 0.732432010
0.000000000 0.914062500 1.218750000 0.500000000 0.500000000 0.000000000 0.000000000 0.306525740 0.941289010 -0.141238880 0.936350050 -0.324853360 -0.132900800 -0.170985910 -0.091514240 -0.980985520 -1.163102500 -0.664076750 0.726722900
0.000000000 0.914062500 1.218750000 0.500000000 0.500000000 0.000000000 0.000000000 0.301857980 0.941803280 -0.147714290 0.938111070 -0.321020480 -0.129757690 -0.169631420 -0.099406920 -0.980452240 -1.161594600 -0.664893570 0.731776540
0.000000000 0.914062500 1.218750000 0.500000000 0.500000000 0.000000000 0.000000000 0.292068990 0.943645000 -0.155436950 0.941519800 -0.312236430 -0.126461070 -0.167873320 -0.109414710 -0.979688530 -1.154906200 -0.674689470 0.733087660
0.000000000 0.914062500 1.218750000 0.500000000 0.500000000 0.000000000 0.000000000 0.288508590 0.943576400 -0.162348430 0.942851420 -0.309488270 -0.123253920 -0.166550290 -0.117513900 -0.978975890 -1.149494300 -0.677308680 0.736347380
0.000000000 0.914062500 1.218750000 0.500000000 0.500000000 0.000000000 0.000000000 0.275710230 0.945688430 -0.172010200 0.946905080 -0.297979060 -0.120508760 -0.165225030 -0.129655350 -0.977666680 -1.138962700 -0.687364160 0.743936240
0.000000000 0.914062500 1.218750000 0.500000000 0.500000000 0.000000000 0.000000000 0.261143740 0.949248140 -0.175105320 0.951334060 -0.283814700 -0.119814810 -0.163437280 -0.135298420 -0.977202300 -1.129327800 -0.695757210 0.740195810
0.000000000 0.914062500 1.218750000 0.500000000 0.500000000 0.000000000 0.000000000 0.250981510 0.950805070 -0.181403640 0.953779280 -0.274883720 -0.121189820 -0.165098700 -0.142606440 -0.975882770 -1.122584900 -0.702121380 0.742778240
0.000000000 0.914062500 1.218750000 0.500000000 0.500000000 0.000000000 0.000000000 0.231343360 0.953984020 -0.190588270 0.958682240 -0.256859990 -0.122041560 -0.165386130 -0.154484180 -0.974024180 -1.109958100 -0.709219810 0.747213720
0.000000000 0.914062500 1.218750000 0.500000000 0.500000000 0.000000000 0.000000000 0.220376580 0.955499290 -0.195918350 0.961240530 -0.246835590 -0.122603710 -0.165513350 -0.161309910 -0.972895260 -1.102379000 -0.714477900 0.748925150
0.000000000 0.914062500 1.218750000 0.500000000 0.500000000 0.000000000 0.000000000 0.200698730 0.958674490 -0.201472980 0.965417560 -0.228455660 -0.125377800 -0.166230170 -0.169346820 -0.971406040 -1.085487500 -0.724796890 0.756763220
0.000000000 0.914062500 1.218750000 0.500000000 0.500000000 0.000000000 0.000000000 0.186850580 0.960541840 -0.205850150 0.968245450 -0.215467720 -0.126558130 -0.165924460 -0.175670580 -0.970334710 -1.076067200 -0.739026010 0.758347390
0.000000000 0.914062500 1.218750000 0.500000000 0.500000000 0.000000000 0.000000000 0.165611580 0.961709860 -0.218207870 0.971292200 -0.197348710 -0.132617430 -0.170608790 -0.189985510 -0.966818690 -1.058004300 -0.751315770 0.762951610
0.000000000 0.914062500 1.218750000 0.500000000 0.500000000 0.000000000 0.000000000 0.157170580 0.961831210 -0.223843110 0.971666100 -0.191096770 -0.138885560 -0.176366690 -0.195677090 -0.964647650 -1.046754600 -0.758530440 0.768212850
0.000000000 0.914062500 1.218750000 0.500000000 0.500000000 0.000000000 0.000000000 0.141813900 0.964099170 -0.224340900 0.974209670 -0.176084030 -0.140896350 -0.175347460 -0.198579180 -0.964240190 -1.024991400 -0.766746340 0.774386470
0.000000000 0.914062500 1.218750000 0.500000000 0.500000000 0.000000000 0.000000000 0.137274850 0.964601100 -0.225005730 0.975095690 -0.171515850 -0.140400810 -0.174029350 -0.200133820 -0.964157340 -1.013839200 -0.771974800 0.770355280
0.000000000 0.914062500 1.218750000 0.500000000 0.500000000 0.000000000 0.000000000 0.132608070 0.962767840 -0.235415250 0.976243080 -0.167899580 -0.136750970 -0.171191980 -0.211693700 -0.962194500 -1.003133700 -0.780104400 0.767843250
0.000000000 0.914062500 1.218750000 0.500000000 0.500000000 0.000000000 0.000000000 0.122911970 0.959799710 -0.252197860 0.978298720 -0.159857970 -0.131601380 -0.166633050 -0.230555370 -0.958653330 -0.978383900 -0.783600390 0.790937840
0.000000000 0.914062500 1.218750000 0.500000000 0.500000000 0.000000000 0.000000000 0.121740490 0.960280120 -0.250933500 0.979007540 -0.157773480 -0.128816800 -0.163297010 -0.229989500 -0.959362980 -0.967397090 -0.789357600 0.785077810
0.000000000 0.914062500 1.218750000 0.500000000 0.500000000 0.000000000 0.000000000 0.117961560 0.958227220 -0.260406550 0.980548560 -0.153785570 -0.121721220 -0.156689260 -0.240989100 -0.957763490 -0.956541300 -0.793124200 0.789648230
0.000000000 0.914062500 1.218750000 0.500000000 0.500000000 0.000000000 0.000000000 0.093130430 0.961169000 -0.259627550 0.984177770 -0.128301200 -0.121960670 -0.150541020 -0.244167730 -0.957944450 -0.931826830 -0.798167710 0.805037500
0.000000000 0.914062500 1.218750000 0.500000000 0.500000000 0.000000000 0.000000000 0.093599010 0.962329270 -0.255121290 0.985021410 -0.126734600 -0.116671890 -0.144614920 -0.240385900 -0.959811990 -0.919641670 -0.801019850 0.803814470
0.000000000 0.914062500 1.218750000 0.500000000 0.500000000 0.000000000 0.000000000 0.091469280 0.961387630 -0.259408180 0.986637060 -0.122715960 -0.106907400 -0.134618000 -0.246169400 -0.959800180 -0.891085090 -0.802352960 0.804282550
0.000000000 0.914062500 1.218750000 0.500000000 0.500000000 0.000000000 0.000000000 0.090578450 0.960397600 -0.263357520 0.986999810 -0.121772300 -0.104614200 -0.132545840 -0.250464530 -0.958976920 -0.876092490 -0.799124960 0.811898950
0.000000000 0.914062500 1.218750000 0.500000000 0.500000000 0.000000000 0.000000000 0.091001640 0.961063560 -0.260769130 0.987145780 -0.121549320 -0.103489120 -0.131160870 -0.248006000 -0.959805970 -0.860162680 -0.798567710 0.815139950
0.000000000 0.914062500 1.218750000 0.500000000 0.500000000 0.000000000 0.000000000 0.091161450 0.962861060 -0.253993390 0.987464790 -0.120351160 -0.101832360 -0.128623660 -0.241532830 -0.961797830 -0.846236470 -0.796296830 0.807581370
0.000000000 0.914062500 1.218750000 0.500000000 0.500000000 0.000000000 0.000000000 0.079254810 0.962334100 -0.259915410 0.988518890 -0.109463440 -0.103869760 -0.128413480 -0.248705820 -0.959996040 -0.814948740 -0.795196000 0.807237980
0.000000000 0.914062500 1.218750000 0.500000000 0.500000000 0.000000000 0.000000000 0.072477380 0.962800150 -0.260166910 0.988676010 -0.103668850 -0.108228350 -0.131178420 -0.249383430 -0.959446250 -0.799183010 -0.792916890 0.811828140
0.000000000 0.914062500 1.218750000 0.500000000 0.500000000 0.000000000 0.000000000 0.070529700 0.964433070 -0.254593910 0.988100170 -0.102471220 -0.114448530 -0.136471670 -0.243498890 -0.960219030 -0.782190800 -0.788051430 0.811327340
0.000000000 0.914062500 1.218750000 0.500000000 0.500000000 0.000000000 0.000000000 0.067033240 0.966762600 -0.246576400 0.987448570 -0.099656220 -0.122289250 -0.142803010 -0.235290560 -0.961343940 -0.765983640 -0.783091840 0.806960170
0.000000000 0.914062500 1.218750000 0.500000000 0.500000000 0.000000000 0.000000000 0.052953490 0.968739150 -0.242205320 0.987499950 -0.086813350 -0.131331980 -0.148258780 -0.232229680 -0.961262350 -0.735599880 -0.779425860 0.797047020
0.000000000 0.914062500 1.218750000 0.500000000 0.500000000 0.000000000 0.000000000 0.049889000 0.966190580 -0.252804280 0.987537860 -0.085502860 -0.131904910 -0.149066510 -0.243079890 -0.958450730 -0.717283960 -0.776318190 0.800153430
0.000000000 0.914062500 1.218750000 0.500000000 0.500000000 0.000000000 0.000000000 0.045472750 0.965127940 -0.257649060 0.986958980 -0.083225820 -0.137571390 -0.154223020 -0.248040090 -0.956361650 -0.699280080 -0.772363190 0.804304360
0.000000000 0.914062500 1.218750000 0.500000000 0.500000000 0.000000000 0.000000000 0.041801770 0.966365100 -0.253601370 0.985982300 -0.080891380 -0.145725000 -0.161344010 -0.243961590 -0.956235770 -0.684366520 -0.768300530 0.803932250
0.000000000 0.914062500 1.218750000 0.500000000 0.500000000 0.000000000 0.000000000 0.039847820 0.967386780 -0.249994990 0.985453370 -0.079372940 -0.150072620 -0.165027600 -0.240384950 -0.956512990 -0.650591080 -0.773725870 0.796129050
0.000000000 0.914062500 1.218750000 0.500000000 0.500000000 0.000000000 0.000000000 0.035939790 0.965564010 -0.257520770 0.985648510 -0.076735240 -0.150162550 -0.164758980 -0.248434950 -0.954500140 -0.634152890 -0.772437810 0.799876930
0.000000000 0.914062500 1.218750000 0.500000000 0.500000000 0.000000000 0.000000000 0.034896070 0.965840280 -0.256626810 0.985683920 -0.075601450 -0.150504950 -0.164771560 -0.247707620 -0.954686940 -0.618041220 -0.769396190 0.801325920
0.000000000 0.914062500 1.218750000 0.500000000 0.500000000 0.000000000 0.000000000 0.037084040 0.965466620 -0.257723300 0.985675990 -0.077755060 -0.149455930 -0.164340450 -0.248495980 -0.954556350 -0.601071600 -0.764736290 0.798587080
0.000000000 0.914062500 1.218750000 0.500000000 0.500000000 0.000000000 0.000000000 0.035926390 0.964343130 -0.262056620 0.985395430 -0.077814760 -0.151263620 -0.166268410 -0.252801870 -0.953090670 -0.584724900 -0.761486290 0.800759380
0.000000000 0.914062500 1.218750000 0.500000000 0.500000000 0.000000000 0.000000000 0.025345800 0.966250120 -0.256202880 0.984530510 -0.068531650 -0.161067830 -0.173196610 -0.248163910 -0.953075650 -0.553506200 -0.761328280 0.796594680
0.000000000 0.914062500 1.218750000 0.500000000 0.500000000 0.000000000 0.000000000 0.020663620 0.965300500 -0.260172250 0.984703060 -0.064638880 -0.161621260 -0.172837120 -0.252859560 -0.951905790 -0.537046070 -0.761896730 0.796880360
0.000000000 0.914062500 1.218750000 0.500000000 0.500000000 0.000000000 0.000000000 0.021989440 0.964853940 -0.261715230 0.985541340 -0.064865450 -0.156334550 -0.167822870 -0.254500420 -0.952365580 -0.519162360 -0.761838790 0.799639280
0.000000000 0.914062500 1.218750000 0.500000000 0.500000000 0.000000000 0.000000000 0.025599640 0.966945170 -0.253540810 0.986684500 -0.065144850 -0.148827000 -0.160430730 -0.246361670 -0.955773530 -0.504397990 -0.758412840 0.796379090
0.000000000 0.914062500 1.218750000 0.500000000 0.500000000 0.000000000 0.000000000 0.017308960 0.968495190 -0.248270510 0.987119080 -0.056006170 -0.149661360 -0.158857320 -0.242488920 -0.957025890 -0.487479150 -0.758886400 0.793659870
0.000000000 0.914062500 1.218750000 0.500000000 0.500000000 0.000000000 0.000000000 -0.002509000 0.966965200 -0.254739310 0.986323480 -0.039542560 -0.159816000 -0.164616180 -0.251663540 -0.953677890 -0.456671570 -0.761587980 0.794089560
0.000000000 0.914062500 1.218750000 0.500000000 0.500000000 0.000000000 0.000000000 -0.011558040 0.967482980 -0.252513290 0.986470700 -0.030219610 -0.160937700 -0.163341940 -0.250964250 -0.954081000 -0.440477520 -0.765552220 0.791035650
0.000000000 0.914062500 1.218750000 0.500000000 0.500000000 0.000000000 0.000000000 -0.017785340 0.967707160 -0.251289070 0.987233820 -0.022741560 -0.157450540 -0.158087100 -0.250888620 -0.954985500 -0.423773680 -0.763700490 0.789165260
0.000000000 0.914062500 1.218750000 0.500000000 0.500000000 0.000000000 0.000000000 -0.025675690 0.967071770 -0.253046180 0.988123950 -0.013758030 -0.152840720 -0.151295420 -0.253972590 -0.955270290 -0.406660740 -0.761476400 0.789641560
0.000000000 0.914062500 1.218750000 0.500000000 0.500000000 0.000000000 0.000000000 -0.035385370 0.966352280 -0.254618410 0.988046170 -0.004369800 -0.153896730 -0.149837090 -0.257027800 -0.954682710 -0.388305220 -0.759463850 0.792670430
0.000000000 0.914062500 1.218750000 0.500000000 0.500000000 0.000000000 0.000000000 -0.043051590 0.965274570 -0.257509440 0.987657730 0.002322650 -0.156413350 -0.150389700 -0.261072400 -0.953497410 -0.369485740 -0.759040240 0.792945740
0.000000000 0.914062500 1.218750000 0.500000000 0.500000000 0.000000000 0.000000000 -0.052177240 0.963689860 -0.261722300 0.987425210 0.010679300 -0.157529880 -0.149020850 -0.266658190 -0.952165190 -0.350766810 -0.757899340 0.793624280
0.000000000 0.914062500 1.218750000 0.500000000 0.500000000 0.000000000 0.000000000 -0.066599360 0.963331220 -0.259761900 0.986432670 0.024474500 -0.162140640 -0.149843590 -0.267043710 -0.951927900 -0.331824600 -0.757193570 0.792203720
0.000000000 0.914062500 1.218750000 0.500000000 0.500000000 0.000000000 0.000000000 -0.081393810 0.962354180 -0.259168420 0.985031840 0.038086650 -0.167927830 -0.151741300 -0.268964920 -0.951085870 -0.313295960 -0.763291840 0.790411770
0.000000000 0.914062500 1.218750000 0.500000000 0.500000000 0.000000000 0.000000000 -0.089692590 0.959476710 -0.266979460 0.983856200 0.043733340 -0.173355240 -0.154660700 -0.278225870 -0.947946190 -0.292676570 -0.761194230 0.794255850
0.000000000 0.914062500 1.218750000 0.500000000 0.500000000 0.000000000 0.000000000 -0.103494960 0.956315100 -0.273254990 0.983413520 0.057306690 -0.171904090 -0.148741170 -0.286522000 -0.946420910 -0.272802470 -0.762623010 0.796235800
0.000000000 0.914062500 1.218750000 0.500000000 0.500000000 0.000000000 0.000000000 -0.122860990 0.951203470 -0.282904650 0.982835530 0.077162010 -0.167383460 -0.137391810 -0.298622160 -0.944393460 -0.230811460 -0.770421800 0.802151140
0.000000000 0.914062500 1.218750000 0.500000000 0.500000000 0.000000000 0.000000000 -0.131549630 0.949939370 -0.283244640 0.981768970 0.085373390 -0.169640620 -0.136972320 -0.300405470 -0.943888550 -0.212221310 -0.770827530 0.801936980
0.000000000 0.914062500 1.218750000 0.500000000 0.500000000 0.000000000 0.000000000 -0.139595000 0.948389410 -0.284583180 0.980723440 0.092809310 -0.171768900 -0.136497450 -0.303084220 -0.943100510 -0.191147540 -0.775466740 0.805784940
0.000000000 0.914062500 1.218750000 0.500000000 0.500000000 0.000000000 0.000000000 -0.145899730 0.946688590 -0.287072030 0.979854880 0.098358370 -0.173627200 -0.136140560 -0.306629990 -0.942005040 -0.177225020 -0.768979250 0.805476310
0.000000000 0.914062500 1.218750000 0.500000000 0.500000000 0.000000000 0.000000000 -0.151106660 0.945141020 -0.289467780 0.979667370 0.104165450 -0.171282620 -0.131739090 -0.309473190 -0.941701050 -0.154935720 -0.780131040 0.811360600
0.000000000 0.914062500 1.218750000 0.500000000 0.500000000 0.000000000 0.000000000 -0.158417720 0.943019630 -0.292461990 0.978973510 0.111545880 -0.170600650 -0.128262070 -0.313347910 -0.940899190 -0.137902020 -0.773999630 0.817427690
0.000000000 0.914062500 1.218750000 0.500000000 0.500000000 0.000000000 0.000000000 -0.164013730 0.939388160 -0.300940570 0.978173020 0.115506080 -0.172545880 -0.127332290 -0.322681250 -0.937865910 -0.117111030 -0.783275600 0.821432590
0.000000000 0.914062500 1.218750000 0.500000000 0.500000000 0.000000000 0.000000000 -0.168778940 0.933573960 -0.316020310 0.977730870 0.118097410 -0.173295690 -0.124468260 -0.338241250 -0.932753500 -0.099504950 -0.785184320 0.827679630
0.000000000 0.914062500 1.218750000 0.500000000 0.500000000 0.000000000 0.000000000 -0.171803310 0.929969490 -0.324893620 0.977473020 0.119976340 -0.173459750 -0.122337710 -0.347385850 -0.929669200 -0.082125170 -0.785354970 0.830936910
0.000000000 0.914062500 1.218750000 0.500000000 0.500000000 0.000000000 0.000000000 -0.176375110 0.927479920 -0.329527200 0.977390230 0.125458810 -0.170012980 -0.116346270 -0.352072950 -0.928674460 -0.065041630 -0.786926980 0.834714710
0.000000000 0.914062500 1.218750000 0.500000000 0.500000000 0.000000000 0.000000000 -0.179911790 0.924822210 -0.335038210 0.977491020 0.130038050 -0.165942700 -0.109904230 -0.357362270 -0.927437720 -0.049421050 -0.787086610 0.839498640
0.000000000 0.914062500 1.218750000 0.500000000 0.500000000 0.000000000 0.000000000 -0.179014150 0.922516110 -0.341808380 0.978166160 0.129723920 -0.162167550 -0.105265670 -0.363386270 -0.925633190 -0.032569040 -0.790275450 0.844522360
0.000000000 0.914062500 1.218750000 0.500000000 0.500000000 0.000000000 0.000000000 -0.180435750 0.919900720 -0.348052140 0.978296160 0.131315830 -0.160088360 -0.101564710 -0.369394630 -0.923666240 -0.017210300 -0.790745200 0.849437710
0.000000000 0.914062500 1.218750000 0.500000000 0.500000000 0.000000000 0.000000000 -0.181699960 0.917560220 -0.353529270 0.978315170 0.132454400 -0.159030530 -0.099097550 -0.374769930 -0.921766700 -0.003489910 -0.786508740 0.852292600
0.000000000 0.914062500 1.218750000 0.500000000 0.500000000 0.000000000 0.000000000 -0.179574950 0.916213570 -0.358077910 0.979416190 0.132545410 -0.152022080 -0.091826720 -0.378018020 -0.921193240 0.011996060 -0.790066000 0.854669930
0.000000000 0.914062500 1.218750000 0.500000000 0.500000000 0.000000000 0.000000000 -0.174561650 0.914868950 -0.363946380 0.980685290 0.128566890 -0.147179170 -0.087861600 -0.382620220 -0.919678330 0.028907860 -0.790705740 0.859037580
0.000000000 0.914062500 1.218750000 0.500000000 0.500000000 0.000000000 0.000000000 -0.172841650 0.911064800 -0.374166490 0.981490080 0.127665000 -0.142526020 -0.082085620 -0.391886860 -0.916303690 0.045688570 -0.789376140 0.863649430
0.000000000 0.914062500 1.218750000 0.500000000 0.500000000 0.000000000 0.000000000 -0.171693180 0.907978710 -0.382111910 0.981963100 0.126728100 -0.140082420 -0.078770540 -0.399282900 -0.913396840 0.062750970 -0.790943980 0.867377220
0.000000000 0.914062500 1.218750000 0.500000000 0.500000000 0.000000000 0.000000000 -0.166778400 0.908276080 -0.383578540 0.982728480 0.121656900 -0.139207940 -0.079777330 -0.400182400 -0.912915470 0.078206430 -0.791469870 0.867177250
0.000000000 0.914062500 1.218750000 0.500000000 0.500000000 0.000000000 0.000000000 -0.161394770 0.906303170 -0.390485730 0.983405710 0.114641450 -0.140374270 -0.082459010 -0.406673670 -0.909803330 0.095211670 -0.786215720 0.869904820
0.000000000 0.914062500 1.218750000 0.500000000 0.500000000 0.000000000 0.000000000 -0.161667730 0.901583970 -0.401151570 0.982986510 0.111374160 -0.145834160 -0.086807240 -0.417915730 -0.904287520 0.111893770 -0.785182360 0.870889660
0.000000000 0.914062500 1.218750000 0.500000000 0.500000000 0.000000000 0.000000000 -0.161470040 0.897033990 -0.411302980 0.982841610 0.108680430 -0.148812560 -0.088792870 -0.428287210 -0.899227800 0.128816740 -0.784359160 0.872906390
