0.000000000 0.914062500 1.218750000 0.500000000 0.500000000 0.000000000 0.000000000 0.096222600 -0.870782430 0.481845320 -0.891354800 -0.290729940 -0.347404630 0.442662030 -0.396106030 -0.804284930 0.946686800 -2.238296700 1.180158500
0.000000000 0.914062500 1.218750000 0.500000000 0.500000000 0.000000000 0.000000000 0.096443320 -0.869570550 0.483984770 -0.889711680 -0.293212800 -0.349523160 0.445907500 -0.396936920 -0.802079260 0.931690450 -2.237595600 1.181778700
0.000000000 0.914062500 1.218750000 0.500000000 0.500000000 0.000000000 0.000000000 0.096688960 -0.871239660 0.480923680 -0.887073930 -0.294472220 -0.355123160 0.451079010 -0.392317180 -0.801460150 0.901989700 -2.236641400 1.186359400
0.000000000 0.914062500 1.218750000 0.500000000 0.500000000 0.000000000 0.000000000 0.100411110 -0.872997280 0.476956730 -0.883788230 -0.298355640 -0.360039530 0.456680150 -0.385414840 -0.801637110 0.887850700 -2.234855400 1.187588500
0.000000000 0.914062500 1.218750000 0.500000000 0.500000000 0.000000000 0.000000000 0.105306290 -0.874600830 0.472945630 -0.879862550 -0.303489000 -0.365324620 0.463112000 -0.377693380 -0.801622150 0.872969090 -2.231452200 1.187063700
0.000000000 0.914062500 1.218750000 0.500000000 0.500000000 0.000000000 0.000000000 0.093288720 -0.878326420 0.468543620 -0.879857180 -0.292897050 -0.373882200 0.465691150 -0.377409760 -0.800260070 0.844128850 -2.233483600 1.193517600
0.000000000 0.914062500 1.218750000 0.500000000 0.500000000 0.000000000 0.000000000 0.087352480 -0.880928160 0.464788140 -0.880922260 -0.286073540 -0.376646610 0.464827660 -0.376578540 -0.801153060 0.833266740 -2.235842500 1.191034100
0.000000000 0.914062500 1.218750000 0.500000000 0.500000000 0.000000000 0.000000000 0.081015640 -0.882183550 0.463552890 -0.881003740 -0.280795840 -0.380408670 0.465819600 -0.377610270 -0.800090250 0.821726500 -2.239656400 1.191236700
0.000000000 0.914062500 1.218750000 0.500000000 0.500000000 0.000000000 0.000000000 0.073310210 -0.881431880 0.466257570 -0.881095410 -0.276177760 -0.383564000 0.466921210 -0.382736300 -0.797006070 0.794161980 -2.242242800 1.191030900
0.000000000 0.914062500 1.218750000 0.500000000 0.500000000 0.000000000 0.000000000 0.066432860 -0.882400040 0.465455830 -0.881981310 -0.269976620 -0.385934950 0.466276820 -0.384922920 -0.796329620 0.782109620 -2.247596700 1.194264100
0.000000000 0.914062500 1.218750000 0.500000000 0.500000000 0.000000000 0.000000000 0.063586770 -0.884415980 0.462013900 -0.881044450 -0.267104060 -0.390051190 0.468439370 -0.382290720 -0.796328070 0.769911940 -2.249833800 1.196267800
0.000000000 0.914062500 1.218750000 0.500000000 0.500000000 0.000000000 0.000000000 0.054193160 -0.890086290 0.452217580 -0.880424320 -0.256164640 -0.398693000 0.470779960 -0.376574370 -0.797670360 0.747752310 -2.259715800 1.197460800
0.000000000 0.914062500 1.218750000 0.500000000 0.500000000 0.000000000 0.000000000 0.049301880 -0.893464390 0.446073290 -0.878643510 -0.251080540 -0.405791940 0.474628420 -0.371970060 -0.797550140 0.738011900 -2.264429300 1.195328100
0.000000000 0.914062500 1.218750000 0.500000000 0.500000000 0.000000000 0.000000000 0.050938120 -0.895142200 0.442510870 -0.874981520 -0.253527400 -0.412133370 0.481175150 -0.366231890 -0.796281750 0.725413200 -2.262891100 1.193126600
0.000000000 0.914062500 1.218750000 0.500000000 0.500000000 0.000000000 0.000000000 0.047700710 -0.895960750 0.441213010 -0.871810970 -0.252851550 -0.419206860 0.487223860 -0.364693940 -0.793303910 0.701434370 -2.269566100 1.190988400
0.000000000 0.914062500 1.218750000 0.500000000 0.500000000 0.000000000 0.000000000 0.040574490 -0.895860250 0.442128990 -0.871392970 -0.248159480 -0.422863420 0.488614830 -0.368147130 -0.790849210 0.687919740 -2.273253700 1.193538900
0.000000000 0.914062500 1.218750000 0.500000000 0.500000000 0.000000000 0.000000000 0.034685530 -0.895925280 0.442497550 -0.869865660 -0.244982140 -0.427830870 0.491779060 -0.370110780 -0.787965770 0.674704490 -2.275537300 1.195255800
0.000000000 0.914062500 1.218750000 0.500000000 0.500000000 0.000000000 0.000000000 0.023358450 -0.896537010 0.442001160 -0.865251180 -0.239519070 -0.440104900 0.500509920 -0.372199030 -0.781457480 0.647216200 -2.284423100 1.202600000
0.000000000 0.914062500 1.218750000 0.500000000 0.500000000 0.000000000 0.000000000 0.019318620 -0.899277210 0.436595830 -0.864209290 -0.234522520 -0.444817300 0.502477880 -0.368753760 -0.781827690 0.637363020 -2.290121800 1.202352600
0.000000000 0.914062500 1.218750000 0.500000000 0.500000000 0.000000000 0.000000000 0.002338890 -0.902006980 0.431354430 -0.865952070 -0.217471940 -0.450059560 0.499836210 -0.372517020 -0.781736790 0.615901350 -2.304385200 1.205751400
0.000000000 0.914062500 1.218750000 0.500000000 0.500000000 0.000000000 0.000000000 -0.002027900 -0.903809910 0.427565190 -0.866750960 -0.211568560 -0.451333670 0.498450880 -0.371545110 -0.783082720 0.605225500 -2.309264400 1.206585300
0.000000000 0.914062500 1.218750000 0.500000000 0.500000000 0.000000000 0.000000000 -0.004512460 -0.904570820 0.425933510 -0.865857420 -0.209465850 -0.454021300 0.499984980 -0.370883700 -0.782417950 0.594780090 -2.313405800 1.208278700
0.000000000 0.914062500 1.218750000 0.500000000 0.500000000 0.000000000 0.000000000 -0.006257200 -0.905696690 0.423511770 -0.863165260 -0.208855550 -0.459396390 0.504599510 -0.368472280 -0.780592500 0.572458150 -2.321192500 1.209776800
0.000000000 0.914062500 1.218750000 0.500000000 0.500000000 0.000000000 0.000000000 -0.008461410 -0.904458050 0.426112590 -0.862411200 -0.209000890 -0.460743960 0.505854610 -0.371420350 -0.778379380 0.559257690 -2.323851800 1.211365000
0.000000000 0.914062500 1.218750000 0.500000000 0.500000000 0.000000000 0.000000000 -0.012181400 -0.903737190 0.427549390 -0.862685500 -0.206612830 -0.461306690 0.505310180 -0.374497980 -0.777257080 0.546619000 -2.325912700 1.212701100
0.000000000 0.914062500 1.218750000 0.500000000 0.500000000 0.000000000 0.000000000 -0.023983830 -0.902643620 0.429356430 -0.862993000 -0.198013690 -0.464491400 0.504361450 -0.381710800 -0.774358450 0.523395660 -2.334522000 1.215898400
0.000000000 0.914062500 1.218750000 0.500000000 0.500000000 0.000000000 0.000000000 -0.026101400 -0.902686300 0.429142620 -0.862054470 -0.196939990 -0.466685300 0.505858900 -0.382164450 -0.773156640 0.512530620 -2.338264000 1.215898800
0.000000000 0.914062500 1.218750000 0.500000000 0.500000000 0.000000000 0.000000000 -0.031171150 -0.902333020 0.429546980 -0.861046850 -0.193903310 -0.469806130 0.507285480 -0.384543840 -0.771038830 0.489576880 -2.342792700 1.218617100
0.000000000 0.914062500 1.218750000 0.500000000 0.500000000 0.000000000 0.000000000 -0.037511190 -0.902551410 0.428579840 -0.860961500 -0.188435820 -0.472180870 0.507000570 -0.386742470 -0.770125630 0.477808830 -2.347172300 1.219933500
0.000000000 0.914062500 1.218750000 0.500000000 0.500000000 0.000000000 0.000000000 -0.043179520 -0.902554450 0.428039130 -0.862026150 -0.182820110 -0.472445670 0.504734990 -0.389420990 -0.770263610 0.465601330 -2.350821700 1.222578400
0.000000000 0.914062500 1.218750000 0.500000000 0.500000000 0.000000000 0.000000000 -0.056080440 -0.905674280 0.419875500 -0.860305370 -0.169486700 -0.480484960 0.506399150 -0.388206900 -0.769783500 0.442473350 -2.360598800 1.225981500
0.000000000 0.914062500 1.218750000 0.500000000 0.500000000 0.000000000 0.000000000 -0.059754800 -0.907703700 0.414957020 -0.858326140 -0.165408270 -0.485420200 0.509328480 -0.385214330 -0.769354050 0.432170540 -2.365864500 1.225194300
0.000000000 0.914062500 1.218750000 0.500000000 0.500000000 0.000000000 0.000000000 -0.062627790 -0.908527310 0.412724410 -0.859010040 -0.161371570 -0.485568520 0.507827520 -0.384984250 -0.770460490 0.419691710 -2.367495800 1.225496900
0.000000000 0.914062500 1.218750000 0.500000000 0.500000000 0.000000000 0.000000000 -0.070796200 -0.908045410 0.412464260 -0.859710810 -0.154052120 -0.486703840 0.505563080 -0.389097120 -0.769882920 0.392697870 -2.372212200 1.227873600
0.000000000 0.914062500 1.218750000 0.500000000 0.500000000 0.000000000 0.000000000 -0.074683460 -0.908748510 0.410224170 -0.859948990 -0.149488210 -0.487704930 0.504597540 -0.389235850 -0.770445940 0.380887180 -2.374088800 1.227962300
0.000000000 0.914062500 1.218750000 0.500000000 0.500000000 0.000000000 0.000000000 -0.078121590 -0.910064400 0.406650570 -0.857982040 -0.146254050 -0.492129270 0.507416960 -0.387385040 -0.769526180 0.368959900 -2.374753000 1.227830800
0.000000000 0.914062500 1.218750000 0.500000000 0.500000000 0.000000000 0.000000000 -0.087927830 -0.909854050 0.405115930 -0.854843800 -0.139761400 -0.499422670 0.511095170 -0.390264630 -0.765626670 0.338301090 -2.377713000 1.229564100
0.000000000 0.914062500 1.218750000 0.500000000 0.500000000 0.000000000 0.000000000 -0.092360460 -0.910467740 0.402743430 -0.854531760 -0.135044470 -0.501250570 0.510834690 -0.390493600 -0.765683290 0.326085060 -2.379066000 1.229159700
0.000000000 0.914062500 1.218750000 0.500000000 0.500000000 0.000000000 0.000000000 -0.099315090 -0.913870630 0.393269450 -0.854806780 -0.123852170 -0.503665920 0.509066580 -0.386231390 -0.769015610 0.301605640 -2.385108500 1.228680300
0.000000000 0.914062500 1.218750000 0.500000000 0.500000000 0.000000000 0.000000000 -0.103500470 -0.915036800 0.389459970 -0.857582990 -0.116143300 -0.500774560 0.503533240 -0.385865060 -0.772832990 0.286212350 -2.387701700 1.228746900
0.000000000 0.914062500 1.218750000 0.500000000 0.500000000 0.000000000 0.000000000 -0.107903890 -0.913995150 0.390708540 -0.860651020 -0.110732760 -0.496719600 0.497335520 -0.389902800 -0.774816750 0.271380540 -2.387354900 1.226834200
0.000000000 0.914062500 1.218750000 0.500000000 0.500000000 0.000000000 0.000000000 -0.119125660 -0.909034850 0.398934220 -0.861586270 -0.104926190 -0.496358190 0.493136790 -0.402888150 -0.770846370 0.243537590 -2.384107600 1.223989200
0.000000000 0.914062500 1.218750000 0.500000000 0.500000000 0.000000000 0.000000000 -0.126421500 -0.906905830 0.401526060 -0.862213730 -0.099577630 -0.496369810 0.490214560 -0.408997030 -0.769491790 0.229719560 -2.381869100 1.224789500
0.000000000 0.914062500 1.218750000 0.500000000 0.500000000 0.000000000 0.000000000 -0.131701890 -0.907614050 0.398214370 -0.866188940 -0.089861250 -0.491276090 0.481742770 -0.409675120 -0.774465140 0.205969300 -2.382668000 1.220164700
0.000000000 0.914062500 1.218750000 0.500000000 0.500000000 0.000000000 0.000000000 -0.128989520 -0.906107070 0.402510520 -0.870695350 -0.090657300 -0.483095230 0.474295080 -0.412823110 -0.777384880 0.193068430 -2.379116500 1.220027700
0.000000000 0.914062500 1.218750000 0.500000000 0.500000000 0.000000000 0.000000000 -0.128318090 -0.905972780 0.403026640 -0.873894390 -0.088715110 -0.477648230 0.468558520 -0.413538690 -0.780476990 0.181552310 -2.380271000 1.218711300
0.000000000 0.914062500 1.218750000 0.500000000 0.500000000 0.000000000 0.000000000 -0.127864600 -0.902973230 0.409844190 -0.880788150 -0.086446930 -0.465239520 0.455594450 -0.420519950 -0.784411910 0.156417180 -2.380488400 1.218693100
0.000000000 0.914062500 1.218750000 0.500000000 0.500000000 0.000000000 0.000000000 -0.131934970 -0.902950820 0.408601400 -0.883347630 -0.079799340 -0.461559680 0.449436720 -0.421879560 -0.787229000 0.146241080 -2.383131700 1.219510100
0.000000000 0.914062500 1.218750000 0.500000000 0.500000000 0.000000000 0.000000000 -0.128265140 -0.904124380 0.407171190 -0.884661380 -0.081123610 -0.458803920 0.447911950 -0.419103530 -0.789577250 0.135457960 -2.383432400 1.216714900
0.000000000 0.914062500 1.218750000 0.500000000 0.500000000 0.000000000 0.000000000 -0.121756510 -0.902546170 0.412633810 -0.887371300 -0.087138810 -0.452422650 0.444353280 -0.421291590 -0.790422980 0.114418450 -2.379722600 1.215403400
0.000000000 0.914062500 1.218750000 0.500000000 0.500000000 0.000000000 0.000000000 -0.130180110 -0.902228470 0.410752390 -0.888277770 -0.077777330 -0.452349250 0.440133570 -0.423796360 -0.791443940 0.104458050 -2.383997700 1.215069300
0.000000000 0.914062500 1.218750000 0.500000000 0.500000000 0.000000000 0.000000000 -0.138227120 -0.902180020 0.408221480 -0.888354180 -0.069143470 -0.453598680 0.437517170 -0.425392570 -0.792037670 0.094496730 -2.386965000 1.212851400
0.000000000 0.914062500 1.218750000 0.500000000 0.500000000 0.000000000 0.000000000 -0.147341970 -0.901215080 0.407162730 -0.885580240 -0.062989150 -0.459875140 0.440157620 -0.428382430 -0.788956880 0.071089410 -2.389953100 1.211586200
0.000000000 0.914062500 1.218750000 0.500000000 0.500000000 0.000000000 0.000000000 -0.151629300 -0.900688110 0.406754290 -0.885119560 -0.059300380 -0.461249470 0.439626960 -0.430013720 -0.788364650 0.060052700 -2.390004400 1.210135900
0.000000000 0.914062500 1.218750000 0.500000000 0.500000000 0.000000000 0.000000000 -0.158658940 -0.900388900 0.404730110 -0.885393560 -0.051508610 -0.461658600 0.436583310 -0.431640650 -0.789166210 0.049243450 -2.395630100 1.209438100
0.000000000 0.914062500 1.218750000 0.500000000 0.500000000 0.000000000 0.000000000 -0.166425500 -0.899889170 0.402716990 -0.884992480 -0.043642840 -0.463234960 0.434499500 -0.433544900 -0.789272070 0.037303910 -2.401045800 1.209165600
0.000000000 0.914062500 1.218750000 0.500000000 0.500000000 0.000000000 0.000000000 -0.186016410 -0.898501340 0.397205920 -0.882602630 -0.024684790 -0.469154540 0.431404020 -0.437895270 -0.788567780 0.012675070 -2.433488800 1.215330800
0.000000000 0.914062500 1.218750000 0.500000000 0.500000000 0.000000000 0.000000000 -0.193708510 -0.897885560 0.394914950 -0.881752190 -0.016979050 -0.471091300 0.429754260 -0.439521670 -0.788563610 0.000091400 -2.432724000 1.212364400
0.000000000 0.914062500 1.218750000 0.500000000 0.500000000 0.000000000 0.000000000 -0.210223640 -0.895930830 0.390887500 -0.880155270 -0.000450670 -0.474371050 0.425242100 -0.443816540 -0.788603780 -0.027326500 -2.427897200 1.208596900
0.000000000 0.914062500 1.218750000 0.500000000 0.500000000 0.000000000 0.000000000 -0.218136390 -0.894046130 0.390866910 -0.879676700 0.006866160 -0.475208160 0.422236060 -0.447548150 -0.788109600 -0.041969280 -2.424071600 1.205999700
0.000000000 0.914062500 1.218750000 0.500000000 0.500000000 0.000000000 0.000000000 -0.226484580 -0.891607640 0.391687750 -0.879075230 0.014112830 -0.476159990 0.419081390 -0.452218000 -0.787126720 -0.055912130 -2.425516800 1.205285800
0.000000000 0.914062500 1.218750000 0.500000000 0.500000000 0.000000000 0.000000000 -0.241525870 -0.891255080 0.383416440 -0.878848910 0.033550560 -0.475603550 0.411080420 -0.451888000 -0.791523160 -0.084139000 -2.429532800 1.205332600
0.000000000 0.914062500 1.218750000 0.500000000 0.500000000 0.000000000 0.000000000 -0.244100730 -0.891091290 0.382164000 -0.879431660 0.037514080 -0.474227940 0.408303710 -0.451898900 -0.792952780 -0.098132130 -2.426487400 1.202057500
0.000000000 0.914062500 1.218750000 0.500000000 0.500000000 0.000000000 0.000000000 -0.248501540 -0.889878090 0.382154200 -0.879363950 0.042008550 -0.473976370 0.405786930 -0.453889280 -0.793107630 -0.112238000 -2.421921700 1.200788400
0.000000000 0.914062500 1.218750000 0.500000000 0.500000000 0.000000000 0.000000000 -0.254812420 -0.888455450 0.381307100 -0.879113440 0.048781160 -0.473791750 0.402401240 -0.455993440 -0.793625120 -0.126796560 -2.420487400 1.201549500
0.000000000 0.914062500 1.218750000 0.500000000 0.500000000 0.000000000 0.000000000 -0.261693240 -0.887725350 0.378335450 -0.877856670 0.056209630 -0.475295990 0.400724980 -0.456559450 -0.794147310 -0.140033860 -2.419183700 1.198967900
0.000000000 0.914062500 1.218750000 0.500000000 0.500000000 0.000000000 0.000000000 -0.268159690 -0.888153910 0.372760360 -0.875642360 0.063568240 -0.478442280 0.401293670 -0.454756920 -0.794893860 -0.166454400 -2.410777600 1.189717200
0.000000000 0.914062500 1.218750000 0.500000000 0.500000000 0.000000000 0.000000000 -0.271820490 -0.886361000 0.374372690 -0.875043030 0.065931740 -0.479217680 0.400135670 -0.457907200 -0.793667850 -0.180646260 -2.411530700 1.191611300
0.000000000 0.914062500 1.218750000 0.500000000 0.500000000 0.000000000 0.000000000 -0.280085030 -0.882583140 0.377195120 -0.874855760 0.073115610 -0.478516100 0.394809450 -0.464071270 -0.792753880 -0.195274190 -2.411466400 1.189541000
0.000000000 0.914062500 1.218750000 0.500000000 0.500000000 0.000000000 0.000000000 -0.285758670 -0.881032230 0.376563760 -0.873430130 0.077975050 -0.480349420 0.393898670 -0.466221180 -0.791944620 -0.207900940 -2.407684800 1.186683800
0.000000000 0.914062500 1.218750000 0.500000000 0.500000000 0.000000000 0.000000000 -0.293943080 -0.882668670 0.366291050 -0.868598100 0.086934810 -0.487519380 0.398533430 -0.461517070 -0.792380750 -0.231335710 -2.396041200 1.176560400
0.000000000 0.914062500 1.218750000 0.500000000 0.500000000 0.000000000 0.000000000 -0.298469390 -0.882159110 0.363850000 -0.865378680 0.089546910 -0.492743340 0.402155880 -0.461991430 -0.790271220 -0.243248600 -2.382204300 1.172266700
0.000000000 0.914062500 1.218750000 0.500000000 0.500000000 0.000000000 0.000000000 -0.307486470 -0.880215700 0.361037280 -0.863450530 0.098854010 -0.494343640 0.399498130 -0.463796650 -0.790561560 -0.254273620 -2.375498800 1.165373100
0.000000000 0.914062500 1.218750000 0.500000000 0.500000000 0.000000000 0.000000000 -0.315860900 -0.877883910 0.359481900 -0.861245570 0.106514570 -0.496593120 0.397719920 -0.466511790 -0.789860010 -0.265196380 -2.373406200 1.162656500
0.000000000 0.914062500 1.218750000 0.500000000 0.500000000 0.000000000 0.000000000 -0.324198070 -0.873847370 0.361886740 -0.858006660 0.110723820 -0.501256880 0.398011600 -0.473063920 -0.785805340 -0.276838870 -2.364884600 1.159696600
0.000000000 0.914062500 1.218750000 0.500000000 0.500000000 0.000000000 0.000000000 -0.337752670 -0.865421650 0.369654240 -0.854407550 0.117365710 -0.505871650 0.394465980 -0.486752960 -0.779204430 -0.299350860 -2.355848600 1.155127300
0.000000000 0.914062500 1.218750000 0.500000000 0.500000000 0.000000000 0.000000000 -0.343029710 -0.860989090 0.375105350 -0.852994440 0.118521390 -0.507982370 0.392967490 -0.494275000 -0.775215740 -0.309994370 -2.351830200 1.155126100
0.000000000 0.914062500 1.218750000 0.500000000 0.500000000 0.000000000 0.000000000 -0.350861790 -0.857333420 0.376232980 -0.850202440 0.123477870 -0.511469960 0.392101850 -0.499389380 -0.772370460 -0.320271910 -2.347538500 1.153821700
0.000000000 0.914062500 1.218750000 0.500000000 0.500000000 0.000000000 0.000000000 -0.356481310 -0.855944870 0.374105480 -0.847519280 0.127953320 -0.514811220 0.392840300 -0.500642300 -0.771182660 -0.329273050 -2.342464200 1.150094500
0.000000000 0.914062500 1.218750000 0.500000000 0.500000000 0.000000000 0.000000000 -0.363060530 -0.853400530 0.373590830 -0.845054980 0.132910620 -0.517598270 0.392122750 -0.503684520 -0.769564630 -0.338632170 -2.333664700 1.145467800
0.000000000 0.914062500 1.218750000 0.500000000 0.500000000 0.000000000 0.000000000 -0.380376340 -0.845196780 0.375009360 -0.839326980 0.145442080 -0.523514390 0.387988150 -0.513949630 -0.764858370 -0.358645980 -2.329904100 1.147745100
