0.000000000 0.914062500 1.218750000 0.500000000 0.500000000 0.000000000 0.000000000 0.995564820 -0.067344190 -0.065185980 -0.036626480 -0.919706460 0.390782090 -0.086272080 -0.386674110 -0.918126460 -0.225857120 -0.285531100 0.292049910
0.000000000 0.914062500 1.218750000 0.500000000 0.500000000 0.000000000 0.000000000 0.995383860 -0.070242020 -0.064890280 -0.039575230 -0.920284210 0.389130860 -0.087054100 -0.384779240 -0.918848400 -0.227498040 -0.284427310 0.290183010
0.000000000 0.914062500 1.218750000 0.500000000 0.500000000 0.000000000 0.000000000 0.995349650 -0.071874480 -0.063613610 -0.041464120 -0.919685600 0.390347240 -0.086563740 -0.385907080 -0.918421450 -0.229970140 -0.284072550 0.288815470
0.000000000 0.914062500 1.218750000 0.500000000 0.500000000 0.000000000 0.000000000 0.995232640 -0.074541410 -0.062364300 -0.044181740 -0.918512340 0.392803820 -0.086565750 -0.388188660 -0.917459130 -0.232262330 -0.283209800 0.288164110
0.000000000 0.914062500 1.218750000 0.500000000 0.500000000 0.000000000 0.000000000 0.995110570 -0.077685570 -0.060446600 -0.047615560 -0.917350710 0.395110640 -0.086148330 -0.390313420 -0.916596530 -0.234652400 -0.283190610 0.288468420
0.000000000 0.914062500 1.218750000 0.500000000 0.500000000 0.000000000 0.000000000 0.995147650 -0.079244920 -0.057752210 -0.049954810 -0.916495740 0.396802280 -0.084377290 -0.392004700 -0.916039290 -0.237668370 -0.282864810 0.288643510
0.000000000 0.914062500 1.218750000 0.500000000 0.500000000 0.000000000 0.000000000 0.995048880 -0.081747300 -0.055936510 -0.052933910 -0.916134720 0.397249550 -0.083722490 -0.392334700 -0.915958110 -0.239927900 -0.282426540 0.287513290
0.000000000 0.914062500 1.218750000 0.500000000 0.500000000 0.000000000 0.000000000 0.995075290 -0.082663770 -0.054089380 -0.054287640 -0.915000020 0.399674680 -0.082533360 -0.394783050 -0.915013610 -0.242385820 -0.282259290 0.286144850
0.000000000 0.914062500 1.218750000 0.500000000 0.500000000 0.000000000 0.000000000 0.995314660 -0.080925610 -0.052284170 -0.053043310 -0.913259690 0.403800760 -0.080429700 -0.399148700 -0.913305340 -0.245872360 -0.281814960 0.286686150
0.000000000 0.914062500 1.218750000 0.500000000 0.500000000 0.000000000 0.000000000 0.995475110 -0.079370710 -0.051607160 -0.051710710 -0.912429630 0.405844750 -0.079302890 -0.401353120 -0.912437320 -0.250618280 -0.280723150 0.286558990
0.000000000 0.914062500 1.218750000 0.500000000 0.500000000 0.000000000 0.000000000 0.995625730 -0.078931050 -0.049326780 -0.052095760 -0.911714260 0.407399950 -0.077131120 -0.403061600 -0.911870180 -0.255333840 -0.280025780 0.286540870
0.000000000 0.914062500 1.218750000 0.500000000 0.500000000 0.000000000 0.000000000 0.995920660 -0.076942920 -0.046428590 -0.051312450 -0.911004130 0.409084440 -0.073775290 -0.405046760 -0.911268060 -0.259442960 -0.279056850 0.284857120
0.000000000 0.914062500 1.218750000 0.500000000 0.500000000 0.000000000 0.000000000 0.996102990 -0.074828650 -0.045972240 -0.049208880 -0.909108100 0.413536580 -0.072740580 -0.409676370 -0.909279410 -0.264518170 -0.278440120 0.285257640
0.000000000 0.914062500 1.218750000 0.500000000 0.500000000 0.000000000 0.000000000 0.996088800 -0.074352730 -0.047036130 -0.048080110 -0.907719370 0.416707610 -0.073681470 -0.412830020 -0.907776060 -0.270790460 -0.277694970 0.286688150
0.000000000 0.914062500 1.218750000 0.500000000 0.500000000 0.000000000 0.000000000 0.996279780 -0.072798690 -0.045392550 -0.047235600 -0.907124220 0.418097530 -0.071616040 -0.414411750 -0.907220360 -0.275218870 -0.277407940 0.286856950
0.000000000 0.914062500 1.218750000 0.500000000 0.500000000 0.000000000 0.000000000 0.996698440 -0.067444380 -0.044460840 -0.042568820 -0.906257510 0.420471430 -0.068653670 -0.417204500 -0.906168760 -0.281159610 -0.276854520 0.288573470
0.000000000 0.914062500 1.218750000 0.500000000 0.500000000 0.000000000 0.000000000 0.996882560 -0.064060480 -0.045325940 -0.039106500 -0.906270270 0.420779880 -0.068035150 -0.417709650 -0.905982490 -0.288173410 -0.275982560 0.290225830
0.000000000 0.914062500 1.218750000 0.500000000 0.500000000 0.000000000 0.000000000 0.997031450 -0.061847670 -0.045121420 -0.037315670 -0.907193420 0.418949160 -0.066847060 -0.416035770 -0.906840680 -0.294318440 -0.275184150 0.289137930
0.000000000 0.914062500 1.218750000 0.500000000 0.500000000 0.000000000 0.000000000 0.997247520 -0.056515670 -0.047286900 -0.031354780 -0.906127990 0.421734240 -0.066684740 -0.419104930 -0.905438360 -0.301673770 -0.275516720 0.290327310
0.000000000 0.914062500 1.218750000 0.500000000 0.500000000 0.000000000 0.000000000 0.997367320 -0.052224250 -0.049636090 -0.026315480 -0.905334470 0.423777640 -0.067070900 -0.421370090 -0.904357850 -0.309998270 -0.275442270 0.292792530
0.000000000 0.914062500 1.218750000 0.500000000 0.500000000 0.000000000 0.000000000 0.997597040 -0.049139120 -0.048146070 -0.024223130 -0.905902390 0.422687110 -0.064388130 -0.420519410 -0.904948470 -0.318402440 -0.275151130 0.292833360
0.000000000 0.914062500 1.218750000 0.500000000 0.500000000 0.000000000 0.000000000 0.997819900 -0.045036220 -0.047533380 -0.020683180 -0.905493620 0.423749480 -0.062127150 -0.421856850 -0.904483800 -0.326055620 -0.275894790 0.293300630
0.000000000 0.914062500 1.218750000 0.500000000 0.500000000 0.000000000 0.000000000 0.997915390 -0.040334210 -0.049700210 -0.015358870 -0.904645200 0.425783040 -0.062136570 -0.424146500 -0.903411630 -0.336429540 -0.276907590 0.296123860
0.000000000 0.914062500 1.218750000 0.500000000 0.500000000 0.000000000 0.000000000 0.998056410 -0.035318430 -0.050678250 -0.010497250 -0.905423880 0.424272660 -0.060871770 -0.422930420 -0.904067640 -0.347128360 -0.277572150 0.298714160
0.000000000 0.914062500 1.218750000 0.500000000 0.500000000 0.000000000 0.000000000 0.997954310 -0.031621610 -0.054948780 -0.005648340 -0.907590150 0.419711890 -0.063144880 -0.418557140 -0.905945000 -0.358249780 -0.278326240 0.299205780
0.000000000 0.914062500 1.218750000 0.500000000 0.500000000 0.000000000 0.000000000 0.997842610 -0.029501570 -0.058065470 -0.002676770 -0.909312430 0.415996850 -0.065074270 -0.414958150 -0.907462720 -0.369512200 -0.279394980 0.299042460
0.000000000 0.914062500 1.218750000 0.500000000 0.500000000 0.000000000 0.000000000 0.997924390 -0.024922350 -0.058798850 0.001779760 -0.909458040 0.415683480 -0.063836870 -0.414939490 -0.907559160 -0.380562840 -0.281347300 0.299774110
0.000000000 0.914062500 1.218750000 0.500000000 0.500000000 0.000000000 0.000000000 0.997835930 -0.018614680 -0.062517870 0.009216940 -0.908526360 0.417617920 -0.064574970 -0.417304660 -0.906421780 -0.393074930 -0.283145490 0.301940320
0.000000000 0.914062500 1.218750000 0.500000000 0.500000000 0.000000000 0.000000000 0.997604910 -0.013858860 -0.067259680 0.015665060 -0.907636050 0.419357930 -0.066861280 -0.419421460 -0.905278270 -0.405997990 -0.284570780 0.305961430
0.000000000 0.914062500 1.218750000 0.500000000 0.500000000 0.000000000 0.000000000 0.997644310 -0.008717590 -0.067536880 0.020382830 -0.908034270 0.418291720 -0.064974310 -0.418697150 -0.905750630 -0.418592180 -0.286230920 0.309278580
0.000000000 0.914062500 1.218750000 0.500000000 0.500000000 0.000000000 0.000000000 0.997505550 -0.001074100 -0.070091060 0.028235530 -0.908988650 0.415754740 -0.064160500 -0.416710970 -0.906723980 -0.432034050 -0.288116280 0.312852260
0.000000000 0.914062500 1.218750000 0.500000000 0.500000000 0.000000000 0.000000000 0.997098980 0.003837600 -0.075566710 0.034696490 -0.910672960 0.411558720 -0.067239280 -0.413000730 -0.908197160 -0.445180210 -0.289288370 0.312351850
0.000000000 0.914062500 1.218750000 0.500000000 0.500000000 0.000000000 0.000000000 0.996768710 0.008739050 -0.079417530 0.040868200 -0.909852920 0.412803920 -0.068652960 -0.414729830 -0.907303040 -0.457806710 -0.291233810 0.316215310
0.000000000 0.914062500 1.218750000 0.500000000 0.500000000 0.000000000 0.000000000 0.996285620 0.017419450 -0.083922130 0.050599720 -0.909801600 0.411837640 -0.069180740 -0.414568420 -0.907336650 -0.471082450 -0.292962460 0.320689590
0.000000000 0.914062500 1.218750000 0.500000000 0.500000000 0.000000000 0.000000000 0.995690170 0.023088710 -0.089437710 0.057676680 -0.911674560 0.406733570 -0.072149540 -0.410153090 -0.909110130 -0.485322150 -0.294055010 0.320619110
0.000000000 0.914062500 1.218750000 0.500000000 0.500000000 0.000000000 0.000000000 0.995437320 0.026355960 -0.091326990 0.061418370 -0.911602320 0.406347600 -0.072546640 -0.410116820 -0.909094930 -0.497861890 -0.296755340 0.325083820
0.000000000 0.914062500 1.218750000 0.500000000 0.500000000 0.000000000 0.000000000 0.995479290 0.033781310 -0.088375580 0.066598850 -0.913635250 0.400929690 -0.067201260 -0.405016930 -0.911788050 -0.511386280 -0.298497680 0.325908210
0.000000000 0.914062500 1.218750000 0.500000000 0.500000000 0.000000000 0.000000000 0.995495200 0.033523600 -0.088294800 0.066344300 -0.913564920 0.401131810 -0.067217800 -0.405196760 -0.911706860 -0.511141480 -0.298529540 0.326151370
0.000000000 0.914062500 1.218750000 0.500000000 0.500000000 0.000000000 0.000000000 0.995557730 0.042379680 -0.083661560 0.072563560 -0.913202460 0.400880040 -0.059412510 -0.405184060 -0.912254330 -0.523280260 -0.301883790 0.322171720
0.000000000 0.914062500 1.218750000 0.500000000 0.500000000 0.000000000 0.000000000 0.995243250 0.049059610 -0.083750550 0.079405600 -0.907733440 0.411853820 -0.055819330 -0.416559460 -0.907344580 -0.535075010 -0.304811600 0.326300560
0.000000000 0.914062500 1.218750000 0.500000000 0.500000000 0.000000000 0.000000000 0.994593260 0.056721090 -0.086584030 0.088009990 -0.903684850 0.418947160 -0.054483010 -0.424317030 -0.903824210 -0.545724150 -0.306546270 0.333276180
0.000000000 0.914062500 1.218750000 0.500000000 0.500000000 0.000000000 0.000000000 0.992948000 0.065645140 -0.098360070 0.100956050 -0.903686110 0.416014520 -0.061579150 -0.423025520 -0.903973940 -0.555985030 -0.306529670 0.333166870
0.000000000 0.914062500 1.218750000 0.500000000 0.500000000 0.000000000 0.000000000 0.990813730 0.068386140 -0.116365430 0.111128530 -0.902613400 0.415750320 -0.076604110 -0.424877430 -0.901954830 -0.568254830 -0.307514400 0.334814610
0.000000000 0.914062500 1.218750000 0.500000000 0.500000000 0.000000000 0.000000000 0.989955780 0.070548470 -0.122227560 0.115600380 -0.902142940 0.415551990 -0.080953110 -0.425522480 -0.901270570 -0.580255090 -0.309352640 0.342129380
0.000000000 0.914062500 1.218750000 0.500000000 0.500000000 0.000000000 0.000000000 0.990847410 0.073936580 -0.112621790 0.113939540 -0.905946020 0.407661620 -0.071890610 -0.416777160 -0.906112490 -0.592012470 -0.310929780 0.344019350
0.000000000 0.914062500 1.218750000 0.500000000 0.500000000 0.000000000 0.000000000 0.991517900 0.076497010 -0.104733790 0.112493820 -0.909120080 0.400941400 -0.064546820 -0.409336950 -0.910048430 -0.602495130 -0.314022030 0.342022120
0.000000000 0.914062500 1.218750000 0.500000000 0.500000000 0.000000000 0.000000000 0.991563440 0.077834310 -0.103306790 0.113265300 -0.908164080 0.402885880 -0.062463100 -0.411202490 -0.909352420 -0.610521260 -0.317329440 0.339695390
0.000000000 0.914062500 1.218750000 0.500000000 0.500000000 0.000000000 0.000000000 0.990641000 0.080856160 -0.109640450 0.119393660 -0.902860940 0.412910820 -0.065605800 -0.422151650 -0.904098870 -0.619895760 -0.321673040 0.345159140
0.000000000 0.914062500 1.218750000 0.500000000 0.500000000 0.000000000 0.000000000 0.990660190 0.080641000 -0.109625430 0.119184520 -0.902930500 0.412819300 -0.065696080 -0.422044190 -0.904142500 -0.619157140 -0.321605060 0.345045180
0.000000000 0.914062500 1.218750000 0.500000000 0.500000000 0.000000000 0.000000000 0.989836630 0.080847900 -0.116683540 0.122727080 -0.900450170 0.417175800 -0.071342340 -0.427271310 -0.901254830 -0.628557560 -0.324838550 0.353760150
0.000000000 0.914062500 1.218750000 0.500000000 0.500000000 0.000000000 0.000000000 0.989908340 0.081850010 -0.115369370 0.122609650 -0.903199550 0.411224280 -0.070545230 -0.421234730 -0.904154420 -0.637286840 -0.327888130 0.355766680
0.000000000 0.914062500 1.218750000 0.500000000 0.500000000 0.000000000 0.000000000 0.989543200 0.085011840 -0.116211230 0.125616850 -0.904163360 0.408187150 -0.070375550 -0.418531860 -0.905421910 -0.642892780 -0.332554940 0.357946160
0.000000000 0.914062500 1.218750000 0.500000000 0.500000000 0.000000000 0.000000000 0.988729360 0.087609680 -0.121104880 0.129730820 -0.905395690 0.404148820 -0.074243070 -0.415319650 -0.906591420 -0.649563430 -0.335458460 0.357957990
0.000000000 0.914062500 1.218750000 0.500000000 0.500000000 0.000000000 0.000000000 0.987584410 0.092236570 -0.126874640 0.136466920 -0.904017270 0.405015260 -0.077342380 -0.417315780 -0.905414640 -0.655198160 -0.341033310 0.357964280
0.000000000 0.914062500 1.218750000 0.500000000 0.500000000 0.000000000 0.000000000 0.986088750 0.097233920 -0.134545190 0.144759760 -0.900358680 0.410251950 -0.081251500 -0.424036560 -0.901942970 -0.662636640 -0.346903000 0.364636480
0.000000000 0.914062500 1.218750000 0.500000000 0.500000000 0.000000000 0.000000000 0.986061630 0.097340360 -0.134667040 0.144915280 -0.900303070 0.410319240 -0.081303480 -0.424130320 -0.901894150 -0.662726580 -0.347075460 0.364742430
0.000000000 0.914062500 1.218750000 0.500000000 0.500000000 0.000000000 0.000000000 0.985449730 0.097715700 -0.138810020 0.146728950 -0.901500760 0.407031710 -0.085367130 -0.421491590 -0.902755380 -0.669168110 -0.351801340 0.367605090
0.000000000 0.914062500 1.218750000 0.500000000 0.500000000 0.000000000 0.000000000 0.985067490 0.101244490 -0.138994050 0.149865630 -0.901805700 0.405209330 -0.084323520 -0.420003680 -0.903546510 -0.674056830 -0.358179660 0.363628660
0.000000000 0.914062500 1.218750000 0.500000000 0.500000000 0.000000000 0.000000000 0.983763640 0.108231680 -0.142908070 0.159038920 -0.894775270 0.417123170 -0.082727680 -0.433093790 -0.897494080 -0.678227480 -0.365922690 0.365924890
0.000000000 0.914062500 1.218750000 0.500000000 0.500000000 0.000000000 0.000000000 0.981737910 0.116808210 -0.149913640 0.170942070 -0.887431680 0.427962210 -0.083051640 -0.445789010 -0.891226350 -0.683382570 -0.373148290 0.372521730
0.000000000 0.914062500 1.218750000 0.500000000 0.500000000 0.000000000 0.000000000 0.979884920 0.122596870 -0.157234590 0.179875690 -0.883755390 0.431890160 -0.086011720 -0.451501250 -0.888064210 -0.689163980 -0.381171790 0.379390720
0.000000000 0.914062500 1.218750000 0.500000000 0.500000000 0.000000000 0.000000000 0.979323090 0.126004890 -0.158038180 0.183073950 -0.884334390 0.429353540 -0.085661160 -0.449424390 -0.889150920 -0.694794180 -0.389197170 0.378982190
0.000000000 0.914062500 1.218750000 0.500000000 0.500000000 0.000000000 0.000000000 0.978298010 0.133917820 -0.157879250 0.190461860 -0.881082770 0.432810690 -0.081146580 -0.453503850 -0.887501420 -0.698069450 -0.399364350 0.381113560
0.000000000 0.914062500 1.218750000 0.500000000 0.500000000 0.000000000 0.000000000 0.975890520 0.143962930 -0.163826480 0.202473330 -0.877201080 0.435235980 -0.081053900 -0.457929280 -0.885234530 -0.702589150 -0.409189940 0.385139760
0.000000000 0.914062500 1.218750000 0.500000000 0.500000000 0.000000000 0.000000000 0.973312080 0.151157570 -0.172457100 0.212941410 -0.874850870 0.434970500 -0.085128390 -0.460101540 -0.883724330 -0.706164300 -0.419076060 0.388532100
0.000000000 0.914062500 1.218750000 0.500000000 0.500000000 0.000000000 0.000000000 0.970095990 0.161512020 -0.180979770 0.226052340 -0.872542560 0.432986410 -0.087983420 -0.460965600 -0.882994000 -0.709376990 -0.428841710 0.391041370
0.000000000 0.914062500 1.218750000 0.500000000 0.500000000 0.000000000 0.000000000 0.970102910 0.161519540 -0.180935830 0.226094930 -0.872249660 0.433553760 -0.087797190 -0.461516770 -0.882724340 -0.708942650 -0.429199580 0.391829070
0.000000000 0.914062500 1.218750000 0.500000000 0.500000000 0.000000000 0.000000000 0.965200360 0.174876260 -0.194247010 0.244024960 -0.869151120 0.430041040 -0.093629750 -0.462493450 -0.881613020 -0.713159440 -0.439695300 0.395232260
0.000000000 0.914062500 1.218750000 0.500000000 0.500000000 0.000000000 0.000000000 0.959772410 0.183304290 -0.212512250 0.259530600 -0.867862700 0.423515350 -0.106803760 -0.461648400 -0.880557780 -0.717065270 -0.449857740 0.399726030
0.000000000 0.914062500 1.218750000 0.500000000 0.500000000 0.000000000 0.000000000 0.954396070 0.192784760 -0.227786750 0.274203420 -0.867718880 0.414467750 -0.117756960 -0.458042830 -0.881043850 -0.720756470 -0.460599720 0.401792500
0.000000000 0.914062500 1.218750000 0.500000000 0.500000000 0.000000000 0.000000000 0.948134780 0.205215990 -0.242592330 0.291773950 -0.864610080 0.408930660 -0.125834320 -0.458520110 -0.879677950 -0.725001870 -0.472484980 0.405589670
0.000000000 0.914062500 1.218750000 0.500000000 0.500000000 0.000000000 0.000000000 0.941349860 0.217443630 -0.257880510 0.309149440 -0.861975250 0.401661520 -0.134954050 -0.457844350 -0.878677490 -0.729855120 -0.484393150 0.411948680
0.000000000 0.914062500 1.218750000 0.500000000 0.500000000 0.000000000 0.000000000 0.935046610 0.229358640 -0.270195690 0.324275670 -0.861294690 0.391054150 -0.143033150 -0.453288350 -0.879760860 -0.734911620 -0.496639010 0.413639780
0.000000000 0.914062500 1.218750000 0.500000000 0.500000000 0.000000000 0.000000000 0.928835750 0.240365100 -0.281801160 0.338883430 -0.858550610 0.384649810 -0.149491240 -0.452790770 -0.878942910 -0.739809160 -0.508307460 0.414895060
0.000000000 0.914062500 1.218750000 0.500000000 0.500000000 0.000000000 0.000000000 0.922381160 0.249931440 -0.294397620 0.353340210 -0.853812630 0.382180040 -0.155849040 -0.456554860 -0.875886140 -0.745011090 -0.520223020 0.417156880
0.000000000 0.914062500 1.218750000 0.500000000 0.500000000 0.000000000 0.000000000 0.916080830 0.257576440 -0.307201560 0.366568740 -0.848423600 0.381722180 -0.162322190 -0.462315710 -0.871678350 -0.749061820 -0.532168920 0.421522350
0.000000000 0.914062500 1.218750000 0.500000000 0.500000000 0.000000000 0.000000000 0.915977180 0.257658480 -0.307441860 0.366756950 -0.848356190 0.381691160 -0.162482020 -0.462393640 -0.871607180 -0.749117610 -0.532253320 0.421579990
0.000000000 0.914062500 1.218750000 0.500000000 0.500000000 0.000000000 0.000000000 0.911010740 0.263089810 -0.317435740 0.376856630 -0.843633710 0.382319510 -0.167223170 -0.467942060 -0.867740630 -0.753583010 -0.544248040 0.426724260
0.000000000 0.914062500 1.218750000 0.500000000 0.500000000 0.000000000 0.000000000 0.907799900 0.269062730 -0.321599900 0.384432760 -0.840303840 0.382109580 -0.167438250 -0.470529850 -0.866298500 -0.755232870 -0.555487280 0.434044450
0.000000000 0.914062500 1.218750000 0.500000000 0.500000000 0.000000000 0.000000000 0.902875540 0.283509820 -0.323047760 0.397732110 -0.836008910 0.377895980 -0.162941410 -0.469696700 -0.867607060 -0.758381250 -0.565876130 0.437976450
0.000000000 0.914062500 1.218750000 0.500000000 0.500000000 0.000000000 0.000000000 0.896104160 0.299060640 -0.327843550 0.413675810 -0.830341100 0.373246940 -0.160606250 -0.470106270 -0.867820560 -0.763771830 -0.575416090 0.440714240
