0.000000000 0.914062500 1.218750000 0.500000000 0.500000000 0.000000000 0.000000000 0.962109800 0.270832480 -0.030778660 0.270313770 -0.933505180 0.235478610 0.035044540 -0.234882970 -0.971372720 -0.676369130 0.283796610 0.483227070
0.000000000 0.914062500 1.218750000 0.500000000 0.500000000 0.000000000 0.000000000 0.962224360 0.270464420 -0.030430160 0.269782900 -0.933022800 0.237986060 0.035976090 -0.237212370 -0.970772270 -0.676435170 0.282478210 0.484934090
0.000000000 0.914062500 1.218750000 0.500000000 0.500000000 0.000000000 0.000000000 0.962092400 0.270975530 -0.030051380 0.270157010 -0.932699380 0.238827660 0.036688910 -0.237899770 -0.970577420 -0.676271260 0.282015920 0.486041070
0.000000000 0.914062500 1.218750000 0.500000000 0.500000000 0.000000000 0.000000000 0.962075110 0.271166090 -0.028854530 0.270052130 -0.932693960 0.238966570 0.037888580 -0.237703000 -0.970579500 -0.675988380 0.281537530 0.486172650
0.000000000 0.914062500 1.218750000 0.500000000 0.500000000 0.000000000 0.000000000 0.962030650 0.271264790 -0.029402550 0.270303070 -0.932788130 0.238314000 0.037221250 -0.237219960 -0.970723390 -0.675448480 0.281368170 0.484903010
0.000000000 0.914062500 1.218750000 0.500000000 0.500000000 0.000000000 0.000000000 0.962320800 0.270251960 -0.029233660 0.269251610 -0.932896970 0.239076810 0.037340380 -0.237946810 -0.970540880 -0.674964010 0.280908200 0.486078680
0.000000000 0.914062500 1.218750000 0.500000000 0.500000000 0.000000000 0.000000000 0.962297440 0.270460610 -0.028048140 0.269192700 -0.933045570 0.238562550 0.038352990 -0.237125500 -0.970702410 -0.675425050 0.280005960 0.485001470
0.000000000 0.914062500 1.218750000 0.500000000 0.500000000 0.000000000 0.000000000 0.961652520 0.272633610 -0.029106190 0.271533610 -0.932257530 0.238990590 0.038023820 -0.237736250 -0.970565970 -0.677306590 0.279147450 0.484795960
0.000000000 0.914062500 1.218750000 0.500000000 0.500000000 0.000000000 0.000000000 0.961946490 0.271639730 -0.028681910 0.270407800 -0.932184580 0.240546260 0.038606510 -0.239155520 -0.970194100 -0.675200050 0.279337200 0.487478820
0.000000000 0.914062500 1.218750000 0.500000000 0.500000000 0.000000000 0.000000000 0.962097940 0.271167460 -0.028063650 0.269858840 -0.932705520 0.239138920 0.038672990 -0.237655340 -0.970560010 -0.674337860 0.279123630 0.487045850
0.000000000 0.914062500 1.218750000 0.500000000 0.500000000 0.000000000 0.000000000 0.961328630 0.273889780 -0.027993050 0.272524860 -0.932206150 0.238060430 0.039108460 -0.236490160 -0.970827160 -0.676225300 0.277775320 0.487131390
0.000000000 0.914062500 1.218750000 0.500000000 0.500000000 0.000000000 0.000000000 0.961037160 0.274889440 -0.028199050 0.273604090 -0.932278630 0.236533820 0.038732700 -0.235040220 -0.971194390 -0.676579540 0.277644520 0.487195310
0.000000000 0.914062500 1.218750000 0.500000000 0.500000000 0.000000000 0.000000000 0.961168410 0.274377790 -0.028699390 0.273266820 -0.932646570 0.235470290 0.037842860 -0.234176280 -0.971438050 -0.676534350 0.276956290 0.488203910
0.000000000 0.914062500 1.218750000 0.500000000 0.500000000 0.000000000 0.000000000 0.960944770 0.275064050 -0.029603360 0.274223890 -0.932893160 0.233370890 0.036576560 -0.232381550 -0.971917270 -0.675221740 0.276113960 0.488780020
0.000000000 0.914062500 1.218750000 0.500000000 0.500000000 0.000000000 0.000000000 0.960076510 0.278029530 -0.030071370 0.277320530 -0.932702180 0.230457100 0.036027630 -0.229602830 -0.972598020 -0.677847500 0.275049000 0.489113090
0.000000000 0.914062500 1.218750000 0.500000000 0.500000000 0.000000000 0.000000000 0.959933220 0.278423040 -0.030987840 0.277997050 -0.933074830 0.228120760 0.034601480 -0.227602230 -0.973119910 -0.676082370 0.274518970 0.491457130
0.000000000 0.914062500 1.218750000 0.500000000 0.500000000 0.000000000 0.000000000 0.959916530 0.278265710 -0.032860810 0.278429900 -0.934113860 0.223289420 0.031439370 -0.223495570 -0.974178610 -0.674775360 0.273926820 0.493083240
0.000000000 0.914062500 1.218750000 0.500000000 0.500000000 0.000000000 0.000000000 0.959602650 0.279278930 -0.033425600 0.279736850 -0.935202900 0.217008720 0.029347520 -0.217599390 -0.975577710 -0.674361650 0.273365710 0.493833120
0.000000000 0.914062500 1.218750000 0.500000000 0.500000000 0.000000000 0.000000000 0.958491920 0.282928110 -0.034584720 0.283703630 -0.935260060 0.211543680 0.027507180 -0.212581520 -0.976736960 -0.675797700 0.270981820 0.494661810
0.000000000 0.914062500 1.218750000 0.500000000 0.500000000 0.000000000 0.000000000 0.957808200 0.284964830 -0.036735940 0.286301820 -0.935801800 0.205563280 0.024201910 -0.207414480 -0.977934540 -0.676187690 0.269925240 0.492900280
0.000000000 0.914062500 1.218750000 0.500000000 0.500000000 0.000000000 0.000000000 0.956028520 0.290520880 -0.039474440 0.292397080 -0.934863870 0.201204840 0.021552080 -0.203906420 -0.978733900 -0.689213280 0.265480250 0.495260660
0.000000000 0.914062500 1.218750000 0.500000000 0.500000000 0.000000000 0.000000000 0.955503340 0.292128800 -0.040315360 0.294272930 -0.935635920 0.194779350 0.019181220 -0.197982560 -0.979998590 -0.689141870 0.263663890 0.495900420
0.000000000 0.914062500 1.218750000 0.500000000 0.500000000 0.000000000 0.000000000 0.954483690 0.295435100 -0.040376180 0.297611890 -0.935523510 0.190191810 0.018417520 -0.193557840 -0.980896710 -0.691254730 0.261114270 0.495657560
0.000000000 0.914062500 1.218750000 0.500000000 0.500000000 0.000000000 0.000000000 0.953212740 0.299460800 -0.040741380 0.301686640 -0.934845630 0.187079950 0.017937240 -0.190624510 -0.981480060 -0.692076210 0.259099190 0.497626810
0.000000000 0.914062500 1.218750000 0.500000000 0.500000000 0.000000000 0.000000000 0.952220680 0.302697330 -0.040009850 0.304796340 -0.934616450 0.183142260 0.018043840 -0.186593090 -0.982252480 -0.692891840 0.257141170 0.499830340
0.000000000 0.914062500 1.218750000 0.500000000 0.500000000 0.000000000 0.000000000 0.951054040 0.306340010 -0.040034870 0.308483900 -0.934552070 0.177199470 0.016869610 -0.180882630 -0.983340860 -0.693455220 0.254583390 0.500688250
0.000000000 0.914062500 1.218750000 0.500000000 0.500000000 0.000000000 0.000000000 0.949733790 0.310299990 -0.040871270 0.312679770 -0.934980210 0.167311680 0.013703940 -0.171687260 -0.985036970 -0.692579570 0.250192490 0.502941310
0.000000000 0.914062500 1.218750000 0.500000000 0.500000000 0.000000000 0.000000000 0.948521610 0.314000820 -0.040754130 0.316376890 -0.934678200 0.161963120 0.012765480 -0.166525160 -0.985935330 -0.694476070 0.247539540 0.505178270
0.000000000 0.914062500 1.218750000 0.500000000 0.500000000 0.000000000 0.000000000 0.947590830 0.316906450 -0.039906050 0.319184210 -0.934818510 0.155516300 0.011980130 -0.160109060 -0.987007200 -0.694888170 0.245831950 0.506783840
0.000000000 0.914062500 1.218750000 0.500000000 0.500000000 0.000000000 0.000000000 0.946692590 0.319788340 -0.038194200 0.321860730 -0.935246230 0.147204940 0.011354350 -0.151656720 -0.988348480 -0.696267550 0.243714050 0.507219610
0.000000000 0.914062500 1.218750000 0.500000000 0.500000000 0.000000000 0.000000000 0.945459600 0.323765040 -0.035109400 0.325425600 -0.935149130 0.139797080 0.012429810 -0.143603530 -0.989537600 -0.698605600 0.240019690 0.505953790
0.000000000 0.914062500 1.218750000 0.500000000 0.500000000 0.000000000 0.000000000 0.944465220 0.326915980 -0.032579880 0.328270880 -0.935076530 0.133488280 0.013175710 -0.136775490 -0.990494790 -0.697870310 0.237840400 0.502793310
0.000000000 0.914062500 1.218750000 0.500000000 0.500000000 0.000000000 0.000000000 0.944414850 0.326947330 -0.033702340 0.328493860 -0.935459320 0.130217340 0.011047940 -0.134055610 -0.990892650 -0.694895450 0.234972120 0.506290730
0.000000000 0.914062500 1.218750000 0.500000000 0.500000000 0.000000000 0.000000000 0.943722130 0.328931630 -0.033791680 0.330520750 -0.935384150 0.125542950 0.009687720 -0.129651860 -0.991492450 -0.695622740 0.231223000 0.507127760
0.000000000 0.914062500 1.218750000 0.500000000 0.500000000 0.000000000 0.000000000 0.943185570 0.330707070 -0.031353750 0.332012180 -0.935385170 0.121535270 0.010865650 -0.125045390 -0.992071690 -0.694809560 0.228745860 0.508874180
0.000000000 0.914062500 1.218750000 0.500000000 0.500000000 0.000000000 0.000000000 0.942991970 0.331306820 -0.030834780 0.332599700 -0.935866590 0.116100290 0.009608450 -0.119742460 -0.992738540 -0.692937910 0.225806670 0.515398920
0.000000000 0.914062500 1.218750000 0.500000000 0.500000000 0.000000000 0.000000000 0.942293170 0.333646510 -0.026690160 0.334642440 -0.937469360 0.095465790 0.006831440 -0.098893170 -0.995054540 -0.689460220 0.218676120 0.513801100
0.000000000 0.914062500 1.218750000 0.500000000 0.500000000 0.000000000 0.000000000 0.942504410 0.333243850 -0.024138120 0.334065410 -0.938630160 0.085566760 0.005858650 -0.088715320 -0.996019600 -0.686292890 0.215412230 0.510412100
0.000000000 0.914062500 1.218750000 0.500000000 0.500000000 0.000000000 0.000000000 0.941748680 0.335391190 -0.023888490 0.336216720 -0.938452180 0.078824450 0.004019600 -0.082268960 -0.996581730 -0.686408460 0.209493120 0.510179040
0.000000000 0.914062500 1.218750000 0.500000000 0.500000000 0.000000000 0.000000000 0.941621540 0.335849490 -0.022409960 0.336572970 -0.938684820 0.074407500 0.003954610 -0.077610630 -0.996955340 -0.684153800 0.205532740 0.510786350
0.000000000 0.914062500 1.218750000 0.500000000 0.500000000 0.000000000 0.000000000 0.940985620 0.337739530 -0.020640960 0.338345050 -0.938430370 0.069411540 0.004073690 -0.072303270 -0.997353730 -0.681785050 0.200713340 0.512048010
0.000000000 0.914062500 1.218750000 0.500000000 0.500000000 0.000000000 0.000000000 0.940863310 0.338235970 -0.017906700 0.338685210 -0.938845280 0.061715090 0.004063420 -0.064134280 -0.997912290 -0.677897390 0.196599810 0.510837260
0.000000000 0.914062500 1.218750000 0.500000000 0.500000000 0.000000000 0.000000000 0.939217030 0.342929810 -0.014763120 0.343227860 -0.937833910 0.051080310 0.003672390 -0.053046480 -0.998564420 -0.671929540 0.186207550 0.516681080
0.000000000 0.914062500 1.218750000 0.500000000 0.500000000 0.000000000 0.000000000 0.938772740 0.344245580 -0.012161570 0.344437060 -0.937712730 0.044774540 0.004010160 -0.046225740 -0.998901960 -0.667937160 0.181611280 0.519275430
0.000000000 0.914062500 1.218750000 0.500000000 0.500000000 0.000000000 0.000000000 0.938354130 0.345436690 -0.010592940 0.345590200 -0.937668740 0.035938380 0.002482520 -0.037387280 -0.999276700 -0.664103690 0.175178630 0.520671670
0.000000000 0.914062500 1.218750000 0.500000000 0.500000000 0.000000000 0.000000000 0.937819420 0.346910090 -0.009748930 0.347046850 -0.937422870 0.027269270 0.000321820 -0.028960360 -0.999559460 -0.660911140 0.169297590 0.521102850
0.000000000 0.914062500 1.218750000 0.500000000 0.500000000 0.000000000 0.000000000 0.937798860 0.346890660 -0.012126580 0.347055460 -0.937674760 0.016294220 -0.005717900 -0.019492470 -0.999772670 -0.650305990 0.157584280 0.523342130
0.000000000 0.914062500 1.218750000 0.500000000 0.500000000 0.000000000 0.000000000 0.938281600 0.345633860 -0.010556370 0.345745150 -0.938227590 0.011654640 -0.005875460 -0.014588230 -0.999855160 -0.645605500 0.150448680 0.527708050
0.000000000 0.914062500 1.218750000 0.500000000 0.500000000 0.000000000 0.000000000 0.937983040 0.346466420 -0.009768140 0.346538600 -0.937981310 0.006994500 -0.006738410 -0.009948740 -0.999906660 -0.640125570 0.144180800 0.532724800
0.000000000 0.914062500 1.218750000 0.500000000 0.500000000 0.000000000 0.000000000 0.937296570 0.348356310 -0.008307670 0.348369450 -0.937328640 0.000132720 -0.007740250 -0.003021370 -0.999944090 -0.635961590 0.138040260 0.536160410
0.000000000 0.914062500 1.218750000 0.500000000 0.500000000 0.000000000 0.000000000 0.937435930 0.348079120 0.000672550 0.348048150 -0.937322850 -0.015316540 -0.004700370 0.014589900 -0.999860940 -0.629303220 0.124177110 0.536634500
0.000000000 0.914062500 1.218750000 0.500000000 0.500000000 0.000000000 0.000000000 0.936864970 0.349584460 0.004489840 0.349609460 -0.936716440 -0.016786310 -0.001661870 0.017293800 -0.999827440 -0.625499190 0.117143220 0.542104070
0.000000000 0.914062500 1.218750000 0.500000000 0.500000000 0.000000000 0.000000000 0.936507460 0.350422110 0.010155440 0.350554080 -0.936344920 -0.017779030 0.003279590 0.020207900 -0.999768610 -0.620443940 0.109700350 0.539249480
0.000000000 0.914062500 1.218750000 0.500000000 0.500000000 0.000000000 0.000000000 0.936748680 0.349819870 0.008520930 0.349923220 -0.936513190 -0.021037930 0.000621190 0.022686660 -0.999720390 -0.613418940 0.106549350 0.549126210
0.000000000 0.914062500 1.218750000 0.500000000 0.500000000 0.000000000 0.000000000 0.936238650 0.351066620 0.012394740 0.351285430 -0.935680930 -0.032329660 0.000248360 0.034620380 -0.999378140 -0.603289430 0.094008660 0.554250600
0.000000000 0.914062500 1.218750000 0.500000000 0.500000000 0.000000000 0.000000000 0.935659830 0.352457520 0.016074640 0.352812020 -0.935032780 -0.034386270 0.002911380 0.037843260 -0.999256910 -0.599738840 0.087176350 0.560227810
0.000000000 0.914062500 1.218750000 0.500000000 0.500000000 0.000000000 0.000000000 0.934939680 0.354181080 0.019682730 0.354700650 -0.934114160 -0.039533880 0.004384550 0.043941500 -0.999002040 -0.594950260 0.082726570 0.561928030
0.000000000 0.914062500 1.218750000 0.500000000 0.500000000 0.000000000 0.000000000 0.934007050 0.356590000 0.020444240 0.357163880 -0.932912350 -0.045313730 0.002915010 0.049623650 -0.998741210 -0.587971270 0.077955860 0.566243590
0.000000000 0.914062500 1.218750000 0.500000000 0.500000000 0.000000000 0.000000000 0.931700110 0.362163720 0.026749140 0.363118110 -0.930069860 -0.055317920 0.004845220 0.061251440 -0.998087700 -0.582700730 0.066026540 0.567176160
0.000000000 0.914062500 1.218750000 0.500000000 0.500000000 0.000000000 0.000000000 0.930605350 0.364539000 0.032057460 0.365850270 -0.928790090 -0.058710480 0.008373270 0.066363270 -0.997737350 -0.577868640 0.061038830 0.568541590
0.000000000 0.914062500 1.218750000 0.500000000 0.500000000 0.000000000 0.000000000 0.929592550 0.366726370 0.036214110 0.368377750 -0.927396890 -0.064628830 0.009884670 0.073417880 -0.997228920 -0.574976210 0.055719230 0.569678250
0.000000000 0.914062500 1.218750000 0.500000000 0.500000000 0.000000000 0.000000000 0.928591730 0.367648390 0.049934010 0.370645820 -0.925282900 -0.080107360 0.016752790 0.092894290 -0.995511290 -0.566005230 0.046972720 0.574001910
0.000000000 0.914062500 1.218750000 0.500000000 0.500000000 0.000000000 0.000000000 0.926280560 0.371692870 0.061558340 0.375901280 -0.922761260 -0.084577630 0.025367980 0.101482120 -0.994489790 -0.566041350 0.040588560 0.570697430
0.000000000 0.914062500 1.218750000 0.500000000 0.500000000 0.000000000 0.000000000 0.924793420 0.374236910 0.068149220 0.379204930 -0.921133760 -0.087517800 0.030023500 0.106778200 -0.993805170 -0.563727920 0.036620080 0.570969640
0.000000000 0.914062500 1.218750000 0.500000000 0.500000000 0.000000000 0.000000000 0.924583080 0.373092530 0.076734280 0.379191730 -0.920630400 -0.092714060 0.036054470 0.114818860 -0.992707310 -0.553306460 0.029723570 0.577725530
0.000000000 0.914062500 1.218750000 0.500000000 0.500000000 0.000000000 0.000000000 0.923112870 0.375848830 0.080870530 0.382471200 -0.919131760 -0.094100040 0.038964840 0.117795700 -0.992248300 -0.550535260 0.026558640 0.580364640
0.000000000 0.914062500 1.218750000 0.500000000 0.500000000 0.000000000 0.000000000 0.922238530 0.377796500 0.081763210 0.384677500 -0.917777900 -0.098228860 0.037931480 0.122043130 -0.991774680 -0.545831860 0.023949060 0.583452580
0.000000000 0.914062500 1.218750000 0.500000000 0.500000000 0.000000000 0.000000000 0.921665070 0.378151390 0.086453590 0.386317370 -0.914963010 -0.116376510 0.035095350 0.140659410 -0.989410580 -0.538946270 0.016904680 0.584836010
0.000000000 0.914062500 1.218750000 0.500000000 0.500000000 0.000000000 0.000000000 0.920732380 0.379373370 0.090921130 0.388371830 -0.913391170 -0.121760960 0.036855180 0.147421370 -0.988361660 -0.537393750 0.012821680 0.584879460
0.000000000 0.914062500 1.218750000 0.500000000 0.500000000 0.000000000 0.000000000 0.918776040 0.382804930 0.096174150 0.392773210 -0.910787280 -0.127031820 0.038967310 0.154489580 -0.987200080 -0.532239320 0.007808430 0.588724670
0.000000000 0.914062500 1.218750000 0.500000000 0.500000000 0.000000000 0.000000000 0.918532970 0.382728460 0.098766190 0.393259470 -0.910030720 -0.130889790 0.039786560 0.159068660 -0.986439760 -0.530503990 0.005377740 0.590564490
0.000000000 0.914062500 1.218750000 0.500000000 0.500000000 0.000000000 0.000000000 0.916064560 0.386690110 0.105994270 0.398559630 -0.907047510 -0.135484400 0.043753010 0.166359010 -0.985068020 -0.527742740 -0.001747580 0.594860080
0.000000000 0.914062500 1.218750000 0.500000000 0.500000000 0.000000000 0.000000000 0.915342870 0.387832550 0.108033400 0.400183470 -0.905830440 -0.138800070 0.044030400 0.170284460 -0.984384480 -0.524839340 -0.004374980 0.596821190
0.000000000 0.914062500 1.218750000 0.500000000 0.500000000 0.000000000 0.000000000 0.913068710 0.391705930 0.113180140 0.405167340 -0.902744950 -0.144333180 0.045638300 0.177644880 -0.983009400 -0.521690730 -0.012019120 0.597551880
0.000000000 0.914062500 1.218750000 0.500000000 0.500000000 0.000000000 0.000000000 0.911402170 0.395225550 0.114369450 0.408902290 -0.900913660 -0.145238880 0.045636590 0.179138840 -0.982738260 -0.522500280 -0.015923090 0.598190190
0.000000000 0.914062500 1.218750000 0.500000000 0.500000000 0.000000000 0.000000000 0.908948180 0.399757920 0.118084520 0.414190980 -0.898036600 -0.148042890 0.046864640 0.183474930 -0.981879950 -0.517664850 -0.024634020 0.603482840
0.000000000 0.914062500 1.218750000 0.500000000 0.500000000 0.000000000 0.000000000 0.906571810 0.403842960 0.122374020 0.419196310 -0.895134330 -0.151491300 0.048364280 0.188638670 -0.980827990 -0.517796580 -0.030302000 0.602797690
0.000000000 0.914062500 1.218750000 0.500000000 0.500000000 0.000000000 0.000000000 0.903304220 0.410775360 0.123456620 0.426373810 -0.891287210 -0.154120560 0.046728120 0.191858710 -0.980282370 -0.516336140 -0.041036930 0.606218340
0.000000000 0.914062500 1.218750000 0.500000000 0.500000000 0.000000000 0.000000000 0.900308070 0.415960940 0.127899170 0.432580440 -0.887485150 -0.158697620 0.047498340 0.198205890 -0.978981550 -0.514804070 -0.052974100 0.609158640
0.000000000 0.914062500 1.218750000 0.500000000 0.500000000 0.000000000 0.000000000 0.896004380 0.424286480 0.130741690 0.441430750 -0.882842540 -0.160213530 0.047449610 0.201267960 -0.978358860 -0.529521170 -0.066543160 0.608936070
0.000000000 0.914062500 1.218750000 0.500000000 0.500000000 0.000000000 0.000000000 0.892932710 0.429780660 0.133777170 0.447773550 -0.878447470 -0.166641340 0.045898670 0.208704070 -0.976873640 -0.528196390 -0.080696220 0.615070820
