0.000000000 0.914062500 1.218750000 0.500000000 0.500000000 0.000000000 0.000000000 0.931245210 -0.363255710 0.017166860 -0.355917750 -0.900708200 0.248018060 -0.074632930 -0.237170170 -0.968384500 -0.149592940 -0.180347730 0.132738620
0.000000000 0.914062500 1.218750000 0.500000000 0.500000000 0.000000000 0.000000000 0.930750850 -0.364570230 0.016080180 -0.356765690 -0.899788620 0.250128360 -0.076722320 -0.238638890 -0.967860280 -0.149143350 -0.180958690 0.132332770
0.000000000 0.914062500 1.218750000 0.500000000 0.500000000 0.000000000 0.000000000 0.930738390 -0.364720520 0.013119630 -0.355930920 -0.899185540 0.253463630 -0.080648940 -0.240673260 -0.967036840 -0.150598840 -0.181371150 0.131924630
0.000000000 0.914062500 1.218750000 0.500000000 0.500000000 0.000000000 0.000000000 0.930300950 -0.365864990 0.012241650 -0.356566280 -0.898068960 0.256510530 -0.082857390 -0.243092780 -0.966244520 -0.151670230 -0.182257920 0.131110410
0.000000000 0.914062500 1.218750000 0.500000000 0.500000000 0.000000000 0.000000000 0.930305840 -0.365832540 0.012821820 -0.356351140 -0.897066770 0.260288090 -0.083723050 -0.246813210 -0.965226290 -0.153460830 -0.183258320 0.130738720
0.000000000 0.914062500 1.218750000 0.500000000 0.500000000 0.000000000 0.000000000 0.931273520 -0.363353760 0.013047550 -0.353754040 -0.897208030 0.263325870 -0.083977370 -0.249941320 -0.964398860 -0.155164290 -0.184816240 0.130322340
0.000000000 0.914062500 1.218750000 0.500000000 0.500000000 0.000000000 0.000000000 0.932767570 -0.359518920 0.012549810 -0.349659000 -0.897877220 0.266495320 -0.084545340 -0.253064240 -0.963534470 -0.158445790 -0.186222060 0.130284580
0.000000000 0.914062500 1.218750000 0.500000000 0.500000000 0.000000000 0.000000000 0.933212700 -0.358408870 0.011130830 -0.347959550 -0.897627410 0.269543410 -0.086619290 -0.255512740 -0.962703650 -0.161542970 -0.187962610 0.130737720
0.000000000 0.914062500 1.218750000 0.500000000 0.500000000 0.000000000 0.000000000 0.932902690 -0.359326330 0.006640650 -0.347393160 -0.896873240 0.272765550 -0.092061030 -0.256869230 -0.961837170 -0.165427600 -0.190015700 0.131138850
0.000000000 0.914062500 1.218750000 0.500000000 0.500000000 0.000000000 0.000000000 0.932898340 -0.359398250 0.000763290 -0.345679940 -0.896697160 0.275506590 -0.098338460 -0.257382210 -0.961078290 -0.169537160 -0.192337680 0.132136750
0.000000000 0.914062500 1.218750000 0.500000000 0.500000000 0.000000000 0.000000000 0.934588490 -0.354948670 -0.004790070 -0.340107350 -0.899205270 0.274264480 -0.101664060 -0.254793490 -0.961421850 -0.174787090 -0.194811430 0.132158530
0.000000000 0.914062500 1.218750000 0.500000000 0.500000000 0.000000000 0.000000000 0.937609140 -0.346815970 -0.008652450 -0.331399560 -0.902742800 0.273301780 -0.102603540 -0.253480700 -0.961668970 -0.179736570 -0.198336390 0.132066470
0.000000000 0.914062500 1.218750000 0.500000000 0.500000000 0.000000000 0.000000000 0.940655110 -0.338353990 -0.012313210 -0.321818320 -0.904791890 0.277936520 -0.105189540 -0.257578520 -0.960299730 -0.186364730 -0.202485320 0.134115530
0.000000000 0.914062500 1.218750000 0.500000000 0.500000000 0.000000000 0.000000000 0.942425790 -0.333185580 -0.016977350 -0.315573300 -0.906795800 0.278565410 -0.108217340 -0.257268370 -0.960046170 -0.193547460 -0.206444640 0.136969240
0.000000000 0.914062500 1.218750000 0.500000000 0.500000000 0.000000000 0.000000000 0.944201230 -0.327827330 -0.021925380 -0.309577140 -0.910008790 0.274790560 -0.110044880 -0.252767710 -0.961033170 -0.199988070 -0.210358840 0.137680610
0.000000000 0.914062500 1.218750000 0.500000000 0.500000000 0.000000000 0.000000000 0.944221440 -0.327764780 -0.021988570 -0.309490530 -0.910011050 0.274880710 -0.110114840 -0.252840760 -0.961006160 -0.200043900 -0.210349690 0.137710900
0.000000000 0.914062500 1.218750000 0.500000000 0.500000000 0.000000000 0.000000000 0.946903650 -0.319674880 -0.025466430 -0.300934760 -0.913199190 0.273805230 -0.110793500 -0.251700940 -0.961227180 -0.208044390 -0.214508890 0.138378690
0.000000000 0.914062500 1.218750000 0.500000000 0.500000000 0.000000000 0.000000000 0.949964520 -0.309993890 -0.030634680 -0.290190990 -0.916414920 0.274657250 -0.113225580 -0.252122310 -0.960833130 -0.216274960 -0.219364720 0.139863390
0.000000000 0.914062500 1.218750000 0.500000000 0.500000000 0.000000000 0.000000000 0.952987550 -0.299838450 -0.037135460 -0.278697790 -0.919854940 0.275059670 -0.116642830 -0.251876380 -0.960488620 -0.224582110 -0.224987370 0.141537230
0.000000000 0.914062500 1.218750000 0.500000000 0.500000000 0.000000000 0.000000000 0.954852580 -0.292939360 -0.043712830 -0.270169230 -0.921911300 0.276679070 -0.121360670 -0.252475440 -0.959746180 -0.233369400 -0.230810930 0.143615420
0.000000000 0.914062500 1.218750000 0.500000000 0.500000000 0.000000000 0.000000000 0.955554010 -0.289084400 -0.053055080 -0.263900940 -0.923326370 0.278006850 -0.129367380 -0.251746650 -0.958890970 -0.242766930 -0.236612480 0.144636030
0.000000000 0.914062500 1.218750000 0.500000000 0.500000000 0.000000000 0.000000000 0.955574390 -0.289002870 -0.053130510 -0.263799250 -0.923346940 0.278034870 -0.129423560 -0.251764600 -0.958878580 -0.242943470 -0.236584100 0.144638610
0.000000000 0.914062500 1.218750000 0.500000000 0.500000000 0.000000000 0.000000000 0.956565200 -0.284611730 -0.058712100 -0.257719810 -0.924151960 0.281045590 -0.134261590 -0.253805010 -0.957674560 -0.251788850 -0.242134450 0.145212340
0.000000000 0.914062500 1.218750000 0.500000000 0.500000000 0.000000000 0.000000000 0.958071470 -0.279018610 -0.060956490 -0.251110460 -0.924606740 0.285497400 -0.136034060 -0.258318870 -0.956216280 -0.260878590 -0.247395550 0.146049620
0.000000000 0.914062500 1.218750000 0.500000000 0.500000000 0.000000000 0.000000000 0.960490410 -0.270221320 -0.062500920 -0.241626460 -0.925838890 0.289657830 -0.136151760 -0.263211520 -0.954864440 -0.270661180 -0.252667400 0.146701870
0.000000000 0.914062500 1.218750000 0.500000000 0.500000000 0.000000000 0.000000000 0.963726760 -0.258893340 -0.060599540 -0.230399760 -0.926833210 0.295564890 -0.132699010 -0.270983160 -0.953175250 -0.281172840 -0.257697640 0.147455160
0.000000000 0.914062500 1.218750000 0.500000000 0.500000000 0.000000000 0.000000000 0.966460050 -0.248804350 -0.059317660 -0.220029160 -0.926929000 0.303070630 -0.130401670 -0.279957350 -0.950896140 -0.291472520 -0.262903420 0.149196860
0.000000000 0.914062500 1.218750000 0.500000000 0.500000000 0.000000000 0.000000000 0.966409090 -0.249043690 -0.059143830 -0.220346200 -0.926945270 0.302790140 -0.130244150 -0.279690330 -0.950996280 -0.291117070 -0.262921270 0.149071800
0.000000000 0.914062500 1.218750000 0.500000000 0.500000000 0.000000000 0.000000000 0.968519870 -0.240008180 -0.061907460 -0.210108430 -0.927431460 0.308524010 -0.131476570 -0.285909030 -0.948975210 -0.301330240 -0.267901720 0.150764880
0.000000000 0.914062500 1.218750000 0.500000000 0.500000000 0.000000000 0.000000000 0.969451490 -0.235063690 -0.066153920 -0.203593240 -0.927575650 0.312433840 -0.134818670 -0.289526310 -0.947408200 -0.311340420 -0.272769720 0.152293040
0.000000000 0.914062500 1.218750000 0.500000000 0.500000000 0.000000000 0.000000000 0.969497740 -0.233024610 -0.072398390 -0.199509650 -0.927760780 0.314511450 -0.140472520 -0.290579560 -0.946263490 -0.321038040 -0.277822820 0.152054180
0.000000000 0.914062500 1.218750000 0.500000000 0.500000000 0.000000000 0.000000000 0.969513360 -0.232984010 -0.072320120 -0.199488970 -0.927754280 0.314544080 -0.140394240 -0.290633140 -0.946258660 -0.321119130 -0.277775530 0.152082250
0.000000000 0.914062500 1.218750000 0.500000000 0.500000000 0.000000000 0.000000000 0.969921710 -0.229343190 -0.078242420 -0.193591880 -0.927511220 0.318915280 -0.145728080 -0.294281900 -0.944322410 -0.330354030 -0.282881020 0.152019870
0.000000000 0.914062500 1.218750000 0.500000000 0.500000000 0.000000000 0.000000000 0.970683930 -0.225047230 -0.081207040 -0.187856880 -0.927047550 0.323657420 -0.148137850 -0.299020890 -0.942456780 -0.339939150 -0.288508860 0.151696460
0.000000000 0.914062500 1.218750000 0.500000000 0.500000000 0.000000000 0.000000000 0.971953570 -0.218040480 -0.085045950 -0.178972750 -0.926536500 0.330091000 -0.150788830 -0.305720690 -0.939883230 -0.348781140 -0.294180120 0.151479740
0.000000000 0.914062500 1.218750000 0.500000000 0.500000000 0.000000000 0.000000000 0.973843570 -0.209430740 -0.085061990 -0.169427470 -0.925296070 0.338499960 -0.149617110 -0.315344660 -0.936886010 -0.358572630 -0.300126640 0.152956550
0.000000000 0.914062500 1.218750000 0.500000000 0.500000000 0.000000000 0.000000000 0.973836120 -0.209512110 -0.084947680 -0.169588400 -0.925374450 0.338204950 -0.149483700 -0.315060380 -0.937002900 -0.358326260 -0.300025250 0.152798520
0.000000000 0.914062500 1.218750000 0.500000000 0.500000000 0.000000000 0.000000000 0.976125120 -0.199892330 -0.081795250 -0.160717640 -0.925176740 0.343042430 -0.144262810 -0.321818200 -0.935523510 -0.367574390 -0.305176650 0.154105010
0.000000000 0.914062500 1.218750000 0.500000000 0.500000000 0.000000000 0.000000000 0.977551100 -0.191781950 -0.084147720 -0.151618180 -0.925154860 0.347218130 -0.144456100 -0.326777940 -0.933772620 -0.376258700 -0.311052830 0.156052900
0.000000000 0.914062500 1.218750000 0.500000000 0.500000000 0.000000000 0.000000000 0.978341640 -0.184750530 -0.090457710 -0.142333480 -0.925357400 0.350591810 -0.148494870 -0.330236820 -0.931920170 -0.386251270 -0.316880050 0.159248320
0.000000000 0.914062500 1.218750000 0.500000000 0.500000000 0.000000000 0.000000000 0.978372690 -0.184417230 -0.090798060 -0.141878800 -0.925366820 0.350750680 -0.148723200 -0.330396090 -0.931827070 -0.386591110 -0.316767630 0.159317670
0.000000000 0.914062500 1.218750000 0.500000000 0.500000000 0.000000000 0.000000000 0.978366850 -0.183051710 -0.093582880 -0.139992270 -0.926446320 0.348652600 -0.150538560 -0.328122320 -0.932338890 -0.395747180 -0.321901590 0.161553670
0.000000000 0.914062500 1.218750000 0.500000000 0.500000000 0.000000000 0.000000000 0.978810250 -0.177304310 -0.099805480 -0.133151810 -0.928988700 0.344542470 -0.153825340 -0.324064640 -0.933220920 -0.404243920 -0.327394250 0.162384730
0.000000000 0.914062500 1.218750000 0.500000000 0.500000000 0.000000000 0.000000000 0.980642740 -0.161820430 -0.107802480 -0.115927280 -0.931558190 0.343829390 -0.156081720 -0.324789050 -0.932594000 -0.413915870 -0.332969640 0.164711580
0.000000000 0.914062500 1.218750000 0.500000000 0.500000000 0.000000000 0.000000000 0.980607690 -0.162081170 -0.107729430 -0.116219250 -0.931566120 0.343709320 -0.156084700 -0.324636160 -0.932646570 -0.413650660 -0.332977980 0.164624300
0.000000000 0.914062500 1.218750000 0.500000000 0.500000000 0.000000000 0.000000000 0.982578990 -0.149032770 -0.108603980 -0.103434420 -0.932843630 0.344329120 -0.152644930 -0.327210130 -0.932316480 -0.422298910 -0.338627490 0.167312150
0.000000000 0.914062500 1.218750000 0.500000000 0.500000000 0.000000000 0.000000000 0.984114710 -0.135613610 -0.112225360 -0.089890190 -0.935162780 0.341831270 -0.151323740 -0.326426000 -0.932806730 -0.429784630 -0.343625100 0.171302710
0.000000000 0.914062500 1.218750000 0.500000000 0.500000000 0.000000000 0.000000000 0.985189260 -0.120731990 -0.119553480 -0.074438130 -0.939022660 0.334893470 -0.152713840 -0.321145800 -0.934411410 -0.437578620 -0.348479510 0.174512890
0.000000000 0.914062500 1.218750000 0.500000000 0.500000000 0.000000000 0.000000000 0.985197010 -0.120850740 -0.119368110 -0.074630510 -0.939047570 0.334780340 -0.152568830 -0.321027820 -0.934475480 -0.437551980 -0.348501620 0.174483760
0.000000000 0.914062500 1.218750000 0.500000000 0.500000000 0.000000000 0.000000000 0.985734160 -0.109641290 -0.125593450 -0.063055630 -0.942356940 0.327788140 -0.154311430 -0.315303150 -0.936136780 -0.444225850 -0.352713260 0.177785780
0.000000000 0.914062500 1.218750000 0.500000000 0.500000000 0.000000000 0.000000000 0.985095200 -0.099049980 -0.138722180 -0.050403210 -0.946494640 0.317907010 -0.162808720 -0.306285230 -0.937689900 -0.449917970 -0.356650410 0.180719610
0.000000000 0.914062500 1.218750000 0.500000000 0.500000000 0.000000000 0.000000000 0.984422330 -0.084921250 -0.152214240 -0.034219480 -0.950214560 0.308834220 -0.170884710 -0.298921670 -0.938628380 -0.456693860 -0.360153790 0.183829810
0.000000000 0.914062500 1.218750000 0.500000000 0.500000000 0.000000000 0.000000000 0.984385070 -0.084910030 -0.152461290 -0.034161230 -0.950267490 0.308677670 -0.171110850 -0.298756420 -0.938639700 -0.456571520 -0.360116420 0.183749150
0.000000000 0.914062500 1.218750000 0.500000000 0.500000000 0.000000000 0.000000000 0.983857990 -0.075284610 -0.160699020 -0.023850770 -0.953186990 0.300537680 -0.175825070 -0.291959140 -0.939906180 -0.462024420 -0.363197920 0.188209610
0.000000000 0.914062500 1.218750000 0.500000000 0.500000000 0.000000000 0.000000000 0.983255330 -0.062340840 -0.169680480 -0.011183740 -0.957577710 0.287014040 -0.180398870 -0.280413450 -0.942550600 -0.466314260 -0.365423950 0.190970730
0.000000000 0.914062500 1.218750000 0.500000000 0.500000000 0.000000000 0.000000000 0.983209790 -0.062545130 -0.169868080 -0.011338540 -0.957591770 0.286960810 -0.180636260 -0.280319660 -0.942532900 -0.466164650 -0.365409170 0.190931600
0.000000000 0.914062500 1.218750000 0.500000000 0.500000000 0.000000000 0.000000000 0.982359170 -0.047096770 -0.179503170 0.004349970 -0.960888620 0.275919140 -0.185502370 -0.271933700 -0.944042980 -0.470756230 -0.367537890 0.194683950
0.000000000 0.914062500 1.218750000 0.500000000 0.500000000 0.000000000 0.000000000 0.981700540 -0.029596350 -0.186700030 0.021125010 -0.964037180 0.263900400 -0.187821660 -0.263114510 -0.946080980 -0.474002150 -0.369187740 0.197215440
0.000000000 0.914062500 1.218750000 0.500000000 0.500000000 0.000000000 0.000000000 0.979412440 -0.010852390 -0.200256450 0.041075540 -0.966247620 0.253251110 -0.196272850 -0.256360710 -0.946219090 -0.477670910 -0.371074260 0.201362130
0.000000000 0.914062500 1.218750000 0.500000000 0.500000000 0.000000000 0.000000000 0.977146740 0.007137540 -0.211192980 0.059760400 -0.967705670 0.243787870 -0.202661070 -0.250934000 -0.946326790 -0.481181200 -0.372700330 0.205478820
0.000000000 0.914062500 1.218750000 0.500000000 0.500000000 0.000000000 0.000000000 0.977052870 0.007005040 -0.211631160 0.059787660 -0.967652800 0.243990090 -0.203104910 -0.251140710 -0.946176650 -0.481184840 -0.372703910 0.205667560
0.000000000 0.914062500 1.218750000 0.500000000 0.500000000 0.000000000 0.000000000 0.975142060 0.024989790 -0.218957660 0.077749360 -0.968424380 0.235726650 -0.206182390 -0.246986450 -0.946604130 -0.483920160 -0.374293450 0.209763060
0.000000000 0.914062500 1.218750000 0.500000000 0.500000000 0.000000000 0.000000000 0.971508200 0.043145830 -0.231904160 0.097466130 -0.968462770 0.228118910 -0.214779180 -0.244317200 -0.945384030 -0.485256460 -0.375630620 0.213927130
0.000000000 0.914062500 1.218750000 0.500000000 0.500000000 0.000000000 0.000000000 0.966005330 0.061897490 -0.249945390 0.118744760 -0.968155620 0.219162700 -0.228454350 -0.241486300 -0.942901670 -0.486802010 -0.376812160 0.218220490
0.000000000 0.914062500 1.218750000 0.500000000 0.500000000 0.000000000 0.000000000 0.965834020 0.061945910 -0.250594350 0.119026140 -0.968059240 0.219435080 -0.229031210 -0.241859470 -0.942665870 -0.486967360 -0.376755060 0.218410330
0.000000000 0.914062500 1.218750000 0.500000000 0.500000000 0.000000000 0.000000000 0.960084140 0.080527190 -0.266879890 0.139733020 -0.967204330 0.210827350 -0.241186780 -0.239797620 -0.940156760 -0.487898950 -0.377694370 0.223352790
0.000000000 0.914062500 1.218750000 0.500000000 0.500000000 0.000000000 0.000000000 0.953641590 0.100747820 -0.282646450 0.161439990 -0.966054500 0.200333700 -0.252907960 -0.236769940 -0.937840520 -0.489381760 -0.378282730 0.228689860
0.000000000 0.914062500 1.218750000 0.500000000 0.500000000 0.000000000 0.000000000 0.946589770 0.118894710 -0.298837600 0.181117300 -0.964675840 0.189881640 -0.265747550 -0.233956860 -0.934991060 -0.488822070 -0.378427480 0.233805670
0.000000000 0.914062500 1.218750000 0.500000000 0.500000000 0.000000000 0.000000000 0.946431460 0.119002950 -0.299295400 0.181341680 -0.964635490 0.189872060 -0.266157780 -0.234067840 -0.934846460 -0.488827820 -0.378421750 0.233861040
0.000000000 0.914062500 1.218750000 0.500000000 0.500000000 0.000000000 0.000000000 0.940654700 0.136606650 -0.309805010 0.199391040 -0.962806280 0.180844890 -0.273621440 -0.231976720 -0.933210790 -0.488238870 -0.378158810 0.238702650
0.000000000 0.914062500 1.218750000 0.500000000 0.500000000 0.000000000 0.000000000 0.933357830 0.156690700 -0.322123350 0.220880810 -0.959506750 0.173252820 -0.281978130 -0.232949640 -0.930476310 -0.485982300 -0.377444740 0.243948000
0.000000000 0.914062500 1.218750000 0.500000000 0.500000000 0.000000000 0.000000000 0.924703240 0.176258970 -0.336644590 0.243188380 -0.955047190 0.167935790 -0.291959110 -0.237251460 -0.926301180 -0.481888410 -0.376261920 0.249196230
0.000000000 0.914062500 1.218750000 0.500000000 0.500000000 0.000000000 0.000000000 0.915913050 0.196690830 -0.349126130 0.265554310 -0.950220050 0.161310790 -0.300067840 -0.240551810 -0.922851680 -0.478918340 -0.374978510 0.254329060
0.000000000 0.914062500 1.218750000 0.500000000 0.500000000 0.000000000 0.000000000 0.915655140 0.196471860 -0.349924650 0.265502630 -0.950255510 0.161186290 -0.300899000 -0.240590210 -0.922570940 -0.478832780 -0.374968890 0.254260990
0.000000000 0.914062500 1.218750000 0.500000000 0.500000000 0.000000000 0.000000000 0.904298540 0.217470290 -0.366638930 0.290101800 -0.943976760 0.155585890 -0.312315520 -0.247153210 -0.917024610 -0.475505140 -0.373759540 0.259453450
0.000000000 0.914062500 1.218750000 0.500000000 0.500000000 0.000000000 0.000000000 0.893747870 0.230682520 -0.384023930 0.306749280 -0.939702570 0.149404670 -0.326458630 -0.251424370 -0.910916150 -0.469318360 -0.372571920 0.263149320
0.000000000 0.914062500 1.218750000 0.500000000 0.500000000 0.000000000 0.000000000 0.880142030 0.244656460 -0.406163420 0.325500190 -0.934461180 0.142442600 -0.344753770 -0.257672220 -0.902388810 -0.464831080 -0.371710480 0.265765250
0.000000000 0.914062500 1.218750000 0.500000000 0.500000000 0.000000000 0.000000000 0.879713710 0.244830980 -0.406984840 0.325946960 -0.934300660 0.142474000 -0.345423730 -0.258088140 -0.902013540 -0.464941800 -0.371696230 0.265961020
0.000000000 0.914062500 1.218750000 0.500000000 0.500000000 0.000000000 0.000000000 0.864035310 0.256332370 -0.432681800 0.343863190 -0.928765650 0.136420700 -0.366955190 -0.266753440 -0.890920580 -0.457926930 -0.371070500 0.267560090
0.000000000 0.914062500 1.218750000 0.500000000 0.500000000 0.000000000 0.000000000 0.846090320 0.263842340 -0.462598890 0.358748730 -0.924181700 0.129018630 -0.393554870 -0.275217210 -0.876880760 -0.451538210 -0.371015340 0.268557160
0.000000000 0.914062500 1.218750000 0.500000000 0.500000000 0.000000000 0.000000000 0.829668820 0.268410740 -0.488965420 0.369799320 -0.920773390 0.121997580 -0.417556230 -0.282136620 -0.863477110 -0.444462270 -0.371173980 0.269057150
