0.000000000 0.914062500 1.218750000 0.500000000 0.500000000 0.000000000 0.000000000 0.867832300 -0.476520090 0.140415800 -0.496017550 -0.846800450 0.191857500 0.027482890 -0.236157750 -0.971287910 0.440749410 -0.738718810 0.846667530
0.000000000 0.914062500 1.218750000 0.500000000 0.500000000 0.000000000 0.000000000 0.864263470 -0.482787790 0.141015860 -0.502257290 -0.843263210 0.191202540 0.026605910 -0.236084540 -0.971330110 0.452754290 -0.741259340 0.845792470
0.000000000 0.914062500 1.218750000 0.500000000 0.500000000 0.000000000 0.000000000 0.860149200 -0.489100220 0.144378320 -0.509262320 -0.838676390 0.192839880 0.026771390 -0.239406600 -0.970512090 0.468631950 -0.746046360 0.844903050
0.000000000 0.914062500 1.218750000 0.500000000 0.500000000 0.000000000 0.000000000 0.856699760 -0.494079770 0.147889870 -0.514952120 -0.835300390 0.192382470 0.028482960 -0.240979370 -0.970074000 0.484315960 -0.751316490 0.846160170
0.000000000 0.914062500 1.218750000 0.500000000 0.500000000 0.000000000 0.000000000 0.852735040 -0.498194190 0.156734940 -0.521001100 -0.832341850 0.188886580 0.036358030 -0.242738570 -0.969371860 0.501067820 -0.757763740 0.845326780
0.000000000 0.914062500 1.218750000 0.500000000 0.500000000 0.000000000 0.000000000 0.851790190 -0.496826830 0.165941830 -0.521855290 -0.832225620 0.187031400 0.045182380 -0.245918540 -0.968198480 0.515951690 -0.763413910 0.843517540
0.000000000 0.914062500 1.218750000 0.500000000 0.500000000 0.000000000 0.000000000 0.852442500 -0.492878230 0.174163130 -0.520214560 -0.832585510 0.189977540 0.051373720 -0.252556860 -0.966178660 0.528545020 -0.769126770 0.845498560
0.000000000 0.914062500 1.218750000 0.500000000 0.500000000 0.000000000 0.000000000 0.850379940 -0.493642390 0.181909530 -0.523110390 -0.830166280 0.192594560 0.055946350 -0.258947310 -0.964231010 0.541099310 -0.775869610 0.849601980
0.000000000 0.914062500 1.218750000 0.500000000 0.500000000 0.000000000 0.000000000 0.846724630 -0.498533490 0.185584190 -0.528964520 -0.826005760 0.194484310 0.056340680 -0.262852340 -0.963150860 0.554555830 -0.783257370 0.855194930
0.000000000 0.914062500 1.218750000 0.500000000 0.500000000 0.000000000 0.000000000 0.844865860 -0.500972450 0.187477710 -0.531822090 -0.824275730 0.194030140 0.057333640 -0.263644490 -0.962875660 0.569542590 -0.789961520 0.851240690
0.000000000 0.914062500 1.218750000 0.500000000 0.500000000 0.000000000 0.000000000 0.844725130 -0.499440280 0.192142280 -0.531730470 -0.823769870 0.196415080 0.060187620 -0.268095050 -0.961471500 0.584888700 -0.798131050 0.853342470
0.000000000 0.914062500 1.218750000 0.500000000 0.500000000 0.000000000 0.000000000 0.846032800 -0.495533380 0.196456000 -0.529145960 -0.825261650 0.197130840 0.064447110 -0.270743520 -0.960452620 0.598593410 -0.805904330 0.854509650
0.000000000 0.914062500 1.218750000 0.500000000 0.500000000 0.000000000 0.000000000 0.848178150 -0.490868600 0.198900640 -0.525651630 -0.826151790 0.202672720 0.064840880 -0.276465740 -0.958794650 0.609658000 -0.813157980 0.858598710
0.000000000 0.914062500 1.218750000 0.500000000 0.500000000 0.000000000 0.000000000 0.847969060 -0.491486550 0.198264330 -0.526493910 -0.824008170 0.209110740 0.060600580 -0.281715360 -0.957543080 0.622528310 -0.821067270 0.862418890
0.000000000 0.914062500 1.218750000 0.500000000 0.500000000 0.000000000 0.000000000 0.847098410 -0.493909480 0.195951360 -0.528540190 -0.821153520 0.215092200 0.054674130 -0.285783560 -0.956693890 0.635691230 -0.829792920 0.864295540
0.000000000 0.914062500 1.218750000 0.500000000 0.500000000 0.000000000 0.000000000 0.847914640 -0.493074720 0.194517880 -0.527637060 -0.820175650 0.220960840 0.050592530 -0.290001990 -0.955648360 0.650532720 -0.839010720 0.868158340
0.000000000 0.914062500 1.218750000 0.500000000 0.500000000 0.000000000 0.000000000 0.850280940 -0.488258210 0.196330280 -0.523651180 -0.822037940 0.223507750 0.052265440 -0.292864260 -0.954684970 0.662551340 -0.846861120 0.872621480
0.000000000 0.914062500 1.218750000 0.500000000 0.500000000 0.000000000 0.000000000 0.851891880 -0.485470710 0.196259770 -0.521000440 -0.823398830 0.224689720 0.052523800 -0.293674080 -0.954421820 0.675377960 -0.855696680 0.877675350
0.000000000 0.914062500 1.218750000 0.500000000 0.500000000 0.000000000 0.000000000 0.853063520 -0.485523820 0.190967980 -0.519706490 -0.822988090 0.229147110 0.045911760 -0.294735640 -0.954435410 0.686648310 -0.863349680 0.878885270
0.000000000 0.914062500 1.218750000 0.500000000 0.500000000 0.000000000 0.000000000 0.851294100 -0.491406380 0.183677760 -0.523568810 -0.817894040 0.238406940 0.033077500 -0.299133810 -0.953597610 0.698481320 -0.871283590 0.881388250
0.000000000 0.914062500 1.218750000 0.500000000 0.500000000 0.000000000 0.000000000 0.847751440 -0.499378680 0.178487660 -0.529835460 -0.811920820 0.244891730 0.022626930 -0.302187890 -0.952939630 0.711254420 -0.880386290 0.880874870
0.000000000 0.914062500 1.218750000 0.500000000 0.500000000 0.000000000 0.000000000 0.846715810 -0.500662620 0.179800870 -0.531524720 -0.810040410 0.247444780 0.021762410 -0.305095610 -0.952032740 0.723901090 -0.888912380 0.879513500
0.000000000 0.914062500 1.218750000 0.500000000 0.500000000 0.000000000 0.000000000 0.847527440 -0.497482690 0.184735670 -0.530111190 -0.809721590 0.251487230 0.024476850 -0.311084600 -0.950026570 0.733936250 -0.897466540 0.883157730
0.000000000 0.914062500 1.218750000 0.500000000 0.500000000 0.000000000 0.000000000 0.847170530 -0.498269710 0.184250520 -0.530812560 -0.807929400 0.255735700 0.021438830 -0.314466180 -0.948985990 0.745068250 -0.907246890 0.889485420
0.000000000 0.914062500 1.218750000 0.500000000 0.500000000 0.000000000 0.000000000 0.845530690 -0.501988830 0.181669500 -0.533561890 -0.805834290 0.256623240 0.017576140 -0.313926670 -0.949244020 0.756542440 -0.916022000 0.890667140
0.000000000 0.914062500 1.218750000 0.500000000 0.500000000 0.000000000 0.000000000 0.844178970 -0.503743050 0.183094010 -0.535714750 -0.803857560 0.258331540 0.017051410 -0.316176180 -0.948506710 0.766648170 -0.923246620 0.891654970
0.000000000 0.914062500 1.218750000 0.500000000 0.500000000 0.000000000 0.000000000 0.842997010 -0.504843120 0.185493320 -0.537535730 -0.802473250 0.258852510 0.018176100 -0.317933200 -0.947898150 0.779101010 -0.932840880 0.896898150
0.000000000 0.914062500 1.218750000 0.500000000 0.500000000 0.000000000 0.000000000 0.842718900 -0.504429040 0.187868420 -0.537827130 -0.803348540 0.255510270 0.022039760 -0.316376060 -0.948337080 0.788101550 -0.941212240 0.896729230
0.000000000 0.914062500 1.218750000 0.500000000 0.500000000 0.000000000 0.000000000 0.842838110 -0.502966940 0.191223560 -0.537505270 -0.803544700 0.255570290 0.025116140 -0.318200080 -0.947650020 0.798096480 -0.950061560 0.899721320
0.000000000 0.914062500 1.218750000 0.500000000 0.500000000 0.000000000 0.000000000 0.840464770 -0.505507050 0.194935130 -0.541085480 -0.801509380 0.254404040 0.027642270 -0.319306280 -0.947207510 0.807114300 -0.959448160 0.903374370
0.000000000 0.914062500 1.218750000 0.500000000 0.500000000 0.000000000 0.000000000 0.835632210 -0.510889170 0.201566410 -0.548241200 -0.797783080 0.250770300 0.032693640 -0.320070890 -0.946788490 0.820265470 -0.970579680 0.905095930
0.000000000 0.914062500 1.218750000 0.500000000 0.500000000 0.000000000 0.000000000 0.831364150 -0.514820160 0.209073770 -0.554340060 -0.794308250 0.248381530 0.038200620 -0.322405700 -0.945789690 0.832274910 -0.981737790 0.905446470
0.000000000 0.914062500 1.218750000 0.500000000 0.500000000 0.000000000 0.000000000 0.826781330 -0.520430270 0.213314030 -0.561090050 -0.789523660 0.248479740 0.039103550 -0.325139110 -0.944816470 0.843515810 -0.994630930 0.911611200
0.000000000 0.914062500 1.218750000 0.500000000 0.500000000 0.000000000 0.000000000 0.820105080 -0.530077700 0.215320480 -0.570870220 -0.783192520 0.246228470 0.038120570 -0.324865640 -0.944950760 0.854484500 -1.006200800 0.911966560
0.000000000 0.914062500 1.218750000 0.500000000 0.500000000 0.000000000 0.000000000 0.811278400 -0.541468440 0.220356720 -0.583341780 -0.774446730 0.244655890 0.038184510 -0.327039750 -0.944197830 0.867379720 -1.020374300 0.915195520
0.000000000 0.914062500 1.218750000 0.500000000 0.500000000 0.000000000 0.000000000 0.806007030 -0.548427220 0.222481800 -0.590551910 -0.770020540 0.241306140 0.038980140 -0.325893910 -0.944561420 0.879493470 -1.031885300 0.914629220
0.000000000 0.914062500 1.218750000 0.500000000 0.500000000 0.000000000 0.000000000 0.801504670 -0.552704690 0.228091250 -0.596421960 -0.766019940 0.239595580 0.042300430 -0.328088070 -0.943658470 0.890134930 -1.043206300 0.914132180
0.000000000 0.914062500 1.218750000 0.500000000 0.500000000 0.000000000 0.000000000 0.793583450 -0.560765800 0.235975980 -0.606844720 -0.757252810 0.241287160 0.043391520 -0.334695040 -0.941285850 0.899173860 -1.056774900 0.922018890
0.000000000 0.914062500 1.218750000 0.500000000 0.500000000 0.000000000 0.000000000 0.786490920 -0.570738380 0.235811770 -0.616378900 -0.748882470 0.243235890 0.037774690 -0.336665090 -0.940825280 0.912009060 -1.071490800 0.925800440
0.000000000 0.914062500 1.218750000 0.500000000 0.500000000 0.000000000 0.000000000 0.781573710 -0.576877240 0.237218200 -0.622782950 -0.742858590 0.245385570 0.034665550 -0.339535330 -0.939912970 0.921420040 -1.083424400 0.928098560
0.000000000 0.914062500 1.218750000 0.500000000 0.500000000 0.000000000 0.000000000 0.775239350 -0.583798890 0.241038930 -0.630681690 -0.736113670 0.245537820 0.034090660 -0.342382490 -0.938900470 0.929946780 -1.096753400 0.933938380
0.000000000 0.914062500 1.218750000 0.500000000 0.500000000 0.000000000 0.000000000 0.769535900 -0.589837370 0.244587870 -0.637566690 -0.730886100 0.243363430 0.035224380 -0.343231050 -0.938548740 0.940381230 -1.109670300 0.937572720
0.000000000 0.914062500 1.218750000 0.500000000 0.500000000 0.000000000 0.000000000 0.765431640 -0.593514080 0.248540090 -0.642497780 -0.726013180 0.244975660 0.035050200 -0.347211810 -0.937089860 0.948676110 -1.121961200 0.942332570
0.000000000 0.914062500 1.218750000 0.500000000 0.500000000 0.000000000 0.000000000 0.757414700 -0.602335210 0.251856830 -0.652102830 -0.716667000 0.247107250 0.031659290 -0.351412590 -0.935643430 0.955167650 -1.135283800 0.951971410
0.000000000 0.914062500 1.218750000 0.500000000 0.500000000 0.000000000 0.000000000 0.747501910 -0.613346580 0.254879090 -0.663482370 -0.707326590 0.243703860 0.030810980 -0.351290230 -0.935717580 0.964396240 -1.148546800 0.953006980
0.000000000 0.914062500 1.218750000 0.500000000 0.500000000 0.000000000 0.000000000 0.738485870 -0.620795970 0.262997390 -0.673282800 -0.699468790 0.239467980 0.035301060 -0.353928830 -0.934563930 0.969070610 -1.160942300 0.957593680
0.000000000 0.914062500 1.218750000 0.500000000 0.500000000 0.000000000 0.000000000 0.729992690 -0.627439200 0.270826730 -0.682152810 -0.692877350 0.233451500 0.041176700 -0.355176780 -0.933849810 0.975927000 -1.174878200 0.965136050
0.000000000 0.914062500 1.218750000 0.500000000 0.500000000 0.000000000 0.000000000 0.724393250 -0.632400930 0.274298010 -0.687954720 -0.688337860 0.229826150 0.043471110 -0.355202880 -0.933735850 0.978088200 -1.184463600 0.967542890
0.000000000 0.914062500 1.218750000 0.500000000 0.500000000 0.000000000 0.000000000 0.716863040 -0.639106930 0.278505300 -0.695881010 -0.680103000 0.230478360 0.042115640 -0.359041960 -0.932328460 0.983495530 -1.197925900 0.973654870
0.000000000 0.914062500 1.218750000 0.500000000 0.500000000 0.000000000 0.000000000 0.710639240 -0.645117640 0.280589190 -0.702396570 -0.672944960 0.231721190 0.039337230 -0.361769230 -0.931395050 0.985963170 -1.210686200 0.982610880
0.000000000 0.914062500 1.218750000 0.500000000 0.500000000 0.000000000 0.000000000 0.706649660 -0.648519280 0.282814470 -0.706084610 -0.671742620 0.223867670 0.044799860 -0.357901070 -0.932641860 0.988654140 -1.219428200 0.981795790
0.000000000 0.914062500 1.218750000 0.500000000 0.500000000 0.000000000 0.000000000 0.702206370 -0.649404700 0.291709450 -0.709944840 -0.669231240 0.219130410 0.052920950 -0.360986710 -0.931025920 0.988302410 -1.228744700 0.986495610
0.000000000 0.914062500 1.218750000 0.500000000 0.500000000 0.000000000 0.000000000 0.697740730 -0.651395200 0.297920500 -0.714072410 -0.665269490 0.217778210 0.056342100 -0.364704010 -0.929374870 0.987734790 -1.238635800 0.993742640
0.000000000 0.914062500 1.218750000 0.500000000 0.500000000 0.000000000 0.000000000 0.694272640 -0.653435470 0.301532690 -0.717352870 -0.661847650 0.217423320 0.057500970 -0.367270950 -0.928292510 0.987608310 -1.248611200 0.997077410
0.000000000 0.914062500 1.218750000 0.500000000 0.500000000 0.000000000 0.000000000 0.684248920 -0.660208520 0.309584290 -0.726790490 -0.651893730 0.216148990 0.059117110 -0.372917410 -0.925936880 0.987979470 -1.271019700 1.005779400
0.000000000 0.914062500 1.218750000 0.500000000 0.500000000 0.000000000 0.000000000 0.680592360 -0.663065730 0.311531570 -0.730525260 -0.646254600 0.220449610 0.055160430 -0.377632920 -0.924268190 0.984270690 -1.280893000 1.010260700
0.000000000 0.914062500 1.218750000 0.500000000 0.500000000 0.000000000 0.000000000 0.677227970 -0.665132940 0.314442960 -0.733849760 -0.641120670 0.224363130 0.052368770 -0.382713910 -0.922338490 0.983246980 -1.292201500 1.013251500
0.000000000 0.914062500 1.218750000 0.500000000 0.500000000 0.000000000 0.000000000 0.673820260 -0.666772480 0.318267230 -0.737108050 -0.636127830 0.227865430 0.050528420 -0.388153020 -0.920165420 0.977515460 -1.300856600 1.018668400
0.000000000 0.914062500 1.218750000 0.500000000 0.500000000 0.000000000 0.000000000 0.667926730 -0.670324800 0.323189740 -0.742420850 -0.629987060 0.227677600 0.050991670 -0.392030300 -0.918494520 0.974497380 -1.312321300 1.024596700
0.000000000 0.914062500 1.218750000 0.500000000 0.500000000 0.000000000 0.000000000 0.661962030 -0.672880710 0.330076660 -0.747421740 -0.625289860 0.224238020 0.055512620 -0.395159240 -0.916889970 0.965416550 -1.332252300 1.035810000
0.000000000 0.914062500 1.218750000 0.500000000 0.500000000 0.000000000 0.000000000 0.658617260 -0.675611850 0.331186680 -0.750339510 -0.622462210 0.222352530 0.055931700 -0.394963470 -0.916948850 0.958768780 -1.339733200 1.040333400
0.000000000 0.914062500 1.218750000 0.500000000 0.500000000 0.000000000 0.000000000 0.651517750 -0.681521120 0.333115760 -0.756830220 -0.613767390 0.224514290 0.051448740 -0.398403140 -0.915722310 0.953251600 -1.348881100 1.048820600
0.000000000 0.914062500 1.218750000 0.500000000 0.500000000 0.000000000 0.000000000 0.643393100 -0.690166770 0.331100170 -0.764128510 -0.604751470 0.224258530 0.045461650 -0.397305520 -0.916515410 0.947230340 -1.359320600 1.052532300
0.000000000 0.914062500 1.218750000 0.500000000 0.500000000 0.000000000 0.000000000 0.637069940 -0.696322440 0.330437600 -0.769514680 -0.598888280 0.221559360 0.043622450 -0.395441320 -0.917410490 0.937736330 -1.368956400 1.056680700
0.000000000 0.914062500 1.218750000 0.500000000 0.500000000 0.000000000 0.000000000 0.630020800 -0.701320890 0.333368360 -0.774942460 -0.595218960 0.212337330 0.049514760 -0.392134130 -0.918530230 0.929000850 -1.377541400 1.058729500
0.000000000 0.914062500 1.218750000 0.500000000 0.500000000 0.000000000 0.000000000 0.617105900 -0.708455440 0.342319940 -0.784618620 -0.586637790 0.200345220 0.058886780 -0.392240730 -0.917931440 0.909362440 -1.397186900 1.070504100
0.000000000 0.914062500 1.218750000 0.500000000 0.500000000 0.000000000 0.000000000 0.610604170 -0.714272140 0.341890600 -0.789896790 -0.579921840 0.199152590 0.056025150 -0.391677590 -0.918350760 0.896848560 -1.405107700 1.075750200
0.000000000 0.914062500 1.218750000 0.500000000 0.500000000 0.000000000 0.000000000 0.598797440 -0.723922430 0.342474370 -0.799033700 -0.568806050 0.194712310 0.053849180 -0.390257660 -0.919085090 0.885434690 -1.413695600 1.076777500
0.000000000 0.914062500 1.218750000 0.500000000 0.500000000 0.000000000 0.000000000 0.588498120 -0.731894970 0.343380510 -0.806787010 -0.558862450 0.191507980 0.051742980 -0.389753010 -0.919420120 0.873523180 -1.422207800 1.077264900
0.000000000 0.914062500 1.218750000 0.500000000 0.500000000 0.000000000 0.000000000 0.578223230 -0.738830800 0.345972630 -0.814248380 -0.548987630 0.188466950 0.050693710 -0.390699740 -0.919076680 0.861736300 -1.432710600 1.080853700
0.000000000 0.914062500 1.218750000 0.500000000 0.500000000 0.000000000 0.000000000 0.566630300 -0.747241380 0.347088310 -0.822543500 -0.537365320 0.185925540 0.047586000 -0.390862410 -0.919173480 0.850228130 -1.442634200 1.083594800
0.000000000 0.914062500 1.218750000 0.500000000 0.500000000 0.000000000 0.000000000 0.546209690 -0.763006930 0.345520850 -0.836699430 -0.516112630 0.182946460 0.038741900 -0.389040380 -0.920360920 0.826318980 -1.460990100 1.081800100
0.000000000 0.914062500 1.218750000 0.500000000 0.500000000 0.000000000 0.000000000 0.538028240 -0.766894400 0.349725250 -0.842110990 -0.506738250 0.184318010 0.035870260 -0.393692050 -0.918497440 0.813952210 -1.470102400 1.084301900
0.000000000 0.914062500 1.218750000 0.500000000 0.500000000 0.000000000 0.000000000 0.528853180 -0.771219850 0.354179560 -0.847917910 -0.497634620 0.182490300 0.035515420 -0.396842240 -0.917154490 0.801652370 -1.479052100 1.087897900
0.000000000 0.914062500 1.218750000 0.500000000 0.500000000 0.000000000 0.000000000 0.519407450 -0.775696690 0.358356030 -0.853642940 -0.489560570 0.177572000 0.037698640 -0.398156940 -0.916497350 0.791196640 -1.487428300 1.088498800
0.000000000 0.914062500 1.218750000 0.500000000 0.500000000 0.000000000 0.000000000 0.498504010 -0.787452880 0.362380530 -0.866283710 -0.467483520 0.175839040 0.030945320 -0.401597620 -0.915248040 0.766579270 -1.509083600 1.098267000
0.000000000 0.914062500 1.218750000 0.500000000 0.500000000 0.000000000 0.000000000 0.487456140 -0.793361490 0.364515660 -0.872597810 -0.456793460 0.172686140 0.029509080 -0.402269360 -0.915000380 0.753574190 -1.514574300 1.097125900
0.000000000 0.914062500 1.218750000 0.500000000 0.500000000 0.000000000 0.000000000 0.474019530 -0.798846780 0.370211570 -0.880034510 -0.442995700 0.170885640 0.027493840 -0.406819130 -0.913049460 0.740344290 -1.524132100 1.099655200
0.000000000 0.914062500 1.218750000 0.500000000 0.500000000 0.000000000 0.000000000 0.461971250 -0.803953710 0.374363540 -0.886472520 -0.430840730 0.168672290 0.025689450 -0.409801960 -0.911767180 0.725984870 -1.533867600 1.101961700
0.000000000 0.914062500 1.218750000 0.500000000 0.500000000 0.000000000 0.000000000 0.452564030 -0.807426690 0.378358160 -0.891287210 -0.422239600 0.165010440 0.026527120 -0.411920880 -0.910787640 0.711866200 -1.540628400 1.100550400
0.000000000 0.914062500 1.218750000 0.500000000 0.500000000 0.000000000 0.000000000 0.440335540 -0.810683910 0.385749940 -0.897454320 -0.409102800 0.164676820 0.024313620 -0.418723550 -0.907742200 0.697611750 -1.554339800 1.108470400
