0.000000000 0.914062500 1.218750000 0.500000000 0.500000000 0.000000000 0.000000000 0.999351080 0.031508940 -0.015576080 0.033912840 -0.980830670 0.191704590 -0.009237510 -0.192116530 -0.981301370 -0.123233610 0.988705750 1.120696700
0.000000000 0.914062500 1.218750000 0.500000000 0.500000000 0.000000000 0.000000000 0.999008890 0.039456820 -0.019026890 0.042411760 -0.979889630 0.194799510 -0.010958550 -0.195421650 -0.980630520 -0.136318220 0.988546250 1.122137200
0.000000000 0.914062500 1.218750000 0.500000000 0.500000000 0.000000000 0.000000000 0.998986420 0.040283330 -0.018463760 0.043135580 -0.979411780 0.197030620 -0.010147020 -0.197635680 -0.980195340 -0.136108030 0.989466370 1.122399400
0.000000000 0.914062500 1.218750000 0.500000000 0.500000000 0.000000000 0.000000000 0.999015510 0.038503610 -0.020563520 0.041749350 -0.980342630 0.192650120 -0.012742100 -0.193327260 -0.981023910 -0.136539090 0.989834250 1.121119400
0.000000000 0.914062500 1.218750000 0.500000000 0.500000000 0.000000000 0.000000000 0.999033390 0.037677180 -0.021205910 0.041076630 -0.980170130 0.193669510 -0.013489040 -0.194361760 -0.980809450 -0.134944960 0.989592430 1.122870100
0.000000000 0.914062500 1.218750000 0.500000000 0.500000000 0.000000000 0.000000000 0.998969500 0.039576580 -0.020752900 0.042838570 -0.980300430 0.192625780 -0.012721140 -0.193324670 -0.981024680 -0.136425540 0.990439710 1.122669200
0.000000000 0.914062500 1.218750000 0.500000000 0.500000000 0.000000000 0.000000000 0.999041200 0.037763430 -0.020682080 0.041055680 -0.980226520 0.193387810 -0.012970680 -0.194059920 -0.980876090 -0.136446240 0.989137950 1.121368500
0.000000000 0.914062500 1.218750000 0.500000000 0.500000000 0.000000000 0.000000000 0.999069270 0.037589000 -0.019605130 0.040680390 -0.980163100 0.193787600 -0.011932460 -0.194413270 -0.980819280 -0.136952910 0.989437280 1.121168600
0.000000000 0.914062500 1.218750000 0.500000000 0.500000000 0.000000000 0.000000000 0.999063070 0.038234640 -0.018644950 0.041126300 -0.980158750 0.193715240 -0.010868860 -0.194309010 -0.980852310 -0.136865720 0.988546130 1.122393000
0.000000000 0.914062500 1.218750000 0.500000000 0.500000000 0.000000000 0.000000000 0.999077260 0.038886810 -0.016411870 0.041348000 -0.979788360 0.195532920 -0.008476920 -0.196039570 -0.980531390 -0.138857900 0.988528130 1.122363000
0.000000000 0.914062500 1.218750000 0.500000000 0.500000000 0.000000000 0.000000000 0.999132750 0.038802960 -0.012839420 0.040575450 -0.979429190 0.197484050 -0.004912640 -0.197842270 -0.980193380 -0.139146400 0.988053920 1.122789500
0.000000000 0.914062500 1.218750000 0.500000000 0.500000000 0.000000000 0.000000000 0.999178830 0.037956620 -0.011735430 0.039524160 -0.979630410 0.196697040 -0.004030700 -0.197007860 -0.980365400 -0.141400340 0.986696960 1.123078000
0.000000000 0.914062500 1.218750000 0.500000000 0.500000000 0.000000000 0.000000000 0.999249880 0.035761220 -0.012545880 0.037536260 -0.979525090 0.197608830 -0.005222590 -0.197940050 -0.980171860 -0.139131200 0.986521300 1.122391000
0.000000000 0.914062500 1.218750000 0.500000000 0.500000000 0.000000000 0.000000000 0.999179780 0.037599840 -0.012746950 0.039382320 -0.979298950 0.198368520 -0.005024750 -0.198716360 -0.980015750 -0.141580980 0.985415880 1.122006300
0.000000000 0.914062500 1.218750000 0.500000000 0.500000000 0.000000000 0.000000000 0.999203620 0.036891260 -0.012943890 0.038725330 -0.979385790 0.198068740 -0.005370370 -0.198420730 -0.980073690 -0.141092140 0.983608660 1.121213700
0.000000000 0.914062500 1.218750000 0.500000000 0.500000000 0.000000000 0.000000000 0.999256730 0.035758600 -0.011997280 0.037435320 -0.979091580 0.199763980 -0.004603450 -0.200073120 -0.979741570 -0.139352740 0.981844190 1.121053300
0.000000000 0.914062500 1.218750000 0.500000000 0.500000000 0.000000000 0.000000000 0.999367120 0.030578720 -0.016322330 0.033191790 -0.979917880 0.196434080 -0.009988310 -0.196860020 -0.980352100 -0.135806830 0.977999750 1.118425000
0.000000000 0.914062500 1.218750000 0.500000000 0.500000000 0.000000000 0.000000000 0.999472080 0.026456750 -0.017074970 0.029305890 -0.979909900 0.197091120 -0.011518060 -0.197495970 -0.980207320 -0.134975460 0.974850540 1.115723400
0.000000000 0.914062500 1.218750000 0.500000000 0.500000000 0.000000000 0.000000000 0.999579670 0.020544400 -0.018817460 0.023991940 -0.978093740 0.206600740 -0.014161370 -0.206974100 -0.978215040 -0.131522510 0.967150150 1.118927500
0.000000000 0.914062500 1.218750000 0.500000000 0.500000000 0.000000000 0.000000000 0.999502900 0.021810180 -0.021301130 0.025819090 -0.977094530 0.211060020 -0.016210650 -0.211513940 -0.977211480 -0.131717410 0.963435770 1.121807100
0.000000000 0.914062500 1.218750000 0.500000000 0.500000000 0.000000000 0.000000000 0.999369740 0.022287520 -0.026433050 0.027487670 -0.975875620 0.216420220 -0.020972740 -0.217019410 -0.975912750 -0.131085350 0.956417200 1.123045200
0.000000000 0.914062500 1.218750000 0.500000000 0.500000000 0.000000000 0.000000000 0.999311510 0.018520040 -0.031120750 0.024952550 -0.974896910 0.221088010 -0.026245980 -0.221721490 -0.974727330 -0.129739940 0.948717360 1.124626400
0.000000000 0.914062500 1.218750000 0.500000000 0.500000000 0.000000000 0.000000000 0.999263290 0.016346090 -0.033771700 0.023479220 -0.974484090 0.223060010 -0.029264950 -0.223697840 -0.974189640 -0.129429340 0.944056990 1.124716200
0.000000000 0.914062500 1.218750000 0.500000000 0.500000000 0.000000000 0.000000000 0.999280210 0.014641530 -0.034049900 0.022133200 -0.972581030 0.231348600 -0.029730150 -0.231945190 -0.972244800 -0.130122240 0.936607600 1.127827200
0.000000000 0.914062500 1.218750000 0.500000000 0.500000000 0.000000000 0.000000000 0.999223830 0.014491950 -0.035727660 0.022363780 -0.972674490 0.230932490 -0.031405940 -0.231561690 -0.972283420 -0.129626570 0.933410640 1.125948200
0.000000000 0.914062500 1.218750000 0.500000000 0.500000000 0.000000000 0.000000000 0.999195690 0.014739660 -0.036402440 0.022958220 -0.971219000 0.236921380 -0.031863850 -0.237576220 -0.970816370 -0.131769310 0.924717430 1.126881600
0.000000000 0.914062500 1.218750000 0.500000000 0.500000000 0.000000000 0.000000000 0.999114990 0.012449010 -0.039341590 0.021588200 -0.970181760 0.241258860 -0.035166430 -0.241904530 -0.969632630 -0.131122930 0.916587830 1.126225600
0.000000000 0.914062500 1.218750000 0.500000000 0.500000000 0.000000000 0.000000000 0.999089420 0.012211590 -0.040057700 0.021614060 -0.969621480 0.243498040 -0.035868720 -0.244152070 -0.969043200 -0.131849080 0.912442030 1.126415400
0.000000000 0.914062500 1.218750000 0.500000000 0.500000000 0.000000000 0.000000000 0.998983680 0.011867280 -0.042708790 0.022208730 -0.967806990 0.250560310 -0.038361890 -0.251264240 -0.967127620 -0.132398070 0.902297850 1.127300300
0.000000000 0.914062500 1.218750000 0.500000000 0.500000000 0.000000000 0.000000000 0.998917700 0.011557840 -0.044306700 0.022380900 -0.967364610 0.252247010 -0.039946860 -0.252975790 -0.966617110 -0.132131760 0.897668900 1.126327000
0.000000000 0.914062500 1.218750000 0.500000000 0.500000000 0.000000000 0.000000000 0.998680650 0.016307560 -0.048003040 0.028183730 -0.965609670 0.258316070 -0.042141350 -0.259338560 -0.964836180 -0.133572430 0.887813690 1.127062100
0.000000000 0.914062500 1.218750000 0.500000000 0.500000000 0.000000000 0.000000000 0.998426800 0.018177040 -0.052407340 0.031232640 -0.964974460 0.260330800 -0.045841500 -0.261568610 -0.964065130 -0.133537410 0.882349430 1.126538300
0.000000000 0.914062500 1.218750000 0.500000000 0.500000000 0.000000000 0.000000000 0.998365160 0.015890340 -0.054289440 0.029867450 -0.963093460 0.267360660 -0.048039230 -0.268555730 -0.962034760 -0.132982110 0.871947710 1.123760600
0.000000000 0.914062500 1.218750000 0.500000000 0.500000000 0.000000000 0.000000000 0.997860850 0.016202880 -0.062801880 0.032749700 -0.961624860 0.272263590 -0.055982560 -0.273748730 -0.960139570 -0.129753840 0.863482890 1.124651200
0.000000000 0.914062500 1.218750000 0.500000000 0.500000000 0.000000000 0.000000000 0.997625950 0.017632100 -0.066064560 0.035060710 -0.961373330 0.272862320 -0.058703850 -0.274541590 -0.959750290 -0.130896750 0.858752070 1.121747000
0.000000000 0.914062500 1.218750000 0.500000000 0.500000000 0.000000000 0.000000000 0.997122650 0.017480190 -0.073306490 0.037286900 -0.959720020 0.278332620 -0.065490930 -0.280276120 -0.957651320 -0.130211060 0.849042360 1.122667200
0.000000000 0.914062500 1.218750000 0.500000000 0.500000000 0.000000000 0.000000000 0.997168540 0.018063850 -0.072536270 0.037843760 -0.958780170 0.281478520 -0.064464260 -0.283437640 -0.956790030 -0.130979870 0.839531540 1.121042100
0.000000000 0.914062500 1.218750000 0.500000000 0.500000000 0.000000000 0.000000000 0.997104470 0.021432240 -0.072500040 0.041303890 -0.957603570 0.284975260 -0.063321090 -0.287155750 -0.955757020 -0.131542760 0.834231320 1.120962000
0.000000000 0.914062500 1.218750000 0.500000000 0.500000000 0.000000000 0.000000000 0.996682290 0.028227450 -0.075897350 0.049114910 -0.955886420 0.289465430 -0.064380870 -0.292243900 -0.954142390 -0.133964000 0.823748230 1.120069500
0.000000000 0.914062500 1.218750000 0.500000000 0.500000000 0.000000000 0.000000000 0.996632750 0.028393660 -0.076480850 0.049644070 -0.954970360 0.292383460 -0.064737660 -0.295207140 -0.953205650 -0.133639220 0.819149550 1.119752600
0.000000000 0.914062500 1.218750000 0.500000000 0.500000000 0.000000000 0.000000000 0.996597410 0.027254630 -0.077349960 0.048701480 -0.955500010 0.290807130 -0.065984640 -0.293596030 -0.953617570 -0.135707150 0.808916270 1.116603100
0.000000000 0.914062500 1.218750000 0.500000000 0.500000000 0.000000000 0.000000000 0.996736880 0.026934840 -0.075646560 0.048432980 -0.953036900 0.298823740 -0.064047720 -0.301523920 -0.951272790 -0.138041880 0.796759550 1.117481600
0.000000000 0.914062500 1.218750000 0.500000000 0.500000000 0.000000000 0.000000000 0.996795120 0.027356260 -0.074724110 0.048698550 -0.952347700 0.300970230 -0.062932400 -0.303656040 -0.950668690 -0.138144970 0.792047320 1.116641900
0.000000000 0.914062500 1.218750000 0.500000000 0.500000000 0.000000000 0.000000000 0.996717810 0.026456090 -0.076068200 0.048239220 -0.952415110 0.300830750 -0.064492240 -0.303524260 -0.950606230 -0.142419610 0.780369280 1.115924200
0.000000000 0.914062500 1.218750000 0.500000000 0.500000000 0.000000000 0.000000000 0.996745770 0.021955310 -0.077126700 0.044224660 -0.952772500 0.300315110 -0.066893310 -0.302760120 -0.950683890 -0.140470640 0.775114830 1.114248600
0.000000000 0.914062500 1.218750000 0.500000000 0.500000000 0.000000000 0.000000000 0.996613860 0.015613850 -0.080309670 0.039380920 -0.951934580 0.303628060 -0.071711550 -0.305774090 -0.949367110 -0.140729960 0.760801670 1.115210300
0.000000000 0.914062500 1.218750000 0.500000000 0.500000000 0.000000000 0.000000000 0.996565820 0.018439510 -0.080306390 0.042064210 -0.951882180 0.303432020 -0.070849840 -0.305779490 -0.949429930 -0.150135550 0.753778040 1.114901400
0.000000000 0.914062500 1.218750000 0.500000000 0.500000000 0.000000000 0.000000000 0.996269050 0.015485630 -0.084502120 0.040987410 -0.950095590 0.309124830 -0.075501050 -0.311446700 -0.947226520 -0.149112850 0.739457910 1.111891500
0.000000000 0.914062500 1.218750000 0.500000000 0.500000000 0.000000000 0.000000000 0.996056380 0.011994740 -0.087521870 0.038672370 -0.949929770 0.309931370 -0.079425190 -0.312105420 -0.946688530 -0.147574620 0.732745710 1.111175900
0.000000000 0.914062500 1.218750000 0.500000000 0.500000000 0.000000000 0.000000000 0.995848240 0.007488440 -0.090345220 0.035755230 -0.948200290 0.315527230 -0.083305830 -0.317459320 -0.944572450 -0.144387810 0.718604800 1.107161200
0.000000000 0.914062500 1.218750000 0.500000000 0.500000000 0.000000000 0.000000000 0.994828580 0.005571700 -0.101079040 0.037366920 -0.948145150 0.315505800 -0.094083410 -0.317663010 -0.943491460 -0.141835780 0.704182860 1.103465200
0.000000000 0.914062500 1.218750000 0.500000000 0.500000000 0.000000000 0.000000000 0.994463150 0.000164990 -0.104760510 0.033391630 -0.948300000 0.315486040 -0.099296250 -0.317249150 -0.943096340 -0.138472230 0.698127330 1.103005600
0.000000000 0.914062500 1.218750000 0.500000000 0.500000000 0.000000000 0.000000000 0.993745150 -0.010662390 -0.110853240 0.025446710 -0.947291250 0.319235120 -0.108418380 -0.320071160 -0.941136120 -0.132161570 0.680651660 1.098773600
0.000000000 0.914062500 1.218750000 0.500000000 0.500000000 0.000000000 0.000000000 0.993458210 -0.015239750 -0.112872050 0.022183340 -0.946098450 0.322993100 -0.111714810 -0.323395970 -0.939612450 -0.129670770 0.673498210 1.098066400
0.000000000 0.914062500 1.218750000 0.500000000 0.500000000 0.000000000 0.000000000 0.992950140 -0.014034180 -0.117407090 0.025872180 -0.943043770 0.331538470 -0.115377460 -0.332250980 -0.936073600 -0.127142530 0.658873020 1.096871100
0.000000000 0.914062500 1.218750000 0.500000000 0.500000000 0.000000000 0.000000000 0.992632210 -0.012977350 -0.120184440 0.027979580 -0.942516330 0.332864400 -0.117600160 -0.333786930 -0.935250160 -0.123588010 0.652099910 1.092908400
0.000000000 0.914062500 1.218750000 0.500000000 0.500000000 0.000000000 0.000000000 0.991855140 -0.019245420 -0.125635550 0.024811750 -0.940093640 0.339892240 -0.124655510 -0.340253560 -0.932000220 -0.117935200 0.638635340 1.091123800
0.000000000 0.914062500 1.218750000 0.500000000 0.500000000 0.000000000 0.000000000 0.991399590 -0.020997330 -0.128907350 0.025435570 -0.937013030 0.348250030 -0.128105280 -0.348546390 -0.928461190 -0.112448070 0.624911490 1.088821500
0.000000000 0.914062500 1.218750000 0.500000000 0.500000000 0.000000000 0.000000000 0.990776300 -0.019061950 -0.133903340 0.029410590 -0.935925300 0.350851920 -0.132016700 -0.351566670 -0.926772890 -0.110696390 0.618629930 1.086210400
0.000000000 0.914062500 1.218750000 0.500000000 0.500000000 0.000000000 0.000000000 0.990414080 -0.023499360 -0.135862960 0.027421880 -0.932073000 0.361117990 -0.135125610 -0.361394940 -0.922534580 -0.105724270 0.605767670 1.084470000
0.000000000 0.914062500 1.218750000 0.500000000 0.500000000 0.000000000 0.000000000 0.990270730 -0.023164490 -0.136961000 0.028512450 -0.931063180 0.363629460 -0.135948060 -0.364009800 -0.921384870 -0.103617090 0.600612640 1.082130700
0.000000000 0.914062500 1.218750000 0.500000000 0.500000000 0.000000000 0.000000000 0.990242360 -0.017793400 -0.137965490 0.034499120 -0.929348470 0.367476580 -0.134762080 -0.368663700 -0.919707060 -0.099270490 0.588665010 1.082148700
0.000000000 0.914062500 1.218750000 0.500000000 0.500000000 0.000000000 0.000000000 0.990154500 -0.015793230 -0.138836700 0.036496470 -0.929831210 0.366059450 -0.134881380 -0.367535590 -0.920140920 -0.097924550 0.583484050 1.078811600
0.000000000 0.914062500 1.218750000 0.500000000 0.500000000 0.000000000 0.000000000 0.990283970 -0.016270430 -0.137853500 0.036958880 -0.926312090 0.374829830 -0.133799400 -0.376296280 -0.916751500 -0.090774360 0.571562590 1.077019100
0.000000000 0.914062500 1.218750000 0.500000000 0.500000000 0.000000000 0.000000000 0.990426720 -0.011636650 -0.137294960 0.041152730 -0.925924360 0.375350150 -0.131497870 -0.377420340 -0.916622160 -0.090369480 0.566095110 1.075092000
0.000000000 0.914062500 1.218750000 0.500000000 0.500000000 0.000000000 0.000000000 0.990065930 0.008661660 -0.140087520 0.061721910 -0.923235890 0.379134330 -0.126055050 -0.384028230 -0.914639950 -0.086441430 0.555296660 1.072514100
0.000000000 0.914062500 1.218750000 0.500000000 0.500000000 0.000000000 0.000000000 0.989014510 0.018961460 -0.146357640 0.073832040 -0.922219990 0.379441470 -0.127784420 -0.386092990 -0.913529990 -0.085816860 0.549662710 1.072658400
0.000000000 0.914062500 1.218750000 0.500000000 0.500000000 0.000000000 0.000000000 0.988843620 0.011240810 -0.148294640 0.067600700 -0.922107880 0.380871680 -0.132467850 -0.386661500 -0.912621970 -0.074690810 0.538020010 1.067533900
0.000000000 0.914062500 1.218750000 0.500000000 0.500000000 0.000000000 0.000000000 0.988269090 0.009254670 -0.152209340 0.068017940 -0.920073690 0.385685950 -0.136480110 -0.391528840 -0.909951450 -0.070931550 0.531279330 1.067962900
0.000000000 0.914062500 1.218750000 0.500000000 0.500000000 0.000000000 0.000000000 0.988047660 0.012954000 -0.153371770 0.072092000 -0.919302520 0.386782940 -0.135990380 -0.393231420 -0.909290370 -0.068795550 0.525303420 1.066167200
0.000000000 0.914062500 1.218750000 0.500000000 0.500000000 0.000000000 0.000000000 0.987761740 0.015664110 -0.154952030 0.075821320 -0.917389570 0.390592810 -0.136038820 -0.397575970 -0.907391790 -0.061988340 0.513384280 1.064944300
0.000000000 0.914062500 1.218750000 0.500000000 0.500000000 0.000000000 0.000000000 0.988038660 0.016490860 -0.153089420 0.075909300 -0.917157290 0.391120880 -0.133962800 -0.398078110 -0.907480540 -0.056200750 0.506968860 1.061274200
0.000000000 0.914062500 1.218750000 0.500000000 0.500000000 0.000000000 0.000000000 0.987230480 0.024171010 -0.157226160 0.084896540 -0.915879550 0.392265980 -0.134524430 -0.400619660 -0.906278070 -0.051109810 0.494384020 1.061100700
0.000000000 0.914062500 1.218750000 0.500000000 0.500000000 0.000000000 0.000000000 0.986886380 0.025026250 -0.159239400 0.086572840 -0.915560960 0.392643000 -0.135972750 -0.401294620 -0.905763090 -0.048198380 0.487416540 1.058226100
0.000000000 0.914062500 1.218750000 0.500000000 0.500000000 0.000000000 0.000000000 0.986287000 0.017766820 -0.163860710 0.082284800 -0.914455890 0.396124780 -0.142811550 -0.404190840 -0.903419730 -0.041056200 0.473505590 1.056823300
0.000000000 0.914062500 1.218750000 0.500000000 0.500000000 0.000000000 0.000000000 0.985781250 0.016122440 -0.167042880 0.082426700 -0.913515330 0.398259670 -0.146181460 -0.406380710 -0.901897130 -0.036080540 0.466461120 1.056293500
0.000000000 0.914062500 1.218750000 0.500000000 0.500000000 0.000000000 0.000000000 0.985446870 0.013508510 -0.169233140 0.081045760 -0.913303430 0.399028180 -0.149177160 -0.406951730 -0.901148680 -0.032257650 0.460470830 1.056792300
0.000000000 0.914062500 1.218750000 0.500000000 0.500000000 0.000000000 0.000000000 0.984958530 0.013415450 -0.172058840 0.082209870 -0.913025980 0.399424550 -0.151742040 -0.407576710 -0.900437650 -0.024823800 0.447651620 1.049895400
0.000000000 0.914062500 1.218750000 0.500000000 0.500000000 0.000000000 0.000000000 0.984438660 0.015202720 -0.174861880 0.085837000 -0.910643940 0.404072250 -0.153100340 -0.412809280 -0.897820120 -0.021760750 0.440871980 1.051667900
0.000000000 0.914062500 1.218750000 0.500000000 0.500000000 0.000000000 0.000000000 0.983669460 0.026113940 -0.177875680 0.097157200 -0.909653190 0.403740580 -0.151268260 -0.414444570 -0.897377250 -0.015415720 0.428434970 1.045487900
0.000000000 0.914062500 1.218750000 0.500000000 0.500000000 0.000000000 0.000000000 0.983033240 0.032655550 -0.180295440 0.104823720 -0.907252550 0.407209310 -0.150282170 -0.419214960 -0.895324530 -0.013751270 0.422367070 1.046598700
