0.000000000 0.450112573 0.800729245 0.500000000 0.500000000 0.000000000 0.000000000 -0.041072599 -0.985198673 0.166423004 -0.307210992 0.991642615 -0.019805910 0.127485880 4.822173584 -0.122302761 0.170268320 0.977778469 1.540876663
0.000000000 0.450112573 0.800729245 0.500000000 0.500000000 0.000000000 0.000000000 -0.040464945 -0.985029476 0.167569446 -0.307298743 0.991979058 -0.019504899 0.124888381 4.806399507 -0.119750312 0.171278983 0.977917876 1.545612695
0.000000000 0.450112573 0.800729245 0.500000000 0.500000000 0.000000000 0.000000000 -0.039200430 -0.984802170 0.169198145 -0.309619045 0.992432300 -0.018651972 0.121368178 4.787447175 -0.116367766 0.172675389 0.978080647 1.556342321
0.000000000 0.450112573 0.800729245 0.500000000 0.500000000 0.000000000 0.000000000 -0.037185577 -0.984651952 0.170522038 -0.312371011 0.992781844 -0.016930388 0.118733197 4.764031923 -0.114023870 0.173706346 0.978174147 1.572143615
0.000000000 0.450112573 0.800729245 0.500000000 0.500000000 0.000000000 0.000000000 -0.034861413 -0.984781197 0.170266484 -0.313575586 0.993169623 -0.015155648 0.115690996 4.739714867 -0.111349818 0.173136651 0.978583118 1.585496574
0.000000000 0.450112573 0.800729245 0.500000000 0.500000000 0.000000000 0.000000000 -0.032258923 -0.985064601 0.169136315 -0.315304181 0.993504541 -0.013127513 0.113032719 4.715223515 -0.109124191 0.171684010 0.979089634 1.597650368
0.000000000 0.450112573 0.800729245 0.500000000 0.500000000 0.000000000 0.000000000 -0.030075109 -0.986095203 0.163437264 -0.310338806 0.993634437 -0.011735387 0.112039662 4.685102517 -0.108563773 0.165766499 0.980171095 1.610170396
0.000000000 0.450112573 0.800729245 0.500000000 0.500000000 0.000000000 0.000000000 -0.027580577 -0.986158107 0.163497706 -0.305793683 0.993752746 -0.009354963 0.111211354 4.646218956 -0.108142463 0.165543568 0.980255342 1.624413540
0.000000000 0.450112573 0.800729245 0.500000000 0.500000000 0.000000000 0.000000000 -0.025743570 -0.986850306 0.159573629 -0.307544433 0.993936212 -0.008197663 0.109652200 4.629625372 -0.106902177 0.161428847 0.981077292 1.621469072
0.000000000 0.450112573 0.800729245 0.500000000 0.500000000 0.000000000 0.000000000 -0.023764278 -0.987821574 0.153765395 -0.305671455 0.994458104 -0.007601552 0.104858457 4.609456300 -0.102412591 0.155405129 0.982527815 1.601798076
0.000000000 0.450112573 0.800729245 0.500000000 0.500000000 0.000000000 0.000000000 -0.021722188 -0.988971323 0.146505525 -0.302073080 0.994809023 -0.006809610 0.101531462 4.578218522 -0.099414059 0.147950504 0.983985515 1.558605574
0.000000000 0.450112573 0.800729245 0.500000000 0.500000000 0.000000000 0.000000000 -0.019966832 -0.990370943 0.136991683 -0.300907871 0.995298085 -0.006700337 0.096627260 4.531928232 -0.094778941 0.138276900 0.985848087 1.479746147
0.000000000 0.450112573 0.800729245 0.500000000 0.500000000 0.000000000 0.000000000 -0.019040707 -0.991055015 0.132088637 -0.302970489 0.995572009 -0.006630026 0.093767897 4.504770290 -0.092053394 0.133289156 0.986792873 1.424004616
0.000000000 0.450112573 0.800729245 0.500000000 0.500000000 0.000000000 0.000000000 -0.018092538 -0.991628765 0.127847773 -0.310883800 0.995814340 -0.006414138 0.091173782 4.479702064 -0.089590512 0.128962211 0.987594192 1.363073450
0.000000000 0.450112573 0.800729245 0.500000000 0.500000000 0.000000000 0.000000000 -0.017094251 -0.992654377 0.119770922 -0.309544984 0.996226397 -0.006714992 0.086532506 4.453069163 -0.085092610 0.120798162 0.989023282 1.289544935
0.000000000 0.450112573 0.800729245 0.500000000 0.500000000 0.000000000 0.000000000 -0.015287087 -0.994084929 0.107524222 -0.299461533 0.997167840 -0.007237410 0.074859326 4.415435493 -0.073638330 0.108364077 0.991380161 1.233206578
0.000000000 0.450112573 0.800729245 0.500000000 0.500000000 0.000000000 0.000000000 -0.014671808 -0.994580595 0.102928023 -0.297815969 0.997569552 -0.007547456 0.069267779 4.381569583 -0.068115544 0.103694145 0.992274053 1.236260510
0.000000000 0.450112573 0.800729245 0.500000000 0.500000000 0.000000000 0.000000000 -0.014002980 -0.995125802 0.097614321 -0.295667283 0.998035922 -0.007948672 0.062137890 4.334092393 -0.061059113 0.098292714 0.993282602 1.255578635
0.000000000 0.450112573 0.800729245 0.500000000 0.500000000 0.000000000 0.000000000 -0.012830183 -0.995992024 0.088517081 -0.290219183 0.998884627 -0.008743639 0.046400968 4.257035963 -0.045441032 0.089013685 0.994993305 1.319521358
0.000000000 0.450112573 0.800729245 0.500000000 0.500000000 0.000000000 0.000000000 -0.012668804 -0.996503117 0.082589580 -0.281823271 0.999207907 -0.009500464 0.038643226 4.176131303 -0.037723456 0.083013725 0.995834154 1.389875282
0.000000000 0.450112573 0.800729245 0.500000000 0.500000000 0.000000000 0.000000000 -0.012084410 -0.997005989 0.076374247 -0.278408776 0.999549338 -0.009945575 0.028323245 4.097959337 -0.027478859 0.076682097 0.996676863 1.472215039
0.000000000 0.450112573 0.800729245 0.500000000 0.500000000 0.000000000 0.000000000 -0.011734440 -0.997166858 0.074300466 -0.278888555 0.999668308 -0.009995318 0.023735354 4.058057599 -0.022925451 0.074554342 0.996953396 1.534578175
0.000000000 0.450112573 0.800729245 0.500000000 0.500000000 0.000000000 0.000000000 -0.010442760 -0.997288694 0.072843734 -0.278645775 0.999808849 -0.009209413 0.017246794 4.025412046 -0.016529185 0.073009914 0.997194233 1.610812836
0.000000000 0.450112573 0.800729245 0.500000000 0.500000000 0.000000000 0.000000000 -0.009201563 -0.997498711 0.070083183 -0.278147602 0.999864440 -0.008221079 0.014265899 4.016579506 -0.013654057 0.070204951 0.997439137 1.661502325
0.000000000 0.450112573 0.800729245 0.500000000 0.500000000 0.000000000 0.000000000 -0.008003456 -0.997669875 0.067755179 -0.273855087 0.999865936 -0.007016319 0.014794642 4.019757425 -0.014284776 0.067864503 0.997592279 1.698708835
0.000000000 0.450112573 0.800729245 0.500000000 0.500000000 0.000000000 0.000000000 -0.006346305 -0.998130624 0.060786365 -0.263198071 0.999893014 -0.005532887 0.013540567 4.028789833 -0.013178930 0.060865794 0.998058952 1.742379108
0.000000000 0.450112573 0.800729245 0.500000000 0.500000000 0.000000000 0.000000000 -0.003870144 -0.998722186 0.050388667 -0.249959490 0.999917483 -0.003247694 0.012428989 4.042303588 -0.012249460 0.050432611 0.998652343 1.815052763
0.000000000 0.450112573 0.800729245 0.500000000 0.500000000 0.000000000 0.000000000 -0.002135964 -0.999169069 0.040701474 -0.235039677 0.999935521 -0.001680113 0.011230782 4.046209310 -0.011153067 0.040722838 0.999108232 1.881679892
0.000000000 0.450112573 0.800729245 0.500000000 0.500000000 0.000000000 0.000000000 -0.000609686 -0.999373641 0.035382959 -0.227310544 0.999955854 -0.000277511 0.009392131 4.045019293 -0.009376429 0.035387123 0.999329692 1.939092303
0.000000000 0.450112573 0.800729245 0.500000000 0.500000000 0.000000000 0.000000000 0.001530026 -0.999683371 0.025116056 -0.226761492 0.999932981 0.001817669 0.011433718 4.041008795 -0.011475750 0.025096879 0.999619154 2.012486005
0.000000000 0.450112573 0.800729245 0.500000000 0.500000000 0.000000000 0.000000000 0.003283367 -0.999813524 0.019029880 -0.220298665 0.999973448 0.003406506 0.006442007 4.017358124 -0.006505631 0.019008223 0.999798162 2.074397869
0.000000000 0.450112573 0.800729245 0.500000000 0.500000000 0.000000000 0.000000000 0.005223852 -0.999857873 0.016029511 -0.218373737 0.999984267 0.005190408 -0.002127278 3.969041528 0.002043776 0.016040371 0.999869256 2.138281448
0.000000000 0.450112573 0.800729245 0.500000000 0.500000000 0.000000000 0.000000000 0.006768137 -0.999910425 0.011547082 -0.213699906 0.999920869 0.006644852 -0.010681858 3.895983651 0.010604173 0.011618465 0.999876274 2.202956042
0.000000000 0.450112573 0.800729245 0.500000000 0.500000000 0.000000000 0.000000000 0.008083709 -0.999950759 0.005756172 -0.209582394 0.999744296 0.007960202 -0.021165477 3.806251267 0.021118615 0.005925796 0.999759416 2.277822248
0.000000000 0.450112573 0.800729245 0.500000000 0.500000000 0.000000000 0.000000000 0.008732715 -0.999960593 0.001597519 -0.208249524 0.999463305 0.008677908 -0.031587899 3.698940542 0.031572791 0.001872510 0.999499701 2.360582286
0.000000000 0.450112573 0.800729245 0.500000000 0.500000000 0.000000000 0.000000000 0.007935957 -0.999960609 -0.003975128 -0.208511539 0.999043115 0.008099532 -0.042979672 3.577007308 0.043010176 -0.003630239 0.999068039 2.441541653
0.000000000 0.450112573 0.800729245 0.500000000 0.500000000 0.000000000 0.000000000 0.007294249 -0.999949713 -0.006882287 -0.206595549 0.998776584 0.007621973 -0.048859402 3.528124476 0.048909401 -0.006517475 0.998781955 2.471464904
0.000000000 0.450112573 0.800729245 0.500000000 0.500000000 0.000000000 0.000000000 0.005771185 -0.999936397 -0.009689917 -0.202541019 0.997964683 0.006374666 -0.063449621 3.450818193 0.063507355 -0.009304015 0.997938000 2.505935904
0.000000000 0.450112573 0.800729245 0.500000000 0.500000000 0.000000000 0.000000000 0.004924167 -0.999913608 -0.012187258 -0.197159866 0.997455150 0.005778188 -0.071062206 3.405329434 0.071126487 -0.011806321 0.997397430 2.505817240
0.000000000 0.450112573 0.800729245 0.500000000 0.500000000 0.000000000 0.000000000 0.004129849 -0.999895108 -0.013882296 -0.185060680 0.997122069 0.005168513 -0.075636412 3.349338120 0.075700229 -0.013529977 0.997038823 2.493301368
0.000000000 0.450112573 0.800729245 0.500000000 0.500000000 0.000000000 0.000000000 0.003860339 -0.999837126 -0.017630043 -0.168756394 0.996572383 0.005303423 -0.082555184 3.263794574 0.082635237 -0.017250923 0.996430541 2.466800289
0.000000000 0.450112573 0.800729245 0.500000000 0.500000000 0.000000000 0.000000000 0.005184302 -0.999847850 -0.016655298 -0.167719506 0.995949969 0.006657672 -0.089662338 3.186565677 0.089759581 -0.016123007 0.995832951 2.443115425
0.000000000 0.450112573 0.800729245 0.500000000 0.500000000 0.000000000 0.000000000 0.006123081 -0.999787918 -0.019662820 -0.168221192 0.995333850 0.007986979 -0.096159942 3.145567059 0.096296594 -0.018982276 0.995171663 2.426221384
0.000000000 0.450112573 0.800729245 0.500000000 0.500000000 0.000000000 0.000000000 0.007548381 -0.999777101 -0.019717249 -0.175726037 0.994945041 0.009483514 -0.099972133 3.092830549 0.100136839 -0.018862951 0.994794855 2.424377256
0.000000000 0.450112573 0.800729245 0.500000000 0.500000000 0.000000000 0.000000000 0.008269500 -0.999750009 -0.020773397 -0.181234359 0.994665072 0.010360063 -0.102635586 3.055023926 0.102825142 -0.019813827 0.994502088 2.422751278
0.000000000 0.450112573 0.800729245 0.500000000 0.500000000 0.000000000 0.000000000 0.008604766 -0.999744555 -0.020899354 -0.188373574 0.994228695 0.010788607 -0.106737565 2.981786523 0.106935774 -0.019860286 0.994067558 2.438187060
0.000000000 0.450112573 0.800729245 0.500000000 0.500000000 0.000000000 0.000000000 0.008621261 -0.999762103 -0.020035236 -0.197117600 0.994894196 0.010590623 -0.100366221 2.926511007 0.100554530 -0.019067657 0.994748818 2.462203970
0.000000000 0.450112573 0.800729245 0.500000000 0.500000000 0.000000000 0.000000000 0.007698505 -0.999861714 -0.014740617 -0.201465273 0.995458117 0.009061735 -0.094768258 2.882204289 0.094888728 -0.013944093 0.995390221 2.476590395
0.000000000 0.450112573 0.800729245 0.500000000 0.500000000 0.000000000 0.000000000 0.006843612 -0.999899919 -0.012382153 -0.204020288 0.995351027 0.008001046 -0.095980811 2.871052720 0.096070275 -0.011667733 0.995306167 2.468304968
0.000000000 0.450112573 0.800729245 0.500000000 0.500000000 0.000000000 0.000000000 0.005628206 -0.999914254 -0.011824008 -0.195097234 0.995590385 0.006710298 -0.093566858 2.880491978 0.093638178 -0.011245255 0.995542785 2.414438438
0.000000000 0.450112573 0.800729245 0.500000000 0.500000000 0.000000000 0.000000000 0.005758907 -0.999882561 -0.014202073 -0.193474665 0.995216432 0.007115976 -0.097435192 2.877609896 0.097524811 -0.013573016 0.995140535 2.383745005
0.000000000 0.450112573 0.800729245 0.500000000 0.500000000 0.000000000 0.000000000 0.006397555 -0.999867915 -0.014940702 -0.190529657 0.993753656 0.008021663 -0.111307339 2.851648687 0.111412486 -0.014135282 0.993673715 2.350035206
0.000000000 0.450112573 0.800729245 0.500000000 0.500000000 0.000000000 0.000000000 0.007143246 -0.999854001 -0.015522605 -0.187592435 0.992796079 0.008947761 -0.119481725 2.814062587 0.119603174 -0.014557294 0.992715048 2.328044849
0.000000000 0.450112573 0.800729245 0.500000000 0.500000000 0.000000000 0.000000000 0.008835903 -0.999825080 -0.016484426 -0.190430119 0.991243075 0.010929736 -0.131596759 2.703812366 0.131753910 -0.015177297 0.991166261 2.299454658
0.000000000 0.450112573 0.800729245 0.500000000 0.500000000 0.000000000 0.000000000 0.009628470 -0.999766859 -0.019326670 -0.201257260 0.990531511 0.012182948 -0.136743925 2.612288913 0.136947500 -0.017827041 0.990417881 2.287398293
0.000000000 0.450112573 0.800729245 0.500000000 0.500000000 0.000000000 0.000000000 0.010988521 -0.999759429 -0.018982543 -0.213192803 0.988918401 0.013676208 -0.147828814 2.453815845 0.148052860 -0.017147766 0.988830777 2.274130250
0.000000000 0.450112573 0.800729245 0.500000000 0.500000000 0.000000000 0.000000000 0.011846186 -0.999762697 -0.018281595 -0.217839147 0.987492594 0.014571518 -0.156990597 2.365232569 0.157219734 -0.016193200 0.987430876 2.269662380
0.000000000 0.450112573 0.800729245 0.500000000 0.500000000 0.000000000 0.000000000 0.013828881 -0.999672856 -0.021516118 -0.212215281 0.985786028 0.017233717 -0.167119435 2.267620008 0.167435566 -0.018899214 0.985701857 2.251657665
0.000000000 0.450112573 0.800729245 0.500000000 0.500000000 0.000000000 0.000000000 0.015909641 -0.999635896 -0.021793564 -0.211507079 0.984873318 0.019428542 -0.172183272 2.218570365 0.172543997 -0.018724526 0.984823822 2.230640508
0.000000000 0.450112573 0.800729245 0.500000000 0.500000000 0.000000000 0.000000000 0.019035572 -0.999548075 -0.023265708 -0.204428436 0.983774647 0.022877046 -0.177944052 2.154264352 0.178395885 -0.019500947 0.983765532 2.186849213
0.000000000 0.450112573 0.800729245 0.500000000 0.500000000 0.000000000 0.000000000 0.022592828 -0.999483027 -0.022874485 -0.202361081 0.982278354 0.026450530 -0.185552164 2.096305281 0.186061281 -0.018276963 0.982368135 2.124615717
0.000000000 0.450112573 0.800729245 0.500000000 0.500000000 0.000000000 0.000000000 0.025078979 -0.999417758 -0.023134186 -0.208622375 0.981356467 0.029023636 -0.189992403 2.055492603 0.190553219 -0.017938068 0.981512963 2.075931663
0.000000000 0.450112573 0.800729245 0.500000000 0.500000000 0.000000000 0.000000000 0.030820714 -0.999299972 -0.021204934 -0.223189705 0.977401246 0.034570621 -0.208546580 1.965486978 0.209133659 -0.014298174 0.977782529 1.955466452
0.000000000 0.450112573 0.800729245 0.500000000 0.500000000 0.000000000 0.000000000 0.033615637 -0.999165177 -0.023215053 -0.219774175 0.975834946 0.037830987 -0.215209140 1.922235603 0.215907727 -0.015419667 0.976292009 1.907390905
0.000000000 0.450112573 0.800729245 0.500000000 0.500000000 0.000000000 0.000000000 0.036615452 -0.999043221 -0.023915514 -0.218341468 0.970707473 0.041243111 -0.236698136 1.845488011 0.237458018 -0.014548159 0.971288855 1.836885978
0.000000000 0.450112573 0.800729245 0.500000000 0.500000000 0.000000000 0.000000000 0.037775076 -0.999008408 -0.023563619 -0.213886227 0.966494962 0.042516473 -0.253139956 1.778727903 0.253890786 -0.013211738 0.967142657 1.790920825
0.000000000 0.450112573 0.800729245 0.500000000 0.500000000 0.000000000 0.000000000 0.036829365 -0.999034030 -0.023970926 -0.227795402 0.959208741 0.042068785 -0.279551084 1.640449868 0.280289474 -0.012697432 0.959831540 1.722913416
0.000000000 0.450112573 0.800729245 0.500000000 0.500000000 0.000000000 0.000000000 0.034616596 -0.999094004 -0.024756040 -0.244743562 0.954008609 0.040414741 -0.297042460 1.535740364 0.297773849 -0.013334877 0.954543302 1.677040003
0.000000000 0.450112573 0.800729245 0.500000000 0.500000000 0.000000000 0.000000000 0.030831003 -0.999195477 -0.025648564 -0.263518573 0.949294901 0.037304334 -0.312165945 1.406169635 0.312871602 -0.014723662 0.949681301 1.632529784
0.000000000 0.450112573 0.800729245 0.500000000 0.500000000 0.000000000 0.000000000 0.025929763 -0.999308269 -0.026657658 -0.267867942 0.945104653 0.033195103 -0.325077344 1.278088058 0.325737382 -0.016765098 0.945311636 1.583252234
0.000000000 0.450112573 0.800729245 0.500000000 0.500000000 0.000000000 0.000000000 0.022293965 -0.999283505 -0.030585205 -0.258224156 0.942872413 0.031187549 -0.331691044 1.207022256 0.332407267 -0.021443238 0.942892145 1.545008360
0.000000000 0.450112573 0.800729245 0.500000000 0.500000000 0.000000000 0.000000000 0.018383312 -0.999222116 -0.034888644 -0.248531916 0.941274918 0.029062480 -0.336388022 1.131143822 0.337140301 -0.026655879 0.941076979 1.500733172
0.000000000 0.450112573 0.800729245 0.500000000 0.500000000 0.000000000 0.000000000 0.016577452 -0.999201005 -0.036366742 -0.246704786 0.940706514 0.027911370 -0.338071309 1.095752907 0.338816237 -0.028606070 0.940417593 1.477291111
0.000000000 0.450112573 0.800729245 0.500000000 0.500000000 0.000000000 0.000000000 0.015764236 -0.999148330 -0.038132703 -0.243305856 0.939638199 0.027840980 -0.341035094 1.057627216 0.341806297 -0.030454787 0.939276829 1.439777799
0.000000000 0.450112573 0.800729245 0.500000000 0.500000000 0.000000000 0.000000000 0.016231543 -0.999082608 -0.039629271 -0.242692885 0.938942633 0.028854318 -0.342861721 1.021487926 0.343690658 -0.031644437 0.938549605 1.389085998
0.000000000 0.450112573 0.800729245 0.500000000 0.500000000 0.000000000 0.000000000 0.017817599 -0.998910590 -0.043129641 -0.253689527 0.937707164 0.031664210 -0.345980711 0.968066921 0.346969462 -0.034278428 0.937249797 1.309648260
0.000000000 0.450112573 0.800729245 0.500000000 0.500000000 0.000000000 0.000000000 0.020490657 -0.998948439 -0.041014024 -0.259133827 0.934704849 0.033699885 -0.353823633 0.903814259 0.354833734 -0.031085928 0.934412482 1.217345950
0.000000000 0.450112573 0.800729245 0.500000000 0.500000000 0.000000000 0.000000000 0.021207807 -0.998895000 -0.041940532 -0.257904903 0.931435251 0.034984123 -0.362221596 0.869277466 0.363288594 -0.031382964 0.931147951 1.180603161
0.000000000 0.450112573 0.800729245 0.500000000 0.500000000 0.000000000 0.000000000 0.022580908 -0.998932572 -0.040296637 -0.263135529 0.928118944 0.035927880 -0.370546102 0.805299055 0.371598344 -0.029032805 0.927939528 1.136878884
0.000000000 0.450112573 0.800729245 0.500000000 0.500000000 0.000000000 0.000000000 0.023359537 -0.998922683 -0.040097437 -0.263985309 0.925357320 0.036784599 -0.377307201 0.733967936 0.378375690 -0.028290736 0.925219688 1.099577027
0.000000000 0.450112573 0.800729245 0.500000000 0.500000000 0.000000000 0.000000000 0.023410792 -0.998766069 -0.043798102 -0.262481351 0.919988421 0.038668095 -0.390033438 0.624408373 0.391245753 -0.031162755 0.919758470 1.066163206
