0.000000000 0.447557099 0.793473262 0.500000000 0.500000000 0.000000000 0.000000000 -0.106668585 -0.986792899 0.121908110 -0.078372322 -0.781068550 0.007292029 -0.624402712 -1.580824210 0.615267205 -0.161822745 -0.771530729 -4.738404161
0.000000000 0.447557099 0.793473262 0.500000000 0.500000000 0.000000000 0.000000000 -0.107057142 -0.986741624 0.121982521 -0.077779536 -0.779416572 0.007118640 -0.626465587 -1.571674231 0.617291322 -0.162142814 -0.769844875 -4.733310757
0.000000000 0.447557099 0.793473262 0.500000000 0.500000000 0.000000000 0.000000000 -0.108431732 -0.987732534 0.112369931 -0.076693798 -0.775641864 0.013359064 -0.631031881 -1.560807153 0.621789562 -0.155582703 -0.767575250 -4.718949820
0.000000000 0.447557099 0.793473262 0.500000000 0.500000000 0.000000000 0.000000000 -0.109344855 -0.988478831 0.104658035 -0.075406660 -0.770888684 0.017860683 -0.636719430 -1.557082710 0.627514413 -0.150301689 -0.763960119 -4.691326566
0.000000000 0.447557099 0.793473262 0.500000000 0.500000000 0.000000000 0.000000000 -0.109494233 -0.989033271 0.099117108 -0.073879071 -0.766053312 0.020424378 -0.642452464 -1.561554756 0.633382457 -0.146273829 -0.759888565 -4.652715026
0.000000000 0.447557099 0.793473262 0.500000000 0.500000000 0.000000000 0.000000000 -0.110717782 -0.989705984 0.090684280 -0.081674760 -0.760006060 0.025517140 -0.649414863 -1.571903343 0.640415772 -0.140822376 -0.755007746 -4.590929231
0.000000000 0.447557099 0.793473262 0.500000000 0.500000000 0.000000000 0.000000000 -0.111477116 -0.990250207 0.083530714 -0.083104479 -0.757120333 0.030185615 -0.652577681 -1.576122261 0.643693758 -0.135990280 -0.753103572 -4.542455270
0.000000000 0.447557099 0.793473262 0.500000000 0.500000000 0.000000000 0.000000000 -0.112275536 -0.990824864 0.075234916 -0.081018686 -0.759091042 0.036664738 -0.649951142 -1.566498291 0.641229283 -0.130083763 -0.756242832 -4.491152622
0.000000000 0.447557099 0.793473262 0.500000000 0.500000000 0.000000000 0.000000000 -0.113045190 -0.990597277 0.077057252 -0.076376357 -0.762707585 0.036811062 -0.645695041 -1.547061637 0.636787190 -0.131764869 -0.759697370 -4.440396169
0.000000000 0.447557099 0.793473262 0.500000000 0.500000000 0.000000000 0.000000000 -0.113275235 -0.990241357 0.081183591 -0.079338311 -0.768270061 0.035484443 -0.639141587 -1.514671531 0.630023678 -0.134769836 -0.764792297 -4.378418574
0.000000000 0.447557099 0.793473262 0.500000000 0.500000000 0.000000000 0.000000000 -0.112739941 -0.990954207 0.072797425 -0.080919920 -0.769062822 0.040635645 -0.637880177 -1.485683460 0.629151875 -0.127900367 -0.766687299 -4.308685259
0.000000000 0.447557099 0.793473262 0.500000000 0.500000000 0.000000000 0.000000000 -0.111559599 -0.991245701 0.070614561 -0.075604203 -0.767030142 0.040710173 -0.640318236 -1.466217807 0.631837968 -0.125597143 -0.764856941 -4.238735122
0.000000000 0.447557099 0.793473262 0.500000000 0.500000000 0.000000000 0.000000000 -0.110983589 -0.991389774 0.069490709 -0.081942273 -0.759638061 0.039538380 -0.649143076 -1.450351280 0.640806257 -0.124832016 -0.757485517 -4.159758721
0.000000000 0.447557099 0.793473262 0.500000000 0.500000000 0.000000000 0.000000000 -0.109267996 -0.992230122 0.059496971 -0.083287374 -0.764552928 0.045642650 -0.642942896 -1.435008062 0.635231709 -0.115741665 -0.763599727 -4.106609885
0.000000000 0.447557099 0.793473262 0.500000000 0.500000000 0.000000000 0.000000000 -0.107498128 -0.993034087 0.048243694 -0.077460403 -0.767451747 0.052034783 -0.638991547 -1.403114970 0.632030038 -0.105715102 -0.767699387 -4.032518080
0.000000000 0.447557099 0.793473262 0.500000000 0.500000000 0.000000000 0.000000000 -0.106164606 -0.993151618 0.048774379 -0.074826500 -0.770635124 0.051182328 -0.635217974 -1.367049853 0.628371373 -0.105024916 -0.770791272 -3.971714765
0.000000000 0.447557099 0.793473262 0.500000000 0.500000000 0.000000000 0.000000000 -0.103733330 -0.993094838 0.054790869 -0.082555013 -0.776141334 0.046376660 -0.628851202 -1.333601521 0.621967865 -0.107758288 -0.775592758 -3.910778218
0.000000000 0.447557099 0.793473262 0.500000000 0.500000000 0.000000000 0.000000000 -0.100584073 -0.992579954 0.068321873 -0.080914365 -0.772860700 0.034704469 -0.633626024 -1.307501692 0.626553416 -0.116535977 -0.770616755 -3.844231120
0.000000000 0.447557099 0.793473262 0.500000000 0.500000000 0.000000000 0.000000000 -0.098359266 -0.991124049 0.089434751 -0.080290043 -0.767291636 0.018301692 -0.641037123 -1.285760565 0.633710502 -0.131674477 -0.762281334 -3.763207307
0.000000000 0.447557099 0.793473262 0.500000000 0.500000000 0.000000000 0.000000000 -0.097428782 -0.989656036 0.105302241 -0.087519568 -0.761031014 0.005898973 -0.648688676 -1.268588314 0.641357489 -0.143339219 -0.753733666 -3.707182400
0.000000000 0.447557099 0.793473262 0.500000000 0.500000000 0.000000000 0.000000000 -0.097657068 -0.987778528 0.121477064 -0.087154984 -0.756089896 -0.005732309 -0.654442671 -1.245173040 0.647140763 -0.155758533 -0.746289564 -3.648539636
0.000000000 0.447557099 0.793473262 0.500000000 0.500000000 0.000000000 0.000000000 -0.099298547 -0.984096761 0.147286673 -0.084652024 -0.749985248 -0.023260657 -0.661045436 -1.210037739 0.653958657 -0.176103683 -0.735748304 -3.580967941
0.000000000 0.447557099 0.793473262 0.500000000 0.500000000 0.000000000 0.000000000 -0.100650200 -0.982405804 0.157316156 -0.091860431 -0.747835451 -0.029586699 -0.663224521 -1.183303857 0.656210085 -0.184400279 -0.731699981 -3.528624475
0.000000000 0.447557099 0.793473262 0.500000000 0.500000000 0.000000000 0.000000000 -0.102794672 -0.981404217 0.162108045 -0.091684469 -0.739312589 -0.033649420 -0.672521087 -1.158889566 0.665469872 -0.188980103 -0.722105512 -3.458966732
0.000000000 0.447557099 0.793473262 0.500000000 0.500000000 0.000000000 0.000000000 -0.103020957 -0.980110918 0.169615067 -0.088831146 -0.733689533 -0.040263762 -0.678290865 -1.147203424 0.671629623 -0.194322973 -0.714949111 -3.387665819
0.000000000 0.447557099 0.793473262 0.500000000 0.500000000 0.000000000 0.000000000 -0.100395004 -0.980361279 0.169742764 -0.096049964 -0.732414187 -0.042650853 -0.679522159 -1.129549192 0.673416886 -0.192542639 -0.713748576 -3.301746763
0.000000000 0.447557099 0.793473262 0.500000000 0.500000000 0.000000000 0.000000000 -0.096492261 -0.982264523 0.160765827 -0.093627859 -0.731430690 -0.039568407 -0.680766837 -1.105500028 0.675054360 -0.183277791 -0.714640373 -3.233929154
0.000000000 0.447557099 0.793473262 0.500000000 0.500000000 0.000000000 0.000000000 -0.091662419 -0.981907952 0.165694822 -0.089581249 -0.731763223 -0.046433288 -0.679975394 -1.070482268 0.675367002 -0.183577566 -0.714267940 -3.176366914
0.000000000 0.447557099 0.793473262 0.500000000 0.500000000 0.000000000 0.000000000 -0.084936282 -0.981645702 0.170755802 -0.096979126 -0.732746148 -0.054590416 -0.678308904 -1.026327851 0.675180651 -0.182733693 -0.714660399 -3.114271900
0.000000000 0.447557099 0.793473262 0.500000000 0.500000000 0.000000000 0.000000000 -0.078627786 -0.983903246 0.160474528 -0.097807081 -0.728411863 -0.053198417 -0.683071070 -0.993695934 0.680612834 -0.170599916 -0.712503922 -3.055589746
0.000000000 0.447557099 0.793473262 0.500000000 0.500000000 0.000000000 0.000000000 -0.073762791 -0.984343921 0.160081527 -0.092590887 -0.722224950 -0.057966379 -0.689224942 -0.970162180 0.687713728 -0.166454028 -0.706641978 -3.004065686
0.000000000 0.447557099 0.793473262 0.500000000 0.500000000 0.000000000 0.000000000 -0.068099683 -0.983937607 0.165012786 -0.098066009 -0.711423074 -0.068065453 -0.699460008 -0.943231998 0.699456677 -0.165026909 -0.695360681 -2.929292933
0.000000000 0.447557099 0.793473262 0.500000000 0.500000000 0.000000000 0.000000000 -0.062893022 -0.985483426 0.157692372 -0.098119389 -0.707749363 -0.067361705 -0.703244794 -0.920659308 0.703658516 -0.155835866 -0.693238686 -2.874474794
0.000000000 0.447557099 0.793473262 0.500000000 0.500000000 0.000000000 0.000000000 -0.056360982 -0.987302024 0.148519877 -0.091379124 -0.706551467 -0.065660250 -0.704608938 -0.881623072 0.705413683 -0.144649389 -0.693879017 -2.797474692
0.000000000 0.447557099 0.793473262 0.500000000 0.500000000 0.000000000 0.000000000 -0.052631063 -0.986755241 0.153440753 -0.096599417 -0.703437918 -0.072427930 -0.707056781 -0.838846120 0.708805380 -0.145149194 -0.690309093 -2.729658428
0.000000000 0.447557099 0.793473262 0.500000000 0.500000000 0.000000000 0.000000000 -0.050669386 -0.987850261 0.146916556 -0.099110681 -0.697044661 -0.070370847 -0.713566174 -0.815993532 0.715235174 -0.138563361 -0.685010103 -2.678099390
0.000000000 0.447557099 0.793473262 0.500000000 0.500000000 0.000000000 0.000000000 -0.049651436 -0.988613684 0.142048298 -0.094912673 -0.684645259 -0.069860822 -0.725520734 -0.798785885 0.727183336 -0.133275840 -0.673380981 -2.606380931
0.000000000 0.447557099 0.793473262 0.500000000 0.500000000 0.000000000 0.000000000 -0.049722562 -0.988174950 0.145044596 -0.096533298 -0.668757770 -0.074922470 -0.739695659 -0.792256528 0.741815821 -0.133779263 -0.657124339 -2.540311913
0.000000000 0.447557099 0.793473262 0.500000000 0.500000000 0.000000000 0.000000000 -0.047034661 -0.988984836 0.140345056 -0.100583706 -0.657151557 -0.075177998 -0.750000066 -0.785411622 0.752289553 -0.127503971 -0.646376953 -2.475274320
0.000000000 0.447557099 0.793473262 0.500000000 0.500000000 0.000000000 0.000000000 -0.042923439 -0.990053837 0.133981259 -0.097956424 -0.649499793 -0.074247090 -0.756728081 -0.768361861 0.759149259 -0.119502171 -0.639852822 -2.420594739
0.000000000 0.447557099 0.793473262 0.500000000 0.500000000 0.000000000 0.000000000 -0.037644207 -0.990440189 0.132706989 -0.094328636 -0.647041418 -0.077044358 -0.758552285 -0.733243096 0.761524994 -0.114422018 -0.637955551 -2.360709931
0.000000000 0.447557099 0.793473262 0.500000000 0.500000000 0.000000000 0.000000000 -0.033189084 -0.990738521 0.131664981 -0.100879534 -0.638996555 -0.080260763 -0.765010858 -0.701541524 0.768493258 -0.109523479 -0.630414721 -2.301059965
0.000000000 0.447557099 0.793473262 0.500000000 0.500000000 0.000000000 0.000000000 -0.030290577 -0.991546434 0.126167151 -0.098996090 -0.634670956 -0.078434769 -0.768791756 -0.683858037 0.772188616 -0.103361772 -0.626929889 -2.252888051
0.000000000 0.447557099 0.793473262 0.500000000 0.500000000 0.000000000 0.000000000 -0.030598916 -0.991185054 0.128902661 -0.094954773 -0.632044594 -0.080719074 -0.770716590 -0.671815885 0.774327668 -0.105055322 -0.624003238 -2.192578089
0.000000000 0.447557099 0.793473262 0.500000000 0.500000000 0.000000000 0.000000000 -0.034717000 -0.991105840 0.128467678 -0.099093271 -0.635588821 -0.077303973 -0.768147737 -0.660252278 0.771246770 -0.108320405 -0.627252030 -2.117718220
0.000000000 0.447557099 0.793473262 0.500000000 0.500000000 0.000000000 0.000000000 -0.040847251 -0.992064530 0.118909506 -0.100533024 -0.642584175 -0.065049725 -0.763448827 -0.647367336 0.765125532 -0.107594153 -0.634827865 -2.056700128
0.000000000 0.447557099 0.793473262 0.500000000 0.500000000 0.000000000 0.000000000 -0.048097183 -0.992119975 0.115691905 -0.094484179 -0.656658049 -0.055870608 -0.752116136 -0.621516472 0.752653219 -0.112144689 -0.648796348 -1.996944900
0.000000000 0.447557099 0.793473262 0.500000000 0.500000000 0.000000000 0.000000000 -0.053480972 -0.991667763 0.117195708 -0.100656317 -0.669945590 -0.051397446 -0.740628928 -0.586863469 0.740481392 -0.118124302 -0.661614659 -1.943489030
0.000000000 0.447557099 0.793473262 0.500000000 0.500000000 0.000000000 0.000000000 -0.055917600 -0.992813956 0.105800148 -0.104338671 -0.675784186 -0.040370060 -0.735993202 -0.558577923 0.734975480 -0.112653040 -0.668670574 -1.880932662
0.000000000 0.447557099 0.793473262 0.500000000 0.500000000 0.000000000 0.000000000 -0.055833352 -0.993469347 0.099505246 -0.101365118 -0.670848379 -0.036485745 -0.740696458 -0.549831343 0.739489750 -0.108108499 -0.664430179 -1.828871494
0.000000000 0.447557099 0.793473262 0.500000000 0.500000000 0.000000000 0.000000000 -0.056182820 -0.993871282 0.095201710 -0.098991373 -0.655970655 -0.035140121 -0.753967952 -0.551370022 0.752692494 -0.104809573 -0.649976125 -1.751256247
0.000000000 0.447557099 0.793473262 0.500000000 0.500000000 0.000000000 0.000000000 -0.056094617 -0.994087094 0.092974426 -0.108596656 -0.644514417 -0.035066270 -0.763787616 -0.555015974 0.762531678 -0.102767732 -0.638736435 -1.684559689
0.000000000 0.447557099 0.793473262 0.500000000 0.500000000 0.000000000 0.000000000 -0.057575364 -0.994525190 0.087205063 -0.109789584 -0.636494136 -0.030728105 -0.770669189 -0.553396240 0.769129568 -0.099877070 -0.631240270 -1.624893345
0.000000000 0.447557099 0.793473262 0.500000000 0.500000000 0.000000000 0.000000000 -0.062487316 -0.994233312 0.087151918 -0.103376718 -0.632254294 -0.028131728 -0.774250033 -0.541768469 0.772236909 -0.103482980 -0.626850405 -1.573244861
0.000000000 0.447557099 0.793473262 0.500000000 0.500000000 0.000000000 0.000000000 -0.071044617 -0.992154716 0.102867303 -0.106939406 -0.633714202 -0.034745073 -0.772786575 -0.518560309 0.770297977 -0.120090797 -0.626274083 -1.503782636
0.000000000 0.447557099 0.793473262 0.500000000 0.500000000 0.000000000 0.000000000 -0.081605589 -0.990896243 0.107075502 -0.114054427 -0.631082990 -0.031779790 -0.775064065 -0.503716051 0.771410907 -0.130823087 -0.622744355 -1.431559958
0.000000000 0.447557099 0.793473262 0.500000000 0.500000000 0.000000000 0.000000000 -0.092468942 -0.989348789 0.112420942 -0.110655338 -0.618564667 -0.031398802 -0.785106278 -0.499999494 0.780273828 -0.142137570 -0.609072791 -1.360122928
0.000000000 0.447557099 0.793473262 0.500000000 0.500000000 0.000000000 0.000000000 -0.103261428 -0.986690247 0.125616214 -0.115132408 -0.600589414 -0.038817898 -0.798614755 -0.511016762 0.792861547 -0.157909869 -0.588587326 -1.282584250
0.000000000 0.447557099 0.793473262 0.500000000 0.500000000 0.000000000 0.000000000 -0.110093921 -0.984814172 0.134239993 -0.123279101 -0.582371615 -0.045531289 -0.811646600 -0.515275674 0.805433194 -0.167534918 -0.568515101 -1.216693002
0.000000000 0.447557099 0.793473262 0.500000000 0.500000000 0.000000000 0.000000000 -0.115146392 -0.982937557 0.143440119 -0.122824291 -0.557376819 -0.055593899 -0.828396282 -0.512400801 0.822236213 -0.175337040 -0.541465172 -1.153029637
0.000000000 0.447557099 0.793473262 0.500000000 0.500000000 0.000000000 0.000000000 -0.120435443 -0.980737299 0.153784440 -0.117791026 -0.516845723 -0.070314637 -0.853186000 -0.497700381 0.847564630 -0.182236664 -0.498421504 -1.077518109
0.000000000 0.447557099 0.793473262 0.500000000 0.500000000 0.000000000 0.000000000 -0.119423591 -0.980340756 0.157066893 -0.122738951 -0.491690906 -0.079038873 -0.867175247 -0.484146330 0.862541627 -0.180789545 -0.472585528 -1.011423887
0.000000000 0.447557099 0.793473262 0.500000000 0.500000000 0.000000000 0.000000000 -0.115817036 -0.981363001 0.153339735 -0.122258807 -0.464912605 -0.082863953 -0.881470269 -0.477900036 0.877748645 -0.173378850 -0.446650972 -0.942586628
0.000000000 0.447557099 0.793473262 0.500000000 0.500000000 0.000000000 0.000000000 -0.110247123 -0.981629071 0.155723917 -0.117515367 -0.426635216 -0.094770785 -0.899444768 -0.485713903 0.897679210 -0.165598505 -0.408349325 -0.849888189
0.000000000 0.447557099 0.793473262 0.500000000 0.500000000 0.000000000 0.000000000 -0.099769188 -0.983165206 0.153076085 -0.128668679 -0.401317832 -0.101014466 -0.910351622 -0.488195747 0.910488938 -0.152257205 -0.384483597 -0.766088381
0.000000000 0.447557099 0.793473262 0.500000000 0.500000000 0.000000000 0.000000000 -0.089194605 -0.985387959 0.145103039 -0.127296182 -0.384062644 -0.100390968 -0.917833067 -0.479111546 0.918988688 -0.137594415 -0.369496372 -0.700856763
0.000000000 0.447557099 0.793473262 0.500000000 0.500000000 0.000000000 0.000000000 -0.079999609 -0.987175939 0.138143869 -0.122113067 -0.370376898 -0.099227526 -0.923566376 -0.452865180 0.925430179 -0.125050246 -0.357688999 -0.635943832
0.000000000 0.447557099 0.793473262 0.500000000 0.500000000 0.000000000 0.000000000 -0.074721967 -0.987055931 0.141905664 -0.132042683 -0.329403222 -0.109884052 -0.937773433 -0.418096836 0.941227998 -0.116816458 -0.316928651 -0.561613408
0.000000000 0.447557099 0.793473262 0.500000000 0.500000000 0.000000000 0.000000000 -0.072322786 -0.988605146 0.132019999 -0.131317112 -0.298016707 -0.104899756 -0.948779260 -0.391312859 0.951816924 -0.107962525 -0.287034208 -0.499076112
0.000000000 0.447557099 0.793473262 0.500000000 0.500000000 0.000000000 0.000000000 -0.073802676 -0.988690522 0.130553501 -0.125074813 -0.256018378 -0.107739745 -0.960649123 -0.369986354 0.963850484 -0.104322571 -0.245171462 -0.420572303
0.000000000 0.447557099 0.793473262 0.500000000 0.500000000 0.000000000 0.000000000 -0.077219281 -0.988895389 0.126976743 -0.134350739 -0.214786655 -0.107866704 -0.970686081 -0.342943520 0.973603551 -0.102228591 -0.204072143 -0.339424320
0.000000000 0.447557099 0.793473262 0.500000000 0.500000000 0.000000000 0.000000000 -0.081829476 -0.988910550 0.123934908 -0.132505797 -0.181169273 -0.107520752 -0.977556639 -0.310396723 0.980041648 -0.102446145 -0.170361839 -0.282863743
0.000000000 0.447557099 0.793473262 0.500000000 0.500000000 0.000000000 0.000000000 -0.088566914 -0.988523638 0.122380226 -0.128791711 -0.145652879 -0.108689593 -0.983347249 -0.263140755 0.985363456 -0.104917064 -0.134355012 -0.225401418
0.000000000 0.447557099 0.793473262 0.500000000 0.500000000 0.000000000 0.000000000 -0.094563381 -0.988419039 0.118682648 -0.135221035 -0.115079336 -0.107564350 -0.987515396 -0.224400497 0.988845040 -0.107040715 -0.103574958 -0.170071819
0.000000000 0.447557099 0.793473262 0.500000000 0.500000000 0.000000000 0.000000000 -0.100851860 -0.988303029 0.114394170 -0.131406629 -0.089104434 -0.105545840 -0.990414295 -0.201194883 0.990903276 -0.110078152 -0.077417688 -0.106632968
0.000000000 0.447557099 0.793473262 0.500000000 0.500000000 0.000000000 0.000000000 -0.107565087 -0.988298354 0.108148582 -0.133246911 -0.057024834 -0.102467567 -0.993100481 -0.186183768 0.992561293 -0.112990095 -0.045335617 -0.024033232
0.000000000 0.447557099 0.793473262 0.500000000 0.500000000 0.000000000 0.000000000 -0.111476802 -0.988114968 0.105838239 -0.142853918 -0.031312788 -0.102956615 -0.994192861 -0.167991291 0.993273594 -0.114143531 -0.019463361 0.048798603
0.000000000 0.447557099 0.793473262 0.500000000 0.500000000 0.000000000 0.000000000 -0.115080840 -0.987864520 0.104307676 -0.137842629 -0.001126941 -0.104875415 -0.994484730 -0.135706859 0.993355490 -0.114563687 0.010955886 0.112755710
0.000000000 0.447557099 0.793473262 0.500000000 0.500000000 0.000000000 0.000000000 -0.119066435 -0.986985717 0.108085049 -0.137436188 0.028734176 -0.112239158 -0.993265684 -0.095246386 0.992470418 -0.115158869 0.041724138 0.164543199
0.000000000 0.447557099 0.793473262 0.500000000 0.500000000 0.000000000 0.000000000 -0.124608287 -0.986061876 0.110248589 -0.147149916 0.071694201 -0.119772275 -0.990209343 -0.048693551 0.989612407 -0.115484105 0.085619536 0.228663961
0.000000000 0.447557099 0.793473262 0.500000000 0.500000000 0.000000000 0.000000000 -0.129959656 -0.985565355 0.108496169 -0.144235113 0.108003137 -0.122844164 -0.986531618 -0.018898873 0.985619506 -0.116491383 0.122408935 0.285690761
