0.000000000 0.472135350 0.837656010 0.500000000 0.500000000 0.000000000 0.000000000 -0.165114052 -0.829723031 -0.533195125 0.662995432 -0.979522291 0.201105799 -0.009619778 -1.298146298 0.115210382 0.520688149 -0.845937598 -3.877043958
0.000000000 0.472135350 0.837656010 0.500000000 0.500000000 0.000000000 0.000000000 -0.128994633 -0.827017815 -0.547176313 0.664037798 -0.978750415 0.194875899 -0.063804462 -1.335318576 0.159398903 0.527318611 -0.834581975 -3.900979125
0.000000000 0.472135350 0.837656010 0.500000000 0.500000000 0.000000000 0.000000000 -0.035171522 -0.830925519 -0.555270876 0.666927868 -0.963559539 0.175619262 -0.201769398 -1.354484888 0.265171603 0.527940012 -0.806823007 -3.892762524
0.000000000 0.472135350 0.837656010 0.500000000 0.500000000 0.000000000 0.000000000 0.052360083 -0.832560502 -0.551453925 0.636485251 -0.928871217 0.162161330 -0.333019467 -1.375542315 0.366683357 0.529666606 -0.764850706 -3.904829408
0.000000000 0.472135350 0.837656010 0.500000000 0.500000000 0.000000000 0.000000000 0.130201360 -0.838784890 -0.528665786 0.603775038 -0.877941039 0.150235412 -0.454586464 -1.404558358 0.460724579 0.523325165 -0.716842823 -3.916860728
0.000000000 0.472135350 0.837656010 0.500000000 0.500000000 0.000000000 0.000000000 0.173492446 -0.845264511 -0.505399128 0.600115749 -0.842218195 0.138650322 -0.521003455 -1.424124607 0.510459483 0.516046505 -0.687842367 -3.885204210
0.000000000 0.472135350 0.837656010 0.500000000 0.500000000 0.000000000 0.000000000 0.194103731 -0.847436245 -0.494141228 0.574997893 -0.821656014 0.134739659 -0.553829053 -1.410308618 0.535915233 0.513514397 -0.670147616 -3.855336923
0.000000000 0.472135350 0.837656010 0.500000000 0.500000000 0.000000000 0.000000000 0.197408013 -0.847211576 -0.493216607 0.460218907 -0.820164173 0.132861697 -0.556487644 -1.387994618 0.536992369 0.514373711 -0.668624619 -3.814035621
0.000000000 0.472135350 0.837656010 0.500000000 0.500000000 0.000000000 0.000000000 0.176494057 -0.844750705 -0.505218858 0.243169454 -0.840186905 0.138097802 -0.524418689 -1.335432995 0.512772671 0.517035051 -0.685375039 -3.802145296
0.000000000 0.472135350 0.837656010 0.500000000 0.500000000 0.000000000 0.000000000 0.134043691 -0.840478496 -0.525003035 0.010843958 -0.877599759 0.145385683 -0.456816885 -1.265629862 0.460272693 0.521975958 -0.718115692 -3.796349493
0.000000000 0.472135350 0.837656010 0.500000000 0.500000000 0.000000000 0.000000000 0.089617836 -0.835054816 -0.542818660 -0.234650508 -0.910728675 0.151910354 -0.384052762 -1.171925502 0.403164883 0.528778497 -0.746894489 -3.782390110
0.000000000 0.472135350 0.837656010 0.500000000 0.500000000 0.000000000 0.000000000 0.050662604 -0.826617651 -0.560478867 -0.395358854 -0.932589697 0.161654908 -0.322713725 -1.081968555 0.357365021 0.539046334 -0.762705246 -3.793522492
0.000000000 0.472135350 0.837656010 0.500000000 0.500000000 0.000000000 0.000000000 0.004278866 -0.814508209 -0.580136250 -0.525679242 -0.950748353 0.176493823 -0.254808750 -1.025655728 0.309934284 0.552653876 -0.773637145 -3.831479718
0.000000000 0.472135350 0.837656010 0.500000000 0.500000000 0.000000000 0.000000000 -0.043468846 -0.808146324 -0.587375500 -0.676721312 -0.966938415 0.181905936 -0.178718582 -1.000515525 0.251277856 0.560187244 -0.789334967 -3.803330050
0.000000000 0.472135350 0.837656010 0.500000000 0.500000000 0.000000000 0.000000000 -0.111136255 -0.808993062 -0.577216561 -0.809988749 -0.978339079 0.191130480 -0.079509656 -0.982531763 0.174646439 0.555877113 -0.812711054 -3.672783080
0.000000000 0.472135350 0.837656010 0.500000000 0.500000000 0.000000000 0.000000000 -0.164814217 -0.815338595 -0.555030855 -0.885553128 -0.978559387 0.205643025 -0.011509623 -0.977810206 0.123522464 0.541233704 -0.831750130 -3.481415351
0.000000000 0.472135350 0.837656010 0.500000000 0.500000000 0.000000000 0.000000000 -0.189417510 -0.825341794 -0.531913460 -0.941991963 -0.977176302 0.211505502 0.019796401 -0.887176911 0.096163826 0.523523013 -0.846567288 -3.286321565
0.000000000 0.472135350 0.837656010 0.500000000 0.500000000 0.000000000 0.000000000 -0.214476855 -0.842014573 -0.494985997 -0.995503543 -0.973786226 0.223648243 0.041495169 -0.737500051 0.075763211 0.490910300 -0.867909565 -3.132209444
0.000000000 0.472135350 0.837656010 0.500000000 0.500000000 0.000000000 0.000000000 -0.255967087 -0.870710301 -0.419933830 -1.002250647 -0.966075691 0.245836034 0.079135357 -0.553371664 0.034330896 0.425943912 -0.904097989 -2.982938853
0.000000000 0.472135350 0.837656010 0.500000000 0.500000000 0.000000000 0.000000000 -0.295593700 -0.891782030 -0.342562658 -1.026794253 -0.955313299 0.276284752 0.105086804 -0.378035466 0.000930316 0.358317661 -0.933599266 -2.845190679
0.000000000 0.472135350 0.837656010 0.500000000 0.500000000 0.000000000 0.000000000 -0.314849996 -0.905772960 -0.283627969 -1.047383089 -0.949030986 0.295869965 0.108633108 -0.286633922 -0.014479934 0.303374864 -0.952761262 -2.779752285
0.000000000 0.472135350 0.837656010 0.500000000 0.500000000 0.000000000 0.000000000 -0.308573989 -0.920989437 -0.237824622 -1.078227801 -0.951098024 0.295074119 0.091344474 -0.200175074 -0.013951405 0.254381057 -0.967003431 -2.743346698
0.000000000 0.472135350 0.837656010 0.500000000 0.500000000 0.000000000 0.000000000 -0.275424943 -0.939306894 -0.204557227 -1.102327511 -0.961301860 0.267714471 0.065020738 -0.055727877 -0.006311497 0.214549576 -0.976692707 -2.678113883
0.000000000 0.472135350 0.837656010 0.500000000 0.500000000 0.000000000 0.000000000 -0.239657642 -0.948849250 -0.205546381 -1.064874614 -0.970682241 0.238204835 0.032162758 0.065097470 0.018444533 0.207228272 -0.978118726 -2.626638949
0.000000000 0.472135350 0.837656010 0.500000000 0.500000000 0.000000000 0.000000000 -0.183048468 -0.959480958 -0.214218465 -1.036729114 -0.980610784 0.193705385 -0.029676840 0.332654649 0.069969633 0.204632637 -0.976334848 -2.507364910
0.000000000 0.472135350 0.837656010 0.500000000 0.500000000 0.000000000 0.000000000 -0.153239007 -0.962580049 -0.223511645 -0.999146479 -0.978865301 0.178856850 -0.099161227 0.471621921 0.135427208 0.203592426 -0.969644056 -2.425629828
0.000000000 0.472135350 0.837656010 0.500000000 0.500000000 0.000000000 0.000000000 -0.137677094 -0.963973258 -0.227597398 -0.979065773 -0.972868400 0.174747026 -0.151626363 0.571859416 0.185935727 0.200546839 -0.961877784 -2.426689118
0.000000000 0.472135350 0.837656010 0.500000000 0.500000000 0.000000000 0.000000000 -0.129303614 -0.967063773 -0.219244691 -0.935168866 -0.969213318 0.169977111 -0.178138504 0.732892557 0.209537872 0.189460922 -0.959269743 -2.411836464
0.000000000 0.472135350 0.837656010 0.500000000 0.500000000 0.000000000 0.000000000 -0.123632143 -0.970919992 -0.205010885 -0.860335671 -0.969565145 0.162186676 -0.183409139 0.887945567 0.211325634 0.176096144 -0.961421668 -2.285157807
0.000000000 0.472135350 0.837656010 0.500000000 0.500000000 0.000000000 0.000000000 -0.114934748 -0.974584624 -0.192288362 -0.781260950 -0.974187880 0.148442652 -0.170066908 1.105980712 0.194288388 0.167778395 -0.966489748 -2.034253506
0.000000000 0.472135350 0.837656010 0.500000000 0.500000000 0.000000000 0.000000000 -0.119356725 -0.976942363 -0.177024266 -0.711886181 -0.983842967 0.140342599 -0.111161914 1.268309263 0.133442828 0.160896157 -0.977908706 -1.890179306
0.000000000 0.472135350 0.837656010 0.500000000 0.500000000 0.000000000 0.000000000 -0.161377424 -0.977536340 -0.135572971 -0.624975592 -0.986154338 0.154414664 0.060462655 1.431819247 -0.038169988 0.143453181 -0.988920743 -1.899777778
0.000000000 0.472135350 0.837656010 0.500000000 0.500000000 0.000000000 0.000000000 -0.212253793 -0.974488033 -0.072947937 -0.590258590 -0.942837893 0.184590157 0.277458434 1.524062924 -0.256914452 0.127669684 -0.957964204 -1.992089900
0.000000000 0.472135350 0.837656010 0.500000000 0.500000000 0.000000000 0.000000000 -0.222876512 -0.974423392 -0.028724800 -0.571658395 -0.886586568 0.190358299 0.421577960 1.593072853 -0.405327421 0.119426847 -0.906337084 -2.177410464
0.000000000 0.472135350 0.837656010 0.500000000 0.500000000 0.000000000 0.000000000 -0.228616506 -0.973515737 0.001266140 -0.610032165 -0.854334045 0.201251570 0.479177571 1.634753868 -0.466741719 0.108466195 -0.877717068 -2.307700950
0.000000000 0.472135350 0.837656010 0.500000000 0.500000000 0.000000000 0.000000000 -0.237000096 -0.971079877 0.028893356 -0.720555346 -0.815882701 0.215092483 0.536722127 1.679786821 -0.527414801 0.103629606 -0.843264213 -2.405772708
0.000000000 0.472135350 0.837656010 0.500000000 0.500000000 0.000000000 0.000000000 -0.239248416 -0.969785200 0.047716457 -0.841878819 -0.779047572 0.221060451 0.586700228 1.729039057 -0.579521419 0.103193710 -0.808397169 -2.523081987
0.000000000 0.472135350 0.837656010 0.500000000 0.500000000 0.000000000 0.000000000 -0.236733390 -0.969514696 0.063234135 -0.914311179 -0.746611309 0.223180847 0.626707158 1.737131434 -0.621714448 0.101151189 -0.776684995 -2.631426991
0.000000000 0.472135350 0.837656010 0.500000000 0.500000000 0.000000000 0.000000000 -0.236873203 -0.969165097 0.067897714 -0.794518718 -0.729524269 0.223586549 0.646377131 1.720359076 -0.641627170 0.103576392 -0.759991122 -2.713157134
0.000000000 0.472135350 0.837656010 0.500000000 0.500000000 0.000000000 0.000000000 -0.234787129 -0.969463404 0.070821695 -0.631708338 -0.718814397 0.222206438 0.658733756 1.708953654 -0.654355306 0.103754554 -0.749035464 -2.758960821
0.000000000 0.472135350 0.837656010 0.500000000 0.500000000 0.000000000 0.000000000 -0.237955670 -0.969777473 0.053932848 -0.409118977 -0.722170544 0.213785389 0.657849157 1.668815852 -0.649497348 0.117590223 -0.751216171 -2.753597153
0.000000000 0.472135350 0.837656010 0.500000000 0.500000000 0.000000000 0.000000000 -0.249036547 -0.967623181 -0.041063104 -0.271910081 -0.743084818 0.163711392 0.648863262 1.658319503 -0.621132636 0.192104036 -0.759796215 -2.841145300
0.000000000 0.472135350 0.837656010 0.500000000 0.500000000 0.000000000 0.000000000 -0.267555817 -0.950758916 -0.156433268 -0.169546761 -0.756282292 0.106620276 0.645499195 1.659447790 -0.597035157 0.291014776 -0.747569008 -2.941830243
0.000000000 0.472135350 0.837656010 0.500000000 0.500000000 0.000000000 0.000000000 -0.285261152 -0.918262281 -0.274627854 -0.089165189 -0.763288286 0.044355088 0.644533645 1.665584829 -0.579669792 0.393480634 -0.713551626 -3.010978604
0.000000000 0.472135350 0.837656010 0.500000000 0.500000000 0.000000000 0.000000000 -0.305296284 -0.865546431 -0.397018330 0.070047411 -0.766896532 -0.023673695 0.641333973 1.589515715 -0.564503223 0.500268859 -0.656557065 -3.056849179
0.000000000 0.472135350 0.837656010 0.500000000 0.500000000 0.000000000 0.000000000 -0.303367823 -0.805622609 -0.508861648 0.226152089 -0.774528201 -0.102587338 0.624164965 1.539959719 -0.555044169 0.583479263 -0.592855733 -3.084259516
0.000000000 0.472135350 0.837656010 0.500000000 0.500000000 0.000000000 0.000000000 -0.298376426 -0.751401215 -0.588530138 0.354052958 -0.774141580 -0.170149803 0.609716211 1.492661395 -0.558279789 0.637530595 -0.530922234 -3.082546156
0.000000000 0.472135350 0.837656010 0.500000000 0.500000000 0.000000000 0.000000000 -0.286999907 -0.703238601 -0.650451015 0.385892929 -0.777849617 -0.225218376 0.586708323 1.461829364 -0.559089462 0.674338307 -0.482376224 -3.087983113
0.000000000 0.472135350 0.837656010 0.500000000 0.500000000 0.000000000 0.000000000 -0.280917125 -0.682025443 -0.675223566 0.366355814 -0.776009243 -0.252556947 0.577948651 1.442839036 -0.564708087 0.686335402 -0.458310476 -3.075523364
0.000000000 0.472135350 0.837656010 0.500000000 0.500000000 0.000000000 0.000000000 -0.262143190 -0.672445047 -0.692169493 0.382906796 -0.769550823 -0.287126875 0.570394327 1.395103111 -0.582299304 0.682184591 -0.442212285 -3.019878799
0.000000000 0.472135350 0.837656010 0.500000000 0.500000000 0.000000000 0.000000000 -0.241652206 -0.669489306 -0.702416031 0.389131732 -0.761732748 -0.317557458 0.564730450 1.365150379 -0.601138447 0.671521652 -0.433233469 -2.971802713
0.000000000 0.472135350 0.837656010 0.500000000 0.500000000 0.000000000 0.000000000 -0.245013001 -0.677874883 -0.693148088 0.529704379 -0.748961989 -0.321651907 0.579306472 1.324073297 -0.615649712 0.661079189 -0.428893622 -2.921537479
0.000000000 0.472135350 0.837656010 0.500000000 0.500000000 0.000000000 0.000000000 -0.242235705 -0.733140116 -0.635474181 0.714313236 -0.738844224 -0.285124423 0.610584372 1.266604937 -0.628833106 0.617421764 -0.472609024 -2.918452870
0.000000000 0.472135350 0.837656010 0.500000000 0.500000000 0.000000000 0.000000000 -0.238491190 -0.817586818 -0.524093261 0.899110782 -0.731801375 -0.203476561 0.650433730 1.196709491 -0.638426739 0.538654883 -0.549783790 -2.938651681
0.000000000 0.472135350 0.837656010 0.500000000 0.500000000 0.000000000 0.000000000 -0.238876042 -0.866016705 -0.439264502 1.094674924 -0.729669722 -0.138394743 0.669648409 1.139364233 -0.640718606 0.480480969 -0.598846981 -2.980001434
0.000000000 0.472135350 0.837656010 0.500000000 0.500000000 0.000000000 0.000000000 -0.240822799 -0.882303144 -0.404407642 1.214087257 -0.725184772 -0.113357960 0.679159053 1.121784518 -0.645066993 0.456827248 -0.612533623 -3.028261531
0.000000000 0.472135350 0.837656010 0.500000000 0.500000000 0.000000000 0.000000000 -0.244480007 -0.887331135 -0.390989748 1.211171087 -0.723012361 -0.101872273 0.683282640 1.102584859 -0.646128975 0.449739365 -0.616645645 -3.074545303
0.000000000 0.472135350 0.837656010 0.500000000 0.500000000 0.000000000 0.000000000 -0.243417809 -0.893637636 -0.377040510 1.160969374 -0.724076443 -0.091216955 0.683661299 1.136565037 -0.645337954 0.439421487 -0.624858129 -3.140894476
0.000000000 0.472135350 0.837656010 0.500000000 0.500000000 0.000000000 0.000000000 -0.240280826 -0.909959298 -0.337992901 1.146097130 -0.712345505 -0.071239480 0.698203995 1.143858392 -0.659415655 0.408532756 -0.631087934 -3.196523161
0.000000000 0.472135350 0.837656010 0.500000000 0.500000000 0.000000000 0.000000000 -0.237892320 -0.922456055 -0.304108651 1.138629094 -0.694394639 -0.057397293 0.717301635 1.105909446 -0.679134250 0.381811967 -0.626894164 -3.218021979
0.000000000 0.472135350 0.837656010 0.500000000 0.500000000 0.000000000 0.000000000 -0.237087354 -0.929538977 -0.282394894 1.118612187 -0.668880884 -0.054621821 0.741360115 1.133397751 -0.704548046 0.364655654 -0.608800710 -3.218662398
0.000000000 0.472135350 0.837656010 0.500000000 0.500000000 0.000000000 0.000000000 -0.238440980 -0.937064740 -0.255059938 0.975406235 -0.645420645 -0.043340807 0.762596725 1.191983809 -0.725657006 0.346455260 -0.594466704 -3.115456001
0.000000000 0.472135350 0.837656010 0.500000000 0.500000000 0.000000000 0.000000000 -0.238996205 -0.941009373 -0.239545766 0.768301869 -0.636470968 -0.034497810 0.770528785 1.243561803 -0.733338613 0.336617381 -0.590680300 -2.980006279
0.000000000 0.472135350 0.837656010 0.500000000 0.500000000 0.000000000 0.000000000 -0.242577669 -0.941864854 -0.232479398 0.352616511 -0.635654580 -0.026718093 0.771511113 1.325242723 -0.732870609 0.334927962 -0.592219496 -2.746586468
0.000000000 0.472135350 0.837656010 0.500000000 0.500000000 0.000000000 0.000000000 -0.246990080 -0.941237426 -0.230364945 0.103555261 -0.635969238 -0.021913881 0.771403209 1.385718287 -0.731121760 0.337033959 -0.593185537 -2.544834327
0.000000000 0.472135350 0.837656010 0.500000000 0.500000000 0.000000000 0.000000000 -0.251935869 -0.941464900 -0.223991428 -0.015818380 -0.633632852 -0.014469162 0.773498580 1.407334930 -0.731462731 0.336800364 -0.592897789 -2.303027315
0.000000000 0.472135350 0.837656010 0.500000000 0.500000000 0.000000000 0.000000000 -0.258248612 -0.942350310 -0.212799314 -0.053170563 -0.618357308 -0.008001035 0.785856363 1.396821388 -0.742254602 0.334532326 -0.580642944 -2.072755620
0.000000000 0.472135350 0.837656010 0.500000000 0.500000000 0.000000000 0.000000000 -0.261413691 -0.946938765 -0.187002293 -0.055041097 -0.593785792 0.005027036 0.804607459 1.357312003 -0.760973926 0.321374710 -0.563592920 -1.781360458
0.000000000 0.472135350 0.837656010 0.500000000 0.500000000 0.000000000 0.000000000 -0.261418996 -0.952368801 -0.157015211 -0.064123248 -0.555937592 0.015583004 0.831077953 1.368316487 -0.789045945 0.304550222 -0.533531311 -1.446806652
0.000000000 0.472135350 0.837656010 0.500000000 0.500000000 0.000000000 0.000000000 -0.268934834 -0.954216952 -0.130935339 -0.004926883 -0.496733794 0.020941715 0.867650265 1.467289534 -0.825184581 0.298381388 -0.479623764 -1.213189605
0.000000000 0.472135350 0.837656010 0.500000000 0.500000000 0.000000000 0.000000000 -0.284103592 -0.956915586 -0.059980914 0.046172300 -0.376570228 0.053832593 0.924822640 1.627970272 -0.881748271 0.285332460 -0.375639954 -0.990130860
0.000000000 0.472135350 0.837656010 0.500000000 0.500000000 0.000000000 0.000000000 -0.278845396 -0.959627710 0.036876862 0.101918602 -0.211806032 0.098909481 0.972293741 1.756546001 -0.936687488 0.263308892 -0.230835391 -0.856405504
0.000000000 0.472135350 0.837656010 0.500000000 0.500000000 0.000000000 0.000000000 -0.255908292 -0.961954327 0.095680817 0.109408303 -0.043824351 0.110419236 0.992918435 1.889633731 -0.965707188 0.249902911 -0.070414222 -0.872248397
0.000000000 0.472135350 0.837656010 0.500000000 0.500000000 0.000000000 0.000000000 -0.224263196 -0.967705054 0.115121444 0.080061619 0.055444612 0.105269205 0.992896918 2.079990437 -0.972950109 0.229053100 0.030046023 -0.880470604
0.000000000 0.472135350 0.837656010 0.500000000 0.500000000 0.000000000 0.000000000 -0.204263573 -0.969885183 0.132661692 0.009252937 0.124395955 0.108702963 0.986260266 2.293398290 -0.970979937 0.217959624 0.098445738 -0.842516798
0.000000000 0.472135350 0.837656010 0.500000000 0.500000000 0.000000000 0.000000000 -0.181779708 -0.968740336 0.168814391 -0.041830363 0.194887431 0.132777283 0.971796832 2.609061468 -0.963833506 0.209552748 0.164659100 -0.795730161
0.000000000 0.472135350 0.837656010 0.500000000 0.500000000 0.000000000 0.000000000 -0.158930011 -0.963136127 0.217048501 -0.030721780 0.241439257 0.175252625 0.954459848 2.878031852 -0.957313082 0.204096343 0.204685970 -0.816841238
0.000000000 0.472135350 0.837656010 0.500000000 0.500000000 0.000000000 0.000000000 -0.140252842 -0.958687520 0.247482079 0.055932018 0.255585418 0.206426134 0.944491580 3.113010176 -0.956559060 0.195720439 0.216074699 -0.869184239
0.000000000 0.472135350 0.837656010 0.500000000 0.500000000 0.000000000 0.000000000 -0.135133148 -0.957884084 0.253371493 0.168577395 0.255926297 0.213295777 0.942871488 3.321419588 -0.957204661 0.192257620 0.216324397 -0.897092108
0.000000000 0.472135350 0.837656010 0.500000000 0.500000000 0.000000000 0.000000000 -0.138306335 -0.960274006 0.242374071 0.301559899 0.249542103 0.203041837 0.946838292 3.428634203 -0.958436277 0.191436270 0.211546823 -0.895150547
0.000000000 0.472135350 0.837656010 0.500000000 0.500000000 0.000000000 0.000000000 -0.149434770 -0.971272263 0.185201081 0.417563293 0.236101858 0.146835077 0.960570337 3.514082729 -0.960169340 0.187268927 0.207376920 -0.902323099
