0.000000000 0.454143521 0.804615310 0.500000000 0.500000000 0.000000000 0.000000000 0.171369043 -0.976676062 -0.129369706 -0.827789066 0.792754944 0.214664589 -0.570489888 -5.550486709 0.584954913 -0.004794168 0.811051642 -0.839812717
0.000000000 0.454143521 0.804615310 0.500000000 0.500000000 0.000000000 0.000000000 0.172422200 -0.976647383 -0.128181413 -0.826532731 0.791099426 0.214832128 -0.572720573 -5.534509047 0.586883535 -0.002654500 0.809667012 -0.834230605
0.000000000 0.454143521 0.804615310 0.500000000 0.500000000 0.000000000 0.000000000 0.173366649 -0.976905192 -0.124900965 -0.819757890 0.789233210 0.213669653 -0.575722346 -5.515305064 0.589113694 0.001235065 0.808049212 -0.823354011
0.000000000 0.454143521 0.804615310 0.500000000 0.500000000 0.000000000 0.000000000 0.172656111 -0.977199457 -0.123576246 -0.815183809 0.788283776 0.212310934 -0.577522949 -5.507119245 0.590591700 0.002299716 0.806967258 -0.811589756
0.000000000 0.454143521 0.804615310 0.500000000 0.500000000 0.000000000 0.000000000 0.170747430 -0.977836311 -0.121167092 -0.799935754 0.786922459 0.209337031 -0.580457623 -5.488843876 0.592957300 0.003762541 0.805225114 -0.769808862
0.000000000 0.454143521 0.804615310 0.500000000 0.500000000 0.000000000 0.000000000 0.167559484 -0.978664042 -0.118913883 -0.776659572 0.786147706 0.205424353 -0.582900180 -5.457228655 0.594891254 0.004186577 0.803795290 -0.682410114
0.000000000 0.454143521 0.804615310 0.500000000 0.500000000 0.000000000 0.000000000 0.163551423 -0.979394016 -0.118483303 -0.742129429 0.785246268 0.201940860 -0.585327419 -5.413067430 0.597192792 0.002692561 0.802093211 -0.570578523
0.000000000 0.454143521 0.804615310 0.500000000 0.500000000 0.000000000 0.000000000 0.158797267 -0.979861790 -0.121054948 -0.703087115 0.783393557 0.199672228 -0.588579252 -5.351402132 0.600897630 -0.001368890 0.799324818 -0.433277173
0.000000000 0.454143521 0.804615310 0.500000000 0.500000000 0.000000000 0.000000000 0.156078788 -0.980028088 -0.123224828 -0.661506316 0.783681094 0.198803134 -0.588490660 -5.311304044 0.601234859 -0.004718059 0.799058436 -0.329517146
0.000000000 0.454143521 0.804615310 0.500000000 0.500000000 0.000000000 0.000000000 0.155082351 -0.979940950 -0.125160692 -0.632894168 0.785238436 0.199152213 -0.586292584 -5.280345714 0.599458141 -0.007357354 0.800372293 -0.260839506
0.000000000 0.454143521 0.804615310 0.500000000 0.500000000 0.000000000 0.000000000 0.153824918 -0.979256904 -0.131885598 -0.582851423 0.790810551 0.202034735 -0.577754825 -5.211441853 0.592415873 -0.015423434 0.805484669 -0.114449587
0.000000000 0.454143521 0.804615310 0.500000000 0.500000000 0.000000000 0.000000000 0.152824027 -0.979240942 -0.133161535 -0.558743964 0.796989594 0.201795204 -0.569285765 -5.136225713 0.584339288 -0.019127815 0.811283997 0.035343247
0.000000000 0.454143521 0.804615310 0.500000000 0.500000000 0.000000000 0.000000000 0.150878474 -0.980132527 -0.128747486 -0.533820865 0.806802480 0.197347785 -0.556887430 -5.025467118 0.571231516 -0.019851465 0.820548886 0.167984624
0.000000000 0.454143521 0.804615310 0.500000000 0.500000000 0.000000000 0.000000000 0.148307745 -0.981466027 -0.121364121 -0.508118509 0.814416458 0.190829298 -0.548005486 -4.906516434 0.561008597 -0.017567479 0.827623548 0.262864910
0.000000000 0.454143521 0.804615310 0.500000000 0.500000000 0.000000000 0.000000000 0.145009820 -0.982798167 -0.114367459 -0.476816224 0.820804778 0.184034710 -0.540750166 -4.764447880 0.552495854 -0.015459272 0.833372271 0.375307250
0.000000000 0.454143521 0.804615310 0.500000000 0.500000000 0.000000000 0.000000000 0.143191625 -0.983643875 -0.109274362 -0.450977134 0.823956682 0.179648435 -0.537421461 -4.650549059 0.548262296 -0.013083088 0.836204094 0.459517098
0.000000000 0.454143521 0.804615310 0.500000000 0.500000000 0.000000000 0.000000000 0.142196566 -0.984309215 -0.104477295 -0.432233003 0.828307927 0.176114643 -0.531873679 -4.514693333 0.541928145 -0.010908761 0.840354023 0.514290625
0.000000000 0.454143521 0.804615310 0.500000000 0.500000000 0.000000000 0.000000000 0.141567049 -0.984975437 -0.098904799 -0.427608612 0.830736152 0.172542694 -0.529250852 -4.373243066 0.538364389 -0.007239311 0.842681065 0.495448549
0.000000000 0.454143521 0.804615310 0.500000000 0.500000000 0.000000000 0.000000000 0.141256699 -0.985821751 -0.090565011 -0.428684503 0.835381406 0.167787146 -0.523436128 -4.227532526 0.531210365 -0.001717467 0.847238218 0.447928479
0.000000000 0.454143521 0.804615310 0.500000000 0.500000000 0.000000000 0.000000000 0.140161123 -0.986741836 -0.081825480 -0.425709060 0.835975359 0.162218373 -0.524242691 -4.057178430 0.530565791 0.005074359 0.847628569 0.444514217
0.000000000 0.454143521 0.804615310 0.500000000 0.500000000 0.000000000 0.000000000 0.138560679 -0.987080667 -0.080453064 -0.408001821 0.844301923 0.160197329 -0.511361984 -3.844574534 0.517643894 0.002927987 0.855591156 0.479421701
0.000000000 0.454143521 0.804615310 0.500000000 0.500000000 0.000000000 0.000000000 0.136431273 -0.987488933 -0.079070312 -0.379136103 0.852914235 0.157687659 -0.497666464 -3.631639459 0.503908538 0.000457074 0.863756897 0.549431121
0.000000000 0.454143521 0.804615310 0.500000000 0.500000000 0.000000000 0.000000000 0.131909426 -0.988080479 -0.079352821 -0.347927891 0.861551089 0.153870936 -0.483790715 -3.385138027 0.490234255 -0.004549954 0.871578840 0.618481675
0.000000000 0.454143521 0.804615310 0.500000000 0.500000000 0.000000000 0.000000000 0.127165729 -0.989235884 -0.072396427 -0.330269753 0.872426621 0.146278781 -0.466341408 -3.188493223 0.471911716 -0.003857926 0.881637368 0.637486863
0.000000000 0.454143521 0.804615310 0.500000000 0.500000000 0.000000000 0.000000000 0.121925212 -0.990824725 -0.058314724 -0.310656636 0.886598813 0.135134668 -0.442358639 -3.018315428 0.446180218 0.002232905 0.894940349 0.616849776
0.000000000 0.454143521 0.804615310 0.500000000 0.500000000 0.000000000 0.000000000 0.113571574 -0.992278341 -0.049851695 -0.294543441 0.902299006 0.124016294 -0.412887955 -2.802609008 0.415882197 0.001911200 0.909416486 0.595774055
0.000000000 0.454143521 0.804615310 0.500000000 0.500000000 0.000000000 0.000000000 0.101489086 -0.993778204 -0.045878610 -0.305055959 0.918077518 0.111321921 -0.380448553 -2.586438887 0.383188774 -0.003508745 0.923663387 0.613967225
0.000000000 0.454143521 0.804615310 0.500000000 0.500000000 0.000000000 0.000000000 0.087970054 -0.995272146 -0.041165834 -0.302004255 0.935886670 0.096732712 -0.338760865 -2.397140135 0.341141336 -0.008725744 0.939971516 0.625652360
0.000000000 0.454143521 0.804615310 0.500000000 0.500000000 0.000000000 0.000000000 0.071477695 -0.996840550 -0.034638945 -0.284152551 0.954717430 0.078429835 -0.286990227 -2.168947678 0.288800223 -0.012557005 0.957307032 0.652538809
0.000000000 0.454143521 0.804615310 0.500000000 0.500000000 0.000000000 0.000000000 0.055543066 -0.997968810 -0.031196519 -0.273396220 0.968981830 0.061412779 -0.239379789 -1.936610312 0.240809428 -0.016932973 0.970424698 0.673962065
0.000000000 0.454143521 0.804615310 0.500000000 0.500000000 0.000000000 0.000000000 0.036605031 -0.998993546 -0.025922340 -0.295600210 0.983446909 0.040617490 -0.176585379 -1.709284166 0.177460554 -0.019029332 0.983943919 0.670840694
0.000000000 0.454143521 0.804615310 0.500000000 0.500000000 0.000000000 0.000000000 0.024477195 -0.999485790 -0.020712846 -0.301925339 0.990731277 0.027021545 -0.133121646 -1.569756399 0.133612887 -0.017262420 0.990883245 0.635327608
0.000000000 0.454143521 0.804615310 0.500000000 0.500000000 0.000000000 0.000000000 0.012234934 -0.999851285 -0.012153758 -0.291986853 0.997037337 0.013121790 -0.075791607 -1.396809449 0.075939815 -0.011190446 0.997049607 0.537936239
0.000000000 0.454143521 0.804615310 0.500000000 0.500000000 0.000000000 0.000000000 0.006977358 -0.999954011 -0.006579644 -0.299605701 0.999188504 0.007232737 -0.039623495 -1.277434399 0.039669262 -0.006297837 0.999193018 0.458054211
0.000000000 0.454143521 0.804615310 0.500000000 0.500000000 0.000000000 0.000000000 0.001470894 -0.999996360 -0.002262055 -0.326730570 0.999981691 0.001457587 0.005873016 -1.082565603 -0.005869698 -0.002270652 0.999980195 0.354383044
0.000000000 0.454143521 0.804615310 0.500000000 0.500000000 0.000000000 0.000000000 -0.002555485 -0.999996142 -0.001088788 -0.341631454 0.999202569 -0.002596838 0.039843233 -0.930993032 -0.039845907 -0.000986101 0.999205350 0.271394111
0.000000000 0.454143521 0.804615310 0.500000000 0.500000000 0.000000000 0.000000000 -0.008179205 -0.999966474 -0.000389769 -0.359007006 0.997178526 -0.008185486 0.074618931 -0.731176323 -0.074619620 0.000221654 0.997212045 0.204279116
0.000000000 0.454143521 0.804615310 0.500000000 0.500000000 0.000000000 0.000000000 -0.014678899 -0.999880763 -0.004794810 -0.372044283 0.993192162 -0.015134573 0.115500106 -0.516869368 -0.115558902 -0.003066753 0.993295895 0.157621056
0.000000000 0.454143521 0.804615310 0.500000000 0.500000000 0.000000000 0.000000000 -0.021777792 -0.999722657 -0.008963084 -0.386963637 0.988521828 -0.022872683 0.149336651 -0.303233136 -0.149500244 -0.005607981 0.988745785 0.142342235
0.000000000 0.454143521 0.804615310 0.500000000 0.500000000 0.000000000 0.000000000 -0.030288202 -0.999462094 -0.012575693 -0.392212105 0.982911263 -0.032067401 0.181265363 -0.116171926 -0.181571129 -0.006870589 0.983353812 0.160795061
0.000000000 0.454143521 0.804615310 0.500000000 0.500000000 0.000000000 0.000000000 -0.037833239 -0.999194898 -0.013349206 -0.378039743 0.976921050 -0.039793606 0.209861216 0.034062780 -0.210223470 -0.005101391 0.977640051 0.204633238
0.000000000 0.454143521 0.804615310 0.500000000 0.500000000 0.000000000 0.000000000 -0.043820191 -0.998950949 -0.013296337 -0.356189968 0.969909049 -0.045729185 0.239134436 0.159046782 -0.239491603 -0.002417321 0.970895426 0.260526893
0.000000000 0.454143521 0.804615310 0.500000000 0.500000000 0.000000000 0.000000000 -0.051465646 -0.998475930 -0.019927484 -0.345734707 0.960135114 -0.054959468 0.274080318 0.364551574 -0.274757804 -0.005027357 0.961500325 0.297451579
0.000000000 0.454143521 0.804615310 0.500000000 0.500000000 0.000000000 0.000000000 -0.059235903 -0.998094177 -0.017295129 -0.360012342 0.947378128 -0.061669082 0.314120371 0.562610632 -0.314588288 0.002222177 0.949225616 0.316395353
0.000000000 0.454143521 0.804615310 0.500000000 0.500000000 0.000000000 0.000000000 -0.067358592 -0.997668495 -0.010972440 -0.357658612 0.932188217 -0.066850164 0.355747360 0.735986152 -0.355651443 0.013734262 0.934517748 0.287844281
0.000000000 0.454143521 0.804615310 0.500000000 0.500000000 0.000000000 0.000000000 -0.076572708 -0.997012697 -0.010114423 -0.372805842 0.915527034 -0.074324954 0.395330307 0.955488302 -0.394901090 0.021011485 0.918483340 0.222050204
0.000000000 0.454143521 0.804615310 0.500000000 0.500000000 0.000000000 0.000000000 -0.084147858 -0.996401851 -0.010123698 -0.398916042 0.902446046 -0.080513075 0.423212451 1.124854472 -0.422504760 0.026476330 0.905973913 0.187210296
0.000000000 0.454143521 0.804615310 0.500000000 0.500000000 0.000000000 0.000000000 -0.094363273 -0.995487723 -0.009988281 -0.402075223 0.883261821 -0.088345539 0.460481945 1.317669303 -0.459286543 0.034630317 0.887612873 0.183755319
0.000000000 0.454143521 0.804615310 0.500000000 0.500000000 0.000000000 0.000000000 -0.102204772 -0.994681696 -0.012747880 -0.385718367 0.865634035 -0.095244492 0.491534540 1.476630324 -0.490134575 0.039202177 0.870764772 0.190852282
0.000000000 0.454143521 0.804615310 0.500000000 0.500000000 0.000000000 0.000000000 -0.109191906 -0.993837847 -0.019064652 -0.374595040 0.846528982 -0.103026024 0.522278011 1.647420205 -0.521023809 0.040889751 0.852562149 0.208318596
0.000000000 0.454143521 0.804615310 0.500000000 0.500000000 0.000000000 0.000000000 -0.115536839 -0.992939300 -0.026884674 -0.374014191 0.832513728 -0.111562823 0.542655166 1.790358401 -0.541822971 0.040314802 0.839525214 0.208973164
0.000000000 0.454143521 0.804615310 0.500000000 0.500000000 0.000000000 0.000000000 -0.124822283 -0.991575696 -0.034598221 -0.370088237 0.811690788 -0.122107617 0.571181052 1.988641090 -0.570593956 0.043213065 0.820094610 0.175221736
0.000000000 0.454143521 0.804615310 0.500000000 0.500000000 0.000000000 0.000000000 -0.131124098 -0.990558842 -0.039995635 -0.364866687 0.795005537 -0.129168906 0.592690129 2.134945045 -0.592260641 0.045919208 0.804436921 0.111909663
0.000000000 0.454143521 0.804615310 0.500000000 0.500000000 0.000000000 0.000000000 -0.138595506 -0.989171186 -0.048287171 -0.346218075 0.771345353 -0.138399011 0.621186011 2.365344753 -0.621142199 0.048847504 0.782174079 0.025034924
0.000000000 0.454143521 0.804615310 0.500000000 0.500000000 0.000000000 0.000000000 -0.141843786 -0.988543063 -0.051603817 -0.327271801 0.758398590 -0.142027998 0.636128625 2.501406207 -0.636169726 0.051094631 0.769855453 -0.014146535
0.000000000 0.454143521 0.804615310 0.500000000 0.500000000 0.000000000 0.000000000 -0.144957376 -0.987989970 -0.053508679 -0.301731636 0.741265234 -0.144260784 0.655526262 2.678088997 -0.655372575 0.055359243 0.753274280 -0.027385377
0.000000000 0.454143521 0.804615310 0.500000000 0.500000000 0.000000000 0.000000000 -0.146340258 -0.987901871 -0.051326618 -0.262448718 0.725782521 -0.142478143 0.673007958 2.849126919 -0.672178742 0.061236196 0.737852198 0.006309858
0.000000000 0.454143521 0.804615310 0.500000000 0.500000000 0.000000000 0.000000000 -0.146359116 -0.987997713 -0.049391575 -0.244169911 0.712988904 -0.139967492 0.687063260 2.981315750 -0.685730145 0.065342327 0.724916925 0.048889720
0.000000000 0.454143521 0.804615310 0.500000000 0.500000000 0.000000000 0.000000000 -0.146755850 -0.988096479 -0.046131003 -0.248474343 0.696073403 -0.136293677 0.704915492 3.179674266 -0.702811879 0.071339908 0.707789573 0.101367789
0.000000000 0.454143521 0.804615310 0.500000000 0.500000000 0.000000000 0.000000000 -0.148673335 -0.988007788 -0.041675529 -0.249739009 0.685170973 -0.133308301 0.716079349 3.317678528 -0.713047668 0.077907042 0.696773647 0.108074308
0.000000000 0.454143521 0.804615310 0.500000000 0.500000000 0.000000000 0.000000000 -0.151721359 -0.987726800 -0.037099840 -0.246372770 0.670240899 -0.130395316 0.730598521 3.467560766 -0.726469384 0.085981571 0.681798653 0.064988652
0.000000000 0.454143521 0.804615310 0.500000000 0.500000000 0.000000000 0.000000000 -0.155129248 -0.987224388 -0.036372015 -0.238392171 0.655072844 -0.130355688 0.744235825 3.636678242 -0.739469057 0.091626424 0.666925867 -0.027763327
0.000000000 0.454143521 0.804615310 0.500000000 0.500000000 0.000000000 0.000000000 -0.158155884 -0.986719462 -0.037032689 -0.235366223 0.640482394 -0.131059500 0.756707149 3.825736437 -0.751511157 0.095958903 0.652704275 -0.132801796
0.000000000 0.454143521 0.804615310 0.500000000 0.500000000 0.000000000 0.000000000 -0.160680932 -0.986285288 -0.037722252 -0.238670900 0.626059482 -0.131392123 0.768625810 3.969976536 -0.763040735 0.099887138 0.638585465 -0.202933854
0.000000000 0.454143521 0.804615310 0.500000000 0.500000000 0.000000000 0.000000000 -0.163726794 -0.985737705 -0.038919332 -0.248987498 0.613530872 -0.132640000 0.778451347 4.087772628 -0.772511104 0.103575132 0.626497235 -0.264219466
0.000000000 0.454143521 0.804615310 0.500000000 0.500000000 0.000000000 0.000000000 -0.167294733 -0.985015342 -0.041919540 -0.250633201 0.600377256 -0.135509505 0.788152475 4.169030992 -0.782022776 0.106686220 0.614050835 -0.304291877
0.000000000 0.454143521 0.804615310 0.500000000 0.500000000 0.000000000 0.000000000 -0.171285312 -0.984030938 -0.048419579 -0.245801480 0.589249144 -0.141706905 0.795427306 4.246378540 -0.789586466 0.107713819 0.604111699 -0.370214603
0.000000000 0.454143521 0.804615310 0.500000000 0.500000000 0.000000000 0.000000000 -0.174605222 -0.983470778 -0.047940020 -0.236056518 0.571893062 -0.140926809 0.808132390 4.335927272 -0.801530625 0.113687571 0.587046671 -0.480536446
0.000000000 0.454143521 0.804615310 0.500000000 0.500000000 0.000000000 0.000000000 -0.177420955 -0.982858025 -0.050118942 -0.225773145 0.551963002 -0.141542259 0.821767993 4.463347236 -0.814775214 0.118135061 0.567613828 -0.631268514
0.000000000 0.454143521 0.804615310 0.500000000 0.500000000 0.000000000 0.000000000 -0.179684495 -0.982433608 -0.050375477 -0.227705643 0.542060441 -0.141614583 0.828321066 4.575537548 -0.820904355 0.121529899 0.557984340 -0.718317618
0.000000000 0.454143521 0.804615310 0.500000000 0.500000000 0.000000000 0.000000000 -0.181101260 -0.982283700 -0.048177444 -0.226964690 0.531138537 -0.138918607 0.835819044 4.721981405 -0.827704167 0.125778985 0.546887063 -0.795140375
0.000000000 0.454143521 0.804615310 0.500000000 0.500000000 0.000000000 0.000000000 -0.179729931 -0.982756412 -0.043439468 -0.207278698 0.522733433 -0.132820909 0.842085722 4.841447391 -0.833334812 0.128640747 0.537591526 -0.839998198
0.000000000 0.454143521 0.804615310 0.500000000 0.500000000 0.000000000 0.000000000 -0.177221935 -0.983292600 -0.041569799 -0.199159280 0.516104058 -0.128817797 0.846783666 4.935536294 -0.837991042 0.128614298 0.530310641 -0.858233884
0.000000000 0.454143521 0.804615310 0.500000000 0.500000000 0.000000000 0.000000000 -0.173168620 -0.983928345 -0.043561930 -0.187908699 0.507857522 -0.127103058 0.852012647 5.029657280 -0.843856248 0.125418601 0.521705672 -0.878945430
0.000000000 0.454143521 0.804615310 0.500000000 0.500000000 0.000000000 0.000000000 -0.168124854 -0.984494434 -0.050047403 -0.144479228 0.495885236 -0.128343959 0.858851361 5.115598226 -0.851957667 0.119576491 0.509774065 -0.913552639
0.000000000 0.454143521 0.804615310 0.500000000 0.500000000 0.000000000 0.000000000 -0.162093805 -0.985210225 -0.055555474 -0.068511156 0.485889920 -0.128690419 0.864493934 5.184806080 -0.858857721 0.113135266 0.499563637 -0.954809663
0.000000000 0.454143521 0.804615310 0.500000000 0.500000000 0.000000000 0.000000000 -0.156767943 -0.985351782 -0.067124341 0.012037751 0.483950197 -0.135886075 0.864480874 5.206416405 -0.860939033 0.103038050 0.498163770 -1.006830639
0.000000000 0.454143521 0.804615310 0.500000000 0.500000000 0.000000000 0.000000000 -0.148662075 -0.986340337 -0.070938895 0.128969369 0.483020133 -0.135022937 0.865136034 5.235415988 -0.862896946 0.094348003 0.496495031 -1.068554815
0.000000000 0.454143521 0.804615310 0.500000000 0.500000000 0.000000000 0.000000000 -0.142132546 -0.987175675 -0.072680989 0.199732899 0.477627104 -0.132710380 0.868481609 5.271295734 -0.866989440 0.088725092 0.490364323 -1.058642809
0.000000000 0.454143521 0.804615310 0.500000000 0.500000000 0.000000000 0.000000000 -0.135759295 -0.988743437 -0.062895391 0.288801556 0.482107492 -0.121388927 0.867661855 5.304094437 -0.865529769 0.087470823 0.493160293 -0.962305291
0.000000000 0.454143521 0.804615310 0.500000000 0.500000000 0.000000000 0.000000000 -0.132971225 -0.990055823 -0.045914271 0.382886217 0.502108780 -0.107232797 0.858130468 5.293590246 -0.854520583 0.091052701 0.511374598 -0.819633192
