0.000000000 0.698503968 1.245694497 0.500000000 0.500000000 0.000000000 0.000000000 -0.035840772 -0.999189873 0.018303984 1.861912896 0.997473147 -0.034642956 0.062025696 -0.238059050 -0.061341343 0.020480782 0.997906698 2.106255266
0.000000000 0.698503968 1.245694497 0.500000000 0.500000000 0.000000000 0.000000000 -0.037476057 -0.999136132 0.017959279 1.862746959 0.997310288 -0.036262645 0.063696227 -0.211763751 -0.062989951 0.020298057 0.997807724 2.107370450
0.000000000 0.698503968 1.245694497 0.500000000 0.500000000 0.000000000 0.000000000 -0.039360796 -0.999067734 0.017731074 1.864851419 0.997102236 -0.038114928 0.065836032 -0.184659324 -0.065098837 0.020271052 0.997672905 2.108052493
0.000000000 0.698503968 1.245694497 0.500000000 0.500000000 0.000000000 0.000000000 -0.041512581 -0.998984291 0.017524020 1.863498010 0.996856497 -0.040226820 0.068256342 -0.157412782 -0.067482078 0.020302430 0.997513900 2.107156428
0.000000000 0.698503968 1.245694497 0.500000000 0.500000000 0.000000000 0.000000000 -0.044098821 -0.998875654 0.017398875 1.859647697 0.996565837 -0.042761735 0.070908152 -0.130400815 -0.070084420 0.020466091 0.997331095 2.105435561
0.000000000 0.698503968 1.245694497 0.500000000 0.500000000 0.000000000 0.000000000 -0.046948354 -0.998747004 0.017328431 1.857481124 0.996229243 -0.045548835 0.073841723 -0.103739713 -0.072959909 0.020729837 0.997119414 2.103740677
0.000000000 0.698503968 1.245694497 0.500000000 0.500000000 0.000000000 0.000000000 -0.050016918 -0.998601398 0.017133475 1.855780141 0.995825534 -0.048551728 0.077293183 -0.075421657 -0.076353221 0.020927919 0.996861178 2.101455279
0.000000000 0.698503968 1.245694497 0.500000000 0.500000000 0.000000000 0.000000000 -0.053594719 -0.998422606 0.016730389 1.854002903 0.995356239 -0.052073508 0.080958670 -0.047477668 -0.079959757 0.020991654 0.996577036 2.098798667
0.000000000 0.698503968 1.245694497 0.500000000 0.500000000 0.000000000 0.000000000 -0.057415413 -0.998214012 0.016500181 1.852358848 0.994821987 -0.055816379 0.084933780 -0.018678587 -0.083861108 0.021291251 0.996249967 2.096503865
0.000000000 0.698503968 1.245694497 0.500000000 0.500000000 0.000000000 0.000000000 -0.061351486 -0.997987734 0.016014932 1.850049203 0.994224948 -0.059688995 0.089185071 0.010542097 -0.088049692 0.021394081 0.995886311 2.093488963
0.000000000 0.698503968 1.245694497 0.500000000 0.500000000 0.000000000 0.000000000 -0.065559250 -0.997727348 0.015560312 1.846997415 0.993560166 -0.063825371 0.093619011 0.039448198 -0.092413105 0.021597699 0.995486493 2.090669451
0.000000000 0.698503968 1.245694497 0.500000000 0.500000000 0.000000000 0.000000000 -0.069960138 -0.997431753 0.015345284 1.845308814 0.992804311 -0.068120403 0.098484567 0.069506298 -0.097186307 0.022124858 0.995020257 2.087106823
0.000000000 0.698503968 1.245694497 0.500000000 0.500000000 0.000000000 0.000000000 -0.074690756 -0.997097748 0.014743520 1.841914652 0.991951030 -0.072773045 0.103620646 0.099281008 -0.102246982 0.022364355 0.994507612 2.083321044
0.000000000 0.698503968 1.245694497 0.500000000 0.500000000 0.000000000 0.000000000 -0.079583921 -0.996727958 0.014134250 1.838690348 0.991013485 -0.077582462 0.108964372 0.129013113 -0.107511266 0.022679044 0.993945164 2.079425348
0.000000000 0.698503968 1.245694497 0.500000000 0.500000000 0.000000000 0.000000000 -0.084830702 -0.996304049 0.013490527 1.835349818 0.989952351 -0.082737205 0.114668640 0.159652439 -0.113128662 0.023082401 0.993312191 2.075463171
0.000000000 0.698503968 1.245694497 0.500000000 0.500000000 0.000000000 0.000000000 -0.090512097 -0.995812337 0.012858809 1.832483015 0.988708662 -0.088303072 0.121069195 0.190801125 -0.119426725 0.023671843 0.992560780 2.070513644
0.000000000 0.698503968 1.245694497 0.500000000 0.500000000 0.000000000 0.000000000 -0.096432187 -0.995267646 0.011964412 1.828184055 0.987345530 -0.094130382 0.127625529 0.221894780 -0.125895345 0.024120217 0.991750260 2.065906415
0.000000000 0.698503968 1.245694497 0.500000000 0.500000000 0.000000000 0.000000000 -0.102563173 -0.994666249 0.010947574 1.823206074 0.985874612 -0.100179363 0.134221251 0.253353385 -0.132408627 0.024559093 0.990890915 2.061408704
0.000000000 0.698503968 1.245694497 0.500000000 0.500000000 0.000000000 0.000000000 -0.108775400 -0.994015188 0.010085514 1.819087534 0.984307448 -0.106283842 0.140863736 0.285232634 -0.138948766 0.025249756 0.989977621 2.055868734
0.000000000 0.698503968 1.245694497 0.500000000 0.500000000 0.000000000 0.000000000 -0.115069452 -0.993313311 0.009364168 1.815212813 0.982622744 -0.112438781 0.147682308 0.317294537 -0.145641907 0.026195167 0.988990520 2.050502265
0.000000000 0.698503968 1.245694497 0.500000000 0.500000000 0.000000000 0.000000000 -0.121571280 -0.992548330 0.008260548 1.809267665 0.980778668 -0.118841707 0.154757400 0.350596953 -0.152622501 0.026915824 0.987917968 2.045021050
0.000000000 0.698503968 1.245694497 0.500000000 0.500000000 0.000000000 0.000000000 -0.128116836 -0.991733601 0.007109240 1.804103729 0.978794202 -0.125283481 0.162067765 0.384968789 -0.159837378 0.027722092 0.986754021 2.038593320
0.000000000 0.698503968 1.245694497 0.500000000 0.500000000 0.000000000 0.000000000 -0.134831171 -0.990850941 0.005913438 1.798850665 0.976723533 -0.131899239 0.169155935 0.418444747 -0.166828339 0.028583287 0.985571561 2.032470363
0.000000000 0.698503968 1.245694497 0.500000000 0.500000000 0.000000000 0.000000000 -0.141463288 -0.989933423 0.004467319 1.792681070 0.974493078 -0.138459825 0.176612904 0.453300604 -0.174216473 0.029337614 0.984270250 2.026021468
0.000000000 0.698503968 1.245694497 0.500000000 0.500000000 0.000000000 0.000000000 -0.148275827 -0.988941457 0.003012414 1.786001864 0.972111103 -0.145191379 0.184172383 0.488054331 -0.181698328 0.030236713 0.982889342 2.019193760
0.000000000 0.698503968 1.245694497 0.500000000 0.500000000 0.000000000 0.000000000 -0.154981479 -0.987916230 0.001504491 1.779771581 0.969633630 -0.151821371 0.191731311 0.522686053 -0.189186060 0.031173607 0.981446301 2.011460859
0.000000000 0.698503968 1.245694497 0.500000000 0.500000000 0.000000000 0.000000000 -0.161902547 -0.986806742 0.000136805 1.773280860 0.966985377 -0.158622863 0.199444398 0.557871079 -0.196791376 0.032422844 0.979909135 2.002942271
0.000000000 0.698503968 1.245694497 0.500000000 0.500000000 0.000000000 0.000000000 -0.168887482 -0.985634501 -0.001284468 1.766620416 0.964188987 -0.165482908 0.207255891 0.593334722 -0.204491114 0.033764456 0.978285922 1.994868965
0.000000000 0.698503968 1.245694497 0.500000000 0.500000000 0.000000000 0.000000000 -0.175752050 -0.984429685 -0.003067869 1.758585827 0.961277117 -0.172288878 0.215088000 0.629141836 -0.212267571 0.034853084 0.976589853 1.986880510
0.000000000 0.698503968 1.245694497 0.500000000 0.500000000 0.000000000 0.000000000 -0.182719757 -0.983152199 -0.005024262 1.750094717 0.958237722 -0.179228171 0.222840147 0.664394587 -0.219986270 0.035902860 0.974842052 1.978086652
0.000000000 0.698503968 1.245694497 0.500000000 0.500000000 0.000000000 0.000000000 -0.189876767 -0.981783648 -0.006905254 1.741575664 0.955035117 -0.186325721 0.230630984 0.699716000 -0.227716355 0.037196706 0.973016786 1.969487214
0.000000000 0.698503968 1.245694497 0.500000000 0.500000000 0.000000000 0.000000000 -0.196917933 -0.980381419 -0.008694897 1.732902395 0.951690872 -0.193271324 0.238601509 0.735603189 -0.235600960 0.038710062 0.971078637 1.960225056
0.000000000 0.698503968 1.245694497 0.500000000 0.500000000 0.000000000 0.000000000 -0.204059190 -0.978899906 -0.010715506 1.723293813 0.948206216 -0.200359138 0.246497846 0.771522232 -0.243443667 0.040139641 0.969084099 1.950831971
0.000000000 0.698503968 1.245694497 0.500000000 0.500000000 0.000000000 0.000000000 -0.210995867 -0.977401945 -0.012891164 1.713107718 0.944618947 -0.207274536 0.254425454 0.808269773 -0.251347943 0.041505482 0.967006467 1.941911760
0.000000000 0.698503968 1.245694497 0.500000000 0.500000000 0.000000000 0.000000000 -0.218303591 -0.975765657 -0.014997485 1.703860702 0.940850233 -0.214523062 0.262260739 0.844160679 -0.259122329 0.043142074 0.964880500 1.932183532
0.000000000 0.698503968 1.245694497 0.500000000 0.500000000 0.000000000 0.000000000 -0.225253554 -0.974146882 -0.017282620 1.693695215 0.936988347 -0.221455102 0.270204507 0.881291867 -0.267046202 0.044670912 0.962647825 1.921406082
0.000000000 0.698503968 1.245694497 0.500000000 0.500000000 0.000000000 0.000000000 -0.232536500 -0.972389362 -0.019639360 1.682900535 0.932911521 -0.228713552 0.278147810 0.918728714 -0.274959759 0.046357733 0.960337488 1.910644531
0.000000000 0.698503968 1.245694497 0.500000000 0.500000000 0.000000000 0.000000000 -0.239888610 -0.970551812 -0.021968948 1.672016852 0.928663922 -0.236012436 0.286149348 0.955917102 -0.282907714 0.048242200 0.957933148 1.900615913
0.000000000 0.698503968 1.245694497 0.500000000 0.500000000 0.000000000 0.000000000 -0.247283355 -0.968639359 -0.024263871 1.661659907 0.924270940 -0.243324528 0.294136708 0.992984920 -0.290816387 0.050308721 0.955455316 1.889016753
0.000000000 0.698503968 1.245694497 0.500000000 0.500000000 0.000000000 0.000000000 -0.254450709 -0.966714552 -0.026792008 1.649769752 0.919725617 -0.250460261 0.302282064 1.030624064 -0.298930803 0.052274590 0.952841929 1.876356985
0.000000000 0.698503968 1.245694497 0.500000000 0.500000000 0.000000000 0.000000000 -0.261710614 -0.964699119 -0.029379654 1.638056414 0.915035447 -0.257688607 0.310333228 1.068004566 -0.306948994 0.054334075 0.950173733 1.863628605
0.000000000 0.698503968 1.245694497 0.500000000 0.500000000 0.000000000 0.000000000 -0.269016867 -0.962608497 -0.031856034 1.627119417 0.910245243 -0.264914600 0.318235529 1.105420304 -0.314775353 0.056613922 0.947476301 1.850507368
0.000000000 0.698503968 1.245694497 0.500000000 0.500000000 0.000000000 0.000000000 -0.276326468 -0.960441585 -0.034578097 1.615051673 0.905230161 -0.272189244 0.326299510 1.143503832 -0.322803405 0.058864055 0.944633784 1.835940095
0.000000000 0.698503968 1.245694497 0.500000000 0.500000000 0.000000000 0.000000000 -0.283536102 -0.958232647 -0.037382801 1.602165524 0.900143463 -0.279385461 0.334193822 1.181351562 -0.330679642 0.061106129 0.941762717 1.822140995
0.000000000 0.698503968 1.245694497 0.500000000 0.500000000 0.000000000 0.000000000 -0.290624889 -0.955994150 -0.040154188 1.589374175 0.894847993 -0.286416422 0.342363407 1.219932896 -0.338798233 0.063567432 0.938709188 1.806481650
0.000000000 0.698503968 1.245694497 0.500000000 0.500000000 0.000000000 0.000000000 -0.297943716 -0.953612235 -0.043049374 1.576378659 0.889403566 -0.293695922 0.350291309 1.258166312 -0.346685504 0.066078828 0.935650977 1.790710545
0.000000000 0.698503968 1.245694497 0.500000000 0.500000000 0.000000000 0.000000000 -0.305430415 -0.951109048 -0.045867639 1.563075762 0.883798853 -0.301085343 0.358116188 1.296323577 -0.354417620 0.068841809 0.932549707 1.774500919
0.000000000 0.698503968 1.245694497 0.500000000 0.500000000 0.000000000 0.000000000 -0.312556836 -0.948641389 -0.048864504 1.548722468 0.878151832 -0.308179009 0.365889407 1.334411229 -0.362156850 0.071450781 0.929374629 1.758314869
0.000000000 0.698503968 1.245694497 0.500000000 0.500000000 0.000000000 0.000000000 -0.319751029 -0.946074230 -0.051988764 1.534221248 0.872271045 -0.315346414 0.373764450 1.373398109 -0.370003384 0.074163274 0.926065497 1.741151489
0.000000000 0.698503968 1.245694497 0.500000000 0.500000000 0.000000000 0.000000000 -0.326726896 -0.943510682 -0.055110149 1.519403169 0.866333255 -0.322288697 0.381571340 1.412435438 -0.377778013 0.076925864 0.922695066 1.723057087
0.000000000 0.698503968 1.245694497 0.500000000 0.500000000 0.000000000 0.000000000 -0.334055342 -0.940743387 -0.058385855 1.503708536 0.860197355 -0.329604397 0.389129093 1.451281519 -0.385314856 0.079767294 0.919331083 1.705373718
0.000000000 0.698503968 1.245694497 0.500000000 0.500000000 0.000000000 0.000000000 -0.341005752 -0.938041227 -0.061593289 1.487503877 0.853951841 -0.336498318 0.396906960 1.490597703 -0.393041130 0.082749854 0.915789895 1.686554165
0.000000000 0.698503968 1.245694497 0.500000000 0.500000000 0.000000000 0.000000000 -0.348015694 -0.935239939 -0.064894785 1.471526170 0.847611616 -0.343472249 0.404451929 1.528712451 -0.400549155 0.085750046 0.912253969 1.667357536
0.000000000 0.698503968 1.245694497 0.500000000 0.500000000 0.000000000 0.000000000 -0.354991551 -0.932378027 -0.068207140 1.454802779 0.841017809 -0.350363592 0.412231001 1.568502039 -0.408252426 0.088975103 0.908522640 1.647958419
0.000000000 0.698503968 1.245694497 0.500000000 0.500000000 0.000000000 0.000000000 -0.361999557 -0.929404492 -0.071858268 1.436484404 0.834220893 -0.357393772 0.419934748 1.607460440 -0.415970939 0.092070525 0.904705033 1.627912379
0.000000000 0.698503968 1.245694497 0.500000000 0.500000000 0.000000000 0.000000000 -0.369206256 -0.926286108 -0.075370990 1.419364750 0.827301367 -0.364531061 0.427421984 1.645476960 -0.423390114 0.095452347 0.900904912 1.606950238
0.000000000 0.698503968 1.245694497 0.500000000 0.500000000 0.000000000 0.000000000 -0.376116466 -0.923201236 -0.078967595 1.401643236 0.820267141 -0.371389743 0.435007444 1.684539001 -0.430927165 0.098838940 0.896957436 1.585263853
0.000000000 0.698503968 1.245694497 0.500000000 0.500000000 0.000000000 0.000000000 -0.383087360 -0.920020372 -0.082502063 1.383687651 0.812945207 -0.378210554 0.442805676 1.723379693 -0.438593393 0.102563601 0.892813835 1.562412908
0.000000000 0.698503968 1.245694497 0.500000000 0.500000000 0.000000000 0.000000000 -0.390018908 -0.916743655 -0.086407890 1.364538266 0.805450664 -0.385129750 0.450471201 1.761810109 -0.446244864 0.106094993 0.888599670 1.540833277
0.000000000 0.698503968 1.245694497 0.500000000 0.500000000 0.000000000 0.000000000 -0.396952322 -0.913375289 -0.090412586 1.345188822 0.797869154 -0.392080317 0.457905928 1.800228073 -0.453688955 0.109629408 0.884391161 1.518115596
0.000000000 0.698503968 1.245694497 0.500000000 0.500000000 0.000000000 0.000000000 -0.404096762 -0.909818759 -0.094528475 1.324896774 0.790033405 -0.399232912 0.465252944 1.838315924 -0.461034734 0.113326555 0.880115939 1.495384478
0.000000000 0.698503968 1.245694497 0.500000000 0.500000000 0.000000000 0.000000000 -0.411241182 -0.906167179 -0.098700222 1.304114758 0.781857621 -0.406330325 0.472857618 1.877550561 -0.468592947 0.117289005 0.875593478 1.471222711
0.000000000 0.698503968 1.245694497 0.500000000 0.500000000 0.000000000 0.000000000 -0.418426318 -0.902384638 -0.103060092 1.282885554 0.773485682 -0.413515939 0.480337868 1.915630644 -0.476066504 0.121270500 0.871007549 1.446689320
0.000000000 0.698503968 1.245694497 0.500000000 0.500000000 0.000000000 0.000000000 -0.425393321 -0.898592719 -0.107571596 1.260098409 0.764959641 -0.420531643 0.487842070 1.953381528 -0.483608592 0.125236829 0.866278516 1.422332231
0.000000000 0.698503968 1.245694497 0.500000000 0.500000000 0.000000000 0.000000000 -0.432277204 -0.894775330 -0.111863880 1.238375464 0.756232331 -0.427293801 0.495512532 1.991653346 -0.491171132 0.129603689 0.861367403 1.396550660
0.000000000 0.698503968 1.245694497 0.500000000 0.500000000 0.000000000 0.000000000 -0.439195352 -0.890818343 -0.116404992 1.215806311 0.747318502 -0.434174246 0.502998788 2.029899391 -0.498620597 0.133923126 0.856412341 1.369932505
0.000000000 0.698503968 1.245694497 0.500000000 0.500000000 0.000000000 0.000000000 -0.446174075 -0.886717927 -0.121078539 1.193527655 0.738305232 -0.441159975 0.510179636 2.068312438 -0.505800434 0.138236009 0.851502629 1.344093742
0.000000000 0.698503968 1.245694497 0.500000000 0.500000000 0.000000000 0.000000000 -0.453082849 -0.882539794 -0.125854855 1.170472685 0.729000291 -0.448055940 0.517498261 2.107461190 -0.513102824 0.142721361 0.846378228 1.317300994
0.000000000 0.698503968 1.245694497 0.500000000 0.500000000 0.000000000 0.000000000 -0.459836995 -0.878323456 -0.130758724 1.145521560 0.719620012 -0.454855199 0.524646345 2.144589924 -0.520285476 0.147155204 0.841218384 1.290307265
0.000000000 0.698503968 1.245694497 0.500000000 0.500000000 0.000000000 0.000000000 -0.466520234 -0.874052454 -0.135614085 1.121904086 0.710059251 -0.461504258 0.531817337 2.181807285 -0.527422726 0.151809513 0.835930105 1.262612339
0.000000000 0.698503968 1.245694497 0.500000000 0.500000000 0.000000000 0.000000000 -0.473132899 -0.869703320 -0.140575231 1.096361908 0.700295326 -0.468087782 0.538962230 2.218919278 -0.534538788 0.156556585 0.830516899 1.234754937
0.000000000 0.698503968 1.245694497 0.500000000 0.500000000 0.000000000 0.000000000 -0.479755467 -0.865213034 -0.145743258 1.070374441 0.690242171 -0.474721454 0.546081758 2.255517929 -0.541664506 0.161387566 0.824956736 1.204945400
0.000000000 0.698503968 1.245694497 0.500000000 0.500000000 0.000000000 0.000000000 -0.486472372 -0.860565513 -0.150902713 1.043331981 0.680040846 -0.481392551 0.552996980 2.290755908 -0.548533571 0.166397744 0.819403876 1.176212006
0.000000000 0.698503968 1.245694497 0.500000000 0.500000000 0.000000000 0.000000000 -0.493015006 -0.855902488 -0.156099761 1.016224649 0.669709251 -0.487875688 0.559881087 2.326474416 -0.555360894 0.171488323 0.813735849 1.147019231
0.000000000 0.698503968 1.245694497 0.500000000 0.500000000 0.000000000 0.000000000 -0.499666964 -0.851023318 -0.161530916 0.988893824 0.659138119 -0.494538118 0.566541252 2.361590988 -0.562023011 0.176610763 0.808046269 1.116885443
0.000000000 0.698503968 1.245694497 0.500000000 0.500000000 0.000000000 0.000000000 -0.506224098 -0.846093105 -0.166923994 0.961556111 0.648290702 -0.500991781 0.573346668 2.397079663 -0.568732211 0.182026627 0.802128406 1.085107937
0.000000000 0.698503968 1.245694497 0.500000000 0.500000000 0.000000000 0.000000000 -0.512724054 -0.840999389 -0.172725424 0.932439178 0.637212013 -0.507588864 0.579926198 2.431246802 -0.575391080 0.187279396 0.796147934 1.053472343
0.000000000 0.698503968 1.245694497 0.500000000 0.500000000 0.000000000 0.000000000 -0.519166850 -0.835828945 -0.178481812 0.903526376 0.625810849 -0.513991455 0.586663076 2.466335276 -0.582088106 0.192880167 0.789918146 1.020180173
0.000000000 0.698503968 1.245694497 0.500000000 0.500000000 0.000000000 0.000000000 -0.525538699 -0.830548231 -0.184387394 0.873554133 0.614288494 -0.520385367 0.593168370 2.499545038 -0.588607443 0.198465879 0.783678871 0.987180912
0.000000000 0.698503968 1.245694497 0.500000000 0.500000000 0.000000000 0.000000000 -0.531709183 -0.825222357 -0.190508284 0.842032921 0.602408978 -0.526616978 0.599814957 2.533533733 -0.595305609 0.204163220 0.777128439 0.953243987
0.000000000 0.698503968 1.245694497 0.500000000 0.500000000 0.000000000 0.000000000 -0.537999656 -0.819737288 -0.196436118 0.812053841 0.590384866 -0.532764947 0.606306210 2.566020754 -0.601666087 0.210219622 0.770587848 0.917923971
