0.000000000 0.445732043 0.794378202 0.500000000 0.500000000 0.000000000 0.000000000 0.083580376 -0.996045491 -0.030128085 0.107493275 0.370667967 0.059139576 -0.926880666 -4.608244233 0.924997070 0.066301519 0.374145065 -1.074557398
0.000000000 0.445732043 0.794378202 0.500000000 0.500000000 0.000000000 0.000000000 0.077437912 -0.996835955 -0.017928988 0.098910558 0.372632425 0.045617824 -0.926857103 -4.498132255 0.924742367 0.065092956 0.374985949 -1.038518737
0.000000000 0.445732043 0.794378202 0.500000000 0.500000000 0.000000000 0.000000000 0.071313989 -0.997430374 -0.006853032 0.096129055 0.375201177 0.033190680 -0.926348992 -4.401352993 0.924196078 0.063490376 0.376604010 -1.001602834
0.000000000 0.445732043 0.794378202 0.500000000 0.500000000 0.000000000 0.000000000 0.065459960 -0.997846724 -0.004112129 0.107058079 0.388786827 0.029299763 -0.920861731 -4.325992373 0.918999345 0.058680830 0.389867623 -0.964409091
0.000000000 0.445732043 0.794378202 0.500000000 0.500000000 0.000000000 0.000000000 0.059418084 -0.998223465 -0.004405108 0.103742734 0.408371296 0.028334092 -0.912376054 -4.240127392 0.910880001 0.052412717 0.409329368 -0.916085294
0.000000000 0.445732043 0.794378202 0.500000000 0.500000000 0.000000000 0.000000000 0.053094623 -0.998565683 -0.006894829 0.100994599 0.416781046 0.028433996 -0.908562088 -4.170438565 0.907454969 0.045366127 0.417692942 -0.877500915
0.000000000 0.445732043 0.794378202 0.500000000 0.500000000 0.000000000 0.000000000 0.046516727 -0.998902868 -0.005408735 0.111488670 0.428280456 0.024835187 -0.903304525 -4.078979406 0.902447807 0.039702314 0.428965827 -0.835336850
0.000000000 0.445732043 0.794378202 0.500000000 0.500000000 0.000000000 0.000000000 0.041651380 -0.999129850 -0.002169244 0.103555774 0.440808681 0.020324592 -0.897370948 -3.997653242 0.896634189 0.036420517 0.441271659 -0.797538636
0.000000000 0.445732043 0.794378202 0.500000000 0.500000000 0.000000000 0.000000000 0.037226566 -0.999303292 -0.002667159 0.100416756 0.462599394 0.019598680 -0.886350773 -3.908580660 0.885785518 0.031761969 0.463006688 -0.756244986
0.000000000 0.445732043 0.794378202 0.500000000 0.500000000 0.000000000 0.000000000 0.035978188 -0.999339163 -0.005177628 0.111003855 0.482514557 0.021908080 -0.875613921 -3.856716535 0.875148715 0.029004722 0.482983906 -0.728470956
0.000000000 0.445732043 0.794378202 0.500000000 0.500000000 0.000000000 0.000000000 0.035309644 -0.999352605 -0.006899278 0.105720570 0.518639706 0.024225132 -0.854649635 -3.753146517 0.854263475 0.026599134 0.519159322 -0.666214574
0.000000000 0.445732043 0.794378202 0.500000000 0.500000000 0.000000000 0.000000000 0.035335870 -0.999353369 -0.006649901 0.105766232 0.537797385 0.024623428 -0.842714459 -3.668466795 0.842333277 0.026201749 0.538319718 -0.624063386
0.000000000 0.445732043 0.794378202 0.500000000 0.500000000 0.000000000 0.000000000 0.035999771 -0.999329312 -0.006703998 0.116413367 0.556492460 0.025618170 -0.830457616 -3.585025491 0.830072382 0.026165560 0.557041475 -0.589864888
0.000000000 0.445732043 0.794378202 0.500000000 0.500000000 0.000000000 0.000000000 0.035586778 -0.999342272 -0.006971642 0.107385114 0.574898632 0.026177456 -0.817805786 -3.502380475 0.817450392 0.025095085 0.575452077 -0.552955599
0.000000000 0.445732043 0.794378202 0.500000000 0.500000000 0.000000000 0.000000000 0.034035488 -0.999409484 -0.004718934 0.110214385 0.594997339 0.024056269 -0.803367576 -3.413732092 0.803006695 0.024535254 0.595464750 -0.507488388
0.000000000 0.445732043 0.794378202 0.500000000 0.500000000 0.000000000 0.000000000 0.031420007 -0.999502731 -0.002659530 0.118964672 0.615623466 0.021448600 -0.787748504 -3.337740152 0.787413825 0.023113794 0.615991251 -0.460181818
0.000000000 0.445732043 0.794378202 0.500000000 0.500000000 0.000000000 0.000000000 0.028592543 -0.999581763 -0.004331843 0.107472871 0.629643151 0.021376106 -0.776590346 -3.262817367 0.776358145 0.019477178 0.629991008 -0.414806438
0.000000000 0.445732043 0.794378202 0.500000000 0.500000000 0.000000000 0.000000000 0.024853653 -0.999687005 -0.002861553 0.113964377 0.639988985 0.018109893 -0.768170639 -3.177310212 0.767982028 0.017260484 0.640238768 -0.375656327
0.000000000 0.445732043 0.794378202 0.500000000 0.500000000 0.000000000 0.000000000 0.021815744 -0.999752702 -0.004313803 0.122259399 0.647433959 0.017415344 -0.761922552 -3.101112569 0.761809256 0.013829005 0.647653778 -0.352679376
0.000000000 0.445732043 0.794378202 0.500000000 0.500000000 0.000000000 0.000000000 0.017203375 -0.999835367 -0.005769038 0.109992408 0.659349177 0.015682045 -0.751673291 -2.990577631 0.751640011 0.009127507 0.659510411 -0.316241525
0.000000000 0.445732043 0.794378202 0.500000000 0.500000000 0.000000000 0.000000000 0.013243092 -0.999909367 -0.002424448 0.118689601 0.672064702 0.010696282 -0.740415171 -2.914948827 0.740373998 0.008176000 0.672145443 -0.288946494
0.000000000 0.445732043 0.794378202 0.500000000 0.500000000 0.000000000 0.000000000 0.009104862 -0.999956819 0.001860405 0.119389723 0.698119822 0.005024520 -0.715963315 -2.807572164 0.715923051 0.007817533 0.698135425 -0.243748985
0.000000000 0.445732043 0.794378202 0.500000000 0.500000000 0.000000000 0.000000000 0.007083939 -0.999972332 0.002270010 0.111118307 0.706287691 0.003396415 -0.707916776 -2.749850278 0.707889480 0.006618120 0.706292209 -0.222527422
0.000000000 0.445732043 0.794378202 0.500000000 0.500000000 0.000000000 0.000000000 0.005215017 -0.999977893 0.004125168 0.120675594 0.719398976 0.000886370 -0.694596521 -2.669522268 0.694577509 0.006589974 0.719387695 -0.200328614
0.000000000 0.445732043 0.794378202 0.500000000 0.500000000 0.000000000 0.000000000 0.004937193 -0.999986568 0.001577117 0.120572765 0.731108320 0.002533658 -0.682256700 -2.567638252 0.682243540 0.004521476 0.731111009 -0.178823264
0.000000000 0.445732043 0.794378202 0.500000000 0.500000000 0.000000000 0.000000000 0.004616100 -0.999981332 0.004003361 0.112301552 0.743107302 0.000751336 -0.669171857 -2.485667151 0.669156357 0.006063891 0.743096898 -0.161066315
0.000000000 0.445732043 0.794378202 0.500000000 0.500000000 0.000000000 0.000000000 0.004482941 -0.999981357 0.004145892 0.125675550 0.758184475 0.000695622 -0.652039736 -2.395280836 0.652024697 0.006066407 0.758173459 -0.135140467
0.000000000 0.445732043 0.794378202 0.500000000 0.500000000 0.000000000 0.000000000 0.004368019 -0.999977651 0.005061447 0.118403568 0.772980738 0.000165267 -0.634429469 -2.305226606 0.634414453 0.006683600 0.772964185 -0.106808043
0.000000000 0.445732043 0.794378202 0.500000000 0.500000000 0.000000000 0.000000000 0.004805194 -0.999961875 0.007291059 0.112339838 0.779684857 -0.000818948 -0.626171584 -2.244488410 0.626153682 0.008693604 0.779651196 -0.091850418
0.000000000 0.445732043 0.794378202 0.500000000 0.500000000 0.000000000 0.000000000 0.004688438 -0.999977264 0.004846569 0.124853784 0.792673058 0.000761722 -0.609646490 -2.152785165 0.609628938 0.006700034 0.792658607 -0.077082072
0.000000000 0.445732043 0.794378202 0.500000000 0.500000000 0.000000000 0.000000000 0.004775202 -0.999984225 -0.002957476 0.122873055 0.805000152 0.005598644 -0.593248187 -2.049608454 0.593255386 0.000452112 0.805014188 -0.067343481
0.000000000 0.445732043 0.794378202 0.500000000 0.500000000 0.000000000 0.000000000 0.003995341 -0.999990102 -0.001957684 0.116317346 0.820168905 0.004396898 -0.572104566 -1.974988929 0.572107511 0.000680121 0.820178354 -0.058596629
0.000000000 0.445732043 0.794378202 0.500000000 0.500000000 0.000000000 0.000000000 0.002054420 -0.999995918 -0.001985901 0.126956300 0.839271425 0.002803972 -0.543705446 -1.884446373 0.543708795 -0.000549711 0.839273760 -0.038935041
0.000000000 0.445732043 0.794378202 0.500000000 0.500000000 0.000000000 0.000000000 0.000913194 -0.999993940 -0.003359526 0.122375928 0.853529255 0.002529896 -0.521038780 -1.803692222 0.521044122 -0.002391644 0.853526393 -0.017159448
0.000000000 0.445732043 0.794378202 0.500000000 0.500000000 0.000000000 0.000000000 0.000068335 -0.999991990 -0.004001979 0.115859605 0.863135610 0.002079870 -0.504967913 -1.725975102 0.504972191 -0.003419743 0.863128838 -0.000927122
0.000000000 0.445732043 0.794378202 0.500000000 0.500000000 0.000000000 0.000000000 -0.000946738 -0.999975113 -0.006991179 0.130340682 0.868906673 0.002637855 -0.494968924 -1.630970877 0.494975047 -0.006543288 0.868882551 0.008868943
0.000000000 0.445732043 0.794378202 0.500000000 0.500000000 0.000000000 0.000000000 -0.000679521 -0.999962465 -0.008637544 0.123086883 0.875089680 0.003585611 -0.483947514 -1.526609728 0.483960320 -0.007887478 0.875054396 0.014663746
0.000000000 0.445732043 0.794378202 0.500000000 0.500000000 0.000000000 0.000000000 -0.000769174 -0.999981709 -0.005999146 0.117650024 0.877996104 0.002196276 -0.478662740 -1.460233607 0.478667160 -0.005635401 0.877978355 0.017333009
0.000000000 0.445732043 0.794378202 0.500000000 0.500000000 0.000000000 0.000000000 -0.001124393 -0.999999173 -0.000624245 0.128135637 0.887264846 -0.000709696 -0.461259785 -1.372738519 0.461258960 -0.001072508 0.887264911 0.030986288
0.000000000 0.445732043 0.794378202 0.500000000 0.500000000 0.000000000 0.000000000 -0.001353778 -0.999979257 0.006296973 0.122016085 0.891793687 -0.004056277 -0.452424101 -1.283630354 0.452440259 0.005003118 0.891780680 0.049939772
0.000000000 0.445732043 0.794378202 0.500000000 0.500000000 0.000000000 0.000000000 -0.002250533 -0.999939358 0.010780357 0.117218189 0.893398849 -0.006853706 -0.449212113 -1.213649833 0.449258757 0.008620192 0.893360096 0.061817430
0.000000000 0.445732043 0.794378202 0.500000000 0.500000000 0.000000000 0.000000000 -0.003334728 -0.999892022 0.014311664 0.123062763 0.894086526 -0.009391252 -0.447795810 -1.151063783 0.447881863 0.011302589 0.894021302 0.066230169
0.000000000 0.445732043 0.794378202 0.500000000 0.500000000 0.000000000 0.000000000 -0.005608005 -0.999816849 0.018298077 0.126878885 0.893586723 -0.013223930 -0.448695773 -1.039735894 0.448855566 0.013834631 0.893497221 0.065246973
0.000000000 0.445732043 0.794378202 0.500000000 0.500000000 0.000000000 0.000000000 -0.007652544 -0.999720889 0.022351360 0.118106409 0.894685927 -0.016828490 -0.446378645 -0.964640002 0.446630195 0.016581515 0.894564990 0.065660383
0.000000000 0.445732043 0.794378202 0.500000000 0.500000000 0.000000000 0.000000000 -0.011158712 -0.999675362 0.022905331 0.124096701 0.900590986 -0.020001587 -0.434207107 -0.884716765 0.434524290 0.015783143 0.900521812 0.068888681
0.000000000 0.445732043 0.794378202 0.500000000 0.500000000 0.000000000 0.000000000 -0.013101060 -0.999643998 0.023243045 0.130560422 0.906091509 -0.021699250 -0.422524935 -0.820538964 0.422878872 0.015524802 0.906053222 0.077862367
0.000000000 0.445732043 0.794378202 0.500000000 0.500000000 0.000000000 0.000000000 -0.015969010 -0.999703432 0.018385820 0.124538403 0.912695242 -0.022083607 -0.408043759 -0.732890070 0.408328771 0.010264595 0.912777220 0.092466991
0.000000000 0.445732043 0.794378202 0.500000000 0.500000000 0.000000000 0.000000000 -0.017870862 -0.999709814 0.016153011 0.125656602 0.917095155 -0.022825036 -0.398014440 -0.632511444 0.398267635 0.007700988 0.917236930 0.101479395
0.000000000 0.445732043 0.794378202 0.500000000 0.500000000 0.000000000 0.000000000 -0.017903255 -0.999722014 0.015341702 0.132381506 0.919285263 -0.022492952 -0.392948689 -0.567065100 0.393184535 0.007068340 0.919432412 0.102054179
0.000000000 0.445732043 0.794378202 0.500000000 0.500000000 0.000000000 0.000000000 -0.015753909 -0.999794120 0.012787961 0.119710938 0.926291497 -0.019408914 -0.376307530 -0.456399353 0.376478257 0.005917064 0.926406558 0.105514472
0.000000000 0.445732043 0.794378202 0.500000000 0.500000000 0.000000000 0.000000000 -0.012327995 -0.999817626 0.014585438 0.121251923 0.929097593 -0.016845584 -0.369450794 -0.384153501 0.369629116 0.008996708 0.929135822 0.113184829
0.000000000 0.445732043 0.794378202 0.500000000 0.500000000 0.000000000 0.000000000 -0.008166583 -0.999870150 0.013892079 0.129834123 0.933842872 -0.012593827 -0.357461728 -0.313528912 0.357590266 0.010053778 0.933824461 0.129446231
0.000000000 0.445732043 0.794378202 0.500000000 0.500000000 0.000000000 0.000000000 -0.000868525 -0.999999580 -0.000292763 0.122030545 0.938933088 -0.000714748 -0.344099033 -0.205175366 0.344098679 -0.000573743 0.938933315 0.160689584
0.000000000 0.445732043 0.794378202 0.500000000 0.500000000 0.000000000 0.000000000 0.004219671 -0.999983688 0.003849303 0.123631833 0.940374750 0.002658853 -0.340129770 -0.132577305 0.340113987 0.005055022 0.940370630 0.175305731
0.000000000 0.445732043 0.794378202 0.500000000 0.500000000 0.000000000 0.000000000 0.008139313 -0.999960744 -0.003501844 0.134470565 0.942383134 0.008841780 -0.334418677 -0.044269907 0.334436511 -0.000578140 0.942418106 0.188879090
0.000000000 0.445732043 0.794378202 0.500000000 0.500000000 0.000000000 0.000000000 0.009761782 -0.999938977 -0.005172120 0.125106662 0.947832118 0.010900948 -0.318583499 0.050202845 0.318620439 -0.001792359 0.947880691 0.203186235
0.000000000 0.445732043 0.794378202 0.500000000 0.500000000 0.000000000 0.000000000 0.006765957 -0.999957215 0.006307969 0.124888058 0.953720364 0.004556469 -0.300660449 0.137905782 0.300618843 0.008050294 0.953710388 0.216512420
0.000000000 0.445732043 0.794378202 0.500000000 0.500000000 0.000000000 0.000000000 0.003266106 -0.999940904 0.010369284 0.130714741 0.961003801 0.000271286 -0.276535026 0.195401020 0.276515871 0.010868114 0.960947895 0.230882306
0.000000000 0.445732043 0.794378202 0.500000000 0.500000000 0.000000000 0.000000000 -0.005616623 -0.999923621 0.011009312 0.123275261 0.973281582 -0.007993535 -0.229475631 0.302416790 0.229546107 0.009426282 0.973252141 0.257690333
0.000000000 0.445732043 0.794378202 0.500000000 0.500000000 0.000000000 0.000000000 -0.014874301 -0.999820955 0.011696705 0.123789225 0.978950363 -0.016943275 -0.203393983 0.378082455 0.203555747 0.008425151 0.979027106 0.265824675
0.000000000 0.445732043 0.794378202 0.500000000 0.500000000 0.000000000 0.000000000 -0.022829557 -0.999680078 0.010888196 0.131140454 0.983686989 -0.024405499 -0.178225360 0.465606201 0.178434073 0.006641771 0.983929453 0.264118811
0.000000000 0.445732043 0.794378202 0.500000000 0.500000000 0.000000000 0.000000000 -0.029173946 -0.999556276 0.006011067 0.121002475 0.987169200 -0.029755845 -0.156880717 0.550845443 0.156989970 0.001357111 0.987599265 0.261554101
0.000000000 0.445732043 0.794378202 0.500000000 0.500000000 0.000000000 0.000000000 -0.036405118 -0.999267199 0.011820835 0.120046227 0.991042543 -0.037621286 -0.128137880 0.645750945 0.128488695 0.007050076 0.991685914 0.264247963
0.000000000 0.445732043 0.794378202 0.500000000 0.500000000 0.000000000 0.000000000 -0.041298481 -0.999092056 0.010464174 0.126644092 0.994616878 -0.042105150 -0.094680631 0.725717110 0.095035262 0.006497677 0.995452701 0.280345868
0.000000000 0.445732043 0.794378202 0.500000000 0.500000000 0.000000000 0.000000000 -0.045008350 -0.998986397 -0.000654198 0.118624215 0.996860936 -0.044869873 -0.065230121 0.810987006 0.065134650 -0.003588045 0.997870033 0.299592545
0.000000000 0.445732043 0.794378202 0.500000000 0.500000000 0.000000000 0.000000000 -0.048507810 -0.998802074 -0.006434943 0.120083721 0.997731050 -0.048152642 -0.047053960 0.893429333 0.046687734 -0.008702827 0.998871622 0.305854063
0.000000000 0.445732043 0.794378202 0.500000000 0.500000000 0.000000000 0.000000000 -0.050523501 -0.998592522 -0.016135388 0.129632783 0.998396962 -0.050087716 -0.026357663 0.970653901 0.025512381 -0.017441203 0.999522347 0.304565795
0.000000000 0.445732043 0.794378202 0.500000000 0.500000000 0.000000000 0.000000000 -0.052466973 -0.998059564 -0.033530936 0.122494586 0.998622647 -0.052431951 -0.001923514 1.075176623 0.000161689 -0.033585673 0.999435829 0.302448442
0.000000000 0.445732043 0.794378202 0.500000000 0.500000000 0.000000000 0.000000000 -0.054297626 -0.997923897 -0.034636174 0.122123524 0.998087649 -0.055267490 0.027686631 1.141530426 -0.029543405 -0.033066619 0.999016409 0.302617776
0.000000000 0.445732043 0.794378202 0.500000000 0.500000000 0.000000000 0.000000000 -0.056204250 -0.997787040 -0.035526123 0.129768925 0.996277237 -0.058377720 0.063432704 1.219170353 -0.065366264 -0.031828680 0.997353592 0.313141257
0.000000000 0.445732043 0.794378202 0.500000000 0.500000000 0.000000000 0.000000000 -0.057897106 -0.997605310 -0.037836100 0.123575625 0.993868864 -0.061173346 0.092100502 1.303829011 -0.094194511 -0.032271769 0.995030616 0.328281634
0.000000000 0.445732043 0.794378202 0.500000000 0.500000000 0.000000000 0.000000000 -0.059708108 -0.997576725 -0.035715814 0.116956287 0.992165775 -0.063241560 0.107738482 1.373544370 -0.109736125 -0.029003147 0.993537518 0.334679041
0.000000000 0.445732043 0.794378202 0.500000000 0.500000000 0.000000000 0.000000000 -0.061195923 -0.997470970 -0.036148637 0.125573474 0.989833540 -0.065306365 0.126351262 1.451315505 -0.128392452 -0.028048952 0.991326704 0.336393590
0.000000000 0.445732043 0.794378202 0.500000000 0.500000000 0.000000000 0.000000000 -0.062584773 -0.996827986 -0.049164128 0.129481865 0.987117113 -0.069092647 0.144312203 1.530151304 -0.147251323 -0.039499006 0.988310112 0.335590757
0.000000000 0.445732043 0.794378202 0.500000000 0.500000000 0.000000000 0.000000000 -0.064355614 -0.996794291 -0.047534165 0.119106909 0.985552584 -0.070963443 0.153786519 1.617293738 -0.156666712 -0.036950393 0.986960085 0.337786104
0.000000000 0.445732043 0.794378202 0.500000000 0.500000000 0.000000000 0.000000000 -0.066223924 -0.996871193 -0.043153395 0.124959510 0.983626519 -0.072486657 0.164998654 1.697548641 -0.167610450 -0.031519966 0.985349293 0.350159591
0.000000000 0.445732043 0.794378202 0.500000000 0.500000000 0.000000000 0.000000000 -0.068025468 -0.996743140 -0.043308750 0.125208239 0.981228824 -0.074691897 0.177795148 1.783172394 -0.180450907 -0.030401196 0.983114051 0.373681166
0.000000000 0.445732043 0.794378202 0.500000000 0.500000000 0.000000000 0.000000000 -0.070219594 -0.996541851 -0.044424638 0.113656429 0.980088363 -0.077215178 0.182933369 1.866189918 -0.185731015 -0.030694564 0.982121089 0.393862477
0.000000000 0.445732043 0.794378202 0.500000000 0.500000000 0.000000000 0.000000000 -0.072704992 -0.996151016 -0.048960579 0.120805825 0.979757000 -0.080516854 0.183284633 1.937629059 -0.186521326 -0.034643762 0.981839908 0.400115710
0.000000000 0.445732043 0.794378202 0.500000000 0.500000000 0.000000000 0.000000000 -0.076355105 -0.994686721 -0.069052337 0.129909212 0.978202598 -0.088142145 0.188017655 2.032426951 -0.193105086 -0.053191068 0.979735238 0.402900827
0.000000000 0.445732043 0.794378202 0.500000000 0.500000000 0.000000000 0.000000000 -0.079419267 -0.994224992 -0.072175102 0.122332720 0.976570376 -0.092127228 0.194481037 2.096873750 -0.200007200 -0.055038525 0.978247352 0.403955415
