0.000000000 0.445479768 0.791365552 0.500000000 0.500000000 0.000000000 0.000000000 -0.440238498 -0.896941132 0.041069085 2.118094953 0.666175056 -0.295622275 0.684703049 5.680256660 -0.601997391 0.328791842 0.727664116 3.375894955
0.000000000 0.445479768 0.791365552 0.500000000 0.500000000 0.000000000 0.000000000 -0.438478767 -0.897943367 0.037869258 2.076618516 0.668851757 -0.297885627 0.681103135 5.639662219 -0.600311335 0.323978183 0.731207521 3.308216057
0.000000000 0.445479768 0.791365552 0.500000000 0.500000000 0.000000000 0.000000000 -0.435213146 -0.899674066 0.034294192 2.035259777 0.676781572 -0.301794108 0.671481213 5.555929498 -0.593764449 0.315447128 0.740227592 3.230241106
0.000000000 0.445479768 0.791365552 0.500000000 0.500000000 0.000000000 0.000000000 -0.431181555 -0.901651185 0.033280726 2.010397353 0.685324975 -0.303293751 0.662074452 5.458434670 -0.586866378 0.308282404 0.748698747 3.169355504
0.000000000 0.445479768 0.791365552 0.500000000 0.500000000 0.000000000 0.000000000 -0.425012833 -0.904587431 0.032949530 1.969040055 0.698082325 -0.304381155 0.648099668 5.284434176 -0.576233598 0.298452161 0.760842394 3.108267117
0.000000000 0.445479768 0.791365552 0.500000000 0.500000000 0.000000000 0.000000000 -0.420901410 -0.906529502 0.032346010 1.943783124 0.705331763 -0.304646703 0.640076160 5.156447887 -0.570393817 0.292223627 0.767630279 3.082607436
0.000000000 0.445479768 0.791365552 0.500000000 0.500000000 0.000000000 0.000000000 -0.415616761 -0.908981123 0.031875161 1.924809957 0.714718534 -0.304717226 0.629543350 5.002826700 -0.562530110 0.284430536 0.776311242 3.069554902
0.000000000 0.445479768 0.791365552 0.500000000 0.500000000 0.000000000 0.000000000 -0.410554831 -0.911421136 0.027499871 1.918208654 0.722920374 -0.306966889 0.618997142 4.855689636 -0.555725529 0.274012484 0.784911648 3.051629980
0.000000000 0.445479768 0.791365552 0.500000000 0.500000000 0.000000000 0.000000000 -0.406380961 -0.913476208 0.020389521 1.905301006 0.730412145 -0.311371815 0.607902698 4.721187523 -0.548955930 0.261932836 0.793749694 3.018744988
0.000000000 0.445479768 0.791365552 0.500000000 0.500000000 0.000000000 0.000000000 -0.403415404 -0.914902450 0.014474765 1.884651769 0.735181998 -0.314670682 0.600408022 4.601855711 -0.544759986 0.252855431 0.799562811 2.979592862
0.000000000 0.445479768 0.791365552 0.500000000 0.500000000 0.000000000 0.000000000 -0.401892440 -0.915657000 0.007397597 1.857801280 0.738368869 -0.319279457 0.594030338 4.483874231 -0.541566136 0.244198457 0.804408623 2.915646847
0.000000000 0.445479768 0.791365552 0.500000000 0.500000000 0.000000000 0.000000000 -0.400257589 -0.916358969 -0.008950003 1.805737018 0.743499228 -0.330432429 0.581397719 4.321714286 -0.535726385 0.226054528 0.813570274 2.810367693
0.000000000 0.445479768 0.791365552 0.500000000 0.500000000 0.000000000 0.000000000 -0.397721508 -0.917379312 -0.015257770 1.749715025 0.750139469 -0.334701706 0.570320564 4.191533614 -0.528307088 0.215383299 0.821280497 2.732691716
0.000000000 0.445479768 0.791365552 0.500000000 0.500000000 0.000000000 0.000000000 -0.394531635 -0.918705814 -0.018011551 1.710447212 0.757254061 -0.336175498 0.559957429 4.101301934 -0.520491187 0.207281600 0.828325577 2.685244034
0.000000000 0.445479768 0.791365552 0.500000000 0.500000000 0.000000000 0.000000000 -0.387655052 -0.921447716 -0.025645010 1.684260954 0.769597810 -0.338834062 0.541212240 3.980721934 -0.507388186 0.190067316 0.840494881 2.631177248
0.000000000 0.445479768 0.791365552 0.500000000 0.500000000 0.000000000 0.000000000 -0.376959513 -0.925821979 -0.027480683 1.664176603 0.783809440 -0.334664555 0.523108398 3.845920412 -0.493502063 0.175651068 0.851822995 2.588855239
0.000000000 0.445479768 0.791365552 0.500000000 0.500000000 0.000000000 0.000000000 -0.365666893 -0.930364739 -0.026630342 1.652073303 0.798301811 -0.328215271 0.504964310 3.709165511 -0.478541473 0.163389680 0.862729315 2.566308903
0.000000000 0.445479768 0.791365552 0.500000000 0.500000000 0.000000000 0.000000000 -0.350178972 -0.936313747 -0.026291726 1.653087441 0.818180647 -0.319421695 0.478069252 3.525549783 -0.456020960 0.145898418 0.877928548 2.546017965
0.000000000 0.445479768 0.791365552 0.500000000 0.500000000 0.000000000 0.000000000 -0.337420582 -0.941048427 -0.023983524 1.648783068 0.830749035 -0.309660747 0.462564874 3.387763211 -0.442722703 0.136154620 0.886260982 2.550645412
0.000000000 0.445479768 0.791365552 0.500000000 0.500000000 0.000000000 0.000000000 -0.320381957 -0.947048327 -0.021327648 1.645945393 0.846313858 -0.296273411 0.442690546 3.211875037 -0.425568155 0.123780179 0.896420779 2.570453348
0.000000000 0.445479768 0.791365552 0.500000000 0.500000000 0.000000000 0.000000000 -0.307799571 -0.951217987 -0.021065732 1.645251358 0.856993088 -0.286791697 0.428151106 3.098901549 -0.413306511 0.113731540 0.903461601 2.570066584
0.000000000 0.445479768 0.791365552 0.500000000 0.500000000 0.000000000 0.000000000 -0.296577131 -0.954768139 -0.021443113 1.637912977 0.867240230 -0.278655324 0.412608282 3.002699456 -0.399920479 0.103773850 0.910656136 2.547017251
0.000000000 0.445479768 0.791365552 0.500000000 0.500000000 0.000000000 0.000000000 -0.284590104 -0.958346865 -0.024078196 1.617956828 0.877308952 -0.270485637 0.396442332 2.892227951 -0.386442072 0.091699548 0.917743819 2.494838414
0.000000000 0.445479768 0.791365552 0.500000000 0.500000000 0.000000000 0.000000000 -0.273967598 -0.961327237 -0.028137151 1.583327577 0.885798117 -0.263621182 0.381923510 2.770280364 -0.374571022 0.079710831 0.923765518 2.439283571
0.000000000 0.445479768 0.791365552 0.500000000 0.500000000 0.000000000 0.000000000 -0.262496472 -0.964199775 -0.037608463 1.530862362 0.895557556 -0.257950107 0.362544350 2.609795276 -0.359266288 0.061486069 0.931207387 2.377729976
0.000000000 0.445479768 0.791365552 0.500000000 0.500000000 0.000000000 0.000000000 -0.249566534 -0.967365710 -0.043819272 1.490622881 0.906092537 -0.249244683 0.341867521 2.481733640 -0.341632637 0.045614377 0.938725982 2.329452738
0.000000000 0.445479768 0.791365552 0.500000000 0.500000000 0.000000000 0.000000000 -0.236685270 -0.970666927 -0.042258723 1.464288260 0.915985455 -0.237431942 0.323414159 2.395231761 -0.323960999 0.037838992 0.945313430 2.320828719
0.000000000 0.445479768 0.791365552 0.500000000 0.500000000 0.000000000 0.000000000 -0.222118420 -0.973955033 -0.045552182 1.458950051 0.925108017 -0.225274170 0.305657824 2.314338772 -0.307958706 0.025751544 0.951051152 2.310977599
0.000000000 0.445479768 0.791365552 0.500000000 0.500000000 0.000000000 0.000000000 -0.205278457 -0.977553715 -0.047428782 1.464922224 0.936204099 -0.210259227 0.281625537 2.210849662 -0.285276429 0.013408636 0.958351484 2.300758417
0.000000000 0.445479768 0.791365552 0.500000000 0.500000000 0.000000000 0.000000000 -0.187055310 -0.981348821 -0.044326101 1.464275748 0.946727785 -0.192129667 0.258442822 2.078131419 -0.262138918 0.006378351 0.965009070 2.318293620
0.000000000 0.445479768 0.791365552 0.500000000 0.500000000 0.000000000 0.000000000 -0.169511853 -0.984624448 -0.042195128 1.464733100 0.955354832 -0.174684546 0.238290691 1.928401805 -0.241997677 0.000081778 0.970276825 2.353112738
0.000000000 0.445479768 0.791365552 0.500000000 0.500000000 0.000000000 0.000000000 -0.153593919 -0.987200231 -0.042948955 1.482590618 0.962732556 -0.159295972 0.218565367 1.773754285 -0.222609376 -0.007778046 0.974876694 2.386321335
0.000000000 0.445479768 0.791365552 0.500000000 0.500000000 0.000000000 0.000000000 -0.138442076 -0.989429011 -0.043174339 1.515391671 0.970056538 -0.144257727 0.195397084 1.611474666 -0.199559775 -0.014830372 0.979773421 2.413058651
0.000000000 0.445479768 0.791365552 0.500000000 0.500000000 0.000000000 0.000000000 -0.126422145 -0.991051171 -0.042837104 1.534838450 0.975584320 -0.132035142 0.175504862 1.491030090 -0.179590302 -0.019603506 0.983546148 2.433179410
0.000000000 0.445479768 0.791365552 0.500000000 0.500000000 0.000000000 0.000000000 -0.116751707 -0.992169587 -0.044368333 1.539600610 0.979355853 -0.122436658 0.160845818 1.392977503 -0.165018640 -0.024673363 0.985981782 2.435688632
0.000000000 0.445479768 0.791365552 0.500000000 0.500000000 0.000000000 0.000000000 -0.107409707 -0.993111158 -0.046833561 1.538198379 0.982510017 -0.113234310 0.147824416 1.283182111 -0.152109243 -0.030136666 0.987904125 2.410100817
0.000000000 0.445479768 0.791365552 0.500000000 0.500000000 0.000000000 0.000000000 -0.098218028 -0.993851699 -0.051107916 1.518464435 0.985500222 -0.104275810 0.133850171 1.147270891 -0.138356539 -0.037220363 0.989682834 2.378642093
0.000000000 0.445479768 0.791365552 0.500000000 0.500000000 0.000000000 0.000000000 -0.090668370 -0.993866950 -0.063306655 1.488970830 0.987522208 -0.097944435 0.123315756 1.034246403 -0.128759989 -0.051335890 0.990346147 2.352972730
0.000000000 0.445479768 0.791365552 0.500000000 0.500000000 0.000000000 0.000000000 -0.082723443 -0.994131058 -0.069715641 1.449542208 0.989492091 -0.090258630 0.112954780 0.909642494 -0.118584293 -0.059639067 0.991151324 2.326624099
0.000000000 0.445479768 0.791365552 0.500000000 0.500000000 0.000000000 0.000000000 -0.075006572 -0.994408988 -0.074328859 1.415243091 0.991012970 -0.082614184 0.105205461 0.798228813 -0.110757874 -0.065769762 0.991668812 2.295746046
0.000000000 0.445479768 0.791365552 0.500000000 0.500000000 0.000000000 0.000000000 -0.066680179 -0.994312915 -0.083039629 1.410465390 0.992498584 -0.074644658 0.096823217 0.706004729 -0.102471040 -0.075960525 0.991831480 2.255831444
0.000000000 0.445479768 0.791365552 0.500000000 0.500000000 0.000000000 0.000000000 -0.058183974 -0.994879402 -0.082641403 1.413634024 0.993872514 -0.065519707 0.089020194 0.639558715 -0.093978998 -0.076955470 0.992595488 2.225819524
0.000000000 0.445479768 0.791365552 0.500000000 0.500000000 0.000000000 0.000000000 -0.049567089 -0.995636259 -0.079066702 1.442088715 0.995185780 -0.055935566 0.080476557 0.579977214 -0.084548019 -0.074697068 0.993615610 2.192862168
0.000000000 0.445479768 0.791365552 0.500000000 0.500000000 0.000000000 0.000000000 -0.039147515 -0.997245908 -0.062992626 1.498373672 0.997263639 -0.042949042 0.060171532 0.510072145 -0.062711287 -0.060464689 0.996198432 2.179904241
0.000000000 0.445479768 0.791365552 0.500000000 0.500000000 0.000000000 0.000000000 -0.029163873 -0.998281064 -0.050836851 1.570133216 0.998545294 -0.031403631 0.043830435 0.439028474 -0.045351555 -0.049484634 0.997744711 2.219041176
0.000000000 0.445479768 0.791365552 0.500000000 0.500000000 0.000000000 0.000000000 -0.020388113 -0.999021209 -0.039254916 1.664431214 0.999385050 -0.021484427 0.027711766 0.357800428 -0.028528011 -0.038665786 0.998844888 2.311314186
0.000000000 0.445479768 0.791365552 0.500000000 0.500000000 0.000000000 0.000000000 -0.013783340 -0.999524577 -0.027579709 1.770787249 0.999797323 -0.014181400 0.014289889 0.293684071 -0.014674214 -0.027377157 0.999517463 2.379808779
0.000000000 0.445479768 0.791365552 0.500000000 0.500000000 0.000000000 0.000000000 -0.009009659 -0.999862571 -0.013916382 1.872377582 0.999940688 -0.009093783 0.005993573 0.268822369 -0.006119302 -0.013861556 0.999885199 2.400356182
0.000000000 0.445479768 0.791365552 0.500000000 0.500000000 0.000000000 0.000000000 -0.006662182 -0.999977452 0.000842867 1.970627083 0.999960315 -0.006657077 0.005920466 0.281401693 -0.005914721 0.000882276 0.999982119 2.370164336
0.000000000 0.445479768 0.791365552 0.500000000 0.500000000 0.000000000 0.000000000 -0.006786624 -0.999722583 0.022554340 2.076887834 0.999939166 -0.006588518 0.008846245 0.328640751 -0.008695191 0.022613004 0.999706480 2.303085883
0.000000000 0.445479768 0.791365552 0.500000000 0.500000000 0.000000000 0.000000000 -0.007756064 -0.999218211 0.038766109 2.178238463 0.999941213 -0.007456254 0.007872441 0.380318464 -0.007577237 0.038824889 0.999217300 2.228940951
0.000000000 0.445479768 0.791365552 0.500000000 0.500000000 0.000000000 0.000000000 -0.008122471 -0.998503943 0.054073110 2.278489287 0.999924561 -0.007611980 0.009640029 0.415203722 -0.009214004 0.054147332 0.998490445 2.136771248
0.000000000 0.445479768 0.791365552 0.500000000 0.500000000 0.000000000 0.000000000 -0.007561491 -0.997471224 0.070668105 2.391999782 0.999914629 -0.006789047 0.011164383 0.442685485 -0.010656382 0.070746492 0.997437404 2.029767200
0.000000000 0.445479768 0.791365552 0.500000000 0.500000000 0.000000000 0.000000000 -0.006003666 -0.996639429 0.081693354 2.475322933 0.999931241 -0.005160352 0.010530141 0.452983159 -0.010073187 0.081750957 0.996601882 1.954962866
0.000000000 0.445479768 0.791365552 0.500000000 0.500000000 0.000000000 0.000000000 -0.003482423 -0.995896635 0.090431001 2.554268504 0.999976970 -0.002941310 0.006116285 0.460904111 -0.005825202 0.090450218 0.995883942 1.887535674
0.000000000 0.445479768 0.791365552 0.500000000 0.500000000 0.000000000 0.000000000 -0.001123776 -0.995544760 0.094283447 2.600309936 0.999999207 -0.001065162 0.000672008 0.470821462 -0.000568587 0.094284127 0.995545167 1.849001289
0.000000000 0.445479768 0.791365552 0.500000000 0.500000000 0.000000000 0.000000000 0.000986808 -0.995506773 0.094685221 2.611941537 0.999987816 0.000524387 -0.004908522 0.472525022 0.004836815 0.094688911 0.995495161 1.851179013
0.000000000 0.445479768 0.791365552 0.500000000 0.500000000 0.000000000 0.000000000 0.003015354 -0.996513196 0.083380800 2.596560370 0.999934293 0.002082496 -0.011272629 0.470127366 0.011059683 0.083409312 0.996453998 1.889008842
0.000000000 0.445479768 0.791365552 0.500000000 0.500000000 0.000000000 0.000000000 0.004288488 -0.997590236 0.069248327 2.538243297 0.999855835 0.003139901 -0.016686832 0.480222239 0.016429188 0.069309905 0.997459883 1.959468155
0.000000000 0.445479768 0.791365552 0.500000000 0.500000000 0.000000000 0.000000000 0.005898771 -0.998400490 0.056228688 2.467807144 0.999787891 0.004778711 -0.020033416 0.487289538 0.019732672 0.056334933 0.998216909 2.035838865
0.000000000 0.445479768 0.791365552 0.500000000 0.500000000 0.000000000 0.000000000 0.006920237 -0.999268684 0.037605954 2.398918820 0.999747753 0.006110206 -0.021612392 0.499121285 0.021366806 0.037746031 0.999058906 2.122468392
0.000000000 0.445479768 0.791365552 0.500000000 0.500000000 0.000000000 0.000000000 0.006937213 -0.999778489 0.019870791 2.354240004 0.999751286 0.006513098 -0.021329438 0.507905212 0.021195293 0.020013816 0.999575013 2.183516994
0.000000000 0.445479768 0.791365552 0.500000000 0.500000000 0.000000000 0.000000000 0.006214991 -0.999978183 0.002237826 2.324958073 0.999785012 0.006169490 -0.019795636 0.521238290 0.019781398 0.002360375 0.999801543 2.222235664
0.000000000 0.445479768 0.791365552 0.500000000 0.500000000 0.000000000 0.000000000 0.004901021 -0.999968774 -0.006199335 2.290688964 0.999832801 0.005009382 -0.017586254 0.523411806 0.017616760 -0.006112108 0.999826131 2.264461285
0.000000000 0.445479768 0.791365552 0.500000000 0.500000000 0.000000000 0.000000000 0.002317428 -0.999945791 -0.010151095 2.272372274 0.999919062 0.002444118 -0.012485795 0.515280662 0.012509928 -0.010121339 0.999870522 2.289923718
0.000000000 0.445479768 0.791365552 0.500000000 0.500000000 0.000000000 0.000000000 -0.000111494 -0.999999992 -0.000057481 2.304090165 0.999999992 -0.000111498 0.000058625 0.503040742 -0.000058631 -0.000057474 0.999999997 2.306715956
0.000000000 0.445479768 0.791365552 0.500000000 0.500000000 0.000000000 0.000000000 -0.002569728 -0.999940343 0.010616398 2.361370376 0.999971261 -0.002493795 0.007159411 0.496035466 -0.007132508 0.010634491 0.999918014 2.293766857
0.000000000 0.445479768 0.791365552 0.500000000 0.500000000 0.000000000 0.000000000 -0.005070385 -0.999626947 0.026837626 2.425955967 0.999877054 -0.004669772 0.014968981 0.511800250 -0.014838071 0.026910225 0.999527724 2.250029584
0.000000000 0.445479768 0.791365552 0.500000000 0.500000000 0.000000000 0.000000000 -0.007701569 -0.998679646 0.050790267 2.485801604 0.999743965 -0.006609182 0.021640777 0.532659931 -0.021276522 0.050943931 0.998474850 2.189853161
0.000000000 0.445479768 0.791365552 0.500000000 0.500000000 0.000000000 0.000000000 -0.010582304 -0.997263561 0.073166964 2.570826070 0.999541570 -0.008473959 0.029066151 0.550877191 -0.028366599 0.073441009 0.996896060 2.114765170
0.000000000 0.445479768 0.791365552 0.500000000 0.500000000 0.000000000 0.000000000 -0.013450544 -0.995528912 0.093494747 2.650575699 0.999336785 -0.010219611 0.034950685 0.554174128 -0.033838937 0.093902846 0.995006122 2.048712422
0.000000000 0.445479768 0.791365552 0.500000000 0.500000000 0.000000000 0.000000000 -0.017399049 -0.993387418 0.113484404 2.733229006 0.999004426 -0.012608854 0.042792220 0.545583188 -0.041078345 0.114115966 0.992617810 1.973748815
0.000000000 0.445479768 0.791365552 0.500000000 0.500000000 0.000000000 0.000000000 -0.022165586 -0.990833949 0.133254538 2.798890746 0.998662993 -0.015717755 0.049246093 0.547035732 -0.046700239 0.134167944 0.989857591 1.916959840
0.000000000 0.445479768 0.791365552 0.500000000 0.500000000 0.000000000 0.000000000 -0.027618700 -0.987813843 0.153169902 2.851963420 0.998361837 -0.019577280 0.053762181 0.539579324 -0.050108376 0.154403826 0.986736342 1.867591294
0.000000000 0.445479768 0.791365552 0.500000000 0.500000000 0.000000000 0.000000000 -0.032738133 -0.985594657 0.165925849 2.908018809 0.997969935 -0.023161644 0.059325776 0.521960760 -0.054628053 0.167531223 0.984352104 1.794868486
0.000000000 0.445479768 0.791365552 0.500000000 0.500000000 0.000000000 0.000000000 -0.036609681 -0.982507634 0.182588282 2.953682497 0.997723629 -0.025581184 0.062395215 0.486929193 -0.056632950 0.184456912 0.981207601 1.727726347
0.000000000 0.445479768 0.791365552 0.500000000 0.500000000 0.000000000 0.000000000 -0.040331888 -0.979037526 0.199646842 2.987395119 0.997212660 -0.026887996 0.069598459 0.447231600 -0.062771400 0.201897396 0.977393060 1.690716795
0.000000000 0.445479768 0.791365552 0.500000000 0.500000000 0.000000000 0.000000000 -0.042198660 -0.976596054 0.210901445 3.015586114 0.996930637 -0.027225403 0.073403555 0.403124520 -0.065943745 0.213351644 0.974747402 1.668440693
0.000000000 0.445479768 0.791365552 0.500000000 0.500000000 0.000000000 0.000000000 -0.042392546 -0.974608874 0.219864536 3.026215218 0.996826824 -0.026419537 0.075088559 0.342046295 -0.067373257 0.222350062 0.972636260 1.650549143
0.000000000 0.445479768 0.791365552 0.500000000 0.500000000 0.000000000 0.000000000 -0.039742967 -0.973318905 0.225988508 3.035746807 0.997024637 -0.023678745 0.073356595 0.278539903 -0.066048236 0.228231519 0.971363992 1.621450414
0.000000000 0.445479768 0.791365552 0.500000000 0.500000000 0.000000000 0.000000000 -0.037069972 -0.972608367 0.229475012 3.037908457 0.997170913 -0.020975778 0.072181631 0.224374914 -0.065391042 0.231501578 0.970634345 1.609629809
