0.000000000 0.446990263 0.724920866 0.500000000 0.500000000 0.000000000 0.000000000 0.106787549 -0.994066918 0.020673202 0.899091393 0.923585536 0.106873302 0.368195404 -4.040599190 -0.368220284 -0.020225215 0.929518565 -6.846771809
0.000000000 0.446990263 0.724920866 0.500000000 0.500000000 0.000000000 0.000000000 0.107324221 -0.993988349 0.021648884 0.882358195 0.922003674 0.107652022 0.371914327 -4.063413138 -0.372009054 -0.019955065 0.928014579 -6.744449188
0.000000000 0.446990263 0.724920866 0.500000000 0.500000000 0.000000000 0.000000000 0.108432745 -0.993829136 0.023366413 0.866379689 0.919287486 0.109190382 0.378137513 -4.086162836 -0.378355466 -0.019522037 0.925454500 -6.642830580
0.000000000 0.446990263 0.724920866 0.500000000 0.500000000 0.000000000 0.000000000 0.110448647 -0.993579687 0.024505161 0.849790509 0.915518085 0.111305353 0.386571798 -4.107946270 -0.386817442 -0.020261414 0.921933697 -6.538840733
0.000000000 0.446990263 0.724920866 0.500000000 0.500000000 0.000000000 0.000000000 0.113278909 -0.993214948 0.026305039 0.835324853 0.910305435 0.114359183 0.397826586 -4.129263647 -0.398135534 -0.021119742 0.917083449 -6.435305774
0.000000000 0.446990263 0.724920866 0.500000000 0.500000000 0.000000000 0.000000000 0.117601478 -0.992670097 0.027856256 0.817026272 0.902998678 0.118566559 0.412959270 -4.149719041 -0.413235139 -0.023410458 0.910323388 -6.323327412
0.000000000 0.446990263 0.724920866 0.500000000 0.500000000 0.000000000 0.000000000 0.122059347 -0.992089306 0.029331295 0.803103755 0.895432720 0.122818972 0.427920255 -4.163927506 -0.428137548 -0.025967465 0.903340429 -6.228496830
0.000000000 0.446990263 0.724920866 0.500000000 0.500000000 0.000000000 0.000000000 0.127180502 -0.991375084 0.031631667 0.789860859 0.885667475 0.127861798 0.446368103 -4.179606368 -0.446562698 -0.028754181 0.894290196 -6.125564283
0.000000000 0.446990263 0.724920866 0.500000000 0.500000000 0.000000000 0.000000000 0.131961523 -0.990665314 0.034181752 0.775009242 0.874011825 0.132552393 0.467475339 -4.190935685 -0.467642476 -0.031813502 0.883345015 -6.023740298
0.000000000 0.446990263 0.724920866 0.500000000 0.500000000 0.000000000 0.000000000 0.136222898 -0.989978807 0.037219388 0.761705678 0.860831397 0.136879206 0.490136092 -4.201031089 -0.490318904 -0.034728141 0.870850922 -5.923989404
0.000000000 0.446990263 0.724920866 0.500000000 0.500000000 0.000000000 0.000000000 0.139194161 -0.989427611 0.040718392 0.748691968 0.848773791 0.140385960 0.509779201 -4.209081411 -0.510105908 -0.036397584 0.859341130 -5.830947409
0.000000000 0.446990263 0.724920866 0.500000000 0.500000000 0.000000000 0.000000000 0.139693100 -0.989132962 0.045845632 0.734549331 0.835307312 0.142578898 0.530973590 -4.217828979 -0.531740099 -0.035878155 0.846147283 -5.721347242
0.000000000 0.446990263 0.724920866 0.500000000 0.500000000 0.000000000 0.000000000 0.138969634 -0.988996643 0.050725541 0.720633743 0.826414328 0.144042693 0.544326246 -4.223588868 -0.545643473 -0.033724506 0.837338556 -5.620000736
0.000000000 0.446990263 0.724920866 0.500000000 0.500000000 0.000000000 0.000000000 0.136618200 -0.988987782 0.056909001 0.705623163 0.822594612 0.145267374 0.549759488 -4.223408850 -0.551972438 -0.028294114 0.833382188 -5.510567095
0.000000000 0.446990263 0.724920866 0.500000000 0.500000000 0.000000000 0.000000000 0.132201267 -0.989360502 0.060734025 0.692413263 0.827229571 0.143878067 0.543130130 -4.223461281 -0.546089793 -0.021561510 0.837449127 -5.428334893
0.000000000 0.446990263 0.724920866 0.500000000 0.500000000 0.000000000 0.000000000 0.125274015 -0.989963940 0.065405042 0.675084203 0.843638463 0.140985352 0.518070723 -4.214962363 -0.522092487 -0.009722591 0.852833457 -5.317858033
0.000000000 0.446990263 0.724920866 0.500000000 0.500000000 0.000000000 0.000000000 0.119988901 -0.990521307 0.066859582 0.659837849 0.864672255 0.137359064 0.483191865 -4.207733760 -0.487795607 -0.000166035 0.872957856 -5.229173933
0.000000000 0.446990263 0.724920866 0.500000000 0.500000000 0.000000000 0.000000000 0.115291667 -0.991145412 0.065868073 0.642998275 0.893540397 0.132448097 0.429002401 -4.199201154 -0.433927863 0.009395382 0.900898627 -5.124299478
0.000000000 0.446990263 0.724920866 0.500000000 0.500000000 0.000000000 0.000000000 0.111683703 -0.991742926 0.063029506 0.626774049 0.919588458 0.127183023 0.371727785 -4.190348471 -0.376674684 0.016445270 0.926199620 -5.027184413
0.000000000 0.446990263 0.724920866 0.500000000 0.500000000 0.000000000 0.000000000 0.107965842 -0.992458142 0.058053547 0.610763656 0.943207499 0.120711968 0.309496743 -4.180965847 -0.314170320 0.021341465 0.949126731 -4.932562278
0.000000000 0.446990263 0.724920866 0.500000000 0.500000000 0.000000000 0.000000000 0.106292341 -0.993019360 0.051132077 0.596098471 0.961676609 0.115736278 0.248562292 -4.169544470 -0.252745005 0.022752254 0.967265371 -4.844327920
0.000000000 0.446990263 0.724920866 0.500000000 0.500000000 0.000000000 0.000000000 0.112801391 -0.992791130 0.040516881 0.578136716 0.972501923 0.118674282 0.200390679 -4.150868631 -0.203754401 0.016798398 0.978877908 -4.742375241
0.000000000 0.446990263 0.724920866 0.500000000 0.500000000 0.000000000 0.000000000 0.124403202 -0.991416674 0.040209719 0.560534002 0.968393776 0.130144242 0.212781508 -4.129899094 -0.216188198 0.012468141 0.976272098 -4.629005124
0.000000000 0.446990263 0.724920866 0.500000000 0.500000000 0.000000000 0.000000000 0.130681653 -0.990161259 0.050029851 0.548491161 0.954889680 0.139278374 0.262273205 -4.112813751 -0.266660843 0.013498692 0.963695896 -4.546340322
0.000000000 0.446990263 0.724920866 0.500000000 0.500000000 0.000000000 0.000000000 0.140317260 -0.987859680 0.066665725 0.537623481 0.921672929 0.154920050 0.355694798 -4.088649222 -0.361704407 0.011533874 0.932221482 -4.451503315
0.000000000 0.446990263 0.724920866 0.500000000 0.500000000 0.000000000 0.000000000 0.151756975 -0.985485902 0.076074683 0.524524050 0.876831505 0.169750112 0.449834871 -4.066312187 -0.456219610 -0.001560901 0.889865850 -4.361802320
0.000000000 0.446990263 0.724920866 0.500000000 0.500000000 0.000000000 0.000000000 0.162825608 -0.983480315 0.079084080 0.514510314 0.819464097 0.179440753 0.544315727 -4.040053829 -0.549514709 -0.023821975 0.835144358 -4.270928859
0.000000000 0.446990263 0.724920866 0.500000000 0.500000000 0.000000000 0.000000000 0.172409625 -0.981939996 0.077902280 0.504502244 0.756384989 0.182637879 0.628112374 -4.011636818 -0.630996569 -0.049368504 0.774213201 -4.165126310
0.000000000 0.446990263 0.724920866 0.500000000 0.500000000 0.000000000 0.000000000 0.178607290 -0.980870316 0.077413555 0.496239940 0.704663704 0.182429467 0.685688379 -3.989030693 -0.686693891 -0.067918421 0.723766943 -4.084179731
0.000000000 0.446990263 0.724920866 0.500000000 0.500000000 0.000000000 0.000000000 0.187036847 -0.979101527 0.079858732 0.483964473 0.648904914 0.184173213 0.738242941 -3.953034781 -0.737522630 -0.086257908 0.669790970 -3.983005431
0.000000000 0.446990263 0.724920866 0.500000000 0.500000000 0.000000000 0.000000000 0.193852853 -0.977500116 0.083154038 0.472659234 0.606376809 0.186020773 0.773112823 -3.919023718 -0.771186253 -0.099447446 0.628794059 -3.897049471
0.000000000 0.446990263 0.724920866 0.500000000 0.500000000 0.000000000 0.000000000 0.200745169 -0.975727980 0.087500211 0.456812449 0.562031337 0.187866215 0.805498021 -3.873145736 -0.802385290 -0.112521975 0.586102936 -3.795596804
0.000000000 0.446990263 0.724920866 0.500000000 0.500000000 0.000000000 0.000000000 0.205349572 -0.974298956 0.092591027 0.442072900 0.524115058 0.189374632 0.830325632 -3.829303862 -0.826519788 -0.121978662 0.549532753 -3.703433151
0.000000000 0.446990263 0.724920866 0.500000000 0.500000000 0.000000000 0.000000000 0.209057699 -0.972959019 0.098212145 0.427191434 0.492470663 0.191515282 0.848996197 -3.783289482 -0.844847634 -0.129122591 0.519191517 -3.616513964
0.000000000 0.446990263 0.724920866 0.500000000 0.500000000 0.000000000 0.000000000 0.212315593 -0.971501262 0.105391586 0.415251133 0.457688497 0.194151087 0.867655805 -3.729717262 -0.863390601 -0.135980340 0.485866255 -3.514917521
0.000000000 0.446990263 0.724920866 0.500000000 0.500000000 0.000000000 0.000000000 0.213614996 -0.970589913 0.111012858 0.402344186 0.427643066 0.195073392 0.882648163 -3.677086146 -0.878345059 -0.141073005 0.456736648 -3.423034229
0.000000000 0.446990263 0.724920866 0.500000000 0.500000000 0.000000000 0.000000000 0.213448719 -0.970058020 0.115875283 0.389367966 0.401561385 0.195241433 0.894778876 -3.618221424 -0.890611081 -0.144458366 0.431211876 -3.329847021
0.000000000 0.446990263 0.724920866 0.500000000 0.500000000 0.000000000 0.000000000 0.213410230 -0.969530521 0.120277356 0.374724849 0.377127080 0.195324986 0.905330501 -3.557695306 -0.901238725 -0.147846943 0.407320565 -3.236657877
0.000000000 0.446990263 0.724920866 0.500000000 0.500000000 0.000000000 0.000000000 0.212944477 -0.969268016 0.123183449 0.363024567 0.356281477 0.194423905 0.913927160 -3.501069767 -0.909790173 -0.150727760 0.386733738 -3.152909616
0.000000000 0.446990263 0.724920866 0.500000000 0.500000000 0.000000000 0.000000000 0.212575134 -0.969025659 0.125702362 0.349466207 0.331969588 0.192610052 0.923416244 -3.431080725 -0.919025574 -0.154565971 0.362631157 -3.056552363
0.000000000 0.446990263 0.724920866 0.500000000 0.500000000 0.000000000 0.000000000 0.212002862 -0.968816496 0.128255149 0.337277378 0.308780372 0.190920795 0.931774614 -3.364623745 -0.927205192 -0.157936213 0.339627273 -2.970117007
0.000000000 0.446990263 0.724920866 0.500000000 0.500000000 0.000000000 0.000000000 0.211951542 -0.968352166 0.131797673 0.324212044 0.284252258 0.190116174 0.939710857 -3.291859631 -0.935027913 -0.161709379 0.315551706 -2.885328444
0.000000000 0.446990263 0.724920866 0.500000000 0.500000000 0.000000000 0.000000000 0.211530692 -0.967676541 0.137320350 0.312764709 0.256569961 0.190550393 0.947556016 -3.215972262 -0.943094174 -0.165204903 0.288583989 -2.800150968
0.000000000 0.446990263 0.724920866 0.500000000 0.500000000 0.000000000 0.000000000 0.210403513 -0.966865142 0.144575791 0.301110931 0.225463982 0.191890707 0.955166975 -3.134157197 -0.951260403 -0.168373853 0.258367744 -2.715660696
0.000000000 0.446990263 0.724920866 0.500000000 0.500000000 0.000000000 0.000000000 0.208654794 -0.965985237 0.152760264 0.290379490 0.194037930 0.193983100 0.961623543 -3.054678047 -0.958547056 -0.171006077 0.227913280 -2.641034059
0.000000000 0.446990263 0.724920866 0.500000000 0.500000000 0.000000000 0.000000000 0.206238607 -0.964854394 0.162854647 0.279683598 0.157604010 0.197014503 0.967649865 -2.964817890 -0.965725951 -0.173900215 0.192696918 -2.561097278
0.000000000 0.446990263 0.724920866 0.500000000 0.500000000 0.000000000 0.000000000 0.202841316 -0.964026124 0.171781932 0.268301700 0.119357670 0.198461938 0.972813757 -2.871922503 -0.971910051 -0.176823332 0.155320192 -2.483886823
0.000000000 0.446990263 0.724920866 0.500000000 0.500000000 0.000000000 0.000000000 0.198945924 -0.963297678 0.180216823 0.256867993 0.076476650 0.198592269 0.977093871 -2.769461667 -0.977021925 -0.180606464 0.113178902 -2.401986959
0.000000000 0.446990263 0.724920866 0.500000000 0.500000000 0.000000000 0.000000000 0.195185518 -0.962800381 0.186863693 0.248170439 0.035974721 0.197428332 0.979657018 -2.671285713 -0.980106338 -0.184492493 0.073171627 -2.328194889
0.000000000 0.446990263 0.724920866 0.500000000 0.500000000 0.000000000 0.000000000 0.192244465 -0.962180993 0.193002080 0.238963618 -0.006513745 0.195415119 0.980698987 -2.570195956 -0.981325449 -0.189791119 0.031300074 -2.258291321
0.000000000 0.446990263 0.724920866 0.500000000 0.500000000 0.000000000 0.000000000 0.189832979 -0.961360710 0.199371577 0.229462357 -0.050822248 0.193170090 0.979848159 -2.468876804 -0.980500147 -0.196140007 -0.012188459 -2.193221792
0.000000000 0.446990263 0.724920866 0.500000000 0.500000000 0.000000000 0.000000000 0.188873020 -0.960062547 0.206414362 0.220165788 -0.094473624 0.191457992 0.976943484 -2.363843905 -0.977446529 -0.204018979 -0.054539339 -2.131822980
0.000000000 0.446990263 0.724920866 0.500000000 0.500000000 0.000000000 0.000000000 0.188219764 -0.958447418 0.214363868 0.211598927 -0.137797510 0.190334423 0.972000336 -2.256686255 -0.972412035 -0.212488481 -0.096246968 -2.072219879
0.000000000 0.446990263 0.724920866 0.500000000 0.500000000 0.000000000 0.000000000 0.190233710 -0.956135100 0.222748303 0.203692669 -0.180330417 0.188999385 0.965277252 -2.145846437 -0.965034754 -0.223796568 -0.136466187 -2.018002457
0.000000000 0.446990263 0.724920866 0.500000000 0.500000000 0.000000000 0.000000000 0.192986419 -0.953532957 0.231367980 0.195527530 -0.220760585 0.187559369 0.957123946 -2.035796097 -0.956044458 -0.235788854 -0.174306083 -1.968857194
0.000000000 0.446990263 0.724920866 0.500000000 0.500000000 0.000000000 0.000000000 0.195673367 -0.950925315 0.239693509 0.190065498 -0.260091852 0.185343055 0.947628714 -1.928461298 -0.945549661 -0.247768030 -0.211061227 -1.923736025
0.000000000 0.446990263 0.724920866 0.500000000 0.500000000 0.000000000 0.000000000 0.197629434 -0.948669779 0.246917511 0.185313449 -0.297736491 0.181896215 0.937158871 -1.821502126 -0.933967659 -0.258726531 -0.246505565 -1.881963068
0.000000000 0.446990263 0.724920866 0.500000000 0.500000000 0.000000000 0.000000000 0.197426197 -0.946864054 0.253912112 0.180723786 -0.332953497 0.178848167 0.925826821 -1.714568851 -0.922043852 -0.267323394 -0.279952385 -1.840834076
0.000000000 0.446990263 0.724920866 0.500000000 0.500000000 0.000000000 0.000000000 0.195535460 -0.945726125 0.259553426 0.177632966 -0.363989713 0.175771880 0.914667008 -1.615351135 -0.910646678 -0.273324611 -0.309864945 -1.805850512
0.000000000 0.446990263 0.724920866 0.500000000 0.500000000 0.000000000 0.000000000 0.190955346 -0.944962577 0.265672325 0.178546797 -0.398372259 0.172756468 0.900807830 -1.499079379 -0.897126300 -0.277850555 -0.343458105 -1.765634016
0.000000000 0.446990263 0.724920866 0.500000000 0.500000000 0.000000000 0.000000000 0.185603475 -0.944930608 0.269550543 0.178391623 -0.424507957 0.170289792 0.889266204 -1.400475377 -0.886196561 -0.279477248 -0.369524185 -1.735480313
0.000000000 0.446990263 0.724920866 0.500000000 0.500000000 0.000000000 0.000000000 0.181129467 -0.944913970 0.272634747 0.179683802 -0.447757132 0.167587470 0.878309735 -1.302743414 -0.875617306 -0.281161927 -0.392736940 -1.706871144
0.000000000 0.446990263 0.724920866 0.500000000 0.500000000 0.000000000 0.000000000 0.175407183 -0.945613197 0.273948903 0.179649001 -0.472166102 0.163368974 0.866238853 -1.179108792 -0.863881643 -0.281293902 -0.417830406 -1.672644122
0.000000000 0.446990263 0.724920866 0.500000000 0.500000000 0.000000000 0.000000000 0.171778526 -0.946585265 0.272889126 0.179734350 -0.486491154 0.159363109 0.859028380 -1.082329116 -0.856632065 -0.280320774 -0.433130198 -1.645266480
0.000000000 0.446990263 0.724920866 0.500000000 0.500000000 0.000000000 0.000000000 0.169001288 -0.947657991 0.270892776 0.180492702 -0.499075127 0.154726588 0.852633392 -0.977732267 -0.849919162 -0.279291988 -0.446803540 -1.619045582
0.000000000 0.446990263 0.724920866 0.500000000 0.500000000 0.000000000 0.000000000 0.167362936 -0.949107120 0.266805778 0.178937842 -0.509444298 0.148438009 0.847604073 -0.863558951 -0.844071179 -0.277780188 -0.458674190 -1.592956173
0.000000000 0.446990263 0.724920866 0.500000000 0.500000000 0.000000000 0.000000000 0.166036923 -0.950505331 0.262623982 0.178057639 -0.515667869 0.143316472 0.844717134 -0.768207172 -0.840546482 -0.275680983 -0.466349233 -1.569332160
0.000000000 0.446990263 0.724920866 0.500000000 0.500000000 0.000000000 0.000000000 0.164570193 -0.952215771 0.257297061 0.176219880 -0.520752221 0.137659709 0.842536010 -0.662555139 -0.837695515 -0.272644330 -0.473213792 -1.545060907
0.000000000 0.446990263 0.724920866 0.500000000 0.500000000 0.000000000 0.000000000 0.163670862 -0.954197392 0.250437987 0.171688709 -0.524428243 0.130863280 0.841338113 -0.549933835 -0.835575770 -0.269039288 -0.478989556 -1.523459882
0.000000000 0.446990263 0.724920866 0.500000000 0.500000000 0.000000000 0.000000000 0.162729167 -0.955920390 0.244408319 0.168258826 -0.525537405 0.125673634 0.841437207 -0.454758049 -0.835062665 -0.265372089 -0.481921155 -1.505707581
0.000000000 0.446990263 0.724920866 0.500000000 0.500000000 0.000000000 0.000000000 0.160659264 -0.958015907 0.237474467 0.164194417 -0.526889301 0.120205881 0.841390641 -0.345297984 -0.834611446 -0.260299956 -0.485456144 -1.483228988
0.000000000 0.446990263 0.724920866 0.500000000 0.500000000 0.000000000 0.000000000 0.157819023 -0.959834602 0.231971320 0.158348951 -0.526620143 0.116910324 0.842023278 -0.225716298 -0.835322920 -0.255048061 -0.487017562 -1.461989585
0.000000000 0.446990263 0.724920866 0.500000000 0.500000000 0.000000000 0.000000000 0.154927874 -0.960743553 0.230150341 0.153531957 -0.525380596 0.117165320 0.842761839 -0.147445640 -0.836643642 -0.251483823 -0.486603846 -1.449184332
0.000000000 0.446990263 0.724920866 0.500000000 0.500000000 0.000000000 0.000000000 0.149752554 -0.961889614 0.228784927 0.146712063 -0.517846680 0.120813246 0.846899626 -0.034379303 -0.842264204 -0.245300897 -0.480019251 -1.429214268
0.000000000 0.446990263 0.724920866 0.500000000 0.500000000 0.000000000 0.000000000 0.144746142 -0.962743533 0.228415071 0.141313060 -0.506777312 0.126137515 0.852798970 0.072239527 -0.849838402 -0.239194937 -0.469638661 -1.411088937
0.000000000 0.446990263 0.724920866 0.500000000 0.500000000 0.000000000 0.000000000 0.139278427 -0.962574084 0.232492263 0.135092209 -0.493200585 0.136159575 0.859193665 0.172614528 -0.858693602 -0.234332462 -0.455778010 -1.396083355
0.000000000 0.446990263 0.724920866 0.500000000 0.500000000 0.000000000 0.000000000 0.133595128 -0.962277964 0.237009413 0.128634376 -0.456679970 0.152472438 0.876467661 0.288349105 -0.879542919 -0.225329261 -0.419083496 -1.378655770
0.000000000 0.446990263 0.724920866 0.500000000 0.500000000 0.000000000 0.000000000 0.134872153 -0.963948741 0.229373771 0.123508281 -0.383819592 0.162591462 0.908981043 0.389972595 -0.913505349 -0.210634378 -0.348053352 -1.362143660
0.000000000 0.446990263 0.724920866 0.500000000 0.500000000 0.000000000 0.000000000 0.142127675 -0.966635952 0.213107158 0.119882102 -0.284533491 0.166309579 0.944130190 0.491285893 -0.948071947 -0.194823153 -0.251403108 -1.344855524
0.000000000 0.446990263 0.724920866 0.500000000 0.500000000 0.000000000 0.000000000 0.151954524 -0.969346576 0.193072625 0.115414793 -0.181905937 0.164576813 0.969445565 0.584476099 -0.971504016 -0.182432696 -0.151321706 -1.330517339
0.000000000 0.446990263 0.724920866 0.500000000 0.500000000 0.000000000 0.000000000 0.163330931 -0.971997803 0.168947562 0.110313366 -0.061129793 0.160947342 0.985068069 0.695605420 -0.984675660 -0.171219814 -0.033130345 -1.313176073
