0.000000000 0.449788568 0.799319853 0.500000000 0.500000000 0.000000000 0.000000000 0.058651192 -0.985764774 0.157568550 0.587271300 -0.281297272 0.135124618 0.950059568 2.916861497 -0.957826645 -0.100045730 -0.269367721 -3.181178644
0.000000000 0.449788568 0.799319853 0.500000000 0.500000000 0.000000000 0.000000000 0.045052864 -0.986129772 0.159744520 0.588525996 -0.305033838 0.138690482 0.942188574 2.818647884 -0.951275248 -0.091175778 -0.294554545 -3.157675119
0.000000000 0.449788568 0.799319853 0.500000000 0.500000000 0.000000000 0.000000000 0.031073199 -0.986482361 0.160894400 0.582660173 -0.323964160 0.142342047 0.935299933 2.742318122 -0.945558924 -0.081186780 -0.315161906 -3.163824587
0.000000000 0.449788568 0.799319853 0.500000000 0.500000000 0.000000000 0.000000000 0.015960215 -0.986213303 0.164707596 0.586547725 -0.340300795 0.149536677 0.928350231 2.672164304 -0.940181174 -0.070866795 -0.333222534 -3.194057737
0.000000000 0.449788568 0.799319853 0.500000000 0.500000000 0.000000000 0.000000000 0.004377938 -0.985211374 0.171287425 0.595799214 -0.350781722 0.158891654 0.922878988 2.601473935 -0.936447018 -0.064124805 -0.344898524 -3.237167294
0.000000000 0.449788568 0.799319853 0.500000000 0.500000000 0.000000000 0.000000000 -0.005262910 -0.983539257 0.180617915 0.612009592 -0.355311420 0.170673474 0.919034472 2.524232105 -0.934733169 -0.059338812 -0.350360969 -3.280791997
0.000000000 0.449788568 0.799319853 0.500000000 0.500000000 0.000000000 0.000000000 -0.014426791 -0.981427182 0.191291803 0.629413811 -0.355414506 0.183851356 0.916449239 2.442683125 -0.934597452 -0.054766460 -0.351465842 -3.317672491
0.000000000 0.449788568 0.799319853 0.500000000 0.500000000 0.000000000 0.000000000 -0.020091963 -0.978343439 0.206010746 0.651944884 -0.351180489 0.199828817 0.914735321 2.359228598 -0.936092184 -0.053968126 -0.347590081 -3.354736407
0.000000000 0.449788568 0.799319853 0.500000000 0.500000000 0.000000000 0.000000000 -0.024792774 -0.975452446 0.218810064 0.662591508 -0.350551174 0.213462344 0.911892374 2.278104616 -0.936215356 -0.054095783 -0.347238324 -3.398055350
0.000000000 0.449788568 0.799319853 0.500000000 0.500000000 0.000000000 0.000000000 -0.028500729 -0.972982655 0.229112335 0.662460883 -0.351209420 0.224339287 0.909023558 2.216961708 -0.935863052 -0.054558576 -0.348114507 -3.447898630
0.000000000 0.449788568 0.799319853 0.500000000 0.500000000 0.000000000 0.000000000 -0.031084931 -0.970978513 0.237138049 0.669436477 -0.353209972 0.232616236 0.906163563 2.158663171 -0.935027509 -0.055591492 -0.350190153 -3.508951388
0.000000000 0.449788568 0.799319853 0.500000000 0.500000000 0.000000000 0.000000000 -0.034307678 -0.970018571 0.240597081 0.671847194 -0.359788024 0.236585347 0.902540831 2.101912514 -0.932403111 -0.055599868 -0.357117759 -3.565681788
0.000000000 0.449788568 0.799319853 0.500000000 0.500000000 0.000000000 0.000000000 -0.036132292 -0.969995969 0.240421042 0.677112549 -0.369325656 0.236507301 0.898700649 2.055586174 -0.928597339 -0.056321545 -0.366789948 -3.606014329
0.000000000 0.449788568 0.799319853 0.500000000 0.500000000 0.000000000 0.000000000 -0.037021921 -0.970912566 0.236554784 0.693633631 -0.384734527 0.232318536 0.893312623 1.996850731 -0.922284512 -0.057938644 -0.382144465 -3.644510831
0.000000000 0.449788568 0.799319853 0.500000000 0.500000000 0.000000000 0.000000000 -0.036004351 -0.972471829 0.230222130 0.704553276 -0.400708045 0.225089784 0.888125921 1.941083269 -0.915498088 -0.060275462 -0.397781497 -3.676016363
0.000000000 0.449788568 0.799319853 0.500000000 0.500000000 0.000000000 0.000000000 -0.032492634 -0.974224651 0.223227592 0.717776134 -0.416749110 0.216209531 0.882934662 1.895064054 -0.908440646 -0.064341027 -0.413032474 -3.708332326
0.000000000 0.449788568 0.799319853 0.500000000 0.500000000 0.000000000 0.000000000 -0.024087883 -0.976023165 0.216329737 0.729271893 -0.435706112 0.205008822 0.876431154 1.860184689 -0.899766613 -0.073144818 -0.430197487 -3.760691728
0.000000000 0.449788568 0.799319853 0.500000000 0.500000000 0.000000000 0.000000000 -0.015308106 -0.977004195 0.212669848 0.732766147 -0.450205044 0.196649745 0.871001892 1.833027413 -0.892793974 -0.082411649 -0.442862552 -3.817111071
0.000000000 0.449788568 0.799319853 0.500000000 0.500000000 0.000000000 0.000000000 -0.003296875 -0.977511896 0.210854509 0.728088063 -0.463939029 0.188284985 0.865626560 1.806072125 -0.885860998 -0.094969773 -0.454126672 -3.874442244
0.000000000 0.449788568 0.799319853 0.500000000 0.500000000 0.000000000 0.000000000 0.008753544 -0.977477264 0.210859132 0.724572413 -0.472017241 0.181857166 0.862628364 1.795241029 -0.881545858 -0.107080201 -0.459794227 -3.911850102
0.000000000 0.449788568 0.799319853 0.500000000 0.500000000 0.000000000 0.000000000 0.019106505 -0.977224593 0.211345772 0.722521891 -0.475998580 0.177000415 0.861450060 1.795258525 -0.879238474 -0.117059587 -0.461775659 -3.939381014
0.000000000 0.449788568 0.799319853 0.500000000 0.500000000 0.000000000 0.000000000 0.024751711 -0.977123475 0.211227526 0.729195268 -0.474481795 0.174494080 0.862797104 1.798251926 -0.879917257 -0.121579320 -0.459308274 -3.959085920
0.000000000 0.449788568 0.799319853 0.500000000 0.500000000 0.000000000 0.000000000 0.026814862 -0.977298307 0.210164179 0.749828752 -0.471897560 0.172964004 0.864520761 1.801547289 -0.881245514 -0.122357968 -0.456546681 -3.969545452
0.000000000 0.449788568 0.799319853 0.500000000 0.500000000 0.000000000 0.000000000 0.026637750 -0.978956089 0.202325000 0.778028364 -0.460640912 0.167606774 0.871617989 1.800711988 -0.887186779 -0.116417115 -0.446482559 -3.974239091
0.000000000 0.449788568 0.799319853 0.500000000 0.500000000 0.000000000 0.000000000 0.023323346 -0.980284468 0.196210048 0.796065262 -0.450118228 0.164948155 0.877602237 1.807300764 -0.892664328 -0.108786340 -0.437396765 -3.973241565
0.000000000 0.449788568 0.799319853 0.500000000 0.500000000 0.000000000 0.000000000 0.019377966 -0.981639787 0.189757274 0.809015290 -0.437554633 0.162326275 0.884418523 1.813502996 -0.898983002 -0.100167406 -0.426375484 -3.964876545
0.000000000 0.449788568 0.799319853 0.500000000 0.500000000 0.000000000 0.000000000 0.014567200 -0.983069688 0.182652086 0.820342922 -0.425081747 0.159253411 0.891035274 1.818917873 -0.905037737 -0.090621957 -0.415565104 -3.957481518
0.000000000 0.449788568 0.799319853 0.500000000 0.500000000 0.000000000 0.000000000 0.011562726 -0.984159542 0.176907600 0.833294231 -0.411409668 0.156568821 0.897902160 1.817967072 -0.911377193 -0.083163694 -0.403082388 -3.948419246
0.000000000 0.449788568 0.799319853 0.500000000 0.500000000 0.000000000 0.000000000 0.010501835 -0.985086978 0.171736301 0.850242085 -0.397765747 0.153457452 0.904562447 1.811628094 -0.917426903 -0.077810383 -0.390222273 -3.932978114
0.000000000 0.449788568 0.799319853 0.500000000 0.500000000 0.000000000 0.000000000 0.013492209 -0.985648495 0.168270629 0.868798797 -0.392189005 0.149584594 0.907641027 1.802471075 -0.919785706 -0.078239973 -0.384542276 -3.921187971
0.000000000 0.449788568 0.799319853 0.500000000 0.500000000 0.000000000 0.000000000 0.012063270 -0.988222535 0.152547367 0.907119062 -0.413546305 0.133969136 0.900572998 1.793031797 -0.910403170 -0.073949255 -0.407059672 -3.895796025
0.000000000 0.449788568 0.799319853 0.500000000 0.500000000 0.000000000 0.000000000 0.010600270 -0.989846367 0.141745563 0.935274447 -0.425367150 0.123824584 0.896510045 1.787946655 -0.904958796 -0.069797155 -0.419735554 -3.884033435
0.000000000 0.449788568 0.799319853 0.500000000 0.500000000 0.000000000 0.000000000 0.012008716 -0.991080579 0.132721802 0.963749080 -0.431648859 0.114589203 0.894733802 1.787500283 -0.901961780 -0.068033818 -0.426422732 -3.872586114
0.000000000 0.449788568 0.799319853 0.500000000 0.500000000 0.000000000 0.000000000 0.017542566 -0.991213977 0.131099616 0.981687274 -0.433623126 0.110604740 0.894280480 1.791628939 -0.900923550 -0.072535800 -0.427873012 -3.854597803
0.000000000 0.449788568 0.799319853 0.500000000 0.500000000 0.000000000 0.000000000 0.029738547 -0.990482221 0.134389688 0.996177258 -0.431058086 0.108596197 0.895765479 1.804792585 -0.901833990 -0.084568525 -0.423725877 -3.818921341
0.000000000 0.449788568 0.799319853 0.500000000 0.500000000 0.000000000 0.000000000 0.043935158 -0.989220045 0.139690386 1.000544775 -0.433994093 0.107044101 0.894533782 1.830019034 -0.899843780 -0.099926285 -0.424612657 -3.765753773
0.000000000 0.449788568 0.799319853 0.500000000 0.500000000 0.000000000 0.000000000 0.054470480 -0.988544014 0.140761143 1.003533266 -0.437790524 0.103054925 0.893151241 1.860328438 -0.897425442 -0.110274272 -0.427161751 -3.719605220
0.000000000 0.449788568 0.799319853 0.500000000 0.500000000 0.000000000 0.000000000 0.071201819 -0.988281117 0.135021238 1.005883211 -0.446888516 0.089412313 0.890110157 1.904080921 -0.891751622 -0.123716903 -0.435285163 -3.651267579
0.000000000 0.449788568 0.799319853 0.500000000 0.500000000 0.000000000 0.000000000 0.085747321 -0.987904049 0.129201341 1.005005384 -0.452842820 0.076865485 0.888270835 1.919484581 -0.887457479 -0.134674744 -0.440774246 -3.605478753
0.000000000 0.449788568 0.799319853 0.500000000 0.500000000 0.000000000 0.000000000 0.099352466 -0.987870949 0.119331790 1.014345151 -0.457283806 0.061182616 0.887213733 1.936433136 -0.883753704 -0.142715367 -0.445658743 -3.547079982
0.000000000 0.449788568 0.799319853 0.500000000 0.500000000 0.000000000 0.000000000 0.111108563 -0.988007779 0.107217139 1.028125132 -0.458583245 0.044741857 0.887524408 1.960124024 -0.881678113 -0.147779545 -0.448112610 -3.480015466
0.000000000 0.449788568 0.799319853 0.500000000 0.500000000 0.000000000 0.000000000 0.123654831 -0.988303207 0.089253874 1.027976775 -0.455731657 0.023338662 0.889811195 1.996652431 -0.881486324 -0.150705269 -0.447515120 -3.393834117
0.000000000 0.449788568 0.799319853 0.500000000 0.500000000 0.000000000 0.000000000 0.135451371 -0.987860569 0.076055383 1.010985926 -0.448010222 0.007399574 0.893997812 2.025283478 -0.883707965 -0.155166819 -0.441569350 -3.327065861
0.000000000 0.449788568 0.799319853 0.500000000 0.500000000 0.000000000 0.000000000 0.146431601 -0.986991701 0.066371443 1.001479803 -0.437992897 -0.004529179 0.898967023 2.051677923 -0.886972383 -0.160707401 -0.432958569 -3.275457620
0.000000000 0.449788568 0.799319853 0.500000000 0.500000000 0.000000000 0.000000000 0.159534486 -0.985485836 0.058020813 0.998139033 -0.423967438 -0.015319149 0.905547865 2.105401417 -0.891515765 -0.169065049 -0.420257837 -3.197692969
0.000000000 0.449788568 0.799319853 0.500000000 0.500000000 0.000000000 0.000000000 0.170933566 -0.983942171 0.051376261 0.960308638 -0.410841740 -0.023784431 0.911396382 2.174056627 -0.895539380 -0.176895746 -0.408310072 -3.109809026
0.000000000 0.449788568 0.799319853 0.500000000 0.500000000 0.000000000 0.000000000 0.179228372 -0.982732501 0.045978490 0.915742129 -0.401329751 -0.030363887 0.915430208 2.223094994 -0.898226932 -0.182523602 -0.399841861 -3.027582580
0.000000000 0.449788568 0.799319853 0.500000000 0.500000000 0.000000000 0.000000000 0.186030484 -0.981634435 0.042266961 0.900032544 -0.393723045 -0.035063709 0.918560123 2.250731310 -0.900208211 -0.187521660 -0.393015017 -2.947351702
0.000000000 0.449788568 0.799319853 0.500000000 0.500000000 0.000000000 0.000000000 0.192461932 -0.980524433 0.039118301 0.903926983 -0.386227376 -0.039043947 0.921576901 2.270883168 -0.902101335 -0.192477030 -0.386219852 -2.850720257
0.000000000 0.449788568 0.799319853 0.500000000 0.500000000 0.000000000 0.000000000 0.197701131 -0.979644246 0.034805364 0.870168758 -0.380417410 -0.043951469 0.923769919 2.300240760 -0.903436139 -0.195870924 -0.381362982 -2.737856648
0.000000000 0.449788568 0.799319853 0.500000000 0.500000000 0.000000000 0.000000000 0.199925509 -0.979251598 0.033107383 0.835341921 -0.374745533 -0.045200764 0.926025203 2.332274855 -0.905315181 -0.197542904 -0.376006948 -2.644545392
0.000000000 0.449788568 0.799319853 0.500000000 0.500000000 0.000000000 0.000000000 0.205299690 -0.978214396 0.030799874 0.821616911 -0.358995350 -0.045991780 0.932205500 2.367214889 -0.910480300 -0.202438511 -0.360616517 -2.554315048
0.000000000 0.449788568 0.799319853 0.500000000 0.500000000 0.000000000 0.000000000 0.214473756 -0.976364093 0.026723890 0.796917171 -0.330891154 -0.046888363 0.942503329 2.416622369 -0.918973369 -0.210984928 -0.333126565 -2.462826364
0.000000000 0.449788568 0.799319853 0.500000000 0.500000000 0.000000000 0.000000000 0.223539701 -0.974540168 0.017362671 0.754106721 -0.298386578 -0.051463901 0.953056618 2.457746029 -0.927898406 -0.218226780 -0.302293931 -2.377772315
0.000000000 0.449788568 0.799319853 0.500000000 0.500000000 0.000000000 0.000000000 0.230857232 -0.972944140 0.009199979 0.733761845 -0.268873907 -0.054704679 0.961620622 2.487480842 -0.935099867 -0.224470709 -0.274228263 -2.289405578
0.000000000 0.449788568 0.799319853 0.500000000 0.500000000 0.000000000 0.000000000 0.236960863 -0.971518724 0.000957816 0.746862741 -0.238059153 -0.057108557 0.969570241 2.511573723 -0.941900944 -0.229978218 -0.244811418 -2.178790448
0.000000000 0.449788568 0.799319853 0.500000000 0.500000000 0.000000000 0.000000000 0.241496579 -0.970371505 -0.007651449 0.721034138 -0.207537277 -0.059349032 0.976425098 2.536236750 -0.947949198 -0.234215360 -0.215720848 -2.066349446
0.000000000 0.449788568 0.799319853 0.500000000 0.500000000 0.000000000 0.000000000 0.244719866 -0.969468809 -0.015569707 0.678760178 -0.173387823 -0.059555567 0.983051269 2.561384440 -0.953964805 -0.237872577 -0.182668517 -1.955231008
0.000000000 0.449788568 0.799319853 0.500000000 0.500000000 0.000000000 0.000000000 0.246788499 -0.968818988 -0.022027363 0.666784989 -0.139986304 -0.058132486 0.988445471 2.584800808 -0.958905246 -0.240853445 -0.149967818 -1.854722834
0.000000000 0.449788568 0.799319853 0.500000000 0.500000000 0.000000000 0.000000000 0.249972599 -0.967847737 -0.028008171 0.645026076 -0.105547711 -0.055991839 0.992836641 2.611521611 -0.962482925 -0.245225757 -0.116150538 -1.756565779
0.000000000 0.449788568 0.799319853 0.500000000 0.500000000 0.000000000 0.000000000 0.253184236 -0.966694994 -0.037396940 0.609071476 -0.067858191 -0.056307208 0.996104796 2.638083001 -0.965035237 -0.249660343 -0.079854271 -1.661808987
0.000000000 0.449788568 0.799319853 0.500000000 0.500000000 0.000000000 0.000000000 0.259152409 -0.964794911 -0.044842046 0.584335047 -0.032947826 -0.055232175 0.997929781 2.644552173 -0.965274298 -0.257138459 -0.046101446 -1.575627620
0.000000000 0.449788568 0.799319853 0.500000000 0.500000000 0.000000000 0.000000000 0.266333517 -0.962611431 -0.049453920 0.593691554 0.001299261 -0.050948506 0.998700436 2.632145549 -0.963880060 -0.266051653 -0.012318611 -1.471766169
0.000000000 0.449788568 0.799319853 0.500000000 0.500000000 0.000000000 0.000000000 0.274442156 -0.960193885 -0.052050035 0.574832500 0.036452294 -0.043701212 0.998379404 2.612432024 -0.960912448 -0.275894740 0.023007815 -1.337746499
0.000000000 0.449788568 0.799319853 0.500000000 0.500000000 0.000000000 0.000000000 0.281992747 -0.958120440 -0.049852909 0.542205150 0.064156321 -0.033013967 0.997393626 2.596109875 -0.957269062 -0.284456148 0.052159783 -1.231743152
0.000000000 0.449788568 0.799319853 0.500000000 0.500000000 0.000000000 0.000000000 0.289669217 -0.956140127 -0.043448842 0.537249102 0.088564475 -0.018424392 0.995900033 2.577545896 -0.953020503 -0.292329606 0.079343069 -1.126194685
0.000000000 0.449788568 0.799319853 0.500000000 0.500000000 0.000000000 0.000000000 0.298155856 -0.953952362 -0.032832552 0.496536984 0.121640594 0.003856961 0.992566718 2.550066952 -0.946734731 -0.299933350 0.117189308 -0.982809667
0.000000000 0.449788568 0.799319853 0.500000000 0.500000000 0.000000000 0.000000000 0.302157430 -0.952820019 -0.028894619 0.459797019 0.146463689 0.016452241 0.989079224 2.532008712 -0.941939104 -0.303089649 0.144524701 -0.906979409
0.000000000 0.449788568 0.799319853 0.500000000 0.500000000 0.000000000 0.000000000 0.304915334 -0.951951222 -0.028557150 0.452414696 0.181426772 0.028623814 0.982987794 2.499583008 -0.934939017 -0.304909083 0.181437277 -0.819156904
0.000000000 0.449788568 0.799319853 0.500000000 0.500000000 0.000000000 0.000000000 0.305917162 -0.951656049 -0.027666851 0.457413058 0.210345556 0.039218187 0.976840151 2.449777936 -0.928530795 -0.304651766 0.212174138 -0.738940113
0.000000000 0.449788568 0.799319853 0.500000000 0.500000000 0.000000000 0.000000000 0.304400415 -0.952190496 -0.025954702 0.424873236 0.248976931 0.053234420 0.967045286 2.366241207 -0.919429647 -0.300831108 0.253278047 -0.629443736
0.000000000 0.449788568 0.799319853 0.500000000 0.500000000 0.000000000 0.000000000 0.301324358 -0.953225496 -0.023765196 0.374060566 0.278792922 0.064240079 0.958200250 2.316488379 -0.911854231 -0.295354643 0.285109622 -0.559222257
0.000000000 0.449788568 0.799319853 0.500000000 0.500000000 0.000000000 0.000000000 0.297145450 -0.954718205 -0.014755719 0.330431670 0.308206094 0.081276295 0.947841320 2.280040646 -0.903722073 -0.286194538 0.318400850 -0.495482061
0.000000000 0.449788568 0.799319853 0.500000000 0.500000000 0.000000000 0.000000000 0.296829861 -0.954920608 0.004320474 0.311786760 0.333394994 0.107870882 0.936595778 2.236405044 -0.894840663 -0.276569170 0.350385049 -0.414738430
0.000000000 0.449788568 0.799319853 0.500000000 0.500000000 0.000000000 0.000000000 0.298812716 -0.954119512 0.019155088 0.306504177 0.351008573 0.128550237 0.927506236 2.198523982 -0.887414189 -0.270427058 0.373316574 -0.335958672
0.000000000 0.449788568 0.799319853 0.500000000 0.500000000 0.000000000 0.000000000 0.303400245 -0.952169817 0.036344612 0.282620638 0.372365169 0.153587653 0.915289579 2.151069906 -0.877093195 -0.264165615 0.401153407 -0.223317750
0.000000000 0.449788568 0.799319853 0.500000000 0.500000000 0.000000000 0.000000000 0.312068877 -0.948115442 0.060746389 0.256785705 0.394895954 0.187601728 0.899367988 2.086948930 -0.864100805 -0.256676255 0.432951613 -0.116467985
0.000000000 0.449788568 0.799319853 0.500000000 0.500000000 0.000000000 0.000000000 0.320131821 -0.944208822 0.077364840 0.260706011 0.411871541 0.212254048 0.886177213 2.008761132 -0.853157342 -0.251829148 0.456842018 -0.038460039
0.000000000 0.449788568 0.799319853 0.500000000 0.500000000 0.000000000 0.000000000 0.326569808 -0.940524946 0.093621509 0.256033000 0.431237818 0.236407290 0.870715532 1.910959483 -0.841062486 -0.243976269 0.482793408 0.058534126
0.000000000 0.449788568 0.799319853 0.500000000 0.500000000 0.000000000 0.000000000 0.329081397 -0.938055094 0.108434660 0.232566020 0.453942703 0.257840949 0.852909179 1.838136884 -0.828034695 -0.231453422 0.510673925 0.128165209
0.000000000 0.449788568 0.799319853 0.500000000 0.500000000 0.000000000 0.000000000 0.328558553 -0.936312249 0.123970354 0.226593430 0.478600315 0.278208156 0.832791667 1.771870379 -0.814242603 -0.214288575 0.539527006 0.191981994
