0.000000000 0.448487833 0.798828363 0.500000000 0.500000000 0.000000000 0.000000000 -0.037750104 -0.999042900 0.022095572 -0.542220811 0.987087233 -0.033835541 0.156569314 4.696560240 -0.155671846 0.027720765 0.987419787 1.558727475
0.000000000 0.448487833 0.798828363 0.500000000 0.500000000 0.000000000 0.000000000 -0.036493737 -0.999013097 0.025318765 -0.543013916 0.988251000 -0.032314633 0.149384489 4.684800131 -0.148418894 0.030472893 0.988454974 1.559931377
0.000000000 0.448487833 0.798828363 0.500000000 0.500000000 0.000000000 0.000000000 -0.033743955 -0.999109418 0.025332130 -0.543080607 0.989096983 -0.029748896 0.144229542 4.670965065 -0.143347491 0.029922808 0.989219957 1.560455974
0.000000000 0.448487833 0.798828363 0.500000000 0.500000000 0.000000000 0.000000000 -0.027291116 -0.999507049 0.015519493 -0.537158776 0.989319828 -0.024782658 0.143638779 4.645448845 -0.143183357 0.019273804 0.989508487 1.549587582
0.000000000 0.448487833 0.798828363 0.500000000 0.500000000 0.000000000 0.000000000 -0.021668745 -0.999758081 0.003774283 -0.528278159 0.990691305 -0.020964455 0.134503645 4.619746779 -0.134391980 0.006653675 0.990905911 1.531945384
0.000000000 0.448487833 0.798828363 0.500000000 0.500000000 0.000000000 0.000000000 -0.014657055 -0.999889982 -0.002279366 -0.521683832 0.991697545 -0.014828150 0.127734514 4.575664169 -0.127754260 -0.000388230 0.991805777 1.499734718
0.000000000 0.448487833 0.798828363 0.500000000 0.500000000 0.000000000 0.000000000 -0.011013569 -0.999833489 -0.014549770 -0.516522037 0.992494667 -0.012702660 0.121626385 4.529898929 -0.121790953 -0.013101028 0.992469308 1.476857463
0.000000000 0.448487833 0.798828363 0.500000000 0.500000000 0.000000000 0.000000000 -0.010201847 -0.999624786 -0.025420638 -0.512291480 0.994482221 -0.012797199 0.104121773 4.488351840 -0.104408018 -0.024218138 0.994239633 1.465127693
0.000000000 0.448487833 0.798828363 0.500000000 0.500000000 0.000000000 0.000000000 -0.009771561 -0.999310601 -0.035816759 -0.511330731 0.995766889 -0.012998159 0.090990942 4.422187468 -0.091393765 -0.034776019 0.995207420 1.457948578
0.000000000 0.448487833 0.798828363 0.500000000 0.500000000 0.000000000 0.000000000 -0.010189848 -0.998857242 -0.046694500 -0.520476304 0.996224590 -0.014166935 0.085649659 4.353105040 -0.086213301 -0.045645452 0.995230506 1.452833625
0.000000000 0.448487833 0.798828363 0.500000000 0.500000000 0.000000000 0.000000000 -0.011364591 -0.998362497 -0.056063990 -0.517608673 0.996443475 -0.015988700 0.082733075 4.296123865 -0.083493990 -0.054924369 0.994993501 1.444576665
0.000000000 0.448487833 0.798828363 0.500000000 0.500000000 0.000000000 0.000000000 -0.011721800 -0.997923681 -0.063331875 -0.508563543 0.996793054 -0.016675551 0.078265786 4.242830775 -0.079159375 -0.062211357 0.994918861 1.427790649
0.000000000 0.448487833 0.798828363 0.500000000 0.500000000 0.000000000 0.000000000 -0.010378098 -0.997680053 -0.067281553 -0.496749506 0.997026068 -0.015462719 0.075497840 4.200951988 -0.076363045 -0.066297938 0.994873494 1.407776430
0.000000000 0.448487833 0.798828363 0.500000000 0.500000000 0.000000000 0.000000000 -0.009344899 -0.997781447 -0.065915523 -0.492814088 0.997713339 -0.013716332 0.066181234 4.141693637 -0.066938527 -0.065146340 0.995628037 1.377776370
0.000000000 0.448487833 0.798828363 0.500000000 0.500000000 0.000000000 0.000000000 -0.011033591 -0.998103231 -0.060565674 -0.490441535 0.998359805 -0.014398807 0.055410958 4.092704216 -0.056177930 -0.059854953 0.996625017 1.362332161
0.000000000 0.448487833 0.798828363 0.500000000 0.500000000 0.000000000 0.000000000 -0.014722881 -0.998677246 -0.049264537 -0.487243098 0.999052611 -0.016710611 0.040182543 4.024238283 -0.040952631 -0.048626262 0.997977138 1.351991191
0.000000000 0.448487833 0.798828363 0.500000000 0.500000000 0.000000000 0.000000000 -0.018439162 -0.999277898 -0.033221678 -0.499195824 0.999436830 -0.019353455 0.027412906 3.949824729 -0.028036065 -0.032697497 0.999071996 1.350284652
0.000000000 0.448487833 0.798828363 0.500000000 0.500000000 0.000000000 0.000000000 -0.021886292 -0.999593514 -0.018270131 -0.503197708 0.999479193 -0.022309938 0.023315446 3.895424611 -0.023713574 -0.017750328 0.999561200 1.350295559
0.000000000 0.448487833 0.798828363 0.500000000 0.500000000 0.000000000 0.000000000 -0.025374048 -0.999677859 0.000579346 -0.499766487 0.999429114 -0.025354794 0.022328936 3.840973573 -0.022307054 0.001145590 0.999750510 1.345663942
0.000000000 0.448487833 0.798828363 0.500000000 0.500000000 0.000000000 0.000000000 -0.027105090 -0.999328409 0.024658558 -0.485271973 0.999236369 -0.026391642 0.028812488 3.764077753 -0.028142358 0.025420693 0.999280639 1.326590616
0.000000000 0.448487833 0.798828363 0.500000000 0.500000000 0.000000000 0.000000000 -0.027518877 -0.999188037 0.029427497 -0.482962938 0.999203162 -0.026644069 0.029717580 3.731990473 -0.028909382 0.030221842 0.999125061 1.312104790
0.000000000 0.448487833 0.798828363 0.500000000 0.500000000 0.000000000 0.000000000 -0.029059416 -0.998736368 0.041002653 -0.482175995 0.999115918 -0.027774838 0.031558544 3.672503146 -0.030379823 0.041883476 0.998660523 1.288394620
0.000000000 0.448487833 0.798828363 0.500000000 0.500000000 0.000000000 0.000000000 -0.030492763 -0.998590481 0.043442410 -0.476968325 0.999121345 -0.029201084 0.030063843 3.636845619 -0.028752902 0.044320968 0.998603486 1.280279957
0.000000000 0.448487833 0.798828363 0.500000000 0.500000000 0.000000000 0.000000000 -0.032734263 -0.998532802 0.043135968 -0.476754472 0.999320409 -0.031967267 0.018352490 3.557186880 -0.016946624 0.043707408 0.998900633 1.273721762
0.000000000 0.448487833 0.798828363 0.500000000 0.500000000 0.000000000 0.000000000 -0.033535952 -0.998658238 0.039459654 -0.487693219 0.999363362 -0.033026387 0.013495517 3.495405652 -0.012174200 0.039887118 0.999130025 1.270165866
0.000000000 0.448487833 0.798828363 0.500000000 0.500000000 0.000000000 0.000000000 -0.033298643 -0.998750201 0.037272467 -0.486690061 0.999355283 -0.032771557 0.014664327 3.441563057 -0.013424523 0.037736739 0.999197538 1.262303635
0.000000000 0.448487833 0.798828363 0.500000000 0.500000000 0.000000000 0.000000000 -0.031361652 -0.998973730 0.032679242 -0.479537451 0.999280328 -0.030639774 0.022361376 3.386044656 -0.021337142 0.033357014 0.999215710 1.249886302
0.000000000 0.448487833 0.798828363 0.500000000 0.500000000 0.000000000 0.000000000 -0.024829808 -0.999357655 0.025841024 -0.463627101 0.999284728 -0.024073911 0.029162965 3.322807053 -0.028522138 0.026546651 0.999240593 1.224803320
0.000000000 0.448487833 0.798828363 0.500000000 0.500000000 0.000000000 0.000000000 -0.019217612 -0.999705879 0.014793184 -0.459052894 0.999082146 -0.018634888 0.038569509 3.272550709 -0.038282495 0.015520820 0.999146413 1.197249217
0.000000000 0.448487833 0.798828363 0.500000000 0.500000000 0.000000000 0.000000000 -0.014981767 -0.999809898 0.012478576 -0.456076388 0.998878404 -0.014404860 0.045104698 3.223548398 -0.044916371 0.013140328 0.998904325 1.179003917
0.000000000 0.448487833 0.798828363 0.500000000 0.500000000 0.000000000 0.000000000 -0.012016916 -0.999914089 0.005235287 -0.447867579 0.999028574 -0.011783953 0.042462287 3.149756196 -0.042396947 0.005740467 0.999084354 1.159660714
0.000000000 0.448487833 0.798828363 0.500000000 0.500000000 0.000000000 0.000000000 -0.010623571 -0.999937424 0.003505314 -0.451822652 0.999406255 -0.010502893 0.032815052 3.089110082 -0.032776183 0.003851846 0.999455294 1.153407440
0.000000000 0.448487833 0.798828363 0.500000000 0.500000000 0.000000000 0.000000000 -0.009607805 -0.999952804 0.001441993 -0.455606300 0.999558141 -0.009563428 0.028143619 3.017571415 -0.028128500 0.001711754 0.999602850 1.141871674
0.000000000 0.448487833 0.798828363 0.500000000 0.500000000 0.000000000 0.000000000 -0.008836091 -0.999960957 -0.000090881 -0.455281785 0.999629918 -0.008835504 0.025728604 2.968124809 -0.025728402 0.000136493 0.999668961 1.129677513
0.000000000 0.448487833 0.798828363 0.500000000 0.500000000 0.000000000 0.000000000 -0.006117465 -0.999964213 -0.005843729 -0.442533208 0.999519766 -0.006292064 0.030342174 2.907653686 -0.030377857 -0.005655305 0.999522488 1.107546731
0.000000000 0.448487833 0.798828363 0.500000000 0.500000000 0.000000000 0.000000000 -0.002420654 -0.999980842 -0.005696991 -0.430879373 0.999556144 -0.002588707 0.029678521 2.854223737 -0.029692700 -0.005622621 0.999543261 1.081171198
0.000000000 0.448487833 0.798828363 0.500000000 0.500000000 0.000000000 0.000000000 -0.000036751 -0.999972346 -0.007436790 -0.430081732 0.999564418 -0.000256211 0.029511150 2.815251124 -0.029512239 -0.007432466 0.999536786 1.057062679
0.000000000 0.448487833 0.798828363 0.500000000 0.500000000 0.000000000 0.000000000 0.002028998 -0.999940540 -0.010714439 -0.419645584 0.999649221 0.001745239 0.026427048 2.728523514 -0.026406777 -0.010764301 0.999593323 1.017928308
0.000000000 0.448487833 0.798828363 0.500000000 0.500000000 0.000000000 0.000000000 0.002134648 -0.999899030 -0.014048987 -0.414032360 0.999801290 0.001855569 0.019847841 2.677039985 -0.019819768 -0.014088563 0.999704301 0.998660326
0.000000000 0.448487833 0.798828363 0.500000000 0.500000000 0.000000000 0.000000000 0.001901100 -0.999937172 -0.011047086 -0.408476908 0.999969165 0.001816757 0.007639915 2.607986400 -0.007619365 -0.011061270 0.999909793 0.979835494
0.000000000 0.448487833 0.798828363 0.500000000 0.500000000 0.000000000 0.000000000 0.001011232 -0.999962922 -0.008551775 -0.410384734 0.999996720 0.001031315 -0.002344377 2.552045870 0.002353109 -0.008549376 0.999960685 0.959949661
0.000000000 0.448487833 0.798828363 0.500000000 0.500000000 0.000000000 0.000000000 -0.000300219 -0.999984832 -0.005499645 -0.404485143 0.999994669 -0.000282332 -0.003252894 2.488905761 0.003251292 -0.005500592 0.999979586 0.937739492
0.000000000 0.448487833 0.798828363 0.500000000 0.500000000 0.000000000 0.000000000 0.000177157 -0.999998316 -0.001826905 -0.391044726 0.999994404 0.000183259 -0.003340436 2.426877675 0.003340765 -0.001826303 0.999992752 0.912636456
0.000000000 0.448487833 0.798828363 0.500000000 0.500000000 0.000000000 0.000000000 0.000294183 -0.999999927 -0.000245337 -0.386985314 0.999966875 0.000296169 -0.008133961 2.376062912 0.008134033 -0.000242936 0.999966889 0.884716476
0.000000000 0.448487833 0.798828363 0.500000000 0.500000000 0.000000000 0.000000000 -0.001905537 -0.999991862 0.003555828 -0.381254959 0.999982295 -0.001925540 -0.005630497 2.297205122 0.005637298 0.003545036 0.999977827 0.853792216
0.000000000 0.448487833 0.798828363 0.500000000 0.500000000 0.000000000 0.000000000 -0.005510936 -0.999981385 0.002619197 -0.374347236 0.999977930 -0.005520599 -0.003696299 2.227329059 0.003710690 0.002598769 0.999989739 0.838580233
0.000000000 0.448487833 0.798828363 0.500000000 0.500000000 0.000000000 0.000000000 -0.008868082 -0.999949124 0.004806859 -0.375580345 0.999950905 -0.008889145 -0.004378480 2.165123850 0.004420987 0.004767794 0.999978861 0.832098992
0.000000000 0.448487833 0.798828363 0.500000000 0.500000000 0.000000000 0.000000000 -0.015392630 -0.999802581 0.012564441 -0.384981179 0.999842001 -0.015502536 -0.008697329 2.081688076 0.008890392 0.012428581 0.999883239 0.824112410
0.000000000 0.448487833 0.798828363 0.500000000 0.500000000 0.000000000 0.000000000 -0.024199362 -0.999508426 0.019932319 -0.382889341 0.999612761 -0.024466247 -0.013256322 2.007901775 0.013737474 0.019603806 0.999713445 0.812168917
0.000000000 0.448487833 0.798828363 0.500000000 0.500000000 0.000000000 0.000000000 -0.029964224 -0.999130042 0.029005246 -0.375676407 0.999382108 -0.030479922 -0.017503600 1.954306859 0.018372450 0.028462843 0.999425995 0.804467042
0.000000000 0.448487833 0.798828363 0.500000000 0.500000000 0.000000000 0.000000000 -0.036893434 -0.998580287 0.038422465 -0.372900486 0.998769685 -0.038120781 -0.031716268 1.886946926 0.033135934 0.037205071 0.998758125 0.789155499
0.000000000 0.448487833 0.798828363 0.500000000 0.500000000 0.000000000 0.000000000 -0.044141843 -0.998192976 0.040771078 -0.375051759 0.997996309 -0.045911427 -0.043537432 1.826942408 0.045330618 0.038767563 0.998219521 0.777334433
0.000000000 0.448487833 0.798828363 0.500000000 0.500000000 0.000000000 0.000000000 -0.051862336 -0.997897039 0.038881834 -0.369710765 0.997048303 -0.053946812 -0.054629878 1.755911794 0.056612545 0.035933833 0.997749357 0.769244512
0.000000000 0.448487833 0.798828363 0.500000000 0.500000000 0.000000000 0.000000000 -0.056783561 -0.997899653 0.031175470 -0.372781950 0.996306377 -0.058652269 -0.062717736 1.694329672 0.064414519 0.027498983 0.997544273 0.766035988
0.000000000 0.448487833 0.798828363 0.500000000 0.500000000 0.000000000 0.000000000 -0.062363246 -0.997770412 0.023770369 -0.377848160 0.995411505 -0.063912326 -0.071212016 1.619653592 0.072572462 0.019220287 0.997177927 0.758320034
0.000000000 0.448487833 0.798828363 0.500000000 0.500000000 0.000000000 0.000000000 -0.066499526 -0.997622587 0.018082777 -0.373200832 0.994891315 -0.067675252 -0.074908826 1.561082689 0.075954493 0.013008996 0.997026419 0.745808522
0.000000000 0.448487833 0.798828363 0.500000000 0.500000000 0.000000000 0.000000000 -0.067644926 -0.997613889 0.013809114 -0.363348384 0.994835708 -0.068493375 -0.074903747 1.508360962 0.075670852 0.008670942 0.997095149 0.730229003
0.000000000 0.448487833 0.798828363 0.500000000 0.500000000 0.000000000 0.000000000 -0.067032755 -0.997692459 0.010787336 -0.354725155 0.994697372 -0.067668902 -0.077447133 1.442521919 0.077998387 0.005538640 0.996938100 0.703214751
0.000000000 0.448487833 0.798828363 0.500000000 0.500000000 0.000000000 0.000000000 -0.066498406 -0.997772436 0.005303524 -0.355054903 0.994329067 -0.066709149 -0.082822681 1.386409908 0.082991981 -0.000234128 0.996550187 0.682141476
0.000000000 0.448487833 0.798828363 0.500000000 0.500000000 0.000000000 0.000000000 -0.066034626 -0.997815506 0.001909077 -0.348646053 0.993606929 -0.065931441 -0.091642322 1.322082692 0.091567998 -0.004154694 0.995790159 0.668059586
0.000000000 0.448487833 0.798828363 0.500000000 0.500000000 0.000000000 0.000000000 -0.065295246 -0.997837122 -0.007590100 -0.350971218 0.992270329 -0.064122820 -0.106244336 1.249695776 0.105527844 -0.014468681 0.994311084 0.660440039
0.000000000 0.448487833 0.798828363 0.500000000 0.500000000 0.000000000 0.000000000 -0.065553067 -0.997788121 -0.011029991 -0.356431676 0.991589857 -0.063901741 -0.112543874 1.189486229 0.111590105 -0.018314824 0.993585535 0.655802896
0.000000000 0.448487833 0.798828363 0.500000000 0.500000000 0.000000000 0.000000000 -0.067578300 -0.997627478 -0.013137282 -0.357220374 0.990412936 -0.065487923 -0.121628732 1.110933944 0.120479832 -0.021230797 0.992488722 0.643547241
0.000000000 0.448487833 0.798828363 0.500000000 0.500000000 0.000000000 0.000000000 -0.068915263 -0.997522659 -0.014114927 -0.343451816 0.989665755 -0.066575387 -0.127001620 1.053231610 0.125747287 -0.022721410 0.991802076 0.626013840
0.000000000 0.448487833 0.798828363 0.500000000 0.500000000 0.000000000 0.000000000 -0.070014678 -0.997434927 -0.014883225 -0.337100488 0.988342623 -0.067339002 -0.136544200 0.996255909 0.135191732 -0.024269824 0.990522171 0.599896436
0.000000000 0.448487833 0.798828363 0.500000000 0.500000000 0.000000000 0.000000000 -0.072072187 -0.997317213 -0.012805292 -0.335208761 0.986819061 -0.069436698 -0.146173475 0.929307286 0.144892166 -0.023171548 0.989176091 0.573374824
0.000000000 0.448487833 0.798828363 0.500000000 0.500000000 0.000000000 0.000000000 -0.073599657 -0.997183615 -0.014419705 -0.330210911 0.985655732 -0.070531691 -0.153323379 0.875284820 0.151874515 -0.025497413 0.988070855 0.558188576
0.000000000 0.448487833 0.798828363 0.500000000 0.500000000 0.000000000 0.000000000 -0.072904337 -0.997127777 -0.020522055 -0.330682808 0.984222504 -0.068604118 -0.163093648 0.771745570 0.161217309 -0.032088503 0.986397135 0.540014192
0.000000000 0.448487833 0.798828363 0.500000000 0.500000000 0.000000000 0.000000000 -0.071253015 -0.997223146 -0.021656517 -0.334133449 0.983662887 -0.066652482 -0.167226707 0.706551362 0.165318882 -0.033218119 0.985680589 0.527619397
0.000000000 0.448487833 0.798828363 0.500000000 0.500000000 0.000000000 0.000000000 -0.068746798 -0.997359070 -0.023425707 -0.331238282 0.982682393 -0.063647726 -0.174023793 0.648871879 0.172073215 -0.034983608 0.984462775 0.515688610
0.000000000 0.448487833 0.798828363 0.500000000 0.500000000 0.000000000 0.000000000 -0.062852696 -0.997721854 -0.024507987 -0.318835237 0.983961715 -0.057840896 -0.168741739 0.578886829 0.166939757 -0.034720794 0.985355562 0.496298266
0.000000000 0.448487833 0.798828363 0.500000000 0.500000000 0.000000000 0.000000000 -0.058355598 -0.997966728 -0.025632671 -0.313737744 0.983693321 -0.053107420 -0.171834374 0.526349946 0.170123703 -0.035242185 0.984792320 0.477628506
0.000000000 0.448487833 0.798828363 0.500000000 0.500000000 0.000000000 0.000000000 -0.054713275 -0.998123168 -0.027506344 -0.312251455 0.982930464 -0.048993488 -0.177333979 0.453892218 0.175653521 -0.036739346 0.983766263 0.450528902
0.000000000 0.448487833 0.798828363 0.500000000 0.500000000 0.000000000 0.000000000 -0.053704824 -0.998136783 -0.028961254 -0.307593910 0.982385587 -0.047614347 -0.180697073 0.391387012 0.178981424 -0.038155423 0.983112310 0.436496204
0.000000000 0.448487833 0.798828363 0.500000000 0.500000000 0.000000000 0.000000000 -0.053857374 -0.997943416 -0.034760916 -0.311018519 0.980272191 -0.046209754 -0.192174633 0.316864954 0.190173116 -0.044425180 0.980744915 0.426870576
0.000000000 0.448487833 0.798828363 0.500000000 0.500000000 0.000000000 0.000000000 -0.055911167 -0.997767985 -0.036510127 -0.315242237 0.978598325 -0.047510560 -0.200220040 0.241528419 0.198038529 -0.046923285 0.979070450 0.413316696
0.000000000 0.448487833 0.798828363 0.500000000 0.500000000 0.000000000 0.000000000 -0.059203261 -0.997453489 -0.039768230 -0.308730961 0.977932511 -0.049956610 -0.202860397 0.184610999 0.200357125 -0.050900642 0.978399789 0.398347093
0.000000000 0.448487833 0.798828363 0.500000000 0.500000000 0.000000000 0.000000000 -0.061252904 -0.997239438 -0.041971237 -0.293498851 0.977366129 -0.051395185 -0.205216922 0.122586319 0.202493289 -0.053591397 0.977816154 0.375327449
0.000000000 0.448487833 0.798828363 0.500000000 0.500000000 0.000000000 0.000000000 -0.062930923 -0.997208403 -0.040188299 -0.285634609 0.975051541 -0.052843941 -0.215596870 0.054694952 0.212871302 -0.052753373 0.975655108 0.342812067
0.000000000 0.448487833 0.798828363 0.500000000 0.500000000 0.000000000 0.000000000 -0.064838354 -0.997082413 -0.040282117 -0.281777118 0.974465219 -0.054568205 -0.217806906 -0.013163237 0.214973312 -0.053375763 0.975160245 0.314743348
0.000000000 0.448487833 0.798828363 0.500000000 0.500000000 0.000000000 0.000000000 -0.065726218 -0.997015890 -0.040489250 -0.277161327 0.974212206 -0.055339722 -0.218742070 -0.050227890 0.215848656 -0.053822210 0.974942320 0.304379306
