0.000000000 0.470399993 0.836264284 0.500000000 0.500000000 0.000000000 0.000000000 0.123894666 -0.901130084 -0.415469233 -0.803730084 -0.911433549 0.062207289 -0.406717517 -2.144742789 0.392350604 0.429062729 -0.813613040 -4.303860743
0.000000000 0.470399993 0.836264284 0.500000000 0.500000000 0.000000000 0.000000000 0.114398294 -0.899283348 -0.422140369 -0.762571556 -0.920428396 0.063941395 -0.385646297 -1.972420957 0.373797537 0.432667261 -0.820411142 -4.284556422
0.000000000 0.470399993 0.836264284 0.500000000 0.500000000 0.000000000 0.000000000 0.094603371 -0.901096242 -0.423173444 -0.716283395 -0.935975236 0.064292008 -0.346145773 -1.762957252 0.339117326 0.428826421 -0.837321527 -4.236609745
0.000000000 0.470399993 0.836264284 0.500000000 0.500000000 0.000000000 0.000000000 0.078017665 -0.905278076 -0.417594121 -0.673378455 -0.951708863 0.057124162 -0.301640632 -1.566615116 0.296923365 0.420961323 -0.857104474 -4.166368586
0.000000000 0.470399993 0.836264284 0.500000000 0.500000000 0.000000000 0.000000000 0.060213625 -0.907775353 -0.415112307 -0.650881815 -0.968913287 0.046819354 -0.242930010 -1.351761356 0.239961166 0.416835526 -0.876736439 -4.071944670
0.000000000 0.470399993 0.836264284 0.500000000 0.500000000 0.000000000 0.000000000 0.045504299 -0.911676004 -0.408382447 -0.622802763 -0.983492048 0.030786026 -0.178313241 -1.120682469 0.175136376 0.409754908 -0.895225204 -4.007137013
0.000000000 0.470399993 0.836264284 0.500000000 0.500000000 0.000000000 0.000000000 0.040120316 -0.913175897 -0.405586170 -0.616160647 -0.994561202 0.002549969 -0.104122584 -0.811447069 0.096116466 0.407557700 -0.908107012 -4.015733649
0.000000000 0.470399993 0.836264284 0.500000000 0.500000000 0.000000000 0.000000000 0.015298007 -0.914332134 -0.404676067 -0.649059150 -0.999773469 -0.019977366 0.007342678 -0.490022810 -0.014798009 0.404472067 -0.914430624 -4.017881048
0.000000000 0.470399993 0.836264284 0.500000000 0.500000000 0.000000000 0.000000000 -0.000820137 -0.913345366 -0.407184932 -0.672687285 -0.994655609 -0.041294803 0.094630641 -0.210980309 -0.103245080 0.405086387 -0.908430224 -4.013149730
0.000000000 0.470399993 0.836264284 0.500000000 0.500000000 0.000000000 0.000000000 -0.014627087 -0.910900347 -0.412367078 -0.652374024 -0.986135933 -0.055034312 0.156547585 0.176601229 -0.165293588 0.408939828 -0.897466571 -3.968644960
0.000000000 0.470399993 0.836264284 0.500000000 0.500000000 0.000000000 0.000000000 -0.035188073 -0.910170753 -0.412735993 -0.662978208 -0.976058989 -0.057400643 0.209795177 0.515002645 -0.214640746 0.410236964 -0.886360527 -3.866811254
0.000000000 0.470399993 0.836264284 0.500000000 0.500000000 0.000000000 0.000000000 -0.047964051 -0.909683888 -0.412522332 -0.696475068 -0.954695794 -0.079682698 0.286716948 0.857167612 -0.293692681 0.407585441 -0.864649476 -3.761634451
0.000000000 0.470399993 0.836264284 0.500000000 0.500000000 0.000000000 0.000000000 -0.058066981 -0.909391884 -0.411867245 -0.721594868 -0.934738719 -0.095345859 0.342304973 1.171217897 -0.350559200 0.404864877 -0.844507358 -3.704419622
0.000000000 0.470399993 0.836264284 0.500000000 0.500000000 0.000000000 0.000000000 -0.077256190 -0.910336904 -0.406593412 -0.719443880 -0.900599232 -0.111237523 0.420175246 1.473761925 -0.427729476 0.398638853 -0.811254929 -3.625793104
0.000000000 0.470399993 0.836264284 0.500000000 0.500000000 0.000000000 0.000000000 -0.092036915 -0.910836490 -0.402375565 -0.736230439 -0.867442296 -0.125083294 0.481557923 1.761723709 -0.488950989 0.393358689 -0.778585815 -3.524632521
0.000000000 0.470399993 0.836264284 0.500000000 0.500000000 0.000000000 0.000000000 -0.110816649 -0.909480717 -0.400704997 -0.712179129 -0.836435057 -0.132402056 0.531832766 2.090159548 -0.536745811 0.394099632 -0.746049203 -3.431607412
0.000000000 0.470399993 0.836264284 0.500000000 0.500000000 0.000000000 0.000000000 -0.129228451 -0.908071749 -0.398378847 -0.702837326 -0.813614382 -0.132562721 0.566090772 2.403826006 -0.566861221 0.397281793 -0.721689360 -3.340074461
0.000000000 0.470399993 0.836264284 0.500000000 0.500000000 0.000000000 0.000000000 -0.138813425 -0.903715247 -0.405005662 -0.685513336 -0.780501794 -0.151884513 0.606422331 2.666257142 -0.609547195 0.400287206 -0.684267762 -3.213522260
0.000000000 0.470399993 0.836264284 0.500000000 0.500000000 0.000000000 0.000000000 -0.138515659 -0.903631885 -0.405293509 -0.651430971 -0.738121967 -0.178652336 0.650583818 2.897564873 -0.660294914 0.389272088 -0.642244399 -3.034249416
0.000000000 0.470399993 0.836264284 0.500000000 0.500000000 0.000000000 0.000000000 -0.158843417 -0.903789752 -0.397407665 -0.610801402 -0.691510868 -0.185452540 0.698154765 3.107964364 -0.704685383 0.385709008 -0.595522521 -2.879706432
0.000000000 0.470399993 0.836264284 0.500000000 0.500000000 0.000000000 0.000000000 -0.192496878 -0.904184918 -0.381306419 -0.558130645 -0.623507756 -0.187353569 0.759036705 3.393926487 -0.757748659 0.383859705 -0.527701332 -2.695313386
0.000000000 0.470399993 0.836264284 0.500000000 0.500000000 0.000000000 0.000000000 -0.217305522 -0.904390254 -0.367228238 -0.518563363 -0.565315801 -0.190092399 0.802672365 3.549735202 -0.795736361 0.382025062 -0.469957973 -2.572378922
0.000000000 0.470399993 0.836264284 0.500000000 0.500000000 0.000000000 0.000000000 -0.238867700 -0.905292406 -0.351266112 -0.418036635 -0.485659193 -0.201869042 0.850519863 3.759333358 -0.840878927 0.373757340 -0.391443586 -2.340805232
0.000000000 0.470399993 0.836264284 0.500000000 0.500000000 0.000000000 0.000000000 -0.265357289 -0.907157667 -0.326573845 -0.347884836 -0.380542595 -0.212674077 0.899976150 3.948550211 -0.885874056 0.363090489 -0.288777516 -2.012276568
0.000000000 0.470399993 0.836264284 0.500000000 0.500000000 0.000000000 0.000000000 -0.286710747 -0.909220082 -0.301853921 -0.293920873 -0.297052647 -0.215180419 0.930299475 4.093269901 -0.910800018 0.356393364 -0.208391694 -1.764532876
0.000000000 0.470399993 0.836264284 0.500000000 0.500000000 0.000000000 0.000000000 -0.274755354 -0.918391534 -0.284721769 -0.239978214 -0.230100096 -0.224711004 0.946867948 4.177962041 -0.933575622 0.325671545 -0.149581429 -1.516827320
0.000000000 0.470399993 0.836264284 0.500000000 0.500000000 0.000000000 0.000000000 -0.271160038 -0.925046598 -0.266009445 -0.182958481 -0.159020398 -0.229512303 0.960227377 4.201359951 -0.949307509 0.302676220 -0.084866714 -1.277832373
0.000000000 0.470399993 0.836264284 0.500000000 0.500000000 0.000000000 0.000000000 -0.278020658 -0.928473378 -0.246255358 -0.125132820 -0.079588491 -0.233215361 0.969162663 4.213523356 -0.957272263 0.289046333 -0.009057107 -1.008836428
0.000000000 0.470399993 0.836264284 0.500000000 0.500000000 0.000000000 0.000000000 -0.281654004 -0.930113478 -0.235711560 -0.048607189 -0.026285611 -0.238085144 0.970888527 4.235723943 -0.959155925 0.279650463 0.042609033 -0.701959280
0.000000000 0.470399993 0.836264284 0.500000000 0.500000000 0.000000000 0.000000000 -0.279837027 -0.933369009 -0.224752155 0.010764247 0.028866605 -0.242179683 0.969801897 4.213871019 -0.959613442 0.264898648 0.094714037 -0.459410529
0.000000000 0.470399993 0.836264284 0.500000000 0.500000000 0.000000000 0.000000000 -0.284301174 -0.934591649 -0.213801991 0.075649728 0.089887041 -0.248005639 0.964579454 4.116254720 -0.954512002 0.255013043 0.154515972 -0.246127643
0.000000000 0.470399993 0.836264284 0.500000000 0.500000000 0.000000000 0.000000000 -0.290256364 -0.935246823 -0.202644080 0.120568115 0.143942183 -0.252020897 0.956956695 3.935883655 -0.946061251 0.248593739 0.207772138 0.037923439
0.000000000 0.470399993 0.836264284 0.500000000 0.500000000 0.000000000 0.000000000 -0.298268083 -0.934263653 -0.195416420 0.210098141 0.176362198 -0.255154633 0.950680014 3.792671473 -0.938047187 0.249093436 0.240873274 0.272992504
0.000000000 0.470399993 0.836264284 0.500000000 0.500000000 0.000000000 0.000000000 -0.296518237 -0.935020672 -0.194456367 0.316358856 0.210837497 -0.262679454 0.941566277 3.654647803 -0.931463625 0.238192879 0.275026667 0.547764299
0.000000000 0.470399993 0.836264284 0.500000000 0.500000000 0.000000000 0.000000000 -0.303063794 -0.934029318 -0.189054410 0.365524622 0.273108983 -0.275190866 0.921781683 3.495582386 -0.912997163 0.227726197 0.338492185 0.727844128
0.000000000 0.470399993 0.836264284 0.500000000 0.500000000 0.000000000 0.000000000 -0.315506981 -0.930668902 -0.185231582 0.387525610 0.310487024 -0.285704806 0.906625927 3.364304866 -0.896690110 0.228534806 0.379102479 0.837124213
0.000000000 0.470399993 0.836264284 0.500000000 0.500000000 0.000000000 0.000000000 -0.336614630 -0.923195480 -0.185474251 0.416214410 0.351862952 -0.306019287 0.884615543 3.214331179 -0.873431768 0.232513016 0.427848856 0.996361806
0.000000000 0.470399993 0.836264284 0.500000000 0.500000000 0.000000000 0.000000000 -0.349315736 -0.918482113 -0.185389118 0.456508562 0.382874182 -0.320495617 0.866423638 3.106498215 -0.855211013 0.231674704 0.463617249 1.151250985
0.000000000 0.470399993 0.836264284 0.500000000 0.500000000 0.000000000 0.000000000 -0.348620645 -0.919726640 -0.180462058 0.486399823 0.426589194 -0.327145681 0.843206596 2.933600971 -0.834556952 0.216976063 0.506395184 1.370118221
0.000000000 0.470399993 0.836264284 0.500000000 0.500000000 0.000000000 0.000000000 -0.323367825 -0.928961886 -0.180175095 0.525613867 0.452333029 -0.318989340 0.832850906 2.805814190 -0.831160683 0.187818040 0.523351032 1.490625182
0.000000000 0.470399993 0.836264284 0.500000000 0.500000000 0.000000000 0.000000000 -0.284179575 -0.939277160 -0.192354845 0.560464659 0.474287727 -0.312079663 0.823199512 2.693033962 -0.833242535 0.142704945 0.534174295 1.621353111
0.000000000 0.470399993 0.836264284 0.500000000 0.500000000 0.000000000 0.000000000 -0.264070715 -0.943464147 -0.200354836 0.619021454 0.512155648 -0.313186696 0.799756641 2.625041886 -0.817290187 0.108579447 0.565903927 1.769126881
0.000000000 0.470399993 0.836264284 0.500000000 0.500000000 0.000000000 0.000000000 -0.254597193 -0.950621168 -0.177481449 0.641242353 0.594784345 -0.298641057 0.746354542 2.546616799 -0.762503674 0.084456584 0.641447763 1.939636225
0.000000000 0.470399993 0.836264284 0.500000000 0.500000000 0.000000000 0.000000000 -0.240698110 -0.958919302 -0.150127255 0.662412234 0.677445894 -0.276744633 0.681527306 2.424009959 -0.695076600 0.062339242 0.716227854 2.072461007
0.000000000 0.470399993 0.836264284 0.500000000 0.500000000 0.000000000 0.000000000 -0.222087430 -0.966003872 -0.132339312 0.714357788 0.721904114 -0.254143881 0.643634475 2.210728471 -0.655386621 0.047406833 0.753804331 2.202525424
0.000000000 0.470399993 0.836264284 0.500000000 0.500000000 0.000000000 0.000000000 -0.220113987 -0.968082175 -0.119861319 0.746206775 0.742511791 -0.245966144 0.623038439 1.993790387 -0.632634233 0.048141033 0.772953018 2.341504728
0.000000000 0.470399993 0.836264284 0.500000000 0.500000000 0.000000000 0.000000000 -0.223023499 -0.968469868 -0.111025369 0.792825003 0.755492252 -0.243696122 0.608147726 1.868131292 -0.616029200 0.051752428 0.786021444 2.510219342
0.000000000 0.470399993 0.836264284 0.500000000 0.500000000 0.000000000 0.000000000 -0.221098505 -0.970920094 -0.091812969 0.805265905 0.787631909 -0.233286810 0.570274706 1.755970706 -0.575109926 0.053772061 0.816307012 2.664651875
0.000000000 0.470399993 0.836264284 0.500000000 0.500000000 0.000000000 0.000000000 -0.188847274 -0.979759683 -0.066390293 0.834935493 0.842260248 -0.196363257 0.502035005 1.639565413 -0.504910271 0.038890038 0.862295299 2.763096584
0.000000000 0.470399993 0.836264284 0.500000000 0.500000000 0.000000000 0.000000000 -0.175238267 -0.983136578 -0.052287852 0.884249665 0.879377927 -0.180183137 0.440713624 1.451990566 -0.442703073 0.031249109 0.896123586 2.801225223
0.000000000 0.470399993 0.836264284 0.500000000 0.500000000 0.000000000 0.000000000 -0.167965368 -0.984631882 -0.047829832 0.885221378 0.892355032 -0.172484135 0.417075197 1.331332128 -0.418915423 0.027372998 0.907612575 2.822034664
0.000000000 0.470399993 0.836264284 0.500000000 0.500000000 0.000000000 0.000000000 -0.155356551 -0.986996824 -0.041250594 0.901868753 0.915536157 -0.159540564 0.369242946 1.155338137 -0.371022758 0.019597900 0.928416951 2.904826519
0.000000000 0.470399993 0.836264284 0.500000000 0.500000000 0.000000000 0.000000000 -0.152941546 -0.987525980 -0.037434247 0.919990721 0.926048945 -0.156439694 0.343453014 0.996931009 -0.345024976 0.017862290 0.938423521 3.023434657
0.000000000 0.470399993 0.836264284 0.500000000 0.500000000 0.000000000 0.000000000 -0.133638712 -0.990556329 -0.030640729 0.942507310 0.942309874 -0.136583022 0.305609522 0.823749255 -0.306908450 0.011968201 0.951663788 3.136960889
0.000000000 0.470399993 0.836264284 0.500000000 0.500000000 0.000000000 0.000000000 -0.098822154 -0.994644652 -0.030268763 0.936848344 0.952015192 -0.103353252 0.288071485 0.770361030 -0.289657137 -0.000348478 0.957130410 3.195759445
0.000000000 0.470399993 0.836264284 0.500000000 0.500000000 0.000000000 0.000000000 -0.081928709 -0.996158076 -0.030931773 0.921523495 0.958508033 -0.087258897 0.271382083 0.734032854 -0.273038526 -0.007414369 0.961974527 3.221287926
0.000000000 0.470399993 0.836264284 0.500000000 0.500000000 0.000000000 0.000000000 -0.081787331 -0.996174857 -0.030765023 0.911288590 0.962422567 -0.086961094 0.257255845 0.672833227 -0.258947165 -0.008568684 0.965853479 3.226066127
0.000000000 0.470399993 0.836264284 0.500000000 0.500000000 0.000000000 0.000000000 -0.081630002 -0.996116359 -0.032996079 0.914845838 0.964996690 -0.087272058 0.247315541 0.548817558 -0.249234692 -0.011652739 0.968373008 3.285134906
0.000000000 0.470399993 0.836264284 0.500000000 0.500000000 0.000000000 0.000000000 -0.084172529 -0.995936333 -0.032028192 0.934047340 0.969789534 -0.089263570 0.227024835 0.376577083 -0.228961232 -0.011951351 0.973362173 3.398424116
0.000000000 0.470399993 0.836264284 0.500000000 0.500000000 0.000000000 0.000000000 -0.086436182 -0.995813719 -0.029729155 0.940978034 0.974775424 -0.090698167 0.203928212 0.259271367 -0.205770891 -0.011352473 0.978534344 3.460851792
0.000000000 0.470399993 0.836264284 0.500000000 0.500000000 0.000000000 0.000000000 -0.085350437 -0.995952869 -0.028163534 0.920981037 0.977203616 -0.089191717 0.192660145 0.226598508 -0.194392378 -0.011077879 0.980861297 3.458526842
0.000000000 0.470399993 0.836264284 0.500000000 0.500000000 0.000000000 0.000000000 -0.083884677 -0.996239820 -0.021669825 0.916681743 0.982137313 -0.086333897 0.167190778 0.133535982 -0.168432951 -0.007257999 0.985686392 3.471751708
0.000000000 0.470399993 0.836264284 0.500000000 0.500000000 0.000000000 0.000000000 -0.082103870 -0.996559897 -0.011283933 0.933575753 0.989199818 -0.082866433 0.120900264 0.010517197 -0.121419414 -0.001235685 0.992600523 3.500636398
0.000000000 0.470399993 0.836264284 0.500000000 0.500000000 0.000000000 0.000000000 -0.066624641 -0.997751737 -0.007254492 0.954957945 0.993450520 -0.067010351 0.092550943 -0.082388480 -0.092828990 -0.001040805 0.995681523 3.532660307
0.000000000 0.470399993 0.836264284 0.500000000 0.500000000 0.000000000 0.000000000 -0.040840192 -0.999145517 -0.006349381 0.952313392 0.995977578 -0.041216294 0.079560545 -0.110074154 -0.079754260 -0.003074574 0.996809814 3.533617377
0.000000000 0.470399993 0.836264284 0.500000000 0.500000000 0.000000000 0.000000000 -0.036415721 -0.999319603 -0.005850369 0.942804487 0.996898632 -0.036734941 0.069596419 -0.109401364 -0.069763979 -0.003297821 0.997558074 3.513732577
0.000000000 0.470399993 0.836264284 0.500000000 0.500000000 0.000000000 0.000000000 -0.035657990 -0.999339413 -0.007017548 0.943069608 0.997082192 -0.036049948 0.067286722 -0.115492846 -0.067495255 -0.004597763 0.997709001 3.513699321
0.000000000 0.470399993 0.836264284 0.500000000 0.500000000 0.000000000 0.000000000 -0.034874743 -0.999370582 -0.006495533 0.954924327 0.997672445 -0.035195086 0.058403759 -0.176627962 -0.058595610 -0.004443598 0.998271911 3.511158608
0.000000000 0.470399993 0.836264284 0.500000000 0.500000000 0.000000000 0.000000000 -0.036632136 -0.999303426 -0.007123890 0.973409028 0.998061457 -0.036943656 0.050084879 -0.278547691 -0.050313174 -0.005275364 0.998719558 3.546541947
0.000000000 0.470399993 0.836264284 0.500000000 0.500000000 0.000000000 0.000000000 -0.036308561 -0.999316997 -0.006872327 0.998909914 0.998569102 -0.036549844 0.039036626 -0.379255829 -0.039261146 -0.005445129 0.999214148 3.601349450
0.000000000 0.470399993 0.836264284 0.500000000 0.500000000 0.000000000 0.000000000 -0.032962910 -0.999439209 -0.005891857 1.020156407 0.999449540 -0.032984225 0.003557889 -0.512070869 -0.003750232 -0.005771335 0.999976313 3.663510245
0.000000000 0.470399993 0.836264284 0.500000000 0.500000000 0.000000000 0.000000000 -0.016959349 -0.999846423 -0.004417013 1.046288401 0.997481170 -0.016614593 -0.068958469 -0.672647768 0.068874492 -0.005575378 0.997609753 3.669769091
0.000000000 0.470399993 0.836264284 0.500000000 0.500000000 0.000000000 0.000000000 -0.002891045 -0.999975756 -0.006334780 1.059745570 0.991029298 -0.002018646 -0.133629544 -0.880853595 0.133613517 -0.006664282 0.991011108 3.612777626
0.000000000 0.470399993 0.836264284 0.500000000 0.500000000 0.000000000 0.000000000 0.011907251 -0.999890149 -0.008826540 1.028239360 0.980220111 0.013416046 -0.197455168 -1.072577195 0.197551895 -0.006300803 0.980272181 3.543486617
0.000000000 0.470399993 0.836264284 0.500000000 0.500000000 0.000000000 0.000000000 0.040846579 -0.999087880 -0.012448520 1.027231226 0.962038330 0.042690471 -0.269554772 -1.314322805 0.269840339 -0.000965563 0.962904595 3.498514404
0.000000000 0.470399993 0.836264284 0.500000000 0.500000000 0.000000000 0.000000000 0.057886968 -0.998164156 -0.017816181 1.037970094 0.943102952 0.060529404 -0.326944969 -1.587668980 0.327423152 0.002123360 0.944875426 3.453514462
0.000000000 0.470399993 0.836264284 0.500000000 0.500000000 0.000000000 0.000000000 0.089977180 -0.995676042 -0.023093857 1.022741910 0.915680150 0.091823472 -0.391277794 -1.842425090 0.391706484 0.014059486 0.919982805 3.391435126
0.000000000 0.470399993 0.836264284 0.500000000 0.500000000 0.000000000 0.000000000 0.108915887 -0.993501252 -0.033054374 1.009184229 0.887303414 0.112156877 -0.447340460 -2.045676297 0.448140582 0.019393224 0.893752718 3.296833791
0.000000000 0.470399993 0.836264284 0.500000000 0.500000000 0.000000000 0.000000000 0.114307365 -0.992758832 -0.036928674 0.971834384 0.850952103 0.117026472 -0.512040353 -2.237421194 0.512654216 0.027105451 0.858167204 3.212086883
0.000000000 0.470399993 0.836264284 0.500000000 0.500000000 0.000000000 0.000000000 0.127122760 -0.991174425 -0.037590736 0.964137070 0.795731749 0.124535015 -0.592707360 -2.431580587 0.592157739 0.045434454 0.804540193 3.100704093
0.000000000 0.470399993 0.836264284 0.500000000 0.500000000 0.000000000 0.000000000 0.124846914 -0.991040970 -0.047445160 0.944506411 0.740480323 0.124897039 -0.660370821 -2.664616339 0.660380299 0.047313052 0.749439348 3.017656535
