0.000000000 0.437042354 0.776904624 0.500000000 0.500000000 0.000000000 0.000000000 0.019153553 -0.995522263 -0.092566545 0.664984399 0.979693795 0.000205999 0.200499440 0.131196670 -0.199582588 -0.094527147 0.975310929 2.147701183
0.000000000 0.437042354 0.776904624 0.500000000 0.500000000 0.000000000 0.000000000 -0.003298558 -0.999676567 -0.025216674 0.801898021 0.983302815 -0.007830615 0.181808294 0.052751630 -0.181946953 -0.024195921 0.983010612 2.132269016
0.000000000 0.437042354 0.776904624 0.500000000 0.500000000 0.000000000 0.000000000 -0.023552463 -0.997522962 0.066281387 0.919775799 0.986767984 -0.012557426 0.161651652 -0.008505779 -0.160418911 0.069211646 0.984619480 2.087803885
0.000000000 0.437042354 0.776904624 0.500000000 0.500000000 0.000000000 0.000000000 -0.039048492 -0.987221744 0.154494151 1.084150635 0.989179008 -0.016308413 0.145804408 -0.069091831 -0.141421728 0.158515814 0.977175845 2.024568930
0.000000000 0.437042354 0.776904624 0.500000000 0.500000000 0.000000000 0.000000000 -0.048937066 -0.965732710 0.254883300 1.285319909 0.991770646 -0.016757285 0.126925880 -0.100444350 -0.118305322 0.258997155 0.958605406 1.895257130
0.000000000 0.437042354 0.776904624 0.500000000 0.500000000 0.000000000 0.000000000 -0.049813769 -0.942491936 0.330495899 1.369279349 0.993801819 -0.013847509 0.110300458 -0.085926095 -0.099380747 0.333941907 0.937339997 1.845964112
0.000000000 0.437042354 0.776904624 0.500000000 0.500000000 0.000000000 0.000000000 -0.045971994 -0.913033914 0.405284649 1.410278126 0.995889451 -0.010193191 0.090001670 -0.030540443 -0.078043434 0.407756263 0.909749445 1.844542478
0.000000000 0.437042354 0.776904624 0.500000000 0.500000000 0.000000000 0.000000000 -0.038336656 -0.881571757 0.470490741 1.482683708 0.997662261 -0.007111681 0.067966433 0.019012988 -0.056571308 0.471996463 0.879783511 1.842574932
0.000000000 0.437042354 0.776904624 0.500000000 0.500000000 0.000000000 0.000000000 -0.029576163 -0.858119001 0.512598313 1.495143601 0.999233086 -0.012217275 0.037201848 -0.003754746 -0.025661058 0.513305482 0.857822238 1.838468737
0.000000000 0.437042354 0.776904624 0.500000000 0.500000000 0.000000000 0.000000000 -0.026348247 -0.846564977 0.531632871 1.489764058 0.999643769 -0.020049410 0.017616917 -0.048952199 -0.004254939 0.531907662 0.846791671 1.842925940
0.000000000 0.437042354 0.776904624 0.500000000 0.500000000 0.000000000 0.000000000 -0.024443318 -0.840368013 0.541464798 1.577272150 0.999319047 -0.035514663 -0.010007509 -0.134749266 0.027639930 0.540851469 0.840663858 1.766590259
0.000000000 0.437042354 0.776904624 0.500000000 0.500000000 0.000000000 0.000000000 -0.017821597 -0.840200510 0.541982927 1.663070363 0.997536505 -0.051725555 -0.047385522 -0.182070925 0.067847707 0.539803269 0.839052513 1.679352206
0.000000000 0.437042354 0.776904624 0.500000000 0.500000000 0.000000000 0.000000000 -0.011463369 -0.837906861 0.545692848 1.684735700 0.994291595 -0.067445977 -0.082675658 -0.209972861 0.106079288 0.541630070 0.833896907 1.611960328
0.000000000 0.437042354 0.776904624 0.500000000 0.500000000 0.000000000 0.000000000 0.001088417 -0.830914480 0.556399085 1.671659967 0.988670776 -0.082619431 -0.125316107 -0.242434383 0.150096344 0.550231912 0.821410939 1.564848750
0.000000000 0.437042354 0.776904624 0.500000000 0.500000000 0.000000000 0.000000000 0.014227475 -0.824375347 0.565864707 1.645044123 0.982794960 -0.092696413 -0.159754315 -0.259082241 0.184151148 0.558401883 0.808873100 1.519556360
0.000000000 0.437042354 0.776904624 0.500000000 0.500000000 0.000000000 0.000000000 0.035823311 -0.810712714 0.584347145 1.609529849 0.971177286 -0.109637325 -0.211646725 -0.293621617 0.235650949 0.575086561 0.783418201 1.436983032
0.000000000 0.437042354 0.776904624 0.500000000 0.500000000 0.000000000 0.000000000 0.052776782 -0.795621585 0.603490600 1.549523909 0.961100107 -0.123600311 -0.247001107 -0.327063216 0.271111038 0.593050804 0.758148764 1.387383832
0.000000000 0.437042354 0.776904624 0.500000000 0.500000000 0.000000000 0.000000000 0.077782664 -0.771003086 0.632063366 1.439615096 0.945734828 -0.143563450 -0.291505009 -0.388176076 0.315492459 0.620438375 0.717997723 1.334147679
0.000000000 0.437042354 0.776904624 0.500000000 0.500000000 0.000000000 0.000000000 0.092927407 -0.755290554 0.648768584 1.334822550 0.935376408 -0.157082022 -0.316853615 -0.407303310 0.341226423 0.636287213 0.691883741 1.328072053
0.000000000 0.437042354 0.776904624 0.500000000 0.500000000 0.000000000 0.000000000 0.106425654 -0.745902376 0.657497701 1.268375483 0.926118404 -0.166320096 -0.338588730 -0.477837934 0.361909219 0.644955248 0.673093192 1.346336087
0.000000000 0.437042354 0.776904624 0.500000000 0.500000000 0.000000000 0.000000000 0.117203320 -0.755663702 0.644387889 1.241991129 0.918236409 -0.164704851 -0.360158590 -0.534459204 0.378292584 0.633912203 0.674573969 1.347434112
0.000000000 0.437042354 0.776904624 0.500000000 0.500000000 0.000000000 0.000000000 0.116871514 -0.755804778 0.644282691 1.186336661 0.917168379 -0.166718504 -0.361949036 -0.562679415 0.380976657 0.633217244 0.673715600 1.373722384
0.000000000 0.437042354 0.776904624 0.500000000 0.500000000 0.000000000 0.000000000 0.111132347 -0.764235031 0.635290814 1.161617358 0.919108654 -0.164109822 -0.358200011 -0.579325784 0.378006459 0.623708893 0.684177122 1.331814993
0.000000000 0.437042354 0.776904624 0.500000000 0.500000000 0.000000000 0.000000000 0.106175737 -0.771397832 0.627432943 1.136339002 0.921404733 -0.160893146 -0.353732544 -0.590177223 0.373818178 0.615677497 0.693686665 1.246441026
0.000000000 0.437042354 0.776904624 0.500000000 0.500000000 0.000000000 0.000000000 0.098757904 -0.775954806 0.623009644 1.114395682 0.925690030 -0.158105628 -0.343657649 -0.580868450 0.365164135 0.610652725 0.702679446 1.090500060
0.000000000 0.437042354 0.776904624 0.500000000 0.500000000 0.000000000 0.000000000 0.094354259 -0.776587207 0.622904153 1.065938680 0.929687312 -0.155049465 -0.334127469 -0.550818943 0.356060073 0.610632437 0.707353695 0.950951608
0.000000000 0.437042354 0.776904624 0.500000000 0.500000000 0.000000000 0.000000000 0.091092887 -0.777079146 0.622776113 1.031752856 0.934571809 -0.149265767 -0.322947773 -0.521068681 0.343915134 0.611447244 0.712639213 0.843664420
0.000000000 0.437042354 0.776904624 0.500000000 0.500000000 0.000000000 0.000000000 0.082855226 -0.781866009 0.617916302 0.984319473 0.945003870 -0.135211888 -0.297800992 -0.462581834 0.316390103 0.608607665 0.727663392 0.718455136
0.000000000 0.437042354 0.776904624 0.500000000 0.500000000 0.000000000 0.000000000 0.079354810 -0.787818139 0.610774422 0.961179562 0.949935280 -0.125983062 -0.285921722 -0.431314260 0.302201551 0.602885435 0.738378883 0.634327605
0.000000000 0.437042354 0.776904624 0.500000000 0.500000000 0.000000000 0.000000000 0.070276695 -0.810525534 0.581471878 0.956798127 0.958492266 -0.106603143 -0.264439682 -0.390774147 0.276321844 0.575920245 0.769390740 0.410921422
0.000000000 0.437042354 0.776904624 0.500000000 0.500000000 0.000000000 0.000000000 0.063963393 -0.824787920 0.561812754 0.934109913 0.961553264 -0.099720890 -0.255873142 -0.366565850 0.267065544 0.556579402 0.786699031 0.306558079
0.000000000 0.437042354 0.776904624 0.500000000 0.500000000 0.000000000 0.000000000 0.048682152 -0.858278416 0.510870051 0.916348989 0.966092700 -0.089384237 -0.242229961 -0.357967881 0.253564476 0.505340102 0.824825095 0.131884737
0.000000000 0.437042354 0.776904624 0.500000000 0.500000000 0.000000000 0.000000000 0.032380103 -0.893997776 0.446899884 0.944046052 0.969303058 -0.080947544 -0.232161747 -0.357152728 0.243727533 0.440698845 0.863933688 0.042664413
0.000000000 0.437042354 0.776904624 0.500000000 0.500000000 0.000000000 0.000000000 0.009941563 -0.934228495 0.356536512 1.038192132 0.972227002 -0.074346042 -0.221917377 -0.344706991 0.233828616 0.348840630 0.907543053 -0.033581597
0.000000000 0.437042354 0.776904624 0.500000000 0.500000000 0.000000000 0.000000000 -0.013083423 -0.968463935 0.248810030 1.214511213 0.974490610 -0.068104295 -0.213845403 -0.315403377 0.224046592 0.239665208 0.944650048 -0.070954195
0.000000000 0.437042354 0.776904624 0.500000000 0.500000000 0.000000000 0.000000000 -0.031902000 -0.989158765 0.143342948 1.374607277 0.976121505 -0.061665472 -0.208288688 -0.304528995 0.214869892 0.133275309 0.967506394 -0.076147014
0.000000000 0.437042354 0.776904624 0.500000000 0.500000000 0.000000000 0.000000000 -0.046065816 -0.998710644 0.021330520 1.608141023 0.977225583 -0.049482117 -0.206353289 -0.307923080 0.207142705 0.011338897 0.978245025 -0.056214391
0.000000000 0.437042354 0.776904624 0.500000000 0.500000000 0.000000000 0.000000000 -0.054040541 -0.993817627 -0.096985281 1.848999179 0.977345752 -0.032738928 -0.209101516 -0.276840563 0.204633578 -0.106088112 0.973072665 -0.014842362
0.000000000 0.437042354 0.776904624 0.500000000 0.500000000 0.000000000 0.000000000 -0.055643744 -0.976741659 -0.207073672 2.064742629 0.976301105 -0.009784254 -0.216195328 -0.259887197 0.209140922 -0.214196172 0.954138394 0.055379039
0.000000000 0.437042354 0.776904624 0.500000000 0.500000000 0.000000000 0.000000000 -0.054692679 -0.956488274 -0.286598836 2.213576922 0.974779698 0.011049077 -0.222895623 -0.263635812 0.216363702 -0.291561486 0.931761047 0.141500456
0.000000000 0.437042354 0.776904624 0.500000000 0.500000000 0.000000000 0.000000000 -0.056700194 -0.934006480 -0.352727916 2.335202899 0.973002434 0.027472571 -0.229153924 -0.280321642 0.223721592 -0.356198193 0.907232879 0.219600383
0.000000000 0.437042354 0.776904624 0.500000000 0.500000000 0.000000000 0.000000000 -0.060994833 -0.919509936 -0.388305432 2.399308806 0.972219139 0.033348321 -0.231684775 -0.290144113 0.225985787 -0.391649547 0.891931083 0.313428637
0.000000000 0.437042354 0.776904624 0.500000000 0.500000000 0.000000000 0.000000000 -0.067959772 -0.902943282 -0.424352328 2.471347160 0.971628441 0.036678662 -0.233651125 -0.337673020 0.226538389 -0.428191668 0.874832700 0.573444578
0.000000000 0.437042354 0.776904624 0.500000000 0.500000000 0.000000000 0.000000000 -0.077233604 -0.901345432 -0.426158870 2.477251259 0.972374831 0.026339253 -0.231934110 -0.386078347 0.220277457 -0.432299266 0.874411337 0.688333810
0.000000000 0.437042354 0.776904624 0.500000000 0.500000000 0.000000000 0.000000000 -0.093671166 -0.910621128 -0.402485869 2.402824082 0.970429605 0.006823554 -0.241287839 -0.348138609 0.222468188 -0.413185916 0.883054531 0.747036372
0.000000000 0.437042354 0.776904624 0.500000000 0.500000000 0.000000000 0.000000000 -0.086670345 -0.928858583 -0.360152723 2.181371077 0.957399623 0.022297577 -0.287904116 -0.316754055 0.275452742 -0.369762830 0.887356319 0.854370609
0.000000000 0.437042354 0.776904624 0.500000000 0.500000000 0.000000000 0.000000000 -0.064728065 -0.940256539 -0.334257263 1.864402473 0.913638284 0.078877008 -0.398802587 -0.323079020 0.401341953 -0.331203952 0.853948815 0.867606901
0.000000000 0.437042354 0.776904624 0.500000000 0.500000000 0.000000000 0.000000000 -0.029041654 -0.956615166 -0.289903443 1.360776307 0.792155402 0.154856477 -0.590346754 -0.531561890 0.609628084 -0.246793225 0.753290583 0.633097074
0.000000000 0.437042354 0.776904624 0.500000000 0.500000000 0.000000000 0.000000000 -0.004043315 -0.971623257 -0.236499255 1.294575642 0.671767384 0.172550820 -0.720385172 -0.808142084 0.740751128 -0.161785230 0.652007136 0.326307327
0.000000000 0.437042354 0.776904624 0.500000000 0.500000000 0.000000000 0.000000000 0.030362723 -0.977032780 -0.210914799 1.109712364 0.527489362 0.194898495 -0.826903592 -1.017149553 0.849018891 -0.086148268 0.521292047 0.020371930
0.000000000 0.437042354 0.776904624 0.500000000 0.500000000 0.000000000 0.000000000 0.064667549 -0.976202814 -0.206993173 0.922713527 0.400130225 0.215388164 -0.890788270 -1.078113257 0.914173895 -0.025219131 0.404536877 -0.234828450
0.000000000 0.437042354 0.776904624 0.500000000 0.500000000 0.000000000 0.000000000 0.083614768 -0.972888279 -0.215631555 0.818004403 0.277677011 0.230566007 -0.932595729 -1.019554081 0.957028760 0.018102850 0.289427433 -0.504548260
0.000000000 0.437042354 0.776904624 0.500000000 0.500000000 0.000000000 0.000000000 0.088480548 -0.970116492 -0.225931815 0.705497251 0.158395680 0.237638635 -0.958352069 -0.985705643 0.983403275 0.049008893 0.174688658 -0.740941679
0.000000000 0.437042354 0.776904624 0.500000000 0.500000000 0.000000000 0.000000000 0.086097256 -0.968575770 -0.233341465 0.613504332 0.044902067 0.237745585 -0.970289050 -0.998686941 0.995274368 0.073061710 0.063960297 -0.939868157
0.000000000 0.437042354 0.776904624 0.500000000 0.500000000 0.000000000 0.000000000 0.075620682 -0.971441997 -0.224904334 0.497203138 -0.073371687 0.219517762 -0.972845593 -0.979217700 0.994433561 0.090068857 -0.054676255 -1.108200496
0.000000000 0.437042354 0.776904624 0.500000000 0.500000000 0.000000000 0.000000000 0.069331506 -0.976879972 -0.202234177 0.374181330 -0.172631459 0.187915056 -0.966895191 -1.033646575 0.982543394 0.101948281 -0.155611781 -1.354553339
0.000000000 0.437042354 0.776904624 0.500000000 0.500000000 0.000000000 0.000000000 0.051847107 -0.985059305 -0.164225584 0.257804525 -0.284357093 0.143077483 -0.947982003 -1.021551151 0.957315476 0.095848834 -0.272690447 -1.660531443
0.000000000 0.437042354 0.776904624 0.500000000 0.500000000 0.000000000 0.000000000 0.030113937 -0.992818054 -0.115781958 0.218151754 -0.382064398 0.095605285 -0.919177037 -0.926164488 0.923644924 0.071916204 -0.376441381 -1.930019916
0.000000000 0.437042354 0.776904624 0.500000000 0.500000000 0.000000000 0.000000000 0.007651044 -0.998014181 -0.062523251 0.177209054 -0.481795031 0.051110109 -0.874792150 -0.829588980 0.876250541 0.036816465 -0.480447227 -2.210021267
0.000000000 0.437042354 0.776904624 0.500000000 0.500000000 0.000000000 0.000000000 -0.012984819 -0.998689530 -0.049503714 0.102088517 -0.570886553 0.048050145 -0.819621697 -0.777433282 0.820926268 0.017618366 -0.570762346 -2.431587185
0.000000000 0.437042354 0.776904624 0.500000000 0.500000000 0.000000000 0.000000000 -0.032087173 -0.998248744 -0.049697679 -0.041915420 -0.679201957 0.058256292 -0.731635774 -0.705446018 0.733249694 0.010278637 -0.679881780 -2.650190690
0.000000000 0.437042354 0.776904624 0.500000000 0.500000000 0.000000000 0.000000000 -0.046604555 -0.996207957 -0.073469186 -0.114063875 -0.779732244 0.082252337 -0.620686862 -0.637104593 0.624376203 0.028359459 -0.780608800 -2.836957324
0.000000000 0.437042354 0.776904624 0.500000000 0.500000000 0.000000000 0.000000000 -0.058538521 -0.991899798 -0.112729907 -0.205694579 -0.851869005 0.108507953 -0.512391668 -0.551471059 0.520473284 0.066036463 -0.851320590 -2.957194562
0.000000000 0.437042354 0.776904624 0.500000000 0.500000000 0.000000000 0.000000000 -0.069278803 -0.986103197 -0.150999777 -0.260538420 -0.911950485 0.123961506 -0.391126395 -0.380974198 0.404409149 0.110607551 -0.907865194 -3.045807090
0.000000000 0.437042354 0.776904624 0.500000000 0.500000000 0.000000000 0.000000000 -0.084271200 -0.978284917 -0.189359409 -0.300925132 -0.954362767 0.133883703 -0.266958543 -0.191183658 0.286513655 0.158220653 -0.944921240 -3.030352093
0.000000000 0.437042354 0.776904624 0.500000000 0.500000000 0.000000000 0.000000000 -0.097660176 -0.968849791 -0.227579815 -0.343679415 -0.976671446 0.137243636 -0.165157716 -0.045661760 0.191246900 0.206141375 -0.959651164 -3.023849124
0.000000000 0.437042354 0.776904624 0.500000000 0.500000000 0.000000000 0.000000000 -0.111762357 -0.954818207 -0.275374957 -0.333817351 -0.988887581 0.134199070 -0.063968446 0.045950986 0.098033300 0.265165611 -0.959206271 -3.029556199
0.000000000 0.437042354 0.776904624 0.500000000 0.500000000 0.000000000 0.000000000 -0.130036824 -0.934909556 -0.330203796 -0.321462029 -0.991345956 0.128635933 0.026191452 0.119732434 0.017989434 0.330752051 -0.943546216 -3.000965971
0.000000000 0.437042354 0.776904624 0.500000000 0.500000000 0.000000000 0.000000000 -0.146579533 -0.908399439 -0.391567235 -0.298194611 -0.988497862 0.119611279 0.092547926 0.177660598 -0.037234626 0.400629007 -0.915483469 -3.015506831
0.000000000 0.437042354 0.776904624 0.500000000 0.500000000 0.000000000 0.000000000 -0.162815334 -0.861605900 -0.480756114 -0.171465716 -0.984745913 0.111595557 0.133498758 0.190498768 -0.061373071 0.495158263 -0.866632356 -2.978862487
0.000000000 0.437042354 0.776904624 0.500000000 0.500000000 0.000000000 0.000000000 -0.178618880 -0.810843252 -0.557340575 0.053346961 -0.982353098 0.115026433 0.147483256 0.125935301 -0.055476905 0.573848535 -0.817080273 -2.943146839
0.000000000 0.437042354 0.776904624 0.500000000 0.500000000 0.000000000 0.000000000 -0.188805456 -0.764387195 -0.616493890 0.259611961 -0.981461601 0.125817329 0.144579129 0.063797392 -0.032948821 0.632362409 -0.773971679 -2.965084035
0.000000000 0.437042354 0.776904624 0.500000000 0.500000000 0.000000000 0.000000000 -0.196588533 -0.701067707 -0.685461172 0.537514799 -0.980477928 0.143414157 0.134519192 -0.012882643 0.003997775 0.698524480 -0.715574991 -3.019028071
0.000000000 0.437042354 0.776904624 0.500000000 0.500000000 0.000000000 0.000000000 -0.192671216 -0.636694878 -0.746657509 0.696540319 -0.980315977 0.158323058 0.117959292 -0.045957822 0.043109023 0.754687645 -0.654666457 -3.095102664
0.000000000 0.437042354 0.776904624 0.500000000 0.500000000 0.000000000 0.000000000 -0.182085652 -0.585034821 -0.790303153 0.797463338 -0.980362789 0.169910246 0.100096510 -0.044423558 0.075720659 0.793009941 -0.604484586 -3.189095960
0.000000000 0.437042354 0.776904624 0.500000000 0.500000000 0.000000000 0.000000000 -0.167647603 -0.541754901 -0.823647927 0.828412910 -0.980670815 0.177146003 0.083090594 -0.041021326 0.100891202 0.821657423 -0.560981323 -3.302145281
0.000000000 0.437042354 0.776904624 0.500000000 0.500000000 0.000000000 0.000000000 -0.151963780 -0.518950226 -0.841188250 0.791251272 -0.981621126 0.178646622 0.067121897 -0.042374191 0.115442516 0.835928255 -0.536560321 -3.399402190
0.000000000 0.437042354 0.776904624 0.500000000 0.500000000 0.000000000 0.000000000 -0.133753119 -0.521356410 -0.842791550 0.703900057 -0.984087084 0.170253168 0.050857341 -0.062564469 0.116973131 0.836182607 -0.535832002 -3.431125522
0.000000000 0.437042354 0.776904624 0.500000000 0.500000000 0.000000000 0.000000000 -0.125287690 -0.579763796 -0.805094364 0.557220723 -0.987907906 0.147604240 0.047444258 -0.047174428 0.091328879 0.801303269 -0.591246232 -3.372696454
0.000000000 0.437042354 0.776904624 0.500000000 0.500000000 0.000000000 0.000000000 -0.136656995 -0.673571553 -0.726378846 0.375909681 -0.990251917 0.112830007 0.081673314 0.040577422 0.026944509 0.730459275 -0.682424532 -3.272870085
0.000000000 0.437042354 0.776904624 0.500000000 0.500000000 0.000000000 0.000000000 -0.152026754 -0.751670227 -0.641778572 0.180768391 -0.986582912 0.076309039 0.144329787 0.205240515 -0.059514897 0.655109762 -0.753186017 -3.155211365
