0.000000000 0.450024118 0.799065706 0.500000000 0.500000000 0.000000000 0.000000000 0.061087180 -0.997485575 -0.035928875 0.496970265 0.998126844 0.061167725 -0.001145859 4.747294104 0.003340665 -0.035791577 0.999353693 1.756410364
0.000000000 0.450024118 0.799065706 0.500000000 0.500000000 0.000000000 0.000000000 0.069716909 -0.996431255 -0.047584721 0.526810703 0.997560759 0.069470900 0.006806304 4.738249113 -0.003476260 -0.047943165 0.998844016 1.800566378
0.000000000 0.450024118 0.799065706 0.500000000 0.500000000 0.000000000 0.000000000 0.079676992 -0.994966392 -0.060773806 0.581222423 0.996767626 0.078895200 0.015160696 4.735610841 -0.010289622 -0.061785321 0.998036421 1.863473703
0.000000000 0.450024118 0.799065706 0.500000000 0.500000000 0.000000000 0.000000000 0.085849194 -0.993885927 -0.069431113 0.610054313 0.996239048 0.084813818 0.017730656 4.746384766 -0.011733532 -0.070692148 0.997429168 1.913839428
0.000000000 0.450024118 0.799065706 0.500000000 0.500000000 0.000000000 0.000000000 0.090275867 -0.993083091 -0.075074910 0.626574636 0.995897264 0.089545109 0.013050367 4.746982727 -0.006237508 -0.075945031 0.997092496 1.959585999
0.000000000 0.450024118 0.799065706 0.500000000 0.500000000 0.000000000 0.000000000 0.091528270 -0.992608046 -0.079698452 0.640405908 0.995797286 0.091492633 0.004106472 4.730005647 0.003215704 -0.079739360 0.996810561 1.985151084
0.000000000 0.450024118 0.799065706 0.500000000 0.500000000 0.000000000 0.000000000 0.090531202 -0.992289504 -0.084650110 0.639500854 0.995646691 0.092073908 -0.014493553 4.669678448 0.022175867 -0.082969483 0.996305323 2.012537111
0.000000000 0.450024118 0.799065706 0.500000000 0.500000000 0.000000000 0.000000000 0.086931721 -0.992463206 -0.086369330 0.629325565 0.995358706 0.090122371 -0.033749157 4.589707238 0.041278605 -0.083034592 0.995691385 2.028255554
0.000000000 0.450024118 0.799065706 0.500000000 0.500000000 0.000000000 0.000000000 0.083523627 -0.992651492 -0.087560379 0.616926013 0.995043667 0.087836628 -0.046613596 4.535954636 0.053962064 -0.083233064 0.995068014 2.034332913
0.000000000 0.450024118 0.799065706 0.500000000 0.500000000 0.000000000 0.000000000 0.078442882 -0.992904035 -0.089377247 0.603992856 0.994548613 0.084119547 -0.061619465 4.476936455 0.068700589 -0.084056409 0.994089910 2.043031913
0.000000000 0.450024118 0.799065706 0.500000000 0.500000000 0.000000000 0.000000000 0.075672804 -0.993128901 -0.089267091 0.589035929 0.994173485 0.082037242 -0.069921183 4.432472830 0.076763973 -0.083455843 0.993550409 2.042332613
0.000000000 0.450024118 0.799065706 0.500000000 0.500000000 0.000000000 0.000000000 0.075959501 -0.993289518 -0.087212891 0.580568949 0.993859361 0.082479462 -0.073761159 4.384338015 0.080459458 -0.081074487 0.993455184 2.033865536
0.000000000 0.450024118 0.799065706 0.500000000 0.500000000 0.000000000 0.000000000 0.077283787 -0.993298486 -0.085937960 0.581164321 0.993780041 0.083678481 -0.073478855 4.374210037 0.080177594 -0.079724705 0.993587200 2.027660303
0.000000000 0.450024118 0.799065706 0.500000000 0.500000000 0.000000000 0.000000000 0.082976703 -0.993152581 -0.082236356 0.591701696 0.993528654 0.088865402 -0.070737220 4.349805933 0.077560819 -0.075834635 0.994099305 1.998939695
0.000000000 0.450024118 0.799065706 0.500000000 0.500000000 0.000000000 0.000000000 0.092556072 -0.992705677 -0.077258088 0.609154247 0.992982066 0.097761395 -0.066553191 4.302355143 0.073620589 -0.070555994 0.994787344 1.931693357
0.000000000 0.450024118 0.799065706 0.500000000 0.500000000 0.000000000 0.000000000 0.100306853 -0.992225191 -0.073672957 0.606912184 0.992290533 0.105180432 -0.065548257 4.252127369 0.072787585 -0.066530039 0.995125983 1.874725409
0.000000000 0.450024118 0.799065706 0.500000000 0.500000000 0.000000000 0.000000000 0.106927861 -0.991687571 -0.071569507 0.604457806 0.991316225 0.111875372 -0.069108926 4.201255516 0.076541328 -0.063558344 0.995038573 1.824293283
0.000000000 0.450024118 0.799065706 0.500000000 0.500000000 0.000000000 0.000000000 0.111080174 -0.991281704 -0.070864501 0.606291597 0.990265807 0.116420060 -0.076288933 4.134261433 0.083873873 -0.061700504 0.994564337 1.779842981
0.000000000 0.450024118 0.799065706 0.500000000 0.500000000 0.000000000 0.000000000 0.113159313 -0.990990117 -0.071648847 0.602347194 0.989122589 0.119179332 -0.086213637 4.039843804 0.093975923 -0.061113617 0.993696962 1.743298077
0.000000000 0.450024118 0.799065706 0.500000000 0.500000000 0.000000000 0.000000000 0.113780957 -0.990814385 -0.073080424 0.592243770 0.988235305 0.120437535 -0.094264424 3.950721572 0.102200173 -0.061495158 0.992861254 1.726139458
0.000000000 0.450024118 0.799065706 0.500000000 0.500000000 0.000000000 0.000000000 0.114135227 -0.990369202 -0.078370875 0.574217728 0.986629314 0.122234901 -0.107801791 3.772073020 0.116343230 -0.065019020 0.991078594 1.701000716
0.000000000 0.450024118 0.799065706 0.500000000 0.500000000 0.000000000 0.000000000 0.114706996 -0.990153820 -0.080235386 0.569233009 0.986310980 0.123147893 -0.109659691 3.739030722 0.118460781 -0.066558309 0.990725509 1.688816619
0.000000000 0.450024118 0.799065706 0.500000000 0.500000000 0.000000000 0.000000000 0.117477070 -0.989273724 -0.086813802 0.572672341 0.985667590 0.126812187 -0.111256784 3.657533954 0.121072461 -0.072499430 0.989992572 1.650980748
0.000000000 0.450024118 0.799065706 0.500000000 0.500000000 0.000000000 0.000000000 0.121023237 -0.988292974 -0.092899809 0.578860564 0.985262779 0.130991545 -0.109993052 3.594927074 0.120874450 -0.078219008 0.989581302 1.604344874
0.000000000 0.450024118 0.799065706 0.500000000 0.500000000 0.000000000 0.000000000 0.124776677 -0.987124070 -0.100084223 0.575796884 0.984655077 0.135601995 -0.109847528 3.512023218 0.122004759 -0.084842029 0.988896693 1.536751550
0.000000000 0.450024118 0.799065706 0.500000000 0.500000000 0.000000000 0.000000000 0.128841690 -0.985717891 -0.108443801 0.565929131 0.983444244 0.141059055 -0.113753075 3.427928163 0.127425421 -0.091992294 0.987572873 1.469595685
0.000000000 0.450024118 0.799065706 0.500000000 0.500000000 0.000000000 0.000000000 0.131395590 -0.984541636 -0.115814358 0.561334328 0.981813551 0.145392010 -0.122079136 3.360289980 0.137030474 -0.097667446 0.985740188 1.413434746
0.000000000 0.450024118 0.799065706 0.500000000 0.500000000 0.000000000 0.000000000 0.132534189 -0.983630231 -0.122091183 0.561709297 0.979913104 0.148548539 -0.133055025 3.288253231 0.149013412 -0.102004410 0.983559914 1.359261961
0.000000000 0.450024118 0.799065706 0.500000000 0.500000000 0.000000000 0.000000000 0.133131332 -0.982719056 -0.128605227 0.554295857 0.977405857 0.151676927 -0.147213789 3.180000366 0.164176241 -0.106100734 0.980708313 1.299251924
0.000000000 0.450024118 0.799065706 0.500000000 0.500000000 0.000000000 0.000000000 0.132283112 -0.982210747 -0.133278757 0.539016592 0.975538883 0.152825778 -0.158013196 3.060822527 0.175570689 -0.109116132 0.978401044 1.261359736
0.000000000 0.450024118 0.799065706 0.500000000 0.500000000 0.000000000 0.000000000 0.131348063 -0.981687115 -0.137978604 0.525976148 0.973666567 0.153912932 -0.168179149 2.921068166 0.186335995 -0.112255148 0.976052088 1.227090413
0.000000000 0.450024118 0.799065706 0.500000000 0.500000000 0.000000000 0.000000000 0.130472065 -0.981364351 -0.141071087 0.519302232 0.972528011 0.154347027 -0.174259182 2.831008042 0.192785652 -0.114459628 0.974542296 1.206729826
0.000000000 0.450024118 0.799065706 0.500000000 0.500000000 0.000000000 0.000000000 0.129605246 -0.981159124 -0.143280329 0.515473492 0.971675380 0.154469750 -0.178846448 2.757414310 0.197609301 -0.116042530 0.973388255 1.182107220
0.000000000 0.450024118 0.799065706 0.500000000 0.500000000 0.000000000 0.000000000 0.128322971 -0.981298958 -0.143476723 0.521881024 0.971235171 0.153610182 -0.181950967 2.703289036 0.200587780 -0.116001151 0.972783776 1.153492527
0.000000000 0.450024118 0.799065706 0.500000000 0.500000000 0.000000000 0.000000000 0.126770749 -0.981589678 -0.142866652 0.523625348 0.970700067 0.152404020 -0.185780502 2.641880998 0.204133675 -0.115129136 0.972149538 1.109607655
0.000000000 0.450024118 0.799065706 0.500000000 0.500000000 0.000000000 0.000000000 0.124597494 -0.982080022 -0.141401182 0.517419308 0.969814456 0.150648590 -0.191741815 2.575458917 0.209607694 -0.113242361 0.971205839 1.053403272
0.000000000 0.450024118 0.799065706 0.500000000 0.500000000 0.000000000 0.000000000 0.121747215 -0.982720377 -0.139421218 0.510622103 0.968476013 0.148371299 -0.200100401 2.506346816 0.217328849 -0.110664438 0.969804905 1.005783789
0.000000000 0.450024118 0.799065706 0.500000000 0.500000000 0.000000000 0.000000000 0.118005260 -0.983670175 -0.135896085 0.504603472 0.965817310 0.145502253 -0.214536751 2.411590966 0.230806590 -0.105934326 0.967215714 0.964870455
0.000000000 0.450024118 0.799065706 0.500000000 0.500000000 0.000000000 0.000000000 0.114622905 -0.984438765 -0.133198756 0.491010823 0.963062910 0.143005690 -0.228164862 2.308116338 0.243662515 -0.102125862 0.964468189 0.940354018
0.000000000 0.450024118 0.799065706 0.500000000 0.500000000 0.000000000 0.000000000 0.111718284 -0.984962076 -0.131790493 0.476698679 0.960675398 0.140972762 -0.239226795 2.198402996 0.254208191 -0.099881877 0.961978070 0.931893288
0.000000000 0.450024118 0.799065706 0.500000000 0.500000000 0.000000000 0.000000000 0.109709004 -0.985180421 -0.131846395 0.451051169 0.958204111 0.140087441 -0.249440155 2.067269542 0.264213581 -0.098969926 0.959372783 0.931015409
0.000000000 0.450024118 0.799065706 0.500000000 0.500000000 0.000000000 0.000000000 0.109118540 -0.985010527 -0.133594182 0.430656973 0.956164687 0.140750041 -0.256784961 1.961227524 0.271739277 -0.099718039 0.957190722 0.928449999
0.000000000 0.450024118 0.799065706 0.500000000 0.500000000 0.000000000 0.000000000 0.109820206 -0.984473730 -0.136934280 0.424024478 0.954153387 0.143011658 -0.262942921 1.863046894 0.278443597 -0.101779862 0.955044514 0.923567066
0.000000000 0.450024118 0.799065706 0.500000000 0.500000000 0.000000000 0.000000000 0.111575003 -0.983451254 -0.142739798 0.430920152 0.952729240 0.146705020 -0.266053814 1.782983948 0.282591602 -0.106307424 0.953331379 0.903300629
0.000000000 0.450024118 0.799065706 0.500000000 0.500000000 0.000000000 0.000000000 0.113302597 -0.982436962 -0.148256997 0.448211612 0.951876465 0.150101915 -0.267208926 1.708264100 0.284769585 -0.110846881 0.952165559 0.878834104
0.000000000 0.450024118 0.799065706 0.500000000 0.500000000 0.000000000 0.000000000 0.115462646 -0.981224246 -0.154490634 0.462701550 0.950497919 0.154311470 -0.269706648 1.613438289 0.288482379 -0.115701983 0.950468815 0.829758221
0.000000000 0.450024118 0.799065706 0.500000000 0.500000000 0.000000000 0.000000000 0.116761937 -0.980087567 -0.160608251 0.458257280 0.947748080 0.158297552 -0.276975563 1.514354665 0.296884199 -0.119875958 0.947359239 0.772314796
0.000000000 0.450024118 0.799065706 0.500000000 0.500000000 0.000000000 0.000000000 0.116373057 -0.979481715 -0.164538386 0.455525319 0.944403728 0.160416866 -0.286998307 1.447616253 0.307504327 -0.121991795 0.943694384 0.746946850
0.000000000 0.450024118 0.799065706 0.500000000 0.500000000 0.000000000 0.000000000 0.115005560 -0.979100183 -0.167739537 0.457688387 0.939288584 0.162137237 -0.302404485 1.376764065 0.323281111 -0.122777635 0.938304308 0.724929699
0.000000000 0.450024118 0.799065706 0.500000000 0.500000000 0.000000000 0.000000000 0.111901447 -0.978979212 -0.170522050 0.447066026 0.930778122 0.163359649 -0.327056130 1.258800666 0.348037575 -0.122120139 0.929492613 0.699584266
0.000000000 0.450024118 0.799065706 0.500000000 0.500000000 0.000000000 0.000000000 0.108927575 -0.979187858 -0.171248131 0.429431341 0.922574620 0.163727821 -0.349355508 1.136216411 0.370122755 -0.119934731 0.921208340 0.685433500
0.000000000 0.450024118 0.799065706 0.500000000 0.500000000 0.000000000 0.000000000 0.106770691 -0.979418982 -0.171284786 0.404688847 0.915010021 0.164195021 -0.368505980 1.005318248 0.389045860 -0.117381658 0.913709399 0.685086428
0.000000000 0.450024118 0.799065706 0.500000000 0.500000000 0.000000000 0.000000000 0.106363886 -0.979479560 -0.171191460 0.387659935 0.909375092 0.165456129 -0.381655881 0.893431259 0.402148811 -0.115082847 0.908312871 0.679945702
0.000000000 0.450024118 0.799065706 0.500000000 0.500000000 0.000000000 0.000000000 0.107421491 -0.979470800 -0.170580116 0.378740332 0.904873071 0.167401754 -0.391383927 0.782725195 0.411904539 -0.112310309 0.904279296 0.650185804
0.000000000 0.450024118 0.799065706 0.500000000 0.500000000 0.000000000 0.000000000 0.108318249 -0.979473101 -0.169998827 0.384260448 0.903279440 0.168384702 -0.394630012 0.711953090 0.415154683 -0.110810814 0.902977050 0.611814152
0.000000000 0.450024118 0.799065706 0.500000000 0.500000000 0.000000000 0.000000000 0.107828075 -0.979867436 -0.168026529 0.388317739 0.903052679 0.167219533 -0.395643131 0.604235370 0.415775138 -0.109075370 0.902902873 0.530210721
0.000000000 0.450024118 0.799065706 0.500000000 0.500000000 0.000000000 0.000000000 0.106541851 -0.980468578 -0.165318488 0.385440068 0.902928246 0.165028738 -0.396845181 0.543567934 0.416376532 -0.106990112 0.902875240 0.482617210
0.000000000 0.450024118 0.799065706 0.500000000 0.500000000 0.000000000 0.000000000 0.102949774 -0.981484213 -0.161524248 0.385690944 0.901174640 0.160772145 -0.402537682 0.478833531 0.421052980 -0.104120392 0.901040139 0.435371394
0.000000000 0.450024118 0.799065706 0.500000000 0.500000000 0.000000000 0.000000000 0.097979097 -0.982749660 -0.156854080 0.383968076 0.898114978 0.155212977 -0.411458889 0.431290440 0.428706872 -0.100558628 0.897829817 0.410454241
0.000000000 0.450024118 0.799065706 0.500000000 0.500000000 0.000000000 0.000000000 0.090831494 -0.984294149 -0.151375918 0.375914794 0.892752638 0.147837806 -0.425601588 0.354625678 0.441296236 -0.096483221 0.892159526 0.387350834
0.000000000 0.450024118 0.799065706 0.500000000 0.500000000 0.000000000 0.000000000 0.085200733 -0.985234171 -0.148507454 0.365377651 0.888285470 0.142624780 -0.436585726 0.279246657 0.451320019 -0.094719590 0.887320934 0.371718033
0.000000000 0.450024118 0.799065706 0.500000000 0.500000000 0.000000000 0.000000000 0.077299401 -0.986389544 -0.145122262 0.341171832 0.880808719 0.135759964 -0.453591482 0.145246872 0.467119688 -0.092762604 0.879314674 0.348426770
0.000000000 0.450024118 0.799065706 0.500000000 0.500000000 0.000000000 0.000000000 0.072782559 -0.986910569 -0.143910488 0.317978242 0.874715673 0.132485815 -0.466175932 0.038419415 0.479140053 -0.091951283 0.872908799 0.327259833
0.000000000 0.450024118 0.799065706 0.500000000 0.500000000 0.000000000 0.000000000 0.071104460 -0.987066621 -0.143678951 0.310683269 0.868292598 0.132145369 -0.478127145 -0.057696347 0.490929853 -0.090758398 0.866458766 0.308298535
0.000000000 0.450024118 0.799065706 0.500000000 0.500000000 0.000000000 0.000000000 0.072298738 -0.986798955 -0.144916233 0.309959445 0.862076936 0.134898492 -0.488493350 -0.115509080 0.501593709 -0.089611490 0.860449610 0.286283467
0.000000000 0.450024118 0.799065706 0.500000000 0.500000000 0.000000000 0.000000000 0.075764138 -0.986301365 -0.146524443 0.312022176 0.855324145 0.139814981 -0.498871104 -0.156739058 0.512523563 -0.087529355 0.854200333 0.248858528
0.000000000 0.450024118 0.799065706 0.500000000 0.500000000 0.000000000 0.000000000 0.080708882 -0.985511354 -0.149175897 0.314597980 0.847429379 0.146637510 -0.510255709 -0.201895147 0.524737576 -0.085233870 0.846986224 0.192348433
0.000000000 0.450024118 0.799065706 0.500000000 0.500000000 0.000000000 0.000000000 0.085996227 -0.984665055 -0.151787280 0.309258279 0.838981539 0.153738393 -0.521990885 -0.241092334 0.537321716 -0.082457480 0.839336725 0.131670886
0.000000000 0.450024118 0.799065706 0.500000000 0.500000000 0.000000000 0.000000000 0.091965570 -0.983512827 -0.155707588 0.309647518 0.826768639 0.162569252 -0.538539558 -0.283377968 0.554973829 -0.079207053 0.828088336 0.073497437
0.000000000 0.450024118 0.799065706 0.500000000 0.500000000 0.000000000 0.000000000 0.096645352 -0.982526828 -0.159061963 0.307896254 0.814975730 0.169858604 -0.554042069 -0.323738764 0.571379239 -0.076086048 0.817151564 0.038746762
0.000000000 0.450024118 0.799065706 0.500000000 0.500000000 0.000000000 0.000000000 0.100920432 -0.981463047 -0.162927452 0.306719436 0.800284313 0.177375483 -0.572785262 -0.384884660 0.591066904 -0.072582548 0.803350290 0.001248201
0.000000000 0.450024118 0.799065706 0.500000000 0.500000000 0.000000000 0.000000000 0.103222621 -0.980612395 -0.166566568 0.292588965 0.787809704 0.182831713 -0.588156812 -0.462334380 0.607207511 -0.070511671 0.791408329 -0.035362234
0.000000000 0.450024118 0.799065706 0.500000000 0.500000000 0.000000000 0.000000000 0.104551400 -0.979923811 -0.169759621 0.275331580 0.774948703 0.187256237 -0.603646925 -0.563387596 0.623316543 -0.068442867 0.778968588 -0.064412999
0.000000000 0.450024118 0.799065706 0.500000000 0.500000000 0.000000000 0.000000000 0.105858772 -0.979287233 -0.172599059 0.252182419 0.761717170 0.191435413 -0.618982581 -0.675470691 0.639203312 -0.065946931 0.766205017 -0.091001882
0.000000000 0.450024118 0.799065706 0.500000000 0.500000000 0.000000000 0.000000000 0.107223875 -0.978878139 -0.174070761 0.242335381 0.752399261 0.194337838 -0.629387128 -0.747499302 0.649921836 -0.063485385 0.757344844 -0.110165819
0.000000000 0.450024118 0.799065706 0.500000000 0.500000000 0.000000000 0.000000000 0.108644315 -0.978548954 -0.175038158 0.242829632 0.743895076 0.196830854 -0.638653060 -0.804426607 0.659406194 -0.060824000 0.749322302 -0.138110544
0.000000000 0.450024118 0.799065706 0.500000000 0.500000000 0.000000000 0.000000000 0.109791501 -0.978338565 -0.175497804 0.249198855 0.737857564 0.198524480 -0.645100183 -0.849856633 0.665966997 -0.058665865 0.743670811 -0.172108050
0.000000000 0.450024118 0.799065706 0.500000000 0.500000000 0.000000000 0.000000000 0.110812309 -0.978133643 -0.175997752 0.257284822 0.732154488 0.200096541 -0.651084618 -0.900006901 0.672064311 -0.056709354 0.738318096 -0.227299831
0.000000000 0.450024118 0.799065706 0.500000000 0.500000000 0.000000000 0.000000000 0.111370528 -0.978028877 -0.176227469 0.251900775 0.728157542 0.200989319 -0.655278481 -0.947708466 0.676301116 -0.055342650 0.734543390 -0.279691963
0.000000000 0.450024118 0.799065706 0.500000000 0.500000000 0.000000000 0.000000000 0.111703598 -0.977945664 -0.176478280 0.242158992 0.723009288 0.201813391 -0.660703356 -1.008329847 0.681747663 -0.053792494 0.729607081 -0.328679304
0.000000000 0.450024118 0.799065706 0.500000000 0.500000000 0.000000000 0.000000000 0.111152556 -0.978084373 -0.176057006 0.243176017 0.719198664 0.201427174 -0.664966446 -1.053050606 0.685855955 -0.052707243 0.725826120 -0.351975860
