0.000000000 0.445582980 0.793199919 0.500000000 0.500000000 0.000000000 0.000000000 -0.110649641 -0.979144401 0.170390431 -0.695643727 0.689319749 0.047896432 0.722872198 2.547562637 -0.715957359 0.197439038 0.669643850 -2.743866065
0.000000000 0.445582980 0.793199919 0.500000000 0.500000000 0.000000000 0.000000000 -0.107759578 -0.987053700 0.118797588 -0.659254756 0.705787952 0.008204119 0.708375648 2.590652584 -0.700179434 0.160180167 0.695766537 -2.708123403
0.000000000 0.445582980 0.793199919 0.500000000 0.500000000 0.000000000 0.000000000 -0.107892557 -0.993180886 0.044169259 -0.617019472 0.712949283 -0.046333386 0.699683170 2.627185566 -0.692865439 0.106981047 0.713086628 -2.688437176
0.000000000 0.445582980 0.793199919 0.500000000 0.500000000 0.000000000 0.000000000 -0.112074346 -0.993451243 -0.022225388 -0.589553762 0.708827217 -0.095600151 0.698873799 2.642607747 -0.696421795 0.062571864 0.714899605 -2.686910521
0.000000000 0.445582980 0.793199919 0.500000000 0.500000000 0.000000000 0.000000000 -0.120877918 -0.987375731 -0.102360611 -0.554930160 0.692587309 -0.157758811 0.703871421 2.650829838 -0.711133847 0.014188852 0.702913457 -2.696744921
0.000000000 0.445582980 0.793199919 0.500000000 0.500000000 0.000000000 0.000000000 -0.127175812 -0.977633098 -0.167510713 -0.528867263 0.670936046 -0.209172696 0.711401156 2.646605890 -0.730527984 -0.021915956 0.682530993 -2.706661420
0.000000000 0.445582980 0.793199919 0.500000000 0.500000000 0.000000000 0.000000000 -0.137504992 -0.962180703 -0.235160949 -0.486634779 0.633260643 -0.267954271 0.726072632 2.619849802 -0.761625456 -0.049079562 0.646156221 -2.685943234
0.000000000 0.445582980 0.793199919 0.500000000 0.500000000 0.000000000 0.000000000 -0.142644655 -0.950632200 -0.275591950 -0.467516550 0.595876708 -0.304806431 0.742983169 2.582832787 -0.790305923 -0.058236246 0.609938594 -2.645414877
0.000000000 0.445582980 0.793199919 0.500000000 0.500000000 0.000000000 0.000000000 -0.149903067 -0.937382733 -0.314392561 -0.452884838 0.535666873 -0.344271886 0.771062818 2.515236679 -0.831017492 -0.052824999 0.553732289 -2.578061159
0.000000000 0.445582980 0.793199919 0.500000000 0.500000000 0.000000000 0.000000000 -0.153586863 -0.929485650 -0.335361749 -0.441749491 0.470849697 -0.367222000 0.802152458 2.447174015 -0.868741411 -0.034704898 0.494048511 -2.506531948
0.000000000 0.445582980 0.793199919 0.500000000 0.500000000 0.000000000 0.000000000 -0.157309839 -0.924197630 -0.348012005 -0.432096218 0.406811926 -0.381755525 0.829919740 2.389638259 -0.899865363 -0.011020894 0.436028518 -2.446221389
0.000000000 0.445582980 0.793199919 0.500000000 0.500000000 0.000000000 0.000000000 -0.162480711 -0.919126228 -0.358896916 -0.420095114 0.326910501 -0.393331825 0.859313447 2.324053455 -0.930983105 0.022294689 0.364380850 -2.385884158
0.000000000 0.445582980 0.793199919 0.500000000 0.500000000 0.000000000 0.000000000 -0.164104197 -0.915543803 -0.367218405 -0.415088263 0.239624441 -0.398113361 0.885486239 2.256814036 -0.956895992 0.057317503 0.284718746 -2.331023218
0.000000000 0.445582980 0.793199919 0.500000000 0.500000000 0.000000000 0.000000000 -0.167566419 -0.912555291 -0.373047364 -0.414156165 0.159673832 -0.398523190 0.903152000 2.195889121 -0.972844162 0.091772044 0.212490304 -2.283813917
0.000000000 0.445582980 0.793199919 0.500000000 0.500000000 0.000000000 0.000000000 -0.172343604 -0.908892527 -0.379752625 -0.416865727 0.065158426 -0.395195827 0.916283055 2.129510400 -0.982879475 0.133171441 0.127331480 -2.237041437
0.000000000 0.445582980 0.793199919 0.500000000 0.500000000 0.000000000 0.000000000 -0.173853356 -0.905891841 -0.386179989 -0.414797222 -0.024084974 -0.388123128 0.921292761 2.077532105 -0.984476980 0.169470973 0.045658127 -2.194160437
0.000000000 0.445582980 0.793199919 0.500000000 0.500000000 0.000000000 0.000000000 -0.174079735 -0.903906052 -0.390704613 -0.412637513 -0.101465823 -0.378185947 0.920152203 2.038805351 -0.979490139 0.199823017 -0.025881062 -2.151848870
0.000000000 0.445582980 0.793199919 0.500000000 0.500000000 0.000000000 0.000000000 -0.174188793 -0.902973945 -0.392805702 -0.402193206 -0.180095174 -0.362962612 0.914234035 1.996341002 -0.968103297 0.229991734 -0.099397230 -2.088269397
0.000000000 0.445582980 0.793199919 0.500000000 0.500000000 0.000000000 0.000000000 -0.172316993 -0.904033384 -0.391191124 -0.393558249 -0.238664802 -0.346981675 0.906996598 1.959853825 -0.955691355 0.249654478 -0.155970110 -2.021423155
0.000000000 0.445582980 0.793199919 0.500000000 0.500000000 0.000000000 0.000000000 -0.170603348 -0.907082335 -0.384832606 -0.382757096 -0.286548967 -0.328005228 0.900167907 1.920095254 -0.942753514 0.263845045 -0.203964716 -1.938712236
0.000000000 0.445582980 0.793199919 0.500000000 0.500000000 0.000000000 0.000000000 -0.168287708 -0.912579960 -0.372662131 -0.370538346 -0.327718927 -0.304752511 0.894274126 1.866479644 -0.929666366 0.272623777 -0.247783624 -1.834610627
0.000000000 0.445582980 0.793199919 0.500000000 0.500000000 0.000000000 0.000000000 -0.165399817 -0.920905415 -0.352953421 -0.368677040 -0.359628703 -0.276921896 0.891056373 1.814158040 -0.918319169 0.274312742 -0.285381189 -1.731385946
0.000000000 0.445582980 0.793199919 0.500000000 0.500000000 0.000000000 0.000000000 -0.161917446 -0.932340324 -0.323302121 -0.371601097 -0.382925404 -0.242589053 0.891357777 1.771563566 -0.909478353 0.268126970 -0.317737395 -1.618503301
0.000000000 0.445582980 0.793199919 0.500000000 0.500000000 0.000000000 0.000000000 -0.160437143 -0.938678017 -0.305194207 -0.377299343 -0.391921176 -0.223198194 0.892513506 1.740765272 -0.905901603 0.262804389 -0.332078512 -1.553466704
0.000000000 0.445582980 0.793199919 0.500000000 0.500000000 0.000000000 0.000000000 -0.158645637 -0.945363178 -0.284815772 -0.375156119 -0.388233348 -0.205502449 0.898356060 1.693040452 -0.907803078 0.253095250 -0.334419445 -1.469937965
0.000000000 0.445582980 0.793199919 0.500000000 0.500000000 0.000000000 0.000000000 -0.162311019 -0.945216736 -0.283232159 -0.362238094 -0.346988047 -0.214030580 0.913121134 1.635150877 -0.923717721 0.246487796 -0.293239387 -1.413603448
0.000000000 0.445582980 0.793199919 0.500000000 0.500000000 0.000000000 0.000000000 -0.159894340 -0.937186018 -0.310026077 -0.332811699 -0.297195065 -0.253791539 0.920469960 1.550177443 -0.941333572 0.239316157 -0.237947229 -1.360935441
0.000000000 0.445582980 0.793199919 0.500000000 0.500000000 0.000000000 0.000000000 -0.158696921 -0.917523816 -0.364644119 -0.288024802 -0.244282874 -0.321353139 0.914908759 1.462390365 -0.956630109 0.234269517 -0.173137602 -1.305640896
0.000000000 0.445582980 0.793199919 0.500000000 0.500000000 0.000000000 0.000000000 -0.158961039 -0.894164660 -0.418570123 -0.242847658 -0.198344098 -0.386394209 0.900754758 1.395293229 -0.967156144 0.226205826 -0.115930659 -1.255942674
0.000000000 0.445582980 0.793199919 0.500000000 0.500000000 0.000000000 0.000000000 -0.160576488 -0.871761359 -0.462868581 -0.208503802 -0.158803669 -0.440026124 0.883831661 1.355069268 -0.974164558 0.215427814 -0.067781053 -1.205069670
0.000000000 0.445582980 0.793199919 0.500000000 0.500000000 0.000000000 0.000000000 -0.163140129 -0.844489639 -0.510120132 -0.168144973 -0.110705167 -0.498112857 0.860016248 1.321994247 -0.980372207 0.196776096 -0.012227171 -1.134130651
0.000000000 0.445582980 0.793199919 0.500000000 0.500000000 0.000000000 0.000000000 -0.165842155 -0.821003973 -0.546304728 -0.133583243 -0.068423147 -0.543061176 0.836900730 1.306644670 -0.983775713 0.176173309 0.033886760 -1.052994563
0.000000000 0.445582980 0.793199919 0.500000000 0.500000000 0.000000000 0.000000000 -0.170599595 -0.792973432 -0.584883676 -0.085118754 -0.018309266 -0.590931749 0.806513756 1.303120934 -0.985170315 0.148299711 0.086293956 -0.935602300
0.000000000 0.445582980 0.793199919 0.500000000 0.500000000 0.000000000 0.000000000 -0.174167925 -0.774300584 -0.608378287 -0.047219024 0.021348401 -0.620644952 0.783801052 1.311501766 -0.984484525 0.123525099 0.124626523 -0.830411332
0.000000000 0.445582980 0.793199919 0.500000000 0.500000000 0.000000000 0.000000000 -0.176237310 -0.760463396 -0.625008667 -0.011873033 0.065712696 -0.642619876 0.763361996 1.316680976 -0.982151848 0.093461860 0.163225699 -0.723553923
0.000000000 0.445582980 0.793199919 0.500000000 0.500000000 0.000000000 0.000000000 -0.177111356 -0.751573147 -0.635428495 0.024938787 0.106061123 -0.656450776 0.746875771 1.299256853 -0.978459302 0.064885921 0.195977579 -0.647245246
0.000000000 0.445582980 0.793199919 0.500000000 0.500000000 0.000000000 0.000000000 -0.178773538 -0.752282811 -0.634121909 0.047923912 0.145615720 -0.657637185 0.739127455 1.265271360 -0.973055026 0.039798312 0.227112330 -0.584288317
0.000000000 0.445582980 0.793199919 0.500000000 0.500000000 0.000000000 0.000000000 -0.180941687 -0.761568307 -0.622313281 0.059110763 0.191328754 -0.647926012 0.737282301 1.215740158 -0.964703796 0.014338679 0.262946741 -0.515728151
0.000000000 0.445582980 0.793199919 0.500000000 0.500000000 0.000000000 0.000000000 -0.180317911 -0.779016419 -0.600515504 0.065154371 0.240677449 -0.626908468 0.740985923 1.159711055 -0.953708455 -0.010917506 0.300534509 -0.431294300
0.000000000 0.445582980 0.793199919 0.500000000 0.500000000 0.000000000 0.000000000 -0.181042206 -0.794453516 -0.579713146 0.072722180 0.289331613 -0.606392643 0.740658612 1.107124482 -0.939952625 -0.033638871 0.339643179 -0.355655441
0.000000000 0.445582980 0.793199919 0.500000000 0.500000000 0.000000000 0.000000000 -0.180456937 -0.814490432 -0.551398794 0.062815637 0.336486311 -0.577898646 0.743512015 1.064790897 -0.924236039 -0.051366245 0.378350700 -0.292950839
0.000000000 0.445582980 0.793199919 0.500000000 0.500000000 0.000000000 0.000000000 -0.181025943 -0.833760009 -0.521606993 0.049435465 0.393188364 -0.547494935 0.738682750 1.037515761 -0.901461324 -0.071369059 0.426935521 -0.231707640
0.000000000 0.445582980 0.793199919 0.500000000 0.500000000 0.000000000 0.000000000 -0.178277958 -0.856388363 -0.484578107 0.046320141 0.464798293 -0.507354702 0.725640236 1.015906061 -0.867282835 -0.095865417 0.488498010 -0.141293144
0.000000000 0.445582980 0.793199919 0.500000000 0.500000000 0.000000000 0.000000000 -0.174066123 -0.868870312 -0.463427844 0.053349636 0.507727543 -0.482423264 0.713779052 1.003107830 -0.843749801 -0.111050328 0.525122936 -0.070066147
0.000000000 0.445582980 0.793199919 0.500000000 0.500000000 0.000000000 0.000000000 -0.167587109 -0.884863288 -0.434662538 0.074141026 0.567441334 -0.447120293 0.691443255 0.993408896 -0.806179194 -0.130768514 0.577039602 0.057234017
0.000000000 0.445582980 0.793199919 0.500000000 0.500000000 0.000000000 0.000000000 -0.158818611 -0.901837828 -0.401827302 0.097981460 0.635694989 -0.404811234 0.657282090 0.987320752 -0.755426059 -0.151050974 0.637585346 0.189966280
0.000000000 0.445582980 0.793199919 0.500000000 0.500000000 0.000000000 0.000000000 -0.146070169 -0.917302982 -0.370430487 0.113297348 0.690771056 -0.362620087 0.625573353 0.986672805 -0.708165837 -0.164505053 0.686614327 0.279603627
0.000000000 0.445582980 0.793199919 0.500000000 0.500000000 0.000000000 0.000000000 -0.130152468 -0.933502670 -0.334115399 0.123878879 0.749953030 -0.313115692 0.582691184 0.979528964 -0.648560551 -0.174732161 0.740835936 0.343977142
0.000000000 0.445582980 0.793199919 0.500000000 0.500000000 0.000000000 0.000000000 -0.110527010 -0.949649779 -0.293170730 0.128448913 0.808617552 -0.257430350 0.529024828 0.966599701 -0.577859355 -0.178591466 0.796356487 0.407215980
0.000000000 0.445582980 0.793199919 0.500000000 0.500000000 0.000000000 0.000000000 -0.090951603 -0.959873726 -0.265273888 0.121612369 0.846318092 -0.214893457 0.487407930 0.942836616 -0.524855688 -0.180175558 0.831903405 0.465967333
0.000000000 0.445582980 0.793199919 0.500000000 0.500000000 0.000000000 0.000000000 -0.070908397 -0.970224407 -0.231595769 0.110126553 0.886042075 -0.167906930 0.432130424 0.902711038 -0.458150019 -0.174561920 0.871565658 0.557223314
0.000000000 0.445582980 0.793199919 0.500000000 0.500000000 0.000000000 0.000000000 -0.052906047 -0.978591232 -0.198897335 0.096771456 0.915240394 -0.127184580 0.382307604 0.872081319 -0.399419543 -0.161812491 0.902375059 0.639439366
0.000000000 0.445582980 0.793199919 0.500000000 0.500000000 0.000000000 0.000000000 -0.038982175 -0.984981874 -0.168199580 0.083436221 0.937855250 -0.094153965 0.334009821 0.867401929 -0.344830277 -0.144726429 0.927440748 0.722245281
0.000000000 0.445582980 0.793199919 0.500000000 0.500000000 0.000000000 0.000000000 -0.026142062 -0.991090000 -0.130603234 0.082826181 0.959146164 -0.061683813 0.276104588 0.874441147 -0.281700601 -0.118049648 0.952212714 0.857356669
0.000000000 0.445582980 0.793199919 0.500000000 0.500000000 0.000000000 0.000000000 -0.012490274 -0.994784576 -0.101230627 0.097492970 0.973183841 -0.035349051 0.227296406 0.881917729 -0.229689366 -0.095677016 0.968549794 1.043033612
0.000000000 0.445582980 0.793199919 0.500000000 0.500000000 0.000000000 0.000000000 -0.002195269 -0.996908512 -0.078540429 0.112977347 0.982750611 -0.016674723 0.184182494 0.901155477 -0.184922736 -0.076781324 0.979749055 1.205931898
0.000000000 0.445582980 0.793199919 0.500000000 0.500000000 0.000000000 0.000000000 0.006403511 -0.998065000 -0.061848612 0.123451967 0.988597526 -0.002986738 0.150552353 0.939629255 -0.150445760 -0.062107448 0.986665464 1.327713765
0.000000000 0.445582980 0.793199919 0.500000000 0.500000000 0.000000000 0.000000000 0.016199875 -0.998921099 -0.043522439 0.141977164 0.993556500 0.011198971 0.112783263 1.007998809 -0.112174174 -0.045069077 0.992665972 1.454162947
0.000000000 0.445582980 0.793199919 0.500000000 0.500000000 0.000000000 0.000000000 0.023693576 -0.999278514 -0.029682765 0.159887522 0.996150659 0.021092113 0.085082241 1.075623440 -0.084394783 -0.031584408 0.995931697 1.566678705
0.000000000 0.445582980 0.793199919 0.500000000 0.500000000 0.000000000 0.000000000 0.028521269 -0.999343228 -0.022352850 0.177631987 0.997410905 0.026975053 0.066662088 1.136256501 -0.066015337 -0.024196264 0.997525196 1.680086985
0.000000000 0.445582980 0.793199919 0.500000000 0.500000000 0.000000000 0.000000000 0.031928092 -0.999297536 -0.019622193 0.196316597 0.997966821 0.030789786 0.055805140 1.188073027 -0.055161776 -0.021364050 0.998248845 1.800270653
0.000000000 0.445582980 0.793199919 0.500000000 0.500000000 0.000000000 0.000000000 0.033991888 -0.999189340 -0.021568808 0.217022422 0.998670731 0.033121731 0.039493318 1.229854694 -0.038746906 -0.022882590 0.998987019 1.912652265
0.000000000 0.445582980 0.793199919 0.500000000 0.500000000 0.000000000 0.000000000 0.035273954 -0.999361169 -0.005744775 0.222235825 0.999084572 0.035123814 0.024419993 1.264727980 -0.024202614 -0.006600906 0.999685281 2.036623569
0.000000000 0.445582980 0.793199919 0.500000000 0.500000000 0.000000000 0.000000000 0.035023661 -0.999369948 0.005748946 0.236086504 0.999314146 0.035089757 0.011829890 1.283616519 -0.012024166 0.005330677 0.999913498 2.155227099
0.000000000 0.445582980 0.793199919 0.500000000 0.500000000 0.000000000 0.000000000 0.033545215 -0.999418088 0.006180916 0.277067362 0.999418963 0.033581322 0.005833651 1.288292659 -0.006037820 0.005981634 0.999963882 2.335405188
0.000000000 0.445582980 0.793199919 0.500000000 0.500000000 0.000000000 0.000000000 0.031942624 -0.999488330 0.001657493 0.302466046 0.999477347 0.031950432 0.004919712 1.291546982 -0.004970152 0.001499478 0.999986524 2.455878757
0.000000000 0.445582980 0.793199919 0.500000000 0.500000000 0.000000000 0.000000000 0.029235564 -0.999570716 -0.001914308 0.310664030 0.999568354 0.029229839 0.002953431 1.302697806 -0.002896208 -0.001999827 0.999993806 2.587105647
0.000000000 0.445582980 0.793199919 0.500000000 0.500000000 0.000000000 0.000000000 0.026502091 -0.999619609 0.007633850 0.318990585 0.999641804 0.026529618 0.003527567 1.317539439 -0.003728749 0.007537627 0.999964640 2.686382626
0.000000000 0.445582980 0.793199919 0.500000000 0.500000000 0.000000000 0.000000000 0.023757119 -0.999611246 0.014593010 0.339418738 0.999705186 0.023827500 0.004668151 1.332102355 -0.005014051 0.014477806 0.999882619 2.792558803
0.000000000 0.445582980 0.793199919 0.500000000 0.500000000 0.000000000 0.000000000 0.023019944 -0.999470652 0.022989064 0.359260923 0.999703428 0.023195897 0.007416658 1.353103392 -0.007945984 0.022811515 0.999708205 2.890464077
0.000000000 0.445582980 0.793199919 0.500000000 0.500000000 0.000000000 0.000000000 0.022839132 -0.999479297 0.022792739 0.381837222 0.999688384 0.023061797 0.009554519 1.381254298 -0.010075185 0.022567420 0.999694554 3.008659149
0.000000000 0.445582980 0.793199919 0.500000000 0.500000000 0.000000000 0.000000000 0.024234163 -0.999574772 0.016216653 0.398500383 0.999702757 0.024274134 0.002272524 1.412359379 -0.002665203 0.016156760 0.999865919 3.145010930
0.000000000 0.445582980 0.793199919 0.500000000 0.500000000 0.000000000 0.000000000 0.027239159 -0.999379507 0.022330024 0.401858716 0.999626991 0.027188133 -0.002585567 1.428470019 0.001976851 0.022392123 0.999747311 3.243805328
0.000000000 0.445582980 0.793199919 0.500000000 0.500000000 0.000000000 0.000000000 0.030971492 -0.999104772 0.028817017 0.410868817 0.999432389 0.030573590 -0.014147627 1.435997578 0.013253922 0.029238833 0.999484579 3.339030654
0.000000000 0.445582980 0.793199919 0.500000000 0.500000000 0.000000000 0.000000000 0.034844936 -0.998987946 0.028441406 0.436019141 0.999073717 0.034100700 -0.026245961 1.437170068 0.025249527 0.029329600 0.999250837 3.447368214
0.000000000 0.445582980 0.793199919 0.500000000 0.500000000 0.000000000 0.000000000 0.038207194 -0.998973266 0.024343893 0.467795335 0.998598808 0.037277559 -0.037560676 1.437144525 0.036614631 0.025744871 0.998997783 3.576335464
0.000000000 0.445582980 0.793199919 0.500000000 0.500000000 0.000000000 0.000000000 0.040596235 -0.999079826 0.013836404 0.493302277 0.998583835 0.040091761 -0.034971055 1.434690325 0.034384149 0.015236503 0.999292539 3.684049199
0.000000000 0.445582980 0.793199919 0.500000000 0.500000000 0.000000000 0.000000000 0.041813386 -0.999000506 0.015799705 0.503837515 0.998066050 0.041035803 -0.046692848 1.435658373 0.045997826 0.017721535 0.998784335 3.784504233
0.000000000 0.445582980 0.793199919 0.500000000 0.500000000 0.000000000 0.000000000 0.041305602 -0.998749510 0.028164944 0.496008382 0.997455237 0.039579803 -0.059299992 1.450173746 0.058111075 0.030542693 0.997842797 3.873882245
0.000000000 0.445582980 0.793199919 0.500000000 0.500000000 0.000000000 0.000000000 0.039036278 -0.998733638 0.031737807 0.496150430 0.997420796 0.037031079 -0.061485396 1.473494729 0.060232248 0.034056110 0.997603257 3.956882839
0.000000000 0.445582980 0.793199919 0.500000000 0.500000000 0.000000000 0.000000000 0.036130181 -0.998652795 0.037245190 0.508332178 0.997764160 0.033951029 -0.057567433 1.497202763 0.056225365 0.039241838 0.997646624 4.042796139
