0.000000000 0.447822955 0.789440816 0.500000000 0.500000000 0.000000000 0.000000000 0.024231472 -0.989585948 -0.141888994 -0.176038731 0.525011541 0.133379708 -0.840578810 -5.462376167 0.850750091 -0.054124898 0.522776030 -0.834340017
0.000000000 0.447822955 0.789440816 0.500000000 0.500000000 0.000000000 0.000000000 0.021216179 -0.991964688 -0.124723421 -0.175633328 0.530301617 0.116921729 -0.839707987 -5.420357179 0.847543550 -0.048325637 0.528521110 -0.807090535
0.000000000 0.447822955 0.789440816 0.500000000 0.500000000 0.000000000 0.000000000 0.020824298 -0.991258582 -0.130279592 -0.173870138 0.550761954 0.120126690 -0.825972668 -5.370929996 0.834402552 -0.054552742 0.548449068 -0.804358198
0.000000000 0.447822955 0.789440816 0.500000000 0.500000000 0.000000000 0.000000000 0.020803111 -0.992535734 -0.120166747 -0.174351594 0.571458360 0.110428040 -0.813167259 -5.300441314 0.820367340 -0.051753884 0.569490090 -0.814162134
0.000000000 0.447822955 0.789440816 0.500000000 0.500000000 0.000000000 0.000000000 0.021139536 -0.994288873 -0.104607631 -0.183087455 0.585339433 0.097132357 -0.804949100 -5.226604274 0.810512719 -0.044214721 0.584049818 -0.829788226
0.000000000 0.447822955 0.789440816 0.500000000 0.500000000 0.000000000 0.000000000 0.018733380 -0.993966253 -0.108074734 -0.186540763 0.590123007 0.098249457 -0.801312599 -5.137387305 0.807095965 -0.048766094 0.588402899 -0.834956700
0.000000000 0.447822955 0.789440816 0.500000000 0.500000000 0.000000000 0.000000000 0.016878978 -0.993933027 -0.108684120 -0.182933947 0.592675223 0.097490316 -0.799519680 -5.077665757 0.805264665 -0.050919310 0.590725015 -0.829927502
0.000000000 0.447822955 0.789440816 0.500000000 0.500000000 0.000000000 0.000000000 0.016896327 -0.995500254 -0.093240327 -0.184554588 0.623849732 0.083371555 -0.777084741 -4.991260471 0.781361648 -0.045038075 0.622451240 -0.809269669
0.000000000 0.447822955 0.789440816 0.500000000 0.500000000 0.000000000 0.000000000 0.016527078 -0.996292778 -0.084424857 -0.194552913 0.636923865 0.075578529 -0.767213058 -4.924166075 0.770749535 -0.041092416 0.635811739 -0.788923815
0.000000000 0.447822955 0.789440816 0.500000000 0.500000000 0.000000000 0.000000000 0.016017625 -0.996083433 -0.086955340 -0.200353838 0.640663694 0.076993133 -0.763951627 -4.860813962 0.767654523 -0.043472439 0.639387738 -0.778471313
0.000000000 0.447822955 0.789440816 0.500000000 0.500000000 0.000000000 0.000000000 0.018710525 -0.995317611 -0.094830212 -0.197946904 0.664383125 0.083255042 -0.742740642 -4.794017340 0.747157935 -0.049106525 0.662829970 -0.777781391
0.000000000 0.447822955 0.789440816 0.500000000 0.500000000 0.000000000 0.000000000 0.022041586 -0.995282777 -0.094479432 -0.198584634 0.683785595 0.083949982 -0.724837679 -4.726500342 0.729350004 -0.048627103 0.682410416 -0.778259373
0.000000000 0.447822955 0.789440816 0.500000000 0.500000000 0.000000000 0.000000000 0.022504576 -0.995350706 -0.093651032 -0.202942163 0.681334090 0.083821879 -0.727157308 -4.669621152 0.731626545 -0.047443274 0.680052744 -0.771633725
0.000000000 0.447822955 0.789440816 0.500000000 0.500000000 0.000000000 0.000000000 0.022832990 -0.995509632 -0.091865266 -0.203074490 0.668751116 0.083512915 -0.738781117 -4.596830154 0.743135654 -0.044566417 0.667655027 -0.752429352
0.000000000 0.447822955 0.789440816 0.500000000 0.500000000 0.000000000 0.000000000 0.023764140 -0.995112663 -0.095843902 -0.201148266 0.683176509 0.086157666 -0.725152890 -4.520373736 0.729866510 -0.048245668 0.681885058 -0.724952069
0.000000000 0.447822955 0.789440816 0.500000000 0.500000000 0.000000000 0.000000000 0.022373915 -0.993530934 -0.111335936 -0.203301981 0.690682683 0.095876226 -0.716774149 -4.456407332 0.722811759 -0.060860759 0.688359738 -0.694385597
0.000000000 0.447822955 0.789440816 0.500000000 0.500000000 0.000000000 0.000000000 0.020598200 -0.991721644 -0.126743424 -0.205305927 0.695320941 0.105301472 -0.710943310 -4.388420193 0.718404137 -0.073483204 0.691733847 -0.667660507
0.000000000 0.447822955 0.789440816 0.500000000 0.500000000 0.000000000 0.000000000 0.019360391 -0.991559166 -0.128201388 -0.201870609 0.701937184 0.104790618 -0.704487840 -4.330138849 0.711975678 -0.076350161 0.698041036 -0.658177624
0.000000000 0.447822955 0.789440816 0.500000000 0.500000000 0.000000000 0.000000000 0.019990358 -0.992438501 -0.121104120 -0.198861616 0.715665480 0.098787407 -0.691421701 -4.258361554 0.698157079 -0.072848271 0.712228771 -0.655793526
0.000000000 0.447822955 0.789440816 0.500000000 0.500000000 0.000000000 0.000000000 0.022618554 -0.992632264 -0.119036083 -0.202017452 0.732733990 0.097462240 -0.673499824 -4.184211436 0.680139178 -0.071988193 0.729539854 -0.656354269
0.000000000 0.447822955 0.789440816 0.500000000 0.500000000 0.000000000 0.000000000 0.023127890 -0.990592322 -0.134877544 -0.201508616 0.733491797 0.108485504 -0.670984858 -4.135482323 0.679304707 -0.083413108 0.729100383 -0.655481105
0.000000000 0.447822955 0.789440816 0.500000000 0.500000000 0.000000000 0.000000000 0.026699716 -0.990493272 -0.134945187 -0.199837421 0.744836054 0.109745813 -0.658160398 -4.066523974 0.666713115 -0.082939345 0.740685282 -0.650072298
0.000000000 0.447822955 0.789440816 0.500000000 0.500000000 0.000000000 0.000000000 0.028288931 -0.990557348 -0.134148708 -0.199443067 0.751347979 0.109586016 -0.650743513 -3.999761079 0.659299591 -0.082383522 0.747353333 -0.639751038
0.000000000 0.447822955 0.789440816 0.500000000 0.500000000 0.000000000 0.000000000 0.029908221 -0.989268585 -0.143014562 -0.205175773 0.763089301 0.115010897 -0.635977368 -3.909873313 0.645600664 -0.090111930 0.758340044 -0.618678240
0.000000000 0.447822955 0.789440816 0.500000000 0.500000000 0.000000000 0.000000000 0.030763635 -0.988215665 -0.149944652 -0.207413403 0.767158438 0.119508037 -0.630226753 -3.846422274 0.640719541 -0.095643239 0.761794487 -0.604337824
0.000000000 0.447822955 0.789440816 0.500000000 0.500000000 0.000000000 0.000000000 0.031432700 -0.989384094 -0.141884107 -0.206656776 0.773191400 0.114026589 -0.623837315 -3.774001541 0.633393277 -0.090094680 0.768567437 -0.592149551
0.000000000 0.447822955 0.789440816 0.500000000 0.500000000 0.000000000 0.000000000 0.032577201 -0.989290856 -0.142275535 -0.203438633 0.782691578 0.113777889 -0.611921960 -3.706394229 0.621556610 -0.091423158 0.778016187 -0.587744580
0.000000000 0.447822955 0.789440816 0.500000000 0.500000000 0.000000000 0.000000000 0.033428237 -0.988619274 -0.146678168 -0.209055900 0.791059233 0.115867013 -0.600666401 -3.635728128 0.610825542 -0.095951900 0.785929634 -0.580237033
0.000000000 0.447822955 0.789440816 0.500000000 0.500000000 0.000000000 0.000000000 0.032877325 -0.986668667 -0.159386398 -0.212876362 0.792012391 0.122990046 -0.597988145 -3.550448672 0.609619106 -0.106575751 0.785497393 -0.566985114
0.000000000 0.447822955 0.789440816 0.500000000 0.500000000 0.000000000 0.000000000 0.032176093 -0.984986307 -0.169607414 -0.210222216 0.793797566 0.128298388 -0.594495540 -3.473564800 0.607330324 -0.115505409 0.786007874 -0.549722410
0.000000000 0.447822955 0.789440816 0.500000000 0.500000000 0.000000000 0.000000000 0.029809748 -0.983654512 -0.177581474 -0.210036113 0.789238446 0.132181787 -0.599692130 -3.402560407 0.613362906 -0.122277455 0.780278264 -0.523044144
0.000000000 0.447822955 0.789440816 0.500000000 0.500000000 0.000000000 0.000000000 0.025122397 -0.982034596 -0.187021171 -0.213718335 0.779184634 0.136439064 -0.611764405 -3.323769416 0.626290804 -0.130355034 0.768613943 -0.494125803
0.000000000 0.447822955 0.789440816 0.500000000 0.500000000 0.000000000 0.000000000 0.021580249 -0.981893207 -0.188202078 -0.212386912 0.768625680 0.136674563 -0.624927698 -3.250514978 0.639334699 -0.131170855 0.757657805 -0.476331186
0.000000000 0.447822955 0.789440816 0.500000000 0.500000000 0.000000000 0.000000000 0.019851308 -0.982740398 -0.183921817 -0.208782321 0.761734459 0.134018288 -0.633876733 -3.178227863 0.647585160 -0.127516303 0.751247664 -0.463253930
0.000000000 0.447822955 0.789440816 0.500000000 0.500000000 0.000000000 0.000000000 0.017942191 -0.985625455 -0.167989701 -0.214862927 0.760834912 0.122468726 -0.637284589 -3.098524108 0.648697398 -0.116378148 0.752095614 -0.448883282
0.000000000 0.447822955 0.789440816 0.500000000 0.500000000 0.000000000 0.000000000 0.015748295 -0.986710727 -0.161721776 -0.221892457 0.756764148 0.117473405 -0.643045895 -3.023724065 0.653498290 -0.112258365 0.748557308 -0.437083951
0.000000000 0.447822955 0.789440816 0.500000000 0.500000000 0.000000000 0.000000000 0.015842845 -0.985893280 -0.166623662 -0.221626274 0.763203233 0.119583688 -0.634996509 -2.951238949 0.645964263 -0.117107566 0.754331485 -0.419805675
0.000000000 0.447822955 0.789440816 0.500000000 0.500000000 0.000000000 0.000000000 0.014560493 -0.986159685 -0.165157704 -0.220243665 0.766444827 0.117085391 -0.631548366 -2.881767583 0.642145093 -0.117388612 0.757541810 -0.392716829
0.000000000 0.447822955 0.789440816 0.500000000 0.500000000 0.000000000 0.000000000 0.014058078 -0.986407928 -0.163712461 -0.227942579 0.773042728 0.114568567 -0.623922259 -2.807274346 0.634198164 -0.117785580 0.764146089 -0.358957446
0.000000000 0.447822955 0.789440816 0.500000000 0.500000000 0.000000000 0.000000000 0.012979741 -0.985483274 -0.169275643 -0.233271827 0.781990939 0.115507055 -0.612493503 -2.729197007 0.623154634 -0.124422012 0.772138242 -0.329744874
0.000000000 0.447822955 0.789440816 0.500000000 0.500000000 0.000000000 0.000000000 0.010312647 -0.985441275 -0.169703103 -0.230396478 0.787792475 0.112530321 -0.605574061 -2.641842936 0.615854420 -0.127445756 0.777483706 -0.309585614
0.000000000 0.447822955 0.789440816 0.500000000 0.500000000 0.000000000 0.000000000 0.008687635 -0.987885730 -0.154939695 -0.229635140 0.795027812 0.100803440 -0.598138316 -2.577115916 0.606510761 -0.117984959 0.786272374 -0.300415419
0.000000000 0.447822955 0.789440816 0.500000000 0.500000000 0.000000000 0.000000000 0.005611363 -0.988110235 -0.153644644 -0.233920602 0.799742876 0.096672743 -0.592507986 -2.489026647 0.600316454 -0.119551432 0.790776586 -0.293610229
0.000000000 0.447822955 0.789440816 0.500000000 0.500000000 0.000000000 0.000000000 -0.000390373 -0.986168382 -0.165746103 -0.239419354 0.797094463 0.099779686 -0.595553886 -2.413606168 0.603854506 -0.132347789 0.786030405 -0.284689022
0.000000000 0.447822955 0.789440816 0.500000000 0.500000000 0.000000000 0.000000000 -0.002859006 -0.986104787 -0.166099896 -0.235858706 0.807004456 0.095813983 -0.582720764 -2.332977405 0.590538427 -0.135709358 0.795517024 -0.266360533
0.000000000 0.447822955 0.789440816 0.500000000 0.500000000 0.000000000 0.000000000 -0.006159407 -0.987481485 -0.157614652 -0.239115152 0.813815181 0.086641896 -0.574628604 -2.241860327 0.581091140 -0.131808568 0.803093761 -0.233811910
0.000000000 0.447822955 0.789440816 0.500000000 0.500000000 0.000000000 0.000000000 -0.010084490 -0.986522970 -0.163311767 -0.245221957 0.813861754 0.086791463 -0.574540066 -2.170684504 0.580971040 -0.138707144 0.802018067 -0.210609271
0.000000000 0.447822955 0.789440816 0.500000000 0.500000000 0.000000000 0.000000000 -0.013453477 -0.985126483 -0.171303288 -0.244999092 0.818611868 0.087527025 -0.567638643 -2.084023054 0.574189528 -0.147867618 0.805258688 -0.190692935
0.000000000 0.447822955 0.789440816 0.500000000 0.500000000 0.000000000 0.000000000 -0.016845507 -0.985945611 -0.166215166 -0.240250066 0.825571581 0.080063990 -0.558588688 -2.010657764 0.564045915 -0.146632227 0.812619958 -0.179310138
0.000000000 0.447822955 0.789440816 0.500000000 0.500000000 0.000000000 0.000000000 -0.022043052 -0.986824045 -0.160288514 -0.246350825 0.834529170 0.070123337 -0.546483104 -1.933129882 0.550522633 -0.145811596 0.821987719 -0.170147505
0.000000000 0.447822955 0.789440816 0.500000000 0.500000000 0.000000000 0.000000000 -0.028265079 -0.984022468 -0.175786425 -0.243761179 0.836898117 0.072871030 -0.542486272 -1.851732619 0.546628418 -0.162448745 0.821466845 -0.159096252
0.000000000 0.447822955 0.789440816 0.500000000 0.500000000 0.000000000 0.000000000 -0.032734611 -0.981498432 -0.188651195 -0.232659761 0.849342093 0.072175355 -0.522885004 -1.773102060 0.526826779 -0.177345838 0.831265300 -0.145734614
0.000000000 0.447822955 0.789440816 0.500000000 0.500000000 0.000000000 0.000000000 -0.034091573 -0.979937306 -0.196368633 -0.228505697 0.866117225 0.069069888 -0.495045759 -1.714159451 0.498676968 -0.186955145 0.846385879 -0.131398608
0.000000000 0.447822955 0.789440816 0.500000000 0.500000000 0.000000000 0.000000000 -0.036866759 -0.978942705 -0.200778542 -0.233966837 0.881118893 0.062943736 -0.468687084 -1.635329266 0.471455553 -0.194188741 0.860244381 -0.116507104
0.000000000 0.447822955 0.789440816 0.500000000 0.500000000 0.000000000 0.000000000 -0.036858038 -0.978470436 -0.203069179 -0.230445631 0.893345171 0.058807797 -0.445506507 -1.559981761 0.447856997 -0.197831367 0.871944299 -0.117179670
0.000000000 0.447822955 0.789440816 0.500000000 0.500000000 0.000000000 0.000000000 -0.035321101 -0.979032063 -0.200620634 -0.230380386 0.907938496 0.052450140 -0.415808455 -1.464014341 0.417612390 -0.196838009 0.887048302 -0.123919578
0.000000000 0.447822955 0.789440816 0.500000000 0.500000000 0.000000000 0.000000000 -0.034181169 -0.979429280 -0.198871651 -0.234601738 0.914635787 0.049549397 -0.401230900 -1.396766620 0.402831262 -0.195609670 0.894127413 -0.131452447
0.000000000 0.447822955 0.789440816 0.500000000 0.500000000 0.000000000 0.000000000 -0.025021586 -0.976952160 -0.211986785 -0.230414487 0.935359656 0.051959224 -0.349860762 -1.323500264 0.352811896 -0.207037957 0.912501534 -0.136639720
0.000000000 0.447822955 0.789440816 0.500000000 0.500000000 0.000000000 0.000000000 -0.018442994 -0.975377090 -0.219771219 -0.226098632 0.951409083 0.050454999 -0.303768085 -1.248426940 0.307376987 -0.214694727 0.927052082 -0.132029488
0.000000000 0.447822955 0.789440816 0.500000000 0.500000000 0.000000000 0.000000000 -0.015859128 -0.975792488 -0.218122691 -0.232971822 0.963668757 0.043255726 -0.263574409 -1.168868146 0.266628983 -0.214378083 0.939654736 -0.122394757
0.000000000 0.447822955 0.789440816 0.500000000 0.500000000 0.000000000 0.000000000 -0.014254135 -0.975519377 -0.219451053 -0.236302627 0.974169251 0.035918712 -0.222944203 -1.104813988 0.225368789 -0.216960345 0.949808990 -0.123067385
0.000000000 0.447822955 0.789440816 0.500000000 0.500000000 0.000000000 0.000000000 -0.011718688 -0.975754406 -0.218554367 -0.230856833 0.985713543 0.025454294 -0.166495913 -1.035111708 0.168022268 -0.217383113 0.961516042 -0.126578987
0.000000000 0.447822955 0.789440816 0.500000000 0.500000000 0.000000000 0.000000000 -0.014713771 -0.976451098 -0.215236518 -0.227665131 0.992463826 0.011927399 -0.121956107 -0.965700298 0.121651386 -0.215408892 0.968916895 -0.127951899
0.000000000 0.447822955 0.789440816 0.500000000 0.500000000 0.000000000 0.000000000 -0.017777557 -0.977359179 -0.210838787 -0.238102682 0.997464360 -0.002802649 -0.071112553 -0.899087407 0.068911599 -0.211568383 0.974930772 -0.123681977
0.000000000 0.447822955 0.789440816 0.500000000 0.500000000 0.000000000 0.000000000 -0.020622014 -0.978052627 -0.207334973 -0.242496887 0.999546729 -0.015619374 -0.025736597 -0.840613851 0.021933304 -0.207771734 0.977931407 -0.110464546
0.000000000 0.447822955 0.789440816 0.500000000 0.500000000 0.000000000 0.000000000 -0.024379306 -0.977822077 -0.208013544 -0.240638709 0.999534756 -0.027656469 0.012860421 -0.781998646 -0.018328124 -0.207603239 0.978041397 -0.089425609
0.000000000 0.447822955 0.789440816 0.500000000 0.500000000 0.000000000 0.000000000 -0.029308351 -0.976551196 -0.213280994 -0.239737461 0.997569866 -0.042068976 0.055538852 -0.696525694 -0.063209045 -0.211134940 0.975411018 -0.051802272
0.000000000 0.447822955 0.789440816 0.500000000 0.500000000 0.000000000 0.000000000 -0.033269110 -0.975085878 -0.219318710 -0.242217119 0.995366576 -0.052133227 0.080792984 -0.629847555 -0.090213890 -0.215614603 0.972302318 -0.027862665
0.000000000 0.447822955 0.789440816 0.500000000 0.500000000 0.000000000 0.000000000 -0.036563493 -0.973730650 -0.224748154 -0.240328282 0.992592350 -0.061460745 0.104799825 -0.564382388 -0.115859991 -0.219251451 0.968764813 -0.015238467
0.000000000 0.447822955 0.789440816 0.500000000 0.500000000 0.000000000 0.000000000 -0.036961745 -0.971591806 -0.233758831 -0.230662013 0.988683863 -0.069586447 0.132898256 -0.500104989 -0.145389303 -0.226201432 0.963169177 -0.013205089
0.000000000 0.447822955 0.789440816 0.500000000 0.500000000 0.000000000 0.000000000 -0.041112648 -0.969948280 -0.239812602 -0.228083027 0.986536320 -0.077431151 0.144050359 -0.415556851 -0.158290364 -0.230661550 0.960072607 -0.010400028
0.000000000 0.447822955 0.789440816 0.500000000 0.500000000 0.000000000 0.000000000 -0.048958257 -0.969435061 -0.240413707 -0.234327931 0.988906619 -0.080844331 0.124610969 -0.341563669 -0.140238328 -0.231645971 0.962638746 -0.005234153
0.000000000 0.447822955 0.789440816 0.500000000 0.500000000 0.000000000 0.000000000 -0.054598375 -0.967144724 -0.248294383 -0.230680555 0.989904500 -0.085001220 0.113419017 -0.253045541 -0.130797930 -0.239595233 0.962021843 0.007166823
0.000000000 0.447822955 0.789440816 0.500000000 0.500000000 0.000000000 0.000000000 -0.059084843 -0.962730666 -0.263929244 -0.224258153 0.991020556 -0.088337875 0.100372690 -0.164681926 -0.119946815 -0.255628801 0.959305310 0.023626035
0.000000000 0.447822955 0.789440816 0.500000000 0.500000000 0.000000000 0.000000000 -0.061556865 -0.960429711 -0.271634905 -0.224222801 0.992047364 -0.088808874 0.089190876 -0.096579348 -0.109785157 -0.263984381 0.958258559 0.032946892
0.000000000 0.447822955 0.789440816 0.500000000 0.500000000 0.000000000 0.000000000 -0.062242939 -0.958172203 -0.279341808 -0.220832428 0.992939046 -0.087767559 0.079805423 -0.014077368 -0.100984487 -0.272402064 0.956869505 0.032055316
0.000000000 0.447822955 0.789440816 0.500000000 0.500000000 0.000000000 0.000000000 -0.061929889 -0.958049030 -0.279833423 -0.211385439 0.993082472 -0.087171722 0.078665716 0.067428196 -0.099759174 -0.273025908 0.956820234 0.015197163
0.000000000 0.447822955 0.789440816 0.500000000 0.500000000 0.000000000 0.000000000 -0.060705918 -0.959756501 -0.274193818 -0.211592851 0.992596565 -0.086997100 0.084755911 0.134531188 -0.105199104 -0.267018656 0.957932245 -0.003672669
0.000000000 0.447822955 0.789440816 0.500000000 0.500000000 0.000000000 0.000000000 -0.061363217 -0.962531976 -0.264133965 -0.217152651 0.992756371 -0.086244030 0.083646612 0.215051544 -0.103292517 -0.257087852 0.960851962 -0.020024511
0.000000000 0.447822955 0.789440816 0.500000000 0.500000000 0.000000000 0.000000000 -0.064845540 -0.962088697 -0.264915828 -0.218241244 0.993510567 -0.087103404 0.073141991 0.277550100 -0.093444154 -0.258453742 0.961493553 -0.025491359
0.000000000 0.447822955 0.789440816 0.500000000 0.500000000 0.000000000 0.000000000 -0.066370834 -0.962410818 -0.263363495 -0.213659372 0.993746676 -0.087509778 0.069351152 0.380417166 -0.089791180 -0.257113704 0.962200648 -0.011469971
