0.000000000 0.452684480 0.809372419 0.500000000 0.500000000 0.000000000 0.000000000 0.080327713 -0.993687569 0.078310117 2.932710959 0.976565658 0.062718843 -0.205878269 -1.058858898 0.199667157 0.093012702 0.975439216 5.214044966
0.000000000 0.452684480 0.809372419 0.500000000 0.500000000 0.000000000 0.000000000 0.083844084 -0.993063563 0.082431361 2.934470123 0.976254309 0.065279105 -0.206557893 -1.057389131 0.199744071 0.097792628 0.974955849 5.212542234
0.000000000 0.452684480 0.809372419 0.500000000 0.500000000 0.000000000 0.000000000 0.088468733 -0.992208177 0.087728082 2.919763518 0.975432170 0.068459019 -0.209393036 -1.053162720 0.201755704 0.104097530 0.973888259 5.186539303
0.000000000 0.452684480 0.809372419 0.500000000 0.500000000 0.000000000 0.000000000 0.093942879 -0.990887068 0.096527480 2.893701332 0.974267867 0.071546079 -0.213736480 -1.046691970 0.204882551 0.114122642 0.972110674 5.119823237
0.000000000 0.452684480 0.809372419 0.500000000 0.500000000 0.000000000 0.000000000 0.101466772 -0.989867252 0.099334377 2.841541416 0.972189066 0.077475932 -0.221011087 -1.045313225 0.211075614 0.118997076 0.970199351 5.018495618
0.000000000 0.452684480 0.809372419 0.500000000 0.500000000 0.000000000 0.000000000 0.110204239 -0.989065487 0.098002492 2.779064854 0.969802803 0.085422601 -0.228441464 -1.050235902 0.217571940 0.120218309 0.968612414 4.875153665
0.000000000 0.452684480 0.809372419 0.500000000 0.500000000 0.000000000 0.000000000 0.118320170 -0.988624322 0.092856275 2.716729753 0.967300570 0.093628284 -0.235718800 -1.055271185 0.224343365 0.117710217 0.967374984 4.722125165
0.000000000 0.452684480 0.809372419 0.500000000 0.500000000 0.000000000 0.000000000 0.121860980 -0.988480579 0.089755482 2.687118712 0.966403433 0.097546656 -0.237800450 -1.059378984 0.226305780 0.115718602 0.967158156 4.643387096
0.000000000 0.452684480 0.809372419 0.500000000 0.500000000 0.000000000 0.000000000 0.128470753 -0.988255716 0.082739984 2.627249212 0.965386820 0.105528130 -0.238520652 -1.066784780 0.226988002 0.110519018 0.967606322 4.431127539
0.000000000 0.452684480 0.809372419 0.500000000 0.500000000 0.000000000 0.000000000 0.130682698 -0.989165586 0.066884048 2.590762213 0.965586911 0.111685891 -0.234879074 -1.044220175 0.224864292 0.095276993 0.969720756 4.306436439
0.000000000 0.452684480 0.809372419 0.500000000 0.500000000 0.000000000 0.000000000 0.129393899 -0.990287974 0.050862033 2.545794563 0.967763109 0.114940489 -0.224105440 -0.987382532 0.216082815 0.078220276 0.973236767 4.174968521
0.000000000 0.452684480 0.809372419 0.500000000 0.500000000 0.000000000 0.000000000 0.123367584 -0.991248024 0.046987161 2.468105223 0.972519401 0.111344333 -0.204471158 -0.902650880 0.197449877 0.070921039 0.977744216 4.059726220
0.000000000 0.452684480 0.809372419 0.500000000 0.500000000 0.000000000 0.000000000 0.117950411 -0.992022275 0.044491642 2.403672743 0.976045422 0.107569110 -0.189114305 -0.805809399 0.182819677 0.065731973 0.980946621 3.964781121
0.000000000 0.452684480 0.809372419 0.500000000 0.500000000 0.000000000 0.000000000 0.108500525 -0.993251630 0.040973595 2.305377285 0.980745277 0.100219924 -0.167614643 -0.627727652 0.162377147 0.058370937 0.985000759 3.806424334
0.000000000 0.452684480 0.809372419 0.500000000 0.500000000 0.000000000 0.000000000 0.098651967 -0.994436901 0.036919373 2.208677183 0.985404790 0.092449341 -0.142935369 -0.446858228 0.138727034 0.050481382 0.989043194 3.651518425
0.000000000 0.452684480 0.809372419 0.500000000 0.500000000 0.000000000 0.000000000 0.089678604 -0.995363014 0.034788193 2.142546633 0.988623875 0.084728028 -0.124273871 -0.327156656 0.120750080 0.045537146 0.991637931 3.537804976
0.000000000 0.452684480 0.809372419 0.500000000 0.500000000 0.000000000 0.000000000 0.078649428 -0.996362682 0.032797469 2.084761867 0.991735997 0.074854417 -0.104194663 -0.237056111 0.101360639 0.040721281 0.994015995 3.421523932
0.000000000 0.452684480 0.809372419 0.500000000 0.500000000 0.000000000 0.000000000 0.061167461 -0.997635179 0.031346314 2.026238306 0.994972455 0.058448965 -0.081323623 -0.131656023 0.079299148 0.036163079 0.996194698 3.231967509
0.000000000 0.452684480 0.809372419 0.500000000 0.500000000 0.000000000 0.000000000 0.054203821 -0.998132059 0.028184010 2.005591605 0.995909800 0.051996672 -0.073891919 -0.088554639 0.072288419 0.032073957 0.996867918 3.157626274
0.000000000 0.452684480 0.809372419 0.500000000 0.500000000 0.000000000 0.000000000 0.039341898 -0.998992065 0.021611791 1.963094105 0.997544963 0.038012550 -0.058814048 -0.012965463 0.057933248 0.023872589 0.998034989 3.003710580
0.000000000 0.452684480 0.809372419 0.500000000 0.500000000 0.000000000 0.000000000 0.019126241 -0.999725386 0.013540264 1.896941786 0.999030820 0.018572467 -0.039905934 0.081647966 0.039643499 0.014290391 0.999111694 2.802999540
0.000000000 0.452684480 0.809372419 0.500000000 0.500000000 0.000000000 0.000000000 -0.001109141 -0.999994937 0.002982665 1.819492907 0.999824924 -0.001164654 -0.018675254 0.164044108 0.018678634 0.002961430 0.999821153 2.628105890
0.000000000 0.452684480 0.809372419 0.500000000 0.500000000 0.000000000 0.000000000 -0.013304654 -0.999905407 -0.003487720 1.772000451 0.999880994 -0.013276926 -0.007856338 0.211463824 0.007809289 -0.003591831 0.999963056 2.538856745
0.000000000 0.452684480 0.809372419 0.500000000 0.500000000 0.000000000 0.000000000 -0.042723281 -0.998794628 -0.024166337 1.713632131 0.998869463 -0.043206154 0.019824828 0.305106543 -0.020845066 -0.023292035 0.999511363 2.331277327
0.000000000 0.452684480 0.809372419 0.500000000 0.500000000 0.000000000 0.000000000 -0.061704599 -0.996999915 -0.046730198 1.694707298 0.997165155 -0.063599454 0.040208993 0.360246098 -0.043060378 -0.044116645 0.998097954 2.198482043
0.000000000 0.452684480 0.809372419 0.500000000 0.500000000 0.000000000 0.000000000 -0.081749035 -0.994318140 -0.068180148 1.641320948 0.994297869 -0.086064861 0.062964974 0.433181907 -0.068475131 -0.062644050 0.995684126 2.054280939
0.000000000 0.452684480 0.809372419 0.500000000 0.500000000 0.000000000 0.000000000 -0.098972526 -0.991249470 -0.087343735 1.580649317 0.991001153 -0.106134459 0.081560963 0.514931162 -0.090117441 -0.078485448 0.992833763 1.914920248
0.000000000 0.452684480 0.809372419 0.500000000 0.500000000 0.000000000 0.000000000 -0.113581039 -0.988215323 -0.102614922 1.522842785 0.987951548 -0.123267715 0.093577828 0.584790585 -0.105124151 -0.090749904 0.990309733 1.793042675
0.000000000 0.452684480 0.809372419 0.500000000 0.500000000 0.000000000 0.000000000 -0.132413172 -0.983482436 -0.123406040 1.449444583 0.982916741 -0.146342645 0.111617697 0.664154551 -0.127833611 -0.106518210 0.986059044 1.652298246
0.000000000 0.452684480 0.809372419 0.500000000 0.500000000 0.000000000 0.000000000 -0.149786003 -0.978848603 -0.139354103 1.381165029 0.978394252 -0.167057331 0.121805320 0.738430842 -0.142509091 -0.118098521 0.982722697 1.534002998
0.000000000 0.452684480 0.809372419 0.500000000 0.500000000 0.000000000 0.000000000 -0.168796162 -0.974346847 -0.148849176 1.301843338 0.973132746 -0.188733000 0.131880681 0.799214632 -0.156590278 -0.122589054 0.980026229 1.421305446
0.000000000 0.452684480 0.809372419 0.500000000 0.500000000 0.000000000 0.000000000 -0.187995357 -0.970515592 -0.150855000 1.240927655 0.967681045 -0.209309030 0.140652501 0.828863188 -0.168080760 -0.119537507 0.978498668 1.316842708
0.000000000 0.452684480 0.809372419 0.500000000 0.500000000 0.000000000 0.000000000 -0.204684307 -0.967593157 -0.147877708 1.205671788 0.962550498 -0.226407386 0.149118186 0.836638846 -0.177766342 -0.111817608 0.977699315 1.253451586
0.000000000 0.452684480 0.809372419 0.500000000 0.500000000 0.000000000 0.000000000 -0.222318690 -0.965425205 -0.136119700 1.173842798 0.957237374 -0.242645816 0.157542431 0.827644857 -0.185124309 -0.095274238 0.978085789 1.238456194
0.000000000 0.452684480 0.809372419 0.500000000 0.500000000 0.000000000 0.000000000 -0.242629711 -0.963124943 -0.116280558 1.129259700 0.950868943 -0.259860083 0.168288413 0.806983609 -0.192299443 -0.069735802 0.978855373 1.278973136
0.000000000 0.452684480 0.809372419 0.500000000 0.500000000 0.000000000 0.000000000 -0.265494638 -0.959619481 -0.092968005 1.087176922 0.942377143 -0.278659894 0.185132341 0.781101016 -0.203563055 -0.038459279 0.978306172 1.358284733
0.000000000 0.452684480 0.809372419 0.500000000 0.500000000 0.000000000 0.000000000 -0.287356205 -0.955345459 -0.068858300 1.054270048 0.933185812 -0.295440906 0.204643375 0.766993944 -0.215848678 -0.005452045 0.976411606 1.463174550
0.000000000 0.452684480 0.809372419 0.500000000 0.500000000 0.000000000 0.000000000 -0.309447158 -0.949992807 -0.041906128 1.037629774 0.923037082 -0.310675680 0.226899023 0.778131245 -0.228571654 0.031532348 0.973016295 1.590136942
0.000000000 0.452684480 0.809372419 0.500000000 0.500000000 0.000000000 0.000000000 -0.328891139 -0.944210946 -0.017213605 1.059739934 0.913247720 -0.322640970 0.248759735 0.833949286 -0.240435479 0.066094587 0.968412250 1.731859602
0.000000000 0.452684480 0.809372419 0.500000000 0.500000000 0.000000000 0.000000000 -0.348873077 -0.937131661 0.008475049 1.132896253 0.902055913 -0.333335458 0.274194460 0.961304293 -0.254131276 0.103304033 0.961636923 1.933372680
0.000000000 0.452684480 0.809372419 0.500000000 0.500000000 0.000000000 0.000000000 -0.366706612 -0.929877294 0.029231457 1.255083733 0.891469137 -0.342225894 0.296924596 1.117431010 -0.266099678 0.134943155 0.954453407 2.108835318
0.000000000 0.452684480 0.809372419 0.500000000 0.500000000 0.000000000 0.000000000 -0.382510433 -0.922478048 0.052153809 1.382010467 0.882947221 -0.348323175 0.314762086 1.272560171 -0.272194734 0.166448842 0.947736677 2.207938011
0.000000000 0.452684480 0.809372419 0.500000000 0.500000000 0.000000000 0.000000000 -0.402467145 -0.912812150 0.069239994 1.559723705 0.866362788 -0.355370592 0.350894944 1.471484922 -0.295695310 0.201210641 0.933851467 2.246349769
0.000000000 0.452684480 0.809372419 0.500000000 0.500000000 0.000000000 0.000000000 -0.407997098 -0.910244254 0.070666590 1.622730344 0.861365146 -0.358117855 0.360280013 1.540333222 -0.302635844 0.207862938 0.930163720 2.219010881
0.000000000 0.452684480 0.809372419 0.500000000 0.500000000 0.000000000 0.000000000 -0.417224328 -0.906455278 0.065289275 1.756148250 0.849429747 -0.363417699 0.382618193 1.692632927 -0.323099002 0.215096271 0.921596782 2.141843213
0.000000000 0.452684480 0.809372419 0.500000000 0.500000000 0.000000000 0.000000000 -0.423449510 -0.904134698 0.056841540 1.921579860 0.839653197 -0.368145513 0.399313649 1.861618244 -0.340107368 0.216816350 0.915050626 2.052447680
0.000000000 0.452684480 0.809372419 0.500000000 0.500000000 0.000000000 0.000000000 -0.426031775 -0.903298451 0.050485996 2.063245159 0.831896350 -0.369200497 0.414293924 2.002788449 -0.355591605 0.218501492 0.908741827 1.967904609
0.000000000 0.452684480 0.809372419 0.500000000 0.500000000 0.000000000 0.000000000 -0.425715799 -0.903763204 0.044476156 2.189694405 0.826164495 -0.368174224 0.426497324 2.128484598 -0.369077614 0.218311271 0.903394656 1.862846309
0.000000000 0.452684480 0.809372419 0.500000000 0.500000000 0.000000000 0.000000000 -0.422462781 -0.905652039 0.036326073 2.325465299 0.820735524 -0.365230254 0.439317723 2.249068547 -0.384601610 0.215409485 0.897596989 1.731470297
0.000000000 0.452684480 0.809372419 0.500000000 0.500000000 0.000000000 0.000000000 -0.417785892 -0.907939129 0.033188665 2.420114940 0.815957594 -0.358893888 0.453220015 2.324024555 -0.399584976 0.216429471 0.890780630 1.626025924
0.000000000 0.452684480 0.809372419 0.500000000 0.500000000 0.000000000 0.000000000 -0.413283452 -0.909998947 0.033146729 2.464776206 0.810527739 -0.351029822 0.468852694 2.371136760 -0.415019967 0.220635403 0.882654205 1.548478729
0.000000000 0.452684480 0.809372419 0.500000000 0.500000000 0.000000000 0.000000000 -0.407683570 -0.912697385 0.027885294 2.474414882 0.804277241 -0.344459759 0.484237125 2.434152332 -0.432356596 0.219843027 0.874492319 1.480021065
0.000000000 0.452684480 0.809372419 0.500000000 0.500000000 0.000000000 0.000000000 -0.404803195 -0.914140595 0.021939595 2.427983032 0.797597854 -0.341258211 0.497373599 2.515762010 -0.447182331 0.218837396 0.867258991 1.471921174
0.000000000 0.452684480 0.809372419 0.500000000 0.500000000 0.000000000 0.000000000 -0.403759798 -0.914783006 0.012250596 2.327230949 0.788593223 -0.341212407 0.511561162 2.621140304 -0.463787402 0.216208568 0.859159531 1.528834148
0.000000000 0.452684480 0.809372419 0.500000000 0.500000000 0.000000000 0.000000000 -0.405574901 -0.914061232 0.001031142 2.168970840 0.777640730 -0.344450915 0.525954809 2.735104358 -0.480399723 0.214115928 0.850511890 1.625014691
0.000000000 0.452684480 0.809372419 0.500000000 0.500000000 0.000000000 0.000000000 -0.410279671 -0.911864149 -0.013204789 1.957170439 0.765009959 -0.352014486 0.539300996 2.847036689 -0.496417521 0.211162440 0.842009542 1.702417540
0.000000000 0.452684480 0.809372419 0.500000000 0.500000000 0.000000000 0.000000000 -0.416723431 -0.908733305 -0.023353014 1.815568532 0.749268373 -0.357916261 0.557218858 2.914451526 -0.514721758 0.214708480 0.830037217 1.731534594
0.000000000 0.452684480 0.809372419 0.500000000 0.500000000 0.000000000 0.000000000 -0.422418604 -0.905918841 -0.029556334 1.725195558 0.736580989 -0.362096213 0.571257193 2.959661850 -0.528214890 0.219539032 0.820238772 1.728238669
0.000000000 0.452684480 0.809372419 0.500000000 0.500000000 0.000000000 0.000000000 -0.440268984 -0.896430605 -0.050748318 1.519818636 0.700571536 -0.378327605 0.605035327 3.105023457 -0.561571674 0.230825461 0.794579676 1.725295428
0.000000000 0.452684480 0.809372419 0.500000000 0.500000000 0.000000000 0.000000000 -0.456174822 -0.887912769 -0.059291193 1.377239932 0.676098276 -0.389132726 0.625673112 3.240167821 -0.578615289 0.245329647 0.777828845 1.726999560
0.000000000 0.452684480 0.809372419 0.500000000 0.500000000 0.000000000 0.000000000 -0.472951171 -0.878133883 -0.072097666 1.248862787 0.639929914 -0.398597114 0.656970354 3.383192554 -0.605645849 0.264577445 0.750461112 1.718597727
0.000000000 0.452684480 0.809372419 0.500000000 0.500000000 0.000000000 0.000000000 -0.490514252 -0.867274635 -0.085032206 1.154941184 0.604674607 -0.409000474 0.683437804 3.565317167 -0.627506484 0.283819167 0.725039511 1.674736642
0.000000000 0.452684480 0.809372419 0.500000000 0.500000000 0.000000000 0.000000000 -0.505956441 -0.856875861 -0.098852608 1.092661545 0.573304922 -0.419697459 0.703687082 3.742409159 -0.644460663 0.299362325 0.703599782 1.611897198
0.000000000 0.452684480 0.809372419 0.500000000 0.500000000 0.000000000 0.000000000 -0.523343920 -0.844344274 -0.114864657 1.013362257 0.537432583 -0.431667411 0.724451147 3.903950612 -0.661269507 0.317405093 0.679688639 1.538825548
0.000000000 0.452684480 0.809372419 0.500000000 0.500000000 0.000000000 0.000000000 -0.537646440 -0.832906370 -0.131161290 0.945536715 0.506296077 -0.443300332 0.739695274 3.996525886 -0.674240749 0.331288084 0.660036073 1.473482666
0.000000000 0.452684480 0.809372419 0.500000000 0.500000000 0.000000000 0.000000000 -0.551363638 -0.820224846 -0.152411746 0.875568403 0.474265653 -0.458463937 0.751586927 4.019039389 -0.686345561 0.342114046 0.641784816 1.385669696
0.000000000 0.452684480 0.809372419 0.500000000 0.500000000 0.000000000 0.000000000 -0.561282427 -0.809267394 -0.173344519 0.814847396 0.448478199 -0.473436265 0.758106462 4.005740626 -0.695578422 0.347770597 0.628670240 1.279071533
0.000000000 0.452684480 0.809372419 0.500000000 0.500000000 0.000000000 0.000000000 -0.573217221 -0.794149104 -0.201864359 0.721007985 0.414925532 -0.493752349 0.764228644 3.941259496 -0.706582494 0.354310343 0.612540089 1.087813743
0.000000000 0.452684480 0.809372419 0.500000000 0.500000000 0.000000000 0.000000000 -0.580528888 -0.782820001 -0.224006820 0.640664778 0.391297347 -0.509479401 0.766366183 3.873484785 -0.714053637 0.357244434 0.602082900 0.939211229
0.000000000 0.452684480 0.809372419 0.500000000 0.500000000 0.000000000 0.000000000 -0.585536724 -0.771049735 -0.250257969 0.579038804 0.366899223 -0.527354460 0.766343418 3.831024721 -0.722863545 0.356902760 0.591682952 0.839349161
0.000000000 0.452684480 0.809372419 0.500000000 0.500000000 0.000000000 0.000000000 -0.591968250 -0.758476478 -0.272556458 0.507040868 0.341580270 -0.542406677 0.767540172 3.775109444 -0.729997610 0.361259504 0.580168131 0.715629982
0.000000000 0.452684480 0.809372419 0.500000000 0.500000000 0.000000000 0.000000000 -0.596020211 -0.747481420 -0.293311159 0.455387350 0.319602287 -0.555939060 0.767324012 3.706944143 -0.736623572 0.363597702 0.570247687 0.564370270
0.000000000 0.452684480 0.809372419 0.500000000 0.500000000 0.000000000 0.000000000 -0.597661181 -0.738304536 -0.312582030 0.416945292 0.299820719 -0.567402387 0.766917250 3.641881236 -0.743578274 0.364638100 0.560473377 0.409053061
0.000000000 0.452684480 0.809372419 0.500000000 0.500000000 0.000000000 0.000000000 -0.596839522 -0.728317366 -0.336654719 0.337196095 0.267690216 -0.576287499 0.772162332 3.530891879 -0.756389141 0.370737822 0.538914588 0.211695946
0.000000000 0.452684480 0.809372419 0.500000000 0.500000000 0.000000000 0.000000000 -0.596811161 -0.719449617 -0.355258620 0.288659175 0.244324252 -0.584675189 0.773602342 3.409864337 -0.764278809 0.374896215 0.524719668 0.000930131
0.000000000 0.452684480 0.809372419 0.500000000 0.500000000 0.000000000 0.000000000 -0.599698492 -0.709344941 -0.370393673 0.263837301 0.228656254 -0.595460010 0.770158227 3.282539271 -0.766862462 0.377169898 0.519292627 -0.200761101
0.000000000 0.452684480 0.809372419 0.500000000 0.500000000 0.000000000 0.000000000 -0.602746908 -0.699014848 -0.384804376 0.251570999 0.213441169 -0.605921643 0.766356203 3.180289942 -0.768855664 0.379785736 0.514415943 -0.359199944
0.000000000 0.452684480 0.809372419 0.500000000 0.500000000 0.000000000 0.000000000 -0.605344672 -0.689931023 -0.396929480 0.251260949 0.198743448 -0.613896082 0.763958535 3.100766815 -0.770752146 0.383571095 0.508737992 -0.464402056
0.000000000 0.452684480 0.809372419 0.500000000 0.500000000 0.000000000 0.000000000 -0.610599992 -0.680533629 -0.405020530 0.261956327 0.184201208 -0.619445866 0.763123013 3.014921732 -0.770219167 0.391357635 0.503588758 -0.558840254
0.000000000 0.452684480 0.809372419 0.500000000 0.500000000 0.000000000 0.000000000 -0.615898919 -0.674120551 -0.407713139 0.278224055 0.173284941 -0.620760713 0.764610009 2.956770265 -0.768531620 0.400271931 0.499140792 -0.625642305
0.000000000 0.452684480 0.809372419 0.500000000 0.500000000 0.000000000 0.000000000 -0.620305559 -0.671835954 -0.404793113 0.295603913 0.162343376 -0.614874974 0.771734018 2.920412169 -0.767375815 0.412995421 0.490478482 -0.668573540
