0.000000000 0.444408579 0.791903845 0.500000000 0.500000000 0.000000000 0.000000000 -0.096800764 -0.981474289 -0.165341561 0.555247368 0.926630052 -0.149506168 0.344970509 1.332324228 -0.363299268 -0.119817051 0.923935883 4.127801662
0.000000000 0.444408579 0.791903845 0.500000000 0.500000000 0.000000000 0.000000000 -0.091387277 -0.981342425 -0.169160899 0.560052357 0.929999717 -0.144838412 0.337820011 1.276091700 -0.356018105 -0.126447137 0.925884566 4.144080334
0.000000000 0.444408579 0.791903845 0.500000000 0.500000000 0.000000000 0.000000000 -0.087193834 -0.982563986 -0.164210987 0.561954827 0.941497325 -0.135147068 0.308736226 1.161516224 -0.325545730 -0.127684310 0.936865356 4.143818320
0.000000000 0.444408579 0.791903845 0.500000000 0.500000000 0.000000000 0.000000000 -0.085380511 -0.981310701 -0.172451374 0.582628418 0.947397529 -0.133545541 0.290866824 1.043313645 -0.308460839 -0.138545647 0.941093520 4.138322371
0.000000000 0.444408579 0.791903845 0.500000000 0.500000000 0.000000000 0.000000000 -0.084816180 -0.978594880 -0.187505405 0.626118516 0.950135799 -0.136107722 0.280564878 0.898782741 -0.300080287 -0.154359156 0.941342165 4.128576345
0.000000000 0.444408579 0.791903845 0.500000000 0.500000000 0.000000000 0.000000000 -0.086896057 -0.978000422 -0.189642426 0.642305245 0.952506090 -0.137333839 0.271793239 0.731810132 -0.291858225 -0.157017805 0.943485127 4.087048831
0.000000000 0.444408579 0.791903845 0.500000000 0.500000000 0.000000000 0.000000000 -0.091110549 -0.977140699 -0.192080509 0.646990455 0.957771595 -0.138803421 0.251807827 0.540937739 -0.272713108 -0.161026906 0.948524062 4.013952627
0.000000000 0.444408579 0.791903845 0.500000000 0.500000000 0.000000000 0.000000000 -0.096385856 -0.973403422 -0.207835379 0.641152632 0.965496766 -0.142185827 0.218172376 0.362975649 -0.241920983 -0.179635655 0.953522559 3.940033348
0.000000000 0.444408579 0.791903845 0.500000000 0.500000000 0.000000000 0.000000000 -0.097726872 -0.970593128 -0.219996452 0.648907392 0.971719432 -0.140807293 0.189564376 0.181896202 -0.214966985 -0.195249294 0.956904859 3.908267558
0.000000000 0.444408579 0.791903845 0.500000000 0.500000000 0.000000000 0.000000000 -0.096048006 -0.969222738 -0.226676124 0.676104979 0.981493302 -0.130122333 0.140495825 -0.020522253 -0.165667374 -0.208986753 0.963783616 3.896163590
0.000000000 0.444408579 0.791903845 0.500000000 0.500000000 0.000000000 0.000000000 -0.089263674 -0.969003312 -0.230357500 0.698078294 0.990158557 -0.111362414 0.084761109 -0.238825328 -0.107786963 -0.220524362 0.969407539 3.894807488
0.000000000 0.444408579 0.791903845 0.500000000 0.500000000 0.000000000 0.000000000 -0.080849759 -0.967593485 -0.239219907 0.688182934 0.995963083 -0.087817051 0.018593064 -0.471874547 -0.038998115 -0.236750951 0.970787378 3.893166154
0.000000000 0.444408579 0.791903845 0.500000000 0.500000000 0.000000000 0.000000000 -0.069265736 -0.967331402 -0.243869262 0.677342506 0.997420459 -0.062537310 -0.035235100 -0.664343622 0.018833091 -0.245680776 0.969167824 3.874566187
0.000000000 0.444408579 0.791903845 0.500000000 0.500000000 0.000000000 0.000000000 -0.057534037 -0.967022204 -0.248108630 0.688533470 0.994714830 -0.034356567 -0.096757604 -0.846094394 0.085042590 -0.252364189 0.963887999 3.804645374
0.000000000 0.444408579 0.791903845 0.500000000 0.500000000 0.000000000 0.000000000 -0.044852422 -0.965905518 -0.254979981 0.695247169 0.987090864 -0.003567259 -0.160121516 -1.047347495 0.153752676 -0.258870248 0.953596513 3.668766518
0.000000000 0.444408579 0.791903845 0.500000000 0.500000000 0.000000000 0.000000000 -0.035314181 -0.963590529 -0.265040000 0.675491631 0.975027546 0.024964710 -0.220676341 -1.240489194 0.219258279 -0.266214305 0.938645701 3.524204894
0.000000000 0.444408579 0.791903845 0.500000000 0.500000000 0.000000000 0.000000000 -0.027839183 -0.962040861 -0.271481789 0.642139482 0.958392282 0.051498094 -0.280770690 -1.425750101 0.284093671 -0.268002478 0.920578871 3.405777647
0.000000000 0.444408579 0.791903845 0.500000000 0.500000000 0.000000000 0.000000000 -0.024462223 -0.959468558 -0.280752000 0.655445070 0.934814361 0.077574181 -0.346560755 -1.612497194 0.354293254 -0.270928649 0.895027350 3.316256991
0.000000000 0.444408579 0.791903845 0.500000000 0.500000000 0.000000000 0.000000000 -0.019052403 -0.955401397 -0.294695056 0.664157615 0.908283098 0.106665076 -0.404529820 -1.846025090 0.417922026 -0.275373803 0.865742715 3.257184674
0.000000000 0.444408579 0.791903845 0.500000000 0.500000000 0.000000000 0.000000000 -0.018671916 -0.950973141 -0.308709322 0.652260286 0.881945256 0.129781489 -0.453132795 -2.045866960 0.470981872 -0.280725580 0.836282981 3.204026251
0.000000000 0.444408579 0.791903845 0.500000000 0.500000000 0.000000000 0.000000000 -0.016973211 -0.946190047 -0.323166064 0.641050081 0.846239609 0.158551469 -0.508664875 -2.312994499 0.532532097 -0.282109600 0.798012368 3.116176835
0.000000000 0.444408579 0.791903845 0.500000000 0.500000000 0.000000000 0.000000000 -0.016603941 -0.944666673 -0.327611334 0.646486734 0.828829320 0.170264905 -0.532965122 -2.419219009 0.559255101 -0.280383200 0.780140367 3.052081158
0.000000000 0.444408579 0.791903845 0.500000000 0.500000000 0.000000000 0.000000000 -0.018679343 -0.942943501 -0.332428393 0.656884114 0.800996839 0.184873631 -0.569408293 -2.594231258 0.598377093 -0.276910266 0.751841446 2.889751968
0.000000000 0.444408579 0.791903845 0.500000000 0.500000000 0.000000000 0.000000000 -0.022575082 -0.941261160 -0.336924018 0.643086618 0.776640980 0.195703612 -0.598772815 -2.747218693 0.629538842 -0.275186345 0.726603965 2.701129880
0.000000000 0.444408579 0.791903845 0.500000000 0.500000000 0.000000000 0.000000000 -0.024363813 -0.943801267 -0.329614281 0.606420313 0.758097112 0.197490238 -0.621519409 -2.902582783 0.651686408 -0.265022217 0.710681399 2.539089060
0.000000000 0.444408579 0.791903845 0.500000000 0.500000000 0.000000000 0.000000000 -0.029279260 -0.948690397 -0.314847988 0.600807512 0.727512287 0.195778492 -0.657568745 -3.049471796 0.685469618 -0.248308906 0.684451671 2.384638115
0.000000000 0.444408579 0.791903845 0.500000000 0.500000000 0.000000000 0.000000000 -0.034013905 -0.950432015 -0.309066399 0.621626154 0.690513839 0.201216274 -0.694768054 -3.194417036 0.722518991 -0.237046400 0.649442309 2.235585577
0.000000000 0.444408579 0.791903845 0.500000000 0.500000000 0.000000000 0.000000000 -0.038471438 -0.950705773 -0.307698688 0.592025252 0.643342397 0.212053498 -0.735624819 -3.348688655 0.764611345 -0.226256156 0.603471327 2.084437026
0.000000000 0.444408579 0.791903845 0.500000000 0.500000000 0.000000000 0.000000000 -0.038654855 -0.950102956 -0.309532188 0.538224441 0.597430069 0.226328736 -0.769319580 -3.492583167 0.800988835 -0.214661773 0.558871371 1.949808170
0.000000000 0.444408579 0.791903845 0.500000000 0.500000000 0.000000000 0.000000000 -0.036306063 -0.949369449 -0.312056917 0.524484898 0.550329628 0.241654543 -0.799212351 -3.585263405 0.834157761 -0.200750421 0.513692611 1.815598993
0.000000000 0.444408579 0.791903845 0.500000000 0.500000000 0.000000000 0.000000000 -0.031426440 -0.947852434 -0.317156337 0.543824581 0.503824927 0.259028184 -0.824053908 -3.674499462 0.863233932 -0.185688349 0.469411349 1.642429456
0.000000000 0.444408579 0.791903845 0.500000000 0.500000000 0.000000000 0.000000000 -0.023469501 -0.945329159 -0.325272138 0.550508852 0.457859177 0.279069661 -0.844088324 -3.773279548 0.888714890 -0.168739165 0.426278005 1.428752520
0.000000000 0.444408579 0.791903845 0.500000000 0.500000000 0.000000000 0.000000000 -0.012918394 -0.941240520 -0.337489850 0.523017305 0.411693570 0.302575720 -0.859625697 -3.869652347 0.911230772 -0.150047384 0.383593877 1.227576872
0.000000000 0.444408579 0.791903845 0.500000000 0.500000000 0.000000000 0.000000000 0.001202279 -0.939247216 -0.343239308 0.517412488 0.370781787 0.319192110 -0.872145208 -3.956750669 0.928719237 -0.126218322 0.348639519 1.070771975
0.000000000 0.444408579 0.791903845 0.500000000 0.500000000 0.000000000 0.000000000 0.016441159 -0.930011806 -0.367161720 0.533602777 0.331528611 0.351508593 -0.875517270 -4.041546625 0.943301897 -0.107330096 0.314104731 0.909614981
0.000000000 0.444408579 0.791903845 0.500000000 0.500000000 0.000000000 0.000000000 0.029273083 -0.921981404 -0.386126116 0.526279936 0.284331648 0.378014360 -0.881056558 -4.136173132 0.958278978 -0.083996633 0.273214138 0.741714003
0.000000000 0.444408579 0.791903845 0.500000000 0.500000000 0.000000000 0.000000000 0.035030265 -0.916067515 -0.399491162 0.503150805 0.222668489 0.396842545 -0.890468831 -4.235675819 0.974264658 -0.057760734 0.217880868 0.589842669
0.000000000 0.444408579 0.791903845 0.500000000 0.500000000 0.000000000 0.000000000 0.044918939 -0.910791642 -0.410415490 0.487001610 0.177884063 0.411556938 -0.893855775 -4.327526292 0.983025711 -0.032855322 0.180502019 0.465264111
0.000000000 0.444408579 0.791903845 0.500000000 0.500000000 0.000000000 0.000000000 0.049559150 -0.906489123 -0.419310579 0.495383293 0.135226425 0.422050686 -0.896430160 -4.392421095 0.989574507 -0.012275554 0.143497757 0.353824256
0.000000000 0.444408579 0.791903845 0.500000000 0.500000000 0.000000000 0.000000000 0.046888000 -0.902500502 -0.428128906 0.494366273 0.074304588 0.430564094 -0.899496186 -4.421175560 0.996132694 0.010363636 0.087248217 0.195311496
0.000000000 0.444408579 0.791903845 0.500000000 0.500000000 0.000000000 0.000000000 0.041566088 -0.896054864 -0.441993146 0.477657335 0.014645859 0.442874372 -0.896464048 -4.413609392 0.999028408 0.030789134 0.031532048 -0.002086357
0.000000000 0.444408579 0.791903845 0.500000000 0.500000000 0.000000000 0.000000000 0.035420791 -0.890790459 -0.453031705 0.455786891 -0.041318371 0.451623227 -0.891251509 -4.396191763 0.998517982 0.050287366 -0.020809159 -0.171617644
0.000000000 0.444408579 0.791903845 0.500000000 0.500000000 0.000000000 0.000000000 0.030055852 -0.886759632 -0.461252643 0.445460131 -0.105601012 0.456061503 -0.883660756 -4.385037677 0.993954261 0.075267922 -0.079935397 -0.329366329
0.000000000 0.444408579 0.791903845 0.500000000 0.500000000 0.000000000 0.000000000 0.022539324 -0.881778165 -0.471125511 0.454800673 -0.181826042 0.459770307 -0.869224111 -4.367861842 0.983072362 0.105254611 -0.149967321 -0.457114733
0.000000000 0.444408579 0.791903845 0.500000000 0.500000000 0.000000000 0.000000000 0.016756827 -0.876252921 -0.481559994 0.455220146 -0.272772289 0.459352104 -0.845334799 -4.339118718 0.961932683 0.145521351 -0.231320231 -0.597296738
0.000000000 0.444408579 0.791903845 0.500000000 0.500000000 0.000000000 0.000000000 0.013262410 -0.871578409 -0.490076714 0.437754965 -0.347139651 0.455622045 -0.819696660 -4.311100249 0.937719666 0.180996213 -0.296516778 -0.730566625
0.000000000 0.444408579 0.791903845 0.500000000 0.500000000 0.000000000 0.000000000 0.013308428 -0.867658876 -0.496981851 0.410096734 -0.418304456 0.446612443 -0.790922694 -4.286601728 0.908209374 0.218415661 -0.357001864 -0.909793088
0.000000000 0.444408579 0.791903845 0.500000000 0.500000000 0.000000000 0.000000000 0.017527044 -0.864938364 -0.501571959 0.373775645 -0.474843780 0.434265799 -0.765464957 -4.257102263 0.879895555 0.251584663 -0.403099206 -1.052826303
0.000000000 0.444408579 0.791903845 0.500000000 0.500000000 0.000000000 0.000000000 0.020692938 -0.864486727 -0.502229530 0.333561685 -0.534813569 0.414852137 -0.736119658 -4.177504559 0.844716668 0.283831645 -0.453754723 -1.163355336
0.000000000 0.444408579 0.791903845 0.500000000 0.500000000 0.000000000 0.000000000 0.022704372 -0.861834658 -0.506680899 0.334550374 -0.576507696 0.402771767 -0.710924595 -4.069354282 0.816776216 0.308246534 -0.487709634 -1.248460144
0.000000000 0.444408579 0.791903845 0.500000000 0.500000000 0.000000000 0.000000000 0.028630470 -0.854859569 -0.518068928 0.318329802 -0.610681708 0.395355828 -0.686120704 -3.898886663 0.791358419 0.336019176 -0.510727878 -1.384034695
0.000000000 0.444408579 0.791903845 0.500000000 0.500000000 0.000000000 0.000000000 0.032351174 -0.849694389 -0.526282097 0.278329643 -0.638996703 0.387303201 -0.664589681 -3.715435179 0.768528864 0.357792782 -0.530422200 -1.500647700
0.000000000 0.444408579 0.791903845 0.500000000 0.500000000 0.000000000 0.000000000 0.032788426 -0.847917052 -0.529113969 0.263383777 -0.666253619 0.376073265 -0.643952649 -3.578027745 0.745004050 0.373638290 -0.552596954 -1.585062431
0.000000000 0.444408579 0.791903845 0.500000000 0.500000000 0.000000000 0.000000000 0.029156241 -0.843348493 -0.536575468 0.271637162 -0.692145667 0.370257100 -0.619551495 -3.490802606 0.721168696 0.389452178 -0.572924700 -1.639047797
0.000000000 0.444408579 0.791903845 0.500000000 0.500000000 0.000000000 0.000000000 0.029716466 -0.838089287 -0.544723121 0.270496034 -0.724896936 0.357148999 -0.589040766 -3.360154502 0.688216073 0.412372331 -0.596915151 -1.736906515
0.000000000 0.444408579 0.791903845 0.500000000 0.500000000 0.000000000 0.000000000 0.027792113 -0.835212624 -0.549224427 0.235292127 -0.754932842 0.342599834 -0.559197424 -3.227718719 0.655212945 0.430168835 -0.621007866 -1.840935105
0.000000000 0.444408579 0.791903845 0.500000000 0.500000000 0.000000000 0.000000000 0.027573820 -0.833752492 -0.551449424 0.199777271 -0.775910248 0.329958606 -0.537671465 -3.110596975 0.630240407 0.442700916 -0.637818884 -1.958938468
0.000000000 0.444408579 0.791903845 0.500000000 0.500000000 0.000000000 0.000000000 0.028010705 -0.834180532 -0.550779665 0.177193418 -0.796485738 0.314311353 -0.516545102 -2.995886804 0.604008170 0.453156941 -0.655608814 -2.077811040
0.000000000 0.444408579 0.791903845 0.500000000 0.500000000 0.000000000 0.000000000 0.029774021 -0.838046483 -0.544785830 0.171144007 -0.811582095 0.297884681 -0.502592499 -2.881106827 0.583479229 0.457102625 -0.671274295 -2.168120453
0.000000000 0.444408579 0.791903845 0.500000000 0.500000000 0.000000000 0.000000000 0.030663695 -0.842383866 -0.538004796 0.157027147 -0.824294775 0.283124362 -0.490284325 -2.738620515 0.565329869 0.458508471 -0.685690981 -2.230539431
0.000000000 0.444408579 0.791903845 0.500000000 0.500000000 0.000000000 0.000000000 0.029775072 -0.843135503 -0.536876121 0.137866924 -0.839213366 0.270688516 -0.471644626 -2.527175632 0.542986530 0.464596869 -0.699510813 -2.293459577
0.000000000 0.444408579 0.791903845 0.500000000 0.500000000 0.000000000 0.000000000 0.028288109 -0.846397024 -0.531800583 0.107389901 -0.852576177 0.257305808 -0.454870952 -2.355103445 0.521836799 0.466267947 -0.714339244 -2.343260502
0.000000000 0.444408579 0.791903845 0.500000000 0.500000000 0.000000000 0.000000000 0.026731287 -0.850336108 -0.525560597 0.093745609 -0.869330867 0.239778842 -0.432168890 -2.191050867 0.493507124 0.468438480 -0.732813830 -2.417332365
0.000000000 0.444408579 0.791903845 0.500000000 0.500000000 0.000000000 0.000000000 0.025490254 -0.854355675 -0.519063222 0.074061671 -0.885816821 0.221352602 -0.407837695 -2.080785156 0.463334443 0.470190819 -0.751160294 -2.493794723
0.000000000 0.444408579 0.791903845 0.500000000 0.500000000 0.000000000 0.000000000 0.021232586 -0.860349447 -0.509262217 0.062074239 -0.904110521 0.200913047 -0.377118168 -1.976094581 0.426770831 0.468436523 -0.773585084 -2.594407857
0.000000000 0.444408579 0.791903845 0.500000000 0.500000000 0.000000000 0.000000000 0.012568067 -0.865808767 -0.500217175 0.048158162 -0.922565808 0.182891214 -0.339739804 -1.851882318 0.385635027 0.465753135 -0.796466975 -2.717046057
0.000000000 0.444408579 0.791903845 0.500000000 0.500000000 0.000000000 0.000000000 0.004806094 -0.869975930 -0.493070768 0.008586473 -0.937378479 0.167810877 -0.305223028 -1.738013219 0.348279326 0.463660857 -0.814690199 -2.839850745
0.000000000 0.444408579 0.791903845 0.500000000 0.500000000 0.000000000 0.000000000 0.000511625 -0.875125787 -0.483895231 -0.022764688 -0.947223857 0.154699420 -0.280775809 -1.662551569 0.320572462 0.458500759 -0.828860875 -2.935045788
0.000000000 0.444408579 0.791903845 0.500000000 0.500000000 0.000000000 0.000000000 -0.003462208 -0.883069888 -0.469228714 -0.029160176 -0.956425626 0.139919746 -0.256266436 -1.580216842 0.291955536 0.447895119 -0.845075102 -3.024187017
0.000000000 0.444408579 0.791903845 0.500000000 0.500000000 0.000000000 0.000000000 -0.006745827 -0.888766737 -0.458310136 -0.035089874 -0.962815558 0.129556695 -0.237068058 -1.491646114 0.270075351 0.439668909 -0.856592409 -3.087886061
0.000000000 0.444408579 0.791903845 0.500000000 0.500000000 0.000000000 0.000000000 -0.009482478 -0.892751291 -0.450450013 -0.044588105 -0.967617380 0.121825316 -0.221077357 -1.375431974 0.252243311 0.433766900 -0.864996872 -3.151785589
0.000000000 0.444408579 0.791903845 0.500000000 0.500000000 0.000000000 0.000000000 -0.010006311 -0.895018995 -0.445915769 -0.069938030 -0.971982870 0.113434521 -0.205868674 -1.197297263 0.234838615 0.431362503 -0.871078192 -3.250388375
0.000000000 0.444408579 0.791903845 0.500000000 0.500000000 0.000000000 0.000000000 -0.014018423 -0.892115423 -0.451590031 -0.104741060 -0.978384190 0.105428407 -0.177902299 -1.010179212 0.206319803 0.439334637 -0.874309565 -3.355420147
0.000000000 0.444408579 0.791903845 0.500000000 0.500000000 0.000000000 0.000000000 -0.014663322 -0.891597869 -0.452590574 -0.124461483 -0.983735327 0.093906167 -0.153122300 -0.878017223 0.179024563 0.442984054 -0.878473297 -3.448575705
0.000000000 0.444408579 0.791903845 0.500000000 0.500000000 0.000000000 0.000000000 -0.015999755 -0.892692248 -0.450382680 -0.118968702 -0.989781181 0.077973437 -0.119387420 -0.766902871 0.141694110 0.443870132 -0.884817543 -3.528752034
0.000000000 0.444408579 0.791903845 0.500000000 0.500000000 0.000000000 0.000000000 -0.018754606 -0.891947098 -0.451750639 -0.131513886 -0.995513590 0.058569630 -0.074312117 -0.618441547 0.092741345 0.448330205 -0.889043908 -3.610740178
0.000000000 0.444408579 0.791903845 0.500000000 0.500000000 0.000000000 0.000000000 -0.021902041 -0.890450465 -0.454552824 -0.155498734 -0.998478240 0.042498908 -0.035143245 -0.490894708 0.050611318 0.453091395 -0.890026226 -3.684186725
0.000000000 0.444408579 0.791903845 0.500000000 0.500000000 0.000000000 0.000000000 -0.021396754 -0.888524712 -0.458329592 -0.177959136 -0.999769896 0.019716256 0.008451232 -0.304310099 0.001527415 0.458404957 -0.888742123 -3.796735242
0.000000000 0.444408579 0.791903845 0.500000000 0.500000000 0.000000000 0.000000000 -0.018261145 -0.887505638 -0.460434875 -0.215903861 -0.999084050 -0.001626762 0.042759965 -0.157548090 -0.038698728 0.460793985 -0.886663020 -3.883263760
0.000000000 0.444408579 0.791903845 0.500000000 0.500000000 0.000000000 0.000000000 -0.015598523 -0.885731615 -0.463935547 -0.215174468 -0.996688182 -0.023261189 0.077920381 -0.009296366 -0.079808238 0.463614520 -0.882435393 -3.937170643
0.000000000 0.444408579 0.791903845 0.500000000 0.500000000 0.000000000 0.000000000 -0.016030317 -0.884539771 -0.466189256 -0.190449622 -0.991934482 -0.044562153 0.118660009 0.164905818 -0.125733894 0.464331355 -0.876691154 -3.943645412
