0.000000000 0.449188510 0.797828320 0.500000000 0.500000000 0.000000000 0.000000000 0.017158616 -0.995274823 -0.095569912 0.017141938 0.992303097 0.028675065 -0.120467024 -0.346206626 0.122638269 -0.092767272 0.988106314 5.430133128
0.000000000 0.449188510 0.797828320 0.500000000 0.500000000 0.000000000 0.000000000 0.021113769 -0.995065277 -0.096950002 0.023675467 0.990480164 0.034012519 -0.133387382 -0.442304738 0.136026666 -0.093210743 0.986310551 5.347050046
0.000000000 0.449188510 0.797828320 0.500000000 0.500000000 0.000000000 0.000000000 0.027565605 -0.995738845 -0.088001647 0.022891184 0.988727206 0.040120307 -0.144252806 -0.514063556 0.147168776 -0.083033207 0.985620027 5.251993133
0.000000000 0.449188510 0.797828320 0.500000000 0.500000000 0.000000000 0.000000000 0.030760865 -0.995892033 -0.085163536 0.011201218 0.985446246 0.044468450 -0.164067831 -0.558666232 0.167180936 -0.078877218 0.982765953 5.171397075
0.000000000 0.449188510 0.797828320 0.500000000 0.500000000 0.000000000 0.000000000 0.036364260 -0.995512263 -0.087366896 0.001106176 0.980807344 0.052311304 -0.187830993 -0.632451534 0.191558333 -0.078859758 0.978308000 5.068319387
0.000000000 0.449188510 0.797828320 0.500000000 0.500000000 0.000000000 0.000000000 0.040633386 -0.995507699 -0.085518124 0.003945048 0.976399330 0.057731278 -0.208114025 -0.711247386 0.212116185 -0.075043461 0.974358868 4.979321160
0.000000000 0.449188510 0.797828320 0.500000000 0.500000000 0.000000000 0.000000000 0.042456491 -0.995132216 -0.088934353 -0.003045488 0.968283548 0.062920665 -0.241801492 -0.822109287 0.246220263 -0.075847628 0.966241543 4.882824858
0.000000000 0.449188510 0.797828320 0.500000000 0.500000000 0.000000000 0.000000000 0.044953959 -0.995247197 -0.086383789 -0.025763017 0.961642193 0.066533923 -0.266115632 -0.936291969 0.270598289 -0.071107345 0.960062660 4.791207725
0.000000000 0.449188510 0.797828320 0.500000000 0.500000000 0.000000000 0.000000000 0.046244469 -0.995660861 -0.080752081 -0.036928763 0.955302570 0.067709408 -0.287771498 -1.036323633 0.291990493 -0.063834831 0.954288566 4.701512106
0.000000000 0.449188510 0.797828320 0.500000000 0.500000000 0.000000000 0.000000000 0.045008075 -0.995929969 -0.078088225 -0.029620853 0.949102501 0.067022018 -0.307753948 -1.093139949 0.311735010 -0.060262317 0.948256156 4.623851631
0.000000000 0.449188510 0.797828320 0.500000000 0.500000000 0.000000000 0.000000000 0.042361116 -0.996584862 -0.070881229 -0.031175959 0.942029067 0.063475591 -0.329472435 -1.150084091 0.332846469 -0.052815358 0.941500805 4.517478526
0.000000000 0.449188510 0.797828320 0.500000000 0.500000000 0.000000000 0.000000000 0.038314154 -0.997765469 -0.054736584 -0.052494546 0.937258527 0.054878093 -0.344288902 -1.222813075 0.346523417 -0.038111193 0.937266802 4.403536029
0.000000000 0.449188510 0.797828320 0.500000000 0.500000000 0.000000000 0.000000000 0.034767910 -0.997984308 -0.053089675 -0.058928579 0.931311553 0.051625103 -0.360546307 -1.270039847 0.362560317 -0.036907586 0.931229213 4.356726682
0.000000000 0.449188510 0.797828320 0.500000000 0.500000000 0.000000000 0.000000000 0.026888245 -0.998606352 -0.045413384 -0.056215841 0.917945683 0.042652724 -0.394406476 -1.407722434 0.395793816 -0.031082122 0.917813247 4.252391805
0.000000000 0.449188510 0.797828320 0.500000000 0.500000000 0.000000000 0.000000000 0.021646347 -0.998563246 -0.049019167 -0.076520964 0.911277972 0.039873963 -0.409856712 -1.524552713 0.411222437 -0.035798186 0.910831816 4.189203844
0.000000000 0.449188510 0.797828320 0.500000000 0.500000000 0.000000000 0.000000000 0.017555312 -0.998368144 -0.054340234 -0.097913189 0.907689850 0.038704167 -0.417852993 -1.677441289 0.419274310 -0.041988539 0.906888094 4.099521898
0.000000000 0.449188510 0.797828320 0.500000000 0.500000000 0.000000000 0.000000000 0.016067246 -0.997934633 -0.062195753 -0.100087730 0.901695542 0.041341614 -0.430390545 -1.762207736 0.432072903 -0.049166442 0.900497456 4.026804743
0.000000000 0.449188510 0.797828320 0.500000000 0.500000000 0.000000000 0.000000000 0.016594626 -0.997778286 -0.064522164 -0.088381338 0.892048881 0.043922838 -0.449799487 -1.865499714 0.451634158 -0.050092669 0.890795887 3.891853114
0.000000000 0.449188510 0.797828320 0.500000000 0.500000000 0.000000000 0.000000000 0.016787260 -0.997089031 -0.074375082 -0.098298625 0.885083314 0.049422866 -0.462801153 -1.924178495 0.465129783 -0.058058981 0.883336538 3.804548896
0.000000000 0.449188510 0.797828320 0.500000000 0.500000000 0.000000000 0.000000000 0.019582632 -0.997074589 -0.073883593 -0.113256238 0.878313015 0.052462552 -0.475198830 -2.015558155 0.477684800 -0.055587278 0.876770943 3.685016012
0.000000000 0.449188510 0.797828320 0.500000000 0.500000000 0.000000000 0.000000000 0.020332108 -0.996683872 -0.078790005 -0.114500526 0.865349066 0.057014243 -0.497916027 -2.131288777 0.500757026 -0.058057175 0.863638678 3.572149897
0.000000000 0.449188510 0.797828320 0.500000000 0.500000000 0.000000000 0.000000000 0.019851565 -0.996331604 -0.083242121 -0.131680114 0.854564352 0.060125731 -0.515853336 -2.243340570 0.518965975 -0.060895253 0.852623061 3.488303732
0.000000000 0.449188510 0.797828320 0.500000000 0.500000000 0.000000000 0.000000000 0.020357985 -0.996553792 -0.080412010 -0.148176089 0.847604279 0.059858376 -0.527241843 -2.354693177 0.530238191 -0.057423982 0.845901855 3.391808879
0.000000000 0.449188510 0.797828320 0.500000000 0.500000000 0.000000000 0.000000000 0.019038573 -0.996269725 -0.084167494 -0.147128517 0.842486918 0.061316261 -0.535215947 -2.441711101 0.538380280 -0.060720265 0.840511584 3.289224259
0.000000000 0.449188510 0.797828320 0.500000000 0.500000000 0.000000000 0.000000000 0.019452894 -0.996420847 -0.082262272 -0.137024577 0.844027782 0.060471081 -0.532879303 -2.515522088 0.535946535 -0.059065598 0.842183214 3.166377803
0.000000000 0.449188510 0.797828320 0.500000000 0.500000000 0.000000000 0.000000000 0.018907558 -0.995912523 -0.088321856 -0.152198856 0.839758935 0.063761783 -0.539202528 -2.573588594 0.542630109 -0.063974064 0.837532020 3.036152961
0.000000000 0.449188510 0.797828320 0.500000000 0.500000000 0.000000000 0.000000000 0.018927427 -0.995445118 -0.093438586 -0.158125430 0.834542947 0.067196813 -0.546829642 -2.653091497 0.550617673 -0.067628434 0.832013566 2.876838813
0.000000000 0.449188510 0.797828320 0.500000000 0.500000000 0.000000000 0.000000000 0.016437901 -0.994879079 -0.099726692 -0.159771550 0.817795761 0.070763274 -0.571141534 -2.731355874 0.575273751 -0.072167698 0.814771094 2.763078874
0.000000000 0.449188510 0.797828320 0.500000000 0.500000000 0.000000000 0.000000000 0.016817948 -0.994952775 -0.098924880 -0.169165323 0.808961913 0.071686969 -0.583473738 -2.807532442 0.587620439 -0.070213629 0.806084528 2.669145811
0.000000000 0.449188510 0.797828320 0.500000000 0.500000000 0.000000000 0.000000000 0.018657183 -0.994894051 -0.099185366 -0.195498220 0.797307186 0.074662616 -0.598938015 -2.925035870 0.603285307 -0.067906709 0.794629170 2.503172301
0.000000000 0.449188510 0.797828320 0.500000000 0.500000000 0.000000000 0.000000000 0.020932823 -0.994806895 -0.099604507 -0.190798651 0.782469406 0.078316129 -0.617744455 -2.991592280 0.622337083 -0.065006344 0.780045338 2.355649278
0.000000000 0.449188510 0.797828320 0.500000000 0.500000000 0.000000000 0.000000000 0.023784446 -0.995311426 -0.093752152 -0.190051378 0.770642490 0.077991081 -0.632477307 -3.032186409 0.636823722 -0.057206270 0.768884250 2.198515745
0.000000000 0.449188510 0.797828320 0.500000000 0.500000000 0.000000000 0.000000000 0.023573867 -0.995207813 -0.094898266 -0.201794296 0.758298495 0.079659061 -0.647022277 -3.048133584 0.651481132 -0.056708396 0.756542459 2.125530985
0.000000000 0.449188510 0.797828320 0.500000000 0.500000000 0.000000000 0.000000000 0.025250057 -0.995070265 -0.095904135 -0.219156111 0.725684726 0.084227172 -0.682852445 -3.111498232 0.687563897 -0.052354103 0.724234034 1.940627734
0.000000000 0.449188510 0.797828320 0.500000000 0.500000000 0.000000000 0.000000000 0.025176579 -0.994834847 -0.098334977 -0.213479476 0.699825595 0.087782233 -0.708899440 -3.168027891 0.713869929 -0.050969671 0.698420945 1.830462894
0.000000000 0.449188510 0.797828320 0.500000000 0.500000000 0.000000000 0.000000000 0.025022671 -0.993655675 -0.109646095 -0.245459735 0.669147108 0.098134158 -0.736621908 -3.267810385 0.742708566 -0.054937120 0.667357400 1.667435677
0.000000000 0.449188510 0.797828320 0.500000000 0.500000000 0.000000000 0.000000000 0.026071095 -0.993287013 -0.112699637 -0.262186865 0.647915652 0.102642620 -0.754764732 -3.334256184 0.761265792 -0.053342316 0.646242208 1.554559098
0.000000000 0.449188510 0.797828320 0.500000000 0.500000000 0.000000000 0.000000000 0.028974689 -0.992547999 -0.118359359 -0.261699813 0.615680904 0.111002995 -0.780138039 -3.391958998 0.787462693 -0.050267340 0.614309126 1.413333835
0.000000000 0.449188510 0.797828320 0.500000000 0.500000000 0.000000000 0.000000000 0.029215573 -0.990556204 -0.133958415 -0.252341174 0.589014989 0.125336868 -0.798343292 -3.414033865 0.807593829 -0.055579457 0.587114240 1.304628244
0.000000000 0.449188510 0.797828320 0.500000000 0.500000000 0.000000000 0.000000000 0.030791625 -0.989189357 -0.143374658 -0.265601083 0.564880172 0.135560563 -0.813961747 -3.429157116 0.824598246 -0.055926296 0.562947584 1.163730115
0.000000000 0.449188510 0.797828320 0.500000000 0.500000000 0.000000000 0.000000000 0.031307252 -0.987800562 -0.152544767 -0.270334465 0.531648695 0.145695988 -0.834339466 -3.455398268 0.846386154 -0.054979350 0.529724221 1.011183318
0.000000000 0.449188510 0.797828320 0.500000000 0.500000000 0.000000000 0.000000000 0.030515532 -0.987153074 -0.156836252 -0.271576069 0.495089842 0.151236488 -0.855577918 -3.495980298 0.868305736 -0.051539619 0.493344522 0.866705659
0.000000000 0.449188510 0.797828320 0.500000000 0.500000000 0.000000000 0.000000000 0.028640946 -0.985180476 -0.169112761 -0.302627010 0.450269952 0.163761186 -0.877746686 -3.543700553 0.892433004 -0.051006899 0.448287441 0.708126941
0.000000000 0.449188510 0.797828320 0.500000000 0.500000000 0.000000000 0.000000000 0.030622021 -0.984316795 -0.173731799 -0.319066282 0.424183291 0.170182652 -0.889441623 -3.572952290 0.905058466 -0.046457626 0.422742075 0.590994072
0.000000000 0.449188510 0.797828320 0.500000000 0.500000000 0.000000000 0.000000000 0.033407863 -0.983454463 -0.178048405 -0.317024876 0.396045857 0.176590496 -0.901090160 -3.585218497 0.917622795 -0.040411837 0.395392576 0.475597993
0.000000000 0.449188510 0.797828320 0.500000000 0.500000000 0.000000000 0.000000000 0.038991100 -0.982721354 -0.180937652 -0.311061309 0.357324029 0.182814565 -0.915913955 -3.575748200 0.933166241 -0.028940878 0.358278095 0.324718922
0.000000000 0.449188510 0.797828320 0.500000000 0.500000000 0.000000000 0.000000000 0.040545337 -0.980780992 -0.190852618 -0.319432871 0.303778324 0.194067828 -0.932768143 -3.545509604 0.951879617 -0.020157490 0.305808552 0.168900276
0.000000000 0.449188510 0.797828320 0.500000000 0.500000000 0.000000000 0.000000000 0.040374448 -0.979821712 -0.195753204 -0.326371532 0.257023644 0.199504737 -0.945588022 -3.536424924 0.965561365 -0.012135608 0.259892241 0.049968888
0.000000000 0.449188510 0.797828320 0.500000000 0.500000000 0.000000000 0.000000000 0.037628865 -0.979487547 -0.197960133 -0.323843997 0.211998822 0.201415854 -0.956288740 -3.555197188 0.976545221 -0.005983255 0.215229256 -0.079135232
0.000000000 0.449188510 0.797828320 0.500000000 0.500000000 0.000000000 0.000000000 0.032517876 -0.979089146 -0.200815918 -0.345776459 0.174990998 0.203395888 -0.963331855 -3.585897919 0.984032895 -0.003815472 0.177945789 -0.201266154
0.000000000 0.449188510 0.797828320 0.500000000 0.500000000 0.000000000 0.000000000 0.029804833 -0.979437295 -0.199535101 -0.370542550 0.149758909 0.201746168 -0.967920840 -3.613786537 0.988273212 -0.001033440 0.152692471 -0.320803953
0.000000000 0.449188510 0.797828320 0.500000000 0.500000000 0.000000000 0.000000000 0.025619262 -0.980509006 -0.194796672 -0.376609661 0.124996764 0.196473331 -0.972509146 -3.613994059 0.991826327 0.000566013 0.127593955 -0.452275082
0.000000000 0.449188510 0.797828320 0.500000000 0.500000000 0.000000000 0.000000000 0.022036012 -0.980749192 -0.194024320 -0.364161529 0.093684479 0.195243165 -0.976270109 -3.563181601 0.995358042 0.003336033 0.096183358 -0.608313224
0.000000000 0.449188510 0.797828320 0.500000000 0.500000000 0.000000000 0.000000000 0.024353321 -0.982660207 -0.183809231 -0.378876827 0.083783945 0.185223130 -0.979118299 -3.487499978 0.996186311 0.008444519 0.086841947 -0.750854170
0.000000000 0.449188510 0.797828320 0.500000000 0.500000000 0.000000000 0.000000000 0.028523468 -0.983747065 -0.177279792 -0.394766407 0.066370998 0.178824454 -0.981639804 -3.416781698 0.997387238 0.016233535 0.070392968 -0.902896460
0.000000000 0.449188510 0.797828320 0.500000000 0.500000000 0.000000000 0.000000000 0.028746817 -0.983129302 -0.180638857 -0.389391597 0.029365502 0.181466152 -0.982958648 -3.376066273 0.999155287 0.022952382 0.034086659 -1.056401870
0.000000000 0.449188510 0.797828320 0.500000000 0.500000000 0.000000000 0.000000000 0.031163576 -0.983416469 -0.178664153 -0.408028123 0.005246475 0.178909454 -0.983851555 -3.345199656 0.999500528 0.029722976 0.010734928 -1.223453820
0.000000000 0.449188510 0.797828320 0.500000000 0.500000000 0.000000000 0.000000000 0.034781545 -0.983683487 -0.176513571 -0.429138791 -0.013334080 0.176147950 -0.984273388 -3.317983211 0.999305982 0.036588195 -0.006989817 -1.345962602
0.000000000 0.449188510 0.797828320 0.500000000 0.500000000 0.000000000 0.000000000 0.037905167 -0.983843058 -0.174974387 -0.433187359 -0.032662196 0.173786850 -0.984241491 -3.270189217 0.998747405 0.043022886 -0.025547055 -1.478088041
0.000000000 0.449188510 0.797828320 0.500000000 0.500000000 0.000000000 0.000000000 0.041087839 -0.983747465 -0.174793350 -0.419827227 -0.043398806 0.173018829 -0.983961904 -3.195374167 0.998212569 0.048014691 -0.035584496 -1.608390194
0.000000000 0.449188510 0.797828320 0.500000000 0.500000000 0.000000000 0.000000000 0.041761710 -0.983775911 -0.174473252 -0.440698332 -0.059340360 0.171875125 -0.983329885 -3.104899565 0.997363866 0.051418843 -0.051199817 -1.733914986
0.000000000 0.449188510 0.797828320 0.500000000 0.500000000 0.000000000 0.000000000 0.035553477 -0.982125467 -0.184839168 -0.441474180 -0.101019836 0.180476870 -0.978377786 -3.018573604 0.994248934 0.053457154 -0.092797574 -1.877775797
0.000000000 0.449188510 0.797828320 0.500000000 0.500000000 0.000000000 0.000000000 0.028727689 -0.981509279 -0.189246547 -0.432739158 -0.134927644 0.183784333 -0.973662082 -2.961821826 0.990438918 0.053505652 -0.127153036 -2.005337701
0.000000000 0.449188510 0.797828320 0.500000000 0.500000000 0.000000000 0.000000000 0.023723843 -0.980725041 -0.193947344 -0.444813416 -0.159496583 0.187803991 -0.969170006 -2.921774693 0.986913380 0.053926376 -0.151966861 -2.149012587
0.000000000 0.449188510 0.797828320 0.500000000 0.500000000 0.000000000 0.000000000 0.017541198 -0.980033409 -0.198057625 -0.465361470 -0.194137383 0.190979741 -0.962204456 -2.858845789 0.980817507 0.055328608 -0.186911108 -2.324835313
0.000000000 0.449188510 0.797828320 0.500000000 0.500000000 0.000000000 0.000000000 0.014407090 -0.979032731 -0.203192883 -0.460141814 -0.233045179 0.194329696 -0.952851465 -2.784573037 0.972359183 0.061080939 -0.225359132 -2.470144537
0.000000000 0.449188510 0.797828320 0.500000000 0.500000000 0.000000000 0.000000000 0.015907782 -0.978420539 -0.206010172 -0.453050915 -0.254410551 0.195294369 -0.947172308 -2.726224694 0.966965467 0.067478572 -0.245813808 -2.556938998
0.000000000 0.449188510 0.797828320 0.500000000 0.500000000 0.000000000 0.000000000 0.018237665 -0.977443413 -0.210408557 -0.472381151 -0.307782638 0.194736001 -0.931315058 -2.611575836 0.951281891 0.081745113 -0.297288582 -2.702226142
0.000000000 0.449188510 0.797828320 0.500000000 0.500000000 0.000000000 0.000000000 0.020378522 -0.977440791 -0.210224204 -0.481170372 -0.341222758 0.190843128 -0.920405307 -2.564151436 0.939761536 0.090489783 -0.329635942 -2.777415052
0.000000000 0.449188510 0.797828320 0.500000000 0.500000000 0.000000000 0.000000000 0.026385258 -0.975861087 -0.216792430 -0.474220670 -0.396531494 0.188859259 -0.898384636 -2.484010411 0.917641865 0.109669137 -0.381976555 -2.938705601
0.000000000 0.449188510 0.797828320 0.500000000 0.500000000 0.000000000 0.000000000 0.030254519 -0.972421712 -0.231258897 -0.503905187 -0.440019695 0.194782692 -0.876608448 -2.415313554 0.897478319 0.128279836 -0.421991648 -3.086810539
0.000000000 0.449188510 0.797828320 0.500000000 0.500000000 0.000000000 0.000000000 0.032462175 -0.970561518 -0.238655707 -0.516537854 -0.480704144 0.194188956 -0.855110622 -2.352609883 0.876281766 0.142481537 -0.460249148 -3.191796368
0.000000000 0.449188510 0.797828320 0.500000000 0.500000000 0.000000000 0.000000000 0.037744210 -0.968676827 -0.245439563 -0.512913111 -0.517529298 0.191160199 -0.834039090 -2.279595539 0.854832615 0.158502311 -0.494103448 -3.285082916
0.000000000 0.449188510 0.797828320 0.500000000 0.500000000 0.000000000 0.000000000 0.041390421 -0.966488117 -0.253352626 -0.498284046 -0.555567246 0.188492718 -0.809824383 -2.176182637 0.830440768 0.174273393 -0.529147348 -3.372317990
0.000000000 0.449188510 0.797828320 0.500000000 0.500000000 0.000000000 0.000000000 0.042433053 -0.965058817 -0.258574778 -0.509420150 -0.590883125 0.184453531 -0.785387820 -2.082238076 0.805640471 0.186113876 -0.562410044 -3.437469548
0.000000000 0.449188510 0.797828320 0.500000000 0.500000000 0.000000000 0.000000000 0.043285806 -0.964551930 -0.260318867 -0.512188785 -0.638245974 0.173762789 -0.749965712 -1.968125934 0.768614608 0.198610339 -0.608099924 -3.519395081
0.000000000 0.449188510 0.797828320 0.500000000 0.500000000 0.000000000 0.000000000 0.048596291 -0.964051998 -0.261231975 -0.505780946 -0.672723028 0.161732033 -0.722001715 -1.850031793 0.738296775 0.210823371 -0.640680403 -3.622676980
0.000000000 0.449188510 0.797828320 0.500000000 0.500000000 0.000000000 0.000000000 0.051852878 -0.963594977 -0.262289914 -0.523721386 -0.695561593 0.153614255 -0.701852357 -1.745919446 0.716592876 0.218831855 -0.662274316 -3.713826993
0.000000000 0.449188510 0.797828320 0.500000000 0.500000000 0.000000000 0.000000000 0.057778044 -0.966322685 -0.250763168 -0.552141041 -0.713429919 0.135738826 -0.687453796 -1.648588441 0.698340496 0.218621683 -0.681560790 -3.800107469
0.000000000 0.449188510 0.797828320 0.500000000 0.500000000 0.000000000 0.000000000 0.058904450 -0.966583576 -0.249492398 -0.555934898 -0.741357514 0.125014497 -0.659363642 -1.533561058 0.668520233 0.223802517 -0.709220087 -3.884075328
0.000000000 0.449188510 0.797828320 0.500000000 0.500000000 0.000000000 0.000000000 0.060463151 -0.967753621 -0.244534530 -0.537115349 -0.762056958 0.113470986 -0.637490022 -1.370541204 0.644680852 0.224893895 -0.730622567 -3.969900266
