0.000000000 0.446336954 0.792312338 0.500000000 0.500000000 0.000000000 0.000000000 -0.189951727 -0.975593923 0.110158242 0.642036420 0.623191393 -0.206510029 -0.754311670 -5.525077115 0.758650663 -0.074633136 0.647208673 -1.498560262
0.000000000 0.446336954 0.792312338 0.500000000 0.500000000 0.000000000 0.000000000 -0.188554374 -0.976024676 0.108733984 0.640783475 0.624369508 -0.204602897 -0.753856997 -5.515346562 0.758030320 -0.074252851 0.647978818 -1.494776059
0.000000000 0.446336954 0.792312338 0.500000000 0.500000000 0.000000000 0.000000000 -0.188080718 -0.975958587 0.110138462 0.639971592 0.627550338 -0.205679799 -0.750917036 -5.488041027 0.755517185 -0.072115586 0.651147545 -1.485170838
0.000000000 0.446336954 0.792312338 0.500000000 0.500000000 0.000000000 0.000000000 -0.189053249 -0.975646600 0.111232102 0.632676971 0.628836817 -0.207288815 -0.749396828 -5.433407120 0.754203638 -0.071729064 0.652711126 -1.464985399
0.000000000 0.446336954 0.792312338 0.500000000 0.500000000 0.000000000 0.000000000 -0.189846217 -0.975207352 0.113705916 0.625158014 0.621012887 -0.208974699 -0.755428732 -5.388850537 0.760461313 -0.072802448 0.645289389 -1.451443685
0.000000000 0.446336954 0.792312338 0.500000000 0.500000000 0.000000000 0.000000000 -0.193293224 -0.973934941 0.118694816 0.623256755 0.609979148 -0.214043511 -0.762961869 -5.313145324 0.768481079 -0.075073997 0.635453166 -1.450223647
0.000000000 0.446336954 0.792312338 0.500000000 0.500000000 0.000000000 0.000000000 -0.194898761 -0.973108662 0.122776243 0.623651211 0.610777437 -0.218356513 -0.761098782 -5.290468112 0.767440809 -0.073348251 0.636910228 -1.454330510
0.000000000 0.446336954 0.792312338 0.500000000 0.500000000 0.000000000 0.000000000 -0.198999129 -0.972561252 0.120515382 0.612659582 0.609018038 -0.219074233 -0.762301456 -5.217869958 0.767786673 -0.078301284 0.635902928 -1.462307608
0.000000000 0.446336954 0.792312338 0.500000000 0.500000000 0.000000000 0.000000000 -0.203463453 -0.971936297 0.118078182 0.609977593 0.611402740 -0.220324058 -0.760028946 -5.137973038 0.764715184 -0.082444790 0.639072409 -1.449941711
0.000000000 0.446336954 0.792312338 0.500000000 0.500000000 0.000000000 0.000000000 -0.207856704 -0.971160174 0.116805427 0.595433966 0.618863640 -0.223041410 -0.753166863 -5.051879029 0.757498109 -0.084264150 0.647376373 -1.429226857
0.000000000 0.446336954 0.792312338 0.500000000 0.500000000 0.000000000 0.000000000 -0.209504173 -0.970472157 0.119548293 0.590634713 0.620319578 -0.226420950 -0.750957505 -4.976354543 0.755851588 -0.083170584 0.649439013 -1.419094109
0.000000000 0.446336954 0.792312338 0.500000000 0.500000000 0.000000000 0.000000000 -0.208711024 -0.969610967 0.127649053 0.581977479 0.628077296 -0.232940733 -0.742467188 -4.892461245 0.749638992 -0.074787615 0.657607933 -1.415450633
0.000000000 0.446336954 0.792312338 0.500000000 0.500000000 0.000000000 0.000000000 -0.205663495 -0.970343173 0.127030128 0.572402568 0.633816504 -0.230975501 -0.738191680 -4.833930535 0.745640105 -0.071305290 0.662522746 -1.406609012
0.000000000 0.446336954 0.792312338 0.500000000 0.500000000 0.000000000 0.000000000 -0.200322396 -0.971141596 0.129440869 0.566706029 0.643174833 -0.230018011 -0.730354605 -4.768399193 0.739051467 -0.063053276 0.670691593 -1.384052531
0.000000000 0.446336954 0.792312338 0.500000000 0.500000000 0.000000000 0.000000000 -0.195511033 -0.971674780 0.132753747 0.555624312 0.650690085 -0.229804877 -0.723734849 -4.722360256 0.733742359 -0.055116601 0.677188534 -1.369718757
0.000000000 0.446336954 0.792312338 0.500000000 0.500000000 0.000000000 0.000000000 -0.188223860 -0.972576691 0.136624884 0.548639690 0.659535268 -0.228247820 -0.716181655 -4.638970427 0.727725916 -0.044693546 0.684410315 -1.352807113
0.000000000 0.446336954 0.792312338 0.500000000 0.500000000 0.000000000 0.000000000 -0.187428751 -0.972498218 0.138266694 0.544075824 0.671773453 -0.229601908 -0.704275082 -4.583905318 0.716652559 -0.039117504 0.696332485 -1.346731615
0.000000000 0.446336954 0.792312338 0.500000000 0.500000000 0.000000000 0.000000000 -0.187482132 -0.973576143 0.130383836 0.532919509 0.677164856 -0.224258358 -0.700825190 -4.520253797 0.711546350 -0.043100849 0.701315983 -1.334516984
0.000000000 0.446336954 0.792312338 0.500000000 0.500000000 0.000000000 0.000000000 -0.189532305 -0.974506239 0.120062884 0.526560796 0.689862749 -0.219178022 -0.689964045 -4.438578199 0.698689411 -0.047943564 0.713816868 -1.306688247
0.000000000 0.446336954 0.792312338 0.500000000 0.500000000 0.000000000 0.000000000 -0.190197090 -0.975559395 0.110040599 0.511110339 0.697889077 -0.213186199 -0.683741531 -4.366318199 0.690489611 -0.053249517 0.721379640 -1.285698305
0.000000000 0.446336954 0.792312338 0.500000000 0.500000000 0.000000000 0.000000000 -0.188656183 -0.975841279 0.110193657 0.505234880 0.703261871 -0.212566361 -0.678408641 -4.292597696 0.685442620 -0.050490987 0.726373922 -1.266030881
0.000000000 0.446336954 0.792312338 0.500000000 0.500000000 0.000000000 0.000000000 -0.185826078 -0.975503426 0.117735864 0.494166408 0.709750827 -0.216124117 -0.670480522 -4.224429842 0.679501606 -0.041029639 0.732525860 -1.251438190
0.000000000 0.446336954 0.792312338 0.500000000 0.500000000 0.000000000 0.000000000 -0.182300014 -0.975394719 0.123983254 0.481075445 0.708183166 -0.217728473 -0.671618132 -4.151052583 0.682087463 -0.034633141 0.730450024 -1.220171155
0.000000000 0.446336954 0.792312338 0.500000000 0.500000000 0.000000000 0.000000000 -0.180842060 -0.974912529 0.129775617 0.474089545 0.710364301 -0.220733768 -0.668325642 -4.097969708 0.680204902 -0.028673421 0.732461006 -1.186821623
0.000000000 0.446336954 0.792312338 0.500000000 0.500000000 0.000000000 0.000000000 -0.178023555 -0.975665935 0.127998429 0.451479540 0.698927845 -0.216935158 -0.681497619 -4.017012573 0.692681371 -0.031860962 0.720539657 -1.143349844
0.000000000 0.446336954 0.792312338 0.500000000 0.500000000 0.000000000 0.000000000 -0.174963719 -0.974878403 0.137839749 0.447624910 0.687233428 -0.221175103 -0.691947822 -3.941855529 0.705051709 -0.026337681 0.708666646 -1.110772133
0.000000000 0.446336954 0.792312338 0.500000000 0.500000000 0.000000000 0.000000000 -0.174262546 -0.975129986 0.136945524 0.433276429 0.678875345 -0.219712237 -0.700610305 -3.873923281 0.713274724 -0.029121196 0.700279319 -1.088684660
0.000000000 0.446336954 0.792312338 0.500000000 0.500000000 0.000000000 0.000000000 -0.175135133 -0.974439765 0.140694100 0.417668395 0.671386222 -0.222725553 -0.706847840 -3.794065666 0.720116814 -0.029333810 0.693232502 -1.050429668
0.000000000 0.446336954 0.792312338 0.500000000 0.500000000 0.000000000 0.000000000 -0.179671823 -0.973891045 0.138759753 0.405472440 0.682848705 -0.225007820 -0.695046133 -3.714548344 0.708121234 -0.030128288 0.705447804 -1.007152725
0.000000000 0.446336954 0.792312338 0.500000000 0.500000000 0.000000000 0.000000000 -0.181894603 -0.973662221 0.137463569 0.393082002 0.679111527 -0.225489793 -0.698542688 -3.654128738 0.711141257 -0.033708051 0.702240614 -0.983599034
0.000000000 0.446336954 0.792312338 0.500000000 0.500000000 0.000000000 0.000000000 -0.186165348 -0.973174366 0.135181792 0.382218188 0.681628107 -0.227016612 -0.695590815 -3.533198206 0.707619662 -0.037351197 0.705605628 -0.954151918
0.000000000 0.446336954 0.792312338 0.500000000 0.500000000 0.000000000 0.000000000 -0.188719089 -0.973372711 0.130117909 0.370174704 0.684984582 -0.225418648 -0.692807734 -3.482526780 0.703691145 -0.041617283 0.709286101 -0.939417825
0.000000000 0.446336954 0.792312338 0.500000000 0.500000000 0.000000000 0.000000000 -0.191989763 -0.973445362 0.124675813 0.366506137 0.693706568 -0.224471656 -0.684385617 -3.418265013 0.694198191 -0.044906602 0.718381702 -0.908966609
0.000000000 0.446336954 0.792312338 0.500000000 0.500000000 0.000000000 0.000000000 -0.195764987 -0.973475794 0.118410082 0.343505542 0.704203553 -0.223582405 -0.673875556 -3.319436453 0.682475953 -0.048536439 0.729294720 -0.866573975
0.000000000 0.446336954 0.792312338 0.500000000 0.500000000 0.000000000 0.000000000 -0.195462211 -0.973259608 0.120665901 0.341810157 0.699446016 -0.224590242 -0.678479546 -3.266229218 0.687437121 -0.048217829 0.724641460 -0.849568140
0.000000000 0.446336954 0.792312338 0.500000000 0.500000000 0.000000000 0.000000000 -0.196023216 -0.973041516 0.121511759 0.332430558 0.695531706 -0.225316227 -0.682252332 -3.186120168 0.691238414 -0.049222015 0.720948437 -0.830164688
0.000000000 0.446336954 0.792312338 0.500000000 0.500000000 0.000000000 0.000000000 -0.197238523 -0.973028542 0.119634533 0.319551430 0.690586004 -0.224516794 -0.687519586 -3.128290646 0.695836142 -0.052987414 0.716243253 -0.812846484
0.000000000 0.446336954 0.792312338 0.500000000 0.500000000 0.000000000 0.000000000 -0.199822864 -0.972849964 0.116763739 0.314030464 0.692756519 -0.224545891 -0.685322952 -3.056770566 0.692935227 -0.056054354 0.718817558 -0.774776720
0.000000000 0.446336954 0.792312338 0.500000000 0.500000000 0.000000000 0.000000000 -0.202625399 -0.972411200 0.115582895 0.294983064 0.692911652 -0.225777121 -0.684761370 -2.992940008 0.691965599 -0.058661311 0.719543231 -0.742876983
0.000000000 0.446336954 0.792312338 0.500000000 0.500000000 0.000000000 0.000000000 -0.202149857 -0.972107651 0.118920773 0.292650708 0.684858418 -0.227116944 -0.692377672 -2.934535295 0.700074555 -0.058520155 0.711667766 -0.717291503
0.000000000 0.446336954 0.792312338 0.500000000 0.500000000 0.000000000 0.000000000 -0.202324606 -0.972588565 0.114613422 0.278786118 0.684036026 -0.224101565 -0.694170875 -2.856455722 0.700827703 -0.062048139 0.710626878 -0.688254257
0.000000000 0.446336954 0.792312338 0.500000000 0.500000000 0.000000000 0.000000000 -0.202403693 -0.972828317 0.112418016 0.267292497 0.686521193 -0.222816406 -0.692128240 -2.803215599 0.698370529 -0.062911961 0.712966121 -0.659131263
0.000000000 0.446336954 0.792312338 0.500000000 0.500000000 0.000000000 0.000000000 -0.203415759 -0.973324634 0.106118735 0.259220878 0.704701263 -0.220790293 -0.674275742 -2.737658902 0.679719177 -0.062376306 0.730815324 -0.610912449
0.000000000 0.446336954 0.792312338 0.500000000 0.500000000 0.000000000 0.000000000 -0.201381783 -0.974063551 0.103177401 0.238217044 0.722789300 -0.218865449 -0.655494884 -2.666843083 0.661075643 -0.057429207 0.748118226 -0.566930403
0.000000000 0.446336954 0.792312338 0.500000000 0.500000000 0.000000000 0.000000000 -0.197581694 -0.974015996 0.110699202 0.235503787 0.734151362 -0.221857207 -0.641717350 -2.604999973 0.649602380 -0.045521631 0.758910093 -0.537223035
0.000000000 0.446336954 0.792312338 0.500000000 0.500000000 0.000000000 0.000000000 -0.193249265 -0.973865958 0.119330704 0.219842120 0.749699628 -0.225024675 -0.622345855 -2.532160085 0.632933795 -0.030805694 0.773592800 -0.506813390
0.000000000 0.446336954 0.792312338 0.500000000 0.500000000 0.000000000 0.000000000 -0.188826855 -0.974048378 0.124796538 0.209867534 0.763146886 -0.225531394 -0.605592620 -2.462671073 0.618022046 -0.019114061 0.785928370 -0.470839649
0.000000000 0.446336954 0.792312338 0.500000000 0.500000000 0.000000000 0.000000000 -0.185044041 -0.974901884 0.123794264 0.199768584 0.777598583 -0.222279621 -0.588160025 -2.400987355 0.600915258 -0.012573264 0.799213842 -0.433259615
0.000000000 0.446336954 0.792312338 0.500000000 0.500000000 0.000000000 0.000000000 -0.178982422 -0.976295733 0.121704293 0.184475221 0.782559572 -0.216243031 -0.583814584 -2.328522386 0.596293392 -0.009251689 0.802713272 -0.399612944
0.000000000 0.446336954 0.792312338 0.500000000 0.500000000 0.000000000 0.000000000 -0.172150624 -0.978407062 0.114384366 0.172052406 0.789081406 -0.206476164 -0.578548295 -2.227770313 0.589673382 -0.009338874 0.807587820 -0.368445014
0.000000000 0.446336954 0.792312338 0.500000000 0.500000000 0.000000000 0.000000000 -0.170564074 -0.978879216 0.112709261 0.163055337 0.792494194 -0.204254453 -0.574659091 -2.190015970 0.585543209 -0.008694761 0.810594567 -0.355277979
0.000000000 0.446336954 0.792312338 0.500000000 0.500000000 0.000000000 0.000000000 -0.168388022 -0.979454528 0.110969821 0.156141602 0.800035488 -0.201564416 -0.565079644 -2.116591203 0.575837383 -0.006372849 0.817539415 -0.322646480
0.000000000 0.446336954 0.792312338 0.500000000 0.500000000 0.000000000 0.000000000 -0.166941720 -0.980179959 0.106666348 0.138517307 0.814741253 -0.198067395 -0.544945867 -2.043567063 0.555272143 -0.004068727 0.831658760 -0.285596319
0.000000000 0.446336954 0.792312338 0.500000000 0.500000000 0.000000000 0.000000000 -0.164140143 -0.980686145 0.106361168 0.130473987 0.824137265 -0.195587623 -0.531547976 -1.974509434 0.542084664 0.000407841 0.840323778 -0.261492289
0.000000000 0.446336954 0.792312338 0.500000000 0.500000000 0.000000000 0.000000000 -0.161388991 -0.981588660 0.102163083 0.127864931 0.837135107 -0.190986534 -0.512570928 -1.908222574 0.522645584 0.002800999 0.852545452 -0.245517883
0.000000000 0.446336954 0.792312338 0.500000000 0.500000000 0.000000000 0.000000000 -0.156174690 -0.982858909 0.097968526 0.107784613 0.851660782 -0.184233530 -0.490644391 -1.816101153 0.500283298 0.006809716 0.865835001 -0.218783077
0.000000000 0.446336954 0.792312338 0.500000000 0.500000000 0.000000000 0.000000000 -0.153167175 -0.984032767 0.090660523 0.104772707 0.866313057 -0.177847841 -0.466767428 -1.752599703 0.475438222 0.007046946 0.879720886 -0.196832251
0.000000000 0.446336954 0.792312338 0.500000000 0.500000000 0.000000000 0.000000000 -0.148162259 -0.985964273 0.076957111 0.087326290 0.883422741 -0.166927375 -0.437835029 -1.672559470 0.444535945 0.003115035 0.895755597 -0.173223735
0.000000000 0.446336954 0.792312338 0.500000000 0.500000000 0.000000000 0.000000000 -0.143866127 -0.986583645 0.077170256 0.083667154 0.894138780 -0.163008358 -0.417066083 -1.610214488 0.424049973 0.008999237 0.905594078 -0.161480240
0.000000000 0.446336954 0.792312338 0.500000000 0.500000000 0.000000000 0.000000000 -0.138933195 -0.988578104 0.058402910 0.074926254 0.915846153 -0.150698915 -0.372176922 -1.528139003 0.376727211 0.001780351 0.926322535 -0.154842050
0.000000000 0.446336954 0.792312338 0.500000000 0.500000000 0.000000000 0.000000000 -0.135564277 -0.989801725 0.043759256 0.064775862 0.928530657 -0.142331670 -0.342888488 -1.465682780 0.345619945 -0.005851619 0.938356336 -0.141964788
0.000000000 0.446336954 0.792312338 0.500000000 0.500000000 0.000000000 0.000000000 -0.133144354 -0.990534132 0.033387332 0.059134655 0.935152102 -0.136715394 -0.326801846 -1.394664314 0.328272946 -0.012289587 0.944502959 -0.117775257
0.000000000 0.446336954 0.792312338 0.500000000 0.500000000 0.000000000 0.000000000 -0.133194617 -0.990740810 0.026302883 0.039704386 0.933232900 -0.134309911 -0.333222450 -1.323657496 0.333669818 -0.019836721 0.942481277 -0.092789834
0.000000000 0.446336954 0.792312338 0.500000000 0.500000000 0.000000000 0.000000000 -0.133811977 -0.990670905 0.025797542 0.034396028 0.926565800 -0.134302189 -0.351338499 -1.268470827 0.351525495 -0.023110179 0.935893020 -0.077462257
0.000000000 0.446336954 0.792312338 0.500000000 0.500000000 0.000000000 0.000000000 -0.135125182 -0.990599677 0.021294697 0.028118656 0.923756284 -0.133721944 -0.358877096 -1.200209734 0.358351104 -0.028822223 0.933141879 -0.066999005
0.000000000 0.446336954 0.792312338 0.500000000 0.500000000 0.000000000 0.000000000 -0.135050536 -0.990566017 0.023244740 0.016708883 0.916556373 -0.133803667 -0.376856728 -1.130130351 0.376411699 -0.029589589 0.925979853 -0.050842392
0.000000000 0.446336954 0.792312338 0.500000000 0.500000000 0.000000000 0.000000000 -0.133842858 -0.990732448 0.023136655 0.011474937 0.915575728 -0.132556057 -0.379670882 -1.048403721 0.379219166 -0.029632876 0.924832264 -0.022915230
0.000000000 0.446336954 0.792312338 0.500000000 0.500000000 0.000000000 0.000000000 -0.131891393 -0.991017321 0.022120784 -0.009009627 0.918226304 -0.130550268 -0.373921224 -0.963585295 0.373450285 -0.029005105 0.927196629 -0.001467034
0.000000000 0.446336954 0.792312338 0.500000000 0.500000000 0.000000000 0.000000000 -0.130132293 -0.991126084 0.027104837 -0.009688107 0.918436022 -0.130797630 -0.373319237 -0.904995115 0.373551682 -0.023686830 0.927306894 0.005896062
0.000000000 0.446336954 0.792312338 0.500000000 0.500000000 0.000000000 0.000000000 -0.128592469 -0.991379883 0.025097913 -0.019157670 0.928541534 -0.129251710 -0.348000885 -0.832897896 0.348245025 -0.021445838 0.937158193 0.007091948
0.000000000 0.446336954 0.792312338 0.500000000 0.500000000 0.000000000 0.000000000 -0.127090839 -0.991657648 0.021518061 -0.027558742 0.937559008 -0.127182424 -0.323740232 -0.742588594 0.323776196 -0.020969966 0.945901282 0.020844271
0.000000000 0.446336954 0.792312338 0.500000000 0.500000000 0.000000000 0.000000000 -0.124701357 -0.992081890 0.014936375 -0.037416182 0.945344500 -0.123370903 -0.301833393 -0.669777829 0.301286157 -0.023519013 0.953243677 0.039584004
0.000000000 0.446336954 0.792312338 0.500000000 0.500000000 0.000000000 0.000000000 -0.121653483 -0.992438247 0.016332688 -0.049179848 0.951065413 -0.121259135 -0.284202046 -0.600514911 0.284033468 -0.019040714 0.958625287 0.049995073
0.000000000 0.446336954 0.792312338 0.500000000 0.500000000 0.000000000 0.000000000 -0.117555663 -0.992910148 0.017609747 -0.048316597 0.957008157 -0.118004458 -0.264972330 -0.525991854 0.265171744 -0.014296326 0.964095203 0.054155914
0.000000000 0.446336954 0.792312338 0.500000000 0.500000000 0.000000000 0.000000000 -0.115049763 -0.993219850 0.016669752 -0.059030334 0.963295914 -0.115649373 -0.242252355 -0.459842111 0.242537695 -0.011813172 0.970070057 0.054398322
0.000000000 0.446336954 0.792312338 0.500000000 0.500000000 0.000000000 0.000000000 -0.113106757 -0.993409111 0.018579575 -0.066270491 0.968949234 -0.114421338 -0.219192015 -0.368365890 0.219873245 -0.006789433 0.975504823 0.070132466
0.000000000 0.446336954 0.792312338 0.500000000 0.500000000 0.000000000 0.000000000 -0.112201986 -0.993583789 0.014211569 -0.072818724 0.972039242 -0.112715486 -0.205997405 -0.320069728 0.206277546 -0.009299116 0.978449335 0.080708065
0.000000000 0.446336954 0.792312338 0.500000000 0.500000000 0.000000000 0.000000000 -0.110329973 -0.993715130 0.018908656 -0.086159114 0.973393091 -0.111878790 -0.199972565 -0.231284950 0.200831241 -0.003657412 0.979619026 0.097905894
0.000000000 0.446336954 0.792312338 0.500000000 0.500000000 0.000000000 0.000000000 -0.107363322 -0.994086076 0.016309188 -0.088418909 0.975930586 -0.108506083 -0.189171674 -0.154842951 0.189822573 -0.004393464 0.981808580 0.101202591
0.000000000 0.446336954 0.792312338 0.500000000 0.500000000 0.000000000 0.000000000 -0.103913450 -0.994527714 0.010799155 -0.100145857 0.977477646 -0.104125203 -0.183563051 -0.091451593 0.183683005 -0.008518738 0.982948618 0.108062238
0.000000000 0.446336954 0.792312338 0.500000000 0.500000000 0.000000000 0.000000000 -0.099806788 -0.994954152 0.010239181 -0.102544286 0.981329521 -0.100130008 -0.164214348 -0.011067845 0.164410997 -0.006341696 0.986371536 0.124185086
