0.000000000 0.449218202 0.794252303 0.500000000 0.500000000 0.000000000 0.000000000 -0.117553917 -0.983273523 0.139119573 0.402460222 0.988554328 -0.102526464 0.110673689 -1.366218625 -0.094559070 0.150537382 0.984071684 4.879726315
0.000000000 0.449218202 0.794252303 0.500000000 0.500000000 0.000000000 0.000000000 -0.121469342 -0.982750424 0.139451792 0.397345915 0.986676423 -0.104227842 0.124924747 -1.334836644 -0.108235089 0.152768322 0.982317161 4.827031553
0.000000000 0.449218202 0.794252303 0.500000000 0.500000000 0.000000000 0.000000000 -0.126309081 -0.982005711 0.140395154 0.382923687 0.983813812 -0.105872328 0.144573279 -1.292007954 -0.127107824 0.156383609 0.979483419 4.776263762
0.000000000 0.449218202 0.794252303 0.500000000 0.500000000 0.000000000 0.000000000 -0.130550664 -0.981353235 0.141075700 0.372146691 0.980664107 -0.106893626 0.163925780 -1.255139707 -0.145789001 0.159748495 0.976332928 4.730475633
0.000000000 0.449218202 0.794252303 0.500000000 0.500000000 0.000000000 0.000000000 -0.133568049 -0.981342799 0.138296375 0.364036219 0.978126327 -0.108084031 0.177726563 -1.231203313 -0.159463053 0.159009916 0.974313800 4.670804212
0.000000000 0.449218202 0.794252303 0.500000000 0.500000000 0.000000000 0.000000000 -0.134653576 -0.981544039 0.135792905 0.362802688 0.977062806 -0.108705435 0.183115814 -1.226559076 -0.164974809 0.157335396 0.973667749 4.616377808
0.000000000 0.449218202 0.794252303 0.500000000 0.500000000 0.000000000 0.000000000 -0.135285950 -0.981137604 0.138082272 0.359273588 0.974985333 -0.107020973 0.194807885 -1.238590655 -0.176355643 0.160982959 0.971073207 4.531557997
0.000000000 0.449218202 0.794252303 0.500000000 0.500000000 0.000000000 0.000000000 -0.135634767 -0.979821634 0.146808634 0.341700448 0.972732226 -0.103559189 0.207527134 -1.259423198 -0.188136192 0.170953383 0.967150306 4.455205872
0.000000000 0.449218202 0.794252303 0.500000000 0.500000000 0.000000000 0.000000000 -0.136293847 -0.979178430 0.150444641 0.329856297 0.968906055 -0.100097905 0.226277411 -1.276280974 -0.206506767 0.176606943 0.962374638 4.374396088
0.000000000 0.449218202 0.794252303 0.500000000 0.500000000 0.000000000 0.000000000 -0.136618281 -0.980205808 0.143289987 0.323603347 0.964532429 -0.098642093 0.244840625 -1.286824195 -0.225859778 0.171657544 0.958916601 4.282018824
0.000000000 0.449218202 0.794252303 0.500000000 0.500000000 0.000000000 0.000000000 -0.138532615 -0.980038711 0.142593269 0.321983658 0.957810774 -0.095975177 0.270900880 -1.286793458 -0.251807935 0.174105977 0.951987328 4.185339373
0.000000000 0.449218202 0.794252303 0.500000000 0.500000000 0.000000000 0.000000000 -0.141145335 -0.979124583 0.146263616 0.309637196 0.950646365 -0.092812564 0.296069783 -1.278725199 -0.276314101 0.180833844 0.943901286 4.097543130
0.000000000 0.449218202 0.794252303 0.500000000 0.500000000 0.000000000 0.000000000 -0.143085331 -0.978572405 0.148062946 0.290829488 0.943871338 -0.089920867 0.317838222 -1.278337545 -0.297713765 0.185230358 0.936512802 3.996495341
0.000000000 0.449218202 0.794252303 0.500000000 0.500000000 0.000000000 0.000000000 -0.144074385 -0.979249892 0.142520949 0.285649916 0.939446121 -0.090096326 0.330641254 -1.287932136 -0.310939798 0.181527688 0.932933085 3.909868803
0.000000000 0.449218202 0.794252303 0.500000000 0.500000000 0.000000000 0.000000000 -0.145473280 -0.979179349 0.141581518 0.285162710 0.934467158 -0.088982296 0.344751042 -1.305019018 -0.324974853 0.182455344 0.927955491 3.819126269
0.000000000 0.449218202 0.794252303 0.500000000 0.500000000 0.000000000 0.000000000 -0.146370639 -0.978208127 0.147256567 0.272092342 0.929264929 -0.084926204 0.359519444 -1.335489863 -0.339178901 0.189463454 0.921445209 3.729129962
0.000000000 0.449218202 0.794252303 0.500000000 0.500000000 0.000000000 0.000000000 -0.146961772 -0.977133485 0.153663233 0.254083476 0.925343673 -0.080924986 0.370392001 -1.362025086 -0.349487232 0.196624765 0.916077167 3.648912870
0.000000000 0.449218202 0.794252303 0.500000000 0.500000000 0.000000000 0.000000000 -0.146948164 -0.978499951 0.144720706 0.244604899 0.923065202 -0.083076902 0.375564723 -1.380052068 -0.355467115 0.188775194 0.915427253 3.560166580
0.000000000 0.449218202 0.794252303 0.500000000 0.500000000 0.000000000 0.000000000 -0.146879735 -0.979030150 0.141160576 0.242320820 0.918332233 -0.081940214 0.387235989 -1.388910924 -0.367548981 0.186509426 0.911110301 3.447915515
0.000000000 0.449218202 0.794252303 0.500000000 0.500000000 0.000000000 0.000000000 -0.148085416 -0.978047581 0.146607093 0.233582750 0.913934246 -0.078694807 0.398159919 -1.383350595 -0.377882128 0.192950920 0.905524732 3.345353932
0.000000000 0.449218202 0.794252303 0.500000000 0.500000000 0.000000000 0.000000000 -0.150555248 -0.977292315 0.149106836 0.212171432 0.907399963 -0.076745372 0.413201470 -1.380783252 -0.392375361 0.197509188 0.898349429 3.251132859
0.000000000 0.449218202 0.794252303 0.500000000 0.500000000 0.000000000 0.000000000 -0.152780292 -0.977708950 0.144025664 0.204166910 0.904245703 -0.079497438 0.419547215 -1.385884180 -0.398745396 0.194333134 0.896234759 3.169393509
0.000000000 0.449218202 0.794252303 0.500000000 0.500000000 0.000000000 0.000000000 -0.154853353 -0.977845139 0.140852135 0.204887818 0.901839804 -0.081702942 0.424275379 -1.401559296 -0.403367583 0.192726527 0.894511642 3.082284885
0.000000000 0.449218202 0.794252303 0.500000000 0.500000000 0.000000000 0.000000000 -0.156808579 -0.977298026 0.142476795 0.205039238 0.901766448 -0.082845425 0.424209747 -1.427897734 -0.402775798 0.195000521 0.894285443 2.981937178
0.000000000 0.449218202 0.794252303 0.500000000 0.500000000 0.000000000 0.000000000 -0.156683293 -0.975596893 0.153821482 0.187900406 0.904133310 -0.079003553 0.419882599 -1.458678979 -0.397483715 0.204863714 0.894448184 2.899455175
0.000000000 0.449218202 0.794252303 0.500000000 0.500000000 0.000000000 0.000000000 -0.157104089 -0.975920057 0.151322000 0.173350170 0.904840614 -0.080847815 0.418003702 -1.485790953 -0.395704143 0.202592382 0.895753625 2.807182206
0.000000000 0.449218202 0.794252303 0.500000000 0.500000000 0.000000000 0.000000000 -0.157076431 -0.977246425 0.142535680 0.167612737 0.903152460 -0.083751900 0.421071554 -1.501395060 -0.399553036 0.194871867 0.895757962 2.720759007
0.000000000 0.449218202 0.794252303 0.500000000 0.500000000 0.000000000 0.000000000 -0.157418033 -0.978030784 0.136657780 0.166413906 0.899833547 -0.085047694 0.427862685 -1.508511152 -0.406840448 0.190322557 0.893452950 2.614750484
0.000000000 0.449218202 0.794252303 0.500000000 0.500000000 0.000000000 0.000000000 -0.158702812 -0.977933765 0.135863790 0.153501064 0.894516270 -0.084169931 0.439039936 -1.507152429 -0.417916332 0.191209244 0.888135668 2.507913891
0.000000000 0.449218202 0.794252303 0.500000000 0.500000000 0.000000000 0.000000000 -0.159175961 -0.977966478 0.135072504 0.134972620 0.891367820 -0.083548453 0.445514382 -1.508243542 -0.424413033 0.191314464 0.885026753 2.418677591
0.000000000 0.449218202 0.794252303 0.500000000 0.500000000 0.000000000 0.000000000 -0.159929929 -0.979075202 0.125833887 0.128011559 0.888392452 -0.087187880 0.450729547 -1.517047007 -0.430326932 0.183875019 0.883746971 2.327603707
0.000000000 0.449218202 0.794252303 0.500000000 0.500000000 0.000000000 0.000000000 -0.160457819 -0.979547764 0.121406203 0.128836808 0.887838679 -0.089492016 0.451368651 -1.533199964 -0.431272267 0.180214752 0.884040087 2.245077301
0.000000000 0.449218202 0.794252303 0.500000000 0.500000000 0.000000000 0.000000000 -0.161787646 -0.979378973 0.121002415 0.129939639 0.887564050 -0.090819743 0.451643478 -1.564387781 -0.431340717 0.180467728 0.883955081 2.139608260
0.000000000 0.449218202 0.794252303 0.500000000 0.500000000 0.000000000 0.000000000 -0.162545063 -0.977675713 0.133151430 0.104932790 0.887609544 -0.085943142 0.452507540 -1.606899852 -0.430962179 0.191739347 0.881763927 2.036665886
0.000000000 0.449218202 0.794252303 0.500000000 0.500000000 0.000000000 0.000000000 -0.162502961 -0.978736350 0.125171662 0.093339992 0.888700263 -0.090059681 0.449556554 -1.634012939 -0.428724421 0.184294360 0.884438217 1.940324843
0.000000000 0.449218202 0.794252303 0.500000000 0.500000000 0.000000000 0.000000000 -0.162264750 -0.979437006 0.119888706 0.089634954 0.888706852 -0.092261324 0.449096849 -1.652202431 -0.428800983 0.179418503 0.885403139 1.852056945
0.000000000 0.449218202 0.794252303 0.500000000 0.500000000 0.000000000 0.000000000 -0.161323051 -0.979606237 0.119776851 0.086620461 0.888798418 -0.091459531 0.449079643 -1.665247317 -0.428966484 0.178904374 0.885427005 1.733585574
0.000000000 0.449218202 0.794252303 0.500000000 0.500000000 0.000000000 0.000000000 -0.160784013 -0.979357855 0.122501810 0.070300606 0.888211326 -0.089452102 0.450642831 -1.668182854 -0.430382552 0.181263658 0.884259207 1.642803410
0.000000000 0.449218202 0.794252303 0.500000000 0.500000000 0.000000000 0.000000000 -0.159448493 -0.979492453 0.123169446 0.053010753 0.891253896 -0.089170247 0.444651728 -1.675129202 -0.424549962 0.180674296 0.887194527 1.530033631
0.000000000 0.449218202 0.794252303 0.500000000 0.500000000 0.000000000 0.000000000 -0.158114548 -0.980299234 0.118377366 0.045387925 0.894186232 -0.091299265 0.438286923 -1.687808404 -0.418844568 0.175150950 0.891005821 1.432373415
0.000000000 0.449218202 0.794252303 0.500000000 0.500000000 0.000000000 0.000000000 -0.158275139 -0.980623501 0.115440588 0.048368225 0.896738737 -0.093821190 0.432501123 -1.707922017 -0.413289992 0.171974223 0.894212642 1.337573323
0.000000000 0.449218202 0.794252303 0.500000000 0.500000000 0.000000000 0.000000000 -0.158833831 -0.979891424 0.120766766 0.033388536 0.897745186 -0.092435875 0.430707778 -1.742807637 -0.410883677 0.176828749 0.894374752 1.223973294
0.000000000 0.449218202 0.794252303 0.500000000 0.500000000 0.000000000 0.000000000 -0.159577283 -0.979838653 0.120213579 0.013365415 0.898073326 -0.093531696 0.429786135 -1.773386953 -0.409877288 0.176544713 0.894892493 1.111722817
0.000000000 0.449218202 0.794252303 0.500000000 0.500000000 0.000000000 0.000000000 -0.160309353 -0.980605122 0.112758615 0.006033944 0.898149024 -0.097529345 0.428738098 -1.787032037 -0.409425502 0.170004768 0.896364400 1.027547064
0.000000000 0.449218202 0.794252303 0.500000000 0.500000000 0.000000000 0.000000000 -0.161353620 -0.980880400 0.108805561 0.006285749 0.895831134 -0.099314796 0.433154880 -1.802488880 -0.414067130 0.167362517 0.894728003 0.910330371
0.000000000 0.449218202 0.794252303 0.500000000 0.500000000 0.000000000 0.000000000 -0.162787719 -0.980235021 0.112425361 0.000498001 0.889474321 -0.096483928 0.446683651 -1.803736432 -0.427007718 0.172714085 0.887600278 0.822262005
0.000000000 0.449218202 0.794252303 0.500000000 0.500000000 0.000000000 0.000000000 -0.164258728 -0.979950290 0.112767461 -0.021094374 0.885346247 -0.096053563 0.454901897 -1.807562604 -0.434949529 0.174559855 0.883372947 0.710452197
0.000000000 0.449218202 0.794252303 0.500000000 0.500000000 0.000000000 0.000000000 -0.164075348 -0.980821540 0.105206401 -0.028823411 0.886739193 -0.099924477 0.451341005 -1.819124922 -0.432172285 0.167344572 0.886128044 0.599983986
0.000000000 0.449218202 0.794252303 0.500000000 0.500000000 0.000000000 0.000000000 -0.163840652 -0.981168478 0.102296912 -0.027299742 0.886996913 -0.101139532 0.450563282 -1.835819463 -0.431732228 0.164557627 0.886864178 0.514751119
0.000000000 0.449218202 0.794252303 0.500000000 0.500000000 0.000000000 0.000000000 -0.164884716 -0.980418055 0.107672963 -0.033501832 0.885592945 -0.099103024 0.453766159 -1.869485668 -0.434209819 0.170173521 0.884591887 0.404201837
0.000000000 0.449218202 0.794252303 0.500000000 0.500000000 0.000000000 0.000000000 -0.166957151 -0.979329691 0.114186976 -0.054640391 0.881061147 -0.096206362 0.463115095 -1.900897709 -0.442556850 0.177926085 0.878911681 0.302649727
0.000000000 0.449218202 0.794252303 0.500000000 0.500000000 0.000000000 0.000000000 -0.168204230 -0.979849808 0.107711144 -0.064348438 0.878424611 -0.099410821 0.467426670 -1.917957240 -0.447300280 0.173239263 0.877445507 0.229493724
0.000000000 0.449218202 0.794252303 0.500000000 0.500000000 0.000000000 0.000000000 -0.170116952 -0.980441170 0.098971388 -0.064027819 0.872506081 -0.103178902 0.477584813 -1.933039871 -0.458032054 0.167598410 0.872993362 0.126731693
0.000000000 0.449218202 0.794252303 0.500000000 0.500000000 0.000000000 0.000000000 -0.172151483 -0.980315184 0.096674744 -0.064205844 0.866219299 -0.103917884 0.488738375 -1.935079036 -0.469071415 0.167878565 0.867057550 0.042843031
0.000000000 0.449218202 0.794252303 0.500000000 0.500000000 0.000000000 0.000000000 -0.176206992 -0.979698690 0.095611570 -0.081292546 0.854761378 -0.104112775 0.508471746 -1.933292617 -0.488194718 0.171321355 0.855754001 -0.069817171
0.000000000 0.449218202 0.794252303 0.500000000 0.500000000 0.000000000 0.000000000 -0.179567648 -0.979375570 0.092622640 -0.094693921 0.848487380 -0.106544618 0.518379601 -1.934909249 -0.497819873 0.171673347 0.850119777 -0.153219757
0.000000000 0.449218202 0.794252303 0.500000000 0.500000000 0.000000000 0.000000000 -0.183230697 -0.979235061 0.086747952 -0.101584554 0.842939767 -0.111094051 0.526413014 -1.936427458 -0.505844898 0.169578321 0.845792015 -0.235982717
0.000000000 0.449218202 0.794252303 0.500000000 0.500000000 0.000000000 0.000000000 -0.191069527 -0.978587204 0.076547501 -0.099563841 0.830559169 -0.119619247 0.543932626 -1.954581278 -0.523128953 0.167506178 0.835630168 -0.376373354
0.000000000 0.449218202 0.794252303 0.500000000 0.500000000 0.000000000 0.000000000 -0.194488479 -0.977927264 0.076370788 -0.106036266 0.822879463 -0.120283909 0.555338789 -1.965466967 -0.533894766 0.170850949 0.828110097 -0.422932895
0.000000000 0.449218202 0.794252303 0.500000000 0.500000000 0.000000000 0.000000000 -0.202966399 -0.975992791 0.079010842 -0.126213413 0.801132681 -0.119121992 0.586512044 -1.980637542 -0.563019598 0.182340405 0.806077483 -0.510481062
0.000000000 0.449218202 0.794252303 0.500000000 0.500000000 0.000000000 0.000000000 -0.209396028 -0.975048229 0.073717400 -0.138881310 0.782069267 -0.121745063 0.611183934 -1.982881267 -0.586959082 0.185631601 0.788048186 -0.589120517
0.000000000 0.449218202 0.794252303 0.500000000 0.500000000 0.000000000 0.000000000 -0.216078252 -0.974223944 0.064791164 -0.144837805 0.757987262 -0.125549708 0.640072325 -1.973027492 -0.615439274 0.187416586 0.765577902 -0.659694008
0.000000000 0.449218202 0.794252303 0.500000000 0.500000000 0.000000000 0.000000000 -0.219544337 -0.973736647 0.060309429 -0.147352710 0.742140473 -0.126561817 0.658186618 -1.956946182 -0.633267559 0.189259212 0.750435306 -0.698846863
0.000000000 0.449218202 0.794252303 0.500000000 0.500000000 0.000000000 0.000000000 -0.227681698 -0.972520780 0.048624860 -0.154848987 0.691726636 -0.126393812 0.711012563 -1.887212885 -0.685328611 0.195519658 0.701496086 -0.787171668
0.000000000 0.449218202 0.794252303 0.500000000 0.500000000 0.000000000 0.000000000 -0.230461578 -0.971980282 0.046279503 -0.164618520 0.675424642 -0.125547628 0.726663159 -1.854029631 -0.700491980 0.198726255 0.685433338 -0.823311132
0.000000000 0.449218202 0.794252303 0.500000000 0.500000000 0.000000000 0.000000000 -0.237574748 -0.970537415 0.040191599 -0.182537436 0.633210689 -0.123359543 0.764085497 -1.780216760 -0.736615546 0.206977169 0.643861778 -0.901711789
0.000000000 0.449218202 0.794252303 0.500000000 0.500000000 0.000000000 0.000000000 -0.242563928 -0.969492378 0.035316703 -0.188831969 0.605195139 -0.122765286 0.786554212 -1.743710911 -0.758222648 0.212163177 0.616510505 -0.946041494
0.000000000 0.449218202 0.794252303 0.500000000 0.500000000 0.000000000 0.000000000 -0.251594411 -0.967456813 0.026973465 -0.187794628 0.555582830 -0.121550740 0.822528502 -1.699161545 -0.792482159 0.221929568 0.568083881 -1.022276363
0.000000000 0.449218202 0.794252303 0.500000000 0.500000000 0.000000000 0.000000000 -0.255307428 -0.966619978 0.021539139 -0.187570386 0.530725024 -0.121486403 0.838791990 -1.685497599 -0.808176383 0.225581186 0.544025792 -1.051437746
0.000000000 0.449218202 0.794252303 0.500000000 0.500000000 0.000000000 0.000000000 -0.262751618 -0.964860195 -0.002528116 -0.203818354 0.458732206 -0.127226621 0.879419212 -1.642893507 -0.848838236 0.229909092 0.476041447 -1.124348568
0.000000000 0.449218202 0.794252303 0.500000000 0.500000000 0.000000000 0.000000000 -0.262740104 -0.964665887 -0.019681579 -0.215790056 0.417799807 -0.132132932 0.898879419 -1.607850421 -0.869718896 0.227948712 0.437753842 -1.151349936
0.000000000 0.449218202 0.794252303 0.500000000 0.500000000 0.000000000 0.000000000 -0.260583413 -0.964918685 -0.032065826 -0.222765343 0.388167458 -0.135122419 0.911629287 -1.566653326 -0.883980944 0.225108561 0.409760694 -1.184013093
0.000000000 0.449218202 0.794252303 0.500000000 0.500000000 0.000000000 0.000000000 -0.253146016 -0.966052200 -0.051577523 -0.233606360 0.344363681 -0.139803272 0.928368838 -1.488898940 -0.904063466 0.217251447 0.368063933 -1.244329144
0.000000000 0.449218202 0.794252303 0.500000000 0.500000000 0.000000000 0.000000000 -0.236000493 -0.968627495 -0.077875172 -0.256367467 0.287072229 -0.146056434 0.946708537 -1.388057741 -0.928382088 0.201067883 0.312535445 -1.309049514
0.000000000 0.449218202 0.794252303 0.500000000 0.500000000 0.000000000 0.000000000 -0.222774130 -0.970984597 -0.086951709 -0.265464375 0.263078932 -0.145762338 0.953699542 -1.326707813 -0.938701850 0.189584423 0.287917669 -1.331119967
0.000000000 0.449218202 0.794252303 0.500000000 0.500000000 0.000000000 0.000000000 -0.214768121 -0.972448356 -0.090657865 -0.269833191 0.249770458 -0.144424404 0.957473921 -1.291022268 -0.944187149 0.182991219 0.273906629 -1.338460622
0.000000000 0.449218202 0.794252303 0.500000000 0.500000000 0.000000000 0.000000000 -0.192542272 -0.976511030 -0.096714433 -0.281126419 0.212318691 -0.137680946 0.967452702 -1.173239527 -0.958043969 0.165741259 0.233840945 -1.357804720
0.000000000 0.449218202 0.794252303 0.500000000 0.500000000 0.000000000 0.000000000 -0.177857114 -0.978875343 -0.100845968 -0.290309885 0.186965092 -0.134227150 0.973153188 -1.068206430 -0.966131928 0.154227542 0.206888772 -1.373892760
0.000000000 0.449218202 0.794252303 0.500000000 0.500000000 0.000000000 0.000000000 -0.162848888 -0.981984393 -0.095848278 -0.312629840 0.147333850 -0.120258613 0.981748747 -0.959695136 -0.975588528 0.145754996 0.164263523 -1.392228368
0.000000000 0.449218202 0.794252303 0.500000000 0.500000000 0.000000000 0.000000000 -0.154316056 -0.984036600 -0.088648322 -0.325107162 0.121746417 -0.107977801 0.986670464 -0.879436133 -0.980491899 0.141466479 0.136465639 -1.415018395
0.000000000 0.449218202 0.794252303 0.500000000 0.500000000 0.000000000 0.000000000 -0.146711268 -0.985855603 -0.081021805 -0.326015004 0.097204454 -0.095880216 0.990635290 -0.790800537 -0.984391740 0.137461679 0.109896264 -1.454758918
