0.000000000 0.452599560 0.804319408 0.500000000 0.500000000 0.000000000 0.000000000 0.054572959 -0.985165905 0.162695827 -0.745307752 0.990322817 0.032579703 -0.134904712 -3.413744479 0.127602941 0.168483539 0.977410245 0.367859336
0.000000000 0.452599560 0.804319408 0.500000000 0.500000000 0.000000000 0.000000000 0.052149550 -0.985759068 0.159873340 -0.749385830 0.990889732 0.031172008 -0.131018494 -3.382127232 0.124169096 0.165249407 0.978404144 0.357672904
0.000000000 0.452599560 0.804319408 0.500000000 0.500000000 0.000000000 0.000000000 0.048276849 -0.986815969 0.154478442 -0.747551264 0.991842952 0.029095762 -0.124100749 -3.333471397 0.117969932 0.159209547 0.980171115 0.321625178
0.000000000 0.452599560 0.804319408 0.500000000 0.500000000 0.000000000 0.000000000 0.041700026 -0.988363778 0.146281069 -0.735592461 0.993606069 0.025648143 -0.109950685 -3.261346061 0.104919437 0.149930704 0.983113776 0.270369748
0.000000000 0.452599560 0.804319408 0.500000000 0.500000000 0.000000000 0.000000000 0.033547759 -0.990099428 0.136299932 -0.724127754 0.995800303 0.021489741 -0.088994089 -3.129929336 0.085183947 0.138713066 0.986662242 0.205342025
0.000000000 0.452599560 0.804319408 0.500000000 0.500000000 0.000000000 0.000000000 0.027319730 -0.990884738 0.131913107 -0.716693732 0.997016672 0.017480190 -0.075181104 -3.006727602 0.072189943 0.133573494 0.988406158 0.151139919
0.000000000 0.452599560 0.804319408 0.500000000 0.500000000 0.000000000 0.000000000 0.020251558 -0.991359798 0.129597935 -0.724602996 0.998317724 0.013007267 -0.056502504 -2.844057617 0.054328596 0.130524179 0.989955475 0.099596100
0.000000000 0.452599560 0.804319408 0.500000000 0.500000000 0.000000000 0.000000000 0.012795911 -0.992090558 0.124870294 -0.742963599 0.999102085 0.007641141 -0.041672977 -2.662586981 0.040389215 0.125291415 0.991297520 0.067653920
0.000000000 0.452599560 0.804319408 0.500000000 0.500000000 0.000000000 0.000000000 0.007576816 -0.993268570 0.115586067 -0.756077866 0.999773665 0.005226569 -0.020622854 -2.576240187 0.019879914 0.115716161 0.993083360 0.061015224
0.000000000 0.452599560 0.804319408 0.500000000 0.500000000 0.000000000 0.000000000 -0.000624947 -0.995838044 0.091138353 -0.759142604 0.999867307 0.000861298 0.016267328 -2.411379737 -0.016278122 0.091136426 0.995705365 0.097145963
0.000000000 0.452599560 0.804319408 0.500000000 0.500000000 0.000000000 0.000000000 -0.007218428 -0.997592071 0.068977920 -0.771297415 0.999032248 -0.004201528 0.043782573 -2.204984068 -0.043387335 0.069227208 0.996656979 0.148657025
0.000000000 0.452599560 0.804319408 0.500000000 0.500000000 0.000000000 0.000000000 -0.011227191 -0.998624820 0.051209557 -0.760663382 0.998350031 -0.008310530 0.056816824 -1.980810544 -0.056313112 0.051762956 0.997070424 0.171640281
0.000000000 0.452599560 0.804319408 0.500000000 0.500000000 0.000000000 0.000000000 -0.014122645 -0.999278688 0.035251316 -0.755498151 0.997937566 -0.011878312 0.063083436 -1.814992037 -0.062619207 0.036069517 0.997385495 0.189797372
0.000000000 0.452599560 0.804319408 0.500000000 0.500000000 0.000000000 0.000000000 -0.017468451 -0.999739457 0.014692528 -0.735682200 0.997537141 -0.016427836 0.068189288 -1.605487378 -0.067930155 0.015847504 0.997564209 0.200912811
0.000000000 0.452599560 0.804319408 0.500000000 0.500000000 0.000000000 0.000000000 -0.019682951 -0.999805827 -0.000943561 -0.725648131 0.997598158 -0.019702160 0.066405880 -1.471712459 -0.066411576 0.000365769 0.997792247 0.214627615
0.000000000 0.452599560 0.804319408 0.500000000 0.500000000 0.000000000 0.000000000 -0.020542383 -0.999729334 -0.010921000 -0.732655381 0.997894485 -0.021174369 0.061304514 -1.382575853 -0.061519166 -0.009638665 0.998059361 0.213020777
0.000000000 0.452599560 0.804319408 0.500000000 0.500000000 0.000000000 0.000000000 -0.020741830 -0.999718020 -0.011561009 -0.735072230 0.998520934 -0.021295489 0.050024459 -1.290179400 -0.050256550 -0.010506311 0.998681079 0.167898145
0.000000000 0.452599560 0.804319408 0.500000000 0.500000000 0.000000000 0.000000000 -0.019083352 -0.999742533 -0.012275743 -0.730480138 0.999051305 -0.019547990 0.038914855 -1.192962348 -0.039144802 -0.011521471 0.999167123 0.069048360
0.000000000 0.452599560 0.804319408 0.500000000 0.500000000 0.000000000 0.000000000 -0.016259664 -0.999806401 -0.011080826 -0.728155359 0.999283407 -0.016628009 0.034002685 -1.077536370 -0.034180354 -0.010520014 0.999360312 -0.048201990
0.000000000 0.452599560 0.804319408 0.500000000 0.500000000 0.000000000 0.000000000 -0.013100768 -0.999904649 -0.004365982 -0.751757713 0.999274644 -0.013248404 0.035702456 -0.919883390 -0.035756894 -0.003895085 0.999352927 -0.158552752
0.000000000 0.452599560 0.804319408 0.500000000 0.500000000 0.000000000 0.000000000 -0.011957370 -0.999927540 0.001391665 -0.782424108 0.999360833 -0.011903679 0.033707969 -0.787406488 -0.033688960 0.001793834 0.999430756 -0.217950629
0.000000000 0.452599560 0.804319408 0.500000000 0.500000000 0.000000000 0.000000000 -0.012820187 -0.999917396 -0.000919070 -0.790484501 0.999163044 -0.012846210 0.038835379 -0.648288230 -0.038843978 -0.000420424 0.999245199 -0.285011099
0.000000000 0.452599560 0.804319408 0.500000000 0.500000000 0.000000000 0.000000000 -0.017110742 -0.999820186 -0.008174273 -0.800744225 0.998418775 -0.017523444 0.053412346 -0.479047828 -0.053545984 -0.007247423 0.998539084 -0.332467179
0.000000000 0.452599560 0.804319408 0.500000000 0.500000000 0.000000000 0.000000000 -0.022811311 -0.999620986 -0.015411959 -0.800572491 0.996803206 -0.023922317 0.076230518 -0.356165836 -0.076570316 -0.013623772 0.996971103 -0.344949075
0.000000000 0.452599560 0.804319408 0.500000000 0.500000000 0.000000000 0.000000000 -0.032723444 -0.999149618 -0.025084193 -0.793865205 0.993765513 -0.035202944 0.105786847 -0.190734606 -0.106579925 -0.021466096 0.994072395 -0.351203684
0.000000000 0.452599560 0.804319408 0.500000000 0.500000000 0.000000000 0.000000000 -0.045000884 -0.998384082 -0.034700801 -0.768927487 0.989028851 -0.049417775 0.139211404 -0.074583944 -0.140701286 -0.028055458 0.989654505 -0.334232796
0.000000000 0.452599560 0.804319408 0.500000000 0.500000000 0.000000000 0.000000000 -0.055279143 -0.997583378 -0.042090629 -0.769329211 0.983546074 -0.061665893 0.169807062 -0.014677200 -0.171992258 -0.032011284 0.984578052 -0.310512673
0.000000000 0.452599560 0.804319408 0.500000000 0.500000000 0.000000000 0.000000000 -0.065270655 -0.996695602 -0.048348929 -0.752115282 0.975956902 -0.073860217 0.205067777 0.055164207 -0.207961214 -0.033801563 0.977552857 -0.283462898
0.000000000 0.452599560 0.804319408 0.500000000 0.500000000 0.000000000 0.000000000 -0.070928364 -0.996125881 -0.051984587 -0.722550538 0.969361962 -0.081122400 0.231854571 0.114719747 -0.235173453 -0.033946816 0.971360417 -0.256471480
0.000000000 0.452599560 0.804319408 0.500000000 0.500000000 0.000000000 0.000000000 -0.071583124 -0.996060351 -0.052341507 -0.711901783 0.967770963 -0.082061183 0.238086801 0.130874026 -0.241444028 -0.033611593 0.969832481 -0.248305685
0.000000000 0.452599560 0.804319408 0.500000000 0.500000000 0.000000000 0.000000000 -0.070228274 -0.996290565 -0.049730262 -0.703506671 0.967876497 -0.080121139 0.238318462 0.153693656 -0.241418880 -0.031396058 0.969912992 -0.243543716
0.000000000 0.452599560 0.804319408 0.500000000 0.500000000 0.000000000 0.000000000 -0.066130522 -0.996899563 -0.042638186 -0.699747610 0.971986905 -0.074019024 0.223075416 0.187026953 -0.225539822 -0.026691665 0.973868237 -0.247695966
0.000000000 0.452599560 0.804319408 0.500000000 0.500000000 0.000000000 0.000000000 -0.058916510 -0.997650843 -0.034951977 -0.706190561 0.978688847 -0.064625397 0.194914593 0.241557587 -0.196715493 -0.022723423 0.980197256 -0.252083226
0.000000000 0.452599560 0.804319408 0.500000000 0.500000000 0.000000000 0.000000000 -0.048145455 -0.998399406 -0.029675598 -0.718157302 0.985247150 -0.052354099 0.162932811 0.295634650 -0.164225661 -0.021393324 0.986190782 -0.248735726
0.000000000 0.452599560 0.804319408 0.500000000 0.500000000 0.000000000 0.000000000 -0.037419430 -0.998980885 -0.025238409 -0.719894001 0.990709442 -0.040390385 0.129859226 0.334321114 -0.130746274 -0.020144671 0.991211180 -0.259007721
0.000000000 0.452599560 0.804319408 0.500000000 0.500000000 0.000000000 0.000000000 -0.024304331 -0.999458908 -0.022162826 -0.726241579 0.995729854 -0.026176697 0.088525924 0.391704131 -0.089058173 -0.019916624 0.995827279 -0.279966425
0.000000000 0.452599560 0.804319408 0.500000000 0.500000000 0.000000000 0.000000000 -0.015345538 -0.999661438 -0.021012490 -0.730911899 0.998075226 -0.016577281 0.059758156 0.431278858 -0.060086254 -0.020055025 0.997991702 -0.294761373
0.000000000 0.452599560 0.804319408 0.500000000 0.500000000 0.000000000 0.000000000 -0.004586826 -0.999805383 -0.019187399 -0.736113756 0.999708993 -0.005039122 0.023591037 0.469786919 -0.023683134 -0.019073607 0.999537546 -0.317776520
0.000000000 0.452599560 0.804319408 0.500000000 0.500000000 0.000000000 0.000000000 0.002407885 -0.999754593 -0.022021728 -0.729800308 0.999906513 0.002703494 -0.013403623 0.467271047 0.013459869 -0.021987395 0.999667638 -0.372139248
0.000000000 0.452599560 0.804319408 0.500000000 0.500000000 0.000000000 0.000000000 0.008708404 -0.999790836 -0.018505340 -0.730871378 0.999469397 0.009283477 -0.031220839 0.408166981 0.031386103 -0.018223637 0.999341189 -0.430439389
0.000000000 0.452599560 0.804319408 0.500000000 0.500000000 0.000000000 0.000000000 0.013223342 -0.999834711 -0.012477759 -0.741965570 0.999177128 0.013691109 -0.038178793 0.341020847 0.038343317 -0.011962641 0.999193017 -0.499005230
0.000000000 0.452599560 0.804319408 0.500000000 0.500000000 0.000000000 0.000000000 0.016690390 -0.999846714 -0.005289509 -0.756641045 0.998562430 0.016937988 -0.050854477 0.257825756 0.050936275 -0.004433124 0.998692066 -0.567011473
0.000000000 0.452599560 0.804319408 0.500000000 0.500000000 0.000000000 0.000000000 0.021253296 -0.999767525 0.003632352 -0.782108341 0.997167003 0.020935525 -0.072247291 0.122890686 0.072154450 0.005157555 0.997380136 -0.658372501
0.000000000 0.452599560 0.804319408 0.500000000 0.500000000 0.000000000 0.000000000 0.024267529 -0.999657260 0.009820840 -0.795776967 0.994642479 0.023156023 -0.100747888 0.016190869 0.100485946 0.012213127 0.994863515 -0.727899836
0.000000000 0.452599560 0.804319408 0.500000000 0.500000000 0.000000000 0.000000000 0.027060342 -0.999531062 0.014331583 -0.809076904 0.992022726 0.025085744 -0.123537919 -0.098802844 0.123120469 0.017560235 0.992236357 -0.798550981
0.000000000 0.452599560 0.804319408 0.500000000 0.500000000 0.000000000 0.000000000 0.028299996 -0.999442953 0.017688791 -0.824027110 0.988947523 0.025417550 -0.146071030 -0.189103735 0.145540056 0.021627095 0.989115949 -0.847148949
0.000000000 0.452599560 0.804319408 0.500000000 0.500000000 0.000000000 0.000000000 0.027373103 -0.999425977 0.019960713 -0.831258114 0.983986214 0.023421160 -0.176699123 -0.234260216 0.176130190 0.024477870 0.984062493 -0.917823191
0.000000000 0.452599560 0.804319408 0.500000000 0.500000000 0.000000000 0.000000000 0.024653336 -0.999461635 0.021648405 -0.839426452 0.978677094 0.019712104 -0.204456791 -0.239109713 0.203919983 0.026227341 0.978636177 -1.004272593
0.000000000 0.452599560 0.804319408 0.500000000 0.500000000 0.000000000 0.000000000 0.019544048 -0.999525385 0.023812497 -0.850859889 0.970753748 0.013270654 -0.239710346 -0.246060383 0.239280569 0.027800981 0.970552376 -1.150266274
0.000000000 0.452599560 0.804319408 0.500000000 0.500000000 0.000000000 0.000000000 0.016149862 -0.999549256 0.025307458 -0.872969032 0.963359275 0.008777890 -0.268070616 -0.248429345 0.267727639 0.028709478 0.963066808 -1.288541039
0.000000000 0.452599560 0.804319408 0.500000000 0.500000000 0.000000000 0.000000000 0.013577930 -0.999403060 0.031767342 -0.916674428 0.951525224 0.003151433 -0.307554576 -0.268359439 0.307270872 0.034403382 0.951000010 -1.476860977
0.000000000 0.452599560 0.804319408 0.500000000 0.500000000 0.000000000 0.000000000 0.014449166 -0.999266363 0.035467700 -0.933126975 0.940492581 0.001538157 -0.339810741 -0.290207818 0.339506888 0.038267090 0.939824826 -1.604066854
0.000000000 0.452599560 0.804319408 0.500000000 0.500000000 0.000000000 0.000000000 0.019913915 -0.999130997 0.036615400 -0.945620001 0.925180348 0.004532331 -0.379500701 -0.325038789 0.379004960 0.041433193 0.924466620 -1.720088917
0.000000000 0.452599560 0.804319408 0.500000000 0.500000000 0.000000000 0.000000000 0.028882570 -0.999007335 0.033913740 -0.966312899 0.900666841 0.011293892 -0.434363546 -0.370220304 0.433549350 0.043090516 0.900098977 -1.828680656
0.000000000 0.452599560 0.804319408 0.500000000 0.500000000 0.000000000 0.000000000 0.039038974 -0.998965402 0.023325602 -0.998808201 0.872571115 0.022705832 -0.487959111 -0.477085568 0.486924643 0.039402669 0.872554767 -1.954939045
0.000000000 0.452599560 0.804319408 0.500000000 0.500000000 0.000000000 0.000000000 0.046753694 -0.998802234 0.014428755 -1.011393123 0.852481646 0.032367172 -0.521754166 -0.598461657 0.520662209 0.036694183 0.852973857 -2.048767823
0.000000000 0.452599560 0.804319408 0.500000000 0.500000000 0.000000000 0.000000000 0.055943705 -0.998427486 -0.003585595 -0.996019435 0.817331461 0.047858574 -0.574176662 -0.770710360 0.573445363 0.029190950 0.818723582 -2.174645061
0.000000000 0.452599560 0.804319408 0.500000000 0.500000000 0.000000000 0.000000000 0.059515293 -0.998022311 -0.020233557 -0.984129267 0.781258837 0.059186930 -0.621394831 -0.825135449 0.621363468 0.021174851 0.783236278 -2.230913414
0.000000000 0.452599560 0.804319408 0.500000000 0.500000000 0.000000000 0.000000000 0.063144001 -0.997604290 -0.028258006 -0.986862671 0.744515374 0.065942599 -0.664340599 -0.876378775 0.664612438 0.020910604 0.746895611 -2.296184433
0.000000000 0.452599560 0.804319408 0.500000000 0.500000000 0.000000000 0.000000000 0.064374714 -0.997402992 -0.032298114 -0.972318280 0.714359319 0.068657480 -0.696402839 -0.879262396 0.696811782 0.021758275 0.716923927 -2.378170531
0.000000000 0.452599560 0.804319408 0.500000000 0.500000000 0.000000000 0.000000000 0.065374921 -0.997224009 -0.035642610 -0.956946946 0.683875209 0.070786921 -0.726156946 -0.853774003 0.726664171 0.023097355 0.686604467 -2.470993379
0.000000000 0.452599560 0.804319408 0.500000000 0.500000000 0.000000000 0.000000000 0.066920382 -0.996974444 -0.039542645 -0.965201249 0.646413941 0.073510842 -0.759437406 -0.814776547 0.760046498 0.025260924 0.649377553 -2.587269503
0.000000000 0.452599560 0.804319408 0.500000000 0.500000000 0.000000000 0.000000000 0.069413685 -0.996718555 -0.041639682 -0.987489956 0.610048807 0.075437188 -0.788764657 -0.784494629 0.789317549 0.029348823 0.613283339 -2.709975455
0.000000000 0.452599560 0.804319408 0.500000000 0.500000000 0.000000000 0.000000000 0.073681347 -0.996258661 -0.045163479 -0.995452483 0.571650485 0.079299698 -0.816656158 -0.773820809 0.817182221 0.034354601 0.575354655 -2.815992951
0.000000000 0.452599560 0.804319408 0.500000000 0.500000000 0.000000000 0.000000000 0.077932468 -0.995420100 -0.055365646 -0.993785558 0.514225075 0.087712205 -0.853158333 -0.785702502 0.854107196 0.038018331 0.518705604 -2.919467845
0.000000000 0.452599560 0.804319408 0.500000000 0.500000000 0.000000000 0.000000000 0.080778971 -0.994417773 -0.067882618 -0.982508507 0.458434542 0.097541104 -0.883359215 -0.809511179 0.885049450 0.040237112 0.463754727 -2.974047016
0.000000000 0.452599560 0.804319408 0.500000000 0.500000000 0.000000000 0.000000000 0.083062064 -0.993127940 -0.082447484 -0.978030288 0.405902480 0.109275589 -0.907359919 -0.900772065 0.910133985 0.041901549 0.412189750 -3.037833092
0.000000000 0.452599560 0.804319408 0.500000000 0.500000000 0.000000000 0.000000000 0.084135348 -0.991606511 -0.098172152 -0.969974916 0.352637226 0.121775756 -0.927802593 -1.061801862 0.931970080 0.043441839 0.359923014 -3.124180161
0.000000000 0.452599560 0.804319408 0.500000000 0.500000000 0.000000000 0.000000000 0.084008134 -0.990125611 -0.112222580 -0.957687937 0.302876335 0.132664237 -0.943751093 -1.229328046 0.949320051 0.045293204 0.311030491 -3.186671119
0.000000000 0.452599560 0.804319408 0.500000000 0.500000000 0.000000000 0.000000000 0.084037935 -0.988663838 -0.124424436 -0.953053054 0.256723409 0.142132603 -0.955976681 -1.389586557 0.962824344 0.048395641 0.265757681 -3.213223516
0.000000000 0.452599560 0.804319408 0.500000000 0.500000000 0.000000000 0.000000000 0.083983583 -0.987505746 -0.133338517 -0.959125592 0.220947685 0.148934704 -0.963846759 -1.514476576 0.971662945 0.051486468 0.230695178 -3.226182355
0.000000000 0.452599560 0.804319408 0.500000000 0.500000000 0.000000000 0.000000000 0.083039272 -0.986429917 -0.141635087 -0.938722912 0.187528700 0.155054432 -0.969943869 -1.609543078 0.978742799 0.053982789 0.197859527 -3.218085813
0.000000000 0.452599560 0.804319408 0.500000000 0.500000000 0.000000000 0.000000000 0.080866101 -0.985205704 -0.151097302 -0.924079871 0.158518691 0.162376596 -0.973912556 -1.688611426 0.984038870 0.054804764 0.169304280 -3.168396620
0.000000000 0.452599560 0.804319408 0.500000000 0.500000000 0.000000000 0.000000000 0.081168458 -0.983609296 -0.161010667 -0.922960383 0.147568537 0.171623015 -0.974047775 -1.789955833 0.985715582 0.055301847 0.159080160 -3.085404683
0.000000000 0.452599560 0.804319408 0.500000000 0.500000000 0.000000000 0.000000000 0.080666489 -0.981272337 -0.174921463 -0.908992485 0.140502628 0.184935510 -0.972655062 -1.883084772 0.986788695 0.053883744 0.152789440 -3.022346273
0.000000000 0.452599560 0.804319408 0.500000000 0.500000000 0.000000000 0.000000000 0.079629915 -0.979953694 -0.182619368 -0.884754430 0.137281630 0.192236409 -0.971698985 -2.000377721 0.987326101 0.052306023 0.149837410 -2.974529441
0.000000000 0.452599560 0.804319408 0.500000000 0.500000000 0.000000000 0.000000000 0.077800621 -0.978132123 -0.192884977 -0.862881236 0.133033817 0.201926640 -0.970323470 -2.104048423 0.988053170 0.049831544 0.145834668 -2.932999650
0.000000000 0.452599560 0.804319408 0.500000000 0.500000000 0.000000000 0.000000000 0.074308315 -0.975223531 -0.208368275 -0.836291638 0.121585349 0.216247005 -0.968738477 -2.185120627 0.989795573 0.046650795 0.134641844 -2.904974655
0.000000000 0.452599560 0.804319408 0.500000000 0.500000000 0.000000000 0.000000000 0.073335690 -0.974095606 -0.213915002 -0.818848605 0.123865299 0.221728082 -0.967209411 -2.276980046 0.989585400 0.044434324 0.136917225 -2.914977839
0.000000000 0.452599560 0.804319408 0.500000000 0.500000000 0.000000000 0.000000000 0.067196517 -0.974493374 -0.214119809 -0.785015932 0.094142691 0.219840080 -0.970982746 -2.368457331 0.993288368 0.045088843 0.106513916 -2.956588004
0.000000000 0.452599560 0.804319408 0.500000000 0.500000000 0.000000000 0.000000000 0.066332012 -0.973963826 -0.216782216 -0.778092873 0.086385138 0.222050527 -0.971200891 -2.438013293 0.994051142 0.045694948 0.098865058 -2.990690533
