0.000000000 0.449228792 0.798885175 0.500000000 0.500000000 0.000000000 0.000000000 -0.013459333 -0.997514103 0.069169793 0.347576619 0.999757850 -0.014629478 -0.016438353 0.240878298 0.017409407 0.068931795 0.997469458 4.261654202
0.000000000 0.449228792 0.798885175 0.500000000 0.500000000 0.000000000 0.000000000 -0.013399521 -0.997619113 0.067650266 0.350620021 0.999730580 -0.014648828 -0.018004961 0.221711601 0.018953090 0.067390781 0.997546622 4.268649167
0.000000000 0.449228792 0.798885175 0.500000000 0.500000000 0.000000000 0.000000000 -0.012456380 -0.998179396 0.059014672 0.357068224 0.999460414 -0.014222819 -0.029607317 0.184861065 0.030392768 0.058614029 0.997817957 4.266544457
0.000000000 0.449228792 0.798885175 0.500000000 0.500000000 0.000000000 0.000000000 -0.009988328 -0.998778918 0.048382911 0.367364839 0.998642063 -0.012437637 -0.050589863 0.128642807 0.051129857 0.047811902 0.997546871 4.248595997
0.000000000 0.449228792 0.798885175 0.500000000 0.500000000 0.000000000 0.000000000 -0.008798795 -0.999215037 0.038625011 0.368502078 0.998499740 -0.010867025 -0.053667285 0.091330654 0.054044897 0.038094856 0.997811571 4.224857845
0.000000000 0.449228792 0.798885175 0.500000000 0.500000000 0.000000000 0.000000000 -0.005463233 -0.999687392 0.024398198 0.370084186 0.997880607 -0.007032181 -0.064690365 0.038358191 0.064841715 0.023993071 0.997607079 4.170899358
0.000000000 0.449228792 0.798885175 0.500000000 0.500000000 0.000000000 0.000000000 -0.000271239 -0.999839053 0.017938620 0.366961443 0.996953708 -0.001669494 -0.077977665 -0.022271303 0.077995063 0.017862823 0.996793705 4.115861651
0.000000000 0.449228792 0.798885175 0.500000000 0.500000000 0.000000000 0.000000000 0.009977768 -0.999840690 0.014799954 0.345279631 0.995394600 0.008520030 -0.095482984 -0.126478465 0.095341676 0.015684501 0.995321034 4.036714633
0.000000000 0.449228792 0.798885175 0.500000000 0.500000000 0.000000000 0.000000000 0.021788899 -0.999605355 0.017730700 0.324331747 0.992863596 0.019555259 -0.117641281 -0.224690472 0.117248126 0.020167440 0.992897855 3.973345728
0.000000000 0.449228792 0.798885175 0.500000000 0.500000000 0.000000000 0.000000000 0.033757325 -0.999260312 0.018419351 0.313902911 0.989420682 0.030811765 -0.141765117 -0.318653330 0.141092722 0.023010098 0.989728942 3.925530771
0.000000000 0.449228792 0.798885175 0.500000000 0.500000000 0.000000000 0.000000000 0.052118664 -0.998362906 0.023561671 0.298941558 0.981968081 0.046940950 -0.183126279 -0.474986578 0.181720477 0.032681106 0.982807007 3.853581625
0.000000000 0.449228792 0.798885175 0.500000000 0.500000000 0.000000000 0.000000000 0.068774708 -0.997196034 0.029497617 0.263199674 0.974241557 0.060767717 -0.217165082 -0.607623371 0.214763655 0.043673269 0.975689099 3.797722692
0.000000000 0.449228792 0.798885175 0.500000000 0.500000000 0.000000000 0.000000000 0.082089589 -0.996003104 0.035201069 0.246563646 0.966940413 0.071038664 -0.244907627 -0.694049747 0.241428120 0.054141703 0.968907188 3.735812391
0.000000000 0.449228792 0.798885175 0.500000000 0.500000000 0.000000000 0.000000000 0.092437667 -0.994889051 0.040633157 0.232233449 0.960370127 0.078305121 -0.267502386 -0.744890229 0.262953410 0.063750167 0.962700068 3.653460572
0.000000000 0.449228792 0.798885175 0.500000000 0.500000000 0.000000000 0.000000000 0.102569722 -0.993520756 0.048948547 0.221130056 0.952873582 0.084011664 -0.291502961 -0.785825061 0.285501993 0.076541155 0.955316735 3.517986667
0.000000000 0.449228792 0.798885175 0.500000000 0.500000000 0.000000000 0.000000000 0.109292956 -0.991971861 0.063615074 0.171078185 0.947424483 0.084594697 -0.308594534 -0.811536594 0.300735597 0.093997687 0.949064031 3.349374110
0.000000000 0.449228792 0.798885175 0.500000000 0.500000000 0.000000000 0.000000000 0.111835696 -0.991681298 0.063725817 0.149996217 0.939076785 0.084494303 -0.333159879 -0.832048622 0.325003952 0.097102603 0.940714364 3.235724558
0.000000000 0.449228792 0.798885175 0.500000000 0.500000000 0.000000000 0.000000000 0.112536950 -0.991617566 0.063482575 0.136119731 0.930962269 0.082889200 -0.355582105 -0.873583846 0.347339442 0.099116008 0.932486638 3.110664556
0.000000000 0.449228792 0.798885175 0.500000000 0.500000000 0.000000000 0.000000000 0.112173999 -0.991615897 0.064147540 0.122079844 0.924607807 0.080508835 -0.372315364 -0.943640732 0.364029390 0.101075419 0.925886798 2.989954384
0.000000000 0.449228792 0.798885175 0.500000000 0.500000000 0.000000000 0.000000000 0.111817989 -0.991665425 0.064003293 0.077671301 0.916814011 0.078103458 -0.391601735 -1.042847595 0.383339023 0.102467234 0.917906128 2.853486266
0.000000000 0.449228792 0.798885175 0.500000000 0.500000000 0.000000000 0.000000000 0.110503716 -0.991698343 0.065751999 0.044757541 0.909780392 0.074298703 -0.408386265 -1.131454031 0.400110694 0.104948079 0.910437990 2.725171603
0.000000000 0.449228792 0.798885175 0.500000000 0.500000000 0.000000000 0.000000000 0.109151496 -0.991815301 0.066244699 0.025422434 0.903154833 0.071115827 -0.423383853 -1.195096705 0.415207537 0.106042201 0.903525181 2.611358237
0.000000000 0.449228792 0.798885175 0.500000000 0.500000000 0.000000000 0.000000000 0.108183354 -0.991758998 0.068632726 0.010055294 0.896148701 0.067401150 -0.438605279 -1.246161471 0.430364807 0.108954918 0.896055221 2.479416416
0.000000000 0.449228792 0.798885175 0.500000000 0.500000000 0.000000000 0.000000000 0.109620702 -0.991160525 0.074726934 -0.016822040 0.887515639 0.063752289 -0.456345961 -1.290408903 0.447548090 0.116346287 0.886659037 2.318174985
0.000000000 0.449228792 0.798885175 0.500000000 0.500000000 0.000000000 0.000000000 0.113371980 -0.990053099 0.083316591 -0.059697148 0.874043033 0.059509480 -0.482190209 -1.332166398 0.472435784 0.127489145 0.872095722 2.186317852
0.000000000 0.449228792 0.798885175 0.500000000 0.500000000 0.000000000 0.000000000 0.117385006 -0.989709785 0.081824830 -0.084582739 0.859155331 0.059884910 -0.508198696 -1.391914390 0.498069150 0.129955146 0.857344028 2.067681853
0.000000000 0.449228792 0.798885175 0.500000000 0.500000000 0.000000000 0.000000000 0.123125579 -0.989550843 0.075028137 -0.098923243 0.842112465 0.064180956 -0.535469327 -1.470803647 0.525058747 0.129112100 0.841215417 1.951836891
0.000000000 0.449228792 0.798885175 0.500000000 0.500000000 0.000000000 0.000000000 0.129901605 -0.989476778 0.063728165 -0.145623777 0.820725500 0.071238010 -0.566864005 -1.600522816 0.556358901 0.125939875 0.821342755 1.813219640
0.000000000 0.449228792 0.798885175 0.500000000 0.500000000 0.000000000 0.000000000 0.136208115 -0.989066824 0.056516970 -0.169574490 0.807485403 0.077789039 -0.584736000 -1.686423018 0.573946577 0.125282417 0.809252521 1.713026984
0.000000000 0.449228792 0.798885175 0.500000000 0.500000000 0.000000000 0.000000000 0.143881170 -0.988348353 0.049656234 -0.185211608 0.794765974 0.085511680 -0.600861714 -1.761550623 0.589614498 0.125917771 0.797809162 1.599711955
0.000000000 0.449228792 0.798885175 0.500000000 0.500000000 0.000000000 0.000000000 0.151270313 -0.987469252 0.044964083 -0.192754017 0.786669968 0.092716806 -0.610371981 -1.806739282 0.598554637 0.127703054 0.790837705 1.498522767
0.000000000 0.449228792 0.798885175 0.500000000 0.500000000 0.000000000 0.000000000 0.158346780 -0.986346459 0.045243347 -0.202041624 0.782724148 0.097461905 -0.614690235 -1.852851862 0.601888034 0.132747279 0.787469971 1.386480010
0.000000000 0.449228792 0.798885175 0.500000000 0.500000000 0.000000000 0.000000000 0.164949536 -0.984945988 0.051701552 -0.239648319 0.778741621 0.097889284 -0.619660533 -1.905395997 0.605271128 0.142474867 0.783165227 1.253498222
0.000000000 0.449228792 0.798885175 0.500000000 0.500000000 0.000000000 0.000000000 0.169452721 -0.983951099 0.055910737 -0.267936332 0.775411728 0.098093342 -0.623790308 -1.955956326 0.608294688 0.149056806 0.779589405 1.142246240
0.000000000 0.449228792 0.798885175 0.500000000 0.500000000 0.000000000 0.000000000 0.173226916 -0.983079685 0.059554746 -0.289392846 0.768926456 0.097210735 -0.631903615 -2.028177807 0.615422246 0.155255935 0.772755494 1.033616245
0.000000000 0.449228792 0.798885175 0.500000000 0.500000000 0.000000000 0.000000000 0.175889670 -0.982525226 0.060885179 -0.308151552 0.760391425 0.096322730 -0.642282502 -2.122064395 0.625194134 0.159267426 0.764045930 0.916285304
0.000000000 0.449228792 0.798885175 0.500000000 0.500000000 0.000000000 0.000000000 0.177639092 -0.982375971 0.058153279 -0.344320759 0.743177510 0.095180516 -0.662289859 -2.255593017 0.645082585 0.160866779 0.746987509 0.773048039
0.000000000 0.449228792 0.798885175 0.500000000 0.500000000 0.000000000 0.000000000 0.179072251 -0.982221461 0.056339425 -0.397975528 0.727601261 0.093671684 -0.679574882 -2.392748180 0.662215625 0.162685641 0.731439573 0.623246583
0.000000000 0.449228792 0.798885175 0.500000000 0.500000000 0.000000000 0.000000000 0.180086986 -0.982099199 0.055225368 -0.419135062 0.713422968 0.091755608 -0.694700350 -2.476598845 0.677197420 0.164505538 0.717176116 0.495191411
0.000000000 0.449228792 0.798885175 0.500000000 0.500000000 0.000000000 0.000000000 0.182748163 -0.981885518 0.050039372 -0.424714696 0.693626001 0.092692499 -0.714346605 -2.537133471 0.696768312 0.165254139 0.698000709 0.344185926
0.000000000 0.449228792 0.798885175 0.500000000 0.500000000 0.000000000 0.000000000 0.187230660 -0.981088900 0.049084121 -0.440198965 0.670755870 0.091181954 -0.736051910 -2.589215494 0.717656772 0.170734947 0.675143196 0.202188155
0.000000000 0.449228792 0.798885175 0.500000000 0.500000000 0.000000000 0.000000000 0.192007757 -0.980171468 0.048958300 -0.479012901 0.642805403 0.087911053 -0.760968370 -2.639333871 0.741575509 0.177582490 0.646939119 0.059822422
0.000000000 0.449228792 0.798885175 0.500000000 0.500000000 0.000000000 0.000000000 0.197214048 -0.979378057 0.043877572 -0.511504953 0.602971985 0.085885232 -0.793125786 -2.703382742 0.773001555 0.182872493 0.607475305 -0.088982546
0.000000000 0.449228792 0.798885175 0.500000000 0.500000000 0.000000000 0.000000000 0.202855652 -0.978499480 0.037260596 -0.531451911 0.556583068 0.083912689 -0.826543374 -2.785610891 0.805645624 0.188407612 0.561638406 -0.230953514
0.000000000 0.449228792 0.798885175 0.500000000 0.500000000 0.000000000 0.000000000 0.208838847 -0.977563824 0.027482817 -0.573434484 0.501186947 0.082853528 -0.861363417 -2.894468463 0.839760668 0.193660172 0.507245264 -0.388826512
0.000000000 0.449228792 0.798885175 0.500000000 0.500000000 0.000000000 0.000000000 0.215016286 -0.976372542 0.021555878 -0.618994545 0.457125427 0.081113981 -0.885695696 -2.997785718 0.863020475 0.200292739 0.463765542 -0.528673724
0.000000000 0.449228792 0.798885175 0.500000000 0.500000000 0.000000000 0.000000000 0.224019542 -0.974462685 0.015418179 -0.653575081 0.401680028 0.077905188 -0.912460375 -3.086787010 0.887957431 0.210602130 0.408874484 -0.674597797
0.000000000 0.449228792 0.798885175 0.500000000 0.500000000 0.000000000 0.000000000 0.233068487 -0.972408147 0.010073565 -0.661786370 0.354168592 0.075231227 -0.932150670 -3.129043543 0.905673059 0.220822686 0.361930452 -0.805832968
0.000000000 0.449228792 0.798885175 0.500000000 0.500000000 0.000000000 0.000000000 0.243488521 -0.969903447 0.000801990 -0.681714405 0.304487649 0.075654698 -0.949507050 -3.154225688 0.920869487 0.231438263 0.313744671 -0.956471843
0.000000000 0.449228792 0.798885175 0.500000000 0.500000000 0.000000000 0.000000000 0.250442832 -0.968037620 -0.013474166 -0.717943873 0.255818691 0.079593542 -0.963442611 -3.172857202 0.933721150 0.237840353 0.267575749 -1.095224165
0.000000000 0.449228792 0.798885175 0.500000000 0.500000000 0.000000000 0.000000000 0.253230458 -0.967107939 -0.024011849 -0.734725811 0.207661770 0.078583552 -0.975039084 -3.201491654 0.944854975 0.241923251 0.220731095 -1.214645649
0.000000000 0.449228792 0.798885175 0.500000000 0.500000000 0.000000000 0.000000000 0.253414921 -0.966692842 -0.035858442 -0.760632762 0.158813430 0.078140627 -0.984211531 -3.262335504 0.954232242 0.243719085 0.173325806 -1.371060150
0.000000000 0.449228792 0.798885175 0.500000000 0.500000000 0.000000000 0.000000000 0.249640126 -0.966941933 -0.051991405 -0.791320496 0.104501816 0.080279740 -0.991279241 -3.338058603 0.962683322 0.242029878 0.121088233 -1.551360929
0.000000000 0.449228792 0.798885175 0.500000000 0.500000000 0.000000000 0.000000000 0.243573949 -0.967342436 -0.070145155 -0.840768083 0.049042422 0.084514991 -0.995214578 -3.405517266 0.968641612 0.238968256 0.068026466 -1.720544718
0.000000000 0.449228792 0.798885175 0.500000000 0.500000000 0.000000000 0.000000000 0.235712242 -0.968189759 -0.083954331 -0.871042913 -0.009543749 0.084078195 -0.996413455 -3.428458448 0.971776032 0.235668089 0.010578100 -1.880007796
0.000000000 0.449228792 0.798885175 0.500000000 0.500000000 0.000000000 0.000000000 0.228265389 -0.968480777 -0.099699036 -0.870276347 -0.073737162 0.084911274 -0.993656332 -3.390798426 0.970802628 0.234168873 -0.052030719 -2.037528454
0.000000000 0.449228792 0.798885175 0.500000000 0.500000000 0.000000000 0.000000000 0.223110297 -0.968027634 -0.114648574 -0.877715587 -0.129942664 0.087028763 -0.987694740 -3.312805287 0.966093525 0.235262608 -0.106371076 -2.193569254
0.000000000 0.449228792 0.798885175 0.500000000 0.500000000 0.000000000 0.000000000 0.218217217 -0.967238785 -0.129731951 -0.912149829 -0.191318141 0.087955889 -0.977579219 -3.233532047 0.956963226 0.238144692 -0.165856837 -2.326248990
0.000000000 0.449228792 0.798885175 0.500000000 0.500000000 0.000000000 0.000000000 0.212697000 -0.966297771 -0.145012424 -0.934894342 -0.262853020 0.086353951 -0.960963727 -3.168457151 0.941099504 0.242511055 -0.235627061 -2.472573649
0.000000000 0.449228792 0.798885175 0.500000000 0.500000000 0.000000000 0.000000000 0.208132046 -0.965544670 -0.156219528 -0.949997495 -0.319310508 0.083892000 -0.943929516 -3.116425312 0.924511682 0.246344518 -0.290847946 -2.623838441
0.000000000 0.449228792 0.798885175 0.500000000 0.500000000 0.000000000 0.000000000 0.203083301 -0.964548294 -0.168534157 -0.991069995 -0.375595095 0.082216540 -0.923129874 -3.065883761 0.904259640 0.250772865 -0.345582802 -2.801480765
0.000000000 0.449228792 0.798885175 0.500000000 0.500000000 0.000000000 0.000000000 0.195869671 -0.963712323 -0.181366014 -1.040905649 -0.438950884 0.079222333 -0.895011700 -2.997399169 0.876902043 0.254916419 -0.407505124 -2.985434788
0.000000000 0.449228792 0.798885175 0.500000000 0.500000000 0.000000000 0.000000000 0.189162038 -0.963275433 -0.190573248 -1.059360093 -0.488153388 0.076146395 -0.869429696 -2.930803398 0.852011733 0.257492070 -0.455822159 -3.099511980
0.000000000 0.449228792 0.798885175 0.500000000 0.500000000 0.000000000 0.000000000 0.180390834 -0.962772775 -0.201315005 -1.055878265 -0.542541684 0.073325075 -0.836822535 -2.814092367 0.820431392 0.260176897 -0.509117191 -3.235469201
0.000000000 0.449228792 0.798885175 0.500000000 0.500000000 0.000000000 0.000000000 0.172793539 -0.962245164 -0.210301302 -1.059429010 -0.583116547 0.072136221 -0.809179497 -2.684497304 0.793799399 0.262451158 -0.548636404 -3.336348066
0.000000000 0.449228792 0.798885175 0.500000000 0.500000000 0.000000000 0.000000000 0.160187276 -0.961711078 -0.222377696 -1.086676818 -0.634640303 0.072206817 -0.769426969 -2.530432901 0.756023626 0.264382258 -0.598773997 -3.442395170
0.000000000 0.449228792 0.798885175 0.500000000 0.500000000 0.000000000 0.000000000 0.146805228 -0.962047100 -0.230029567 -1.097078648 -0.680331186 0.070609205 -0.729495592 -2.410787497 0.718051323 0.263590055 -0.644144844 -3.540138502
0.000000000 0.449228792 0.798885175 0.500000000 0.500000000 0.000000000 0.000000000 0.134424153 -0.962372781 -0.236154139 -1.101466275 -0.716658020 0.070168124 -0.693885954 -2.297774329 0.684347448 0.262516789 -0.680259881 -3.651090370
0.000000000 0.449228792 0.798885175 0.500000000 0.500000000 0.000000000 0.000000000 0.122886871 -0.962335265 -0.242507018 -1.131893607 -0.751703012 0.069283930 -0.655852361 -2.178846724 0.647951695 0.262888900 -0.714876232 -3.786304499
0.000000000 0.449228792 0.798885175 0.500000000 0.500000000 0.000000000 0.000000000 0.110883538 -0.962262322 -0.248507676 -1.173467455 -0.787983606 0.067253282 -0.612012118 -2.035566198 0.605629159 0.263682043 -0.750789652 -3.938076761
0.000000000 0.449228792 0.798885175 0.500000000 0.500000000 0.000000000 0.000000000 0.102488079 -0.962136716 -0.252565108 -1.180826703 -0.813045028 0.065260458 -0.578531637 -1.929050712 0.573109044 0.264639402 -0.775572054 -4.016994780
0.000000000 0.449228792 0.798885175 0.500000000 0.500000000 0.000000000 0.000000000 0.096459737 -0.961717826 -0.256504080 -1.172250063 -0.834036122 0.062546990 -0.548152918 -1.824621102 0.543211990 0.266808354 -0.796074140 -4.075522972
0.000000000 0.449228792 0.798885175 0.500000000 0.500000000 0.000000000 0.000000000 0.090442322 -0.960605225 -0.262788487 -1.155264275 -0.856616998 0.059551892 -0.512504527 -1.678186831 0.507964078 0.271461184 -0.817484753 -4.127903421
0.000000000 0.449228792 0.798885175 0.500000000 0.500000000 0.000000000 0.000000000 0.083501298 -0.959487710 -0.269092673 -1.166081602 -0.878445460 0.056620567 -0.474476222 -1.537219662 0.470490283 0.276002618 -0.838129732 -4.167866983
0.000000000 0.449228792 0.798885175 0.500000000 0.500000000 0.000000000 0.000000000 0.075317572 -0.959305793 -0.272139043 -1.171355377 -0.900605066 0.051714928 -0.431550786 -1.369452959 0.428062820 0.277593158 -0.860060615 -4.229739079
0.000000000 0.449228792 0.798885175 0.500000000 0.500000000 0.000000000 0.000000000 0.066525031 -0.958655620 -0.276683614 -1.173218391 -0.918459644 0.049518122 -0.392402647 -1.223600872 0.389879855 0.280227332 -0.877192305 -4.297281104
0.000000000 0.449228792 0.798885175 0.500000000 0.500000000 0.000000000 0.000000000 0.054178683 -0.957962144 -0.281732500 -1.189238548 -0.938298739 0.047668440 -0.342524738 -1.067813301 0.341555481 0.282906789 -0.896272058 -4.393030680
0.000000000 0.449228792 0.798885175 0.500000000 0.500000000 0.000000000 0.000000000 0.042025197 -0.956798536 -0.287698530 -1.220697669 -0.954089812 0.047038697 -0.295803976 -0.913312521 0.296557775 0.286921457 -0.910894924 -4.477620487
0.000000000 0.449228792 0.798885175 0.500000000 0.500000000 0.000000000 0.000000000 0.030227708 -0.956254286 -0.290970835 -1.224762925 -0.966919609 0.045790906 -0.250937568 -0.779954727 0.253283943 0.288930674 -0.923236866 -4.530879439
0.000000000 0.449228792 0.798885175 0.500000000 0.500000000 0.000000000 0.000000000 0.019381682 -0.956021294 -0.292656174 -1.212517896 -0.977766090 0.043005712 -0.205241279 -0.649541880 0.208800920 0.290127204 -0.933931679 -4.549276743
0.000000000 0.449228792 0.798885175 0.500000000 0.500000000 0.000000000 0.000000000 0.010166112 -0.956307276 -0.292186660 -1.186865520 -0.986680750 0.037848181 -0.158204341 -0.498523081 0.162350696 0.289903276 -0.943185211 -4.542541906
