0.000000000 0.445790449 0.793324102 0.500000000 0.500000000 0.000000000 0.000000000 0.105955898 -0.987607241 0.115781195 0.804149853 0.922649136 0.054225819 -0.381809026 -1.107056572 0.370799029 0.147280338 0.916960513 4.466390598
0.000000000 0.445790449 0.793324102 0.500000000 0.500000000 0.000000000 0.000000000 0.104588193 -0.987606241 0.117026588 0.800130038 0.924499664 0.053178539 -0.377455183 -1.098587188 0.366553791 0.147668397 0.918603485 4.442170479
0.000000000 0.445790449 0.793324102 0.500000000 0.500000000 0.000000000 0.000000000 0.103365821 -0.987310194 0.120557402 0.791288744 0.924690367 0.050735978 -0.377324244 -1.091387903 0.366419475 0.150480699 0.918200592 4.427739072
0.000000000 0.445790449 0.793324102 0.500000000 0.500000000 0.000000000 0.000000000 0.101379467 -0.987402899 0.121481354 0.786439533 0.926484647 0.049221914 -0.373099720 -1.076168501 0.362420200 0.150375260 0.919803718 4.410737298
0.000000000 0.445790449 0.793324102 0.500000000 0.500000000 0.000000000 0.000000000 0.095902289 -0.988224838 0.119224247 0.774072938 0.934300159 0.048053330 -0.353233761 -1.039233666 0.343345254 0.145267160 0.927907048 4.371691848
0.000000000 0.445790449 0.793324102 0.500000000 0.500000000 0.000000000 0.000000000 0.090629157 -0.988794056 0.118628290 0.767125407 0.938969193 0.045148637 -0.341025593 -1.002062963 0.331848173 0.142295172 0.932538940 4.325346258
0.000000000 0.445790449 0.793324102 0.500000000 0.500000000 0.000000000 0.000000000 0.085085666 -0.989464220 0.117136618 0.757590935 0.942298050 0.041706543 -0.332167049 -0.967485401 0.323782047 0.138640261 0.935918834 4.272254020
0.000000000 0.445790449 0.793324102 0.500000000 0.500000000 0.000000000 0.000000000 0.078632975 -0.990066332 0.116556907 0.740725236 0.944269970 0.036482254 -0.327144110 -0.935075141 0.319642111 0.135785502 0.937758614 4.211241216
0.000000000 0.445790449 0.793324102 0.500000000 0.500000000 0.000000000 0.000000000 0.074065026 -0.990187017 0.118507568 0.733330815 0.945078310 0.031758698 -0.325297361 -0.942480021 0.318341577 0.136092089 0.938156481 4.165294845
0.000000000 0.445790449 0.793324102 0.500000000 0.500000000 0.000000000 0.000000000 0.071683003 -0.990436917 0.117882401 0.721224393 0.943210998 0.028876726 -0.330936773 -0.990674907 0.324367939 0.134910519 0.936260964 4.110029851
0.000000000 0.445790449 0.793324102 0.500000000 0.500000000 0.000000000 0.000000000 0.072027610 -0.990743703 0.115060582 0.711218008 0.935834659 0.027227273 -0.351386065 -1.094104492 0.345000745 0.132987179 0.929133411 4.033853147
0.000000000 0.445790449 0.793324102 0.500000000 0.500000000 0.000000000 0.000000000 0.073471954 -0.990640227 0.115038309 0.698872299 0.931696971 0.027036451 -0.362228912 -1.187602605 0.355728304 0.133794510 0.924962920 3.976324384
0.000000000 0.445790449 0.793324102 0.500000000 0.500000000 0.000000000 0.000000000 0.076690075 -0.990173485 0.116940589 0.682436414 0.927070955 0.027648848 -0.373864929 -1.280526409 0.366957867 0.137083953 0.920081471 3.924643743
0.000000000 0.445790449 0.793324102 0.500000000 0.500000000 0.000000000 0.000000000 0.080958218 -0.989938468 0.116049971 0.662914122 0.922927645 0.030489526 -0.383764187 -1.353388720 0.376364623 0.138174591 0.916109957 3.861398434
0.000000000 0.445790449 0.793324102 0.500000000 0.500000000 0.000000000 0.000000000 0.084945700 -0.989381636 0.117933057 0.652443983 0.917942503 0.031675349 -0.395446879 -1.401693411 0.387512310 0.141847277 0.910886140 3.801303496
0.000000000 0.445790449 0.793324102 0.500000000 0.500000000 0.000000000 0.000000000 0.088470456 -0.989111240 0.117609241 0.637908815 0.913105810 0.033354854 -0.406356043 -1.452639608 0.398008491 0.143340185 0.906114139 3.719200946
0.000000000 0.445790449 0.793324102 0.500000000 0.500000000 0.000000000 0.000000000 0.091293199 -0.989341275 0.113443346 0.618188024 0.909569260 0.036466387 -0.413949228 -1.511973765 0.405400188 0.140975330 0.903203545 3.634824183
0.000000000 0.445790449 0.793324102 0.500000000 0.500000000 0.000000000 0.000000000 0.095430375 -0.990043078 0.103478242 0.595022427 0.898747946 0.041003290 -0.436544225 -1.593407107 0.427954640 0.134660437 0.893712142 3.520763936
0.000000000 0.445790449 0.793324102 0.500000000 0.500000000 0.000000000 0.000000000 0.098549655 -0.988968833 0.110583062 0.568852360 0.897544156 0.040343439 -0.439075044 -1.673839592 0.429770233 0.142523876 0.891619028 3.438203732
0.000000000 0.445790449 0.793324102 0.500000000 0.500000000 0.000000000 0.000000000 0.103403857 -0.988201381 0.112985278 0.545064667 0.889350749 0.040994270 -0.455384140 -1.749720309 0.445379487 0.147572019 0.883096604 3.355436267
0.000000000 0.445790449 0.793324102 0.500000000 0.500000000 0.000000000 0.000000000 0.110504135 -0.986989152 0.116795764 0.517070823 0.872681622 0.040119581 -0.486638681 -1.845790902 0.475621302 0.155701103 0.865760673 3.259220407
0.000000000 0.445790449 0.793324102 0.500000000 0.500000000 0.000000000 0.000000000 0.117411273 -0.986261388 0.116202699 0.491413323 0.852339903 0.040029904 -0.521454021 -1.961538714 0.509638384 0.160268777 0.845329898 3.149185356
0.000000000 0.445790449 0.793324102 0.500000000 0.500000000 0.000000000 0.000000000 0.121786115 -0.986375955 0.110592121 0.464311066 0.837249025 0.042247464 -0.545187327 -2.083499279 0.533087433 0.158989392 0.830987462 3.022130014
0.000000000 0.445790449 0.793324102 0.500000000 0.500000000 0.000000000 0.000000000 0.125703373 -0.986475131 0.105192576 0.439480365 0.824193497 0.044825647 -0.564531435 -2.181596787 0.552180896 0.157662543 0.818681123 2.917252182
0.000000000 0.445790449 0.793324102 0.500000000 0.500000000 0.000000000 0.000000000 0.128945632 -0.986537527 0.100581970 0.422467435 0.810764839 0.046478314 -0.583523900 -2.256042118 0.570993345 0.156791182 0.805843115 2.799318889
0.000000000 0.445790449 0.793324102 0.500000000 0.500000000 0.000000000 0.000000000 0.131426296 -0.986549294 0.097198860 0.405909729 0.797154853 0.046888799 -0.601951477 -2.309978341 0.589297267 0.156594796 0.792594979 2.680425885
0.000000000 0.445790449 0.793324102 0.500000000 0.500000000 0.000000000 0.000000000 0.133687979 -0.986942697 0.089842286 0.383872330 0.778580036 0.048508772 -0.625667664 -2.359263868 0.613139993 0.153593656 0.774898921 2.520956130
0.000000000 0.445790449 0.793324102 0.500000000 0.500000000 0.000000000 0.000000000 0.137519306 -0.987162490 0.081232124 0.339214449 0.754717352 0.051317952 -0.654039896 -2.417318222 0.641474986 0.151250406 0.752085870 2.360208240
0.000000000 0.445790449 0.793324102 0.500000000 0.500000000 0.000000000 0.000000000 0.140441940 -0.986809209 0.080521094 0.298156824 0.742705157 0.051222174 -0.667656602 -2.468085053 0.654725218 0.153570420 0.740102030 2.240725418
0.000000000 0.445790449 0.793324102 0.500000000 0.500000000 0.000000000 0.000000000 0.146015692 -0.986322706 0.076465270 0.269677090 0.721020948 0.053180212 -0.690869493 -2.536842020 0.677353829 0.156010849 0.718924478 2.101814015
0.000000000 0.445790449 0.793324102 0.500000000 0.500000000 0.000000000 0.000000000 0.152453725 -0.986328840 0.062556222 0.254610596 0.687795243 0.060430876 -0.723384968 -2.605672342 0.709715130 0.153308605 0.687605197 1.980766839
0.000000000 0.445790449 0.793324102 0.500000000 0.500000000 0.000000000 0.000000000 0.158525774 -0.986010779 0.051500710 0.229855358 0.657856683 0.066583155 -0.750194154 -2.698120778 0.736270442 0.152805195 0.659208926 1.849863842
0.000000000 0.445790449 0.793324102 0.500000000 0.500000000 0.000000000 0.000000000 0.164080815 -0.985579407 0.041360830 0.206205693 0.633274313 0.073095048 -0.770467883 -2.802105978 0.756334007 0.152611750 0.636135617 1.722234209
0.000000000 0.445790449 0.793324102 0.500000000 0.500000000 0.000000000 0.000000000 0.169249525 -0.985064431 0.031664888 0.188057398 0.608023865 0.079074428 -0.789971021 -2.873073815 0.775668472 0.152955228 0.612325992 1.620621856
0.000000000 0.445790449 0.793324102 0.500000000 0.500000000 0.000000000 0.000000000 0.173015201 -0.984638767 0.023499768 0.171943943 0.585371266 0.083611286 -0.806442580 -2.918652332 0.792089781 0.153282914 0.590845265 1.530445534
0.000000000 0.445790449 0.793324102 0.500000000 0.500000000 0.000000000 0.000000000 0.176058661 -0.984352809 0.007272919 0.158563968 0.548797827 0.092017538 -0.830875272 -2.963517595 0.817205172 0.150274150 0.556411168 1.392440764
0.000000000 0.445790449 0.793324102 0.500000000 0.500000000 0.000000000 0.000000000 0.176668380 -0.984262093 -0.004051697 0.146946300 0.523929036 0.097524917 -0.846160301 -2.987846744 0.833238650 0.147366968 0.532913059 1.286775174
0.000000000 0.445790449 0.793324102 0.500000000 0.500000000 0.000000000 0.000000000 0.177183225 -0.984086314 -0.013425021 0.110044692 0.498143435 0.101437742 -0.861140815 -3.023781235 0.848798694 0.145892121 0.508189203 1.162626977
0.000000000 0.445790449 0.793324102 0.500000000 0.500000000 0.000000000 0.000000000 0.178429428 -0.983785587 -0.018134450 0.070888847 0.474028120 0.102095848 -0.874570626 -3.073263250 0.862241429 0.147452897 0.484558936 1.039358580
0.000000000 0.445790449 0.793324102 0.500000000 0.500000000 0.000000000 0.000000000 0.179208514 -0.983547117 -0.022789868 0.050768829 0.452883287 0.103038430 -0.885595738 -3.112369857 0.873373366 0.148385146 0.463897415 0.953238504
0.000000000 0.445790449 0.793324102 0.500000000 0.500000000 0.000000000 0.000000000 0.178936389 -0.983141913 -0.037599830 0.041992615 0.410803535 0.109384767 -0.905138348 -3.172380849 0.893992296 0.146516045 0.423451088 0.837868261
0.000000000 0.445790449 0.793324102 0.500000000 0.500000000 0.000000000 0.000000000 0.179248096 -0.982629415 -0.048057796 0.021393691 0.377912984 0.113874298 -0.918811417 -3.252113894 0.908323674 0.146533532 0.391760166 0.711527055
0.000000000 0.445790449 0.793324102 0.500000000 0.500000000 0.000000000 0.000000000 0.179703758 -0.982347046 -0.051969608 0.000385000 0.358633466 0.114616535 -0.926415181 -3.324389483 0.916017793 0.147842249 0.372899548 0.591616066
0.000000000 0.445790449 0.793324102 0.500000000 0.500000000 0.000000000 0.000000000 0.179512049 -0.982237339 -0.054637295 -0.021028954 0.340233427 0.114100795 -0.933392856 -3.371137807 0.923047474 0.148965830 0.354672443 0.489104109
0.000000000 0.445790449 0.793324102 0.500000000 0.500000000 0.000000000 0.000000000 0.178542527 -0.982163734 -0.058965799 -0.039761523 0.316504453 0.114072650 -0.941707153 -3.392734467 0.931636999 0.149471837 0.331226014 0.364273886
0.000000000 0.445790449 0.793324102 0.500000000 0.500000000 0.000000000 0.000000000 0.177304332 -0.982111332 -0.063407461 -0.058606523 0.292015725 0.114026649 -0.949591881 -3.399323836 0.939835087 0.149850778 0.307009371 0.226866369
0.000000000 0.445790449 0.793324102 0.500000000 0.500000000 0.000000000 0.000000000 0.175187401 -0.981572217 -0.076324032 -0.083786189 0.260404418 0.120958812 -0.957892742 -3.394045967 0.949472966 0.147935625 0.276796201 0.095022916
0.000000000 0.445790449 0.793324102 0.500000000 0.500000000 0.000000000 0.000000000 0.175454220 -0.981387926 -0.078061223 -0.116789189 0.231973313 0.118270480 -0.965505295 -3.396062596 0.956767578 0.151293858 0.248406864 -0.053509030
0.000000000 0.445790449 0.793324102 0.500000000 0.500000000 0.000000000 0.000000000 0.177685299 -0.980780921 -0.080602229 -0.153546135 0.210564704 0.117900156 -0.970444258 -3.405668417 0.961296229 0.155461694 0.227466969 -0.183265994
0.000000000 0.445790449 0.793324102 0.500000000 0.500000000 0.000000000 0.000000000 0.178900126 -0.979953716 -0.087666752 -0.185064971 0.176343011 0.119598868 -0.977035953 -3.425461333 0.967934857 0.159332436 0.194204241 -0.298956617
0.000000000 0.445790449 0.793324102 0.500000000 0.500000000 0.000000000 0.000000000 0.179358565 -0.979349917 -0.093296540 -0.210547166 0.136405772 0.118675117 -0.983519030 -3.460288368 0.974281258 0.163676375 0.154874381 -0.422598474
0.000000000 0.445790449 0.793324102 0.500000000 0.500000000 0.000000000 0.000000000 0.180816328 -0.978464982 -0.099557695 -0.244945206 0.108242982 0.120409193 -0.986805494 -3.511600431 0.977542282 0.167654124 0.127683916 -0.569364265
0.000000000 0.445790449 0.793324102 0.500000000 0.500000000 0.000000000 0.000000000 0.182073707 -0.977583286 -0.105735920 -0.268384070 0.086634275 0.123064104 -0.988609998 -3.542395145 0.979460907 0.170839532 0.107098957 -0.687460203
0.000000000 0.445790449 0.793324102 0.500000000 0.500000000 0.000000000 0.000000000 0.183043680 -0.976696995 -0.112062442 -0.280685070 0.064141434 0.125610046 -0.990004037 -3.549907658 0.981010136 0.174026137 0.085638871 -0.791171433
0.000000000 0.445790449 0.793324102 0.500000000 0.500000000 0.000000000 0.000000000 0.182522944 -0.976226834 -0.116903995 -0.288633381 0.041616633 0.126465751 -0.991097608 -3.538289106 0.982320432 0.176032902 0.063710175 -0.884061729
0.000000000 0.445790449 0.793324102 0.500000000 0.500000000 0.000000000 0.000000000 0.181489451 -0.975976111 -0.120549619 -0.307073641 0.018172272 0.125892954 -0.991877378 -3.512994636 0.983224973 0.177824620 0.040583946 -0.994715470
0.000000000 0.445790449 0.793324102 0.500000000 0.500000000 0.000000000 0.000000000 0.178401178 -0.975482788 -0.128865629 -0.332423255 -0.017257844 0.127844407 -0.991644076 -3.471704290 0.983806478 0.179134415 0.005972863 -1.118119634
0.000000000 0.445790449 0.793324102 0.500000000 0.500000000 0.000000000 0.000000000 0.177107996 -0.974998974 -0.134200442 -0.353967697 -0.038090481 0.129463410 -0.990852330 -3.440950856 0.983454052 0.180599630 -0.014209174 -1.219804440
0.000000000 0.445790449 0.793324102 0.500000000 0.500000000 0.000000000 0.000000000 0.177506334 -0.974604284 -0.136521030 -0.373386842 -0.054820738 0.128716164 -0.990165055 -3.419413432 0.982591567 0.183244752 -0.030580592 -1.296889990
0.000000000 0.445790449 0.793324102 0.500000000 0.500000000 0.000000000 0.000000000 0.177835773 -0.973957131 -0.140648299 -0.398028642 -0.089025858 0.126417180 -0.987974237 -3.397645416 0.980024915 0.188218498 -0.064225872 -1.401486687
0.000000000 0.445790449 0.793324102 0.500000000 0.500000000 0.000000000 0.000000000 0.176900011 -0.973271334 -0.146455781 -0.415392787 -0.122296345 0.125913206 -0.984474209 -3.388258807 0.976601244 0.192064505 -0.096753479 -1.493569177
0.000000000 0.445790449 0.793324102 0.500000000 0.500000000 0.000000000 0.000000000 0.175977458 -0.972816042 -0.150535323 -0.445538803 -0.158976861 0.122828821 -0.979611881 -3.384446707 0.971472229 0.196321242 -0.133040137 -1.613723673
0.000000000 0.445790449 0.793324102 0.500000000 0.500000000 0.000000000 0.000000000 0.176211895 -0.972333918 -0.153349664 -0.475834935 -0.183723790 0.120562418 -0.975556391 -3.383857969 0.967054775 0.200078622 -0.157396341 -1.731468919
0.000000000 0.445790449 0.793324102 0.500000000 0.500000000 0.000000000 0.000000000 0.176156321 -0.972072415 -0.155061828 -0.494458406 -0.207624100 0.117289859 -0.971151544 -3.382432679 0.962216807 0.203269056 -0.181164311 -1.833168346
0.000000000 0.445790449 0.793324102 0.500000000 0.500000000 0.000000000 0.000000000 0.175913802 -0.972034895 -0.155571518 -0.516952527 -0.234577090 0.112091230 -0.965613352 -3.367336477 0.956048076 0.206358230 -0.208298723 -1.932906172
0.000000000 0.445790449 0.793324102 0.500000000 0.500000000 0.000000000 0.000000000 0.176191543 -0.971783741 -0.156821241 -0.524420234 -0.253334402 0.109181536 -0.961197728 -3.328315405 0.951198308 0.209083126 -0.226949389 -2.017293726
0.000000000 0.445790449 0.793324102 0.500000000 0.500000000 0.000000000 0.000000000 0.174785985 -0.971665223 -0.159111762 -0.529698713 -0.271644340 0.107739370 -0.956348044 -3.279683545 0.946392737 0.210378045 -0.245116027 -2.089607235
0.000000000 0.445790449 0.793324102 0.500000000 0.500000000 0.000000000 0.000000000 0.171873782 -0.971868304 -0.161032302 -0.546639153 -0.296007547 0.104961063 -0.949401236 -3.200734713 0.939595091 0.210843958 -0.269640298 -2.196779896
0.000000000 0.445790449 0.793324102 0.500000000 0.500000000 0.000000000 0.000000000 0.168881657 -0.971984748 -0.163476715 -0.573568860 -0.313897116 0.104184116 -0.943723620 -3.136047933 0.934316642 0.210692478 -0.287508423 -2.291587392
0.000000000 0.445790449 0.793324102 0.500000000 0.500000000 0.000000000 0.000000000 0.167025678 -0.971967427 -0.165474302 -0.595595306 -0.329763041 0.103095136 -0.938417673 -3.085337256 0.929171007 0.211307157 -0.303299399 -2.377857512
0.000000000 0.445790449 0.793324102 0.500000000 0.500000000 0.000000000 0.000000000 0.165715473 -0.971358086 -0.170299297 -0.619075411 -0.347858056 0.104011672 -0.931759811 -3.043025607 0.922785541 0.213647000 -0.320658392 -2.468940004
0.000000000 0.445790449 0.793324102 0.500000000 0.500000000 0.000000000 0.000000000 0.162581884 -0.971251000 -0.173892572 -0.641839226 -0.373406624 0.102565038 -0.921980426 -3.017778823 0.913309709 0.214829953 -0.345996340 -2.552275092
0.000000000 0.445790449 0.793324102 0.500000000 0.500000000 0.000000000 0.000000000 0.156502627 -0.970983129 -0.180827794 -0.664121774 -0.411249551 0.102394921 -0.905753326 -2.994649166 0.897987046 0.216118124 -0.383291301 -2.664218554
0.000000000 0.445790449 0.793324102 0.500000000 0.500000000 0.000000000 0.000000000 0.152595146 -0.970846212 -0.184857658 -0.694850820 -0.438202087 0.101190520 -0.893162589 -2.969545875 0.885829359 0.217297287 -0.409985654 -2.793886729
0.000000000 0.445790449 0.793324102 0.500000000 0.500000000 0.000000000 0.000000000 0.149712250 -0.970755116 -0.187671913 -0.717373554 -0.459655103 0.099717217 -0.882481537 -2.946571223 0.875387588 0.218382648 -0.431283654 -2.897903937
0.000000000 0.445790449 0.793324102 0.500000000 0.500000000 0.000000000 0.000000000 0.147651554 -0.970700642 -0.189576588 -0.734032341 -0.476189162 0.098227418 -0.873839377 -2.930464003 0.866858063 0.219298059 -0.447733694 -2.977608344
0.000000000 0.445790449 0.793324102 0.500000000 0.500000000 0.000000000 0.000000000 0.144283383 -0.970959856 -0.190838319 -0.750624545 -0.501511943 0.094500477 -0.859974087 -2.882848542 0.853034628 0.219787666 -0.473313115 -3.082105255
0.000000000 0.445790449 0.793324102 0.500000000 0.500000000 0.000000000 0.000000000 0.141038922 -0.971355134 -0.191251737 -0.759632172 -0.519487239 0.091836570 -0.849528724 -2.815793019 0.842757991 0.219169453 -0.491654066 -3.161101829
0.000000000 0.445790449 0.793324102 0.500000000 0.500000000 0.000000000 0.000000000 0.137457385 -0.972525513 -0.187881860 -0.767995060 -0.536049946 0.086464698 -0.839746576 -2.730339463 0.832920118 0.216143429 -0.509437038 -3.244332631
0.000000000 0.445790449 0.793324102 0.500000000 0.500000000 0.000000000 0.000000000 0.131413915 -0.972379161 -0.192896733 -0.784104413 -0.558307105 0.088193611 -0.824933369 -2.643165135 0.819160277 0.216103341 -0.531296327 -3.326468871
0.000000000 0.445790449 0.793324102 0.500000000 0.500000000 0.000000000 0.000000000 0.127473614 -0.975089434 -0.181524303 -0.801515635 -0.570794678 0.077552611 -0.817422184 -2.560889865 0.811137419 0.207812867 -0.546689948 -3.407653859
