0.000000000 0.439345756 0.780799787 0.500000000 0.500000000 0.000000000 0.000000000 0.036209187 -0.922973810 0.383155635 2.593165615 0.996450318 0.004188024 -0.084078678 0.450332954 0.075997753 0.384839975 0.919849192 3.606819832
0.000000000 0.439345756 0.780799787 0.500000000 0.500000000 0.000000000 0.000000000 0.028935580 -0.920043326 0.390746734 2.608034847 0.996788593 -0.002641794 -0.080034505 0.422356630 0.074667485 0.391807732 0.917012251 3.641546062
0.000000000 0.439345756 0.780799787 0.500000000 0.500000000 0.000000000 0.000000000 0.027839350 -0.914478606 0.403675426 2.631756104 0.995226353 -0.012431923 -0.096798516 0.399462183 0.093538634 0.404443229 0.909767112 3.692827953
0.000000000 0.439345756 0.780799787 0.500000000 0.500000000 0.000000000 0.000000000 0.032840340 -0.911396992 0.410215840 2.644893477 0.992335889 -0.019186854 -0.122071075 0.352062132 0.119125961 0.411080756 0.903781842 3.702012749
0.000000000 0.439345756 0.780799787 0.500000000 0.500000000 0.000000000 0.000000000 0.050321378 -0.910932325 0.409475344 2.631645315 0.983795029 -0.025434631 -0.177483576 0.210818525 0.172090381 0.411771026 0.894890788 3.621558582
0.000000000 0.439345756 0.780799787 0.500000000 0.500000000 0.000000000 0.000000000 0.061685540 -0.907229052 0.416089343 2.629007286 0.976104756 -0.032193719 -0.214902468 0.012417462 0.208361226 0.419403161 0.883564705 3.472781380
0.000000000 0.439345756 0.780799787 0.500000000 0.500000000 0.000000000 0.000000000 0.086960035 -0.913038576 0.398495309 2.558530193 0.955691599 -0.036465571 -0.292102430 -0.246263303 0.281232145 0.406239857 0.869412249 3.293186831
0.000000000 0.439345756 0.780799787 0.500000000 0.500000000 0.000000000 0.000000000 0.110132317 -0.916731123 0.384024635 2.489777544 0.933056608 -0.037766687 -0.357741588 -0.431922600 0.342456186 0.397715634 0.851202699 3.167387044
0.000000000 0.439345756 0.780799787 0.500000000 0.500000000 0.000000000 0.000000000 0.138013435 -0.921398461 0.363286618 2.450102305 0.900108326 -0.036349943 -0.434147075 -0.613434150 0.413227895 0.386915439 0.824341646 3.034468881
0.000000000 0.439345756 0.780799787 0.500000000 0.500000000 0.000000000 0.000000000 0.171217850 -0.922190569 0.346769380 2.356590744 0.854025304 -0.036575476 -0.518944135 -0.860531852 0.491248642 0.385002324 0.781311706 2.946655712
0.000000000 0.439345756 0.780799787 0.500000000 0.500000000 0.000000000 0.000000000 0.199601556 -0.922474678 0.330453760 2.257479591 0.813346573 -0.032101778 -0.580893129 -1.123945513 0.546467356 0.384720606 0.743884053 2.880747484
0.000000000 0.439345756 0.780799787 0.500000000 0.500000000 0.000000000 0.000000000 0.223115580 -0.920599255 0.320494073 2.213850603 0.774980696 -0.031912640 -0.631178663 -1.378398894 0.591290418 0.389202513 0.706326444 2.808522335
0.000000000 0.439345756 0.780799787 0.500000000 0.500000000 0.000000000 0.000000000 0.240657840 -0.920460216 0.307955833 2.183128825 0.743675160 -0.029024362 -0.667910805 -1.588304962 0.623723545 0.389757075 0.677538458 2.649796571
0.000000000 0.439345756 0.780799787 0.500000000 0.500000000 0.000000000 0.000000000 0.254289175 -0.923115934 0.288433681 2.092096745 0.711753819 -0.023292278 -0.702042713 -1.782818624 0.654785092 0.383815636 0.651108317 2.459077687
0.000000000 0.439345756 0.780799787 0.500000000 0.500000000 0.000000000 0.000000000 0.259781122 -0.927538076 0.268676172 1.989733273 0.686931990 -0.018048444 -0.726497554 -1.970725267 0.678703330 0.373292607 0.632466931 2.226209299
0.000000000 0.439345756 0.780799787 0.500000000 0.500000000 0.000000000 0.000000000 0.264340372 -0.925011676 0.272905783 1.926317438 0.668603638 -0.028165442 -0.743085381 -2.091742283 0.695049166 0.378893265 0.611020909 2.079560219
0.000000000 0.439345756 0.780799787 0.500000000 0.500000000 0.000000000 0.000000000 0.280805793 -0.924385128 0.258186448 1.827103069 0.615899939 -0.032758416 -0.787143031 -2.279861836 0.736081090 0.380051341 0.560129991 1.916935492
0.000000000 0.439345756 0.780799787 0.500000000 0.500000000 0.000000000 0.000000000 0.301210856 -0.920458146 0.249055859 1.712597638 0.554154755 -0.043582347 -0.831271969 -2.497449250 0.776005495 0.388403630 0.496948782 1.752682838
0.000000000 0.439345756 0.780799787 0.500000000 0.500000000 0.000000000 0.000000000 0.320700333 -0.918414432 0.231659724 1.594123501 0.493209386 -0.046882932 -0.868646356 -2.671440183 0.808638237 0.392831926 0.437935246 1.620071131
0.000000000 0.439345756 0.780799787 0.500000000 0.500000000 0.000000000 0.000000000 0.343728816 -0.912532798 0.221662791 1.533500390 0.421218643 -0.061144884 -0.904895661 -2.749428161 0.839300516 0.404407214 0.363358568 1.492588048
0.000000000 0.439345756 0.780799787 0.500000000 0.500000000 0.000000000 0.000000000 0.361766848 -0.912520001 0.190871672 1.466876015 0.351848992 -0.055954850 -0.934382867 -2.753050183 0.863323251 0.405186750 0.300826633 1.313490328
0.000000000 0.439345756 0.780799787 0.500000000 0.500000000 0.000000000 0.000000000 0.378135767 -0.909907694 0.170532489 1.360043737 0.285111825 -0.060791167 -0.956564520 -2.685706956 0.880752286 0.410332088 0.236438129 1.044556539
0.000000000 0.439345756 0.780799787 0.500000000 0.500000000 0.000000000 0.000000000 0.388907402 -0.912442598 0.127277407 1.273978355 0.220994059 -0.041723851 -0.974382238 -2.603696433 0.894378364 0.407072016 0.185417679 0.812336575
0.000000000 0.439345756 0.780799787 0.500000000 0.500000000 0.000000000 0.000000000 0.394188768 -0.914272453 0.093386810 1.227594297 0.181574429 -0.022134096 -0.983128073 -2.548728953 0.900913948 0.404494701 0.157283487 0.610794486
0.000000000 0.439345756 0.780799787 0.500000000 0.500000000 0.000000000 0.000000000 0.396074074 -0.915795647 0.066660783 1.165676554 0.164750224 -0.000542241 -0.986335171 -2.539957675 0.903317603 0.401644169 0.150662771 0.497041846
0.000000000 0.439345756 0.780799787 0.500000000 0.500000000 0.000000000 0.000000000 0.400497986 -0.915292010 0.042917351 1.067422896 0.115314396 0.003881229 -0.993321462 -2.525037840 0.909012626 0.402772233 0.107100769 0.306239155
0.000000000 0.439345756 0.780799787 0.500000000 0.500000000 0.000000000 0.000000000 0.403060721 -0.914879512 0.023184783 0.901584265 0.067431041 0.004423553 -0.997714131 -2.537725980 0.912685658 0.403702751 0.063474238 0.057661316
0.000000000 0.439345756 0.780799787 0.500000000 0.500000000 0.000000000 0.000000000 0.404342725 -0.914607078 0.000923843 0.743442860 0.019251463 0.007501083 -0.999786535 -2.583926918 0.914404911 0.404274198 0.020640533 -0.168936952
0.000000000 0.439345756 0.780799787 0.500000000 0.500000000 0.000000000 0.000000000 0.401743937 -0.915566411 -0.018437889 0.669565707 -0.013449580 0.014232791 -0.999808250 -2.644749707 0.915653274 0.401914885 -0.006596046 -0.323500363
0.000000000 0.439345756 0.780799787 0.500000000 0.500000000 0.000000000 0.000000000 0.397791561 -0.916398241 -0.044453778 0.613660759 -0.044704551 0.029034846 -0.998578230 -2.674485787 0.916386041 0.399213279 -0.029417355 -0.481913762
0.000000000 0.439345756 0.780799787 0.500000000 0.500000000 0.000000000 0.000000000 0.392995361 -0.916771202 -0.071310649 0.570113642 -0.069246373 0.047824557 -0.996452584 -2.653395718 0.916929433 0.396539247 -0.044688252 -0.683886233
0.000000000 0.439345756 0.780799787 0.500000000 0.500000000 0.000000000 0.000000000 0.383603173 -0.916538502 -0.113162625 0.427573751 -0.111821908 0.075536718 -0.990853201 -2.542166078 0.916703042 0.392748492 -0.073512960 -0.961238363
0.000000000 0.439345756 0.780799787 0.500000000 0.500000000 0.000000000 0.000000000 0.374511194 -0.915907782 -0.144410179 0.360512522 -0.140753060 0.097782665 -0.985204104 -2.451200453 0.916476918 0.389296140 -0.092296121 -1.141071132
0.000000000 0.439345756 0.780799787 0.500000000 0.500000000 0.000000000 0.000000000 0.363348919 -0.916951128 -0.164858095 0.284178820 -0.172328429 0.107750477 -0.979128565 -2.379599607 0.915576581 0.384175042 -0.118865728 -1.312457516
0.000000000 0.439345756 0.780799787 0.500000000 0.500000000 0.000000000 0.000000000 0.343046082 -0.917773951 -0.200025900 0.133200752 -0.253040564 0.114782929 -0.960622378 -2.353089074 0.904593754 0.380152409 -0.192858204 -1.628895010
0.000000000 0.439345756 0.780799787 0.500000000 0.500000000 0.000000000 0.000000000 0.329779380 -0.920685266 -0.208768296 -0.036121413 -0.314310859 0.101446020 -0.943884203 -2.381738163 0.890198992 0.376891689 -0.255926571 -1.835107705
0.000000000 0.439345756 0.780799787 0.500000000 0.500000000 0.000000000 0.000000000 0.320875727 -0.919114898 -0.228618835 -0.192789367 -0.368358069 0.101272753 -0.924151590 -2.407348507 0.872554354 0.380751406 -0.306067421 -2.141957494
0.000000000 0.439345756 0.780799787 0.500000000 0.500000000 0.000000000 0.000000000 0.317543545 -0.916525108 -0.243203256 -0.303237247 -0.404848227 0.100888076 -0.908801139 -2.388005801 0.857475370 0.387044342 -0.339017207 -2.335491066
0.000000000 0.439345756 0.780799787 0.500000000 0.500000000 0.000000000 0.000000000 0.311692245 -0.911402796 -0.268687343 -0.359777363 -0.461721974 0.101865347 -0.881156212 -2.307806274 0.830458164 0.398708408 -0.389064059 -2.581710821
0.000000000 0.439345756 0.780799787 0.500000000 0.500000000 0.000000000 0.000000000 0.298484510 -0.904822362 -0.303650276 -0.429429834 -0.528890898 0.108024595 -0.841786852 -2.194044698 0.794469266 0.411858204 -0.446308643 -2.770747000
0.000000000 0.439345756 0.780799787 0.500000000 0.500000000 0.000000000 0.000000000 0.282299949 -0.901481970 -0.328080776 -0.517885852 -0.596258430 0.103029269 -0.796153788 -2.000660454 0.751520208 0.420375102 -0.508431067 -2.927267961
0.000000000 0.439345756 0.780799787 0.500000000 0.500000000 0.000000000 0.000000000 0.257726088 -0.898198873 -0.356112410 -0.549645460 -0.673502989 0.097266438 -0.732757098 -1.857680693 0.692799385 0.428693392 -0.579871527 -3.033609004
0.000000000 0.439345756 0.780799787 0.500000000 0.500000000 0.000000000 0.000000000 0.227313488 -0.895739295 -0.382072891 -0.600010838 -0.746571711 0.091619651 -0.658966252 -1.710058041 0.625267350 0.435036729 -0.647907235 -3.127824942
0.000000000 0.439345756 0.780799787 0.500000000 0.500000000 0.000000000 0.000000000 0.191059031 -0.895153707 -0.402736003 -0.663148877 -0.817974556 0.081607361 -0.569436445 -1.517781290 0.542599367 0.438223778 -0.716621132 -3.282514304
0.000000000 0.439345756 0.780799787 0.500000000 0.500000000 0.000000000 0.000000000 0.152237934 -0.892347350 -0.424899774 -0.861684280 -0.878723518 0.074580683 -0.471468663 -1.305230333 0.452403128 0.445144839 -0.772772594 -3.508559564
0.000000000 0.439345756 0.780799787 0.500000000 0.500000000 0.000000000 0.000000000 0.125251071 -0.887724028 -0.443010405 -0.972357344 -0.914052892 0.070372619 -0.399443369 -1.148226610 0.385771279 0.454965652 -0.802612469 -3.672832019
0.000000000 0.439345756 0.780799787 0.500000000 0.500000000 0.000000000 0.000000000 0.090266410 -0.878164543 -0.469764847 -1.032662795 -0.947796725 0.069101593 -0.311297828 -0.981452166 0.305832214 0.473341321 -0.826083925 -3.787552348
0.000000000 0.439345756 0.780799787 0.500000000 0.500000000 0.000000000 0.000000000 0.069986982 -0.873035037 -0.482609206 -1.001080178 -0.962091819 0.068764265 -0.263914394 -0.830711815 0.263592780 0.482784941 -0.835127264 -3.836619573
0.000000000 0.439345756 0.780799787 0.500000000 0.500000000 0.000000000 0.000000000 0.056723769 -0.870247592 -0.489337861 -0.979065560 -0.969419265 0.069205261 -0.235450464 -0.675454965 0.238764954 0.487729187 -0.839709198 -3.846062406
0.000000000 0.439345756 0.780799787 0.500000000 0.500000000 0.000000000 0.000000000 0.016519008 -0.863622203 -0.503868846 -0.949093167 -0.985303813 0.071625938 -0.155068114 -0.309522127 0.170010345 0.499025466 -0.849747060 -3.752348173
0.000000000 0.439345756 0.780799787 0.500000000 0.500000000 0.000000000 0.000000000 -0.002668274 -0.863642216 -0.504098207 -0.937811364 -0.990730757 0.070747181 -0.115962943 -0.098568795 0.135814021 0.499116178 -0.855825679 -3.694628915
0.000000000 0.439345756 0.780799787 0.500000000 0.500000000 0.000000000 0.000000000 -0.029437103 -0.858731857 -0.511578982 -0.931428670 -0.995515510 0.071218779 -0.062263586 0.038911026 0.089901755 0.507451951 -0.856977358 -3.700829012
0.000000000 0.439345756 0.780799787 0.500000000 0.500000000 0.000000000 0.000000000 -0.053656812 -0.856383072 -0.513545500 -0.940072443 -0.997497448 0.069680629 -0.011977085 0.208354871 0.046041146 0.511617673 -0.857978770 -3.720948589
0.000000000 0.439345756 0.780799787 0.500000000 0.500000000 0.000000000 0.000000000 -0.068106229 -0.854102194 -0.515626787 -1.018887754 -0.997523443 0.067395105 0.020121633 0.479227760 0.017564791 0.515720217 -0.856576988 -3.766644128
0.000000000 0.439345756 0.780799787 0.500000000 0.500000000 0.000000000 0.000000000 -0.082017369 -0.850505571 -0.519531929 -1.013641861 -0.996598529 0.065788306 0.049631344 0.599797581 -0.008032609 0.521835388 -0.853008385 -3.797138517
0.000000000 0.439345756 0.780799787 0.500000000 0.500000000 0.000000000 0.000000000 -0.095783585 -0.846620622 -0.523506472 -0.993158656 -0.994746451 0.062326577 0.081208960 0.732472434 -0.036124813 0.528534691 -0.848142723 -3.798799318
0.000000000 0.439345756 0.780799787 0.500000000 0.500000000 0.000000000 0.000000000 -0.124004125 -0.836707327 -0.533426495 -0.920340064 -0.988565745 0.057690699 0.139318163 0.895601440 -0.085794780 0.544603187 -0.834294087 -3.760944957
0.000000000 0.439345756 0.780799787 0.500000000 0.500000000 0.000000000 0.000000000 -0.157021216 -0.829491960 -0.535992001 -0.847769776 -0.977531833 0.053259804 0.203948301 1.125992352 -0.140626648 0.555973454 -0.819217715 -3.631447002
0.000000000 0.439345756 0.780799787 0.500000000 0.500000000 0.000000000 0.000000000 -0.185565979 -0.826205997 -0.531929429 -0.800252800 -0.964336924 0.049148617 0.260074431 1.342651642 -0.188731459 0.561220156 -0.805861262 -3.497153638
0.000000000 0.439345756 0.780799787 0.500000000 0.500000000 0.000000000 0.000000000 -0.215681323 -0.827089943 -0.519041225 -0.770847099 -0.946188803 0.045687962 0.320373779 1.492279787 -0.241263995 0.560209636 -0.792437284 -3.438738954
0.000000000 0.439345756 0.780799787 0.500000000 0.500000000 0.000000000 0.000000000 -0.256623849 -0.829280728 -0.496424892 -0.753703164 -0.913611698 0.040541294 0.404561576 1.665277021 -0.315369411 0.557359738 -0.768044437 -3.410350151
0.000000000 0.439345756 0.780799787 0.500000000 0.500000000 0.000000000 0.000000000 -0.300564371 -0.834638819 -0.461561589 -0.784923763 -0.864980799 0.034651380 0.500607131 1.981651566 -0.401832399 0.549706579 -0.732361523 -3.369731349
0.000000000 0.439345756 0.780799787 0.500000000 0.500000000 0.000000000 0.000000000 -0.313157122 -0.836140997 -0.450334154 -0.834704120 -0.839865349 0.022460491 0.542329902 2.297793230 -0.443349538 0.548054523 -0.709279513 -3.377891364
0.000000000 0.439345756 0.780799787 0.500000000 0.500000000 0.000000000 0.000000000 -0.328790576 -0.835184137 -0.440867570 -0.847997950 -0.808808124 0.008010679 0.588018068 2.571446611 -0.487571714 0.549912071 -0.678137551 -3.405797268
0.000000000 0.439345756 0.780799787 0.500000000 0.500000000 0.000000000 0.000000000 -0.350352151 -0.836525591 -0.421281741 -0.785954363 -0.764864797 -0.004074453 0.644177958 2.796446397 -0.540587840 0.547912707 -0.638401483 -3.390139721
0.000000000 0.439345756 0.780799787 0.500000000 0.500000000 0.000000000 0.000000000 -0.371035275 -0.833888583 -0.408610641 -0.677995439 -0.723196841 -0.016538414 0.690443923 3.065799912 -0.582511077 0.551684975 -0.596929254 -3.283076531
0.000000000 0.439345756 0.780799787 0.500000000 0.500000000 0.000000000 0.000000000 -0.393611956 -0.830717305 -0.393672944 -0.632224634 -0.681226234 -0.023960169 0.731680756 3.229885267 -0.617252336 0.556178631 -0.556475413 -3.130825225
0.000000000 0.439345756 0.780799787 0.500000000 0.500000000 0.000000000 0.000000000 -0.414202931 -0.829846235 -0.373886558 -0.575605606 -0.638293315 -0.028007393 0.769283582 3.401615378 -0.648858672 0.557288805 -0.518084560 -2.965003380
0.000000000 0.439345756 0.780799787 0.500000000 0.500000000 0.000000000 0.000000000 -0.439864466 -0.831018290 -0.340481796 -0.524096270 -0.574886425 -0.030715384 0.817656507 3.536536826 -0.689945541 0.555396406 -0.464230527 -2.875547753
0.000000000 0.439345756 0.780799787 0.500000000 0.500000000 0.000000000 0.000000000 -0.469459249 -0.833892875 -0.290225233 -0.453143913 -0.484767719 -0.031301563 0.874082645 3.687627024 -0.737975793 0.551038007 -0.389549539 -2.802560269
0.000000000 0.439345756 0.780799787 0.500000000 0.500000000 0.000000000 0.000000000 -0.489047155 -0.837956195 -0.242203004 -0.443978779 -0.393785815 -0.035665421 0.918510049 3.897884977 -0.778309458 0.544570834 -0.312533191 -2.625732887
0.000000000 0.439345756 0.780799787 0.500000000 0.500000000 0.000000000 0.000000000 -0.500858090 -0.841536899 -0.202377919 -0.398336811 -0.310263370 -0.043716734 0.949644927 4.093029955 -0.808008549 0.538427799 -0.239202195 -2.532942667
0.000000000 0.439345756 0.780799787 0.500000000 0.500000000 0.000000000 0.000000000 -0.506283605 -0.844353652 -0.175339162 -0.344918902 -0.239824654 -0.057445767 0.969115122 4.227244519 -0.828348385 0.532697751 -0.173412972 -2.473074888
0.000000000 0.439345756 0.780799787 0.500000000 0.500000000 0.000000000 0.000000000 -0.510025687 -0.846019038 -0.155324132 -0.248433575 -0.175624360 -0.074348608 0.981645745 4.247994378 -0.842039122 0.527943247 -0.110661852 -2.368394962
0.000000000 0.439345756 0.780799787 0.500000000 0.500000000 0.000000000 0.000000000 -0.511386599 -0.848579007 -0.135637073 -0.051000021 -0.106844789 -0.093827244 0.989838694 4.167999510 -0.852682789 0.520682357 -0.042684249 -2.025411117
0.000000000 0.439345756 0.780799787 0.500000000 0.500000000 0.000000000 0.000000000 -0.511146355 -0.849298076 -0.131993110 0.066620049 -0.081185682 -0.105175234 0.991134227 4.123728377 -0.855650798 0.517330598 -0.015190906 -1.783708104
0.000000000 0.439345756 0.780799787 0.500000000 0.500000000 0.000000000 0.000000000 -0.507580972 -0.852012260 -0.128205557 0.161689437 -0.085810057 -0.098069961 0.991473104 4.088169125 -0.857320355 0.514254208 -0.023332774 -1.605817677
0.000000000 0.439345756 0.780799787 0.500000000 0.500000000 0.000000000 0.000000000 -0.511928863 -0.852298927 -0.107309732 0.234468813 -0.043628547 -0.098962429 0.994134290 4.057414282 -0.857919221 0.513607804 0.013477160 -1.447662539
0.000000000 0.439345756 0.780799787 0.500000000 0.500000000 0.000000000 0.000000000 -0.517034968 -0.852186253 -0.080333253 0.356284845 0.005900159 -0.097397135 0.995228108 4.078419149 -0.855943941 0.514093754 0.055385759 -1.237100438
0.000000000 0.439345756 0.780799787 0.500000000 0.500000000 0.000000000 0.000000000 -0.520387374 -0.852031817 -0.056910128 0.468697830 0.042198190 -0.092222025 0.994843913 4.152412722 -0.852887034 0.515302707 0.083945377 -0.876307305
0.000000000 0.439345756 0.780799787 0.500000000 0.500000000 0.000000000 0.000000000 -0.521165279 -0.852590018 -0.038431919 0.548396824 0.071219035 -0.088319879 0.993542877 4.210358998 -0.850479042 0.515062967 0.106749893 -0.698241060
