0.000000000 0.445239038 0.790689241 0.500000000 0.500000000 0.000000000 0.000000000 -0.043065953 -0.997482274 0.056342147 0.350343528 0.901594066 -0.014505574 0.432339830 2.513796407 -0.430434042 0.069416872 0.899948795 3.286412794
0.000000000 0.445239038 0.790689241 0.500000000 0.500000000 0.000000000 0.000000000 -0.038896995 -0.997546260 0.058210676 0.329746000 0.906924045 -0.010787312 0.421156040 2.388926719 -0.419494696 0.069174366 0.905118284 3.254333331
0.000000000 0.445239038 0.790689241 0.500000000 0.500000000 0.000000000 0.000000000 -0.034524618 -0.997624561 0.059609440 0.306173270 0.914339416 -0.007450238 0.404880138 2.264816076 -0.403474266 0.068481592 0.912424676 3.233693991
0.000000000 0.445239038 0.790689241 0.500000000 0.500000000 0.000000000 0.000000000 -0.030820016 -0.997452868 0.064326537 0.304897608 0.919455836 -0.003053420 0.393181438 2.169721264 -0.391983537 0.071263268 0.917207966 3.221979857
0.000000000 0.445239038 0.790689241 0.500000000 0.500000000 0.000000000 0.000000000 -0.025700100 -0.997175154 0.070577741 0.305096895 0.928285408 0.002394834 0.371860815 2.059254333 -0.370979388 0.075073147 0.925601597 3.226977732
0.000000000 0.445239038 0.790689241 0.500000000 0.500000000 0.000000000 0.000000000 -0.022379086 -0.996601438 0.079276414 0.296040618 0.934314237 0.007368016 0.356374268 1.976761138 -0.355747217 0.082044412 0.930974023 3.260546940
0.000000000 0.445239038 0.790689241 0.500000000 0.500000000 0.000000000 0.000000000 -0.018623631 -0.996059004 0.086715743 0.280764523 0.941346217 0.011758844 0.337237348 1.840075767 -0.336927974 0.087910120 0.937417384 3.336053296
0.000000000 0.445239038 0.790689241 0.500000000 0.500000000 0.000000000 0.000000000 -0.015087762 -0.995593180 0.092555821 0.270290714 0.948855346 0.014937903 0.315357561 1.668087448 -0.315350426 0.092580126 0.944448532 3.443790509
0.000000000 0.445239038 0.790689241 0.500000000 0.500000000 0.000000000 0.000000000 -0.011859892 -0.995377196 0.095307822 0.273779518 0.954717048 0.017064900 0.297025500 1.540756779 -0.297278828 0.094514693 0.950101190 3.521865051
0.000000000 0.445239038 0.790689241 0.500000000 0.500000000 0.000000000 0.000000000 -0.007108793 -0.995461096 0.094903486 0.277431797 0.961101501 0.019402944 0.275513032 1.400210556 -0.276103912 0.093170448 0.956601222 3.573180011
0.000000000 0.445239038 0.790689241 0.500000000 0.500000000 0.000000000 0.000000000 -0.001835310 -0.995409931 0.095685425 0.282020541 0.966830600 0.022672981 0.254410157 1.269190637 -0.255411870 0.092978518 0.962351169 3.592685048
0.000000000 0.445239038 0.790689241 0.500000000 0.500000000 0.000000000 0.000000000 0.003090228 -0.995370924 0.096058182 0.289555776 0.971583204 0.025723630 0.235296352 1.146098535 -0.236678113 0.092601396 0.967165163 3.605955419
0.000000000 0.445239038 0.790689241 0.500000000 0.500000000 0.000000000 0.000000000 0.009618751 -0.995608685 0.093117271 0.285381861 0.977747111 0.028880329 0.207789590 0.941611119 -0.209566378 0.089046466 0.973731308 3.616272998
0.000000000 0.445239038 0.790689241 0.500000000 0.500000000 0.000000000 0.000000000 0.015784703 -0.996041835 0.087472893 0.244372654 0.982663859 0.031615793 0.182680544 0.752142280 -0.184722989 0.083072892 0.979273359 3.631074649
0.000000000 0.445239038 0.790689241 0.500000000 0.500000000 0.000000000 0.000000000 0.023099605 -0.995832729 0.088224625 0.226781555 0.987737108 0.036363241 0.151832542 0.602524784 -0.154407947 0.083635465 0.984460916 3.643267382
0.000000000 0.445239038 0.790689241 0.500000000 0.500000000 0.000000000 0.000000000 0.029095105 -0.995890869 0.085760437 0.223585390 0.991560306 0.039599445 0.123450572 0.494899895 -0.126339363 0.081444838 0.988638004 3.645583635
0.000000000 0.445239038 0.790689241 0.500000000 0.500000000 0.000000000 0.000000000 0.036665595 -0.995877013 0.082973548 0.219761957 0.995428802 0.043723566 0.084910246 0.336523723 -0.088188061 0.079480974 0.992927812 3.649616677
0.000000000 0.445239038 0.790689241 0.500000000 0.500000000 0.000000000 0.000000000 0.043504522 -0.995824701 0.080252859 0.210757576 0.997965650 0.047063910 0.043006386 0.174381842 -0.046603835 0.078218625 0.995846338 3.653734872
0.000000000 0.445239038 0.790689241 0.500000000 0.500000000 0.000000000 0.000000000 0.050110410 -0.995650766 0.078539794 0.198274922 0.998741120 0.050133291 -0.001681664 0.001321419 -0.002263109 0.078525190 0.996909561 3.641975604
0.000000000 0.445239038 0.790689241 0.500000000 0.500000000 0.000000000 0.000000000 0.055379991 -0.995388892 0.078319923 0.174182114 0.997891960 0.052519675 -0.038122437 -0.141877944 0.033833313 0.080266042 0.996199111 3.612247646
0.000000000 0.445239038 0.790689241 0.500000000 0.500000000 0.000000000 0.000000000 0.060002559 -0.995174497 0.077636414 0.144251149 0.995781636 0.054267270 -0.073986457 -0.272138401 0.069416319 0.081748293 0.994232665 3.513639200
0.000000000 0.445239038 0.790689241 0.500000000 0.500000000 0.000000000 0.000000000 0.061980669 -0.995101920 0.077010159 0.130631968 0.994020239 0.054594723 -0.094568388 -0.353872831 0.089900837 0.082411069 0.992535267 3.405900249
0.000000000 0.445239038 0.790689241 0.500000000 0.500000000 0.000000000 0.000000000 0.062739142 -0.994991541 0.077817952 0.096300294 0.992038186 0.053641538 -0.113942188 -0.437289405 0.109197238 0.084347015 0.990435028 3.253133159
0.000000000 0.445239038 0.790689241 0.500000000 0.500000000 0.000000000 0.000000000 0.062784632 -0.995073455 0.076726195 0.061132859 0.989818229 0.052244011 -0.132402560 -0.498386828 0.127741788 0.084257833 0.988221966 3.112677569
0.000000000 0.445239038 0.790689241 0.500000000 0.500000000 0.000000000 0.000000000 0.062995042 -0.995610606 0.069218108 0.042033139 0.987772536 0.052288086 -0.146871965 -0.544338575 0.142608004 0.077623952 0.986730703 3.012518766
0.000000000 0.445239038 0.790689241 0.500000000 0.500000000 0.000000000 0.000000000 0.065205576 -0.996129715 0.058939146 0.016550852 0.983084566 0.053996535 -0.175011741 -0.618465198 0.171151886 0.069353906 0.982800625 2.910479905
0.000000000 0.445239038 0.790689241 0.500000000 0.500000000 0.000000000 0.000000000 0.069441475 -0.995979077 0.056600001 -0.004173060 0.977462311 0.056592491 -0.203383185 -0.712429851 0.199362262 0.069447596 0.977461877 2.828235862
0.000000000 0.445239038 0.790689241 0.500000000 0.500000000 0.000000000 0.000000000 0.074927915 -0.995700568 0.054462703 -0.027713828 0.972053440 0.060744895 -0.226764565 -0.828544697 0.222481275 0.069931654 0.972425651 2.744057835
0.000000000 0.445239038 0.790689241 0.500000000 0.500000000 0.000000000 0.000000000 0.083693487 -0.995063331 0.053332611 -0.051965913 0.963413453 0.067124159 -0.259478065 -0.972774225 0.254617201 0.073097979 0.964275254 2.636838765
0.000000000 0.445239038 0.790689241 0.500000000 0.500000000 0.000000000 0.000000000 0.093758947 -0.994191088 0.052852070 -0.066279298 0.953640876 0.074433239 -0.291596935 -1.098022234 0.285969123 0.077741716 0.955080042 2.553848986
0.000000000 0.445239038 0.790689241 0.500000000 0.500000000 0.000000000 0.000000000 0.105020937 -0.992994955 0.054144456 -0.077363355 0.942012570 0.081884197 -0.325434012 -1.196723654 0.318720757 0.085182143 0.944013285 2.474814876
0.000000000 0.445239038 0.790689241 0.500000000 0.500000000 0.000000000 0.000000000 0.116841725 -0.991617465 0.055161710 -0.097687563 0.926935316 0.088942332 -0.364527339 -1.285117900 0.356565465 0.093723340 0.929557424 2.377616148
0.000000000 0.445239038 0.790689241 0.500000000 0.500000000 0.000000000 0.000000000 0.125618947 -0.990510574 0.055755565 -0.117027148 0.911473448 0.093040031 -0.400699022 -1.373136895 0.391709118 0.101155106 0.914511679 2.283136265
0.000000000 0.445239038 0.790689241 0.500000000 0.500000000 0.000000000 0.000000000 0.131584262 -0.989780414 0.054957387 -0.145075492 0.893673719 0.094450803 -0.438664256 -1.473671695 0.428990520 0.106835285 0.896968983 2.181595788
0.000000000 0.445239038 0.790689241 0.500000000 0.500000000 0.000000000 0.000000000 0.134905719 -0.989421580 0.053342133 -0.177727952 0.876246431 0.093995124 -0.472606716 -1.563839493 0.462593384 0.110498203 0.879657609 2.096806996
0.000000000 0.445239038 0.790689241 0.500000000 0.500000000 0.000000000 0.000000000 0.136007429 -0.989344977 0.051947042 -0.200274136 0.858268884 0.091473255 -0.504982342 -1.645108066 0.494849979 0.113265880 0.861565052 2.023815344
0.000000000 0.445239038 0.790689241 0.500000000 0.500000000 0.000000000 0.000000000 0.135645301 -0.989592874 0.048023912 -0.219668221 0.831098138 0.087266274 -0.549236273 -1.739406914 0.539329434 0.114413903 0.834286054 1.937863912
0.000000000 0.445239038 0.790689241 0.500000000 0.500000000 0.000000000 0.000000000 0.134372053 -0.990005035 0.042827340 -0.227876665 0.806682641 0.084184826 -0.584958145 -1.817843606 0.575506097 0.113150099 0.809931965 1.851777780
0.000000000 0.445239038 0.790689241 0.500000000 0.500000000 0.000000000 0.000000000 0.132175874 -0.990643408 0.033987883 -0.256662053 0.772671903 0.081493919 -0.629552914 -1.909474021 0.620892639 0.109473189 0.776213857 1.740489244
0.000000000 0.445239038 0.790689241 0.500000000 0.500000000 0.000000000 0.000000000 0.130418184 -0.991158826 0.024398322 -0.291026340 0.741534893 0.081178429 -0.665985034 -1.989755617 0.658116327 0.104948766 0.745565998 1.633186800
0.000000000 0.445239038 0.790689241 0.500000000 0.500000000 0.000000000 0.000000000 0.129810564 -0.991417794 0.015491120 -0.312268170 0.715098770 0.082785408 -0.694103973 -2.074261946 0.686864591 0.101179709 0.719708066 1.521978514
0.000000000 0.445239038 0.790689241 0.500000000 0.500000000 0.000000000 0.000000000 0.132713566 -0.991137035 0.005872568 -0.318991502 0.687462308 0.087780058 -0.720895441 -2.140481103 0.713990675 0.099709774 0.693018958 1.416114611
0.000000000 0.445239038 0.790689241 0.500000000 0.500000000 0.000000000 0.000000000 0.138663846 -0.990311848 -0.007401468 -0.325265616 0.656088497 0.097458948 -0.748364642 -2.185873265 0.741835711 0.098915102 0.663246244 1.318829945
0.000000000 0.445239038 0.790689241 0.500000000 0.500000000 0.000000000 0.000000000 0.145709177 -0.989202665 -0.015713772 -0.330571466 0.616019161 0.103144992 -0.780949105 -2.228033120 0.774137733 0.104111467 0.624396967 1.217423040
0.000000000 0.445239038 0.790689241 0.500000000 0.500000000 0.000000000 0.000000000 0.152222727 -0.988104266 -0.021867801 -0.341228184 0.583024692 0.107640039 -0.805292388 -2.270046913 0.798066695 0.109834335 0.592474446 1.128058461
0.000000000 0.445239038 0.790689241 0.500000000 0.500000000 0.000000000 0.000000000 0.159028814 -0.986881021 -0.027851155 -0.368593859 0.554896579 0.112679182 -0.824253110 -2.328300535 0.816577996 0.115625483 0.565536139 1.035878546
0.000000000 0.445239038 0.790689241 0.500000000 0.500000000 0.000000000 0.000000000 0.165941685 -0.985446974 -0.036845872 -0.413558656 0.504613032 0.116955880 -0.855387053 -2.411280041 0.847247924 0.123351461 0.516677241 0.911801861
0.000000000 0.445239038 0.790689241 0.500000000 0.500000000 0.000000000 0.000000000 0.169709605 -0.984522676 -0.043746424 -0.434386476 0.469371549 0.119781825 -0.874838650 -2.481234768 0.866538515 0.127935195 0.482435060 0.825683981
0.000000000 0.445239038 0.790689241 0.500000000 0.500000000 0.000000000 0.000000000 0.171886475 -0.983683791 -0.053115336 -0.451068660 0.427027546 0.122989581 -0.895835385 -2.585611511 0.887751381 0.131300274 0.441200321 0.725321142
0.000000000 0.445239038 0.790689241 0.500000000 0.500000000 0.000000000 0.000000000 0.171287482 -0.983154972 -0.063772254 -0.470926213 0.387456101 0.126733920 -0.913135414 -2.713148411 0.905835729 0.131699717 0.402637326 0.615563417
0.000000000 0.445239038 0.790689241 0.500000000 0.500000000 0.000000000 0.000000000 0.169196525 -0.982693398 -0.075407044 -0.497821465 0.349005991 0.131291338 -0.927877903 -2.856333155 0.921719781 0.130676206 0.365179922 0.503511978
0.000000000 0.445239038 0.790689241 0.500000000 0.500000000 0.000000000 0.000000000 0.167114485 -0.982412892 -0.083292605 -0.514434978 0.317343161 0.133581657 -0.938855292 -2.980694327 0.933469907 0.130463980 0.334085442 0.406339499
0.000000000 0.445239038 0.790689241 0.500000000 0.500000000 0.000000000 0.000000000 0.165919283 -0.981898962 -0.091352173 -0.524928896 0.282194642 0.136037741 -0.949663054 -3.098170012 0.944900511 0.131788319 0.299657911 0.279676841
0.000000000 0.445239038 0.790689241 0.500000000 0.500000000 0.000000000 0.000000000 0.164849633 -0.981464937 -0.097730117 -0.528307674 0.250856931 0.137548343 -0.958202094 -3.158430653 0.953884374 0.133442987 0.268882076 0.159344117
0.000000000 0.445239038 0.790689241 0.500000000 0.500000000 0.000000000 0.000000000 0.163908670 -0.981245529 -0.101445353 -0.537497195 0.221319266 0.136793168 -0.965559636 -3.210594714 0.961328107 0.135811785 0.239590127 0.022464675
0.000000000 0.445239038 0.790689241 0.500000000 0.500000000 0.000000000 0.000000000 0.161722150 -0.981085754 -0.106379929 -0.567735262 0.185398545 0.136085399 -0.973194813 -3.267750560 0.969264322 0.137664474 0.203899894 -0.160159495
0.000000000 0.445239038 0.790689241 0.500000000 0.500000000 0.000000000 0.000000000 0.158381947 -0.980528492 -0.116099246 -0.597016108 0.144347490 0.139313763 -0.979671107 -3.308479920 0.976769656 0.138403583 0.163601612 -0.294306428
0.000000000 0.445239038 0.790689241 0.500000000 0.500000000 0.000000000 0.000000000 0.157982509 -0.980111643 -0.120094524 -0.629041203 0.107045503 0.137904351 -0.984643921 -3.365063526 0.981622528 0.142700938 0.126703020 -0.439150733
0.000000000 0.445239038 0.790689241 0.500000000 0.500000000 0.000000000 0.000000000 0.157921764 -0.979606402 -0.124225659 -0.649963746 0.065585621 0.135932182 -0.988544874 -3.422187772 0.985271152 0.147965334 0.085714745 -0.552489639
0.000000000 0.445239038 0.790689241 0.500000000 0.500000000 0.000000000 0.000000000 0.155673067 -0.978510010 -0.135218548 -0.674892280 0.003376802 0.137413748 -0.990507980 -3.515700152 0.987802862 0.153738809 0.024695855 -0.728000293
0.000000000 0.445239038 0.790689241 0.500000000 0.500000000 0.000000000 0.000000000 0.154066533 -0.977224409 -0.145931346 -0.698693196 -0.038335519 0.141671509 -0.989171154 -3.597820230 0.987316510 0.157992524 -0.015635567 -0.855177789
0.000000000 0.445239038 0.790689241 0.500000000 0.500000000 0.000000000 0.000000000 0.153017232 -0.975796387 -0.156227839 -0.721020191 -0.082450142 0.144932290 -0.986000307 -3.681277289 0.984777996 0.163756046 -0.058277413 -0.993986448
0.000000000 0.445239038 0.790689241 0.500000000 0.500000000 0.000000000 0.000000000 0.152288864 -0.973912595 -0.168233047 -0.731579492 -0.135570798 0.148024743 -0.979647505 -3.742892414 0.978993698 0.171996894 -0.109491587 -1.135073581
0.000000000 0.445239038 0.790689241 0.500000000 0.500000000 0.000000000 0.000000000 0.150964128 -0.972215360 -0.178905354 -0.730093040 -0.186686811 0.149683950 -0.970949406 -3.749828375 0.970751187 0.179977801 -0.158902878 -1.246936596
0.000000000 0.445239038 0.790689241 0.500000000 0.500000000 0.000000000 0.000000000 0.150117110 -0.970309893 -0.189640623 -0.728742463 -0.240956812 0.150123286 -0.958854949 -3.723710507 0.958855916 0.189635734 -0.211266705 -1.389673186
0.000000000 0.445239038 0.790689241 0.500000000 0.500000000 0.000000000 0.000000000 0.148743622 -0.968689777 -0.198784938 -0.750025668 -0.288775893 0.149708707 -0.945619261 -3.693080738 0.945771547 0.198059132 -0.257466040 -1.528239571
0.000000000 0.445239038 0.790689241 0.500000000 0.500000000 0.000000000 0.000000000 0.144336841 -0.966917966 -0.210324805 -0.796672024 -0.350832481 0.148738402 -0.924550409 -3.665652444 0.925247776 0.207235458 -0.317757798 -1.674685933
0.000000000 0.445239038 0.790689241 0.500000000 0.500000000 0.000000000 0.000000000 0.142736237 -0.966153534 -0.214880702 -0.821464742 -0.384673634 0.145884155 -0.911451594 -3.647908998 0.911949868 0.212756111 -0.350830836 -1.774158698
0.000000000 0.445239038 0.790689241 0.500000000 0.500000000 0.000000000 0.000000000 0.139444288 -0.965501011 -0.219916092 -0.840111662 -0.425647743 0.142078802 -0.893665269 -3.627382755 0.894080136 0.218223306 -0.391151249 -1.899140435
0.000000000 0.445239038 0.790689241 0.500000000 0.500000000 0.000000000 0.000000000 0.134233362 -0.964909357 -0.225679722 -0.853910871 -0.465834570 0.139564964 -0.873796186 -3.614477986 0.874631098 0.222422016 -0.430753861 -2.035344649
0.000000000 0.445239038 0.790689241 0.500000000 0.500000000 0.000000000 0.000000000 0.129448962 -0.964764699 -0.229067768 -0.877752563 -0.500411673 0.135876314 -0.855058936 -3.608583148 0.856055561 0.225314677 -0.465190469 -2.189368508
0.000000000 0.445239038 0.790689241 0.500000000 0.500000000 0.000000000 0.000000000 0.126059579 -0.964599467 -0.231639486 -0.918771971 -0.534246699 0.130736735 -0.835157692 -3.596710370 0.835876455 0.229032258 -0.498853463 -2.400936044
0.000000000 0.445239038 0.790689241 0.500000000 0.500000000 0.000000000 0.000000000 0.124152847 -0.964567133 -0.232801022 -0.944275138 -0.560620409 0.125393610 -0.818523793 -3.559983781 0.818712909 0.232135064 -0.525188047 -2.551889348
0.000000000 0.445239038 0.790689241 0.500000000 0.500000000 0.000000000 0.000000000 0.122580174 -0.964669009 -0.233211930 -0.953739405 -0.588109199 0.118678310 -0.800026892 -3.477306053 0.799438347 0.235221517 -0.552783110 -2.678669625
0.000000000 0.445239038 0.790689241 0.500000000 0.500000000 0.000000000 0.000000000 0.118927737 -0.964951745 -0.233932303 -0.952094415 -0.618670499 0.112260599 -0.777588819 -3.371635921 0.776597068 0.237203894 -0.583636279 -2.780677888
0.000000000 0.445239038 0.790689241 0.500000000 0.500000000 0.000000000 0.000000000 0.117486582 -0.964248287 -0.237533459 -0.972373017 -0.642397769 0.108611373 -0.758636063 -3.212521208 0.757312359 0.241720522 -0.606670569 -2.907426665
0.000000000 0.445239038 0.790689241 0.500000000 0.500000000 0.000000000 0.000000000 0.115231399 -0.963323674 -0.242341132 -0.999881630 -0.662199180 0.107350869 -0.741598299 -3.088032767 0.740414729 0.245933508 -0.625541956 -2.997273267
0.000000000 0.445239038 0.790689241 0.500000000 0.500000000 0.000000000 0.000000000 0.113590700 -0.962553712 -0.246145291 -1.023369568 -0.684058821 0.103902180 -0.721988827 -2.923179928 0.720528058 0.250389074 -0.646641036 -3.122984109
0.000000000 0.445239038 0.790689241 0.500000000 0.500000000 0.000000000 0.000000000 0.109599548 -0.961432259 -0.252261669 -1.030652438 -0.707274610 0.102885933 -0.699411975 -2.778539497 0.698391413 0.255073510 -0.668720375 -3.241270407
0.000000000 0.445239038 0.790689241 0.500000000 0.500000000 0.000000000 0.000000000 0.103660500 -0.960477995 -0.258334129 -1.035276019 -0.732354505 0.102036043 -0.673235119 -2.637613783 0.672986910 0.258980052 -0.692833279 -3.366278413
0.000000000 0.445239038 0.790689241 0.500000000 0.500000000 0.000000000 0.000000000 0.095766858 -0.958717565 -0.267748650 -1.054725685 -0.761213404 0.102784770 -0.640304181 -2.485564818 0.641391349 0.265133781 -0.719945287 -3.513376719
