0.000000000 0.449766783 0.800705565 0.500000000 0.500000000 0.000000000 0.000000000 -0.100939277 -0.992839844 0.063877270 -0.407089198 0.763075810 -0.036062396 0.645302110 3.901541846 -0.638378079 0.113879528 0.761252180 2.789031080
0.000000000 0.449766783 0.800705565 0.500000000 0.500000000 0.000000000 0.000000000 -0.102961941 -0.992344432 0.068200925 -0.411063844 0.768171140 -0.035769151 0.639244607 3.914093931 -0.631911338 0.118207848 0.765973215 2.818062268
0.000000000 0.449766783 0.800705565 0.500000000 0.500000000 0.000000000 0.000000000 -0.105531539 -0.991591403 0.074897151 -0.421255784 0.774800038 -0.034779537 0.631248989 3.936917078 -0.623336182 0.124646993 0.771955395 2.871673295
0.000000000 0.449766783 0.800705565 0.500000000 0.500000000 0.000000000 0.000000000 -0.108221622 -0.991161533 0.076726116 -0.424250832 0.779695251 -0.036744682 0.625080110 3.951845009 -0.616736083 0.127470172 0.776780509 2.909374560
0.000000000 0.449766783 0.800705565 0.500000000 0.500000000 0.000000000 0.000000000 -0.111145937 -0.991173127 0.072266269 -0.429767868 0.784694039 -0.042905053 0.618396654 3.957082525 -0.609837557 0.125439186 0.782536367 2.948886680
0.000000000 0.449766783 0.800705565 0.500000000 0.500000000 0.000000000 0.000000000 -0.112559303 -0.991203874 0.069608065 -0.430400858 0.791955337 -0.047182830 0.608753254 3.944517409 -0.600114279 0.123647321 0.790300065 2.968388734
0.000000000 0.449766783 0.800705565 0.500000000 0.500000000 0.000000000 0.000000000 -0.112785778 -0.991171282 0.069705507 -0.430774956 0.799962668 -0.048969493 0.598048257 3.889532097 -0.589354814 0.123213142 0.798423086 2.982174038
0.000000000 0.449766783 0.800705565 0.500000000 0.500000000 0.000000000 0.000000000 -0.111523008 -0.991486855 0.067204429 -0.432036445 0.808926063 -0.051290983 0.585668728 3.793530879 -0.577235864 0.119678953 0.807759683 2.994191918
0.000000000 0.449766783 0.800705565 0.500000000 0.500000000 0.000000000 0.000000000 -0.109230326 -0.992046862 0.062544068 -0.430687949 0.818175139 -0.053997010 0.572427956 3.632612259 -0.564498164 0.113698494 0.817566190 2.996997089
0.000000000 0.449766783 0.800705565 0.500000000 0.500000000 0.000000000 0.000000000 -0.106363999 -0.992633161 0.058018156 -0.436895248 0.825296703 -0.055587670 0.561956726 3.434162219 -0.554591788 0.107654158 0.825129403 3.013967750
0.000000000 0.449766783 0.800705565 0.500000000 0.500000000 0.000000000 0.000000000 -0.102731403 -0.993425269 0.050522219 -0.451665025 0.834262487 -0.058389179 0.548267095 3.202224229 -0.541712435 0.098473039 0.834775837 3.041543682
0.000000000 0.449766783 0.800705565 0.500000000 0.500000000 0.000000000 0.000000000 -0.099839267 -0.994069425 0.043105667 -0.454958558 0.839608296 -0.060920223 0.539765352 3.028484953 -0.533938227 0.090081653 0.840711167 3.071953717
0.000000000 0.449766783 0.800705565 0.500000000 0.500000000 0.000000000 0.000000000 -0.097443105 -0.994616362 0.035258113 -0.452964087 0.845263632 -0.064005182 0.530502337 2.898018267 -0.525389602 0.081496196 0.846949902 3.083646735
0.000000000 0.449766783 0.800705565 0.500000000 0.500000000 0.000000000 0.000000000 -0.094190299 -0.995168079 0.027725127 -0.440074769 0.850536038 -0.065965025 0.521763417 2.777305770 -0.517413408 0.072726271 0.852639580 3.081763501
0.000000000 0.449766783 0.800705565 0.500000000 0.500000000 0.000000000 0.000000000 -0.091675733 -0.995565753 0.021080577 -0.436669924 0.855327346 -0.067886359 0.513621041 2.662124571 -0.509912435 0.065117380 0.857758145 3.061106203
0.000000000 0.449766783 0.800705565 0.500000000 0.500000000 0.000000000 0.000000000 -0.088831836 -0.995896193 0.017311195 -0.427991956 0.860076694 -0.067928030 0.505622253 2.505026320 -0.502371361 0.059804309 0.862581277 3.021513142
0.000000000 0.449766783 0.800705565 0.500000000 0.500000000 0.000000000 0.000000000 -0.086582126 -0.996127218 0.015300340 -0.436032196 0.865615267 -0.067617828 0.496123007 2.319357160 -0.493167056 0.056199593 0.868117424 2.976251786
0.000000000 0.449766783 0.800705565 0.500000000 0.500000000 0.000000000 0.000000000 -0.084769365 -0.996288178 0.014967321 -0.446893530 0.871516226 -0.066855088 0.485787881 2.155153135 -0.482984082 0.054224193 0.873948576 2.937493065
0.000000000 0.449766783 0.800705565 0.500000000 0.500000000 0.000000000 0.000000000 -0.082677339 -0.996452982 0.015681602 -0.457870623 0.878214629 -0.065410949 0.473772596 2.024512116 -0.471066368 0.052942070 0.880507589 2.916763162
0.000000000 0.449766783 0.800705565 0.500000000 0.500000000 0.000000000 0.000000000 -0.080233570 -0.996550936 0.021185035 -0.467825440 0.888227222 -0.061834978 0.455223943 1.877009512 -0.452343871 0.055341367 0.890124910 2.912876890
0.000000000 0.449766783 0.800705565 0.500000000 0.500000000 0.000000000 0.000000000 -0.078272092 -0.996668117 0.022937821 -0.467464582 0.900345311 -0.060790336 0.430909335 1.704131217 -0.428079198 0.054380135 0.902103653 2.909465731
0.000000000 0.449766783 0.800705565 0.500000000 0.500000000 0.000000000 0.000000000 -0.077026633 -0.996758366 0.023230519 -0.466041693 0.911298158 -0.060931964 0.407213657 1.491114521 -0.404478138 0.052536226 0.913037448 2.940805661
0.000000000 0.449766783 0.800705565 0.500000000 0.500000000 0.000000000 0.000000000 -0.076512263 -0.996824811 0.022049250 -0.489049035 0.922791495 -0.062419715 0.380209989 1.242565799 -0.377626443 0.049437588 0.924637331 3.015689256
0.000000000 0.449766783 0.800705565 0.500000000 0.500000000 0.000000000 0.000000000 -0.075958236 -0.996898802 0.020569997 -0.525561415 0.933417196 -0.063836076 0.353068398 0.981773063 -0.350660355 0.046018841 0.935371360 3.094143513
0.000000000 0.449766783 0.800705565 0.500000000 0.500000000 0.000000000 0.000000000 -0.076006797 -0.996947297 0.017862071 -0.545079833 0.941756413 -0.065890520 0.329777649 0.744284833 -0.327593995 0.041887063 0.943889638 3.166091740
0.000000000 0.449766783 0.800705565 0.500000000 0.500000000 0.000000000 0.000000000 -0.075636692 -0.997015243 0.015482105 -0.542987691 0.948390510 -0.067135343 0.309916581 0.508324630 -0.307952159 0.038124146 0.950637690 3.222570990
0.000000000 0.449766783 0.800705565 0.500000000 0.500000000 0.000000000 0.000000000 -0.074732859 -0.997119803 0.012926684 -0.538390996 0.953253296 -0.067627117 0.294507600 0.318113322 -0.292785166 0.034331799 0.955561706 3.245170918
0.000000000 0.449766783 0.800705565 0.500000000 0.500000000 0.000000000 0.000000000 -0.073138423 -0.997266800 0.010473851 -0.539945066 0.956886354 -0.067209155 0.282579963 0.180887915 -0.281103677 0.030689738 0.959186563 3.228528927
0.000000000 0.449766783 0.800705565 0.500000000 0.500000000 0.000000000 0.000000000 -0.069711897 -0.997546524 0.006417540 -0.534600962 0.962075918 -0.065529587 0.264793885 0.046539902 -0.263723680 0.024633444 0.964283679 3.181554806
0.000000000 0.449766783 0.800705565 0.500000000 0.500000000 0.000000000 0.000000000 -0.063826495 -0.997939728 0.006517571 -0.541116604 0.968127524 -0.060332180 0.243082548 -0.137509128 -0.242188512 0.021824947 0.969983709 3.101987447
0.000000000 0.449766783 0.800705565 0.500000000 0.500000000 0.000000000 0.000000000 -0.055804544 -0.998411544 0.007761510 -0.560589267 0.974820976 -0.052801804 0.216647257 -0.337225506 -0.215893301 0.019655984 0.976219097 3.012725705
0.000000000 0.449766783 0.800705565 0.500000000 0.500000000 0.000000000 0.000000000 -0.045301299 -0.998924373 0.009893920 -0.583413797 0.981622112 -0.042674365 0.186002494 -0.496771258 -0.185380208 0.018138245 0.982499457 2.953719027
0.000000000 0.449766783 0.800705565 0.500000000 0.500000000 0.000000000 0.000000000 -0.033344587 -0.999406376 0.008662198 -0.603868593 0.989350483 -0.031777956 0.142041482 -0.618268635 -0.141681895 0.013306264 0.989822804 2.893168566
0.000000000 0.449766783 0.800705565 0.500000000 0.500000000 0.000000000 0.000000000 -0.020444266 -0.999760433 0.007817262 -0.611195909 0.994940466 -0.019575198 0.098540759 -0.749901378 -0.098364128 0.009792304 0.995102311 2.847012406
0.000000000 0.449766783 0.800705565 0.500000000 0.500000000 0.000000000 0.000000000 -0.009195690 -0.999945376 0.004968337 -0.622733179 0.998380849 -0.008902156 0.056182131 -0.924540571 -0.056134834 0.005476926 0.998408175 2.813155603
0.000000000 0.449766783 0.800705565 0.500000000 0.500000000 0.000000000 0.000000000 0.002533027 -0.999996791 0.000048420 -0.653489926 0.999965782 0.002533330 0.007875155 -1.179703122 -0.007875252 0.000028470 0.999968989 2.797446288
0.000000000 0.449766783 0.800705565 0.500000000 0.500000000 0.000000000 0.000000000 0.010696580 -0.999930008 -0.005055968 -0.683477795 0.999472535 0.010846463 -0.030610550 -1.376568419 0.030663246 -0.004725873 0.999518600 2.782188918
0.000000000 0.449766783 0.800705565 0.500000000 0.500000000 0.000000000 0.000000000 0.019914802 -0.999740859 -0.011027905 -0.717240237 0.997087476 0.020671731 -0.073411469 -1.609050946 0.073620411 -0.009533811 0.997240764 2.768113241
0.000000000 0.449766783 0.800705565 0.500000000 0.500000000 0.000000000 0.000000000 0.028003214 -0.999517927 -0.013406506 -0.719627784 0.993593762 0.029301212 -0.109146114 -1.774167489 0.109486325 -0.010264179 0.993935305 2.719945754
0.000000000 0.449766783 0.800705565 0.500000000 0.500000000 0.000000000 0.000000000 0.034384926 -0.999325737 -0.012874310 -0.733335287 0.989795085 0.035833803 -0.137918920 -1.850356036 0.138287262 -0.008000597 0.990359846 2.666148108
0.000000000 0.449766783 0.800705565 0.500000000 0.500000000 0.000000000 0.000000000 0.041486218 -0.999118541 -0.006405814 -0.734694158 0.985273985 0.041974059 -0.165750876 -1.931147047 0.165873652 0.000564895 0.986146851 2.553051051
0.000000000 0.449766783 0.800705565 0.500000000 0.500000000 0.000000000 0.000000000 0.046136009 -0.998929237 0.003442141 -0.741614631 0.981308810 0.044677205 -0.187181643 -1.978439229 0.186827431 0.012013617 0.982319288 2.410188615
0.000000000 0.449766783 0.800705565 0.500000000 0.500000000 0.000000000 0.000000000 0.050294175 -0.998581193 0.017495638 -0.768258047 0.977356827 0.045605027 -0.206624817 -2.018973134 0.205533768 0.027491506 0.978263813 2.275014794
0.000000000 0.449766783 0.800705565 0.500000000 0.500000000 0.000000000 0.000000000 0.055512197 -0.997938759 0.032196730 -0.811898818 0.970960755 0.046439694 -0.234688232 -2.061556110 0.232709276 0.044289820 0.971537341 2.101457811
0.000000000 0.449766783 0.800705565 0.500000000 0.500000000 0.000000000 0.000000000 0.058311293 -0.997475794 0.040519549 -0.820835029 0.962899613 0.045484573 -0.265999040 -2.085252864 0.263484589 0.054527006 0.963121320 1.968527573
0.000000000 0.449766783 0.800705565 0.500000000 0.500000000 0.000000000 0.000000000 0.061592302 -0.996777572 0.051389307 -0.840891611 0.951938897 0.043188615 -0.303227768 -2.141849062 0.300031205 0.067595976 0.951531429 1.862575009
0.000000000 0.449766783 0.800705565 0.500000000 0.500000000 0.000000000 0.000000000 0.064102680 -0.996221942 0.058589145 -0.854034881 0.941860823 0.040991575 -0.333493450 -2.194248776 0.329831831 0.076560644 0.940930088 1.761383115
0.000000000 0.449766783 0.800705565 0.500000000 0.500000000 0.000000000 0.000000000 0.067534199 -0.995703870 0.063347726 -0.880227968 0.922816381 0.038201988 -0.383341279 -2.324396379 0.379274386 0.084346965 0.921431782 1.607487913
0.000000000 0.449766783 0.800705565 0.500000000 0.500000000 0.000000000 0.000000000 0.069942651 -0.995545444 0.063224168 -0.932230540 0.905813319 0.036833858 -0.422072858 -2.430335737 0.417863921 0.086790188 0.904354580 1.478403646
0.000000000 0.449766783 0.800705565 0.500000000 0.500000000 0.000000000 0.000000000 0.072245233 -0.995463588 0.061910180 -0.965920526 0.888622533 0.036055743 -0.457219835 -2.531141176 0.452913480 0.088046734 0.887196231 1.349968715
0.000000000 0.449766783 0.800705565 0.500000000 0.500000000 0.000000000 0.000000000 0.073717232 -0.995644012 0.057085655 -0.989775641 0.867150061 0.035721389 -0.496764284 -2.637851061 0.492561205 0.086121918 0.866006048 1.197507005
0.000000000 0.449766783 0.800705565 0.500000000 0.500000000 0.000000000 0.000000000 0.073560641 -0.995975171 0.051208313 -1.001033256 0.850546762 0.035843228 -0.524676537 -2.727294564 0.520729332 0.082150607 0.849760108 1.086349645
0.000000000 0.449766783 0.800705565 0.500000000 0.500000000 0.000000000 0.000000000 0.072600016 -0.996358313 0.044714079 -0.991655251 0.835712503 0.036303153 -0.547965961 -2.783417293 0.544347179 0.077150452 0.835304709 0.983480472
0.000000000 0.449766783 0.800705565 0.500000000 0.500000000 0.000000000 0.000000000 0.071209727 -0.996840843 0.035178241 -0.992123858 0.818738544 0.038269796 -0.572889710 -2.812062852 0.569733597 0.069597102 0.818877202 0.879582695
0.000000000 0.449766783 0.800705565 0.500000000 0.500000000 0.000000000 0.000000000 0.069307717 -0.997090244 0.031740917 -0.989012784 0.811583697 0.037853933 -0.583008562 -2.816076751 0.580110630 0.066167403 0.811845756 0.781565990
0.000000000 0.449766783 0.800705565 0.500000000 0.500000000 0.000000000 0.000000000 0.067821203 -0.997078919 0.035127099 -0.983384061 0.807347184 0.034162131 -0.589086982 -2.817129356 0.586166195 0.068312352 0.807305775 0.647046917
0.000000000 0.449766783 0.800705565 0.500000000 0.500000000 0.000000000 0.000000000 0.066222495 -0.997129705 0.036700591 -0.998985431 0.807187111 0.031913028 -0.589432377 -2.801827929 0.586569305 0.068657927 0.806983606 0.501331833
0.000000000 0.449766783 0.800705565 0.500000000 0.500000000 0.000000000 0.000000000 0.065137282 -0.997062882 0.040283294 -1.009941173 0.807225246 0.028916990 -0.589534740 -2.782423293 0.586638335 0.070918382 0.806737905 0.346644074
0.000000000 0.449766783 0.800705565 0.500000000 0.500000000 0.000000000 0.000000000 0.063155926 -0.997014616 0.044420539 -1.041161758 0.807583791 0.024904280 -0.589226779 -2.755384399 0.586361450 0.073086470 0.806745696 0.193738358
0.000000000 0.449766783 0.800705565 0.500000000 0.500000000 0.000000000 0.000000000 0.060711593 -0.996944204 0.049156441 -1.045878699 0.805702944 0.019876311 -0.591986232 -2.743159481 0.589200194 0.075545917 0.804447603 0.064032816
0.000000000 0.449766783 0.800705565 0.500000000 0.500000000 0.000000000 0.000000000 0.057651308 -0.996863980 0.054208225 -1.061458874 0.805840548 0.014414019 -0.591957133 -2.761866602 0.589319386 0.077810288 0.804144403 -0.017159523
0.000000000 0.449766783 0.800705565 0.500000000 0.500000000 0.000000000 0.000000000 0.053646861 -0.996977958 0.056186875 -1.068265392 0.801292943 0.009404379 -0.598198276 -2.782548836 0.595862093 0.077113606 0.799375917 -0.112113505
0.000000000 0.449766783 0.800705565 0.500000000 0.500000000 0.000000000 0.000000000 0.051832456 -0.997093214 0.055843695 -1.068418606 0.795976268 0.007477978 -0.605281638 -2.801426112 0.603104616 0.075823490 0.794050137 -0.174306964
0.000000000 0.449766783 0.800705565 0.500000000 0.500000000 0.000000000 0.000000000 0.051063419 -0.997231928 0.054046361 -1.074643034 0.786693945 0.006827067 -0.617305457 -2.833771152 0.615227733 0.074039672 0.784864933 -0.265936475
0.000000000 0.449766783 0.800705565 0.500000000 0.500000000 0.000000000 0.000000000 0.052338067 -0.997271820 0.052054239 -1.086143636 0.769833483 0.007089641 -0.638205410 -2.882600951 0.636095224 0.073475534 0.768104297 -0.412554839
0.000000000 0.449766783 0.800705565 0.500000000 0.500000000 0.000000000 0.000000000 0.055098429 -0.997320046 0.048134073 -1.102063461 0.753828580 0.009937510 -0.656995980 -2.919964007 0.654756928 0.072484286 0.752355895 -0.549672144
0.000000000 0.449766783 0.800705565 0.500000000 0.500000000 0.000000000 0.000000000 0.060581573 -0.997248522 0.042723041 -1.143272871 0.730881246 0.015168198 -0.682336083 -2.950723885 0.679810619 0.072562463 0.729789156 -0.705634481
0.000000000 0.449766783 0.800705565 0.500000000 0.500000000 0.000000000 0.000000000 0.064924255 -0.997167998 0.037958204 -1.163269021 0.711636550 0.019600910 -0.702274323 -2.982113983 0.699541465 0.072607083 0.710893769 -0.811967808
0.000000000 0.449766783 0.800705565 0.500000000 0.500000000 0.000000000 0.000000000 0.069445526 -0.997022330 0.033522999 -1.176670871 0.690888009 0.023827350 -0.722569039 -3.019662154 0.719618703 0.073339825 0.690485476 -0.913106963
0.000000000 0.449766783 0.800705565 0.500000000 0.500000000 0.000000000 0.000000000 0.073551144 -0.996868859 0.029029423 -1.178820929 0.669985756 0.027829819 -0.741852134 -3.058681834 0.738721407 0.074013372 0.669934851 -0.992881754
0.000000000 0.449766783 0.800705565 0.500000000 0.500000000 0.000000000 0.000000000 0.076586482 -0.996755926 0.024741368 -1.179794098 0.648026184 0.030902340 -0.760990874 -3.082715008 0.757757597 0.074314668 0.648290640 -1.059423150
0.000000000 0.449766783 0.800705565 0.500000000 0.500000000 0.000000000 0.000000000 0.079374833 -0.996615952 0.021360701 -1.180057950 0.625239805 0.033084662 -0.779731102 -3.083166788 0.776385743 0.075246587 0.625750054 -1.119446514
0.000000000 0.449766783 0.800705565 0.500000000 0.500000000 0.000000000 0.000000000 0.081167415 -0.996560521 0.016702653 -1.173213677 0.600980840 0.035565793 -0.798471730 -3.058490686 0.795131360 0.074847861 0.601800563 -1.223660116
0.000000000 0.449766783 0.800705565 0.500000000 0.500000000 0.000000000 0.000000000 0.082526474 -0.996525525 0.011236482 -1.173173067 0.574961407 0.038399616 -0.817278930 -3.012360104 0.814007838 0.073907693 0.576132704 -1.352582353
0.000000000 0.449766783 0.800705565 0.500000000 0.500000000 0.000000000 0.000000000 0.083273262 -0.996505516 0.006505493 -1.176491059 0.551709669 0.040665404 -0.833044276 -2.957040572 0.829868667 0.072959457 0.553168069 -1.482014051
0.000000000 0.449766783 0.800705565 0.500000000 0.500000000 0.000000000 0.000000000 0.083346794 -0.996520377 0.000671236 -1.192290343 0.519437388 0.042869757 -0.853432472 -2.880818030 0.850434073 0.071479525 0.521202998 -1.657027023
0.000000000 0.449766783 0.800705565 0.500000000 0.500000000 0.000000000 0.000000000 0.082439492 -0.996567125 -0.007595775 -1.201202419 0.471988132 0.045754980 -0.880416768 -2.802791326 0.877741952 0.068995996 0.474139873 -1.855596502
0.000000000 0.449766783 0.800705565 0.500000000 0.500000000 0.000000000 0.000000000 0.080977494 -0.996574508 -0.016789718 -1.208611927 0.425922116 0.049828400 -0.903386673 -2.750858296 0.901128735 0.066002877 0.428498103 -1.972783454
0.000000000 0.449766783 0.800705565 0.500000000 0.500000000 0.000000000 0.000000000 0.079421127 -0.996538306 -0.024570086 -1.223522852 0.377898254 0.052907225 -0.924334212 -2.709244407 0.922434385 0.064126672 0.380792037 -2.077647053
0.000000000 0.449766783 0.800705565 0.500000000 0.500000000 0.000000000 0.000000000 0.076238769 -0.996442779 -0.035908740 -1.231224808 0.306735441 0.057705283 -0.950043930 -2.683163938 0.948736538 0.061415697 0.310043695 -2.221252622
0.000000000 0.449766783 0.800705565 0.500000000 0.500000000 0.000000000 0.000000000 0.073396403 -0.996222757 -0.046402434 -1.241079240 0.239374778 0.062765479 -0.968896388 -2.679318658 0.968149102 0.060005937 0.243077362 -2.378456879
