0.000000000 0.454717524 0.805663611 0.500000000 0.500000000 0.000000000 0.000000000 -0.048592785 -0.998715759 -0.014337879 -1.249604648 0.985898366 -0.045657839 -0.160996192 -0.175275125 0.160134797 -0.021958945 0.986850876 4.178978726
0.000000000 0.454717524 0.805663611 0.500000000 0.500000000 0.000000000 0.000000000 -0.048484324 -0.998698069 -0.015856746 -1.250775284 0.985901871 -0.045305658 -0.161074198 -0.175828165 0.160146090 -0.023442769 0.986814910 4.178186979
0.000000000 0.454717524 0.805663611 0.500000000 0.500000000 0.000000000 0.000000000 -0.045414866 -0.998678609 -0.024052575 -1.231327611 0.987446548 -0.041231770 -0.152477069 -0.172170710 0.151283857 -0.030675358 0.988014280 4.179759395
0.000000000 0.454717524 0.805663611 0.500000000 0.500000000 0.000000000 0.000000000 -0.036868188 -0.998275959 -0.045671077 -1.204352477 0.991579699 -0.030867125 -0.125765346 -0.165479518 0.124138786 -0.049923253 0.991008189 4.180835359
0.000000000 0.454717524 0.805663611 0.500000000 0.500000000 0.000000000 0.000000000 -0.019418152 -0.996710702 -0.078681074 -1.177719450 0.997077298 -0.013489020 -0.075199123 -0.158660838 0.073890440 -0.079911341 0.994059546 4.181329385
0.000000000 0.454717524 0.805663611 0.500000000 0.500000000 0.000000000 0.000000000 -0.004386012 -0.995431068 -0.095382135 -1.182969471 0.999487689 -0.001339799 -0.031977561 -0.150988299 0.031703665 -0.095473524 0.994926974 4.180245161
0.000000000 0.454717524 0.805663611 0.500000000 0.500000000 0.000000000 0.000000000 0.018361853 -0.995847437 -0.089166836 -1.186972859 0.999351053 0.015515781 0.032507451 -0.107714197 -0.030988969 -0.089705869 0.995486083 4.151800071
0.000000000 0.454717524 0.805663611 0.500000000 0.500000000 0.000000000 0.000000000 0.035613887 -0.997019857 -0.068432850 -1.159813078 0.996295056 0.030057374 0.080577395 -0.031680202 -0.078280351 -0.071048984 0.994396414 4.082064133
0.000000000 0.454717524 0.805663611 0.500000000 0.500000000 0.000000000 0.000000000 0.052848286 -0.997044583 -0.055759824 -1.128989928 0.990543144 0.045260178 0.129521413 0.080677503 -0.126614924 -0.062077496 0.990007599 4.025794049
0.000000000 0.454717524 0.805663611 0.500000000 0.500000000 0.000000000 0.000000000 0.071689232 -0.996107509 -0.051288244 -1.109807741 0.981217787 0.061198381 0.182938274 0.231833725 -0.179087431 -0.063439641 0.981785671 3.960718044
0.000000000 0.454717524 0.805663611 0.500000000 0.500000000 0.000000000 0.000000000 0.083947940 -0.995198204 -0.050331687 -1.089236735 0.972957342 0.070954723 0.219816826 0.390234344 -0.215190040 -0.067423754 0.974241902 3.870875061
0.000000000 0.454717524 0.805663611 0.500000000 0.500000000 0.000000000 0.000000000 0.090998552 -0.994566023 -0.050573594 -1.085201645 0.967214299 0.076176698 0.242267643 0.524872696 -0.237098637 -0.070961508 0.968890448 3.826749898
0.000000000 0.454717524 0.805663611 0.500000000 0.500000000 0.000000000 0.000000000 0.101071269 -0.993539313 -0.051616205 -1.053537892 0.958591508 0.083369152 0.272308476 0.676678674 -0.266245977 -0.077001418 0.960824574 3.752666887
0.000000000 0.454717524 0.805663611 0.500000000 0.500000000 0.000000000 0.000000000 0.112555944 -0.992209733 -0.053394797 -1.033345110 0.947139557 0.090885747 0.307679119 0.816807663 -0.300429391 -0.085203438 0.949990818 3.692205396
0.000000000 0.454717524 0.805663611 0.500000000 0.500000000 0.000000000 0.000000000 0.132030170 -0.989582421 -0.057399176 -1.009425755 0.925219987 0.102248792 0.365394527 0.989541907 -0.355719005 -0.101349966 0.929081360 3.605461264
0.000000000 0.454717524 0.805663611 0.500000000 0.500000000 0.000000000 0.000000000 0.146953473 -0.987386236 -0.058932999 -0.992974011 0.904998712 0.110166619 0.410902237 1.144271444 -0.399226763 -0.113717799 0.909772638 3.533991902
0.000000000 0.454717524 0.805663611 0.500000000 0.500000000 0.000000000 0.000000000 0.155747175 -0.986091277 -0.058024221 -0.985841821 0.891763462 0.115098006 0.437618986 1.288996000 -0.424853792 -0.119901801 0.897286361 3.468364534
0.000000000 0.454717524 0.805663611 0.500000000 0.500000000 0.000000000 0.000000000 0.159462338 -0.985728951 -0.053946248 -0.961456825 0.884577727 0.118410937 0.451110957 1.396958585 -0.438285305 -0.119654858 0.890835959 3.383730656
0.000000000 0.454717524 0.805663611 0.500000000 0.500000000 0.000000000 0.000000000 0.162312047 -0.985710945 -0.045041460 -0.946067151 0.879101570 0.123724258 0.460296358 1.576047929 -0.448146436 -0.114307663 0.886621977 3.290606643
0.000000000 0.454717524 0.805663611 0.500000000 0.500000000 0.000000000 0.000000000 0.164405492 -0.985567532 -0.040341955 -0.910896029 0.875358772 0.126925480 0.466515748 1.680664101 -0.454662353 -0.112011435 0.883592431 3.211363912
0.000000000 0.454717524 0.805663611 0.500000000 0.500000000 0.000000000 0.000000000 0.168052590 -0.985084438 -0.036972663 -0.884744674 0.868775335 0.130278985 0.477762287 1.817186122 -0.465819433 -0.112410127 0.877710783 3.122042892
0.000000000 0.454717524 0.805663611 0.500000000 0.500000000 0.000000000 0.000000000 0.172939234 -0.984356915 -0.033667284 -0.858960539 0.860318731 0.134328651 0.491739255 1.957792353 -0.479524455 -0.114005605 0.870091385 3.035991128
0.000000000 0.454717524 0.805663611 0.500000000 0.500000000 0.000000000 0.000000000 0.178467829 -0.983490429 -0.029930071 -0.840761955 0.849930678 0.138762927 0.508293904 2.135798232 -0.495749005 -0.116152595 0.860663406 2.929647945
0.000000000 0.454717524 0.805663611 0.500000000 0.500000000 0.000000000 0.000000000 0.181509027 -0.983003494 -0.027542766 -0.828584186 0.843252154 0.141172302 0.518648422 2.253429839 -0.505944935 -0.117364868 0.854543861 2.855297394
0.000000000 0.454717524 0.805663611 0.500000000 0.500000000 0.000000000 0.000000000 0.188158287 -0.981916296 -0.020900861 -0.792859041 0.828181090 0.147187899 0.540788133 2.397544642 -0.527932327 -0.119063467 0.840899131 2.718706376
0.000000000 0.454717524 0.805663611 0.500000000 0.500000000 0.000000000 0.000000000 0.197640491 -0.980195804 -0.012426638 -0.763170907 0.807867358 0.155686889 0.568429349 2.491101984 -0.555237398 -0.122383731 0.822638228 2.608058878
0.000000000 0.454717524 0.805663611 0.500000000 0.500000000 0.000000000 0.000000000 0.207459957 -0.978233139 -0.004504755 -0.718042524 0.785234810 0.163779758 0.597145279 2.530371744 -0.583409513 -0.127421024 0.802120454 2.490983689
0.000000000 0.454717524 0.805663611 0.500000000 0.500000000 0.000000000 0.000000000 0.222959874 -0.974798185 0.007575816 -0.665185002 0.744856917 0.175369890 0.643765155 2.607740619 -0.628869675 -0.137890899 0.765185619 2.307104314
0.000000000 0.454717524 0.805663611 0.500000000 0.500000000 0.000000000 0.000000000 0.234233915 -0.972042431 0.016370270 -0.621647361 0.713127020 0.183238604 0.676663482 2.676279015 -0.660745281 -0.146823455 0.736110417 2.171168209
0.000000000 0.454717524 0.805663611 0.500000000 0.500000000 0.000000000 0.000000000 0.246888046 -0.968664491 0.027118211 -0.578913049 0.673724809 0.191695362 0.713686045 2.769543120 -0.696520764 -0.157930341 0.699940592 2.008064365
0.000000000 0.454717524 0.805663611 0.500000000 0.500000000 0.000000000 0.000000000 0.258276935 -0.965351591 0.037273737 -0.534729820 0.634163812 0.198522228 0.747278518 2.864923214 -0.728786172 -0.169367150 0.663464758 1.863073510
0.000000000 0.454717524 0.805663611 0.500000000 0.500000000 0.000000000 0.000000000 0.267373997 -0.962499078 0.045898482 -0.487753926 0.599715978 0.203500972 0.773904452 2.930216988 -0.754222707 -0.179395874 0.631636944 1.724519683
0.000000000 0.454717524 0.805663611 0.500000000 0.500000000 0.000000000 0.000000000 0.276620148 -0.959458299 0.054046888 -0.430743143 0.559296972 0.206474754 0.802841873 3.018966646 -0.781452616 -0.191853977 0.593737199 1.562997819
0.000000000 0.454717524 0.805663611 0.500000000 0.500000000 0.000000000 0.000000000 0.282872183 -0.957491461 0.056510451 -0.381374282 0.531683583 0.205566800 0.821617222 3.070663205 -0.798308146 -0.202366977 0.567231620 1.439432261
0.000000000 0.454717524 0.805663611 0.500000000 0.500000000 0.000000000 0.000000000 0.288843523 -0.955659312 0.057312282 -0.324883389 0.500596921 0.201789051 0.841833654 3.138251901 -0.816071162 -0.214467847 0.536685570 1.250937666
0.000000000 0.454717524 0.805663611 0.500000000 0.500000000 0.000000000 0.000000000 0.292085284 -0.954519675 0.059819537 -0.282952300 0.481754417 0.200873607 0.852972729 3.190836852 -0.826195418 -0.220322456 0.518516294 1.110138523
0.000000000 0.454717524 0.805663611 0.500000000 0.500000000 0.000000000 0.000000000 0.295346778 -0.952793764 0.070386957 -0.242721320 0.459854566 0.206349792 0.863686020 3.215185226 -0.837438988 -0.222719120 0.499091309 0.967885232
0.000000000 0.454717524 0.805663611 0.500000000 0.500000000 0.000000000 0.000000000 0.301376062 -0.948844097 0.094166603 -0.195043718 0.419320442 0.220583444 0.880632336 3.268447243 -0.856354387 -0.225915524 0.464348296 0.796143600
0.000000000 0.454717524 0.805663611 0.500000000 0.500000000 0.000000000 0.000000000 0.308350554 -0.943734246 0.119522421 -0.137704957 0.369362288 0.234564946 0.899194521 3.270593737 -0.876636433 -0.233120053 0.420908071 0.632756678
0.000000000 0.454717524 0.805663611 0.500000000 0.500000000 0.000000000 0.000000000 0.313159578 -0.940010427 0.135319901 -0.093908209 0.331871074 0.241820382 0.911802881 3.293605504 -0.889827325 -0.240631044 0.387690639 0.506632098
0.000000000 0.454717524 0.805663611 0.500000000 0.500000000 0.000000000 0.000000000 0.317626773 -0.936024476 0.151563234 -0.050002271 0.293135857 0.248940806 0.923092544 3.312392656 -0.901767488 -0.248770287 0.353452601 0.365123424
0.000000000 0.454717524 0.805663611 0.500000000 0.500000000 0.000000000 0.000000000 0.319589391 -0.933259565 0.163979287 0.004199860 0.265874656 0.254423520 0.929827586 3.287654039 -0.909490675 -0.253565095 0.329441123 0.181700257
0.000000000 0.454717524 0.805663611 0.500000000 0.500000000 0.000000000 0.000000000 0.319871240 -0.932059919 0.170137292 0.057589373 0.254136991 0.257395638 0.932288515 3.279428657 -0.912741354 -0.254974104 0.319204365 0.008041608
0.000000000 0.454717524 0.805663611 0.500000000 0.500000000 0.000000000 0.000000000 0.320452229 -0.931034238 0.174601307 0.098849582 0.243482422 0.259085531 0.934660900 3.252889477 -0.915437971 -0.257001819 0.309715007 -0.093821639
0.000000000 0.454717524 0.805663611 0.500000000 0.500000000 0.000000000 0.000000000 0.323111385 -0.927465241 0.188168167 0.148346613 0.204643022 0.262604150 0.942952965 3.248720275 -0.923969841 -0.266171536 0.274649680 -0.266015606
0.000000000 0.454717524 0.805663611 0.500000000 0.500000000 0.000000000 0.000000000 0.327748639 -0.921019478 0.210485038 0.189934318 0.147471268 0.269933478 0.951518861 3.274099304 -0.933184363 -0.280818516 0.224294241 -0.408303401
0.000000000 0.454717524 0.805663611 0.500000000 0.500000000 0.000000000 0.000000000 0.331824097 -0.909171876 0.251593459 0.221571703 0.070942819 0.289999875 0.954393624 3.287998240 -0.940669913 -0.298842053 0.160728163 -0.561892729
0.000000000 0.454717524 0.805663611 0.500000000 0.500000000 0.000000000 0.000000000 0.334036439 -0.892847602 0.302064259 0.258748448 -0.012288454 0.316319640 0.948573075 3.327710534 -0.942480053 -0.320569875 0.094690570 -0.709217220
0.000000000 0.454717524 0.805663611 0.500000000 0.500000000 0.000000000 0.000000000 0.333413243 -0.879155408 0.340472286 0.305568549 -0.084731567 0.331731795 0.939560843 3.395427789 -0.938965479 -0.342110778 0.036111558 -0.808371288
0.000000000 0.454717524 0.805663611 0.500000000 0.500000000 0.000000000 0.000000000 0.331418530 -0.869399205 0.366478895 0.358422748 -0.154964338 0.332996210 0.930107294 3.451388104 -0.930670625 -0.365045952 -0.024364757 -0.963390505
0.000000000 0.454717524 0.805663611 0.500000000 0.500000000 0.000000000 0.000000000 0.329230118 -0.864578043 0.379621308 0.413899214 -0.211530926 0.324285845 0.922005075 3.475208506 -0.920251160 -0.383853487 -0.076120327 -1.119390226
0.000000000 0.454717524 0.805663611 0.500000000 0.500000000 0.000000000 0.000000000 0.327347935 -0.862670555 0.385542272 0.441363310 -0.247621406 0.315443941 0.916067006 3.457227535 -0.911881006 -0.395341162 -0.110355773 -1.224105280
0.000000000 0.454717524 0.805663611 0.500000000 0.500000000 0.000000000 0.000000000 0.324058253 -0.862302403 0.389128274 0.500181125 -0.295647504 0.298414659 0.907491732 3.377982288 -0.898653883 -0.409124989 -0.158233820 -1.392092040
0.000000000 0.454717524 0.805663611 0.500000000 0.500000000 0.000000000 0.000000000 0.319812215 -0.863603022 0.389756292 0.569298756 -0.346899922 0.276070887 0.896351108 3.288000040 -0.881691891 -0.421870461 -0.211292980 -1.612028132
0.000000000 0.454717524 0.805663611 0.500000000 0.500000000 0.000000000 0.000000000 0.317021826 -0.863521346 0.392209188 0.612375065 -0.374562031 0.265928429 0.888248476 3.207167210 -0.871321093 -0.428500824 -0.239137193 -1.755883773
0.000000000 0.454717524 0.805663611 0.500000000 0.500000000 0.000000000 0.000000000 0.313864685 -0.862103175 0.397827946 0.665304642 -0.397387294 0.261260034 0.879674106 3.127798071 -0.862306383 -0.434190407 -0.260588549 -1.934138328
0.000000000 0.454717524 0.805663611 0.500000000 0.500000000 0.000000000 0.000000000 0.311452892 -0.860053738 0.404109718 0.709313911 -0.411421311 0.261292646 0.873188787 3.069122989 -0.856580178 -0.438216523 -0.272464086 -2.071873298
0.000000000 0.454717524 0.805663611 0.500000000 0.500000000 0.000000000 0.000000000 0.307885366 -0.857296743 0.412612283 0.739928550 -0.433185283 0.259807875 0.863047148 3.028386267 -0.847087429 -0.444457155 -0.291377289 -2.179152614
0.000000000 0.454717524 0.805663611 0.500000000 0.500000000 0.000000000 0.000000000 0.295491948 -0.849044650 0.437958550 0.791060885 -0.513878710 0.245201592 0.822073507 2.908264020 -0.805365247 -0.467973677 -0.363850873 -2.345469773
0.000000000 0.454717524 0.805663611 0.500000000 0.500000000 0.000000000 0.000000000 0.281878499 -0.841778299 0.460384413 0.831792598 -0.590548729 0.225958718 0.774722438 2.770310084 -0.756172408 -0.490257028 -0.433418200 -2.461357150
0.000000000 0.454717524 0.805663611 0.500000000 0.500000000 0.000000000 0.000000000 0.267932493 -0.837074863 0.476988315 0.861085698 -0.653883116 0.205608053 0.728122379 2.605494648 -0.707565579 -0.506982250 -0.492260042 -2.539325802
0.000000000 0.454717524 0.805663611 0.500000000 0.500000000 0.000000000 0.000000000 0.257813613 -0.836233790 0.483988832 0.884904920 -0.693495214 0.188630440 0.695329379 2.408962725 -0.672752948 -0.514909318 -0.531292636 -2.599731401
0.000000000 0.454717524 0.805663611 0.500000000 0.500000000 0.000000000 0.000000000 0.250888787 -0.837662072 0.485156747 0.906513260 -0.715979872 0.176724040 0.675382437 2.221622054 -0.651481112 -0.516808346 -0.555411103 -2.669337762
0.000000000 0.454717524 0.805663611 0.500000000 0.500000000 0.000000000 0.000000000 0.247770444 -0.839227198 0.484053218 0.919645293 -0.724443130 0.171250818 0.667723977 2.036563858 -0.643266632 -0.516111294 -0.565541486 -2.724470515
0.000000000 0.454717524 0.805663611 0.500000000 0.500000000 0.000000000 0.000000000 0.246374819 -0.840809750 0.482014951 0.954461354 -0.726431324 0.169016661 0.666131293 1.902356574 -0.641558243 -0.514268736 -0.569149091 -2.804295023
0.000000000 0.454717524 0.805663611 0.500000000 0.500000000 0.000000000 0.000000000 0.245773376 -0.844039087 0.476648159 0.991900725 -0.725568929 0.165878221 0.667857878 1.732283515 -0.642763702 -0.509982780 -0.571640086 -2.886608581
0.000000000 0.454717524 0.805663611 0.500000000 0.500000000 0.000000000 0.000000000 0.245659840 -0.849408365 0.467072449 1.023958672 -0.724344146 0.159353077 0.670769822 1.590281868 -0.644186930 -0.503102402 -0.576117326 -2.970665352
0.000000000 0.454717524 0.805663611 0.500000000 0.500000000 0.000000000 0.000000000 0.243920207 -0.856405541 0.455052174 1.037914239 -0.726475424 0.149483294 0.670737060 1.455594568 -0.642445633 -0.494190544 -0.585695582 -3.042533105
0.000000000 0.454717524 0.805663611 0.500000000 0.500000000 0.000000000 0.000000000 0.236295844 -0.862082005 0.448306692 1.055060896 -0.747588351 0.133428182 0.650621685 1.300984388 -0.620705994 -0.488888061 -0.612953940 -3.095299266
0.000000000 0.454717524 0.805663611 0.500000000 0.500000000 0.000000000 0.000000000 0.221932443 -0.865757839 0.448563657 1.070344568 -0.789431135 0.110480206 0.603815045 1.163602896 -0.572315013 -0.488116265 -0.658937051 -3.136659367
0.000000000 0.454717524 0.805663611 0.500000000 0.500000000 0.000000000 0.000000000 0.192208029 -0.870161925 0.453733731 1.083566226 -0.862070882 0.071214479 0.501759198 0.932404006 -0.468924160 -0.487592784 -0.736453263 -3.185496701
0.000000000 0.454717524 0.805663611 0.500000000 0.500000000 0.000000000 0.000000000 0.169863143 -0.873685747 0.455872491 1.118190790 -0.903662215 0.046441500 0.425720316 0.790410550 -0.393117175 -0.484268936 -0.781628098 -3.242076591
0.000000000 0.454717524 0.805663611 0.500000000 0.500000000 0.000000000 0.000000000 0.135485009 -0.879655684 0.455905351 1.149892927 -0.950598643 0.014302399 0.310092987 0.618138315 -0.279295599 -0.475395960 -0.834261739 -3.344664883
0.000000000 0.454717524 0.805663611 0.500000000 0.500000000 0.000000000 0.000000000 0.107615725 -0.880480665 0.461706243 1.184763029 -0.976820869 -0.007206540 0.213937039 0.502241078 -0.185040121 -0.474027283 -0.860847425 -3.461889902
0.000000000 0.454717524 0.805663611 0.500000000 0.500000000 0.000000000 0.000000000 0.069578277 -0.873907693 0.481086487 1.224767280 -0.995655887 -0.030924487 0.087823862 0.333003048 -0.061872596 -0.485107225 -0.872263012 -3.589360454
0.000000000 0.454717524 0.805663611 0.500000000 0.500000000 0.000000000 0.000000000 0.043758916 -0.867608743 0.495318308 1.258283530 -0.998873602 -0.047101620 0.005741458 0.184160793 0.018348956 -0.495011623 -0.868692586 -3.684697068
0.000000000 0.454717524 0.805663611 0.500000000 0.500000000 0.000000000 0.000000000 0.021827518 -0.865616471 0.500231631 1.289748012 -0.996103112 -0.061596081 -0.063123006 0.043484267 0.085452622 -0.496904465 -0.863587750 -3.777107831
0.000000000 0.454717524 0.805663611 0.500000000 0.500000000 0.000000000 0.000000000 0.005521505 -0.866357600 0.499393654 1.293361608 -0.990585324 -0.073050518 -0.115777101 -0.097581488 0.136785337 -0.494052761 -0.858604473 -3.801514705
0.000000000 0.454717524 0.805663611 0.500000000 0.500000000 0.000000000 0.000000000 -0.018548083 -0.865147420 0.501174530 1.302147395 -0.976311586 -0.092404712 -0.195645232 -0.302366004 0.215572856 -0.492931344 -0.842939519 -3.840382236
0.000000000 0.454717524 0.805663611 0.500000000 0.500000000 0.000000000 0.000000000 -0.031763945 -0.861847052 0.506172609 1.313802518 -0.965839516 -0.103845223 -0.237424091 -0.439250727 0.257186861 -0.496423034 -0.829107406 -3.834845897
0.000000000 0.454717524 0.805663611 0.500000000 0.500000000 0.000000000 0.000000000 -0.052880787 -0.851925166 0.520986693 1.322965890 -0.945394516 -0.125314356 -0.300874594 -0.645033060 0.321609751 -0.508448448 -0.798778658 -3.887510487
