0.000000000 0.447349579 0.795383293 0.500000000 0.500000000 0.000000000 0.000000000 0.087424329 -0.948082697 0.305771462 0.564172316 -0.536474917 0.213825432 0.816378189 2.498391380 -0.839375750 -0.235410035 -0.489929041 -4.950468393
0.000000000 0.447349579 0.795383293 0.500000000 0.500000000 0.000000000 0.000000000 0.090858256 -0.946885509 0.308468168 0.561402224 -0.540575910 0.213248327 0.813819904 2.503980016 -0.836374595 -0.240692718 -0.492488124 -4.943129446
0.000000000 0.447349579 0.795383293 0.500000000 0.500000000 0.000000000 0.000000000 0.095348255 -0.945899448 0.310133752 0.556463724 -0.550990974 0.209324449 0.807831803 2.509016306 -0.829046233 -0.247906251 -0.501223337 -4.929133829
0.000000000 0.447349579 0.795383293 0.500000000 0.500000000 0.000000000 0.000000000 0.101216719 -0.944025346 0.313960702 0.556817545 -0.564824220 0.205260897 0.799275650 2.499146526 -0.818980327 -0.258232667 -0.512432545 -4.897552829
0.000000000 0.447349579 0.795383293 0.500000000 0.500000000 0.000000000 0.000000000 0.108364155 -0.940973171 0.320666029 0.555399967 -0.572106275 0.204766183 0.794207290 2.476777550 -0.812989311 -0.269518649 -0.516147341 -4.853259873
0.000000000 0.447349579 0.795383293 0.500000000 0.500000000 0.000000000 0.000000000 0.111737228 -0.939490350 0.323840509 0.550782739 -0.574626551 0.204789215 0.792379773 2.464416527 -0.810752193 -0.274625674 -0.516973520 -4.829278478
0.000000000 0.447349579 0.795383293 0.500000000 0.500000000 0.000000000 0.000000000 0.117488855 -0.936403915 0.330672158 0.539093529 -0.573030973 0.208026076 0.792692031 2.441107435 -0.811068353 -0.282617868 -0.512147702 -4.771822564
0.000000000 0.447349579 0.795383293 0.500000000 0.500000000 0.000000000 0.000000000 0.121800351 -0.935266528 0.332326942 0.533654413 -0.564551933 0.210104446 0.798208768 2.422644945 -0.816361311 -0.284837925 -0.502415731 -4.706510584
0.000000000 0.447349579 0.795383293 0.500000000 0.500000000 0.000000000 0.000000000 0.125948280 -0.934279639 0.333554475 0.529087732 -0.553383017 0.212891896 0.805260379 2.416686482 -0.823349420 -0.286004541 -0.490201117 -4.641934372
0.000000000 0.447349579 0.795383293 0.500000000 0.500000000 0.000000000 0.000000000 0.131258297 -0.932454562 0.336600281 0.515791501 -0.538191165 0.218120363 0.814109192 2.415371275 -0.832539206 -0.288013883 -0.473208700 -4.571654428
0.000000000 0.447349579 0.795383293 0.500000000 0.500000000 0.000000000 0.000000000 0.135618446 -0.931049854 0.338753311 0.499727803 -0.525342563 0.222312527 0.821335700 2.412608620 -0.840013589 -0.289349804 -0.458970437 -4.499789874
0.000000000 0.447349579 0.795383293 0.500000000 0.500000000 0.000000000 0.000000000 0.140072541 -0.929981044 0.339874890 0.491002202 -0.515222101 0.224668151 0.827085491 2.399561799 -0.845532891 -0.290963021 -0.447676949 -4.432149751
0.000000000 0.447349579 0.795383293 0.500000000 0.500000000 0.000000000 0.000000000 0.146192197 -0.927874698 0.343039919 0.489213276 -0.508298345 0.227034240 0.830715503 2.375184693 -0.848681704 -0.295810747 -0.438446539 -4.356987055
0.000000000 0.447349579 0.795383293 0.500000000 0.500000000 0.000000000 0.000000000 0.153322084 -0.925266996 0.346948592 0.483957038 -0.502026166 0.229481671 0.833851241 2.347372711 -0.851153375 -0.302025081 -0.429323634 -4.298203892
0.000000000 0.447349579 0.795383293 0.500000000 0.500000000 0.000000000 0.000000000 0.158764530 -0.923081106 0.350307146 0.471738186 -0.498645948 0.231262867 0.835385962 2.323626296 -0.852142032 -0.307308898 -0.423574312 -4.242184219
0.000000000 0.447349579 0.795383293 0.500000000 0.500000000 0.000000000 0.000000000 0.164309200 -0.922880978 0.348271713 0.463195911 -0.489631598 0.230195894 0.840993905 2.304518339 -0.856307996 -0.308707872 -0.414048385 -4.175757255
0.000000000 0.447349579 0.795383293 0.500000000 0.500000000 0.000000000 0.000000000 0.170340010 -0.922564047 0.346207829 0.456603381 -0.477054464 0.230214225 0.848186565 2.295613237 -0.862208397 -0.309640098 -0.400898603 -4.092326817
0.000000000 0.447349579 0.795383293 0.500000000 0.500000000 0.000000000 0.000000000 0.175281938 -0.921952753 0.345368446 0.441925025 -0.464818808 0.231743712 0.854539834 2.291471063 -0.867882318 -0.310319148 -0.387920493 -4.031693304
0.000000000 0.447349579 0.795383293 0.500000000 0.500000000 0.000000000 0.000000000 0.178961678 -0.922278125 0.342601485 0.424233792 -0.449774359 0.233012639 0.862211190 2.276525682 -0.875028996 -0.308396124 -0.373116720 -3.956942637
0.000000000 0.447349579 0.795383293 0.500000000 0.500000000 0.000000000 0.000000000 0.181362450 -0.922845425 0.339799917 0.419853721 -0.433492890 0.235128020 0.869941796 2.252305534 -0.882718288 -0.305075623 -0.357403537 -3.884805290
0.000000000 0.447349579 0.795383293 0.500000000 0.500000000 0.000000000 0.000000000 0.184011151 -0.922886149 0.338261810 0.418885083 -0.415526161 0.238836567 0.877664574 2.221052501 -0.890773768 -0.302056700 -0.339534747 -3.813396019
0.000000000 0.447349579 0.795383293 0.500000000 0.500000000 0.000000000 0.000000000 0.188280164 -0.920927298 0.341238174 0.405982334 -0.389163034 0.249052887 0.886862330 2.172994790 -0.901722082 -0.299775868 -0.311499143 -3.728041738
0.000000000 0.447349579 0.795383293 0.500000000 0.500000000 0.000000000 0.000000000 0.190458397 -0.922048111 0.336976082 0.395290097 -0.368349216 0.251058475 0.895147193 2.142450552 -0.909969480 -0.294613175 -0.291819504 -3.661460337
0.000000000 0.447349579 0.795383293 0.500000000 0.500000000 0.000000000 0.000000000 0.194099563 -0.923065598 0.332077193 0.390193946 -0.342197463 0.253540803 0.904775087 2.115865097 -0.919361874 -0.289252422 -0.266658547 -3.595822355
0.000000000 0.447349579 0.795383293 0.500000000 0.500000000 0.000000000 0.000000000 0.194933118 -0.922969927 0.331854779 0.379999186 -0.316331146 0.261103791 0.912008452 2.090281446 -0.928404915 -0.282756654 -0.241066358 -3.505163619
0.000000000 0.447349579 0.795383293 0.500000000 0.500000000 0.000000000 0.000000000 0.192276539 -0.923095437 0.333053368 0.359966095 -0.297928910 0.268458267 0.916061419 2.065866888 -0.935023046 -0.275363346 -0.223398591 -3.430995060
0.000000000 0.447349579 0.795383293 0.500000000 0.500000000 0.000000000 0.000000000 0.185857307 -0.924289253 0.333386318 0.346271199 -0.289065381 0.272848862 0.917602694 2.042509919 -0.939094387 -0.266913609 -0.216469070 -3.358110184
0.000000000 0.447349579 0.795383293 0.500000000 0.500000000 0.000000000 0.000000000 0.175186940 -0.926808377 0.332168284 0.344327848 -0.284839018 0.275245299 0.918208451 2.004658223 -0.942431042 -0.255472617 -0.215771806 -3.264187313
0.000000000 0.447349579 0.795383293 0.500000000 0.500000000 0.000000000 0.000000000 0.164593187 -0.928871337 0.331823933 0.324591829 -0.281636227 0.278149949 0.918321099 1.966857643 -0.945298957 -0.244603037 -0.215822232 -3.179660708
0.000000000 0.447349579 0.795383293 0.500000000 0.500000000 0.000000000 0.000000000 0.157125575 -0.930640881 0.330483139 0.313067272 -0.282810967 0.278223439 0.917937729 1.947345134 -0.946218532 -0.237695749 -0.219479429 -3.121328505
0.000000000 0.447349579 0.795383293 0.500000000 0.500000000 0.000000000 0.000000000 0.147794049 -0.932656266 0.329103645 0.303563108 -0.285337128 0.278399024 0.917102342 1.926982785 -0.946963380 -0.229447757 -0.224975742 -3.016634245
0.000000000 0.447349579 0.795383293 0.500000000 0.500000000 0.000000000 0.000000000 0.143030645 -0.933883168 0.327726203 0.287856995 -0.284919055 0.278260389 0.917274380 1.912060034 -0.947820324 -0.224573786 -0.226281347 -2.920158677
0.000000000 0.447349579 0.795383293 0.500000000 0.500000000 0.000000000 0.000000000 0.140472889 -0.934447061 0.327224782 0.262383032 -0.282316135 0.278976976 0.917861344 1.895681119 -0.948981015 -0.221315470 -0.224620781 -2.830334905
0.000000000 0.447349579 0.795383293 0.500000000 0.500000000 0.000000000 0.000000000 0.139731703 -0.934788133 0.326567294 0.250515206 -0.279148717 0.279237524 0.918750455 1.875585897 -0.950026865 -0.219539407 -0.221926573 -2.749277643
0.000000000 0.447349579 0.795383293 0.500000000 0.500000000 0.000000000 0.000000000 0.140362814 -0.934618790 0.326781270 0.247997229 -0.274456643 0.280386346 0.919813594 1.845092103 -0.951300074 -0.218794914 -0.217156519 -2.658692436
0.000000000 0.447349579 0.795383293 0.500000000 0.500000000 0.000000000 0.000000000 0.143857531 -0.932809659 0.330410580 0.233119224 -0.263824260 0.285648419 0.921304369 1.807883820 -0.953782874 -0.219706898 -0.205005142 -2.573332816
0.000000000 0.447349579 0.795383293 0.500000000 0.500000000 0.000000000 0.000000000 0.147235398 -0.931925079 0.331417237 0.218599412 -0.250491414 0.289013783 0.923972448 1.782321042 -0.956857246 -0.219058623 -0.190886172 -2.507092899
0.000000000 0.447349579 0.795383293 0.500000000 0.500000000 0.000000000 0.000000000 0.149731581 -0.932087843 0.329837394 0.212766841 -0.235876728 0.290291290 0.927412064 1.758213157 -0.960178433 -0.216663840 -0.176392057 -2.441791119
0.000000000 0.447349579 0.795383293 0.500000000 0.500000000 0.000000000 0.000000000 0.149854334 -0.932668202 0.328136715 0.206296311 -0.222606274 0.291535858 0.930297420 1.731418891 -0.963322441 -0.212454392 -0.163929881 -2.360076692
0.000000000 0.447349579 0.795383293 0.500000000 0.500000000 0.000000000 0.000000000 0.148064269 -0.931575021 0.332031554 0.186352095 -0.210017286 0.298457068 0.931029601 1.701045105 -0.966421084 -0.207584583 -0.151456031 -2.282373936
0.000000000 0.447349579 0.795383293 0.500000000 0.500000000 0.000000000 0.000000000 0.143880740 -0.932844033 0.330303409 0.174541765 -0.199576332 0.299565040 0.932968421 1.663842010 -0.969261379 -0.200156930 -0.143071951 -2.210544814
0.000000000 0.447349579 0.795383293 0.500000000 0.500000000 0.000000000 0.000000000 0.136783061 -0.935602303 0.325482297 0.171271381 -0.194093808 0.296889119 0.934978312 1.614343893 -0.971400014 -0.191063294 -0.140985211 -2.133231276
0.000000000 0.447349579 0.795383293 0.500000000 0.500000000 0.000000000 0.000000000 0.129964387 -0.936696790 0.325128254 0.160155852 -0.193333320 0.297675180 0.934885937 1.573337738 -0.972487268 -0.184360002 -0.142407528 -2.076352645
0.000000000 0.447349579 0.795383293 0.500000000 0.500000000 0.000000000 0.000000000 0.124828408 -0.936679020 0.327185395 0.143785009 -0.188888835 0.301298339 0.934633789 1.540246472 -0.974032277 -0.178470516 -0.139317617 -2.015920831
0.000000000 0.447349579 0.795383293 0.500000000 0.500000000 0.000000000 0.000000000 0.122240023 -0.938007803 0.324343550 0.137324193 -0.183433394 0.299812560 0.936196891 1.515389807 -0.975402259 -0.173936168 -0.135412861 -1.947272691
0.000000000 0.447349579 0.795383293 0.500000000 0.500000000 0.000000000 0.000000000 0.121992750 -0.938631180 0.322628697 0.129770021 -0.179373918 0.298854417 0.937289195 1.502883110 -0.976187875 -0.172213660 -0.131907880 -1.879438606
0.000000000 0.447349579 0.795383293 0.500000000 0.500000000 0.000000000 0.000000000 0.121903940 -0.938747143 0.322324730 0.106675071 -0.180758611 0.298318445 0.937193912 1.489190335 -0.975943520 -0.172510601 -0.133320436 -1.800008602
0.000000000 0.447349579 0.795383293 0.500000000 0.500000000 0.000000000 0.000000000 0.124343016 -0.940081606 0.317467145 0.094744513 -0.179025177 0.293444029 0.939063676 1.467074393 -0.975955327 -0.173600622 -0.131810560 -1.732602385
0.000000000 0.447349579 0.795383293 0.500000000 0.500000000 0.000000000 0.000000000 0.125157548 -0.939470048 0.318953943 0.091917170 -0.184787096 0.293783170 0.937840700 1.439281819 -0.974776547 -0.176316415 -0.136832761 -1.664760682
0.000000000 0.447349579 0.795383293 0.500000000 0.500000000 0.000000000 0.000000000 0.127794088 -0.937634248 0.323281129 0.085982540 -0.183851947 0.297908782 0.936722381 1.401576630 -0.974611273 -0.179143448 -0.134314901 -1.600677418
0.000000000 0.447349579 0.795383293 0.500000000 0.500000000 0.000000000 0.000000000 0.129150555 -0.935766050 0.328118931 0.068504627 -0.182372767 0.302831507 0.935432120 1.363481683 -0.974710371 -0.180651535 -0.131547387 -1.537920423
0.000000000 0.447349579 0.795383293 0.500000000 0.500000000 0.000000000 0.000000000 0.129398046 -0.934982815 0.330247304 0.057371523 -0.176019162 0.306099790 0.935585471 1.333650305 -0.975844967 -0.179192785 -0.124966177 -1.467690986
0.000000000 0.447349579 0.795383293 0.500000000 0.500000000 0.000000000 0.000000000 0.130183793 -0.936057798 0.326876092 0.047557886 -0.161947092 0.305179174 0.938423578 1.301639123 -0.978174483 -0.175104173 -0.111862456 -1.382118270
0.000000000 0.447349579 0.795383293 0.500000000 0.500000000 0.000000000 0.000000000 0.132244896 -0.934038628 0.331787778 0.024780328 -0.142755409 0.313290754 0.938866229 1.281451689 -0.980883368 -0.171524767 -0.091907963 -1.296547861
0.000000000 0.447349579 0.795383293 0.500000000 0.500000000 0.000000000 0.000000000 0.131501469 -0.932639892 0.335991362 0.006896743 -0.133308118 0.319219014 0.938258049 1.262537803 -0.982311717 -0.168172687 -0.082350699 -1.234651750
0.000000000 0.447349579 0.795383293 0.500000000 0.500000000 0.000000000 0.000000000 0.128266572 -0.932913870 0.336480903 -0.000507545 -0.125996764 0.321205012 0.938590515 1.234731004 -0.983703462 -0.162785293 -0.076344263 -1.161255157
0.000000000 0.447349579 0.795383293 0.500000000 0.500000000 0.000000000 0.000000000 0.125581024 -0.932351254 0.339043574 -0.000160233 -0.118270598 0.325242231 0.938205498 1.196130980 -0.985008361 -0.157919694 -0.069425488 -1.082040274
0.000000000 0.447349579 0.795383293 0.500000000 0.500000000 0.000000000 0.000000000 0.127888743 -0.930545306 0.343117915 -0.004316539 -0.102607233 0.331688376 0.937792396 1.167518797 -0.986466535 -0.155139470 -0.053061470 -1.033024082
0.000000000 0.447349579 0.795383293 0.500000000 0.500000000 0.000000000 0.000000000 0.123743798 -0.932886437 0.338246017 -0.020096537 -0.086764586 0.329388592 0.940199480 1.114649279 -0.988513722 -0.145691630 -0.040181710 -0.943932385
0.000000000 0.447349579 0.795383293 0.500000000 0.500000000 0.000000000 0.000000000 0.127974500 -0.933984830 0.333608849 -0.025975294 -0.046319407 0.330379086 0.942711076 1.077582378 -0.990695231 -0.136095543 -0.000981525 -0.870391457
0.000000000 0.447349579 0.795383293 0.500000000 0.500000000 0.000000000 0.000000000 0.126655115 -0.932686184 0.337720245 -0.037462408 -0.014087903 0.338736383 0.940775847 1.045523609 -0.991846769 -0.123911843 0.029763103 -0.790038414
0.000000000 0.447349579 0.795383293 0.500000000 0.500000000 0.000000000 0.000000000 0.123506029 -0.931640367 0.341749158 -0.055625388 0.007878841 0.345295590 0.938460910 1.019863243 -0.992312544 -0.113212993 0.049986334 -0.737603263
0.000000000 0.447349579 0.795383293 0.500000000 0.500000000 0.000000000 0.000000000 0.119452490 -0.929560456 0.348781395 -0.069287996 0.045995567 0.356100726 0.933314888 0.983998525 -0.991773921 -0.095444390 0.085292779 -0.668401023
0.000000000 0.447349579 0.795383293 0.500000000 0.500000000 0.000000000 0.000000000 0.115224712 -0.927163191 0.356499205 -0.074597683 0.081607398 0.366512014 0.926827479 0.944526559 -0.989981565 -0.077700456 0.117894617 -0.599811858
0.000000000 0.447349579 0.795383293 0.500000000 0.500000000 0.000000000 0.000000000 0.115165746 -0.924802820 0.362597016 -0.082630429 0.116075468 0.375053942 0.919707033 0.905573748 -0.986541097 -0.063830128 0.150540287 -0.547785000
0.000000000 0.447349579 0.795383293 0.500000000 0.500000000 0.000000000 0.000000000 0.117043651 -0.921872831 0.369393107 -0.100015770 0.157249728 0.384460255 0.909649842 0.867028315 -0.980598443 -0.048381773 0.189962884 -0.482841289
0.000000000 0.447349579 0.795383293 0.500000000 0.500000000 0.000000000 0.000000000 0.116765039 -0.920911368 0.371871186 -0.106009148 0.179351560 0.387828733 0.904113871 0.841876830 -0.976831072 -0.038873214 0.210451727 -0.428897608
0.000000000 0.447349579 0.795383293 0.500000000 0.500000000 0.000000000 0.000000000 0.117761004 -0.920779554 0.371883528 -0.111446283 0.200096063 0.388809969 0.899326622 0.821787568 -0.972673589 -0.031493176 0.230031016 -0.373401309
0.000000000 0.447349579 0.795383293 0.500000000 0.500000000 0.000000000 0.000000000 0.122351775 -0.919350477 0.373931470 -0.125855957 0.225649975 0.392663005 0.891570442 0.799728900 -0.966494766 -0.024707600 0.255494428 -0.315830057
0.000000000 0.447349579 0.795383293 0.500000000 0.500000000 0.000000000 0.000000000 0.125186339 -0.919503401 0.372614917 -0.132816930 0.246644057 0.392621949 0.886010561 0.767199070 -0.960986519 -0.019013164 0.275940953 -0.264115502
0.000000000 0.447349579 0.795383293 0.500000000 0.500000000 0.000000000 0.000000000 0.128257841 -0.920732494 0.368512687 -0.133296172 0.265910110 0.389902724 0.881627857 0.717356495 -0.955427517 -0.015084436 0.294840161 -0.209405385
0.000000000 0.447349579 0.795383293 0.500000000 0.500000000 0.000000000 0.000000000 0.130930548 -0.921149749 0.366524668 -0.135848519 0.281113472 0.389028565 0.877286721 0.661548849 -0.950701008 -0.011828610 0.309883327 -0.162930139
0.000000000 0.447349579 0.795383293 0.500000000 0.500000000 0.000000000 0.000000000 0.133758538 -0.920730493 0.366556971 -0.154699065 0.295934614 0.390114025 0.871913844 0.609918018 -0.945796679 -0.008149026 0.324657105 -0.123690230
0.000000000 0.447349579 0.795383293 0.500000000 0.500000000 0.000000000 0.000000000 0.137415370 -0.922166065 0.361561565 -0.168960468 0.316213299 0.386765541 0.866268761 0.560091319 -0.938683208 -0.004708067 0.344748703 -0.073459856
0.000000000 0.447349579 0.795383293 0.500000000 0.500000000 0.000000000 0.000000000 0.140000973 -0.923344950 0.357538573 -0.174128223 0.329787638 0.383961048 0.862446536 0.518331978 -0.933616539 -0.002831553 0.358262671 -0.016626190
0.000000000 0.447349579 0.795383293 0.500000000 0.500000000 0.000000000 0.000000000 0.147038826 -0.924445814 0.351823138 -0.189591429 0.349220810 0.381301680 0.855952016 0.480640005 -0.925432012 -0.002994218 0.378901868 0.051697104
0.000000000 0.447349579 0.795383293 0.500000000 0.500000000 0.000000000 0.000000000 0.147986091 -0.924544290 0.351166589 -0.198844730 0.351389936 0.381061530 0.855170873 0.455245185 -0.924459426 -0.003156989 0.381267365 0.095075940
0.000000000 0.447349579 0.795383293 0.500000000 0.500000000 0.000000000 0.000000000 0.148395208 -0.925924524 0.347336492 -0.204014355 0.348273130 0.377655238 0.857952416 0.400520856 -0.925572628 -0.006348060 0.378516860 0.161292421
0.000000000 0.447349579 0.795383293 0.500000000 0.500000000 0.000000000 0.000000000 0.149021236 -0.926497107 0.345536947 -0.203969316 0.341258203 0.376156678 0.861422656 0.350054212 -0.928081629 -0.010452951 0.372230071 0.208911966
0.000000000 0.447349579 0.795383293 0.500000000 0.500000000 0.000000000 0.000000000 0.151216649 -0.927104115 0.342945310 -0.221376585 0.331959097 0.374414513 0.865804210 0.284452413 -0.931094347 -0.017080196 0.364378353 0.263184496
0.000000000 0.447349579 0.795383293 0.500000000 0.500000000 0.000000000 0.000000000 0.152387610 -0.926565499 0.343881364 -0.230396024 0.320843929 0.375479360 0.869525401 0.234898320 -0.934792592 -0.022172650 0.354501318 0.313899184
