0.000000000 0.449102934 0.797953846 0.500000000 0.500000000 0.000000000 0.000000000 0.197789111 -0.979780090 0.030173543 -0.113300652 0.864483686 0.159837525 -0.476571004 -4.108419989 0.462111917 0.120345091 0.878618026 2.742134903
0.000000000 0.449102934 0.797953846 0.500000000 0.500000000 0.000000000 0.000000000 0.196752199 -0.979983309 0.030352692 -0.119989449 0.864967547 0.158917372 -0.476000432 -4.142493336 0.461648908 0.119908226 0.878921102 2.723623215
0.000000000 0.449102934 0.797953846 0.500000000 0.500000000 0.000000000 0.000000000 0.193270572 -0.980675578 0.030362762 -0.120595132 0.866121242 0.155991868 -0.474868963 -4.165423235 0.460956050 0.118076029 0.879532587 2.701579134
0.000000000 0.449102934 0.797953846 0.500000000 0.500000000 0.000000000 0.000000000 0.187683213 -0.981813646 0.028582796 -0.117196929 0.868258707 0.152229899 -0.472178861 -4.160501850 0.459240493 0.113437308 0.881039243 2.683945356
0.000000000 0.449102934 0.797953846 0.500000000 0.500000000 0.000000000 0.000000000 0.179938095 -0.983136360 0.032637074 -0.109125056 0.872239398 0.144126304 -0.467360718 -4.127433661 0.454775455 0.112563339 0.883464080 2.683374172
0.000000000 0.449102934 0.797953846 0.500000000 0.500000000 0.000000000 0.000000000 0.165363021 -0.985020661 0.048881176 -0.086717885 0.887144330 0.126913467 -0.443697993 -4.041365953 0.430848011 0.116735899 0.894842288 2.717826577
0.000000000 0.449102934 0.797953846 0.500000000 0.500000000 0.000000000 0.000000000 0.156669371 -0.986438992 0.048916497 -0.071489864 0.892721520 0.120249988 -0.434267461 -3.970194740 0.422496148 0.111705219 0.899454806 2.737151337
0.000000000 0.449102934 0.797953846 0.500000000 0.500000000 0.000000000 0.000000000 0.148307481 -0.987602729 0.051436771 -0.055918046 0.898848265 0.112924369 -0.423461784 -3.898094272 0.412403548 0.109036403 0.904452528 2.760150896
0.000000000 0.449102934 0.797953846 0.500000000 0.500000000 0.000000000 0.000000000 0.134446150 -0.989168047 0.058913565 -0.018813861 0.910625307 0.099888987 -0.400978480 -3.776769551 0.390750283 0.107558196 0.914191146 2.809092716
0.000000000 0.449102934 0.797953846 0.500000000 0.500000000 0.000000000 0.000000000 0.124689423 -0.990697060 0.054514976 0.016150181 0.921039255 0.095140237 -0.377670525 -3.690864083 0.368970511 0.097301953 0.924333864 2.844644242
0.000000000 0.449102934 0.797953846 0.500000000 0.500000000 0.000000000 0.000000000 0.119631371 -0.991310104 0.054704779 0.026173675 0.925288638 0.091350667 -0.368097802 -3.639342675 0.359901752 0.094653755 0.928176382 2.860807424
0.000000000 0.449102934 0.797953846 0.500000000 0.500000000 0.000000000 0.000000000 0.114413976 -0.992068829 0.052046915 0.038111830 0.931251423 0.088860821 -0.353375922 -3.584696480 0.345948305 0.088899908 0.934032428 2.858781858
0.000000000 0.449102934 0.797953846 0.500000000 0.500000000 0.000000000 0.000000000 0.110926517 -0.992590214 0.049598131 0.045689793 0.934600484 0.087214734 -0.344841306 -3.533002568 0.337960418 0.084606482 0.937349721 2.839069437
0.000000000 0.449102934 0.797953846 0.500000000 0.500000000 0.000000000 0.000000000 0.108351160 -0.993013762 0.046730014 0.049345989 0.938081218 0.086572669 -0.335423318 -3.487160596 0.329034429 0.080180054 0.940907808 2.818356984
0.000000000 0.449102934 0.797953846 0.500000000 0.500000000 0.000000000 0.000000000 0.105065862 -0.993607011 0.041307044 0.049207892 0.941965299 0.086115739 -0.324477202 -3.400628694 0.318845636 0.073001279 0.944991150 2.778523847
0.000000000 0.449102934 0.797953846 0.500000000 0.500000000 0.000000000 0.000000000 0.103095286 -0.994008607 0.036307729 0.043959027 0.943257854 0.086117519 -0.320699850 -3.324579422 0.315651680 0.067310194 0.946484736 2.748776926
0.000000000 0.449102934 0.797953846 0.500000000 0.500000000 0.000000000 0.000000000 0.100410646 -0.994281130 0.036369444 0.039656861 0.947163748 0.084332525 -0.309465441 -3.240180733 0.304628522 0.065521444 0.950214925 2.729487940
0.000000000 0.449102934 0.797953846 0.500000000 0.500000000 0.000000000 0.000000000 0.098850394 -0.994373143 0.038087438 0.039320599 0.951032833 0.083139208 -0.297698543 -3.192993107 0.292856876 0.065650023 0.953899850 2.718744465
0.000000000 0.449102934 0.797953846 0.500000000 0.500000000 0.000000000 0.000000000 0.097079352 -0.994472897 0.039990697 0.037807383 0.955239857 0.081817185 -0.284293448 -3.145722926 0.279450203 0.065799731 0.957902907 2.709106036
0.000000000 0.449102934 0.797953846 0.500000000 0.500000000 0.000000000 0.000000000 0.094359904 -0.994719739 0.040358993 0.039427459 0.959977254 0.080176095 -0.268356974 -3.096239737 0.263704153 0.064065854 0.962473733 2.704202816
0.000000000 0.449102934 0.797953846 0.500000000 0.500000000 0.000000000 0.000000000 0.090056750 -0.994969884 0.043871547 0.046966556 0.965827256 0.076499722 -0.247639870 -3.034491665 0.243038051 0.064673978 0.967858348 2.704886370
0.000000000 0.449102934 0.797953846 0.500000000 0.500000000 0.000000000 0.000000000 0.084839406 -0.995351417 0.045583241 0.066554424 0.970788108 0.072267745 -0.228796467 -2.947821024 0.224438689 0.063662625 0.972406471 2.725428397
0.000000000 0.449102934 0.797953846 0.500000000 0.500000000 0.000000000 0.000000000 0.080160692 -0.995716019 0.046085499 0.081215203 0.974230786 0.068484384 -0.214905248 -2.860202796 0.210828461 0.062124865 0.975546955 2.766392713
0.000000000 0.449102934 0.797953846 0.500000000 0.500000000 0.000000000 0.000000000 0.073610700 -0.996340735 0.043435059 0.111585219 0.979056955 0.063907095 -0.193296047 -2.734234167 0.189812917 0.056754054 0.980178572 2.834233393
0.000000000 0.449102934 0.797953846 0.500000000 0.500000000 0.000000000 0.000000000 0.068346465 -0.996881905 0.039436371 0.139503518 0.982347328 0.060345311 -0.177065442 -2.628118417 0.174133535 0.050842011 0.983408665 2.891435224
0.000000000 0.449102934 0.797953846 0.500000000 0.500000000 0.000000000 0.000000000 0.065004532 -0.997253016 0.035508222 0.178850575 0.984319639 0.058232921 -0.166504581 -2.538050080 0.163979448 0.045774992 0.985401132 2.953492079
0.000000000 0.449102934 0.797953846 0.500000000 0.500000000 0.000000000 0.000000000 0.064028007 -0.997408982 0.032798437 0.223676009 0.986606983 0.058325373 -0.152331260 -2.495865246 0.150023586 0.042112634 0.987785123 3.021445224
0.000000000 0.449102934 0.797953846 0.500000000 0.500000000 0.000000000 0.000000000 0.064800086 -0.997369299 0.032487397 0.273647524 0.987745156 0.059474522 -0.144299300 -2.477810441 0.141987519 0.041439876 0.989000648 3.109609338
0.000000000 0.449102934 0.797953846 0.500000000 0.500000000 0.000000000 0.000000000 0.066173566 -0.997474961 0.025782954 0.327743235 0.987887632 0.061859131 -0.142307677 -2.464883957 0.140353433 0.034887668 0.989486617 3.219230002
0.000000000 0.449102934 0.797953846 0.500000000 0.500000000 0.000000000 0.000000000 0.066897973 -0.997490956 0.023161474 0.359781429 0.988957050 0.063213148 -0.134044961 -2.455468264 0.132244526 0.031873039 0.990704545 3.329826324
0.000000000 0.449102934 0.797953846 0.500000000 0.500000000 0.000000000 0.000000000 0.066010950 -0.997546770 0.023302261 0.387743386 0.991564272 0.062968598 -0.113292765 -2.432573826 0.111547521 0.030584252 0.993288354 3.452367762
0.000000000 0.449102934 0.797953846 0.500000000 0.500000000 0.000000000 0.000000000 0.063122579 -0.997598530 0.028508109 0.415634925 0.993819095 0.060218382 -0.093259598 -2.381712683 0.091318926 0.034218689 0.995233608 3.534831951
0.000000000 0.449102934 0.797953846 0.500000000 0.500000000 0.000000000 0.000000000 0.058545136 -0.997872319 0.028693249 0.451611593 0.995684320 0.056295246 -0.073780617 -2.261464304 0.072008342 0.032888914 0.996861634 3.594767034
0.000000000 0.449102934 0.797953846 0.500000000 0.500000000 0.000000000 0.000000000 0.054315459 -0.998127292 0.028137877 0.475940006 0.996920982 0.052610710 -0.058143525 -2.131631114 0.056554286 0.031209332 0.997911615 3.633021521
0.000000000 0.449102934 0.797953846 0.500000000 0.500000000 0.000000000 0.000000000 0.048932443 -0.998418706 0.027671334 0.510382052 0.998267751 0.047981391 -0.034048260 -1.985671866 0.032666711 0.029289465 0.999037043 3.667036660
0.000000000 0.449102934 0.797953846 0.500000000 0.500000000 0.000000000 0.000000000 0.044711971 -0.998773192 0.021282631 0.527046926 0.998799707 0.044266368 -0.020967436 -1.882646311 0.019999608 0.022194581 0.999553608 3.670746166
0.000000000 0.449102934 0.797953846 0.500000000 0.500000000 0.000000000 0.000000000 0.040899359 -0.999007124 0.017663742 0.533907071 0.999112283 0.040712284 -0.010823897 -1.803134848 0.010094019 0.018090752 0.999785395 3.666054704
0.000000000 0.449102934 0.797953846 0.500000000 0.500000000 0.000000000 0.000000000 0.037785838 -0.999181299 0.014455492 0.540431975 0.999278724 0.037726943 -0.004325527 -1.751700098 0.003776624 0.014608509 0.999886158 3.652357619
0.000000000 0.449102934 0.797953846 0.500000000 0.500000000 0.000000000 0.000000000 0.033280866 -0.999367662 0.012516393 0.541994166 0.999445372 0.033292692 0.000737671 -1.682450834 -0.001153908 0.012484901 0.999921395 3.604871931
0.000000000 0.449102934 0.797953846 0.500000000 0.500000000 0.000000000 0.000000000 0.028718964 -0.999544565 0.009267392 0.541374699 0.999575812 0.028762276 0.004574678 -1.612034716 -0.004839146 0.009132081 0.999946592 3.549354922
0.000000000 0.449102934 0.797953846 0.500000000 0.500000000 0.000000000 0.000000000 0.022296632 -0.999738429 0.005092492 0.527969585 0.999672955 0.022358402 0.012413128 -1.523951828 -0.012523741 0.004814056 0.999909986 3.483144111
0.000000000 0.449102934 0.797953846 0.500000000 0.500000000 0.000000000 0.000000000 0.016401464 -0.999849484 0.005656895 0.513067252 0.999644651 0.016516482 0.020923144 -1.456929003 -0.021013427 0.005311714 0.999765083 3.440488397
0.000000000 0.449102934 0.797953846 0.500000000 0.500000000 0.000000000 0.000000000 0.008809845 -0.999931951 0.007647238 0.498967497 0.999317145 0.009078344 0.035816579 -1.379801496 -0.035883566 0.007326477 0.999329121 3.405036832
0.000000000 0.449102934 0.797953846 0.500000000 0.500000000 0.000000000 0.000000000 -0.000664885 -0.999982206 0.005928421 0.494246052 0.998622663 -0.000352936 0.052465718 -1.290613002 -0.052462692 0.005955139 0.998605128 3.375166824
0.000000000 0.449102934 0.797953846 0.500000000 0.500000000 0.000000000 0.000000000 -0.010248090 -0.999942963 0.003008020 0.498120836 0.997288644 -0.010001570 0.072906302 -1.174264039 -0.072872059 0.003747015 0.997334258 3.353708269
0.000000000 0.449102934 0.797953846 0.500000000 0.500000000 0.000000000 0.000000000 -0.017234143 -0.999850750 0.001208951 0.519776300 0.994771759 -0.017024846 0.100694101 -1.028002313 -0.100658490 0.002938007 0.994916698 3.348927636
0.000000000 0.449102934 0.797953846 0.500000000 0.500000000 0.000000000 0.000000000 -0.020271118 -0.999793865 -0.001144572 0.537498912 0.993298595 -0.020269686 0.113785068 -0.912438028 -0.113784813 0.001169649 0.993504730 3.353005826
0.000000000 0.449102934 0.797953846 0.500000000 0.500000000 0.000000000 0.000000000 -0.021997348 -0.999746974 -0.004701614 0.554939324 0.991367549 -0.022420489 0.129180901 -0.737862307 -0.129253627 -0.001819391 0.991609898 3.368969732
0.000000000 0.449102934 0.797953846 0.500000000 0.500000000 0.000000000 0.000000000 -0.020886723 -0.999746722 -0.008380745 0.573124681 0.989531268 -0.021869135 0.142652063 -0.584850055 -0.142799212 -0.005313475 0.989737416 3.383642661
0.000000000 0.449102934 0.797953846 0.500000000 0.500000000 0.000000000 0.000000000 -0.017905378 -0.999792603 -0.009702968 0.584512373 0.987912198 -0.019185457 0.153822647 -0.462762318 -0.153976901 -0.006831428 0.988050832 3.393228666
0.000000000 0.449102934 0.797953846 0.500000000 0.500000000 0.000000000 0.000000000 -0.014848707 -0.999826567 -0.011240642 0.591838279 0.987130314 -0.016448508 0.159069766 -0.378378397 -0.159227070 -0.008733998 0.987203352 3.397425323
0.000000000 0.449102934 0.797953846 0.500000000 0.500000000 0.000000000 0.000000000 -0.010951478 -0.999860989 -0.012572521 0.602752584 0.987031417 -0.012823018 0.160014226 -0.300343210 -0.160153199 -0.010657081 0.987034639 3.387363530
0.000000000 0.449102934 0.797953846 0.500000000 0.500000000 0.000000000 0.000000000 -0.007319711 -0.999900546 -0.012054891 0.609396647 0.987008298 -0.009159227 0.160408008 -0.208641296 -0.160502468 -0.010724138 0.986977178 3.359140944
0.000000000 0.449102934 0.797953846 0.500000000 0.500000000 0.000000000 0.000000000 -0.006515556 -0.999936986 -0.009141790 0.614462518 0.986651936 -0.007916004 0.162650836 -0.137947220 -0.162712953 -0.007960004 0.986641340 3.328445505
0.000000000 0.449102934 0.797953846 0.500000000 0.500000000 0.000000000 0.000000000 -0.008694638 -0.999869242 -0.013634599 0.605424668 0.984923013 -0.010918967 0.172648295 -0.027920267 -0.172774596 -0.011927916 0.984889163 3.279019575
0.000000000 0.449102934 0.797953846 0.500000000 0.500000000 0.000000000 0.000000000 -0.014619791 -0.999803946 -0.013354108 0.598523613 0.982227324 -0.016859633 0.186936450 0.068981802 -0.187124946 -0.010383798 0.982281238 3.256180353
0.000000000 0.449102934 0.797953846 0.500000000 0.500000000 0.000000000 0.000000000 -0.023283172 -0.999628813 -0.014146754 0.594088167 0.979031308 -0.025663353 0.202086839 0.158003966 -0.202374880 -0.009144892 0.979265428 3.237824414
0.000000000 0.449102934 0.797953846 0.500000000 0.500000000 0.000000000 0.000000000 -0.035298660 -0.999253306 -0.015711005 0.598503145 0.973160900 -0.037945626 0.226975754 0.260804132 -0.227402436 -0.007277396 0.973773676 3.233448293
0.000000000 0.449102934 0.797953846 0.500000000 0.500000000 0.000000000 0.000000000 -0.046570371 -0.998775010 -0.016723616 0.609390898 0.967550310 -0.049264130 0.247829465 0.374293125 -0.248349751 -0.004639429 0.968659319 3.229328285
0.000000000 0.449102934 0.797953846 0.500000000 0.500000000 0.000000000 0.000000000 -0.057879694 -0.998126185 -0.019850961 0.622408129 0.960344831 -0.061099171 0.272038045 0.506714969 -0.272741173 -0.003318289 0.962081723 3.226316216
0.000000000 0.449102934 0.797953846 0.500000000 0.500000000 0.000000000 0.000000000 -0.071609484 -0.997201256 -0.021488081 0.642226966 0.952499298 -0.074760969 0.295221754 0.670277568 -0.296001974 0.000673295 0.955187091 3.225509774
0.000000000 0.449102934 0.797953846 0.500000000 0.500000000 0.000000000 0.000000000 -0.081025115 -0.996475623 -0.021708616 0.653952870 0.946867496 -0.083756341 0.310526682 0.767431766 -0.311250503 0.004605277 0.950316745 3.231513545
0.000000000 0.449102934 0.797953846 0.500000000 0.500000000 0.000000000 0.000000000 -0.088898125 -0.995849113 -0.019536323 0.661899916 0.940739268 -0.090390851 0.326862545 0.845965536 -0.327271680 0.010678881 0.944869943 3.234428690
0.000000000 0.449102934 0.797953846 0.500000000 0.500000000 0.000000000 0.000000000 -0.097862983 -0.995056639 -0.016885560 0.658655229 0.934994802 -0.097741298 0.340927204 0.921970123 -0.340892295 0.017576242 0.939938040 3.220755879
0.000000000 0.449102934 0.797953846 0.500000000 0.500000000 0.000000000 0.000000000 -0.106195095 -0.994207155 -0.016575110 0.658198420 0.928376112 -0.105106374 0.356469416 0.979265403 -0.356146593 0.022467367 0.934159955 3.186497234
0.000000000 0.449102934 0.797953846 0.500000000 0.500000000 0.000000000 0.000000000 -0.114218012 -0.993297444 -0.017732247 0.652086506 0.923081303 -0.112708441 0.367719616 1.024587261 -0.367253529 0.025631898 0.929767633 3.131405121
0.000000000 0.449102934 0.797953846 0.500000000 0.500000000 0.000000000 0.000000000 -0.124468871 -0.992078550 -0.016960296 0.642675570 0.916147314 -0.121472773 0.381992755 1.068500599 -0.381027032 0.032008077 0.924009677 3.067021571
0.000000000 0.449102934 0.797953846 0.500000000 0.500000000 0.000000000 0.000000000 -0.136149462 -0.990521447 -0.018182044 0.618745002 0.905933371 -0.131908172 0.402349303 1.108032025 -0.400933974 0.038307921 0.915305660 2.996761742
0.000000000 0.449102934 0.797953846 0.500000000 0.500000000 0.000000000 0.000000000 -0.151983858 -0.988190918 -0.019483765 0.582055251 0.893672669 -0.145814018 0.424367096 1.151244004 -0.422196716 0.047084840 0.905280592 2.911535841
0.000000000 0.449102934 0.797953846 0.500000000 0.500000000 0.000000000 0.000000000 -0.165096238 -0.986038362 -0.021715909 0.560479549 0.884029168 -0.157707256 0.440023694 1.188885704 -0.437304999 0.053448759 0.897723548 2.847513475
0.000000000 0.449102934 0.797953846 0.500000000 0.500000000 0.000000000 0.000000000 -0.178489298 -0.983609097 -0.025587389 0.542615301 0.873535995 -0.170376478 0.455967894 1.236187821 -0.452853658 0.059033884 0.889628330 2.788849567
0.000000000 0.449102934 0.797953846 0.500000000 0.500000000 0.000000000 0.000000000 -0.194023052 -0.980482443 -0.031768455 0.529289668 0.860610516 -0.185667038 0.474212284 1.310899184 -0.470855173 0.064667849 0.879837187 2.724394779
0.000000000 0.449102934 0.797953846 0.500000000 0.500000000 0.000000000 0.000000000 -0.208632765 -0.977145562 -0.040729840 0.522554156 0.845645833 -0.201163120 0.494384996 1.417887832 -0.491279446 0.068701889 0.868288291 2.662741424
0.000000000 0.449102934 0.797953846 0.500000000 0.500000000 0.000000000 0.000000000 -0.218758802 -0.974636546 -0.047203697 0.520988415 0.832201643 -0.211610742 0.512504946 1.524696369 -0.509494860 0.072831974 0.857385847 2.615155833
0.000000000 0.449102934 0.797953846 0.500000000 0.500000000 0.000000000 0.000000000 -0.230046674 -0.971427400 -0.058372372 0.513243454 0.815289320 -0.225128667 0.533498273 1.667881443 -0.531396135 0.075139132 0.843784486 2.562154918
0.000000000 0.449102934 0.797953846 0.500000000 0.500000000 0.000000000 0.000000000 -0.238487205 -0.968784779 -0.067675001 0.501286972 0.803707559 -0.236006329 0.546218978 1.751431761 -0.545140360 0.075875328 0.834904140 2.514131969
0.000000000 0.449102934 0.797953846 0.500000000 0.500000000 0.000000000 0.000000000 -0.243565103 -0.967130986 -0.073032161 0.490625932 0.796441802 -0.242413149 0.554000290 1.769750463 -0.553494803 0.076769272 0.829306929 2.476794830
0.000000000 0.449102934 0.797953846 0.500000000 0.500000000 0.000000000 0.000000000 -0.248126423 -0.965586383 -0.077950081 0.462686580 0.789251743 -0.248158260 0.561693123 1.706037438 -0.561707187 0.077848668 0.823665357 2.418665097
0.000000000 0.449102934 0.797953846 0.500000000 0.500000000 0.000000000 0.000000000 -0.248839895 -0.965134063 -0.081209278 0.439365076 0.789273550 -0.250664137 0.560548618 1.582539206 -0.561360819 0.075390524 0.824130026 2.347610028
0.000000000 0.449102934 0.797953846 0.500000000 0.500000000 0.000000000 0.000000000 -0.247902024 -0.965016195 -0.085371720 0.410103763 0.793478321 -0.252811402 0.553605048 1.467416329 -0.555820781 0.069499203 0.828391888 2.295541682
0.000000000 0.449102934 0.797953846 0.500000000 0.500000000 0.000000000 0.000000000 -0.245165001 -0.965067082 -0.092410220 0.381323578 0.795288875 -0.254711994 0.550124900 1.345409477 -0.554445424 0.061378552 0.829953580 2.244663195
