0.000000000 0.446851046 0.794725756 0.500000000 0.500000000 0.000000000 0.000000000 0.164327776 -0.984628763 -0.059182609 1.404406211 0.925190635 0.174659172 -0.336922043 -2.890915785 0.342079920 0.000610454 0.939670663 3.899091179
0.000000000 0.446851046 0.794725756 0.500000000 0.500000000 0.000000000 0.000000000 0.164025395 -0.983701381 -0.073669960 1.341704730 0.925176364 0.179318040 -0.334505211 -2.875340983 0.342263591 -0.013290356 0.939509979 3.744374624
0.000000000 0.446851046 0.794725756 0.500000000 0.500000000 0.000000000 0.000000000 0.161757093 -0.983607194 -0.079696497 1.279610058 0.925809670 0.179217361 -0.332802633 -2.878381674 0.341630060 -0.019950601 0.939622731 3.562531516
0.000000000 0.446851046 0.794725756 0.500000000 0.500000000 0.000000000 0.000000000 0.159076290 -0.983735628 -0.083420310 1.234902036 0.926259685 0.177954795 -0.332227463 -2.886518779 0.341669036 -0.024419358 0.939503041 3.444948643
0.000000000 0.446851046 0.794725756 0.500000000 0.500000000 0.000000000 0.000000000 0.152522414 -0.984675169 -0.084567872 1.181571572 0.928758010 0.172059807 -0.328335167 -2.883616549 0.337854218 -0.028464617 0.940767927 3.296840044
0.000000000 0.446851046 0.794725756 0.500000000 0.500000000 0.000000000 0.000000000 0.145648427 -0.985559954 -0.086360366 1.133804630 0.933687861 0.165794538 -0.317394312 -2.859621626 0.327129200 -0.034405643 0.944353079 3.202816780
0.000000000 0.446851046 0.794725756 0.500000000 0.500000000 0.000000000 0.000000000 0.137493497 -0.987668330 -0.074878618 1.080212172 0.940843398 0.153862638 -0.301894003 -2.818059067 0.309692167 -0.028940591 0.950396340 3.082173934
0.000000000 0.446851046 0.794725756 0.500000000 0.500000000 0.000000000 0.000000000 0.129665900 -0.989247378 -0.067648948 1.045931526 0.947831769 0.143695807 -0.284546047 -2.758553334 0.291207301 -0.027223902 0.956272538 2.944602793
0.000000000 0.446851046 0.794725756 0.500000000 0.500000000 0.000000000 0.000000000 0.120079845 -0.990260688 -0.070459919 1.009377877 0.953681122 0.134779773 -0.268936294 -2.671508863 0.275813612 -0.034902466 0.960577258 2.761749132
0.000000000 0.446851046 0.794725756 0.500000000 0.500000000 0.000000000 0.000000000 0.111886815 -0.991713572 -0.063131061 0.984822157 0.958970995 0.124409673 -0.254748628 -2.610043450 0.260491786 -0.032037844 0.964944354 2.645900950
0.000000000 0.446851046 0.794725756 0.500000000 0.500000000 0.000000000 0.000000000 0.102502771 -0.993555591 -0.048378391 0.957822971 0.965439831 0.111082207 -0.235768269 -2.566169502 0.239622861 -0.022539525 0.970604376 2.544073820
0.000000000 0.446851046 0.794725756 0.500000000 0.500000000 0.000000000 0.000000000 0.093340130 -0.995014168 -0.035134401 0.915369568 0.966245790 0.099039109 -0.237824153 -2.532786179 0.240118081 -0.011749929 0.970672574 2.456675398
0.000000000 0.446851046 0.794725756 0.500000000 0.500000000 0.000000000 0.000000000 0.085354423 -0.995910344 -0.029617728 0.876167710 0.968827228 0.089898617 -0.230850691 -2.508440669 0.232569184 -0.008990334 0.972538302 2.358155546
0.000000000 0.446851046 0.794725756 0.500000000 0.500000000 0.000000000 0.000000000 0.077843726 -0.996478135 -0.031171789 0.839321857 0.969979686 0.082925088 -0.228610669 -2.490278952 0.230390456 -0.012440096 0.973018747 2.237183585
0.000000000 0.446851046 0.794725756 0.500000000 0.500000000 0.000000000 0.000000000 0.070498751 -0.996567645 -0.043391878 0.812547058 0.971992342 0.078406726 -0.221547449 -2.476479982 0.224189235 -0.026557755 0.974183696 2.098872865
0.000000000 0.446851046 0.794725756 0.500000000 0.500000000 0.000000000 0.000000000 0.065300862 -0.996726271 -0.047671146 0.788404307 0.973220279 0.074167264 -0.217581034 -2.452577603 0.220404371 -0.032186297 0.974877405 1.997027961
0.000000000 0.446851046 0.794725756 0.500000000 0.500000000 0.000000000 0.000000000 0.058347516 -0.997057162 -0.049725079 0.796036191 0.977593811 0.067157946 -0.199499752 -2.404050513 0.202252091 -0.036970614 0.978635410 1.886973922
0.000000000 0.446851046 0.794725756 0.500000000 0.500000000 0.000000000 0.000000000 0.052097577 -0.995824088 -0.074968188 0.832477624 0.980900275 0.065115246 -0.183288448 -2.337209688 0.187404623 -0.063987432 0.980196468 1.821307523
0.000000000 0.446851046 0.794725756 0.500000000 0.500000000 0.000000000 0.000000000 0.043849557 -0.996233611 -0.074805132 0.852305449 0.986723546 0.054907829 -0.152845590 -2.223717039 0.156377302 -0.067109773 0.985414846 1.787140426
0.000000000 0.446851046 0.794725756 0.500000000 0.500000000 0.000000000 0.000000000 0.034108894 -0.997755090 -0.057631265 0.891617374 0.991230668 0.041139238 -0.125575975 -2.106078582 0.127664975 -0.052842620 0.990408659 1.785835896
0.000000000 0.446851046 0.794725756 0.500000000 0.500000000 0.000000000 0.000000000 0.024000287 -0.998129364 -0.056229518 0.955468802 0.994017446 0.029820615 -0.105071634 -1.998921938 0.106551882 -0.053371373 0.992873704 1.788224362
0.000000000 0.446851046 0.794725756 0.500000000 0.500000000 0.000000000 0.000000000 0.012461304 -0.998216763 -0.058378165 1.029605668 0.996240169 0.017399983 -0.084869114 -1.902773884 0.085733551 -0.057101093 0.994680463 1.787048609
0.000000000 0.446851046 0.794725756 0.500000000 0.500000000 0.000000000 0.000000000 -0.001186453 -0.998299796 -0.058276156 1.079341989 0.998278859 0.002234553 -0.058603119 -1.803895767 0.058633703 -0.058245385 0.996578930 1.801313570
0.000000000 0.446851046 0.794725756 0.500000000 0.500000000 0.000000000 0.000000000 -0.009272601 -0.998270474 -0.058052395 1.108052774 0.998966866 -0.006664915 -0.044953077 -1.749722362 0.044488415 -0.058409251 0.997300928 1.821306602
0.000000000 0.446851046 0.794725756 0.500000000 0.500000000 0.000000000 0.000000000 -0.017691821 -0.998534404 -0.051147268 1.145098743 0.999068091 -0.015640688 -0.040228336 -1.698232718 0.039369399 -0.051811316 0.997880573 1.838524613
0.000000000 0.446851046 0.794725756 0.500000000 0.500000000 0.000000000 0.000000000 -0.022780196 -0.998589425 -0.047960632 1.170720686 0.998946827 -0.020824718 -0.040884810 -1.641271397 0.039828373 -0.048841485 0.998012129 1.875938255
0.000000000 0.446851046 0.794725756 0.500000000 0.500000000 0.000000000 0.000000000 -0.024215220 -0.998780856 -0.043016555 1.197130848 0.999149951 -0.022743372 -0.034381897 -1.566102096 0.033361639 -0.043812554 0.998482579 1.942611577
0.000000000 0.446851046 0.794725756 0.500000000 0.500000000 0.000000000 0.000000000 -0.023235437 -0.998445169 -0.050669115 1.234792912 0.999322872 -0.021749797 -0.029677324 -1.478839307 0.028529138 -0.051324371 0.998274460 2.023612444
0.000000000 0.446851046 0.794725756 0.500000000 0.500000000 0.000000000 0.000000000 -0.019659543 -0.997703548 -0.064816153 1.261777098 0.999544132 -0.018127293 -0.024143921 -1.376850215 0.022913534 -0.065261264 0.997605101 2.135401718
0.000000000 0.446851046 0.794725756 0.500000000 0.500000000 0.000000000 0.000000000 -0.018594031 -0.998004914 -0.060336178 1.270540186 0.999497672 -0.017004996 -0.026743846 -1.334157360 0.025664474 -0.060803146 0.997819779 2.175577914
0.000000000 0.446851046 0.794725756 0.500000000 0.500000000 0.000000000 0.000000000 -0.016849065 -0.997705392 -0.065574848 1.274147293 0.999525735 -0.015116450 -0.026829036 -1.262457481 0.025776215 -0.065995793 0.997486913 2.235088345
0.000000000 0.446851046 0.794725756 0.500000000 0.500000000 0.000000000 0.000000000 -0.015686103 -0.997962467 -0.061845451 1.275235223 0.999806311 -0.014919660 -0.012835278 -1.203771737 0.011886413 -0.062034808 0.998003204 2.268636928
0.000000000 0.446851046 0.794725756 0.500000000 0.500000000 0.000000000 0.000000000 -0.015398633 -0.998160581 -0.058637325 1.277562638 0.999845029 -0.015871998 0.007615561 -1.119927974 -0.008532244 -0.058510969 0.998250303 2.286701031
0.000000000 0.446851046 0.794725756 0.500000000 0.500000000 0.000000000 0.000000000 -0.015672886 -0.998304599 -0.056056124 1.287373760 0.999689401 -0.016731755 0.018470238 -1.017304462 -0.019376841 -0.055749231 0.998256761 2.304817948
0.000000000 0.446851046 0.794725756 0.500000000 0.500000000 0.000000000 0.000000000 -0.015502156 -0.998455849 -0.053344172 1.293922338 0.999424003 -0.017083789 0.029322468 -0.907075739 -0.030188511 -0.052858884 0.998145577 2.314376802
0.000000000 0.446851046 0.794725756 0.500000000 0.500000000 0.000000000 0.000000000 -0.014870693 -0.998933719 -0.043706829 1.297580999 0.999132441 -0.016545814 0.038217814 -0.725283125 -0.038900228 -0.043100586 0.998313133 2.321027824
0.000000000 0.446851046 0.794725756 0.500000000 0.500000000 0.000000000 0.000000000 -0.014299147 -0.999123379 -0.039344738 1.290557443 0.998613803 -0.016263171 0.050059780 -0.631614329 -0.050655767 -0.038574386 0.997970946 2.330150465
0.000000000 0.446851046 0.794725756 0.500000000 0.500000000 0.000000000 0.000000000 -0.013763184 -0.999294967 -0.034930565 1.278057547 0.997813815 -0.015984308 0.064125593 -0.502282049 -0.064638723 -0.033971628 0.997330318 2.337417285
0.000000000 0.446851046 0.794725756 0.500000000 0.500000000 0.000000000 0.000000000 -0.014354943 -0.999373378 -0.032354086 1.263984002 0.997752019 -0.016434942 0.064967690 -0.422506676 -0.065458717 -0.031348747 0.997362729 2.339587614
0.000000000 0.446851046 0.794725756 0.500000000 0.500000000 0.000000000 0.000000000 -0.014935109 -0.999272398 -0.035094416 1.277141476 0.997774914 -0.017175237 0.064422303 -0.369828365 -0.064978184 -0.034054174 0.997305444 2.344009688
0.000000000 0.446851046 0.794725756 0.500000000 0.500000000 0.000000000 0.000000000 -0.015645845 -0.999423108 -0.030143983 1.294667545 0.997565138 -0.017651749 0.067470082 -0.310603793 -0.067963253 -0.029014960 0.997265826 2.358535136
0.000000000 0.446851046 0.794725756 0.500000000 0.500000000 0.000000000 0.000000000 -0.016259217 -0.999673943 -0.019688741 1.314792662 0.996727708 -0.017764384 0.078856216 -0.219217984 -0.079180263 -0.018342173 0.996691552 2.392153300
0.000000000 0.446851046 0.794725756 0.500000000 0.500000000 0.000000000 0.000000000 -0.017387479 -0.999758122 -0.013467446 1.320015093 0.996626890 -0.018410333 0.079974383 -0.068301110 -0.080202979 -0.012031466 0.996705938 2.436803589
0.000000000 0.446851046 0.794725756 0.500000000 0.500000000 0.000000000 0.000000000 -0.017951272 -0.999813573 -0.007111326 1.309623638 0.996862987 -0.018445736 0.076967141 0.106085498 -0.077083966 -0.005707360 0.997008269 2.490517000
0.000000000 0.446851046 0.794725756 0.500000000 0.500000000 0.000000000 0.000000000 -0.017916155 -0.999812302 -0.007373687 1.297835575 0.997331862 -0.018392726 0.070646057 0.190229226 -0.070768419 -0.006088307 0.997474192 2.509520175
0.000000000 0.446851046 0.794725756 0.500000000 0.500000000 0.000000000 0.000000000 -0.017171398 -0.999848194 -0.002954920 1.281924113 0.997126313 -0.017342596 0.073745172 0.322901140 -0.073785223 -0.001680121 0.997272740 2.516404985
0.000000000 0.446851046 0.794725756 0.500000000 0.500000000 0.000000000 0.000000000 -0.017520663 -0.999840712 -0.003402586 1.266652494 0.995924395 -0.017752966 0.088427547 0.487556752 -0.088473868 -0.001839409 0.996076800 2.501220059
0.000000000 0.446851046 0.794725756 0.500000000 0.500000000 0.000000000 0.000000000 -0.018578485 -0.999821383 -0.003470298 1.262037021 0.995161594 -0.018826602 0.096431118 0.619351691 -0.096479228 -0.001661963 0.995333611 2.481818973
0.000000000 0.446851046 0.794725756 0.500000000 0.500000000 0.000000000 0.000000000 -0.022143506 -0.999740437 -0.005359510 1.249927338 0.993823438 -0.022594902 0.108648258 0.824833215 -0.108741154 -0.002920554 0.994065809 2.436585479
0.000000000 0.446851046 0.794725756 0.500000000 0.500000000 0.000000000 0.000000000 -0.024549846 -0.999674849 -0.006892103 1.248670367 0.993123787 -0.025177193 0.114329577 0.910062790 -0.114465926 -0.004037938 0.993418968 2.415758149
0.000000000 0.446851046 0.794725756 0.500000000 0.500000000 0.000000000 0.000000000 -0.030064577 -0.999433787 -0.015107161 1.242085961 0.991234968 -0.031756341 0.128237176 1.046833125 -0.128644315 -0.011119350 0.991628459 2.382336587
0.000000000 0.446851046 0.794725756 0.500000000 0.500000000 0.000000000 0.000000000 -0.036300184 -0.999214917 -0.015869637 1.248491878 0.988330875 -0.038246478 0.147442493 1.123096448 -0.147933697 -0.010332262 0.988943308 2.368810669
0.000000000 0.446851046 0.794725756 0.500000000 0.500000000 0.000000000 0.000000000 -0.041237056 -0.998954599 -0.019728495 1.256287825 0.986589932 -0.043831660 0.157223061 1.183720708 -0.157923433 -0.012980518 0.987366039 2.378529365
0.000000000 0.446851046 0.794725756 0.500000000 0.500000000 0.000000000 0.000000000 -0.046438565 -0.998703899 -0.020832254 1.267162171 0.984474962 -0.049290934 0.168462023 1.267803027 -0.169270521 -0.012685698 0.985487983 2.408164320
0.000000000 0.446851046 0.794725756 0.500000000 0.500000000 0.000000000 0.000000000 -0.051898805 -0.998524307 -0.015991333 1.277149203 0.980933040 -0.053974494 0.186700628 1.424292541 -0.187288239 -0.005996887 0.982286696 2.463385458
0.000000000 0.446851046 0.794725756 0.500000000 0.500000000 0.000000000 0.000000000 -0.054520971 -0.998335719 -0.018795082 1.268947795 0.980824366 -0.057072942 0.186349784 1.565634533 -0.187112336 -0.008274703 0.982303671 2.502604074
0.000000000 0.446851046 0.794725756 0.500000000 0.500000000 0.000000000 0.000000000 -0.055359302 -0.998382733 -0.012933170 1.252636998 0.982686250 -0.056773597 0.176364660 1.682556362 -0.176813694 -0.002945824 0.984239930 2.521387413
0.000000000 0.446851046 0.794725756 0.500000000 0.500000000 0.000000000 0.000000000 -0.055786226 -0.998401897 -0.009030506 1.219202521 0.983692737 -0.056508766 0.170749402 1.820891145 -0.170986829 0.000642222 0.985273105 2.526741999
0.000000000 0.446851046 0.794725756 0.500000000 0.500000000 0.000000000 0.000000000 -0.056662888 -0.998346362 -0.009688070 1.186919736 0.982608767 -0.057483095 0.176566432 1.969230214 -0.176831355 0.000485181 0.984241046 2.504831981
0.000000000 0.446851046 0.794725756 0.500000000 0.500000000 0.000000000 0.000000000 -0.057536151 -0.998285148 -0.010786801 1.176901144 0.978963625 -0.058534546 0.195458253 2.076440355 -0.195754471 0.000686030 0.980652699 2.453522635
0.000000000 0.446851046 0.794725756 0.500000000 0.500000000 0.000000000 0.000000000 -0.059217761 -0.998171155 -0.012149180 1.170702327 0.976043702 -0.060448958 0.209008650 2.180421345 -0.209360811 0.000518894 0.977838321 2.410300938
0.000000000 0.446851046 0.794725756 0.500000000 0.500000000 0.000000000 0.000000000 -0.061738993 -0.998012424 -0.012629303 1.153434264 0.970033095 -0.062977747 0.234669125 2.323600937 -0.234998068 0.002237394 0.971993262 2.370612449
0.000000000 0.446851046 0.794725756 0.500000000 0.500000000 0.000000000 0.000000000 -0.066759840 -0.997706264 -0.011195314 1.152218876 0.959373485 -0.067269462 0.274002439 2.494915722 -0.274127053 0.007551871 0.961663833 2.314338007
0.000000000 0.446851046 0.794725756 0.500000000 0.500000000 0.000000000 0.000000000 -0.069508040 -0.997509396 -0.011984883 1.149695766 0.954273799 -0.069987127 0.290625738 2.564365530 -0.290740691 0.008763965 0.956761748 2.304120881
0.000000000 0.446851046 0.794725756 0.500000000 0.500000000 0.000000000 0.000000000 -0.073415778 -0.997221669 -0.012612178 1.138230667 0.948117926 -0.073711997 0.309255461 2.631483171 -0.309325916 0.010746399 0.950895364 2.295606811
0.000000000 0.446851046 0.794725756 0.500000000 0.500000000 0.000000000 0.000000000 -0.077740067 -0.996954388 -0.006199196 1.120392855 0.939370546 -0.075329954 0.334527092 2.710165556 -0.333975238 0.020182816 0.942365744 2.305584874
0.000000000 0.446851046 0.794725756 0.500000000 0.500000000 0.000000000 0.000000000 -0.081435455 -0.996666812 -0.004850969 1.120401766 0.930282530 -0.077756271 0.358508545 2.815157796 -0.357690762 0.024682535 0.933513841 2.328721556
0.000000000 0.446851046 0.794725756 0.500000000 0.500000000 0.000000000 0.000000000 -0.086643984 -0.996239292 0.000304905 1.092606227 0.925362014 -0.080366328 0.370467807 2.959264504 -0.369050081 0.032380954 0.928845257 2.342815577
0.000000000 0.446851046 0.794725756 0.500000000 0.500000000 0.000000000 0.000000000 -0.091280208 -0.995825116 0.000511682 1.061182409 0.923511015 -0.084459436 0.374157733 3.064760808 -0.372552452 0.034625740 0.927364938 2.358665002
0.000000000 0.446851046 0.794725756 0.500000000 0.500000000 0.000000000 0.000000000 -0.100948160 -0.994846718 0.009459183 0.999972918 0.923662466 -0.090183752 0.372444008 3.215767777 -0.369671634 0.046334630 0.928006457 2.372278052
0.000000000 0.446851046 0.794725756 0.500000000 0.500000000 0.000000000 0.000000000 -0.110380917 -0.993868498 0.006439018 0.955917061 0.919656638 -0.099677772 0.379863147 3.320696009 -0.376892189 0.047851328 0.925020285 2.347365213
0.000000000 0.446851046 0.794725756 0.500000000 0.500000000 0.000000000 0.000000000 -0.119975764 -0.992767705 -0.004254365 0.943699465 0.910938469 -0.111788466 0.397107599 3.419322270 -0.394711188 0.043767823 0.917762200 2.291725516
0.000000000 0.446851046 0.794725756 0.500000000 0.500000000 0.000000000 0.000000000 -0.131272438 -0.991115354 -0.021398643 0.941059719 0.895948492 -0.127851363 0.425359058 3.549577733 -0.424315739 0.036665839 0.904771667 2.194816101
0.000000000 0.446851046 0.794725756 0.500000000 0.500000000 0.000000000 0.000000000 -0.141605627 -0.989368403 -0.033136215 0.929717642 0.882862581 -0.141361297 0.447851144 3.678600758 -0.447773949 0.034163518 0.893493897 2.090104999
0.000000000 0.446851046 0.794725756 0.500000000 0.500000000 0.000000000 0.000000000 -0.152149760 -0.987074450 -0.050343633 0.922294535 0.861918446 -0.157440542 0.481984511 3.803461851 -0.483680725 0.029941722 0.874732216 1.984505996
0.000000000 0.446851046 0.794725756 0.500000000 0.500000000 0.000000000 0.000000000 -0.161365127 -0.984847615 -0.063533221 0.892077965 0.842770926 -0.171011435 0.510384420 3.886105578 -0.513515786 0.028814296 0.857596218 1.912699732
0.000000000 0.446851046 0.794725756 0.500000000 0.500000000 0.000000000 0.000000000 -0.172567936 -0.982340776 -0.072297351 0.835487725 0.822505501 -0.184095085 0.538139109 3.958679373 -0.541945577 0.033400587 0.839749601 1.879692408
0.000000000 0.446851046 0.794725756 0.500000000 0.500000000 0.000000000 0.000000000 -0.183421289 -0.979976213 -0.077480657 0.795836132 0.804607050 -0.194944170 0.560895949 4.016358292 -0.564769091 0.040538775 0.824252681 1.855330854
0.000000000 0.446851046 0.794725756 0.500000000 0.500000000 0.000000000 0.000000000 -0.195928147 -0.977410325 -0.079254138 0.792140529 0.784406573 -0.204714251 0.585489883 4.115696009 -0.588488308 0.052546481 0.806796367 1.826182797
0.000000000 0.446851046 0.794725756 0.500000000 0.500000000 0.000000000 0.000000000 -0.206670033 -0.975011658 -0.081484750 0.794907562 0.768284573 -0.213289502 0.603528296 4.222199068 -0.605826966 0.062127737 0.793166963 1.815924474
0.000000000 0.446851046 0.794725756 0.500000000 0.500000000 0.000000000 0.000000000 -0.215304135 -0.972614527 -0.087550622 0.791467564 0.752638696 -0.222395082 0.619738188 4.306782141 -0.622237192 0.067538208 0.779909910 1.810378066
