0.000000000 0.439891311 0.782406537 0.500000000 0.500000000 0.000000000 0.000000000 -0.006520234 -0.999108842 -0.041701414 0.255196192 0.825677033 0.018145955 -0.563851188 -3.276880333 0.564105419 -0.038108342 0.824822908 4.342045127
0.000000000 0.439891311 0.782406537 0.500000000 0.500000000 0.000000000 0.000000000 -0.013709030 -0.999203829 -0.037466934 0.242801056 0.819113909 0.010267666 -0.573538995 -3.320229389 0.573467058 -0.038552350 0.818320994 4.367961770
0.000000000 0.439891311 0.782406537 0.500000000 0.500000000 0.000000000 0.000000000 -0.023292675 -0.999334320 -0.028077891 0.241793513 0.817459874 -0.002870479 -0.575978398 -3.347688991 0.575514383 -0.036368626 0.816982569 4.358459850
0.000000000 0.439891311 0.782406537 0.500000000 0.500000000 0.000000000 0.000000000 -0.030626918 -0.999301764 -0.021400372 0.282125105 0.815200906 -0.012584173 -0.579041555 -3.369847111 0.578367941 -0.035179861 0.815017118 4.294871334
0.000000000 0.439891311 0.782406537 0.500000000 0.500000000 0.000000000 0.000000000 -0.038122874 -0.998784871 -0.031231854 0.356379132 0.800546485 -0.011820804 -0.599154066 -3.421632505 0.598056830 -0.047844026 0.800024360 4.129566452
0.000000000 0.439891311 0.782406537 0.500000000 0.500000000 0.000000000 0.000000000 -0.043488822 -0.998072995 -0.044260799 0.400124771 0.784327659 -0.006666875 -0.620310952 -3.467198852 0.618820528 -0.061691561 0.783106190 3.902092629
0.000000000 0.439891311 0.782406537 0.500000000 0.500000000 0.000000000 0.000000000 -0.049219211 -0.997498285 -0.050740915 0.442590523 0.769637648 -0.005498810 -0.638457245 -3.486039615 0.636580992 -0.070476480 0.767982881 3.614368235
0.000000000 0.439891311 0.782406537 0.500000000 0.500000000 0.000000000 0.000000000 -0.055308191 -0.996913245 -0.055722400 0.486163415 0.747185950 -0.004305625 -0.664601097 -3.507855659 0.662309717 -0.078392879 0.745117706 3.361521790
0.000000000 0.439891311 0.782406537 0.500000000 0.500000000 0.000000000 0.000000000 -0.062030115 -0.995712141 -0.068626508 0.509627706 0.708164327 0.004544553 -0.706033025 -3.573889887 0.703317532 -0.092394155 0.704845919 3.185798096
0.000000000 0.439891311 0.782406537 0.500000000 0.500000000 0.000000000 0.000000000 -0.070379764 -0.995337111 -0.065960019 0.516660023 0.647952427 0.004658524 -0.761666561 -3.705146699 0.758422271 -0.096344868 0.644603231 2.899254779
0.000000000 0.439891311 0.782406537 0.500000000 0.500000000 0.000000000 0.000000000 -0.075648895 -0.995042847 -0.064552124 0.461749451 0.607709951 0.005317278 -0.794141260 -3.913391933 0.790547823 -0.099304877 0.604295194 2.614325820
0.000000000 0.439891311 0.782406537 0.500000000 0.500000000 0.000000000 0.000000000 -0.080150785 -0.994786238 -0.063057059 0.467943465 0.567055620 0.006521226 -0.823653688 -4.096124533 0.819770563 -0.101773350 0.563576445 2.397002865
0.000000000 0.439891311 0.782406537 0.500000000 0.500000000 0.000000000 0.000000000 -0.085051630 -0.994777441 -0.056427502 0.531250987 0.520210650 0.003966662 -0.854028773 -4.191139429 0.849792386 -0.101990727 0.517156448 2.173001347
0.000000000 0.439891311 0.782406537 0.500000000 0.500000000 0.000000000 0.000000000 -0.089483953 -0.994501863 -0.054393621 0.603509023 0.482051859 0.004545015 -0.876130896 -4.265578929 0.871561029 -0.104620202 0.478994766 1.889327795
0.000000000 0.439891311 0.782406537 0.500000000 0.500000000 0.000000000 0.000000000 -0.095674302 -0.993822246 -0.056247410 0.616948756 0.449354720 0.007300540 -0.893323591 -4.308990806 0.888215494 -0.110743150 0.445880243 1.623004988
0.000000000 0.439891311 0.782406537 0.500000000 0.500000000 0.000000000 0.000000000 -0.107234486 -0.992450416 -0.059522570 0.649582685 0.399800192 0.011770521 -0.916526738 -4.350151017 0.910307954 -0.122080408 0.395519662 1.324924217
0.000000000 0.439891311 0.782406537 0.500000000 0.500000000 0.000000000 0.000000000 -0.118341054 -0.991382473 -0.056179960 0.684305225 0.354236449 0.010705115 -0.935094615 -4.383684105 0.927637824 -0.130561072 0.349916952 1.152294311
0.000000000 0.439891311 0.782406537 0.500000000 0.500000000 0.000000000 0.000000000 -0.132480041 -0.990217567 -0.043797353 0.750642377 0.270708412 0.006359854 -0.962640383 -4.419231906 0.953501963 -0.139386949 0.267217672 0.918552937
0.000000000 0.439891311 0.782406537 0.500000000 0.500000000 0.000000000 0.000000000 -0.141873334 -0.989268348 -0.034929822 0.751954382 0.209953540 0.004411470 -0.977701411 -4.504172820 0.967363152 -0.146043399 0.207074522 0.667370341
0.000000000 0.439891311 0.782406537 0.500000000 0.500000000 0.000000000 0.000000000 -0.150914856 -0.988203664 -0.026042746 0.748992710 0.149738730 0.003188813 -0.988720458 -4.642922206 0.977140225 -0.153112213 0.147491122 0.393522626
0.000000000 0.439891311 0.782406537 0.500000000 0.500000000 0.000000000 0.000000000 -0.155790904 -0.987614080 -0.018644649 0.767652031 0.093820586 0.003995352 -0.995581104 -4.736018431 0.983324408 -0.156851732 0.092036092 0.149157041
0.000000000 0.439891311 0.782406537 0.500000000 0.500000000 0.000000000 0.000000000 -0.156569863 -0.987525010 -0.016740142 0.840223842 0.057478142 0.007810040 -0.998316216 -4.724736158 0.985992972 -0.157268426 0.055538286 -0.073015642
0.000000000 0.439891311 0.782406537 0.500000000 0.500000000 0.000000000 0.000000000 -0.156897669 -0.987421082 -0.019563445 0.903770856 0.036671880 0.013970375 -0.999229704 -4.648679765 0.986933784 -0.157494239 0.034018668 -0.316958630
0.000000000 0.439891311 0.782406537 0.500000000 0.500000000 0.000000000 0.000000000 -0.160386999 -0.986832962 -0.020897727 0.933149397 -0.002829362 0.021631368 -0.999762011 -4.461330700 0.987050153 -0.160289702 -0.006261498 -0.651347852
0.000000000 0.439891311 0.782406537 0.500000000 0.500000000 0.000000000 0.000000000 -0.166589306 -0.985853499 -0.018462954 0.962156108 -0.043432758 0.026043116 -0.998716853 -4.338498431 0.985069337 -0.165573650 -0.047156841 -0.835357241
0.000000000 0.439891311 0.782406537 0.500000000 0.500000000 0.000000000 0.000000000 -0.174112782 -0.984667674 -0.010691592 1.005299816 -0.087857207 0.026347555 -0.995784574 -4.245797194 0.980798578 -0.172439489 -0.091097598 -0.987288681
0.000000000 0.439891311 0.782406537 0.500000000 0.500000000 0.000000000 0.000000000 -0.180233667 -0.983611707 0.004882195 1.066323844 -0.138078356 0.020386055 -0.990211481 -4.142106295 0.973884076 -0.179143572 -0.139489741 -1.188523065
0.000000000 0.439891311 0.782406537 0.500000000 0.500000000 0.000000000 0.000000000 -0.186466241 -0.982283953 0.018670220 1.056149428 -0.212582246 0.021786439 -0.976900271 -4.022109999 0.959186702 -0.186127878 -0.212878565 -1.498717888
0.000000000 0.439891311 0.782406537 0.500000000 0.500000000 0.000000000 0.000000000 -0.188733342 -0.981610090 0.028659334 1.058021612 -0.261248701 0.022055115 -0.965019527 -3.935599126 0.946640820 -0.189618574 -0.260606896 -1.751850520
0.000000000 0.439891311 0.782406537 0.500000000 0.500000000 0.000000000 0.000000000 -0.190992501 -0.980606437 0.043964539 1.119987476 -0.300539275 0.015780493 -0.953638884 -3.839517309 0.934450646 -0.195350946 -0.297724703 -1.946538098
0.000000000 0.439891311 0.782406537 0.500000000 0.500000000 0.000000000 0.000000000 -0.192359844 -0.980265744 0.045571507 1.202336880 -0.347674555 0.024651328 -0.937291159 -3.701475345 0.917671016 -0.196141234 -0.345555382 -2.072924678
0.000000000 0.439891311 0.782406537 0.500000000 0.500000000 0.000000000 0.000000000 -0.195783661 -0.978468761 0.065327184 1.300194687 -0.387406994 0.015975264 -0.921770369 -3.407474501 0.900879892 -0.205775786 -0.382193337 -2.252242124
0.000000000 0.439891311 0.782406537 0.500000000 0.500000000 0.000000000 0.000000000 -0.201939850 -0.976923062 0.069581799 1.328941340 -0.424185711 0.023204627 -0.905277873 -3.156866939 0.882772213 -0.212327283 -0.419082743 -2.425446872
0.000000000 0.439891311 0.782406537 0.500000000 0.500000000 0.000000000 0.000000000 -0.205895406 -0.975390330 0.078871953 1.354787049 -0.466025081 0.026862001 -0.884363645 -3.030768314 0.860481089 -0.218842720 -0.460087121 -2.536437312
0.000000000 0.439891311 0.782406537 0.500000000 0.500000000 0.000000000 0.000000000 -0.207863663 -0.973856227 0.091633761 1.396156927 -0.513747927 0.028975527 -0.857451740 -2.916332475 0.832379580 -0.225309714 -0.506339577 -2.675286968
0.000000000 0.439891311 0.782406537 0.500000000 0.500000000 0.000000000 0.000000000 -0.207418998 -0.972371383 0.107103936 1.416587449 -0.562667913 0.029023472 -0.826173382 -2.809634058 0.800238826 -0.231628003 -0.553142196 -2.888712227
0.000000000 0.439891311 0.782406537 0.500000000 0.500000000 0.000000000 0.000000000 -0.207529413 -0.971553102 0.114088182 1.401056231 -0.588816940 0.030930612 -0.807674383 -2.711751868 0.781169734 -0.234793244 -0.578485936 -3.190163428
0.000000000 0.439891311 0.782406537 0.500000000 0.500000000 0.000000000 0.000000000 -0.207822562 -0.970870812 0.119246171 1.440588599 -0.615840617 0.035152528 -0.787086167 -2.672128440 0.759967181 -0.237010899 -0.605207168 -3.468917191
0.000000000 0.439891311 0.782406537 0.500000000 0.500000000 0.000000000 0.000000000 -0.208213867 -0.971175525 0.116039155 1.520122549 -0.628820317 0.042046783 -0.776412955 -2.616244193 0.749154186 -0.234627722 -0.619449624 -3.701401202
0.000000000 0.439891311 0.782406537 0.500000000 0.500000000 0.000000000 0.000000000 -0.205542363 -0.971384893 0.119011459 1.603588509 -0.648574787 0.044139408 -0.759870027 -2.495259108 0.732873169 -0.233373313 -0.639088268 -3.844433204
0.000000000 0.439891311 0.782406537 0.500000000 0.500000000 0.000000000 0.000000000 -0.199335454 -0.971652275 0.127111102 1.637429234 -0.687697868 0.046300668 -0.724519075 -2.209515405 0.698095279 -0.231836373 -0.677432563 -4.027836473
0.000000000 0.439891311 0.782406537 0.500000000 0.500000000 0.000000000 0.000000000 -0.195537693 -0.971532768 0.133750105 1.669991143 -0.716215233 0.048304584 -0.696205722 -1.948899409 0.669925929 -0.231928323 -0.705271935 -4.171584307
0.000000000 0.439891311 0.782406537 0.500000000 0.500000000 0.000000000 0.000000000 -0.191806797 -0.971243695 0.141052604 1.689947635 -0.738035751 0.048005008 -0.673051818 -1.785245344 0.646926104 -0.233197778 -0.726020257 -4.289047797
0.000000000 0.439891311 0.782406537 0.500000000 0.500000000 0.000000000 0.000000000 -0.185152540 -0.968184339 0.168337824 1.725103827 -0.790860338 0.045123668 -0.610330878 -1.592138012 0.583316777 -0.246136021 -0.774053355 -4.402554725
0.000000000 0.439891311 0.782406537 0.500000000 0.500000000 0.000000000 0.000000000 -0.174357427 -0.964320877 0.199210277 1.758878427 -0.850982807 0.045783007 -0.523194207 -1.405722323 0.495406651 -0.260747317 -0.828603094 -4.504296257
0.000000000 0.439891311 0.782406537 0.500000000 0.500000000 0.000000000 0.000000000 -0.163871759 -0.960881402 0.223277807 1.748432721 -0.903074709 0.055037974 -0.425942358 -1.135050702 0.396991332 -0.271436463 -0.876766861 -4.726896567
0.000000000 0.439891311 0.782406537 0.500000000 0.500000000 0.000000000 0.000000000 -0.155297997 -0.959028142 0.236954751 1.773189109 -0.930330461 0.061317464 -0.361559680 -0.987370954 0.332216444 -0.276595717 -0.901735573 -4.863248688
0.000000000 0.439891311 0.782406537 0.500000000 0.500000000 0.000000000 0.000000000 -0.143864996 -0.957345996 0.250582335 1.799330171 -0.955907949 0.068930065 -0.285462149 -0.809853126 0.256013388 -0.280601657 -0.925051272 -4.885355725
0.000000000 0.439891311 0.782406537 0.500000000 0.500000000 0.000000000 0.000000000 -0.133560039 -0.956921753 0.257803169 1.846672957 -0.974136272 0.078920470 -0.211731159 -0.575469218 0.182264205 -0.279414240 -0.942712810 -4.785562204
0.000000000 0.439891311 0.782406537 0.500000000 0.500000000 0.000000000 0.000000000 -0.126603769 -0.955473299 0.266537542 1.834639624 -0.986102100 0.092086401 -0.138285005 -0.331239177 0.107583147 -0.280340633 -0.953852712 -4.601982097
0.000000000 0.439891311 0.782406537 0.500000000 0.500000000 0.000000000 0.000000000 -0.117689352 -0.954122739 0.275316208 1.821669285 -0.992001416 0.100216385 -0.076745471 -0.217515820 0.045633404 -0.282146193 -0.958285510 -4.477196361
0.000000000 0.439891311 0.782406537 0.500000000 0.500000000 0.000000000 0.000000000 -0.112131377 -0.952397540 0.283488060 1.794197433 -0.992693598 0.120157605 0.011025890 -0.048903941 -0.044564277 -0.280180434 -0.958912379 -4.322018662
0.000000000 0.439891311 0.782406537 0.500000000 0.500000000 0.000000000 0.000000000 -0.105292230 -0.952110501 0.287052503 1.839971871 -0.985900824 0.137694237 0.095078192 0.114186340 -0.130050420 -0.272994304 -0.953184661 -4.257451379
0.000000000 0.439891311 0.782406537 0.500000000 0.500000000 0.000000000 0.000000000 -0.086788153 -0.953129582 0.289847918 1.812498741 -0.964391694 0.153343381 0.215486586 0.366912946 -0.249832900 -0.260825242 -0.932498641 -4.145271775
0.000000000 0.439891311 0.782406537 0.500000000 0.500000000 0.000000000 0.000000000 -0.081608665 -0.952717073 0.292694728 1.808456942 -0.947671420 0.165118531 0.273230216 0.563690023 -0.308640415 -0.255080476 -0.916337844 -4.064225811
0.000000000 0.439891311 0.782406537 0.500000000 0.500000000 0.000000000 0.000000000 -0.075232718 -0.954032145 0.290108091 1.844206442 -0.928347337 0.173217432 0.328887433 0.726959534 -0.364020962 -0.244577978 -0.898704819 -3.941502132
0.000000000 0.439891311 0.782406537 0.500000000 0.500000000 0.000000000 0.000000000 -0.061104176 -0.955989306 0.286968163 1.872156155 -0.894404929 0.180064308 0.409410146 0.895462269 -0.443064445 -0.231649070 -0.866044229 -3.665867371
0.000000000 0.439891311 0.782406537 0.500000000 0.500000000 0.000000000 0.000000000 -0.055758503 -0.956876349 0.285094094 1.825236404 -0.864977826 0.188914543 0.464892091 1.016590366 -0.498702667 -0.220678383 -0.838210416 -3.406680675
0.000000000 0.439891311 0.782406537 0.500000000 0.500000000 0.000000000 0.000000000 -0.060496955 -0.956675056 0.284803363 1.821011830 -0.844071270 0.201333627 0.496999459 1.100099594 -0.532807479 -0.210327382 -0.819682001 -3.187821582
0.000000000 0.439891311 0.782406537 0.500000000 0.500000000 0.000000000 0.000000000 -0.062011045 -0.958820910 0.277158966 1.832973889 -0.813271470 0.209516826 0.542855612 1.210238495 -0.578570779 -0.191742435 -0.792774048 -3.075902744
0.000000000 0.439891311 0.782406537 0.500000000 0.500000000 0.000000000 0.000000000 -0.058731526 -0.959178817 0.276634426 1.862342450 -0.777292711 0.217820912 0.590228847 1.375927295 -0.626391770 -0.180360882 -0.758355657 -2.966173453
0.000000000 0.439891311 0.782406537 0.500000000 0.500000000 0.000000000 0.000000000 -0.046805559 -0.956718102 0.287227632 1.819696117 -0.724128276 0.230565589 0.649982884 1.670209115 -0.688075199 -0.177566837 -0.703578381 -2.798859764
0.000000000 0.439891311 0.782406537 0.500000000 0.500000000 0.000000000 0.000000000 -0.046812621 -0.958111006 0.282545357 1.818539359 -0.706470487 0.231725650 0.668732139 2.066385103 -0.706192629 -0.168304852 -0.687724834 -2.707808700
0.000000000 0.439891311 0.782406537 0.500000000 0.500000000 0.000000000 0.000000000 -0.049534851 -0.961125004 0.271633991 1.858180483 -0.702507956 0.226848977 0.674553270 2.414344911 -0.709949907 -0.157411144 -0.686434892 -2.651328789
0.000000000 0.439891311 0.782406537 0.500000000 0.500000000 0.000000000 0.000000000 -0.039766284 -0.962072472 0.269879977 1.903555323 -0.668816326 0.226294466 0.708149374 2.620534967 -0.742363364 -0.152339665 -0.652448666 -2.494440600
0.000000000 0.439891311 0.782406537 0.500000000 0.500000000 0.000000000 0.000000000 -0.021369794 -0.963968458 0.265156828 1.937849935 -0.602102252 0.224135948 0.766313223 2.806979282 -0.798132953 -0.143275568 -0.585197318 -2.245555466
0.000000000 0.439891311 0.782406537 0.500000000 0.500000000 0.000000000 0.000000000 -0.008395381 -0.965978181 0.258487276 1.895519810 -0.541418133 0.221719636 0.810991250 2.985919623 -0.840711557 -0.133141118 -0.524859524 -2.003564432
0.000000000 0.439891311 0.782406537 0.500000000 0.500000000 0.000000000 0.000000000 0.006379153 -0.967313543 0.253503087 1.863699612 -0.467100321 0.221269389 0.856070761 3.168402298 -0.884181314 -0.123872380 -0.450420956 -1.821624385
0.000000000 0.439891311 0.782406537 0.500000000 0.500000000 0.000000000 0.000000000 0.032397936 -0.967566900 0.250528777 1.849844441 -0.349823182 0.223827881 0.909683913 3.319448219 -0.936255369 -0.117112655 -0.331225770 -1.666366424
0.000000000 0.439891311 0.782406537 0.500000000 0.500000000 0.000000000 0.000000000 0.058630308 -0.967519477 0.245903535 1.816833647 -0.213029549 0.228527296 0.949944044 3.516268479 -0.975285034 -0.108080231 -0.192711612 -1.495463039
0.000000000 0.439891311 0.782406537 0.500000000 0.500000000 0.000000000 0.000000000 0.070966799 -0.969923623 0.232834446 1.779489351 -0.105713540 0.224795038 0.968654654 3.800140025 -0.991861059 -0.093356074 -0.086581076 -1.380369034
0.000000000 0.439891311 0.782406537 0.500000000 0.500000000 0.000000000 0.000000000 0.078575362 -0.971640232 0.223027291 1.785331524 -0.024966151 0.221730892 0.974788235 3.973480728 -0.996595507 -0.082162472 -0.006835532 -1.324017577
0.000000000 0.439891311 0.782406537 0.500000000 0.500000000 0.000000000 0.000000000 0.088231331 -0.973702539 0.210044274 1.803149491 0.054590851 0.215276496 0.975026087 4.014572621 -0.994602972 -0.074561354 0.072149382 -1.220876790
0.000000000 0.439891311 0.782406537 0.500000000 0.500000000 0.000000000 0.000000000 0.102151878 -0.976879164 0.187808661 1.806753552 0.150892265 0.201828012 0.967727740 3.904371086 -0.983258114 -0.070516332 0.168020620 -0.974074427
0.000000000 0.439891311 0.782406537 0.500000000 0.500000000 0.000000000 0.000000000 0.109657399 -0.979303215 0.170118984 1.738317004 0.209924456 0.190108224 0.959057134 3.732351906 -0.971548752 -0.069455575 0.226426468 -0.761506759
0.000000000 0.439891311 0.782406537 0.500000000 0.500000000 0.000000000 0.000000000 0.112288337 -0.981204624 0.156935707 1.711122085 0.264237400 0.181733027 0.947180924 3.497869610 -0.957898703 -0.064889087 0.279677458 -0.564662647
0.000000000 0.439891311 0.782406537 0.500000000 0.500000000 0.000000000 0.000000000 0.108464878 -0.981604576 0.157123603 1.679065287 0.299734588 0.182993002 0.936308036 3.372404298 -0.947836773 -0.054461158 0.314069156 -0.462537952
0.000000000 0.439891311 0.782406537 0.500000000 0.500000000 0.000000000 0.000000000 0.105561277 -0.982405233 0.154067434 1.660283318 0.362200079 0.182275112 0.914104417 3.262787342 -0.926103622 -0.040690793 0.375068447 -0.356413527
0.000000000 0.439891311 0.782406537 0.500000000 0.500000000 0.000000000 0.000000000 0.098375925 -0.983435814 0.152237242 1.647438922 0.403256889 0.179251352 0.897358810 3.152548693 -0.909783523 -0.026887786 0.414211284 -0.126183446
0.000000000 0.439891311 0.782406537 0.500000000 0.500000000 0.000000000 0.000000000 0.094283739 -0.984030489 0.150978720 1.532000053 0.446158356 0.177337238 0.877208200 3.024978228 -0.889973763 -0.015346051 0.455753443 0.166772219
0.000000000 0.439891311 0.782406537 0.500000000 0.500000000 0.000000000 0.000000000 0.092082060 -0.984055675 0.152168733 1.469730116 0.457966972 0.177549278 0.871058268 2.947350104 -0.884187280 -0.010520586 0.467014101 0.439399260
