0.000000000 0.582741141 1.035984397 0.500000000 0.500000000 0.000000000 0.000000000 0.992352697 0.001513503 -0.123425420 -0.001310662 0.999997654 0.001724610 0.123427740 -0.001549652 0.992352352 1.125510188 -0.032976587 -0.599930709
0.000000000 0.582741141 1.035984397 0.500000000 0.500000000 0.000000000 0.000000000 0.992332194 0.001519755 -0.123590075 -0.001315342 0.999997629 0.001735533 0.123592420 -0.001559662 0.992331840 1.128095091 -0.033161060 -0.600712369
0.000000000 0.582741141 1.035984397 0.500000000 0.500000000 0.000000000 0.000000000 0.992311664 0.001526010 -0.123754727 -0.001320022 0.999997604 0.001746458 0.123757096 -0.001569672 0.992311301 1.130680183 -0.033345584 -0.601493196
0.000000000 0.582741141 1.035984397 0.500000000 0.500000000 0.000000000 0.000000000 0.992291105 0.001532268 -0.123919386 -0.001324702 0.999997578 0.001757384 0.123921778 -0.001579681 0.992290732 1.133265667 -0.033530158 -0.602273144
0.000000000 0.582741141 1.035984397 0.500000000 0.500000000 0.000000000 0.000000000 0.992270521 0.001538530 -0.124084030 -0.001329382 0.999997553 0.001768312 0.124086447 -0.001589689 0.992270138 1.135851335 -0.033714782 -0.603052281
0.000000000 0.582741141 1.035984397 0.500000000 0.500000000 0.000000000 0.000000000 0.992249907 0.001544795 -0.124248682 -0.001334062 0.999997527 0.001779242 0.124251123 -0.001599697 0.992249515 1.138437394 -0.033899458 -0.603830539
0.000000000 0.582741141 1.035984397 0.500000000 0.500000000 0.000000000 0.000000000 0.992229268 0.001551063 -0.124413320 -0.001338741 0.999997502 0.001790173 0.124415785 -0.001609705 0.992228865 1.141023636 -0.034084185 -0.604607985
0.000000000 0.582741141 1.035984397 0.500000000 0.500000000 0.000000000 0.000000000 0.992208600 0.001557335 -0.124577964 -0.001343420 0.999997476 0.001801106 0.124580454 -0.001619712 0.992208187 1.143610270 -0.034268962 -0.605384552
0.000000000 0.582741141 1.035984397 0.500000000 0.500000000 0.000000000 0.000000000 0.992187906 0.001563610 -0.124742594 -0.001348099 0.999997450 0.001812040 0.124745110 -0.001629719 0.992187483 1.146197087 -0.034453788 -0.606160308
0.000000000 0.582741141 1.035984397 0.500000000 0.500000000 0.000000000 0.000000000 0.992167184 0.001569889 -0.124907222 -0.001352778 0.999997423 0.001822976 0.124909762 -0.001639725 0.992166751 1.148784289 -0.034638666 -0.606935205
0.000000000 0.582741141 1.035984397 0.500000000 0.500000000 0.000000000 0.000000000 0.992134695 0.001602047 -0.125164612 -0.001390093 0.999997448 0.001780724 0.125167146 -0.001592727 0.992134391 1.151713947 -0.034509659 -0.607447241
0.000000000 0.582741141 1.035984397 0.500000000 0.500000000 0.000000000 0.000000000 0.992102138 0.001634181 -0.125421998 -0.001427405 0.999997470 0.001738491 0.125424521 -0.001545732 0.992101961 1.154644058 -0.034380762 -0.607957780
0.000000000 0.582741141 1.035984397 0.500000000 0.500000000 0.000000000 0.000000000 0.992069514 0.001666291 -0.125679368 -0.001464716 0.999997489 0.001696277 0.125681879 -0.001498740 0.992069463 1.157574514 -0.034251979 -0.608466835
0.000000000 0.582741141 1.035984397 0.500000000 0.500000000 0.000000000 0.000000000 0.992036820 0.001698376 -0.125936742 -0.001502023 0.999997504 0.001654083 0.125939237 -0.001451751 0.992036895 1.160505328 -0.034123308 -0.608974384
0.000000000 0.582741141 1.035984397 0.500000000 0.500000000 0.000000000 0.000000000 0.992004058 0.001730437 -0.126194112 -0.001539328 0.999997516 0.001611908 0.126196588 -0.001404765 0.992004258 1.163436493 -0.033994749 -0.609480437
0.000000000 0.582741141 1.035984397 0.500000000 0.500000000 0.000000000 0.000000000 0.991971228 0.001762474 -0.126451476 -0.001576630 0.999997525 0.001569752 0.126453929 -0.001357782 0.991971552 1.166368007 -0.033866303 -0.609984995
0.000000000 0.582741141 1.035984397 0.500000000 0.500000000 0.000000000 0.000000000 0.991938332 0.001794486 -0.126708824 -0.001613930 0.999997531 0.001527616 0.126711253 -0.001310802 0.991938778 1.169299864 -0.033737970 -0.610488060
0.000000000 0.582741141 1.035984397 0.500000000 0.500000000 0.000000000 0.000000000 0.991905365 0.001826474 -0.126966177 -0.001651227 0.999997533 0.001485499 0.126968577 -0.001263825 0.991905935 1.172232077 -0.033609748 -0.610989627
0.000000000 0.582741141 1.035984397 0.500000000 0.500000000 0.000000000 0.000000000 0.991872331 0.001858438 -0.127223525 -0.001688522 0.999997533 0.001443402 0.127225894 -0.001216851 0.991873022 1.175164638 -0.033481640 -0.611489698
0.000000000 0.582741141 1.035984397 0.500000000 0.500000000 0.000000000 0.000000000 0.991839230 0.001890377 -0.127480857 -0.001725814 0.999997529 0.001401324 0.127483191 -0.001169880 0.991840041 1.178097541 -0.033353644 -0.611988286
0.000000000 0.582741141 1.035984397 0.500000000 0.500000000 0.000000000 0.000000000 0.991806059 0.001922292 -0.127738194 -0.001763104 0.999997522 0.001359265 0.127740490 -0.001122912 0.991806990 1.181030797 -0.033225761 -0.612485365
0.000000000 0.582741141 1.035984397 0.500000000 0.500000000 0.000000000 0.000000000 0.991780302 0.001946788 -0.127937651 -0.001777211 0.999997385 0.001439611 0.127940119 -0.001200405 0.991781168 1.183723879 -0.033841017 -0.613013102
0.000000000 0.582741141 1.035984397 0.500000000 0.500000000 0.000000000 0.000000000 0.991754505 0.001971315 -0.128137099 -0.001791317 0.999997240 0.001519961 0.128139742 -0.001277894 0.991755299 1.186417093 -0.034456521 -0.613539704
0.000000000 0.582741141 1.035984397 0.500000000 0.500000000 0.000000000 0.000000000 0.991728667 0.001995874 -0.128336540 -0.001805422 0.999997090 0.001600318 0.128339360 -0.001355379 0.991729384 1.189110639 -0.035072272 -0.614065156
0.000000000 0.582741141 1.035984397 0.500000000 0.500000000 0.000000000 0.000000000 0.991702789 0.002020463 -0.128535971 -0.001819526 0.999996932 0.001680680 0.128538973 -0.001432860 0.991703423 1.191804314 -0.035688270 -0.614589463
0.000000000 0.582741141 1.035984397 0.500000000 0.500000000 0.000000000 0.000000000 0.991676871 0.002045084 -0.128735395 -0.001833630 0.999996768 0.001761048 0.128738581 -0.001510337 0.991677416 1.194498319 -0.036304518 -0.615112609
0.000000000 0.582741141 1.035984397 0.500000000 0.500000000 0.000000000 0.000000000 0.991650912 0.002069737 -0.128934810 -0.001847733 0.999996598 0.001841421 0.128938183 -0.001587810 0.991651362 1.197192455 -0.036921011 -0.615634621
0.000000000 0.582741141 1.035984397 0.500000000 0.500000000 0.000000000 0.000000000 0.991624913 0.002094420 -0.129134217 -0.001861835 0.999996420 0.001921801 0.129137780 -0.001665279 0.991625262 1.199886920 -0.037537753 -0.616155482
0.000000000 0.582741141 1.035984397 0.500000000 0.500000000 0.000000000 0.000000000 0.991598873 0.002119134 -0.129333616 -0.001875936 0.999996236 0.002002185 0.129337372 -0.001742743 0.991599116 1.202581514 -0.038154743 -0.616675198
0.000000000 0.582741141 1.035984397 0.500000000 0.500000000 0.000000000 0.000000000 0.991572793 0.002143880 -0.129533006 -0.001890037 0.999996045 0.002082576 0.129536959 -0.001820204 0.991572924 1.205276435 -0.038771980 -0.617193753
0.000000000 0.582741141 1.035984397 0.500000000 0.500000000 0.000000000 0.000000000 0.991546673 0.002168657 -0.129732388 -0.001904136 0.999995848 0.002162972 0.129736541 -0.001897660 0.991546685 1.207971585 -0.039389464 -0.617711160
0.000000000 0.582741141 1.035984397 0.500000000 0.500000000 0.000000000 0.000000000 0.991520512 0.002193465 -0.129931762 -0.001918235 0.999995644 0.002243374 0.129936117 -0.001975112 0.991520400 1.210666865 -0.040007196 -0.618227441
0.000000000 0.582741141 1.035984397 0.500000000 0.500000000 0.000000000 0.000000000 0.991495281 0.002168014 -0.130124588 -0.001893894 0.999995719 0.002230311 0.130128866 -0.001964901 0.991495142 1.213551279 -0.039872516 -0.618796447
0.000000000 0.582741141 1.035984397 0.500000000 0.500000000 0.000000000 0.000000000 0.991470010 0.002142560 -0.130317418 -0.001869553 0.999995794 0.002217238 0.130321621 -0.001954690 0.991469845 1.216435962 -0.039737671 -0.619364352
0.000000000 0.582741141 1.035984397 0.500000000 0.500000000 0.000000000 0.000000000 0.991444702 0.002117102 -0.130510233 -0.001845214 0.999995868 0.002204156 0.130514360 -0.001944480 0.991444512 1.219320897 -0.039602662 -0.619931158
0.000000000 0.582741141 1.035984397 0.500000000 0.500000000 0.000000000 0.000000000 0.991419355 0.002091640 -0.130703053 -0.001820876 0.999995942 0.002191065 0.130707105 -0.001934270 0.991419140 1.222206099 -0.039467488 -0.620496853
0.000000000 0.582741141 1.035984397 0.500000000 0.500000000 0.000000000 0.000000000 0.991393970 0.002066173 -0.130895866 -0.001796540 0.999996014 0.002177964 0.130899845 -0.001924061 0.991393730 1.225091562 -0.039332149 -0.621061457
0.000000000 0.582741141 1.035984397 0.500000000 0.500000000 0.000000000 0.000000000 0.991368548 0.002040703 -0.131088665 -0.001772204 0.999996086 0.002164854 0.131092570 -0.001913852 0.991368284 1.227977276 -0.039196647 -0.621624963
0.000000000 0.582741141 1.035984397 0.500000000 0.500000000 0.000000000 0.000000000 0.991343086 0.002015229 -0.131281468 -0.001747870 0.999996157 0.002151734 0.131285299 -0.001903644 0.991342800 1.230863258 -0.039060978 -0.622187367
0.000000000 0.582741141 1.035984397 0.500000000 0.500000000 0.000000000 0.000000000 0.991317588 0.001989751 -0.131474255 -0.001723537 0.999996228 0.002138604 0.131478014 -0.001893436 0.991317279 1.233749491 -0.038925147 -0.622748673
0.000000000 0.582741141 1.035984397 0.500000000 0.500000000 0.000000000 0.000000000 0.991292051 0.001964269 -0.131667047 -0.001699205 0.999996298 0.002125466 0.131670734 -0.001883228 0.991291719 1.236635890 -0.038789149 -0.623308889
0.000000000 0.582741141 1.035984397 0.500000000 0.500000000 0.000000000 0.000000000 0.991266477 0.001938783 -0.131859823 -0.001674874 0.999996366 0.002112317 0.131863439 -0.001873021 0.991266122 1.239522640 -0.038652988 -0.623867994
0.000000000 0.582741141 1.035984397 0.500000000 0.500000000 0.000000000 0.000000000 0.991240863 0.001913293 -0.132052603 -0.001650544 0.999996435 0.002099160 0.132056149 -0.001862814 0.991240487 1.242409655 -0.038516661 -0.624425995
0.000000000 0.582741141 1.035984397 0.500000000 0.500000000 0.000000000 0.000000000 0.991219404 0.001902149 -0.132213744 -0.001645756 0.999996548 0.002048482 0.132217184 -0.001812904 0.991219113 1.245344912 -0.038139323 -0.625163892
0.000000000 0.582741141 1.035984397 0.500000000 0.500000000 0.000000000 0.000000000 0.991197919 0.001890989 -0.132374881 -0.001640968 0.999996658 0.001997803 0.132378216 -0.001762995 0.991197710 1.248280334 -0.037761827 -0.625900829
0.000000000 0.582741141 1.035984397 0.500000000 0.500000000 0.000000000 0.000000000 0.991176408 0.001879813 -0.132536013 -0.001636180 0.999996766 0.001947122 0.132539245 -0.001713089 0.991176278 1.251216022 -0.037384171 -0.626636804
0.000000000 0.582741141 1.035984397 0.500000000 0.500000000 0.000000000 0.000000000 0.991154870 0.001868620 -0.132697141 -0.001631392 0.999996871 0.001896440 0.132700270 -0.001663184 0.991154817 1.254151972 -0.037006357 -0.627371796
0.000000000 0.582741141 1.035984397 0.500000000 0.500000000 0.000000000 0.000000000 0.991133307 0.001857412 -0.132858265 -0.001626605 0.999996974 0.001845756 0.132861291 -0.001613282 0.991133328 1.257088286 -0.036628383 -0.628105812
0.000000000 0.582741141 1.035984397 0.500000000 0.500000000 0.000000000 0.000000000 0.991111717 0.001846187 -0.133019385 -0.001621817 0.999997074 0.001795070 0.133022309 -0.001563382 0.991111811 1.260024763 -0.036250250 -0.628838859
0.000000000 0.582741141 1.035984397 0.500000000 0.500000000 0.000000000 0.000000000 0.991090101 0.001834946 -0.133180500 -0.001617030 0.999997171 0.001744383 0.133183324 -0.001513484 0.991090264 1.262961505 -0.035871959 -0.629570942
0.000000000 0.582741141 1.035984397 0.500000000 0.500000000 0.000000000 0.000000000 0.991068457 0.001823688 -0.133341620 -0.001612243 0.999997266 0.001693695 0.133344345 -0.001463588 0.991068688 1.265898514 -0.035493508 -0.630302030
0.000000000 0.582741141 1.035984397 0.500000000 0.500000000 0.000000000 0.000000000 0.991046789 0.001812415 -0.133502727 -0.001607456 0.999997358 0.001643004 0.133505352 -0.001413695 0.991047084 1.268835880 -0.035114898 -0.631032154
0.000000000 0.582741141 1.035984397 0.500000000 0.500000000 0.000000000 0.000000000 0.991025094 0.001801125 -0.133663829 -0.001602669 0.999997448 0.001592313 0.133666356 -0.001363803 0.991025451 1.271773408 -0.034736129 -0.631761308
0.000000000 0.582741141 1.035984397 0.500000000 0.500000000 0.000000000 0.000000000 0.991003373 0.001789819 -0.133824927 -0.001597883 0.999997535 0.001541620 0.133827356 -0.001313914 0.991003790 1.274711200 -0.034357201 -0.632489499
0.000000000 0.582741141 1.035984397 0.500000000 0.500000000 0.000000000 0.000000000 0.990989278 0.001802652 -0.133929091 -0.001600496 0.999997412 0.001617070 0.133931659 -0.001388146 0.990989598 1.277411640 -0.035044720 -0.633518083
0.000000000 0.582741141 1.035984397 0.500000000 0.500000000 0.000000000 0.000000000 0.990975172 0.001815501 -0.134033251 -0.001603109 0.999997283 0.001692522 0.134035960 -0.001462377 0.990975390 1.280112195 -0.035732479 -0.634546023
0.000000000 0.582741141 1.035984397 0.500000000 0.500000000 0.000000000 0.000000000 0.990961055 0.001828365 -0.134137410 -0.001605723 0.999997148 0.001767974 0.134140259 -0.001536605 0.990961165 1.282813062 -0.036420480 -0.635573291
0.000000000 0.582741141 1.035984397 0.500000000 0.500000000 0.000000000 0.000000000 0.990946926 0.001841245 -0.134241575 -0.001608336 0.999997008 0.001843426 0.134244567 -0.001610832 0.990946922 1.285514148 -0.037108720 -0.636599888
0.000000000 0.582741141 1.035984397 0.500000000 0.500000000 0.000000000 0.000000000 0.990932787 0.001854141 -0.134345728 -0.001610949 0.999996861 0.001918879 0.134348864 -0.001685056 0.990932663 1.288215442 -0.037797201 -0.637625839
0.000000000 0.582741141 1.035984397 0.500000000 0.500000000 0.000000000 0.000000000 0.990918637 0.001867052 -0.134449878 -0.001613561 0.999996710 0.001994332 0.134453159 -0.001759278 0.990918389 1.290916850 -0.038485922 -0.638651145
0.000000000 0.582741141 1.035984397 0.500000000 0.500000000 0.000000000 0.000000000 0.990904476 0.001879979 -0.134554025 -0.001616174 0.999996552 0.002069786 0.134557453 -0.001833498 0.990904097 1.293618569 -0.039174884 -0.639675779
0.000000000 0.582741141 1.035984397 0.500000000 0.500000000 0.000000000 0.000000000 0.990890302 0.001892921 -0.134658180 -0.001618787 0.999996389 0.002145241 0.134661755 -0.001907716 0.990889788 1.296320508 -0.039864086 -0.640699742
0.000000000 0.582741141 1.035984397 0.500000000 0.500000000 0.000000000 0.000000000 0.990876119 0.001905879 -0.134762322 -0.001621399 0.999996220 0.002220696 0.134766045 -0.001981931 0.990875464 1.299022554 -0.040553529 -0.641723072
0.000000000 0.582741141 1.035984397 0.500000000 0.500000000 0.000000000 0.000000000 0.990861926 0.001918853 -0.134866462 -0.001624012 0.999996045 0.002296152 0.134870334 -0.002056145 0.990861123 1.301724911 -0.041243211 -0.642745731
0.000000000 0.582741141 1.035984397 0.500000000 0.500000000 0.000000000 0.000000000 0.990847721 0.001931842 -0.134970599 -0.001626624 0.999995865 0.002371608 0.134974622 -0.002130356 0.990846766 1.304427483 -0.041933134 -0.643767740
0.000000000 0.582741141 1.035984397 0.500000000 0.500000000 0.000000000 0.000000000 0.990835681 0.001947688 -0.135058724 -0.001641967 0.999995832 0.002374964 0.135062787 -0.002131437 0.990834749 1.306988471 -0.042011953 -0.644692708
0.000000000 0.582741141 1.035984397 0.500000000 0.500000000 0.000000000 0.000000000 0.990823635 0.001963533 -0.135146839 -0.001657310 0.999995798 0.002378323 0.135150941 -0.002132519 0.990822727 1.309549625 -0.042090855 -0.645617238
0.000000000 0.582741141 1.035984397 0.500000000 0.500000000 0.000000000 0.000000000 0.990811580 0.001979379 -0.135234963 -0.001672652 0.999995765 0.002381685 0.135239104 -0.002133600 0.990810695 1.312110958 -0.042169840 -0.646541303
0.000000000 0.582741141 1.035984397 0.500000000 0.500000000 0.000000000 0.000000000 0.990799518 0.001995225 -0.135323076 -0.001687994 0.999995731 0.002385049 0.135327257 -0.002134681 0.990798656 1.314672557 -0.042248906 -0.647464918
0.000000000 0.582741141 1.035984397 0.500000000 0.500000000 0.000000000 0.000000000 0.990787446 0.002011071 -0.135411197 -0.001703336 0.999995697 0.002388416 0.135415418 -0.002135762 0.990786608 1.317234235 -0.042328057 -0.648388082
0.000000000 0.582741141 1.035984397 0.500000000 0.500000000 0.000000000 0.000000000 0.990775368 0.002026917 -0.135499307 -0.001718677 0.999995663 0.002391786 0.135503567 -0.002136843 0.990774554 1.319796080 -0.042407290 -0.649310808
0.000000000 0.582741141 1.035984397 0.500000000 0.500000000 0.000000000 0.000000000 0.990763280 0.002042763 -0.135587426 -0.001734018 0.999995628 0.002395159 0.135591726 -0.002137924 0.990762491 1.322358103 -0.042486606 -0.650233070
0.000000000 0.582741141 1.035984397 0.500000000 0.500000000 0.000000000 0.000000000 0.990751185 0.002058610 -0.135675534 -0.001749358 0.999995593 0.002398534 0.135679874 -0.002139005 0.990750421 1.324920392 -0.042566005 -0.651154881
0.000000000 0.582741141 1.035984397 0.500000000 0.500000000 0.000000000 0.000000000 0.990739082 0.002074457 -0.135763651 -0.001764698 0.999995558 0.002401912 0.135768031 -0.002140086 0.990738342 1.327482760 -0.042645486 -0.652076240
0.000000000 0.582741141 1.035984397 0.500000000 0.500000000 0.000000000 0.000000000 0.990726971 0.002090304 -0.135851757 -0.001780038 0.999995523 0.002405293 0.135856176 -0.002141167 0.990726256 1.330045294 -0.042725050 -0.652997162
0.000000000 0.582741141 1.035984397 0.500000000 0.500000000 0.000000000 0.000000000 0.990714851 0.002106151 -0.135939871 -0.001795377 0.999995487 0.002408676 0.135944331 -0.002142248 0.990714161 1.332608007 -0.042804698 -0.653917620
0.000000000 0.582741141 1.035984397 0.500000000 0.500000000 0.000000000 0.000000000 0.990701177 0.002085315 -0.136039810 -0.001779459 0.999995609 0.002369849 0.136044155 -0.002105734 0.990700537 1.335484040 -0.042440869 -0.654789113
0.000000000 0.582741141 1.035984397 0.500000000 0.500000000 0.000000000 0.000000000 0.990687492 0.002064471 -0.136139747 -0.001763541 0.999995728 0.002331018 0.136143977 -0.002069222 0.990686901 1.338360246 -0.042076847 -0.655660000
0.000000000 0.582741141 1.035984397 0.500000000 0.500000000 0.000000000 0.000000000 0.990673798 0.002043621 -0.136239680 -0.001747624 0.999995846 0.002292184 0.136243798 -0.002032711 0.990673254 1.341236628 -0.041712633 -0.656530300
0.000000000 0.582741141 1.035984397 0.500000000 0.500000000 0.000000000 0.000000000 0.990660091 0.002022762 -0.136339621 -0.001731708 0.999995962 0.002253346 0.136343628 -0.001996200 0.990659594 1.344113190 -0.041348224 -0.657399979
0.000000000 0.582741141 1.035984397 0.500000000 0.500000000 0.000000000 0.000000000 0.990646376 0.002001897 -0.136439549 -0.001715791 0.999996076 0.002214506 0.136443446 -0.001959690 0.990645923 1.346989921 -0.040983623 -0.658269084
