0.000000000 1.605968714 2.855054856 0.500000000 0.500000000 0.000000000 0.000000000 0.999991056 0.004029595 -0.001284915 -0.004029224 0.999991840 0.000291018 0.001286077 -0.000285838 0.999999132 -0.008518831 -0.079204176 -1.186152326
0.000000000 1.605968714 2.855054856 0.500000000 0.500000000 0.000000000 0.000000000 0.999990205 0.004230099 -0.001302304 -0.004229715 0.999991011 0.000297065 0.001303549 -0.000291553 0.999999108 -0.008524471 -0.079707398 -1.193443788
0.000000000 1.605968714 2.855054856 0.500000000 0.500000000 0.000000000 0.000000000 0.999989314 0.004430603 -0.001319691 -0.004430207 0.999990141 0.000303118 0.001321021 -0.000297269 0.999999083 -0.008530059 -0.080210704 -1.200735344
0.000000000 1.605968714 2.855054856 0.500000000 0.500000000 0.000000000 0.000000000 0.999988382 0.004631108 -0.001337075 -0.004630698 0.999989230 0.000309179 0.001338492 -0.000302984 0.999999058 -0.008535594 -0.080714096 -1.208026895
0.000000000 1.605968714 2.855054856 0.500000000 0.500000000 0.000000000 0.000000000 0.999987518 0.004806287 -0.001364903 -0.004805857 0.999988401 0.000318374 0.001366417 -0.000311811 0.999999018 -0.008499765 -0.081261141 -1.215391124
0.000000000 1.605968714 2.855054856 0.500000000 0.500000000 0.000000000 0.000000000 0.999986623 0.004981467 -0.001392728 -0.004981015 0.999987541 0.000327579 0.001394342 -0.000320638 0.999998976 -0.008463716 -0.081808335 -1.222755340
0.000000000 1.605968714 2.855054856 0.500000000 0.500000000 0.000000000 0.000000000 0.999985695 0.005156647 -0.001420550 -0.005156173 0.999986650 0.000336794 0.001422267 -0.000329464 0.999998934 -0.008427449 -0.082355674 -1.230119546
0.000000000 1.605968714 2.855054856 0.500000000 0.500000000 0.000000000 0.000000000 0.999984737 0.005331827 -0.001448368 -0.005331331 0.999985728 0.000346018 0.001450192 -0.000338291 0.999998891 -0.008390963 -0.082903162 -1.237483739
0.000000000 1.605968714 2.855054856 0.500000000 0.500000000 0.000000000 0.000000000 0.999983747 0.005507007 -0.001476183 -0.005506489 0.999984776 0.000355252 0.001478117 -0.000347118 0.999998847 -0.008354259 -0.083450797 -1.244847921
0.000000000 1.605968714 2.855054856 0.500000000 0.500000000 0.000000000 0.000000000 0.999982725 0.005682188 -0.001503995 -0.005681646 0.999983793 0.000364496 0.001506042 -0.000355944 0.999998803 -0.008317336 -0.083998579 -1.252212092
0.000000000 1.605968714 2.855054856 0.500000000 0.500000000 0.000000000 0.000000000 0.999981672 0.005857370 -0.001531804 -0.005856804 0.999982779 0.000373749 0.001533967 -0.000364771 0.999998757 -0.008280195 -0.084546511 -1.259576250
0.000000000 1.605968714 2.855054856 0.500000000 0.500000000 0.000000000 0.000000000 0.999980588 0.006032551 -0.001559610 -0.006031961 0.999981734 0.000383013 0.001561892 -0.000373598 0.999998710 -0.008242836 -0.085094589 -1.266940397
0.000000000 1.605968714 2.855054856 0.500000000 0.500000000 0.000000000 0.000000000 0.999979472 0.006207733 -0.001587413 -0.006207118 0.999980659 0.000392286 0.001589817 -0.000382424 0.999998663 -0.008205259 -0.085642816 -1.274304532
0.000000000 1.605968714 2.855054856 0.500000000 0.500000000 0.000000000 0.000000000 0.999978325 0.006382915 -0.001615212 -0.006382275 0.999979552 0.000401568 0.001617742 -0.000391251 0.999998615 -0.008167463 -0.086191191 -1.281668656
0.000000000 1.605968714 2.855054856 0.500000000 0.500000000 0.000000000 0.000000000 0.999977146 0.006558098 -0.001643008 -0.006557431 0.999978415 0.000410861 0.001645667 -0.000400078 0.999998566 -0.008129450 -0.086739715 -1.289032767
0.000000000 1.605968714 2.855054856 0.500000000 0.500000000 0.000000000 0.000000000 0.999976320 0.006672040 -0.001686501 -0.006671346 0.999977660 0.000416305 0.001689240 -0.000405043 0.999998491 -0.008018066 -0.087243467 -1.296049958
0.000000000 1.605968714 2.855054856 0.500000000 0.500000000 0.000000000 0.000000000 0.999975478 0.006785982 -0.001729992 -0.006785262 0.999976891 0.000421758 0.001732814 -0.000410009 0.999998415 -0.007906187 -0.087747318 -1.303067135
0.000000000 1.605968714 2.855054856 0.500000000 0.500000000 0.000000000 0.000000000 0.999974623 0.006899924 -0.001773482 -0.006899177 0.999976109 0.000427221 0.001776387 -0.000414975 0.999998336 -0.007793811 -0.088251270 -1.310084299
0.000000000 1.605968714 2.855054856 0.500000000 0.500000000 0.000000000 0.000000000 0.999973752 0.007013867 -0.001816970 -0.007013092 0.999975314 0.000432695 0.001819960 -0.000419941 0.999998256 -0.007680939 -0.088755323 -1.317101549
0.000000000 1.605968714 2.855054856 0.500000000 0.500000000 0.000000000 0.000000000 0.999972866 0.007127810 -0.001860458 -0.007127006 0.999974507 0.000438178 0.001863534 -0.000424907 0.999998173 -0.007567571 -0.089259477 -1.324118686
0.000000000 1.605968714 2.855054856 0.500000000 0.500000000 0.000000000 0.000000000 0.999971966 0.007241753 -0.001903944 -0.007240921 0.999973686 0.000443671 0.001907107 -0.000429873 0.999998089 -0.007453707 -0.089763732 -1.331135810
0.000000000 1.605968714 2.855054856 0.500000000 0.500000000 0.000000000 0.000000000 0.999971050 0.007355697 -0.001947429 -0.007354836 0.999972852 0.000449174 0.001950680 -0.000434838 0.999998003 -0.007339348 -0.090268088 -1.338152919
0.000000000 1.605968714 2.855054856 0.500000000 0.500000000 0.000000000 0.000000000 0.999970120 0.007469641 -0.001990913 -0.007468750 0.999972005 0.000454687 0.001994254 -0.000439804 0.999997915 -0.007224492 -0.090772545 -1.345170015
0.000000000 1.605968714 2.855054856 0.500000000 0.500000000 0.000000000 0.000000000 0.999969175 0.007583586 -0.002034396 -0.007582665 0.999971145 0.000460210 0.002037827 -0.000444770 0.999997825 -0.007109140 -0.091277105 -1.352187098
0.000000000 1.605968714 2.855054856 0.500000000 0.500000000 0.000000000 0.000000000 0.999968215 0.007697531 -0.002077877 -0.007696579 0.999970272 0.000465743 0.002081400 -0.000449736 0.999997733 -0.006993293 -0.091781766 -1.359204166
0.000000000 1.605968714 2.855054856 0.500000000 0.500000000 0.000000000 0.000000000 0.999967240 0.007811476 -0.002121357 -0.007810493 0.999969387 0.000471286 0.002124974 -0.000454702 0.999997639 -0.006876950 -0.092286529 -1.366221221
0.000000000 1.605968714 2.855054856 0.500000000 0.500000000 0.000000000 0.000000000 0.999967289 0.007796004 -0.002154767 -0.007795008 0.999969508 0.000470442 0.002158369 -0.000453631 0.999997568 -0.006858525 -0.092763156 -1.373222379
0.000000000 1.605968714 2.855054856 0.500000000 0.500000000 0.000000000 0.000000000 0.999967337 0.007780532 -0.002188177 -0.007779523 0.999969629 0.000469598 0.002191764 -0.000452560 0.999997496 -0.006839618 -0.093239771 -1.380223438
0.000000000 1.605968714 2.855054856 0.500000000 0.500000000 0.000000000 0.000000000 0.999967384 0.007765060 -0.002221586 -0.007764037 0.999969750 0.000468752 0.002225159 -0.000451489 0.999997422 -0.006820229 -0.093716374 -1.387224498
0.000000000 1.605968714 2.855054856 0.500000000 0.500000000 0.000000000 0.000000000 0.999967429 0.007749588 -0.002254996 -0.007748552 0.999969870 0.000467906 0.002258554 -0.000450418 0.999997348 -0.006800357 -0.094192966 -1.394225559
0.000000000 1.605968714 2.855054856 0.500000000 0.500000000 0.000000000 0.000000000 0.999967473 0.007734116 -0.002288406 -0.007733067 0.999969990 0.000467058 0.002291949 -0.000449347 0.999997273 -0.006780002 -0.094669545 -1.401226721
0.000000000 1.605968714 2.855054856 0.500000000 0.500000000 0.000000000 0.000000000 0.999967515 0.007718644 -0.002321815 -0.007717582 0.999970110 0.000466209 0.002325344 -0.000448276 0.999997196 -0.006759165 -0.095146112 -1.408227784
0.000000000 1.605968714 2.855054856 0.500000000 0.500000000 0.000000000 0.000000000 0.999967557 0.007703172 -0.002355225 -0.007702097 0.999970230 0.000465360 0.002358739 -0.000447205 0.999997118 -0.006737846 -0.095622667 -1.415228849
0.000000000 1.605968714 2.855054856 0.500000000 0.500000000 0.000000000 0.000000000 0.999967596 0.007687700 -0.002388634 -0.007686611 0.999970350 0.000464509 0.002392135 -0.000446134 0.999997039 -0.006716044 -0.096099210 -1.422229914
0.000000000 1.605968714 2.855054856 0.500000000 0.500000000 0.000000000 0.000000000 0.999967635 0.007672227 -0.002422044 -0.007671126 0.999970469 0.000463657 0.002425530 -0.000445063 0.999996959 -0.006693760 -0.096575741 -1.429230980
0.000000000 1.605968714 2.855054856 0.500000000 0.500000000 0.000000000 0.000000000 0.999967672 0.007656755 -0.002455453 -0.007655641 0.999970588 0.000462805 0.002458925 -0.000443992 0.999996878 -0.006670993 -0.097052260 -1.436232148
0.000000000 1.605968714 2.855054856 0.500000000 0.500000000 0.000000000 0.000000000 0.999967708 0.007641283 -0.002488863 -0.007640156 0.999970707 0.000461951 0.002492320 -0.000442921 0.999996796 -0.006647744 -0.097528767 -1.443233216
0.000000000 1.605968714 2.855054856 0.500000000 0.500000000 0.000000000 0.000000000 0.999968976 0.007466114 -0.002510807 -0.007464989 0.999972032 0.000456848 0.002514148 -0.000438091 0.999996744 -0.006539737 -0.097927353 -1.450220805
0.000000000 1.605968714 2.855054856 0.500000000 0.500000000 0.000000000 0.000000000 0.999970213 0.007290944 -0.002532750 -0.007289823 0.999973327 0.000451738 0.002535976 -0.000433261 0.999996691 -0.006431285 -0.098325837 -1.457208494
0.000000000 1.605968714 2.855054856 0.500000000 0.500000000 0.000000000 0.000000000 0.999971419 0.007115774 -0.002554691 -0.007114656 0.999974591 0.000446620 0.002557805 -0.000428431 0.999996637 -0.006322388 -0.098724222 -1.464196184
0.000000000 1.605968714 2.855054856 0.500000000 0.500000000 0.000000000 0.000000000 0.999972594 0.006940604 -0.002576631 -0.006939489 0.999975824 0.000441494 0.002579633 -0.000423602 0.999996583 -0.006213046 -0.099122506 -1.471183774
0.000000000 1.605968714 2.855054856 0.500000000 0.500000000 0.000000000 0.000000000 0.999973738 0.006765433 -0.002598569 -0.006764322 0.999977027 0.000436361 0.002601461 -0.000418772 0.999996529 -0.006103259 -0.099520689 -1.478171464
0.000000000 1.605968714 2.855054856 0.500000000 0.500000000 0.000000000 0.000000000 0.999974850 0.006590262 -0.002620505 -0.006589154 0.999978198 0.000431220 0.002623289 -0.000413942 0.999996473 -0.005993027 -0.099918772 -1.485159055
0.000000000 1.605968714 2.855054856 0.500000000 0.500000000 0.000000000 0.000000000 0.999975932 0.006415091 -0.002642439 -0.006413987 0.999979339 0.000426072 0.002645118 -0.000409113 0.999996418 -0.005882351 -0.100316753 -1.492146747
0.000000000 1.605968714 2.855054856 0.500000000 0.500000000 0.000000000 0.000000000 0.999976982 0.006239919 -0.002664372 -0.006238819 0.999980450 0.000420915 0.002666946 -0.000404283 0.999996362 -0.005771229 -0.100714632 -1.499134338
0.000000000 1.605968714 2.855054856 0.500000000 0.500000000 0.000000000 0.000000000 0.999978001 0.006064746 -0.002686303 -0.006063651 0.999981529 0.000415751 0.002688774 -0.000399453 0.999996305 -0.005659663 -0.101112409 -1.506122030
0.000000000 1.605968714 2.855054856 0.500000000 0.500000000 0.000000000 0.000000000 0.999978989 0.005889574 -0.002708232 -0.005888483 0.999982578 0.000410580 0.002710603 -0.000394624 0.999996248 -0.005547653 -0.101510084 -1.513109623
0.000000000 1.605968714 2.855054856 0.500000000 0.500000000 0.000000000 0.000000000 0.999979946 0.005714400 -0.002730159 -0.005713314 0.999983597 0.000405401 0.002732431 -0.000389794 0.999996191 -0.005435198 -0.101907668 -1.520097316
0.000000000 1.605968714 2.855054856 0.500000000 0.500000000 0.000000000 0.000000000 0.999981625 0.005408955 -0.002737139 -0.005407868 0.999985296 0.000404538 0.002739287 -0.000389728 0.999996172 -0.005358257 -0.102403951 -1.526905485
0.000000000 1.605968714 2.855054856 0.500000000 0.500000000 0.000000000 0.000000000 0.999983212 0.005103509 -0.002744118 -0.005102420 0.999986901 0.000403670 0.002746142 -0.000389662 0.999996153 -0.005280921 -0.102900207 -1.533713653
0.000000000 1.605968714 2.855054856 0.500000000 0.500000000 0.000000000 0.000000000 0.999984705 0.004798062 -0.002751097 -0.004796972 0.999988413 0.000402799 0.002752998 -0.000389596 0.999996135 -0.005203188 -0.103396414 -1.540521721
0.000000000 1.605968714 2.855054856 0.500000000 0.500000000 0.000000000 0.000000000 0.999986105 0.004492615 -0.002758076 -0.004491524 0.999989832 0.000401924 0.002759853 -0.000389530 0.999996116 -0.005125060 -0.103892593 -1.547329889
0.000000000 1.605968714 2.855054856 0.500000000 0.500000000 0.000000000 0.000000000 0.999987411 0.004187168 -0.002765054 -0.004186075 0.999991158 0.000401044 0.002766709 -0.000389464 0.999996097 -0.005046535 -0.104388723 -1.554138056
0.000000000 1.605968714 2.855054856 0.500000000 0.500000000 0.000000000 0.000000000 0.999988624 0.003881720 -0.002772032 -0.003880626 0.999992390 0.000400160 0.002773565 -0.000389398 0.999996078 -0.004967615 -0.104884824 -1.560946222
0.000000000 1.605968714 2.855054856 0.500000000 0.500000000 0.000000000 0.000000000 0.999989744 0.003576272 -0.002779010 -0.003575176 0.999993529 0.000399271 0.002780420 -0.000389332 0.999996059 -0.004888299 -0.105380877 -1.567754288
0.000000000 1.605968714 2.855054856 0.500000000 0.500000000 0.000000000 0.000000000 0.999990770 0.003270824 -0.002785988 -0.003269726 0.999994575 0.000398379 0.002787276 -0.000389266 0.999996040 -0.004808586 -0.105876900 -1.574562453
0.000000000 1.605968714 2.855054856 0.500000000 0.500000000 0.000000000 0.000000000 0.999991703 0.002965375 -0.002792965 -0.002964276 0.999995528 0.000397482 0.002794132 -0.000389200 0.999996021 -0.004728478 -0.106372873 -1.581370618
0.000000000 1.605968714 2.855054856 0.500000000 0.500000000 0.000000000 0.000000000 0.999992543 0.002659926 -0.002799942 -0.002658826 0.999996387 0.000396581 0.002800987 -0.000389134 0.999996002 -0.004647974 -0.106868817 -1.588178782
0.000000000 1.605968714 2.855054856 0.500000000 0.500000000 0.000000000 0.000000000 0.999993289 0.002354477 -0.002806919 -0.002353375 0.999997153 0.000395676 0.002807843 -0.000389068 0.999995982 -0.004567074 -0.107364711 -1.594986946
0.000000000 1.605968714 2.855054856 0.500000000 0.500000000 0.000000000 0.000000000 0.999993914 0.002087919 -0.002795192 -0.002086812 0.999997743 0.000398889 0.002796019 -0.000393054 0.999996014 -0.004467300 -0.107902705 -1.601966831
0.000000000 1.605968714 2.855054856 0.500000000 0.500000000 0.000000000 0.000000000 0.999994467 0.001821361 -0.002783468 -0.001820248 0.999998263 0.000402109 0.002784195 -0.000397040 0.999996045 -0.004367404 -0.108440710 -1.608946714
0.000000000 1.605968714 2.855054856 0.500000000 0.500000000 0.000000000 0.000000000 0.999994950 0.001554802 -0.002771745 -0.001553685 0.999998711 0.000405335 0.002772371 -0.000401026 0.999996077 -0.004267387 -0.108978724 -1.615926695
0.000000000 1.605968714 2.855054856 0.500000000 0.500000000 0.000000000 0.000000000 0.999995361 0.001288244 -0.002760024 -0.001287121 0.999999088 0.000408567 0.002760547 -0.000405012 0.999996108 -0.004167248 -0.109516748 -1.622906574
0.000000000 1.605968714 2.855054856 0.500000000 0.500000000 0.000000000 0.000000000 0.999995701 0.001021685 -0.002748304 -0.001020557 0.999999394 0.000411805 0.002748724 -0.000408998 0.999996139 -0.004066988 -0.110054782 -1.629886550
0.000000000 1.605968714 2.855054856 0.500000000 0.500000000 0.000000000 0.000000000 0.999995970 0.000755126 -0.002736587 -0.000753993 0.999999630 0.000415049 0.002736900 -0.000412984 0.999996169 -0.003966607 -0.110592826 -1.636866424
0.000000000 1.605968714 2.855054856 0.500000000 0.500000000 0.000000000 0.000000000 0.999996168 0.000488567 -0.002724872 -0.000487429 0.999999794 0.000418300 0.002725076 -0.000416970 0.999996200 -0.003866104 -0.111130879 -1.643846395
0.000000000 1.605968714 2.855054856 0.500000000 0.500000000 0.000000000 0.000000000 0.999996295 0.000222008 -0.002713159 -0.000220865 0.999999887 0.000421557 0.002713252 -0.000420956 0.999996231 -0.003765480 -0.111668943 -1.650826264
0.000000000 1.605968714 2.855054856 0.500000000 0.500000000 0.000000000 0.000000000 0.999996350 -0.000044552 -0.002701447 0.000045699 0.999999909 0.000424821 0.002701428 -0.000424943 0.999996261 -0.003664734 -0.112207016 -1.657806131
0.000000000 1.605968714 2.855054856 0.500000000 0.500000000 0.000000000 0.000000000 0.999996334 -0.000311111 -0.002689738 0.000312263 0.999999860 0.000428090 0.002689604 -0.000428929 0.999996291 -0.003563867 -0.112745099 -1.664786095
0.000000000 1.605968714 2.855054856 0.500000000 0.500000000 0.000000000 0.000000000 0.999996247 -0.000577670 -0.002678030 0.000578828 0.999999739 0.000431366 0.002677780 -0.000432915 0.999996321 -0.003462878 -0.113283192 -1.671765958
0.000000000 1.605968714 2.855054856 0.500000000 0.500000000 0.000000000 0.000000000 0.999996198 -0.000739928 -0.002656383 0.000741088 0.999999630 0.000435801 0.002656059 -0.000437767 0.999996377 -0.003508099 -0.113810736 -1.678672902
0.000000000 1.605968714 2.855054856 0.500000000 0.500000000 0.000000000 0.000000000 0.999996122 -0.000902186 -0.002634737 0.000903349 0.999999495 0.000440242 0.002634339 -0.000442620 0.999996432 -0.003553448 -0.114338365 -1.685579940
0.000000000 1.605968714 2.855054856 0.500000000 0.500000000 0.000000000 0.000000000 0.999996019 -0.001064444 -0.002613093 0.001065609 0.999999333 0.000444690 0.002612618 -0.000447473 0.999996487 -0.003598927 -0.114866080 -1.692486870
0.000000000 1.605968714 2.855054856 0.500000000 0.500000000 0.000000000 0.000000000 0.999995890 -0.001226702 -0.002591450 0.001227870 0.999999145 0.000449146 0.002590897 -0.000452326 0.999996541 -0.003644535 -0.115393889 -1.699393794
0.000000000 1.605968714 2.855054856 0.500000000 0.500000000 0.000000000 0.000000000 0.999995733 -0.001388961 -0.002569809 0.001390131 0.999998931 0.000453608 0.002569176 -0.000457178 0.999996595 -0.003690271 -0.115921774 -1.706300710
0.000000000 1.605968714 2.855054856 0.500000000 0.500000000 0.000000000 0.000000000 0.999995550 -0.001551219 -0.002548169 0.001552391 0.999998690 0.000458078 0.002547455 -0.000462031 0.999996648 -0.003736136 -0.116449744 -1.713207719
0.000000000 1.605968714 2.855054856 0.500000000 0.500000000 0.000000000 0.000000000 0.999995340 -0.001713478 -0.002526531 0.001714652 0.999998423 0.000462554 0.002525734 -0.000466884 0.999996701 -0.003782130 -0.116977799 -1.720114621
0.000000000 1.605968714 2.855054856 0.500000000 0.500000000 0.000000000 0.000000000 0.999995104 -0.001875737 -0.002504894 0.001876912 0.999998130 0.000467038 0.002504013 -0.000471737 0.999996754 -0.003828252 -0.117505940 -1.727021516
0.000000000 1.605968714 2.855054856 0.500000000 0.500000000 0.000000000 0.000000000 0.999994840 -0.002037996 -0.002483259 0.002039173 0.999997810 0.000471528 0.002482292 -0.000476590 0.999996806 -0.003874503 -0.118034177 -1.733928404
0.000000000 1.605968714 2.855054856 0.500000000 0.500000000 0.000000000 0.000000000 0.999994550 -0.002200255 -0.002461625 0.002201433 0.999997464 0.000476026 0.002460571 -0.000481442 0.999996857 -0.003920882 -0.118562489 -1.740835385
0.000000000 1.605968714 2.855054856 0.500000000 0.500000000 0.000000000 0.000000000 0.999994232 -0.002362515 -0.002439993 0.002363694 0.999997091 0.000480530 0.002438850 -0.000486295 0.999996908 -0.003967391 -0.119090888 -1.747742258
