0.000000000 0.634347200 1.127728343 0.500000000 0.500000000 0.000000000 0.000000000 0.976371449 -0.109576749 -0.186257160 0.107620215 0.993978334 -0.020614558 0.187394458 0.000082430 0.982284740 0.564587842 0.093761140 -1.130104727
0.000000000 0.634347200 1.127728343 0.500000000 0.500000000 0.000000000 0.000000000 0.976337371 -0.109734007 -0.186343192 0.107763842 0.993960981 -0.020700810 0.187489444 0.000129916 0.982266609 0.565543157 0.093457642 -1.133085889
0.000000000 0.634347200 1.127728343 0.500000000 0.500000000 0.000000000 0.000000000 0.976303262 -0.109891270 -0.186429209 0.107907459 0.993943599 -0.020787089 0.187584439 0.000177400 0.982248465 0.566499113 0.093154797 -1.136066832
0.000000000 0.634347200 1.127728343 0.500000000 0.500000000 0.000000000 0.000000000 0.976269124 -0.110048540 -0.186515193 0.108051068 0.993926189 -0.020873393 0.187679421 0.000224883 0.982230311 0.567455743 0.092852607 -1.139047758
0.000000000 0.634347200 1.127728343 0.500000000 0.500000000 0.000000000 0.000000000 0.976234955 -0.110205816 -0.186601153 0.108194668 0.993908750 -0.020959722 0.187774402 0.000272364 0.982212146 0.568413020 0.092551069 -1.142028568
0.000000000 0.634347200 1.127728343 0.500000000 0.500000000 0.000000000 0.000000000 0.976200755 -0.110363098 -0.186687099 0.108338259 0.993891284 -0.021046079 0.187869391 0.000319843 0.982193967 0.569370965 0.092250187 -1.145009254
0.000000000 0.634347200 1.127728343 0.500000000 0.500000000 0.000000000 0.000000000 0.976158830 -0.110550359 -0.186795492 0.108519427 0.993870472 -0.021095478 0.187982636 0.000321597 0.982172299 0.570265761 0.091092216 -1.147835766
0.000000000 0.634347200 1.127728343 0.500000000 0.500000000 0.000000000 0.000000000 0.976116857 -0.110737627 -0.186903880 0.108700592 0.993849623 -0.021144922 0.188095890 0.000323352 0.982150616 0.571161696 0.089934679 -1.150662213
0.000000000 0.634347200 1.127728343 0.500000000 0.500000000 0.000000000 0.000000000 0.976074836 -0.110924891 -0.187012254 0.108881744 0.993828739 -0.021194406 0.188209140 0.000325106 0.982128919 0.572058724 0.088777563 -1.153488405
0.000000000 0.634347200 1.127728343 0.500000000 0.500000000 0.000000000 0.000000000 0.976032772 -0.111112141 -0.187120604 0.109062873 0.993807821 -0.021243929 0.188322378 0.000326861 0.982107212 0.572956870 0.087620867 -1.156314544
0.000000000 0.634347200 1.127728343 0.500000000 0.500000000 0.000000000 0.000000000 0.975990658 -0.111299398 -0.187228949 0.109243997 0.993786867 -0.021293497 0.188435624 0.000328615 0.982085489 0.573856136 0.086464602 -1.159140521
0.000000000 0.634347200 1.127728343 0.500000000 0.500000000 0.000000000 0.000000000 0.975948500 -0.111486651 -0.187337269 0.109425109 0.993765877 -0.021343104 0.188548857 0.000330369 0.982063755 0.574756483 0.085308761 -1.161966247
0.000000000 0.634347200 1.127728343 0.500000000 0.500000000 0.000000000 0.000000000 0.975906293 -0.111673901 -0.187445585 0.109606207 0.993744851 -0.021392754 0.188662098 0.000332123 0.982042007 0.575657970 0.084153348 -1.164791909
0.000000000 0.634347200 1.127728343 0.500000000 0.500000000 0.000000000 0.000000000 0.975864040 -0.111861137 -0.187553887 0.109787281 0.993723792 -0.021442442 0.188775336 0.000333877 0.982020245 0.576560549 0.082998353 -1.167617314
0.000000000 0.634347200 1.127728343 0.500000000 0.500000000 0.000000000 0.000000000 0.975821742 -0.112048380 -0.187662164 0.109968353 0.993702696 -0.021492173 0.188888561 0.000335631 0.981998472 0.577464243 0.081843793 -1.170442666
0.000000000 0.634347200 1.127728343 0.500000000 0.500000000 0.000000000 0.000000000 0.975779396 -0.112235619 -0.187770436 0.110149410 0.993681565 -0.021541947 0.189001794 0.000337385 0.981976684 0.578369040 0.080689659 -1.173267756
0.000000000 0.634347200 1.127728343 0.500000000 0.500000000 0.000000000 0.000000000 0.975737004 -0.112422844 -0.187878694 0.110330444 0.993660399 -0.021591759 0.189115025 0.000339139 0.981954883 0.579274966 0.079535949 -1.176092787
0.000000000 0.634347200 1.127728343 0.500000000 0.500000000 0.000000000 0.000000000 0.975672299 -0.112608869 -0.188103185 0.110509743 0.993639338 -0.021644005 0.189344031 0.000330222 0.981910754 0.580691107 0.079308259 -1.178838810
0.000000000 0.634347200 1.127728343 0.500000000 0.500000000 0.000000000 0.000000000 0.975607508 -0.112794885 -0.188327653 0.110689016 0.993618242 -0.021696336 0.189573027 0.000321306 0.981866571 0.582108663 0.079081198 -1.181584243
0.000000000 0.634347200 1.127728343 0.500000000 0.500000000 0.000000000 0.000000000 0.975542631 -0.112980892 -0.188552098 0.110868262 0.993597112 -0.021748751 0.189802013 0.000312390 0.981822335 0.583527653 0.078854772 -1.184329183
0.000000000 0.634347200 1.127728343 0.500000000 0.500000000 0.000000000 0.000000000 0.975477669 -0.113166882 -0.188776519 0.111047471 0.993575948 -0.021801249 0.190030988 0.000303476 0.981778046 0.584948039 0.078628970 -1.187073433
0.000000000 0.634347200 1.127728343 0.500000000 0.500000000 0.000000000 0.000000000 0.975412622 -0.113352874 -0.189000907 0.111226664 0.993554749 -0.021853831 0.190259944 0.000294562 0.981733705 0.586369817 0.078403803 -1.189817099
0.000000000 0.634347200 1.127728343 0.500000000 0.500000000 0.000000000 0.000000000 0.975347487 -0.113538858 -0.189225282 0.111405831 0.993533515 -0.021906499 0.190488898 0.000285649 0.981689308 0.587793031 0.078179274 -1.192560165
0.000000000 0.634347200 1.127728343 0.500000000 0.500000000 0.000000000 0.000000000 0.975282267 -0.113724823 -0.189449633 0.111584960 0.993512249 -0.021959250 0.190717843 0.000276737 0.981644858 0.589217658 0.077955373 -1.195302639
0.000000000 0.634347200 1.127728343 0.500000000 0.500000000 0.000000000 0.000000000 0.975216961 -0.113910791 -0.189673961 0.111764073 0.993490946 -0.022012087 0.190946777 0.000267826 0.981600355 0.590643698 0.077732113 -1.198044518
0.000000000 0.634347200 1.127728343 0.500000000 0.500000000 0.000000000 0.000000000 0.975151568 -0.114096750 -0.189898265 0.111943159 0.993469609 -0.022065008 0.191175701 0.000258915 0.981555798 0.592071159 0.077509490 -1.200785905
0.000000000 0.634347200 1.127728343 0.500000000 0.500000000 0.000000000 0.000000000 0.975086090 -0.114282701 -0.190122545 0.112122218 0.993448238 -0.022118013 0.191404614 0.000250005 0.981511188 0.593500024 0.077287503 -1.203526596
0.000000000 0.634347200 1.127728343 0.500000000 0.500000000 0.000000000 0.000000000 0.975020526 -0.114468634 -0.190346802 0.112301240 0.993426834 -0.022171101 0.191633517 0.000241097 0.981466524 0.594930300 0.077066147 -1.206266694
0.000000000 0.634347200 1.127728343 0.500000000 0.500000000 0.000000000 0.000000000 0.974963595 -0.114596176 -0.190561552 0.112423843 0.993412132 -0.022208456 0.191851162 0.000228774 0.981424006 0.596646913 0.077206287 -1.209587598
0.000000000 0.634347200 1.127728343 0.500000000 0.500000000 0.000000000 0.000000000 0.974906602 -0.114723711 -0.190776276 0.112546427 0.993397415 -0.022245866 0.192068788 0.000216453 0.981381442 0.598364969 0.077346954 -1.212907702
0.000000000 0.634347200 1.127728343 0.500000000 0.500000000 0.000000000 0.000000000 0.974849543 -0.114851249 -0.190990994 0.112669002 0.993382680 -0.022283334 0.192286414 0.000204133 0.981338827 0.600084522 0.077488162 -1.216227192
0.000000000 0.634347200 1.127728343 0.500000000 0.500000000 0.000000000 0.000000000 0.974792421 -0.114978769 -0.191205696 0.112791549 0.993367931 -0.022320855 0.192504031 0.000191814 0.981296164 0.601805542 0.077629894 -1.219545873
0.000000000 0.634347200 1.127728343 0.500000000 0.500000000 0.000000000 0.000000000 0.974735238 -0.115106282 -0.191420373 0.112914077 0.993353166 -0.022358431 0.192721629 0.000179496 0.981253454 0.603528043 0.077772160 -1.222863949
0.000000000 0.634347200 1.127728343 0.500000000 0.500000000 0.000000000 0.000000000 0.974677990 -0.115233787 -0.191635043 0.113036587 0.993338385 -0.022396063 0.192939227 0.000167179 0.981210694 0.605252002 0.077914957 -1.226181212
0.000000000 0.634347200 1.127728343 0.500000000 0.500000000 0.000000000 0.000000000 0.974620679 -0.115361285 -0.191849697 0.113159078 0.993323588 -0.022433751 0.193156816 0.000154863 0.981167886 0.606977464 0.078058291 -1.229497861
0.000000000 0.634347200 1.127728343 0.500000000 0.500000000 0.000000000 0.000000000 0.974563306 -0.115488776 -0.192064325 0.113281551 0.993308775 -0.022471493 0.193374385 0.000142548 0.981125031 0.608704368 0.078202156 -1.232813707
0.000000000 0.634347200 1.127728343 0.500000000 0.500000000 0.000000000 0.000000000 0.974505868 -0.115616260 -0.192278947 0.113404004 0.993293946 -0.022509292 0.193591954 0.000130234 0.981082126 0.610432777 0.078346559 -1.236128934
0.000000000 0.634347200 1.127728343 0.500000000 0.500000000 0.000000000 0.000000000 0.974448369 -0.115743736 -0.192493543 0.113526440 0.993279102 -0.022547145 0.193809505 0.000117922 0.981039175 0.612162617 0.078491493 -1.239443359
0.000000000 0.634347200 1.127728343 0.500000000 0.500000000 0.000000000 0.000000000 0.974390804 -0.115871205 -0.192708133 0.113648856 0.993264241 -0.022585054 0.194027055 0.000105610 0.980996173 0.613893972 0.078636967 -1.242757161
0.000000000 0.634347200 1.127728343 0.500000000 0.500000000 0.000000000 0.000000000 0.974361450 -0.115925877 -0.192823637 0.113702843 0.993257863 -0.022593818 0.194142802 0.000089950 0.980973274 0.614920584 0.078334519 -1.245371748
0.000000000 0.634347200 1.127728343 0.500000000 0.500000000 0.000000000 0.000000000 0.974332078 -0.115980546 -0.192939147 0.113756825 0.993251482 -0.022602596 0.194258555 0.000074290 0.980950360 0.615947876 0.078032176 -1.247986099
0.000000000 0.634347200 1.127728343 0.500000000 0.500000000 0.000000000 0.000000000 0.974302690 -0.116035221 -0.193054644 0.113810812 0.993245098 -0.022611389 0.194374296 0.000058631 0.980927433 0.616975820 0.077729940 -1.250600227
0.000000000 0.634347200 1.127728343 0.500000000 0.500000000 0.000000000 0.000000000 0.974273287 -0.116089882 -0.193170138 0.113864785 0.993238711 -0.022620193 0.194490034 0.000042973 0.980904493 0.618004450 0.077427804 -1.253214224
0.000000000 0.634347200 1.127728343 0.500000000 0.500000000 0.000000000 0.000000000 0.974243865 -0.116144538 -0.193285639 0.113918754 0.993232322 -0.022629011 0.194605780 0.000027316 0.980881537 0.619033730 0.077125769 -1.255827889
0.000000000 0.634347200 1.127728343 0.500000000 0.500000000 0.000000000 0.000000000 0.974214428 -0.116199191 -0.193401127 0.113972717 0.993225930 -0.022637841 0.194721513 0.000011659 0.980858569 0.620063674 0.076823837 -1.258441329
0.000000000 0.634347200 1.127728343 0.500000000 0.500000000 0.000000000 0.000000000 0.974184975 -0.116253840 -0.193516611 0.114026677 0.993219535 -0.022646684 0.194837243 -0.000003997 0.980835587 0.621094283 0.076522009 -1.261054539
0.000000000 0.634347200 1.127728343 0.500000000 0.500000000 0.000000000 0.000000000 0.974155506 -0.116308484 -0.193632093 0.114080631 0.993213137 -0.022655540 0.194952970 -0.000019652 0.980812591 0.622125558 0.076220285 -1.263667520
0.000000000 0.634347200 1.127728343 0.500000000 0.500000000 0.000000000 0.000000000 0.974126018 -0.116363125 -0.193747581 0.114134581 0.993206737 -0.022664411 0.195068705 -0.000035307 0.980789579 0.623157532 0.075918669 -1.266280362
0.000000000 0.634347200 1.127728343 0.500000000 0.500000000 0.000000000 0.000000000 0.974096514 -0.116417771 -0.193863056 0.114188536 0.993200332 -0.022673296 0.195184427 -0.000050960 0.980766556 0.624190138 0.075617159 -1.268892882
0.000000000 0.634347200 1.127728343 0.500000000 0.500000000 0.000000000 0.000000000 0.974066994 -0.116472403 -0.193978529 0.114242476 0.993193926 -0.022682192 0.195300146 -0.000066613 0.980743518 0.625223401 0.075315745 -1.271505175
0.000000000 0.634347200 1.127728343 0.500000000 0.500000000 0.000000000 0.000000000 0.974048492 -0.116522769 -0.194041178 0.114290469 0.993188018 -0.022699097 0.195364335 -0.000067036 0.980730734 0.625441689 0.074417443 -1.273147568
0.000000000 0.634347200 1.127728343 0.500000000 0.500000000 0.000000000 0.000000000 0.974029982 -0.116573135 -0.194103836 0.114338459 0.993182108 -0.022716010 0.195428533 -0.000067458 0.980717943 0.625660298 0.073519188 -1.274789946
0.000000000 0.634347200 1.127728343 0.500000000 0.500000000 0.000000000 0.000000000 0.974011466 -0.116623500 -0.194166481 0.114386448 0.993176195 -0.022732929 0.195492721 -0.000067881 0.980705150 0.625879185 0.072620976 -1.276432222
0.000000000 0.634347200 1.127728343 0.500000000 0.500000000 0.000000000 0.000000000 0.973992945 -0.116673865 -0.194229125 0.114434434 0.993170280 -0.022749853 0.195556908 -0.000068304 0.980692353 0.626098400 0.071722813 -1.278074585
0.000000000 0.634347200 1.127728343 0.500000000 0.500000000 0.000000000 0.000000000 0.973974414 -0.116724230 -0.194291776 0.114482418 0.993164362 -0.022766785 0.195621103 -0.000068726 0.980679550 0.626317937 0.070824698 -1.279716932
0.000000000 0.634347200 1.127728343 0.500000000 0.500000000 0.000000000 0.000000000 0.973955878 -0.116774604 -0.194354415 0.114530410 0.993158440 -0.022783724 0.195685288 -0.000069149 0.980666744 0.626537769 0.069926634 -1.281359276
0.000000000 0.634347200 1.127728343 0.500000000 0.500000000 0.000000000 0.000000000 0.973937337 -0.116824968 -0.194417053 0.114578390 0.993152517 -0.022800668 0.195749473 -0.000069571 0.980653934 0.626757912 0.069028610 -1.283001609
0.000000000 0.634347200 1.127728343 0.500000000 0.500000000 0.000000000 0.000000000 0.973918789 -0.116875331 -0.194479688 0.114626368 0.993146591 -0.022817618 0.195813656 -0.000069994 0.980641120 0.626978343 0.068130630 -1.284643834
0.000000000 0.634347200 1.127728343 0.500000000 0.500000000 0.000000000 0.000000000 0.973900233 -0.116925694 -0.194542331 0.114674344 0.993140663 -0.022834575 0.195877848 -0.000070416 0.980628300 0.627199117 0.067232701 -1.286286140
0.000000000 0.634347200 1.127728343 0.500000000 0.500000000 0.000000000 0.000000000 0.973881672 -0.116976057 -0.194604962 0.114722318 0.993134733 -0.022851538 0.195942030 -0.000070839 0.980615478 0.627420186 0.066334817 -1.287928443
0.000000000 0.634347200 1.127728343 0.500000000 0.500000000 0.000000000 0.000000000 0.973863104 -0.117026420 -0.194667592 0.114770290 0.993128799 -0.022868507 0.196006211 -0.000071261 0.980602652 0.627641565 0.065436980 -1.289570735
0.000000000 0.634347200 1.127728343 0.500000000 0.500000000 0.000000000 0.000000000 0.973845560 -0.117078777 -0.194723867 0.114817492 0.993122629 -0.022899490 0.196065723 -0.000057139 0.980590755 0.628013600 0.064782978 -1.291073324
0.000000000 0.634347200 1.127728343 0.500000000 0.500000000 0.000000000 0.000000000 0.973828012 -0.117131125 -0.194780140 0.114864683 0.993116457 -0.022930478 0.196125235 -0.000043017 0.980578855 0.628385895 0.064129074 -1.292575902
0.000000000 0.634347200 1.127728343 0.500000000 0.500000000 0.000000000 0.000000000 0.973810457 -0.117183474 -0.194836409 0.114911872 0.993110282 -0.022961471 0.196184746 -0.000028896 0.980566951 0.628758439 0.063475274 -1.294078469
0.000000000 0.634347200 1.127728343 0.500000000 0.500000000 0.000000000 0.000000000 0.973792894 -0.117235835 -0.194892684 0.114959069 0.993104103 -0.022992473 0.196244266 -0.000014775 0.980555041 0.629131235 0.062821586 -1.295581022
0.000000000 0.634347200 1.127728343 0.500000000 0.500000000 0.000000000 0.000000000 0.973775328 -0.117288188 -0.194948947 0.115006254 0.993097921 -0.023023477 0.196303776 -0.000000654 0.980543129 0.629504297 0.062167996 -1.297083667
0.000000000 0.634347200 1.127728343 0.500000000 0.500000000 0.000000000 0.000000000 0.973757756 -0.117340541 -0.195005206 0.115053437 0.993091737 -0.023054487 0.196363284 0.000013466 0.980531213 0.629877578 0.061514507 -1.298586206
0.000000000 0.634347200 1.127728343 0.500000000 0.500000000 0.000000000 0.000000000 0.973740177 -0.117392906 -0.195061461 0.115100629 0.993085548 -0.023085504 0.196422792 0.000027586 0.980519294 0.630251118 0.060861130 -1.300088733
0.000000000 0.634347200 1.127728343 0.500000000 0.500000000 0.000000000 0.000000000 0.973722593 -0.117445263 -0.195117714 0.115147808 0.993079357 -0.023116525 0.196482300 0.000041705 0.980507371 0.630624908 0.060207849 -1.301591249
0.000000000 0.634347200 1.127728343 0.500000000 0.500000000 0.000000000 0.000000000 0.973705003 -0.117497620 -0.195173963 0.115194986 0.993073162 -0.023147551 0.196541806 0.000055825 0.980495444 0.630998936 0.059554673 -1.303093758
0.000000000 0.634347200 1.127728343 0.500000000 0.500000000 0.000000000 0.000000000 0.973687407 -0.117549989 -0.195230208 0.115242172 0.993066964 -0.023178585 0.196601312 0.000069944 0.980483513 0.631373243 0.058901610 -1.304596352
0.000000000 0.634347200 1.127728343 0.500000000 0.500000000 0.000000000 0.000000000 0.973669805 -0.117602350 -0.195286450 0.115289345 0.993060764 -0.023209623 0.196660818 0.000084062 0.980471578 0.631747770 0.058248641 -1.306098841
0.000000000 0.634347200 1.127728343 0.500000000 0.500000000 0.000000000 0.000000000 0.973657229 -0.117638046 -0.195327647 0.115320931 0.993056535 -0.023233636 0.196704556 0.000096231 0.980462803 0.632948469 0.057464080 -1.307184486
0.000000000 0.634347200 1.127728343 0.500000000 0.500000000 0.000000000 0.000000000 0.973644651 -0.117673742 -0.195368843 0.115352516 0.993052304 -0.023257652 0.196748294 0.000108401 0.980454026 0.634149310 0.056679643 -1.308270060
0.000000000 0.634347200 1.127728343 0.500000000 0.500000000 0.000000000 0.000000000 0.973632068 -0.117709450 -0.195410036 0.115384110 0.993048071 -0.023281672 0.196792032 0.000120569 0.980445247 0.635350322 0.055895339 -1.309355661
0.000000000 0.634347200 1.127728343 0.500000000 0.500000000 0.000000000 0.000000000 0.973619483 -0.117745148 -0.195451228 0.115415693 0.993043837 -0.023305693 0.196835770 0.000132738 0.980436465 0.636551466 0.055111149 -1.310441091
0.000000000 0.634347200 1.127728343 0.500000000 0.500000000 0.000000000 0.000000000 0.973606895 -0.117780848 -0.195492418 0.115447275 0.993039602 -0.023329717 0.196879507 0.000144907 0.980427682 0.637752762 0.054327086 -1.311526448
0.000000000 0.634347200 1.127728343 0.500000000 0.500000000 0.000000000 0.000000000 0.973594305 -0.117816548 -0.195533606 0.115478856 0.993035365 -0.023353744 0.196923244 0.000157075 0.980418896 0.638954209 0.053543147 -1.312611733
0.000000000 0.634347200 1.127728343 0.500000000 0.500000000 0.000000000 0.000000000 0.973581712 -0.117852259 -0.195574783 0.115510447 0.993031126 -0.023377774 0.196966970 0.000169243 0.980410110 0.640155823 0.052759340 -1.313697049
0.000000000 0.634347200 1.127728343 0.500000000 0.500000000 0.000000000 0.000000000 0.973569115 -0.117887961 -0.195615967 0.115542026 0.993026886 -0.023401806 0.197010706 0.000181411 0.980401320 0.641357573 0.051975650 -1.314782189
0.000000000 0.634347200 1.127728343 0.500000000 0.500000000 0.000000000 0.000000000 0.973556516 -0.117923664 -0.195657150 0.115573604 0.993022644 -0.023425841 0.197054441 0.000193578 0.980392528 0.642559475 0.051192085 -1.315867257
