0.000000000 0.628881991 1.118012428 0.500000000 0.500000000 0.000000000 0.000000000 0.999999906 -0.000265645 0.000343340 0.000265735 0.999999931 -0.000259986 -0.000343271 0.000260078 0.999999907 -0.000963906 0.001945787 -0.002481083
0.000000000 0.628881991 1.118012428 0.500000000 0.500000000 0.000000000 0.000000000 0.999999868 -0.000319633 0.000401091 0.000319686 0.999999940 -0.000132772 -0.000401049 0.000132900 0.999999911 0.005182072 0.002468146 -0.005463061
0.000000000 0.628881991 1.118012428 0.500000000 0.500000000 0.000000000 0.000000000 0.999999825 -0.000373636 0.000458828 0.000373638 0.999999930 -0.000005552 -0.000458826 0.000005723 0.999999895 0.011327648 0.002990411 -0.008445882
0.000000000 0.628881991 1.118012428 0.500000000 0.500000000 0.000000000 0.000000000 0.999999775 -0.000427653 0.000516552 0.000427590 0.999999901 0.000121675 -0.000516604 -0.000121454 0.999999859 0.017472824 0.003512581 -0.011429545
0.000000000 0.628881991 1.118012428 0.500000000 0.500000000 0.000000000 0.000000000 0.999999719 -0.000481684 0.000574262 0.000481542 0.999999853 0.000248908 -0.000574382 -0.000248631 0.999999804 0.023617600 0.004034655 -0.014414050
0.000000000 0.628881991 1.118012428 0.500000000 0.500000000 0.000000000 0.000000000 0.999999657 -0.000535731 0.000631958 0.000535493 0.999999786 0.000376147 -0.000632159 -0.000375809 0.999999730 0.029761974 0.004556635 -0.017399397
0.000000000 0.628881991 1.118012428 0.500000000 0.500000000 0.000000000 0.000000000 0.999999588 -0.000589792 0.000689641 0.000589445 0.999999700 0.000503393 -0.000689937 -0.000502986 0.999999635 0.035905948 0.005078520 -0.020385585
0.000000000 0.628881991 1.118012428 0.500000000 0.500000000 0.000000000 0.000000000 0.999999513 -0.000643868 0.000747309 0.000643397 0.999999594 0.000630644 -0.000747715 -0.000630163 0.999999522 0.042049520 0.005600309 -0.023372616
0.000000000 0.628881991 1.118012428 0.500000000 0.500000000 0.000000000 0.000000000 0.999999432 -0.000697958 0.000804964 0.000697348 0.999999470 0.000757902 -0.000805493 -0.000757340 0.999999389 0.048192692 0.006122003 -0.026360488
0.000000000 0.628881991 1.118012428 0.500000000 0.500000000 0.000000000 0.000000000 0.999999345 -0.000752064 0.000862605 0.000751300 0.999999326 0.000885166 -0.000863270 -0.000884517 0.999999236 0.054335463 0.006643602 -0.029349202
0.000000000 0.628881991 1.118012428 0.500000000 0.500000000 0.000000000 0.000000000 0.999999252 -0.000806183 0.000920233 0.000805252 0.999999163 0.001012436 -0.000921048 -0.001011694 0.999999064 0.060477833 0.007165105 -0.032338757
0.000000000 0.628881991 1.118012428 0.500000000 0.500000000 0.000000000 0.000000000 0.999999152 -0.000860318 0.000977846 0.000859203 0.999998981 0.001139713 -0.000978826 -0.001138872 0.999998872 0.066619802 0.007686513 -0.035329153
0.000000000 0.628881991 1.118012428 0.500000000 0.500000000 0.000000000 0.000000000 0.999999046 -0.000914467 0.001035446 0.000913155 0.999998780 0.001266995 -0.001036604 -0.001266049 0.999998661 0.072761370 0.008207825 -0.038320390
0.000000000 0.628881991 1.118012428 0.500000000 0.500000000 0.000000000 0.000000000 0.999999271 -0.000883632 0.000823409 0.000882480 0.999998632 0.001398654 -0.000824644 -0.001397926 0.999998683 0.078381006 0.009896300 -0.042485768
0.000000000 0.628881991 1.118012428 0.500000000 0.500000000 0.000000000 0.000000000 0.999999450 -0.000852741 0.000611380 0.000851804 0.999998466 0.001530326 -0.000612684 -0.001529804 0.999998642 0.084002515 0.011583330 -0.046649211
0.000000000 0.628881991 1.118012428 0.500000000 0.500000000 0.000000000 0.000000000 0.999999583 -0.000821794 0.000399359 0.000821129 0.999998282 0.001662011 -0.000400724 -0.001661682 0.999998539 0.089625898 0.013268916 -0.050810716
0.000000000 0.628881991 1.118012428 0.500000000 0.500000000 0.000000000 0.000000000 0.999999670 -0.000790791 0.000187346 0.000790453 0.999998079 0.001793708 -0.000188764 -0.001793560 0.999998374 0.095251151 0.014953055 -0.054970285
0.000000000 0.628881991 1.118012428 0.500000000 0.500000000 0.000000000 0.000000000 0.999999711 -0.000759732 -0.000024658 0.000759778 0.999997858 0.001925419 0.000023196 -0.001925437 0.999998146 0.100878281 0.016635750 -0.059127914
0.000000000 0.628881991 1.118012428 0.500000000 0.500000000 0.000000000 0.000000000 0.999999707 -0.000728617 -0.000236655 0.000729102 0.999997618 0.002057143 0.000235155 -0.002057315 0.999997856 0.106507268 0.018316999 -0.063283605
0.000000000 0.628881991 1.118012428 0.500000000 0.500000000 0.000000000 0.000000000 0.999999656 -0.000697446 -0.000448643 0.000698427 0.999997360 0.002188880 0.000447115 -0.002189192 0.999997504 0.112138135 0.019996802 -0.067437355
0.000000000 0.628881991 1.118012428 0.500000000 0.500000000 0.000000000 0.000000000 0.999999560 -0.000666220 -0.000660623 0.000667751 0.999997084 0.002320629 0.000659075 -0.002321069 0.999997089 0.117770871 0.021675159 -0.071589164
0.000000000 0.628881991 1.118012428 0.500000000 0.500000000 0.000000000 0.000000000 0.999999418 -0.000634937 -0.000872595 0.000637076 0.999996790 0.002452392 0.000871035 -0.002452946 0.999996612 0.123405476 0.023352070 -0.075739033
0.000000000 0.628881991 1.118012428 0.500000000 0.500000000 0.000000000 0.000000000 0.999999230 -0.000603599 -0.001084558 0.000606400 0.999996477 0.002584168 0.001082995 -0.002584823 0.999996073 0.129041950 0.025027533 -0.079886959
0.000000000 0.628881991 1.118012428 0.500000000 0.500000000 0.000000000 0.000000000 0.999998996 -0.000572205 -0.001296513 0.000575724 0.999996146 0.002715956 0.001294954 -0.002716700 0.999995471 0.134680291 0.026701550 -0.084032942
0.000000000 0.628881991 1.118012428 0.500000000 0.500000000 0.000000000 0.000000000 0.999998716 -0.000540754 -0.001508460 0.000545049 0.999995797 0.002847758 0.001506914 -0.002848576 0.999994807 0.140320500 0.028374120 -0.088176981
0.000000000 0.628881991 1.118012428 0.500000000 0.500000000 0.000000000 0.000000000 0.999997488 -0.000408974 -0.002203878 0.000415567 0.999995439 0.002991657 0.002202644 -0.002992566 0.999993096 0.145966428 0.029471328 -0.092792451
0.000000000 0.628881991 1.118012428 0.500000000 0.500000000 0.000000000 0.000000000 0.999995759 -0.000276994 -0.002899256 0.000286085 0.999995043 0.003135737 0.002898373 -0.003136553 0.999990881 0.151619121 0.030565716 -0.097400431
0.000000000 0.628881991 1.118012428 0.500000000 0.500000000 0.000000000 0.000000000 0.999993529 -0.000144813 -0.003594595 0.000156603 0.999994609 0.003279997 0.003594101 -0.003280539 0.999988160 0.157278592 0.031657282 -0.102000911
0.000000000 0.628881991 1.118012428 0.500000000 0.500000000 0.000000000 0.000000000 0.999990798 -0.000012432 -0.004289894 0.000027122 0.999994136 0.003424437 0.004289827 -0.003424522 0.999984935 0.162944821 0.032746022 -0.106593896
0.000000000 0.628881991 1.118012428 0.500000000 0.500000000 0.000000000 0.000000000 0.999987567 0.000120150 -0.004985153 -0.000102358 0.999993626 0.003569057 0.004985550 -0.003568503 0.999981205 0.168617790 0.033831933 -0.111179372
0.000000000 0.628881991 1.118012428 0.500000000 0.500000000 0.000000000 0.000000000 0.999983835 0.000252931 -0.005680372 -0.000231837 0.999993077 0.003713857 0.005681272 -0.003712480 0.999976970 0.174297511 0.034915015 -0.115757321
0.000000000 0.628881991 1.118012428 0.500000000 0.500000000 0.000000000 0.000000000 0.999979602 0.000385913 -0.006375549 -0.000361315 0.999992489 0.003858837 0.006376991 -0.003856455 0.999972230 0.179983966 0.035995263 -0.120327755
0.000000000 0.628881991 1.118012428 0.500000000 0.500000000 0.000000000 0.000000000 0.999974868 0.000519095 -0.007070685 -0.000490792 0.999991864 0.004003998 0.007072706 -0.004000427 0.999966986 0.185677136 0.037072675 -0.124890647
0.000000000 0.628881991 1.118012428 0.500000000 0.500000000 0.000000000 0.000000000 0.999969633 0.000652477 -0.007765779 -0.000620267 0.999991199 0.004149338 0.007768418 -0.004144395 0.999961237 0.191377034 0.038147248 -0.129446012
0.000000000 0.628881991 1.118012428 0.500000000 0.500000000 0.000000000 0.000000000 0.999963898 0.000786059 -0.008460831 -0.000749741 0.999990496 0.004294858 0.008464127 -0.004288359 0.999954983 0.197083630 0.039218981 -0.133993821
0.000000000 0.628881991 1.118012428 0.500000000 0.500000000 0.000000000 0.000000000 0.999957661 0.000919842 -0.009155840 -0.000879212 0.999989754 0.004440558 0.009159831 -0.004432320 0.999948225 0.202796937 0.040287869 -0.138534087
0.000000000 0.628881991 1.118012428 0.500000000 0.500000000 0.000000000 0.000000000 0.999950924 0.001053824 -0.009850806 -0.001008682 0.999988974 0.004586438 0.009855531 -0.004576276 0.999940961 0.208516935 0.041353912 -0.143066784
0.000000000 0.628881991 1.118012428 0.500000000 0.500000000 0.000000000 0.000000000 0.999941649 0.001208641 -0.010734899 -0.001159024 0.999988623 0.004627069 0.010740369 -0.004614357 0.999931674 0.215542739 0.041419783 -0.146745929
0.000000000 0.628881991 1.118012428 0.500000000 0.500000000 0.000000000 0.000000000 0.999931568 0.001363525 -0.011618972 -0.001309362 0.999988248 0.004667966 0.011625200 -0.004652433 0.999921602 0.222575246 0.041483233 -0.150412769
0.000000000 0.628881991 1.118012428 0.500000000 0.500000000 0.000000000 0.000000000 0.999920681 0.001518477 -0.012503022 -0.001459696 0.999987847 0.004709129 0.012510021 -0.004690505 0.999910745 0.229614430 0.041544260 -0.154067304
0.000000000 0.628881991 1.118012428 0.500000000 0.500000000 0.000000000 0.000000000 0.999908989 0.001673496 -0.013387051 -0.001610026 0.999987420 0.004750558 0.013394832 -0.004728572 0.999899104 0.236660263 0.041602860 -0.157709506
0.000000000 0.628881991 1.118012428 0.500000000 0.500000000 0.000000000 0.000000000 0.999896491 0.001828582 -0.014271057 -0.001760350 0.999986968 0.004792253 0.014279634 -0.004766635 0.999886679 0.243712748 0.041659030 -0.161339375
0.000000000 0.628881991 1.118012428 0.500000000 0.500000000 0.000000000 0.000000000 0.999883188 0.001983736 -0.015155038 -0.001910670 0.999986490 0.004834214 0.015164423 -0.004804693 0.999873470 0.250771849 0.041712768 -0.164956904
0.000000000 0.628881991 1.118012428 0.500000000 0.500000000 0.000000000 0.000000000 0.999869079 0.002138957 -0.016038995 -0.002060984 0.999985986 0.004876440 0.016049201 -0.004842746 0.999859476 0.257837568 0.041764069 -0.168562082
0.000000000 0.628881991 1.118012428 0.500000000 0.500000000 0.000000000 0.000000000 0.999854165 0.002294245 -0.016922927 -0.002211292 0.999985457 0.004918933 0.016933967 -0.004880794 0.999844697 0.264909869 0.041812933 -0.172154901
0.000000000 0.628881991 1.118012428 0.500000000 0.500000000 0.000000000 0.000000000 0.999838445 0.002449601 -0.017806833 -0.002361593 0.999984902 0.004961692 0.017818718 -0.004918838 0.999829135 0.271988755 0.041859354 -0.175735352
0.000000000 0.628881991 1.118012428 0.500000000 0.500000000 0.000000000 0.000000000 0.999821920 0.002605024 -0.018690712 -0.002511888 0.999984321 0.005004716 0.018703456 -0.004956876 0.999812788 0.279074198 0.041903332 -0.179303427
0.000000000 0.628881991 1.118012428 0.500000000 0.500000000 0.000000000 0.000000000 0.999804589 0.002760514 -0.019574564 -0.002662176 0.999983715 0.005048006 0.019588180 -0.004994909 0.999795656 0.286166172 0.041944863 -0.182859116
0.000000000 0.628881991 1.118012428 0.500000000 0.500000000 0.000000000 0.000000000 0.999786453 0.002916071 -0.020458386 -0.002812457 0.999983083 0.005091562 0.020472888 -0.005032937 0.999777741 0.293264680 0.041983942 -0.186402411
0.000000000 0.628881991 1.118012428 0.500000000 0.500000000 0.000000000 0.000000000 0.999769115 0.003047575 -0.021270390 -0.002939080 0.999982522 0.005130137 0.021285652 -0.005066437 0.999760597 0.302808484 0.043352114 -0.189756666
0.000000000 0.628881991 1.118012428 0.500000000 0.500000000 0.000000000 0.000000000 0.999751100 0.003179133 -0.022082369 -0.003065697 0.999981942 0.005168916 0.022098403 -0.005099932 0.999742793 0.312358272 0.044717597 -0.193095626
0.000000000 0.628881991 1.118012428 0.500000000 0.500000000 0.000000000 0.000000000 0.999732409 0.003310745 -0.022894324 -0.003192306 0.999981343 0.005207902 0.022911139 -0.005133423 0.999724326 0.321914044 0.046080387 -0.196419295
0.000000000 0.628881991 1.118012428 0.500000000 0.500000000 0.000000000 0.000000000 0.999713041 0.003442412 -0.023706253 -0.003318910 0.999980726 0.005247093 0.023723859 -0.005166909 0.999705197 0.331475772 0.047440483 -0.199727676
0.000000000 0.628881991 1.118012428 0.500000000 0.500000000 0.000000000 0.000000000 0.999692996 0.003574134 -0.024518158 -0.003445506 0.999980091 0.005286490 0.024536564 -0.005200390 0.999685407 0.341043437 0.048797884 -0.203020742
0.000000000 0.628881991 1.118012428 0.500000000 0.500000000 0.000000000 0.000000000 0.999672274 0.003705910 -0.025330036 -0.003572094 0.999979436 0.005326093 0.025349253 -0.005233866 0.999664955 0.350617009 0.050152586 -0.206298505
0.000000000 0.628881991 1.118012428 0.500000000 0.500000000 0.000000000 0.000000000 0.999650876 0.003837740 -0.026141887 -0.003698675 0.999978763 0.005365902 0.026161925 -0.005267338 0.999643841 0.360196490 0.051504587 -0.209560940
0.000000000 0.628881991 1.118012428 0.500000000 0.500000000 0.000000000 0.000000000 0.999628801 0.003969625 -0.026953711 -0.003825248 0.999978072 0.005405916 0.026974580 -0.005300805 0.999622065 0.369781850 0.052853886 -0.212808058
0.000000000 0.628881991 1.118012428 0.500000000 0.500000000 0.000000000 0.000000000 0.999606049 0.004101564 -0.027765508 -0.003951813 0.999977361 0.005446136 0.027787217 -0.005334267 0.999599628 0.379373070 0.054200480 -0.216039834
0.000000000 0.628881991 1.118012428 0.500000000 0.500000000 0.000000000 0.000000000 0.999582621 0.004233557 -0.028577275 -0.004078369 0.999976632 0.005486562 0.028599835 -0.005367723 0.999576529 0.388970121 0.055544368 -0.219256270
0.000000000 0.628881991 1.118012428 0.500000000 0.500000000 0.000000000 0.000000000 0.999558516 0.004365605 -0.029389014 -0.004204917 0.999975884 0.005527194 0.029412435 -0.005401175 0.999552768 0.398573005 0.056885546 -0.222457370
0.000000000 0.628881991 1.118012428 0.500000000 0.500000000 0.000000000 0.000000000 0.999533735 0.004497707 -0.030200723 -0.004331456 0.999975117 0.005568031 0.030225015 -0.005434622 0.999528345 0.408181692 0.058224014 -0.225643106
0.000000000 0.628881991 1.118012428 0.500000000 0.500000000 0.000000000 0.000000000 0.999511932 0.004635585 -0.030893498 -0.004463467 0.999974145 0.005637949 0.030918835 -0.005497306 0.999506781 0.418981146 0.059239034 -0.228369339
0.000000000 0.628881991 1.118012428 0.500000000 0.500000000 0.000000000 0.000000000 0.999489631 0.004773549 -0.031586240 -0.004595470 0.999973150 0.005708051 0.031612639 -0.005559984 0.999484731 0.429784855 0.060250762 -0.231080846
0.000000000 0.628881991 1.118012428 0.500000000 0.500000000 0.000000000 0.000000000 0.999466831 0.004911600 -0.032278948 -0.004727465 0.999972131 0.005778336 0.032306430 -0.005622657 0.999462196 0.440592812 0.061259197 -0.233777620
0.000000000 0.628881991 1.118012428 0.500000000 0.500000000 0.000000000 0.000000000 0.999443531 0.005049739 -0.032971622 -0.004859452 0.999971088 0.005848804 0.033000203 -0.005685325 0.999439175 0.451404981 0.062264339 -0.236459670
0.000000000 0.628881991 1.118012428 0.500000000 0.500000000 0.000000000 0.000000000 0.999419733 0.005187964 -0.033664262 -0.004991431 0.999970022 0.005919455 0.033693962 -0.005747987 0.999415668 0.462221356 0.063266184 -0.239126970
0.000000000 0.628881991 1.118012428 0.500000000 0.500000000 0.000000000 0.000000000 0.999395436 0.005326276 -0.034356865 -0.005123400 0.999968933 0.005990289 0.034387704 -0.005810643 0.999391676 0.473041931 0.064264733 -0.241779527
0.000000000 0.628881991 1.118012428 0.500000000 0.500000000 0.000000000 0.000000000 0.999370639 0.005464675 -0.035049434 -0.005255361 0.999967820 0.006061306 0.035081429 -0.005873294 0.999367199 0.483866671 0.065259982 -0.244417335
0.000000000 0.628881991 1.118012428 0.500000000 0.500000000 0.000000000 0.000000000 0.999345344 0.005603160 -0.035741968 -0.005387313 0.999966684 0.006132506 0.035775138 -0.005935938 0.999342236 0.494695570 0.066251932 -0.247040392
0.000000000 0.628881991 1.118012428 0.500000000 0.500000000 0.000000000 0.000000000 0.999319550 0.005741733 -0.036434464 -0.005519255 0.999965524 0.006203889 0.036468829 -0.005998577 0.999316787 0.505528611 0.067240579 -0.249648692
0.000000000 0.628881991 1.118012428 0.500000000 0.500000000 0.000000000 0.000000000 0.999293256 0.005880392 -0.037126925 -0.005651188 0.999964341 0.006275455 0.037162503 -0.006061209 0.999290854 0.516365788 0.068225924 -0.252242232
0.000000000 0.628881991 1.118012428 0.500000000 0.500000000 0.000000000 0.000000000 0.999266464 0.006019139 -0.037819349 -0.005783112 0.999963134 0.006347205 0.037856159 -0.006123835 0.999264434 0.527207067 0.069207962 -0.254821007
0.000000000 0.628881991 1.118012428 0.500000000 0.500000000 0.000000000 0.000000000 0.999239173 0.006157971 -0.038511735 -0.005915025 0.999961903 0.006419137 0.038549797 -0.006186455 0.999237530 0.538052441 0.070186694 -0.257385013
0.000000000 0.628881991 1.118012428 0.500000000 0.500000000 0.000000000 0.000000000 0.999213070 0.006217468 -0.039173764 -0.005958676 0.999959670 0.006719568 0.039213963 -0.006480857 0.999209820 0.547707522 0.070077318 -0.260322486
0.000000000 0.628881991 1.118012428 0.500000000 0.500000000 0.000000000 0.000000000 0.999186523 0.006277355 -0.039835744 -0.006002321 0.999957345 0.007020057 0.039878112 -0.006775240 0.999181581 0.557366720 0.069964917 -0.263247246
0.000000000 0.628881991 1.118012428 0.500000000 0.500000000 0.000000000 0.000000000 0.999159533 0.006337633 -0.040497672 -0.006045961 0.999954927 0.007320603 0.040542242 -0.007069603 0.999152815 0.567030021 0.069849491 -0.266159281
0.000000000 0.628881991 1.118012428 0.500000000 0.500000000 0.000000000 0.000000000 0.999132100 0.006398301 -0.041159552 -0.006089597 0.999952416 0.007621207 0.041206356 -0.007363947 0.999123520 0.576697414 0.069731038 -0.269058602
0.000000000 0.628881991 1.118012428 0.500000000 0.500000000 0.000000000 0.000000000 0.999104223 0.006459361 -0.041821380 -0.006133227 0.999949813 0.007921867 0.041870451 -0.007658271 0.999093697 0.586368895 0.069609558 -0.271945196
0.000000000 0.628881991 1.118012428 0.500000000 0.500000000 0.000000000 0.000000000 0.999075903 0.006520810 -0.042483157 -0.006176852 0.999947116 0.008222585 0.042534528 -0.007952574 0.999063347 0.596044430 0.069485052 -0.274819048
0.000000000 0.628881991 1.118012428 0.500000000 0.500000000 0.000000000 0.000000000 0.999047140 0.006582651 -0.043144882 -0.006220472 0.999944327 0.008523360 0.043198586 -0.008246857 0.999032468 0.605724018 0.069357517 -0.277680172
0.000000000 0.628881991 1.118012428 0.500000000 0.500000000 0.000000000 0.000000000 0.999017933 0.006644881 -0.043806553 -0.006264087 0.999941446 0.008824192 0.043862624 -0.008541118 0.999001061 0.615407643 0.069226955 -0.280528555
