0.000000000 0.950669229 1.690078735 0.500000000 0.500000000 0.000000000 0.000000000 0.999999998 -0.000043007 -0.000041992 0.000043008 0.999999999 0.000020206 0.000041991 -0.000020208 0.999999999 0.000174737 -0.000140221 0.000010504
0.000000000 0.950669229 1.690078735 0.500000000 0.500000000 0.000000000 0.000000000 0.999999996 0.000029686 -0.000082734 -0.000029683 0.999999999 0.000031809 0.000082735 -0.000031807 0.999999996 -0.005330156 -0.000205535 -0.000722674
0.000000000 0.950669229 1.690078735 0.500000000 0.500000000 0.000000000 0.000000000 0.999999987 0.000102379 -0.000123475 -0.000102373 0.999999994 0.000043418 0.000123479 -0.000043406 0.999999991 -0.010834999 -0.000270065 -0.001456300
0.000000000 0.950669229 1.690078735 0.500000000 0.500000000 0.000000000 0.000000000 0.999999971 0.000175073 -0.000164213 -0.000175064 0.999999983 0.000055033 0.000164223 -0.000055004 0.999999985 -0.016339790 -0.000333812 -0.002190373
0.000000000 0.950669229 1.690078735 0.500000000 0.500000000 0.000000000 0.000000000 0.999999948 0.000247768 -0.000204950 -0.000247754 0.999999967 0.000066654 0.000204967 -0.000066603 0.999999977 -0.021844532 -0.000396776 -0.002924893
0.000000000 0.950669229 1.690078735 0.500000000 0.500000000 0.000000000 0.000000000 0.999999918 0.000320464 -0.000245686 -0.000320445 0.999999946 0.000078281 0.000245711 -0.000078202 0.999999967 -0.027349223 -0.000458956 -0.003659860
0.000000000 0.950669229 1.690078735 0.500000000 0.500000000 0.000000000 0.000000000 0.999999856 0.000225114 -0.000488121 -0.000225017 0.999999955 0.000199098 0.000488166 -0.000198988 0.999999861 -0.032067098 -0.001698797 -0.003564918
0.000000000 0.950669229 1.690078735 0.500000000 0.500000000 0.000000000 0.000000000 0.999999725 0.000129822 -0.000730580 -0.000129588 0.999999940 0.000319868 0.000730621 -0.000319773 0.999999682 -0.036784782 -0.002939514 -0.003471965
0.000000000 0.950669229 1.690078735 0.500000000 0.500000000 0.000000000 0.000000000 0.999999526 0.000034589 -0.000973061 -0.000034160 0.999999902 0.000440592 0.000973076 -0.000440559 0.999999430 -0.041502279 -0.004181105 -0.003381000
0.000000000 0.950669229 1.690078735 0.500000000 0.500000000 0.000000000 0.000000000 0.999999259 -0.000060586 -0.001215565 0.000061268 0.999999841 0.000561270 0.001215531 -0.000561344 0.999999104 -0.046219584 -0.005423572 -0.003292025
0.000000000 0.950669229 1.690078735 0.500000000 0.500000000 0.000000000 0.000000000 0.999998925 -0.000155702 -0.001458092 0.000156696 0.999999755 0.000681902 0.001457986 -0.000682130 0.999998704 -0.050936698 -0.006666914 -0.003205038
0.000000000 0.950669229 1.690078735 0.500000000 0.500000000 0.000000000 0.000000000 0.999999294 0.000262704 -0.001158442 -0.000261849 0.999999693 0.000737913 0.001158636 -0.000737610 0.999999057 -0.055862608 -0.006996052 -0.001548090
0.000000000 0.950669229 1.690078735 0.500000000 0.500000000 0.000000000 0.000000000 0.999999399 0.000681076 -0.000858745 -0.000680394 0.999999454 0.000793674 0.000859286 -0.000793090 0.999999316 -0.060787812 -0.007320887 0.000111844
0.000000000 0.950669229 1.690078735 0.500000000 0.500000000 0.000000000 0.000000000 0.999999239 0.001099415 -0.000559002 -0.001098940 0.999999036 0.000849185 0.000559935 -0.000848570 0.999999483 -0.065712307 -0.007641418 0.001774763
0.000000000 0.950669229 1.690078735 0.500000000 0.500000000 0.000000000 0.000000000 0.999998815 0.001517720 -0.000259213 -0.001517485 0.999998440 0.000904444 0.000260585 -0.000904050 0.999999557 -0.070636090 -0.007957646 0.003440668
0.000000000 0.950669229 1.690078735 0.500000000 0.500000000 0.000000000 0.000000000 0.999998125 0.001935992 0.000040623 -0.001936030 0.999997666 0.000959453 -0.000038765 -0.000959530 0.999999539 -0.075559156 -0.008269574 0.005109557
0.000000000 0.950669229 1.690078735 0.500000000 0.500000000 0.000000000 0.000000000 0.999995170 0.003028132 0.000700251 -0.003029361 0.999993861 0.001760881 -0.000694915 -0.001762994 0.999998204 -0.081260535 -0.008073683 0.006872409
0.000000000 0.950669229 1.690078735 0.500000000 0.500000000 0.000000000 0.000000000 0.999990589 0.004119209 0.001361629 -0.004122686 0.999988223 0.002560866 -0.001351064 -0.002566455 0.999995794 -0.086959275 -0.007862603 0.008642581
0.000000000 0.950669229 1.690078735 0.500000000 0.500000000 0.000000000 0.000000000 0.999984382 0.005209219 0.002024752 -0.005216003 0.999980754 0.003359404 -0.002007213 -0.003369913 0.999992307 -0.092655339 -0.007636343 0.010420068
0.000000000 0.950669229 1.690078735 0.500000000 0.500000000 0.000000000 0.000000000 0.999976549 0.006298160 0.002689616 -0.006309308 0.999971458 0.004156492 -0.002663361 -0.004173364 0.999987745 -0.098348691 -0.007394911 0.012204863
0.000000000 0.950669229 1.690078735 0.500000000 0.500000000 0.000000000 0.000000000 0.999967091 0.007386028 0.003356218 -0.007402599 0.999960338 0.004952127 -0.003319508 -0.004976809 0.999982106 -0.104039293 -0.007138315 0.013996961
0.000000000 0.950669229 1.690078735 0.500000000 0.500000000 0.000000000 0.000000000 0.999959358 0.008159828 0.003834027 -0.008180503 0.999951915 0.005408074 -0.003789714 -0.005439218 0.999978026 -0.109902942 -0.007179989 0.015792960
0.000000000 0.950669229 1.690078735 0.500000000 0.500000000 0.000000000 0.000000000 0.999950799 0.008933183 0.004312543 -0.008958397 0.999942683 0.005863279 -0.004259918 -0.005901624 0.999973512 -0.115765033 -0.007210965 0.017594629
0.000000000 0.950669229 1.690078735 0.500000000 0.500000000 0.000000000 0.000000000 0.999941414 0.009706091 0.004791766 -0.009736281 0.999932643 0.006317742 -0.004730122 -0.006364026 0.999968562 -0.121625547 -0.007231248 0.019401967
0.000000000 0.950669229 1.690078735 0.500000000 0.500000000 0.000000000 0.000000000 0.999931202 0.010478552 0.005271693 -0.010514153 0.999921797 0.006771461 -0.005200325 -0.006826422 0.999963178 -0.127484457 -0.007240840 0.021214972
0.000000000 0.950669229 1.690078735 0.500000000 0.500000000 0.000000000 0.000000000 0.999920165 0.011250565 0.005752323 -0.011292012 0.999910145 0.007224435 -0.005670527 -0.007288813 0.999957358 -0.133341764 -0.007239747 0.023033640
0.000000000 0.950669229 1.690078735 0.500000000 0.500000000 0.000000000 0.000000000 0.999916703 0.011401393 0.006049481 -0.011443060 0.999910730 0.006898442 -0.005970289 -0.006967092 0.999957907 -0.138504368 -0.007818281 0.024066522
0.000000000 0.950669229 1.690078735 0.500000000 0.500000000 0.000000000 0.000000000 0.999913128 0.011552412 0.006346540 -0.011594105 0.999911186 0.006572358 -0.006270050 -0.006645369 0.999958262 -0.143666552 -0.008395882 0.025102075
0.000000000 0.950669229 1.690078735 0.500000000 0.500000000 0.000000000 0.000000000 0.999909440 0.011703624 0.006643501 -0.011745148 0.999911514 0.006246184 -0.006569811 -0.006323647 0.999958424 -0.148828315 -0.008972550 0.026140298
0.000000000 0.950669229 1.690078735 0.500000000 0.500000000 0.000000000 0.000000000 0.999905640 0.011855028 0.006940364 -0.011896191 0.999911714 0.005919920 -0.006869571 -0.006001925 0.999958392 -0.153989656 -0.009548285 0.027181192
0.000000000 0.950669229 1.690078735 0.500000000 0.500000000 0.000000000 0.000000000 0.999901728 0.012006624 0.007237128 -0.012047230 0.999911784 0.005593565 -0.007169330 -0.005680203 0.999958167 -0.159150573 -0.010123088 0.028224755
0.000000000 0.950669229 1.690078735 0.500000000 0.500000000 0.000000000 0.000000000 0.999890244 0.012511257 0.007935277 -0.012541915 0.999914029 0.003825602 -0.007886732 -0.003924706 0.999961197 -0.163709453 -0.010060502 0.028217338
0.000000000 0.950669229 1.690078735 0.500000000 0.500000000 0.000000000 0.000000000 0.999878001 0.013018373 0.008631660 -0.013036584 0.999912904 0.002056939 -0.008604130 -0.002169215 0.999960631 -0.168268395 -0.009992889 0.028216296
0.000000000 0.950669229 1.690078735 0.500000000 0.500000000 0.000000000 0.000000000 0.999864998 0.013527968 0.009326268 -0.013531238 0.999908407 0.000287581 -0.009321523 -0.000413738 0.999956468 -0.172827387 -0.009920250 0.028221629
0.000000000 0.950669229 1.690078735 0.500000000 0.500000000 0.000000000 0.000000000 0.999851236 0.014040038 0.010019095 -0.014025875 0.999900534 -0.001482465 -0.010038912 0.001341717 0.999948709 -0.177386417 -0.009842584 0.028233340
0.000000000 0.950669229 1.690078735 0.500000000 0.500000000 0.000000000 0.000000000 0.999836715 0.014554577 0.010710133 -0.014520495 0.999889280 -0.003253190 -0.010756296 0.003097143 0.999937353 -0.181945477 -0.009759890 0.028251430
0.000000000 0.950669229 1.690078735 0.500000000 0.500000000 0.000000000 0.000000000 0.999826810 0.014882110 0.011174676 -0.014840515 0.999882668 -0.003795973 -0.011229857 0.003629478 0.999930356 -0.186504313 -0.008952970 0.027664187
0.000000000 0.950669229 1.690078735 0.500000000 0.500000000 0.000000000 0.000000000 0.999816577 0.015210141 0.011638866 -0.015160529 0.999875658 -0.004339052 -0.011703417 0.004161805 0.999922852 -0.191063236 -0.008142356 0.027082009
0.000000000 0.950669229 1.690078735 0.500000000 0.500000000 0.000000000 0.000000000 0.999806018 0.015538668 0.012102701 -0.015480533 0.999868249 -0.004882428 -0.012176973 0.004694125 0.999914840 -0.195622220 -0.007328047 0.026504895
0.000000000 0.950669229 1.690078735 0.500000000 0.500000000 0.000000000 0.000000000 0.999795133 0.015867691 0.012566181 -0.015800528 0.999860441 -0.005426100 -0.012650527 0.005226436 0.999906320 -0.200181279 -0.006510045 0.025932848
0.000000000 0.950669229 1.690078735 0.500000000 0.500000000 0.000000000 0.000000000 0.999783920 0.016197211 0.013029305 -0.016120515 0.999852233 -0.005970067 -0.013124078 0.005758738 0.999897292 -0.204740386 -0.005688348 0.025365868
0.000000000 0.950669229 1.690078735 0.500000000 0.500000000 0.000000000 0.000000000 0.999773023 0.016283338 0.013738812 -0.016197446 0.999848712 -0.006340040 -0.013839970 0.006116067 0.999885518 -0.209051416 -0.005830678 0.024404355
0.000000000 0.950669229 1.690078735 0.500000000 0.500000000 0.000000000 0.000000000 0.999761608 0.016369974 0.014448249 -0.016274368 0.999845048 -0.006710121 -0.014555855 0.006473385 0.999873103 -0.213363928 -0.005971485 0.023448863
0.000000000 0.950669229 1.690078735 0.500000000 0.500000000 0.000000000 0.000000000 0.999749674 0.016457120 0.015157617 -0.016351280 0.999841240 -0.007080310 -0.015271732 0.006830692 0.999860048 -0.217677925 -0.006110769 0.022499395
0.000000000 0.950669229 1.690078735 0.500000000 0.500000000 0.000000000 0.000000000 0.999737221 0.016544774 0.015866916 -0.016428181 0.999837288 -0.007450608 -0.015987603 0.007187986 0.999846353 -0.221993399 -0.006248531 0.021555953
0.000000000 0.950669229 1.690078735 0.500000000 0.500000000 0.000000000 0.000000000 0.999724250 0.016632938 0.016576143 -0.016505072 0.999833193 -0.007821014 -0.016703464 0.007545267 0.999832018 -0.226310355 -0.006384768 0.020618539
0.000000000 0.950669229 1.690078735 0.500000000 0.500000000 0.000000000 0.000000000 0.999675265 0.016245687 0.019632692 -0.016062582 0.999826344 -0.009448513 -0.019782780 0.009130093 0.999762613 -0.230815729 -0.006733642 0.022418720
0.000000000 0.950669229 1.690078735 0.500000000 0.500000000 0.000000000 0.000000000 0.999616601 0.015868166 0.022690357 -0.015619989 0.999816682 -0.011073284 -0.022861910 0.010714616 0.999681214 -0.235311926 -0.007089876 0.024245849
0.000000000 0.950669229 1.690078735 0.500000000 0.500000000 0.000000000 0.000000000 0.999548260 0.015500379 0.025749081 -0.015177307 0.999804220 -0.012695323 -0.025940822 0.012298786 0.999587822 -0.239798818 -0.007453456 0.026099878
0.000000000 0.950669229 1.690078735 0.500000000 0.500000000 0.000000000 0.000000000 0.999470241 0.015142327 0.028808811 -0.014734550 0.999788970 -0.014314624 -0.029019488 0.013882556 0.999482438 -0.244276289 -0.007824367 0.027980762
0.000000000 0.950669229 1.690078735 0.500000000 0.500000000 0.000000000 0.000000000 0.999382546 0.014794012 0.031869493 -0.014291729 0.999770946 -0.015931184 -0.032097879 0.015465877 0.999365065 -0.248744192 -0.008202601 0.029888454
0.000000000 0.950669229 1.690078735 0.500000000 0.500000000 0.000000000 0.000000000 0.999282383 0.014686618 0.034914502 -0.014117520 0.999764347 -0.016490808 -0.035148469 0.015986068 0.999254237 -0.253546617 -0.007754406 0.032530447
0.000000000 0.950669229 1.690078735 0.500000000 0.500000000 0.000000000 0.000000000 0.999172880 0.014582403 0.037959318 -0.013943215 0.999757423 -0.017049370 -0.038198730 0.016505993 0.999133829 -0.258335356 -0.007309854 0.035202511
0.000000000 0.950669229 1.690078735 0.500000000 0.500000000 0.000000000 0.000000000 0.999054037 0.014481365 0.041003909 -0.013768821 0.999750178 -0.017606870 -0.041248637 0.017025639 0.999003843 -0.263110277 -0.006868942 0.037904588
0.000000000 0.950669229 1.690078735 0.500000000 0.500000000 0.000000000 0.000000000 0.998925857 0.014383505 0.044048245 -0.013594343 0.999742611 -0.018163307 -0.044298159 0.017544990 0.998864278 -0.267871219 -0.006431661 0.040636614
0.000000000 0.950669229 1.690078735 0.500000000 0.500000000 0.000000000 0.000000000 0.998788339 0.014288819 0.047092292 -0.013419783 0.999734725 -0.018718680 -0.047347268 0.018064031 0.998715138 -0.272618051 -0.005998009 0.043398526
0.000000000 0.950669229 1.690078735 0.500000000 0.500000000 0.000000000 0.000000000 0.998540235 0.014985938 0.051892392 -0.014064287 0.999737608 -0.018080675 -0.052149731 0.017324452 0.998488993 -0.277183662 -0.005428494 0.048444522
0.000000000 0.950669229 1.690078735 0.500000000 0.500000000 0.000000000 0.000000000 0.998268629 0.015675968 0.056692226 -0.014708135 0.999739570 -0.017448879 -0.056950990 0.016584832 0.998239214 -0.281706257 -0.004848559 0.053534885
0.000000000 0.950669229 1.690078735 0.500000000 0.500000000 0.000000000 0.000000000 0.997973527 0.016358906 0.061491670 -0.015351280 0.999740624 -0.016823289 -0.061750931 0.015845221 0.997965807 -0.286185522 -0.004258294 0.058669319
0.000000000 0.950669229 1.690078735 0.500000000 0.500000000 0.000000000 0.000000000 0.997654937 0.017034756 0.066290598 -0.015993680 0.999740784 -0.016203904 -0.066549444 0.015105674 0.997668778 -0.290621109 -0.003657787 0.063847525
0.000000000 0.950669229 1.690078735 0.500000000 0.500000000 0.000000000 0.000000000 0.997312868 0.017703514 0.071088887 -0.016635287 0.999740065 -0.015590719 -0.071346419 0.014366240 0.997348134 -0.295012708 -0.003047130 0.069069205
0.000000000 0.950669229 1.690078735 0.500000000 0.500000000 0.000000000 0.000000000 0.996983956 0.018036417 0.075482972 -0.016907481 0.999735843 -0.015568609 -0.075743835 0.014245426 0.997025546 -0.299004484 -0.003178724 0.073823046
0.000000000 0.950669229 1.690078735 0.500000000 0.500000000 0.000000000 0.000000000 0.996635587 0.018368273 0.079875617 -0.017179160 0.999731518 -0.015548921 -0.080139779 0.014124412 0.996683559 -0.302960082 -0.003307995 0.078613387
0.000000000 0.950669229 1.690078735 0.500000000 0.500000000 0.000000000 0.000000000 0.996267766 0.018699083 0.084266734 -0.017450306 0.999727090 -0.015531654 -0.084534164 0.014003206 0.996322179 -0.306879236 -0.003434976 0.083439999
0.000000000 0.950669229 1.690078735 0.500000000 0.500000000 0.000000000 0.000000000 0.995880502 0.019028844 0.088656236 -0.017720905 0.999722561 -0.015516805 -0.088926906 0.013881814 0.995941414 -0.310761712 -0.003559703 0.088302653
0.000000000 0.950669229 1.690078735 0.500000000 0.500000000 0.000000000 0.000000000 0.995473803 0.019357557 0.093044038 -0.017990938 0.999717931 -0.015504370 -0.093317919 0.013760244 0.995541271 -0.314607276 -0.003682210 0.093201120
0.000000000 0.950669229 1.690078735 0.500000000 0.500000000 0.000000000 0.000000000 0.995198993 0.019469956 0.095916027 -0.018033284 0.999712181 -0.015822647 -0.096196486 0.014017002 0.995263663 -0.318899063 -0.003359642 0.096387295
0.000000000 0.950669229 1.690078735 0.500000000 0.500000000 0.000000000 0.000000000 0.994915861 0.019583846 0.098787154 -0.018075452 0.999706327 -0.016141182 -0.099074249 0.014273496 0.994977668 -0.323175002 -0.003037911 0.099599202
0.000000000 0.950669229 1.690078735 0.500000000 0.500000000 0.000000000 0.000000000 0.994624409 0.019699229 0.101657396 -0.018117441 0.999700369 -0.016459974 -0.101951185 0.014529720 0.994683288 -0.327434971 -0.002717022 0.102836776
0.000000000 0.950669229 1.690078735 0.500000000 0.500000000 0.000000000 0.000000000 0.994324638 0.019816104 0.104526726 -0.018159250 0.999694306 -0.016779020 -0.104827268 0.014785666 0.994380525 -0.331678857 -0.002396979 0.106099949
0.000000000 0.950669229 1.690078735 0.500000000 0.500000000 0.000000000 0.000000000 0.994016552 0.019934470 0.107395120 -0.018200880 0.999688139 -0.017098324 -0.107702474 0.015041331 0.994069382 -0.335906538 -0.002077786 0.109388656
0.000000000 0.950669229 1.690078735 0.500000000 0.500000000 0.000000000 0.000000000 0.993898581 0.020031031 0.108463674 -0.018267336 0.999684665 -0.017230053 -0.108774608 0.015143583 0.993951084 -0.341000990 -0.001157886 0.110186849
0.000000000 0.950669229 1.690078735 0.500000000 0.500000000 0.000000000 0.000000000 0.993779450 0.020127814 0.109532080 -0.018333755 0.999681168 -0.017361928 -0.109846615 0.015245793 0.993831619 -0.346093961 -0.000237280 0.110996360
0.000000000 0.950669229 1.690078735 0.500000000 0.500000000 0.000000000 0.000000000 0.993659157 0.020224819 0.110600345 -0.018400135 0.999677646 -0.017493947 -0.110918505 0.015347960 0.993710987 -0.351185440 0.000684032 0.111817189
0.000000000 0.950669229 1.690078735 0.500000000 0.500000000 0.000000000 0.000000000 0.993537705 0.020322046 0.111668449 -0.018466478 0.999674102 -0.017626113 -0.111990255 0.015450084 0.993589190 -0.356275392 0.001606048 0.112649325
0.000000000 0.950669229 1.690078735 0.500000000 0.500000000 0.000000000 0.000000000 0.993415094 0.020419494 0.112736401 -0.018532782 0.999670533 -0.017758422 -0.113061876 0.015552165 0.993466226 -0.361363806 0.002528769 0.113492773
0.000000000 0.950669229 1.690078735 0.500000000 0.500000000 0.000000000 0.000000000 0.993377386 0.020578638 0.113039327 -0.018682263 0.999666831 -0.017810126 -0.113368174 0.015580346 0.993430878 -0.366593423 0.002493051 0.113514642
0.000000000 0.950669229 1.690078735 0.500000000 0.500000000 0.000000000 0.000000000 0.993339561 0.020737799 0.113342229 -0.018831730 0.999663102 -0.017861920 -0.113674461 0.015608522 0.993395435 -0.371823081 0.002458954 0.113539734
0.000000000 0.950669229 1.690078735 0.500000000 0.500000000 0.000000000 0.000000000 0.993301620 0.020896978 0.113645096 -0.018981186 0.999659347 -0.017913808 -0.113980727 0.015636696 0.993359898 -0.377052777 0.002426479 0.113568045
0.000000000 0.950669229 1.690078735 0.500000000 0.500000000 0.000000000 0.000000000 0.993263561 0.021056173 0.113947950 -0.019130628 0.999655565 -0.017965787 -0.114286993 0.015664866 0.993324265 -0.382282508 0.002395623 0.113599582
0.000000000 0.950669229 1.690078735 0.500000000 0.500000000 0.000000000 0.000000000 0.993225386 0.021215385 0.114250778 -0.019280058 0.999651757 -0.018017858 -0.114593247 0.015693032 0.993288536 -0.387512264 0.002366389 0.113634342
