0.000000000 0.453067064 0.805452287 0.500000000 0.500000000 0.000000000 0.000000000 0.998453370 0.000955441 0.055587357 -0.000918371 0.999999339 -0.000692425 -0.055587982 0.000640304 0.998453587 -0.143346414 0.002404222 0.006590844
0.000000000 0.453067064 0.805452287 0.500000000 0.500000000 0.000000000 0.000000000 0.998424769 0.000955463 0.056098741 -0.000918633 0.999999345 -0.000682311 -0.056099356 0.000629702 0.998424993 -0.145392561 0.002429439 0.007258618
0.000000000 0.453067064 0.805452287 0.500000000 0.500000000 0.000000000 0.000000000 0.998395905 0.000955475 0.056610110 -0.000918895 0.999999352 -0.000672198 -0.056610716 0.000619101 0.998396136 -0.147438062 0.002454667 0.007928490
0.000000000 0.453067064 0.805452287 0.500000000 0.500000000 0.000000000 0.000000000 0.998366779 0.000955475 0.057121464 -0.000919157 0.999999358 -0.000662085 -0.057122060 0.000608500 0.998367017 -0.149482913 0.002479905 0.008600458
0.000000000 0.453067064 0.805452287 0.500000000 0.500000000 0.000000000 0.000000000 0.998337391 0.000955465 0.057632803 -0.000919418 0.999999365 -0.000651973 -0.057633389 0.000597900 0.998337636 -0.151527115 0.002505155 0.009274522
0.000000000 0.453067064 0.805452287 0.500000000 0.500000000 0.000000000 0.000000000 0.998307742 0.000955444 0.058144127 -0.000919679 0.999999371 -0.000641860 -0.058144703 0.000587300 0.998307993 -0.153570665 0.002530415 0.009950681
0.000000000 0.453067064 0.805452287 0.500000000 0.500000000 0.000000000 0.000000000 0.998277831 0.000955412 0.058655435 -0.000919940 0.999999377 -0.000631748 -0.058656002 0.000576701 0.998278088 -0.155613551 0.002555685 0.010628936
0.000000000 0.453067064 0.805452287 0.500000000 0.500000000 0.000000000 0.000000000 0.998247657 0.000955369 0.059166729 -0.000920201 0.999999383 -0.000621636 -0.059167287 0.000566102 0.998247921 -0.157655792 0.002580967 0.011309285
0.000000000 0.453067064 0.805452287 0.500000000 0.500000000 0.000000000 0.000000000 0.998218419 0.000976860 0.059657635 -0.000939471 0.999999344 -0.000654773 -0.059658236 0.000597560 0.998218682 -0.159630283 0.002688099 0.011936585
0.000000000 0.453067064 0.805452287 0.500000000 0.500000000 0.000000000 0.000000000 0.998188939 0.000998381 0.060148527 -0.000958739 0.999999304 -0.000687928 -0.060149172 0.000629016 0.998189201 -0.161604190 0.002795280 0.012565836
0.000000000 0.453067064 0.805452287 0.500000000 0.500000000 0.000000000 0.000000000 0.998159217 0.001019934 0.060639401 -0.000978006 0.999999262 -0.000721102 -0.060640092 0.000660469 0.998159478 -0.163577512 0.002902510 0.013197038
0.000000000 0.453067064 0.805452287 0.500000000 0.500000000 0.000000000 0.000000000 0.998129253 0.001041517 0.061130261 -0.000997272 0.999999218 -0.000754296 -0.061130998 0.000691921 0.998129512 -0.165550248 0.003009788 0.013830190
0.000000000 0.453067064 0.805452287 0.500000000 0.500000000 0.000000000 0.000000000 0.998099048 0.001063132 0.061621104 -0.001016536 0.999999173 -0.000787508 -0.061621890 0.000723371 0.998099303 -0.167522385 0.003117115 0.014465292
0.000000000 0.453067064 0.805452287 0.500000000 0.500000000 0.000000000 0.000000000 0.998068601 0.001084777 0.062111930 -0.001035799 0.999999127 -0.000820739 -0.062112766 0.000754819 0.998068853 -0.169493942 0.003224490 0.015102344
0.000000000 0.453067064 0.805452287 0.500000000 0.500000000 0.000000000 0.000000000 0.998037911 0.001106453 0.062602741 -0.001055060 0.999999079 -0.000853989 -0.062603628 0.000786264 0.998038159 -0.171464909 0.003331914 0.015741346
0.000000000 0.453067064 0.805452287 0.500000000 0.500000000 0.000000000 0.000000000 0.998006981 0.001128161 0.063093534 -0.001074320 0.999999029 -0.000887258 -0.063094474 0.000817707 0.998007224 -0.173435283 0.003439386 0.016382296
0.000000000 0.453067064 0.805452287 0.500000000 0.500000000 0.000000000 0.000000000 0.997975808 0.001149899 0.063584311 -0.001093579 0.999998978 -0.000920547 -0.063585305 0.000849149 0.997976046 -0.175405063 0.003546907 0.017025195
0.000000000 0.453067064 0.805452287 0.500000000 0.500000000 0.000000000 0.000000000 0.997944393 0.001171668 0.064075071 -0.001112836 0.999998926 -0.000953854 -0.064076120 0.000880588 0.997944625 -0.177374237 0.003654476 0.017670041
0.000000000 0.453067064 0.805452287 0.500000000 0.500000000 0.000000000 0.000000000 0.997912737 0.001193468 0.064565815 -0.001132091 0.999998872 -0.000987180 -0.064566921 0.000912025 0.997912963 -0.179342825 0.003762093 0.018316835
0.000000000 0.453067064 0.805452287 0.500000000 0.500000000 0.000000000 0.000000000 0.997884882 0.001223524 0.064994353 -0.001160564 0.999998820 -0.001006438 -0.064995507 0.000928880 0.997885124 -0.181053966 0.003850611 0.018886003
0.000000000 0.453067064 0.805452287 0.500000000 0.500000000 0.000000000 0.000000000 0.997856841 0.001253594 0.065422877 -0.001189035 0.999998767 -0.001025722 -0.065424082 0.000945733 0.997857102 -0.182764636 0.003939213 0.019456647
0.000000000 0.453067064 0.805452287 0.500000000 0.500000000 0.000000000 0.000000000 0.997828616 0.001283679 0.065851387 -0.001217505 0.999998713 -0.001045030 -0.065852644 0.000962586 0.997828894 -0.184474845 0.004027900 0.020028766
0.000000000 0.453067064 0.805452287 0.500000000 0.500000000 0.000000000 0.000000000 0.997800206 0.001313779 0.066279885 -0.001245972 0.999998657 -0.001064362 -0.066281195 0.000979438 0.997800503 -0.186184599 0.004116671 0.020602361
0.000000000 0.453067064 0.805452287 0.500000000 0.500000000 0.000000000 0.000000000 0.997771611 0.001343893 0.066708370 -0.001274438 0.999998601 -0.001083719 -0.066709733 0.000996288 0.997771927 -0.187893880 0.004205526 0.021177431
0.000000000 0.453067064 0.805452287 0.500000000 0.500000000 0.000000000 0.000000000 0.997742831 0.001374021 0.067136840 -0.001302902 0.999998543 -0.001103100 -0.067138258 0.001013138 0.997743167 -0.189602706 0.004294465 0.021753977
0.000000000 0.453067064 0.805452287 0.500000000 0.500000000 0.000000000 0.000000000 0.997713866 0.001404164 0.067565298 -0.001331363 0.999998484 -0.001122506 -0.067566772 0.001029986 0.997714223 -0.191311056 0.004383489 0.022331996
0.000000000 0.453067064 0.805452287 0.500000000 0.500000000 0.000000000 0.000000000 0.997684717 0.001434322 0.067993743 -0.001359823 0.999998423 -0.001141936 -0.067995273 0.001046833 0.997685094 -0.193018949 0.004472597 0.022911490
0.000000000 0.453067064 0.805452287 0.500000000 0.500000000 0.000000000 0.000000000 0.997655382 0.001464494 0.068422173 -0.001388281 0.999998362 -0.001161391 -0.068423762 0.001063679 0.997655781 -0.194726363 0.004561788 0.023492458
0.000000000 0.453067064 0.805452287 0.500000000 0.500000000 0.000000000 0.000000000 0.997625863 0.001494680 0.068850589 -0.001416737 0.999998299 -0.001180870 -0.068852237 0.001080523 0.997626284 -0.196433310 0.004651064 0.024074899
0.000000000 0.453067064 0.805452287 0.500000000 0.500000000 0.000000000 0.000000000 0.997596159 0.001524881 0.069278992 -0.001445192 0.999998235 -0.001200374 -0.069280701 0.001097367 0.997596602 -0.198139796 0.004740424 0.024658815
0.000000000 0.453067064 0.805452287 0.500000000 0.500000000 0.000000000 0.000000000 0.997568016 0.001539463 0.069682740 -0.001457385 0.999998183 -0.001228694 -0.069684505 0.001124151 0.997568447 -0.199730728 0.004868659 0.025139862
0.000000000 0.453067064 0.805452287 0.500000000 0.500000000 0.000000000 0.000000000 0.997539709 0.001554066 0.070086477 -0.001469578 0.999998130 -0.001257023 -0.070088300 0.001150933 0.997540127 -0.201321309 0.004996916 0.025622209
0.000000000 0.453067064 0.805452287 0.500000000 0.500000000 0.000000000 0.000000000 0.997511238 0.001568691 0.070490201 -0.001481770 0.999998076 -0.001285363 -0.070492081 0.001177714 0.997511644 -0.202911528 0.005125196 0.026105855
0.000000000 0.453067064 0.805452287 0.500000000 0.500000000 0.000000000 0.000000000 0.997482605 0.001583338 0.070893912 -0.001493961 0.999998021 -0.001313713 -0.070895852 0.001204493 0.997482996 -0.204501375 0.005253500 0.026590797
0.000000000 0.453067064 0.805452287 0.500000000 0.500000000 0.000000000 0.000000000 0.997453807 0.001598006 0.071297611 -0.001506152 0.999997965 -0.001342073 -0.071299610 0.001231270 0.997454184 -0.206090869 0.005381826 0.027077039
0.000000000 0.453067064 0.805452287 0.500000000 0.500000000 0.000000000 0.000000000 0.997424846 0.001612697 0.071701298 -0.001518341 0.999997908 -0.001370442 -0.071703358 0.001258046 0.997425208 -0.207679989 0.005510175 0.027564578
0.000000000 0.453067064 0.805452287 0.500000000 0.500000000 0.000000000 0.000000000 0.997395721 0.001627408 0.072104972 -0.001530529 0.999997850 -0.001398821 -0.072107093 0.001284820 0.997396068 -0.209268754 0.005638547 0.028053415
0.000000000 0.453067064 0.805452287 0.500000000 0.500000000 0.000000000 0.000000000 0.997366433 0.001642142 0.072508633 -0.001542716 0.999997792 -0.001427211 -0.072510817 0.001311592 0.997366764 -0.210857144 0.005766942 0.028543550
0.000000000 0.453067064 0.805452287 0.500000000 0.500000000 0.000000000 0.000000000 0.997336981 0.001656897 0.072912282 -0.001554902 0.999997732 -0.001455610 -0.072914528 0.001338362 0.997337295 -0.212445177 0.005895360 0.029034982
0.000000000 0.453067064 0.805452287 0.500000000 0.500000000 0.000000000 0.000000000 0.997307366 0.001671674 0.073315919 -0.001567088 0.999997671 -0.001484019 -0.073318229 0.001365130 0.997307663 -0.214032833 0.006023801 0.029527711
0.000000000 0.453067064 0.805452287 0.500000000 0.500000000 0.000000000 0.000000000 0.997277587 0.001686473 0.073719542 -0.001579272 0.999997609 -0.001512438 -0.073721916 0.001391897 0.997277866 -0.215620131 0.006152265 0.030021736
0.000000000 0.453067064 0.805452287 0.500000000 0.500000000 0.000000000 0.000000000 0.997245378 0.001681219 0.074154096 -0.001572354 0.999997599 -0.001526458 -0.074156485 0.001405656 0.997245627 -0.217335523 0.006237697 0.030388399
0.000000000 0.453067064 0.805452287 0.500000000 0.500000000 0.000000000 0.000000000 0.997212980 0.001675978 0.074588636 -0.001565435 0.999997588 -0.001540472 -0.074591038 0.001419415 0.997213198 -0.219050636 0.006323101 0.030756563
0.000000000 0.453067064 0.805452287 0.500000000 0.500000000 0.000000000 0.000000000 0.997180392 0.001670749 0.075023162 -0.001558517 0.999997577 -0.001554480 -0.075025578 0.001433172 0.997180580 -0.220765471 0.006408477 0.031126232
0.000000000 0.453067064 0.805452287 0.500000000 0.500000000 0.000000000 0.000000000 0.997147615 0.001665532 0.075457675 -0.001551600 0.999997566 -0.001568482 -0.075460103 0.001446928 0.997147772 -0.222480026 0.006493825 0.031497402
0.000000000 0.453067064 0.805452287 0.500000000 0.500000000 0.000000000 0.000000000 0.997114648 0.001660327 0.075892173 -0.001544682 0.999997555 -0.001582478 -0.075894615 0.001460683 0.997114775 -0.224194300 0.006579145 0.031870075
0.000000000 0.453067064 0.805452287 0.500000000 0.500000000 0.000000000 0.000000000 0.997081492 0.001655133 0.076326656 -0.001537764 0.999997543 -0.001596468 -0.076329111 0.001474437 0.997081588 -0.225908292 0.006664437 0.032244250
0.000000000 0.453067064 0.805452287 0.500000000 0.500000000 0.000000000 0.000000000 0.997048147 0.001649952 0.076761126 -0.001530847 0.999997531 -0.001610452 -0.076763593 0.001488189 0.997048211 -0.227622001 0.006749701 0.032619928
0.000000000 0.453067064 0.805452287 0.500000000 0.500000000 0.000000000 0.000000000 0.997014612 0.001644783 0.077195581 -0.001523930 0.999997519 -0.001624431 -0.077198061 0.001501940 0.997014646 -0.229335426 0.006834937 0.032997108
0.000000000 0.453067064 0.805452287 0.500000000 0.500000000 0.000000000 0.000000000 0.996980888 0.001639626 0.077630022 -0.001517013 0.999997507 -0.001638403 -0.077632514 0.001515690 0.996980890 -0.231048557 0.006920145 0.033375789
0.000000000 0.453067064 0.805452287 0.500000000 0.500000000 0.000000000 0.000000000 0.996946975 0.001634481 0.078064447 -0.001510096 0.999997495 -0.001652369 -0.078066952 0.001529439 0.996946945 -0.232761412 0.007005325 0.033755972
0.000000000 0.453067064 0.805452287 0.500000000 0.500000000 0.000000000 0.000000000 0.996912872 0.001629348 0.078498858 -0.001503179 0.999997482 -0.001666329 -0.078501376 0.001543187 0.996912811 -0.234473980 0.007090477 0.034137656
0.000000000 0.453067064 0.805452287 0.500000000 0.500000000 0.000000000 0.000000000 0.996877231 0.001641130 0.078949946 -0.001516612 0.999997510 -0.001637114 -0.078952436 0.001512265 0.996877237 -0.236277637 0.007054913 0.034435081
0.000000000 0.453067064 0.805452287 0.500000000 0.500000000 0.000000000 0.000000000 0.996841385 0.001652885 0.079401019 -0.001530044 0.999997537 -0.001607911 -0.079403481 0.001481345 0.996841458 -0.238081064 0.007019401 0.034734146
0.000000000 0.453067064 0.805452287 0.500000000 0.500000000 0.000000000 0.000000000 0.996805335 0.001664612 0.079852076 -0.001543474 0.999997563 -0.001578720 -0.079854509 0.001450427 0.996805474 -0.239884279 0.006983940 0.035034853
0.000000000 0.453067064 0.805452287 0.500000000 0.500000000 0.000000000 0.000000000 0.996769080 0.001676310 0.080303117 -0.001556904 0.999997587 -0.001549542 -0.080305521 0.001419511 0.996769285 -0.241687262 0.006948530 0.035337202
0.000000000 0.453067064 0.805452287 0.500000000 0.500000000 0.000000000 0.000000000 0.996732622 0.001687981 0.080754143 -0.001570331 0.999997611 -0.001520376 -0.080756516 0.001388597 0.996732891 -0.243490030 0.006913172 0.035641192
0.000000000 0.453067064 0.805452287 0.500000000 0.500000000 0.000000000 0.000000000 0.996695959 0.001699624 0.081205153 -0.001583758 0.999997634 -0.001491222 -0.081207495 0.001357685 0.996696292 -0.245292562 0.006877865 0.035946822
0.000000000 0.453067064 0.805452287 0.500000000 0.500000000 0.000000000 0.000000000 0.996659092 0.001711239 0.081656147 -0.001597183 0.999997656 -0.001462080 -0.081658457 0.001326775 0.996659488 -0.247094879 0.006842610 0.036254095
0.000000000 0.453067064 0.805452287 0.500000000 0.500000000 0.000000000 0.000000000 0.996622021 0.001722826 0.082107125 -0.001610607 0.999997676 -0.001432950 -0.082109403 0.001295867 0.996622480 -0.248896958 0.006807405 0.036563008
0.000000000 0.453067064 0.805452287 0.500000000 0.500000000 0.000000000 0.000000000 0.996584745 0.001734385 0.082558087 -0.001624030 0.999997696 -0.001403832 -0.082560332 0.001264961 0.996585266 -0.250698819 0.006772252 0.036873561
0.000000000 0.453067064 0.805452287 0.500000000 0.500000000 0.000000000 0.000000000 0.996547265 0.001745916 0.083009033 -0.001637451 0.999997714 -0.001374727 -0.083011244 0.001234057 0.996547847 -0.252500449 0.006737151 0.037185757
0.000000000 0.453067064 0.805452287 0.500000000 0.500000000 0.000000000 0.000000000 0.996509582 0.001757419 0.083459963 -0.001650871 0.999997732 -0.001345634 -0.083462138 0.001203155 0.996510223 -0.254301839 0.006702100 0.037499591
0.000000000 0.453067064 0.805452287 0.500000000 0.500000000 0.000000000 0.000000000 0.996470017 0.001773699 0.083930676 -0.001666699 0.999997707 -0.001344918 -0.083932869 0.001200283 0.996470688 -0.256143965 0.006724717 0.037839414
0.000000000 0.453067064 0.805452287 0.500000000 0.500000000 0.000000000 0.000000000 0.996430231 0.001789976 0.084401371 -0.001682525 0.999997681 -0.001344217 -0.084403582 0.001197411 0.996430932 -0.257985835 0.006747392 0.038180989
0.000000000 0.453067064 0.805452287 0.500000000 0.500000000 0.000000000 0.000000000 0.996390221 0.001806251 0.084872047 -0.001698349 0.999997655 -0.001343531 -0.084874275 0.001194539 0.996390953 -0.259827429 0.006770125 0.038524310
0.000000000 0.453067064 0.805452287 0.500000000 0.500000000 0.000000000 0.000000000 0.996349989 0.001822523 0.085342705 -0.001714172 0.999997629 -0.001342860 -0.085344950 0.001191667 0.996350751 -0.261668764 0.006792918 0.038869380
0.000000000 0.453067064 0.805452287 0.500000000 0.500000000 0.000000000 0.000000000 0.996309535 0.001838792 0.085813342 -0.001729993 0.999997603 -0.001342204 -0.085815605 0.001188795 0.996310328 -0.263509821 0.006815769 0.039216199
0.000000000 0.453067064 0.805452287 0.500000000 0.500000000 0.000000000 0.000000000 0.996268858 0.001855058 0.086283962 -0.001745812 0.999997576 -0.001341563 -0.086286241 0.001185922 0.996269681 -0.265350607 0.006838678 0.039564764
0.000000000 0.453067064 0.805452287 0.500000000 0.500000000 0.000000000 0.000000000 0.996227958 0.001871322 0.086754561 -0.001761630 0.999997549 -0.001340938 -0.086756858 0.001183050 0.996228813 -0.267191132 0.006861647 0.039915079
0.000000000 0.453067064 0.805452287 0.500000000 0.500000000 0.000000000 0.000000000 0.996186836 0.001887583 0.087225142 -0.001777446 0.999997522 -0.001340327 -0.087227456 0.001180178 0.996187722 -0.269031373 0.006884674 0.040267141
0.000000000 0.453067064 0.805452287 0.500000000 0.500000000 0.000000000 0.000000000 0.996145491 0.001903841 0.087695703 -0.001793260 0.999997495 -0.001339731 -0.087698034 0.001177305 0.996146409 -0.270871351 0.006907759 0.040620951
0.000000000 0.453067064 0.805452287 0.500000000 0.500000000 0.000000000 0.000000000 0.996103924 0.001920097 0.088166245 -0.001809072 0.999997467 -0.001339150 -0.088168593 0.001174433 0.996104874 -0.272711044 0.006930903 0.040976507
0.000000000 0.453067064 0.805452287 0.500000000 0.500000000 0.000000000 0.000000000 0.996062134 0.001936350 0.088636766 -0.001824883 0.999997439 -0.001338584 -0.088639131 0.001171561 0.996063116 -0.274550460 0.006954105 0.041333810
0.000000000 0.453067064 0.805452287 0.500000000 0.500000000 0.000000000 0.000000000 0.996020512 0.001951253 0.089102929 -0.001838720 0.999997405 -0.001345023 -0.089105322 0.001175835 0.996021515 -0.276437096 0.006998117 0.041754684
0.000000000 0.453067064 0.805452287 0.500000000 0.500000000 0.000000000 0.000000000 0.995978672 0.001966161 0.089569072 -0.001852556 0.999997371 -0.001351475 -0.089571494 0.001180109 0.995979696 -0.278323387 0.007042179 0.042177332
0.000000000 0.453067064 0.805452287 0.500000000 0.500000000 0.000000000 0.000000000 0.995936614 0.001981073 0.090035194 -0.001866390 0.999997336 -0.001357941 -0.090037645 0.001184382 0.995937659 -0.280209351 0.007086293 0.042601756
0.000000000 0.453067064 0.805452287 0.500000000 0.500000000 0.000000000 0.000000000 0.995894337 0.001995990 0.090501297 -0.001880222 0.999997302 -0.001364419 -0.090503777 0.001188655 0.995895403 -0.282094968 0.007130457 0.043027954
0.000000000 0.453067064 0.805452287 0.500000000 0.500000000 0.000000000 0.000000000 0.995851842 0.002010909 0.090967381 -0.001894053 0.999997267 -0.001370911 -0.090969889 0.001192927 0.995852929 -0.283980255 0.007174673 0.043455929
0.000000000 0.453067064 0.805452287 0.500000000 0.500000000 0.000000000 0.000000000 0.995809129 0.002025834 0.091433444 -0.001907882 0.999997231 -0.001377415 -0.091435981 0.001197198 0.995810237 -0.285865191 0.007218939 0.043885676
0.000000000 0.453067064 0.805452287 0.500000000 0.500000000 0.000000000 0.000000000 0.995766197 0.002040762 0.091899486 -0.001921709 0.999997196 -0.001383933 -0.091902053 0.001201469 0.995767327 -0.287749796 0.007263256 0.044317199
