0.000000000 0.674174607 1.198532581 0.500000000 0.500000000 0.000000000 0.000000000 0.999999999 0.000048047 -0.000013764 -0.000048048 0.999999996 -0.000080927 0.000013760 0.000080928 0.999999997 0.000010130 0.000127485 0.000068593
0.000000000 0.674174607 1.198532581 0.500000000 0.500000000 0.000000000 0.000000000 0.999999840 0.000111458 -0.000554882 -0.000111538 0.999999984 -0.000142768 0.000554866 0.000142830 0.999999836 -0.000893120 0.000611257 -0.007373085
0.000000000 0.674174607 1.198532581 0.500000000 0.500000000 0.000000000 0.000000000 0.999999384 0.000174803 -0.001096008 -0.000175027 0.999999964 -0.000204541 0.001095972 0.000204733 0.999999378 -0.001788254 0.001096063 -0.014815678
0.000000000 0.674174607 1.198532581 0.500000000 0.500000000 0.000000000 0.000000000 0.999998632 0.000238081 -0.001637142 -0.000238517 0.999999936 -0.000266245 0.001637078 0.000266636 0.999998624 -0.002675272 0.001581903 -0.022259179
0.000000000 0.674174607 1.198532581 0.500000000 0.500000000 0.000000000 0.000000000 0.999997582 0.000301291 -0.002178282 -0.000302006 0.999999901 -0.000327881 0.002178183 0.000328538 0.999997574 -0.003554174 0.002068773 -0.029703584
0.000000000 0.674174607 1.198532581 0.500000000 0.500000000 0.000000000 0.000000000 0.999996236 0.000364435 -0.002719430 -0.000365495 0.999999857 -0.000389447 0.002719288 0.000390440 0.999996227 -0.004424957 0.002556674 -0.037148884
0.000000000 0.674174607 1.198532581 0.500000000 0.500000000 0.000000000 0.000000000 0.999994405 0.000397878 -0.003321299 -0.000398548 0.999999900 -0.000200945 0.003321219 0.000202268 0.999994464 -0.004789449 0.003847673 -0.045089771
0.000000000 0.674174607 1.198532581 0.500000000 0.500000000 0.000000000 0.000000000 0.999992211 0.000431548 -0.003923154 -0.000431600 0.999999907 -0.000012403 0.003923148 0.000014096 0.999992304 -0.005144296 0.005135704 -0.053031594
0.000000000 0.674174607 1.198532581 0.500000000 0.500000000 0.000000000 0.000000000 0.999989654 0.000465445 -0.004524995 -0.000464653 0.999999877 0.000176178 0.004525076 -0.000174074 0.999989747 -0.005489499 0.006420768 -0.060974345
0.000000000 0.674174607 1.198532581 0.500000000 0.500000000 0.000000000 0.000000000 0.999986733 0.000499568 -0.005126821 -0.000497704 0.999999810 0.000364800 0.005127003 -0.000362244 0.999986791 -0.005825055 0.007702862 -0.068918014
0.000000000 0.674174607 1.198532581 0.500000000 0.500000000 0.000000000 0.000000000 0.999983449 0.000533918 -0.005728633 -0.000530756 0.999999706 0.000553461 0.005728927 -0.000550412 0.999983438 -0.006150964 0.008981986 -0.076862592
0.000000000 0.674174607 1.198532581 0.500000000 0.500000000 0.000000000 0.000000000 0.999980423 0.000579642 -0.006230402 -0.000576685 0.999999720 0.000476360 0.006230676 -0.000472758 0.999980477 -0.006120237 0.009286346 -0.085010317
0.000000000 0.674174607 1.198532581 0.500000000 0.500000000 0.000000000 0.000000000 0.999977143 0.000625289 -0.006732176 -0.000622614 0.999999726 0.000399304 0.006732424 -0.000395104 0.999977259 -0.006081307 0.009591964 -0.093157982
0.000000000 0.674174607 1.198532581 0.500000000 0.500000000 0.000000000 0.000000000 0.999973610 0.000670857 -0.007233956 -0.000668543 0.999999725 0.000322295 0.007234170 -0.000317450 0.999973783 -0.006034174 0.009898837 -0.101305577
0.000000000 0.674174607 1.198532581 0.500000000 0.500000000 0.000000000 0.000000000 0.999969822 0.000716348 -0.007735741 -0.000714471 0.999999715 0.000245332 0.007735914 -0.000239797 0.999970049 -0.005978837 0.010206965 -0.109453113
0.000000000 0.674174607 1.198532581 0.500000000 0.500000000 0.000000000 0.000000000 0.999965781 0.000761760 -0.008237530 -0.000760399 0.999999697 0.000168415 0.008237656 -0.000162145 0.999966057 -0.005915296 0.010516347 -0.117600560
0.000000000 0.674174607 1.198532581 0.500000000 0.500000000 0.000000000 0.000000000 0.999962815 0.000855590 -0.008581141 -0.000853613 0.999999608 0.000234004 0.008581338 -0.000226670 0.999963154 -0.006311645 0.011740627 -0.124637461
0.000000000 0.674174607 1.198532581 0.500000000 0.500000000 0.000000000 0.000000000 0.999959723 0.000949464 -0.008924738 -0.000946827 0.999999507 0.000299657 0.008925018 -0.000291195 0.999960129 -0.006702929 0.012964070 -0.131674807
0.000000000 0.674174607 1.198532581 0.500000000 0.500000000 0.000000000 0.000000000 0.999956504 0.001043382 -0.009268322 -0.001040041 0.999999392 0.000365375 0.009268698 -0.000355720 0.999956981 -0.007089147 0.014186673 -0.138712605
0.000000000 0.674174607 1.198532581 0.500000000 0.500000000 0.000000000 0.000000000 0.999953158 0.001137345 -0.009611893 -0.001133253 0.999999265 0.000431157 0.009612376 -0.000420244 0.999953712 -0.007470301 0.015408435 -0.145750834
0.000000000 0.674174607 1.198532581 0.500000000 0.500000000 0.000000000 0.000000000 0.999949685 0.001231352 -0.009955451 -0.001226465 0.999999124 0.000497002 0.009956054 -0.000484767 0.999950320 -0.007846388 0.016629356 -0.152789510
0.000000000 0.674174607 1.198532581 0.500000000 0.500000000 0.000000000 0.000000000 0.999945977 0.001289309 -0.010314097 -0.001284769 0.999999075 0.000446761 0.010314663 -0.000433485 0.999946708 -0.008370776 0.017210106 -0.160295988
0.000000000 0.674174607 1.198532581 0.500000000 0.500000000 0.000000000 0.000000000 0.999942137 0.001347229 -0.010672748 -0.001343073 0.999999019 0.000396561 0.010673271 -0.000382204 0.999942966 -0.008889712 0.017791680 -0.167802804
0.000000000 0.674174607 1.198532581 0.500000000 0.500000000 0.000000000 0.000000000 0.999938165 0.001405113 -0.011031403 -0.001401377 0.999998958 0.000346403 0.011031878 -0.000330922 0.999939092 -0.009403197 0.018374075 -0.175309963
0.000000000 0.674174607 1.198532581 0.500000000 0.500000000 0.000000000 0.000000000 0.999934061 0.001462959 -0.011390062 -0.001459679 0.999998891 0.000296287 0.011390483 -0.000279641 0.999935087 -0.009911230 0.018957291 -0.182817444
0.000000000 0.674174607 1.198532581 0.500000000 0.500000000 0.000000000 0.000000000 0.999929825 0.001520769 -0.011748726 -0.001517981 0.999998818 0.000246213 0.011749087 -0.000228361 0.999930951 -0.010413811 0.019541328 -0.190325252
0.000000000 0.674174607 1.198532581 0.500000000 0.500000000 0.000000000 0.000000000 0.999923146 0.001490065 -0.012307798 -0.001487730 0.999998874 0.000198880 0.012308080 -0.000180554 0.999924236 -0.010785785 0.020413494 -0.197944476
0.000000000 0.674174607 1.198532581 0.500000000 0.500000000 0.000000000 0.000000000 0.999916154 0.001459308 -0.012866863 -0.001457479 0.999998926 0.000151514 0.012867070 -0.000132748 0.999917207 -0.011149295 0.021286351 -0.205564081
0.000000000 0.674174607 1.198532581 0.500000000 0.500000000 0.000000000 0.000000000 0.999908848 0.001428497 -0.013425922 -0.001427228 0.999998976 0.000104114 0.013426057 -0.000084943 0.999909863 -0.011504342 0.022159901 -0.213184079
0.000000000 0.674174607 1.198532581 0.500000000 0.500000000 0.000000000 0.000000000 0.999901229 0.001397633 -0.013984973 -0.001396977 0.999999023 0.000056681 0.013985038 -0.000037138 0.999902204 -0.011850927 0.023034146 -0.220804454
0.000000000 0.674174607 1.198532581 0.500000000 0.500000000 0.000000000 0.000000000 0.999893296 0.001366715 -0.014544016 -0.001366726 0.999999066 0.000009213 0.014544015 0.000010666 0.999894230 -0.012189047 0.023909086 -0.228425188
0.000000000 0.674174607 1.198532581 0.500000000 0.500000000 0.000000000 0.000000000 0.999884744 0.001365604 -0.015120624 -0.001367415 0.999999059 -0.000109429 0.015120461 0.000130093 0.999885671 -0.011899967 0.024793082 -0.236672240
0.000000000 0.674174607 1.198532581 0.500000000 0.500000000 0.000000000 0.000000000 0.999875860 0.001364355 -0.015697228 -0.001368103 0.999999038 -0.000228071 0.015696901 0.000249518 0.999876765 -0.011601381 0.025679035 -0.244918815
0.000000000 0.674174607 1.198532581 0.500000000 0.500000000 0.000000000 0.000000000 0.999866644 0.001362968 -0.016273824 -0.001368791 0.999999003 -0.000346711 0.016273336 0.000368940 0.999867512 -0.011293290 0.026566943 -0.253164925
0.000000000 0.674174607 1.198532581 0.500000000 0.500000000 0.000000000 0.000000000 0.999857095 0.001361443 -0.016850417 -0.001369479 0.999998954 -0.000465351 0.016849766 0.000488361 0.999857913 -0.010975695 0.027456806 -0.261410541
0.000000000 0.674174607 1.198532581 0.500000000 0.500000000 0.000000000 0.000000000 0.999847214 0.001359781 -0.017427003 -0.001370166 0.999998891 -0.000583990 0.017426190 0.000607779 0.999847968 -0.010648596 0.028348624 -0.269655674
0.000000000 0.674174607 1.198532581 0.500000000 0.500000000 0.000000000 0.000000000 0.999841749 0.001390122 -0.017735422 -0.001401872 0.999998806 -0.000650086 0.017734497 0.000674846 0.999842504 -0.010568121 0.029056626 -0.277138289
0.000000000 0.674174607 1.198532581 0.500000000 0.500000000 0.000000000 0.000000000 0.999836188 0.001420421 -0.018043842 -0.001433577 0.999998716 -0.000716163 0.018042802 0.000741913 0.999836940 -0.010482988 0.029765619 -0.284620787
0.000000000 0.674174607 1.198532581 0.500000000 0.500000000 0.000000000 0.000000000 0.999830531 0.001450680 -0.018352266 -0.001465281 0.999998621 -0.000782220 0.018351106 0.000808978 0.999831277 -0.010393198 0.030475603 -0.292103175
0.000000000 0.674174607 1.198532581 0.500000000 0.500000000 0.000000000 0.000000000 0.999824777 0.001480896 -0.018660691 -0.001496986 0.999998520 -0.000848257 0.018659407 0.000876043 0.999825514 -0.010298748 0.031186578 -0.299585431
0.000000000 0.674174607 1.198532581 0.500000000 0.500000000 0.000000000 0.000000000 0.999818928 0.001511072 -0.018969119 -0.001528689 0.999998414 -0.000914275 0.018967707 0.000943107 0.999819652 -0.010199641 0.031898544 -0.307067563
0.000000000 0.674174607 1.198532581 0.500000000 0.500000000 0.000000000 0.000000000 0.999813462 0.001640783 -0.019244430 -0.001658199 0.999998230 -0.000889045 0.019242937 0.000920790 0.999814414 -0.010578039 0.032888785 -0.314204951
0.000000000 0.674174607 1.198532581 0.500000000 0.500000000 0.000000000 0.000000000 0.999807904 0.001770507 -0.019519733 -0.001787707 0.999998029 -0.000863743 0.019518166 0.000898472 0.999809099 -0.010952251 0.033878799 -0.321342617
0.000000000 0.674174607 1.198532581 0.500000000 0.500000000 0.000000000 0.000000000 0.999802253 0.001900244 -0.019795029 -0.001917214 0.999997811 -0.000838370 0.019793392 0.000876155 0.999803708 -0.011322278 0.034868586 -0.328480570
0.000000000 0.674174607 1.198532581 0.500000000 0.500000000 0.000000000 0.000000000 0.999796510 0.002029992 -0.020070317 -0.002046719 0.999997575 -0.000812925 0.020068618 0.000853838 0.999798240 -0.011688119 0.035858143 -0.335618789
0.000000000 0.674174607 1.198532581 0.500000000 0.500000000 0.000000000 0.000000000 0.999790674 0.002159753 -0.020345597 -0.002176223 0.999997322 -0.000787410 0.020343841 0.000831521 0.999792697 -0.012049775 0.036847469 -0.342757280
0.000000000 0.674174607 1.198532581 0.500000000 0.500000000 0.000000000 0.000000000 0.999781340 0.002144367 -0.020800822 -0.002164109 0.999997229 -0.000926651 0.020798777 0.000971464 0.999783210 -0.012598858 0.037452889 -0.350308994
0.000000000 0.674174607 1.198532581 0.500000000 0.500000000 0.000000000 0.000000000 0.999771798 0.002128854 -0.021256040 -0.002151996 0.999997116 -0.001065904 0.021253710 0.001111404 0.999773497 -0.013141084 0.038060390 -0.357861105
0.000000000 0.674174607 1.198532581 0.500000000 0.500000000 0.000000000 0.000000000 0.999762050 0.002113213 -0.021711250 -0.002139882 0.999996984 -0.001205168 0.021708638 0.001251341 0.999763557 -0.013676453 0.038669972 -0.365413629
0.000000000 0.674174607 1.198532581 0.500000000 0.500000000 0.000000000 0.000000000 0.999752094 0.002097445 -0.022166450 -0.002127768 0.999996833 -0.001344443 0.022163560 0.001391274 0.999753390 -0.014204966 0.039281635 -0.372966549
0.000000000 0.674174607 1.198532581 0.500000000 0.500000000 0.000000000 0.000000000 0.999741931 0.002081550 -0.022621643 -0.002115654 0.999996661 -0.001483728 0.022618479 0.001531205 0.999742997 -0.014726621 0.039895379 -0.380519851
0.000000000 0.674174607 1.198532581 0.500000000 0.500000000 0.000000000 0.000000000 0.999727021 0.002097043 -0.023269861 -0.002134416 0.999996472 -0.001581382 0.023266462 0.001630618 0.999727969 -0.014234046 0.041395169 -0.388359508
0.000000000 0.674174607 1.198532581 0.500000000 0.500000000 0.000000000 0.000000000 0.999711690 0.002112406 -0.023918072 -0.002153178 0.999996272 -0.001679012 0.023914436 0.001730027 0.999712512 -0.013731261 0.042896479 -0.396198384
0.000000000 0.674174607 1.198532581 0.500000000 0.500000000 0.000000000 0.000000000 0.999695939 0.002127640 -0.024566276 -0.002171937 0.999996063 -0.001776617 0.024562400 0.001829433 0.999696625 -0.013218268 0.044399305 -0.404036478
0.000000000 0.674174607 1.198532581 0.500000000 0.500000000 0.000000000 0.000000000 0.999679768 0.002142746 -0.025214473 -0.002190696 0.999995844 -0.001874197 0.025210353 0.001928834 0.999680308 -0.012695068 0.045903648 -0.411873790
0.000000000 0.674174607 1.198532581 0.500000000 0.500000000 0.000000000 0.000000000 0.999663177 0.002157723 -0.025862663 -0.002209452 0.999995615 -0.001971754 0.025858295 0.002028232 0.999663561 -0.012161662 0.047409508 -0.419710290
0.000000000 0.674174607 1.198532581 0.500000000 0.500000000 0.000000000 0.000000000 0.999649545 0.002177663 -0.026382650 -0.002236377 0.999995088 -0.002196179 0.026377738 0.002254411 0.999649505 -0.011541139 0.048091759 -0.427428859
0.000000000 0.674174607 1.198532581 0.500000000 0.500000000 0.000000000 0.000000000 0.999635643 0.002197368 -0.026902640 -0.002263301 0.999994509 -0.002420576 0.026897174 0.002480583 0.999635128 -0.010912561 0.048777456 -0.435146610
0.000000000 0.674174607 1.198532581 0.500000000 0.500000000 0.000000000 0.000000000 0.999621471 0.002216838 -0.027422633 -0.002290223 0.999993880 -0.002644945 0.027416602 0.002706748 0.999620430 -0.010275929 0.049466596 -0.442863524
0.000000000 0.674174607 1.198532581 0.500000000 0.500000000 0.000000000 0.000000000 0.999607027 0.002236073 -0.027942630 -0.002317144 0.999993199 -0.002869286 0.027936024 0.002932905 0.999605410 -0.009631243 0.050159179 -0.450579615
0.000000000 0.674174607 1.198532581 0.500000000 0.500000000 0.000000000 0.000000000 0.999592314 0.002255073 -0.028462628 -0.002344063 0.999992467 -0.003093599 0.028455437 0.003159055 0.999590070 -0.008978504 0.050855205 -0.458294865
0.000000000 0.674174607 1.198532581 0.500000000 0.500000000 0.000000000 0.000000000 0.999583952 0.002365320 -0.028745920 -0.002452358 0.999992514 -0.002992947 0.028738626 0.003062197 0.999582270 -0.009337431 0.052091192 -0.465272845
0.000000000 0.674174607 1.198532581 0.500000000 0.500000000 0.000000000 0.000000000 0.999575499 0.002475623 -0.029029188 -0.002560650 0.999992539 -0.002892234 0.029021811 0.002965340 0.999574380 -0.009692134 0.053325900 -0.472251323
0.000000000 0.674174607 1.198532581 0.500000000 0.500000000 0.000000000 0.000000000 0.999566953 0.002585980 -0.029312431 -0.002668941 0.999992542 -0.002791460 0.029304994 0.002868484 0.999566401 -0.010042614 0.054559326 -0.479230277
0.000000000 0.674174607 1.198532581 0.500000000 0.500000000 0.000000000 0.000000000 0.999558316 0.002696392 -0.029595651 -0.002777230 0.999992524 -0.002690624 0.029588175 0.002771629 0.999558331 -0.010388868 0.055791472 -0.486209725
0.000000000 0.674174607 1.198532581 0.500000000 0.500000000 0.000000000 0.000000000 0.999549587 0.002806859 -0.029878847 -0.002885516 0.999992484 -0.002589727 0.029871354 0.002674776 0.999550173 -0.010730899 0.057022333 -0.493189645
0.000000000 0.674174607 1.198532581 0.500000000 0.500000000 0.000000000 0.000000000 0.999536325 0.002813738 -0.030318600 -0.002895587 0.999992280 -0.002656047 0.030310893 0.002742606 0.999536757 -0.010999317 0.057579826 -0.500533568
0.000000000 0.674174607 1.198532581 0.500000000 0.500000000 0.000000000 0.000000000 0.999522870 0.002820557 -0.030758347 -0.002905656 0.999992073 -0.002722359 0.030750425 0.002810433 0.999523143 -0.011261268 0.058138299 -0.507877750
0.000000000 0.674174607 1.198532581 0.500000000 0.500000000 0.000000000 0.000000000 0.999509222 0.002827316 -0.031198089 -0.002915725 0.999991861 -0.002788662 0.031189951 0.002878258 0.999509331 -0.011516748 0.058697755 -0.515222186
0.000000000 0.674174607 1.198532581 0.500000000 0.500000000 0.000000000 0.000000000 0.999495381 0.002834016 -0.031637827 -0.002925793 0.999991644 -0.002854955 0.031629472 0.002946080 0.999495321 -0.011765760 0.059258190 -0.522566882
0.000000000 0.674174607 1.198532581 0.500000000 0.500000000 0.000000000 0.000000000 0.999481346 0.002840656 -0.032077559 -0.002935861 0.999991424 -0.002921240 0.032068986 0.003013900 0.999481114 -0.012008303 0.059819606 -0.529911814
0.000000000 0.674174607 1.198532581 0.500000000 0.500000000 0.000000000 0.000000000 0.999455644 0.002861907 -0.032866767 -0.002958531 0.999991443 -0.002891608 0.032858210 0.002987271 0.999455559 -0.011349238 0.061016716 -0.537587421
0.000000000 0.674174607 1.198532581 0.500000000 0.500000000 0.000000000 0.000000000 0.999429319 0.002883200 -0.033655954 -0.002981198 0.999991461 -0.002861939 0.033647415 0.002960641 0.999429380 -0.010678003 0.062213352 -0.545262385
0.000000000 0.674174607 1.198532581 0.500000000 0.500000000 0.000000000 0.000000000 0.999402370 0.002904535 -0.034445118 -0.003003862 0.999991478 -0.002832234 0.034436598 0.002934010 0.999402578 -0.009994599 0.063409515 -0.552936691
0.000000000 0.674174607 1.198532581 0.500000000 0.500000000 0.000000000 0.000000000 0.999374798 0.002925912 -0.035234259 -0.003026523 0.999991493 -0.002802494 0.035225759 0.002907379 0.999375151 -0.009299027 0.064605202 -0.560610325
0.000000000 0.674174607 1.198532581 0.500000000 0.500000000 0.000000000 0.000000000 0.999346601 0.002947331 -0.036023377 -0.003049181 0.999991507 -0.002772718 0.036014899 0.002880748 0.999347101 -0.008591288 0.065800412 -0.568283273
0.000000000 0.674174607 1.198532581 0.500000000 0.500000000 0.000000000 0.000000000 0.999322869 0.002942732 -0.036676204 -0.003052964 0.999990989 -0.002949911 0.036667193 0.003059884 0.999322848 -0.007639166 0.066531761 -0.576502183
0.000000000 0.674174607 1.198532581 0.500000000 0.500000000 0.000000000 0.000000000 0.999298711 0.002937899 -0.037329016 -0.003056746 0.999990439 -0.003127099 0.037319472 0.003239011 0.999298137 -0.006676314 0.067266022 -0.584719846
0.000000000 0.674174607 1.198532581 0.500000000 0.500000000 0.000000000 0.000000000 0.999274127 0.002932831 -0.037981810 -0.003060526 0.999989857 -0.003304281 0.037971734 0.003418127 0.999272968 -0.005702732 0.068003197 -0.592936262
0.000000000 0.674174607 1.198532581 0.500000000 0.500000000 0.000000000 0.000000000 0.999249117 0.002927530 -0.038634588 -0.003064304 0.999989245 -0.003481459 0.038623980 0.003597233 0.999247341 -0.004718422 0.068743285 -0.601151400
0.000000000 0.674174607 1.198532581 0.500000000 0.500000000 0.000000000 0.000000000 0.999223682 0.002921995 -0.039287348 -0.003068081 0.999988601 -0.003658631 0.039276210 0.003776328 0.999221256 -0.003723386 0.069486286 -0.609365257
