0.000000000 0.472461373 0.839931190 0.500000000 0.500000000 0.000000000 0.000000000 0.999999971 0.000239148 -0.000041929 -0.000239151 0.999999969 -0.000064302 0.000041914 0.000064312 0.999999997 0.000220617 0.000212200 -0.000160787
0.000000000 0.472461373 0.839931190 0.500000000 0.500000000 0.000000000 0.000000000 0.999984922 0.000403346 0.005476596 -0.000402129 0.999999894 -0.000223386 -0.005476686 0.000221180 0.999984978 -0.007562040 -0.000990399 -0.029390836
0.000000000 0.472461373 0.839931190 0.500000000 0.500000000 0.000000000 0.000000000 0.999939392 0.000569276 0.010994903 -0.000565085 0.999999767 -0.000384268 -0.010995119 0.000378032 0.999939480 -0.015667461 -0.002181095 -0.058534484
0.000000000 0.472461373 0.839931190 0.500000000 0.500000000 0.000000000 0.000000000 0.999863382 0.000736937 0.016512821 -0.000728004 0.999999585 -0.000546950 -0.016513217 0.000534854 0.999863504 -0.024094922 -0.003359732 -0.087589061
0.000000000 0.472461373 0.839931190 0.500000000 0.500000000 0.000000000 0.000000000 0.999756895 0.000906328 0.022030182 -0.000890871 0.999999350 -0.000711429 -0.022030812 0.000691630 0.999757053 -0.032843679 -0.004526151 -0.116551904
0.000000000 0.472461373 0.839931190 0.500000000 0.500000000 0.000000000 0.000000000 0.999619934 0.001077451 0.027546818 -0.001053672 0.999999060 -0.000877706 -0.027547738 0.000848347 0.999620129 -0.041912968 -0.005680198 -0.145420358
0.000000000 0.472461373 0.839931190 0.500000000 0.500000000 0.000000000 0.000000000 0.999546348 0.001150355 0.030096090 -0.001122222 0.999998917 -0.000951655 -0.030097152 0.000917449 0.999546557 -0.046559259 -0.005951551 -0.155439565
0.000000000 0.472461373 0.839931190 0.500000000 0.500000000 0.000000000 0.000000000 0.999466256 0.001223612 0.032645156 -0.001190753 0.999998765 -0.001025954 -0.032646371 0.000986535 0.999466478 -0.051256939 -0.006220786 -0.165435985
0.000000000 0.472461373 0.839931190 0.500000000 0.500000000 0.000000000 0.000000000 0.999379657 0.001297221 0.035193999 -0.001259266 0.999998601 -0.001100603 -0.035195378 0.001055602 0.999379893 -0.056005922 -0.006487892 -0.175409441
0.000000000 0.472461373 0.839931190 0.500000000 0.500000000 0.000000000 0.000000000 0.999286553 0.001371183 0.037742604 -0.001327758 0.999998428 -0.001175602 -0.037744156 0.001124650 0.999286803 -0.060806121 -0.006752860 -0.185359715
0.000000000 0.472461373 0.839931190 0.500000000 0.500000000 0.000000000 0.000000000 0.999186944 0.001445498 0.040290951 -0.001396229 0.999998243 -0.001250950 -0.040292688 0.001193677 0.999187207 -0.065657448 -0.007015679 -0.195286633
0.000000000 0.472461373 0.839931190 0.500000000 0.500000000 0.000000000 0.000000000 0.999097428 0.001495161 0.042451083 -0.001439884 0.999998075 -0.001332670 -0.042452994 0.001270342 0.999097658 -0.069935514 -0.007050872 -0.202373308
0.000000000 0.472461373 0.839931190 0.500000000 0.500000000 0.000000000 0.000000000 0.999003238 0.001545155 0.044611009 -0.001483525 0.999997899 -0.001414579 -0.044613101 0.001346988 0.999003432 -0.074244515 -0.007084509 -0.209442362
0.000000000 0.472461373 0.839931190 0.500000000 0.500000000 0.000000000 0.000000000 0.998904377 0.001595481 0.046770718 -0.001527150 0.999997714 -0.001496677 -0.046772999 0.001423612 0.998904530 -0.078584396 -0.007116586 -0.216493715
0.000000000 0.472461373 0.839931190 0.500000000 0.500000000 0.000000000 0.000000000 0.998800844 0.001646139 0.048930201 -0.001570759 0.999997520 -0.001578965 -0.048932678 0.001500214 0.998800952 -0.082955099 -0.007147099 -0.223527245
0.000000000 0.472461373 0.839931190 0.500000000 0.500000000 0.000000000 0.000000000 0.998692639 0.001697128 0.051089447 -0.001614352 0.999997317 -0.001661441 -0.051092129 0.001576792 0.998692700 -0.087356568 -0.007176044 -0.230542873
0.000000000 0.472461373 0.839931190 0.500000000 0.500000000 0.000000000 0.000000000 0.998589071 0.001843859 0.053070402 -0.001754891 0.999996976 -0.001722959 -0.053073418 0.001627395 0.998589287 -0.091309116 -0.007350228 -0.236368581
0.000000000 0.472461373 0.839931190 0.500000000 0.500000000 0.000000000 0.000000000 0.998481552 0.001990791 0.055051132 -0.001895394 0.999996611 -0.001785035 -0.055054499 0.001677981 0.998481941 -0.095285160 -0.007522626 -0.242179525
0.000000000 0.472461373 0.839931190 0.500000000 0.500000000 0.000000000 0.000000000 0.998370083 0.002137924 0.057031628 -0.002035858 0.999996221 -0.001847669 -0.057035363 0.001728549 0.998370662 -0.099284658 -0.007693227 -0.247975615
0.000000000 0.472461373 0.839931190 0.500000000 0.500000000 0.000000000 0.000000000 0.998254665 0.002285258 0.059011882 -0.002176283 0.999995806 -0.001910860 -0.059016002 0.001779099 0.998255451 -0.103307565 -0.007862023 -0.253756790
0.000000000 0.472461373 0.839931190 0.500000000 0.500000000 0.000000000 0.000000000 0.998135297 0.002432793 0.060991888 -0.002316666 0.999995367 -0.001974609 -0.060996409 0.001829629 0.998136309 -0.107353839 -0.008029003 -0.259522992
0.000000000 0.472461373 0.839931190 0.500000000 0.500000000 0.000000000 0.000000000 0.998005230 0.002522996 0.063080860 -0.002400952 0.999995097 -0.002010460 -0.063085623 0.001854996 0.998006394 -0.111658156 -0.008557278 -0.265080367
0.000000000 0.472461373 0.839931190 0.500000000 0.500000000 0.000000000 0.000000000 0.997870783 0.002613306 0.065169550 -0.002485204 0.999994817 -0.002046665 -0.065174561 0.001880347 0.997872106 -0.115986286 -0.009084455 -0.270620881
0.000000000 0.472461373 0.839931190 0.500000000 0.500000000 0.000000000 0.000000000 0.997731957 0.002703723 0.067257950 -0.002569423 0.999994529 -0.002083223 -0.067263214 0.001905684 0.997733446 -0.120338178 -0.009610530 -0.276144438
0.000000000 0.472461373 0.839931190 0.500000000 0.500000000 0.000000000 0.000000000 0.997588752 0.002794247 0.069346047 -0.002653606 0.999994232 -0.002120134 -0.069351572 0.001931004 0.997590412 -0.124713770 -0.010135496 -0.281650984
0.000000000 0.472461373 0.839931190 0.500000000 0.500000000 0.000000000 0.000000000 0.997441169 0.002884877 0.071433835 -0.002737753 0.999993925 -0.002157398 -0.071439625 0.001956309 0.997443007 -0.129113016 -0.010659348 -0.287140435
0.000000000 0.472461373 0.839931190 0.500000000 0.500000000 0.000000000 0.000000000 0.997282560 0.002939460 0.073612879 -0.002789607 0.999993823 -0.002138430 -0.073618711 0.001927268 0.997284599 -0.133615459 -0.011176224 -0.292558224
0.000000000 0.472461373 0.839931190 0.500000000 0.500000000 0.000000000 0.000000000 0.997119187 0.002993917 0.075791574 -0.002841430 0.999993717 -0.002119689 -0.075797443 0.001898227 0.997121429 -0.138142215 -0.011692903 -0.297957662
0.000000000 0.472461373 0.839931190 0.500000000 0.500000000 0.000000000 0.000000000 0.996951053 0.003048248 0.077969909 -0.002893222 0.999993607 -0.002101176 -0.077975816 0.001869186 0.996953499 -0.142693249 -0.012209381 -0.303338666
0.000000000 0.472461373 0.839931190 0.500000000 0.500000000 0.000000000 0.000000000 0.996778156 0.003102453 0.080147875 -0.002944982 0.999993494 -0.002082891 -0.080153815 0.001840146 0.996780808 -0.147268479 -0.012725654 -0.308701159
0.000000000 0.472461373 0.839931190 0.500000000 0.500000000 0.000000000 0.000000000 0.996600499 0.003156532 0.082325459 -0.002996710 0.999993378 -0.002064832 -0.082331432 0.001811107 0.996603359 -0.151867856 -0.013241720 -0.314045059
0.000000000 0.472461373 0.839931190 0.500000000 0.500000000 0.000000000 0.000000000 0.996409106 0.003212165 0.084608369 -0.003043952 0.999993126 -0.002117064 -0.084614588 0.001851918 0.996412034 -0.156752441 -0.013756641 -0.318602570
0.000000000 0.472461373 0.839931190 0.500000000 0.500000000 0.000000000 0.000000000 0.996212479 0.003267986 0.086890831 -0.003091160 0.999992869 -0.002169513 -0.086897301 0.001892703 0.996215477 -0.161658738 -0.014270593 -0.323139377
0.000000000 0.472461373 0.839931190 0.500000000 0.500000000 0.000000000 0.000000000 0.996010621 0.003323995 0.089172830 -0.003138333 0.999992606 -0.002222181 -0.089179558 0.001933462 0.996013689 -0.166586678 -0.014783574 -0.327655413
0.000000000 0.472461373 0.839931190 0.500000000 0.500000000 0.000000000 0.000000000 0.995803532 0.003380192 0.091454357 -0.003185469 0.999992338 -0.002275065 -0.091461347 0.001974193 0.995806670 -0.171536179 -0.015295579 -0.332150584
0.000000000 0.472461373 0.839931190 0.500000000 0.500000000 0.000000000 0.000000000 0.995591214 0.003436576 0.093735397 -0.003232568 0.999992065 -0.002328167 -0.093742654 0.002014897 0.995594423 -0.176507193 -0.015806607 -0.336624825
0.000000000 0.472461373 0.839931190 0.500000000 0.500000000 0.000000000 0.000000000 0.995374135 0.003507207 0.096010576 -0.003293260 0.999991729 -0.002386739 -0.096018153 0.002059510 0.995377452 -0.181594316 -0.015886480 -0.340147631
0.000000000 0.472461373 0.839931190 0.500000000 0.500000000 0.000000000 0.000000000 0.995151852 0.003578043 0.098285247 -0.003353907 0.999991385 -0.002445589 -0.098293151 0.002104093 0.995155279 -0.186698464 -0.015965277 -0.343648933
0.000000000 0.472461373 0.839931190 0.500000000 0.500000000 0.000000000 0.000000000 0.994924365 0.003649083 0.100559395 -0.003414508 0.999991034 -0.002504719 -0.100567633 0.002148645 0.994927904 -0.191819543 -0.016042994 -0.347128666
0.000000000 0.472461373 0.839931190 0.500000000 0.500000000 0.000000000 0.000000000 0.994691677 0.003720329 0.102833009 -0.003475064 0.999990675 -0.002564127 -0.102841590 0.002193164 0.994695329 -0.196957493 -0.016119630 -0.350586789
0.000000000 0.472461373 0.839931190 0.500000000 0.500000000 0.000000000 0.000000000 0.994453787 0.003791779 0.105106079 -0.003535572 0.999990308 -0.002623813 -0.105115009 0.002237651 0.994457555 -0.202112252 -0.016195181 -0.354023231
0.000000000 0.472461373 0.839931190 0.500000000 0.500000000 0.000000000 0.000000000 0.994222576 0.003880805 0.107267932 -0.003615489 0.999989906 -0.002667760 -0.107277202 0.002264521 0.994226571 -0.206948163 -0.016321794 -0.356641988
0.000000000 0.472461373 0.839931190 0.500000000 0.500000000 0.000000000 0.000000000 0.993986658 0.003969950 0.109429261 -0.003695351 0.999989495 -0.002712056 -0.109438878 0.002291368 0.993990886 -0.211796428 -0.016447383 -0.359241392
0.000000000 0.472461373 0.839931190 0.500000000 0.500000000 0.000000000 0.000000000 0.993746033 0.004059212 0.111590076 -0.003775157 0.999989074 -0.002756702 -0.111600047 0.002318191 0.993750500 -0.216656982 -0.016571947 -0.361821398
0.000000000 0.472461373 0.839931190 0.500000000 0.500000000 0.000000000 0.000000000 0.993500704 0.004148592 0.113750346 -0.003854905 0.999988645 -0.002801696 -0.113760678 0.002344990 0.993505415 -0.221529756 -0.016695484 -0.364381959
0.000000000 0.472461373 0.839931190 0.500000000 0.500000000 0.000000000 0.000000000 0.993250669 0.004238090 0.115910082 -0.003934595 0.999988207 -0.002847039 -0.115920781 0.002371764 0.993255630 -0.226414696 -0.016817989 -0.366923050
0.000000000 0.472461373 0.839931190 0.500000000 0.500000000 0.000000000 0.000000000 0.993020860 0.004263948 0.117861742 -0.003949559 0.999987993 -0.002900880 -0.117872696 0.002415132 0.993025777 -0.231091691 -0.016997010 -0.368714051
0.000000000 0.472461373 0.839931190 0.500000000 0.500000000 0.000000000 0.000000000 0.992787215 0.004289978 0.119812944 -0.003964500 0.999987776 -0.002954781 -0.119824156 0.002458471 0.992792087 -0.235776602 -0.017175611 -0.370488097
0.000000000 0.472461373 0.839931190 0.500000000 0.500000000 0.000000000 0.000000000 0.992549735 0.004316180 0.121763682 -0.003979418 0.999987556 -0.003008744 -0.121775153 0.002501779 0.992554559 -0.240469361 -0.017353794 -0.372245168
0.000000000 0.472461373 0.839931190 0.500000000 0.500000000 0.000000000 0.000000000 0.992308421 0.004342553 0.123713946 -0.003994313 0.999987332 -0.003062766 -0.123725679 0.002545056 0.992313196 -0.245169938 -0.017531558 -0.373985236
0.000000000 0.472461373 0.839931190 0.500000000 0.500000000 0.000000000 0.000000000 0.992063273 0.004369097 0.125663730 -0.004009185 0.999987106 -0.003116849 -0.125675728 0.002588303 0.992067998 -0.249878265 -0.017708902 -0.375708280
0.000000000 0.472461373 0.839931190 0.500000000 0.500000000 0.000000000 0.000000000 0.991874970 0.004355908 0.127141926 -0.003992596 0.999987186 -0.003112241 -0.127153853 0.002579328 0.991879652 -0.254376620 -0.017756152 -0.377186443
0.000000000 0.472461373 0.839931190 0.500000000 0.500000000 0.000000000 0.000000000 0.991684464 0.004342693 0.128619849 -0.003976003 0.999987267 -0.003107585 -0.128631707 0.002570351 0.991689103 -0.258879929 -0.017803564 -0.378652027
0.000000000 0.472461373 0.839931190 0.500000000 0.500000000 0.000000000 0.000000000 0.991491755 0.004329451 0.130097487 -0.003959407 0.999987348 -0.003102880 -0.130109274 0.002561371 0.991496352 -0.263388151 -0.017851142 -0.380105033
0.000000000 0.472461373 0.839931190 0.500000000 0.500000000 0.000000000 0.000000000 0.991296846 0.004316184 0.131574825 -0.003942809 0.999987428 -0.003098127 -0.131586543 0.002552389 0.991301401 -0.267901272 -0.017898883 -0.381545431
0.000000000 0.472461373 0.839931190 0.500000000 0.500000000 0.000000000 0.000000000 0.991099734 0.004302891 0.133051881 -0.003926209 0.999987508 -0.003093326 -0.133063530 0.002543405 0.991104247 -0.272419265 -0.017946789 -0.382973215
0.000000000 0.472461373 0.839931190 0.500000000 0.500000000 0.000000000 0.000000000 0.990956090 0.004354692 0.134115858 -0.003971792 0.999987238 -0.003122412 -0.134127744 0.002561493 0.990960739 -0.276708192 -0.017572565 -0.384757485
0.000000000 0.472461373 0.839931190 0.500000000 0.500000000 0.000000000 0.000000000 0.990811304 0.004406532 0.135179668 -0.004017357 0.999986964 -0.003151597 -0.135191793 0.002579573 0.990816090 -0.281001219 -0.017197827 -0.386532963
0.000000000 0.472461373 0.839931190 0.500000000 0.500000000 0.000000000 0.000000000 0.990665371 0.004458411 0.136243329 -0.004062904 0.999986687 -0.003180880 -0.136255696 0.002597644 0.990670297 -0.285298343 -0.016822578 -0.388299655
0.000000000 0.472461373 0.839931190 0.500000000 0.500000000 0.000000000 0.000000000 0.990518294 0.004510330 0.137306830 -0.004108433 0.999986407 -0.003210262 -0.137319443 0.002615707 0.990523361 -0.289599542 -0.016446815 -0.390057538
0.000000000 0.472461373 0.839931190 0.500000000 0.500000000 0.000000000 0.000000000 0.990370073 0.004562288 0.138370170 -0.004153943 0.999986124 -0.003239742 -0.138383031 0.002633761 0.990375282 -0.293904805 -0.016070539 -0.391806615
0.000000000 0.472461373 0.839931190 0.500000000 0.500000000 0.000000000 0.000000000 0.990255995 0.004590289 0.139183312 -0.004183442 0.999986080 -0.003215524 -0.139196134 0.002601926 0.990261413 -0.298363731 -0.015991152 -0.394324996
0.000000000 0.472461373 0.839931190 0.500000000 0.500000000 0.000000000 0.000000000 0.990141248 0.004618239 0.139996361 -0.004212930 0.999986033 -0.003191355 -0.140009144 0.002570097 0.990146875 -0.302826985 -0.015911688 -0.396836322
0.000000000 0.472461373 0.839931190 0.500000000 0.500000000 0.000000000 0.000000000 0.990025833 0.004646136 0.140809318 -0.004242409 0.999985985 -0.003167234 -0.140822060 0.002538273 0.990031668 -0.307294556 -0.015832145 -0.399340576
0.000000000 0.472461373 0.839931190 0.500000000 0.500000000 0.000000000 0.000000000 0.989909749 0.004673982 0.141622181 -0.004271879 0.999985936 -0.003143163 -0.141634880 0.002506455 0.989915794 -0.311766440 -0.015752525 -0.401837775
0.000000000 0.472461373 0.839931190 0.500000000 0.500000000 0.000000000 0.000000000 0.989792998 0.004701775 0.142434951 -0.004301338 0.999985885 -0.003119140 -0.142447606 0.002474642 0.989799250 -0.316242625 -0.015672826 -0.404327901
0.000000000 0.472461373 0.839931190 0.500000000 0.500000000 0.000000000 0.000000000 0.989698298 0.004790570 0.143088537 -0.004388012 0.999985478 -0.003128778 -0.143101448 0.002468672 0.989704947 -0.320465303 -0.015778442 -0.407406144
0.000000000 0.472461373 0.839931190 0.500000000 0.500000000 0.000000000 0.000000000 0.989603159 0.004879356 0.143742061 -0.004474667 0.999985063 -0.003138531 -0.143755228 0.002462703 0.989610211 -0.324692206 -0.015883342 -0.410478984
0.000000000 0.472461373 0.839931190 0.500000000 0.500000000 0.000000000 0.000000000 0.989507580 0.004968135 0.144395521 -0.004561304 0.999984641 -0.003148399 -0.144408945 0.002456733 0.989515043 -0.328923327 -0.015987521 -0.413546416
0.000000000 0.472461373 0.839931190 0.500000000 0.500000000 0.000000000 0.000000000 0.989411562 0.005056907 0.145048917 -0.004647921 0.999984211 -0.003158381 -0.145062599 0.002450763 0.989419444 -0.333158652 -0.016090981 -0.416608439
0.000000000 0.472461373 0.839931190 0.500000000 0.500000000 0.000000000 0.000000000 0.989315105 0.005145670 0.145702250 -0.004734520 0.999983772 -0.003168478 -0.145716189 0.002444793 0.989323413 -0.337398195 -0.016193721 -0.419665044
0.000000000 0.472461373 0.839931190 0.500000000 0.500000000 0.000000000 0.000000000 0.989233221 0.005137312 0.146257451 -0.004724556 0.999983817 -0.003169352 -0.146271366 0.002444226 0.989241484 -0.341241552 -0.016651211 -0.422965697
0.000000000 0.472461373 0.839931190 0.500000000 0.500000000 0.000000000 0.000000000 0.989151027 0.005128954 0.146812597 -0.004714593 0.999983861 -0.003170214 -0.146826488 0.002443659 0.989159245 -0.345088705 -0.017108761 -0.426262163
0.000000000 0.472461373 0.839931190 0.500000000 0.500000000 0.000000000 0.000000000 0.989068522 0.005120596 0.147367697 -0.004704629 0.999983905 -0.003171065 -0.147381562 0.002443091 0.989076694 -0.348939646 -0.017566369 -0.429554457
0.000000000 0.472461373 0.839931190 0.500000000 0.500000000 0.000000000 0.000000000 0.988985704 0.005112236 0.147922760 -0.004694666 0.999983949 -0.003171906 -0.147936601 0.002442522 0.988993830 -0.352794396 -0.018024038 -0.432842559
0.000000000 0.472461373 0.839931190 0.500000000 0.500000000 0.000000000 0.000000000 0.988902575 0.005103877 0.148477766 -0.004684702 0.999983994 -0.003172735 -0.148491583 0.002441952 0.988910657 -0.356652929 -0.018481765 -0.436126464
0.000000000 0.472461373 0.839931190 0.500000000 0.500000000 0.000000000 0.000000000 0.988781210 0.005124203 0.149283157 -0.004697563 0.999983813 -0.003210395 -0.149297192 0.002473111 0.988789276 -0.361079661 -0.018911605 -0.438761607
0.000000000 0.472461373 0.839931190 0.500000000 0.500000000 0.000000000 0.000000000 0.988659187 0.005144581 0.150088458 -0.004710418 0.999983631 -0.003248076 -0.150102711 0.002504261 0.988667237 -0.365510930 -0.019341080 -0.441389856
0.000000000 0.472461373 0.839931190 0.500000000 0.500000000 0.000000000 0.000000000 0.988536509 0.005165009 0.150893648 -0.004723266 0.999983447 -0.003285778 -0.150908121 0.002535401 0.988544542 -0.369946737 -0.019770191 -0.444011200
0.000000000 0.472461373 0.839931190 0.500000000 0.500000000 0.000000000 0.000000000 0.988413173 0.005185489 0.151698746 -0.004736107 0.999983262 -0.003323502 -0.151713441 0.002566531 0.988421188 -0.374387076 -0.020198935 -0.446625646
0.000000000 0.472461373 0.839931190 0.500000000 0.500000000 0.000000000 0.000000000 0.988289183 0.005206019 0.152503732 -0.004748942 0.999983075 -0.003361247 -0.152518650 0.002597653 0.988297179 -0.378831928 -0.020627316 -0.449233186
