0.000000000 0.498315751 0.885894894 0.500000000 0.500000000 0.000000000 0.000000000 0.999384405 0.000409511 0.035080540 -0.000383278 0.999999642 -0.000754527 -0.035080837 0.000740617 0.999384204 -0.104911018 0.021857410 -0.490749184
0.000000000 0.498315751 0.885894894 0.500000000 0.500000000 0.000000000 0.000000000 0.999374815 0.000404564 0.035352722 -0.000378126 0.999999644 -0.000754534 -0.035353015 0.000740695 0.999374612 -0.106112607 0.021872091 -0.493391178
0.000000000 0.498315751 0.885894894 0.500000000 0.500000000 0.000000000 0.000000000 0.999365152 0.000399617 0.035624902 -0.000372973 0.999999646 -0.000754539 -0.035625191 0.000740773 0.999364947 -0.107315642 0.021886761 -0.496032543
0.000000000 0.498315751 0.885894894 0.500000000 0.500000000 0.000000000 0.000000000 0.999355414 0.000394670 0.035897079 -0.000367821 0.999999648 -0.000754541 -0.035897364 0.000740851 0.999355207 -0.108520125 0.021901420 -0.498673300
0.000000000 0.498315751 0.885894894 0.500000000 0.500000000 0.000000000 0.000000000 0.999344714 0.000429363 0.036193346 -0.000402223 0.999999632 -0.000757157 -0.036193658 0.000742103 0.999344519 -0.109670629 0.022233581 -0.501449439
0.000000000 0.498315751 0.885894894 0.500000000 0.500000000 0.000000000 0.000000000 0.999333925 0.000464057 0.036489610 -0.000436623 0.999999616 -0.000759794 -0.036489948 0.000743355 0.999333744 -0.110822766 0.022565830 -0.504224928
0.000000000 0.498315751 0.885894894 0.500000000 0.500000000 0.000000000 0.000000000 0.999323046 0.000498751 0.036785871 -0.000471023 0.999999598 -0.000762451 -0.036786236 0.000744607 0.999322880 -0.111976536 0.022898165 -0.506999777
0.000000000 0.498315751 0.885894894 0.500000000 0.500000000 0.000000000 0.000000000 0.999312079 0.000533447 0.037082128 -0.000505422 0.999999580 -0.000765128 -0.037082521 0.000745859 0.999311928 -0.113131938 0.023230589 -0.509773984
0.000000000 0.498315751 0.885894894 0.500000000 0.500000000 0.000000000 0.000000000 0.999301023 0.000568143 0.037378383 -0.000539820 0.999999560 -0.000767826 -0.037378802 0.000747111 0.999300889 -0.114288971 0.023563100 -0.512547548
0.000000000 0.498315751 0.885894894 0.500000000 0.500000000 0.000000000 0.000000000 0.999289877 0.000602839 0.037674632 -0.000574217 0.999999538 -0.000770544 -0.037675080 0.000748363 0.999289762 -0.115447637 0.023895699 -0.515320480
0.000000000 0.498315751 0.885894894 0.500000000 0.500000000 0.000000000 0.000000000 0.999278643 0.000637537 0.037970880 -0.000608613 0.999999516 -0.000773282 -0.037971354 0.000749615 0.999278547 -0.116607934 0.024228386 -0.518092758
0.000000000 0.498315751 0.885894894 0.500000000 0.500000000 0.000000000 0.000000000 0.999267319 0.000672235 0.038267124 -0.000643009 0.999999492 -0.000776041 -0.038267626 0.000750867 0.999267244 -0.117769862 0.024561161 -0.520864392
0.000000000 0.498315751 0.885894894 0.500000000 0.500000000 0.000000000 0.000000000 0.999255907 0.000706934 0.038563363 -0.000677404 0.999999467 -0.000778821 -0.038563893 0.000752118 0.999255853 -0.118933421 0.024894024 -0.523635381
0.000000000 0.498315751 0.885894894 0.500000000 0.500000000 0.000000000 0.000000000 0.999244405 0.000741634 0.038859600 -0.000711797 0.999999441 -0.000781620 -0.038860158 0.000753370 0.999244375 -0.120098611 0.025226976 -0.526405724
0.000000000 0.498315751 0.885894894 0.500000000 0.500000000 0.000000000 0.000000000 0.999232815 0.000776334 0.039155833 -0.000746191 0.999999414 -0.000784440 -0.039156419 0.000754621 0.999232808 -0.121265435 0.025560016 -0.529175429
0.000000000 0.498315751 0.885894894 0.500000000 0.500000000 0.000000000 0.000000000 0.999226628 0.000802479 0.039312867 -0.000771090 0.999999372 -0.000813591 -0.039313495 0.000782648 0.999226619 -0.122172924 0.026136573 -0.532259797
0.000000000 0.498315751 0.885894894 0.500000000 0.500000000 0.000000000 0.000000000 0.999220416 0.000828633 0.039469897 -0.000795990 0.999999328 -0.000842749 -0.039470569 0.000810674 0.999220405 -0.123081355 0.026713350 -0.535343861
0.000000000 0.498315751 0.885894894 0.500000000 0.500000000 0.000000000 0.000000000 0.999214179 0.000854796 0.039626926 -0.000820889 0.999999283 -0.000871914 -0.039627643 0.000838700 0.999214164 -0.123990740 0.027290350 -0.538427619
0.000000000 0.498315751 0.885894894 0.500000000 0.500000000 0.000000000 0.000000000 0.999207917 0.000880967 0.039783953 -0.000845788 0.999999236 -0.000901088 -0.039784716 0.000866726 0.999207899 -0.124901056 0.027867571 -0.541511073
0.000000000 0.498315751 0.885894894 0.500000000 0.500000000 0.000000000 0.000000000 0.999201629 0.000907148 0.039940977 -0.000870686 0.999999188 -0.000930270 -0.039941788 0.000894751 0.999201608 -0.125812325 0.028445015 -0.544594221
0.000000000 0.498315751 0.885894894 0.500000000 0.500000000 0.000000000 0.000000000 0.999195316 0.000933337 0.040097997 -0.000895585 0.999999139 -0.000959459 -0.040098858 0.000922776 0.999195291 -0.126724526 0.029022680 -0.547677065
0.000000000 0.498315751 0.885894894 0.500000000 0.500000000 0.000000000 0.000000000 0.999188978 0.000959535 0.040255016 -0.000920482 0.999999088 -0.000988656 -0.040255928 0.000950800 0.999188949 -0.127637679 0.029600568 -0.550759602
0.000000000 0.498315751 0.885894894 0.500000000 0.500000000 0.000000000 0.000000000 0.999182614 0.000985742 0.040412033 -0.000945380 0.999999035 -0.001017861 -0.040412997 0.000978824 0.999182582 -0.128551765 0.030178678 -0.553841835
0.000000000 0.498315751 0.885894894 0.500000000 0.500000000 0.000000000 0.000000000 0.999176225 0.001011958 0.040569047 -0.000970277 0.999998981 -0.001047074 -0.040570065 0.001006848 0.999176189 -0.129466792 0.030757010 -0.556923761
0.000000000 0.498315751 0.885894894 0.500000000 0.500000000 0.000000000 0.000000000 0.999169811 0.001038182 0.040726058 -0.000995174 0.999998926 -0.001076294 -0.040727132 0.001034871 0.999169770 -0.130382771 0.031335565 -0.560005381
0.000000000 0.498315751 0.885894894 0.500000000 0.500000000 0.000000000 0.000000000 0.999163371 0.001064415 0.040883067 -0.001020070 0.999998869 -0.001105523 -0.040884198 0.001062894 0.999163326 -0.131299682 0.031914342 -0.563086694
0.000000000 0.498315751 0.885894894 0.500000000 0.500000000 0.000000000 0.000000000 0.999154721 0.001083259 0.041093423 -0.001040449 0.999998894 -0.001063156 -0.041094529 0.001019502 0.999154743 -0.132289161 0.031935116 -0.566024170
0.000000000 0.498315751 0.885894894 0.500000000 0.500000000 0.000000000 0.000000000 0.999146027 0.001102085 0.041303778 -0.001060826 0.999998916 -0.001020798 -0.041304858 0.000976110 0.999146113 -0.133279882 0.031955672 -0.568961255
0.000000000 0.498315751 0.885894894 0.500000000 0.500000000 0.000000000 0.000000000 0.999137288 0.001120892 0.041514132 -0.001081204 0.999998937 -0.000978449 -0.041515184 0.000932719 0.999137438 -0.134271844 0.031976008 -0.571897942
0.000000000 0.498315751 0.885894894 0.500000000 0.500000000 0.000000000 0.000000000 0.999128504 0.001139681 0.041724487 -0.001101581 0.999998955 -0.000936108 -0.041725510 0.000889329 0.999128716 -0.135265049 0.031996127 -0.574834247
0.000000000 0.498315751 0.885894894 0.500000000 0.500000000 0.000000000 0.000000000 0.999119676 0.001158451 0.041934842 -0.001121957 0.999998971 -0.000893775 -0.041935834 0.000845939 0.999119948 -0.136259485 0.032016027 -0.577770153
0.000000000 0.498315751 0.885894894 0.500000000 0.500000000 0.000000000 0.000000000 0.999110803 0.001177204 0.042145195 -0.001142334 0.999998985 -0.000851451 -0.042146155 0.000802550 0.999111134 -0.137255173 0.032035708 -0.580705677
0.000000000 0.498315751 0.885894894 0.500000000 0.500000000 0.000000000 0.000000000 0.999101885 0.001195938 0.042355549 -0.001162709 0.999998997 -0.000809136 -0.042356475 0.000759162 0.999102273 -0.138252102 0.032055172 -0.583640799
0.000000000 0.498315751 0.885894894 0.500000000 0.500000000 0.000000000 0.000000000 0.999092923 0.001214654 0.042565904 -0.001183085 0.999999006 -0.000766830 -0.042566793 0.000715775 0.999093367 -0.139250273 0.032074418 -0.586575539
0.000000000 0.498315751 0.885894894 0.500000000 0.500000000 0.000000000 0.000000000 0.999083916 0.001233351 0.042776257 -0.001203460 0.999999013 -0.000724532 -0.042777108 0.000672388 0.999084414 -0.140249686 0.032093444 -0.589509888
0.000000000 0.498315751 0.885894894 0.500000000 0.500000000 0.000000000 0.000000000 0.999074864 0.001252031 0.042986610 -0.001223834 0.999999018 -0.000682242 -0.042987422 0.000629002 0.999075416 -0.141250339 0.032112254 -0.592443833
0.000000000 0.498315751 0.885894894 0.500000000 0.500000000 0.000000000 0.000000000 0.999065767 0.001270692 0.043196964 -0.001244208 0.999999021 -0.000639961 -0.043197735 0.000585617 0.999066371 -0.142252234 0.032130845 -0.595377395
0.000000000 0.498315751 0.885894894 0.500000000 0.500000000 0.000000000 0.000000000 0.999061334 0.001273645 0.043299287 -0.001245941 0.999999002 -0.000666787 -0.043300093 0.000612213 0.999061924 -0.143083292 0.032149254 -0.598145855
0.000000000 0.498315751 0.885894894 0.500000000 0.500000000 0.000000000 0.000000000 0.999056891 0.001276603 0.043401610 -0.001247674 0.999998981 -0.000693613 -0.043402452 0.000638808 0.999057465 -0.143914920 0.032167817 -0.600914151
0.000000000 0.498315751 0.885894894 0.500000000 0.500000000 0.000000000 0.000000000 0.999052436 0.001279567 0.043503933 -0.001249407 0.999998960 -0.000720440 -0.043504810 0.000665403 0.999052996 -0.144747116 0.032186532 -0.603682272
0.000000000 0.498315751 0.885894894 0.500000000 0.500000000 0.000000000 0.000000000 0.999047972 0.001282536 0.043606255 -0.001251140 0.999998938 -0.000747267 -0.043607167 0.000691998 0.999048515 -0.145579879 0.032205402 -0.606450239
0.000000000 0.498315751 0.885894894 0.500000000 0.500000000 0.000000000 0.000000000 0.999043496 0.001285511 0.043708576 -0.001252873 0.999998916 -0.000774094 -0.043709524 0.000718593 0.999044024 -0.146413212 0.032224425 -0.609218040
0.000000000 0.498315751 0.885894894 0.500000000 0.500000000 0.000000000 0.000000000 0.999039011 0.001288491 0.043810896 -0.001254606 0.999998892 -0.000800922 -0.043811880 0.000745187 0.999039521 -0.147247123 0.032243601 -0.611985677
0.000000000 0.498315751 0.885894894 0.500000000 0.500000000 0.000000000 0.000000000 0.999034515 0.001291476 0.043913217 -0.001256338 0.999998868 -0.000827750 -0.043914236 0.000771781 0.999035006 -0.148081592 0.032262931 -0.614753148
0.000000000 0.498315751 0.885894894 0.500000000 0.500000000 0.000000000 0.000000000 0.999030008 0.001294467 0.044015537 -0.001258071 0.999998843 -0.000854579 -0.044016592 0.000798375 0.999030481 -0.148916630 0.032282414 -0.617520454
0.000000000 0.498315751 0.885894894 0.500000000 0.500000000 0.000000000 0.000000000 0.999025491 0.001297464 0.044117855 -0.001259804 0.999998818 -0.000881408 -0.044118947 0.000824969 0.999025945 -0.149752236 0.032302051 -0.620287596
0.000000000 0.498315751 0.885894894 0.500000000 0.500000000 0.000000000 0.000000000 0.999020963 0.001300465 0.044220174 -0.001261537 0.999998792 -0.000908237 -0.044221302 0.000851562 0.999021397 -0.150588411 0.032321841 -0.623054572
0.000000000 0.498315751 0.885894894 0.500000000 0.500000000 0.000000000 0.000000000 0.999016425 0.001303473 0.044322492 -0.001263269 0.999998765 -0.000935066 -0.044323656 0.000878155 0.999016838 -0.151425153 0.032341785 -0.625821382
0.000000000 0.498315751 0.885894894 0.500000000 0.500000000 0.000000000 0.000000000 0.999010370 0.001317229 0.044458356 -0.001276927 0.999998748 -0.000934916 -0.044459532 0.000877221 0.999010801 -0.152399654 0.032653531 -0.628696249
0.000000000 0.498315751 0.885894894 0.500000000 0.500000000 0.000000000 0.000000000 0.999004296 0.001330986 0.044594221 -0.001290584 0.999998730 -0.000934770 -0.044595408 0.000876287 0.999004746 -0.153374922 0.032965300 -0.631570864
0.000000000 0.498315751 0.885894894 0.500000000 0.500000000 0.000000000 0.000000000 0.998998204 0.001344742 0.044730084 -0.001304241 0.999998713 -0.000934628 -0.044731284 0.000875352 0.998998672 -0.154350967 0.033277090 -0.634445235
0.000000000 0.498315751 0.885894894 0.500000000 0.500000000 0.000000000 0.000000000 0.998992093 0.001358498 0.044865946 -0.001317898 0.999998695 -0.000934489 -0.044867157 0.000874418 0.998992579 -0.155327786 0.033588903 -0.637319342
0.000000000 0.498315751 0.885894894 0.500000000 0.500000000 0.000000000 0.000000000 0.998985963 0.001372253 0.045001808 -0.001331554 0.999998677 -0.000934354 -0.045003031 0.000873484 0.998986469 -0.156305383 0.033900739 -0.640193206
0.000000000 0.498315751 0.885894894 0.500000000 0.500000000 0.000000000 0.000000000 0.998979815 0.001386009 0.045137669 -0.001345210 0.999998659 -0.000934222 -0.045138903 0.000872550 0.998980339 -0.157283756 0.034212596 -0.643066806
0.000000000 0.498315751 0.885894894 0.500000000 0.500000000 0.000000000 0.000000000 0.998973647 0.001399764 0.045273528 -0.001358867 0.999998640 -0.000934095 -0.045274774 0.000871615 0.998974191 -0.158262904 0.034524477 -0.645940162
0.000000000 0.498315751 0.885894894 0.500000000 0.500000000 0.000000000 0.000000000 0.998967462 0.001413518 0.045409388 -0.001372523 0.999998622 -0.000933971 -0.045410645 0.000870681 0.998968025 -0.159242839 0.034836379 -0.648813253
0.000000000 0.498315751 0.885894894 0.500000000 0.500000000 0.000000000 0.000000000 0.998961257 0.001427273 0.045545246 -0.001386178 0.999998603 -0.000933851 -0.045546516 0.000869747 0.998961840 -0.160223540 0.035148304 -0.651686100
0.000000000 0.498315751 0.885894894 0.500000000 0.500000000 0.000000000 0.000000000 0.998955034 0.001441027 0.045681103 -0.001399834 0.999998584 -0.000933734 -0.045682384 0.000868812 0.998955637 -0.161205016 0.035460252 -0.654558683
0.000000000 0.498315751 0.885894894 0.500000000 0.500000000 0.000000000 0.000000000 0.998948792 0.001454781 0.045816960 -0.001413490 0.999998565 -0.000933621 -0.045818253 0.000867878 0.998949415 -0.162187270 0.035772221 -0.657431022
0.000000000 0.498315751 0.885894894 0.500000000 0.500000000 0.000000000 0.000000000 0.998942980 0.001443793 0.045943862 -0.001403099 0.999998594 -0.000917963 -0.045945123 0.000852529 0.998943601 -0.163278777 0.036123244 -0.660447949
0.000000000 0.498315751 0.885894894 0.500000000 0.500000000 0.000000000 0.000000000 0.998937151 0.001432800 0.046070763 -0.001392709 0.999998623 -0.000902302 -0.046071992 0.000837180 0.998937771 -0.164371071 0.036474151 -0.663464630
0.000000000 0.498315751 0.885894894 0.500000000 0.500000000 0.000000000 0.000000000 0.998931306 0.001421804 0.046197663 -0.001382318 0.999998652 -0.000886638 -0.046198861 0.000821831 0.998931925 -0.165464142 0.036824941 -0.666481055
0.000000000 0.498315751 0.885894894 0.500000000 0.500000000 0.000000000 0.000000000 0.998925445 0.001410803 0.046324562 -0.001371928 0.999998680 -0.000870972 -0.046325729 0.000806482 0.998926062 -0.166557980 0.037175615 -0.669497214
0.000000000 0.498315751 0.885894894 0.500000000 0.500000000 0.000000000 0.000000000 0.998919568 0.001399799 0.046451459 -0.001361538 0.999998707 -0.000855303 -0.046452597 0.000791133 0.998920182 -0.167652605 0.037526173 -0.672513127
0.000000000 0.498315751 0.885894894 0.500000000 0.500000000 0.000000000 0.000000000 0.998913674 0.001388791 0.046578356 -0.001351148 0.999998735 -0.000839631 -0.046579463 0.000775784 0.998914287 -0.168747996 0.037876614 -0.675528784
0.000000000 0.498315751 0.885894894 0.500000000 0.500000000 0.000000000 0.000000000 0.998907764 0.001377779 0.046705251 -0.001340758 0.999998762 -0.000823957 -0.046706329 0.000760436 0.998908374 -0.169844174 0.038226940 -0.678544174
0.000000000 0.498315751 0.885894894 0.500000000 0.500000000 0.000000000 0.000000000 0.998901838 0.001366763 0.046832146 -0.001330369 0.999998788 -0.000808280 -0.046833194 0.000745088 0.998902446 -0.170941129 0.038577148 -0.681559317
0.000000000 0.498315751 0.885894894 0.500000000 0.500000000 0.000000000 0.000000000 0.998895896 0.001355743 0.046959039 -0.001319979 0.999998815 -0.000792600 -0.046960058 0.000729740 0.998896501 -0.172038850 0.038927241 -0.684574204
0.000000000 0.498315751 0.885894894 0.500000000 0.500000000 0.000000000 0.000000000 0.998889937 0.001344719 0.047085931 -0.001309590 0.999998841 -0.000776918 -0.047086922 0.000714392 0.998890540 -0.173137358 0.039277216 -0.687588833
0.000000000 0.498315751 0.885894894 0.500000000 0.500000000 0.000000000 0.000000000 0.998883963 0.001333692 0.047212823 -0.001299200 0.999998866 -0.000761233 -0.047213784 0.000699044 0.998884563 -0.174236631 0.039627075 -0.690603196
0.000000000 0.498315751 0.885894894 0.500000000 0.500000000 0.000000000 0.000000000 0.998881473 0.001336739 0.047265384 -0.001304469 0.999998895 -0.000713573 -0.047266286 0.000651119 0.998882112 -0.175067161 0.039567351 -0.693559641
0.000000000 0.498315751 0.885894894 0.500000000 0.500000000 0.000000000 0.000000000 0.998878980 0.001339780 0.047317947 -0.001309738 0.999998921 -0.000665914 -0.047318788 0.000603194 0.998879657 -0.175897994 0.039507347 -0.696515997
0.000000000 0.498315751 0.885894894 0.500000000 0.500000000 0.000000000 0.000000000 0.998876485 0.001342817 0.047370510 -0.001315006 0.999998944 -0.000618256 -0.047371290 0.000555269 0.998877196 -0.176729148 0.039447065 -0.699472262
0.000000000 0.498315751 0.885894894 0.500000000 0.500000000 0.000000000 0.000000000 0.998873986 0.001345849 0.047423073 -0.001320275 0.999998966 -0.000570598 -0.047423792 0.000507344 0.998874730 -0.177560605 0.039386504 -0.702428438
0.000000000 0.498315751 0.885894894 0.500000000 0.500000000 0.000000000 0.000000000 0.998871485 0.001348876 0.047475636 -0.001325544 0.999998985 -0.000522941 -0.047476294 0.000459420 0.998872259 -0.178392383 0.039325665 -0.705384524
0.000000000 0.498315751 0.885894894 0.500000000 0.500000000 0.000000000 0.000000000 0.998868982 0.001351898 0.047528199 -0.001330812 0.999999002 -0.000475284 -0.047528794 0.000411495 0.998869783 -0.179224473 0.039264546 -0.708340520
0.000000000 0.498315751 0.885894894 0.500000000 0.500000000 0.000000000 0.000000000 0.998866475 0.001354915 0.047580763 -0.001336081 0.999999016 -0.000427628 -0.047581296 0.000363571 0.998867303 -0.180056866 0.039203150 -0.711296426
0.000000000 0.498315751 0.885894894 0.500000000 0.500000000 0.000000000 0.000000000 0.998863966 0.001357926 0.047633328 -0.001341350 0.999999028 -0.000379972 -0.047633797 0.000315648 0.998864817 -0.180889581 0.039141476 -0.714252242
0.000000000 0.498315751 0.885894894 0.500000000 0.500000000 0.000000000 0.000000000 0.998861454 0.001360933 0.047685892 -0.001346618 0.999999038 -0.000332317 -0.047686299 0.000267724 0.998862325 -0.181722598 0.039079522 -0.717207968
0.000000000 0.498315751 0.885894894 0.500000000 0.500000000 0.000000000 0.000000000 0.998858939 0.001363935 0.047738457 -0.001351887 0.999999046 -0.000284663 -0.047738800 0.000219801 0.998859829 -0.182555937 0.039017290 -0.720163604
0.000000000 0.498315751 0.885894894 0.500000000 0.500000000 0.000000000 0.000000000 0.998856421 0.001366931 0.047791021 -0.001357155 0.999999051 -0.000237009 -0.047791300 0.000171878 0.998857328 -0.183389577 0.038954779 -0.723119150
