0.000000000 0.610246122 1.084882021 0.500000000 0.500000000 0.000000000 0.000000000 0.999999999 0.000041916 -0.000024114 -0.000041916 0.999999999 0.000005541 0.000024114 -0.000005540 1.000000000 0.000055624 -0.000070856 0.000086073
0.000000000 0.610246122 1.084882021 0.500000000 0.500000000 0.000000000 0.000000000 0.999998812 -0.000008872 0.001541317 0.000008899 1.000000000 -0.000017499 -0.001541317 0.000017513 0.999998812 -0.000630747 0.000047106 -0.001353620
0.000000000 0.610246122 1.084882021 0.500000000 0.500000000 0.000000000 0.000000000 0.999995172 -0.000059588 0.003106747 0.000059713 0.999999997 -0.000040380 -0.003106745 0.000040565 0.999995173 -0.001321637 0.000165065 -0.002791156
0.000000000 0.610246122 1.084882021 0.500000000 0.500000000 0.000000000 0.000000000 0.999989079 -0.000110231 0.004672171 0.000110527 0.999999992 -0.000063101 -0.004672164 0.000063617 0.999989083 -0.002017039 0.000283019 -0.004226522
0.000000000 0.610246122 1.084882021 0.500000000 0.500000000 0.000000000 0.000000000 0.999980533 -0.000160803 0.006237586 0.000161341 0.999999983 -0.000085664 -0.006237573 0.000086668 0.999980542 -0.002716949 0.000400968 -0.005659709
0.000000000 0.610246122 1.084882021 0.500000000 0.500000000 0.000000000 0.000000000 0.999969534 -0.000211303 0.007802989 0.000212152 0.999999972 -0.000108067 -0.007802966 0.000109719 0.999969550 -0.003421361 0.000518912 -0.007090706
0.000000000 0.610246122 1.084882021 0.500000000 0.500000000 0.000000000 0.000000000 0.999956082 -0.000261730 0.009368374 0.000262962 0.999999957 -0.000130311 -0.009368339 0.000132769 0.999956107 -0.004130270 0.000636849 -0.008519503
0.000000000 0.610246122 1.084882021 0.500000000 0.500000000 0.000000000 0.000000000 0.999940176 -0.000312085 0.010933738 0.000313770 0.999999939 -0.000152396 -0.010933690 0.000155818 0.999940213 -0.004843671 0.000754780 -0.009946089
0.000000000 0.610246122 1.084882021 0.500000000 0.500000000 0.000000000 0.000000000 0.999921818 -0.000362368 0.012499079 0.000364575 0.999999918 -0.000174322 -0.012499015 0.000178866 0.999921868 -0.005561559 0.000872702 -0.011370454
0.000000000 0.610246122 1.084882021 0.500000000 0.500000000 0.000000000 0.000000000 0.999901006 -0.000412579 0.014064391 0.000415378 0.999999895 -0.000196089 -0.014064308 0.000201912 0.999901072 -0.006283928 0.000990616 -0.012792587
0.000000000 0.610246122 1.084882021 0.500000000 0.500000000 0.000000000 0.000000000 0.999877742 -0.000462717 0.015629669 0.000466177 0.999999868 -0.000217697 -0.015629567 0.000224957 0.999877826 -0.007010774 0.001108521 -0.014212477
0.000000000 0.610246122 1.084882021 0.500000000 0.500000000 0.000000000 0.000000000 0.999852025 -0.000512784 0.017194913 0.000516972 0.999999838 -0.000239146 -0.017194788 0.000248000 0.999852128 -0.007742091 0.001226417 -0.015630114
0.000000000 0.610246122 1.084882021 0.500000000 0.500000000 0.000000000 0.000000000 0.999823855 -0.000562778 0.018760117 0.000567764 0.999999805 -0.000260436 -0.018759966 0.000271042 0.999823980 -0.008477874 0.001344302 -0.017045488
0.000000000 0.610246122 1.084882021 0.500000000 0.500000000 0.000000000 0.000000000 0.999794651 -0.000644328 0.020254386 0.000649826 0.999999754 -0.000264881 -0.020254210 0.000277989 0.999794824 -0.009531783 0.001189564 -0.018355057
0.000000000 0.610246122 1.084882021 0.500000000 0.500000000 0.000000000 0.000000000 0.999763208 -0.000725857 0.021748610 0.000731882 0.999999696 -0.000269081 -0.021748408 0.000284935 0.999763435 -0.010589597 0.001034668 -0.019661513
0.000000000 0.610246122 1.084882021 0.500000000 0.500000000 0.000000000 0.000000000 0.999729524 -0.000807365 0.023242787 0.000813931 0.999999631 -0.000273036 -0.023242558 0.000291880 0.999729813 -0.011651312 0.000879615 -0.020964847
0.000000000 0.610246122 1.084882021 0.500000000 0.500000000 0.000000000 0.000000000 0.999693601 -0.000888853 0.024736912 0.000895973 0.999999560 -0.000276745 -0.024736656 0.000298824 0.999693957 -0.012716917 0.000724402 -0.022265050
0.000000000 0.610246122 1.084882021 0.500000000 0.500000000 0.000000000 0.000000000 0.999655438 -0.000970320 0.026230983 0.000978007 0.999999482 -0.000280209 -0.026230697 0.000305767 0.999655869 -0.013786407 0.000569030 -0.023562115
0.000000000 0.610246122 1.084882021 0.500000000 0.500000000 0.000000000 0.000000000 0.999615035 -0.001051766 0.027724996 0.001060031 0.999999398 -0.000283428 -0.027724681 0.000312708 0.999615548 -0.014859775 0.000413496 -0.024856031
0.000000000 0.610246122 1.084882021 0.500000000 0.500000000 0.000000000 0.000000000 0.999572393 -0.001133191 0.029218948 0.001142047 0.999999307 -0.000286402 -0.029218603 0.000319649 0.999572994 -0.015937014 0.000257800 -0.026146790
0.000000000 0.610246122 1.084882021 0.500000000 0.500000000 0.000000000 0.000000000 0.999527512 -0.001214596 0.030712835 0.001224053 0.999999209 -0.000289130 -0.030712460 0.000326588 0.999528208 -0.017018116 0.000101941 -0.027434383
0.000000000 0.610246122 1.084882021 0.500000000 0.500000000 0.000000000 0.000000000 0.999480391 -0.001295979 0.032206655 0.001306049 0.999999105 -0.000291613 -0.032206248 0.000333525 0.999481189 -0.018103076 -0.000054081 -0.028718803
0.000000000 0.610246122 1.084882021 0.500000000 0.500000000 0.000000000 0.000000000 0.999431031 -0.001377342 0.033700403 0.001388034 0.999998994 -0.000293851 -0.033699964 0.000340461 0.999431937 -0.019191884 -0.000210269 -0.030000039
0.000000000 0.610246122 1.084882021 0.500000000 0.500000000 0.000000000 0.000000000 0.999379432 -0.001458685 0.035194076 0.001470007 0.999998876 -0.000295844 -0.035193605 0.000347396 0.999380453 -0.020284534 -0.000366622 -0.031278083
0.000000000 0.610246122 1.084882021 0.500000000 0.500000000 0.000000000 0.000000000 0.999325594 -0.001540006 0.036687671 0.001551969 0.999998751 -0.000297592 -0.036687167 0.000354329 0.999326736 -0.021381020 -0.000523142 -0.032552928
0.000000000 0.610246122 1.084882021 0.500000000 0.500000000 0.000000000 0.000000000 0.999275289 -0.001538895 0.038033269 0.001551937 0.999998747 -0.000313374 -0.038032739 0.000372172 0.999276424 -0.022473125 -0.000521755 -0.033775724
0.000000000 0.610246122 1.084882021 0.500000000 0.500000000 0.000000000 0.000000000 0.999223171 -0.001537737 0.039378797 0.001551902 0.999998742 -0.000329157 -0.039378241 0.000390013 0.999224300 -0.023568561 -0.000520328 -0.034995638
0.000000000 0.610246122 1.084882021 0.500000000 0.500000000 0.000000000 0.000000000 0.999169242 -0.001536530 0.040724253 0.001551864 0.999998736 -0.000344939 -0.040723671 0.000407851 0.999170364 -0.024667320 -0.000518860 -0.036212659
0.000000000 0.610246122 1.084882021 0.500000000 0.500000000 0.000000000 0.000000000 0.999113501 -0.001535275 0.042069636 0.001551824 0.999998731 -0.000360722 -0.042069029 0.000425687 0.999114616 -0.025769397 -0.000517351 -0.037426784
0.000000000 0.610246122 1.084882021 0.500000000 0.500000000 0.000000000 0.000000000 0.999055949 -0.001533972 0.043414942 0.001551781 0.999998725 -0.000376505 -0.043414310 0.000443520 0.999057056 -0.026874788 -0.000515801 -0.038638002
0.000000000 0.610246122 1.084882021 0.500000000 0.500000000 0.000000000 0.000000000 0.998996586 -0.001532621 0.044760171 0.001551735 0.999998719 -0.000392287 -0.044759512 0.000461349 0.998997684 -0.027983485 -0.000514210 -0.039846310
0.000000000 0.610246122 1.084882021 0.500000000 0.500000000 0.000000000 0.000000000 0.998935411 -0.001531222 0.046105317 0.001551686 0.999998713 -0.000408070 -0.046104633 0.000479176 0.998936501 -0.029095483 -0.000512578 -0.041051700
0.000000000 0.610246122 1.084882021 0.500000000 0.500000000 0.000000000 0.000000000 0.998872425 -0.001529775 0.047450380 0.001551634 0.999998706 -0.000423852 -0.047449671 0.000497000 0.998873506 -0.030210775 -0.000510905 -0.042254165
0.000000000 0.610246122 1.084882021 0.500000000 0.500000000 0.000000000 0.000000000 0.998807628 -0.001528279 0.048795357 0.001551580 0.999998700 -0.000439635 -0.048794622 0.000514820 0.998808700 -0.031329357 -0.000509191 -0.043453699
0.000000000 0.610246122 1.084882021 0.500000000 0.500000000 0.000000000 0.000000000 0.998741020 -0.001526736 0.050140246 0.001551522 0.999998693 -0.000455417 -0.050139485 0.000532638 0.998742083 -0.032451223 -0.000507437 -0.044650294
0.000000000 0.610246122 1.084882021 0.500000000 0.500000000 0.000000000 0.000000000 0.998672601 -0.001525145 0.051485043 0.001551462 0.999998685 -0.000471200 -0.051484257 0.000550452 0.998673655 -0.033576365 -0.000505641 -0.045843946
0.000000000 0.610246122 1.084882021 0.500000000 0.500000000 0.000000000 0.000000000 0.998602372 -0.001523506 0.052829748 0.001551399 0.999998678 -0.000486983 -0.052828936 0.000568262 0.998603415 -0.034704779 -0.000503805 -0.047034645
0.000000000 0.610246122 1.084882021 0.500000000 0.500000000 0.000000000 0.000000000 0.998555732 -0.001507881 0.053704528 0.001536742 0.999998696 -0.000496113 -0.053703710 0.000577927 0.998556747 -0.035758147 -0.000465442 -0.048264813
0.000000000 0.610246122 1.084882021 0.500000000 0.500000000 0.000000000 0.000000000 0.998508326 -0.001492240 0.054579268 0.001522086 0.999998714 -0.000505269 -0.054578444 0.000587590 0.998509313 -0.036813693 -0.000427026 -0.049493169
0.000000000 0.610246122 1.084882021 0.500000000 0.500000000 0.000000000 0.000000000 0.998460153 -0.001476582 0.055453966 0.001507429 0.999998731 -0.000514451 -0.055453136 0.000597252 0.998461112 -0.037871419 -0.000388557 -0.050719712
0.000000000 0.610246122 1.084882021 0.500000000 0.500000000 0.000000000 0.000000000 0.998411214 -0.001460906 0.056328622 0.001492773 0.999998749 -0.000523659 -0.056327786 0.000606913 0.998412145 -0.038931318 -0.000350036 -0.051944438
0.000000000 0.610246122 1.084882021 0.500000000 0.500000000 0.000000000 0.000000000 0.998361508 -0.001445214 0.057203232 0.001478117 0.999998766 -0.000532892 -0.057202392 0.000616572 0.998362412 -0.039993391 -0.000311460 -0.053167345
0.000000000 0.610246122 1.084882021 0.500000000 0.500000000 0.000000000 0.000000000 0.998311037 -0.001429505 0.058077800 0.001463462 0.999998782 -0.000542151 -0.058076954 0.000626230 0.998311913 -0.041057635 -0.000272832 -0.054388428
0.000000000 0.610246122 1.084882021 0.500000000 0.500000000 0.000000000 0.000000000 0.998259798 -0.001413779 0.058952322 0.001448807 0.999998798 -0.000551435 -0.058951472 0.000635886 0.998260647 -0.042124046 -0.000234150 -0.055607687
0.000000000 0.610246122 1.084882021 0.500000000 0.500000000 0.000000000 0.000000000 0.998207794 -0.001398036 0.059826800 0.001434152 0.999998814 -0.000560745 -0.059825945 0.000645541 0.998208615 -0.043192623 -0.000195414 -0.056825117
0.000000000 0.610246122 1.084882021 0.500000000 0.500000000 0.000000000 0.000000000 0.998155023 -0.001382276 0.060701231 0.001419498 0.999998830 -0.000570080 -0.060700372 0.000655194 0.998155817 -0.044263365 -0.000156625 -0.058040716
0.000000000 0.610246122 1.084882021 0.500000000 0.500000000 0.000000000 0.000000000 0.998101486 -0.001366499 0.061575614 0.001404844 0.999998845 -0.000579442 -0.061574751 0.000664846 0.998102253 -0.045336266 -0.000117782 -0.059254481
0.000000000 0.610246122 1.084882021 0.500000000 0.500000000 0.000000000 0.000000000 0.998047183 -0.001350705 0.062449950 0.001390190 0.999998860 -0.000588828 -0.062449084 0.000674496 0.998047923 -0.046411327 -0.000078886 -0.060466409
0.000000000 0.610246122 1.084882021 0.500000000 0.500000000 0.000000000 0.000000000 0.997992114 -0.001334894 0.063324239 0.001375538 0.999998875 -0.000598241 -0.063323369 0.000684144 0.997992827 -0.047488543 -0.000039935 -0.061676498
0.000000000 0.610246122 1.084882021 0.500000000 0.500000000 0.000000000 0.000000000 0.997939041 -0.001350598 0.064154858 0.001392152 0.999998849 -0.000603004 -0.064153970 0.000691075 0.997939773 -0.048627289 -0.000293801 -0.062735405
0.000000000 0.610246122 1.084882021 0.500000000 0.500000000 0.000000000 0.000000000 0.997885277 -0.001366291 0.064985433 0.001408763 0.999998823 -0.000607740 -0.064984526 0.000698004 0.997886028 -0.049767821 -0.000547690 -0.063792460
0.000000000 0.610246122 1.084882021 0.500000000 0.500000000 0.000000000 0.000000000 0.997830822 -0.001381973 0.065815962 0.001425372 0.999998797 -0.000612448 -0.065815037 0.000704932 0.997831591 -0.050910137 -0.000801604 -0.064847664
0.000000000 0.610246122 1.084882021 0.500000000 0.500000000 0.000000000 0.000000000 0.997775675 -0.001397642 0.066646448 0.001441978 0.999998770 -0.000617128 -0.066645503 0.000711858 0.997776463 -0.052054236 -0.001055543 -0.065901011
0.000000000 0.610246122 1.084882021 0.500000000 0.500000000 0.000000000 0.000000000 0.997719837 -0.001413301 0.067476886 0.001458580 0.999998743 -0.000621781 -0.067475923 0.000718783 0.997720644 -0.053200114 -0.001309506 -0.066952502
0.000000000 0.610246122 1.084882021 0.500000000 0.500000000 0.000000000 0.000000000 0.997663307 -0.001428947 0.068307278 0.001475180 0.999998716 -0.000626406 -0.068306295 0.000725707 0.997664134 -0.054347769 -0.001563493 -0.068002132
0.000000000 0.610246122 1.084882021 0.500000000 0.500000000 0.000000000 0.000000000 0.997606086 -0.001444582 0.069137623 0.001491778 0.999998688 -0.000631003 -0.069136621 0.000732630 0.997606932 -0.055497200 -0.001817506 -0.069049900
0.000000000 0.610246122 1.084882021 0.500000000 0.500000000 0.000000000 0.000000000 0.997548173 -0.001460206 0.069967920 0.001508372 0.999998660 -0.000635572 -0.069966898 0.000739552 0.997549040 -0.056648404 -0.002071543 -0.070095806
0.000000000 0.610246122 1.084882021 0.500000000 0.500000000 0.000000000 0.000000000 0.997489569 -0.001475818 0.070798170 0.001524963 0.999998632 -0.000640114 -0.070797128 0.000746472 0.997490456 -0.057801377 -0.002325606 -0.071139844
0.000000000 0.610246122 1.084882021 0.500000000 0.500000000 0.000000000 0.000000000 0.997430274 -0.001491418 0.071628370 0.001541551 0.999998604 -0.000644628 -0.071627308 0.000753390 0.997431181 -0.058956119 -0.002579693 -0.072182014
0.000000000 0.610246122 1.084882021 0.500000000 0.500000000 0.000000000 0.000000000 0.997370288 -0.001507007 0.072458520 0.001558136 0.999998575 -0.000649115 -0.072457439 0.000760308 0.997371216 -0.060112627 -0.002833806 -0.073222312
0.000000000 0.610246122 1.084882021 0.500000000 0.500000000 0.000000000 0.000000000 0.997309611 -0.001522584 0.073288620 0.001574718 0.999998547 -0.000653573 -0.073287519 0.000767224 0.997310559 -0.061270898 -0.003087943 -0.074260738
0.000000000 0.610246122 1.084882021 0.500000000 0.500000000 0.000000000 0.000000000 0.997253508 -0.001567781 0.074047160 0.001621790 0.999998461 -0.000669255 -0.074045997 0.000787506 0.997254516 -0.062581417 -0.003137629 -0.075028351
0.000000000 0.610246122 1.084882021 0.500000000 0.500000000 0.000000000 0.000000000 0.997196827 -0.001612948 0.074805660 0.001668855 0.999998373 -0.000684865 -0.074804434 0.000807785 0.997197896 -0.063893135 -0.003187405 -0.075794015
0.000000000 0.610246122 1.084882021 0.500000000 0.500000000 0.000000000 0.000000000 0.997139566 -0.001658084 0.075564117 0.001715914 0.999998283 -0.000700404 -0.075562826 0.000828062 0.997140699 -0.065206047 -0.003237269 -0.076557727
0.000000000 0.610246122 1.084882021 0.500000000 0.500000000 0.000000000 0.000000000 0.997081727 -0.001703188 0.076322532 0.001762967 0.999998190 -0.000715871 -0.076321175 0.000848336 0.997082925 -0.066520154 -0.003287223 -0.077319487
0.000000000 0.610246122 1.084882021 0.500000000 0.500000000 0.000000000 0.000000000 0.997023308 -0.001748262 0.077080906 0.001810013 0.999998095 -0.000731266 -0.077079481 0.000868607 0.997024573 -0.067835451 -0.003337267 -0.078079295
0.000000000 0.610246122 1.084882021 0.500000000 0.500000000 0.000000000 0.000000000 0.996964311 -0.001793305 0.077839235 0.001857053 0.999997997 -0.000746589 -0.077837740 0.000888875 0.996965644 -0.069151938 -0.003387400 -0.078837146
0.000000000 0.610246122 1.084882021 0.500000000 0.500000000 0.000000000 0.000000000 0.996904735 -0.001838317 0.078597521 0.001904086 0.999997897 -0.000761841 -0.078595955 0.000909140 0.996906139 -0.070469612 -0.003437623 -0.079593042
0.000000000 0.610246122 1.084882021 0.500000000 0.500000000 0.000000000 0.000000000 0.996844580 -0.001883298 0.079355764 0.001951112 0.999997795 -0.000777022 -0.079354126 0.000929402 0.996846056 -0.071788470 -0.003487936 -0.080346980
0.000000000 0.610246122 1.084882021 0.500000000 0.500000000 0.000000000 0.000000000 0.996783846 -0.001928249 0.080113962 0.001998131 0.999997690 -0.000792130 -0.080112250 0.000949661 0.996785396 -0.073108511 -0.003538340 -0.081098958
0.000000000 0.610246122 1.084882021 0.500000000 0.500000000 0.000000000 0.000000000 0.996722533 -0.001973168 0.080872115 0.002045143 0.999997583 -0.000807167 -0.080870327 0.000969917 0.996724159 -0.074429732 -0.003588834 -0.081848977
0.000000000 0.610246122 1.084882021 0.500000000 0.500000000 0.000000000 0.000000000 0.996660641 -0.002018057 0.081630224 0.002092149 0.999997474 -0.000822133 -0.081628358 0.000990170 0.996662345 -0.075752131 -0.003639418 -0.082597034
0.000000000 0.610246122 1.084882021 0.500000000 0.500000000 0.000000000 0.000000000 0.996598171 -0.002062914 0.082388286 0.002139147 0.999997362 -0.000837027 -0.082386342 0.001010420 0.996599955 -0.077075706 -0.003690094 -0.083343127
0.000000000 0.610246122 1.084882021 0.500000000 0.500000000 0.000000000 0.000000000 0.996550003 -0.002102703 0.082967889 0.002180346 0.999997266 -0.000845229 -0.082965885 0.001023212 0.996551863 -0.078542185 -0.003626677 -0.084029002
0.000000000 0.610246122 1.084882021 0.500000000 0.500000000 0.000000000 0.000000000 0.996501496 -0.002142477 0.083547465 0.002221541 0.999997168 -0.000853383 -0.083545400 0.001036002 0.996503433 -0.080009492 -0.003563362 -0.084713197
0.000000000 0.610246122 1.084882021 0.500000000 0.500000000 0.000000000 0.000000000 0.996452650 -0.002182236 0.084127013 0.002262731 0.999997069 -0.000861489 -0.084124886 0.001048790 0.996454667 -0.081477627 -0.003500149 -0.085395712
0.000000000 0.610246122 1.084882021 0.500000000 0.500000000 0.000000000 0.000000000 0.996403465 -0.002221980 0.084706534 0.002303916 0.999996968 -0.000869548 -0.084704345 0.001061577 0.996405564 -0.082946588 -0.003437038 -0.086076545
0.000000000 0.610246122 1.084882021 0.500000000 0.500000000 0.000000000 0.000000000 0.996353942 -0.002261709 0.085286027 0.002345096 0.999996865 -0.000877558 -0.085283774 0.001074363 0.996356123 -0.084416372 -0.003374029 -0.086755698
0.000000000 0.610246122 1.084882021 0.500000000 0.500000000 0.000000000 0.000000000 0.996304081 -0.002301423 0.085865491 0.002386271 0.999996761 -0.000885521 -0.085863175 0.001087146 0.996306345 -0.085886980 -0.003311121 -0.087433168
0.000000000 0.610246122 1.084882021 0.500000000 0.500000000 0.000000000 0.000000000 0.996253880 -0.002341122 0.086444928 0.002427441 0.999996655 -0.000893435 -0.086442547 0.001099928 0.996256230 -0.087358409 -0.003248316 -0.088108955
0.000000000 0.610246122 1.084882021 0.500000000 0.500000000 0.000000000 0.000000000 0.996203341 -0.002380807 0.087024336 0.002468606 0.999996547 -0.000901302 -0.087021890 0.001112709 0.996205778 -0.088830656 -0.003185613 -0.088783058
