0.000000000 0.557585061 0.991262257 0.500000000 0.500000000 0.000000000 0.000000000 0.998956340 -0.005379719 0.045357349 0.004619506 0.999847379 0.016848707 -0.045441068 -0.016621594 0.998828730 0.175174850 -0.008308034 -0.145412775
0.000000000 0.557585061 0.991262257 0.500000000 0.500000000 0.000000000 0.000000000 0.998948439 -0.005276556 0.045543110 0.004514377 0.999848309 0.016821987 -0.045624964 -0.016598699 0.998820728 0.175619291 -0.008496520 -0.146007353
0.000000000 0.557585061 0.991262257 0.500000000 0.500000000 0.000000000 0.000000000 0.998942647 -0.005159818 0.045683306 0.004391033 0.999847323 0.016912983 -0.045763599 -0.016694503 0.998812789 0.176180683 -0.008726432 -0.146501805
0.000000000 0.557585061 0.991262257 0.500000000 0.500000000 0.000000000 0.000000000 0.998936821 -0.005043108 0.045823523 0.004267690 0.999846315 0.017003944 -0.045902233 -0.016790305 0.998804821 0.176741880 -0.008956569 -0.146996376
0.000000000 0.557585061 0.991262257 0.500000000 0.500000000 0.000000000 0.000000000 0.998930960 -0.004926425 0.045963761 0.004144349 0.999845283 0.017094871 -0.046040867 -0.016886106 0.998796825 0.177302901 -0.009186931 -0.147491076
0.000000000 0.557585061 0.991262257 0.500000000 0.500000000 0.000000000 0.000000000 0.998925065 -0.004809769 0.046104021 0.004021009 0.999844228 0.017185763 -0.046179499 -0.016981905 0.998788801 0.177863726 -0.009417516 -0.147985886
0.000000000 0.557585061 0.991262257 0.500000000 0.500000000 0.000000000 0.000000000 0.998912740 -0.004778660 0.046373517 0.003978613 0.999841922 0.017329239 -0.046448996 -0.017125895 0.998773845 0.178264985 -0.009742765 -0.148684330
0.000000000 0.557585061 0.991262257 0.500000000 0.500000000 0.000000000 0.000000000 0.998900340 -0.004747629 0.046643020 0.003936217 0.999839593 0.017472693 -0.046718492 -0.017269882 0.998758797 0.178665849 -0.010068230 -0.149382900
0.000000000 0.557585061 0.991262257 0.500000000 0.500000000 0.000000000 0.000000000 0.998887865 -0.004716676 0.046912528 0.003893822 0.999837242 0.017616123 -0.046987982 -0.017413862 0.998743654 0.179066326 -0.010393913 -0.150081618
0.000000000 0.557585061 0.991262257 0.500000000 0.500000000 0.000000000 0.000000000 0.998875317 -0.004685801 0.047182044 0.003851428 0.999834869 0.017759530 -0.047257471 -0.017557838 0.998728418 0.179466426 -0.010719813 -0.150780474
0.000000000 0.557585061 0.991262257 0.500000000 0.500000000 0.000000000 0.000000000 0.998863267 -0.004651447 0.047439833 0.003809834 0.999834030 0.017815646 -0.047514828 -0.017614656 0.998715207 0.179863107 -0.011008582 -0.151447039
0.000000000 0.557585061 0.991262257 0.500000000 0.500000000 0.000000000 0.000000000 0.998851149 -0.004617122 0.047697624 0.003768241 0.999833187 0.017871740 -0.047772184 -0.017671472 0.998701926 0.180259444 -0.011297455 -0.152113797
0.000000000 0.557585061 0.991262257 0.500000000 0.500000000 0.000000000 0.000000000 0.998838964 -0.004582827 0.047955415 0.003726649 0.999832339 0.017927812 -0.048029535 -0.017728284 0.998688576 0.180655419 -0.011586429 -0.152780727
0.000000000 0.557585061 0.991262257 0.500000000 0.500000000 0.000000000 0.000000000 0.998826710 -0.004548561 0.048213208 0.003685058 0.999831486 0.017983863 -0.048286884 -0.017785095 0.998675156 0.181051049 -0.011875507 -0.153447839
0.000000000 0.557585061 0.991262257 0.500000000 0.500000000 0.000000000 0.000000000 0.998813482 -0.004392374 0.048500877 0.003522451 0.999831653 0.018007170 -0.048571806 -0.017814962 0.998660807 0.181440191 -0.012093335 -0.154045308
0.000000000 0.557585061 0.991262257 0.500000000 0.500000000 0.000000000 0.000000000 0.998800146 -0.004236205 0.048788550 0.003359847 0.999831794 0.018030382 -0.048856723 -0.017844827 0.998646375 0.181828942 -0.012311322 -0.154643001
0.000000000 0.557585061 0.991262257 0.500000000 0.500000000 0.000000000 0.000000000 0.998786702 -0.004080053 0.049076228 0.003197248 0.999831910 0.018053503 -0.049141638 -0.017874690 0.998631862 0.182217291 -0.012529469 -0.155240918
0.000000000 0.557585061 0.991262257 0.500000000 0.500000000 0.000000000 0.000000000 0.998773151 -0.003923918 0.049363910 0.003034654 0.999832001 0.018076530 -0.049426548 -0.017904550 0.998617266 0.182605257 -0.012747776 -0.155839058
0.000000000 0.557585061 0.991262257 0.500000000 0.500000000 0.000000000 0.000000000 0.998761774 -0.003800556 0.049603170 0.002907859 0.999832739 0.018056545 -0.049663498 -0.017889948 0.998605771 0.183071958 -0.013010240 -0.156454523
0.000000000 0.557585061 0.991262257 0.500000000 0.500000000 0.000000000 0.000000000 0.998750325 -0.003677188 0.049842422 0.002781068 0.999833461 0.018036498 -0.049900445 -0.017875343 0.998594221 0.183538312 -0.013272808 -0.157070225
0.000000000 0.557585061 0.991262257 0.500000000 0.500000000 0.000000000 0.000000000 0.998738803 -0.003553812 0.050081668 0.002654279 0.999834168 0.018016391 -0.050137390 -0.017860738 0.998582614 0.184004320 -0.013535480 -0.157686165
0.000000000 0.557585061 0.991262257 0.500000000 0.500000000 0.000000000 0.000000000 0.998727209 -0.003430429 0.050320906 0.002527493 0.999834860 0.017996225 -0.050374331 -0.017846134 0.998570950 0.184469982 -0.013798255 -0.158302342
0.000000000 0.557585061 0.991262257 0.500000000 0.500000000 0.000000000 0.000000000 0.998718094 -0.003331796 0.050508106 0.002428420 0.999836177 0.017936588 -0.050559593 -0.017790940 0.998562572 0.184971000 -0.014072632 -0.158847402
0.000000000 0.557585061 0.991262257 0.500000000 0.500000000 0.000000000 0.000000000 0.998708934 -0.003233142 0.050695293 0.002329348 0.999837482 0.017876914 -0.050744852 -0.017735747 0.998554156 0.185471767 -0.014347058 -0.159392691
0.000000000 0.557585061 0.991262257 0.500000000 0.500000000 0.000000000 0.000000000 0.998699729 -0.003134467 0.050882467 0.002230278 0.999838774 0.017817203 -0.050930111 -0.017680554 0.998545703 0.185972295 -0.014621528 -0.159938192
0.000000000 0.557585061 0.991262257 0.500000000 0.500000000 0.000000000 0.000000000 0.998690481 -0.003035771 0.051069628 0.002131210 0.999840053 0.017757456 -0.051115367 -0.017625362 0.998537213 0.186472562 -0.014896047 -0.160483912
0.000000000 0.557585061 0.991262257 0.500000000 0.500000000 0.000000000 0.000000000 0.998680586 -0.002863966 0.051272651 0.001961004 0.999842257 0.017652625 -0.051315119 -0.017528788 0.998528668 0.186947618 -0.015083242 -0.161061526
0.000000000 0.557585061 0.991262257 0.500000000 0.500000000 0.000000000 0.000000000 0.998670622 -0.002692121 0.051475637 0.001790802 0.999844423 0.017547727 -0.051514869 -0.017432217 0.998520073 0.187422390 -0.015270503 -0.161639379
0.000000000 0.557585061 0.991262257 0.500000000 0.500000000 0.000000000 0.000000000 0.998660589 -0.002520237 0.051678587 0.001620604 0.999846550 0.017442760 -0.051714617 -0.017335646 0.998511429 0.187896889 -0.015457826 -0.162217451
0.000000000 0.557585061 0.991262257 0.500000000 0.500000000 0.000000000 0.000000000 0.998650487 -0.002348314 0.051881501 0.001450408 0.999848638 0.017337723 -0.051914363 -0.017239076 0.998502736 0.188371093 -0.015645213 -0.162795761
0.000000000 0.557585061 0.991262257 0.500000000 0.500000000 0.000000000 0.000000000 0.998635847 -0.002152007 0.052171002 0.001254632 0.999850812 0.017227292 -0.052200292 -0.017138336 0.998489563 0.188787869 -0.015875089 -0.163404340
0.000000000 0.557585061 0.991262257 0.500000000 0.500000000 0.000000000 0.000000000 0.998621087 -0.001955642 0.052460458 0.001058862 0.999852937 0.017116748 -0.052486217 -0.017037597 0.998476298 0.189204236 -0.016105024 -0.164013212
0.000000000 0.557585061 0.991262257 0.500000000 0.500000000 0.000000000 0.000000000 0.998606207 -0.001759219 0.052749869 0.000863097 0.999855013 0.017006091 -0.052772138 -0.016936860 0.998462941 0.189620175 -0.016335015 -0.164622389
0.000000000 0.557585061 0.991262257 0.500000000 0.500000000 0.000000000 0.000000000 0.998591206 -0.001562737 0.053039233 0.000667339 0.999857041 0.016895321 -0.053058054 -0.016836124 0.998449492 0.190035695 -0.016565065 -0.165231849
0.000000000 0.557585061 0.991262257 0.500000000 0.500000000 0.000000000 0.000000000 0.998581691 -0.001420457 0.053222067 0.000525119 0.999858179 0.016832903 -0.053238430 -0.016781081 0.998440817 0.190585576 -0.016799980 -0.165817346
0.000000000 0.557585061 0.991262257 0.500000000 0.500000000 0.000000000 0.000000000 0.998572123 -0.001278157 0.053404883 0.000382901 0.999859293 0.016770432 -0.053418804 -0.016726037 0.998432106 0.191135177 -0.017034995 -0.166403070
0.000000000 0.557585061 0.991262257 0.500000000 0.500000000 0.000000000 0.000000000 0.998562502 -0.001135837 0.053587680 0.000240687 0.999860384 0.016707910 -0.053599176 -0.016670995 0.998423360 0.191684509 -0.017270110 -0.166989022
0.000000000 0.557585061 0.991262257 0.500000000 0.500000000 0.000000000 0.000000000 0.998552828 -0.000993497 0.053770459 0.000098475 0.999861452 0.016645336 -0.053779546 -0.016615952 0.998414578 0.192233580 -0.017505325 -0.167575213
0.000000000 0.557585061 0.991262257 0.500000000 0.500000000 0.000000000 0.000000000 0.998539734 -0.000812849 0.054016105 -0.000086045 0.999861595 0.016636803 -0.054022152 -0.016617157 0.998401461 0.192650865 -0.017785071 -0.168166694
0.000000000 0.557585061 0.991262257 0.500000000 0.500000000 0.000000000 0.000000000 0.998526546 -0.000632201 0.054261746 -0.000270559 0.999861706 0.016628182 -0.054264755 -0.016618362 0.998388284 0.193067787 -0.018064972 -0.168758378
0.000000000 0.557585061 0.991262257 0.500000000 0.500000000 0.000000000 0.000000000 0.998513265 -0.000451554 0.054507382 -0.000455069 0.999861784 0.016619469 -0.054507353 -0.016619564 0.998375049 0.193484326 -0.018345031 -0.169350285
0.000000000 0.557585061 0.991262257 0.500000000 0.500000000 0.000000000 0.000000000 0.998499892 -0.000270907 0.054753015 -0.000639574 0.999861829 0.016610666 -0.054749949 -0.016620767 0.998361755 0.193900501 -0.018625246 -0.169942407
0.000000000 0.557585061 0.991262257 0.500000000 0.500000000 0.000000000 0.000000000 0.998485586 -0.000088574 0.055013877 -0.000828394 0.999861121 0.016644904 -0.055007711 -0.016665270 0.998346844 0.194272154 -0.018880764 -0.170544152
0.000000000 0.557585061 0.991262257 0.500000000 0.500000000 0.000000000 0.000000000 0.998471178 0.000093737 0.055274750 -0.001017209 0.999860378 0.016679044 -0.055265469 -0.016709771 0.998331864 0.194643431 -0.019136472 -0.171146074
0.000000000 0.557585061 0.991262257 0.500000000 0.500000000 0.000000000 0.000000000 0.998456668 0.000276024 0.055535634 -0.001206018 0.999859599 0.016713087 -0.055523223 -0.016754270 0.998316816 0.195014322 -0.019392367 -0.171748181
0.000000000 0.557585061 0.991262257 0.500000000 0.500000000 0.000000000 0.000000000 0.998442055 0.000458287 0.055796527 -0.001394822 0.999858786 0.016747031 -0.055780973 -0.016798766 0.998301700 0.195384816 -0.019648450 -0.172350474
0.000000000 0.557585061 0.991262257 0.500000000 0.500000000 0.000000000 0.000000000 0.998424545 0.000609483 0.056107535 -0.001550842 0.999858745 0.016735752 -0.056089410 -0.016796400 0.998284458 0.195775190 -0.019906520 -0.173003838
0.000000000 0.557585061 0.991262257 0.500000000 0.500000000 0.000000000 0.000000000 0.998406916 0.000760680 0.056418535 -0.001706857 0.999858681 0.016724378 -0.056397841 -0.016794033 0.998267121 0.196165093 -0.020164710 -0.173657462
0.000000000 0.557585061 0.991262257 0.500000000 0.500000000 0.000000000 0.000000000 0.998389167 0.000911879 0.056729527 -0.001862866 0.999858594 0.016712906 -0.056706265 -0.016791664 0.998249688 0.196554536 -0.020423018 -0.174311347
0.000000000 0.557585061 0.991262257 0.500000000 0.500000000 0.000000000 0.000000000 0.998371299 0.001063079 0.057040512 -0.002018870 0.999858485 0.016701337 -0.057014685 -0.016789293 0.998232160 0.196943517 -0.020681445 -0.174965492
0.000000000 0.557585061 0.991262257 0.500000000 0.500000000 0.000000000 0.000000000 0.998356216 0.001216377 0.057300844 -0.002178211 0.999857734 0.016726224 -0.057272347 -0.016823543 0.998216834 0.197357510 -0.020931506 -0.175548940
0.000000000 0.557585061 0.991262257 0.500000000 0.500000000 0.000000000 0.000000000 0.998341041 0.001369657 0.057561182 -0.002337548 0.999856959 0.016751027 -0.057530005 -0.016857790 0.998201439 0.197771142 -0.021181734 -0.176132600
0.000000000 0.557585061 0.991262257 0.500000000 0.500000000 0.000000000 0.000000000 0.998325775 0.001522918 0.057821524 -0.002496879 0.999856160 0.016775748 -0.057787659 -0.016892035 0.998185977 0.198184411 -0.021432127 -0.176716472
0.000000000 0.557585061 0.991262257 0.500000000 0.500000000 0.000000000 0.000000000 0.998310416 0.001676162 0.058081872 -0.002656206 0.999855335 0.016800386 -0.058045310 -0.016926278 0.998170448 0.198597317 -0.021682689 -0.177300557
0.000000000 0.557585061 0.991262257 0.500000000 0.500000000 0.000000000 0.000000000 0.998297088 0.001782253 0.058307362 -0.002768681 0.999854342 0.016841312 -0.058268854 -0.016974067 0.998156612 0.199046331 -0.021927301 -0.177839569
0.000000000 0.557585061 0.991262257 0.500000000 0.500000000 0.000000000 0.000000000 0.998283696 0.001888322 0.058532859 -0.002881153 0.999853335 0.016882187 -0.058492396 -0.017021854 0.998142723 0.199495051 -0.022172059 -0.178378782
0.000000000 0.557585061 0.991262257 0.500000000 0.500000000 0.000000000 0.000000000 0.998270243 0.001994370 0.058758362 -0.002993622 0.999852314 0.016923010 -0.058715934 -0.017069638 0.998128783 0.199943488 -0.022416963 -0.178918174
0.000000000 0.557585061 0.991262257 0.500000000 0.500000000 0.000000000 0.000000000 0.998256726 0.002100395 0.058983873 -0.003106088 0.999851280 0.016963784 -0.058939470 -0.017117420 0.998114789 0.200391642 -0.022662013 -0.179457757
0.000000000 0.557585061 0.991262257 0.500000000 0.500000000 0.000000000 0.000000000 0.998238200 0.002164199 0.059294292 -0.003181879 0.999849163 0.017074172 -0.059248396 -0.017232758 0.998094514 0.200655918 -0.022908911 -0.180113464
0.000000000 0.557585061 0.991262257 0.500000000 0.500000000 0.000000000 0.000000000 0.998219572 0.002227930 0.059604720 -0.003257668 0.999847028 0.017184514 -0.059557317 -0.017348090 0.998074130 0.200919775 -0.023155980 -0.180769291
0.000000000 0.557585061 0.991262257 0.500000000 0.500000000 0.000000000 0.000000000 0.998200843 0.002291590 0.059915159 -0.003333453 0.999844877 0.017294808 -0.059866232 -0.017463416 0.998053637 0.201183210 -0.023403223 -0.181425259
0.000000000 0.557585061 0.991262257 0.500000000 0.500000000 0.000000000 0.000000000 0.998182012 0.002355178 0.060225607 -0.003409235 0.999842708 0.017405054 -0.060175142 -0.017578735 0.998033036 0.201446225 -0.023650637 -0.182081348
0.000000000 0.557585061 0.991262257 0.500000000 0.500000000 0.000000000 0.000000000 0.998162286 0.002389588 0.060550315 -0.003451434 0.999841988 0.017438073 -0.060499077 -0.017615012 0.998012812 0.201730373 -0.023849401 -0.182749648
0.000000000 0.557585061 0.991262257 0.500000000 0.500000000 0.000000000 0.000000000 0.998142453 0.002423974 0.060875019 -0.003493630 0.999841266 0.017471064 -0.060823007 -0.017651285 0.997992482 0.202014092 -0.024048231 -0.183418139
0.000000000 0.557585061 0.991262257 0.500000000 0.500000000 0.000000000 0.000000000 0.998122513 0.002458337 0.061199718 -0.003535825 0.999840541 0.017504027 -0.061146929 -0.017687555 0.997972045 0.202297373 -0.024247126 -0.184086820
0.000000000 0.557585061 0.991262257 0.500000000 0.500000000 0.000000000 0.000000000 0.998102466 0.002492676 0.061524414 -0.003578017 0.999839814 0.017536963 -0.061470845 -0.017723821 0.997951503 0.202580236 -0.024446086 -0.184755692
0.000000000 0.557585061 0.991262257 0.500000000 0.500000000 0.000000000 0.000000000 0.998085031 0.002542374 0.061804584 -0.003636402 0.999838577 0.017595371 -0.061749873 -0.017786423 0.997933162 0.202905468 -0.024683568 -0.185312933
0.000000000 0.557585061 0.991262257 0.500000000 0.500000000 0.000000000 0.000000000 0.998067515 0.002592037 0.062084754 -0.003694784 0.999837334 0.017653748 -0.062028896 -0.017849022 0.997914740 0.203230368 -0.024921149 -0.185870354
0.000000000 0.557585061 0.991262257 0.500000000 0.500000000 0.000000000 0.000000000 0.998049917 0.002641665 0.062364926 -0.003753164 0.999836084 0.017712091 -0.062307914 -0.017911617 0.997896236 0.203554948 -0.025158826 -0.186427934
0.000000000 0.557585061 0.991262257 0.500000000 0.500000000 0.000000000 0.000000000 0.998032238 0.002691258 0.062645099 -0.003811542 0.999834829 0.017770402 -0.062586927 -0.017974209 0.997877650 0.203879216 -0.025396600 -0.186985685
0.000000000 0.557585061 0.991262257 0.500000000 0.500000000 0.000000000 0.000000000 0.998018851 0.002765234 0.062854803 -0.003889963 0.999834378 0.017778749 -0.062795230 -0.017988029 0.997864314 0.204262569 -0.025635417 -0.187503176
0.000000000 0.557585061 0.991262257 0.500000000 0.500000000 0.000000000 0.000000000 0.998005414 0.002839205 0.063064505 -0.003968381 0.999833922 0.017787062 -0.063003530 -0.018001848 0.997850935 0.204645669 -0.025874307 -0.188020819
0.000000000 0.557585061 0.991262257 0.500000000 0.500000000 0.000000000 0.000000000 0.997991928 0.002913170 0.063274205 -0.004046797 0.999833461 0.017795343 -0.063211827 -0.018015666 0.997837512 0.205028536 -0.026113270 -0.188538626
0.000000000 0.557585061 0.991262257 0.500000000 0.500000000 0.000000000 0.000000000 0.997978392 0.002987128 0.063483905 -0.004125211 0.999832993 0.017803592 -0.063420121 -0.018029484 0.997824046 0.205411159 -0.026352305 -0.189056605
0.000000000 0.557585061 0.991262257 0.500000000 0.500000000 0.000000000 0.000000000 0.997964382 0.003016673 0.063702374 -0.004163594 0.999831483 0.017879300 -0.063637703 -0.018108136 0.997808768 0.205763128 -0.026589676 -0.189607699
0.000000000 0.557585061 0.991262257 0.500000000 0.500000000 0.000000000 0.000000000 0.997950323 0.003046183 0.063920845 -0.004201976 0.999829966 0.017954993 -0.063855282 -0.018186785 0.997793437 0.206114860 -0.026827149 -0.190158922
0.000000000 0.557585061 0.991262257 0.500000000 0.500000000 0.000000000 0.000000000 0.997936214 0.003075659 0.064139319 -0.004240357 0.999828442 0.018030669 -0.064072859 -0.018265431 0.997778053 0.206466336 -0.027064725 -0.190710273
0.000000000 0.557585061 0.991262257 0.500000000 0.500000000 0.000000000 0.000000000 0.997922058 0.003105100 0.064357793 -0.004278737 0.999826912 0.018106328 -0.064290431 -0.018344074 0.997762615 0.206817565 -0.027302403 -0.191261752
0.000000000 0.557585061 0.991262257 0.500000000 0.500000000 0.000000000 0.000000000 0.997904649 0.003162830 0.064624355 -0.004347324 0.999824978 0.018196524 -0.064555491 -0.018439339 0.997743744 0.207099016 -0.027494550 -0.191854027
0.000000000 0.557585061 0.991262257 0.500000000 0.500000000 0.000000000 0.000000000 0.997887166 0.003220508 0.064890922 -0.004415908 0.999823033 0.018286683 -0.064820546 -0.018534598 0.997724794 0.207380135 -0.027686835 -0.192446423
0.000000000 0.557585061 0.991262257 0.500000000 0.500000000 0.000000000 0.000000000 0.997869608 0.003278136 0.065157496 -0.004484490 0.999821075 0.018376805 -0.065085596 -0.018629853 0.997705765 0.207660930 -0.027879255 -0.193038951
