0.000000000 0.776707292 1.380813122 0.500000000 0.500000000 0.000000000 0.000000000 0.997837760 -0.005232815 -0.065516585 0.002316235 0.999006087 -0.044513733 0.065684399 0.044265732 0.996858117 0.431271802 0.190962681 -1.410594205
0.000000000 0.776707292 1.380813122 0.500000000 0.500000000 0.000000000 0.000000000 0.997858622 -0.005221826 -0.065198954 0.002310670 0.999000191 -0.044646163 0.065366902 0.044399905 0.996873019 0.429659662 0.192521740 -1.414210391
0.000000000 0.776707292 1.380813122 0.500000000 0.500000000 0.000000000 0.000000000 0.997879383 -0.005210752 -0.064881321 0.002305105 0.998994276 -0.044778596 0.065049398 0.044534080 0.996887803 0.428045264 0.194081715 -1.417825303
0.000000000 0.776707292 1.380813122 0.500000000 0.500000000 0.000000000 0.000000000 0.997900042 -0.005199592 -0.064563686 0.002299539 0.998988344 -0.044911032 0.064731889 0.044668254 0.996902467 0.426428608 0.195642627 -1.421439039
0.000000000 0.776707292 1.380813122 0.500000000 0.500000000 0.000000000 0.000000000 0.997915938 -0.005194754 -0.064317918 0.002302032 0.998985773 -0.044968052 0.064486283 0.044726274 0.996915784 0.424678522 0.196594597 -1.425607568
0.000000000 0.776707292 1.380813122 0.500000000 0.500000000 0.000000000 0.000000000 0.997931774 -0.005189888 -0.064072147 0.002304524 0.998983199 -0.045025071 0.064240673 0.044784293 0.996929036 0.422926388 0.197547018 -1.429775218
0.000000000 0.776707292 1.380813122 0.500000000 0.500000000 0.000000000 0.000000000 0.997947549 -0.005184993 -0.063826373 0.002307017 0.998980622 -0.045082088 0.063995060 0.044842311 0.996942225 0.421172226 0.198499874 -1.433941988
0.000000000 0.776707292 1.380813122 0.500000000 0.500000000 0.000000000 0.000000000 0.997963263 -0.005180070 -0.063580596 0.002309509 0.998978041 -0.045139105 0.063749443 0.044900329 0.996955350 0.419416028 0.199453174 -1.438107877
0.000000000 0.776707292 1.380813122 0.500000000 0.500000000 0.000000000 0.000000000 0.997978917 -0.005175118 -0.063334816 0.002312001 0.998975458 -0.045196119 0.063503822 0.044958344 0.996968411 0.417657790 0.200406924 -1.442272885
0.000000000 0.776707292 1.380813122 0.500000000 0.500000000 0.000000000 0.000000000 0.997994511 -0.005170138 -0.063089032 0.002314493 0.998972871 -0.045253133 0.063258197 0.045016359 0.996981408 0.415897516 0.201361110 -1.446437010
0.000000000 0.776707292 1.380813122 0.500000000 0.500000000 0.000000000 0.000000000 0.998010044 -0.005165130 -0.062843247 0.002316985 0.998970281 -0.045310145 0.063012569 0.045074372 0.996994342 0.414135207 0.202315736 -1.450600253
0.000000000 0.776707292 1.380813122 0.500000000 0.500000000 0.000000000 0.000000000 0.998025517 -0.005160093 -0.062597457 0.002319477 0.998967688 -0.045367156 0.062766936 0.045132386 0.997007211 0.412370859 0.203270818 -1.454762611
0.000000000 0.776707292 1.380813122 0.500000000 0.500000000 0.000000000 0.000000000 0.998040929 -0.005155028 -0.062351665 0.002321969 0.998965091 -0.045424164 0.062521299 0.045190397 0.997020017 0.410604466 0.204226331 -1.458924086
0.000000000 0.776707292 1.380813122 0.500000000 0.500000000 0.000000000 0.000000000 0.998056280 -0.005149934 -0.062105870 0.002324461 0.998962492 -0.045481173 0.062275660 0.045248407 0.997032760 0.408836048 0.205182298 -1.463084674
0.000000000 0.776707292 1.380813122 0.500000000 0.500000000 0.000000000 0.000000000 0.998071572 -0.005144812 -0.061860072 0.002326953 0.998959889 -0.045538180 0.062030016 0.045306417 0.997045438 0.407065594 0.206138699 -1.467244376
0.000000000 0.776707292 1.380813122 0.500000000 0.500000000 0.000000000 0.000000000 0.998086803 -0.005139661 -0.061614270 0.002329445 0.998957283 -0.045595184 0.061784368 0.045364425 0.997058053 0.405293104 0.207095541 -1.471403192
0.000000000 0.776707292 1.380813122 0.500000000 0.500000000 0.000000000 0.000000000 0.998095224 -0.005132536 -0.061478291 0.002325634 0.998955170 -0.045641637 0.061648314 0.045411724 0.997064321 0.404240278 0.207398760 -1.475426157
0.000000000 0.776707292 1.380813122 0.500000000 0.500000000 0.000000000 0.000000000 0.998103628 -0.005125399 -0.061342310 0.002321823 0.998953056 -0.045688090 0.061512258 0.045459022 0.997070569 0.403186368 0.207702346 -1.479448937
0.000000000 0.776707292 1.380813122 0.500000000 0.500000000 0.000000000 0.000000000 0.998112012 -0.005118248 -0.061206330 0.002318012 0.998950939 -0.045734544 0.061376201 0.045506321 0.997076796 0.402131353 0.208006312 -1.483471332
0.000000000 0.776707292 1.380813122 0.500000000 0.500000000 0.000000000 0.000000000 0.998120378 -0.005111085 -0.061070348 0.002314201 0.998948820 -0.045780999 0.061240143 0.045553619 0.997083002 0.401075264 0.208310646 -1.487493540
0.000000000 0.776707292 1.380813122 0.500000000 0.500000000 0.000000000 0.000000000 0.998128726 -0.005103909 -0.060934366 0.002310389 0.998946699 -0.045827454 0.061104083 0.045600917 0.997089187 0.400018079 0.208615358 -1.491515363
0.000000000 0.776707292 1.380813122 0.500000000 0.500000000 0.000000000 0.000000000 0.998137055 -0.005096720 -0.060798385 0.002306578 0.998944575 -0.045873912 0.060968023 0.045648215 0.997095352 0.398959813 0.208920441 -1.495536999
0.000000000 0.776707292 1.380813122 0.500000000 0.500000000 0.000000000 0.000000000 0.998145365 -0.005089518 -0.060662402 0.002302767 0.998942449 -0.045920369 0.060831961 0.045695512 0.997101496 0.397900441 0.209225901 -1.499558249
0.000000000 0.776707292 1.380813122 0.500000000 0.500000000 0.000000000 0.000000000 0.998153657 -0.005082303 -0.060526420 0.002298955 0.998940321 -0.045966829 0.060695899 0.045742811 0.997107619 0.396839991 0.209531727 -1.503579212
0.000000000 0.776707292 1.380813122 0.500000000 0.500000000 0.000000000 0.000000000 0.998161930 -0.005075076 -0.060390437 0.002295143 0.998938191 -0.046013288 0.060559835 0.045790108 0.997113721 0.395778456 0.209837939 -1.507599987
0.000000000 0.776707292 1.380813122 0.500000000 0.500000000 0.000000000 0.000000000 0.998170185 -0.005067836 -0.060254454 0.002291332 0.998936059 -0.046059749 0.060423770 0.045837405 0.997119802 0.394715829 0.210144512 -1.511620375
0.000000000 0.776707292 1.380813122 0.500000000 0.500000000 0.000000000 0.000000000 0.998178421 -0.005060583 -0.060118470 0.002287520 0.998933924 -0.046106210 0.060287704 0.045884702 0.997125863 0.393652117 0.210451472 -1.515640576
0.000000000 0.776707292 1.380813122 0.500000000 0.500000000 0.000000000 0.000000000 0.998186639 -0.005053317 -0.059982486 0.002283708 0.998931787 -0.046152673 0.060151636 0.045931999 0.997131903 0.392587300 0.210758793 -1.519660389
0.000000000 0.776707292 1.380813122 0.500000000 0.500000000 0.000000000 0.000000000 0.998188100 -0.005051942 -0.059958285 0.002281788 0.998930519 -0.046180198 0.060127460 0.045959712 0.997132084 0.392404870 0.211398690 -1.523192030
0.000000000 0.776707292 1.380813122 0.500000000 0.500000000 0.000000000 0.000000000 0.998189560 -0.005050565 -0.059934083 0.002279867 0.998929251 -0.046207723 0.060103284 0.045987425 0.997132264 0.392222278 0.212038772 -1.526723629
0.000000000 0.776707292 1.380813122 0.500000000 0.500000000 0.000000000 0.000000000 0.998191020 -0.005049187 -0.059909882 0.002277947 0.998927982 -0.046235247 0.060079108 0.046015137 0.997132443 0.392039506 0.212679059 -1.530255185
0.000000000 0.776707292 1.380813122 0.500000000 0.500000000 0.000000000 0.000000000 0.998192479 -0.005047808 -0.059885680 0.002276027 0.998926712 -0.046262772 0.060054931 0.046042850 0.997132620 0.391856557 0.213319536 -1.533786600
0.000000000 0.776707292 1.380813122 0.500000000 0.500000000 0.000000000 0.000000000 0.998193938 -0.005046428 -0.059861479 0.002274107 0.998925441 -0.046290297 0.060030755 0.046070562 0.997132795 0.391673443 0.213960203 -1.537318072
0.000000000 0.776707292 1.380813122 0.500000000 0.500000000 0.000000000 0.000000000 0.998195395 -0.005045046 -0.059837279 0.002272187 0.998924170 -0.046317823 0.060006580 0.046098276 0.997132970 0.391490160 0.214601076 -1.540849502
0.000000000 0.776707292 1.380813122 0.500000000 0.500000000 0.000000000 0.000000000 0.998196853 -0.005043663 -0.059813078 0.002270267 0.998922897 -0.046345348 0.059982403 0.046125989 0.997133143 0.391306714 0.215242142 -1.544380889
0.000000000 0.776707292 1.380813122 0.500000000 0.500000000 0.000000000 0.000000000 0.998198310 -0.005042279 -0.059788877 0.002268346 0.998921624 -0.046372873 0.059958227 0.046153701 0.997133315 0.391123087 0.215883404 -1.547912234
0.000000000 0.776707292 1.380813122 0.500000000 0.500000000 0.000000000 0.000000000 0.998199766 -0.005040893 -0.059764676 0.002266426 0.998920350 -0.046400398 0.059934050 0.046181414 0.997133485 0.390939284 0.216524846 -1.551443438
0.000000000 0.776707292 1.380813122 0.500000000 0.500000000 0.000000000 0.000000000 0.998201222 -0.005039506 -0.059740475 0.002264506 0.998919076 -0.046427923 0.059909874 0.046209127 0.997133654 0.390755316 0.217166497 -1.554974698
0.000000000 0.776707292 1.380813122 0.500000000 0.500000000 0.000000000 0.000000000 0.998202677 -0.005038118 -0.059716274 0.002262586 0.998917800 -0.046455448 0.059885697 0.046236839 0.997133821 0.390571176 0.217808343 -1.558505917
0.000000000 0.776707292 1.380813122 0.500000000 0.500000000 0.000000000 0.000000000 0.998204131 -0.005036728 -0.059692074 0.002260666 0.998916524 -0.046482974 0.059861521 0.046264553 0.997133988 0.390386876 0.218450376 -1.562037092
0.000000000 0.776707292 1.380813122 0.500000000 0.500000000 0.000000000 0.000000000 0.998197154 -0.005039889 -0.059808366 0.002256385 0.998914953 -0.046516947 0.059977911 0.046298133 0.997125435 0.391112796 0.219414113 -1.565500541
0.000000000 0.776707292 1.380813122 0.500000000 0.500000000 0.000000000 0.000000000 0.998190164 -0.005043057 -0.059924657 0.002252105 0.998913380 -0.046550920 0.060094301 0.046331714 0.997116867 0.391839538 0.220378082 -1.568963878
0.000000000 0.776707292 1.380813122 0.500000000 0.500000000 0.000000000 0.000000000 0.998183160 -0.005046234 -0.060040949 0.002247826 0.998911805 -0.046584892 0.060210691 0.046365293 0.997108285 0.392567103 0.221342283 -1.572426903
0.000000000 0.776707292 1.380813122 0.500000000 0.500000000 0.000000000 0.000000000 0.998176142 -0.005049419 -0.060157238 0.002243546 0.998910230 -0.046618863 0.060327079 0.046398871 0.997099688 0.393295479 0.222306735 -1.575889815
0.000000000 0.776707292 1.380813122 0.500000000 0.500000000 0.000000000 0.000000000 0.998169110 -0.005052611 -0.060273527 0.002239266 0.998908654 -0.046652832 0.060443466 0.046432448 0.997091077 0.394024676 0.223271408 -1.579352415
0.000000000 0.776707292 1.380813122 0.500000000 0.500000000 0.000000000 0.000000000 0.998162065 -0.005055811 -0.060389815 0.002234986 0.998907076 -0.046686801 0.060559854 0.046466023 0.997082450 0.394754687 0.224236323 -1.582814902
0.000000000 0.776707292 1.380813122 0.500000000 0.500000000 0.000000000 0.000000000 0.998155007 -0.005059019 -0.060506102 0.002230706 0.998905498 -0.046720769 0.060676239 0.046499598 0.997073809 0.395485517 0.225201478 -1.586277076
0.000000000 0.776707292 1.380813122 0.500000000 0.500000000 0.000000000 0.000000000 0.998147935 -0.005062235 -0.060622388 0.002226426 0.998903918 -0.046754735 0.060792624 0.046533171 0.997065154 0.396217160 0.226166865 -1.589739138
0.000000000 0.776707292 1.380813122 0.500000000 0.500000000 0.000000000 0.000000000 0.998140849 -0.005065459 -0.060738673 0.002222147 0.998902337 -0.046788701 0.060909009 0.046566743 0.997056483 0.396949624 0.227132484 -1.593200886
0.000000000 0.776707292 1.380813122 0.500000000 0.500000000 0.000000000 0.000000000 0.998133750 -0.005068691 -0.060854957 0.002217867 0.998900755 -0.046822665 0.061025392 0.046600314 0.997047798 0.397682894 0.228098348 -1.596662421
0.000000000 0.776707292 1.380813122 0.500000000 0.500000000 0.000000000 0.000000000 0.998126637 -0.005071930 -0.060971239 0.002213587 0.998899172 -0.046856628 0.061141774 0.046633883 0.997039099 0.398416996 0.229064442 -1.600123843
0.000000000 0.776707292 1.380813122 0.500000000 0.500000000 0.000000000 0.000000000 0.998119510 -0.005075178 -0.061087522 0.002209308 0.998897588 -0.046890590 0.061258157 0.046667452 0.997030384 0.399151900 0.230030769 -1.603584952
0.000000000 0.776707292 1.380813122 0.500000000 0.500000000 0.000000000 0.000000000 0.998101940 -0.005082101 -0.061373367 0.002201848 0.998896845 -0.046906764 0.061544047 0.046682598 0.997012069 0.400757965 0.230287184 -1.606642144
0.000000000 0.776707292 1.380813122 0.500000000 0.500000000 0.000000000 0.000000000 0.998084287 -0.005089033 -0.061659206 0.002194389 0.998896102 -0.046922934 0.061829933 0.046697739 0.996993671 0.402365807 0.230543682 -1.609698541
0.000000000 0.776707292 1.380813122 0.500000000 0.500000000 0.000000000 0.000000000 0.998066552 -0.005095975 -0.061945040 0.002186929 0.998895359 -0.046939099 0.062115813 0.046712875 0.996975192 0.403975446 0.230800263 -1.612754141
0.000000000 0.776707292 1.380813122 0.500000000 0.500000000 0.000000000 0.000000000 0.998048736 -0.005102925 -0.062230868 0.002179470 0.998894616 -0.046955260 0.062401688 0.046728008 0.996956630 0.405586856 0.231056924 -1.615808844
0.000000000 0.776707292 1.380813122 0.500000000 0.500000000 0.000000000 0.000000000 0.998030837 -0.005109884 -0.062516692 0.002172011 0.998893872 -0.046971417 0.062687559 0.046743136 0.996937987 0.407200067 0.231313674 -1.618862848
0.000000000 0.776707292 1.380813122 0.500000000 0.500000000 0.000000000 0.000000000 0.998012857 -0.005116851 -0.062802510 0.002164552 0.998893129 -0.046987569 0.062973424 0.046758259 0.996919261 0.408815055 0.231570505 -1.621916053
0.000000000 0.776707292 1.380813122 0.500000000 0.500000000 0.000000000 0.000000000 0.997994795 -0.005123828 -0.063088322 0.002157093 0.998892385 -0.047003718 0.063259284 0.046773378 0.996900453 0.410431831 0.231827407 -1.624968359
0.000000000 0.776707292 1.380813122 0.500000000 0.500000000 0.000000000 0.000000000 0.997976650 -0.005130814 -0.063374129 0.002149634 0.998891642 -0.047019862 0.063545138 0.046788493 0.996881564 0.412050400 0.232084407 -1.628019964
0.000000000 0.776707292 1.380813122 0.500000000 0.500000000 0.000000000 0.000000000 0.997958424 -0.005137808 -0.063659931 0.002142175 0.998890898 -0.047036001 0.063830988 0.046803603 0.996862592 0.413670743 0.232341490 -1.631070769
0.000000000 0.776707292 1.380813122 0.500000000 0.500000000 0.000000000 0.000000000 0.997940116 -0.005144812 -0.063945728 0.002134716 0.998890154 -0.047052137 0.064116832 0.046818709 0.996843539 0.415292880 0.232598657 -1.634120770
0.000000000 0.776707292 1.380813122 0.500000000 0.500000000 0.000000000 0.000000000 0.997921726 -0.005151824 -0.064231519 0.002127257 0.998889410 -0.047068267 0.064402671 0.046833809 0.996824403 0.416916786 0.232855901 -1.637169870
0.000000000 0.776707292 1.380813122 0.500000000 0.500000000 0.000000000 0.000000000 0.997903254 -0.005158846 -0.064517304 0.002119799 0.998888666 -0.047084394 0.064688505 0.046848907 0.996805185 0.418542491 0.233113235 -1.640218265
0.000000000 0.776707292 1.380813122 0.500000000 0.500000000 0.000000000 0.000000000 0.997873504 -0.005178006 -0.064974285 0.002116696 0.998888107 -0.047096383 0.065145906 0.046858702 0.996774936 0.420875930 0.233319330 -1.642931249
0.000000000 0.776707292 1.380813122 0.500000000 0.500000000 0.000000000 0.000000000 0.997843545 -0.005197176 -0.065431252 0.002113592 0.998887548 -0.047108370 0.065603293 0.046868488 0.996744477 0.423211947 0.233525490 -1.645642334
0.000000000 0.776707292 1.380813122 0.500000000 0.500000000 0.000000000 0.000000000 0.997813376 -0.005216355 -0.065888205 0.002110488 0.998886990 -0.047120353 0.066060667 0.046878262 0.996713809 0.425550545 0.233731703 -1.648351717
0.000000000 0.776707292 1.380813122 0.500000000 0.500000000 0.000000000 0.000000000 0.997782998 -0.005235544 -0.066345143 0.002107384 0.998886431 -0.047132334 0.066518027 0.046888027 0.996682931 0.427891710 0.233937980 -1.651059197
0.000000000 0.776707292 1.380813122 0.500000000 0.500000000 0.000000000 0.000000000 0.997752410 -0.005254742 -0.066802067 0.002104280 0.998885872 -0.047144312 0.066975372 0.046897780 0.996651844 0.430235452 0.234144310 -1.653764974
0.000000000 0.776707292 1.380813122 0.500000000 0.500000000 0.000000000 0.000000000 0.997721612 -0.005273951 -0.067258976 0.002101176 0.998885314 -0.047156287 0.067432703 0.046907524 0.996620547 0.432581759 0.234350704 -1.656468843
0.000000000 0.776707292 1.380813122 0.500000000 0.500000000 0.000000000 0.000000000 0.997690605 -0.005293169 -0.067715871 0.002098071 0.998884755 -0.047168259 0.067890021 0.046917256 0.996589041 0.434930634 0.234557151 -1.659171005
0.000000000 0.776707292 1.380813122 0.500000000 0.500000000 0.000000000 0.000000000 0.997659388 -0.005312396 -0.068172752 0.002094966 0.998884196 -0.047180228 0.068347324 0.046926978 0.996557325 0.437282080 0.234763662 -1.661871257
0.000000000 0.776707292 1.380813122 0.500000000 0.500000000 0.000000000 0.000000000 0.997627961 -0.005331633 -0.068629617 0.002091861 0.998883637 -0.047192195 0.068804613 0.046936690 0.996525400 0.439636100 0.234970226 -1.664569797
0.000000000 0.776707292 1.380813122 0.500000000 0.500000000 0.000000000 0.000000000 0.997596325 -0.005350879 -0.069086467 0.002088755 0.998883078 -0.047204159 0.069261887 0.046946391 0.996493265 0.441992685 0.235176849 -1.667266523
0.000000000 0.776707292 1.380813122 0.500000000 0.500000000 0.000000000 0.000000000 0.997564479 -0.005370136 -0.069543303 0.002085649 0.998882520 -0.047216120 0.069719147 0.046956081 0.996460921 0.444351830 0.235383535 -1.669961334
0.000000000 0.776707292 1.380813122 0.500000000 0.500000000 0.000000000 0.000000000 0.997532424 -0.005389401 -0.070000124 0.002082543 0.998881961 -0.047228078 0.070176392 0.046965761 0.996428367 0.446713546 0.235590275 -1.672654428
0.000000000 0.776707292 1.380813122 0.500000000 0.500000000 0.000000000 0.000000000 0.997490127 -0.005412321 -0.070598536 0.002077644 0.998882233 -0.047222539 0.070775206 0.046957338 0.996386410 0.449574737 0.236395037 -1.675270649
0.000000000 0.776707292 1.380813122 0.500000000 0.500000000 0.000000000 0.000000000 0.997447470 -0.005435231 -0.071196923 0.002072744 0.998882505 -0.047216994 0.071373996 0.046948898 0.996344094 0.452439240 0.237199748 -1.677884046
0.000000000 0.776707292 1.380813122 0.500000000 0.500000000 0.000000000 0.000000000 0.997404454 -0.005458133 -0.071795285 0.002067843 0.998882778 -0.047211444 0.071972760 0.046940443 0.996301419 0.455307061 0.238004392 -1.680494615
0.000000000 0.776707292 1.380813122 0.500000000 0.500000000 0.000000000 0.000000000 0.997361079 -0.005481026 -0.072393621 0.002062943 0.998883050 -0.047205888 0.072571497 0.046931971 0.996258384 0.458178182 0.238808980 -1.683102456
0.000000000 0.776707292 1.380813122 0.500000000 0.500000000 0.000000000 0.000000000 0.997317344 -0.005503910 -0.072991932 0.002058042 0.998883323 -0.047200326 0.073170209 0.046923483 0.996214990 0.461052602 0.239613504 -1.685707363
