0.000000000 0.844305515 1.500988006 0.500000000 0.500000000 0.000000000 0.000000000 0.921981856 -0.059570939 0.382623523 0.057680560 0.998200022 0.016421581 -0.382913058 0.006929539 0.923758394 -5.306313137 0.399204610 -6.374253462
0.000000000 0.844305515 1.500988006 0.500000000 0.500000000 0.000000000 0.000000000 0.921892262 -0.059604121 0.382834176 0.057705330 0.998198080 0.016452613 -0.383124983 0.006924036 0.923670561 -5.315673765 0.399244780 -6.382151692
0.000000000 0.844305515 1.500988006 0.500000000 0.500000000 0.000000000 0.000000000 0.921807986 -0.059650088 0.383029899 0.057756238 0.998195117 0.016453716 -0.383320041 0.006955199 0.923589396 -5.324776035 0.400220369 -6.390185199
0.000000000 0.844305515 1.500988006 0.500000000 0.500000000 0.000000000 0.000000000 0.921723667 -0.059696041 0.383225606 0.057807133 0.998192153 0.016454842 -0.383515081 0.006986356 0.923508188 -5.333882197 0.401195418 -6.398215141
0.000000000 0.844305515 1.500988006 0.500000000 0.500000000 0.000000000 0.000000000 0.921639303 -0.059741981 0.383421296 0.057858016 0.998189186 0.016455992 -0.383710105 0.007017507 0.923426938 -5.342992083 0.402169909 -6.406241372
0.000000000 0.844305515 1.500988006 0.500000000 0.500000000 0.000000000 0.000000000 0.921554896 -0.059787907 0.383616970 0.057908886 0.998186216 0.016457163 -0.383905111 0.007048652 0.923345646 -5.352105768 0.403143860 -6.414264075
0.000000000 0.844305515 1.500988006 0.500000000 0.500000000 0.000000000 0.000000000 0.921470445 -0.059833820 0.383812627 0.057959744 0.998183245 0.016458358 -0.384100100 0.007079791 0.923264312 -5.361223211 0.404117253 -6.422283157
0.000000000 0.844305515 1.500988006 0.500000000 0.500000000 0.000000000 0.000000000 0.921385950 -0.059879718 0.384008269 0.058010588 0.998180271 0.016459575 -0.384295073 0.007110925 0.923182935 -5.370344374 0.405090115 -6.430298523
0.000000000 0.844305515 1.500988006 0.500000000 0.500000000 0.000000000 0.000000000 0.921301411 -0.059925604 0.384203893 0.058061421 0.998177295 0.016460814 -0.384490028 0.007142052 0.923101517 -5.379469333 0.406062420 -6.438310358
0.000000000 0.844305515 1.500988006 0.500000000 0.500000000 0.000000000 0.000000000 0.921216828 -0.059971477 0.384399502 0.058112240 0.998174317 0.016462077 -0.384684965 0.007173174 0.923020056 -5.388597916 0.407034174 -6.446318514
0.000000000 0.844305515 1.500988006 0.500000000 0.500000000 0.000000000 0.000000000 0.921132202 -0.060017336 0.384595094 0.058163048 0.998171337 0.016463362 -0.384879886 0.007204290 0.922938552 -5.397730385 0.408005379 -6.454323098
0.000000000 0.844305515 1.500988006 0.500000000 0.500000000 0.000000000 0.000000000 0.921047535 -0.060063181 0.384790660 0.058213841 0.998168354 0.016464669 -0.385074780 0.007235399 0.922857011 -5.406866503 0.408976035 -6.462324015
0.000000000 0.844305515 1.500988006 0.500000000 0.500000000 0.000000000 0.000000000 0.920962821 -0.060109013 0.384986219 0.058264623 0.998165369 0.016466000 -0.385269667 0.007266503 0.922775423 -5.416006478 0.409946138 -6.470321343
0.000000000 0.844305515 1.500988006 0.500000000 0.500000000 0.000000000 0.000000000 0.920878600 -0.060130210 0.385184321 0.058299215 0.998163741 0.016442247 -0.385465698 0.007314630 0.922693173 -5.425166938 0.411359247 -6.478147669
0.000000000 0.844305515 1.500988006 0.500000000 0.500000000 0.000000000 0.000000000 0.920794337 -0.060151388 0.385382407 0.058333798 0.998162111 0.016418511 -0.385661713 0.007362748 0.922610879 -5.434331124 0.412772534 -6.485970351
0.000000000 0.844305515 1.500988006 0.500000000 0.500000000 0.000000000 0.000000000 0.920710035 -0.060172544 0.385580467 0.058368371 0.998160480 0.016394789 -0.385857701 0.007410856 0.922528544 -5.443498799 0.414186014 -6.493789295
0.000000000 0.844305515 1.500988006 0.500000000 0.500000000 0.000000000 0.000000000 0.920625686 -0.060193680 0.385778521 0.058402934 0.998158848 0.016371085 -0.386053680 0.007458956 0.922446161 -5.452670314 0.415599653 -6.501604407
0.000000000 0.844305515 1.500988006 0.500000000 0.500000000 0.000000000 0.000000000 0.920541294 -0.060214794 0.385976560 0.058437486 0.998157213 0.016347396 -0.386249642 0.007507047 0.922363734 -5.461845512 0.417013472 -6.509415778
0.000000000 0.844305515 1.500988006 0.500000000 0.500000000 0.000000000 0.000000000 0.920456863 -0.060235889 0.386174573 0.058472030 0.998155578 0.016323723 -0.386445578 0.007555128 0.922281267 -5.471024365 0.418427462 -6.517223555
0.000000000 0.844305515 1.500988006 0.500000000 0.500000000 0.000000000 0.000000000 0.920372386 -0.060256962 0.386372579 0.058506563 0.998153941 0.016300066 -0.386641505 0.007603201 0.922198752 -5.480206924 0.419841628 -6.525027441
0.000000000 0.844305515 1.500988006 0.500000000 0.500000000 0.000000000 0.000000000 0.920287866 -0.060278015 0.386570570 0.058541087 0.998152303 0.016276426 -0.386837415 0.007651265 0.922116193 -5.489393071 0.421255968 -6.532827623
0.000000000 0.844305515 1.500988006 0.500000000 0.500000000 0.000000000 0.000000000 0.920203306 -0.060299047 0.386768535 0.058575601 0.998150663 0.016252800 -0.387033298 0.007699319 0.922033593 -5.498582921 0.422670474 -6.540624075
0.000000000 0.844305515 1.500988006 0.500000000 0.500000000 0.000000000 0.000000000 0.920118701 -0.060320058 0.386966494 0.058610105 0.998149021 0.016229191 -0.387229173 0.007747364 0.921950945 -5.507776553 0.424085151 -6.548416818
0.000000000 0.844305515 1.500988006 0.500000000 0.500000000 0.000000000 0.000000000 0.920034056 -0.060341049 0.387164428 0.058644599 0.998147379 0.016205598 -0.387425021 0.007795401 0.921868258 -5.516973755 0.425500012 -6.556205776
0.000000000 0.844305515 1.500988006 0.500000000 0.500000000 0.000000000 0.000000000 0.919958380 -0.060339894 0.387344390 0.058662510 0.998147001 0.016163952 -0.387601973 0.007852431 0.921793388 -5.525734590 0.427335266 -6.564272005
0.000000000 0.844305515 1.500988006 0.500000000 0.500000000 0.000000000 0.000000000 0.919882669 -0.060338716 0.387524340 0.058680415 0.998146622 0.016122314 -0.387778911 0.007909452 0.921718480 -5.534498698 0.429171297 -6.572334948
0.000000000 0.844305515 1.500988006 0.500000000 0.500000000 0.000000000 0.000000000 0.919806925 -0.060337517 0.387704275 0.058698314 0.998146242 0.016080684 -0.387955834 0.007966463 0.921643535 -5.543266262 0.431008100 -6.580394526
0.000000000 0.844305515 1.500988006 0.500000000 0.500000000 0.000000000 0.000000000 0.919731146 -0.060336296 0.387884197 0.058716208 0.998145859 0.016039062 -0.388132743 0.008023464 0.921568553 -5.552037190 0.432845677 -6.588450778
0.000000000 0.844305515 1.500988006 0.500000000 0.500000000 0.000000000 0.000000000 0.919655333 -0.060335052 0.388064105 0.058734095 0.998145474 0.015997448 -0.388309637 0.008080456 0.921493533 -5.560811479 0.434684023 -6.596503701
0.000000000 0.844305515 1.500988006 0.500000000 0.500000000 0.000000000 0.000000000 0.919579486 -0.060333786 0.388244000 0.058751977 0.998145088 0.015955841 -0.388486518 0.008137438 0.921418476 -5.569589039 0.436523151 -6.604553335
0.000000000 0.844305515 1.500988006 0.500000000 0.500000000 0.000000000 0.000000000 0.919503608 -0.060332499 0.388423871 0.058769853 0.998144700 0.015914242 -0.388663375 0.008194411 0.921343385 -5.578369984 0.438363052 -6.612599656
0.000000000 0.844305515 1.500988006 0.500000000 0.500000000 0.000000000 0.000000000 0.919427693 -0.060331188 0.388603739 0.058787723 0.998144310 0.015872651 -0.388840226 0.008251373 0.921268253 -5.587154354 0.440203717 -6.620642590
0.000000000 0.844305515 1.500988006 0.500000000 0.500000000 0.000000000 0.000000000 0.919351743 -0.060329856 0.388783592 0.058805587 0.998143918 0.015831069 -0.389017064 0.008308327 0.921193083 -5.595941991 0.442045165 -6.628682232
0.000000000 0.844305515 1.500988006 0.500000000 0.500000000 0.000000000 0.000000000 0.919275759 -0.060328502 0.388963431 0.058823445 0.998143524 0.015789494 -0.389193887 0.008365270 0.921117876 -5.604733077 0.443887380 -6.636718501
0.000000000 0.844305515 1.500988006 0.500000000 0.500000000 0.000000000 0.000000000 0.919199741 -0.060327124 0.389143257 0.058841297 0.998143128 0.015747927 -0.389370695 0.008422204 0.921042631 -5.613527519 0.445730361 -6.644751437
0.000000000 0.844305515 1.500988006 0.500000000 0.500000000 0.000000000 0.000000000 0.919118626 -0.060349177 0.389331387 0.058865296 0.998141645 0.015752228 -0.389558505 0.008439941 0.920963050 -5.622634235 0.446437696 -6.652599372
0.000000000 0.844305515 1.500988006 0.500000000 0.500000000 0.000000000 0.000000000 0.919037472 -0.060371222 0.389519500 0.058889287 0.998140162 0.015756541 -0.389746298 0.008457674 0.920883430 -5.631744343 0.447144694 -6.660443893
0.000000000 0.844305515 1.500988006 0.500000000 0.500000000 0.000000000 0.000000000 0.918956279 -0.060393259 0.389707597 0.058913270 0.998138679 0.015760864 -0.389934075 0.008475404 0.920803771 -5.640858063 0.447851341 -6.668285014
0.000000000 0.844305515 1.500988006 0.500000000 0.500000000 0.000000000 0.000000000 0.918875048 -0.060415288 0.389895677 0.058937245 0.998137195 0.015765198 -0.390121836 0.008493130 0.920724074 -5.649975224 0.448557652 -6.676122588
0.000000000 0.844305515 1.500988006 0.500000000 0.500000000 0.000000000 0.000000000 0.918793778 -0.060437311 0.390083741 0.058961213 0.998135711 0.015769543 -0.390309581 0.008510853 0.920644338 -5.659095774 0.449263620 -6.683956746
0.000000000 0.844305515 1.500988006 0.500000000 0.500000000 0.000000000 0.000000000 0.918712469 -0.060459326 0.390271789 0.058985174 0.998134226 0.015773899 -0.390497310 0.008528572 0.920564563 -5.668219932 0.449969236 -6.691787499
0.000000000 0.844305515 1.500988006 0.500000000 0.500000000 0.000000000 0.000000000 0.918631121 -0.060481334 0.390459821 0.059009127 0.998132741 0.015778265 -0.390685022 0.008546288 0.920484750 -5.677347529 0.450674510 -6.699614702
0.000000000 0.844305515 1.500988006 0.500000000 0.500000000 0.000000000 0.000000000 0.918549735 -0.060503333 0.390647836 0.059033072 0.998131256 0.015782643 -0.390872718 0.008564000 0.920404898 -5.686478602 0.451379445 -6.707438447
0.000000000 0.844305515 1.500988006 0.500000000 0.500000000 0.000000000 0.000000000 0.918468309 -0.060525326 0.390835835 0.059057010 0.998129771 0.015787031 -0.391060398 0.008581708 0.920325008 -5.695613059 0.452084035 -6.715258770
0.000000000 0.844305515 1.500988006 0.500000000 0.500000000 0.000000000 0.000000000 0.918386845 -0.060547312 0.391023818 0.059080941 0.998128285 0.015791430 -0.391248061 0.008599413 0.920245079 -5.704751121 0.452788273 -6.723075685
0.000000000 0.844305515 1.500988006 0.500000000 0.500000000 0.000000000 0.000000000 0.918305342 -0.060569290 0.391211784 0.059104864 0.998126799 0.015795840 -0.391435708 0.008617115 0.920165111 -5.713892617 0.453492168 -6.730889046
0.000000000 0.844305515 1.500988006 0.500000000 0.500000000 0.000000000 0.000000000 0.918218984 -0.060619666 0.391406634 0.059147015 0.998123759 0.015830128 -0.391631878 0.008615010 0.920081656 -5.723268500 0.453540029 -6.738511844
0.000000000 0.844305515 1.500988006 0.500000000 0.500000000 0.000000000 0.000000000 0.918132582 -0.060670044 0.391601464 0.059189155 0.998120716 0.015864435 -0.391828030 0.008612905 0.919998159 -5.732647995 0.453586669 -6.746130941
0.000000000 0.844305515 1.500988006 0.500000000 0.500000000 0.000000000 0.000000000 0.918046137 -0.060720421 0.391796274 0.059231283 0.998117671 0.015898761 -0.392024164 0.008610800 0.919914620 -5.742030877 0.453632088 -6.753746322
0.000000000 0.844305515 1.500988006 0.500000000 0.500000000 0.000000000 0.000000000 0.917959648 -0.060770801 0.391991064 0.059273400 0.998114623 0.015933106 -0.392220280 0.008608695 0.919831040 -5.751417407 0.453676257 -6.761358091
0.000000000 0.844305515 1.500988006 0.500000000 0.500000000 0.000000000 0.000000000 0.917873116 -0.060821180 0.392185833 0.059315505 0.998111572 0.015967470 -0.392416379 0.008606589 0.919747418 -5.760807454 0.453719212 -6.768966195
0.000000000 0.844305515 1.500988006 0.500000000 0.500000000 0.000000000 0.000000000 0.917786540 -0.060871559 0.392380582 0.059357599 0.998108519 0.016001853 -0.392612459 0.008604484 0.919663754 -5.770200922 0.453760935 -6.776570672
0.000000000 0.844305515 1.500988006 0.500000000 0.500000000 0.000000000 0.000000000 0.917699920 -0.060921939 0.392575311 0.059399681 0.998105464 0.016036255 -0.392808522 0.008602378 0.919580048 -5.779597997 0.453801432 -6.784171441
0.000000000 0.844305515 1.500988006 0.500000000 0.500000000 0.000000000 0.000000000 0.917613256 -0.060972321 0.392770019 0.059441753 0.998102405 0.016070677 -0.393004567 0.008600272 0.919496300 -5.788998452 0.453840691 -6.791768489
0.000000000 0.844305515 1.500988006 0.500000000 0.500000000 0.000000000 0.000000000 0.917526549 -0.061022702 0.392964707 0.059483812 0.998099344 0.016105117 -0.393200594 0.008598166 0.919412510 -5.798402549 0.453878728 -6.799361920
0.000000000 0.844305515 1.500988006 0.500000000 0.500000000 0.000000000 0.000000000 0.917439799 -0.061073084 0.393159375 0.059525859 0.998096281 0.016139576 -0.393396603 0.008596060 0.919328679 -5.807810155 0.453915525 -6.806951679
0.000000000 0.844305515 1.500988006 0.500000000 0.500000000 0.000000000 0.000000000 0.917353005 -0.061123468 0.393354022 0.059567896 0.998093215 0.016174055 -0.393592595 0.008593954 0.919244806 -5.817221179 0.453951101 -6.814537805
0.000000000 0.844305515 1.500988006 0.500000000 0.500000000 0.000000000 0.000000000 0.917255293 -0.061105399 0.393584625 0.059545601 0.998094357 0.016185686 -0.393823626 0.008589827 0.919145890 -5.827356496 0.454083081 -6.821466423
0.000000000 0.844305515 1.500988006 0.500000000 0.500000000 0.000000000 0.000000000 0.917157523 -0.061087334 0.393815204 0.059523305 0.998095498 0.016197307 -0.394054633 0.008585700 0.919046915 -5.837495645 0.454215071 -6.828390389
0.000000000 0.844305515 1.500988006 0.500000000 0.500000000 0.000000000 0.000000000 0.917059691 -0.061069269 0.394045768 0.059501008 0.998096639 0.016208920 -0.394285624 0.008581574 0.918947879 -5.847638733 0.454347096 -6.835309734
0.000000000 0.844305515 1.500988006 0.500000000 0.500000000 0.000000000 0.000000000 0.916961804 -0.061051208 0.394276298 0.059478712 0.998097780 0.016220522 -0.394516580 0.008577447 0.918848788 -5.857785544 0.454479137 -6.842224390
0.000000000 0.844305515 1.500988006 0.500000000 0.500000000 0.000000000 0.000000000 0.916863855 -0.061033147 0.394506813 0.059456415 0.998098920 0.016232115 -0.394747521 0.008573321 0.918749635 -5.867936290 0.454611214 -6.849134423
0.000000000 0.844305515 1.500988006 0.500000000 0.500000000 0.000000000 0.000000000 0.916765852 -0.061015088 0.394737295 0.059434118 0.998100059 0.016243699 -0.394978428 0.008569195 0.918650429 -5.878090755 0.454743308 -6.856039764
0.000000000 0.844305515 1.500988006 0.500000000 0.500000000 0.000000000 0.000000000 0.916667790 -0.060997031 0.394967752 0.059411820 0.998101198 0.016255272 -0.395209310 0.008565069 0.918551164 -5.888249045 0.454875446 -6.862940444
0.000000000 0.844305515 1.500988006 0.500000000 0.500000000 0.000000000 0.000000000 0.916569665 -0.060978977 0.395198194 0.059389522 0.998102337 0.016266837 -0.395440176 0.008560943 0.918451837 -5.898411266 0.455007597 -6.869836497
0.000000000 0.844305515 1.500988006 0.500000000 0.500000000 0.000000000 0.000000000 0.916471487 -0.060960923 0.395428603 0.059367224 0.998103475 0.016278391 -0.395671009 0.008556817 0.918352456 -5.908577200 0.455139779 -6.876727854
0.000000000 0.844305515 1.500988006 0.500000000 0.500000000 0.000000000 0.000000000 0.916373249 -0.060942872 0.395658987 0.059344925 0.998104613 0.016289936 -0.395901816 0.008552692 0.918253017 -5.918746993 0.455271990 -6.883614637
0.000000000 0.844305515 1.500988006 0.500000000 0.500000000 0.000000000 0.000000000 0.916274950 -0.060924822 0.395889356 0.059322626 0.998105750 0.016301471 -0.396132607 0.008548566 0.918153517 -5.928920633 0.455404223 -6.890496605
0.000000000 0.844305515 1.500988006 0.500000000 0.500000000 0.000000000 0.000000000 0.916179124 -0.060866612 0.396120018 0.059272987 0.998109131 0.016274988 -0.396361610 0.008568412 0.918054495 -5.938982711 0.456350466 -6.897233110
0.000000000 0.844305515 1.500988006 0.500000000 0.500000000 0.000000000 0.000000000 0.916083234 -0.060808393 0.396350662 0.059223353 0.998112509 0.016248482 -0.396590598 0.008588253 0.917955412 -5.949048601 0.457297891 -6.903964896
0.000000000 0.844305515 1.500988006 0.500000000 0.500000000 0.000000000 0.000000000 0.915987289 -0.060750163 0.396581271 0.059173725 0.998115884 0.016221952 -0.396819552 0.008608089 0.917856276 -5.959117981 0.458246537 -6.910692158
0.000000000 0.844305515 1.500988006 0.500000000 0.500000000 0.000000000 0.000000000 0.915891284 -0.060691922 0.396811853 0.059124103 0.998119256 0.016195399 -0.397048482 0.008627920 0.917757082 -5.969191101 0.459196369 -6.917414757
0.000000000 0.844305515 1.500988006 0.500000000 0.500000000 0.000000000 0.000000000 0.915795215 -0.060633672 0.397042418 0.059074485 0.998122625 0.016168823 -0.397277396 0.008647746 0.917657827 -5.979267845 0.460147408 -6.924132712
0.000000000 0.844305515 1.500988006 0.500000000 0.500000000 0.000000000 0.000000000 0.915699091 -0.060575411 0.397272947 0.059024874 0.998125990 0.016142223 -0.397506276 0.008667567 0.917558518 -5.989348165 0.461099663 -6.930846100
0.000000000 0.844305515 1.500988006 0.500000000 0.500000000 0.000000000 0.000000000 0.915602907 -0.060517139 0.397503450 0.058975268 0.998129353 0.016115599 -0.397735131 0.008687383 0.917459152 -5.999432219 0.462053107 -6.937554820
0.000000000 0.844305515 1.500988006 0.500000000 0.500000000 0.000000000 0.000000000 0.915506660 -0.060458859 0.397733935 0.058925668 0.998132712 0.016088954 -0.397963971 0.008707194 0.917359724 -6.009519933 0.463007749 -6.944258983
0.000000000 0.844305515 1.500988006 0.500000000 0.500000000 0.000000000 0.000000000 0.915410356 -0.060400567 0.397964384 0.058876074 0.998136068 0.016062284 -0.398192776 0.008726999 0.917260242 -6.019611269 0.463963613 -6.950958443
0.000000000 0.844305515 1.500988006 0.500000000 0.500000000 0.000000000 0.000000000 0.915313990 -0.060342265 0.398194816 0.058826484 0.998139421 0.016035591 -0.398421567 0.008746800 0.917160700 -6.029706219 0.464920675 -6.957653251
0.000000000 0.844305515 1.500988006 0.500000000 0.500000000 0.000000000 0.000000000 0.915217568 -0.060283952 0.398425211 0.058776900 0.998142771 0.016008874 -0.398650323 0.008766596 0.917061103 -6.039804828 0.465878953 -6.964343445
0.000000000 0.844305515 1.500988006 0.500000000 0.500000000 0.000000000 0.000000000 0.915116982 -0.060189861 0.398670403 0.058717526 0.998147762 0.015915329 -0.398889912 0.008844552 0.916956167 -6.050297563 0.468517960 -6.970587997
0.000000000 0.844305515 1.500988006 0.500000000 0.500000000 0.000000000 0.000000000 0.915016330 -0.060095730 0.398915554 0.058658159 0.998152740 0.015821754 -0.399129473 0.008922489 0.916851162 -6.060793657 0.471159768 -6.976827299
