0.000000000 1.229640484 2.186026812 0.500000000 0.500000000 0.000000000 0.000000000 0.996534279 0.027258457 -0.078590121 -0.027749798 0.999601549 -0.005166413 0.078417978 0.007329368 0.996893626 0.263253618 0.096675099 -1.461890783
0.000000000 1.229640484 2.186026812 0.500000000 0.500000000 0.000000000 0.000000000 0.996485820 0.027576691 -0.079091957 -0.028078518 0.999591989 -0.005239547 0.078915197 0.007441919 0.996853555 0.266458185 0.097289668 -1.467080335
0.000000000 1.229640484 2.186026812 0.500000000 0.500000000 0.000000000 0.000000000 0.996433021 0.028053109 -0.079588049 -0.028556548 0.999578683 -0.005194221 0.079408803 0.007448453 0.996814307 0.269640855 0.097606441 -1.472575394
0.000000000 1.229640484 2.186026812 0.500000000 0.500000000 0.000000000 0.000000000 0.996379749 0.028529514 -0.080084096 -0.029034527 0.999565150 -0.005148419 0.079902389 0.007454985 0.996774815 0.272829395 0.097920096 -1.478067813
0.000000000 1.229640484 2.186026812 0.500000000 0.500000000 0.000000000 0.000000000 0.996326004 0.029005906 -0.080580098 -0.029512453 0.999551391 -0.005102143 0.080395956 0.007461514 0.996735078 0.276023802 0.098230624 -1.483557387
0.000000000 1.229640484 2.186026812 0.500000000 0.500000000 0.000000000 0.000000000 0.996271784 0.029482285 -0.081076054 -0.029990328 0.999537405 -0.005055391 0.080889504 0.007468041 0.996695097 0.279224062 0.098538015 -1.489044213
0.000000000 1.229640484 2.186026812 0.500000000 0.500000000 0.000000000 0.000000000 0.996230235 0.029754847 -0.081486004 -0.030274256 0.999528384 -0.005145844 0.081294460 0.007593373 0.996661202 0.281920695 0.099300762 -1.495082000
0.000000000 1.229640484 2.186026812 0.500000000 0.500000000 0.000000000 0.000000000 0.996188439 0.030027305 -0.081895995 -0.030558157 0.999519276 -0.005236063 0.081699401 0.007718696 0.996627127 0.284622776 0.100063412 -1.501117676
0.000000000 1.229640484 2.186026812 0.500000000 0.500000000 0.000000000 0.000000000 0.996146399 0.030299657 -0.082306030 -0.030842032 0.999510081 -0.005326049 0.082104329 0.007844010 0.996592871 0.287330293 0.100825958 -1.507151339
0.000000000 1.229640484 2.186026812 0.500000000 0.500000000 0.000000000 0.000000000 0.996104113 0.030571905 -0.082716107 -0.031125880 0.999500800 -0.005415801 0.082509244 0.007969313 0.996558435 0.290043241 0.101588397 -1.513182786
0.000000000 1.229640484 2.186026812 0.500000000 0.500000000 0.000000000 0.000000000 0.996070260 0.030633758 -0.083100004 -0.031200968 0.999497804 -0.005535284 0.082888705 0.008106332 0.996525840 0.292663466 0.102327840 -1.518922832
0.000000000 1.229640484 2.186026812 0.500000000 0.500000000 0.000000000 0.000000000 0.996036256 0.030695505 -0.083483905 -0.031276045 0.999494789 -0.005654709 0.083268154 0.008243341 0.996493082 0.295288248 0.103068399 -1.524661024
0.000000000 1.229640484 2.186026812 0.500000000 0.500000000 0.000000000 0.000000000 0.996002103 0.030757147 -0.083867811 -0.031351112 0.999491755 -0.005774075 0.083647592 0.008380340 0.996460160 0.297917600 0.103810076 -1.530397257
0.000000000 1.229640484 2.186026812 0.500000000 0.500000000 0.000000000 0.000000000 0.995967799 0.030818683 -0.084251721 -0.031426170 0.999488701 -0.005893383 0.084027017 0.008517329 0.996427075 0.300551502 0.104552863 -1.536131431
0.000000000 1.229640484 2.186026812 0.500000000 0.500000000 0.000000000 0.000000000 0.995937567 0.030867100 -0.084590694 -0.031477710 0.999487077 -0.005893866 0.084365378 0.008532643 0.996398353 0.303043391 0.105024006 -1.541543047
0.000000000 1.229640484 2.186026812 0.500000000 0.500000000 0.000000000 0.000000000 0.995907217 0.030915506 -0.084929657 -0.031529243 0.999485450 -0.005894312 0.084703731 0.008547956 0.996369515 0.305539045 0.105494945 -1.546953043
0.000000000 1.229640484 2.186026812 0.500000000 0.500000000 0.000000000 0.000000000 0.995876750 0.030963902 -0.085268611 -0.031580769 0.999483820 -0.005894724 0.085042074 0.008563267 0.996340562 0.308038450 0.105965681 -1.552361521
0.000000000 1.229640484 2.186026812 0.500000000 0.500000000 0.000000000 0.000000000 0.995846165 0.031012286 -0.085607555 -0.031632288 0.999482189 -0.005895100 0.085380406 0.008578575 0.996311495 0.310541624 0.106436212 -1.557768476
0.000000000 1.229640484 2.186026812 0.500000000 0.500000000 0.000000000 0.000000000 0.995837145 0.031029769 -0.085706093 -0.031650102 0.999481665 -0.005888290 0.085478956 0.008576384 0.996303063 0.311871190 0.106947047 -1.563269914
0.000000000 1.229640484 2.186026812 0.500000000 0.500000000 0.000000000 0.000000000 0.995828115 0.031047252 -0.085804630 -0.031667916 0.999481141 -0.005881476 0.085577506 0.008574193 0.996294622 0.313201855 0.107457775 -1.568771110
0.000000000 1.229640484 2.186026812 0.500000000 0.500000000 0.000000000 0.000000000 0.995819074 0.031064736 -0.085903166 -0.031685729 0.999480617 -0.005874659 0.085676054 0.008572002 0.996286171 0.314533630 0.107968395 -1.574271965
0.000000000 1.229640484 2.186026812 0.500000000 0.500000000 0.000000000 0.000000000 0.995810024 0.031082220 -0.086001702 -0.031703541 0.999480092 -0.005867838 0.085774603 0.008569811 0.996277710 0.315866514 0.108478920 -1.579772677
0.000000000 1.229640484 2.186026812 0.500000000 0.500000000 0.000000000 0.000000000 0.995802699 0.030994304 -0.086118162 -0.031626804 0.999481801 -0.005989608 0.085887892 0.008688110 0.996266925 0.317140583 0.109318714 -1.585300605
0.000000000 1.229640484 2.186026812 0.500000000 0.500000000 0.000000000 0.000000000 0.995795356 0.030906359 -0.086234602 -0.031550066 0.999483489 -0.006111396 0.086001180 0.008806408 0.996256114 0.318415822 0.110160007 -1.590828187
0.000000000 1.229640484 2.186026812 0.500000000 0.500000000 0.000000000 0.000000000 0.995787994 0.030818388 -0.086351022 -0.031473331 0.999485156 -0.006233202 0.086114467 0.008924702 0.996245275 0.319692213 0.111002795 -1.596355223
0.000000000 1.229640484 2.186026812 0.500000000 0.500000000 0.000000000 0.000000000 0.995780613 0.030730389 -0.086467420 -0.031396595 0.999486802 -0.006355026 0.086227753 0.009042994 0.996234410 0.320969762 0.111847093 -1.601881913
0.000000000 1.229640484 2.186026812 0.500000000 0.500000000 0.000000000 0.000000000 0.995740282 0.030815731 -0.086900409 -0.031494261 0.999483136 -0.006447622 0.086656805 0.009157022 0.996196139 0.323934848 0.112688571 -1.607198917
0.000000000 1.229640484 2.186026812 0.500000000 0.500000000 0.000000000 0.000000000 0.995699758 0.030900973 -0.087333399 -0.031591913 0.999479453 -0.006540133 0.087085841 0.009271038 0.996157670 0.326904771 0.113530598 -1.612513599
0.000000000 1.229640484 2.186026812 0.500000000 0.500000000 0.000000000 0.000000000 0.995659039 0.030986116 -0.087766389 -0.031689551 0.999475753 -0.006632559 0.087514861 0.009385045 0.996119004 0.329879515 0.114373192 -1.617825754
0.000000000 1.229640484 2.186026812 0.500000000 0.500000000 0.000000000 0.000000000 0.995618126 0.031071161 -0.088199381 -0.031787176 0.999472036 -0.006724899 0.087943864 0.009499041 0.996080140 0.332859094 0.115216342 -1.623135580
0.000000000 1.229640484 2.186026812 0.500000000 0.500000000 0.000000000 0.000000000 0.995562037 0.031367692 -0.088725973 -0.032091296 0.999462213 -0.006740443 0.088466825 0.009557860 0.996033267 0.336397094 0.115881344 -1.628480095
0.000000000 1.229640484 2.186026812 0.500000000 0.500000000 0.000000000 0.000000000 0.995505581 0.031664158 -0.089252557 -0.032395375 0.999452300 -0.006755664 0.088989761 0.009616672 0.995986115 0.339941245 0.116544681 -1.633821308
0.000000000 1.229640484 2.186026812 0.500000000 0.500000000 0.000000000 0.000000000 0.995448758 0.031960560 -0.089779134 -0.032699414 0.999442298 -0.006770564 0.089512673 0.009675475 0.995938686 0.343491545 0.117206347 -1.639159214
0.000000000 1.229640484 2.186026812 0.500000000 0.500000000 0.000000000 0.000000000 0.995391568 0.032256896 -0.090305703 -0.033003412 0.999432207 -0.006785142 0.090035560 0.009734269 0.995890979 0.347047999 0.117866328 -1.644493807
0.000000000 1.229640484 2.186026812 0.500000000 0.500000000 0.000000000 0.000000000 0.995328064 0.032709329 -0.090841316 -0.033475494 0.999415561 -0.006922915 0.090561780 0.009931530 0.995841317 0.350724300 0.119023142 -1.650194592
0.000000000 1.229640484 2.186026812 0.500000000 0.500000000 0.000000000 0.000000000 0.995264059 0.033161542 -0.091377048 -0.033947513 0.999398679 -0.007060181 0.091087975 0.010128768 0.995791338 0.354407932 0.120178703 -1.655891453
0.000000000 1.229640484 2.186026812 0.500000000 0.500000000 0.000000000 0.000000000 0.995199552 0.033613538 -0.091912901 -0.034419470 0.999381561 -0.007196940 0.091614144 0.010325985 0.995741042 0.358098903 0.121333003 -1.661584584
0.000000000 1.229640484 2.186026812 0.500000000 0.500000000 0.000000000 0.000000000 0.995134544 0.034065314 -0.092448873 -0.034891363 0.999364206 -0.007333190 0.092140287 0.010523178 0.995690429 0.361797188 0.122486030 -1.667273779
0.000000000 1.229640484 2.186026812 0.500000000 0.500000000 0.000000000 0.000000000 0.995071467 0.034347854 -0.093021502 -0.035201191 0.999351743 -0.007547855 0.092701947 0.010785123 0.995635491 0.365714825 0.123724445 -1.672551169
0.000000000 1.229640484 2.186026812 0.500000000 0.500000000 0.000000000 0.000000000 0.995007978 0.034630094 -0.093594234 -0.035510973 0.999339141 -0.007762161 0.093263577 0.011047035 0.995580167 0.369639382 0.124963237 -1.677824103
0.000000000 1.229640484 2.186026812 0.500000000 0.500000000 0.000000000 0.000000000 0.994944075 0.034912029 -0.094167071 -0.035820706 0.999326402 -0.007976111 0.093825178 0.011308916 0.995524457 0.373570846 0.126202394 -1.683092476
0.000000000 1.229640484 2.186026812 0.500000000 0.500000000 0.000000000 0.000000000 0.994879760 0.035193662 -0.094740012 -0.036130392 0.999313526 -0.008189703 0.094386750 0.011570763 0.995468362 0.377509225 0.127441906 -1.688356481
0.000000000 1.229640484 2.186026812 0.500000000 0.500000000 0.000000000 0.000000000 0.994811193 0.035637632 -0.095292437 -0.036592821 0.999295835 -0.008294576 0.094929737 0.011738557 0.995414763 0.381635909 0.128306668 -1.693285650
0.000000000 1.229640484 2.186026812 0.500000000 0.500000000 0.000000000 0.000000000 0.994742116 0.036081409 -0.095844949 -0.037055183 0.999277925 -0.008398937 0.095472696 0.011906329 0.995360841 0.385768991 0.129169234 -1.698210575
0.000000000 1.229640484 2.186026812 0.500000000 0.500000000 0.000000000 0.000000000 0.994672528 0.036524994 -0.096397545 -0.037517479 0.999259797 -0.008502785 0.096015627 0.012074079 0.995306594 0.389908473 0.130029595 -1.703131253
0.000000000 1.229640484 2.186026812 0.500000000 0.500000000 0.000000000 0.000000000 0.994602429 0.036968384 -0.096950225 -0.037979705 0.999241451 -0.008606119 0.096558529 0.012241808 0.995252023 0.394054375 0.130887744 -1.708047776
0.000000000 1.229640484 2.186026812 0.500000000 0.500000000 0.000000000 0.000000000 0.994534764 0.037442082 -0.097461239 -0.038471202 0.999221827 -0.008700923 0.097059617 0.012402822 0.995201287 0.398148518 0.131901596 -1.713195923
0.000000000 1.229640484 2.186026812 0.500000000 0.500000000 0.000000000 0.000000000 0.994466604 0.037915606 -0.097972342 -0.038962632 0.999201960 -0.008795222 0.097560680 0.012563815 0.995150272 0.402249084 0.132913028 -1.718340097
0.000000000 1.229640484 2.186026812 0.500000000 0.500000000 0.000000000 0.000000000 0.994397949 0.038388956 -0.098483533 -0.039453993 0.999181849 -0.008889017 0.098061718 0.012724789 0.995098980 0.406356056 0.133922057 -1.723480297
0.000000000 1.229640484 2.186026812 0.500000000 0.500000000 0.000000000 0.000000000 0.994328800 0.038862132 -0.098994812 -0.039945286 0.999161495 -0.008982309 0.098562732 0.012885744 0.995047409 0.410469435 0.134928661 -1.728616516
0.000000000 1.229640484 2.186026812 0.500000000 0.500000000 0.000000000 0.000000000 0.994269551 0.039051357 -0.099514080 -0.040164236 0.999150704 -0.009203574 0.099070151 0.013147741 0.994993589 0.414455163 0.136239283 -1.733742917
0.000000000 1.229640484 2.186026812 0.500000000 0.500000000 0.000000000 0.000000000 0.994209995 0.039240309 -0.100033415 -0.040383150 0.999139819 -0.009424611 0.099577543 0.013409707 0.994939442 0.418446862 0.137550897 -1.738865096
0.000000000 1.229640484 2.186026812 0.500000000 0.500000000 0.000000000 0.000000000 0.994150132 0.039428987 -0.100552817 -0.040602029 0.999128841 -0.009645418 0.100084911 0.013671641 0.994884967 0.422444542 0.138863493 -1.743983046
0.000000000 1.229640484 2.186026812 0.500000000 0.500000000 0.000000000 0.000000000 0.994089964 0.039617392 -0.101072281 -0.040820872 0.999117770 -0.009865995 0.100592247 0.013933545 0.994830164 0.426448189 0.140177072 -1.749096765
0.000000000 1.229640484 2.186026812 0.500000000 0.500000000 0.000000000 0.000000000 0.994020604 0.039785565 -0.101686519 -0.041017421 0.999107872 -0.010051387 0.101195901 0.014162205 0.994765712 0.430929170 0.141298548 -1.753773020
0.000000000 1.229640484 2.186026812 0.500000000 0.500000000 0.000000000 0.000000000 0.993950839 0.039953455 -0.102300788 -0.041213928 0.999097906 -0.010236535 0.101799518 0.014390830 0.994700841 0.435416474 0.142420423 -1.758444035
0.000000000 1.229640484 2.186026812 0.500000000 0.500000000 0.000000000 0.000000000 0.993880669 0.040121063 -0.102915088 -0.041410394 0.999087870 -0.010421439 0.102403097 0.014619421 0.994635550 0.439910119 0.143542693 -1.763109803
0.000000000 1.229640484 2.186026812 0.500000000 0.500000000 0.000000000 0.000000000 0.993810095 0.040288387 -0.103529419 -0.041606817 0.999077766 -0.010606098 0.103006638 0.014847977 0.994569842 0.444410079 0.144665351 -1.767770220
0.000000000 1.229640484 2.186026812 0.500000000 0.500000000 0.000000000 0.000000000 0.993730757 0.040664975 -0.104141934 -0.041989860 0.999062226 -0.010560343 0.103614836 0.014867042 0.994506378 0.449119189 0.144729471 -1.772700110
0.000000000 1.229640484 2.186026812 0.500000000 0.500000000 0.000000000 0.000000000 0.993650900 0.041041533 -0.104754390 -0.042372831 0.999046544 -0.010514116 0.104222996 0.014886101 0.994442543 0.453834590 0.144789926 -1.777624870
0.000000000 1.229640484 2.186026812 0.500000000 0.500000000 0.000000000 0.000000000 0.993570523 0.041418061 -0.105366786 -0.042755730 0.999030721 -0.010467416 0.104831116 0.014905150 0.994378335 0.458556303 0.144846699 -1.782544594
0.000000000 1.229640484 2.186026812 0.500000000 0.500000000 0.000000000 0.000000000 0.993489628 0.041794559 -0.105979122 -0.043138558 0.999014756 -0.010420244 0.105439197 0.014924191 0.994313755 0.463284312 0.144899772 -1.787459275
0.000000000 1.229640484 2.186026812 0.500000000 0.500000000 0.000000000 0.000000000 0.993418696 0.041984597 -0.106567293 -0.043348995 0.999004621 -0.010518188 0.106019616 0.015068550 0.994249858 0.467822268 0.145753372 -1.792729335
0.000000000 1.229640484 2.186026812 0.500000000 0.500000000 0.000000000 0.000000000 0.993347381 0.042174463 -0.107155469 -0.043559387 0.998994436 -0.010615881 0.106599998 0.015212884 0.994185601 0.472366955 0.146606461 -1.797994499
0.000000000 1.229640484 2.186026812 0.500000000 0.500000000 0.000000000 0.000000000 0.993275685 0.042364157 -0.107743641 -0.043769738 0.998984201 -0.010713323 0.107180334 0.015357195 0.994120985 0.476918340 0.147459048 -1.803254667
0.000000000 1.229640484 2.186026812 0.500000000 0.500000000 0.000000000 0.000000000 0.993203604 0.042553678 -0.108331828 -0.043980043 0.998973918 -0.010810515 0.107760643 0.015501481 0.994056008 0.481476478 0.148311129 -1.808510022
0.000000000 1.229640484 2.186026812 0.500000000 0.500000000 0.000000000 0.000000000 0.993142115 0.042522164 -0.108906403 -0.043980626 0.998971560 -0.011023954 0.108325637 0.015738125 0.993990879 0.486111495 0.149590610 -1.813620631
0.000000000 1.229640484 2.186026812 0.500000000 0.500000000 0.000000000 0.000000000 0.993080305 0.042490379 -0.109480933 -0.043981194 0.998969156 -0.011237390 0.108890595 0.015974733 0.993925373 0.490752520 0.150872557 -1.818725925
0.000000000 1.229640484 2.186026812 0.500000000 0.500000000 0.000000000 0.000000000 0.993018174 0.042458322 -0.110055430 -0.043981749 0.998966708 -0.011450823 0.109455528 0.016211306 0.993859488 0.495399590 0.152156949 -1.823826090
0.000000000 1.229640484 2.186026812 0.500000000 0.500000000 0.000000000 0.000000000 0.992955722 0.042425994 -0.110629872 -0.043982288 0.998964215 -0.011664253 0.110020415 0.016447841 0.993793226 0.500052650 0.153443805 -1.828920931
0.000000000 1.229640484 2.186026812 0.500000000 0.500000000 0.000000000 0.000000000 0.992900871 0.042310674 -0.111165041 -0.043889745 0.998966748 -0.011795160 0.110551118 0.016590430 0.993731960 0.504655992 0.154452423 -1.834028369
0.000000000 1.229640484 2.186026812 0.500000000 0.500000000 0.000000000 0.000000000 0.992845730 0.042195202 -0.111700141 -0.043797201 0.998969255 -0.011926168 0.111081779 0.016732998 0.993670391 0.509264767 0.155463302 -1.839131154
0.000000000 1.229640484 2.186026812 0.500000000 0.500000000 0.000000000 0.000000000 0.992790296 0.042079576 -0.112235192 -0.043704654 0.998971734 -0.012057272 0.111612419 0.016875543 0.993608516 0.513879005 0.156476430 -1.844229274
0.000000000 1.229640484 2.186026812 0.500000000 0.500000000 0.000000000 0.000000000 0.992734570 0.041963796 -0.112770183 -0.043612106 0.998974186 -0.012188475 0.112143027 0.017018066 0.993546339 0.518498693 0.157491799 -1.849322725
0.000000000 1.229640484 2.186026812 0.500000000 0.500000000 0.000000000 0.000000000 0.992693091 0.041868373 -0.113170082 -0.043530547 0.998976926 -0.012255311 0.112541190 0.017092118 0.993500045 0.522446642 0.158440219 -1.854506445
0.000000000 1.229640484 2.186026812 0.500000000 0.500000000 0.000000000 0.000000000 0.992651445 0.041772890 -0.113569951 -0.043448988 0.998979654 -0.012322213 0.112939336 0.017166162 0.993453587 0.526398693 0.159389938 -1.859687069
0.000000000 1.229640484 2.186026812 0.500000000 0.500000000 0.000000000 0.000000000 0.992609634 0.041677348 -0.113969790 -0.043367429 0.998982369 -0.012389180 0.113337463 0.017240196 0.993406964 0.530354857 0.160340979 -1.864864797
0.000000000 1.229640484 2.186026812 0.500000000 0.500000000 0.000000000 0.000000000 0.992567657 0.041581745 -0.114369600 -0.043285870 0.998985073 -0.012456212 0.113735572 0.017314221 0.993360175 0.534315099 0.161293322 -1.870039427
0.000000000 1.229640484 2.186026812 0.500000000 0.500000000 0.000000000 0.000000000 0.992545391 0.041355512 -0.114644526 -0.043076310 0.998992678 -0.012572244 0.114009111 0.017416986 0.993327021 0.537424626 0.162440191 -1.875049637
0.000000000 1.229640484 2.186026812 0.500000000 0.500000000 0.000000000 0.000000000 0.992523008 0.041129221 -0.114919389 -0.042866758 0.999000223 -0.012688393 0.114282631 0.017519743 0.993293783 0.540536485 0.163589371 -1.880057969
0.000000000 1.229640484 2.186026812 0.500000000 0.500000000 0.000000000 0.000000000 0.992500504 0.040902871 -0.115194207 -0.042657213 0.999007709 -0.012804656 0.114556153 0.017622492 0.993260457 0.543650733 0.164740871 -1.885064609
