0.000000000 0.638591111 1.135272980 0.500000000 0.500000000 0.000000000 0.000000000 0.999803407 0.001995458 -0.019727263 -0.001998419 0.999997995 -0.000130356 0.019726963 0.000169754 0.999805390 0.048904540 0.026798887 -0.410609903
0.000000000 0.638591111 1.135272980 0.500000000 0.500000000 0.000000000 0.000000000 0.999809845 0.002040511 -0.019393543 -0.002042462 0.999997911 -0.000080809 0.019393337 0.000120404 0.999811924 0.049767426 0.026325519 -0.416630434
0.000000000 0.638591111 1.135272980 0.500000000 0.500000000 0.000000000 0.000000000 0.999816170 0.002085530 -0.019059817 -0.002086505 0.999997823 -0.000031291 0.019059710 0.000071054 0.999818345 0.050626256 0.025851489 -0.422651541
0.000000000 0.638591111 1.135272980 0.500000000 0.500000000 0.000000000 0.000000000 0.999822382 0.002130516 -0.018726083 -0.002130549 0.999997730 0.000018197 0.018726079 0.000021703 0.999824651 0.051481027 0.025376798 -0.428673221
0.000000000 0.638591111 1.135272980 0.500000000 0.500000000 0.000000000 0.000000000 0.999828480 0.002175469 -0.018392344 -0.002174593 0.999997633 0.000067656 0.018392448 -0.000027648 0.999830844 0.052331743 0.024901445 -0.434695473
0.000000000 0.638591111 1.135272980 0.500000000 0.500000000 0.000000000 0.000000000 0.999832469 0.002165898 -0.018175358 -0.002163969 0.999997651 0.000125788 0.018175588 -0.000086436 0.999834807 0.052797078 0.024722517 -0.440321232
0.000000000 0.638591111 1.135272980 0.500000000 0.500000000 0.000000000 0.000000000 0.999836410 0.002156300 -0.017958373 -0.002153345 0.999997665 0.000183924 0.017958728 -0.000145223 0.999838719 0.053259977 0.024542943 -0.445947195
0.000000000 0.638591111 1.135272980 0.500000000 0.500000000 0.000000000 0.000000000 0.999840305 0.002146678 -0.017741389 -0.002142720 0.999997675 0.000242065 0.017741867 -0.000204012 0.999842580 0.053720441 0.024362722 -0.451573359
0.000000000 0.638591111 1.135272980 0.500000000 0.500000000 0.000000000 0.000000000 0.999844152 0.002137030 -0.017524404 -0.002132096 0.999997682 0.000300211 0.017525005 -0.000262800 0.999846391 0.054178468 0.024181855 -0.457199724
0.000000000 0.638591111 1.135272980 0.500000000 0.500000000 0.000000000 0.000000000 0.999847952 0.002127356 -0.017307419 -0.002121471 0.999997685 0.000358361 0.017308142 -0.000321589 0.999850151 0.054634059 0.024000343 -0.462826300
0.000000000 0.638591111 1.135272980 0.500000000 0.500000000 0.000000000 0.000000000 0.999850991 0.002028382 -0.017142972 -0.002022155 0.999997883 0.000380601 0.017143708 -0.000345879 0.999852976 0.055305920 0.025056486 -0.468577211
0.000000000 0.638591111 1.135272980 0.500000000 0.500000000 0.000000000 0.000000000 0.999853993 0.001929401 -0.016978529 -0.001922837 0.999998070 0.000402874 0.016979273 -0.000370168 0.999855773 0.055975682 0.026112488 -0.474328416
0.000000000 0.638591111 1.135272980 0.500000000 0.500000000 0.000000000 0.000000000 0.999856958 0.001830411 -0.016814090 -0.001823520 0.999998247 0.000425180 0.016814839 -0.000394458 0.999858543 0.056643344 0.027168346 -0.480079896
0.000000000 0.638591111 1.135272980 0.500000000 0.500000000 0.000000000 0.000000000 0.999859886 0.001731413 -0.016649654 -0.001724201 0.999998413 0.000447518 0.016650403 -0.000418748 0.999861285 0.057308908 0.028224061 -0.485831670
0.000000000 0.638591111 1.135272980 0.500000000 0.500000000 0.000000000 0.000000000 0.999862777 0.001632407 -0.016485224 -0.001624882 0.999998569 0.000469889 0.016485967 -0.000443038 0.999863999 0.057972371 0.029279632 -0.491583717
0.000000000 0.638591111 1.135272980 0.500000000 0.500000000 0.000000000 0.000000000 0.999866337 0.001566562 -0.016274314 -0.001559454 0.999998683 0.000449428 0.016274996 -0.000423989 0.999867464 0.058896480 0.029661618 -0.497314283
0.000000000 0.638591111 1.135272980 0.500000000 0.500000000 0.000000000 0.000000000 0.999869849 0.001500724 -0.016063402 -0.001494026 0.999998792 0.000428996 0.016064026 -0.000404941 0.999870883 0.059818124 0.030043946 -0.503045248
0.000000000 0.638591111 1.135272980 0.500000000 0.500000000 0.000000000 0.000000000 0.999873312 0.001434895 -0.015852486 -0.001428597 0.999998896 0.000408591 0.015853055 -0.000385892 0.999874258 0.060737301 0.030426618 -0.508776599
0.000000000 0.638591111 1.135272980 0.500000000 0.500000000 0.000000000 0.000000000 0.999876726 0.001369073 -0.015641567 -0.001363168 0.999998996 0.000388213 0.015642083 -0.000366843 0.999877588 0.061654014 0.030809632 -0.514508357
0.000000000 0.638591111 1.135272980 0.500000000 0.500000000 0.000000000 0.000000000 0.999880091 0.001303260 -0.015430645 -0.001297738 0.999999090 0.000367863 0.015431111 -0.000347794 0.999880873 0.062568260 0.031192988 -0.520240511
0.000000000 0.638591111 1.135272980 0.500000000 0.500000000 0.000000000 0.000000000 0.999886809 0.001308575 -0.014988529 -0.001304322 0.999999106 0.000293492 0.014988900 -0.000273909 0.999887623 0.063510390 0.030982561 -0.525458465
0.000000000 0.638591111 1.135272980 0.500000000 0.500000000 0.000000000 0.000000000 0.999893332 0.001313955 -0.014546411 -0.001310907 0.999999117 0.000219115 0.014546686 -0.000200022 0.999894171 0.064447917 0.030772898 -0.530677388
0.000000000 0.638591111 1.135272980 0.500000000 0.500000000 0.000000000 0.000000000 0.999899659 0.001319401 -0.014104291 -0.001317491 0.999999122 0.000144732 0.014104469 -0.000126135 0.999900519 0.065380838 0.030563998 -0.535897275
0.000000000 0.638591111 1.135272980 0.500000000 0.500000000 0.000000000 0.000000000 0.999905790 0.001324912 -0.013662169 -0.001324074 0.999999121 0.000070343 0.013662250 -0.000052246 0.999906666 0.066309153 0.030355861 -0.541118123
0.000000000 0.638591111 1.135272980 0.500000000 0.500000000 0.000000000 0.000000000 0.999911726 0.001330488 -0.013220045 -0.001330658 0.999999115 -0.000004052 0.013220028 0.000021643 0.999912611 0.067232861 0.030148490 -0.546339930
0.000000000 0.638591111 1.135272980 0.500000000 0.500000000 0.000000000 0.000000000 0.999921956 0.001434092 -0.012410669 -0.001434980 0.999998968 -0.000062693 0.012410566 0.000080497 0.999922983 0.067629238 0.030990345 -0.551863596
0.000000000 0.638591111 1.135272980 0.500000000 0.500000000 0.000000000 0.000000000 0.999931520 0.001537791 -0.011601297 -0.001539304 0.999998808 -0.000121503 0.011601097 0.000139352 0.999932695 0.068016891 0.031832777 -0.557388153
0.000000000 0.638591111 1.135272980 0.500000000 0.500000000 0.000000000 0.000000000 0.999940418 0.001641585 -0.010791931 -0.001643628 0.999998633 -0.000180482 0.010791620 0.000198209 0.999941749 0.068395820 0.032675788 -0.562913590
0.000000000 0.638591111 1.135272980 0.500000000 0.500000000 0.000000000 0.000000000 0.999948650 0.001745474 -0.009982569 -0.001747953 0.999998444 -0.000239629 0.009982135 0.000257066 0.999950144 0.068766024 0.033519381 -0.568439896
0.000000000 0.638591111 1.135272980 0.500000000 0.500000000 0.000000000 0.000000000 0.999956215 0.001849458 -0.009173213 -0.001852279 0.999998240 -0.000298946 0.009172644 0.000315924 0.999957881 0.069127501 0.034363559 -0.573967071
0.000000000 0.638591111 1.135272980 0.500000000 0.500000000 0.000000000 0.000000000 0.999964178 0.002007158 -0.008222766 -0.002009912 0.999997927 -0.000326696 0.008222093 0.000343211 0.999966139 0.069037392 0.035243011 -0.580083310
0.000000000 0.638591111 1.135272980 0.500000000 0.500000000 0.000000000 0.000000000 0.999971213 0.002164909 -0.007272320 -0.002167546 0.999997588 -0.000354746 0.007271534 0.000370499 0.999973493 0.068935997 0.036122848 -0.586199819
0.000000000 0.638591111 1.135272980 0.500000000 0.500000000 0.000000000 0.000000000 0.999977319 0.002322712 -0.006321876 -0.002325180 0.999997223 -0.000383096 0.006320969 0.000397787 0.999979943 0.068823314 0.037003076 -0.592316602
0.000000000 0.638591111 1.135272980 0.500000000 0.500000000 0.000000000 0.000000000 0.999982497 0.002480567 -0.005371436 -0.002482815 0.999996833 -0.000411745 0.005370398 0.000425074 0.999985489 0.068699343 0.037883697 -0.598433631
0.000000000 0.638591111 1.135272980 0.500000000 0.500000000 0.000000000 0.000000000 0.999986747 0.002638474 -0.004421001 -0.002640448 0.999996417 -0.000440694 0.004419822 0.000452362 0.999990130 0.068564085 0.038764721 -0.604550892
0.000000000 0.638591111 1.135272980 0.500000000 0.500000000 0.000000000 0.000000000 0.999989413 0.002721331 -0.003710687 -0.002722870 0.999996209 -0.000409742 0.003709558 0.000419842 0.999993031 0.068459872 0.038121556 -0.610482121
0.000000000 0.638591111 1.135272980 0.500000000 0.500000000 0.000000000 0.000000000 0.999991567 0.002804143 -0.003000367 -0.002805292 0.999995993 -0.000378908 0.002999292 0.000387321 0.999995427 0.068347161 0.037478049 -0.616413452
0.000000000 0.638591111 1.135272980 0.500000000 0.500000000 0.000000000 0.000000000 0.999993211 0.002886908 -0.002290040 -0.002887713 0.999995770 -0.000348190 0.002289025 0.000354801 0.999997317 0.068225952 0.036834203 -0.622344884
0.000000000 0.638591111 1.135272980 0.500000000 0.500000000 0.000000000 0.000000000 0.999994343 0.002969627 -0.001579707 -0.002970132 0.999995539 -0.000317590 0.001578757 0.000322280 0.999998702 0.068096245 0.036190019 -0.628276410
0.000000000 0.638591111 1.135272980 0.500000000 0.500000000 0.000000000 0.000000000 0.999994964 0.003052299 -0.000869368 -0.003052550 0.999995300 -0.000287107 0.000868487 0.000289759 0.999999581 0.067958038 0.035545500 -0.634208030
0.000000000 0.638591111 1.135272980 0.500000000 0.500000000 0.000000000 0.000000000 0.999995371 0.003014103 -0.000416194 -0.003014210 0.999995424 -0.000256764 0.000415418 0.000258017 0.999999880 0.067864683 0.035235936 -0.639743614
0.000000000 0.638591111 1.135272980 0.500000000 0.500000000 0.000000000 0.000000000 0.999995571 0.002975878 0.000036978 -0.002975870 0.999995546 -0.000226387 -0.000037652 0.000226276 0.999999974 0.067766349 0.034926031 -0.645279236
0.000000000 0.638591111 1.135272980 0.500000000 0.500000000 0.000000000 0.000000000 0.999995565 0.002937625 0.000490148 -0.002937529 0.999995666 -0.000195974 -0.000490721 0.000194534 0.999999861 0.067663036 0.034615783 -0.650814872
0.000000000 0.638591111 1.135272980 0.500000000 0.500000000 0.000000000 0.000000000 0.999995352 0.002899342 0.000943315 -0.002899187 0.999995784 -0.000165528 -0.000943791 0.000162792 0.999999541 0.067554745 0.034305193 -0.656350538
0.000000000 0.638591111 1.135272980 0.500000000 0.500000000 0.000000000 0.000000000 0.999994932 0.002861031 0.001396480 -0.002860845 0.999995899 -0.000135046 -0.001396860 0.000131050 0.999999016 0.067441473 0.033994259 -0.661886211
0.000000000 0.638591111 1.135272980 0.500000000 0.500000000 0.000000000 0.000000000 0.999994796 0.002759120 0.001671633 -0.002758913 0.999996186 -0.000126507 -0.001671975 0.000121895 0.999998595 0.067944523 0.035143711 -0.667660381
0.000000000 0.638591111 1.135272980 0.500000000 0.500000000 0.000000000 0.000000000 0.999994575 0.002657205 0.001946784 -0.002656980 0.999996463 -0.000117912 -0.001947090 0.000112739 0.999998098 0.068444169 0.036293169 -0.673434897
0.000000000 0.638591111 1.135272980 0.500000000 0.500000000 0.000000000 0.000000000 0.999994267 0.002555284 0.002221933 -0.002555048 0.999996730 -0.000109261 -0.002222205 0.000103583 0.999997526 0.068940407 0.037442633 -0.679209761
0.000000000 0.638591111 1.135272980 0.500000000 0.500000000 0.000000000 0.000000000 0.999993873 0.002453358 0.002497081 -0.002453115 0.999996986 -0.000100554 -0.002497320 0.000094427 0.999996877 0.069433240 0.038592100 -0.684984969
0.000000000 0.638591111 1.135272980 0.500000000 0.500000000 0.000000000 0.000000000 0.999993393 0.002351428 0.002772227 -0.002351182 0.999997232 -0.000091790 -0.002772435 0.000085272 0.999996153 0.069922666 0.039741569 -0.690760521
0.000000000 0.638591111 1.135272980 0.500000000 0.500000000 0.000000000 0.000000000 0.999992659 0.002302105 0.003063150 -0.002301826 0.999997346 -0.000094377 -0.003063359 0.000087326 0.999995304 0.070610742 0.040152138 -0.696734274
0.000000000 0.638591111 1.135272980 0.500000000 0.500000000 0.000000000 0.000000000 0.999991838 0.002252783 0.003354073 -0.002252470 0.999997458 -0.000096936 -0.003354283 0.000089380 0.999994370 0.071295308 0.040562807 -0.702708494
0.000000000 0.638591111 1.135272980 0.500000000 0.500000000 0.000000000 0.000000000 0.999990929 0.002203462 0.003644996 -0.002203114 0.999997568 -0.000099465 -0.003645206 0.000091434 0.999993352 0.071976362 0.040973575 -0.708683159
0.000000000 0.638591111 1.135272980 0.500000000 0.500000000 0.000000000 0.000000000 0.999989934 0.002154143 0.003935919 -0.002153758 0.999997675 -0.000101966 -0.003936130 0.000093488 0.999992249 0.072653907 0.041384443 -0.714658279
0.000000000 0.638591111 1.135272980 0.500000000 0.500000000 0.000000000 0.000000000 0.999988852 0.002104825 0.004226842 -0.002104402 0.999997780 -0.000104438 -0.004227052 0.000095542 0.999991061 0.073327940 0.041795410 -0.720633852
0.000000000 0.638591111 1.135272980 0.500000000 0.500000000 0.000000000 0.000000000 0.999987008 0.002116631 0.004637217 -0.002115971 0.999997751 -0.000147166 -0.004637518 0.000137352 0.999989237 0.073669973 0.041263423 -0.725904414
0.000000000 0.638591111 1.135272980 0.500000000 0.500000000 0.000000000 0.000000000 0.999984996 0.002128471 0.005047591 -0.002127540 0.999997719 -0.000189903 -0.005047984 0.000179161 0.999987243 0.074007681 0.040731875 -0.731175413
0.000000000 0.638591111 1.135272980 0.500000000 0.500000000 0.000000000 0.000000000 0.999982815 0.002140346 0.005457963 -0.002139108 0.999997685 -0.000232650 -0.005458448 0.000220970 0.999985078 0.074341062 0.040200767 -0.736446857
0.000000000 0.638591111 1.135272980 0.500000000 0.500000000 0.000000000 0.000000000 0.999980465 0.002152255 0.005868332 -0.002150676 0.999997649 -0.000275406 -0.005868911 0.000262779 0.999982743 0.074670115 0.039670098 -0.741718743
0.000000000 0.638591111 1.135272980 0.500000000 0.500000000 0.000000000 0.000000000 0.999977947 0.002164199 0.006278700 -0.002162243 0.999997612 -0.000318171 -0.006279374 0.000304588 0.999980238 0.074994842 0.039139869 -0.746991079
0.000000000 0.638591111 1.135272980 0.500000000 0.500000000 0.000000000 0.000000000 0.999974208 0.002197998 0.006837524 -0.002195565 0.999997524 -0.000363373 -0.006838306 0.000348351 0.999976558 0.074918725 0.039567276 -0.752262146
0.000000000 0.638591111 1.135272980 0.500000000 0.500000000 0.000000000 0.000000000 0.999970156 0.002231847 0.007396343 -0.002228886 0.999997433 -0.000408611 -0.007397236 0.000392113 0.999972563 0.074836770 0.039995158 -0.757533320
0.000000000 0.638591111 1.135272980 0.500000000 0.500000000 0.000000000 0.000000000 0.999965790 0.002265745 0.007955157 -0.002262206 0.999997338 -0.000453887 -0.007956164 0.000435875 0.999968254 0.074748975 0.040423517 -0.762804608
0.000000000 0.638591111 1.135272980 0.500000000 0.500000000 0.000000000 0.000000000 0.999961111 0.002299692 0.008513965 -0.002295524 0.999997241 -0.000499200 -0.008515089 0.000479636 0.999963631 0.074655340 0.040852353 -0.768075984
0.000000000 0.638591111 1.135272980 0.500000000 0.500000000 0.000000000 0.000000000 0.999956118 0.002333687 0.009072767 -0.002328842 0.999997140 -0.000544550 -0.009074012 0.000523397 0.999958693 0.074555866 0.041281665 -0.773347462
0.000000000 0.638591111 1.135272980 0.500000000 0.500000000 0.000000000 0.000000000 0.999950766 0.002375092 0.009634579 -0.002369589 0.999997023 -0.000582504 -0.009635934 0.000559645 0.999953417 0.074446989 0.042199940 -0.779098817
0.000000000 0.638591111 1.135272980 0.500000000 0.500000000 0.000000000 0.000000000 0.999945096 0.002416537 0.010196385 -0.002410335 0.999996903 -0.000620503 -0.010197853 0.000595892 0.999947823 0.074331748 0.043118652 -0.784850231
0.000000000 0.638591111 1.135272980 0.500000000 0.500000000 0.000000000 0.000000000 0.999939108 0.002458023 0.010758185 -0.002451080 0.999996779 -0.000658548 -0.010759769 0.000632138 0.999941912 0.074210142 0.044037804 -0.790601690
0.000000000 0.638591111 1.135272980 0.500000000 0.500000000 0.000000000 0.000000000 0.999932803 0.002499550 0.011319979 -0.002491823 0.999996653 -0.000696638 -0.011321682 0.000668384 0.999935684 0.074082173 0.044957395 -0.796353188
0.000000000 0.638591111 1.135272980 0.500000000 0.500000000 0.000000000 0.000000000 0.999926180 0.002541117 0.011881765 -0.002532565 0.999996523 -0.000734775 -0.011883591 0.000704629 0.999929139 0.073947841 0.045877428 -0.802104709
0.000000000 0.638591111 1.135272980 0.500000000 0.500000000 0.000000000 0.000000000 0.999921101 0.002572958 0.012295177 -0.002564168 0.999996446 -0.000730644 -0.012297013 0.000699060 0.999924145 0.073971523 0.045413684 -0.807977411
0.000000000 0.638591111 1.135272980 0.500000000 0.500000000 0.000000000 0.000000000 0.999915850 0.002604795 0.012708586 -0.002595770 0.999996367 -0.000726539 -0.012710433 0.000693490 0.999918979 0.073990331 0.044949888 -0.813850264
0.000000000 0.638591111 1.135272980 0.500000000 0.500000000 0.000000000 0.000000000 0.999910427 0.002636626 0.013121993 -0.002627372 0.999996287 -0.000722461 -0.013123849 0.000687920 0.999913642 0.074004268 0.044486037 -0.819723254
0.000000000 0.638591111 1.135272980 0.500000000 0.500000000 0.000000000 0.000000000 0.999904832 0.002668453 0.013535399 -0.002658972 0.999996207 -0.000718409 -0.013537264 0.000682350 0.999908134 0.074013331 0.044022134 -0.825596398
0.000000000 0.638591111 1.135272980 0.500000000 0.500000000 0.000000000 0.000000000 0.999899065 0.002700276 0.013948802 -0.002690572 0.999996125 -0.000714382 -0.013950677 0.000676780 0.999902456 0.074017519 0.043558178 -0.831469674
0.000000000 0.638591111 1.135272980 0.500000000 0.500000000 0.000000000 0.000000000 0.999895463 0.002687474 0.014207054 -0.002677899 0.999996174 -0.000692965 -0.014208862 0.000654848 0.999898835 0.074080606 0.043145393 -0.836937928
0.000000000 0.638591111 1.135272980 0.500000000 0.500000000 0.000000000 0.000000000 0.999891795 0.002674662 0.014465304 -0.002665226 0.999996223 -0.000671542 -0.014467045 0.000632916 0.999895147 0.074140884 0.042732380 -0.842406243
0.000000000 0.638591111 1.135272980 0.500000000 0.500000000 0.000000000 0.000000000 0.999888060 0.002661838 0.014723552 -0.002652553 0.999996271 -0.000650111 -0.014725228 0.000610984 0.999891391 0.074198352 0.042319135 -0.847874638
0.000000000 0.638591111 1.135272980 0.500000000 0.500000000 0.000000000 0.000000000 0.999884258 0.002649002 0.014981799 -0.002639879 0.999996318 -0.000628675 -0.014983409 0.000589052 0.999887569 0.074253013 0.041905662 -0.853343091
0.000000000 0.638591111 1.135272980 0.500000000 0.500000000 0.000000000 0.000000000 0.999880389 0.002636155 0.015240044 -0.002627206 0.999996365 -0.000607231 -0.015241590 0.000567120 0.999883679 0.074304864 0.041491959 -0.858811612
0.000000000 0.638591111 1.135272980 0.500000000 0.500000000 0.000000000 0.000000000 0.999878230 0.002573395 0.015391616 -0.002564592 0.999996536 -0.000591628 -0.015393085 0.000552082 0.999881367 0.074651089 0.042289064 -0.864220067
