0.000000000 0.845630944 1.503343940 0.500000000 0.500000000 0.000000000 0.000000000 0.998797672 -0.003280813 0.048912653 0.003046735 0.999983552 0.004859432 -0.048927791 -0.004704565 0.998791239 -0.245737919 0.046158958 -0.811267712
0.000000000 0.845630944 1.503343940 0.500000000 0.500000000 0.000000000 0.000000000 0.998798558 -0.003279921 0.048894602 0.003040074 0.999982984 0.004978941 -0.048910101 -0.004824316 0.998791534 -0.245874507 0.045861014 -0.813418542
0.000000000 0.845630944 1.503343940 0.500000000 0.500000000 0.000000000 0.000000000 0.998799445 -0.003279023 0.048876551 0.003033413 0.999982402 0.005098451 -0.048892409 -0.004944068 0.998791814 -0.246011028 0.045562556 -0.815569317
0.000000000 0.845630944 1.503343940 0.500000000 0.500000000 0.000000000 0.000000000 0.998800331 -0.003278122 0.048858502 0.003026752 0.999981806 0.005217962 -0.048874718 -0.005063819 0.998792080 -0.246147463 0.045263586 -0.817720028
0.000000000 0.845630944 1.503343940 0.500000000 0.500000000 0.000000000 0.000000000 0.998801311 -0.003272830 0.048838824 0.003015762 0.999981214 0.005336345 -0.048855371 -0.005182662 0.998792417 -0.246090036 0.045285880 -0.819812805
0.000000000 0.845630944 1.503343940 0.500000000 0.500000000 0.000000000 0.000000000 0.998802290 -0.003267533 0.048819147 0.003004773 0.999980608 0.005454728 -0.048836024 -0.005301505 0.998792740 -0.246032526 0.045307680 -0.821905587
0.000000000 0.845630944 1.503343940 0.500000000 0.500000000 0.000000000 0.000000000 0.998803269 -0.003262232 0.048799473 0.002993784 0.999979989 0.005573112 -0.048816677 -0.005420347 0.998793048 -0.245974935 0.045328982 -0.823998393
0.000000000 0.845630944 1.503343940 0.500000000 0.500000000 0.000000000 0.000000000 0.998804247 -0.003256926 0.048779801 0.002982795 0.999979355 0.005691496 -0.048797330 -0.005539190 0.998793341 -0.245917261 0.045349790 -0.826091214
0.000000000 0.845630944 1.503343940 0.500000000 0.500000000 0.000000000 0.000000000 0.998805225 -0.003251615 0.048760130 0.002971806 0.999978707 0.005809881 -0.048777983 -0.005658034 0.998793620 -0.245859505 0.045370099 -0.828184038
0.000000000 0.845630944 1.503343940 0.500000000 0.500000000 0.000000000 0.000000000 0.998806202 -0.003246300 0.048740462 0.002960817 0.999978044 0.005928266 -0.048758636 -0.005776877 0.998793884 -0.245801668 0.045389914 -0.830276887
0.000000000 0.845630944 1.503343940 0.500000000 0.500000000 0.000000000 0.000000000 0.998807179 -0.003240980 0.048720795 0.002949828 0.999977368 0.006046651 -0.048739289 -0.005895720 0.998794134 -0.245743747 0.045409232 -0.832369739
0.000000000 0.845630944 1.503343940 0.500000000 0.500000000 0.000000000 0.000000000 0.998808155 -0.003235655 0.048701130 0.002938838 0.999976678 0.006165036 -0.048719943 -0.006014564 0.998794369 -0.245685746 0.045428054 -0.834462616
0.000000000 0.845630944 1.503343940 0.500000000 0.500000000 0.000000000 0.000000000 0.998809131 -0.003230326 0.048681468 0.002927849 0.999975973 0.006283422 -0.048700596 -0.006133408 0.998794590 -0.245627661 0.045446380 -0.836555496
0.000000000 0.845630944 1.503343940 0.500000000 0.500000000 0.000000000 0.000000000 0.998810106 -0.003224992 0.048661807 0.002916860 0.999975254 0.006401809 -0.048681248 -0.006252252 0.998794796 -0.245569496 0.045464209 -0.838648400
0.000000000 0.845630944 1.503343940 0.500000000 0.500000000 0.000000000 0.000000000 0.998811081 -0.003219654 0.048642148 0.002905871 0.999974521 0.006520195 -0.048661901 -0.006371096 0.998794988 -0.245511238 0.045481542 -0.840741318
0.000000000 0.845630944 1.503343940 0.500000000 0.500000000 0.000000000 0.000000000 0.998812055 -0.003214311 0.048622491 0.002894881 0.999973774 0.006638582 -0.048642554 -0.006489940 0.998795165 -0.245452907 0.045498379 -0.842834239
0.000000000 0.845630944 1.503343940 0.500000000 0.500000000 0.000000000 0.000000000 0.998812866 -0.003224751 0.048605147 0.002900355 0.999973058 0.006743163 -0.048625582 -0.006594186 0.998795309 -0.245409512 0.045158757 -0.845019425
0.000000000 0.845630944 1.503343940 0.500000000 0.500000000 0.000000000 0.000000000 0.998813676 -0.003235188 0.048587800 0.002905828 0.999972332 0.006847743 -0.048608610 -0.006698432 0.998795442 -0.245366024 0.044818681 -0.847204539
0.000000000 0.845630944 1.503343940 0.500000000 0.500000000 0.000000000 0.000000000 0.998814486 -0.003245620 0.048570452 0.002911302 0.999971594 0.006952324 -0.048591637 -0.006802678 0.998795563 -0.245322453 0.044478152 -0.849389600
0.000000000 0.845630944 1.503343940 0.500000000 0.500000000 0.000000000 0.000000000 0.998815295 -0.003256050 0.048553103 0.002916776 0.999970846 0.007056903 -0.048574665 -0.006906925 0.998795673 -0.245278802 0.044137169 -0.851574599
0.000000000 0.845630944 1.503343940 0.500000000 0.500000000 0.000000000 0.000000000 0.998816105 -0.003266475 0.048535751 0.002922249 0.999970086 0.007161483 -0.048557692 -0.007011171 0.998795772 -0.245235077 0.043795734 -0.853759525
0.000000000 0.845630944 1.503343940 0.500000000 0.500000000 0.000000000 0.000000000 0.998816914 -0.003276898 0.048518398 0.002927723 0.999969316 0.007266062 -0.048540720 -0.007115418 0.998795860 -0.245191260 0.043453845 -0.855944398
0.000000000 0.845630944 1.503343940 0.500000000 0.500000000 0.000000000 0.000000000 0.998817722 -0.003287316 0.048501043 0.002933197 0.999968535 0.007370642 -0.048523747 -0.007219664 0.998795936 -0.245147361 0.043111503 -0.858129199
0.000000000 0.845630944 1.503343940 0.500000000 0.500000000 0.000000000 0.000000000 0.998818531 -0.003297731 0.048483687 0.002938670 0.999967742 0.007475220 -0.048506774 -0.007323911 0.998796002 -0.245103379 0.042768708 -0.860313947
0.000000000 0.845630944 1.503343940 0.500000000 0.500000000 0.000000000 0.000000000 0.998819339 -0.003308142 0.048466329 0.002944144 0.999966939 0.007579799 -0.048489802 -0.007428158 0.998796056 -0.245059326 0.042425459 -0.862498630
0.000000000 0.845630944 1.503343940 0.500000000 0.500000000 0.000000000 0.000000000 0.998820146 -0.003318550 0.048448969 0.002949618 0.999966124 0.007684377 -0.048472829 -0.007532405 0.998796099 -0.245015180 0.042081759 -0.864683242
0.000000000 0.845630944 1.503343940 0.500000000 0.500000000 0.000000000 0.000000000 0.998820954 -0.003328954 0.048431608 0.002955092 0.999965299 0.007788955 -0.048455857 -0.007636652 0.998796131 -0.244970953 0.041737605 -0.866867800
0.000000000 0.845630944 1.503343940 0.500000000 0.500000000 0.000000000 0.000000000 0.998821761 -0.003339355 0.048414245 0.002960565 0.999964463 0.007893533 -0.048438884 -0.007740899 0.998796152 -0.244926641 0.041392997 -0.869052286
0.000000000 0.845630944 1.503343940 0.500000000 0.500000000 0.000000000 0.000000000 0.998822815 -0.003336043 0.048392710 0.002952146 0.999963624 0.008002263 -0.048417646 -0.007849980 0.998796330 -0.244934388 0.041240763 -0.871142448
0.000000000 0.845630944 1.503343940 0.500000000 0.500000000 0.000000000 0.000000000 0.998823870 -0.003332727 0.048371176 0.002943727 0.999962772 0.008110993 -0.048396407 -0.007959062 0.998796496 -0.244942035 0.041088077 -0.873232579
0.000000000 0.845630944 1.503343940 0.500000000 0.500000000 0.000000000 0.000000000 0.998824923 -0.003329406 0.048349643 0.002935307 0.999961909 0.008219723 -0.048375169 -0.008068143 0.998796650 -0.244949594 0.040934935 -0.875322688
0.000000000 0.845630944 1.503343940 0.500000000 0.500000000 0.000000000 0.000000000 0.998825976 -0.003326080 0.048328112 0.002926888 0.999961034 0.008328454 -0.048353930 -0.008177225 0.998796791 -0.244957064 0.040781340 -0.877412774
0.000000000 0.845630944 1.503343940 0.500000000 0.500000000 0.000000000 0.000000000 0.998827029 -0.003322750 0.048306582 0.002918469 0.999960147 0.008437184 -0.048332691 -0.008286307 0.998796920 -0.244964445 0.040627289 -0.879502837
0.000000000 0.845630944 1.503343940 0.500000000 0.500000000 0.000000000 0.000000000 0.998828081 -0.003319415 0.048285053 0.002910050 0.999959249 0.008545915 -0.048311453 -0.008395388 0.998797037 -0.244971738 0.040472786 -0.881592877
0.000000000 0.845630944 1.503343940 0.500000000 0.500000000 0.000000000 0.000000000 0.998829132 -0.003316075 0.048263526 0.002901630 0.999958338 0.008654647 -0.048290215 -0.008504470 0.998797141 -0.244978952 0.040317828 -0.883682894
0.000000000 0.845630944 1.503343940 0.500000000 0.500000000 0.000000000 0.000000000 0.998830183 -0.003312730 0.048241999 0.002893211 0.999957415 0.008763378 -0.048268976 -0.008613553 0.998797233 -0.244986067 0.040162415 -0.885772889
0.000000000 0.845630944 1.503343940 0.500000000 0.500000000 0.000000000 0.000000000 0.998831234 -0.003309381 0.048220475 0.002884792 0.999956481 0.008872110 -0.048247737 -0.008722635 0.998797313 -0.244993094 0.040006549 -0.887862861
0.000000000 0.845630944 1.503343940 0.500000000 0.500000000 0.000000000 0.000000000 0.998832284 -0.003306028 0.048198952 0.002876372 0.999955534 0.008980842 -0.048226499 -0.008831717 0.998797380 -0.245000033 0.039850228 -0.889952809
0.000000000 0.845630944 1.503343940 0.500000000 0.500000000 0.000000000 0.000000000 0.998833333 -0.003302669 0.048177429 0.002867953 0.999954576 0.009089575 -0.048205260 -0.008940800 0.998797434 -0.245006883 0.039693453 -0.892042745
0.000000000 0.845630944 1.503343940 0.500000000 0.500000000 0.000000000 0.000000000 0.998834382 -0.003299306 0.048155908 0.002859533 0.999953606 0.009198307 -0.048184022 -0.009049882 0.998797477 -0.245013654 0.039536223 -0.894132647
0.000000000 0.845630944 1.503343940 0.500000000 0.500000000 0.000000000 0.000000000 0.998835057 -0.003297013 0.048142075 0.002853244 0.999952835 0.009283710 -0.048170413 -0.009135534 0.998797354 -0.245115257 0.039510932 -0.896285806
0.000000000 0.845630944 1.503343940 0.500000000 0.500000000 0.000000000 0.000000000 0.998835731 -0.003294717 0.048128242 0.002846955 0.999952056 0.009369113 -0.048156803 -0.009221186 0.998797223 -0.245216810 0.039485273 -0.898438980
0.000000000 0.845630944 1.503343940 0.500000000 0.500000000 0.000000000 0.000000000 0.998836405 -0.003292419 0.048114410 0.002840665 0.999951270 0.009454517 -0.048143193 -0.009306838 0.998797084 -0.245318294 0.039459247 -0.900592160
0.000000000 0.845630944 1.503343940 0.500000000 0.500000000 0.000000000 0.000000000 0.998837079 -0.003290118 0.048100579 0.002834376 0.999950477 0.009539920 -0.048129584 -0.009392491 0.998796938 -0.245419729 0.039432853 -0.902745334
0.000000000 0.845630944 1.503343940 0.500000000 0.500000000 0.000000000 0.000000000 0.998837752 -0.003287816 0.048086748 0.002828087 0.999949676 0.009625323 -0.048115975 -0.009478143 0.998796785 -0.245521095 0.039406092 -0.904898523
0.000000000 0.845630944 1.503343940 0.500000000 0.500000000 0.000000000 0.000000000 0.998838425 -0.003285510 0.048072919 0.002821797 0.999948868 0.009710727 -0.048102365 -0.009563795 0.998796624 -0.245622411 0.039378963 -0.907051716
0.000000000 0.845630944 1.503343940 0.500000000 0.500000000 0.000000000 0.000000000 0.998839098 -0.003283203 0.048059089 0.002815508 0.999948053 0.009796131 -0.048088755 -0.009649447 0.998796456 -0.245723668 0.039351467 -0.909204915
0.000000000 0.845630944 1.503343940 0.500000000 0.500000000 0.000000000 0.000000000 0.998839771 -0.003280893 0.048045261 0.002809218 0.999947230 0.009881534 -0.048075146 -0.009735100 0.998796280 -0.245824856 0.039323603 -0.911358108
0.000000000 0.845630944 1.503343940 0.500000000 0.500000000 0.000000000 0.000000000 0.998840444 -0.003278581 0.048031434 0.002802929 0.999946400 0.009966938 -0.048061537 -0.009820752 0.998796096 -0.245925995 0.039295372 -0.913511316
0.000000000 0.845630944 1.503343940 0.500000000 0.500000000 0.000000000 0.000000000 0.998841116 -0.003276266 0.048017607 0.002796639 0.999945563 0.010052342 -0.048047928 -0.009906405 0.998795905 -0.246027065 0.039266773 -0.915664529
0.000000000 0.845630944 1.503343940 0.500000000 0.500000000 0.000000000 0.000000000 0.998841788 -0.003273949 0.048003780 0.002790350 0.999944719 0.010137746 -0.048034317 -0.009992057 0.998795706 -0.246128084 0.039237807 -0.917817736
0.000000000 0.845630944 1.503343940 0.500000000 0.500000000 0.000000000 0.000000000 0.998842460 -0.003271630 0.047989955 0.002784061 0.999943867 0.010223150 -0.048020708 -0.010077709 0.998795500 -0.246229045 0.039208474 -0.919970958
0.000000000 0.845630944 1.503343940 0.500000000 0.500000000 0.000000000 0.000000000 0.998843818 -0.003274641 0.047961479 0.002783844 0.999943116 0.010296371 -0.047992468 -0.010150950 0.998796116 -0.246318258 0.038837454 -0.922204134
0.000000000 0.845630944 1.503343940 0.500000000 0.500000000 0.000000000 0.000000000 0.998845175 -0.003277648 0.047933002 0.002783628 0.999942360 0.010369593 -0.047964227 -0.010224190 0.998796725 -0.246407352 0.038466107 -0.924437266
0.000000000 0.845630944 1.503343940 0.500000000 0.500000000 0.000000000 0.000000000 0.998846532 -0.003280651 0.047904525 0.002783412 0.999941598 0.010442814 -0.047935987 -0.010297431 0.998797329 -0.246496315 0.038094435 -0.926670344
0.000000000 0.845630944 1.503343940 0.500000000 0.500000000 0.000000000 0.000000000 0.998847887 -0.003283649 0.047876048 0.002783195 0.999940832 0.010516036 -0.047907746 -0.010370672 0.998797926 -0.246585151 0.037722436 -0.928903389
0.000000000 0.845630944 1.503343940 0.500000000 0.500000000 0.000000000 0.000000000 0.998849242 -0.003286644 0.047847570 0.002782979 0.999940060 0.010589257 -0.047879506 -0.010443913 0.998798517 -0.246673856 0.037350110 -0.931136390
0.000000000 0.845630944 1.503343940 0.500000000 0.500000000 0.000000000 0.000000000 0.998850596 -0.003289634 0.047819092 0.002782763 0.999939282 0.010662479 -0.047851264 -0.010517154 0.998799102 -0.246762432 0.036977459 -0.933369347
0.000000000 0.845630944 1.503343940 0.500000000 0.500000000 0.000000000 0.000000000 0.998851949 -0.003292620 0.047790614 0.002782546 0.999938499 0.010735700 -0.047823023 -0.010590395 0.998799681 -0.246850870 0.036604481 -0.935602262
0.000000000 0.845630944 1.503343940 0.500000000 0.500000000 0.000000000 0.000000000 0.998853301 -0.003295602 0.047762136 0.002782330 0.999937711 0.010808921 -0.047794783 -0.010663637 0.998800253 -0.246939188 0.036231179 -0.937835132
0.000000000 0.845630944 1.503343940 0.500000000 0.500000000 0.000000000 0.000000000 0.998854653 -0.003298580 0.047733658 0.002782114 0.999936917 0.010882142 -0.047766542 -0.010736878 0.998800819 -0.247027377 0.035857549 -0.940067948
0.000000000 0.845630944 1.503343940 0.500000000 0.500000000 0.000000000 0.000000000 0.998856003 -0.003301553 0.047705179 0.002781897 0.999936118 0.010955364 -0.047738301 -0.010810120 0.998801380 -0.247115437 0.035483592 -0.942300730
0.000000000 0.845630944 1.503343940 0.500000000 0.500000000 0.000000000 0.000000000 0.998857353 -0.003304523 0.047676700 0.002781681 0.999935314 0.011028585 -0.047710060 -0.010883362 0.998801934 -0.247203368 0.035109310 -0.944533469
0.000000000 0.845630944 1.503343940 0.500000000 0.500000000 0.000000000 0.000000000 0.998858702 -0.003307488 0.047648221 0.002781464 0.999934505 0.011101806 -0.047681820 -0.010956604 0.998802481 -0.247291170 0.034734701 -0.946766164
0.000000000 0.845630944 1.503343940 0.500000000 0.500000000 0.000000000 0.000000000 0.998859537 -0.003297345 0.047631426 0.002767587 0.999933630 0.011183707 -0.047665142 -0.011039128 0.998802369 -0.247275431 0.034762566 -0.948761780
0.000000000 0.845630944 1.503343940 0.500000000 0.500000000 0.000000000 0.000000000 0.998860371 -0.003287200 0.047614633 0.002753709 0.999932749 0.011265609 -0.047648464 -0.011121653 0.998802249 -0.247259626 0.034790103 -0.950757406
0.000000000 0.845630944 1.503343940 0.500000000 0.500000000 0.000000000 0.000000000 0.998861205 -0.003277052 0.047597843 0.002739832 0.999931861 0.011347511 -0.047631787 -0.011204178 0.998802122 -0.247243753 0.034817310 -0.952753032
0.000000000 0.845630944 1.503343940 0.500000000 0.500000000 0.000000000 0.000000000 0.998862038 -0.003266901 0.047581054 0.002725954 0.999930966 0.011429414 -0.047615108 -0.011286704 0.998801988 -0.247227821 0.034844188 -0.954748678
0.000000000 0.845630944 1.503343940 0.500000000 0.500000000 0.000000000 0.000000000 0.998862871 -0.003256748 0.047564267 0.002712076 0.999930065 0.011511317 -0.047598430 -0.011369229 0.998801847 -0.247211813 0.034870738 -0.956744335
0.000000000 0.845630944 1.503343940 0.500000000 0.500000000 0.000000000 0.000000000 0.998863703 -0.003246591 0.047547482 0.002698199 0.999929156 0.011593220 -0.047581752 -0.011451754 0.998801699 -0.247195736 0.034896960 -0.958740002
0.000000000 0.845630944 1.503343940 0.500000000 0.500000000 0.000000000 0.000000000 0.998864534 -0.003236432 0.047530700 0.002684321 0.999928240 0.011675124 -0.047565075 -0.011534279 0.998801544 -0.247179593 0.034922852 -0.960735679
0.000000000 0.845630944 1.503343940 0.500000000 0.500000000 0.000000000 0.000000000 0.998865366 -0.003226270 0.047513919 0.002670443 0.999927318 0.011757029 -0.047548397 -0.011616806 0.998801382 -0.247163391 0.034948415 -0.962731366
0.000000000 0.845630944 1.503343940 0.500000000 0.500000000 0.000000000 0.000000000 0.998866196 -0.003216106 0.047497140 0.002656565 0.999926388 0.011838933 -0.047531719 -0.011699331 0.998801212 -0.247147111 0.034973650 -0.964727053
0.000000000 0.845630944 1.503343940 0.500000000 0.500000000 0.000000000 0.000000000 0.998867027 -0.003205938 0.047480363 0.002642688 0.999925452 0.011920838 -0.047515041 -0.011781856 0.998801036 -0.247130764 0.034998558 -0.966722760
0.000000000 0.845630944 1.503343940 0.500000000 0.500000000 0.000000000 0.000000000 0.998867857 -0.003195768 0.047463589 0.002628810 0.999924509 0.012002743 -0.047498364 -0.011864381 0.998800852 -0.247114351 0.035023135 -0.968718477
0.000000000 0.845630944 1.503343940 0.500000000 0.500000000 0.000000000 0.000000000 0.998868686 -0.003185595 0.047446816 0.002614932 0.999923559 0.012084649 -0.047481686 -0.011946907 0.998800661 -0.247097878 0.035047384 -0.970714203
0.000000000 0.845630944 1.503343940 0.500000000 0.500000000 0.000000000 0.000000000 0.998870095 -0.003189522 0.047416867 0.002616508 0.999922863 0.012141755 -0.047451936 -0.012003969 0.998801391 -0.247054545 0.034866956 -0.972839077
0.000000000 0.845630944 1.503343940 0.500000000 0.500000000 0.000000000 0.000000000 0.998871504 -0.003193445 0.047386919 0.002618085 0.999922164 0.012198860 -0.047422187 -0.012061031 0.998802116 -0.247011094 0.034686287 -0.974963932
0.000000000 0.845630944 1.503343940 0.500000000 0.500000000 0.000000000 0.000000000 0.998872912 -0.003197365 0.047356971 0.002619661 0.999921461 0.012255965 -0.047392438 -0.012118093 0.998802838 -0.246967506 0.034505379 -0.977088768
0.000000000 0.845630944 1.503343940 0.500000000 0.500000000 0.000000000 0.000000000 0.998874319 -0.003201282 0.047327021 0.002621238 0.999920756 0.012313071 -0.047362689 -0.012175155 0.998803555 -0.246923787 0.034324227 -0.979213585
0.000000000 0.845630944 1.503343940 0.500000000 0.500000000 0.000000000 0.000000000 0.998875725 -0.003205195 0.047297072 0.002622814 0.999920047 0.012370176 -0.047332939 -0.012232217 0.998804268 -0.246879951 0.034142836 -0.981338382
