0.000000000 1.605968714 2.855054856 0.500000000 0.500000000 0.000000000 0.000000000 0.999999970 0.000240221 -0.000054116 -0.000240221 0.999999971 -0.000004871 0.000054115 0.000004884 0.999999999 0.000846083 -0.000087409 -0.003755378
0.000000000 1.605968714 2.855054856 0.500000000 0.500000000 0.000000000 0.000000000 0.999999881 0.000486791 -0.000037869 -0.000486791 0.999999881 -0.000007250 0.000037865 0.000007268 0.999999999 0.000889195 -0.000542195 -0.011207955
0.000000000 1.605968714 2.855054856 0.500000000 0.500000000 0.000000000 0.000000000 0.999999731 0.000733361 -0.000021622 -0.000733361 0.999999731 -0.000009637 0.000021615 0.000009653 1.000000000 0.000931841 -0.000996966 -0.018660537
0.000000000 1.605968714 2.855054856 0.500000000 0.500000000 0.000000000 0.000000000 0.999999520 0.000979931 -0.000005377 -0.000979931 0.999999520 -0.000012032 0.000005365 0.000012037 1.000000000 0.000974020 -0.001451722 -0.026113122
0.000000000 1.605968714 2.855054856 0.500000000 0.500000000 0.000000000 0.000000000 0.999999248 0.001226502 0.000010867 -0.001226501 0.999999248 -0.000014435 -0.000010885 0.000014422 1.000000000 0.001015733 -0.001906464 -0.033565711
0.000000000 1.605968714 2.855054856 0.500000000 0.500000000 0.000000000 0.000000000 0.999998915 0.001473072 0.000027110 -0.001473071 0.999998915 -0.000016846 -0.000027134 0.000016806 0.999999999 0.001056979 -0.002361190 -0.041018302
0.000000000 1.605968714 2.855054856 0.500000000 0.500000000 0.000000000 0.000000000 0.999998520 0.001719642 0.000043351 -0.001719641 0.999998521 -0.000019265 -0.000043384 0.000019190 0.999999999 0.001097759 -0.002815900 -0.048470898
0.000000000 1.605968714 2.855054856 0.500000000 0.500000000 0.000000000 0.000000000 0.999998065 0.001966212 0.000059592 -0.001966211 0.999998067 -0.000021692 -0.000059634 0.000021575 0.999999998 0.001138073 -0.003270595 -0.055923498
0.000000000 1.605968714 2.855054856 0.500000000 0.500000000 0.000000000 0.000000000 0.999997549 0.002212783 0.000075831 -0.002212781 0.999997552 -0.000024127 -0.000075884 0.000023959 0.999999997 0.001177920 -0.003725274 -0.063376100
0.000000000 1.605968714 2.855054856 0.500000000 0.500000000 0.000000000 0.000000000 0.999996972 0.002459353 0.000092069 -0.002459350 0.999996975 -0.000026570 -0.000092134 0.000026344 0.999999995 0.001217302 -0.004179936 -0.070828706
0.000000000 1.605968714 2.855054856 0.500000000 0.500000000 0.000000000 0.000000000 0.999996333 0.002705923 0.000108306 -0.002705919 0.999996339 -0.000029021 -0.000108384 0.000028728 0.999999994 0.001256216 -0.004634582 -0.078281316
0.000000000 1.605968714 2.855054856 0.500000000 0.500000000 0.000000000 0.000000000 0.999995634 0.002952493 0.000124541 -0.002952489 0.999995641 -0.000031480 -0.000124634 0.000031113 0.999999992 0.001294665 -0.005089211 -0.085733929
0.000000000 1.605968714 2.855054856 0.500000000 0.500000000 0.000000000 0.000000000 0.999994342 0.003361909 0.000116897 -0.003361906 0.999994348 -0.000025096 -0.000116980 0.000024703 0.999999993 0.001224457 -0.005590250 -0.092913878
0.000000000 1.605968714 2.855054856 0.500000000 0.500000000 0.000000000 0.000000000 0.999992883 0.003771324 0.000109257 -0.003771322 0.999992888 -0.000018705 -0.000109327 0.000018293 0.999999994 0.001153949 -0.006091325 -0.100093821
0.000000000 1.605968714 2.855054856 0.500000000 0.500000000 0.000000000 0.000000000 0.999991256 0.004180740 0.000101623 -0.004180738 0.999991261 -0.000012308 -0.000101674 0.000011883 0.999999995 0.001083140 -0.006592435 -0.107273762
0.000000000 1.605968714 2.855054856 0.500000000 0.500000000 0.000000000 0.000000000 0.999989461 0.004590154 0.000093995 -0.004590154 0.999989465 -0.000005905 -0.000094021 0.000005474 0.999999996 0.001012030 -0.007093581 -0.114453688
0.000000000 1.605968714 2.855054856 0.500000000 0.500000000 0.000000000 0.000000000 0.999987498 0.004999568 0.000086371 -0.004999568 0.999987502 0.000000504 -0.000086368 -0.000000936 0.999999996 0.000940620 -0.007594762 -0.121633618
0.000000000 1.605968714 2.855054856 0.500000000 0.500000000 0.000000000 0.000000000 0.999985368 0.005408981 0.000078753 -0.005408982 0.999985371 0.000006920 -0.000078714 -0.000007346 0.999999997 0.000868908 -0.008095979 -0.128813543
0.000000000 1.605968714 2.855054856 0.500000000 0.500000000 0.000000000 0.000000000 0.999983070 0.005818394 0.000071140 -0.005818395 0.999983073 0.000013342 -0.000071061 -0.000013756 0.999999997 0.000796896 -0.008597230 -0.135993452
0.000000000 1.605968714 2.855054856 0.500000000 0.500000000 0.000000000 0.000000000 0.999980605 0.006227805 0.000063532 -0.006227806 0.999980607 0.000019770 -0.000063408 -0.000020165 0.999999998 0.000724583 -0.009098517 -0.143173366
0.000000000 1.605968714 2.855054856 0.500000000 0.500000000 0.000000000 0.000000000 0.999977972 0.006637216 0.000055930 -0.006637217 0.999977973 0.000026205 -0.000055755 -0.000026575 0.999999998 0.000651969 -0.009599839 -0.150353265
0.000000000 1.605968714 2.855054856 0.500000000 0.500000000 0.000000000 0.000000000 0.999975171 0.007046625 0.000048333 -0.007046627 0.999975172 0.000032645 -0.000048102 -0.000032985 0.999999998 0.000579054 -0.010101195 -0.157533169
0.000000000 1.605968714 2.855054856 0.500000000 0.500000000 0.000000000 0.000000000 0.999972203 0.007456034 0.000040741 -0.007456035 0.999972203 0.000039092 -0.000040448 -0.000039395 0.999999998 0.000505838 -0.010602586 -0.164713066
0.000000000 1.605968714 2.855054856 0.500000000 0.500000000 0.000000000 0.000000000 0.999968678 0.007914749 0.000002555 -0.007914749 0.999968677 0.000045064 -0.000002198 -0.000045082 0.999999999 0.000453332 -0.011137779 -0.172111299
0.000000000 1.605968714 2.855054856 0.500000000 0.500000000 0.000000000 0.000000000 0.999964941 0.008373463 -0.000035626 -0.008373461 0.999964941 0.000051070 0.000036053 -0.000050770 0.999999998 0.000400901 -0.011673016 -0.179509530
0.000000000 1.605968714 2.855054856 0.500000000 0.500000000 0.000000000 0.000000000 0.999960993 0.008832175 -0.000073802 -0.008832171 0.999960994 0.000057112 0.000074303 -0.000056458 0.999999996 0.000348544 -0.012208295 -0.186907758
0.000000000 1.605968714 2.855054856 0.500000000 0.500000000 0.000000000 0.000000000 0.999956833 0.009290887 -0.000111972 -0.009290880 0.999956837 0.000063189 0.000112554 -0.000062146 0.999999992 0.000296262 -0.012743618 -0.194305983
0.000000000 1.605968714 2.855054856 0.500000000 0.500000000 0.000000000 0.000000000 0.999952460 0.009749596 -0.000150136 -0.009749586 0.999952469 0.000069301 0.000150804 -0.000067833 0.999999986 0.000244053 -0.013278985 -0.201704206
0.000000000 1.605968714 2.855054856 0.500000000 0.500000000 0.000000000 0.000000000 0.999947876 0.010208305 -0.000188295 -0.010208291 0.999947891 0.000075447 0.000189055 -0.000073521 0.999999979 0.000191919 -0.013814396 -0.209102426
0.000000000 1.605968714 2.855054856 0.500000000 0.500000000 0.000000000 0.000000000 0.999943080 0.010667011 -0.000226448 -0.010666992 0.999943103 0.000081629 0.000227306 -0.000079209 0.999999971 0.000139858 -0.014349853 -0.216500643
0.000000000 1.605968714 2.855054856 0.500000000 0.500000000 0.000000000 0.000000000 0.999938072 0.011125715 -0.000264595 -0.011125692 0.999938104 0.000087846 0.000265556 -0.000084897 0.999999961 0.000087871 -0.014885355 -0.223898858
0.000000000 1.605968714 2.855054856 0.500000000 0.500000000 0.000000000 0.000000000 0.999932853 0.011584418 -0.000302737 -0.011584390 0.999932894 0.000094098 0.000303807 -0.000090584 0.999999950 0.000035958 -0.015420903 -0.231297070
0.000000000 1.605968714 2.855054856 0.500000000 0.500000000 0.000000000 0.000000000 0.999927421 0.012043119 -0.000340873 -0.012043085 0.999927474 0.000100385 0.000342057 -0.000096272 0.999999937 -0.000015882 -0.015956498 -0.238695279
0.000000000 1.605968714 2.855054856 0.500000000 0.500000000 0.000000000 0.000000000 0.999921777 0.012501817 -0.000379003 -0.012501777 0.999921844 0.000106707 0.000380308 -0.000101960 0.999999922 -0.000067648 -0.016492140 -0.246093485
0.000000000 1.605968714 2.855054856 0.500000000 0.500000000 0.000000000 0.000000000 0.999918083 0.012791986 -0.000438839 -0.012791940 0.999918174 0.000107822 0.000440182 -0.000102199 0.999999898 -0.000190452 -0.016944959 -0.253622702
0.000000000 1.605968714 2.855054856 0.500000000 0.500000000 0.000000000 0.000000000 0.999914301 0.013082153 -0.000498673 -0.013082100 0.999914420 0.000108971 0.000500056 -0.000102438 0.999999870 -0.000312617 -0.017397724 -0.261151934
0.000000000 1.605968714 2.855054856 0.500000000 0.500000000 0.000000000 0.000000000 0.999910431 0.013372320 -0.000558507 -0.013372260 0.999910581 0.000110156 0.000559930 -0.000102677 0.999999838 -0.000434144 -0.017850436 -0.268681180
0.000000000 1.605968714 2.855054856 0.500000000 0.500000000 0.000000000 0.000000000 0.999906473 0.013662485 -0.000618341 -0.013662418 0.999906659 0.000111375 0.000619805 -0.000102916 0.999999803 -0.000555032 -0.018303094 -0.276210439
0.000000000 1.605968714 2.855054856 0.500000000 0.500000000 0.000000000 0.000000000 0.999902427 0.013952649 -0.000678173 -0.013952576 0.999902652 0.000112629 0.000679679 -0.000103156 0.999999764 -0.000675281 -0.018755699 -0.283739723
0.000000000 1.605968714 2.855054856 0.500000000 0.500000000 0.000000000 0.000000000 0.999898294 0.014242812 -0.000738005 -0.014242732 0.999898561 0.000113917 0.000739553 -0.000103395 0.999999721 -0.000794892 -0.019208254 -0.291269010
0.000000000 1.605968714 2.855054856 0.500000000 0.500000000 0.000000000 0.000000000 0.999894072 0.014532974 -0.000797837 -0.014532887 0.999894385 0.000115241 0.000799427 -0.000103634 0.999999675 -0.000913863 -0.019660756 -0.298798310
0.000000000 1.605968714 2.855054856 0.500000000 0.500000000 0.000000000 0.000000000 0.999889763 0.014823134 -0.000857667 -0.014823040 0.999890126 0.000116599 0.000859301 -0.000103873 0.999999625 -0.001032196 -0.020113208 -0.306327625
0.000000000 1.605968714 2.855054856 0.500000000 0.500000000 0.000000000 0.000000000 0.999885367 0.015113294 -0.000917497 -0.015113192 0.999885782 0.000117992 0.000919175 -0.000104112 0.999999572 -0.001149890 -0.020565611 -0.313856953
0.000000000 1.605968714 2.855054856 0.500000000 0.500000000 0.000000000 0.000000000 0.999880882 0.015403453 -0.000977326 -0.015403343 0.999881354 0.000119419 0.000979050 -0.000104351 0.999999515 -0.001266945 -0.021017963 -0.321386304
0.000000000 1.605968714 2.855054856 0.500000000 0.500000000 0.000000000 0.000000000 0.999876310 0.015693609 -0.001037154 -0.015693492 0.999876842 0.000120882 0.001038924 -0.000104590 0.999999455 -0.001383362 -0.021470268 -0.328915659
0.000000000 1.605968714 2.855054856 0.500000000 0.500000000 0.000000000 0.000000000 0.999874782 0.015786930 -0.001091886 -0.015786805 0.999875373 0.000123142 0.001093694 -0.000105889 0.999999396 -0.001500954 -0.021962646 -0.336499237
0.000000000 1.605968714 2.855054856 0.500000000 0.500000000 0.000000000 0.000000000 0.999873243 0.015880250 -0.001146616 -0.015880117 0.999873895 0.000125412 0.001148463 -0.000107188 0.999999335 -0.001617808 -0.022455036 -0.344082828
0.000000000 1.605968714 2.855054856 0.500000000 0.500000000 0.000000000 0.000000000 0.999871693 0.015973571 -0.001201347 -0.015973429 0.999872408 0.000127693 0.001203233 -0.000108487 0.999999270 -0.001733924 -0.022947438 -0.351666419
0.000000000 1.605968714 2.855054856 0.500000000 0.500000000 0.000000000 0.000000000 0.999870130 0.016066892 -0.001256077 -0.016066741 0.999870913 0.000129984 0.001258003 -0.000109786 0.999999203 -0.001849301 -0.023439851 -0.359250032
0.000000000 1.605968714 2.855054856 0.500000000 0.500000000 0.000000000 0.000000000 0.999868556 0.016160212 -0.001310806 -0.016160053 0.999869409 0.000132285 0.001312773 -0.000111085 0.999999132 -0.001963940 -0.023932275 -0.366833657
0.000000000 1.605968714 2.855054856 0.500000000 0.500000000 0.000000000 0.000000000 0.999866970 0.016253533 -0.001365535 -0.016253364 0.999867896 0.000134596 0.001367543 -0.000112384 0.999999059 -0.002077840 -0.024424712 -0.374417292
0.000000000 1.605968714 2.855054856 0.500000000 0.500000000 0.000000000 0.000000000 0.999865373 0.016346853 -0.001420264 -0.016346675 0.999866375 0.000136918 0.001422313 -0.000113683 0.999998982 -0.002191002 -0.024917161 -0.382000939
0.000000000 1.605968714 2.855054856 0.500000000 0.500000000 0.000000000 0.000000000 0.999863763 0.016440174 -0.001474993 -0.016439986 0.999864845 0.000139250 0.001477082 -0.000114982 0.999998903 -0.002303426 -0.025409622 -0.389584597
0.000000000 1.605968714 2.855054856 0.500000000 0.500000000 0.000000000 0.000000000 0.999862142 0.016533495 -0.001529720 -0.016533297 0.999863306 0.000141592 0.001531852 -0.000116281 0.999998820 -0.002415112 -0.025902097 -0.397168256
0.000000000 1.605968714 2.855054856 0.500000000 0.500000000 0.000000000 0.000000000 0.999860510 0.016626815 -0.001584448 -0.016626608 0.999861758 0.000143944 0.001586622 -0.000117580 0.999998734 -0.002526059 -0.026394583 -0.404751935
0.000000000 1.605968714 2.855054856 0.500000000 0.500000000 0.000000000 0.000000000 0.999858865 0.016720136 -0.001639175 -0.016719918 0.999860202 0.000146306 0.001641392 -0.000118879 0.999998646 -0.002636268 -0.026887083 -0.412335626
0.000000000 1.605968714 2.855054856 0.500000000 0.500000000 0.000000000 0.000000000 0.999860244 0.016633349 -0.001680250 -0.016633136 0.999861650 0.000140221 0.001682350 -0.000112254 0.999998579 -0.002732536 -0.027333350 -0.419738395
0.000000000 1.605968714 2.855054856 0.500000000 0.500000000 0.000000000 0.000000000 0.999861615 0.016546562 -0.001721324 -0.016546355 0.999863091 0.000134129 0.001723308 -0.000105629 0.999998510 -0.002828118 -0.027779546 -0.427141179
0.000000000 1.605968714 2.855054856 0.500000000 0.500000000 0.000000000 0.000000000 0.999862976 0.016459774 -0.001762397 -0.016459574 0.999864524 0.000128030 0.001764266 -0.000099004 0.999998439 -0.002923015 -0.028225671 -0.434543976
0.000000000 1.605968714 2.855054856 0.500000000 0.500000000 0.000000000 0.000000000 0.999864327 0.016372985 -0.001803469 -0.016372792 0.999865949 0.000121924 0.001805224 -0.000092380 0.999998366 -0.003017226 -0.028671723 -0.441946788
0.000000000 1.605968714 2.855054856 0.500000000 0.500000000 0.000000000 0.000000000 0.999865670 0.016286196 -0.001844540 -0.016286010 0.999867367 0.000115811 0.001846182 -0.000085755 0.999998292 -0.003110753 -0.029117706 -0.449349613
0.000000000 1.605968714 2.855054856 0.500000000 0.500000000 0.000000000 0.000000000 0.999867003 0.016199407 -0.001885610 -0.016199229 0.999868778 0.000109690 0.001887140 -0.000079130 0.999998216 -0.003203593 -0.029563615 -0.456752453
0.000000000 1.605968714 2.855054856 0.500000000 0.500000000 0.000000000 0.000000000 0.999868327 0.016112615 -0.001926679 -0.016112446 0.999870181 0.000103562 0.001928098 -0.000072505 0.999998139 -0.003295749 -0.030009453 -0.464155306
0.000000000 1.605968714 2.855054856 0.500000000 0.500000000 0.000000000 0.000000000 0.999869642 0.016025825 -0.001967747 -0.016025664 0.999871576 0.000097428 0.001969055 -0.000065880 0.999998059 -0.003387219 -0.030455219 -0.471558173
0.000000000 1.605968714 2.855054856 0.500000000 0.500000000 0.000000000 0.000000000 0.999870948 0.015939033 -0.002008814 -0.015938882 0.999872964 0.000091286 0.002010013 -0.000059256 0.999997978 -0.003478005 -0.030900913 -0.478961054
0.000000000 1.605968714 2.855054856 0.500000000 0.500000000 0.000000000 0.000000000 0.999872244 0.015852240 -0.002049879 -0.015852099 0.999874344 0.000085137 0.002050971 -0.000052631 0.999997895 -0.003568104 -0.031346533 -0.486363949
0.000000000 1.605968714 2.855054856 0.500000000 0.500000000 0.000000000 0.000000000 0.999873531 0.015765447 -0.002090944 -0.015765316 0.999875717 0.000078980 0.002091929 -0.000046006 0.999997811 -0.003657519 -0.031792081 -0.493766868
0.000000000 1.605968714 2.855054856 0.500000000 0.500000000 0.000000000 0.000000000 0.999877635 0.015499006 -0.002120187 -0.015498873 0.999879882 0.000079394 0.002121163 -0.000046523 0.999997749 -0.003691240 -0.032329887 -0.500892527
0.000000000 1.605968714 2.855054856 0.500000000 0.500000000 0.000000000 0.000000000 0.999881667 0.015232564 -0.002149431 -0.015232428 0.999883977 0.000079791 0.002150397 -0.000047041 0.999997687 -0.003724258 -0.032867726 -0.508018198
0.000000000 1.605968714 2.855054856 0.500000000 0.500000000 0.000000000 0.000000000 0.999885628 0.014966121 -0.002178675 -0.014965982 0.999888000 0.000080174 0.002179631 -0.000047558 0.999997623 -0.003756573 -0.033405599 -0.515143870
0.000000000 1.605968714 2.855054856 0.500000000 0.500000000 0.000000000 0.000000000 0.999889516 0.014699677 -0.002207919 -0.014699535 0.999891953 0.000080540 0.002208864 -0.000048076 0.999997559 -0.003788185 -0.033943505 -0.522269535
0.000000000 1.605968714 2.855054856 0.500000000 0.500000000 0.000000000 0.000000000 0.999893333 0.014433232 -0.002237164 -0.014433087 0.999895834 0.000080891 0.002238098 -0.000048593 0.999997494 -0.003819095 -0.034481443 -0.529395211
0.000000000 1.605968714 2.855054856 0.500000000 0.500000000 0.000000000 0.000000000 0.999897078 0.014166784 -0.002266409 -0.014166637 0.999899645 0.000081227 0.002267332 -0.000049111 0.999997428 -0.003849301 -0.035019413 -0.536520889
0.000000000 1.605968714 2.855054856 0.500000000 0.500000000 0.000000000 0.000000000 0.999900750 0.013900337 -0.002295654 -0.013900187 0.999903384 0.000081547 0.002296566 -0.000049629 0.999997362 -0.003878805 -0.035557415 -0.543646559
0.000000000 1.605968714 2.855054856 0.500000000 0.500000000 0.000000000 0.000000000 0.999904351 0.013633889 -0.002324900 -0.013633736 0.999907053 0.000081851 0.002325800 -0.000050146 0.999997294 -0.003907606 -0.036095449 -0.550772241
0.000000000 1.605968714 2.855054856 0.500000000 0.500000000 0.000000000 0.000000000 0.999907881 0.013367440 -0.002354146 -0.013367284 0.999910650 0.000082140 0.002355033 -0.000050664 0.999997226 -0.003935703 -0.036633513 -0.557897924
0.000000000 1.605968714 2.855054856 0.500000000 0.500000000 0.000000000 0.000000000 0.999911338 0.013100990 -0.002383392 -0.013100831 0.999914177 0.000082413 0.002384267 -0.000051181 0.999997156 -0.003963098 -0.037171607 -0.565023599
0.000000000 1.605968714 2.855054856 0.500000000 0.500000000 0.000000000 0.000000000 0.999914723 0.012834539 -0.002412639 -0.012834377 0.999917633 0.000082670 0.002413501 -0.000051699 0.999997086 -0.003989790 -0.037709732 -0.572149286
0.000000000 1.605968714 2.855054856 0.500000000 0.500000000 0.000000000 0.000000000 0.999918491 0.012534974 -0.002425891 -0.012534805 0.999921433 0.000084958 0.002426766 -0.000054543 0.999997054 -0.004018722 -0.038212231 -0.579183109
0.000000000 1.605968714 2.855054856 0.500000000 0.500000000 0.000000000 0.000000000 0.999922170 0.012235407 -0.002439146 -0.012235230 0.999925143 0.000087238 0.002440030 -0.000057388 0.999997021 -0.004047167 -0.038714794 -0.586216920
0.000000000 1.605968714 2.855054856 0.500000000 0.500000000 0.000000000 0.000000000 0.999925758 0.011935839 -0.002452402 -0.011935656 0.999928764 0.000089510 0.002453295 -0.000060232 0.999996989 -0.004075125 -0.039217419 -0.593250740
