0.000000000 0.632599831 1.124621511 0.500000000 0.500000000 0.000000000 0.000000000 0.996759100 0.005093228 -0.080282972 -0.005369232 0.999980394 -0.003222386 0.080264986 0.003643000 0.996766904 0.151738124 0.002935090 -0.222514294
0.000000000 0.632599831 1.124621511 0.500000000 0.500000000 0.000000000 0.000000000 0.996707350 0.005107030 -0.080922039 -0.005388887 0.999980149 -0.003265049 0.080903758 0.003690378 0.996715086 0.152007394 0.003088321 -0.222676481
0.000000000 0.632599831 1.124621511 0.500000000 0.500000000 0.000000000 0.000000000 0.996655191 0.005120772 -0.081561073 -0.005408538 0.999979903 -0.003307686 0.081542496 0.003737748 0.996662857 0.152276949 0.003241566 -0.222838400
0.000000000 0.632599831 1.124621511 0.500000000 0.500000000 0.000000000 0.000000000 0.996602621 0.005134452 -0.082200075 -0.005428184 0.999979655 -0.003350298 0.082181201 0.003785113 0.996610216 0.152546769 0.003394824 -0.223000052
0.000000000 0.632599831 1.124621511 0.500000000 0.500000000 0.000000000 0.000000000 0.996549643 0.005148072 -0.082839045 -0.005447826 0.999979405 -0.003392884 0.082819872 0.003832471 0.996557164 0.152816864 0.003548095 -0.223161437
0.000000000 0.632599831 1.124621511 0.500000000 0.500000000 0.000000000 0.000000000 0.996505326 0.005223755 -0.083365749 -0.005526812 0.999978930 -0.003404917 0.083346206 0.003853765 0.996513200 0.153019839 0.003593166 -0.223214547
0.000000000 0.632599831 1.124621511 0.500000000 0.500000000 0.000000000 0.000000000 0.996460725 0.005299414 -0.083892432 -0.005605790 0.999978450 -0.003416867 0.083872516 0.003875057 0.996468958 0.153222910 0.003638211 -0.223267503
0.000000000 0.632599831 1.124621511 0.500000000 0.500000000 0.000000000 0.000000000 0.996415840 0.005375052 -0.084419093 -0.005684759 0.999977963 -0.003428732 0.084398803 0.003896346 0.996424438 0.153426098 0.003683228 -0.223320305
0.000000000 0.632599831 1.124621511 0.500000000 0.500000000 0.000000000 0.000000000 0.996370670 0.005450666 -0.084945733 -0.005763719 0.999977471 -0.003440515 0.084925067 0.003917631 0.996379639 0.153629392 0.003728219 -0.223372942
0.000000000 0.632599831 1.124621511 0.500000000 0.500000000 0.000000000 0.000000000 0.996325217 0.005526258 -0.085472353 -0.005842670 0.999976972 -0.003452213 0.085451307 0.003938914 0.996334562 0.153832783 0.003773183 -0.223425436
0.000000000 0.632599831 1.124621511 0.500000000 0.500000000 0.000000000 0.000000000 0.996285931 0.005586056 -0.085925203 -0.005904001 0.999976632 -0.003446583 0.085903942 0.003941085 0.996295629 0.154032285 0.003760865 -0.223447073
0.000000000 0.632599831 1.124621511 0.500000000 0.500000000 0.000000000 0.000000000 0.996246435 0.005645851 -0.086378036 -0.005965327 0.999976287 -0.003440897 0.086356561 0.003943255 0.996256491 0.154231849 0.003748522 -0.223468584
0.000000000 0.632599831 1.124621511 0.500000000 0.500000000 0.000000000 0.000000000 0.996206730 0.005705645 -0.086830851 -0.006026646 0.999975939 -0.003435156 0.086809162 0.003945424 0.996217147 0.154431452 0.003736154 -0.223489951
0.000000000 0.632599831 1.124621511 0.500000000 0.500000000 0.000000000 0.000000000 0.996166816 0.005765436 -0.087283646 -0.006087959 0.999975588 -0.003429358 0.087261744 0.003947592 0.996177597 0.154631115 0.003723762 -0.223511182
0.000000000 0.632599831 1.124621511 0.500000000 0.500000000 0.000000000 0.000000000 0.996126692 0.005825226 -0.087736424 -0.006149265 0.999975233 -0.003423505 0.087714309 0.003949759 0.996137842 0.154830819 0.003711346 -0.223532279
0.000000000 0.632599831 1.124621511 0.500000000 0.500000000 0.000000000 0.000000000 0.996088613 0.005884491 -0.088163753 -0.006210131 0.999974869 -0.003419749 0.088141414 0.003953881 0.996100124 0.155153820 0.003680290 -0.223529187
0.000000000 0.632599831 1.124621511 0.500000000 0.500000000 0.000000000 0.000000000 0.996050348 0.005943752 -0.088591066 -0.006270991 0.999974503 -0.003415940 0.088568503 0.003958002 0.996062224 0.155476845 0.003649194 -0.223525870
0.000000000 0.632599831 1.124621511 0.500000000 0.500000000 0.000000000 0.000000000 0.996011895 0.006003010 -0.089018361 -0.006331845 0.999974132 -0.003412080 0.088995576 0.003962122 0.996024141 0.155799892 0.003618060 -0.223522307
0.000000000 0.632599831 1.124621511 0.500000000 0.500000000 0.000000000 0.000000000 0.995973256 0.006062265 -0.089445641 -0.006392693 0.999973759 -0.003408167 0.089422632 0.003966242 0.995985874 0.156122970 0.003586886 -0.223518508
0.000000000 0.632599831 1.124621511 0.500000000 0.500000000 0.000000000 0.000000000 0.995934430 0.006121515 -0.089872904 -0.006453535 0.999973381 -0.003404202 0.089849673 0.003970360 0.995947425 0.156446061 0.003555674 -0.223514473
0.000000000 0.632599831 1.124621511 0.500000000 0.500000000 0.000000000 0.000000000 0.995898429 0.006192844 -0.090266093 -0.006525930 0.999972941 -0.003395375 0.090242624 0.003970519 0.995911896 0.156845525 0.003615667 -0.223529473
0.000000000 0.632599831 1.124621511 0.500000000 0.500000000 0.000000000 0.000000000 0.995862268 0.006264172 -0.090659269 -0.006598319 0.999972497 -0.003386491 0.090635562 0.003970677 0.995876212 0.157245043 0.003675602 -0.223544181
0.000000000 0.632599831 1.124621511 0.500000000 0.500000000 0.000000000 0.000000000 0.995825947 0.006335500 -0.091052428 -0.006670701 0.999972047 -0.003377549 0.091028485 0.003970835 0.995840372 0.157644598 0.003735479 -0.223558620
0.000000000 0.632599831 1.124621511 0.500000000 0.500000000 0.000000000 0.000000000 0.995789465 0.006406828 -0.091445574 -0.006743077 0.999971591 -0.003368551 0.091421395 0.003970992 0.995804378 0.158044208 0.003795298 -0.223572779
0.000000000 0.632599831 1.124621511 0.500000000 0.500000000 0.000000000 0.000000000 0.995752824 0.006478156 -0.091838704 -0.006815447 0.999971131 -0.003359495 0.091814289 0.003971148 0.995768229 0.158443863 0.003855057 -0.223586657
0.000000000 0.632599831 1.124621511 0.500000000 0.500000000 0.000000000 0.000000000 0.995718925 0.006552110 -0.092200280 -0.006889004 0.999970705 -0.003336145 0.092175720 0.003957031 0.995734894 0.158864504 0.003834901 -0.223618702
0.000000000 0.632599831 1.124621511 0.500000000 0.500000000 0.000000000 0.000000000 0.995684890 0.006626074 -0.092561841 -0.006962554 0.999970274 -0.003312742 0.092537139 0.003942914 0.995701427 0.159285188 0.003814678 -0.223650471
0.000000000 0.632599831 1.124621511 0.500000000 0.500000000 0.000000000 0.000000000 0.995650719 0.006700048 -0.092923386 -0.007036099 0.999969837 -0.003289285 0.092898545 0.003928797 0.995667829 0.159705913 0.003794389 -0.223681964
0.000000000 0.632599831 1.124621511 0.500000000 0.500000000 0.000000000 0.000000000 0.995616410 0.006774032 -0.093284917 -0.007109638 0.999969393 -0.003265775 0.093259939 0.003914681 0.995634099 0.160126689 0.003774034 -0.223713180
0.000000000 0.632599831 1.124621511 0.500000000 0.500000000 0.000000000 0.000000000 0.995581966 0.006848027 -0.093646432 -0.007183171 0.999968945 -0.003242211 0.093621321 0.003900565 0.995600238 0.160547497 0.003753614 -0.223744121
0.000000000 0.632599831 1.124621511 0.500000000 0.500000000 0.000000000 0.000000000 0.995550422 0.006905130 -0.093977004 -0.007240264 0.999968586 -0.003225623 0.093951778 0.003891689 0.995569143 0.161095244 0.003785691 -0.223802558
0.000000000 0.632599831 1.124621511 0.500000000 0.500000000 0.000000000 0.000000000 0.995518765 0.006962239 -0.094307564 -0.007297352 0.999968225 -0.003208998 0.094282226 0.003882813 0.995537938 0.161643051 0.003817701 -0.223860657
0.000000000 0.632599831 1.124621511 0.500000000 0.500000000 0.000000000 0.000000000 0.995486995 0.007019353 -0.094638112 -0.007354435 0.999967860 -0.003192334 0.094612662 0.003873937 0.995506623 0.162190918 0.003849646 -0.223918418
0.000000000 0.632599831 1.124621511 0.500000000 0.500000000 0.000000000 0.000000000 0.995455112 0.007076474 -0.094968648 -0.007411514 0.999967492 -0.003175633 0.094943088 0.003865061 0.995475199 0.162738856 0.003881524 -0.223975841
0.000000000 0.632599831 1.124621511 0.500000000 0.500000000 0.000000000 0.000000000 0.995423116 0.007133600 -0.095299172 -0.007468588 0.999967120 -0.003158893 0.095273504 0.003856186 0.995443664 0.163286844 0.003913336 -0.224032926
0.000000000 0.632599831 1.124621511 0.500000000 0.500000000 0.000000000 0.000000000 0.995393166 0.007189493 -0.095607303 -0.007523898 0.999966773 -0.003137650 0.095581568 0.003842535 0.995414185 0.163814198 0.003867095 -0.224011257
0.000000000 0.632599831 1.124621511 0.500000000 0.500000000 0.000000000 0.000000000 0.995363118 0.007245394 -0.095915423 -0.007579203 0.999966421 -0.003116373 0.095889623 0.003828885 0.995384609 0.164341548 0.003820794 -0.223989272
0.000000000 0.632599831 1.124621511 0.500000000 0.500000000 0.000000000 0.000000000 0.995332971 0.007301303 -0.096223531 -0.007634504 0.999966067 -0.003095061 0.096197668 0.003815235 0.995354938 0.164868885 0.003774431 -0.223966982
0.000000000 0.632599831 1.124621511 0.500000000 0.500000000 0.000000000 0.000000000 0.995302726 0.007357221 -0.096531629 -0.007689801 0.999965709 -0.003073715 0.096505705 0.003801586 0.995325171 0.165396231 0.003728008 -0.223944395
0.000000000 0.632599831 1.124621511 0.500000000 0.500000000 0.000000000 0.000000000 0.995272382 0.007413147 -0.096839715 -0.007745094 0.999965348 -0.003052335 0.096813732 0.003787938 0.995295309 0.165923572 0.003681523 -0.223921493
0.000000000 0.632599831 1.124621511 0.500000000 0.500000000 0.000000000 0.000000000 0.995246349 0.007467465 -0.097102743 -0.007799672 0.999964955 -0.003042051 0.097076624 0.003784960 0.995269714 0.166360790 0.003709625 -0.223987240
0.000000000 0.632599831 1.124621511 0.500000000 0.500000000 0.000000000 0.000000000 0.995220242 0.007521785 -0.097365765 -0.007854247 0.999964559 -0.003031739 0.097339510 0.003781983 0.995244049 0.166798047 0.003737678 -0.224052763
0.000000000 0.632599831 1.124621511 0.500000000 0.500000000 0.000000000 0.000000000 0.995194064 0.007576106 -0.097628778 -0.007908819 0.999964160 -0.003021397 0.097602388 0.003779005 0.995218314 0.167235354 0.003765682 -0.224118071
0.000000000 0.632599831 1.124621511 0.500000000 0.500000000 0.000000000 0.000000000 0.995167813 0.007630429 -0.097891784 -0.007963388 0.999963758 -0.003011027 0.097865261 0.003776027 0.995192510 0.167672721 0.003793636 -0.224183174
0.000000000 0.632599831 1.124621511 0.500000000 0.500000000 0.000000000 0.000000000 0.995141489 0.007684753 -0.098154781 -0.008017953 0.999963354 -0.003000628 0.098128125 0.003773050 0.995166637 0.168110127 0.003821541 -0.224248053
0.000000000 0.632599831 1.124621511 0.500000000 0.500000000 0.000000000 0.000000000 0.995117054 0.007724273 -0.098399111 -0.008057456 0.999963071 -0.002989094 0.098372389 0.003767345 0.995142543 0.168545650 0.003785763 -0.224250399
0.000000000 0.632599831 1.124621511 0.500000000 0.500000000 0.000000000 0.000000000 0.995092557 0.007763796 -0.098643433 -0.008096958 0.999962786 -0.002977541 0.098616645 0.003761640 0.995118389 0.168981182 0.003749949 -0.224252544
0.000000000 0.632599831 1.124621511 0.500000000 0.500000000 0.000000000 0.000000000 0.995067998 0.007803322 -0.098887750 -0.008136457 0.999962500 -0.002965968 0.098860897 0.003755936 0.995094174 0.169416722 0.003714100 -0.224254479
0.000000000 0.632599831 1.124621511 0.500000000 0.500000000 0.000000000 0.000000000 0.995043378 0.007842851 -0.099132058 -0.008175953 0.999962212 -0.002954376 0.099105141 0.003750231 0.995069900 0.169852271 0.003678214 -0.224256223
0.000000000 0.632599831 1.124621511 0.500000000 0.500000000 0.000000000 0.000000000 0.995018697 0.007882382 -0.099376361 -0.008215447 0.999961923 -0.002942764 0.099349381 0.003744526 0.995045566 0.170287819 0.003642294 -0.224257768
0.000000000 0.632599831 1.124621511 0.500000000 0.500000000 0.000000000 0.000000000 0.994997736 0.007922285 -0.099582839 -0.008255685 0.999961610 -0.002936323 0.099555754 0.003743760 0.995024942 0.170720190 0.003609672 -0.224173405
0.000000000 0.632599831 1.124621511 0.500000000 0.500000000 0.000000000 0.000000000 0.994976732 0.007962188 -0.099789314 -0.008295922 0.999961296 -0.002929866 0.099762123 0.003742993 0.995004276 0.171152530 0.003577015 -0.224088862
0.000000000 0.632599831 1.124621511 0.500000000 0.500000000 0.000000000 0.000000000 0.994955682 0.008002091 -0.099995783 -0.008336156 0.999960980 -0.002923392 0.099968488 0.003742225 0.994983566 0.171584832 0.003544324 -0.224004161
0.000000000 0.632599831 1.124621511 0.500000000 0.500000000 0.000000000 0.000000000 0.994934589 0.008041995 -0.100202246 -0.008376388 0.999960663 -0.002916901 0.100174846 0.003741458 0.994962814 0.172017112 0.003511597 -0.223919289
0.000000000 0.632599831 1.124621511 0.500000000 0.500000000 0.000000000 0.000000000 0.994913451 0.008081899 -0.100408704 -0.008416618 0.999960344 -0.002910393 0.100381201 0.003740691 0.994942019 0.172449353 0.003478836 -0.223834248
0.000000000 0.632599831 1.124621511 0.500000000 0.500000000 0.000000000 0.000000000 0.994894599 0.008101957 -0.100593710 -0.008437387 0.999960172 -0.002909496 0.100566130 0.003743390 0.994923334 0.172745100 0.003537643 -0.223847023
0.000000000 0.632599831 1.124621511 0.500000000 0.500000000 0.000000000 0.000000000 0.994875713 0.008122014 -0.100778711 -0.008458155 0.999959999 -0.002908592 0.100751056 0.003746089 0.994904614 0.173040861 0.003596437 -0.223859696
0.000000000 0.632599831 1.124621511 0.500000000 0.500000000 0.000000000 0.000000000 0.994856792 0.008142071 -0.100963710 -0.008478922 0.999959826 -0.002907680 0.100935979 0.003748788 0.994885860 0.173336635 0.003655219 -0.223872266
0.000000000 0.632599831 1.124621511 0.500000000 0.500000000 0.000000000 0.000000000 0.994837836 0.008162126 -0.101148704 -0.008499688 0.999959652 -0.002906760 0.101120898 0.003751487 0.994867072 0.173632432 0.003713989 -0.223884733
0.000000000 0.632599831 1.124621511 0.500000000 0.500000000 0.000000000 0.000000000 0.994818845 0.008182180 -0.101333696 -0.008520453 0.999959478 -0.002905832 0.101305813 0.003754186 0.994848249 0.173928232 0.003772747 -0.223897099
0.000000000 0.632599831 1.124621511 0.500000000 0.500000000 0.000000000 0.000000000 0.994802042 0.008211290 -0.101496172 -0.008548913 0.999959276 -0.002891943 0.101468292 0.003744593 0.994831726 0.174253291 0.003777133 -0.223840755
0.000000000 0.632599831 1.124621511 0.500000000 0.500000000 0.000000000 0.000000000 0.994785211 0.008240403 -0.101658645 -0.008577373 0.999959072 -0.002878045 0.101630768 0.003735000 0.994815177 0.174578345 0.003781501 -0.223784301
0.000000000 0.632599831 1.124621511 0.500000000 0.500000000 0.000000000 0.000000000 0.994768353 0.008269518 -0.101821114 -0.008605831 0.999958867 -0.002864137 0.101793241 0.003725408 0.994798601 0.174903377 0.003785849 -0.223727757
0.000000000 0.632599831 1.124621511 0.500000000 0.500000000 0.000000000 0.000000000 0.994751468 0.008298637 -0.101983580 -0.008634287 0.999958662 -0.002850220 0.101955711 0.003715816 0.994781999 0.175228404 0.003790179 -0.223671103
0.000000000 0.632599831 1.124621511 0.500000000 0.500000000 0.000000000 0.000000000 0.994734555 0.008327760 -0.102146042 -0.008662743 0.999958455 -0.002836293 0.102118178 0.003706224 0.994765370 0.175553408 0.003794491 -0.223614350
0.000000000 0.632599831 1.124621511 0.500000000 0.500000000 0.000000000 0.000000000 0.994720168 0.008349642 -0.102284264 -0.008683870 0.999958310 -0.002822792 0.102256431 0.003696111 0.994751206 0.175788508 0.003736298 -0.223512878
0.000000000 0.632599831 1.124621511 0.500000000 0.500000000 0.000000000 0.000000000 0.994705762 0.008371527 -0.102422484 -0.008704997 0.999958165 -0.002809284 0.102394681 0.003685998 0.994737022 0.176023571 0.003678097 -0.223411335
0.000000000 0.632599831 1.124621511 0.500000000 0.500000000 0.000000000 0.000000000 0.994691336 0.008393415 -0.102560702 -0.008726123 0.999958018 -0.002795771 0.102532930 0.003675886 0.994722819 0.176258607 0.003619887 -0.223309739
0.000000000 0.632599831 1.124621511 0.500000000 0.500000000 0.000000000 0.000000000 0.994676890 0.008415306 -0.102698916 -0.008747248 0.999957871 -0.002782251 0.102671176 0.003665774 0.994708596 0.176493615 0.003561668 -0.223208072
0.000000000 0.632599831 1.124621511 0.500000000 0.500000000 0.000000000 0.000000000 0.994662424 0.008437200 -0.102837129 -0.008768373 0.999957724 -0.002768726 0.102809421 0.003655662 0.994694355 0.176728596 0.003503441 -0.223106342
0.000000000 0.632599831 1.124621511 0.500000000 0.500000000 0.000000000 0.000000000 0.994648998 0.008455110 -0.102965438 -0.008786639 0.999957569 -0.002766659 0.102937677 0.003656575 0.994681087 0.176949380 0.003564413 -0.223087360
0.000000000 0.632599831 1.124621511 0.500000000 0.500000000 0.000000000 0.000000000 0.994635555 0.008473021 -0.103093746 -0.008804905 0.999957414 -0.002764588 0.103065931 0.003657488 0.994667802 0.177170154 0.003625377 -0.223068317
0.000000000 0.632599831 1.124621511 0.500000000 0.500000000 0.000000000 0.000000000 0.994622096 0.008490931 -0.103222042 -0.008823170 0.999957259 -0.002762512 0.103194174 0.003658401 0.994654502 0.177390928 0.003686334 -0.223049232
0.000000000 0.632599831 1.124621511 0.500000000 0.500000000 0.000000000 0.000000000 0.994608619 0.008508841 -0.103350346 -0.008841435 0.999957104 -0.002760431 0.103322424 0.003659314 0.994641185 0.177611713 0.003747282 -0.223030091
0.000000000 0.632599831 1.124621511 0.500000000 0.500000000 0.000000000 0.000000000 0.994595126 0.008526750 -0.103478648 -0.008859699 0.999956948 -0.002758346 0.103450673 0.003660227 0.994627850 0.177832488 0.003808222 -0.223010888
0.000000000 0.632599831 1.124621511 0.500000000 0.500000000 0.000000000 0.000000000 0.994585601 0.008543954 -0.103568733 -0.008875977 0.999956839 -0.002745357 0.103540807 0.003649766 0.994618510 0.178124741 0.003860140 -0.222935293
0.000000000 0.632599831 1.124621511 0.500000000 0.500000000 0.000000000 0.000000000 0.994576069 0.008561160 -0.103658817 -0.008892255 0.999956730 -0.002732365 0.103630939 0.003639305 0.994609161 0.178416993 0.003912050 -0.222859647
0.000000000 0.632599831 1.124621511 0.500000000 0.500000000 0.000000000 0.000000000 0.994566527 0.008578368 -0.103748899 -0.008908532 0.999956621 -0.002719370 0.103721071 0.003628845 0.994599804 0.178709225 0.003963951 -0.222783952
0.000000000 0.632599831 1.124621511 0.500000000 0.500000000 0.000000000 0.000000000 0.994556978 0.008595578 -0.103838980 -0.008924809 0.999956511 -0.002706372 0.103811202 0.003618385 0.994590439 0.179001456 0.004015844 -0.222708207
0.000000000 0.632599831 1.124621511 0.500000000 0.500000000 0.000000000 0.000000000 0.994547420 0.008612790 -0.103929060 -0.008941086 0.999956400 -0.002693372 0.103901332 0.003607924 0.994581066 0.179293667 0.004067727 -0.222632412
0.000000000 0.632599831 1.124621511 0.500000000 0.500000000 0.000000000 0.000000000 0.994540090 0.008633057 -0.103997500 -0.008960160 0.999956270 -0.002678511 0.103969829 0.003595720 0.994573952 0.179507351 0.004077012 -0.222652246
