0.000000000 0.773113191 1.374423146 0.500000000 0.500000000 0.000000000 0.000000000 0.999999999 0.000048967 0.000012753 -0.000048967 0.999999999 -0.000019877 -0.000012754 0.000019876 1.000000000 0.000068350 -0.000032737 -0.000055388
0.000000000 0.773113191 1.374423146 0.500000000 0.500000000 0.000000000 0.000000000 0.999999740 0.000012990 0.000720695 -0.000012841 0.999999978 -0.000208013 -0.000720698 0.000208003 0.999999719 0.000706159 0.000804155 -0.003127218
0.000000000 0.773113191 1.374423146 0.500000000 0.500000000 0.000000000 0.000000000 0.999998979 -0.000022720 0.001428650 0.000023286 0.999999921 -0.000396098 -0.001428641 0.000396130 0.999998901 0.001339559 0.001642249 -0.006199633
0.000000000 0.773113191 1.374423146 0.500000000 0.500000000 0.000000000 0.000000000 0.999997716 -0.000058164 0.002136617 0.000059412 0.999999828 -0.000584131 -0.002136583 0.000584257 0.999997547 0.001968549 0.002481543 -0.009272631
0.000000000 0.773113191 1.374423146 0.500000000 0.500000000 0.000000000 0.000000000 0.999995950 -0.000093342 0.002844597 0.000095538 0.999999697 -0.000772114 -0.002844524 0.000772382 0.999995656 0.002593128 0.003322038 -0.012346205
0.000000000 0.773113191 1.374423146 0.500000000 0.500000000 0.000000000 0.000000000 0.999993681 -0.000128253 0.003552588 0.000131664 0.999999530 -0.000960045 -0.003552464 0.000960507 0.999993229 0.003213296 0.004163733 -0.015420351
0.000000000 0.773113191 1.374423146 0.500000000 0.500000000 0.000000000 0.000000000 0.999990910 -0.000162898 0.004260591 0.000167790 0.999999327 -0.001147925 -0.004260401 0.001148630 0.999990265 0.003829053 0.005006627 -0.018495063
0.000000000 0.773113191 1.374423146 0.500000000 0.500000000 0.000000000 0.000000000 0.999987637 -0.000197276 0.004968605 0.000203915 0.999999087 -0.001335754 -0.004968337 0.001336751 0.999986764 0.004440398 0.005850720 -0.021570338
0.000000000 0.773113191 1.374423146 0.500000000 0.500000000 0.000000000 0.000000000 0.999983861 -0.000231388 0.005676630 0.000240040 0.999998811 -0.001523532 -0.005676270 0.001524870 0.999982727 0.005047331 0.006696011 -0.024646169
0.000000000 0.773113191 1.374423146 0.500000000 0.500000000 0.000000000 0.000000000 0.999979583 -0.000265234 0.006384664 0.000276165 0.999998498 -0.001711258 -0.006384201 0.001712987 0.999978154 0.005649852 0.007542499 -0.027722552
0.000000000 0.773113191 1.374423146 0.500000000 0.500000000 0.000000000 0.000000000 0.999974802 -0.000298813 0.007092709 0.000312289 0.999998148 -0.001898934 -0.007092128 0.001901101 0.999973043 0.006247960 0.008390185 -0.030799482
0.000000000 0.773113191 1.374423146 0.500000000 0.500000000 0.000000000 0.000000000 0.999969518 -0.000332126 0.007800762 0.000348413 0.999997762 -0.002086558 -0.007800052 0.002089212 0.999967397 0.006841654 0.009239067 -0.033876955
0.000000000 0.773113191 1.374423146 0.500000000 0.500000000 0.000000000 0.000000000 0.999963733 -0.000365173 0.008508825 0.000384536 0.999997340 -0.002274131 -0.008507971 0.002277320 0.999961213 0.007430935 0.010089145 -0.036954964
0.000000000 0.773113191 1.374423146 0.500000000 0.500000000 0.000000000 0.000000000 0.999959052 -0.000381434 0.009041462 0.000402821 0.999997125 -0.002363784 -0.009040535 0.002367330 0.999956331 0.008031709 0.009966246 -0.040459326
0.000000000 0.773113191 1.374423146 0.500000000 0.500000000 0.000000000 0.000000000 0.999954088 -0.000397599 0.009574101 0.000421106 0.999996902 -0.002453419 -0.009573095 0.002457338 0.999951157 0.008628756 0.009843997 -0.043964360
0.000000000 0.773113191 1.374423146 0.500000000 0.500000000 0.000000000 0.000000000 0.999948840 -0.000413668 0.010106739 0.000439391 0.999996670 -0.002543034 -0.010105653 0.002547344 0.999945692 0.009222075 0.009722398 -0.047470064
0.000000000 0.773113191 1.374423146 0.500000000 0.500000000 0.000000000 0.000000000 0.999943308 -0.000429642 0.010639377 0.000457676 0.999996430 -0.002632629 -0.010638208 0.002637349 0.999939935 0.009811667 0.009601448 -0.050976433
0.000000000 0.773113191 1.374423146 0.500000000 0.500000000 0.000000000 0.000000000 0.999937492 -0.000445519 0.011172016 0.000475960 0.999996182 -0.002722205 -0.011170761 0.002727352 0.999933886 0.010397530 0.009481147 -0.054483465
0.000000000 0.773113191 1.374423146 0.500000000 0.500000000 0.000000000 0.000000000 0.999931392 -0.000461301 0.011704655 0.000494244 0.999995925 -0.002811761 -0.011703310 0.002817353 0.999927545 0.010979664 0.009361495 -0.057991157
0.000000000 0.773113191 1.374423146 0.500000000 0.500000000 0.000000000 0.000000000 0.999925008 -0.000476987 0.012237293 0.000512527 0.999995660 -0.002901298 -0.012235856 0.002907352 0.999920912 0.011558068 0.009242491 -0.061499505
0.000000000 0.773113191 1.374423146 0.500000000 0.500000000 0.000000000 0.000000000 0.999918340 -0.000492577 0.012769929 0.000530810 0.999995387 -0.002990815 -0.012768397 0.002997349 0.999913988 0.012132742 0.009124136 -0.065008507
0.000000000 0.773113191 1.374423146 0.500000000 0.500000000 0.000000000 0.000000000 0.999911388 -0.000508071 0.013302566 0.000549093 0.999995105 -0.003080313 -0.013300936 0.003087344 0.999906772 0.012703685 0.009006430 -0.068518160
0.000000000 0.773113191 1.374423146 0.500000000 0.500000000 0.000000000 0.000000000 0.999904152 -0.000523469 0.013835202 0.000567375 0.999994815 -0.003169791 -0.013833471 0.003177337 0.999899265 0.013270897 0.008889371 -0.072028460
0.000000000 0.773113191 1.374423146 0.500000000 0.500000000 0.000000000 0.000000000 0.999896632 -0.000538771 0.014367837 0.000585657 0.999994517 -0.003259250 -0.014366002 0.003267327 0.999891465 0.013834376 0.008772961 -0.075539404
0.000000000 0.773113191 1.374423146 0.500000000 0.500000000 0.000000000 0.000000000 0.999888828 -0.000553977 0.014900470 0.000603938 0.999994211 -0.003348689 -0.014898529 0.003357316 0.999883374 0.014394123 0.008657197 -0.079050990
0.000000000 0.773113191 1.374423146 0.500000000 0.500000000 0.000000000 0.000000000 0.999884090 -0.000558816 0.015214963 0.000608812 0.999994430 -0.003281545 -0.015213044 0.003290428 0.999878861 0.015154647 0.008898508 -0.082342931
0.000000000 0.773113191 1.374423146 0.500000000 0.500000000 0.000000000 0.000000000 0.999879252 -0.000563696 0.015529454 0.000613685 0.999994646 -0.003214398 -0.015527559 0.003223540 0.999874244 0.015913100 0.009139388 -0.085635391
0.000000000 0.773113191 1.374423146 0.500000000 0.500000000 0.000000000 0.000000000 0.999874315 -0.000568618 0.015843943 0.000618557 0.999994856 -0.003147248 -0.015842072 0.003156653 0.999869524 0.016669480 0.009379835 -0.088928370
0.000000000 0.773113191 1.374423146 0.500000000 0.500000000 0.000000000 0.000000000 0.999869280 -0.000573582 0.016158429 0.000623430 0.999995062 -0.003080095 -0.016156583 0.003089766 0.999864700 0.017423788 0.009619850 -0.092221864
0.000000000 0.773113191 1.374423146 0.500000000 0.500000000 0.000000000 0.000000000 0.999864145 -0.000578588 0.016472914 0.000628303 0.999995264 -0.003012938 -0.016471093 0.003022879 0.999859773 0.018176023 0.009859433 -0.095515873
0.000000000 0.773113191 1.374423146 0.500000000 0.500000000 0.000000000 0.000000000 0.999858911 -0.000583637 0.016787397 0.000633175 0.999995461 -0.002945779 -0.016785602 0.002955992 0.999854742 0.018926183 0.010098585 -0.098810397
0.000000000 0.773113191 1.374423146 0.500000000 0.500000000 0.000000000 0.000000000 0.999853579 -0.000588727 0.017101877 0.000638048 0.999995653 -0.002878616 -0.017100108 0.002889107 0.999849608 0.019674271 0.010337304 -0.102105436
0.000000000 0.773113191 1.374423146 0.500000000 0.500000000 0.000000000 0.000000000 0.999848147 -0.000593860 0.017416355 0.000642920 0.999995841 -0.002811451 -0.017414613 0.002822221 0.999844371 0.020420285 0.010575591 -0.105400988
0.000000000 0.773113191 1.374423146 0.500000000 0.500000000 0.000000000 0.000000000 0.999842617 -0.000599034 0.017730830 0.000647792 0.999996025 -0.002744282 -0.017729115 0.002755336 0.999839030 0.021164225 0.010813446 -0.108697051
0.000000000 0.773113191 1.374423146 0.500000000 0.500000000 0.000000000 0.000000000 0.999836988 -0.000604251 0.018045303 0.000652665 0.999996204 -0.002677110 -0.018043617 0.002688451 0.999833586 0.021906092 0.011050869 -0.111993615
0.000000000 0.773113191 1.374423146 0.500000000 0.500000000 0.000000000 0.000000000 0.999831259 -0.000609510 0.018359774 0.000657536 0.999996378 -0.002609935 -0.018358117 0.002621567 0.999828039 0.022645883 0.011287859 -0.115290698
0.000000000 0.773113191 1.374423146 0.500000000 0.500000000 0.000000000 0.000000000 0.999825432 -0.000614811 0.018674242 0.000662408 0.999996548 -0.002542758 -0.018672614 0.002554684 0.999822388 0.023383599 0.011524418 -0.118588290
0.000000000 0.773113191 1.374423146 0.500000000 0.500000000 0.000000000 0.000000000 0.999823339 -0.000612811 0.018786038 0.000656093 0.999997145 -0.002297886 -0.018784576 0.002309805 0.999820886 0.024423547 0.012067174 -0.121727076
0.000000000 0.773113191 1.374423146 0.500000000 0.500000000 0.000000000 0.000000000 0.999821233 -0.000610866 0.018897836 0.000649778 0.999997681 -0.002053016 -0.018896538 0.002064928 0.999819312 0.025462796 0.012608393 -0.124866358
0.000000000 0.773113191 1.374423146 0.500000000 0.500000000 0.000000000 0.000000000 0.999819115 -0.000608976 0.019009635 0.000643463 0.999998158 -0.001808147 -0.019008499 0.001820052 0.999817666 0.026501344 0.013148071 -0.128006157
0.000000000 0.773113191 1.374423146 0.500000000 0.500000000 0.000000000 0.000000000 0.999816984 -0.000607141 0.019121437 0.000637148 0.999998575 -0.001563279 -0.019120461 0.001575176 0.999815946 0.027539192 0.013686210 -0.131146452
0.000000000 0.773113191 1.374423146 0.500000000 0.500000000 0.000000000 0.000000000 0.999814841 -0.000605360 0.019233240 0.000630834 0.999998932 -0.001318413 -0.019232421 0.001330302 0.999814155 0.028576340 0.014222810 -0.134287261
0.000000000 0.773113191 1.374423146 0.500000000 0.500000000 0.000000000 0.000000000 0.999812685 -0.000603634 0.019345045 0.000624519 0.999999229 -0.001073548 -0.019344382 0.001085428 0.999812291 0.029612787 0.014757870 -0.137428564
0.000000000 0.773113191 1.374423146 0.500000000 0.500000000 0.000000000 0.000000000 0.999810516 -0.000601963 0.019456852 0.000618204 0.999999466 -0.000828684 -0.019456343 0.000840555 0.999810354 0.030648533 0.015291391 -0.140570381
0.000000000 0.773113191 1.374423146 0.500000000 0.500000000 0.000000000 0.000000000 0.999808335 -0.000600347 0.019568660 0.000611889 0.999999642 -0.000583822 -0.019568303 0.000595684 0.999808345 0.031683578 0.015823372 -0.143712690
0.000000000 0.773113191 1.374423146 0.500000000 0.500000000 0.000000000 0.000000000 0.999806141 -0.000598786 0.019680471 0.000605574 0.999999759 -0.000338961 -0.019680263 0.000350813 0.999806263 0.032717922 0.016353813 -0.146855512
0.000000000 0.773113191 1.374423146 0.500000000 0.500000000 0.000000000 0.000000000 0.999803935 -0.000597279 0.019792282 0.000599259 0.999999816 -0.000094101 -0.019792223 0.000105943 0.999804109 0.033751565 0.016882715 -0.149998825
0.000000000 0.773113191 1.374423146 0.500000000 0.500000000 0.000000000 0.000000000 0.999801716 -0.000595828 0.019904096 0.000592944 0.999999813 0.000150757 -0.019904183 -0.000138925 0.999801882 0.034784508 0.017410075 -0.153142649
0.000000000 0.773113191 1.374423146 0.500000000 0.500000000 0.000000000 0.000000000 0.999799485 -0.000594431 0.020015912 0.000586630 0.999999750 0.000395614 -0.020016142 -0.000383792 0.999799583 0.035816748 0.017935896 -0.156286963
0.000000000 0.773113191 1.374423146 0.500000000 0.500000000 0.000000000 0.000000000 0.999799437 -0.000599831 0.020018128 0.000584693 0.999999539 0.000762079 -0.020018576 -0.000750222 0.999799327 0.036599595 0.017649193 -0.159206784
0.000000000 0.773113191 1.374423146 0.500000000 0.500000000 0.000000000 0.000000000 0.999799390 -0.000605234 0.020020342 0.000582756 0.999999193 0.001128544 -0.020021009 -0.001116651 0.999798936 0.037382433 0.017360360 -0.162126419
0.000000000 0.773113191 1.374423146 0.500000000 0.500000000 0.000000000 0.000000000 0.999799342 -0.000610638 0.020022556 0.000580820 0.999998714 0.001495009 -0.020023443 -0.001483080 0.999798411 0.038165260 0.017069400 -0.165045866
0.000000000 0.773113191 1.374423146 0.500000000 0.500000000 0.000000000 0.000000000 0.999799294 -0.000616044 0.020024768 0.000578883 0.999998100 0.001861474 -0.020025876 -0.001849509 0.999797751 0.038948077 0.016776310 -0.167965126
0.000000000 0.773113191 1.374423146 0.500000000 0.500000000 0.000000000 0.000000000 0.999799247 -0.000621451 0.020026978 0.000576946 0.999997352 0.002227939 -0.020028310 -0.002215937 0.999796958 0.039730884 0.016481092 -0.170884195
0.000000000 0.773113191 1.374423146 0.500000000 0.500000000 0.000000000 0.000000000 0.999799199 -0.000626860 0.020029188 0.000575010 0.999996469 0.002594403 -0.020030743 -0.002582365 0.999796030 0.040513681 0.016183745 -0.173803074
0.000000000 0.773113191 1.374423146 0.500000000 0.500000000 0.000000000 0.000000000 0.999799152 -0.000632271 0.020031396 0.000573073 0.999995452 0.002960867 -0.020033177 -0.002948793 0.999794967 0.041296467 0.015884270 -0.176721761
0.000000000 0.773113191 1.374423146 0.500000000 0.500000000 0.000000000 0.000000000 0.999799104 -0.000637684 0.020033603 0.000571137 0.999994301 0.003327331 -0.020035610 -0.003315221 0.999793771 0.042079243 0.015582666 -0.179640255
0.000000000 0.773113191 1.374423146 0.500000000 0.500000000 0.000000000 0.000000000 0.999799056 -0.000643098 0.020035808 0.000569200 0.999993016 0.003693794 -0.020038044 -0.003681647 0.999792440 0.042862009 0.015278934 -0.182558554
0.000000000 0.773113191 1.374423146 0.500000000 0.500000000 0.000000000 0.000000000 0.999799009 -0.000648514 0.020038013 0.000567263 0.999991596 0.004060257 -0.020040477 -0.004048074 0.999790974 0.043644765 0.014973075 -0.185476658
0.000000000 0.773113191 1.374423146 0.500000000 0.500000000 0.000000000 0.000000000 0.999798961 -0.000653932 0.020040216 0.000565327 0.999990042 0.004426719 -0.020042911 -0.004414499 0.999789375 0.044427510 0.014665087 -0.188394566
0.000000000 0.773113191 1.374423146 0.500000000 0.500000000 0.000000000 0.000000000 0.999798913 -0.000659351 0.020042417 0.000563390 0.999988354 0.004793180 -0.020045344 -0.004780925 0.999787641 0.045210245 0.014354972 -0.191312275
0.000000000 0.773113191 1.374423146 0.500000000 0.500000000 0.000000000 0.000000000 0.999800831 -0.000669139 0.019946191 0.000562250 0.999985455 0.005364026 -0.019949491 -0.005351743 0.999786666 0.045642660 0.014376435 -0.194315047
0.000000000 0.773113191 1.374423146 0.500000000 0.500000000 0.000000000 0.000000000 0.999802740 -0.000678818 0.019849962 0.000561110 0.999982231 0.005934870 -0.019853637 -0.005922562 0.999785355 0.046075651 0.014394480 -0.197317823
0.000000000 0.773113191 1.374423146 0.500000000 0.500000000 0.000000000 0.000000000 0.999804639 -0.000688387 0.019753727 0.000559970 0.999978681 0.006505713 -0.019757784 -0.006493380 0.999783710 0.046509218 0.014409105 -0.200320599
0.000000000 0.773113191 1.374423146 0.500000000 0.500000000 0.000000000 0.000000000 0.999806529 -0.000697846 0.019657487 0.000558829 0.999974805 0.007076554 -0.019661930 -0.007064199 0.999781729 0.046943363 0.014420309 -0.203323374
0.000000000 0.773113191 1.374423146 0.500000000 0.500000000 0.000000000 0.000000000 0.999808410 -0.000707196 0.019561243 0.000557689 0.999970603 0.007647392 -0.019566076 -0.007635018 0.999779413 0.047378084 0.014428094 -0.206326134
0.000000000 0.773113191 1.374423146 0.500000000 0.500000000 0.000000000 0.000000000 0.999810282 -0.000716435 0.019464995 0.000556549 0.999966075 0.008218229 -0.019470223 -0.008205836 0.999776762 0.047813381 0.014432459 -0.209328897
0.000000000 0.773113191 1.374423146 0.500000000 0.500000000 0.000000000 0.000000000 0.999812145 -0.000725566 0.019368742 0.000555409 0.999961221 0.008789062 -0.019374368 -0.008776654 0.999773777 0.048249255 0.014433403 -0.212331648
0.000000000 0.773113191 1.374423146 0.500000000 0.500000000 0.000000000 0.000000000 0.999813999 -0.000734586 0.019272485 0.000554269 0.999956042 0.009359894 -0.019278514 -0.009347471 0.999770456 0.048685706 0.014430928 -0.215334385
0.000000000 0.773113191 1.374423146 0.500000000 0.500000000 0.000000000 0.000000000 0.999815843 -0.000743497 0.019176223 0.000553128 0.999950536 0.009930722 -0.019182658 -0.009918286 0.999766799 0.049122734 0.014425033 -0.218337106
0.000000000 0.773113191 1.374423146 0.500000000 0.500000000 0.000000000 0.000000000 0.999817678 -0.000752298 0.019079959 0.000551988 0.999944705 0.010501547 -0.019086804 -0.010489100 0.999762808 0.049560339 0.014415717 -0.221339797
0.000000000 0.773113191 1.374423146 0.500000000 0.500000000 0.000000000 0.000000000 0.999819504 -0.000760990 0.018983690 0.000550848 0.999938548 0.011072370 -0.018990949 -0.011059914 0.999758482 0.049998520 0.014402981 -0.224342474
0.000000000 0.773113191 1.374423146 0.500000000 0.500000000 0.000000000 0.000000000 0.999821321 -0.000769572 0.018887416 0.000549708 0.999932065 0.011643189 -0.018895093 -0.011630726 0.999753821 0.050437279 0.014386824 -0.227345126
0.000000000 0.773113191 1.374423146 0.500000000 0.500000000 0.000000000 0.000000000 0.999824199 -0.000789054 0.018733612 0.000557757 0.999923596 0.012348687 -0.018741925 -0.012336068 0.999748249 0.050533599 0.014821149 -0.230492825
0.000000000 0.773113191 1.374423146 0.500000000 0.500000000 0.000000000 0.000000000 0.999827054 -0.000808321 0.018579788 0.000565806 0.999914631 0.013054177 -0.018588754 -0.013041406 0.999742157 0.050630866 0.015251033 -0.233641223
0.000000000 0.773113191 1.374423146 0.500000000 0.500000000 0.000000000 0.000000000 0.999829886 -0.000827370 0.018425947 0.000573854 0.999905167 0.013759658 -0.018435584 -0.013746743 0.999735543 0.050729082 0.015676475 -0.236790315
0.000000000 0.773113191 1.374423146 0.500000000 0.500000000 0.000000000 0.000000000 0.999832693 -0.000846203 0.018272088 0.000581903 0.999895205 0.014465129 -0.018282413 -0.014452077 0.999728409 0.050828246 0.016097474 -0.239940086
0.000000000 0.773113191 1.374423146 0.500000000 0.500000000 0.000000000 0.000000000 0.999835478 -0.000864819 0.018118210 0.000589952 0.999884746 0.015170592 -0.018129242 -0.015157407 0.999720753 0.050928360 0.016514032 -0.243090551
0.000000000 0.773113191 1.374423146 0.500000000 0.500000000 0.000000000 0.000000000 0.999838239 -0.000883219 0.017964315 0.000598002 0.999873789 0.015876044 -0.017976070 -0.015862733 0.999712576 0.051029423 0.016926144 -0.246241695
0.000000000 0.773113191 1.374423146 0.500000000 0.500000000 0.000000000 0.000000000 0.999840976 -0.000901401 0.017810404 0.000606051 0.999862334 0.016581485 -0.017822898 -0.016568054 0.999703878 0.051131437 0.017333812 -0.249393513
0.000000000 0.773113191 1.374423146 0.500000000 0.500000000 0.000000000 0.000000000 0.999843690 -0.000919367 0.017656474 0.000614100 0.999850382 0.017286916 -0.017669725 -0.017273371 0.999694659 0.051234402 0.017737034 -0.252546000
