0.000000000 0.918440998 1.632784367 0.500000000 0.500000000 0.000000000 0.000000000 0.999999999 0.000047974 0.000005212 -0.000047974 0.999999994 -0.000095682 -0.000005217 0.000095682 0.999999995 -0.000001705 0.000029674 -0.000052962
0.000000000 0.918440998 1.632784367 0.500000000 0.500000000 0.000000000 0.000000000 0.999984180 -0.000094944 -0.005624064 0.000093907 0.999999979 -0.000184606 0.005624081 0.000184075 0.999984168 0.001394302 -0.000725722 -0.000138866
0.000000000 0.918440998 1.632784367 0.500000000 0.500000000 0.000000000 0.000000000 0.999936653 -0.000238857 -0.011253137 0.000235776 0.999999934 -0.000275127 0.011253201 0.000272457 0.999936644 0.002791448 -0.001480705 -0.000209186
0.000000000 0.918440998 1.632784367 0.500000000 0.500000000 0.000000000 0.000000000 0.999857418 -0.000383765 -0.016881826 0.000377619 0.999999861 -0.000367246 0.016881965 0.000360819 0.999857424 0.004189602 -0.002235275 -0.000263914
0.000000000 0.918440998 1.632784367 0.500000000 0.500000000 0.000000000 0.000000000 0.999746479 -0.000529668 -0.022509955 0.000519423 0.999999759 -0.000460962 0.022510194 0.000449153 0.999746513 0.005588633 -0.002989431 -0.000303045
0.000000000 0.918440998 1.632784367 0.500000000 0.500000000 0.000000000 0.000000000 0.999603838 -0.000676566 -0.028137343 0.000661175 0.999999627 -0.000556274 0.028137709 0.000537450 0.999603912 0.006988411 -0.003743173 -0.000326572
0.000000000 0.918440998 1.632784367 0.500000000 0.500000000 0.000000000 0.000000000 0.999429500 -0.000824458 -0.033763812 0.000802861 0.999999464 -0.000653182 0.033764332 0.000625702 0.999429627 0.008388806 -0.004496501 -0.000334492
0.000000000 0.918440998 1.632784367 0.500000000 0.500000000 0.000000000 0.000000000 0.999233810 -0.000909125 -0.039127558 0.000883847 0.999999389 -0.000663314 0.039128137 0.000628223 0.999234004 0.009598058 -0.004982420 -0.000289257
0.000000000 0.918440998 1.632784367 0.500000000 0.500000000 0.000000000 0.000000000 0.999009328 -0.000993819 -0.044490174 0.000964774 0.999999307 -0.000674316 0.044490813 0.000630725 0.999009594 0.010807110 -0.005468143 -0.000231062
0.000000000 0.918440998 1.632784367 0.500000000 0.500000000 0.000000000 0.000000000 0.998756058 -0.001078541 -0.049851508 0.001045634 0.999999218 -0.000686187 0.049852209 0.000633207 0.998756405 0.012015857 -0.005953669 -0.000159908
0.000000000 0.918440998 1.632784367 0.500000000 0.500000000 0.000000000 0.000000000 0.998474010 -0.001163291 -0.055211403 0.001126420 0.999999121 -0.000698928 0.055212167 0.000635670 0.998474443 0.013224197 -0.006439000 -0.000075799
0.000000000 0.918440998 1.632784367 0.500000000 0.500000000 0.000000000 0.000000000 0.998163190 -0.001248068 -0.060569706 0.001207125 0.999999018 -0.000712537 0.060570536 0.000638113 0.998163716 0.014432024 -0.006924134 0.000021262
0.000000000 0.918440998 1.632784367 0.500000000 0.500000000 0.000000000 0.000000000 0.997823607 -0.001332872 -0.065926262 0.001287743 0.999998907 -0.000727014 0.065927159 0.000640536 0.997824233 0.015639235 -0.007409074 0.000131272
0.000000000 0.918440998 1.632784367 0.500000000 0.500000000 0.000000000 0.000000000 0.997477560 -0.001466154 -0.070967377 0.001417587 0.999998725 -0.000734712 0.070968363 0.000632256 0.997478367 0.017022138 -0.007438636 0.000070112
0.000000000 0.918440998 1.632784367 0.500000000 0.500000000 0.000000000 0.000000000 0.997106026 -0.001599353 -0.076006679 0.001547301 0.999998526 -0.000743724 0.076007756 0.000623967 0.997107031 0.018406031 -0.007467839 0.000022924
0.000000000 0.918440998 1.632784367 0.500000000 0.500000000 0.000000000 0.000000000 0.996709016 -0.001732470 -0.081044038 0.001676874 0.999998310 -0.000754050 0.081045208 0.000615668 0.996710236 0.019790809 -0.007496683 -0.000010283
0.000000000 0.918440998 1.632784367 0.500000000 0.500000000 0.000000000 0.000000000 0.996286540 -0.001865504 -0.086079327 0.001806298 0.999998076 -0.000765688 0.086080589 0.000607359 0.996287992 0.021176363 -0.007525167 -0.000029501
0.000000000 0.918440998 1.632784367 0.500000000 0.500000000 0.000000000 0.000000000 0.995838608 -0.001998456 -0.091112416 0.001935563 0.999997824 -0.000778636 0.091113774 0.000599042 0.995840309 0.022562589 -0.007553293 -0.000034723
0.000000000 0.918440998 1.632784367 0.500000000 0.500000000 0.000000000 0.000000000 0.995365233 -0.002131325 -0.096143177 0.002064657 0.999997554 -0.000792895 0.096144632 0.000590718 0.995367199 0.023949381 -0.007581059 -0.000025945
0.000000000 0.918440998 1.632784367 0.500000000 0.500000000 0.000000000 0.000000000 0.994941737 -0.002178648 -0.100430041 0.002113849 0.999997483 -0.000751626 0.100431426 0.000535530 0.994943839 0.025789251 -0.007461094 -0.000182379
0.000000000 0.918440998 1.632784367 0.500000000 0.500000000 0.000000000 0.000000000 0.994499776 -0.002225497 -0.104715051 0.002162958 0.999997408 -0.000710784 0.104716361 0.000480380 0.994502013 0.027630870 -0.007340989 -0.000322971
0.000000000 0.918440998 1.632784367 0.500000000 0.500000000 0.000000000 0.000000000 0.994039359 -0.002271872 -0.108998122 0.002211982 0.999997329 -0.000670369 0.108999354 0.000425271 0.994041730 0.029474132 -0.007220743 -0.000447710
0.000000000 0.918440998 1.632784367 0.500000000 0.500000000 0.000000000 0.000000000 0.993560495 -0.002317774 -0.113279174 0.002260917 0.999997245 -0.000630381 0.113280323 0.000370207 0.993562998 0.031318937 -0.007100358 -0.000556584
0.000000000 0.918440998 1.632784367 0.500000000 0.500000000 0.000000000 0.000000000 0.993063191 -0.002363202 -0.117558129 0.002309762 0.999997158 -0.000590818 0.117559191 0.000315189 0.993065827 0.033165182 -0.006979832 -0.000649581
0.000000000 0.918440998 1.632784367 0.500000000 0.500000000 0.000000000 0.000000000 0.992547458 -0.002408156 -0.121834906 0.002358512 0.999997067 -0.000551681 0.121835877 0.000260221 0.992550226 0.035012764 -0.006859166 -0.000726692
0.000000000 0.918440998 1.632784367 0.500000000 0.500000000 0.000000000 0.000000000 0.992101533 -0.002519667 -0.125412119 0.002465206 0.999996788 -0.000589450 0.125413201 0.000275627 0.992104557 0.036971490 -0.007333571 -0.000500638
0.000000000 0.918440998 1.632784367 0.500000000 0.500000000 0.000000000 0.000000000 0.991642702 -0.002631288 -0.128987705 0.002571769 0.999996496 -0.000627991 0.128988906 0.000291016 0.991645994 0.038929122 -0.007807549 -0.000260500
0.000000000 0.918440998 1.632784367 0.500000000 0.500000000 0.000000000 0.000000000 0.991170972 -0.002743021 -0.132561609 0.002678197 0.999996191 -0.000667304 0.132562934 0.000306386 0.991174543 0.040885583 -0.008281101 -0.000006286
0.000000000 0.918440998 1.632784367 0.500000000 0.500000000 0.000000000 0.000000000 0.990686350 -0.002854865 -0.136133782 0.002784487 0.999995873 -0.000707389 0.136135239 0.000321738 0.990690210 0.042840796 -0.008754227 0.000261998
0.000000000 0.918440998 1.632784367 0.500000000 0.500000000 0.000000000 0.000000000 0.990188842 -0.002966820 -0.139704169 0.002890635 0.999995542 -0.000748245 0.139705766 0.000337070 0.990193004 0.044794686 -0.009226928 0.000544347
0.000000000 0.918440998 1.632784367 0.500000000 0.500000000 0.000000000 0.000000000 0.989678454 -0.003078887 -0.143272742 0.002996635 0.999995198 -0.000789870 0.143274486 0.000352382 0.989682928 0.046747177 -0.009699205 0.000840753
0.000000000 0.918440998 1.632784367 0.500000000 0.500000000 0.000000000 0.000000000 0.989233713 -0.003126925 -0.146310915 0.003043361 0.999995053 -0.000794976 0.146312677 0.000341140 0.989238335 0.048267617 -0.010566410 0.001305608
0.000000000 0.918440998 1.632784367 0.500000000 0.500000000 0.000000000 0.000000000 0.988779643 -0.003174894 -0.149347708 0.003090015 0.999994906 -0.000800373 0.149349489 0.000329906 0.988784416 0.049785711 -0.011433474 0.001779805
0.000000000 0.918440998 1.632784367 0.500000000 0.500000000 0.000000000 0.000000000 0.988316250 -0.003222795 -0.152383083 0.003136596 0.999994756 -0.000806060 0.152384882 0.000318678 0.988321176 0.051301415 -0.012300396 0.002263332
0.000000000 0.918440998 1.632784367 0.500000000 0.500000000 0.000000000 0.000000000 0.987843535 -0.003270628 -0.155417031 0.003183101 0.999994604 -0.000812038 0.155418849 0.000307458 0.987848615 0.052814685 -0.013167176 0.002756181
0.000000000 0.918440998 1.632784367 0.500000000 0.500000000 0.000000000 0.000000000 0.987361504 -0.003318392 -0.158449514 0.003229530 0.999994450 -0.000818306 0.158451350 0.000296246 0.987366741 0.054325479 -0.014033816 0.003258340
0.000000000 0.918440998 1.632784367 0.500000000 0.500000000 0.000000000 0.000000000 0.986870162 -0.003366088 -0.161480502 0.003275881 0.999994294 -0.000824863 0.161482357 0.000285042 0.986875558 0.055833753 -0.014900315 0.003769797
0.000000000 0.918440998 1.632784367 0.500000000 0.500000000 0.000000000 0.000000000 0.986494843 -0.003425280 -0.163756500 0.003342352 0.999994109 -0.000781935 0.163758213 0.000224043 0.986500480 0.057417942 -0.015225221 0.004284661
0.000000000 0.918440998 1.632784367 0.500000000 0.500000000 0.000000000 0.000000000 0.986114274 -0.003484191 -0.166031623 0.003408753 0.999993917 -0.000739316 0.166033189 0.000163089 0.986120152 0.059000082 -0.015549902 0.004806880
0.000000000 0.918440998 1.632784367 0.500000000 0.500000000 0.000000000 0.000000000 0.985728451 -0.003542821 -0.168305878 0.003475084 0.999993719 -0.000697007 0.168307290 0.000102182 0.985734572 0.060580148 -0.015874358 0.005336451
0.000000000 0.918440998 1.632784367 0.500000000 0.500000000 0.000000000 0.000000000 0.985337380 -0.003601171 -0.170579244 0.003541342 0.999993515 -0.000655006 0.170580496 0.000041322 0.985343743 0.062158113 -0.016198591 0.005873364
0.000000000 0.918440998 1.632784367 0.500000000 0.500000000 0.000000000 0.000000000 0.984941063 -0.003659239 -0.172851708 0.003607528 0.999993305 -0.000613314 0.172852795 -0.000019489 0.984947669 0.063733953 -0.016522600 0.006417612
0.000000000 0.918440998 1.632784367 0.500000000 0.500000000 0.000000000 0.000000000 0.984539500 -0.003717028 -0.175123259 0.003673640 0.999993089 -0.000571931 0.175124174 -0.000080251 0.984546351 0.065307642 -0.016846386 0.006969190
0.000000000 0.918440998 1.632784367 0.500000000 0.500000000 0.000000000 0.000000000 0.984260544 -0.003788861 -0.176682838 0.003759050 0.999992808 -0.000503440 0.176683475 -0.000168644 0.984267708 0.066911498 -0.017138522 0.007737585
0.000000000 0.918440998 1.632784367 0.500000000 0.500000000 0.000000000 0.000000000 0.983979111 -0.003860415 -0.178241987 0.003844402 0.999992516 -0.000435221 0.178242333 -0.000256986 0.983986588 0.068513121 -0.017430319 0.008511123
0.000000000 0.918440998 1.632784367 0.500000000 0.500000000 0.000000000 0.000000000 0.983695202 -0.003931689 -0.179800700 0.003929695 0.999992211 -0.000367274 0.179800744 -0.000345276 0.983702990 0.070112499 -0.017721778 0.009289797
0.000000000 0.918440998 1.632784367 0.500000000 0.500000000 0.000000000 0.000000000 0.983408817 -0.004002683 -0.181358974 0.004014928 0.999991895 -0.000299599 0.181358703 -0.000433515 0.983416917 0.071709618 -0.018012899 0.010073603
0.000000000 0.918440998 1.632784367 0.500000000 0.500000000 0.000000000 0.000000000 0.983119957 -0.004073397 -0.182916804 0.004100100 0.999991568 -0.000232196 0.182916207 -0.000521701 0.983128368 0.073304469 -0.018303682 0.010862535
0.000000000 0.918440998 1.632784367 0.500000000 0.500000000 0.000000000 0.000000000 0.982828623 -0.004143832 -0.184474187 0.004185212 0.999991228 -0.000165064 0.184473253 -0.000609834 0.982837345 0.074897037 -0.018594130 0.011656588
0.000000000 0.918440998 1.632784367 0.500000000 0.500000000 0.000000000 0.000000000 0.982677171 -0.004211567 -0.185277737 0.004264631 0.999990900 -0.000112114 0.185276523 -0.000679969 0.982686190 0.076159687 -0.019210721 0.012544792
0.000000000 0.918440998 1.632784367 0.500000000 0.500000000 0.000000000 0.000000000 0.982525056 -0.004279186 -0.186081172 0.004344024 0.999990563 -0.000059295 0.186079670 -0.000750082 0.982534373 0.077421019 -0.019827031 0.013435149
0.000000000 0.918440998 1.632784367 0.500000000 0.500000000 0.000000000 0.000000000 0.982372276 -0.004346691 -0.186884502 0.004423389 0.999990217 -0.000006606 0.186882702 -0.000820173 0.982381893 0.078681029 -0.020443059 0.014327658
0.000000000 0.918440998 1.632784367 0.500000000 0.500000000 0.000000000 0.000000000 0.982218836 -0.004414082 -0.187687705 0.004502725 0.999989862 0.000045953 0.187685599 -0.000890242 0.982228753 0.079939714 -0.021058806 0.015222315
0.000000000 0.918440998 1.632784367 0.500000000 0.500000000 0.000000000 0.000000000 0.982064733 -0.004481357 -0.188490792 0.004582034 0.999989498 0.000098381 0.188488371 -0.000960288 0.982074952 0.081197072 -0.021674272 0.016119119
0.000000000 0.918440998 1.632784367 0.500000000 0.500000000 0.000000000 0.000000000 0.981909967 -0.004548518 -0.189293761 0.004661315 0.999989125 0.000150679 0.189291017 -0.001030311 0.981920490 0.082453100 -0.022289457 0.017018068
0.000000000 0.918440998 1.632784367 0.500000000 0.500000000 0.000000000 0.000000000 0.981752876 -0.004597821 -0.190105628 0.004729298 0.999988789 0.000237934 0.190102402 -0.001132659 0.981763614 0.083733423 -0.022642978 0.017642509
0.000000000 0.918440998 1.632784367 0.500000000 0.500000000 0.000000000 0.000000000 0.981595109 -0.004646954 -0.190917385 0.004797256 0.999988440 0.000325076 0.190913667 -0.001234973 0.981606055 0.085012804 -0.022996262 0.018269147
0.000000000 0.918440998 1.632784367 0.500000000 0.500000000 0.000000000 0.000000000 0.981436666 -0.004695918 -0.191729023 0.004865188 0.999988080 0.000412105 0.191724802 -0.001337253 0.981447814 0.086291241 -0.023349310 0.018897981
0.000000000 0.918440998 1.632784367 0.500000000 0.500000000 0.000000000 0.000000000 0.981277551 -0.004744712 -0.192540530 0.004933095 0.999987708 0.000499021 0.192535796 -0.001439499 0.981288895 0.087568731 -0.023702122 0.019529008
0.000000000 0.918440998 1.632784367 0.500000000 0.500000000 0.000000000 0.000000000 0.981117759 -0.004793337 -0.193351927 0.005000976 0.999987323 0.000585824 0.193346668 -0.001541711 0.981129293 0.088845270 -0.024054696 0.020162230
0.000000000 0.918440998 1.632784367 0.500000000 0.500000000 0.000000000 0.000000000 0.980957293 -0.004841793 -0.194163193 0.005068832 0.999986927 0.000672515 0.194157398 -0.001643889 0.980969012 0.090120856 -0.024407036 0.020797642
0.000000000 0.918440998 1.632784367 0.500000000 0.500000000 0.000000000 0.000000000 0.980831089 -0.004854000 -0.194799418 0.005095812 0.999986742 0.000740226 0.194793242 -0.001718698 0.980842821 0.091958089 -0.024273076 0.021069271
0.000000000 0.918440998 1.632784367 0.500000000 0.500000000 0.000000000 0.000000000 0.980704474 -0.004866109 -0.195435554 0.005122783 0.999986552 0.000807903 0.195428994 -0.001793488 0.980716214 0.093795004 -0.024139036 0.021343272
0.000000000 0.918440998 1.632784367 0.500000000 0.500000000 0.000000000 0.000000000 0.980577446 -0.004878121 -0.196071610 0.005149745 0.999986357 0.000875544 0.196064664 -0.001868257 0.980589189 0.095631597 -0.024004918 0.021619645
0.000000000 0.918440998 1.632784367 0.500000000 0.500000000 0.000000000 0.000000000 0.980450003 -0.004890036 -0.196707597 0.005176698 0.999986156 0.000943149 0.196700262 -0.001943006 0.980461744 0.097467866 -0.023870722 0.021898390
0.000000000 0.918440998 1.632784367 0.500000000 0.500000000 0.000000000 0.000000000 0.980322150 -0.004901854 -0.197343494 0.005203641 0.999985950 0.001010719 0.197335767 -0.002017735 0.980333884 0.099303812 -0.023736447 0.022179506
0.000000000 0.918440998 1.632784367 0.500000000 0.500000000 0.000000000 0.000000000 0.980193884 -0.004913575 -0.197979310 0.005230574 0.999985739 0.001078254 0.197971189 -0.002092443 0.980205606 0.101139426 -0.023602095 0.022462992
0.000000000 0.918440998 1.632784367 0.500000000 0.500000000 0.000000000 0.000000000 0.980151210 -0.004968395 -0.198189102 0.005309673 0.999985195 0.001190587 0.198180253 -0.002219275 0.980163079 0.102833281 -0.023831251 0.022338965
0.000000000 0.918440998 1.632784367 0.500000000 0.500000000 0.000000000 0.000000000 0.980108488 -0.005023161 -0.198398892 0.005388765 0.999984632 0.001302887 0.198389298 -0.002346095 0.980120494 0.104527218 -0.024060259 0.022215722
0.000000000 0.918440998 1.632784367 0.500000000 0.500000000 0.000000000 0.000000000 0.980065712 -0.005077872 -0.198608698 0.005467850 0.999984050 0.001415152 0.198598344 -0.002472905 0.980077845 0.106221229 -0.024289115 0.022093262
0.000000000 0.918440998 1.632784367 0.500000000 0.500000000 0.000000000 0.000000000 0.980022888 -0.005132529 -0.198818501 0.005546928 0.999983449 0.001527384 0.198807371 -0.002599703 0.980035137 0.107915332 -0.024517823 0.021971588
0.000000000 0.918440998 1.632784367 0.500000000 0.500000000 0.000000000 0.000000000 0.979980011 -0.005187132 -0.199028321 0.005625999 0.999982830 0.001639582 0.199016399 -0.002726490 0.979992367 0.109609517 -0.024746379 0.021850701
0.000000000 0.918440998 1.632784367 0.500000000 0.500000000 0.000000000 0.000000000 0.979937084 -0.005241681 -0.199238138 0.005705062 0.999982192 0.001751746 0.199225408 -0.002853266 0.979949537 0.111303774 -0.024974787 0.021730595
0.000000000 0.918440998 1.632784367 0.500000000 0.500000000 0.000000000 0.000000000 0.979882175 -0.005228628 -0.199508356 0.005710911 0.999981996 0.001841959 0.199495133 -0.002944277 0.979894394 0.112837039 -0.025588348 0.021857422
0.000000000 0.918440998 1.632784367 0.500000000 0.500000000 0.000000000 0.000000000 0.979827194 -0.005215524 -0.199778547 0.005716758 0.999981793 0.001932169 0.199764833 -0.003035277 0.979839170 0.114370218 -0.026201930 0.021985204
0.000000000 0.918440998 1.632784367 0.500000000 0.500000000 0.000000000 0.000000000 0.979772139 -0.005202371 -0.200048723 0.005722605 0.999981581 0.002022376 0.200034517 -0.003126267 0.979783863 0.115903319 -0.026815534 0.022113943
0.000000000 0.918440998 1.632784367 0.500000000 0.500000000 0.000000000 0.000000000 0.979717009 -0.005189167 -0.200318883 0.005728450 0.999981361 0.002112579 0.200304187 -0.003217246 0.979728474 0.117436343 -0.027429157 0.022243640
0.000000000 0.918440998 1.632784367 0.500000000 0.500000000 0.000000000 0.000000000 0.979661805 -0.005175914 -0.200589027 0.005734294 0.999981133 0.002202779 0.200573841 -0.003308215 0.979673002 0.118969288 -0.028042802 0.022374293
0.000000000 0.918440998 1.632784367 0.500000000 0.500000000 0.000000000 0.000000000 0.979606525 -0.005162610 -0.200859165 0.005740137 0.999980896 0.002292976 0.200843490 -0.003399173 0.979617445 0.120502155 -0.028656468 0.022505905
0.000000000 0.918440998 1.632784367 0.500000000 0.500000000 0.000000000 0.000000000 0.979571650 -0.005224712 -0.201027572 0.005816269 0.999980319 0.002352132 0.201011326 -0.003473312 0.979582760 0.121980889 -0.029049313 0.022860541
0.000000000 0.918440998 1.632784367 0.500000000 0.500000000 0.000000000 0.000000000 0.979536741 -0.005286789 -0.201195982 0.005892395 0.999979733 0.002411262 0.201179156 -0.003547446 0.979548040 0.123459564 -0.029441924 0.023215746
