0.000000000 0.675687969 1.201222658 0.500000000 0.500000000 0.000000000 0.000000000 0.998369910 -0.000648281 -0.057071034 0.000312920 0.999982635 -0.005884958 0.057073858 0.005857506 0.998352776 0.394107655 -0.078215240 -3.565693760
0.000000000 0.675687969 1.201222658 0.500000000 0.500000000 0.000000000 0.000000000 0.998364698 -0.000624119 -0.057162410 0.000288229 0.999982647 -0.005884118 0.057165091 0.005858020 0.998347553 0.395593794 -0.077849902 -3.570035278
0.000000000 0.675687969 1.201222658 0.500000000 0.500000000 0.000000000 0.000000000 0.998359476 -0.000599956 -0.057253787 0.000263538 0.999982659 -0.005883274 0.057256324 0.005858534 0.998342322 0.397080753 -0.077484631 -3.574376554
0.000000000 0.675687969 1.201222658 0.500000000 0.500000000 0.000000000 0.000000000 0.998354246 -0.000575794 -0.057345163 0.000238848 0.999982670 -0.005882425 0.057347556 0.005859047 0.998337082 0.398568512 -0.077119430 -3.578717587
0.000000000 0.675687969 1.201222658 0.500000000 0.500000000 0.000000000 0.000000000 0.998349007 -0.000551631 -0.057436539 0.000214158 0.999982680 -0.005881572 0.057438788 0.005859561 0.998331834 0.400057100 -0.076754298 -3.583058376
0.000000000 0.675687969 1.201222658 0.500000000 0.500000000 0.000000000 0.000000000 0.998347385 -0.000512295 -0.057465081 0.000175120 0.999982742 -0.005872350 0.057467097 0.005852582 0.998330246 0.401244038 -0.076776433 -3.587678177
0.000000000 0.675687969 1.201222658 0.500000000 0.500000000 0.000000000 0.000000000 0.998345762 -0.000472958 -0.057493623 0.000136082 0.999982802 -0.005863127 0.057495407 0.005845604 0.998328657 0.402431236 -0.076798726 -3.592298014
0.000000000 0.675687969 1.201222658 0.500000000 0.500000000 0.000000000 0.000000000 0.998344135 -0.000433621 -0.057522165 0.000097045 0.999982861 -0.005853901 0.057523718 0.005838625 0.998327067 0.403618700 -0.076821178 -3.596917685
0.000000000 0.675687969 1.201222658 0.500000000 0.500000000 0.000000000 0.000000000 0.998342507 -0.000394283 -0.057550706 0.000058007 0.999982918 -0.005844672 0.057552028 0.005831647 0.998325476 0.404806431 -0.076843787 -3.601537392
0.000000000 0.675687969 1.201222658 0.500000000 0.500000000 0.000000000 0.000000000 0.998340876 -0.000354945 -0.057579247 0.000018970 0.999982973 -0.005835442 0.057580338 0.005824668 0.998323884 0.405994407 -0.076866556 -3.606156934
0.000000000 0.675687969 1.201222658 0.500000000 0.500000000 0.000000000 0.000000000 0.998339243 -0.000315606 -0.057607786 -0.000020067 0.999983027 -0.005826209 0.057608647 0.005817690 0.998322292 0.407182654 -0.076889483 -3.610776412
0.000000000 0.675687969 1.201222658 0.500000000 0.500000000 0.000000000 0.000000000 0.998337607 -0.000276267 -0.057636326 -0.000059105 0.999983080 -0.005816974 0.057636957 0.005810711 0.998320698 0.408371168 -0.076912568 -3.615395925
0.000000000 0.675687969 1.201222658 0.500000000 0.500000000 0.000000000 0.000000000 0.998335969 -0.000236928 -0.057664864 -0.000098142 0.999983130 -0.005807737 0.057665267 0.005803732 0.998319104 0.409559928 -0.076935812 -3.620015274
0.000000000 0.675687969 1.201222658 0.500000000 0.500000000 0.000000000 0.000000000 0.998334329 -0.000197588 -0.057693402 -0.000137179 0.999983179 -0.005798498 0.057693577 0.005796754 0.998317509 0.410748958 -0.076959215 -3.624634558
0.000000000 0.675687969 1.201222658 0.500000000 0.500000000 0.000000000 0.000000000 0.998332686 -0.000158248 -0.057721939 -0.000176215 0.999983227 -0.005789257 0.057721887 0.005789776 0.998315913 0.411938256 -0.076982775 -3.629253877
0.000000000 0.675687969 1.201222658 0.500000000 0.500000000 0.000000000 0.000000000 0.998331042 -0.000118908 -0.057750475 -0.000215252 0.999983272 -0.005780013 0.057750196 0.005782797 0.998314316 0.413127809 -0.077006496 -3.633873032
0.000000000 0.675687969 1.201222658 0.500000000 0.500000000 0.000000000 0.000000000 0.998330529 -0.000164317 -0.057759225 -0.000169560 0.999983307 -0.005775550 0.057759209 0.005775701 0.998313836 0.413843809 -0.077872800 -3.638333788
0.000000000 0.675687969 1.201222658 0.500000000 0.500000000 0.000000000 0.000000000 0.998330014 -0.000209726 -0.057767974 -0.000123868 0.999983339 -0.005771087 0.057768222 0.005768605 0.998313355 0.414559960 -0.078739103 -3.642794521
0.000000000 0.675687969 1.201222658 0.500000000 0.500000000 0.000000000 0.000000000 0.998329497 -0.000255135 -0.057776725 -0.000078176 0.999983370 -0.005766626 0.057777235 0.005761510 0.998312875 0.415276280 -0.079605406 -3.647255227
0.000000000 0.675687969 1.201222658 0.500000000 0.500000000 0.000000000 0.000000000 0.998328978 -0.000300544 -0.057785476 -0.000032484 0.999983398 -0.005762165 0.057786248 0.005754414 0.998312394 0.415992761 -0.080471707 -3.651715909
0.000000000 0.675687969 1.201222658 0.500000000 0.500000000 0.000000000 0.000000000 0.998328457 -0.000345953 -0.057794227 0.000013207 0.999983424 -0.005757705 0.057795261 0.005747318 0.998311913 0.416709401 -0.081338007 -3.656176566
0.000000000 0.675687969 1.201222658 0.500000000 0.500000000 0.000000000 0.000000000 0.998327933 -0.000391362 -0.057802979 0.000058899 0.999983448 -0.005753246 0.057804274 0.005740222 0.998311432 0.417426207 -0.082204295 -3.660637297
0.000000000 0.675687969 1.201222658 0.500000000 0.500000000 0.000000000 0.000000000 0.998327408 -0.000436771 -0.057811732 0.000104591 0.999983470 -0.005748788 0.057813287 0.005733126 0.998310951 0.418143168 -0.083070591 -3.665097904
0.000000000 0.675687969 1.201222658 0.500000000 0.500000000 0.000000000 0.000000000 0.998326880 -0.000482179 -0.057820485 0.000150283 0.999983490 -0.005744331 0.057822300 0.005726031 0.998310470 0.418860289 -0.083936886 -3.669558486
0.000000000 0.675687969 1.201222658 0.500000000 0.500000000 0.000000000 0.000000000 0.998326350 -0.000527587 -0.057829238 0.000195974 0.999983508 -0.005739874 0.057831313 0.005718935 0.998309988 0.419577569 -0.084803180 -3.674019043
0.000000000 0.675687969 1.201222658 0.500000000 0.500000000 0.000000000 0.000000000 0.998325818 -0.000572996 -0.057837992 0.000241666 0.999983523 -0.005735419 0.057840326 0.005711839 0.998309507 0.420295010 -0.085669471 -3.678479575
0.000000000 0.675687969 1.201222658 0.500000000 0.500000000 0.000000000 0.000000000 0.998325283 -0.000618404 -0.057846747 0.000287357 0.999983537 -0.005730964 0.057849338 0.005704743 0.998309025 0.421012611 -0.086535762 -3.682940082
0.000000000 0.675687969 1.201222658 0.500000000 0.500000000 0.000000000 0.000000000 0.998324322 -0.000608186 -0.057863439 0.000276530 0.999983491 -0.005739520 0.057865974 0.005713902 0.998308009 0.421234615 -0.086295680 -3.686991369
0.000000000 0.675687969 1.201222658 0.500000000 0.500000000 0.000000000 0.000000000 0.998323361 -0.000597967 -0.057880131 0.000265704 0.999983444 -0.005748076 0.057882610 0.005723060 0.998306992 0.421456752 -0.086055538 -3.691042747
0.000000000 0.675687969 1.201222658 0.500000000 0.500000000 0.000000000 0.000000000 0.998322399 -0.000587750 -0.057896823 0.000254877 0.999983398 -0.005756632 0.057899246 0.005732218 0.998305975 0.421679043 -0.085815326 -3.695094113
0.000000000 0.675687969 1.201222658 0.500000000 0.500000000 0.000000000 0.000000000 0.998321437 -0.000577532 -0.057913516 0.000244050 0.999983351 -0.005765188 0.057915882 0.005741377 0.998304957 0.421901468 -0.085575036 -3.699145369
0.000000000 0.675687969 1.201222658 0.500000000 0.500000000 0.000000000 0.000000000 0.998320474 -0.000567315 -0.057930208 0.000233223 0.999983305 -0.005773743 0.057932517 0.005750535 0.998303939 0.422124026 -0.085334684 -3.703196715
0.000000000 0.675687969 1.201222658 0.500000000 0.500000000 0.000000000 0.000000000 0.998319511 -0.000557098 -0.057946902 0.000222397 0.999983258 -0.005782298 0.057949153 0.005759694 0.998302921 0.422346737 -0.085094253 -3.707248049
0.000000000 0.675687969 1.201222658 0.500000000 0.500000000 0.000000000 0.000000000 0.998318548 -0.000546882 -0.057963594 0.000211570 0.999983210 -0.005790852 0.057965788 0.005768852 0.998301902 0.422569579 -0.084853763 -3.711299274
0.000000000 0.675687969 1.201222658 0.500000000 0.500000000 0.000000000 0.000000000 0.998317584 -0.000536666 -0.057980287 0.000200743 0.999983163 -0.005799406 0.057982424 0.005778010 0.998300883 0.422792560 -0.084613203 -3.715350587
0.000000000 0.675687969 1.201222658 0.500000000 0.500000000 0.000000000 0.000000000 0.998316620 -0.000526450 -0.057996980 0.000189917 0.999983116 -0.005807960 0.057999059 0.005787169 0.998299864 0.423015688 -0.084372563 -3.719401890
0.000000000 0.675687969 1.201222658 0.500000000 0.500000000 0.000000000 0.000000000 0.998315655 -0.000516234 -0.058013674 0.000179090 0.999983068 -0.005816513 0.058015695 0.005796327 0.998298844 0.423238954 -0.084131863 -3.723453082
0.000000000 0.675687969 1.201222658 0.500000000 0.500000000 0.000000000 0.000000000 0.998314690 -0.000506019 -0.058030367 0.000168263 0.999983020 -0.005825066 0.058032329 0.005805485 0.998297824 0.423462352 -0.083891084 -3.727504364
0.000000000 0.675687969 1.201222658 0.500000000 0.500000000 0.000000000 0.000000000 0.998314309 -0.000543006 -0.058036587 0.000204680 0.999982954 -0.005835300 0.058038767 0.005813584 0.998297402 0.423031234 -0.083315117 -3.731985950
0.000000000 0.675687969 1.201222658 0.500000000 0.500000000 0.000000000 0.000000000 0.998313927 -0.000579992 -0.058042806 0.000241098 0.999982886 -0.005845534 0.058045203 0.005821684 0.998296981 0.422600118 -0.082739109 -3.736467533
0.000000000 0.675687969 1.201222658 0.500000000 0.500000000 0.000000000 0.000000000 0.998313543 -0.000616979 -0.058049024 0.000277515 0.999982816 -0.005855768 0.058051640 0.005829783 0.998296560 0.422169032 -0.082163061 -3.740949112
0.000000000 0.675687969 1.201222658 0.500000000 0.500000000 0.000000000 0.000000000 0.998313158 -0.000653966 -0.058055242 0.000313932 0.999982746 -0.005866003 0.058058076 0.005837882 0.998296138 0.421737948 -0.081586962 -3.745430688
0.000000000 0.675687969 1.201222658 0.500000000 0.500000000 0.000000000 0.000000000 0.998312771 -0.000690953 -0.058061459 0.000350349 0.999982673 -0.005876238 0.058064513 0.005845982 0.998295716 0.421306887 -0.081010833 -3.749912161
0.000000000 0.675687969 1.201222658 0.500000000 0.500000000 0.000000000 0.000000000 0.998312384 -0.000727940 -0.058067675 0.000386766 0.999982600 -0.005886474 0.058070949 0.005854081 0.998295294 0.420875834 -0.080434663 -3.754393732
0.000000000 0.675687969 1.201222658 0.500000000 0.500000000 0.000000000 0.000000000 0.998311994 -0.000764927 -0.058073891 0.000423184 0.999982525 -0.005896710 0.058077386 0.005862180 0.998294872 0.420444811 -0.079858442 -3.758875299
0.000000000 0.675687969 1.201222658 0.500000000 0.500000000 0.000000000 0.000000000 0.998311604 -0.000801915 -0.058080105 0.000459601 0.999982448 -0.005906946 0.058083822 0.005870279 0.998294450 0.420013790 -0.079282191 -3.763356863
0.000000000 0.675687969 1.201222658 0.500000000 0.500000000 0.000000000 0.000000000 0.998311212 -0.000838902 -0.058086320 0.000496018 0.999982370 -0.005917183 0.058090260 0.005878378 0.998294028 0.419582798 -0.078705898 -3.767838423
0.000000000 0.675687969 1.201222658 0.500000000 0.500000000 0.000000000 0.000000000 0.998310819 -0.000875890 -0.058092533 0.000532435 0.999982291 -0.005927421 0.058096696 0.005886478 0.998293606 0.419151808 -0.078129555 -3.772319982
0.000000000 0.675687969 1.201222658 0.500000000 0.500000000 0.000000000 0.000000000 0.998310424 -0.000912877 -0.058098746 0.000568852 0.999982210 -0.005937659 0.058103133 0.005894577 0.998293183 0.418720838 -0.077553182 -3.776801536
0.000000000 0.675687969 1.201222658 0.500000000 0.500000000 0.000000000 0.000000000 0.998310392 -0.000946137 -0.058098762 0.000602427 0.999982217 -0.005933190 0.058103342 0.005888165 0.998293209 0.418112356 -0.078222275 -3.781588078
0.000000000 0.675687969 1.201222658 0.500000000 0.500000000 0.000000000 0.000000000 0.998310359 -0.000979397 -0.058098778 0.000636003 0.999982223 -0.005928721 0.058103552 0.005881753 0.998293235 0.417503926 -0.078891481 -3.786374511
0.000000000 0.675687969 1.201222658 0.500000000 0.500000000 0.000000000 0.000000000 0.998310325 -0.001012657 -0.058098794 0.000669578 0.999982227 -0.005924253 0.058103761 0.005875341 0.998293260 0.416895534 -0.079560778 -3.791161036
0.000000000 0.675687969 1.201222658 0.500000000 0.500000000 0.000000000 0.000000000 0.998310290 -0.001045916 -0.058098811 0.000703153 0.999982231 -0.005919784 0.058103970 0.005868929 0.998293286 0.416287193 -0.080230177 -3.795947552
0.000000000 0.675687969 1.201222658 0.500000000 0.500000000 0.000000000 0.000000000 0.998310253 -0.001079176 -0.058098829 0.000736729 0.999982233 -0.005915316 0.058104180 0.005862517 0.998293311 0.415678899 -0.080899678 -3.800734060
0.000000000 0.675687969 1.201222658 0.500000000 0.500000000 0.000000000 0.000000000 0.998310216 -0.001112436 -0.058098846 0.000770304 0.999982234 -0.005910847 0.058104390 0.005856105 0.998293337 0.415070653 -0.081569291 -3.805520560
0.000000000 0.675687969 1.201222658 0.500000000 0.500000000 0.000000000 0.000000000 0.998310177 -0.001145696 -0.058098865 0.000803880 0.999982234 -0.005906378 0.058104599 0.005849693 0.998293362 0.414462447 -0.082238997 -3.810306952
0.000000000 0.675687969 1.201222658 0.500000000 0.500000000 0.000000000 0.000000000 0.998310137 -0.001178955 -0.058098883 0.000837455 0.999982233 -0.005901910 0.058104809 0.005843281 0.998293387 0.413854295 -0.082908804 -3.815093435
0.000000000 0.675687969 1.201222658 0.500000000 0.500000000 0.000000000 0.000000000 0.998310096 -0.001212215 -0.058098902 0.000871031 0.999982231 -0.005897441 0.058105019 0.005836869 0.998293413 0.413246189 -0.083578723 -3.819879909
0.000000000 0.675687969 1.201222658 0.500000000 0.500000000 0.000000000 0.000000000 0.998310054 -0.001245475 -0.058098921 0.000904606 0.999982227 -0.005892973 0.058105228 0.005830457 0.998293438 0.412638131 -0.084248733 -3.824666376
0.000000000 0.675687969 1.201222658 0.500000000 0.500000000 0.000000000 0.000000000 0.998310011 -0.001278734 -0.058098941 0.000938181 0.999982223 -0.005888504 0.058105438 0.005824045 0.998293463 0.412030119 -0.084918846 -3.829452834
0.000000000 0.675687969 1.201222658 0.500000000 0.500000000 0.000000000 0.000000000 0.998310018 -0.001272754 -0.058098942 0.000931965 0.999982205 -0.005892395 0.058105408 0.005828291 0.998293440 0.411893890 -0.085337584 -3.833915350
0.000000000 0.675687969 1.201222658 0.500000000 0.500000000 0.000000000 0.000000000 0.998310026 -0.001266774 -0.058098943 0.000925748 0.999982188 -0.005896287 0.058105377 0.005832537 0.998293417 0.411757652 -0.085756283 -3.838377869
0.000000000 0.675687969 1.201222658 0.500000000 0.500000000 0.000000000 0.000000000 0.998310034 -0.001260794 -0.058098944 0.000919532 0.999982171 -0.005900178 0.058105347 0.005836783 0.998293394 0.411621412 -0.086174942 -3.842840392
0.000000000 0.675687969 1.201222658 0.500000000 0.500000000 0.000000000 0.000000000 0.998310041 -0.001254814 -0.058098944 0.000913315 0.999982154 -0.005904069 0.058105316 0.005841029 0.998293371 0.411485162 -0.086593561 -3.847302919
0.000000000 0.675687969 1.201222658 0.500000000 0.500000000 0.000000000 0.000000000 0.998310048 -0.001248834 -0.058098946 0.000907098 0.999982136 -0.005907960 0.058105286 0.005845275 0.998293348 0.411348928 -0.087012141 -3.851765549
0.000000000 0.675687969 1.201222658 0.500000000 0.500000000 0.000000000 0.000000000 0.998310056 -0.001242854 -0.058098946 0.000900882 0.999982119 -0.005911851 0.058105255 0.005849520 0.998293325 0.411212668 -0.087430681 -3.856228083
0.000000000 0.675687969 1.201222658 0.500000000 0.500000000 0.000000000 0.000000000 0.998310063 -0.001236874 -0.058098948 0.000894665 0.999982102 -0.005915743 0.058105225 0.005853766 0.998293302 0.411076407 -0.087849182 -3.860690620
0.000000000 0.675687969 1.201222658 0.500000000 0.500000000 0.000000000 0.000000000 0.998310071 -0.001230894 -0.058098949 0.000888448 0.999982084 -0.005919634 0.058105194 0.005858012 0.998293279 0.410940137 -0.088267634 -3.865153162
0.000000000 0.675687969 1.201222658 0.500000000 0.500000000 0.000000000 0.000000000 0.998310078 -0.001224914 -0.058098950 0.000882232 0.999982067 -0.005923525 0.058105164 0.005862258 0.998293255 0.410803881 -0.088686055 -3.869615806
0.000000000 0.675687969 1.201222658 0.500000000 0.500000000 0.000000000 0.000000000 0.998310085 -0.001218933 -0.058098951 0.000876015 0.999982049 -0.005927416 0.058105133 0.005866504 0.998293232 0.410667600 -0.089104438 -3.874078354
0.000000000 0.675687969 1.201222658 0.500000000 0.500000000 0.000000000 0.000000000 0.998310092 -0.001212953 -0.058098953 0.000869799 0.999982031 -0.005931307 0.058105103 0.005870750 0.998293209 0.410531317 -0.089522781 -3.878540906
0.000000000 0.675687969 1.201222658 0.500000000 0.500000000 0.000000000 0.000000000 0.998310265 -0.001203128 -0.058096188 0.000859794 0.999982022 -0.005934398 0.058102283 0.005874419 0.998293352 0.410656698 -0.089088956 -3.883002120
0.000000000 0.675687969 1.201222658 0.500000000 0.500000000 0.000000000 0.000000000 0.998310438 -0.001193303 -0.058093423 0.000849789 0.999982012 -0.005937488 0.058099463 0.005878089 0.998293494 0.410782052 -0.088655112 -3.887463332
0.000000000 0.675687969 1.201222658 0.500000000 0.500000000 0.000000000 0.000000000 0.998310610 -0.001183478 -0.058090659 0.000839784 0.999982002 -0.005940578 0.058096644 0.005881759 0.998293637 0.410907403 -0.088221226 -3.891924541
0.000000000 0.675687969 1.201222658 0.500000000 0.500000000 0.000000000 0.000000000 0.998310783 -0.001173653 -0.058087894 0.000829779 0.999981992 -0.005943669 0.058093824 0.005885428 0.998293779 0.411032724 -0.087787311 -3.896385748
0.000000000 0.675687969 1.201222658 0.500000000 0.500000000 0.000000000 0.000000000 0.998310955 -0.001163828 -0.058085129 0.000819774 0.999981982 -0.005946759 0.058091003 0.005889098 0.998293922 0.411158043 -0.087353365 -3.900847052
0.000000000 0.675687969 1.201222658 0.500000000 0.500000000 0.000000000 0.000000000 0.998311127 -0.001154003 -0.058082364 0.000809769 0.999981972 -0.005949850 0.058088183 0.005892768 0.998294064 0.411283331 -0.086919389 -3.905308255
0.000000000 0.675687969 1.201222658 0.500000000 0.500000000 0.000000000 0.000000000 0.998311300 -0.001144178 -0.058079599 0.000799764 0.999981961 -0.005952940 0.058085363 0.005896438 0.998294206 0.411408611 -0.086485383 -3.909769455
0.000000000 0.675687969 1.201222658 0.500000000 0.500000000 0.000000000 0.000000000 0.998311472 -0.001134353 -0.058076836 0.000789759 0.999981951 -0.005956031 0.058082544 0.005900107 0.998294349 0.411533879 -0.086051357 -3.914230651
0.000000000 0.675687969 1.201222658 0.500000000 0.500000000 0.000000000 0.000000000 0.998311644 -0.001124528 -0.058074071 0.000779754 0.999981940 -0.005959122 0.058079723 0.005903777 0.998294491 0.411659116 -0.085617291 -3.918691847
0.000000000 0.675687969 1.201222658 0.500000000 0.500000000 0.000000000 0.000000000 0.998311815 -0.001114703 -0.058071306 0.000769749 0.999981930 -0.005962213 0.058076903 0.005907447 0.998294634 0.411784347 -0.085183194 -3.923153039
