0.000000000 0.778165937 1.383406162 0.500000000 0.500000000 0.000000000 0.000000000 0.995290426 0.015673819 0.095662423 -0.008743389 0.997334416 -0.072440436 -0.096542845 0.071262858 0.992774438 0.043920220 0.085460990 -2.418418517
0.000000000 0.778165937 1.383406162 0.500000000 0.500000000 0.000000000 0.000000000 0.995284059 0.015687038 0.095726476 -0.008749682 0.997332609 -0.072464542 -0.096607890 0.071285227 0.992766504 0.043361247 0.086025424 -2.421696155
0.000000000 0.778165937 1.383406162 0.500000000 0.500000000 0.000000000 0.000000000 0.995277688 0.015700260 0.095790530 -0.008755975 0.997330802 -0.072488649 -0.096672937 0.071307595 0.992758566 0.042801845 0.086590030 -2.424973805
0.000000000 0.778165937 1.383406162 0.500000000 0.500000000 0.000000000 0.000000000 0.995271313 0.015713484 0.095854581 -0.008762268 0.997328994 -0.072512757 -0.096737981 0.071329963 0.992750623 0.042242028 0.087154797 -2.428251367
0.000000000 0.778165937 1.383406162 0.500000000 0.500000000 0.000000000 0.000000000 0.995262780 0.015714349 0.095942991 -0.008755294 0.997327956 -0.072527884 -0.096826355 0.071344295 0.992740978 0.041176161 0.087417820 -2.431765273
0.000000000 0.778165937 1.383406162 0.500000000 0.500000000 0.000000000 0.000000000 0.995254240 0.015715217 0.096031399 -0.008748319 0.997326916 -0.072543012 -0.096914728 0.071358627 0.992731324 0.040109670 0.087680938 -2.435278901
0.000000000 0.778165937 1.383406162 0.500000000 0.500000000 0.000000000 0.000000000 0.995245692 0.015716087 0.096119807 -0.008741345 0.997325877 -0.072558138 -0.097003100 0.071372958 0.992721663 0.039042551 0.087944161 -2.438792452
0.000000000 0.778165937 1.383406162 0.500000000 0.500000000 0.000000000 0.000000000 0.995237136 0.015716960 0.096208213 -0.008734371 0.997324838 -0.072573262 -0.097091471 0.071387287 0.992711993 0.037974800 0.088207480 -2.442305825
0.000000000 0.778165937 1.383406162 0.500000000 0.500000000 0.000000000 0.000000000 0.995228572 0.015717835 0.096296618 -0.008727397 0.997323798 -0.072588386 -0.097179841 0.071401617 0.992702316 0.036906442 0.088470892 -2.445818921
0.000000000 0.778165937 1.383406162 0.500000000 0.500000000 0.000000000 0.000000000 0.995220000 0.015718713 0.096385024 -0.008720423 0.997322759 -0.072603508 -0.097268212 0.071415946 0.992692630 0.035837437 0.088734410 -2.449331937
0.000000000 0.778165937 1.383406162 0.500000000 0.500000000 0.000000000 0.000000000 0.995211421 0.015719594 0.096473428 -0.008713449 0.997321719 -0.072618629 -0.097356580 0.071430272 0.992682937 0.034767808 0.088998024 -2.452844776
0.000000000 0.778165937 1.383406162 0.500000000 0.500000000 0.000000000 0.000000000 0.995202833 0.015720477 0.096561832 -0.008706475 0.997320679 -0.072633749 -0.097444949 0.071444599 0.992673235 0.033697562 0.089261739 -2.456357438
0.000000000 0.778165937 1.383406162 0.500000000 0.500000000 0.000000000 0.000000000 0.995194238 0.015721362 0.096650235 -0.008699501 0.997319638 -0.072648866 -0.097533316 0.071458924 0.992663525 0.032626692 0.089525543 -2.459869821
0.000000000 0.778165937 1.383406162 0.500000000 0.500000000 0.000000000 0.000000000 0.995185634 0.015722251 0.096738637 -0.008692527 0.997318598 -0.072663984 -0.097621684 0.071473250 0.992653807 0.031555195 0.089789454 -2.463382127
0.000000000 0.778165937 1.383406162 0.500000000 0.500000000 0.000000000 0.000000000 0.995177023 0.015723142 0.096827038 -0.008685554 0.997317557 -0.072679100 -0.097710049 0.071487574 0.992644082 0.030483065 0.090053464 -2.466894253
0.000000000 0.778165937 1.383406162 0.500000000 0.500000000 0.000000000 0.000000000 0.995168404 0.015724035 0.096915438 -0.008678580 0.997316516 -0.072694214 -0.097798414 0.071501897 0.992634348 0.029410329 0.090317562 -2.470406102
0.000000000 0.778165937 1.383406162 0.500000000 0.500000000 0.000000000 0.000000000 0.995157288 0.015750768 0.097025176 -0.008695161 0.997314681 -0.072717408 -0.097909988 0.071521609 0.992621929 0.028070535 0.090369241 -2.473829723
0.000000000 0.778165937 1.383406162 0.500000000 0.500000000 0.000000000 0.000000000 0.995146160 0.015777505 0.097134911 -0.008711741 0.997312845 -0.072740606 -0.098021560 0.071541320 0.992609497 0.026729989 0.090421116 -2.477253075
0.000000000 0.778165937 1.383406162 0.500000000 0.500000000 0.000000000 0.000000000 0.995135018 0.015804247 0.097244644 -0.008728322 0.997311007 -0.072763807 -0.098133131 0.071561030 0.992597052 0.025388666 0.090473189 -2.480676155
0.000000000 0.778165937 1.383406162 0.500000000 0.500000000 0.000000000 0.000000000 0.995123864 0.015830992 0.097354374 -0.008744901 0.997309169 -0.072787012 -0.098244700 0.071580738 0.992584594 0.024046592 0.090525457 -2.484098965
0.000000000 0.778165937 1.383406162 0.500000000 0.500000000 0.000000000 0.000000000 0.995112698 0.015857743 0.097464101 -0.008761480 0.997307329 -0.072810221 -0.098356268 0.071600445 0.992572124 0.022703754 0.090577916 -2.487521404
0.000000000 0.778165937 1.383406162 0.500000000 0.500000000 0.000000000 0.000000000 0.995101518 0.015884497 0.097573827 -0.008778059 0.997305488 -0.072833433 -0.098467836 0.071620151 0.992559640 0.021360150 0.090630578 -2.490943673
0.000000000 0.778165937 1.383406162 0.500000000 0.500000000 0.000000000 0.000000000 0.995090326 0.015911257 0.097683550 -0.008794637 0.997303646 -0.072856649 -0.098579402 0.071639855 0.992547144 0.020015774 0.090683437 -2.494365669
0.000000000 0.778165937 1.383406162 0.500000000 0.500000000 0.000000000 0.000000000 0.995079120 0.015938020 0.097793271 -0.008811215 0.997301804 -0.072879868 -0.098690966 0.071659558 0.992534635 0.018670644 0.090736494 -2.497787395
0.000000000 0.778165937 1.383406162 0.500000000 0.500000000 0.000000000 0.000000000 0.995067902 0.015964788 0.097902990 -0.008827792 0.997299960 -0.072903091 -0.098802530 0.071679259 0.992522113 0.017324738 0.090789746 -2.501208849
0.000000000 0.778165937 1.383406162 0.500000000 0.500000000 0.000000000 0.000000000 0.995056672 0.015991561 0.098012705 -0.008844368 0.997298115 -0.072926318 -0.098914092 0.071698959 0.992509578 0.015978081 0.090843196 -2.504630032
0.000000000 0.778165937 1.383406162 0.500000000 0.500000000 0.000000000 0.000000000 0.995045428 0.016018338 0.098122420 -0.008860945 0.997296268 -0.072949549 -0.099025653 0.071718658 0.992497030 0.014630657 0.090896836 -2.508050843
0.000000000 0.778165937 1.383406162 0.500000000 0.500000000 0.000000000 0.000000000 0.995034172 0.016045119 0.098232130 -0.008877520 0.997294421 -0.072972783 -0.099137213 0.071738355 0.992484469 0.013282462 0.090950680 -2.511471482
0.000000000 0.778165937 1.383406162 0.500000000 0.500000000 0.000000000 0.000000000 0.995020942 0.016066375 0.098362577 -0.008887953 0.997293289 -0.072986986 -0.099268975 0.071749337 0.992470505 0.012073051 0.091471530 -2.514854187
0.000000000 0.778165937 1.383406162 0.500000000 0.500000000 0.000000000 0.000000000 0.995007695 0.016087634 0.098493022 -0.008898386 0.997292156 -0.073001191 -0.099400735 0.071760318 0.992456523 0.010862747 0.091992498 -2.518236602
0.000000000 0.778165937 1.383406162 0.500000000 0.500000000 0.000000000 0.000000000 0.994994430 0.016108895 0.098623463 -0.008908819 0.997291023 -0.073015399 -0.099532492 0.071771297 0.992442524 0.009651563 0.092513581 -2.521618727
0.000000000 0.778165937 1.383406162 0.500000000 0.500000000 0.000000000 0.000000000 0.994981148 0.016130160 0.098753903 -0.008919251 0.997289889 -0.073029610 -0.099664249 0.071782274 0.992428508 0.008439493 0.093034781 -2.525000562
0.000000000 0.778165937 1.383406162 0.500000000 0.500000000 0.000000000 0.000000000 0.994967848 0.016151427 0.098884341 -0.008929682 0.997288755 -0.073043824 -0.099796003 0.071793250 0.992414473 0.007226552 0.093556092 -2.528382007
0.000000000 0.778165937 1.383406162 0.500000000 0.500000000 0.000000000 0.000000000 0.994954531 0.016172698 0.099014773 -0.008940113 0.997287620 -0.073058039 -0.099927753 0.071804224 0.992400422 0.006012728 0.094077524 -2.531763262
0.000000000 0.778165937 1.383406162 0.500000000 0.500000000 0.000000000 0.000000000 0.994941195 0.016193972 0.099145211 -0.008950543 0.997286485 -0.073072259 -0.100059509 0.071815197 0.992386352 0.004797999 0.094599075 -2.535144226
0.000000000 0.778165937 1.383406162 0.500000000 0.500000000 0.000000000 0.000000000 0.994927843 0.016215248 0.099275637 -0.008960974 0.997285349 -0.073086481 -0.100191253 0.071826168 0.992372266 0.003582413 0.095120744 -2.538524899
0.000000000 0.778165937 1.383406162 0.500000000 0.500000000 0.000000000 0.000000000 0.994914473 0.016236528 0.099406070 -0.008971403 0.997284213 -0.073100705 -0.100323006 0.071837137 0.992358161 0.002365920 0.095642527 -2.541905281
0.000000000 0.778165937 1.383406162 0.500000000 0.500000000 0.000000000 0.000000000 0.994901086 0.016257810 0.099536492 -0.008981833 0.997283076 -0.073114932 -0.100454747 0.071848105 0.992344040 0.001148570 0.096164429 -2.545285372
0.000000000 0.778165937 1.383406162 0.500000000 0.500000000 0.000000000 0.000000000 0.994887680 0.016279096 0.099666921 -0.008992261 0.997281938 -0.073129163 -0.100586497 0.071859072 0.992329900 -0.000069687 0.096686447 -2.548665172
0.000000000 0.778165937 1.383406162 0.500000000 0.500000000 0.000000000 0.000000000 0.994874258 0.016300384 0.099797338 -0.009002690 0.997280801 -0.073143395 -0.100718234 0.071870036 0.992315744 -0.001288801 0.097208581 -2.552044681
0.000000000 0.778165937 1.383406162 0.500000000 0.500000000 0.000000000 0.000000000 0.994858695 0.016330126 0.099947506 -0.009020667 0.997279964 -0.073152590 -0.100870236 0.071874897 0.992299952 -0.002533486 0.097492222 -2.555415700
0.000000000 0.778165937 1.383406162 0.500000000 0.500000000 0.000000000 0.000000000 0.994843109 0.016359869 0.100097672 -0.009038642 0.997279126 -0.073161791 -0.101022236 0.071879757 0.992284137 -0.003779189 0.097775960 -2.558786393
0.000000000 0.778165937 1.383406162 0.500000000 0.500000000 0.000000000 0.000000000 0.994827499 0.016389614 0.100247834 -0.009056618 0.997278288 -0.073170998 -0.101174233 0.071884614 0.992268299 -0.005025912 0.098059794 -2.562156761
0.000000000 0.778165937 1.383406162 0.500000000 0.500000000 0.000000000 0.000000000 0.994811865 0.016419361 0.100397994 -0.009074592 0.997277448 -0.073180210 -0.101326228 0.071889471 0.992252437 -0.006273673 0.098343734 -2.565526901
0.000000000 0.778165937 1.383406162 0.500000000 0.500000000 0.000000000 0.000000000 0.994796208 0.016449109 0.100548152 -0.009092566 0.997276608 -0.073189428 -0.101478220 0.071894325 0.992236553 -0.007522433 0.098627760 -2.568896617
0.000000000 0.778165937 1.383406162 0.500000000 0.500000000 0.000000000 0.000000000 0.994780528 0.016478859 0.100698306 -0.009110539 0.997275767 -0.073198651 -0.101630210 0.071899176 0.992220645 -0.008772211 0.098911884 -2.572266007
0.000000000 0.778165937 1.383406162 0.500000000 0.500000000 0.000000000 0.000000000 0.994764824 0.016508610 0.100848457 -0.009128511 0.997274925 -0.073207879 -0.101782198 0.071904026 0.992204714 -0.010023019 0.099196110 -2.575635169
0.000000000 0.778165937 1.383406162 0.500000000 0.500000000 0.000000000 0.000000000 0.994749096 0.016538363 0.100998606 -0.009146482 0.997274083 -0.073217113 -0.101934184 0.071908875 0.992188760 -0.011274835 0.099480426 -2.579003906
0.000000000 0.778165937 1.383406162 0.500000000 0.500000000 0.000000000 0.000000000 0.994733345 0.016568118 0.101148752 -0.009164452 0.997273239 -0.073226352 -0.102086167 0.071913721 0.992172783 -0.012527669 0.099764839 -2.582372315
0.000000000 0.778165937 1.383406162 0.500000000 0.500000000 0.000000000 0.000000000 0.994717570 0.016597874 0.101298895 -0.009182422 0.997272395 -0.073235597 -0.102238147 0.071918565 0.992156783 -0.013781522 0.100049348 -2.585740398
0.000000000 0.778165937 1.383406162 0.500000000 0.500000000 0.000000000 0.000000000 0.994701772 0.016627632 0.101449036 -0.009200391 0.997271550 -0.073244847 -0.102390125 0.071923408 0.992140759 -0.015036413 0.100333961 -2.589108251
0.000000000 0.778165937 1.383406162 0.500000000 0.500000000 0.000000000 0.000000000 0.994685950 0.016657391 0.101599173 -0.009218359 0.997270705 -0.073254102 -0.102542101 0.071928249 0.992124712 -0.016292303 0.100618663 -2.592475678
0.000000000 0.778165937 1.383406162 0.500000000 0.500000000 0.000000000 0.000000000 0.994670451 0.016678519 0.101747341 -0.009227820 0.997269942 -0.073263299 -0.102691489 0.071933932 0.992108849 -0.017629434 0.100520370 -2.595777068
0.000000000 0.778165937 1.383406162 0.500000000 0.500000000 0.000000000 0.000000000 0.994654929 0.016699649 0.101895507 -0.009237281 0.997269178 -0.073272498 -0.102840873 0.071939614 0.992092963 -0.018967549 0.100422152 -2.599078017
0.000000000 0.778165937 1.383406162 0.500000000 0.500000000 0.000000000 0.000000000 0.994639384 0.016720781 0.102043670 -0.009246741 0.997268414 -0.073281700 -0.102990256 0.071945294 0.992077054 -0.020306667 0.100324022 -2.602378723
0.000000000 0.778165937 1.383406162 0.500000000 0.500000000 0.000000000 0.000000000 0.994623816 0.016741915 0.102191840 -0.009256201 0.997267650 -0.073290905 -0.103139646 0.071950972 0.992061123 -0.021646794 0.100225967 -2.605678988
0.000000000 0.778165937 1.383406162 0.500000000 0.500000000 0.000000000 0.000000000 0.994608227 0.016763051 0.102339997 -0.009265660 0.997266886 -0.073300113 -0.103289024 0.071956648 0.992045169 -0.022987899 0.100128000 -2.608979011
0.000000000 0.778165937 1.383406162 0.500000000 0.500000000 0.000000000 0.000000000 0.994592615 0.016784188 0.102488152 -0.009275119 0.997266121 -0.073309324 -0.103438400 0.071962322 0.992029194 -0.024329987 0.100030108 -2.612278591
0.000000000 0.778165937 1.383406162 0.500000000 0.500000000 0.000000000 0.000000000 0.994576980 0.016805327 0.102636305 -0.009284577 0.997265355 -0.073318538 -0.103587773 0.071967995 0.992013196 -0.025673069 0.099932304 -2.615577929
0.000000000 0.778165937 1.383406162 0.500000000 0.500000000 0.000000000 0.000000000 0.994561323 0.016826468 0.102784454 -0.009294035 0.997264589 -0.073327754 -0.103737144 0.071973666 0.991997176 -0.027017143 0.099834575 -2.618876824
0.000000000 0.778165937 1.383406162 0.500000000 0.500000000 0.000000000 0.000000000 0.994545644 0.016847611 0.102932601 -0.009303492 0.997263823 -0.073336974 -0.103886512 0.071979336 0.991981133 -0.028362221 0.099736937 -2.622175475
0.000000000 0.778165937 1.383406162 0.500000000 0.500000000 0.000000000 0.000000000 0.994529942 0.016868756 0.103080746 -0.009312949 0.997263057 -0.073346196 -0.104035879 0.071985003 0.991965068 -0.029708281 0.099639371 -2.625473683
0.000000000 0.778165937 1.383406162 0.500000000 0.500000000 0.000000000 0.000000000 0.994514217 0.016889903 0.103228887 -0.009322405 0.997262290 -0.073355421 -0.104185242 0.071990668 0.991948980 -0.031055344 0.099541894 -2.628771647
0.000000000 0.778165937 1.383406162 0.500000000 0.500000000 0.000000000 0.000000000 0.994498469 0.016911052 0.103377036 -0.009331861 0.997261523 -0.073364649 -0.104334614 0.071996331 0.991932869 -0.032403417 0.099444492 -2.632069167
0.000000000 0.778165937 1.383406162 0.500000000 0.500000000 0.000000000 0.000000000 0.994482164 0.016945292 0.103528175 -0.009354047 0.997260512 -0.073375560 -0.104487931 0.072002278 0.991916299 -0.034152935 0.099832734 -2.635450924
0.000000000 0.778165937 1.383406162 0.500000000 0.500000000 0.000000000 0.000000000 0.994465834 0.016979535 0.103679311 -0.009376232 0.997259500 -0.073386478 -0.104641246 0.072008224 0.991899705 -0.035903459 0.100221109 -2.638832098
0.000000000 0.778165937 1.383406162 0.500000000 0.500000000 0.000000000 0.000000000 0.994449481 0.017013779 0.103830444 -0.009398417 0.997258488 -0.073397402 -0.104794559 0.072014167 0.991883088 -0.037655017 0.100609628 -2.642212887
0.000000000 0.778165937 1.383406162 0.500000000 0.500000000 0.000000000 0.000000000 0.994433102 0.017048026 0.103981584 -0.009420600 0.997257474 -0.073408334 -0.104947879 0.072020109 0.991866446 -0.039407616 0.100998282 -2.645593092
0.000000000 0.778165937 1.383406162 0.500000000 0.500000000 0.000000000 0.000000000 0.994416701 0.017082275 0.104132710 -0.009442783 0.997256459 -0.073419273 -0.105101186 0.072026049 0.991849781 -0.041161224 0.101387082 -2.648972912
0.000000000 0.778165937 1.383406162 0.500000000 0.500000000 0.000000000 0.000000000 0.994400275 0.017116525 0.104283834 -0.009464964 0.997255443 -0.073430218 -0.105254491 0.072031986 0.991833093 -0.042915856 0.101776012 -2.652352148
0.000000000 0.778165937 1.383406162 0.500000000 0.500000000 0.000000000 0.000000000 0.994383825 0.017150777 0.104434954 -0.009487145 0.997254425 -0.073441170 -0.105407793 0.072037922 0.991816382 -0.044671512 0.102165089 -2.655730998
0.000000000 0.778165937 1.383406162 0.500000000 0.500000000 0.000000000 0.000000000 0.994367350 0.017185032 0.104586081 -0.009509324 0.997253407 -0.073452128 -0.105561103 0.072043855 0.991799645 -0.046428209 0.102554297 -2.659109263
0.000000000 0.778165937 1.383406162 0.500000000 0.500000000 0.000000000 0.000000000 0.994350852 0.017219289 0.104737196 -0.009531503 0.997252387 -0.073463094 -0.105714401 0.072049787 0.991782886 -0.048185914 0.102943654 -2.662487143
0.000000000 0.778165937 1.383406162 0.500000000 0.500000000 0.000000000 0.000000000 0.994334329 0.017253547 0.104888307 -0.009553681 0.997251367 -0.073474066 -0.105867696 0.072055717 0.991766104 -0.049944643 0.103333140 -2.665864436
0.000000000 0.778165937 1.383406162 0.500000000 0.500000000 0.000000000 0.000000000 0.994317783 0.017287807 0.105039415 -0.009575857 0.997250345 -0.073485045 -0.106020988 0.072061645 0.991749298 -0.051704395 0.103722775 -2.669241343
0.000000000 0.778165937 1.383406162 0.500000000 0.500000000 0.000000000 0.000000000 0.994301211 0.017322070 0.105190530 -0.009598033 0.997249322 -0.073496031 -0.106174288 0.072067570 0.991732467 -0.053465188 0.104112540 -2.672617665
0.000000000 0.778165937 1.383406162 0.500000000 0.500000000 0.000000000 0.000000000 0.994284289 0.017346351 0.105346370 -0.009610783 0.997249031 -0.073498320 -0.106331493 0.072065764 0.991715755 -0.055464508 0.104212310 -2.676060627
0.000000000 0.778165937 1.383406162 0.500000000 0.500000000 0.000000000 0.000000000 0.994267341 0.017370632 0.105502207 -0.009623532 0.997248739 -0.073500612 -0.106488695 0.072063954 0.991699019 -0.057464896 0.104312128 -2.679502924
0.000000000 0.778165937 1.383406162 0.500000000 0.500000000 0.000000000 0.000000000 0.994250367 0.017394913 0.105658052 -0.009636281 0.997248447 -0.073502908 -0.106645905 0.072062143 0.991682257 -0.059466417 0.104412012 -2.682944753
0.000000000 0.778165937 1.383406162 0.500000000 0.500000000 0.000000000 0.000000000 0.994233370 0.017419193 0.105813884 -0.009649028 0.997248154 -0.073505209 -0.106803102 0.072060330 0.991665471 -0.061468989 0.104511946 -2.686385917
0.000000000 0.778165937 1.383406162 0.500000000 0.500000000 0.000000000 0.000000000 0.994216347 0.017443472 0.105969713 -0.009661776 0.997247861 -0.073507513 -0.106960296 0.072058515 0.991648660 -0.063472637 0.104611939 -2.689826514
