0.000000000 0.465507329 0.827568352 0.500000000 0.500000000 0.000000000 0.000000000 0.999999985 -0.000093494 0.000147302 0.000093497 0.999999996 -0.000014454 -0.000147300 0.000014468 0.999999989 -0.000635531 -0.000130405 0.000052268
0.000000000 0.465507329 0.827568352 0.500000000 0.500000000 0.000000000 0.000000000 0.999998779 -0.000726901 -0.001383087 0.000726635 0.999999717 -0.000193007 0.001383227 0.000192002 0.999999025 -0.002178996 -0.000381613 -0.000301399
0.000000000 0.465507329 0.827568352 0.500000000 0.500000000 0.000000000 0.000000000 0.999994831 -0.001360851 -0.002913246 0.001359768 0.999999006 -0.000373498 0.002913751 0.000369535 0.999995687 -0.003721057 -0.000634650 -0.000659880
0.000000000 0.465507329 0.827568352 0.500000000 0.500000000 0.000000000 0.000000000 0.999988138 -0.001995343 -0.004443169 0.001992893 0.999997860 -0.000555927 0.004444269 0.000547065 0.999989975 -0.005261703 -0.000889513 -0.001023171
0.000000000 0.465507329 0.827568352 0.500000000 0.500000000 0.000000000 0.000000000 0.999978703 -0.002630378 -0.005972851 0.002626003 0.999996278 -0.000740293 0.005974776 0.000724592 0.999981888 -0.006800919 -0.001146199 -0.001391270
0.000000000 0.465507329 0.827568352 0.500000000 0.500000000 0.000000000 0.000000000 0.999966524 -0.003265955 -0.007502286 0.003259094 0.999994260 -0.000926596 0.007505269 0.000902114 0.999971428 -0.008338694 -0.001404707 -0.001764175
0.000000000 0.465507329 0.827568352 0.500000000 0.500000000 0.000000000 0.000000000 0.999951117 -0.003901099 -0.009085423 0.003891106 0.999991806 -0.001117236 0.009089707 0.001081829 0.999958103 -0.009712915 -0.001675123 -0.001885563
0.000000000 0.465507329 0.827568352 0.500000000 0.500000000 0.000000000 0.000000000 0.999932800 -0.004536809 -0.010668297 0.004523089 0.999988913 -0.001309877 0.010674121 0.001261535 0.999942234 -0.011086429 -0.001947242 -0.002011409
0.000000000 0.465507329 0.827568352 0.500000000 0.500000000 0.000000000 0.000000000 0.999911573 -0.005173087 -0.012250903 0.005155037 0.999985581 -0.001504520 0.012258509 0.001441233 0.999923823 -0.012459225 -0.002221061 -0.002141713
0.000000000 0.465507329 0.827568352 0.500000000 0.500000000 0.000000000 0.000000000 0.999887437 -0.005809932 -0.013833235 0.005786945 0.999981808 -0.001701163 0.013842867 0.001620919 0.999902869 -0.013831287 -0.002496579 -0.002276474
0.000000000 0.465507329 0.827568352 0.500000000 0.500000000 0.000000000 0.000000000 0.999860391 -0.006447344 -0.015415286 0.006418809 0.999977595 -0.001899807 0.015427189 0.001800594 0.999879373 -0.015202607 -0.002773796 -0.002415691
0.000000000 0.465507329 0.827568352 0.500000000 0.500000000 0.000000000 0.000000000 0.999829971 -0.007099294 -0.017018482 0.007064271 0.999972806 -0.002117188 0.017033049 0.001996605 0.999852934 -0.016712313 -0.002965921 -0.002574903
0.000000000 0.465507329 0.827568352 0.500000000 0.500000000 0.000000000 0.000000000 0.999796556 -0.007751870 -0.018621357 0.007709676 0.999967550 -0.002336640 0.018638866 0.002192600 0.999823877 -0.018221300 -0.003159950 -0.002739048
0.000000000 0.465507329 0.827568352 0.500000000 0.500000000 0.000000000 0.000000000 0.999760145 -0.008405072 -0.020223905 0.008355019 0.999961824 -0.002558162 0.020244635 0.002388577 0.999792203 -0.019729555 -0.003355883 -0.002908124
0.000000000 0.465507329 0.827568352 0.500000000 0.500000000 0.000000000 0.000000000 0.999720739 -0.009058899 -0.021826120 0.009000295 0.999955627 -0.002781754 0.021850351 0.002584536 0.999757912 -0.021237062 -0.003553717 -0.003082130
0.000000000 0.465507329 0.827568352 0.500000000 0.500000000 0.000000000 0.000000000 0.999678338 -0.009713350 -0.023427994 0.009645499 0.999948959 -0.003007416 0.023456011 0.002780474 0.999721003 -0.022743807 -0.003753452 -0.003261065
0.000000000 0.465507329 0.827568352 0.500000000 0.500000000 0.000000000 0.000000000 0.999631399 -0.010391983 -0.025081326 0.010313900 0.999941559 -0.003240565 0.025113536 0.002980684 0.999680162 -0.024288214 -0.003947261 -0.003322696
0.000000000 0.465507329 0.827568352 0.500000000 0.500000000 0.000000000 0.000000000 0.999581265 -0.011071275 -0.026734283 0.010982212 0.999933652 -0.003475926 0.026770992 0.003180869 0.999636532 -0.025832223 -0.004143143 -0.003389536
0.000000000 0.465507329 0.827568352 0.500000000 0.500000000 0.000000000 0.000000000 0.999527936 -0.011751223 -0.028386860 0.011650429 0.999925236 -0.003713500 0.028428375 0.003381028 0.999590114 -0.027375819 -0.004341096 -0.003461586
0.000000000 0.465507329 0.827568352 0.500000000 0.500000000 0.000000000 0.000000000 0.999471413 -0.012431829 -0.030039048 0.012318547 0.999916309 -0.003953285 0.030085680 0.003581158 0.999540908 -0.028918988 -0.004541121 -0.003538844
0.000000000 0.465507329 0.827568352 0.500000000 0.500000000 0.000000000 0.000000000 0.999411696 -0.013113092 -0.031690840 0.012986559 0.999906870 -0.004195282 0.031742902 0.003781259 0.999488915 -0.030461712 -0.004743216 -0.003621311
0.000000000 0.465507329 0.827568352 0.500000000 0.500000000 0.000000000 0.000000000 0.999346335 -0.013821716 -0.033404538 0.013682518 0.999896744 -0.004392062 0.033461794 0.003932133 0.999432262 -0.032093377 -0.005049416 -0.003664245
0.000000000 0.465507329 0.827568352 0.500000000 0.500000000 0.000000000 0.000000000 0.999277534 -0.014530851 -0.035117873 0.014378349 0.999886085 -0.004591232 0.035180587 0.004082978 0.999372631 -0.033724565 -0.005357912 -0.003712906
0.000000000 0.465507329 0.827568352 0.500000000 0.500000000 0.000000000 0.000000000 0.999205292 -0.015240498 -0.036830839 0.015074048 0.999874893 -0.004792791 0.036899275 0.004233792 0.999310021 -0.035355256 -0.005668703 -0.003767293
0.000000000 0.465507329 0.827568352 0.500000000 0.500000000 0.000000000 0.000000000 0.999129612 -0.015950654 -0.038543429 0.015769606 0.999863167 -0.004996739 0.038617856 0.004384575 0.999244433 -0.036985434 -0.005981788 -0.003827407
0.000000000 0.465507329 0.827568352 0.500000000 0.500000000 0.000000000 0.000000000 0.999050491 -0.016661321 -0.040255633 0.016465017 0.999850904 -0.005203075 0.040336321 0.004535325 0.999175866 -0.038615082 -0.006297167 -0.003893247
0.000000000 0.465507329 0.827568352 0.500000000 0.500000000 0.000000000 0.000000000 0.998963347 -0.017388488 -0.042069848 0.017174288 0.999837670 -0.005447635 0.042157745 0.004719468 0.999099820 -0.040245863 -0.006517636 -0.003979427
0.000000000 0.465507329 0.827568352 0.500000000 0.500000000 0.000000000 0.000000000 0.998872379 -0.018116316 -0.043883591 0.017883383 0.999823862 -0.005694776 0.043979030 0.004903567 0.999020420 -0.041876153 -0.006740444 -0.004071654
0.000000000 0.465507329 0.827568352 0.500000000 0.500000000 0.000000000 0.000000000 0.998777588 -0.018844804 -0.045696851 0.018592296 0.999809477 -0.005944497 0.045800168 0.005087621 0.998937666 -0.043505936 -0.006965591 -0.004169927
0.000000000 0.465507329 0.827568352 0.500000000 0.500000000 0.000000000 0.000000000 0.998678976 -0.019573952 -0.047509620 0.019301020 0.999794514 -0.006196796 0.047621154 0.005271626 0.998851558 -0.045135191 -0.007193075 -0.004274247
0.000000000 0.465507329 0.827568352 0.500000000 0.500000000 0.000000000 0.000000000 0.998576541 -0.020303760 -0.049321890 0.020009546 0.999778973 -0.006451674 0.049441981 0.005455581 0.998762097 -0.046763901 -0.007422895 -0.004384613
0.000000000 0.465507329 0.827568352 0.500000000 0.500000000 0.000000000 0.000000000 0.998466863 -0.021063699 -0.051188323 0.020748330 0.999762383 -0.006684610 0.051316962 0.005612289 0.998666647 -0.048535329 -0.007668126 -0.004444653
0.000000000 0.465507329 0.827568352 0.500000000 0.500000000 0.000000000 0.000000000 0.998353119 -0.021824214 -0.053054250 0.021486886 0.999745179 -0.006920315 0.053191761 0.005768947 0.998567652 -0.050306350 -0.007916025 -0.004511451
0.000000000 0.465507329 0.827568352 0.500000000 0.500000000 0.000000000 0.000000000 0.998235310 -0.022585303 -0.054919663 0.022225208 0.999727359 -0.007158787 0.055066373 0.005925553 0.998465113 -0.052076938 -0.008166591 -0.004585005
0.000000000 0.465507329 0.827568352 0.500000000 0.500000000 0.000000000 0.000000000 0.998113437 -0.023346967 -0.056784551 0.022963285 0.999708921 -0.007400026 0.056940791 0.006082106 0.998359031 -0.053847073 -0.008419825 -0.004665317
0.000000000 0.465507329 0.827568352 0.500000000 0.500000000 0.000000000 0.000000000 0.997987501 -0.024109203 -0.058648906 0.023701111 0.999689865 -0.007644031 0.058815008 0.006238603 0.998249405 -0.055616733 -0.008675723 -0.004752385
0.000000000 0.465507329 0.827568352 0.500000000 0.500000000 0.000000000 0.000000000 0.997848802 -0.024868954 -0.060657268 0.024434565 0.999670274 -0.007892752 0.060833552 0.006393639 0.998127447 -0.057278547 -0.008874529 -0.004967197
0.000000000 0.465507329 0.827568352 0.500000000 0.500000000 0.000000000 0.000000000 0.997705483 -0.025629317 -0.062665040 0.025167725 0.999650066 -0.008144435 0.062851848 0.006548611 0.998001383 -0.058939448 -0.009075776 -0.005188825
0.000000000 0.465507329 0.827568352 0.500000000 0.500000000 0.000000000 0.000000000 0.997557546 -0.026390292 -0.064672210 0.025900581 0.999629239 -0.008399078 0.064869886 0.006703516 0.997871215 -0.060599411 -0.009279462 -0.005417267
0.000000000 0.465507329 0.827568352 0.500000000 0.500000000 0.000000000 0.000000000 0.997404992 -0.027151877 -0.066678767 0.026633124 0.999607792 -0.008656681 0.066887660 0.006858353 0.997736941 -0.062258414 -0.009485585 -0.005652522
0.000000000 0.465507329 0.827568352 0.500000000 0.500000000 0.000000000 0.000000000 0.997247821 -0.027914070 -0.068684697 0.027365342 0.999585725 -0.008917241 0.068905159 0.007013119 0.997598564 -0.063916434 -0.009694141 -0.005894586
0.000000000 0.465507329 0.827568352 0.500000000 0.500000000 0.000000000 0.000000000 0.997081374 -0.028703041 -0.070745095 0.028124207 0.999562423 -0.009164711 0.070977194 0.007148313 0.997452324 -0.065642452 -0.009939440 -0.006175843
0.000000000 0.465507329 0.827568352 0.500000000 0.500000000 0.000000000 0.000000000 0.996910048 -0.029492555 -0.072804843 0.028882707 0.999538464 -0.009415330 0.073048923 0.007283436 0.997301763 -0.067367230 -0.010187353 -0.006464387
0.000000000 0.465507329 0.827568352 0.500000000 0.500000000 0.000000000 0.000000000 0.996733844 -0.030282612 -0.074863926 0.029640835 0.999513847 -0.009669096 0.075120336 0.007418486 0.997146880 -0.069090741 -0.010437876 -0.006760214
0.000000000 0.465507329 0.827568352 0.500000000 0.500000000 0.000000000 0.000000000 0.996552763 -0.031073211 -0.076922334 0.030398578 0.999488570 -0.009926008 0.077191427 0.007553462 0.996987677 -0.070812961 -0.010691008 -0.007063322
0.000000000 0.465507329 0.827568352 0.500000000 0.500000000 0.000000000 0.000000000 0.996366807 -0.031864351 -0.078980052 0.031155927 0.999462632 -0.010186065 0.079262183 0.007688360 0.996824155 -0.072533862 -0.010946745 -0.007373709
0.000000000 0.465507329 0.827568352 0.500000000 0.500000000 0.000000000 0.000000000 0.996168120 -0.032631194 -0.081143593 0.031888424 0.999436979 -0.010433242 0.081438357 0.007805721 0.996647814 -0.074129940 -0.011150194 -0.007738139
0.000000000 0.465507329 0.827568352 0.500000000 0.500000000 0.000000000 0.000000000 0.995964145 -0.033398531 -0.083306417 0.032620487 0.999410708 -0.010683616 0.083614142 0.007923003 0.996466709 -0.075724502 -0.011355956 -0.008109648
0.000000000 0.465507329 0.827568352 0.500000000 0.500000000 0.000000000 0.000000000 0.995754886 -0.034166361 -0.085468509 0.033352107 0.999383818 -0.010937187 0.085789529 0.008040203 0.996280840 -0.077317524 -0.011564026 -0.008488233
0.000000000 0.465507329 0.827568352 0.500000000 0.500000000 0.000000000 0.000000000 0.995540344 -0.034934684 -0.087629856 0.034083272 0.999356306 -0.011193953 0.087964507 0.008157319 0.996090209 -0.078908978 -0.011774401 -0.008873890
0.000000000 0.465507329 0.827568352 0.500000000 0.500000000 0.000000000 0.000000000 0.995320519 -0.035703499 -0.089790445 0.034813972 0.999328172 -0.011453912 0.090139066 0.008274352 0.995894816 -0.080498841 -0.011987077 -0.009266615
0.000000000 0.465507329 0.827568352 0.500000000 0.500000000 0.000000000 0.000000000 0.995094800 -0.036475541 -0.091955821 0.035550020 0.999299602 -0.011683358 0.092317573 0.008357017 0.995694545 -0.082212368 -0.012251466 -0.009639394
0.000000000 0.465507329 0.827568352 0.500000000 0.500000000 0.000000000 0.000000000 0.994863775 -0.037247924 -0.094120458 0.036285577 0.999270416 -0.011916028 0.094495637 0.008439609 0.995489502 -0.083924290 -0.012518369 -0.010019804
0.000000000 0.465507329 0.827568352 0.500000000 0.500000000 0.000000000 0.000000000 0.994627446 -0.038020648 -0.096284342 0.037020631 0.999240614 -0.012151919 0.096673249 0.008522125 0.995279687 -0.085634579 -0.012787783 -0.010407841
0.000000000 0.465507329 0.827568352 0.500000000 0.500000000 0.000000000 0.000000000 0.994385813 -0.038793712 -0.098447459 0.037755172 0.999210193 -0.012391031 0.098850399 0.008604564 0.995065103 -0.087343208 -0.013059702 -0.010803501
0.000000000 0.465507329 0.827568352 0.500000000 0.500000000 0.000000000 0.000000000 0.994138880 -0.039567117 -0.100609790 0.038489188 0.999179153 -0.012633361 0.101027071 0.008686926 0.994845751 -0.089050150 -0.013334122 -0.011206780
0.000000000 0.465507329 0.827568352 0.500000000 0.500000000 0.000000000 0.000000000 0.993890155 -0.040344322 -0.102736046 0.039230711 0.999147706 -0.012837942 0.103166423 0.008729096 0.994625805 -0.090810589 -0.013718186 -0.011622725
0.000000000 0.465507329 0.827568352 0.500000000 0.500000000 0.000000000 0.000000000 0.993636281 -0.041121688 -0.104861570 0.039971696 0.999115645 -0.013045720 0.105305297 0.008771206 0.994401257 -0.092569114 -0.014104855 -0.012046406
0.000000000 0.465507329 0.827568352 0.500000000 0.500000000 0.000000000 0.000000000 0.993377258 -0.041899213 -0.106986349 0.040712131 0.999082971 -0.013256693 0.107443684 0.008813255 0.994172108 -0.094325695 -0.014494125 -0.012477818
0.000000000 0.465507329 0.827568352 0.500000000 0.500000000 0.000000000 0.000000000 0.993113091 -0.042676898 -0.109110360 0.041452007 0.999049682 -0.013470858 0.109581565 0.008855242 0.993938361 -0.096080307 -0.014885991 -0.012916957
0.000000000 0.465507329 0.827568352 0.500000000 0.500000000 0.000000000 0.000000000 0.992843779 -0.043454741 -0.111233609 0.042191313 0.999015779 -0.013688216 0.111718949 0.008897168 0.993700014 -0.097832920 -0.015280447 -0.013363821
0.000000000 0.465507329 0.827568352 0.500000000 0.500000000 0.000000000 0.000000000 0.992574266 -0.044216939 -0.113318965 0.042916897 0.998982120 -0.013887556 0.113817685 0.008921132 0.993461599 -0.099663666 -0.015735263 -0.013872984
0.000000000 0.465507329 0.827568352 0.500000000 0.500000000 0.000000000 0.000000000 0.992299797 -0.044979215 -0.115403567 0.043641910 0.998947875 -0.014089971 0.115915904 0.008945044 0.993218752 -0.101492081 -0.016192721 -0.014390066
0.000000000 0.465507329 0.827568352 0.500000000 0.500000000 0.000000000 0.000000000 0.992020371 -0.045741569 -0.117487412 0.044366341 0.998913043 -0.014295461 0.118013605 0.008968902 0.992971474 -0.103318116 -0.016652815 -0.014915061
0.000000000 0.465507329 0.827568352 0.500000000 0.500000000 0.000000000 0.000000000 0.991735990 -0.046504003 -0.119570498 0.045090181 0.998877625 -0.014504025 0.120110790 0.008992708 0.992719764 -0.105141753 -0.017115539 -0.015447964
0.000000000 0.465507329 0.827568352 0.500000000 0.500000000 0.000000000 0.000000000 0.991446658 -0.047266515 -0.121652792 0.045813419 0.998841619 -0.014715658 0.122207430 0.009016460 0.992463625 -0.106962974 -0.017580890 -0.015988771
0.000000000 0.465507329 0.827568352 0.500000000 0.500000000 0.000000000 0.000000000 0.991164097 -0.048009081 -0.123648133 0.046515027 0.998805810 -0.014943408 0.124217893 0.009059873 0.992213603 -0.108903116 -0.017952615 -0.016591048
0.000000000 0.465507329 0.827568352 0.500000000 0.500000000 0.000000000 0.000000000 0.990876974 -0.048751799 -0.125642686 0.047216057 0.998769440 -0.015174011 0.126227836 0.009103226 0.991959508 -0.110840782 -0.018327033 -0.017201367
0.000000000 0.465507329 0.827568352 0.500000000 0.500000000 0.000000000 0.000000000 0.990585287 -0.049494670 -0.127636462 0.047916501 0.998732506 -0.015407468 0.128237271 0.009146518 0.991701338 -0.112775933 -0.018704139 -0.017819724
0.000000000 0.465507329 0.827568352 0.500000000 0.500000000 0.000000000 0.000000000 0.990289040 -0.050237692 -0.129629437 0.048616350 0.998695010 -0.015643775 0.130246179 0.009189749 0.991439096 -0.114708534 -0.019083923 -0.018446110
0.000000000 0.465507329 0.827568352 0.500000000 0.500000000 0.000000000 0.000000000 0.989988236 -0.050980867 -0.131621592 0.049315597 0.998656950 -0.015882931 0.132254543 0.009232918 0.991172785 -0.116638576 -0.019466384 -0.019080522
0.000000000 0.465507329 0.827568352 0.500000000 0.500000000 0.000000000 0.000000000 0.989694196 -0.051731952 -0.133526042 0.050023843 0.998617960 -0.016117819 0.134175310 0.009272226 0.990914230 -0.118745581 -0.019896610 -0.019627927
0.000000000 0.465507329 0.827568352 0.500000000 0.500000000 0.000000000 0.000000000 0.989395932 -0.052483163 -0.135429713 0.050731497 0.998578397 -0.016355464 0.136095572 0.009311478 0.990651953 -0.120850320 -0.020329827 -0.020183699
0.000000000 0.465507329 0.827568352 0.500000000 0.500000000 0.000000000 0.000000000 0.989093447 -0.053234500 -0.137332595 0.051438549 0.998538258 -0.016595865 0.138015323 0.009350672 0.990385953 -0.122952787 -0.020766031 -0.020747837
0.000000000 0.465507329 0.827568352 0.500000000 0.500000000 0.000000000 0.000000000 0.988786741 -0.053985964 -0.139234679 0.052144992 0.998497545 -0.016839020 0.139934556 0.009389809 0.990116231 -0.125052934 -0.021205215 -0.021320335
0.000000000 0.465507329 0.827568352 0.500000000 0.500000000 0.000000000 0.000000000 0.988475818 -0.054737552 -0.141135954 0.052850817 0.998456257 -0.017084927 0.141853263 0.009428887 0.989842789 -0.127150752 -0.021647374 -0.021901189
0.000000000 0.465507329 0.827568352 0.500000000 0.500000000 0.000000000 0.000000000 0.988173563 -0.055453617 -0.142961201 0.053524424 0.998416529 -0.017308106 0.143694623 0.009451497 0.989576942 -0.129367947 -0.022098523 -0.022408872
0.000000000 0.465507329 0.827568352 0.500000000 0.500000000 0.000000000 0.000000000 0.987867430 -0.056169742 -0.144785708 0.054197448 0.998376283 -0.017533806 0.145535486 0.009474060 0.989307669 -0.131583131 -0.022552693 -0.022925009
0.000000000 0.465507329 0.827568352 0.500000000 0.500000000 0.000000000 0.000000000 0.987557419 -0.056885927 -0.146609465 0.054869883 0.998335518 -0.017762026 0.147375846 0.009496577 0.989034972 -0.133796257 -0.023009878 -0.023449596
0.000000000 0.465507329 0.827568352 0.500000000 0.500000000 0.000000000 0.000000000 0.987243532 -0.057602170 -0.148432473 0.055541719 0.998294234 -0.017992766 0.149215705 0.009519047 0.988758849 -0.136007310 -0.023470073 -0.023982630
0.000000000 0.465507329 0.827568352 0.500000000 0.500000000 0.000000000 0.000000000 0.986925772 -0.058318471 -0.150254704 0.056212951 0.998252431 -0.018226021 0.151055037 0.009541469 0.988479305 -0.138216271 -0.023933273 -0.024524107
