0.000000000 0.789358377 1.403303623 0.500000000 0.500000000 0.000000000 0.000000000 0.999999998 0.000000629 -0.000064229 -0.000000628 1.000000000 0.000009455 0.000064229 -0.000009455 0.999999998 0.000179800 -0.000114988 -0.000041992
0.000000000 0.789358377 1.403303623 0.500000000 0.500000000 0.000000000 0.000000000 1.000000000 0.000022357 -0.000014473 -0.000022359 0.999999991 -0.000128648 0.000014470 0.000128649 0.999999992 -0.000138228 -0.000080496 -0.001419743
0.000000000 0.789358377 1.403303623 0.500000000 0.500000000 0.000000000 0.000000000 0.999999998 0.000044098 0.000035276 -0.000044089 0.999999963 -0.000266753 -0.000035288 0.000266752 0.999999964 -0.000456393 -0.000045609 -0.002797453
0.000000000 0.789358377 1.403303623 0.500000000 0.500000000 0.000000000 0.000000000 0.999999994 0.000065854 0.000085020 -0.000065820 0.999999916 -0.000404861 -0.000085047 0.000404855 0.999999914 -0.000774693 -0.000010328 -0.004175121
0.000000000 0.789358377 1.403303623 0.500000000 0.500000000 0.000000000 0.000000000 0.999999987 0.000087623 0.000134758 -0.000087550 0.999999849 -0.000542970 -0.000134805 0.000542959 0.999999844 -0.001093128 0.000025347 -0.005552748
0.000000000 0.789358377 1.403303623 0.500000000 0.500000000 0.000000000 0.000000000 0.999999977 0.000109406 0.000184489 -0.000109281 0.999999762 -0.000681082 -0.000184564 0.000681062 0.999999751 -0.001411699 0.000061417 -0.006930333
0.000000000 0.789358377 1.403303623 0.500000000 0.500000000 0.000000000 0.000000000 0.999999964 0.000131203 0.000234215 -0.000131011 0.999999656 -0.000819196 -0.000234322 0.000819165 0.999999637 -0.001730406 0.000097882 -0.008307877
0.000000000 0.789358377 1.403303623 0.500000000 0.500000000 0.000000000 0.000000000 0.999999948 0.000153013 0.000283934 -0.000152742 0.999999530 -0.000957312 -0.000284081 0.000957269 0.999999501 -0.002049248 0.000134740 -0.009685379
0.000000000 0.789358377 1.403303623 0.500000000 0.500000000 0.000000000 0.000000000 0.999999929 0.000174838 0.000333648 -0.000174472 0.999999385 -0.001095430 -0.000333839 0.001095372 0.999999344 -0.002368225 0.000171993 -0.011062840
0.000000000 0.789358377 1.403303623 0.500000000 0.500000000 0.000000000 0.000000000 0.999999907 0.000196676 0.000383355 -0.000196203 0.999999220 -0.001233551 -0.000383598 0.001233475 0.999999166 -0.002687338 0.000209641 -0.012440259
0.000000000 0.789358377 1.403303623 0.500000000 0.500000000 0.000000000 0.000000000 0.999999882 0.000218527 0.000433057 -0.000217933 0.999999036 -0.001371673 -0.000433356 0.001371578 0.999998965 -0.003006586 0.000247683 -0.013817636
0.000000000 0.789358377 1.403303623 0.500000000 0.500000000 0.000000000 0.000000000 0.999999855 0.000240393 0.000482752 -0.000239664 0.999998832 -0.001509798 -0.000483114 0.001509682 0.999998744 -0.003325969 0.000286119 -0.015194970
0.000000000 0.789358377 1.403303623 0.500000000 0.500000000 0.000000000 0.000000000 0.999999824 0.000262272 0.000532441 -0.000261394 0.999998608 -0.001647924 -0.000532873 0.001647785 0.999998500 -0.003645488 0.000324950 -0.016572262
0.000000000 0.789358377 1.403303623 0.500000000 0.500000000 0.000000000 0.000000000 0.999999778 0.000306885 0.000590654 -0.000305822 0.999998336 -0.001798223 -0.000591205 0.001798042 0.999998209 -0.003936128 0.000387805 -0.018084041
0.000000000 0.789358377 1.403303623 0.500000000 0.500000000 0.000000000 0.000000000 0.999999728 0.000351516 0.000648853 -0.000350251 0.999998040 -0.001948527 -0.000649537 0.001948300 0.999997891 -0.004226938 0.000451140 -0.019595768
0.000000000 0.789358377 1.403303623 0.500000000 0.500000000 0.000000000 0.000000000 0.999999672 0.000396164 0.000707039 -0.000394679 0.999997720 -0.002098837 -0.000707869 0.002098557 0.999997547 -0.004517919 0.000514956 -0.021107442
0.000000000 0.789358377 1.403303623 0.500000000 0.500000000 0.000000000 0.000000000 0.999999610 0.000440830 0.000765211 -0.000439107 0.999997374 -0.002249151 -0.000766201 0.002248814 0.999997178 -0.004809071 0.000579252 -0.022619063
0.000000000 0.789358377 1.403303623 0.500000000 0.500000000 0.000000000 0.000000000 0.999999543 0.000485513 0.000823370 -0.000483536 0.999997004 -0.002399471 -0.000824533 0.002399072 0.999996782 -0.005100393 0.000644029 -0.024130632
0.000000000 0.789358377 1.403303623 0.500000000 0.500000000 0.000000000 0.000000000 0.999999471 0.000530213 0.000881515 -0.000527964 0.999996610 -0.002549796 -0.000882864 0.002549329 0.999996361 -0.005391886 0.000709286 -0.025642148
0.000000000 0.789358377 1.403303623 0.500000000 0.500000000 0.000000000 0.000000000 0.999999393 0.000574932 0.000939648 -0.000572393 0.999996191 -0.002700125 -0.000941196 0.002699586 0.999995913 -0.005683548 0.000775023 -0.027153611
0.000000000 0.789358377 1.403303623 0.500000000 0.500000000 0.000000000 0.000000000 0.999999310 0.000619667 0.000997766 -0.000616821 0.999995747 -0.002850460 -0.000999528 0.002849843 0.999995440 -0.005975381 0.000841241 -0.028665021
0.000000000 0.789358377 1.403303623 0.500000000 0.500000000 0.000000000 0.000000000 0.999999222 0.000664420 0.001055871 -0.000661249 0.999995279 -0.003000800 -0.001057860 0.003000100 0.999994940 -0.006267384 0.000907939 -0.030176378
0.000000000 0.789358377 1.403303623 0.500000000 0.500000000 0.000000000 0.000000000 0.999999128 0.000709191 0.001113963 -0.000705678 0.999994786 -0.003151145 -0.001116192 0.003150356 0.999994415 -0.006559558 0.000975118 -0.031687681
0.000000000 0.789358377 1.403303623 0.500000000 0.500000000 0.000000000 0.000000000 0.999999029 0.000753979 0.001172041 -0.000750106 0.999994269 -0.003301495 -0.001174524 0.003300613 0.999993863 -0.006851901 0.001042777 -0.033198931
0.000000000 0.789358377 1.403303623 0.500000000 0.500000000 0.000000000 0.000000000 0.999998924 0.000798784 0.001230106 -0.000794534 0.999993727 -0.003451851 -0.001232856 0.003450870 0.999993286 -0.007144414 0.001110917 -0.034710128
0.000000000 0.789358377 1.403303623 0.500000000 0.500000000 0.000000000 0.000000000 0.999998798 0.000838743 0.001303850 -0.000834032 0.999993139 -0.003609191 -0.001306868 0.003608100 0.999992637 -0.007479523 0.001217637 -0.036173269
0.000000000 0.789358377 1.403303623 0.500000000 0.500000000 0.000000000 0.000000000 0.999998665 0.000878724 0.001377582 -0.000873530 0.999992525 -0.003766538 -0.001380881 0.003765329 0.999991958 -0.007814840 0.001324844 -0.037636329
0.000000000 0.789358377 1.403303623 0.500000000 0.500000000 0.000000000 0.000000000 0.999998525 0.000918729 0.001451300 -0.000913028 0.999991885 -0.003923890 -0.001454894 0.003922559 0.999991248 -0.008150364 0.001432539 -0.039099306
0.000000000 0.789358377 1.403303623 0.500000000 0.500000000 0.000000000 0.000000000 0.999998378 0.000958757 0.001525007 -0.000952526 0.999991218 -0.004081248 -0.001528906 0.004079789 0.999990509 -0.008486096 0.001540720 -0.040562202
0.000000000 0.789358377 1.403303623 0.500000000 0.500000000 0.000000000 0.000000000 0.999998223 0.000998808 0.001598700 -0.000992024 0.999990525 -0.004238611 -0.001602919 0.004237018 0.999989739 -0.008822036 0.001649389 -0.042025014
0.000000000 0.789358377 1.403303623 0.500000000 0.500000000 0.000000000 0.000000000 0.999998062 0.001038882 0.001672381 -0.001031522 0.999989806 -0.004395981 -0.001676931 0.004394247 0.999988939 -0.009158183 0.001758545 -0.043487745
0.000000000 0.789358377 1.403303623 0.500000000 0.500000000 0.000000000 0.000000000 0.999997894 0.001078979 0.001746050 -0.001071020 0.999989060 -0.004553356 -0.001750944 0.004551476 0.999988109 -0.009494538 0.001868188 -0.044950392
0.000000000 0.789358377 1.403303623 0.500000000 0.500000000 0.000000000 0.000000000 0.999997718 0.001119100 0.001819706 -0.001110517 0.999988288 -0.004710736 -0.001824956 0.004708705 0.999987249 -0.009831099 0.001978318 -0.046412957
0.000000000 0.789358377 1.403303623 0.500000000 0.500000000 0.000000000 0.000000000 0.999997536 0.001159244 0.001893349 -0.001150015 0.999987489 -0.004868123 -0.001898969 0.004865933 0.999986358 -0.010167869 0.002088935 -0.047875439
0.000000000 0.789358377 1.403303623 0.500000000 0.500000000 0.000000000 0.000000000 0.999997346 0.001199411 0.001966980 -0.001189513 0.999986665 -0.005025515 -0.001972981 0.005023162 0.999985437 -0.010504845 0.002200040 -0.049337837
0.000000000 0.789358377 1.403303623 0.500000000 0.500000000 0.000000000 0.000000000 0.999997150 0.001239601 0.002040598 -0.001229011 0.999985813 -0.005182913 -0.002046994 0.005180390 0.999984487 -0.010842028 0.002311632 -0.050800153
0.000000000 0.789358377 1.403303623 0.500000000 0.500000000 0.000000000 0.000000000 0.999996946 0.001279815 0.002114204 -0.001268509 0.999984936 -0.005340316 -0.002121006 0.005337618 0.999983505 -0.011179418 0.002423711 -0.052262386
0.000000000 0.789358377 1.403303623 0.500000000 0.500000000 0.000000000 0.000000000 0.999996721 0.001311137 0.002199940 -0.001299027 0.999984047 -0.005497153 -0.002207113 0.005494278 0.999982471 -0.011469143 0.002516231 -0.053804715
0.000000000 0.789358377 1.403303623 0.500000000 0.500000000 0.000000000 0.000000000 0.999996487 0.001342487 0.002285667 -0.001329545 0.999983132 -0.005653995 -0.002293219 0.005650937 0.999981404 -0.011759128 0.002609253 -0.055346966
0.000000000 0.789358377 1.403303623 0.500000000 0.500000000 0.000000000 0.000000000 0.999996245 0.001373863 0.002371384 -0.001360064 0.999982192 -0.005810843 -0.002379325 0.005807596 0.999980305 -0.012049371 0.002702777 -0.056889140
0.000000000 0.789358377 1.403303623 0.500000000 0.500000000 0.000000000 0.000000000 0.999995994 0.001405266 0.002457091 -0.001390582 0.999981226 -0.005967695 -0.002465431 0.005964254 0.999979174 -0.012339873 0.002796802 -0.058431238
0.000000000 0.789358377 1.403303623 0.500000000 0.500000000 0.000000000 0.000000000 0.999995735 0.001436696 0.002542788 -0.001421101 0.999980235 -0.006124552 -0.002551537 0.006120913 0.999978012 -0.012630635 0.002891330 -0.059973258
0.000000000 0.789358377 1.403303623 0.500000000 0.500000000 0.000000000 0.000000000 0.999995468 0.001468153 0.002628476 -0.001451619 0.999979218 -0.006281415 -0.002637643 0.006277571 0.999976817 -0.012921656 0.002986359 -0.061515199
0.000000000 0.789358377 1.403303623 0.500000000 0.500000000 0.000000000 0.000000000 0.999995192 0.001499637 0.002714154 -0.001482137 0.999978176 -0.006438282 -0.002723749 0.006434229 0.999975591 -0.013212935 0.003081891 -0.063057064
0.000000000 0.789358377 1.403303623 0.500000000 0.500000000 0.000000000 0.000000000 0.999994908 0.001531148 0.002799821 -0.001512656 0.999977108 -0.006595155 -0.002809856 0.006590886 0.999974332 -0.013504474 0.003177924 -0.064598850
0.000000000 0.789358377 1.403303623 0.500000000 0.500000000 0.000000000 0.000000000 0.999994616 0.001562686 0.002885479 -0.001543174 0.999976014 -0.006752033 -0.002895962 0.006747544 0.999973042 -0.013796273 0.003274459 -0.066140558
0.000000000 0.789358377 1.403303623 0.500000000 0.500000000 0.000000000 0.000000000 0.999994315 0.001594250 0.002971128 -0.001573692 0.999974895 -0.006908915 -0.002982068 0.006904200 0.999971719 -0.014088329 0.003371497 -0.067682187
0.000000000 0.789358377 1.403303623 0.500000000 0.500000000 0.000000000 0.000000000 0.999994006 0.001625842 0.003056766 -0.001604210 0.999973750 -0.007065803 -0.003068174 0.007060857 0.999970365 -0.014380645 0.003469036 -0.069223740
0.000000000 0.789358377 1.403303623 0.500000000 0.500000000 0.000000000 0.000000000 0.999993689 0.001657460 0.003142394 -0.001634728 0.999972580 -0.007222696 -0.003154280 0.007217514 0.999968979 -0.014673219 0.003567077 -0.070765212
0.000000000 0.789358377 1.403303623 0.500000000 0.500000000 0.000000000 0.000000000 0.999993358 0.001691505 0.003228411 -0.001667671 0.999971444 -0.007370958 -0.003240787 0.007365525 0.999967623 -0.014958934 0.003657188 -0.072353419
0.000000000 0.789358377 1.403303623 0.500000000 0.500000000 0.000000000 0.000000000 0.999993018 0.001725575 0.003314418 -0.001700614 0.999970284 -0.007519226 -0.003327295 0.007513537 0.999966237 -0.015244919 0.003747789 -0.073941551
0.000000000 0.789358377 1.403303623 0.500000000 0.500000000 0.000000000 0.000000000 0.999992670 0.001759671 0.003400415 -0.001733556 0.999969102 -0.007667499 -0.003413802 0.007661548 0.999964823 -0.015531171 0.003838880 -0.075529610
0.000000000 0.789358377 1.403303623 0.500000000 0.500000000 0.000000000 0.000000000 0.999992314 0.001793792 0.003486402 -0.001766499 0.999967896 -0.007815777 -0.003500309 0.007809559 0.999963379 -0.015817692 0.003930461 -0.077117594
0.000000000 0.789358377 1.403303623 0.500000000 0.500000000 0.000000000 0.000000000 0.999991948 0.001827939 0.003572378 -0.001799441 0.999966667 -0.007964062 -0.003586817 0.007957569 0.999961905 -0.016104480 0.004022532 -0.078705504
0.000000000 0.789358377 1.403303623 0.500000000 0.500000000 0.000000000 0.000000000 0.999991574 0.001862111 0.003658345 -0.001832384 0.999965415 -0.008112351 -0.003673324 0.008105579 0.999960402 -0.016391536 0.004115094 -0.080293339
0.000000000 0.789358377 1.403303623 0.500000000 0.500000000 0.000000000 0.000000000 0.999991192 0.001896308 0.003744301 -0.001865326 0.999964140 -0.008260646 -0.003759832 0.008253589 0.999958870 -0.016678859 0.004208146 -0.081881101
0.000000000 0.789358377 1.403303623 0.500000000 0.500000000 0.000000000 0.000000000 0.999990801 0.001930531 0.003830248 -0.001898269 0.999962842 -0.008408947 -0.003846339 0.008401599 0.999957308 -0.016966451 0.004301688 -0.083468788
0.000000000 0.789358377 1.403303623 0.500000000 0.500000000 0.000000000 0.000000000 0.999990402 0.001964780 0.003916184 -0.001931211 0.999961521 -0.008557253 -0.003932846 0.008549608 0.999955717 -0.017254310 0.004395721 -0.085056399
0.000000000 0.789358377 1.403303623 0.500000000 0.500000000 0.000000000 0.000000000 0.999989993 0.001999054 0.004002110 -0.001964154 0.999960177 -0.008705564 -0.004019353 0.008697617 0.999954097 -0.017542437 0.004490244 -0.086643936
0.000000000 0.789358377 1.403303623 0.500000000 0.500000000 0.000000000 0.000000000 0.999989577 0.002033354 0.004088026 -0.001997096 0.999958809 -0.008853881 -0.004105861 0.008845625 0.999952447 -0.017830831 0.004585258 -0.088231397
0.000000000 0.789358377 1.403303623 0.500000000 0.500000000 0.000000000 0.000000000 0.999989151 0.002067679 0.004173932 -0.002030038 0.999957419 -0.009002204 -0.004192368 0.008993633 0.999950768 -0.018119493 0.004680761 -0.089818784
0.000000000 0.789358377 1.403303623 0.500000000 0.500000000 0.000000000 0.000000000 0.999988768 0.002095227 0.004251335 -0.002056274 0.999956058 -0.009146284 -0.004270312 0.009137439 0.999949135 -0.018482158 0.004795045 -0.091376202
0.000000000 0.789358377 1.403303623 0.500000000 0.500000000 0.000000000 0.000000000 0.999988378 0.002122798 0.004328731 -0.002082510 0.999954675 -0.009290367 -0.004348256 0.009281245 0.999947474 -0.018845057 0.004909798 -0.092933533
0.000000000 0.789358377 1.403303623 0.500000000 0.500000000 0.000000000 0.000000000 0.999987981 0.002150391 0.004406119 -0.002108746 0.999953271 -0.009434455 -0.004426201 0.009425050 0.999945787 -0.019208194 0.005025019 -0.094490777
0.000000000 0.789358377 1.403303623 0.500000000 0.500000000 0.000000000 0.000000000 0.999987577 0.002178006 0.004483498 -0.002134982 0.999951845 -0.009578546 -0.004504145 0.009568855 0.999944073 -0.019571565 0.005140708 -0.096047934
0.000000000 0.789358377 1.403303623 0.500000000 0.500000000 0.000000000 0.000000000 0.999987167 0.002205643 0.004560870 -0.002161218 0.999950398 -0.009722642 -0.004582089 0.009712660 0.999942333 -0.019935172 0.005256866 -0.097605004
0.000000000 0.789358377 1.403303623 0.500000000 0.500000000 0.000000000 0.000000000 0.999986749 0.002233303 0.004638234 -0.002187454 0.999948930 -0.009866741 -0.004660033 0.009856464 0.999940565 -0.020299016 0.005373492 -0.099161987
0.000000000 0.789358377 1.403303623 0.500000000 0.500000000 0.000000000 0.000000000 0.999986325 0.002260985 0.004715590 -0.002213690 0.999947440 -0.010010844 -0.004737977 0.010000268 0.999938771 -0.020663094 0.005490587 -0.100718883
0.000000000 0.789358377 1.403303623 0.500000000 0.500000000 0.000000000 0.000000000 0.999985895 0.002288690 0.004792939 -0.002239925 0.999945928 -0.010154950 -0.004815921 0.010144071 0.999936950 -0.021027408 0.005608151 -0.102275695
0.000000000 0.789358377 1.403303623 0.500000000 0.500000000 0.000000000 0.000000000 0.999985457 0.002316416 0.004870279 -0.002266161 0.999944395 -0.010299061 -0.004893865 0.010287874 0.999935103 -0.021391957 0.005726183 -0.103832409
0.000000000 0.789358377 1.403303623 0.500000000 0.500000000 0.000000000 0.000000000 0.999985013 0.002344165 0.004947611 -0.002292397 0.999942841 -0.010443176 -0.004971809 0.010431678 0.999933228 -0.021756743 0.005844683 -0.105389046
0.000000000 0.789358377 1.403303623 0.500000000 0.500000000 0.000000000 0.000000000 0.999984562 0.002371937 0.005024935 -0.002318633 0.999941265 -0.010587294 -0.005049753 0.010575480 0.999931327 -0.022121764 0.005963652 -0.106945585
0.000000000 0.789358377 1.403303623 0.500000000 0.500000000 0.000000000 0.000000000 0.999984104 0.002399730 0.005102252 -0.002344868 0.999939667 -0.010731416 -0.005127697 0.010719282 0.999929399 -0.022487019 0.006083089 -0.108502046
0.000000000 0.789358377 1.403303623 0.500000000 0.500000000 0.000000000 0.000000000 0.999983729 0.002425657 0.005163124 -0.002369470 0.999938213 -0.010860772 -0.005189149 0.010848361 0.999927690 -0.022897865 0.006211547 -0.110033690
0.000000000 0.789358377 1.403303623 0.500000000 0.500000000 0.000000000 0.000000000 0.999983350 0.002451600 0.005223989 -0.002394073 0.999936741 -0.010990129 -0.005250602 0.010977439 0.999925961 -0.023308890 0.006340422 -0.111565263
0.000000000 0.789358377 1.403303623 0.500000000 0.500000000 0.000000000 0.000000000 0.999982966 0.002477559 0.005284847 -0.002418675 0.999935251 -0.011119490 -0.005312054 0.011106518 0.999924211 -0.023720098 0.006469713 -0.113096745
0.000000000 0.789358377 1.403303623 0.500000000 0.500000000 0.000000000 0.000000000 0.999982578 0.002503533 0.005345699 -0.002443277 0.999933745 -0.011248852 -0.005373507 0.011235595 0.999922440 -0.024131486 0.006599422 -0.114628155
0.000000000 0.789358377 1.403303623 0.500000000 0.500000000 0.000000000 0.000000000 0.999982185 0.002529524 0.005406545 -0.002467879 0.999932221 -0.011378219 -0.005434960 0.011364673 0.999920650 -0.024543055 0.006729548 -0.116159474
0.000000000 0.789358377 1.403303623 0.500000000 0.500000000 0.000000000 0.000000000 0.999981788 0.002555530 0.005467383 -0.002492482 0.999930679 -0.011507587 -0.005496412 0.011493750 0.999918838 -0.024954805 0.006860091 -0.117690721
0.000000000 0.789358377 1.403303623 0.500000000 0.500000000 0.000000000 0.000000000 0.999981387 0.002581551 0.005528215 -0.002517084 0.999929120 -0.011636959 -0.005557865 0.011622828 0.999917007 -0.025366734 0.006991051 -0.119221877
0.000000000 0.789358377 1.403303623 0.500000000 0.500000000 0.000000000 0.000000000 0.999980981 0.002607589 0.005589040 -0.002541686 0.999927544 -0.011766334 -0.005619317 0.011751905 0.999915154 -0.025778845 0.007122429 -0.120752951
