0.000000000 0.928004980 1.649786353 0.500000000 0.500000000 0.000000000 0.000000000 0.999999894 0.000451903 0.000091146 -0.000451879 0.999999863 -0.000262909 -0.000091265 0.000262867 0.999999961 -0.000228655 0.000358187 -0.000226548
0.000000000 0.928004980 1.649786353 0.500000000 0.500000000 0.000000000 0.000000000 0.999999624 0.000597786 0.000627745 -0.000598094 0.999999700 0.000491439 -0.000627451 -0.000491815 0.999999682 -0.001231461 0.000258696 0.000252539
0.000000000 0.928004980 1.649786353 0.500000000 0.500000000 0.000000000 0.000000000 0.999999046 0.000742859 0.001164564 -0.000744309 0.999998947 0.001245630 -0.001163637 -0.001246495 0.999998546 -0.002233782 0.000160220 0.000732852
0.000000000 0.928004980 1.649786353 0.500000000 0.500000000 0.000000000 0.000000000 0.999998159 0.000887122 0.001701601 -0.000890524 0.999997604 0.001999663 -0.001699823 -0.002001174 0.999996553 -0.003235616 0.000062758 0.001214389
0.000000000 0.928004980 1.649786353 0.500000000 0.500000000 0.000000000 0.000000000 0.999996963 0.001030574 0.002238856 -0.001036738 0.999995672 0.002753537 -0.002236008 -0.002755850 0.999993703 -0.004236961 -0.000033688 0.001697150
0.000000000 0.928004980 1.649786353 0.500000000 0.500000000 0.000000000 0.000000000 0.999995751 0.001114467 0.002693513 -0.001123978 0.999993130 0.003532103 -0.002689558 -0.003535115 0.999990135 -0.005404980 -0.000058458 0.001798032
0.000000000 0.928004980 1.649786353 0.500000000 0.500000000 0.000000000 0.000000000 0.999994327 0.001197652 0.003148301 -0.001211218 0.999989976 0.004310587 -0.003143107 -0.004314376 0.999985753 -0.006572912 -0.000082875 0.001900017
0.000000000 0.928004980 1.649786353 0.500000000 0.500000000 0.000000000 0.000000000 0.999992689 0.001280128 0.003603220 -0.001298457 0.999986208 0.005088989 -0.003596656 -0.005093630 0.999980559 -0.007740757 -0.000106939 0.002003103
0.000000000 0.928004980 1.649786353 0.500000000 0.500000000 0.000000000 0.000000000 0.999990838 0.001361896 0.004058268 -0.001385695 0.999981827 0.005867308 -0.004050204 -0.005872878 0.999974552 -0.008908513 -0.000130650 0.002107290
0.000000000 0.928004980 1.649786353 0.500000000 0.500000000 0.000000000 0.000000000 0.999989058 0.001477510 0.004438590 -0.001506974 0.999976804 0.006642347 -0.004428672 -0.006648964 0.999968089 -0.010099180 -0.000142386 0.002173191
0.000000000 0.928004980 1.649786353 0.500000000 0.500000000 0.000000000 0.000000000 0.999987120 0.001592533 0.004819092 -0.001628253 0.999971166 0.007417291 -0.004807141 -0.007425042 0.999960879 -0.011289800 -0.000153744 0.002240017
0.000000000 0.928004980 1.649786353 0.500000000 0.500000000 0.000000000 0.000000000 0.999985024 0.001706967 0.005199774 -0.001749530 0.999964913 0.008192137 -0.005185608 -0.008201112 0.999952925 -0.012480374 -0.000164724 0.002307768
0.000000000 0.928004980 1.649786353 0.500000000 0.500000000 0.000000000 0.000000000 0.999982770 0.001820810 0.005580636 -0.001870807 0.999958047 0.008966886 -0.005564075 -0.008977172 0.999944224 -0.013670900 -0.000175327 0.002376444
0.000000000 0.928004980 1.649786353 0.500000000 0.500000000 0.000000000 0.000000000 0.999981585 0.001939037 0.005750560 -0.001995198 0.999950218 0.009776526 -0.005731316 -0.009787819 0.999935673 -0.014770452 -0.000209802 0.002546998
0.000000000 0.928004980 1.649786353 0.500000000 0.500000000 0.000000000 0.000000000 0.999980357 0.002056989 0.005920678 -0.002119588 0.999941719 0.010586117 -0.005898558 -0.010598458 0.999926437 -0.015869955 -0.000243741 0.002717983
0.000000000 0.928004980 1.649786353 0.500000000 0.500000000 0.000000000 0.000000000 0.999979085 0.002174667 0.006090992 -0.002243978 0.999932549 0.011395659 -0.006065799 -0.011409089 0.999916516 -0.016969409 -0.000277145 0.002889398
0.000000000 0.928004980 1.649786353 0.500000000 0.500000000 0.000000000 0.000000000 0.999977770 0.002292069 0.006261499 -0.002368367 0.999922710 0.012205150 -0.006233040 -0.012219708 0.999905910 -0.018068814 -0.000310012 0.003061245
0.000000000 0.928004980 1.649786353 0.500000000 0.500000000 0.000000000 0.000000000 0.999976555 0.002393364 0.006415666 -0.002476427 0.999912815 0.012970371 -0.006384064 -0.012985955 0.999895299 -0.019212482 -0.000338585 0.003274452
0.000000000 0.928004980 1.649786353 0.500000000 0.500000000 0.000000000 0.000000000 0.999975306 0.002494423 0.006569991 -0.002584486 0.999902323 0.013735551 -0.006535087 -0.013752192 0.999884078 -0.020356089 -0.000366600 0.003488057
0.000000000 0.928004980 1.649786353 0.500000000 0.500000000 0.000000000 0.000000000 0.999974023 0.002595248 0.006724475 -0.002692545 0.999891234 0.014500689 -0.006686110 -0.014518418 0.999872248 -0.021499638 -0.000394056 0.003702060
0.000000000 0.928004980 1.649786353 0.500000000 0.500000000 0.000000000 0.000000000 0.999972705 0.002695836 0.006879116 -0.002800603 0.999879549 0.015265786 -0.006837134 -0.015284634 0.999859807 -0.022643128 -0.000420954 0.003916460
0.000000000 0.928004980 1.649786353 0.500000000 0.500000000 0.000000000 0.000000000 0.999972441 0.002778655 0.006884474 -0.002887962 0.999869120 0.015918643 -0.006839341 -0.015938086 0.999849589 -0.023794696 -0.000421738 0.004049600
0.000000000 0.928004980 1.649786353 0.500000000 0.500000000 0.000000000 0.000000000 0.999972170 0.002861467 0.006889944 -0.002975321 0.999858257 0.016571492 -0.006841548 -0.016591530 0.999838944 -0.024946264 -0.000422158 0.004182754
0.000000000 0.928004980 1.649786353 0.500000000 0.500000000 0.000000000 0.000000000 0.999971891 0.002944273 0.006895524 -0.003062679 0.999846959 0.017224334 -0.006843756 -0.017244968 0.999827872 -0.026097830 -0.000422213 0.004315922
0.000000000 0.928004980 1.649786353 0.500000000 0.500000000 0.000000000 0.000000000 0.999971605 0.003027073 0.006901216 -0.003150038 0.999835229 0.017877167 -0.006845963 -0.017898399 0.999816373 -0.027249395 -0.000421903 0.004449105
0.000000000 0.928004980 1.649786353 0.500000000 0.500000000 0.000000000 0.000000000 0.999970062 0.003094575 0.007092120 -0.003225525 0.999823143 0.018527770 -0.007033530 -0.018550091 0.999803192 -0.028449034 -0.000456660 0.004649335
0.000000000 0.928004980 1.649786353 0.500000000 0.500000000 0.000000000 0.000000000 0.999968479 0.003161829 0.007283115 -0.003301012 0.999810629 0.019178335 -0.007221097 -0.019201772 0.999789552 -0.029648604 -0.000490994 0.004850070
0.000000000 0.928004980 1.649786353 0.500000000 0.500000000 0.000000000 0.000000000 0.999966855 0.003228835 0.007474200 -0.003376498 0.999797687 0.019828864 -0.007408664 -0.019853444 0.999775451 -0.030848102 -0.000524903 0.005051309
0.000000000 0.928004980 1.649786353 0.500000000 0.500000000 0.000000000 0.000000000 0.999965190 0.003295593 0.007665375 -0.003451985 0.999784317 0.020479356 -0.007596230 -0.020505104 0.999760890 -0.032047531 -0.000558388 0.005253053
0.000000000 0.928004980 1.649786353 0.500000000 0.500000000 0.000000000 0.000000000 0.999964267 0.003375309 0.007750624 -0.003538562 0.999770114 0.021147072 -0.007677464 -0.021173742 0.999746332 -0.033171777 -0.000603757 0.005439738
0.000000000 0.928004980 1.649786353 0.500000000 0.500000000 0.000000000 0.000000000 0.999963330 0.003454912 0.007835982 -0.003625140 0.999755457 0.021814764 -0.007758698 -0.021842370 0.999731321 -0.034296001 -0.000648698 0.005626677
0.000000000 0.928004980 1.649786353 0.500000000 0.500000000 0.000000000 0.000000000 0.999962379 0.003534402 0.007921450 -0.003711718 0.999740348 0.022482431 -0.007839931 -0.022510987 0.999715855 -0.035420201 -0.000693209 0.005813871
0.000000000 0.928004980 1.649786353 0.500000000 0.500000000 0.000000000 0.000000000 0.999961413 0.003613780 0.008007028 -0.003798295 0.999724786 0.023150075 -0.007921165 -0.023179594 0.999699936 -0.036544377 -0.000737291 0.006001318
0.000000000 0.928004980 1.649786353 0.500000000 0.500000000 0.000000000 0.000000000 0.999960350 0.003713722 0.008093625 -0.003905485 0.999708932 0.023807542 -0.008002855 -0.023838207 0.999683797 -0.037683422 -0.000742385 0.006156324
0.000000000 0.928004980 1.649786353 0.500000000 0.500000000 0.000000000 0.000000000 0.999959268 0.003813552 0.008180358 -0.004012676 0.999692634 0.024464981 -0.008084545 -0.024496809 0.999667218 -0.038822442 -0.000747046 0.006311536
0.000000000 0.928004980 1.649786353 0.500000000 0.500000000 0.000000000 0.000000000 0.999958169 0.003913269 0.008267225 -0.004119866 0.999675894 0.025122390 -0.008166235 -0.025155399 0.999650198 -0.039961438 -0.000751276 0.006466954
0.000000000 0.928004980 1.649786353 0.500000000 0.500000000 0.000000000 0.000000000 0.999957051 0.004012874 0.008354227 -0.004227056 0.999658709 0.025779771 -0.008247925 -0.025813978 0.999632738 -0.041100408 -0.000755073 0.006622577
0.000000000 0.928004980 1.649786353 0.500000000 0.500000000 0.000000000 0.000000000 0.999954947 0.004116059 0.008553465 -0.004340784 0.999641436 0.026422670 -0.008441640 -0.026458609 0.999614266 -0.042264946 -0.000779140 0.006835972
0.000000000 0.928004980 1.649786353 0.500000000 0.500000000 0.000000000 0.000000000 0.999952793 0.004218989 0.008752838 -0.004454512 0.999623737 0.027065514 -0.008635356 -0.027103226 0.999595341 -0.043429408 -0.000802690 0.007049864
0.000000000 0.928004980 1.649786353 0.500000000 0.500000000 0.000000000 0.000000000 0.999950588 0.004321664 0.008952348 -0.004568240 0.999605613 0.027708302 -0.008829071 -0.027747829 0.999575963 -0.044593792 -0.000825723 0.007264253
0.000000000 0.928004980 1.649786353 0.500000000 0.500000000 0.000000000 0.000000000 0.999948333 0.004424083 0.009151992 -0.004681966 0.999587064 0.028351032 -0.009022786 -0.028392417 0.999556131 -0.045758098 -0.000848240 0.007479139
0.000000000 0.928004980 1.649786353 0.500000000 0.500000000 0.000000000 0.000000000 0.999944902 0.004527851 0.009470577 -0.004800996 0.999567290 0.029020381 -0.009335079 -0.029064251 0.999533954 -0.046877972 -0.000860339 0.007718733
0.000000000 0.928004980 1.649786353 0.500000000 0.500000000 0.000000000 0.000000000 0.999941359 0.004631193 0.009789303 -0.004920025 0.999547057 0.029689642 -0.009647371 -0.029736064 0.999511228 -0.047997703 -0.000871884 0.007959062
0.000000000 0.928004980 1.649786353 0.500000000 0.500000000 0.000000000 0.000000000 0.999937705 0.004734108 0.010108171 -0.005039052 0.999526363 0.030358814 -0.009959662 -0.030407858 0.999487953 -0.049117291 -0.000882874 0.008200124
0.000000000 0.928004980 1.649786353 0.500000000 0.500000000 0.000000000 0.000000000 0.999933938 0.004836597 0.010427180 -0.005158078 0.999505210 0.031027896 -0.010271951 -0.031079631 0.999464128 -0.050236733 -0.000893311 0.008441920
0.000000000 0.928004980 1.649786353 0.500000000 0.500000000 0.000000000 0.000000000 0.999929233 0.004966955 0.010810071 -0.005307996 0.999481688 0.031751855 -0.010646758 -0.031806988 0.999437323 -0.051415003 -0.000904998 0.008518444
0.000000000 0.928004980 1.649786353 0.500000000 0.500000000 0.000000000 0.000000000 0.999924365 0.005096757 0.011193154 -0.005457911 0.999457624 0.032475683 -0.011021563 -0.032534317 0.999409848 -0.052593228 -0.000916268 0.008595893
0.000000000 0.928004980 1.649786353 0.500000000 0.500000000 0.000000000 0.000000000 0.999919334 0.005226005 0.011576430 -0.005607824 0.999433016 0.033199379 -0.011396366 -0.033261619 0.999381703 -0.053771404 -0.000927120 0.008674268
0.000000000 0.928004980 1.649786353 0.500000000 0.500000000 0.000000000 0.000000000 0.999914140 0.005354697 0.011959897 -0.005757736 0.999407866 0.033922943 -0.011771168 -0.033988892 0.999352888 -0.054949533 -0.000937553 0.008753568
0.000000000 0.928004980 1.649786353 0.500000000 0.500000000 0.000000000 0.000000000 0.999908771 0.005457700 0.012355675 -0.005881890 0.999385329 0.034559617 -0.012159464 -0.034629139 0.999326258 -0.056081159 -0.000950586 0.008895180
0.000000000 0.928004980 1.649786353 0.500000000 0.500000000 0.000000000 0.000000000 0.999903236 0.005560199 0.012751587 -0.006006042 0.999362375 0.035196179 -0.012547759 -0.035269360 0.999299067 -0.057212685 -0.000963202 0.009037710
0.000000000 0.928004980 1.649786353 0.500000000 0.500000000 0.000000000 0.000000000 0.999897534 0.005662192 0.013147633 -0.006130192 0.999339003 0.035832629 -0.012936051 -0.035909555 0.999271316 -0.058344111 -0.000975402 0.009181156
0.000000000 0.928004980 1.649786353 0.500000000 0.500000000 0.000000000 0.000000000 0.999891667 0.005763680 0.013543813 -0.006254339 0.999315214 0.036468967 -0.013324343 -0.036549723 0.999243003 -0.059475437 -0.000987185 0.009325520
0.000000000 0.928004980 1.649786353 0.500000000 0.500000000 0.000000000 0.000000000 0.999885132 0.005907514 0.013957935 -0.006421643 0.999291624 0.037081164 -0.013728990 -0.037166537 0.999214773 -0.060587504 -0.000998371 0.009385671
0.000000000 0.928004980 1.649786353 0.500000000 0.500000000 0.000000000 0.000000000 0.999878406 0.006050839 0.014372236 -0.006588944 0.999267636 0.037693210 -0.014133634 -0.037783324 0.999185999 -0.061699536 -0.001009160 0.009446762
0.000000000 0.928004980 1.649786353 0.500000000 0.500000000 0.000000000 0.000000000 0.999871488 0.006193654 0.014786715 -0.006756242 0.999243250 0.038305104 -0.014538277 -0.038400084 0.999156680 -0.062811533 -0.001019551 0.009508793
0.000000000 0.928004980 1.649786353 0.500000000 0.500000000 0.000000000 0.000000000 0.999864378 0.006335960 0.015201373 -0.006923537 0.999218466 0.038916846 -0.014942917 -0.039016815 0.999126817 -0.063923494 -0.001029546 0.009571763
0.000000000 0.928004980 1.649786353 0.500000000 0.500000000 0.000000000 0.000000000 0.999856317 0.006526874 0.015644318 -0.007141285 0.999192266 0.039545138 -0.015373575 -0.039651176 0.999095309 -0.065038667 -0.001046406 0.009485481
0.000000000 0.928004980 1.649786353 0.500000000 0.500000000 0.000000000 0.000000000 0.999848024 0.006717227 0.016087507 -0.007359028 0.999165630 0.040173224 -0.015804231 -0.040285507 0.999063213 -0.066153936 -0.001062946 0.009400214
0.000000000 0.928004980 1.649786353 0.500000000 0.500000000 0.000000000 0.000000000 0.999839498 0.006907020 0.016530938 -0.007576766 0.999138560 0.040801102 -0.016234884 -0.040919805 0.999030529 -0.067269301 -0.001079166 0.009315962
0.000000000 0.928004980 1.649786353 0.500000000 0.500000000 0.000000000 0.000000000 0.999830739 0.007096252 0.016974611 -0.007794500 0.999111056 0.041428774 -0.016665532 -0.041554070 0.998997257 -0.068384761 -0.001095067 0.009232725
0.000000000 0.928004980 1.649786353 0.500000000 0.500000000 0.000000000 0.000000000 0.999822280 0.007251676 0.017401757 -0.007978337 0.999083297 0.042058441 -0.017080810 -0.042189803 0.998963596 -0.069491115 -0.001105737 0.009203877
0.000000000 0.928004980 1.649786353 0.500000000 0.500000000 0.000000000 0.000000000 0.999813616 0.007406559 0.017829102 -0.008162170 0.999055113 0.042687936 -0.017496085 -0.042825503 0.998929358 -0.070597510 -0.001116097 0.009175994
0.000000000 0.928004980 1.649786353 0.500000000 0.500000000 0.000000000 0.000000000 0.999804745 0.007560901 0.018256647 -0.008345998 0.999026506 0.043317258 -0.017911357 -0.043461170 0.998894544 -0.071703946 -0.001126148 0.009149076
0.000000000 0.928004980 1.649786353 0.500000000 0.500000000 0.000000000 0.000000000 0.999795668 0.007714701 0.018684391 -0.008529822 0.998997475 0.043946407 -0.018326626 -0.044096802 0.998859153 -0.072810423 -0.001135889 0.009123121
0.000000000 0.928004980 1.649786353 0.500000000 0.500000000 0.000000000 0.000000000 0.999785149 0.007886633 0.019169151 -0.008733952 0.998969952 0.044528123 -0.018798229 -0.044685978 0.998824204 -0.073879980 -0.001129751 0.009038516
0.000000000 0.928004980 1.649786353 0.500000000 0.500000000 0.000000000 0.000000000 0.999774367 0.008057996 0.019654114 -0.008938077 0.998942057 0.045109627 -0.019269828 -0.045275119 0.998788685 -0.074949635 -0.001123339 0.008954946
0.000000000 0.928004980 1.649786353 0.500000000 0.500000000 0.000000000 0.000000000 0.999763320 0.008228788 0.020139279 -0.009142196 0.998913790 0.045690920 -0.019741422 -0.045864223 0.998752597 -0.076019386 -0.001116655 0.008872411
0.000000000 0.928004980 1.649786353 0.500000000 0.500000000 0.000000000 0.000000000 0.999752010 0.008399010 0.020624646 -0.009346308 0.998885153 0.046272001 -0.020213013 -0.046453290 0.998715939 -0.077089233 -0.001109698 0.008790911
0.000000000 0.928004980 1.649786353 0.500000000 0.500000000 0.000000000 0.000000000 0.999741168 0.008544817 0.021085150 -0.009525235 0.998856781 0.046844424 -0.020660768 -0.047033140 0.998679637 -0.078174136 -0.001109558 0.008709255
0.000000000 0.928004980 1.649786353 0.500000000 0.500000000 0.000000000 0.000000000 0.999730093 0.008690090 0.021545825 -0.009704157 0.998828058 0.047416670 -0.021108519 -0.047612956 0.998642797 -0.079259130 -0.001109190 0.008628602
0.000000000 0.928004980 1.649786353 0.500000000 0.500000000 0.000000000 0.000000000 0.999718787 0.008834832 0.022006668 -0.009883072 0.998798982 0.047988735 -0.021556265 -0.048192734 0.998605421 -0.080344217 -0.001108595 0.008548953
0.000000000 0.928004980 1.649786353 0.500000000 0.500000000 0.000000000 0.000000000 0.999707247 0.008979040 0.022467680 -0.010061982 0.998769554 0.048560621 -0.022004007 -0.048772474 0.998567509 -0.081429392 -0.001107772 0.008470307
0.000000000 0.928004980 1.649786353 0.500000000 0.500000000 0.000000000 0.000000000 0.999695425 0.009142785 0.022923056 -0.010260324 0.998740287 0.049117868 -0.022445105 -0.049338105 0.998529904 -0.082544448 -0.001125820 0.008315383
0.000000000 0.928004980 1.649786353 0.500000000 0.500000000 0.000000000 0.000000000 0.999683369 0.009306017 0.023378618 -0.010458661 0.998710678 0.049674920 -0.022886200 -0.049903701 0.998491784 -0.083659666 -0.001143669 0.008161498
0.000000000 0.928004980 1.649786353 0.500000000 0.500000000 0.000000000 0.000000000 0.999671079 0.009468735 0.023834364 -0.010656991 0.998680728 0.050231778 -0.023327289 -0.050469258 0.998453149 -0.084775048 -0.001161320 0.008008653
0.000000000 0.928004980 1.649786353 0.500000000 0.500000000 0.000000000 0.000000000 0.999658555 0.009630939 0.024290295 -0.010855314 0.998650438 0.050788440 -0.023768373 -0.051034778 0.998414000 -0.085890592 -0.001178771 0.007856847
0.000000000 0.928004980 1.649786353 0.500000000 0.500000000 0.000000000 0.000000000 0.999645281 0.009737995 0.024788774 -0.011001316 0.998620224 0.051348020 -0.024254544 -0.051602515 0.998373125 -0.086980002 -0.001219464 0.007750665
0.000000000 0.928004980 1.649786353 0.500000000 0.500000000 0.000000000 0.000000000 0.999631750 0.009844487 0.025287376 -0.011147311 0.998589683 0.051907439 -0.024740710 -0.052170211 0.998331692 -0.088069549 -0.001260037 0.007645621
0.000000000 0.928004980 1.649786353 0.500000000 0.500000000 0.000000000 0.000000000 0.999617960 0.009950414 0.025786097 -0.011293299 0.998558815 0.052466697 -0.025226870 -0.052737862 0.998289699 -0.089159232 -0.001300488 0.007541713
0.000000000 0.928004980 1.649786353 0.500000000 0.500000000 0.000000000 0.000000000 0.999603913 0.010055777 0.026284941 -0.011439282 0.998527620 0.053025793 -0.025713024 -0.053305471 0.998247147 -0.090249051 -0.001340819 0.007438943
