0.000000000 0.776303232 1.380094051 0.500000000 0.500000000 0.000000000 0.000000000 0.999984437 0.000782926 0.005523779 -0.000795212 0.999997214 0.002222331 -0.005522024 -0.002226689 0.999982274 0.064156514 -0.006947275 -1.342125537
0.000000000 0.776303232 1.380094051 0.500000000 0.500000000 0.000000000 0.000000000 0.999984589 0.000792959 0.005494822 -0.000804610 0.999997432 0.002118449 -0.005493128 -0.002122837 0.999982659 0.065049421 -0.006850099 -1.346298369
0.000000000 0.776303232 1.380094051 0.500000000 0.500000000 0.000000000 0.000000000 0.999984740 0.000802986 0.005465863 -0.000814007 0.999997639 0.002014567 -0.005464233 -0.002018986 0.999983033 0.065942573 -0.006752075 -1.350471244
0.000000000 0.776303232 1.380094051 0.500000000 0.500000000 0.000000000 0.000000000 0.999984889 0.000813006 0.005436902 -0.000823405 0.999997836 0.001910686 -0.005435337 -0.001915134 0.999983395 0.066835968 -0.006653201 -1.354643963
0.000000000 0.776303232 1.380094051 0.500000000 0.500000000 0.000000000 0.000000000 0.999985038 0.000823021 0.005407939 -0.000832803 0.999998021 0.001806806 -0.005406441 -0.001811282 0.999983745 0.067729608 -0.006553478 -1.358816725
0.000000000 0.776303232 1.380094051 0.500000000 0.500000000 0.000000000 0.000000000 0.999985186 0.000833030 0.005378974 -0.000842201 0.999998195 0.001702926 -0.005377546 -0.001707431 0.999984083 0.068623490 -0.006452906 -1.362989430
0.000000000 0.776303232 1.380094051 0.500000000 0.500000000 0.000000000 0.000000000 0.999985333 0.000843033 0.005350007 -0.000851599 0.999998359 0.001599046 -0.005348650 -0.001603579 0.999984410 0.069517617 -0.006351485 -1.367161977
0.000000000 0.776303232 1.380094051 0.500000000 0.500000000 0.000000000 0.000000000 0.999985479 0.000853030 0.005321038 -0.000860997 0.999998512 0.001495168 -0.005319755 -0.001499727 0.999984725 0.070411988 -0.006249215 -1.371334568
0.000000000 0.776303232 1.380094051 0.500000000 0.500000000 0.000000000 0.000000000 0.999985625 0.000863020 0.005292067 -0.000870395 0.999998653 0.001391289 -0.005290859 -0.001395876 0.999985029 0.071306602 -0.006146096 -1.375507001
0.000000000 0.776303232 1.380094051 0.500000000 0.500000000 0.000000000 0.000000000 0.999985769 0.000873005 0.005263094 -0.000879792 0.999998784 0.001287412 -0.005261963 -0.001292024 0.999985321 0.072201461 -0.006042128 -1.379679477
0.000000000 0.776303232 1.380094051 0.500000000 0.500000000 0.000000000 0.000000000 0.999985912 0.000882984 0.005234118 -0.000889190 0.999998904 0.001183534 -0.005233068 -0.001188172 0.999985602 0.073096563 -0.005937311 -1.383851794
0.000000000 0.776303232 1.380094051 0.500000000 0.500000000 0.000000000 0.000000000 0.999986054 0.000892957 0.005205141 -0.000898588 0.999999013 0.001079658 -0.005204172 -0.001084320 0.999985870 0.073991910 -0.005831645 -1.388024154
0.000000000 0.776303232 1.380094051 0.500000000 0.500000000 0.000000000 0.000000000 0.999986196 0.000902924 0.005176162 -0.000907986 0.999999112 0.000975781 -0.005175276 -0.000980468 0.999986128 0.074887500 -0.005725130 -1.392196357
0.000000000 0.776303232 1.380094051 0.500000000 0.500000000 0.000000000 0.000000000 0.999986273 0.000895924 0.005162501 -0.000900582 0.999999189 0.000900110 -0.005161691 -0.000904747 0.999986269 0.075195540 -0.005517153 -1.396223102
0.000000000 0.776303232 1.380094051 0.500000000 0.500000000 0.000000000 0.000000000 0.999986350 0.000888922 0.005148842 -0.000893178 0.999999261 0.000824438 -0.005148105 -0.000829026 0.999986405 0.075503686 -0.005308561 -1.400249717
0.000000000 0.776303232 1.380094051 0.500000000 0.500000000 0.000000000 0.000000000 0.999986426 0.000881918 0.005135183 -0.000885774 0.999999327 0.000748766 -0.005134520 -0.000753304 0.999986535 0.075811941 -0.005099355 -1.404276299
0.000000000 0.776303232 1.380094051 0.500000000 0.500000000 0.000000000 0.000000000 0.999986502 0.000874912 0.005121526 -0.000878370 0.999999388 0.000673094 -0.005120934 -0.000677583 0.999986658 0.076120302 -0.004889535 -1.408302850
0.000000000 0.776303232 1.380094051 0.500000000 0.500000000 0.000000000 0.000000000 0.999986578 0.000867904 0.005107870 -0.000870966 0.999999442 0.000597421 -0.005107348 -0.000601862 0.999986776 0.076428769 -0.004679101 -1.412329369
0.000000000 0.776303232 1.380094051 0.500000000 0.500000000 0.000000000 0.000000000 0.999986654 0.000860893 0.005094215 -0.000863562 0.999999491 0.000521748 -0.005093763 -0.000526141 0.999986888 0.076737344 -0.004468052 -1.416355856
0.000000000 0.776303232 1.380094051 0.500000000 0.500000000 0.000000000 0.000000000 0.999986729 0.000853881 0.005080560 -0.000856159 0.999999534 0.000446076 -0.005080177 -0.000450419 0.999986994 0.077046025 -0.004256390 -1.420382411
0.000000000 0.776303232 1.380094051 0.500000000 0.500000000 0.000000000 0.000000000 0.999986805 0.000846867 0.005066907 -0.000848755 0.999999571 0.000370402 -0.005066592 -0.000374698 0.999987095 0.077354814 -0.004044113 -1.424408834
0.000000000 0.776303232 1.380094051 0.500000000 0.500000000 0.000000000 0.000000000 0.999986880 0.000839851 0.005053255 -0.000841351 0.999999603 0.000294729 -0.005053006 -0.000298977 0.999987189 0.077663709 -0.003831222 -1.428435225
0.000000000 0.776303232 1.380094051 0.500000000 0.500000000 0.000000000 0.000000000 0.999986954 0.000832832 0.005039605 -0.000833947 0.999999628 0.000219056 -0.005039420 -0.000223256 0.999987277 0.077972712 -0.003617717 -1.432461584
0.000000000 0.776303232 1.380094051 0.500000000 0.500000000 0.000000000 0.000000000 0.999987029 0.000825812 0.005025955 -0.000826543 0.999999648 0.000143382 -0.005025835 -0.000147534 0.999987360 0.078281821 -0.003403598 -1.436487911
0.000000000 0.776303232 1.380094051 0.500000000 0.500000000 0.000000000 0.000000000 0.999987103 0.000818789 0.005012306 -0.000819139 0.999999662 0.000067708 -0.005012249 -0.000071813 0.999987436 0.078591037 -0.003188864 -1.440514305
0.000000000 0.776303232 1.380094051 0.500000000 0.500000000 0.000000000 0.000000000 0.999987075 0.000814190 0.005018680 -0.000814269 0.999999668 0.000013694 -0.005018667 -0.000017780 0.999987406 0.078574774 -0.002422795 -1.444554101
0.000000000 0.776303232 1.380094051 0.500000000 0.500000000 0.000000000 0.000000000 0.999987047 0.000809591 0.005025054 -0.000809399 0.999999672 -0.000040321 -0.005025085 0.000036253 0.999987374 0.078558452 -0.001656289 -1.448593818
0.000000000 0.776303232 1.380094051 0.500000000 0.500000000 0.000000000 0.000000000 0.999987018 0.000804993 0.005031428 -0.000804529 0.999999672 -0.000094335 -0.005031503 0.000090286 0.999987338 0.078542072 -0.000889347 -1.452633456
0.000000000 0.776303232 1.380094051 0.500000000 0.500000000 0.000000000 0.000000000 0.999986990 0.000800396 0.005037803 -0.000799659 0.999999669 -0.000148350 -0.005037920 0.000144319 0.999987299 0.078525633 -0.000121969 -1.456673016
0.000000000 0.776303232 1.380094051 0.500000000 0.500000000 0.000000000 0.000000000 0.999986961 0.000795799 0.005044179 -0.000794789 0.999999664 -0.000202364 -0.005044338 0.000198352 0.999987258 0.078509135 0.000645846 -1.460712596
0.000000000 0.776303232 1.380094051 0.500000000 0.500000000 0.000000000 0.000000000 0.999986933 0.000791204 0.005050555 -0.000789919 0.999999655 -0.000256378 -0.005050756 0.000252385 0.999987213 0.078492579 0.001414097 -1.464751998
0.000000000 0.776303232 1.380094051 0.500000000 0.500000000 0.000000000 0.000000000 0.999986904 0.000786608 0.005056932 -0.000785049 0.999999644 -0.000310392 -0.005057174 0.000306418 0.999987165 0.078475965 0.002182784 -1.468791321
0.000000000 0.776303232 1.380094051 0.500000000 0.500000000 0.000000000 0.000000000 0.999986876 0.000782014 0.005063309 -0.000780179 0.999999629 -0.000364406 -0.005063592 0.000360451 0.999987115 0.078459292 0.002951908 -1.472830565
0.000000000 0.776303232 1.380094051 0.500000000 0.500000000 0.000000000 0.000000000 0.999986847 0.000777420 0.005069686 -0.000775309 0.999999612 -0.000418420 -0.005070010 0.000414484 0.999987062 0.078442560 0.003721468 -1.476869730
0.000000000 0.776303232 1.380094051 0.500000000 0.500000000 0.000000000 0.000000000 0.999986818 0.000772827 0.005076065 -0.000770439 0.999999592 -0.000472434 -0.005076428 0.000468517 0.999987005 0.078425771 0.004491465 -1.480908817
0.000000000 0.776303232 1.380094051 0.500000000 0.500000000 0.000000000 0.000000000 0.999986789 0.000768234 0.005082443 -0.000765569 0.999999568 -0.000526448 -0.005082846 0.000522550 0.999986946 0.078408921 0.005261898 -1.484947924
0.000000000 0.776303232 1.380094051 0.500000000 0.500000000 0.000000000 0.000000000 0.999986760 0.000763643 0.005088822 -0.000760699 0.999999542 -0.000580462 -0.005089263 0.000576583 0.999986883 0.078392014 0.006032767 -1.488986852
0.000000000 0.776303232 1.380094051 0.500000000 0.500000000 0.000000000 0.000000000 0.999986648 0.000755701 0.005112109 -0.000752584 0.999999530 -0.000611721 -0.005112568 0.000607865 0.999986746 0.078359025 0.006059269 -1.493257065
0.000000000 0.776303232 1.380094051 0.500000000 0.500000000 0.000000000 0.000000000 0.999986534 0.000747761 0.005135395 -0.000744469 0.999999516 -0.000642980 -0.005135874 0.000639148 0.999986607 0.078325838 0.006086038 -1.497527277
0.000000000 0.776303232 1.380094051 0.500000000 0.500000000 0.000000000 0.000000000 0.999986420 0.000739823 0.005158682 -0.000736354 0.999999502 -0.000674238 -0.005159179 0.000670430 0.999986467 0.078292451 0.006113074 -1.501797489
0.000000000 0.776303232 1.380094051 0.500000000 0.500000000 0.000000000 0.000000000 0.999986306 0.000731885 0.005181970 -0.000728239 0.999999486 -0.000705496 -0.005182484 0.000701712 0.999986325 0.078258864 0.006140377 -1.506067799
0.000000000 0.776303232 1.380094051 0.500000000 0.500000000 0.000000000 0.000000000 0.999986190 0.000723950 0.005205258 -0.000720124 0.999999469 -0.000736753 -0.005205789 0.000732995 0.999986181 0.078225078 0.006167946 -1.510338009
0.000000000 0.776303232 1.380094051 0.500000000 0.500000000 0.000000000 0.000000000 0.999986075 0.000716016 0.005228547 -0.000712009 0.999999452 -0.000768011 -0.005229094 0.000764277 0.999986036 0.078191094 0.006195782 -1.514608217
0.000000000 0.776303232 1.380094051 0.500000000 0.500000000 0.000000000 0.000000000 0.999985958 0.000708083 0.005251836 -0.000703895 0.999999433 -0.000799267 -0.005252399 0.000795560 0.999985890 0.078156910 0.006223884 -1.518878425
0.000000000 0.776303232 1.380094051 0.500000000 0.500000000 0.000000000 0.000000000 0.999985841 0.000700151 0.005275125 -0.000695780 0.999999413 -0.000830524 -0.005275704 0.000826842 0.999985742 0.078122527 0.006252253 -1.523148631
0.000000000 0.776303232 1.380094051 0.500000000 0.500000000 0.000000000 0.000000000 0.999985724 0.000692222 0.005298416 -0.000687665 0.999999392 -0.000861780 -0.005299009 0.000858124 0.999985592 0.078087945 0.006280889 -1.527418837
0.000000000 0.776303232 1.380094051 0.500000000 0.500000000 0.000000000 0.000000000 0.999985605 0.000684293 0.005321706 -0.000679550 0.999999370 -0.000893036 -0.005322314 0.000889406 0.999985441 0.078053163 0.006309791 -1.531689141
0.000000000 0.776303232 1.380094051 0.500000000 0.500000000 0.000000000 0.000000000 0.999985487 0.000676366 0.005344997 -0.000671435 0.999999347 -0.000924291 -0.005345619 0.000920689 0.999985288 0.078018182 0.006338960 -1.535959345
0.000000000 0.776303232 1.380094051 0.500000000 0.500000000 0.000000000 0.000000000 0.999985367 0.000668441 0.005368289 -0.000663320 0.999999323 -0.000955546 -0.005368924 0.000951971 0.999985134 0.077983002 0.006368396 -1.540229547
0.000000000 0.776303232 1.380094051 0.500000000 0.500000000 0.000000000 0.000000000 0.999985148 0.000664101 0.005409567 -0.000658924 0.999999323 -0.000958690 -0.005410200 0.000955111 0.999984909 0.078142650 0.006191394 -1.544376289
0.000000000 0.776303232 1.380094051 0.500000000 0.500000000 0.000000000 0.000000000 0.999984926 0.000659762 0.005450846 -0.000654528 0.999999323 -0.000961833 -0.005451476 0.000958251 0.999984681 0.078301959 0.006014420 -1.548523048
0.000000000 0.776303232 1.380094051 0.500000000 0.500000000 0.000000000 0.000000000 0.999984703 0.000655422 0.005492124 -0.000650132 0.999999323 -0.000964976 -0.005492753 0.000961391 0.999984453 0.078460926 0.005837473 -1.552669824
0.000000000 0.776303232 1.380094051 0.500000000 0.500000000 0.000000000 0.000000000 0.999984479 0.000651084 0.005533402 -0.000645736 0.999999323 -0.000968119 -0.005534029 0.000964531 0.999984222 0.078619554 0.005660554 -1.556816617
0.000000000 0.776303232 1.380094051 0.500000000 0.500000000 0.000000000 0.000000000 0.999984252 0.000646745 0.005574681 -0.000641340 0.999999323 -0.000971261 -0.005575305 0.000967670 0.999983990 0.078777839 0.005483663 -1.560963427
0.000000000 0.776303232 1.380094051 0.500000000 0.500000000 0.000000000 0.000000000 0.999984024 0.000642406 0.005615959 -0.000636944 0.999999322 -0.000974403 -0.005616581 0.000970810 0.999983756 0.078935786 0.005306799 -1.565110253
0.000000000 0.776303232 1.380094051 0.500000000 0.500000000 0.000000000 0.000000000 0.999983794 0.000638068 0.005657237 -0.000632548 0.999999322 -0.000977544 -0.005657857 0.000973950 0.999983520 0.079093390 0.005129963 -1.569257097
0.000000000 0.776303232 1.380094051 0.500000000 0.500000000 0.000000000 0.000000000 0.999983563 0.000633730 0.005698516 -0.000628152 0.999999322 -0.000980686 -0.005699133 0.000977090 0.999983282 0.079250655 0.004953154 -1.573403957
0.000000000 0.776303232 1.380094051 0.500000000 0.500000000 0.000000000 0.000000000 0.999983329 0.000629393 0.005739794 -0.000623756 0.999999322 -0.000983826 -0.005740409 0.000980230 0.999983043 0.079407578 0.004776373 -1.577550834
0.000000000 0.776303232 1.380094051 0.500000000 0.500000000 0.000000000 0.000000000 0.999983094 0.000625055 0.005781073 -0.000619360 0.999999321 -0.000986967 -0.005781686 0.000983370 0.999982802 0.079564162 0.004599620 -1.581697728
0.000000000 0.776303232 1.380094051 0.500000000 0.500000000 0.000000000 0.000000000 0.999982857 0.000620718 0.005822351 -0.000614964 0.999999321 -0.000990107 -0.005822962 0.000986510 0.999982560 0.079720404 0.004422894 -1.585844638
0.000000000 0.776303232 1.380094051 0.500000000 0.500000000 0.000000000 0.000000000 0.999982619 0.000616381 0.005863630 -0.000610568 0.999999320 -0.000993247 -0.005864238 0.000989649 0.999982315 0.079876306 0.004246196 -1.589991666
0.000000000 0.776303232 1.380094051 0.500000000 0.500000000 0.000000000 0.000000000 0.999982202 0.000617182 0.005934180 -0.000611400 0.999999337 -0.000976118 -0.005934779 0.000972472 0.999981916 0.080113896 0.004757585 -1.594060893
0.000000000 0.776303232 1.380094051 0.500000000 0.500000000 0.000000000 0.000000000 0.999981780 0.000617979 0.006004731 -0.000612232 0.999999353 -0.000958989 -0.006005320 0.000955295 0.999981512 0.080350914 0.005268834 -1.598130080
0.000000000 0.776303232 1.380094051 0.500000000 0.500000000 0.000000000 0.000000000 0.999981354 0.000618775 0.006075282 -0.000613064 0.999999369 -0.000941860 -0.006075861 0.000938118 0.999981102 0.080587359 0.005779944 -1.602199426
0.000000000 0.776303232 1.380094051 0.500000000 0.500000000 0.000000000 0.000000000 0.999980922 0.000619568 0.006145833 -0.000613896 0.999999384 -0.000924732 -0.006146402 0.000920941 0.999980687 0.080823230 0.006290914 -1.606268831
0.000000000 0.776303232 1.380094051 0.500000000 0.500000000 0.000000000 0.000000000 0.999980486 0.000620358 0.006216384 -0.000614728 0.999999399 -0.000907603 -0.006216943 0.000903764 0.999980266 0.081058529 0.006801745 -1.610338296
0.000000000 0.776303232 1.380094051 0.500000000 0.500000000 0.000000000 0.000000000 0.999980044 0.000621146 0.006286935 -0.000615560 0.999999414 -0.000890475 -0.006287484 0.000886587 0.999979841 0.081293254 0.007312436 -1.614407819
0.000000000 0.776303232 1.380094051 0.500000000 0.500000000 0.000000000 0.000000000 0.999979598 0.000621932 0.006357485 -0.000616392 0.999999429 -0.000873347 -0.006358025 0.000869410 0.999979410 0.081527406 0.007822987 -1.618477402
0.000000000 0.776303232 1.380094051 0.500000000 0.500000000 0.000000000 0.000000000 0.999979146 0.000622715 0.006428036 -0.000617224 0.999999443 -0.000856219 -0.006428566 0.000852233 0.999978973 0.081760985 0.008333399 -1.622547044
0.000000000 0.776303232 1.380094051 0.500000000 0.500000000 0.000000000 0.000000000 0.999978690 0.000623496 0.006498587 -0.000618056 0.999999457 -0.000839091 -0.006499107 0.000835057 0.999978532 0.081993992 0.008843671 -1.626616745
0.000000000 0.776303232 1.380094051 0.500000000 0.500000000 0.000000000 0.000000000 0.999978228 0.000624274 0.006569138 -0.000618888 0.999999471 -0.000821963 -0.006569647 0.000817880 0.999978085 0.082226424 0.009353804 -1.630686504
0.000000000 0.776303232 1.380094051 0.500000000 0.500000000 0.000000000 0.000000000 0.999977762 0.000625050 0.006639689 -0.000619720 0.999999484 -0.000804835 -0.006640188 0.000800703 0.999977633 0.082458284 0.009863798 -1.634756323
0.000000000 0.776303232 1.380094051 0.500000000 0.500000000 0.000000000 0.000000000 0.999977290 0.000625823 0.006710239 -0.000620551 0.999999497 -0.000787708 -0.006710729 0.000783526 0.999977176 0.082689571 0.010373651 -1.638826200
0.000000000 0.776303232 1.380094051 0.500000000 0.500000000 0.000000000 0.000000000 0.999976697 0.000621175 0.006798468 -0.000616100 0.999999530 -0.000748457 -0.006798930 0.000744251 0.999976610 0.082719158 0.010145419 -1.642846996
0.000000000 0.776303232 1.380094051 0.500000000 0.500000000 0.000000000 0.000000000 0.999976096 0.000616519 0.006886697 -0.000611649 0.999999561 -0.000709206 -0.006887131 0.000704977 0.999976035 0.082748039 0.009916872 -1.646867695
0.000000000 0.776303232 1.380094051 0.500000000 0.500000000 0.000000000 0.000000000 0.999975488 0.000611856 0.006974925 -0.000607198 0.999999591 -0.000669954 -0.006975332 0.000665702 0.999975450 0.082776214 0.009688011 -1.650888496
0.000000000 0.776303232 1.380094051 0.500000000 0.500000000 0.000000000 0.000000000 0.999974871 0.000607187 0.007063152 -0.000602747 0.999999619 -0.000630701 -0.007063532 0.000626428 0.999974857 0.082803682 0.009458836 -1.654909199
0.000000000 0.776303232 1.380094051 0.500000000 0.500000000 0.000000000 0.000000000 0.999974247 0.000602510 0.007151379 -0.000598296 0.999999646 -0.000591447 -0.007151733 0.000587154 0.999974254 0.082830442 0.009229346 -1.658930005
0.000000000 0.776303232 1.380094051 0.500000000 0.500000000 0.000000000 0.000000000 0.999973615 0.000597827 0.007239606 -0.000593844 0.999999671 -0.000552193 -0.007239934 0.000547879 0.999973641 0.082856498 0.008999541 -1.662950712
0.000000000 0.776303232 1.380094051 0.500000000 0.500000000 0.000000000 0.000000000 0.999972975 0.000593136 0.007327832 -0.000589393 0.999999695 -0.000512938 -0.007328134 0.000508605 0.999973020 0.082881845 0.008769422 -1.666971522
0.000000000 0.776303232 1.380094051 0.500000000 0.500000000 0.000000000 0.000000000 0.999972328 0.000588439 0.007416058 -0.000584942 0.999999717 -0.000473682 -0.007416335 0.000469331 0.999972388 0.082906487 0.008538989 -1.670992233
