0.000000000 0.734084487 1.305038810 0.500000000 0.500000000 0.000000000 0.000000000 0.999999115 -0.000923177 -0.000957962 0.000953403 0.999485909 0.032046964 0.000927884 -0.032047849 0.999485905 -0.068939273 0.028645732 -0.599881476
0.000000000 0.734084487 1.305038810 0.500000000 0.500000000 0.000000000 0.000000000 0.999999102 -0.000931039 -0.000964330 0.000961525 0.999483825 0.032111651 0.000933935 -0.032112549 0.999483823 -0.068991382 0.028396796 -0.602598766
0.000000000 0.734084487 1.305038810 0.500000000 0.500000000 0.000000000 0.000000000 0.999999088 -0.000938900 -0.000970698 0.000969648 0.999481737 0.032176337 0.000939985 -0.032177249 0.999481736 -0.069043454 0.028147509 -0.605316027
0.000000000 0.734084487 1.305038810 0.500000000 0.500000000 0.000000000 0.000000000 0.999999074 -0.000946760 -0.000977068 0.000977770 0.999479645 0.032241022 0.000946035 -0.032241948 0.999479646 -0.069095488 0.027897869 -0.608033250
0.000000000 0.734084487 1.305038810 0.500000000 0.500000000 0.000000000 0.000000000 0.999999061 -0.000954620 -0.000983439 0.000985893 0.999477548 0.032305708 0.000952086 -0.032306647 0.999477551 -0.069147485 0.027647876 -0.610750453
0.000000000 0.734084487 1.305038810 0.500000000 0.500000000 0.000000000 0.000000000 0.999999047 -0.000962478 -0.000989811 0.000994015 0.999475447 0.032370393 0.000958136 -0.032371346 0.999475451 -0.069199444 0.027397532 -0.613467627
0.000000000 0.734084487 1.305038810 0.500000000 0.500000000 0.000000000 0.000000000 0.999999033 -0.000970336 -0.000996184 0.001002137 0.999473342 0.032435078 0.000964186 -0.032436045 0.999473348 -0.069251367 0.027146835 -0.616184762
0.000000000 0.734084487 1.305038810 0.500000000 0.500000000 0.000000000 0.000000000 0.999999019 -0.000978193 -0.001002558 0.001010260 0.999471233 0.032499762 0.000970237 -0.032500743 0.999471240 -0.069303251 0.026895785 -0.618901877
0.000000000 0.734084487 1.305038810 0.500000000 0.500000000 0.000000000 0.000000000 0.999999005 -0.000986049 -0.001008933 0.001018382 0.999469119 0.032564447 0.000976287 -0.032565442 0.999469129 -0.069355100 0.026644383 -0.621618954
0.000000000 0.734084487 1.305038810 0.500000000 0.500000000 0.000000000 0.000000000 0.999998991 -0.000993904 -0.001015309 0.001026504 0.999467001 0.032629132 0.000982337 -0.032630141 0.999467012 -0.069406910 0.026392628 -0.624336011
0.000000000 0.734084487 1.305038810 0.500000000 0.500000000 0.000000000 0.000000000 0.999998990 -0.000991298 -0.001018350 0.001024078 0.999464342 0.032710548 0.000985379 -0.032711557 0.999464348 -0.069564718 0.026171213 -0.626934415
0.000000000 0.734084487 1.305038810 0.500000000 0.500000000 0.000000000 0.000000000 0.999998990 -0.000988690 -0.001021391 0.001021653 0.999461677 0.032791964 0.000988420 -0.032792975 0.999461677 -0.069722510 0.025949376 -0.629532797
0.000000000 0.734084487 1.305038810 0.500000000 0.500000000 0.000000000 0.000000000 0.999998989 -0.000986083 -0.001024432 0.001019227 0.999459005 0.032873381 0.000991462 -0.032874392 0.999458999 -0.069880288 0.025727117 -0.632131138
0.000000000 0.734084487 1.305038810 0.500000000 0.500000000 0.000000000 0.000000000 0.999998989 -0.000983475 -0.001027472 0.001016801 0.999456326 0.032954797 0.000994503 -0.032955808 0.999456315 -0.070038049 0.025504435 -0.634729458
0.000000000 0.734084487 1.305038810 0.500000000 0.500000000 0.000000000 0.000000000 0.999998988 -0.000980866 -0.001030512 0.001014375 0.999453641 0.033036213 0.000997545 -0.033037225 0.999453624 -0.070195796 0.025281331 -0.637327738
0.000000000 0.734084487 1.305038810 0.500000000 0.500000000 0.000000000 0.000000000 0.999998987 -0.000978257 -0.001033551 0.001011949 0.999450949 0.033117629 0.001000586 -0.033118641 0.999450926 -0.070353528 0.025057804 -0.639925985
0.000000000 0.734084487 1.305038810 0.500000000 0.500000000 0.000000000 0.000000000 0.999998987 -0.000975647 -0.001036590 0.001009524 0.999448250 0.033199044 0.001003628 -0.033200057 0.999448222 -0.070511245 0.024833855 -0.642524212
0.000000000 0.734084487 1.305038810 0.500000000 0.500000000 0.000000000 0.000000000 0.999998986 -0.000973037 -0.001039629 0.001007098 0.999445545 0.033280460 0.001006669 -0.033281473 0.999445511 -0.070668946 0.024609485 -0.645122397
0.000000000 0.734084487 1.305038810 0.500000000 0.500000000 0.000000000 0.000000000 0.999998986 -0.000970426 -0.001042667 0.001004672 0.999442833 0.033361875 0.001009711 -0.033362889 0.999442794 -0.070826633 0.024384691 -0.647720561
0.000000000 0.734084487 1.305038810 0.500000000 0.500000000 0.000000000 0.000000000 0.999998985 -0.000967815 -0.001045704 0.001002246 0.999440114 0.033443290 0.001012752 -0.033444304 0.999440070 -0.070984304 0.024159475 -0.650318684
0.000000000 0.734084487 1.305038810 0.500000000 0.500000000 0.000000000 0.000000000 0.999998984 -0.000965204 -0.001048742 0.000999820 0.999437389 0.033524705 0.001015793 -0.033525719 0.999437339 -0.071141961 0.023933838 -0.652916775
0.000000000 0.734084487 1.305038810 0.500000000 0.500000000 0.000000000 0.000000000 0.999998984 -0.000962592 -0.001051779 0.000997395 0.999434657 0.033606119 0.001018835 -0.033607134 0.999434601 -0.071299602 0.023707777 -0.655514845
0.000000000 0.734084487 1.305038810 0.500000000 0.500000000 0.000000000 0.000000000 0.999998995 -0.000958543 -0.001044642 0.000993215 0.999431100 0.033711852 0.001011734 -0.033712855 0.999431048 -0.071657590 0.023948007 -0.658104468
0.000000000 0.734084487 1.305038810 0.500000000 0.500000000 0.000000000 0.000000000 0.999999006 -0.000954496 -0.001037505 0.000989036 0.999427533 0.033817585 0.001004632 -0.033818577 0.999427483 -0.072015613 0.024187691 -0.660694154
0.000000000 0.734084487 1.305038810 0.500000000 0.500000000 0.000000000 0.000000000 0.999999017 -0.000950450 -0.001030367 0.000984857 0.999423953 0.033923317 0.000997531 -0.033924299 0.999423908 -0.072373670 0.024426830 -0.663283893
0.000000000 0.734084487 1.305038810 0.500000000 0.500000000 0.000000000 0.000000000 0.999999029 -0.000946406 -0.001023228 0.000980678 0.999420363 0.034029049 0.000990430 -0.034030020 0.999420320 -0.072731760 0.024665424 -0.665873686
0.000000000 0.734084487 1.305038810 0.500000000 0.500000000 0.000000000 0.000000000 0.999999040 -0.000942364 -0.001016089 0.000976499 0.999416761 0.034134781 0.000983329 -0.034135741 0.999416722 -0.073089885 0.024903475 -0.668463531
0.000000000 0.734084487 1.305038810 0.500000000 0.500000000 0.000000000 0.000000000 0.999999051 -0.000938323 -0.001008948 0.000972320 0.999413149 0.034240511 0.000976227 -0.034241460 0.999413112 -0.073448045 0.025140981 -0.671053418
0.000000000 0.734084487 1.305038810 0.500000000 0.500000000 0.000000000 0.000000000 0.999999062 -0.000934283 -0.001001807 0.000968141 0.999409525 0.034346242 0.000969126 -0.034347180 0.999409492 -0.073806238 0.025377941 -0.673643369
0.000000000 0.734084487 1.305038810 0.500000000 0.500000000 0.000000000 0.000000000 0.999999073 -0.000930245 -0.000994665 0.000963962 0.999405890 0.034451973 0.000962025 -0.034452899 0.999405860 -0.074164466 0.025614357 -0.676233371
0.000000000 0.734084487 1.305038810 0.500000000 0.500000000 0.000000000 0.000000000 0.999999083 -0.000926209 -0.000987521 0.000959783 0.999402243 0.034557703 0.000954924 -0.034558619 0.999402216 -0.074522727 0.025850228 -0.678823427
0.000000000 0.734084487 1.305038810 0.500000000 0.500000000 0.000000000 0.000000000 0.999999094 -0.000922174 -0.000980378 0.000955604 0.999398586 0.034663432 0.000947822 -0.034664337 0.999398562 -0.074881024 0.026085555 -0.681413525
0.000000000 0.734084487 1.305038810 0.500000000 0.500000000 0.000000000 0.000000000 0.999999105 -0.000918141 -0.000973233 0.000951425 0.999394917 0.034769160 0.000940721 -0.034770055 0.999394896 -0.075239355 0.026320337 -0.684003685
0.000000000 0.734084487 1.305038810 0.500000000 0.500000000 0.000000000 0.000000000 0.999999116 -0.000914109 -0.000966087 0.000947245 0.999391237 0.034874889 0.000933620 -0.034875773 0.999391219 -0.075597719 0.026554573 -0.686593897
0.000000000 0.734084487 1.305038810 0.500000000 0.500000000 0.000000000 0.000000000 0.999999126 -0.000905703 -0.000963594 0.000938827 0.999388626 0.034949867 0.000931350 -0.034950741 0.999388602 -0.075690392 0.026169864 -0.689174768
0.000000000 0.734084487 1.305038810 0.500000000 0.500000000 0.000000000 0.000000000 0.999999136 -0.000897297 -0.000961099 0.000930409 0.999386009 0.035024844 0.000929081 -0.035025708 0.999385980 -0.075783083 0.025784769 -0.691755574
0.000000000 0.734084487 1.305038810 0.500000000 0.500000000 0.000000000 0.000000000 0.999999145 -0.000888892 -0.000958603 0.000921991 0.999383386 0.035099822 0.000926812 -0.035100676 0.999383352 -0.075875792 0.025399288 -0.694336337
0.000000000 0.734084487 1.305038810 0.500000000 0.500000000 0.000000000 0.000000000 0.999999155 -0.000880487 -0.000956105 0.000913573 0.999380758 0.035174800 0.000924542 -0.035175644 0.999380718 -0.075968519 0.025013421 -0.696917044
0.000000000 0.734084487 1.305038810 0.500000000 0.500000000 0.000000000 0.000000000 0.999999165 -0.000872083 -0.000953607 0.000905155 0.999378124 0.035249778 0.000922273 -0.035250611 0.999378079 -0.076061263 0.024627170 -0.699497687
0.000000000 0.734084487 1.305038810 0.500000000 0.500000000 0.000000000 0.000000000 0.999999175 -0.000863678 -0.000951107 0.000896737 0.999375484 0.035324754 0.000920003 -0.035325578 0.999375434 -0.076154026 0.024240533 -0.702078286
0.000000000 0.734084487 1.305038810 0.500000000 0.500000000 0.000000000 0.000000000 0.999999184 -0.000855275 -0.000948605 0.000888319 0.999372838 0.035399731 0.000917734 -0.035400545 0.999372783 -0.076246806 0.023853510 -0.704658830
0.000000000 0.734084487 1.305038810 0.500000000 0.500000000 0.000000000 0.000000000 0.999999194 -0.000846871 -0.000946103 0.000879901 0.999370187 0.035474708 0.000915465 -0.035475512 0.999370127 -0.076339605 0.023466102 -0.707239319
0.000000000 0.734084487 1.305038810 0.500000000 0.500000000 0.000000000 0.000000000 0.999999203 -0.000838468 -0.000943599 0.000871483 0.999367530 0.035549684 0.000913195 -0.035550478 0.999367465 -0.076432421 0.023078309 -0.709819744
0.000000000 0.734084487 1.305038810 0.500000000 0.500000000 0.000000000 0.000000000 0.999999213 -0.000830066 -0.000941094 0.000863065 0.999364868 0.035624660 0.000910926 -0.035625444 0.999364797 -0.076525256 0.022690129 -0.712400124
0.000000000 0.734084487 1.305038810 0.500000000 0.500000000 0.000000000 0.000000000 0.999999222 -0.000821663 -0.000938588 0.000854647 0.999362199 0.035699636 0.000908656 -0.035700410 0.999362124 -0.076618108 0.022301565 -0.714980449
0.000000000 0.734084487 1.305038810 0.500000000 0.500000000 0.000000000 0.000000000 0.999999231 -0.000813262 -0.000936081 0.000846229 0.999359525 0.035774611 0.000906387 -0.035775376 0.999359445 -0.076710978 0.021912617 -0.717560710
0.000000000 0.734084487 1.305038810 0.500000000 0.500000000 0.000000000 0.000000000 0.999999263 -0.000805931 -0.000907671 0.000837980 0.999355770 0.035879557 0.000878170 -0.035880291 0.999355709 -0.076458062 0.021757535 -0.719761695
0.000000000 0.734084487 1.305038810 0.500000000 0.500000000 0.000000000 0.000000000 0.999999295 -0.000798607 -0.000879259 0.000829730 0.999352004 0.035984501 0.000849952 -0.035985205 0.999351961 -0.076205273 0.021601987 -0.721962671
0.000000000 0.734084487 1.305038810 0.500000000 0.500000000 0.000000000 0.000000000 0.999999325 -0.000791289 -0.000850846 0.000821480 0.999348226 0.036089445 0.000821735 -0.036090120 0.999348202 -0.075952609 0.021445972 -0.724163636
0.000000000 0.734084487 1.305038810 0.500000000 0.500000000 0.000000000 0.000000000 0.999999354 -0.000783977 -0.000822432 0.000813231 0.999344438 0.036194387 0.000793517 -0.036195033 0.999344430 -0.075700073 0.021289491 -0.726364601
0.000000000 0.734084487 1.305038810 0.500000000 0.500000000 0.000000000 0.000000000 0.999999383 -0.000776671 -0.000794016 0.000804981 0.999340638 0.036299330 0.000765300 -0.036299947 0.999340647 -0.075447664 0.021132543 -0.728565546
0.000000000 0.734084487 1.305038810 0.500000000 0.500000000 0.000000000 0.000000000 0.999999411 -0.000769370 -0.000765598 0.000796732 0.999336827 0.036404270 0.000737082 -0.036404859 0.999336852 -0.075195380 0.020975128 -0.730766480
0.000000000 0.734084487 1.305038810 0.500000000 0.500000000 0.000000000 0.000000000 0.999999438 -0.000762076 -0.000737179 0.000788482 0.999333005 0.036509211 0.000708865 -0.036509772 0.999333045 -0.074943224 0.020817247 -0.732967404
0.000000000 0.734084487 1.305038810 0.500000000 0.500000000 0.000000000 0.000000000 0.999999464 -0.000754788 -0.000708758 0.000780232 0.999329173 0.036614150 0.000680647 -0.036614683 0.999329226 -0.074691193 0.020658900 -0.735168318
0.000000000 0.734084487 1.305038810 0.500000000 0.500000000 0.000000000 0.000000000 0.999999489 -0.000747505 -0.000680336 0.000771983 0.999325329 0.036719089 0.000652430 -0.036719595 0.999325395 -0.074439289 0.020500086 -0.737369221
0.000000000 0.734084487 1.305038810 0.500000000 0.500000000 0.000000000 0.000000000 0.999999514 -0.000740229 -0.000651913 0.000763733 0.999321474 0.036824026 0.000624212 -0.036824506 0.999321553 -0.074187512 0.020340805 -0.739570113
0.000000000 0.734084487 1.305038810 0.500000000 0.500000000 0.000000000 0.000000000 0.999999537 -0.000732958 -0.000623487 0.000755483 0.999317608 0.036928963 0.000595995 -0.036929417 0.999317699 -0.073935861 0.020181057 -0.741770995
0.000000000 0.734084487 1.305038810 0.500000000 0.500000000 0.000000000 0.000000000 0.999999560 -0.000725694 -0.000595061 0.000747234 0.999313731 0.037033899 0.000567777 -0.037034327 0.999313833 -0.073684338 0.020020843 -0.743971866
0.000000000 0.734084487 1.305038810 0.500000000 0.500000000 0.000000000 0.000000000 0.999999568 -0.000727710 -0.000578010 0.000748685 0.999309167 0.037156805 0.000550571 -0.037157222 0.999309280 -0.073170687 0.020020046 -0.746315789
0.000000000 0.734084487 1.305038810 0.500000000 0.500000000 0.000000000 0.000000000 0.999999576 -0.000729730 -0.000560959 0.000750136 0.999304588 0.037279712 0.000533365 -0.037280117 0.999304712 -0.072657116 0.020018673 -0.748659742
0.000000000 0.734084487 1.305038810 0.500000000 0.500000000 0.000000000 0.000000000 0.999999584 -0.000731755 -0.000543909 0.000751587 0.999299995 0.037402617 0.000516159 -0.037403010 0.999300129 -0.072143625 0.020016726 -0.751003723
0.000000000 0.734084487 1.305038810 0.500000000 0.500000000 0.000000000 0.000000000 0.999999592 -0.000733784 -0.000526859 0.000753038 0.999295386 0.037525522 0.000498952 -0.037525903 0.999295531 -0.071630215 0.020014204 -0.753347743
0.000000000 0.734084487 1.305038810 0.500000000 0.500000000 0.000000000 0.000000000 0.999999599 -0.000735817 -0.000509810 0.000754489 0.999290762 0.037648426 0.000481746 -0.037648796 0.999290917 -0.071116885 0.020011106 -0.755691781
0.000000000 0.734084487 1.305038810 0.500000000 0.500000000 0.000000000 0.000000000 0.999999606 -0.000737854 -0.000492762 0.000755940 0.999286123 0.037771331 0.000464540 -0.037771689 0.999286287 -0.070603635 0.020007433 -0.758035848
0.000000000 0.734084487 1.305038810 0.500000000 0.500000000 0.000000000 0.000000000 0.999999613 -0.000739895 -0.000475713 0.000757391 0.999281469 0.037894234 0.000447334 -0.037894580 0.999281642 -0.070090466 0.020003186 -0.760379943
0.000000000 0.734084487 1.305038810 0.500000000 0.500000000 0.000000000 0.000000000 0.999999620 -0.000741941 -0.000458666 0.000758842 0.999276799 0.038017137 0.000430128 -0.038017471 0.999276982 -0.069577376 0.019998363 -0.762724066
0.000000000 0.734084487 1.305038810 0.500000000 0.500000000 0.000000000 0.000000000 0.999999626 -0.000743990 -0.000441619 0.000760293 0.999272115 0.038140040 0.000412922 -0.038140362 0.999272306 -0.069064367 0.019992963 -0.765068228
0.000000000 0.734084487 1.305038810 0.500000000 0.500000000 0.000000000 0.000000000 0.999999632 -0.000746044 -0.000424572 0.000761743 0.999267415 0.038262942 0.000395715 -0.038263251 0.999267615 -0.068551438 0.019986990 -0.767412407
0.000000000 0.734084487 1.305038810 0.500000000 0.500000000 0.000000000 0.000000000 0.999999637 -0.000748103 -0.000407526 0.000763194 0.999262700 0.038385843 0.000378509 -0.038386140 0.999262909 -0.068038590 0.019980442 -0.769756614
0.000000000 0.734084487 1.305038810 0.500000000 0.500000000 0.000000000 0.000000000 0.999999642 -0.000750165 -0.000390481 0.000764645 0.999257971 0.038508744 0.000361303 -0.038509028 0.999258187 -0.067525822 0.019973318 -0.772100849
0.000000000 0.734084487 1.305038810 0.500000000 0.500000000 0.000000000 0.000000000 0.999999650 -0.000755547 -0.000360587 0.000768908 0.999253746 0.038618123 0.000331140 -0.038618386 0.999253977 -0.067001635 0.019460749 -0.774662624
0.000000000 0.734084487 1.305038810 0.500000000 0.500000000 0.000000000 0.000000000 0.999999656 -0.000760935 -0.000330695 0.000773171 0.999249510 0.038727501 0.000300978 -0.038727744 0.999249754 -0.066477598 0.018947625 -0.777224327
0.000000000 0.734084487 1.305038810 0.500000000 0.500000000 0.000000000 0.000000000 0.999999661 -0.000766330 -0.000300804 0.000777434 0.999245261 0.038836880 0.000270815 -0.038837101 0.999245519 -0.065953712 0.018433945 -0.779785960
0.000000000 0.734084487 1.305038810 0.500000000 0.500000000 0.000000000 0.000000000 0.999999666 -0.000771732 -0.000270914 0.000781697 0.999241001 0.038946259 0.000240653 -0.038946457 0.999241270 -0.065429975 0.017919706 -0.782347522
0.000000000 0.734084487 1.305038810 0.500000000 0.500000000 0.000000000 0.000000000 0.999999669 -0.000777140 -0.000241026 0.000785960 0.999236728 0.039055636 0.000210490 -0.039055812 0.999237009 -0.064906386 0.017404913 -0.784909013
0.000000000 0.734084487 1.305038810 0.500000000 0.500000000 0.000000000 0.000000000 0.999999672 -0.000782555 -0.000211138 0.000790224 0.999232444 0.039165014 0.000180328 -0.039165168 0.999232734 -0.064382949 0.016889562 -0.787470443
0.000000000 0.734084487 1.305038810 0.500000000 0.500000000 0.000000000 0.000000000 0.999999673 -0.000787976 -0.000181252 0.000794487 0.999228148 0.039274392 0.000150165 -0.039274523 0.999228447 -0.063859661 0.016373655 -0.790031791
0.000000000 0.734084487 1.305038810 0.500000000 0.500000000 0.000000000 0.000000000 0.999999674 -0.000793404 -0.000151367 0.000798750 0.999223839 0.039383769 0.000120003 -0.039383877 0.999224147 -0.063336523 0.015857191 -0.792593069
0.000000000 0.734084487 1.305038810 0.500000000 0.500000000 0.000000000 0.000000000 0.999999674 -0.000798838 -0.000121483 0.000803013 0.999219519 0.039493147 0.000089840 -0.039493231 0.999219834 -0.062813534 0.015340170 -0.795154275
0.000000000 0.734084487 1.305038810 0.500000000 0.500000000 0.000000000 0.000000000 0.999999672 -0.000804279 -0.000091601 0.000807276 0.999215186 0.039602523 0.000059677 -0.039602584 0.999215508 -0.062290696 0.014822595 -0.797715409
0.000000000 0.734084487 1.305038810 0.500000000 0.500000000 0.000000000 0.000000000 0.999999670 -0.000809726 -0.000061719 0.000811539 0.999210842 0.039711900 0.000029515 -0.039711937 0.999211169 -0.061768007 0.014304462 -0.800276472
