0.000000000 1.101923704 1.958975911 0.500000000 0.500000000 0.000000000 0.000000000 0.999999984 0.000172678 -0.000040240 -0.000172680 0.999999984 -0.000050960 0.000040231 0.000050967 0.999999998 0.000097608 0.000002023 0.000228943
0.000000000 1.101923704 1.958975911 0.500000000 0.500000000 0.000000000 0.000000000 0.999999809 0.000090422 0.000611477 -0.000090388 0.999999994 -0.000055280 -0.000611482 0.000055225 0.999999812 0.000466034 0.000615040 -0.006743126
0.000000000 1.101923704 1.958975911 0.500000000 0.500000000 0.000000000 0.000000000 0.999999202 0.000008172 0.001263195 -0.000008097 0.999999998 -0.000059493 -0.001263195 0.000059483 0.999999200 0.000825271 0.001228178 -0.013715666
0.000000000 1.101923704 1.958975911 0.500000000 0.500000000 0.000000000 0.000000000 0.999998164 -0.000074072 0.001914913 0.000074194 0.999999995 -0.000063599 -0.001914908 0.000063741 0.999998165 0.001175320 0.001841434 -0.020688669
0.000000000 1.101923704 1.958975911 0.500000000 0.500000000 0.000000000 0.000000000 0.999996694 -0.000156311 0.002566630 0.000156485 0.999999985 -0.000067598 -0.002566620 0.000067999 0.999996704 0.001516179 0.002454806 -0.027662127
0.000000000 1.101923704 1.958975911 0.500000000 0.500000000 0.000000000 0.000000000 0.999994793 -0.000238545 0.003218348 0.000238776 0.999999969 -0.000071489 -0.003218331 0.000072257 0.999994819 0.001847847 0.003068290 -0.034636030
0.000000000 1.101923704 1.958975911 0.500000000 0.500000000 0.000000000 0.000000000 0.999992460 -0.000320773 0.003870064 0.000321066 0.999999946 -0.000075273 -0.003870040 0.000076515 0.999992508 0.002170326 0.003681886 -0.041610369
0.000000000 1.101923704 1.958975911 0.500000000 0.500000000 0.000000000 0.000000000 0.999989695 -0.000402995 0.004521780 0.000403356 0.999999916 -0.000078950 -0.004521748 0.000080773 0.999989774 0.002483613 0.004295591 -0.048585135
0.000000000 1.101923704 1.958975911 0.500000000 0.500000000 0.000000000 0.000000000 0.999986500 -0.000485212 0.005173494 0.000485645 0.999999879 -0.000082519 -0.005173454 0.000085031 0.999986614 0.002787710 0.004909402 -0.055560320
0.000000000 1.101923704 1.958975911 0.500000000 0.500000000 0.000000000 0.000000000 0.999982872 -0.000567423 0.005825207 0.000567933 0.999999835 -0.000085982 -0.005825157 0.000089289 0.999983030 0.003082614 0.005523317 -0.062535915
0.000000000 1.101923704 1.958975911 0.500000000 0.500000000 0.000000000 0.000000000 0.999978814 -0.000649629 0.006476918 0.000650221 0.999999785 -0.000089337 -0.006476858 0.000093546 0.999979021 0.003368326 0.006137334 -0.069511910
0.000000000 1.101923704 1.958975911 0.500000000 0.500000000 0.000000000 0.000000000 0.999974323 -0.000731829 0.007128627 0.000732507 0.999999727 -0.000092584 -0.007128557 0.000097804 0.999974587 0.003644846 0.006751451 -0.076488297
0.000000000 1.101923704 1.958975911 0.500000000 0.500000000 0.000000000 0.000000000 0.999969401 -0.000814023 0.007780333 0.000814793 0.999999663 -0.000095725 -0.007780252 0.000102061 0.999969728 0.003912173 0.007365666 -0.083465069
0.000000000 1.101923704 1.958975911 0.500000000 0.500000000 0.000000000 0.000000000 0.999963601 -0.000909298 0.008483527 0.000910194 0.999999581 -0.000101742 -0.008483431 0.000109460 0.999964009 0.003995530 0.007965167 -0.090172478
0.000000000 1.101923704 1.958975911 0.500000000 0.500000000 0.000000000 0.000000000 0.999957297 -0.001004563 0.009186718 0.001005594 0.999999489 -0.000107625 -0.009186605 0.000116859 0.999957795 0.004069341 0.008564774 -0.096880036
0.000000000 1.101923704 1.958975911 0.500000000 0.500000000 0.000000000 0.000000000 0.999950489 -0.001099817 0.009889906 0.001100993 0.999999387 -0.000113374 -0.009889775 0.000124257 0.999951087 0.004133606 0.009164484 -0.103587729
0.000000000 1.101923704 1.958975911 0.500000000 0.500000000 0.000000000 0.000000000 0.999943178 -0.001195061 0.010593090 0.001196389 0.999999277 -0.000118989 -0.010592940 0.000131655 0.999943885 0.004188324 0.009764294 -0.110295555
0.000000000 1.101923704 1.958975911 0.500000000 0.500000000 0.000000000 0.000000000 0.999935363 -0.001290295 0.011296269 0.001291783 0.999999158 -0.000124469 -0.011296099 0.000139053 0.999936187 0.004233497 0.010364202 -0.117003499
0.000000000 1.101923704 1.958975911 0.500000000 0.500000000 0.000000000 0.000000000 0.999927044 -0.001385518 0.011999445 0.001387175 0.999999029 -0.000129815 -0.011999253 0.000146451 0.999927996 0.004269123 0.010964204 -0.123711552
0.000000000 1.101923704 1.958975911 0.500000000 0.500000000 0.000000000 0.000000000 0.999918222 -0.001480731 0.012702615 0.001482565 0.999998892 -0.000135028 -0.012702401 0.000153849 0.999919309 0.004295202 0.011564299 -0.130419702
0.000000000 1.101923704 1.958975911 0.500000000 0.500000000 0.000000000 0.000000000 0.999908897 -0.001575933 0.013405781 0.001577953 0.999998745 -0.000140106 -0.013405543 0.000161247 0.999910129 0.004311734 0.012164483 -0.137127932
0.000000000 1.101923704 1.958975911 0.500000000 0.500000000 0.000000000 0.000000000 0.999899067 -0.001671125 0.014108940 0.001673338 0.999998589 -0.000145049 -0.014108678 0.000168644 0.999900453 0.004318720 0.012764753 -0.143836249
0.000000000 1.101923704 1.958975911 0.500000000 0.500000000 0.000000000 0.000000000 0.999888735 -0.001766306 0.014812094 0.001768720 0.999998425 -0.000149859 -0.014811806 0.000176041 0.999890284 0.004316158 0.013365108 -0.150544636
0.000000000 1.101923704 1.958975911 0.500000000 0.500000000 0.000000000 0.000000000 0.999877899 -0.001861477 0.015515242 0.001864099 0.999998251 -0.000154535 -0.015514927 0.000183438 0.999879619 0.004304050 0.013965544 -0.157253080
0.000000000 1.101923704 1.958975911 0.500000000 0.500000000 0.000000000 0.000000000 0.999866559 -0.001956638 0.016218384 0.001959475 0.999998068 -0.000159076 -0.016218041 0.000190834 0.999868461 0.004282393 0.014566059 -0.163961574
0.000000000 1.101923704 1.958975911 0.500000000 0.500000000 0.000000000 0.000000000 0.999854049 -0.002050402 0.016961043 0.002053462 0.999997878 -0.000163055 -0.016960673 0.000197860 0.999856138 0.004176782 0.015105489 -0.170324683
0.000000000 1.101923704 1.958975911 0.500000000 0.500000000 0.000000000 0.000000000 0.999840978 -0.002144155 0.017703695 0.002147446 0.999997680 -0.000166894 -0.017703296 0.000204886 0.999843263 0.004061619 0.015644968 -0.176687728
0.000000000 1.101923704 1.958975911 0.500000000 0.500000000 0.000000000 0.000000000 0.999827347 -0.002237898 0.018446337 0.002241426 0.999997473 -0.000170594 -0.018445909 0.000211911 0.999829837 0.003936906 0.016184494 -0.183050679
0.000000000 1.101923704 1.958975911 0.500000000 0.500000000 0.000000000 0.000000000 0.999813156 -0.002331630 0.019188971 0.002335402 0.999997258 -0.000174154 -0.019188512 0.000218936 0.999815860 0.003802640 0.016724064 -0.189413535
0.000000000 1.101923704 1.958975911 0.500000000 0.500000000 0.000000000 0.000000000 0.999798404 -0.002425352 0.019931594 0.002429374 0.999997033 -0.000177575 -0.019931104 0.000225960 0.999801330 0.003658824 0.017263675 -0.195776295
0.000000000 1.101923704 1.958975911 0.500000000 0.500000000 0.000000000 0.000000000 0.999783092 -0.002519064 0.020674208 0.002523342 0.999996800 -0.000180856 -0.020673686 0.000232985 0.999786249 0.003505457 0.017803326 -0.202138930
0.000000000 1.101923704 1.958975911 0.500000000 0.500000000 0.000000000 0.000000000 0.999767220 -0.002612765 0.021416811 0.002617306 0.999996558 -0.000183997 -0.021416257 0.000240009 0.999770617 0.003342538 0.018343012 -0.208501448
0.000000000 1.101923704 1.958975911 0.500000000 0.500000000 0.000000000 0.000000000 0.999750787 -0.002706455 0.022159402 0.002711265 0.999996307 -0.000186999 -0.022158814 0.000247032 0.999754433 0.003170069 0.018882731 -0.214863819
0.000000000 1.101923704 1.958975911 0.500000000 0.500000000 0.000000000 0.000000000 0.999733794 -0.002800136 0.022901983 0.002805219 0.999996047 -0.000189861 -0.022901361 0.000254056 0.999737697 0.002988050 0.019422480 -0.221226043
0.000000000 1.101923704 1.958975911 0.500000000 0.500000000 0.000000000 0.000000000 0.999716240 -0.002893805 0.023644551 0.002899169 0.999995779 -0.000192583 -0.023643893 0.000261078 0.999720410 0.002796479 0.019962258 -0.227588118
0.000000000 1.101923704 1.958975911 0.500000000 0.500000000 0.000000000 0.000000000 0.999698126 -0.002987464 0.024387107 0.002993114 0.999995502 -0.000195166 -0.024386414 0.000268101 0.999702571 0.002595358 0.020502061 -0.233950015
0.000000000 1.101923704 1.958975911 0.500000000 0.500000000 0.000000000 0.000000000 0.999679452 -0.003081113 0.025129650 0.003087054 0.999995216 -0.000197610 -0.025128921 0.000275123 0.999684181 0.002384687 0.021041887 -0.240311743
0.000000000 1.101923704 1.958975911 0.500000000 0.500000000 0.000000000 0.000000000 0.999658911 -0.003168969 0.025923347 0.003175257 0.999994939 -0.000201400 -0.025922578 0.000283644 0.999663913 0.002001972 0.021587762 -0.246639722
0.000000000 1.101923704 1.958975911 0.500000000 0.500000000 0.000000000 0.000000000 0.999637731 -0.003256811 0.026717028 0.003263455 0.999994654 -0.000205049 -0.026716218 0.000292165 0.999643015 0.001609114 0.022133646 -0.252967248
0.000000000 1.101923704 1.958975911 0.500000000 0.500000000 0.000000000 0.000000000 0.999615914 -0.003344640 0.027510694 0.003351646 0.999994361 -0.000208559 -0.027509841 0.000300685 0.999621487 0.001206114 0.022679535 -0.259294287
0.000000000 1.101923704 1.958975911 0.500000000 0.500000000 0.000000000 0.000000000 0.999593459 -0.003432455 0.028304342 0.003439832 0.999994061 -0.000211929 -0.028303447 0.000309205 0.999599329 0.000792972 0.023225425 -0.265620849
0.000000000 1.101923704 1.958975911 0.500000000 0.500000000 0.000000000 0.000000000 0.999570366 -0.003520257 0.029097974 0.003528011 0.999993753 -0.000215158 -0.029097035 0.000317724 0.999576541 0.000369690 0.023771316 -0.271946911
0.000000000 1.101923704 1.958975911 0.500000000 0.500000000 0.000000000 0.000000000 0.999546635 -0.003608045 0.029891588 0.003616185 0.999993438 -0.000218248 -0.029890604 0.000326242 0.999553123 -0.000063733 0.024317203 -0.278272451
0.000000000 1.101923704 1.958975911 0.500000000 0.500000000 0.000000000 0.000000000 0.999522266 -0.003695820 0.030685184 0.003704351 0.999993114 -0.000221197 -0.030684155 0.000334760 0.999529074 -0.000507296 0.024863085 -0.284597478
0.000000000 1.101923704 1.958975911 0.500000000 0.500000000 0.000000000 0.000000000 0.999497260 -0.003783581 0.031478761 0.003792511 0.999992783 -0.000224006 -0.031477686 0.000343277 0.999504396 -0.000960998 0.025408959 -0.290921959
0.000000000 1.101923704 1.958975911 0.500000000 0.500000000 0.000000000 0.000000000 0.999471616 -0.003871328 0.032272319 0.003880665 0.999992445 -0.000226675 -0.032271198 0.000351794 0.999479087 -0.001424839 0.025954821 -0.297245903
0.000000000 1.101923704 1.958975911 0.500000000 0.500000000 0.000000000 0.000000000 0.999445334 -0.003959062 0.033065858 0.003968811 0.999992098 -0.000229205 -0.033064689 0.000360310 0.999453149 -0.001898818 0.026500671 -0.303569287
0.000000000 1.101923704 1.958975911 0.500000000 0.500000000 0.000000000 0.000000000 0.999418414 -0.004046782 0.033859376 0.004056950 0.999991744 -0.000231594 -0.033858160 0.000368825 0.999426580 -0.002382934 0.027046504 -0.309892090
0.000000000 1.101923704 1.958975911 0.500000000 0.500000000 0.000000000 0.000000000 0.999390857 -0.004134489 0.034652874 0.004145081 0.999991382 -0.000233843 -0.034651609 0.000377339 0.999399381 -0.002877188 0.027592317 -0.316214319
0.000000000 1.101923704 1.958975911 0.500000000 0.500000000 0.000000000 0.000000000 0.999360619 -0.004247613 0.035500848 0.004258541 0.999990905 -0.000232230 -0.035499539 0.000383264 0.999369619 -0.003585620 0.028138382 -0.322554685
0.000000000 1.101923704 1.958975911 0.500000000 0.500000000 0.000000000 0.000000000 0.999329650 -0.004360726 0.036348796 0.004371991 0.999990416 -0.000230425 -0.036347443 0.000389187 0.999339138 -0.004304937 0.028684315 -0.328894075
0.000000000 1.101923704 1.958975911 0.500000000 0.500000000 0.000000000 0.000000000 0.999297948 -0.004473830 0.037196717 0.004485430 0.999989914 -0.000228428 -0.037195320 0.000395110 0.999307937 -0.005035138 0.029230110 -0.335232485
0.000000000 1.101923704 1.958975911 0.500000000 0.500000000 0.000000000 0.000000000 0.999265514 -0.004586923 0.038044613 0.004598860 0.999989400 -0.000226237 -0.038043171 0.000401033 0.999276016 -0.005776221 0.029775767 -0.341569881
0.000000000 1.101923704 1.958975911 0.500000000 0.500000000 0.000000000 0.000000000 0.999232348 -0.004700007 0.038892480 0.004712278 0.999988872 -0.000223854 -0.038890995 0.000406955 0.999243376 -0.006528185 0.030321281 -0.347906259
0.000000000 1.101923704 1.958975911 0.500000000 0.500000000 0.000000000 0.000000000 0.999198449 -0.004813080 0.039740319 0.004825685 0.999988332 -0.000221279 -0.039738790 0.000412876 0.999210017 -0.007291029 0.030866647 -0.354241607
0.000000000 1.101923704 1.958975911 0.500000000 0.500000000 0.000000000 0.000000000 0.999163819 -0.004926143 0.040588130 0.004939082 0.999987779 -0.000218511 -0.040586558 0.000418796 0.999175938 -0.008064752 0.031411863 -0.360575920
0.000000000 1.101923704 1.958975911 0.500000000 0.500000000 0.000000000 0.000000000 0.999128456 -0.005039196 0.041435912 0.005052466 0.999987213 -0.000215550 -0.041434296 0.000424716 0.999141141 -0.008849353 0.031956924 -0.366909164
0.000000000 1.101923704 1.958975911 0.500000000 0.500000000 0.000000000 0.000000000 0.999092361 -0.005152239 0.042283663 0.005165840 0.999986634 -0.000212397 -0.042282003 0.000430634 0.999105623 -0.009644830 0.032501827 -0.373241336
0.000000000 1.101923704 1.958975911 0.500000000 0.500000000 0.000000000 0.000000000 0.999055534 -0.005265271 0.043131384 0.005279201 0.999986043 -0.000209051 -0.043129681 0.000436553 0.999069387 -0.010451181 0.033046568 -0.379572423
0.000000000 1.101923704 1.958975911 0.500000000 0.500000000 0.000000000 0.000000000 0.999017975 -0.005378294 0.043979073 0.005392550 0.999985439 -0.000205513 -0.043977327 0.000442470 0.999032431 -0.011268407 0.033591144 -0.385902420
0.000000000 1.101923704 1.958975911 0.500000000 0.500000000 0.000000000 0.000000000 0.998979684 -0.005491307 0.044826731 0.005505886 0.999984822 -0.000201782 -0.044824942 0.000448387 0.998994756 -0.012096504 0.034135551 -0.392231293
0.000000000 1.101923704 1.958975911 0.500000000 0.500000000 0.000000000 0.000000000 0.998939428 -0.005566515 0.045705952 0.005581944 0.999984399 -0.000209952 -0.045704070 0.000464857 0.998954915 -0.013041660 0.034687533 -0.398509582
0.000000000 1.101923704 1.958975911 0.500000000 0.500000000 0.000000000 0.000000000 0.998898391 -0.005641694 0.046585141 0.005657992 0.999983970 -0.000217987 -0.046583164 0.000481326 0.998914299 -0.013997960 0.035239515 -0.404786498
0.000000000 1.101923704 1.958975911 0.500000000 0.500000000 0.000000000 0.000000000 0.998856576 -0.005716845 0.047464293 0.005734029 0.999983535 -0.000225889 -0.047462221 0.000497792 0.998872910 -0.014965401 0.035791497 -0.411062017
0.000000000 1.101923704 1.958975911 0.500000000 0.500000000 0.000000000 0.000000000 0.998813981 -0.005791966 0.048343411 0.005810055 0.999983094 -0.000233657 -0.048341240 0.000514258 0.998830746 -0.015943983 0.036343475 -0.417336143
0.000000000 1.101923704 1.958975911 0.500000000 0.500000000 0.000000000 0.000000000 0.998770606 -0.005867058 0.049222493 0.005886070 0.999982648 -0.000241290 -0.049220224 0.000530721 0.998787809 -0.016933703 0.036895447 -0.423608853
0.000000000 1.101923704 1.958975911 0.500000000 0.500000000 0.000000000 0.000000000 0.998726453 -0.005942121 0.050101538 0.005962073 0.999982196 -0.000248790 -0.050099168 0.000547182 0.998744098 -0.017934559 0.037447410 -0.429880132
0.000000000 1.101923704 1.958975911 0.500000000 0.500000000 0.000000000 0.000000000 0.998681520 -0.006017156 0.050980545 0.006038066 0.999981738 -0.000256156 -0.050978073 0.000563642 0.998699614 -0.018946550 0.037999362 -0.436149964
0.000000000 1.101923704 1.958975911 0.500000000 0.500000000 0.000000000 0.000000000 0.998635808 -0.006092161 0.051859515 0.006114047 0.999981274 -0.000263387 -0.051856939 0.000580099 0.998654355 -0.019969674 0.038551301 -0.442418336
0.000000000 1.101923704 1.958975911 0.500000000 0.500000000 0.000000000 0.000000000 0.998589316 -0.006167137 0.052738446 0.006190016 0.999980805 -0.000270485 -0.052735766 0.000596555 0.998608323 -0.021003930 0.039103223 -0.448685233
0.000000000 1.101923704 1.958975911 0.500000000 0.500000000 0.000000000 0.000000000 0.998542046 -0.006242084 0.053617337 0.006265973 0.999980330 -0.000277449 -0.053614551 0.000613009 0.998561517 -0.022049315 0.039655127 -0.454950641
0.000000000 1.101923704 1.958975911 0.500000000 0.500000000 0.000000000 0.000000000 0.998493996 -0.006317002 0.054496188 0.006341918 0.999979849 -0.000284278 -0.054493294 0.000629460 0.998513938 -0.023105827 0.040207009 -0.461214544
0.000000000 1.101923704 1.958975911 0.500000000 0.500000000 0.000000000 0.000000000 0.998445168 -0.006391891 0.055374999 0.006417851 0.999979363 -0.000290974 -0.055371996 0.000645910 0.998465585 -0.024173465 0.040758868 -0.467476918
0.000000000 1.101923704 1.958975911 0.500000000 0.500000000 0.000000000 0.000000000 0.998392690 -0.006471005 0.056304201 0.006498085 0.999978843 -0.000297889 -0.056301083 0.000663280 0.998413616 -0.025429860 0.041308293 -0.473623796
0.000000000 1.101923704 1.958975911 0.500000000 0.500000000 0.000000000 0.000000000 0.998339341 -0.006550086 0.057233358 0.006578305 0.999978316 -0.000304654 -0.057230121 0.000680647 0.998360781 -0.026697805 0.041857658 -0.479768729
0.000000000 1.101923704 1.958975911 0.500000000 0.500000000 0.000000000 0.000000000 0.998285121 -0.006629135 0.058162466 0.006658511 0.999977783 -0.000311270 -0.058159110 0.000698012 0.998307082 -0.027977296 0.042406958 -0.485911700
0.000000000 1.101923704 1.958975911 0.500000000 0.500000000 0.000000000 0.000000000 0.998230030 -0.006708152 0.059091524 0.006738702 0.999977244 -0.000317736 -0.059088048 0.000715374 0.998252519 -0.029268329 0.042956190 -0.492052694
0.000000000 1.101923704 1.958975911 0.500000000 0.500000000 0.000000000 0.000000000 0.998174068 -0.006787136 0.060020533 0.006818878 0.999976699 -0.000324053 -0.060016935 0.000732734 0.998197090 -0.030570904 0.043505353 -0.498191685
0.000000000 1.101923704 1.958975911 0.500000000 0.500000000 0.000000000 0.000000000 0.998117236 -0.006866088 0.060949492 0.006899040 0.999976147 -0.000330220 -0.060945770 0.000750091 0.998140797 -0.031885018 0.044054443 -0.504328676
0.000000000 1.101923704 1.958975911 0.500000000 0.500000000 0.000000000 0.000000000 0.998059533 -0.006945007 0.061878399 0.006979186 0.999975589 -0.000336237 -0.061874553 0.000767446 0.998083639 -0.033210667 0.044603457 -0.510463642
0.000000000 1.101923704 1.958975911 0.500000000 0.500000000 0.000000000 0.000000000 0.998000959 -0.007023894 0.062807253 0.007059317 0.999975024 -0.000342105 -0.062803281 0.000784798 0.998025617 -0.034547849 0.045152393 -0.516596567
