0.000000000 0.646646798 1.149594188 0.500000000 0.500000000 0.000000000 0.000000000 0.941735483 -0.017641858 0.335891420 0.012704730 0.999776623 0.016890644 -0.336114372 -0.011639109 0.941749256 -1.326152285 0.122864348 -2.495212150
0.000000000 0.646646798 1.149594188 0.500000000 0.500000000 0.000000000 0.000000000 0.941743042 -0.017700634 0.335867133 0.012754757 0.999775385 0.016926200 -0.336091297 -0.011656228 0.941757279 -1.327499714 0.122791143 -2.498620628
0.000000000 0.646646798 1.149594188 0.500000000 0.500000000 0.000000000 0.000000000 0.941750601 -0.017759408 0.335842834 0.012804785 0.999774143 0.016961754 -0.336068213 -0.011673346 0.941765305 -1.328846923 0.122717659 -2.502029091
0.000000000 0.646646798 1.149594188 0.500000000 0.500000000 0.000000000 0.000000000 0.941758153 -0.017818182 0.335818542 0.012854814 0.999772897 0.016997305 -0.336045137 -0.011690465 0.941773327 -1.330194009 0.122643910 -2.505437707
0.000000000 0.646646798 1.149594188 0.500000000 0.500000000 0.000000000 0.000000000 0.941765706 -0.017876955 0.335794237 0.012904844 0.999771647 0.017032853 -0.336022053 -0.011707585 0.941781351 -1.331540898 0.122569880 -2.508846404
0.000000000 0.646646798 1.149594188 0.500000000 0.500000000 0.000000000 0.000000000 0.941774018 -0.017892669 0.335770087 0.012923098 0.999771471 0.017029338 -0.335998054 -0.011698598 0.941790025 -1.332901999 0.122989633 -2.512300991
0.000000000 0.646646798 1.149594188 0.500000000 0.500000000 0.000000000 0.000000000 0.941782329 -0.017908382 0.335745937 0.012941351 0.999771295 0.017025821 -0.335974055 -0.011689611 0.941798698 -1.334262930 0.123409409 -2.515755643
0.000000000 0.646646798 1.149594188 0.500000000 0.500000000 0.000000000 0.000000000 0.941790639 -0.017924096 0.335721787 0.012959606 0.999771119 0.017022304 -0.335950056 -0.011680624 0.941807370 -1.335623710 0.123829194 -2.519210354
0.000000000 0.646646798 1.149594188 0.500000000 0.500000000 0.000000000 0.000000000 0.941798948 -0.017939810 0.335697638 0.012977860 0.999770942 0.017018785 -0.335926057 -0.011671637 0.941816042 -1.336984287 0.124249015 -2.522665037
0.000000000 0.646646798 1.149594188 0.500000000 0.500000000 0.000000000 0.000000000 0.941807260 -0.017955524 0.335673479 0.012996114 0.999770765 0.017015266 -0.335902048 -0.011662650 0.941824716 -1.338344721 0.124668855 -2.526119886
0.000000000 0.646646798 1.149594188 0.500000000 0.500000000 0.000000000 0.000000000 0.941815567 -0.017971240 0.335649329 0.013014370 0.999770587 0.017011746 -0.335878049 -0.011653663 0.941833387 -1.339705020 0.125088715 -2.529574785
0.000000000 0.646646798 1.149594188 0.500000000 0.500000000 0.000000000 0.000000000 0.941823873 -0.017986955 0.335625179 0.013032625 0.999770409 0.017008225 -0.335854049 -0.011644675 0.941842057 -1.341065149 0.125508589 -2.533029748
0.000000000 0.646646798 1.149594188 0.500000000 0.500000000 0.000000000 0.000000000 0.941832179 -0.018002671 0.335601029 0.013050880 0.999770231 0.017004703 -0.335830049 -0.011635687 0.941850726 -1.342425127 0.125928493 -2.536484771
0.000000000 0.646646798 1.149594188 0.500000000 0.500000000 0.000000000 0.000000000 0.941840483 -0.018018388 0.335576880 0.013069136 0.999770052 0.017001180 -0.335806048 -0.011626699 0.941859394 -1.343784935 0.126348418 -2.539939860
0.000000000 0.646646798 1.149594188 0.500000000 0.500000000 0.000000000 0.000000000 0.941848786 -0.018034104 0.335552730 0.013087392 0.999769873 0.016997656 -0.335782048 -0.011617711 0.941868061 -1.345144592 0.126768366 -2.543395007
0.000000000 0.646646798 1.149594188 0.500000000 0.500000000 0.000000000 0.000000000 0.941857089 -0.018049822 0.335528580 0.013105649 0.999769694 0.016994131 -0.335758047 -0.011608723 0.941876728 -1.346504046 0.127188326 -2.546850126
0.000000000 0.646646798 1.149594188 0.500000000 0.500000000 0.000000000 0.000000000 0.941870828 -0.018065081 0.335489188 0.013118918 0.999769356 0.017003792 -0.335718984 -0.011614120 0.941890586 -1.347607213 0.127206954 -2.550426649
0.000000000 0.646646798 1.149594188 0.500000000 0.500000000 0.000000000 0.000000000 0.941884566 -0.018080339 0.335449795 0.013132187 0.999769017 0.017013450 -0.335679921 -0.011619517 0.941904442 -1.348710052 0.127225519 -2.554003174
0.000000000 0.646646798 1.149594188 0.500000000 0.500000000 0.000000000 0.000000000 0.941898302 -0.018095597 0.335410401 0.013145457 0.999768679 0.017023108 -0.335640857 -0.011624914 0.941918296 -1.349812598 0.127244014 -2.557579796
0.000000000 0.646646798 1.149594188 0.500000000 0.500000000 0.000000000 0.000000000 0.941912037 -0.018110854 0.335371006 0.013158727 0.999768340 0.017032766 -0.335601792 -0.011630312 0.941932149 -1.350914850 0.127262431 -2.561156514
0.000000000 0.646646798 1.149594188 0.500000000 0.500000000 0.000000000 0.000000000 0.941925766 -0.018126112 0.335331620 0.013171998 0.999768000 0.017042422 -0.335562736 -0.011635709 0.941945996 -1.352016834 0.127280789 -2.564733314
0.000000000 0.646646798 1.149594188 0.500000000 0.500000000 0.000000000 0.000000000 0.941939497 -0.018141369 0.335292224 0.013185268 0.999767661 0.017052077 -0.335523671 -0.011641107 0.941959846 -1.353118498 0.127299080 -2.568310225
0.000000000 0.646646798 1.149594188 0.500000000 0.500000000 0.000000000 0.000000000 0.941953225 -0.018156625 0.335252827 0.013198539 0.999767321 0.017061730 -0.335484604 -0.011646504 0.941973693 -1.354219901 0.127317305 -2.571887325
0.000000000 0.646646798 1.149594188 0.500000000 0.500000000 0.000000000 0.000000000 0.941966952 -0.018171880 0.335213429 0.013211811 0.999766981 0.017071383 -0.335445537 -0.011651902 0.941987540 -1.355320978 0.127335461 -2.575464428
0.000000000 0.646646798 1.149594188 0.500000000 0.500000000 0.000000000 0.000000000 0.941980678 -0.018187136 0.335174031 0.013225083 0.999766640 0.017081035 -0.335406470 -0.011657301 0.942001384 -1.356421751 0.127353538 -2.579041630
0.000000000 0.646646798 1.149594188 0.500000000 0.500000000 0.000000000 0.000000000 0.941994401 -0.018202391 0.335134631 0.013238355 0.999766300 0.017090686 -0.335367402 -0.011662699 0.942015227 -1.357522239 0.127371559 -2.582618925
0.000000000 0.646646798 1.149594188 0.500000000 0.500000000 0.000000000 0.000000000 0.942008123 -0.018217645 0.335095231 0.013251628 0.999765959 0.017100335 -0.335328333 -0.011668098 0.942029068 -1.358622434 0.127389512 -2.586196316
0.000000000 0.646646798 1.149594188 0.500000000 0.500000000 0.000000000 0.000000000 0.942013459 -0.018205701 0.335080879 0.013242997 0.999766259 0.017089498 -0.335313683 -0.011661062 0.942034370 -1.359797313 0.127585857 -2.589664855
0.000000000 0.646646798 1.149594188 0.500000000 0.500000000 0.000000000 0.000000000 0.942018795 -0.018193756 0.335066527 0.013234366 0.999766558 0.017078660 -0.335299034 -0.011654026 0.942039671 -1.360972082 0.127782283 -2.593133428
0.000000000 0.646646798 1.149594188 0.500000000 0.500000000 0.000000000 0.000000000 0.942024130 -0.018181811 0.335052175 0.013225735 0.999766858 0.017067823 -0.335284384 -0.011646990 0.942044972 -1.362146738 0.127978775 -2.596602035
0.000000000 0.646646798 1.149594188 0.500000000 0.500000000 0.000000000 0.000000000 0.942029465 -0.018169867 0.335037822 0.013217103 0.999767157 0.017056986 -0.335269734 -0.011639954 0.942050273 -1.363321284 0.128175355 -2.600070677
0.000000000 0.646646798 1.149594188 0.500000000 0.500000000 0.000000000 0.000000000 0.942034800 -0.018157923 0.335023469 0.013208472 0.999767455 0.017046150 -0.335255084 -0.011632918 0.942055574 -1.364495719 0.128372013 -2.603539354
0.000000000 0.646646798 1.149594188 0.500000000 0.500000000 0.000000000 0.000000000 0.942040135 -0.018145981 0.335009116 0.013199842 0.999767754 0.017035314 -0.335240434 -0.011625882 0.942060874 -1.365670042 0.128568749 -2.607008064
0.000000000 0.646646798 1.149594188 0.500000000 0.500000000 0.000000000 0.000000000 0.942045473 -0.018134037 0.334994753 0.013191210 0.999768053 0.017024478 -0.335225774 -0.011618846 0.942066178 -1.366844228 0.128765554 -2.610476823
0.000000000 0.646646798 1.149594188 0.500000000 0.500000000 0.000000000 0.000000000 0.942050807 -0.018122094 0.334980399 0.013182579 0.999768351 0.017013643 -0.335211124 -0.011611810 0.942071477 -1.368018329 0.128962447 -2.613945603
0.000000000 0.646646798 1.149594188 0.500000000 0.500000000 0.000000000 0.000000000 0.942056140 -0.018110151 0.334966045 0.013173947 0.999768649 0.017002807 -0.335196473 -0.011604774 0.942076777 -1.369192319 0.129159419 -2.617414417
0.000000000 0.646646798 1.149594188 0.500000000 0.500000000 0.000000000 0.000000000 0.942061474 -0.018098208 0.334951690 0.013165315 0.999768947 0.016991972 -0.335181823 -0.011597738 0.942082076 -1.370366197 0.129356469 -2.620883265
0.000000000 0.646646798 1.149594188 0.500000000 0.500000000 0.000000000 0.000000000 0.942066807 -0.018086265 0.334937336 0.013156684 0.999769245 0.016981136 -0.335167172 -0.011590700 0.942087375 -1.371539964 0.129553600 -2.624352148
0.000000000 0.646646798 1.149594188 0.500000000 0.500000000 0.000000000 0.000000000 0.942055659 -0.018071358 0.334969493 0.013145999 0.999769650 0.016965521 -0.335198923 -0.011578956 0.942076223 -1.373122204 0.129905853 -2.627401702
0.000000000 0.646646798 1.149594188 0.500000000 0.500000000 0.000000000 0.000000000 0.942044510 -0.018056449 0.335001650 0.013135315 0.999770056 0.016949903 -0.335230673 -0.011567211 0.942065070 -1.374704675 0.130258223 -2.630451240
0.000000000 0.646646798 1.149594188 0.500000000 0.500000000 0.000000000 0.000000000 0.942033364 -0.018041541 0.335033796 0.013124632 0.999770461 0.016934285 -0.335262414 -0.011555466 0.942053918 -1.376287284 0.130610710 -2.633500585
0.000000000 0.646646798 1.149594188 0.500000000 0.500000000 0.000000000 0.000000000 0.942022212 -0.018026631 0.335065952 0.013113949 0.999770865 0.016918666 -0.335294163 -0.011543722 0.942042763 -1.377870160 0.130963324 -2.636549896
0.000000000 0.646646798 1.149594188 0.500000000 0.500000000 0.000000000 0.000000000 0.942011060 -0.018011720 0.335098106 0.013103266 0.999771270 0.016903048 -0.335325912 -0.011531978 0.942031606 -1.379453191 0.131316043 -2.639599005
0.000000000 0.646646798 1.149594188 0.500000000 0.500000000 0.000000000 0.000000000 0.941999906 -0.017996808 0.335130260 0.013092582 0.999771673 0.016887427 -0.335357661 -0.011520234 0.942020448 -1.381036453 0.131668880 -2.642648097
0.000000000 0.646646798 1.149594188 0.500000000 0.500000000 0.000000000 0.000000000 0.941988752 -0.017981897 0.335162413 0.013081901 0.999772077 0.016871806 -0.335389409 -0.011508491 0.942009288 -1.382619879 0.132021844 -2.645696983
0.000000000 0.646646798 1.149594188 0.500000000 0.500000000 0.000000000 0.000000000 0.941977596 -0.017966984 0.335194565 0.013071218 0.999772480 0.016856185 -0.335421157 -0.011496747 0.941998128 -1.384203546 0.132374914 -2.648745849
0.000000000 0.646646798 1.149594188 0.500000000 0.500000000 0.000000000 0.000000000 0.941966442 -0.017952070 0.335226708 0.013060536 0.999772883 0.016840562 -0.335452895 -0.011485004 0.941986969 -1.385787341 0.132728104 -2.651794526
0.000000000 0.646646798 1.149594188 0.500000000 0.500000000 0.000000000 0.000000000 0.941955284 -0.017937155 0.335258858 0.013049853 0.999773286 0.016824940 -0.335484642 -0.011473262 0.941975806 -1.387371393 0.133081415 -2.654843172
0.000000000 0.646646798 1.149594188 0.500000000 0.500000000 0.000000000 0.000000000 0.941944124 -0.017922240 0.335291009 0.013039172 0.999773688 0.016809316 -0.335516389 -0.011461519 0.941964642 -1.388955619 0.133434836 -2.657891609
0.000000000 0.646646798 1.149594188 0.500000000 0.500000000 0.000000000 0.000000000 0.941935844 -0.017931124 0.335313793 0.013053080 0.999773732 0.016795915 -0.335539092 -0.011443797 0.941956770 -1.390563813 0.133697315 -2.661057833
0.000000000 0.646646798 1.149594188 0.500000000 0.500000000 0.000000000 0.000000000 0.941927564 -0.017940007 0.335336577 0.013066989 0.999773775 0.016782516 -0.335561794 -0.011426076 0.941948898 -1.392172210 0.133959870 -2.664224061
0.000000000 0.646646798 1.149594188 0.500000000 0.500000000 0.000000000 0.000000000 0.941919283 -0.017948890 0.335359362 0.013080897 0.999773818 0.016769117 -0.335584497 -0.011408354 0.941941025 -1.393780724 0.134222513 -2.667390114
0.000000000 0.646646798 1.149594188 0.500000000 0.500000000 0.000000000 0.000000000 0.941911001 -0.017957771 0.335382147 0.013094805 0.999773860 0.016755719 -0.335607199 -0.011390632 0.941933151 -1.395389407 0.134485237 -2.670556077
0.000000000 0.646646798 1.149594188 0.500000000 0.500000000 0.000000000 0.000000000 0.941902718 -0.017966651 0.335404932 0.013108712 0.999773903 0.016742322 -0.335629901 -0.011372912 0.941925276 -1.396998250 0.134748042 -2.673721955
0.000000000 0.646646798 1.149594188 0.500000000 0.500000000 0.000000000 0.000000000 0.941894435 -0.017975531 0.335427717 0.013122620 0.999773944 0.016728925 -0.335652603 -0.011355191 0.941917401 -1.398607244 0.135010931 -2.676887751
0.000000000 0.646646798 1.149594188 0.500000000 0.500000000 0.000000000 0.000000000 0.941886151 -0.017984410 0.335450503 0.013136527 0.999773986 0.016715530 -0.335675305 -0.011337471 0.941909524 -1.400216407 0.135273898 -2.680053459
0.000000000 0.646646798 1.149594188 0.500000000 0.500000000 0.000000000 0.000000000 0.941877869 -0.017993288 0.335473279 0.013150434 0.999774027 0.016702134 -0.335697997 -0.011319751 0.941901650 -1.401825693 0.135536952 -2.683219097
0.000000000 0.646646798 1.149594188 0.500000000 0.500000000 0.000000000 0.000000000 0.941869584 -0.018002165 0.335496065 0.013164340 0.999774068 0.016688738 -0.335720699 -0.011302031 0.941893771 -1.403435176 0.135800088 -2.686384633
0.000000000 0.646646798 1.149594188 0.500000000 0.500000000 0.000000000 0.000000000 0.941861297 -0.018011041 0.335518851 0.013178246 0.999774108 0.016675345 -0.335743400 -0.011284312 0.941885892 -1.405044818 0.136063303 -2.689550084
0.000000000 0.646646798 1.149594188 0.500000000 0.500000000 0.000000000 0.000000000 0.941853010 -0.018019917 0.335541637 0.013192153 0.999774148 0.016661951 -0.335766101 -0.011266593 0.941878012 -1.406654611 0.136326612 -2.692715452
0.000000000 0.646646798 1.149594188 0.500000000 0.500000000 0.000000000 0.000000000 0.941850837 -0.018038939 0.335546714 0.013212767 0.999773898 0.016660587 -0.335771385 -0.011258287 0.941876227 -1.408246081 0.136509103 -2.696118453
0.000000000 0.646646798 1.149594188 0.500000000 0.500000000 0.000000000 0.000000000 0.941848667 -0.018057961 0.335551781 0.013233381 0.999773648 0.016659222 -0.335776660 -0.011249981 0.941874446 -1.409837571 0.136691603 -2.699521447
0.000000000 0.646646798 1.149594188 0.500000000 0.500000000 0.000000000 0.000000000 0.941846497 -0.018076983 0.335556849 0.013253995 0.999773398 0.016657857 -0.335781935 -0.011241676 0.941872665 -1.411429140 0.136874094 -2.702924513
0.000000000 0.646646798 1.149594188 0.500000000 0.500000000 0.000000000 0.000000000 0.941844326 -0.018096005 0.335561917 0.013274609 0.999773147 0.016656492 -0.335787210 -0.011233370 0.941870883 -1.413020723 0.137056575 -2.706327464
0.000000000 0.646646798 1.149594188 0.500000000 0.500000000 0.000000000 0.000000000 0.941842151 -0.018115027 0.335566995 0.013295223 0.999772896 0.016655128 -0.335792494 -0.011225063 0.941869099 -1.414612379 0.137239061 -2.709730379
0.000000000 0.646646798 1.149594188 0.500000000 0.500000000 0.000000000 0.000000000 0.941839979 -0.018134048 0.335572063 0.013315836 0.999772644 0.016653764 -0.335797769 -0.011216758 0.941867317 -1.416204045 0.137421542 -2.713133291
0.000000000 0.646646798 1.149594188 0.500000000 0.500000000 0.000000000 0.000000000 0.941837807 -0.018153069 0.335577131 0.013336450 0.999772392 0.016652400 -0.335803044 -0.011208452 0.941865535 -1.417795767 0.137604020 -2.716536178
0.000000000 0.646646798 1.149594188 0.500000000 0.500000000 0.000000000 0.000000000 0.941835634 -0.018172091 0.335582200 0.013357064 0.999772140 0.016651037 -0.335808318 -0.011200147 0.941863753 -1.419387535 0.137786480 -2.719939043
0.000000000 0.646646798 1.149594188 0.500000000 0.500000000 0.000000000 0.000000000 0.941833458 -0.018191112 0.335587278 0.013377677 0.999771887 0.016649673 -0.335813603 -0.011191841 0.941861968 -1.420979377 0.137968949 -2.723341873
0.000000000 0.646646798 1.149594188 0.500000000 0.500000000 0.000000000 0.000000000 0.941831284 -0.018210134 0.335592348 0.013398291 0.999771634 0.016648310 -0.335818878 -0.011183536 0.941860186 -1.422571238 0.138151410 -2.726744696
0.000000000 0.646646798 1.149594188 0.500000000 0.500000000 0.000000000 0.000000000 0.941829110 -0.018229155 0.335597417 0.013418904 0.999771380 0.016646947 -0.335824152 -0.011175230 0.941858404 -1.424163146 0.138333860 -2.730147497
0.000000000 0.646646798 1.149594188 0.500000000 0.500000000 0.000000000 0.000000000 0.941828295 -0.018258770 0.335598094 0.013443069 0.999770716 0.016667321 -0.335825471 -0.011186286 0.941857802 -1.425721463 0.138549286 -2.733543571
0.000000000 0.646646798 1.149594188 0.500000000 0.500000000 0.000000000 0.000000000 0.941827479 -0.018288384 0.335598769 0.013467232 0.999770051 0.016687694 -0.335826790 -0.011197342 0.941857201 -1.427279779 0.138764550 -2.736939549
0.000000000 0.646646798 1.149594188 0.500000000 0.500000000 0.000000000 0.000000000 0.941826660 -0.018318000 0.335599454 0.013491396 0.999769385 0.016708068 -0.335828118 -0.011208398 0.941856596 -1.428838179 0.138979641 -2.740335610
0.000000000 0.646646798 1.149594188 0.500000000 0.500000000 0.000000000 0.000000000 0.941825843 -0.018347614 0.335600128 0.013515560 0.999768718 0.016728440 -0.335829436 -0.011219454 0.941855994 -1.430396530 0.139194570 -2.743731596
0.000000000 0.646646798 1.149594188 0.500000000 0.500000000 0.000000000 0.000000000 0.941825026 -0.018377229 0.335600801 0.013539724 0.999768050 0.016748813 -0.335830755 -0.011230509 0.941855392 -1.431954947 0.139409329 -2.747127675
0.000000000 0.646646798 1.149594188 0.500000000 0.500000000 0.000000000 0.000000000 0.941824208 -0.018406843 0.335601473 0.013563887 0.999767381 0.016769187 -0.335832074 -0.011241566 0.941854790 -1.433513353 0.139623921 -2.750523662
0.000000000 0.646646798 1.149594188 0.500000000 0.500000000 0.000000000 0.000000000 0.941823390 -0.018436458 0.335602145 0.013588051 0.999766711 0.016789560 -0.335833393 -0.011252622 0.941854188 -1.435071806 0.139838345 -2.753919749
0.000000000 0.646646798 1.149594188 0.500000000 0.500000000 0.000000000 0.000000000 0.941822571 -0.018466073 0.335602816 0.013612215 0.999766039 0.016809934 -0.335834711 -0.011263678 0.941853585 -1.436630257 0.140052602 -2.757315740
0.000000000 0.646646798 1.149594188 0.500000000 0.500000000 0.000000000 0.000000000 0.941821751 -0.018495688 0.335603485 0.013636379 0.999765367 0.016830308 -0.335836030 -0.011274733 0.941852983 -1.438188764 0.140266691 -2.760711828
0.000000000 0.646646798 1.149594188 0.500000000 0.500000000 0.000000000 0.000000000 0.941820930 -0.018525302 0.335604154 0.013660542 0.999764694 0.016850681 -0.335837349 -0.011285790 0.941852380 -1.439747251 0.140480613 -2.764107827
