0.000000000 0.607671738 1.080305100 0.500000000 0.500000000 0.000000000 0.000000000 0.994480260 -0.009792440 0.104465883 0.009895127 0.999950934 -0.000464743 -0.104456206 0.001495881 0.994528362 -0.202752405 0.406046232 -2.649796008
0.000000000 0.607671738 1.080305100 0.500000000 0.500000000 0.000000000 0.000000000 0.994489719 -0.009761293 0.104378715 0.009863416 0.999951248 -0.000462242 -0.104369115 0.001489226 0.994537516 -0.201525170 0.406117195 -2.654440778
0.000000000 0.607671738 1.080305100 0.500000000 0.500000000 0.000000000 0.000000000 0.994499168 -0.009730146 0.104291557 0.009831704 0.999951562 -0.000459736 -0.104282032 0.001482571 0.994546660 -0.200297134 0.406188037 -2.659085256
0.000000000 0.607671738 1.080305100 0.500000000 0.500000000 0.000000000 0.000000000 0.994508609 -0.009698997 0.104204399 0.009799991 0.999951874 -0.000457224 -0.104194949 0.001475916 0.994555797 -0.199068291 0.406258739 -2.663729641
0.000000000 0.607671738 1.080305100 0.500000000 0.500000000 0.000000000 0.000000000 0.994518042 -0.009667847 0.104117230 0.009768277 0.999952186 -0.000454707 -0.104107856 0.001469260 0.994564928 -0.197838605 0.406329311 -2.668373836
0.000000000 0.607671738 1.080305100 0.500000000 0.500000000 0.000000000 0.000000000 0.994527465 -0.009636696 0.104030070 0.009736563 0.999952496 -0.000452184 -0.104020771 0.001462605 0.994574050 -0.196608130 0.406399752 -2.673017837
0.000000000 0.607671738 1.080305100 0.500000000 0.500000000 0.000000000 0.000000000 0.994536880 -0.009605544 0.103942910 0.009704848 0.999952806 -0.000449656 -0.103933686 0.001455949 0.994583164 -0.195376828 0.406470062 -2.677661547
0.000000000 0.607671738 1.080305100 0.500000000 0.500000000 0.000000000 0.000000000 0.994546286 -0.009574391 0.103855750 0.009673132 0.999953114 -0.000447122 -0.103846599 0.001449294 0.994592270 -0.194144718 0.406540241 -2.682305164
0.000000000 0.607671738 1.080305100 0.500000000 0.500000000 0.000000000 0.000000000 0.994555684 -0.009543236 0.103768579 0.009641416 0.999953422 -0.000444582 -0.103759502 0.001442638 0.994601370 -0.192911767 0.406610290 -2.686948591
0.000000000 0.607671738 1.080305100 0.500000000 0.500000000 0.000000000 0.000000000 0.994565073 -0.009512080 0.103681417 0.009609699 0.999953728 -0.000442037 -0.103672415 0.001435982 0.994610461 -0.191678015 0.406680208 -2.691591724
0.000000000 0.607671738 1.080305100 0.500000000 0.500000000 0.000000000 0.000000000 0.994569697 -0.009521617 0.103636172 0.009619209 0.999953637 -0.000441915 -0.103627160 0.001436413 0.994615176 -0.190726812 0.407380688 -2.696221856
0.000000000 0.607671738 1.080305100 0.500000000 0.500000000 0.000000000 0.000000000 0.994574318 -0.009531154 0.103590938 0.009628719 0.999953545 -0.000441793 -0.103581915 0.001436844 0.994619888 -0.189775219 0.408081184 -2.700851804
0.000000000 0.607671738 1.080305100 0.500000000 0.500000000 0.000000000 0.000000000 0.994578938 -0.009540690 0.103545693 0.009638229 0.999953454 -0.000441673 -0.103536659 0.001437276 0.994624600 -0.188823191 0.408781717 -2.705481671
0.000000000 0.607671738 1.080305100 0.500000000 0.500000000 0.000000000 0.000000000 0.994583556 -0.009550227 0.103500448 0.009647739 0.999953362 -0.000441553 -0.103491404 0.001437707 0.994629309 -0.187870755 0.409482266 -2.710111456
0.000000000 0.607671738 1.080305100 0.500000000 0.500000000 0.000000000 0.000000000 0.994588171 -0.009559764 0.103455212 0.009657249 0.999953270 -0.000441435 -0.103446158 0.001438138 0.994634015 -0.186917939 0.410182840 -2.714741156
0.000000000 0.607671738 1.080305100 0.500000000 0.500000000 0.000000000 0.000000000 0.994592785 -0.009569300 0.103409967 0.009666759 0.999953178 -0.000441317 -0.103400902 0.001438570 0.994638720 -0.185964703 0.410883451 -2.719370874
0.000000000 0.607671738 1.080305100 0.500000000 0.500000000 0.000000000 0.000000000 0.994597395 -0.009578837 0.103364731 0.009676269 0.999953086 -0.000441200 -0.103355656 0.001439001 0.994643422 -0.185011068 0.411584077 -2.724000409
0.000000000 0.607671738 1.080305100 0.500000000 0.500000000 0.000000000 0.000000000 0.994602004 -0.009588374 0.103319485 0.009685780 0.999952994 -0.000441084 -0.103310399 0.001439432 0.994648123 -0.184056998 0.412284741 -2.728629864
0.000000000 0.607671738 1.080305100 0.500000000 0.500000000 0.000000000 0.000000000 0.994606612 -0.009597911 0.103274239 0.009695290 0.999952902 -0.000440968 -0.103265142 0.001439864 0.994652822 -0.183102531 0.412985420 -2.733259235
0.000000000 0.607671738 1.080305100 0.500000000 0.500000000 0.000000000 0.000000000 0.994611216 -0.009607448 0.103229002 0.009704801 0.999952810 -0.000440854 -0.103219896 0.001440295 0.994657518 -0.182147673 0.413686125 -2.737888522
0.000000000 0.607671738 1.080305100 0.500000000 0.500000000 0.000000000 0.000000000 0.994615818 -0.009616985 0.103183756 0.009714311 0.999952718 -0.000440740 -0.103174638 0.001440726 0.994662213 -0.181192401 0.414386866 -2.742517826
0.000000000 0.607671738 1.080305100 0.500000000 0.500000000 0.000000000 0.000000000 0.994620419 -0.009626522 0.103138509 0.009723822 0.999952625 -0.000440628 -0.103129381 0.001441158 0.994666906 -0.180236701 0.415087624 -2.747146949
0.000000000 0.607671738 1.080305100 0.500000000 0.500000000 0.000000000 0.000000000 0.994624123 -0.009623325 0.103103081 0.009720536 0.999952657 -0.000440440 -0.103093961 0.001440290 0.994670579 -0.179448165 0.415768479 -2.751879243
0.000000000 0.607671738 1.080305100 0.500000000 0.500000000 0.000000000 0.000000000 0.994627826 -0.009620127 0.103067652 0.009717251 0.999952689 -0.000440252 -0.103058541 0.001439421 0.994674251 -0.178659288 0.416449313 -2.756611485
0.000000000 0.607671738 1.080305100 0.500000000 0.500000000 0.000000000 0.000000000 0.994631529 -0.009616930 0.103032214 0.009713965 0.999952721 -0.000440064 -0.103023110 0.001438553 0.994677922 -0.177870052 0.417130137 -2.761343777
0.000000000 0.607671738 1.080305100 0.500000000 0.500000000 0.000000000 0.000000000 0.994635229 -0.009613733 0.102996785 0.009710680 0.999952753 -0.000439876 -0.102987690 0.001437685 0.994681592 -0.177080493 0.417810952 -2.766075915
0.000000000 0.607671738 1.080305100 0.500000000 0.500000000 0.000000000 0.000000000 0.994638929 -0.009610535 0.102961346 0.009707394 0.999952785 -0.000439688 -0.102952259 0.001436817 0.994685261 -0.176290564 0.418491766 -2.770808003
0.000000000 0.607671738 1.080305100 0.500000000 0.500000000 0.000000000 0.000000000 0.994642627 -0.009607338 0.102925917 0.009704109 0.999952817 -0.000439499 -0.102916838 0.001435949 0.994688927 -0.175500332 0.419172560 -2.775540136
0.000000000 0.607671738 1.080305100 0.500000000 0.500000000 0.000000000 0.000000000 0.994646323 -0.009604140 0.102890488 0.009700823 0.999952849 -0.000439310 -0.102881417 0.001435081 0.994692593 -0.174709748 0.419853344 -2.780272119
0.000000000 0.607671738 1.080305100 0.500000000 0.500000000 0.000000000 0.000000000 0.994650019 -0.009600942 0.102855048 0.009697538 0.999952881 -0.000439121 -0.102845986 0.001434212 0.994696258 -0.173918796 0.420534118 -2.785004051
0.000000000 0.607671738 1.080305100 0.500000000 0.500000000 0.000000000 0.000000000 0.994653713 -0.009597745 0.102819619 0.009694252 0.999952913 -0.000438931 -0.102810565 0.001433344 0.994699921 -0.173127540 0.421214891 -2.789736029
0.000000000 0.607671738 1.080305100 0.500000000 0.500000000 0.000000000 0.000000000 0.994657406 -0.009594547 0.102784190 0.009690966 0.999952945 -0.000438742 -0.102775144 0.001432476 0.994703583 -0.172335922 0.421895645 -2.794467856
0.000000000 0.607671738 1.080305100 0.500000000 0.500000000 0.000000000 0.000000000 0.994661098 -0.009591349 0.102748750 0.009687680 0.999952977 -0.000438552 -0.102739712 0.001431608 0.994707244 -0.171543945 0.422576388 -2.799199632
0.000000000 0.607671738 1.080305100 0.500000000 0.500000000 0.000000000 0.000000000 0.994664788 -0.009588151 0.102713320 0.009684394 0.999953009 -0.000438362 -0.102704290 0.001430739 0.994710904 -0.170751666 0.423257122 -2.803931454
0.000000000 0.607671738 1.080305100 0.500000000 0.500000000 0.000000000 0.000000000 0.994667946 -0.009604140 0.102681242 0.009700106 0.999952858 -0.000435301 -0.102672221 0.001428999 0.994714217 -0.170319696 0.423849133 -2.808600112
0.000000000 0.607671738 1.080305100 0.500000000 0.500000000 0.000000000 0.000000000 0.994671102 -0.009620129 0.102649174 0.009715818 0.999952707 -0.000432241 -0.102640161 0.001427258 0.994717528 -0.169887473 0.424441135 -2.813268744
0.000000000 0.607671738 1.080305100 0.500000000 0.500000000 0.000000000 0.000000000 0.994674256 -0.009636118 0.102617106 0.009731530 0.999952555 -0.000429182 -0.102608101 0.001425518 0.994720838 -0.169454968 0.425033137 -2.817937353
0.000000000 0.607671738 1.080305100 0.500000000 0.500000000 0.000000000 0.000000000 0.994677410 -0.009652107 0.102585027 0.009747242 0.999952404 -0.000426124 -0.102576031 0.001423777 0.994724148 -0.169022163 0.425625140 -2.822605939
0.000000000 0.607671738 1.080305100 0.500000000 0.500000000 0.000000000 0.000000000 0.994680561 -0.009668096 0.102552958 0.009762954 0.999952252 -0.000423067 -0.102543971 0.001422036 0.994727456 -0.168589093 0.426217153 -2.827274500
0.000000000 0.607671738 1.080305100 0.500000000 0.500000000 0.000000000 0.000000000 0.994683712 -0.009684084 0.102520880 0.009778666 0.999952099 -0.000420011 -0.102511901 0.001420296 0.994730764 -0.168155714 0.426809157 -2.831943040
0.000000000 0.607671738 1.080305100 0.500000000 0.500000000 0.000000000 0.000000000 0.994686861 -0.009700072 0.102488810 0.009794379 0.999951947 -0.000416956 -0.102479841 0.001418555 0.994734070 -0.167722081 0.427401162 -2.836611554
0.000000000 0.607671738 1.080305100 0.500000000 0.500000000 0.000000000 0.000000000 0.994690010 -0.009716061 0.102456731 0.009810091 0.999951794 -0.000413903 -0.102447771 0.001416815 0.994737376 -0.167288147 0.427993177 -2.841280145
0.000000000 0.607671738 1.080305100 0.500000000 0.500000000 0.000000000 0.000000000 0.994693157 -0.009732049 0.102424662 0.009825803 0.999951641 -0.000410850 -0.102415710 0.001415074 0.994740680 -0.166853950 0.428585183 -2.845948612
0.000000000 0.607671738 1.080305100 0.500000000 0.500000000 0.000000000 0.000000000 0.994696302 -0.009748037 0.102392592 0.009841516 0.999951488 -0.000407798 -0.102383650 0.001413333 0.994743983 -0.166419471 0.429177189 -2.850617055
0.000000000 0.607671738 1.080305100 0.500000000 0.500000000 0.000000000 0.000000000 0.994699447 -0.009764025 0.102360512 0.009857229 0.999951334 -0.000404747 -0.102351579 0.001411593 0.994747285 -0.165984681 0.429769197 -2.855285475
0.000000000 0.607671738 1.080305100 0.500000000 0.500000000 0.000000000 0.000000000 0.994702589 -0.009780013 0.102328442 0.009872941 0.999951181 -0.000401697 -0.102319518 0.001409852 0.994750586 -0.165549638 0.430361214 -2.859953870
0.000000000 0.607671738 1.080305100 0.500000000 0.500000000 0.000000000 0.000000000 0.994705825 -0.009787098 0.102296305 0.009879761 0.999951114 -0.000399197 -0.102287398 0.001407746 0.994753892 -0.165439388 0.431137531 -2.864632825
0.000000000 0.607671738 1.080305100 0.500000000 0.500000000 0.000000000 0.000000000 0.994709060 -0.009794182 0.102264168 0.009886580 0.999951048 -0.000396697 -0.102255277 0.001405641 0.994757198 -0.165328856 0.431913823 -2.869311778
0.000000000 0.607671738 1.080305100 0.500000000 0.500000000 0.000000000 0.000000000 0.994712293 -0.009801267 0.102232041 0.009893399 0.999950981 -0.000394197 -0.102223166 0.001403535 0.994760501 -0.165218042 0.432690109 -2.873990628
0.000000000 0.607671738 1.080305100 0.500000000 0.500000000 0.000000000 0.000000000 0.994715525 -0.009808351 0.102199904 0.009900219 0.999950915 -0.000391697 -0.102191045 0.001401429 0.994763804 -0.165106928 0.433466381 -2.878669578
0.000000000 0.607671738 1.080305100 0.500000000 0.500000000 0.000000000 0.000000000 0.994718757 -0.009815436 0.102167766 0.009907038 0.999950848 -0.000389198 -0.102158924 0.001399323 0.994767106 -0.164995513 0.434242637 -2.883348526
0.000000000 0.607671738 1.080305100 0.500000000 0.500000000 0.000000000 0.000000000 0.994721987 -0.009822520 0.102135628 0.009913858 0.999950782 -0.000386700 -0.102126803 0.001397217 0.994770408 -0.164883807 0.435018878 -2.888027473
0.000000000 0.607671738 1.080305100 0.500000000 0.500000000 0.000000000 0.000000000 0.994725215 -0.009829604 0.102103501 0.009920677 0.999950715 -0.000384202 -0.102094692 0.001395111 0.994773707 -0.164771849 0.435795104 -2.892706416
0.000000000 0.607671738 1.080305100 0.500000000 0.500000000 0.000000000 0.000000000 0.994728444 -0.009836688 0.102071363 0.009927497 0.999950648 -0.000381705 -0.102062571 0.001393005 0.994777006 -0.164659560 0.436571314 -2.897385360
0.000000000 0.607671738 1.080305100 0.500000000 0.500000000 0.000000000 0.000000000 0.994731671 -0.009843771 0.102039225 0.009934316 0.999950582 -0.000379208 -0.102030449 0.001390900 0.994780304 -0.164546980 0.437347510 -2.902064202
0.000000000 0.607671738 1.080305100 0.500000000 0.500000000 0.000000000 0.000000000 0.994734896 -0.009850855 0.102007096 0.009941136 0.999950515 -0.000376711 -0.101998337 0.001388794 0.994783600 -0.164434138 0.438123690 -2.906743141
0.000000000 0.607671738 1.080305100 0.500000000 0.500000000 0.000000000 0.000000000 0.994738121 -0.009857939 0.101974958 0.009947956 0.999950448 -0.000374214 -0.101966216 0.001386688 0.994786896 -0.164320986 0.438899856 -2.911422079
0.000000000 0.607671738 1.080305100 0.500000000 0.500000000 0.000000000 0.000000000 0.994741345 -0.009865022 0.101942819 0.009954776 0.999950381 -0.000371719 -0.101934094 0.001384582 0.994790191 -0.164207532 0.439676006 -2.916101016
0.000000000 0.607671738 1.080305100 0.500000000 0.500000000 0.000000000 0.000000000 0.994743549 -0.009901098 0.101917812 0.009989505 0.999950040 -0.000357070 -0.101909184 0.001373302 0.994792758 -0.164540462 0.439928020 -2.920969605
0.000000000 0.607671738 1.080305100 0.500000000 0.500000000 0.000000000 0.000000000 0.994745751 -0.009937174 0.101892803 0.010024234 0.999949697 -0.000342423 -0.101884275 0.001362021 0.994795325 -0.164873166 0.440179903 -2.925838320
0.000000000 0.607671738 1.080305100 0.500000000 0.500000000 0.000000000 0.000000000 0.994747950 -0.009973248 0.101867803 0.010058964 0.999949354 -0.000327778 -0.101859375 0.001350741 0.994797891 -0.165205673 0.440431655 -2.930706955
0.000000000 0.607671738 1.080305100 0.500000000 0.500000000 0.000000000 0.000000000 0.994750149 -0.010009323 0.101842793 0.010093693 0.999949008 -0.000313135 -0.101834465 0.001339461 0.994800456 -0.165537925 0.440683276 -2.935575717
0.000000000 0.607671738 1.080305100 0.500000000 0.500000000 0.000000000 0.000000000 0.994752346 -0.010045396 0.101817781 0.010128423 0.999948662 -0.000298493 -0.101809555 0.001328180 0.994803021 -0.165869949 0.440934767 -2.940444402
0.000000000 0.607671738 1.080305100 0.500000000 0.500000000 0.000000000 0.000000000 0.994754541 -0.010081469 0.101792768 0.010163153 0.999948314 -0.000283853 -0.101784645 0.001316900 0.994805585 -0.166201747 0.441186117 -2.945313211
0.000000000 0.607671738 1.080305100 0.500000000 0.500000000 0.000000000 0.000000000 0.994756734 -0.010117542 0.101767755 0.010197883 0.999947964 -0.000269215 -0.101759735 0.001305619 0.994808148 -0.166533319 0.441437346 -2.950181944
0.000000000 0.607671738 1.080305100 0.500000000 0.500000000 0.000000000 0.000000000 0.994758925 -0.010153614 0.101742740 0.010232613 0.999947613 -0.000254578 -0.101734825 0.001294338 0.994810711 -0.166864665 0.441688445 -2.955050801
0.000000000 0.607671738 1.080305100 0.500000000 0.500000000 0.000000000 0.000000000 0.994761113 -0.010189685 0.101717735 0.010267344 0.999947261 -0.000239944 -0.101709925 0.001283058 0.994813271 -0.167195813 0.441939412 -2.959919580
0.000000000 0.607671738 1.080305100 0.500000000 0.500000000 0.000000000 0.000000000 0.994763301 -0.010225756 0.101692718 0.010302074 0.999946907 -0.000225311 -0.101685015 0.001271777 0.994815832 -0.167526715 0.442190249 -2.964788483
0.000000000 0.607671738 1.080305100 0.500000000 0.500000000 0.000000000 0.000000000 0.994765487 -0.010261826 0.101667701 0.010336805 0.999946552 -0.000210680 -0.101660105 0.001260496 0.994818393 -0.167857371 0.442440956 -2.969657312
0.000000000 0.607671738 1.080305100 0.500000000 0.500000000 0.000000000 0.000000000 0.994767671 -0.010297896 0.101642682 0.010371536 0.999946195 -0.000196050 -0.101635195 0.001249215 0.994820952 -0.168187821 0.442691532 -2.974526263
0.000000000 0.607671738 1.080305100 0.500000000 0.500000000 0.000000000 0.000000000 0.994770288 -0.010276129 0.101619265 0.010349038 0.999946429 -0.000190291 -0.101611866 0.001240958 0.994823345 -0.168523137 0.442984791 -2.979332582
0.000000000 0.607671738 1.080305100 0.500000000 0.500000000 0.000000000 0.000000000 0.994772906 -0.010254363 0.101595838 0.010326541 0.999946663 -0.000184531 -0.101588527 0.001232700 0.994825739 -0.168858195 0.443277977 -2.984138925
0.000000000 0.607671738 1.080305100 0.500000000 0.500000000 0.000000000 0.000000000 0.994775522 -0.010232596 0.101572412 0.010304043 0.999946896 -0.000178769 -0.101565189 0.001224442 0.994828132 -0.169193014 0.443571112 -2.988945290
0.000000000 0.607671738 1.080305100 0.500000000 0.500000000 0.000000000 0.000000000 0.994778136 -0.010210828 0.101548996 0.010281545 0.999947129 -0.000173007 -0.101541860 0.001216184 0.994830524 -0.169527613 0.443864174 -2.993751677
0.000000000 0.607671738 1.080305100 0.500000000 0.500000000 0.000000000 0.000000000 0.994780751 -0.010189059 0.101525569 0.010259047 0.999947361 -0.000167244 -0.101518521 0.001207926 0.994832916 -0.169861954 0.444157184 -2.998558087
0.000000000 0.607671738 1.080305100 0.500000000 0.500000000 0.000000000 0.000000000 0.994783364 -0.010167291 0.101502144 0.010236549 0.999947592 -0.000161479 -0.101495182 0.001199668 0.994835307 -0.170196056 0.444450121 -3.003364521
0.000000000 0.607671738 1.080305100 0.500000000 0.500000000 0.000000000 0.000000000 0.994785975 -0.010145523 0.101478728 0.010214051 0.999947823 -0.000155713 -0.101471853 0.001191410 0.994837697 -0.170529950 0.444743006 -3.008171076
0.000000000 0.607671738 1.080305100 0.500000000 0.500000000 0.000000000 0.000000000 0.994788586 -0.010123753 0.101455303 0.010191553 0.999948054 -0.000149947 -0.101448514 0.001183152 0.994840087 -0.170863574 0.445035819 -3.012977554
0.000000000 0.607671738 1.080305100 0.500000000 0.500000000 0.000000000 0.000000000 0.994791195 -0.010101984 0.101431888 0.010169054 0.999948283 -0.000144179 -0.101425185 0.001174894 0.994842476 -0.171196989 0.445328579 -3.017784054
0.000000000 0.607671738 1.080305100 0.500000000 0.500000000 0.000000000 0.000000000 0.994793804 -0.010080213 0.101408463 0.010146555 0.999948513 -0.000138410 -0.101401846 0.001166636 0.994844865 -0.171530126 0.445621267 -3.022590579
0.000000000 0.607671738 1.080305100 0.500000000 0.500000000 0.000000000 0.000000000 0.994796412 -0.010058444 0.101385038 0.010124057 0.999948742 -0.000132640 -0.101378507 0.001158378 0.994847253 -0.171863034 0.445913893 -3.027397126
