0.000000000 0.787849545 1.400621653 0.500000000 0.500000000 0.000000000 0.000000000 0.998951107 0.001527419 0.045764102 -0.001650844 0.999995101 0.002659304 -0.045759816 -0.002732064 0.998948735 -0.268730503 -0.046187496 -1.909391740
0.000000000 0.787849545 1.400621653 0.500000000 0.500000000 0.000000000 0.000000000 0.998956545 0.001529779 0.045645159 -0.001651546 0.999995177 0.002630095 -0.045640915 -0.002702735 0.998954254 -0.268399278 -0.046170589 -1.912445271
0.000000000 0.787849545 1.400621653 0.500000000 0.500000000 0.000000000 0.000000000 0.998961969 0.001532131 0.045526215 -0.001652247 0.999995253 0.002600886 -0.045522014 -0.002673407 0.998959759 -0.268067326 -0.046153507 -1.915498650
0.000000000 0.787849545 1.400621653 0.500000000 0.500000000 0.000000000 0.000000000 0.998967379 0.001534477 0.045407270 -0.001652949 0.999995327 0.002571677 -0.045403111 -0.002644078 0.998965248 -0.267734663 -0.046136249 -1.918552078
0.000000000 0.787849545 1.400621653 0.500000000 0.500000000 0.000000000 0.000000000 0.998972775 0.001536815 0.045288324 -0.001653651 0.999995401 0.002542469 -0.045284209 -0.002614749 0.998970722 -0.267401263 -0.046118816 -1.921605355
0.000000000 0.787849545 1.400621653 0.500000000 0.500000000 0.000000000 0.000000000 0.998978157 0.001539147 0.045169378 -0.001654353 0.999995473 0.002513261 -0.045165305 -0.002585419 0.998976181 -0.267067145 -0.046101207 -1.924658680
0.000000000 0.787849545 1.400621653 0.500000000 0.500000000 0.000000000 0.000000000 0.998983525 0.001541471 0.045050431 -0.001655054 0.999995545 0.002484053 -0.045046402 -0.002556089 0.998981626 -0.266732310 -0.046083423 -1.927711853
0.000000000 0.787849545 1.400621653 0.500000000 0.500000000 0.000000000 0.000000000 0.998988878 0.001543789 0.044931484 -0.001655756 0.999995616 0.002454845 -0.044927497 -0.002526759 0.998987055 -0.266396745 -0.046065465 -1.930765075
0.000000000 0.787849545 1.400621653 0.500000000 0.500000000 0.000000000 0.000000000 0.998994217 0.001546100 0.044812535 -0.001656458 0.999995686 0.002425637 -0.044808591 -0.002497428 0.998992469 -0.266060451 -0.046047330 -1.933818145
0.000000000 0.787849545 1.400621653 0.500000000 0.500000000 0.000000000 0.000000000 0.998999542 0.001548403 0.044693585 -0.001657160 0.999995755 0.002396430 -0.044689685 -0.002468097 0.998997868 -0.265723449 -0.046029020 -1.936871261
0.000000000 0.787849545 1.400621653 0.500000000 0.500000000 0.000000000 0.000000000 0.999004853 0.001550700 0.044574636 -0.001657861 0.999995824 0.002367222 -0.044570779 -0.002438765 0.999003252 -0.265385710 -0.046010534 -1.939924226
0.000000000 0.787849545 1.400621653 0.500000000 0.500000000 0.000000000 0.000000000 0.999010150 0.001552990 0.044455685 -0.001658563 0.999995891 0.002338015 -0.044451872 -0.002409434 0.999008621 -0.265047262 -0.045991874 -1.942977239
0.000000000 0.787849545 1.400621653 0.500000000 0.500000000 0.000000000 0.000000000 0.999015433 0.001555272 0.044336734 -0.001659265 0.999995958 0.002308808 -0.044332964 -0.002380101 0.999013976 -0.264708077 -0.045973039 -1.946030099
0.000000000 0.787849545 1.400621653 0.500000000 0.500000000 0.000000000 0.000000000 0.999019439 0.001559572 0.044246223 -0.001662699 0.999995986 0.002294036 -0.044242468 -0.002365355 0.999018022 -0.264720013 -0.045568934 -1.948999576
0.000000000 0.787849545 1.400621653 0.500000000 0.500000000 0.000000000 0.000000000 0.999023437 0.001563870 0.044155713 -0.001666133 0.999996014 0.002279264 -0.044151972 -0.002350607 0.999022061 -0.264731412 -0.045164744 -1.951969060
0.000000000 0.787849545 1.400621653 0.500000000 0.500000000 0.000000000 0.000000000 0.999027426 0.001568165 0.044065202 -0.001669568 0.999996042 0.002264493 -0.044061477 -0.002335860 0.999026091 -0.264742271 -0.044760466 -1.954938551
0.000000000 0.787849545 1.400621653 0.500000000 0.500000000 0.000000000 0.000000000 0.999031408 0.001572457 0.043974691 -0.001673002 0.999996070 0.002249722 -0.043970980 -0.002321113 0.999030112 -0.264752592 -0.044356103 -1.957908049
0.000000000 0.787849545 1.400621653 0.500000000 0.500000000 0.000000000 0.000000000 0.999035381 0.001576746 0.043884179 -0.001676436 0.999996097 0.002234952 -0.043880484 -0.002306365 0.999034125 -0.264762373 -0.043951653 -1.960877553
0.000000000 0.787849545 1.400621653 0.500000000 0.500000000 0.000000000 0.000000000 0.999039346 0.001581033 0.043793667 -0.001679871 0.999996124 0.002220183 -0.043789987 -0.002291618 0.999038130 -0.264771615 -0.043547117 -1.963847063
0.000000000 0.787849545 1.400621653 0.500000000 0.500000000 0.000000000 0.000000000 0.999043303 0.001585317 0.043703153 -0.001683305 0.999996151 0.002205414 -0.043699489 -0.002276870 0.999042127 -0.264780315 -0.043142495 -1.966816580
0.000000000 0.787849545 1.400621653 0.500000000 0.500000000 0.000000000 0.000000000 0.999047252 0.001589599 0.043612640 -0.001686740 0.999996178 0.002190646 -0.043608991 -0.002262122 0.999046114 -0.264788479 -0.042737785 -1.969786103
0.000000000 0.787849545 1.400621653 0.500000000 0.500000000 0.000000000 0.000000000 0.999051192 0.001593878 0.043522126 -0.001690174 0.999996204 0.002175878 -0.043518493 -0.002247374 0.999050094 -0.264796103 -0.042332991 -1.972755632
0.000000000 0.787849545 1.400621653 0.500000000 0.500000000 0.000000000 0.000000000 0.999055124 0.001598154 0.043431612 -0.001693609 0.999996231 0.002161112 -0.043427995 -0.002232626 0.999054065 -0.264803188 -0.041928109 -1.975725167
0.000000000 0.787849545 1.400621653 0.500000000 0.500000000 0.000000000 0.000000000 0.999059048 0.001602427 0.043341097 -0.001697043 0.999996257 0.002146345 -0.043337496 -0.002217877 0.999058028 -0.264809734 -0.041523142 -1.978694708
0.000000000 0.787849545 1.400621653 0.500000000 0.500000000 0.000000000 0.000000000 0.999062964 0.001606698 0.043250582 -0.001700478 0.999996282 0.002131580 -0.043246997 -0.002203129 0.999061982 -0.264815740 -0.041118088 -1.981664256
0.000000000 0.787849545 1.400621653 0.500000000 0.500000000 0.000000000 0.000000000 0.999066254 0.001603243 0.043174651 -0.001697119 0.999996275 0.002137761 -0.043171063 -0.002209038 0.999065253 -0.264672170 -0.041549444 -1.984857288
0.000000000 0.787849545 1.400621653 0.500000000 0.500000000 0.000000000 0.000000000 0.999069538 0.001599790 0.043098719 -0.001693761 0.999996267 0.002143943 -0.043095129 -0.002214947 0.999068518 -0.264528127 -0.041980838 -1.988050405
0.000000000 0.787849545 1.400621653 0.500000000 0.500000000 0.000000000 0.000000000 0.999072816 0.001596337 0.043022788 -0.001690403 0.999996260 0.002150123 -0.043019195 -0.002220856 0.999071778 -0.264383585 -0.042412269 -1.991243406
0.000000000 0.787849545 1.400621653 0.500000000 0.500000000 0.000000000 0.000000000 0.999076088 0.001592885 0.042946856 -0.001687044 0.999996252 0.002156304 -0.042943260 -0.002226765 0.999075031 -0.264238568 -0.042843737 -1.994436492
0.000000000 0.787849545 1.400621653 0.500000000 0.500000000 0.000000000 0.000000000 0.999079355 0.001589434 0.042870924 -0.001683686 0.999996244 0.002162483 -0.042867326 -0.002232674 0.999078279 -0.264093052 -0.043275242 -1.997629462
0.000000000 0.787849545 1.400621653 0.500000000 0.500000000 0.000000000 0.000000000 0.999082616 0.001585984 0.042794992 -0.001680328 0.999996237 0.002168662 -0.042791391 -0.002238582 0.999081521 -0.263947061 -0.043706786 -2.000822516
0.000000000 0.787849545 1.400621653 0.500000000 0.500000000 0.000000000 0.000000000 0.999085871 0.001582535 0.042719058 -0.001676969 0.999996229 0.002174841 -0.042715455 -0.002244492 0.999084757 -0.263800574 -0.044138366 -2.004015555
0.000000000 0.787849545 1.400621653 0.500000000 0.500000000 0.000000000 0.000000000 0.999089120 0.001579087 0.042643126 -0.001673611 0.999996221 0.002181019 -0.042639521 -0.002250401 0.999087988 -0.263653607 -0.044569984 -2.007208477
0.000000000 0.787849545 1.400621653 0.500000000 0.500000000 0.000000000 0.000000000 0.999092364 0.001575639 0.042567192 -0.001670252 0.999996213 0.002187197 -0.042563585 -0.002256310 0.999091212 -0.263506146 -0.045001638 -2.010401484
0.000000000 0.787849545 1.400621653 0.500000000 0.500000000 0.000000000 0.000000000 0.999095602 0.001572193 0.042491259 -0.001666894 0.999996205 0.002193374 -0.042487649 -0.002262219 0.999094431 -0.263358195 -0.045433330 -2.013594375
0.000000000 0.787849545 1.400621653 0.500000000 0.500000000 0.000000000 0.000000000 0.999098834 0.001568747 0.042415325 -0.001663535 0.999996197 0.002199551 -0.042411713 -0.002268128 0.999097644 -0.263209770 -0.045865059 -2.016787350
0.000000000 0.787849545 1.400621653 0.500000000 0.500000000 0.000000000 0.000000000 0.999102060 0.001565303 0.042339390 -0.001660176 0.999996189 0.002205727 -0.042335776 -0.002274037 0.999100851 -0.263060844 -0.046296826 -2.019980209
0.000000000 0.787849545 1.400621653 0.500000000 0.500000000 0.000000000 0.000000000 0.999104220 0.001570593 0.042288181 -0.001666164 0.999996137 0.002224848 -0.042284523 -0.002293314 0.999102978 -0.263015576 -0.046266645 -2.023028716
0.000000000 0.787849545 1.400621653 0.500000000 0.500000000 0.000000000 0.000000000 0.999106378 0.001575885 0.042236972 -0.001672152 0.999996084 0.002243970 -0.042233270 -0.002312591 0.999105101 -0.262969993 -0.046236582 -2.026077125
0.000000000 0.787849545 1.400621653 0.500000000 0.500000000 0.000000000 0.000000000 0.999108533 0.001581179 0.042185763 -0.001678139 0.999996031 0.002263092 -0.042182017 -0.002331868 0.999107221 -0.262924097 -0.046206637 -2.029125536
0.000000000 0.787849545 1.400621653 0.500000000 0.500000000 0.000000000 0.000000000 0.999110686 0.001586476 0.042134554 -0.001684127 0.999995978 0.002282215 -0.042130763 -0.002351145 0.999109339 -0.262877888 -0.046176811 -2.032173951
0.000000000 0.787849545 1.400621653 0.500000000 0.500000000 0.000000000 0.000000000 0.999112836 0.001591774 0.042083345 -0.001690115 0.999995924 0.002301339 -0.042079510 -0.002370423 0.999111453 -0.262831372 -0.046147102 -2.035222467
0.000000000 0.787849545 1.400621653 0.500000000 0.500000000 0.000000000 0.000000000 0.999114983 0.001597074 0.042032136 -0.001696103 0.999995869 0.002320463 -0.042028256 -0.002389700 0.999113565 -0.262784540 -0.046117512 -2.038270886
0.000000000 0.787849545 1.400621653 0.500000000 0.500000000 0.000000000 0.000000000 0.999117127 0.001602376 0.041980927 -0.001702090 0.999995815 0.002339588 -0.041977002 -0.002408977 0.999115673 -0.262737395 -0.046088040 -2.041319307
0.000000000 0.787849545 1.400621653 0.500000000 0.500000000 0.000000000 0.000000000 0.999119269 0.001607680 0.041929718 -0.001708078 0.999995759 0.002358713 -0.041925748 -0.002428255 0.999117778 -0.262689937 -0.046058686 -2.044367731
0.000000000 0.787849545 1.400621653 0.500000000 0.500000000 0.000000000 0.000000000 0.999121408 0.001612987 0.041878509 -0.001714066 0.999995704 0.002377839 -0.041874494 -0.002447533 0.999119881 -0.262642172 -0.046029450 -2.047416257
0.000000000 0.787849545 1.400621653 0.500000000 0.500000000 0.000000000 0.000000000 0.999123545 0.001618295 0.041827301 -0.001720054 0.999995648 0.002396966 -0.041823240 -0.002466810 0.999121980 -0.262594091 -0.046000333 -2.050464685
0.000000000 0.787849545 1.400621653 0.500000000 0.500000000 0.000000000 0.000000000 0.999125679 0.001623605 0.041776092 -0.001726042 0.999995592 0.002416093 -0.041771985 -0.002486088 0.999124077 -0.262545698 -0.045971334 -2.053513116
0.000000000 0.787849545 1.400621653 0.500000000 0.500000000 0.000000000 0.000000000 0.999127810 0.001628917 0.041724884 -0.001732030 0.999995535 0.002435221 -0.041720731 -0.002505366 0.999126170 -0.262496992 -0.045942452 -2.056561548
0.000000000 0.787849545 1.400621653 0.500000000 0.500000000 0.000000000 0.000000000 0.999130153 0.001621795 0.041669019 -0.001725972 0.999995474 0.002464259 -0.041664834 -0.002534035 0.999128430 -0.262329756 -0.046285025 -2.059580586
0.000000000 0.787849545 1.400621653 0.500000000 0.500000000 0.000000000 0.000000000 0.999132493 0.001614675 0.041613153 -0.001719914 0.999995413 0.002493295 -0.041608936 -0.002562703 0.999130687 -0.262162174 -0.046627768 -2.062599494
0.000000000 0.787849545 1.400621653 0.500000000 0.500000000 0.000000000 0.000000000 0.999134830 0.001607559 0.041557287 -0.001713856 0.999995350 0.002522331 -0.041553039 -0.002591372 0.999132939 -0.261994265 -0.046970681 -2.065618471
0.000000000 0.787849545 1.400621653 0.500000000 0.500000000 0.000000000 0.000000000 0.999137163 0.001600447 0.041501420 -0.001707798 0.999995287 0.002551367 -0.041497141 -0.002620041 0.999135187 -0.261826000 -0.047313765 -2.068637318
0.000000000 0.787849545 1.400621653 0.500000000 0.500000000 0.000000000 0.000000000 0.999139494 0.001593337 0.041445552 -0.001701740 0.999995223 0.002580401 -0.041441242 -0.002648710 0.999137432 -0.261657395 -0.047657020 -2.071656235
0.000000000 0.787849545 1.400621653 0.500000000 0.500000000 0.000000000 0.000000000 0.999141821 0.001586231 0.041389684 -0.001695682 0.999995158 0.002609435 -0.041385344 -0.002677380 0.999139672 -0.261488447 -0.048000445 -2.074675022
0.000000000 0.787849545 1.400621653 0.500000000 0.500000000 0.000000000 0.000000000 0.999144145 0.001579128 0.041333815 -0.001689624 0.999995092 0.002638469 -0.041329446 -0.002706049 0.999141909 -0.261319162 -0.048344041 -2.077693878
0.000000000 0.787849545 1.400621653 0.500000000 0.500000000 0.000000000 0.000000000 0.999146466 0.001572028 0.041277946 -0.001683566 0.999995025 0.002667501 -0.041273548 -0.002734718 0.999144142 -0.261149540 -0.048687808 -2.080712604
0.000000000 0.787849545 1.400621653 0.500000000 0.500000000 0.000000000 0.000000000 0.999148783 0.001564931 0.041222077 -0.001677508 0.999994957 0.002696533 -0.041217649 -0.002763388 0.999146370 -0.260979571 -0.049031746 -2.083731399
0.000000000 0.787849545 1.400621653 0.500000000 0.500000000 0.000000000 0.000000000 0.999151098 0.001557838 0.041166207 -0.001671450 0.999994889 0.002725564 -0.041161751 -0.002792058 0.999148595 -0.260809257 -0.049375854 -2.086750065
0.000000000 0.787849545 1.400621653 0.500000000 0.500000000 0.000000000 0.000000000 0.999153409 0.001550747 0.041110337 -0.001665391 0.999994819 0.002754595 -0.041105852 -0.002820728 0.999150816 -0.260638605 -0.049720132 -2.089768799
0.000000000 0.787849545 1.400621653 0.500000000 0.500000000 0.000000000 0.000000000 0.999155718 0.001543660 0.041054466 -0.001659333 0.999994749 0.002783625 -0.041049953 -0.002849398 0.999153032 -0.260467607 -0.050064581 -2.092787403
0.000000000 0.787849545 1.400621653 0.500000000 0.500000000 0.000000000 0.000000000 0.999157717 0.001545680 0.041005705 -0.001662918 0.999994627 0.002825118 -0.041001118 -0.002890928 0.999154918 -0.260419110 -0.050582333 -2.095466770
0.000000000 0.787849545 1.400621653 0.500000000 0.500000000 0.000000000 0.000000000 0.999159714 0.001547703 0.040956943 -0.001666503 0.999994503 0.002866612 -0.040952282 -0.002932458 0.999156800 -0.260370340 -0.051100308 -2.098145998
0.000000000 0.787849545 1.400621653 0.500000000 0.500000000 0.000000000 0.000000000 0.999161708 0.001549731 0.040908183 -0.001670087 0.999994377 0.002908107 -0.040903447 -0.002973989 0.999158678 -0.260321323 -0.051618504 -2.100825186
0.000000000 0.787849545 1.400621653 0.500000000 0.500000000 0.000000000 0.000000000 0.999163700 0.001551762 0.040859422 -0.001673672 0.999994249 0.002949601 -0.040854610 -0.003015520 0.999160551 -0.260272036 -0.052136923 -2.103504336
0.000000000 0.787849545 1.400621653 0.500000000 0.500000000 0.000000000 0.000000000 0.999165690 0.001553798 0.040810662 -0.001677257 0.999994120 0.002991096 -0.040805774 -0.003057050 0.999162421 -0.260222499 -0.052655565 -2.106183445
0.000000000 0.787849545 1.400621653 0.500000000 0.500000000 0.000000000 0.000000000 0.999167677 0.001555838 0.040761901 -0.001680842 0.999993989 0.003032591 -0.040756938 -0.003098581 0.999164286 -0.260172694 -0.053174428 -2.108862516
0.000000000 0.787849545 1.400621653 0.500000000 0.500000000 0.000000000 0.000000000 0.999169662 0.001557881 0.040713142 -0.001684426 0.999993856 0.003074087 -0.040708102 -0.003140113 0.999166147 -0.260122632 -0.053693515 -2.111541546
0.000000000 0.787849545 1.400621653 0.500000000 0.500000000 0.000000000 0.000000000 0.999171644 0.001559929 0.040664381 -0.001688011 0.999993722 0.003115583 -0.040659266 -0.003181644 0.999168005 -0.260072319 -0.054212824 -2.114220537
0.000000000 0.787849545 1.400621653 0.500000000 0.500000000 0.000000000 0.000000000 0.999173624 0.001561981 0.040615621 -0.001691596 0.999993586 0.003157079 -0.040610429 -0.003223175 0.999169858 -0.260021738 -0.054732356 -2.116899489
0.000000000 0.787849545 1.400621653 0.500000000 0.500000000 0.000000000 0.000000000 0.999175602 0.001564037 0.040566861 -0.001695181 0.999993448 0.003198576 -0.040561592 -0.003264707 0.999171706 -0.259970911 -0.055252111 -2.119578501
0.000000000 0.787849545 1.400621653 0.500000000 0.500000000 0.000000000 0.000000000 0.999177577 0.001566097 0.040518102 -0.001698765 0.999993308 0.003240073 -0.040512757 -0.003306239 0.999173551 -0.259919814 -0.055772087 -2.122257374
0.000000000 0.787849545 1.400621653 0.500000000 0.500000000 0.000000000 0.000000000 0.999179550 0.001568161 0.040469342 -0.001702350 0.999993167 0.003281570 -0.040463920 -0.003347771 0.999175392 -0.259868466 -0.056292286 -2.124936207
0.000000000 0.787849545 1.400621653 0.500000000 0.500000000 0.000000000 0.000000000 0.999181029 0.001573021 0.040432613 -0.001709685 0.999992942 0.003345701 -0.040427065 -0.003412088 0.999176666 -0.259940502 -0.056367880 -2.127825447
0.000000000 0.787849545 1.400621653 0.500000000 0.500000000 0.000000000 0.000000000 0.999182507 0.001577885 0.040395886 -0.001717020 0.999992712 0.003409832 -0.040390211 -0.003476405 0.999177935 -0.260012340 -0.056443845 -2.130714694
0.000000000 0.787849545 1.400621653 0.500000000 0.500000000 0.000000000 0.000000000 0.999183984 0.001582753 0.040359159 -0.001724355 0.999992479 0.003473964 -0.040353357 -0.003540723 0.999179198 -0.260083966 -0.056520180 -2.133603947
0.000000000 0.787849545 1.400621653 0.500000000 0.500000000 0.000000000 0.000000000 0.999185459 0.001587627 0.040322432 -0.001731690 0.999992242 0.003538097 -0.040316502 -0.003605041 0.999180456 -0.260155369 -0.056596885 -2.136493208
0.000000000 0.787849545 1.400621653 0.500000000 0.500000000 0.000000000 0.000000000 0.999186932 0.001592505 0.040285707 -0.001739025 0.999992000 0.003602230 -0.040279648 -0.003669359 0.999181708 -0.260226572 -0.056673963 -2.139382475
0.000000000 0.787849545 1.400621653 0.500000000 0.500000000 0.000000000 0.000000000 0.999188405 0.001597388 0.040248981 -0.001746360 0.999991754 0.003666363 -0.040242793 -0.003733677 0.999182955 -0.260297557 -0.056751410 -2.142271850
0.000000000 0.787849545 1.400621653 0.500000000 0.500000000 0.000000000 0.000000000 0.999189875 0.001602276 0.040212258 -0.001753695 0.999991504 0.003730497 -0.040205939 -0.003797995 0.999184196 -0.260368339 -0.056829228 -2.145161131
0.000000000 0.787849545 1.400621653 0.500000000 0.500000000 0.000000000 0.000000000 0.999191345 0.001607169 0.040175535 -0.001761030 0.999991250 0.003794632 -0.040169085 -0.003862314 0.999185432 -0.260438910 -0.056907418 -2.148050418
