0.000000000 0.504792869 0.897409260 0.500000000 0.500000000 0.000000000 0.000000000 0.999999986 0.000051685 0.000157262 -0.000051704 0.999999992 0.000117718 -0.000157256 -0.000117727 0.999999981 -0.000241776 -0.000299537 -0.000544740
0.000000000 0.504792869 0.897409260 0.500000000 0.500000000 0.000000000 0.000000000 0.999992206 -0.000169996 -0.003944547 0.000170170 0.999999985 0.000043720 0.003944539 -0.000044390 0.999992219 0.001472933 -0.000720710 -0.008806185
0.000000000 0.504792869 0.897409260 0.500000000 0.500000000 0.000000000 0.000000000 0.999967551 -0.000392279 -0.008046256 0.000392034 0.999999923 -0.000032100 0.008046268 0.000028944 0.999967628 0.003255569 -0.001139882 -0.017053497
0.000000000 0.504792869 0.897409260 0.500000000 0.500000000 0.000000000 0.000000000 0.999926024 -0.000615164 -0.012147796 0.000613876 0.999999806 -0.000109739 0.012147861 0.000102273 0.999926207 0.005106044 -0.001557008 -0.025286257
0.000000000 0.504792869 0.897409260 0.500000000 0.500000000 0.000000000 0.000000000 0.999867623 -0.000838650 -0.016249098 0.000835687 0.999999633 -0.000189198 0.016249251 0.000175593 0.999867957 0.007024267 -0.001972045 -0.033504051
0.000000000 0.504792869 0.897409260 0.500000000 0.500000000 0.000000000 0.000000000 0.999792351 -0.001062738 -0.020350091 0.001057453 0.999999404 -0.000270476 0.020350366 0.000248901 0.999792879 0.009010145 -0.002384947 -0.041706463
0.000000000 0.504792869 0.897409260 0.500000000 0.500000000 0.000000000 0.000000000 0.999723202 -0.001315459 -0.023490180 0.001306407 0.999999066 -0.000400672 0.023490685 0.000369873 0.999723987 0.010768624 -0.002340074 -0.047664401
0.000000000 0.504792869 0.897409260 0.500000000 0.500000000 0.000000000 0.000000000 0.999644128 -0.001568939 -0.026629973 0.001555312 0.999998649 -0.000532431 0.026630772 0.000490824 0.999645218 0.012564580 -0.002292808 -0.053611637
0.000000000 0.504792869 0.897409260 0.500000000 0.500000000 0.000000000 0.000000000 0.999555129 -0.001823179 -0.029769437 0.001804159 0.999998151 -0.000665754 0.029770596 0.000611749 0.999556570 0.014397961 -0.002243123 -0.059547997
0.000000000 0.504792869 0.897409260 0.500000000 0.500000000 0.000000000 0.000000000 0.999456207 -0.002078179 -0.032908542 0.002052942 0.999997572 -0.000800640 0.032910126 0.000732646 0.999458047 0.016268714 -0.002190990 -0.065473302
0.000000000 0.504792869 0.897409260 0.500000000 0.500000000 0.000000000 0.000000000 0.999347361 -0.002333938 -0.036047256 0.002301653 0.999996912 -0.000937090 0.036049331 0.000853510 0.999349647 0.018176788 -0.002136381 -0.071387377
0.000000000 0.504792869 0.897409260 0.500000000 0.500000000 0.000000000 0.000000000 0.999233656 -0.002558112 -0.039058369 0.002518640 0.999996267 -0.001059760 0.039060934 0.000960574 0.999236369 0.019952674 -0.001906682 -0.076804862
0.000000000 0.504792869 0.897409260 0.500000000 0.500000000 0.000000000 0.000000000 0.999110829 -0.002782931 -0.042069076 0.002735552 0.999995558 -0.001183739 0.042072183 0.001067604 0.999114003 0.021761259 -0.001674935 -0.082212196
0.000000000 0.504792869 0.897409260 0.500000000 0.500000000 0.000000000 0.000000000 0.998978880 -0.003008395 -0.045079346 0.002952384 0.999994785 -0.001309025 0.045083049 0.001174597 0.998982552 0.023602498 -0.001441120 -0.087609228
0.000000000 0.504792869 0.897409260 0.500000000 0.500000000 0.000000000 0.000000000 0.998837810 -0.003234505 -0.048089153 0.003169131 0.999993948 -0.001435620 0.048093506 0.001281550 0.998842016 0.025476343 -0.001205213 -0.092995811
0.000000000 0.504792869 0.897409260 0.500000000 0.500000000 0.000000000 0.000000000 0.998687622 -0.003461259 -0.051098469 0.003385785 0.999993046 -0.001563521 0.051103525 0.001388461 0.998692396 0.027382748 -0.000967196 -0.098371796
0.000000000 0.504792869 0.897409260 0.500000000 0.500000000 0.000000000 0.000000000 0.998534626 -0.003684078 -0.053991004 0.003597370 0.999992079 -0.001703057 0.053996850 0.001506336 0.998539970 0.029421275 -0.000598696 -0.103770223
0.000000000 0.504792869 0.897409260 0.500000000 0.500000000 0.000000000 0.000000000 0.998373203 -0.003907580 -0.056883027 0.003808859 0.999991046 -0.001843820 0.056889723 0.001624161 0.998379147 0.031491135 -0.000227894 -0.109157517
0.000000000 0.504792869 0.897409260 0.500000000 0.500000000 0.000000000 0.000000000 0.998203354 -0.004131765 -0.059774513 0.004020245 0.999989947 -0.001985809 0.059782117 0.001741933 0.998209930 0.033592277 0.000145230 -0.114533563
0.000000000 0.504792869 0.897409260 0.500000000 0.500000000 0.000000000 0.000000000 0.998025081 -0.004356632 -0.062665437 0.004231524 0.999988781 -0.002129025 0.062674009 0.001859650 0.998032319 0.035724653 0.000520696 -0.119898212
0.000000000 0.504792869 0.897409260 0.500000000 0.500000000 0.000000000 0.000000000 0.997838386 -0.004582183 -0.065555775 0.004442690 0.999987547 -0.002273467 0.065565376 0.001977309 0.997846317 0.037888212 0.000898523 -0.125251328
0.000000000 0.504792869 0.897409260 0.500000000 0.500000000 0.000000000 0.000000000 0.997654220 -0.004737898 -0.068290633 0.004589033 0.999986740 -0.002336587 0.068300798 0.002017718 0.997662733 0.040315196 0.001029645 -0.130662697
0.000000000 0.504792869 0.897409260 0.500000000 0.500000000 0.000000000 0.000000000 0.997462533 -0.004893836 -0.071024959 0.004735287 0.999985907 -0.002400511 0.071035706 0.002058097 0.997471650 0.042772079 0.001162085 -0.136061657
0.000000000 0.504792869 0.897409260 0.500000000 0.500000000 0.000000000 0.000000000 0.997263329 -0.005049996 -0.073758734 0.004881447 0.999985047 -0.002465240 0.073770081 0.002098444 0.997273068 0.045258810 0.001295859 -0.141448062
0.000000000 0.504792869 0.897409260 0.500000000 0.500000000 0.000000000 0.000000000 0.997056607 -0.005206379 -0.076491937 0.005027511 0.999984160 -0.002530772 0.076503901 0.002138759 0.997066988 0.047775340 0.001430977 -0.146821800
0.000000000 0.504792869 0.897409260 0.500000000 0.500000000 0.000000000 0.000000000 0.996842370 -0.005362983 -0.079224546 0.005173474 0.999983245 -0.002597107 0.079237146 0.002179040 0.996853413 0.050321616 0.001567455 -0.152182758
0.000000000 0.504792869 0.897409260 0.500000000 0.500000000 0.000000000 0.000000000 0.996632810 -0.005469258 -0.081811549 0.005264748 0.999982455 -0.002715284 0.081824964 0.002275424 0.996644118 0.052951916 0.001448031 -0.157522366
0.000000000 0.504792869 0.897409260 0.500000000 0.500000000 0.000000000 0.000000000 0.996416524 -0.005576035 -0.084397979 0.005355947 0.999981641 -0.002833937 0.084412232 0.002371751 0.996428096 0.055610284 0.001330341 -0.162849337
0.000000000 0.504792869 0.897409260 0.500000000 0.500000000 0.000000000 0.000000000 0.996193513 -0.005683313 -0.086983817 0.005447069 0.999980804 -0.002953067 0.086998930 0.002468019 0.996205348 0.058296672 0.001214392 -0.168163559
0.000000000 0.504792869 0.897409260 0.500000000 0.500000000 0.000000000 0.000000000 0.995963779 -0.005791091 -0.089569043 0.005538112 0.999979944 -0.003072672 0.089585041 0.002564227 0.995975876 0.061011032 0.001100192 -0.173464924
0.000000000 0.504792869 0.897409260 0.500000000 0.500000000 0.000000000 0.000000000 0.995727324 -0.005899371 -0.092153644 0.005629075 0.999979060 -0.003192753 0.092170549 0.002660372 0.995739681 0.063753315 0.000987748 -0.178753322
0.000000000 0.504792869 0.897409260 0.500000000 0.500000000 0.000000000 0.000000000 0.995490087 -0.006018925 -0.094674487 0.005733007 0.999978148 -0.003291722 0.094692230 0.002734107 0.995502841 0.066823967 0.000843457 -0.183687682
0.000000000 0.504792869 0.897409260 0.500000000 0.500000000 0.000000000 0.000000000 0.995246454 -0.006138854 -0.097194701 0.005836851 0.999977215 -0.003391221 0.097213304 0.002807790 0.995259609 0.069920034 0.000700760 -0.188607621
0.000000000 0.504792869 0.897409260 0.500000000 0.500000000 0.000000000 0.000000000 0.994996426 -0.006259158 -0.099714268 0.005940606 0.999976260 -0.003491249 0.099733754 0.002881417 0.995009988 0.073041463 0.000559664 -0.193513053
0.000000000 0.504792869 0.897409260 0.500000000 0.500000000 0.000000000 0.000000000 0.994740004 -0.006379836 -0.102233178 0.006044269 0.999975283 -0.003591806 0.102253566 0.002954988 0.994753978 0.076188200 0.000420176 -0.198403890
0.000000000 0.504792869 0.897409260 0.500000000 0.500000000 0.000000000 0.000000000 0.994477190 -0.006500889 -0.104751406 0.006147839 0.999974283 -0.003692892 0.104772720 0.003028502 0.994491581 0.079360191 0.000282306 -0.203280017
0.000000000 0.504792869 0.897409260 0.500000000 0.500000000 0.000000000 0.000000000 0.994221077 -0.006603622 -0.107148692 0.006230299 0.999973301 -0.003818532 0.107171048 0.003128896 0.994235675 0.082459654 0.000410662 -0.207634863
0.000000000 0.504792869 0.897409260 0.500000000 0.500000000 0.000000000 0.000000000 0.993959173 -0.006706841 -0.109545332 0.006312680 0.999972295 -0.003944573 0.109568753 0.003229220 0.993973974 0.085580541 0.000540655 -0.211975901
0.000000000 0.504792869 0.897409260 0.500000000 0.500000000 0.000000000 0.000000000 0.993691481 -0.006810546 -0.111941311 0.006394978 0.999971265 -0.004071015 0.111965820 0.003329471 0.993706481 0.088722803 0.000672291 -0.216303034
0.000000000 0.504792869 0.897409260 0.500000000 0.500000000 0.000000000 0.000000000 0.993418001 -0.006914736 -0.114336615 0.006477194 0.999970212 -0.004197858 0.114362236 0.003429647 0.993433197 0.091886388 0.000805574 -0.220616193
0.000000000 0.504792869 0.897409260 0.500000000 0.500000000 0.000000000 0.000000000 0.993138735 -0.007019412 -0.116731230 0.006559326 0.999969134 -0.004325101 0.116757987 0.003529748 0.993154124 0.095071252 0.000940509 -0.224915310
0.000000000 0.504792869 0.897409260 0.500000000 0.500000000 0.000000000 0.000000000 0.992868300 -0.007131131 -0.119002878 0.006658499 0.999968289 -0.004368733 0.119030259 0.003545196 0.992884298 0.098241714 0.000948863 -0.228616122
0.000000000 0.504792869 0.897409260 0.500000000 0.500000000 0.000000000 0.000000000 0.992592656 -0.007242922 -0.121273905 0.006757582 0.999967431 -0.004412822 0.121301917 0.003560616 0.992609272 0.101429596 0.000958119 -0.232303591
0.000000000 0.504792869 0.897409260 0.500000000 0.500000000 0.000000000 0.000000000 0.992311804 -0.007354786 -0.123544289 0.006856573 0.999966559 -0.004457369 0.123572940 0.003576009 0.992329049 0.104634854 0.000968283 -0.235977648
0.000000000 0.504792869 0.897409260 0.500000000 0.500000000 0.000000000 0.000000000 0.992025746 -0.007466723 -0.125814017 0.006955470 0.999965674 -0.004502373 0.125843317 0.003591374 0.992043629 0.107857440 0.000979359 -0.239638223
0.000000000 0.504792869 0.897409260 0.500000000 0.500000000 0.000000000 0.000000000 0.991734485 -0.007578733 -0.128083079 0.007054272 0.999964777 -0.004547834 0.128113034 0.003606711 0.991753015 0.111097310 0.000991352 -0.243285276
0.000000000 0.504792869 0.897409260 0.500000000 0.500000000 0.000000000 0.000000000 0.991447545 -0.007760399 -0.130274871 0.007211084 0.999963012 -0.004687785 0.130306431 0.003708270 0.991466834 0.114342003 0.001357173 -0.246703964
0.000000000 0.504792869 0.897409260 0.500000000 0.500000000 0.000000000 0.000000000 0.991155728 -0.007942516 -0.132465991 0.007367767 0.999961200 -0.004828435 0.132499201 0.003809752 0.991175790 0.117602224 0.001724974 -0.250109394
0.000000000 0.504792869 0.897409260 0.500000000 0.500000000 0.000000000 0.000000000 0.990859039 -0.008125085 -0.134656408 0.007524321 0.999959342 -0.004969782 0.134691313 0.003911155 0.990879888 0.120877924 0.002094764 -0.253501515
0.000000000 0.504792869 0.897409260 0.500000000 0.500000000 0.000000000 0.000000000 0.990557477 -0.008308103 -0.136846121 0.007680742 0.999957437 -0.005111825 0.136882766 0.004012477 0.990579128 0.124169060 0.002466549 -0.256880274
0.000000000 0.504792869 0.897409260 0.500000000 0.500000000 0.000000000 0.000000000 0.990251042 -0.008491572 -0.139035128 0.007837028 0.999955484 -0.005254565 0.139073558 0.004113716 0.990273509 0.127475592 0.002840336 -0.260245617
0.000000000 0.504792869 0.897409260 0.500000000 0.500000000 0.000000000 0.000000000 0.989975461 -0.008631590 -0.140975470 0.007956486 0.999954025 -0.005351758 0.141015183 0.004176440 0.989998624 0.130800531 0.003272346 -0.264110903
0.000000000 0.504792869 0.897409260 0.500000000 0.500000000 0.000000000 0.000000000 0.989696056 -0.008771855 -0.142915257 0.008075846 0.999952541 -0.005449424 0.142956276 0.004239112 0.989719927 0.134140995 0.003705877 -0.267964071
0.000000000 0.504792869 0.897409260 0.500000000 0.500000000 0.000000000 0.000000000 0.989412832 -0.008912368 -0.144854470 0.008195105 0.999951031 -0.005547561 0.144896819 0.004301731 0.989437419 0.137496946 0.004140936 -0.271805074
0.000000000 0.504792869 0.897409260 0.500000000 0.500000000 0.000000000 0.000000000 0.989125790 -0.009053128 -0.146793093 0.008314263 0.999949496 -0.005646171 0.146836795 0.004364297 0.989151105 0.140868344 0.004577526 -0.275633857
0.000000000 0.504792869 0.897409260 0.500000000 0.500000000 0.000000000 0.000000000 0.988834929 -0.009194136 -0.148731137 0.008433318 0.999947934 -0.005745252 0.148776216 0.004426809 0.988860982 0.144255162 0.005015655 -0.279450393
0.000000000 0.504792869 0.897409260 0.500000000 0.500000000 0.000000000 0.000000000 0.988561348 -0.009340253 -0.150529798 0.008565131 0.999946516 -0.005796828 0.150575891 0.004441212 0.988588477 0.148236441 0.005259126 -0.283970104
0.000000000 0.504792869 0.897409260 0.500000000 0.500000000 0.000000000 0.000000000 0.988284477 -0.009486424 -0.152327939 0.008696842 0.999945076 -0.005848887 0.152375058 0.004455592 0.988312698 0.152234569 0.005503992 -0.288476208
0.000000000 0.504792869 0.897409260 0.500000000 0.500000000 0.000000000 0.000000000 0.988004311 -0.009632649 -0.154125574 0.008828448 0.999943614 -0.005901429 0.154173730 0.004469948 0.988033643 0.156249518 0.005750261 -0.292968676
0.000000000 0.504792869 0.897409260 0.500000000 0.500000000 0.000000000 0.000000000 0.987720856 -0.009778928 -0.155922686 0.008959948 0.999942130 -0.005954455 0.155971891 0.004484280 0.987751315 0.160281236 0.005997937 -0.297447445
0.000000000 0.504792869 0.897409260 0.500000000 0.500000000 0.000000000 0.000000000 0.987434110 -0.009925262 -0.157719269 0.009091342 0.999940624 -0.006007964 0.157769535 0.004498589 0.987465714 0.164329708 0.006247029 -0.301912484
0.000000000 0.504792869 0.897409260 0.500000000 0.500000000 0.000000000 0.000000000 0.987168955 -0.010078322 -0.159360855 0.009221966 0.999938795 -0.006112335 0.159412703 0.004564287 0.987201478 0.168607938 0.006522237 -0.307129411
0.000000000 0.504792869 0.897409260 0.500000000 0.500000000 0.000000000 0.000000000 0.986901047 -0.010231602 -0.161001981 0.009352492 0.999936937 -0.006217144 0.161055440 0.004629936 0.986934501 0.172903908 0.006799584 -0.312332889
0.000000000 0.504792869 0.897409260 0.500000000 0.500000000 0.000000000 0.000000000 0.986630388 -0.010385102 -0.162642635 0.009482920 0.999935049 -0.006322392 0.162697730 0.004695537 0.986664786 0.177217558 0.007079076 -0.317522858
0.000000000 0.504792869 0.897409260 0.500000000 0.500000000 0.000000000 0.000000000 0.986356980 -0.010538822 -0.164282810 0.009613249 0.999933130 -0.006428077 0.164339569 0.004761087 0.986392335 0.181548867 0.007360720 -0.322699291
0.000000000 0.504792869 0.897409260 0.500000000 0.500000000 0.000000000 0.000000000 0.986080822 -0.010692762 -0.165922503 0.009743477 0.999931182 -0.006534200 0.165980954 0.004826587 0.986117147 0.185897798 0.007644523 -0.327862123
0.000000000 0.504792869 0.897409260 0.500000000 0.500000000 0.000000000 0.000000000 0.985803941 -0.010840914 -0.167550188 0.009868632 0.999929294 -0.006634494 0.167610265 0.004886819 0.985841224 0.190563176 0.007671148 -0.333083140
0.000000000 0.504792869 0.897409260 0.500000000 0.500000000 0.000000000 0.000000000 0.985524351 -0.010989267 -0.169177389 0.009993690 0.999927379 -0.006735205 0.169239118 0.004947002 0.985562605 0.195246282 0.007699931 -0.338289614
0.000000000 0.504792869 0.897409260 0.500000000 0.500000000 0.000000000 0.000000000 0.985242055 -0.011137820 -0.170804104 0.010118646 0.999925436 -0.006836334 0.170867510 0.005007137 0.985281291 0.199947104 0.007730878 -0.343481518
0.000000000 0.504792869 0.897409260 0.500000000 0.500000000 0.000000000 0.000000000 0.984957054 -0.011286573 -0.172430317 0.010243501 0.999923465 -0.006937880 0.172495425 0.005067224 0.984997285 0.204665579 0.007763996 -0.348658792
0.000000000 0.504792869 0.897409260 0.500000000 0.500000000 0.000000000 0.000000000 0.984669347 -0.011435528 -0.174056044 0.010368255 0.999921467 -0.007039843 0.174122879 0.005127260 0.984710584 0.209401702 0.007799291 -0.353821405
0.000000000 0.504792869 0.897409260 0.500000000 0.500000000 0.000000000 0.000000000 0.984364312 -0.011626483 -0.175760423 0.010524644 0.999918694 -0.007199874 0.175829842 0.005237483 0.984406641 0.214472730 0.008018970 -0.358854605
0.000000000 0.504792869 0.897409260 0.500000000 0.500000000 0.000000000 0.000000000 0.984056295 -0.011817821 -0.177464213 0.010680903 0.999915867 -0.007360452 0.177536267 0.005347622 0.984099729 0.219561746 0.008241873 -0.363871225
0.000000000 0.504792869 0.897409260 0.500000000 0.500000000 0.000000000 0.000000000 0.983745294 -0.012009543 -0.179167427 0.010837029 0.999912989 -0.007521577 0.179242168 0.005457674 0.983789845 0.224668695 0.008468010 -0.368871235
0.000000000 0.504792869 0.897409260 0.500000000 0.500000000 0.000000000 0.000000000 0.983431313 -0.012201649 -0.180870040 0.010993022 0.999910057 -0.007683248 0.180947520 0.005567638 0.983476993 0.229793546 0.008697389 -0.373854580
0.000000000 0.504792869 0.897409260 0.500000000 0.500000000 0.000000000 0.000000000 0.983114350 -0.012394138 -0.182572067 0.011148880 0.999907071 -0.007845465 0.182652339 0.005677515 0.983161171 0.234936240 0.008930019 -0.378821200
0.000000000 0.504792869 0.897409260 0.500000000 0.500000000 0.000000000 0.000000000 0.982797137 -0.012508663 -0.184264270 0.011247316 0.999905627 -0.007888958 0.184345561 0.005680767 0.982845076 0.239815917 0.008844794 -0.383480711
0.000000000 0.504792869 0.897409260 0.500000000 0.500000000 0.000000000 0.000000000 0.982476998 -0.012623202 -0.185955919 0.011345652 0.999904169 -0.007932795 0.186038236 0.005683998 0.982526064 0.244712350 0.008760835 -0.388124525
0.000000000 0.504792869 0.897409260 0.500000000 0.500000000 0.000000000 0.000000000 0.982153934 -0.012737755 -0.187647009 0.011443888 0.999902698 -0.007976978 0.187730359 0.005687209 0.982204138 0.249625488 0.008678147 -0.392752600
0.000000000 0.504792869 0.897409260 0.500000000 0.500000000 0.000000000 0.000000000 0.981827946 -0.012852323 -0.189337534 0.011542023 0.999901214 -0.008021505 0.189421925 0.005690400 0.981879297 0.254555311 0.008596735 -0.397364887
0.000000000 0.504792869 0.897409260 0.500000000 0.500000000 0.000000000 0.000000000 0.981499036 -0.012966903 -0.191027491 0.011640055 0.999899716 -0.008066377 0.191112930 0.005693571 0.981551543 0.259501770 0.008516602 -0.401961347
