0.000000000 0.577870190 1.027324915 0.500000000 0.500000000 0.000000000 0.000000000 0.991847231 0.009747944 -0.127059231 -0.009900138 0.999950832 -0.000566353 0.127047463 0.001819639 0.991894970 -0.046385974 0.047565700 -0.640474523
0.000000000 0.577870190 1.027324915 0.500000000 0.500000000 0.000000000 0.000000000 0.991802583 0.009780185 -0.127404805 -0.009930070 0.999950549 -0.000541330 0.127393211 0.001802031 0.991850655 -0.046150856 0.047515973 -0.642926841
0.000000000 0.577870190 1.027324915 0.500000000 0.500000000 0.000000000 0.000000000 0.991757812 0.009812437 -0.127750373 -0.009959997 0.999950265 -0.000516286 0.127738953 0.001784424 0.991806219 -0.045914023 0.047466129 -0.645379072
0.000000000 0.577870190 1.027324915 0.500000000 0.500000000 0.000000000 0.000000000 0.991712920 0.009844702 -0.128095923 -0.009989921 0.999949979 -0.000491221 0.128084679 0.001766818 0.991761662 -0.045675499 0.047416168 -0.647831216
0.000000000 0.577870190 1.027324915 0.500000000 0.500000000 0.000000000 0.000000000 0.991667907 0.009876980 -0.128441456 -0.010019840 0.999949691 -0.000466135 0.128430390 0.001749214 0.991716983 -0.045435266 0.047366089 -0.650283270
0.000000000 0.577870190 1.027324915 0.500000000 0.500000000 0.000000000 0.000000000 0.991622772 0.009909269 -0.128786972 -0.010049756 0.999949403 -0.000441028 0.128776086 0.001731611 0.991672184 -0.045193343 0.047315893 -0.652735235
0.000000000 0.577870190 1.027324915 0.500000000 0.500000000 0.000000000 0.000000000 0.991577516 0.009941571 -0.129132471 -0.010079667 0.999949112 -0.000415900 0.129121765 0.001714010 0.991627265 -0.044949711 0.047265579 -0.655187108
0.000000000 0.577870190 1.027324915 0.500000000 0.500000000 0.000000000 0.000000000 0.991532140 0.009973885 -0.129477943 -0.010109575 0.999948821 -0.000390752 0.129467420 0.001696410 0.991582225 -0.044704386 0.047215149 -0.657638889
0.000000000 0.577870190 1.027324915 0.500000000 0.500000000 0.000000000 0.000000000 0.991486641 0.010006211 -0.129823408 -0.010139478 0.999948527 -0.000365582 0.129813068 0.001678811 0.991537064 -0.044457364 0.047164600 -0.660090578
0.000000000 0.577870190 1.027324915 0.500000000 0.500000000 0.000000000 0.000000000 0.991441020 0.010038550 -0.130168856 -0.010169378 0.999948233 -0.000340391 0.130158700 0.001661214 0.991491782 -0.044208633 0.047113933 -0.662542174
0.000000000 0.577870190 1.027324915 0.500000000 0.500000000 0.000000000 0.000000000 0.991395278 0.010070900 -0.130514286 -0.010199273 0.999947936 -0.000315179 0.130504317 0.001643618 0.991446379 -0.043958213 0.047063147 -0.664993676
0.000000000 0.577870190 1.027324915 0.500000000 0.500000000 0.000000000 0.000000000 0.991349703 0.010067904 -0.130860241 -0.010196491 0.999947966 -0.000312613 0.130850285 0.001644224 0.991400776 -0.043900259 0.047582985 -0.667409033
0.000000000 0.577870190 1.027324915 0.500000000 0.500000000 0.000000000 0.000000000 0.991304008 0.010064908 -0.131206180 -0.010193709 0.999947995 -0.000310048 0.131196236 0.001644829 0.991355053 -0.043840627 0.048102809 -0.669824433
0.000000000 0.577870190 1.027324915 0.500000000 0.500000000 0.000000000 0.000000000 0.991258193 0.010061912 -0.131552094 -0.010190926 0.999948024 -0.000307485 0.131542162 0.001645435 0.991309211 -0.043779324 0.048622620 -0.672239876
0.000000000 0.577870190 1.027324915 0.500000000 0.500000000 0.000000000 0.000000000 0.991212256 0.010058914 -0.131898001 -0.010188141 0.999948053 -0.000304924 0.131888082 0.001646040 0.991263247 -0.043716347 0.049142417 -0.674655361
0.000000000 0.577870190 1.027324915 0.500000000 0.500000000 0.000000000 0.000000000 0.991166198 0.010055917 -0.132243892 -0.010185356 0.999948082 -0.000302365 0.132233986 0.001646645 0.991217162 -0.043651681 0.049662199 -0.677070886
0.000000000 0.577870190 1.027324915 0.500000000 0.500000000 0.000000000 0.000000000 0.991120019 0.010052920 -0.132589767 -0.010182570 0.999948111 -0.000299807 0.132579873 0.001647250 0.991170956 -0.043585338 0.050181968 -0.679486451
0.000000000 0.577870190 1.027324915 0.500000000 0.500000000 0.000000000 0.000000000 0.991073720 0.010049920 -0.132935626 -0.010179782 0.999948140 -0.000297252 0.132925745 0.001647854 0.991124629 -0.043517316 0.050701723 -0.681902064
0.000000000 0.577870190 1.027324915 0.500000000 0.500000000 0.000000000 0.000000000 0.991027301 0.010046922 -0.133281459 -0.010176994 0.999948170 -0.000294698 0.133271590 0.001648458 0.991078184 -0.043447623 0.051221465 -0.684317705
0.000000000 0.577870190 1.027324915 0.500000000 0.500000000 0.000000000 0.000000000 0.990980761 0.010043923 -0.133627285 -0.010174205 0.999948199 -0.000292146 0.133617429 0.001649062 0.991031616 -0.043376246 0.051741193 -0.686733383
0.000000000 0.577870190 1.027324915 0.500000000 0.500000000 0.000000000 0.000000000 0.990934099 0.010040923 -0.133973096 -0.010171414 0.999948228 -0.000289595 0.133963252 0.001649666 0.990984927 -0.043303201 0.052260907 -0.689149099
0.000000000 0.577870190 1.027324915 0.500000000 0.500000000 0.000000000 0.000000000 0.990887318 0.010037923 -0.134318889 -0.010168623 0.999948257 -0.000287047 0.134309058 0.001650269 0.990938118 -0.043228468 0.052780608 -0.691564848
0.000000000 0.577870190 1.027324915 0.500000000 0.500000000 0.000000000 0.000000000 0.990848776 0.010033906 -0.134603206 -0.010164559 0.999948299 -0.000283448 0.134593403 0.001649036 0.990899539 -0.043368694 0.053200338 -0.694204941
0.000000000 0.577870190 1.027324915 0.500000000 0.500000000 0.000000000 0.000000000 0.990810155 0.010029891 -0.134887501 -0.010160495 0.999948342 -0.000279852 0.134877726 0.001647804 0.990860880 -0.043507407 0.053620046 -0.696845181
0.000000000 0.577870190 1.027324915 0.500000000 0.500000000 0.000000000 0.000000000 0.990771451 0.010025876 -0.135171795 -0.010156430 0.999948384 -0.000276257 0.135162049 0.001646571 0.990822138 -0.043644614 0.054039730 -0.699485564
0.000000000 0.577870190 1.027324915 0.500000000 0.500000000 0.000000000 0.000000000 0.990732665 0.010021862 -0.135456078 -0.010152364 0.999948426 -0.000272665 0.135446360 0.001645338 0.990783315 -0.043780314 0.054459393 -0.702126076
0.000000000 0.577870190 1.027324915 0.500000000 0.500000000 0.000000000 0.000000000 0.990693797 0.010017849 -0.135740350 -0.010148299 0.999948468 -0.000269076 0.135730660 0.001644105 0.990744409 -0.043914504 0.054879033 -0.704766736
0.000000000 0.577870190 1.027324915 0.500000000 0.500000000 0.000000000 0.000000000 0.990654850 0.010013836 -0.136024601 -0.010144232 0.999948511 -0.000265488 0.136014939 0.001642872 0.990705424 -0.044047184 0.055298650 -0.707407522
0.000000000 0.577870190 1.027324915 0.500000000 0.500000000 0.000000000 0.000000000 0.990615819 0.010009824 -0.136308851 -0.010140166 0.999948553 -0.000261903 0.136299217 0.001641639 0.990666356 -0.044178357 0.055718245 -0.710048458
0.000000000 0.577870190 1.027324915 0.500000000 0.500000000 0.000000000 0.000000000 0.990576707 0.010005812 -0.136593089 -0.010136098 0.999948595 -0.000258320 0.136583483 0.001640406 0.990627206 -0.044308022 0.056137817 -0.712689520
0.000000000 0.577870190 1.027324915 0.500000000 0.500000000 0.000000000 0.000000000 0.990537513 0.010001802 -0.136877317 -0.010132031 0.999948637 -0.000254739 0.136867738 0.001639173 0.990587975 -0.044436177 0.056557367 -0.715330728
0.000000000 0.577870190 1.027324915 0.500000000 0.500000000 0.000000000 0.000000000 0.990498239 0.009997792 -0.137161523 -0.010127962 0.999948679 -0.000251160 0.137151972 0.001637940 0.990548663 -0.044562831 0.056976894 -0.717972061
0.000000000 0.577870190 1.027324915 0.500000000 0.500000000 0.000000000 0.000000000 0.990458882 0.009993782 -0.137445727 -0.010123892 0.999948721 -0.000247584 0.137436205 0.001636707 0.990509268 -0.044687958 0.057396399 -0.720613538
0.000000000 0.577870190 1.027324915 0.500000000 0.500000000 0.000000000 0.000000000 0.990428567 0.010032557 -0.137661185 -0.010158279 0.999948381 -0.000210740 0.137651965 0.001607124 0.990479356 -0.044606467 0.057484458 -0.723283954
0.000000000 0.577870190 1.027324915 0.500000000 0.500000000 0.000000000 0.000000000 0.990398205 0.010071344 -0.137876623 -0.010192663 0.999948038 -0.000173881 0.137867708 0.001577542 0.990449396 -0.044523816 0.057572344 -0.725954385
0.000000000 0.577870190 1.027324915 0.500000000 0.500000000 0.000000000 0.000000000 0.990367795 0.010110143 -0.138092053 -0.010227043 0.999947693 -0.000137008 0.138083445 0.001547962 0.990419389 -0.044439999 0.057660054 -0.728624812
0.000000000 0.577870190 1.027324915 0.500000000 0.500000000 0.000000000 0.000000000 0.990337336 0.010148956 -0.138307483 -0.010261422 0.999947345 -0.000100119 0.138299185 0.001518383 0.990389333 -0.044355008 0.057747591 -0.731295253
0.000000000 0.577870190 1.027324915 0.500000000 0.500000000 0.000000000 0.000000000 0.990306830 0.010187782 -0.138522895 -0.010295798 0.999946995 -0.000063215 0.138514908 0.001488806 0.990359230 -0.044268859 0.057834954 -0.733965689
0.000000000 0.577870190 1.027324915 0.500000000 0.500000000 0.000000000 0.000000000 0.990276275 0.010226620 -0.138738297 -0.010330170 0.999946642 -0.000026297 0.138730625 0.001459231 0.990329079 -0.044181541 0.057922141 -0.736636139
0.000000000 0.577870190 1.027324915 0.500000000 0.500000000 0.000000000 0.000000000 0.990245671 0.010265471 -0.138953700 -0.010364541 0.999946287 0.000010637 0.138946346 0.001429658 0.990298879 -0.044093052 0.058009155 -0.739306583
0.000000000 0.577870190 1.027324915 0.500000000 0.500000000 0.000000000 0.000000000 0.990215020 0.010304335 -0.139169084 -0.010398908 0.999945929 0.000047585 0.139162049 0.001400087 0.990268632 -0.044003392 0.058095992 -0.741977038
0.000000000 0.577870190 1.027324915 0.500000000 0.500000000 0.000000000 0.000000000 0.990184320 0.010343212 -0.139384469 -0.010433274 0.999945568 0.000084549 0.139377757 0.001370517 0.990238336 -0.043912570 0.058182656 -0.744647488
0.000000000 0.577870190 1.027324915 0.500000000 0.500000000 0.000000000 0.000000000 0.990153573 0.010382102 -0.139599835 -0.010467637 0.999945205 0.000121528 0.139593447 0.001340949 0.990207994 -0.043820587 0.058269145 -0.747317950
0.000000000 0.577870190 1.027324915 0.500000000 0.500000000 0.000000000 0.000000000 0.990122778 0.010421004 -0.139815191 -0.010501996 0.999944840 0.000158522 0.139809131 0.001311383 0.990177604 -0.043727440 0.058355457 -0.749988404
0.000000000 0.577870190 1.027324915 0.500000000 0.500000000 0.000000000 0.000000000 0.990098011 0.010447705 -0.139988479 -0.010525149 0.999944592 0.000187138 0.139982678 0.001288115 0.990153115 -0.043560023 0.058765891 -0.752457087
0.000000000 0.577870190 1.027324915 0.500000000 0.500000000 0.000000000 0.000000000 0.990073215 0.010474414 -0.140161751 -0.010548301 0.999944342 0.000215762 0.140156210 0.001264849 0.990128596 -0.043391720 0.059176193 -0.754925754
0.000000000 0.577870190 1.027324915 0.500000000 0.500000000 0.000000000 0.000000000 0.990048387 0.010501131 -0.140335017 -0.010571450 0.999944091 0.000244394 0.140329738 0.001241583 0.990104047 -0.043222533 0.059586363 -0.757394397
0.000000000 0.577870190 1.027324915 0.500000000 0.500000000 0.000000000 0.000000000 0.990023528 0.010527857 -0.140508288 -0.010594599 0.999943838 0.000273034 0.140503271 0.001218319 0.990079465 -0.043052462 0.059996401 -0.759863037
0.000000000 0.577870190 1.027324915 0.500000000 0.500000000 0.000000000 0.000000000 0.989998638 0.010554590 -0.140681543 -0.010617745 0.999943585 0.000301682 0.140676791 0.001195056 0.990054853 -0.042881503 0.060406308 -0.762331660
0.000000000 0.577870190 1.027324915 0.500000000 0.500000000 0.000000000 0.000000000 0.989973718 0.010581332 -0.140854792 -0.010640891 0.999943330 0.000330339 0.140850306 0.001171794 0.990030211 -0.042709672 0.060816083 -0.764800259
0.000000000 0.577870190 1.027324915 0.500000000 0.500000000 0.000000000 0.000000000 0.989948766 0.010608080 -0.141028046 -0.010664034 0.999943073 0.000359003 0.141023826 0.001148533 0.990005536 -0.042536936 0.061225725 -0.767268852
0.000000000 0.577870190 1.027324915 0.500000000 0.500000000 0.000000000 0.000000000 0.989923784 0.010634838 -0.141201284 -0.010687176 0.999942815 0.000387676 0.141197332 0.001125273 0.989980832 -0.042363324 0.061635237 -0.769737429
0.000000000 0.577870190 1.027324915 0.500000000 0.500000000 0.000000000 0.000000000 0.989898771 0.010661604 -0.141374516 -0.010710317 0.999942556 0.000416357 0.141370834 0.001102015 0.989956096 -0.042188838 0.062044615 -0.772205982
0.000000000 0.577870190 1.027324915 0.500000000 0.500000000 0.000000000 0.000000000 0.989873725 0.010688378 -0.141547753 -0.010733456 0.999942296 0.000445046 0.141544342 0.001078757 0.989931329 -0.042013448 0.062453861 -0.774674527
0.000000000 0.577870190 1.027324915 0.500000000 0.500000000 0.000000000 0.000000000 0.989848650 0.010715160 -0.141720974 -0.010756594 0.999942034 0.000473743 0.141717835 0.001055501 0.989906531 -0.041837191 0.062862976 -0.777143057
0.000000000 0.577870190 1.027324915 0.500000000 0.500000000 0.000000000 0.000000000 0.989821132 0.010765892 -0.141909203 -0.010802907 0.999941517 0.000509597 0.141906390 0.001028622 0.989879547 -0.041433332 0.063110287 -0.779980225
0.000000000 0.577870190 1.027324915 0.500000000 0.500000000 0.000000000 0.000000000 0.989793576 0.010816635 -0.142097424 -0.010849218 0.999940997 0.000545468 0.142094940 0.001001745 0.989852527 -0.041028378 0.063357394 -0.782817294
0.000000000 0.577870190 1.027324915 0.500000000 0.500000000 0.000000000 0.000000000 0.989765980 0.010867386 -0.142285646 -0.010895526 0.999940473 0.000581357 0.142283494 0.000974869 0.989825468 -0.040622305 0.063604297 -0.785654252
0.000000000 0.577870190 1.027324915 0.500000000 0.500000000 0.000000000 0.000000000 0.989738347 0.010918148 -0.142473851 -0.010941830 0.999939946 0.000617264 0.142472034 0.000947995 0.989798374 -0.040215146 0.063850997 -0.788491101
0.000000000 0.577870190 1.027324915 0.500000000 0.500000000 0.000000000 0.000000000 0.989710677 0.010968922 -0.142662047 -0.010988132 0.999939415 0.000653188 0.142660568 0.000921122 0.989771243 -0.039806877 0.064097492 -0.791327828
0.000000000 0.577870190 1.027324915 0.500000000 0.500000000 0.000000000 0.000000000 0.989682968 0.011019704 -0.142850234 -0.011034431 0.999938881 0.000689130 0.142849097 0.000894251 0.989744076 -0.039397513 0.064343784 -0.794164456
0.000000000 0.577870190 1.027324915 0.500000000 0.500000000 0.000000000 0.000000000 0.989655221 0.011070497 -0.143038413 -0.011080726 0.999938344 0.000725090 0.143037621 0.000867381 0.989716872 -0.038987037 0.064589870 -0.797000970
0.000000000 0.577870190 1.027324915 0.500000000 0.500000000 0.000000000 0.000000000 0.989627436 0.011121299 -0.143226584 -0.011127018 0.999937803 0.000761067 0.143226140 0.000840512 0.989689631 -0.038575468 0.064835754 -0.799837375
0.000000000 0.577870190 1.027324915 0.500000000 0.500000000 0.000000000 0.000000000 0.989599613 0.011172113 -0.143414747 -0.011173309 0.999937259 0.000797062 0.143414654 0.000813645 0.989662354 -0.038162797 0.065081432 -0.802673668
0.000000000 0.577870190 1.027324915 0.500000000 0.500000000 0.000000000 0.000000000 0.989571751 0.011222937 -0.143602911 -0.011219595 0.999936711 0.000833075 0.143603172 0.000786779 0.989635039 -0.037749007 0.065326905 -0.805509838
0.000000000 0.577870190 1.027324915 0.500000000 0.500000000 0.000000000 0.000000000 0.989543852 0.011273770 -0.143791056 -0.011265878 0.999936160 0.000869105 0.143791675 0.000759915 0.989607688 -0.037334131 0.065572173 -0.808345906
0.000000000 0.577870190 1.027324915 0.500000000 0.500000000 0.000000000 0.000000000 0.989529329 0.011294304 -0.143889351 -0.011278572 0.999935967 0.000925042 0.143890586 0.000707510 0.989593350 -0.037317225 0.065634140 -0.810860153
0.000000000 0.577870190 1.027324915 0.500000000 0.500000000 0.000000000 0.000000000 0.989514797 0.011314848 -0.143987643 -0.011291264 0.999935770 0.000980982 0.143989495 0.000655106 0.989579000 -0.037299816 0.065695840 -0.813374414
0.000000000 0.577870190 1.027324915 0.500000000 0.500000000 0.000000000 0.000000000 0.989500254 0.011335403 -0.144085932 -0.011303955 0.999935571 0.001036925 0.144088402 0.000602704 0.989564636 -0.037281915 0.065757271 -0.815888690
0.000000000 0.577870190 1.027324915 0.500000000 0.500000000 0.000000000 0.000000000 0.989485702 0.011355968 -0.144184217 -0.011316646 0.999935367 0.001092870 0.144187309 0.000550303 0.989550260 -0.037263504 0.065818434 -0.818402968
0.000000000 0.577870190 1.027324915 0.500000000 0.500000000 0.000000000 0.000000000 0.989471137 0.011376543 -0.144282509 -0.011329336 0.999935161 0.001148817 0.144286223 0.000497903 0.989535870 -0.037244581 0.065879329 -0.820917270
0.000000000 0.577870190 1.027324915 0.500000000 0.500000000 0.000000000 0.000000000 0.989456565 0.011397130 -0.144380788 -0.011342027 0.999934951 0.001204768 0.144385127 0.000445505 0.989521469 -0.037225174 0.065939956 -0.823431586
0.000000000 0.577870190 1.027324915 0.500000000 0.500000000 0.000000000 0.000000000 0.989441982 0.011417726 -0.144479063 -0.011354716 0.999934738 0.001260720 0.144484029 0.000393109 0.989507054 -0.037205256 0.066000315 -0.825945914
0.000000000 0.577870190 1.027324915 0.500000000 0.500000000 0.000000000 0.000000000 0.989427389 0.011438332 -0.144577335 -0.011367405 0.999934522 0.001316676 0.144582929 0.000340714 0.989492628 -0.037184835 0.066060405 -0.828460255
0.000000000 0.577870190 1.027324915 0.500000000 0.500000000 0.000000000 0.000000000 0.989412786 0.011458949 -0.144675604 -0.011380093 0.999934303 0.001372633 0.144681828 0.000288321 0.989478188 -0.037163914 0.066120228 -0.830974599
0.000000000 0.577870190 1.027324915 0.500000000 0.500000000 0.000000000 0.000000000 0.989398174 0.011479577 -0.144773870 -0.011392781 0.999934080 0.001428593 0.144780726 0.000235929 0.989463736 -0.037142499 0.066179781 -0.833488967
0.000000000 0.577870190 1.027324915 0.500000000 0.500000000 0.000000000 0.000000000 0.989383549 0.011500216 -0.144872142 -0.011405470 0.999933853 0.001484557 0.144879632 0.000183539 0.989449270 -0.037120564 0.066239067 -0.836003347
0.000000000 0.577870190 1.027324915 0.500000000 0.500000000 0.000000000 0.000000000 0.989372151 0.011474611 -0.144951990 -0.011377705 0.999934150 0.001497535 0.144959629 0.000167601 0.989437556 -0.037483480 0.066739887 -0.838625646
0.000000000 0.577870190 1.027324915 0.500000000 0.500000000 0.000000000 0.000000000 0.989360746 0.011449009 -0.145031838 -0.011349942 0.999934446 0.001510509 0.145039624 0.000151664 0.989425836 -0.037845987 0.067240599 -0.841248036
0.000000000 0.577870190 1.027324915 0.500000000 0.500000000 0.000000000 0.000000000 0.989349332 0.011423410 -0.145111695 -0.011322179 0.999934742 0.001523479 0.145119629 0.000135728 0.989414107 -0.038208101 0.067741206 -0.843870497
0.000000000 0.577870190 1.027324915 0.500000000 0.500000000 0.000000000 0.000000000 0.989337913 0.011397813 -0.145191542 -0.011294416 0.999935036 0.001536444 0.145199622 0.000119791 0.989402373 -0.038569815 0.068241705 -0.846493038
