0.000000000 0.522433281 0.928770304 0.500000000 0.500000000 0.000000000 0.000000000 0.989923691 0.002519243 0.141579442 -0.001083482 0.999947216 -0.010217198 -0.141597709 0.009960848 0.989874169 0.413071890 0.074229654 -0.846113380
0.000000000 0.522433281 0.928770304 0.500000000 0.500000000 0.000000000 0.000000000 0.989855875 0.002494109 0.142053253 -0.001057196 0.999947523 -0.010189885 -0.142071213 0.009936340 0.989806567 0.413490986 0.074436664 -0.849158459
0.000000000 0.522433281 0.928770304 0.500000000 0.500000000 0.000000000 0.000000000 0.989787832 0.002468951 0.142527020 -0.001030913 0.999947829 -0.010162547 -0.142544675 0.009911832 0.989738739 0.413907271 0.074643567 -0.852204130
0.000000000 0.522433281 0.928770304 0.500000000 0.500000000 0.000000000 0.000000000 0.989719561 0.002443771 0.143000763 -0.001004633 0.999948133 -0.010135184 -0.143018114 0.009887327 0.989670683 0.414320704 0.074850367 -0.855250418
0.000000000 0.522433281 0.928770304 0.500000000 0.500000000 0.000000000 0.000000000 0.989651063 0.002418567 0.143474472 -0.000978357 0.999948436 -0.010107796 -0.143491520 0.009862822 0.989602399 0.414731315 0.075057061 -0.858297308
0.000000000 0.522433281 0.928770304 0.500000000 0.500000000 0.000000000 0.000000000 0.989582339 0.002393340 0.143948137 -0.000952084 0.999948738 -0.010080382 -0.143964884 0.009838318 0.989533890 0.415139093 0.075263650 -0.861344792
0.000000000 0.522433281 0.928770304 0.500000000 0.500000000 0.000000000 0.000000000 0.989513387 0.002368090 0.144421778 -0.000925814 0.999949039 -0.010052944 -0.144438224 0.009813815 0.989465153 0.415544040 0.075470132 -0.864392869
0.000000000 0.522433281 0.928770304 0.500000000 0.500000000 0.000000000 0.000000000 0.989445963 0.002306407 0.144883980 -0.000864498 0.999949482 -0.010014334 -0.144899757 0.009783390 0.989397971 0.415956313 0.075732996 -0.867470306
0.000000000 0.522433281 0.928770304 0.500000000 0.500000000 0.000000000 0.000000000 0.989378318 0.002244695 0.145346156 -0.000803190 0.999949919 -0.009975666 -0.145361269 0.009752967 0.989330572 0.416365764 0.075995748 -0.870548327
0.000000000 0.522433281 0.928770304 0.500000000 0.500000000 0.000000000 0.000000000 0.989310455 0.002182956 0.145808296 -0.000741889 0.999950352 -0.009936942 -0.145822749 0.009722547 0.989262957 0.416772400 0.076258389 -0.873626948
0.000000000 0.522433281 0.928770304 0.500000000 0.500000000 0.000000000 0.000000000 0.989242373 0.002121188 0.146270390 -0.000680598 0.999950780 -0.009898160 -0.146284187 0.009692128 0.989195127 0.417176239 0.076520918 -0.876706154
0.000000000 0.522433281 0.928770304 0.500000000 0.500000000 0.000000000 0.000000000 0.989174072 0.002059392 0.146732459 -0.000619314 0.999951204 -0.009859321 -0.146745603 0.009661711 0.989127079 0.417577246 0.076783336 -0.879785937
0.000000000 0.522433281 0.928770304 0.500000000 0.500000000 0.000000000 0.000000000 0.989105553 0.001997569 0.147194482 -0.000558039 0.999951623 -0.009820425 -0.147206978 0.009631296 0.989058817 0.417975445 0.077045640 -0.882866310
0.000000000 0.522433281 0.928770304 0.500000000 0.500000000 0.000000000 0.000000000 0.989036813 0.001935717 0.147656478 -0.000496772 0.999952037 -0.009781471 -0.147668330 0.009600884 0.988990337 0.418370820 0.077307830 -0.885947258
0.000000000 0.522433281 0.928770304 0.500000000 0.500000000 0.000000000 0.000000000 0.988967856 0.001873836 0.148118428 -0.000435514 0.999952446 -0.009742461 -0.148129640 0.009570473 0.988921643 0.418763396 0.077569907 -0.889028793
0.000000000 0.522433281 0.928770304 0.500000000 0.500000000 0.000000000 0.000000000 0.988898678 0.001811928 0.148580352 -0.000374264 0.999952851 -0.009703393 -0.148590928 0.009540064 0.988852731 0.419153137 0.077831869 -0.892110898
0.000000000 0.522433281 0.928770304 0.500000000 0.500000000 0.000000000 0.000000000 0.988829282 0.001749992 0.149042239 -0.000313023 0.999953251 -0.009664268 -0.149052184 0.009509658 0.988783603 0.419540059 0.078093717 -0.895193588
0.000000000 0.522433281 0.928770304 0.500000000 0.500000000 0.000000000 0.000000000 0.988759668 0.001688028 0.149504080 -0.000251790 0.999953646 -0.009625086 -0.149513397 0.009479253 0.988714260 0.419924173 0.078355448 -0.898276848
0.000000000 0.522433281 0.928770304 0.500000000 0.500000000 0.000000000 0.000000000 0.988691831 0.001673121 0.149952205 -0.000231743 0.999953611 -0.009629209 -0.149961359 0.009485570 0.988646355 0.420318928 0.078621416 -0.901312642
0.000000000 0.522433281 0.928770304 0.500000000 0.500000000 0.000000000 0.000000000 0.988623793 0.001658220 0.150400289 -0.000211699 0.999953576 -0.009633315 -0.150409281 0.009491884 0.988578248 0.420711016 0.078887440 -0.904348981
0.000000000 0.522433281 0.928770304 0.500000000 0.500000000 0.000000000 0.000000000 0.988555549 0.001643326 0.150848352 -0.000191657 0.999953541 -0.009637401 -0.150857181 0.009498195 0.988509937 0.421100420 0.079153516 -0.907385861
0.000000000 0.522433281 0.928770304 0.500000000 0.500000000 0.000000000 0.000000000 0.988487104 0.001628437 0.151296374 -0.000171618 0.999953505 -0.009641470 -0.151305040 0.009504504 0.988441424 0.421487148 0.079419647 -0.910423271
0.000000000 0.522433281 0.928770304 0.500000000 0.500000000 0.000000000 0.000000000 0.988418454 0.001613555 0.151744376 -0.000151582 0.999953469 -0.009645521 -0.151752879 0.009510809 0.988372707 0.421871201 0.079685832 -0.913461212
0.000000000 0.522433281 0.928770304 0.500000000 0.500000000 0.000000000 0.000000000 0.988349601 0.001598679 0.152192346 -0.000131549 0.999953433 -0.009649553 -0.152200686 0.009517111 0.988303787 0.422252576 0.079952073 -0.916499694
0.000000000 0.522433281 0.928770304 0.500000000 0.500000000 0.000000000 0.000000000 0.988280546 0.001583808 0.152640276 -0.000111518 0.999953397 -0.009653567 -0.152648452 0.009523411 0.988234666 0.422631284 0.080218365 -0.919538703
0.000000000 0.522433281 0.928770304 0.500000000 0.500000000 0.000000000 0.000000000 0.988211286 0.001568944 0.153088184 -0.000091490 0.999953360 -0.009657564 -0.153096197 0.009529707 0.988165340 0.423007305 0.080484712 -0.922578244
0.000000000 0.522433281 0.928770304 0.500000000 0.500000000 0.000000000 0.000000000 0.988141825 0.001554085 0.153536051 -0.000071465 0.999953324 -0.009661541 -0.153543900 0.009536001 0.988095813 0.423380650 0.080751112 -0.925618296
0.000000000 0.522433281 0.928770304 0.500000000 0.500000000 0.000000000 0.000000000 0.988072158 0.001539233 0.153983897 -0.000051443 0.999953287 -0.009665501 -0.153991581 0.009542291 0.988026081 0.423751315 0.081017565 -0.928658890
0.000000000 0.522433281 0.928770304 0.500000000 0.500000000 0.000000000 0.000000000 0.988002290 0.001524386 0.154431701 -0.000031424 0.999953249 -0.009669443 -0.154439222 0.009548579 0.987956149 0.424119312 0.081284071 -0.931700002
0.000000000 0.522433281 0.928770304 0.500000000 0.500000000 0.000000000 0.000000000 0.987926506 0.001512828 0.154915879 -0.000010803 0.999952991 -0.009696124 -0.154923265 0.009577384 0.987880082 0.424354057 0.081622883 -0.934822741
0.000000000 0.522433281 0.928770304 0.500000000 0.500000000 0.000000000 0.000000000 0.987850485 0.001501297 0.155400020 0.000009814 0.999952733 -0.009722784 -0.155407271 0.009606182 0.987803777 0.424585832 0.081961869 -0.937945917
0.000000000 0.522433281 0.928770304 0.500000000 0.500000000 0.000000000 0.000000000 0.987774227 0.001489796 0.155884114 0.000030427 0.999952473 -0.009749425 -0.155891230 0.009634973 0.987727235 0.424814648 0.082301030 -0.941069522
0.000000000 0.522433281 0.928770304 0.500000000 0.500000000 0.000000000 0.000000000 0.987697730 0.001478323 0.156368182 0.000051038 0.999952212 -0.009776045 -0.156375161 0.009663758 0.987650455 0.425040484 0.082640368 -0.944193563
0.000000000 0.522433281 0.928770304 0.500000000 0.500000000 0.000000000 0.000000000 0.987620996 0.001466878 0.156852213 0.000071645 0.999951950 -0.009802644 -0.156859055 0.009692535 0.987573436 0.425263350 0.082979880 -0.947318033
0.000000000 0.522433281 0.928770304 0.500000000 0.500000000 0.000000000 0.000000000 0.987544026 0.001455462 0.157336197 0.000092250 0.999951688 -0.009829224 -0.157342901 0.009721306 0.987496181 0.425483255 0.083319567 -0.950442927
0.000000000 0.522433281 0.928770304 0.500000000 0.500000000 0.000000000 0.000000000 0.987466817 0.001444075 0.157820154 0.000112851 0.999951424 -0.009855784 -0.157826720 0.009750069 0.987418687 0.425700178 0.083659428 -0.953568249
0.000000000 0.522433281 0.928770304 0.500000000 0.500000000 0.000000000 0.000000000 0.987389370 0.001432716 0.158304073 0.000133448 0.999951160 -0.009882323 -0.158310500 0.009778826 0.987340954 0.425914139 0.083999466 -0.956694006
0.000000000 0.522433281 0.928770304 0.500000000 0.500000000 0.000000000 0.000000000 0.987311687 0.001421386 0.158787946 0.000154043 0.999950894 -0.009908842 -0.158794233 0.009807576 0.987262986 0.426125129 0.084339676 -0.959820169
0.000000000 0.522433281 0.928770304 0.500000000 0.500000000 0.000000000 0.000000000 0.987233766 0.001410085 0.159271791 0.000174634 0.999950628 -0.009935341 -0.159277937 0.009836318 0.987184778 0.426333138 0.084680061 -0.962946754
0.000000000 0.522433281 0.928770304 0.500000000 0.500000000 0.000000000 0.000000000 0.987155607 0.001398812 0.159755599 0.000195222 0.999950361 -0.009961819 -0.159761604 0.009865054 0.987106332 0.426538174 0.085020620 -0.966073756
0.000000000 0.522433281 0.928770304 0.500000000 0.500000000 0.000000000 0.000000000 0.987076619 0.001419048 0.160242737 0.000185138 0.999950026 -0.009995606 -0.160248913 0.009896096 0.987027028 0.426694998 0.085291553 -0.969233554
0.000000000 0.522433281 0.928770304 0.500000000 0.500000000 0.000000000 0.000000000 0.986997389 0.001439316 0.160729845 0.000175056 0.999949689 -0.010029401 -0.160736194 0.009927129 0.986947480 0.426848812 0.085562662 -0.972393740
0.000000000 0.522433281 0.928770304 0.500000000 0.500000000 0.000000000 0.000000000 0.986917918 0.001459615 0.161216912 0.000164976 0.999949351 -0.010063206 -0.161223435 0.009958156 0.986867691 0.426999609 0.085833949 -0.975554294
0.000000000 0.522433281 0.928770304 0.500000000 0.500000000 0.000000000 0.000000000 0.986838208 0.001479945 0.161703929 0.000154897 0.999949012 -0.010097023 -0.161710627 0.009989175 0.986787662 0.427147417 0.086105415 -0.978715214
0.000000000 0.522433281 0.928770304 0.500000000 0.500000000 0.000000000 0.000000000 0.986758256 0.001500306 0.162190915 0.000144820 0.999948671 -0.010130848 -0.162197790 0.010020186 0.986707390 0.427292198 0.086377058 -0.981876491
0.000000000 0.522433281 0.928770304 0.500000000 0.500000000 0.000000000 0.000000000 0.986678064 0.001520698 0.162677861 0.000134744 0.999948329 -0.010164684 -0.162684913 0.010051191 0.986626876 0.427433978 0.086648879 -0.985038144
0.000000000 0.522433281 0.928770304 0.500000000 0.500000000 0.000000000 0.000000000 0.986597632 0.001541121 0.163164756 0.000124670 0.999947986 -0.010198529 -0.163171986 0.010082186 0.986546123 0.427572749 0.086920878 -0.988200152
0.000000000 0.522433281 0.928770304 0.500000000 0.500000000 0.000000000 0.000000000 0.986516958 0.001561575 0.163651620 0.000114598 0.999947641 -0.010232385 -0.163659030 0.010113176 0.986465126 0.427708511 0.087193057 -0.991362524
0.000000000 0.522433281 0.928770304 0.500000000 0.500000000 0.000000000 0.000000000 0.986436044 0.001582060 0.164138443 0.000104527 0.999947295 -0.010266250 -0.164146034 0.010144156 0.986383889 0.427841264 0.087465411 -0.994525243
0.000000000 0.522433281 0.928770304 0.500000000 0.500000000 0.000000000 0.000000000 0.986354889 0.001602576 0.164625224 0.000094458 0.999946948 -0.010300125 -0.164632997 0.010175129 0.986302409 0.427970995 0.087737945 -0.997688325
0.000000000 0.522433281 0.928770304 0.500000000 0.500000000 0.000000000 0.000000000 0.986273495 0.001623123 0.165111955 0.000084391 0.999946599 -0.010334011 -0.165119911 0.010206095 0.986220691 0.428097735 0.088010657 -1.000851757
0.000000000 0.522433281 0.928770304 0.500000000 0.500000000 0.000000000 0.000000000 0.986194815 0.001600757 0.165581474 0.000114939 0.999946415 -0.010351544 -0.165589171 0.010227671 0.986141786 0.428249223 0.088376289 -1.004016614
0.000000000 0.522433281 0.928770304 0.500000000 0.500000000 0.000000000 0.000000000 0.986115912 0.001578412 0.166050946 0.000145483 0.999946229 -0.010369048 -0.166058384 0.010249241 0.986062658 0.428397786 0.088742058 -1.007181824
0.000000000 0.522433281 0.928770304 0.500000000 0.500000000 0.000000000 0.000000000 0.986036783 0.001556088 0.166520391 0.000176022 0.999946043 -0.010386524 -0.166527569 0.010270805 0.985983306 0.428543414 0.089107963 -1.010347396
0.000000000 0.522433281 0.928770304 0.500000000 0.500000000 0.000000000 0.000000000 0.985957432 0.001533785 0.166989790 0.000206556 0.999945856 -0.010403970 -0.166996706 0.010292364 0.985903731 0.428686106 0.089474005 -1.013513324
0.000000000 0.522433281 0.928770304 0.500000000 0.500000000 0.000000000 0.000000000 0.985877855 0.001511502 0.167459162 0.000237085 0.999945668 -0.010421387 -0.167465816 0.010313916 0.985823931 0.428825863 0.089840183 -1.016679600
0.000000000 0.522433281 0.928770304 0.500000000 0.500000000 0.000000000 0.000000000 0.985798055 0.001489241 0.167928487 0.000267608 0.999945479 -0.010438776 -0.167934878 0.010335464 0.985743909 0.428962684 0.090206497 -1.019846219
0.000000000 0.522433281 0.928770304 0.500000000 0.500000000 0.000000000 0.000000000 0.985718030 0.001467001 0.168397785 0.000298127 0.999945289 -0.010456135 -0.168403911 0.010357005 0.985663662 0.429096560 0.090572947 -1.023013190
0.000000000 0.522433281 0.928770304 0.500000000 0.500000000 0.000000000 0.000000000 0.985637782 0.001444781 0.168867036 0.000328641 0.999945098 -0.010473465 -0.168872897 0.010378539 0.985583193 0.429227519 0.090939531 -1.026180503
0.000000000 0.522433281 0.928770304 0.500000000 0.500000000 0.000000000 0.000000000 0.985557308 0.001422583 0.169336259 0.000359150 0.999944906 -0.010490766 -0.169341854 0.010400068 0.985502499 0.429355519 0.091306251 -1.029348171
0.000000000 0.522433281 0.928770304 0.500000000 0.500000000 0.000000000 0.000000000 0.985476612 0.001400405 0.169805435 0.000389654 0.999944713 -0.010508037 -0.169810763 0.010421590 0.985421583 0.429480604 0.091673106 -1.032516168
0.000000000 0.522433281 0.928770304 0.500000000 0.500000000 0.000000000 0.000000000 0.985395690 0.001378248 0.170274584 0.000420152 0.999944519 -0.010525280 -0.170279643 0.010443107 0.985340441 0.429602732 0.092040095 -1.035684507
0.000000000 0.522433281 0.928770304 0.500000000 0.500000000 0.000000000 0.000000000 0.985314505 0.001339483 0.170744056 0.000463192 0.999944582 -0.010517492 -0.170748682 0.010442124 0.985259280 0.429672158 0.092342183 -1.038823586
0.000000000 0.522433281 0.928770304 0.500000000 0.500000000 0.000000000 0.000000000 0.985233092 0.001300718 0.171213500 0.000506225 0.999944644 -0.010509662 -0.171217692 0.010441140 0.985177895 0.429738656 0.092644275 -1.041962974
0.000000000 0.522433281 0.928770304 0.500000000 0.500000000 0.000000000 0.000000000 0.985151454 0.001261952 0.171682904 0.000549251 0.999944704 -0.010501791 -0.171686664 0.010440152 0.985096286 0.429802248 0.092946370 -1.045102666
0.000000000 0.522433281 0.928770304 0.500000000 0.500000000 0.000000000 0.000000000 0.985069591 0.001223186 0.172152269 0.000592270 0.999944762 -0.010493880 -0.172155596 0.010439162 0.985014454 0.429862913 0.093248469 -1.048242646
0.000000000 0.522433281 0.928770304 0.500000000 0.500000000 0.000000000 0.000000000 0.984987505 0.001184419 0.172621585 0.000635281 0.999944819 -0.010485926 -0.172624480 0.010438170 0.984932401 0.429920670 0.093550569 -1.051382930
0.000000000 0.522433281 0.928770304 0.500000000 0.500000000 0.000000000 0.000000000 0.984905192 0.001145652 0.173090871 0.000678285 0.999944875 -0.010477933 -0.173093334 0.010437175 0.984850122 0.429975498 0.093852673 -1.054523514
0.000000000 0.522433281 0.928770304 0.500000000 0.500000000 0.000000000 0.000000000 0.984822654 0.001106884 0.173560118 0.000721281 0.999944929 -0.010469899 -0.173562149 0.010436179 0.984767621 0.430027408 0.094154781 -1.057664392
0.000000000 0.522433281 0.928770304 0.500000000 0.500000000 0.000000000 0.000000000 0.984739891 0.001068115 0.174029325 0.000764270 0.999944982 -0.010461822 -0.174030925 0.010435179 0.984684896 0.430076409 0.094456888 -1.060805564
0.000000000 0.522433281 0.928770304 0.500000000 0.500000000 0.000000000 0.000000000 0.984656905 0.001029346 0.174498482 0.000807252 0.999945033 -0.010453706 -0.174499651 0.010434178 0.984601950 0.430122492 0.094758997 -1.063947019
0.000000000 0.522433281 0.928770304 0.500000000 0.500000000 0.000000000 0.000000000 0.984573692 0.000990577 0.174967610 0.000850226 0.999945082 -0.010445549 -0.174968348 0.010433175 0.984518779 0.430165646 0.095061108 -1.067088766
0.000000000 0.522433281 0.928770304 0.500000000 0.500000000 0.000000000 0.000000000 0.984490254 0.000951807 0.175436697 0.000893193 0.999945130 -0.010437350 -0.175437005 0.010432168 0.984435385 0.430205880 0.095363219 -1.070230800
0.000000000 0.522433281 0.928770304 0.500000000 0.500000000 0.000000000 0.000000000 0.984406063 0.000956760 0.175908466 0.000904401 0.999944467 -0.010499805 -0.175908743 0.010495163 0.984350530 0.430210364 0.095788925 -1.073349877
0.000000000 0.522433281 0.928770304 0.500000000 0.500000000 0.000000000 0.000000000 0.984321647 0.000961774 0.176380185 0.000915607 0.999943799 -0.010562249 -0.176380431 0.010558145 0.984265447 0.430211956 0.096214991 -1.076469159
0.000000000 0.522433281 0.928770304 0.500000000 0.500000000 0.000000000 0.000000000 0.984237004 0.000966848 0.176851873 0.000926811 0.999943127 -0.010624682 -0.176852088 0.010621113 0.984180131 0.430210645 0.096641415 -1.079588645
0.000000000 0.522433281 0.928770304 0.500000000 0.500000000 0.000000000 0.000000000 0.984152135 0.000971984 0.177323521 0.000938013 0.999942451 -0.010687105 -0.177323704 0.010684068 0.984094586 0.430206452 0.097068196 -1.082708329
0.000000000 0.522433281 0.928770304 0.500000000 0.500000000 0.000000000 0.000000000 0.984067039 0.000977180 0.177795128 0.000949212 0.999941772 -0.010749515 -0.177795280 0.010747009 0.984008811 0.430199358 0.097495335 -1.085828196
0.000000000 0.522433281 0.928770304 0.500000000 0.500000000 0.000000000 0.000000000 0.983981719 0.000982437 0.178266685 0.000960410 0.999941088 -0.010811916 -0.178266805 0.010809937 0.983922808 0.430189391 0.097922833 -1.088948264
0.000000000 0.522433281 0.928770304 0.500000000 0.500000000 0.000000000 0.000000000 0.983896172 0.000987755 0.178738210 0.000971605 0.999940401 -0.010874306 -0.178738299 0.010872851 0.983836573 0.430176511 0.098350687 -1.092068524
0.000000000 0.522433281 0.928770304 0.500000000 0.500000000 0.000000000 0.000000000 0.983810398 0.000993133 0.179209695 0.000982798 0.999939710 -0.010936685 -0.179209752 0.010935752 0.983750108 0.430160749 0.098778900 -1.095188966
