0.000000000 0.780026198 1.386713505 0.500000000 0.500000000 0.000000000 0.000000000 0.999880263 0.001071676 0.015437327 -0.001016562 0.999993084 -0.003577598 -0.015441054 0.003561477 0.999874437 -0.017676377 -0.011363428 -0.224241574
0.000000000 0.780026198 1.386713505 0.500000000 0.500000000 0.000000000 0.000000000 0.999878447 0.001090771 0.015553179 -0.001034847 0.999992973 -0.003603252 -0.015557000 0.003586719 0.999872549 -0.017864129 -0.011682861 -0.227011465
0.000000000 0.780026198 1.386713505 0.500000000 0.500000000 0.000000000 0.000000000 0.999876617 0.001109873 0.015669030 -0.001053133 0.999992861 -0.003628911 -0.015672945 0.003611961 0.999870648 -0.018052534 -0.012002146 -0.229781332
0.000000000 0.780026198 1.386713505 0.500000000 0.500000000 0.000000000 0.000000000 0.999874774 0.001128980 0.015784878 -0.001071419 0.999992748 -0.003654573 -0.015788890 0.003637203 0.999868732 -0.018241594 -0.012321284 -0.232551174
0.000000000 0.780026198 1.386713505 0.500000000 0.500000000 0.000000000 0.000000000 0.999872143 0.001136907 0.015950067 -0.001078663 0.999992721 -0.003659797 -0.015954112 0.003642124 0.999866092 -0.018681925 -0.011829388 -0.235217683
0.000000000 0.780026198 1.386713505 0.500000000 0.500000000 0.000000000 0.000000000 0.999869485 0.001144836 0.016115256 -0.001085907 0.999992694 -0.003665022 -0.016119334 0.003647044 0.999863424 -0.019123130 -0.011337458 -0.237884057
0.000000000 0.780026198 1.386713505 0.500000000 0.500000000 0.000000000 0.000000000 0.999866800 0.001152767 0.016280444 -0.001093151 0.999992667 -0.003670251 -0.016284555 0.003651965 0.999860729 -0.019565209 -0.010845494 -0.240550277
0.000000000 0.780026198 1.386713505 0.500000000 0.500000000 0.000000000 0.000000000 0.999864088 0.001160699 0.016445631 -0.001100395 0.999992640 -0.003675481 -0.016449776 0.003656885 0.999858006 -0.020008164 -0.010353498 -0.243216352
0.000000000 0.780026198 1.386713505 0.500000000 0.500000000 0.000000000 0.000000000 0.999861348 0.001168633 0.016610818 -0.001107638 0.999992613 -0.003680714 -0.016614996 0.003661805 0.999855256 -0.020451992 -0.009861467 -0.245882293
0.000000000 0.780026198 1.386713505 0.500000000 0.500000000 0.000000000 0.000000000 0.999858581 0.001176569 0.016776004 -0.001114882 0.999992585 -0.003685950 -0.016780216 0.003666725 0.999852479 -0.020896695 -0.009369402 -0.248548078
0.000000000 0.780026198 1.386713505 0.500000000 0.500000000 0.000000000 0.000000000 0.999855786 0.001184506 0.016941190 -0.001122126 0.999992558 -0.003691187 -0.016945436 0.003671645 0.999849674 -0.021342271 -0.008877303 -0.251213728
0.000000000 0.780026198 1.386713505 0.500000000 0.500000000 0.000000000 0.000000000 0.999852964 0.001192445 0.017106375 -0.001129369 0.999992530 -0.003696428 -0.017110655 0.003676565 0.999846842 -0.021788722 -0.008385171 -0.253879223
0.000000000 0.780026198 1.386713505 0.500000000 0.500000000 0.000000000 0.000000000 0.999850115 0.001200385 0.017271560 -0.001136613 0.999992503 -0.003701670 -0.017275874 0.003681484 0.999843983 -0.022236048 -0.007893005 -0.256544571
0.000000000 0.780026198 1.386713505 0.500000000 0.500000000 0.000000000 0.000000000 0.999847238 0.001208327 0.017436744 -0.001143856 0.999992475 -0.003706915 -0.017441092 0.003686404 0.999841097 -0.022684247 -0.007400804 -0.259209784
0.000000000 0.780026198 1.386713505 0.500000000 0.500000000 0.000000000 0.000000000 0.999844334 0.001216271 0.017601927 -0.001151099 0.999992447 -0.003712163 -0.017606309 0.003691323 0.999838183 -0.023133321 -0.006908570 -0.261874841
0.000000000 0.780026198 1.386713505 0.500000000 0.500000000 0.000000000 0.000000000 0.999841403 0.001224216 0.017767110 -0.001158342 0.999992420 -0.003717412 -0.017771526 0.003696242 0.999835242 -0.023583269 -0.006416302 -0.264539761
0.000000000 0.780026198 1.386713505 0.500000000 0.500000000 0.000000000 0.000000000 0.999837473 0.001228554 0.017986599 -0.001161585 0.999992357 -0.003733233 -0.017991048 0.003711734 0.999831258 -0.024055576 -0.006788473 -0.267237979
0.000000000 0.780026198 1.386713505 0.500000000 0.500000000 0.000000000 0.000000000 0.999833495 0.001232899 0.018206088 -0.001164828 0.999992294 -0.003749056 -0.018210570 0.003727224 0.999827227 -0.024529073 -0.007160555 -0.269936015
0.000000000 0.780026198 1.386713505 0.500000000 0.500000000 0.000000000 0.000000000 0.999829469 0.001237251 0.018425576 -0.001168071 0.999992231 -0.003764879 -0.018430090 0.003742715 0.999823146 -0.025003757 -0.007532548 -0.272633867
0.000000000 0.780026198 1.386713505 0.500000000 0.500000000 0.000000000 0.000000000 0.999825395 0.001241610 0.018645062 -0.001171313 0.999992167 -0.003780704 -0.018649610 0.003758205 0.999819018 -0.025479630 -0.007904453 -0.275331525
0.000000000 0.780026198 1.386713505 0.500000000 0.500000000 0.000000000 0.000000000 0.999821272 0.001245976 0.018864548 -0.001174556 0.999992103 -0.003796531 -0.018869129 0.003773695 0.999814840 -0.025956690 -0.008276270 -0.278029010
0.000000000 0.780026198 1.386713505 0.500000000 0.500000000 0.000000000 0.000000000 0.999817101 0.001250348 0.019084032 -0.001177798 0.999992039 -0.003812359 -0.019088647 0.003789185 0.999810615 -0.026434940 -0.008647997 -0.280726309
0.000000000 0.780026198 1.386713505 0.500000000 0.500000000 0.000000000 0.000000000 0.999812882 0.001254727 0.019303515 -0.001181041 0.999991975 -0.003828188 -0.019308163 0.003804674 0.999806341 -0.026914377 -0.009019636 -0.283423424
0.000000000 0.780026198 1.386713505 0.500000000 0.500000000 0.000000000 0.000000000 0.999808615 0.001259113 0.019522997 -0.001184283 0.999991910 -0.003844019 -0.019527679 0.003820163 0.999802018 -0.027395003 -0.009391187 -0.286120354
0.000000000 0.780026198 1.386713505 0.500000000 0.500000000 0.000000000 0.000000000 0.999804300 0.001263506 0.019742478 -0.001187525 0.999991846 -0.003859852 -0.019747194 0.003835652 0.999797648 -0.027876817 -0.009762649 -0.288817098
0.000000000 0.780026198 1.386713505 0.500000000 0.500000000 0.000000000 0.000000000 0.999799936 0.001267905 0.019961958 -0.001190767 0.999991781 -0.003875685 -0.019966708 0.003851140 0.999793228 -0.028359818 -0.010134023 -0.291513656
0.000000000 0.780026198 1.386713505 0.500000000 0.500000000 0.000000000 0.000000000 0.999795525 0.001272312 0.020181437 -0.001194009 0.999991715 -0.003891520 -0.020186221 0.003866628 0.999788761 -0.028844008 -0.010505308 -0.294210027
0.000000000 0.780026198 1.386713505 0.500000000 0.500000000 0.000000000 0.000000000 0.999791064 0.001276725 0.020400915 -0.001197251 0.999991650 -0.003907357 -0.020405734 0.003882116 0.999784244 -0.029329386 -0.010876504 -0.296906211
0.000000000 0.780026198 1.386713505 0.500000000 0.500000000 0.000000000 0.000000000 0.999785479 0.001287004 0.020672205 -0.001206598 0.999991661 -0.003901586 -0.020677054 0.003875806 0.999778694 -0.029324376 -0.011039310 -0.299393769
0.000000000 0.780026198 1.386713505 0.500000000 0.500000000 0.000000000 0.000000000 0.999779819 0.001297279 0.020943494 -0.001215944 0.999991672 -0.003895820 -0.020948374 0.003869496 0.999773071 -0.029320721 -0.011202146 -0.301881359
0.000000000 0.780026198 1.386713505 0.500000000 0.500000000 0.000000000 0.000000000 0.999774086 0.001307551 0.021214781 -0.001225290 0.999991683 -0.003890059 -0.021219691 0.003863186 0.999767373 -0.029318421 -0.011365012 -0.304368961
0.000000000 0.780026198 1.386713505 0.500000000 0.500000000 0.000000000 0.000000000 0.999768279 0.001317820 0.021486068 -0.001234636 0.999991694 -0.003884303 -0.021491008 0.003856875 0.999761602 -0.029317477 -0.011527908 -0.306856595
0.000000000 0.780026198 1.386713505 0.500000000 0.500000000 0.000000000 0.000000000 0.999762399 0.001328085 0.021757352 -0.001243982 0.999991705 -0.003878552 -0.021762323 0.003850564 0.999755757 -0.029317888 -0.011690833 -0.309344239
0.000000000 0.780026198 1.386713505 0.500000000 0.500000000 0.000000000 0.000000000 0.999756444 0.001338346 0.022028635 -0.001253328 0.999991715 -0.003872806 -0.022033636 0.003844254 0.999749839 -0.029319654 -0.011853788 -0.311831904
0.000000000 0.780026198 1.386713505 0.500000000 0.500000000 0.000000000 0.000000000 0.999750416 0.001348605 0.022299916 -0.001262673 0.999991726 -0.003867065 -0.022304947 0.003837943 0.999743847 -0.029322776 -0.012016773 -0.314319598
0.000000000 0.780026198 1.386713505 0.500000000 0.500000000 0.000000000 0.000000000 0.999744315 0.001358860 0.022571196 -0.001272019 0.999991736 -0.003861330 -0.022576257 0.003831631 0.999737781 -0.029327253 -0.012179787 -0.316807302
0.000000000 0.780026198 1.386713505 0.500000000 0.500000000 0.000000000 0.000000000 0.999738139 0.001369111 0.022842476 -0.001281364 0.999991746 -0.003855599 -0.022847566 0.003825320 0.999731642 -0.029333086 -0.012342831 -0.319295034
0.000000000 0.780026198 1.386713505 0.500000000 0.500000000 0.000000000 0.000000000 0.999731890 0.001379359 0.023113752 -0.001290709 0.999991756 -0.003849873 -0.023118872 0.003819008 0.999725429 -0.029340275 -0.012505904 -0.321782775
0.000000000 0.780026198 1.386713505 0.500000000 0.500000000 0.000000000 0.000000000 0.999725567 0.001389604 0.023385027 -0.001300053 0.999991766 -0.003844153 -0.023390177 0.003812696 0.999719142 -0.029348818 -0.012669007 -0.324270533
0.000000000 0.780026198 1.386713505 0.500000000 0.500000000 0.000000000 0.000000000 0.999719170 0.001399845 0.023656301 -0.001309398 0.999991776 -0.003838438 -0.023661480 0.003806384 0.999712782 -0.029358717 -0.012832139 -0.326758318
0.000000000 0.780026198 1.386713505 0.500000000 0.500000000 0.000000000 0.000000000 0.999711423 0.001418944 0.023980332 -0.001327277 0.999991754 -0.003838073 -0.023985581 0.003805137 0.999705063 -0.029503224 -0.012438860 -0.329452242
0.000000000 0.780026198 1.386713505 0.500000000 0.500000000 0.000000000 0.000000000 0.999703571 0.001438043 0.024304361 -0.001345156 0.999991731 -0.003837720 -0.024309679 0.003803889 0.999697239 -0.029649467 -0.012045581 -0.332146117
0.000000000 0.780026198 1.386713505 0.500000000 0.500000000 0.000000000 0.000000000 0.999695613 0.001457140 0.024628388 -0.001363035 0.999991708 -0.003837378 -0.024633775 0.003802641 0.999689310 -0.029797445 -0.011652301 -0.334839923
0.000000000 0.780026198 1.386713505 0.500000000 0.500000000 0.000000000 0.000000000 0.999687550 0.001476237 0.024952411 -0.001380913 0.999991685 -0.003837048 -0.024957868 0.003801392 0.999681276 -0.029947158 -0.011259020 -0.337533678
0.000000000 0.780026198 1.386713505 0.500000000 0.500000000 0.000000000 0.000000000 0.999679382 0.001495334 0.025276433 -0.001398791 0.999991661 -0.003836730 -0.025281959 0.003800143 0.999673137 -0.030098607 -0.010865736 -0.340227361
0.000000000 0.780026198 1.386713505 0.500000000 0.500000000 0.000000000 0.000000000 0.999671108 0.001514429 0.025600451 -0.001416668 0.999991637 -0.003836423 -0.025606047 0.003798894 0.999664893 -0.030251793 -0.010472452 -0.342920992
0.000000000 0.780026198 1.386713505 0.500000000 0.500000000 0.000000000 0.000000000 0.999662728 0.001533523 0.025924467 -0.001434545 0.999991613 -0.003836128 -0.025930132 0.003797644 0.999656544 -0.030406713 -0.010079167 -0.345614550
0.000000000 0.780026198 1.386713505 0.500000000 0.500000000 0.000000000 0.000000000 0.999654244 0.001552617 0.026248480 -0.001452421 0.999991588 -0.003835844 -0.026254215 0.003796394 0.999648090 -0.030563370 -0.009685880 -0.348308045
0.000000000 0.780026198 1.386713505 0.500000000 0.500000000 0.000000000 0.000000000 0.999645653 0.001571710 0.026572491 -0.001470297 0.999991563 -0.003835572 -0.026578295 0.003795144 0.999639531 -0.030721762 -0.009292591 -0.351001484
0.000000000 0.780026198 1.386713505 0.500000000 0.500000000 0.000000000 0.000000000 0.999636958 0.001590802 0.026896498 -0.001488173 0.999991538 -0.003835312 -0.026902372 0.003793893 0.999630866 -0.030881889 -0.008899301 -0.353694848
0.000000000 0.780026198 1.386713505 0.500000000 0.500000000 0.000000000 0.000000000 0.999628157 0.001609894 0.027220503 -0.001506048 0.999991512 -0.003835063 -0.027226446 0.003792642 0.999622097 -0.031043753 -0.008506009 -0.356388155
0.000000000 0.780026198 1.386713505 0.500000000 0.500000000 0.000000000 0.000000000 0.999619251 0.001628984 0.027544505 -0.001523922 0.999991486 -0.003834826 -0.027550518 0.003791390 0.999613222 -0.031207351 -0.008112715 -0.359081384
0.000000000 0.780026198 1.386713505 0.500000000 0.500000000 0.000000000 0.000000000 0.999609382 0.001637517 0.027899861 -0.001531362 0.999991509 -0.003825801 -0.027905889 0.003781582 0.999603402 -0.031573991 -0.008557920 -0.361980552
0.000000000 0.780026198 1.386713505 0.500000000 0.500000000 0.000000000 0.000000000 0.999599386 0.001646043 0.028255213 -0.001538801 0.999991532 -0.003816782 -0.028261257 0.003771774 0.999593455 -0.031942703 -0.009003173 -0.364879485
0.000000000 0.780026198 1.386713505 0.500000000 0.500000000 0.000000000 0.000000000 0.999589265 0.001654561 0.028610563 -0.001546240 0.999991555 -0.003807768 -0.028616622 0.003761965 0.999583382 -0.032313486 -0.009448476 -0.367778194
0.000000000 0.780026198 1.386713505 0.500000000 0.500000000 0.000000000 0.000000000 0.999579017 0.001663073 0.028965909 -0.001553679 0.999991578 -0.003798759 -0.028971982 0.003752156 0.999573182 -0.032686341 -0.009893826 -0.370676686
0.000000000 0.780026198 1.386713505 0.500000000 0.500000000 0.000000000 0.000000000 0.999568642 0.001671578 0.029321251 -0.001561117 0.999991600 -0.003789755 -0.029327339 0.003742346 0.999562855 -0.033061267 -0.010339224 -0.373574942
0.000000000 0.780026198 1.386713505 0.500000000 0.500000000 0.000000000 0.000000000 0.999558141 0.001680076 0.029676590 -0.001568555 0.999991623 -0.003780757 -0.029682694 0.003732537 0.999552403 -0.033438264 -0.010784670 -0.376472969
0.000000000 0.780026198 1.386713505 0.500000000 0.500000000 0.000000000 0.000000000 0.999547514 0.001688567 0.030031925 -0.001575992 0.999991645 -0.003771764 -0.030038043 0.003722727 0.999541824 -0.033817333 -0.011230165 -0.379370767
0.000000000 0.780026198 1.386713505 0.500000000 0.500000000 0.000000000 0.000000000 0.999536760 0.001697051 0.030387256 -0.001583429 0.999991667 -0.003762776 -0.030393389 0.003712917 0.999531118 -0.034198473 -0.011675708 -0.382268344
0.000000000 0.780026198 1.386713505 0.500000000 0.500000000 0.000000000 0.000000000 0.999525880 0.001705528 0.030742585 -0.001590866 0.999991689 -0.003753793 -0.030748732 0.003703106 0.999520286 -0.034581683 -0.012121299 -0.385165680
0.000000000 0.780026198 1.386713505 0.500000000 0.500000000 0.000000000 0.000000000 0.999514873 0.001713998 0.031097909 -0.001598303 0.999991711 -0.003744816 -0.031104069 0.003693296 0.999509328 -0.034966965 -0.012566937 -0.388062783
0.000000000 0.780026198 1.386713505 0.500000000 0.500000000 0.000000000 0.000000000 0.999503741 0.001722461 0.031453229 -0.001605739 0.999991733 -0.003735844 -0.031459403 0.003683485 0.999498243 -0.035354318 -0.013012624 -0.390959662
0.000000000 0.780026198 1.386713505 0.500000000 0.500000000 0.000000000 0.000000000 0.999492481 0.001730917 0.031808546 -0.001613175 0.999991754 -0.003726878 -0.031814735 0.003673674 0.999487032 -0.035743740 -0.013458359 -0.393856297
0.000000000 0.780026198 1.386713505 0.500000000 0.500000000 0.000000000 0.000000000 0.999480567 0.001735926 0.032180465 -0.001617060 0.999991776 -0.003719398 -0.032186657 0.003665428 0.999475154 -0.036498128 -0.013598693 -0.396577054
0.000000000 0.780026198 1.386713505 0.500000000 0.500000000 0.000000000 0.000000000 0.999468515 0.001740929 0.032552380 -0.001620944 0.999991797 -0.003711921 -0.032558575 0.003657183 0.999463138 -0.037254547 -0.013739063 -0.399297302
0.000000000 0.780026198 1.386713505 0.500000000 0.500000000 0.000000000 0.000000000 0.999456324 0.001745926 0.032924290 -0.001624828 0.999991818 -0.003704448 -0.032930488 0.003648937 0.999450983 -0.038012995 -0.013879469 -0.402017039
0.000000000 0.780026198 1.386713505 0.500000000 0.500000000 0.000000000 0.000000000 0.999443994 0.001750916 0.033296196 -0.001628712 0.999991840 -0.003696977 -0.033302397 0.003640691 0.999438690 -0.038773475 -0.014019910 -0.404736264
0.000000000 0.780026198 1.386713505 0.500000000 0.500000000 0.000000000 0.000000000 0.999431526 0.001755901 0.033668097 -0.001632596 0.999991861 -0.003689509 -0.033674302 0.003632445 0.999426259 -0.039535984 -0.014160387 -0.407454977
0.000000000 0.780026198 1.386713505 0.500000000 0.500000000 0.000000000 0.000000000 0.999418920 0.001760880 0.034039994 -0.001636479 0.999991882 -0.003682043 -0.034046201 0.003624198 0.999413689 -0.040300522 -0.014300901 -0.410173176
0.000000000 0.780026198 1.386713505 0.500000000 0.500000000 0.000000000 0.000000000 0.999406176 0.001765852 0.034411886 -0.001640363 0.999991903 -0.003674581 -0.034418096 0.003615951 0.999400980 -0.041067091 -0.014441450 -0.412890860
0.000000000 0.780026198 1.386713505 0.500000000 0.500000000 0.000000000 0.000000000 0.999393293 0.001770818 0.034783773 -0.001644245 0.999991924 -0.003667122 -0.034789986 0.003607704 0.999388133 -0.041835689 -0.014582036 -0.415608028
0.000000000 0.780026198 1.386713505 0.500000000 0.500000000 0.000000000 0.000000000 0.999380271 0.001775778 0.035155656 -0.001648128 0.999991945 -0.003659665 -0.035161872 0.003599456 0.999375148 -0.042606315 -0.014722657 -0.418324678
0.000000000 0.780026198 1.386713505 0.500000000 0.500000000 0.000000000 0.000000000 0.999367111 0.001780732 0.035527534 -0.001652010 0.999991966 -0.003652212 -0.035533752 0.003591209 0.999362024 -0.043378970 -0.014863314 -0.421040810
0.000000000 0.780026198 1.386713505 0.500000000 0.500000000 0.000000000 0.000000000 0.999353813 0.001785680 0.035899407 -0.001655891 0.999991987 -0.003644761 -0.035905628 0.003582960 0.999348762 -0.044153654 -0.015004006 -0.423756422
0.000000000 0.780026198 1.386713505 0.500000000 0.500000000 0.000000000 0.000000000 0.999340377 0.001790622 0.036271275 -0.001659773 0.999992008 -0.003637313 -0.036277498 0.003574712 0.999335361 -0.044930364 -0.015144734 -0.426471514
0.000000000 0.780026198 1.386713505 0.500000000 0.500000000 0.000000000 0.000000000 0.999326718 0.001791587 0.036645616 -0.001659897 0.999992057 -0.003623715 -0.036651817 0.003560447 0.999321754 -0.045981884 -0.014881196 -0.429430150
0.000000000 0.780026198 1.386713505 0.500000000 0.500000000 0.000000000 0.000000000 0.999312919 0.001792542 0.037019952 -0.001660022 0.999992106 -0.003610116 -0.037026131 0.003546182 0.999308006 -0.047035628 -0.014617740 -0.432388075
0.000000000 0.780026198 1.386713505 0.500000000 0.500000000 0.000000000 0.000000000 0.999298980 0.001793486 0.037394282 -0.001660146 0.999992154 -0.003596518 -0.037400439 0.003531917 0.999294117 -0.048091594 -0.014354366 -0.435345268
0.000000000 0.780026198 1.386713505 0.500000000 0.500000000 0.000000000 0.000000000 0.999284900 0.001794419 0.037768608 -0.001660270 0.999992203 -0.003582920 -0.037774743 0.003517652 0.999280088 -0.049149782 -0.014091073 -0.438301747
0.000000000 0.780026198 1.386713505 0.500000000 0.500000000 0.000000000 0.000000000 0.999270681 0.001795341 0.038142928 -0.001660394 0.999992251 -0.003569322 -0.038149041 0.003503386 0.999265919 -0.050210191 -0.013827861 -0.441257491
