0.000000000 0.730826795 1.299247980 0.500000000 0.500000000 0.000000000 0.000000000 0.999999998 0.000052039 -0.000042500 -0.000052042 0.999999997 -0.000056514 0.000042497 0.000056516 0.999999997 0.000257373 0.000132741 -0.000442295
0.000000000 0.730826795 1.299247980 0.500000000 0.500000000 0.000000000 0.000000000 0.999999632 0.000093432 -0.000852755 -0.000093463 0.999999995 -0.000036015 0.000852752 0.000036095 0.999999636 -0.000445597 0.000499127 -0.003618285
0.000000000 0.730826795 1.299247980 0.500000000 0.500000000 0.000000000 0.000000000 0.999998608 0.000134858 -0.001663009 -0.000134883 0.999999991 -0.000015449 0.001663007 0.000015673 0.999998617 -0.001143390 0.000865440 -0.006795428
0.000000000 0.730826795 1.299247980 0.500000000 0.500000000 0.000000000 0.000000000 0.999996926 0.000176316 -0.002473260 -0.000176304 0.999999984 0.000005184 0.002473261 -0.000004748 0.999996941 -0.001836003 0.001231681 -0.009973717
0.000000000 0.730826795 1.299247980 0.500000000 0.500000000 0.000000000 0.000000000 0.999994586 0.000217808 -0.003283507 -0.000217725 0.999999976 0.000025884 0.003283513 -0.000025169 0.999994609 -0.002523436 0.001597849 -0.013153146
0.000000000 0.730826795 1.299247980 0.500000000 0.500000000 0.000000000 0.000000000 0.999991587 0.000259333 -0.004093751 -0.000259145 0.999999965 0.000046652 0.004093763 -0.000045590 0.999991619 -0.003205686 0.001963942 -0.016333708
0.000000000 0.730826795 1.299247980 0.500000000 0.500000000 0.000000000 0.000000000 0.999987930 0.000300892 -0.004903990 -0.000300564 0.999999953 0.000067486 0.004904010 -0.000066011 0.999987973 -0.003882754 0.002329960 -0.019515398
0.000000000 0.730826795 1.299247980 0.500000000 0.500000000 0.000000000 0.000000000 0.999983615 0.000342483 -0.005714224 -0.000341983 0.999999938 0.000088388 0.005714254 -0.000086432 0.999983670 -0.004554637 0.002695904 -0.022698208
0.000000000 0.730826795 1.299247980 0.500000000 0.500000000 0.000000000 0.000000000 0.999978642 0.000384107 -0.006524453 -0.000383402 0.999999921 0.000109357 0.006524495 -0.000106853 0.999978710 -0.005221333 0.003061771 -0.025882134
0.000000000 0.730826795 1.299247980 0.500000000 0.500000000 0.000000000 0.000000000 0.999973010 0.000425765 -0.007334676 -0.000424820 0.999999901 0.000130392 0.007334731 -0.000127273 0.999973092 -0.005882843 0.003427561 -0.029067169
0.000000000 0.730826795 1.299247980 0.500000000 0.500000000 0.000000000 0.000000000 0.999966721 0.000467455 -0.008144892 -0.000466237 0.999999880 0.000151495 0.008144962 -0.000147693 0.999966818 -0.006539163 0.003793275 -0.032253305
0.000000000 0.730826795 1.299247980 0.500000000 0.500000000 0.000000000 0.000000000 0.999960860 0.000529827 -0.008831647 -0.000528246 0.999999844 0.000181340 0.008831742 -0.000176668 0.999960984 -0.007055173 0.003749274 -0.035438618
0.000000000 0.730826795 1.299247980 0.500000000 0.500000000 0.000000000 0.000000000 0.999954524 0.000592239 -0.009518395 -0.000590255 0.999999803 0.000211270 0.009518518 -0.000205642 0.999954677 -0.007566816 0.003705152 -0.038624652
0.000000000 0.730826795 1.299247980 0.500000000 0.500000000 0.000000000 0.000000000 0.999947712 0.000654691 -0.010205134 -0.000652263 0.999999758 0.000241285 0.010205290 -0.000234616 0.999947897 -0.008074091 0.003660906 -0.041811402
0.000000000 0.730826795 1.299247980 0.500000000 0.500000000 0.000000000 0.000000000 0.999940425 0.000717183 -0.010891864 -0.000714270 0.999999708 0.000271386 0.010892056 -0.000263590 0.999940645 -0.008576997 0.003616535 -0.044998863
0.000000000 0.730826795 1.299247980 0.500000000 0.500000000 0.000000000 0.000000000 0.999932662 0.000779715 -0.011578586 -0.000776275 0.999999653 0.000301571 0.011578817 -0.000292563 0.999932920 -0.009075535 0.003572040 -0.048187030
0.000000000 0.730826795 1.299247980 0.500000000 0.500000000 0.000000000 0.000000000 0.999924424 0.000842286 -0.012265299 -0.000838279 0.999999594 0.000331842 0.012265573 -0.000321535 0.999924723 -0.009569703 0.003527418 -0.051375900
0.000000000 0.730826795 1.299247980 0.500000000 0.500000000 0.000000000 0.000000000 0.999915710 0.000904897 -0.012952002 -0.000900281 0.999999529 0.000362198 0.012952324 -0.000350507 0.999916054 -0.010059500 0.003482670 -0.054565468
0.000000000 0.730826795 1.299247980 0.500000000 0.500000000 0.000000000 0.000000000 0.999906521 0.000967548 -0.013638696 -0.000962282 0.999999460 0.000392639 0.013639068 -0.000379478 0.999906912 -0.010544926 0.003437795 -0.057755728
0.000000000 0.730826795 1.299247980 0.500000000 0.500000000 0.000000000 0.000000000 0.999896856 0.001030239 -0.014325379 -0.001024282 0.999999386 0.000423165 0.014325806 -0.000408448 0.999897297 -0.011025981 0.003392791 -0.060946677
0.000000000 0.730826795 1.299247980 0.500000000 0.500000000 0.000000000 0.000000000 0.999886715 0.001092969 -0.015012051 -0.001086279 0.999999307 0.000453777 0.015012537 -0.000437418 0.999887210 -0.011502663 0.003347658 -0.064138311
0.000000000 0.730826795 1.299247980 0.500000000 0.500000000 0.000000000 0.000000000 0.999872206 0.001183382 -0.015942720 -0.001176262 0.999999204 0.000455950 0.015943246 -0.000437139 0.999872803 -0.012158896 0.003153791 -0.067088877
0.000000000 0.730826795 1.299247980 0.500000000 0.500000000 0.000000000 0.000000000 0.999856823 0.001273793 -0.016873375 -0.001266241 0.999999093 0.000458290 0.016873943 -0.000436859 0.999857529 -0.012809680 0.002960037 -0.070040719
0.000000000 0.730826795 1.299247980 0.500000000 0.500000000 0.000000000 0.000000000 0.999840565 0.001364205 -0.017804014 -0.001356215 0.999998974 0.000460798 0.017804624 -0.000436578 0.999841390 -0.013455014 0.002766394 -0.072993828
0.000000000 0.730826795 1.299247980 0.500000000 0.500000000 0.000000000 0.000000000 0.999823433 0.001454616 -0.018734638 -0.001446186 0.999998847 0.000463473 0.018735291 -0.000436298 0.999824384 -0.014094895 0.002572861 -0.075948196
0.000000000 0.730826795 1.299247980 0.500000000 0.500000000 0.000000000 0.000000000 0.999805427 0.001545026 -0.019665245 -0.001536152 0.999998711 0.000466316 0.019665940 -0.000436017 0.999806512 -0.014729323 0.002379436 -0.078903816
0.000000000 0.730826795 1.299247980 0.500000000 0.500000000 0.000000000 0.000000000 0.999786546 0.001635436 -0.020595835 -0.001626114 0.999998568 0.000469327 0.020596573 -0.000435735 0.999787773 -0.015358295 0.002186118 -0.081860681
0.000000000 0.730826795 1.299247980 0.500000000 0.500000000 0.000000000 0.000000000 0.999766790 0.001725845 -0.021526407 -0.001716071 0.999998416 0.000472504 0.021527188 -0.000435453 0.999768168 -0.015981808 0.001992906 -0.084818782
0.000000000 0.730826795 1.299247980 0.500000000 0.500000000 0.000000000 0.000000000 0.999746161 0.001816253 -0.022456960 -0.001806023 0.999998256 0.000475850 0.022457785 -0.000435171 0.999747697 -0.016599863 0.001799798 -0.087778113
0.000000000 0.730826795 1.299247980 0.500000000 0.500000000 0.000000000 0.000000000 0.999724657 0.001906662 -0.023387492 -0.001895969 0.999998088 0.000479363 0.023388361 -0.000434889 0.999726360 -0.017212457 0.001606792 -0.090738664
0.000000000 0.730826795 1.299247980 0.500000000 0.500000000 0.000000000 0.000000000 0.999702279 0.001997069 -0.024318004 -0.001985910 0.999997911 0.000483043 0.024318918 -0.000434606 0.999704157 -0.017819588 0.001413887 -0.093700429
0.000000000 0.730826795 1.299247980 0.500000000 0.500000000 0.000000000 0.000000000 0.999666001 0.002076185 -0.025759979 -0.002064370 0.999997751 0.000485221 0.025760929 -0.000431881 0.999668039 -0.018317587 0.001738907 -0.096896139
0.000000000 0.730826795 1.299247980 0.500000000 0.500000000 0.000000000 0.000000000 0.999627636 0.002155292 -0.027201900 -0.002142820 0.999997585 0.000487625 0.027202885 -0.000429155 0.999629841 -0.018806351 0.002064004 -0.100093474
0.000000000 0.730826795 1.299247980 0.500000000 0.500000000 0.000000000 0.000000000 0.999587186 0.002234392 -0.028643764 -0.002221260 0.999997413 0.000490256 0.028644785 -0.000426428 0.999589563 -0.019285875 0.002389173 -0.103292416
0.000000000 0.730826795 1.299247980 0.500000000 0.500000000 0.000000000 0.000000000 0.999544650 0.002313483 -0.030085568 -0.002299689 0.999997234 0.000493113 0.030086626 -0.000423701 0.999547205 -0.019756159 0.002714415 -0.106492943
0.000000000 0.730826795 1.299247980 0.500000000 0.500000000 0.000000000 0.000000000 0.999500027 0.002392567 -0.031527310 -0.002378105 0.999997049 0.000496196 0.031528404 -0.000420973 0.999502768 -0.020217198 0.003039725 -0.109695036
0.000000000 0.730826795 1.299247980 0.500000000 0.500000000 0.000000000 0.000000000 0.999453319 0.002471643 -0.032968985 -0.002456510 0.999996858 0.000499506 0.032970116 -0.000418244 0.999456250 -0.020668987 0.003365102 -0.112898675
0.000000000 0.730826795 1.299247980 0.500000000 0.500000000 0.000000000 0.000000000 0.999404525 0.002550711 -0.034410592 -0.002534902 0.999996661 0.000503042 0.034411760 -0.000415515 0.999407654 -0.021111524 0.003690544 -0.116103840
0.000000000 0.730826795 1.299247980 0.500000000 0.500000000 0.000000000 0.000000000 0.999353646 0.002629772 -0.035852126 -0.002613282 0.999996457 0.000506804 0.035853332 -0.000412785 0.999356977 -0.021544805 0.004016048 -0.119310512
0.000000000 0.730826795 1.299247980 0.500000000 0.500000000 0.000000000 0.000000000 0.999300681 0.002708824 -0.037293586 -0.002691647 0.999996247 0.000510793 0.037294830 -0.000410055 0.999304222 -0.021968826 0.004341613 -0.122518670
0.000000000 0.730826795 1.299247980 0.500000000 0.500000000 0.000000000 0.000000000 0.999245631 0.002787869 -0.038734967 -0.002769999 0.999996031 0.000515008 0.038736249 -0.000407324 0.999249387 -0.022383586 0.004667236 -0.125728294
0.000000000 0.730826795 1.299247980 0.500000000 0.500000000 0.000000000 0.000000000 0.999199745 0.002819467 -0.039898866 -0.002801204 0.999995945 0.000513618 0.039900152 -0.000401443 0.999203591 -0.022605253 0.004498042 -0.129236009
0.000000000 0.730826795 1.299247980 0.500000000 0.500000000 0.000000000 0.000000000 0.999152503 0.002851051 -0.041062712 -0.002832403 0.999995858 0.000512302 0.041064003 -0.000395561 0.999156440 -0.022818787 0.004328880 -0.132744407
0.000000000 0.730826795 1.299247980 0.500000000 0.500000000 0.000000000 0.000000000 0.999103905 0.002882621 -0.042226501 -0.002863595 0.999995769 0.000511058 0.042227796 -0.000389680 0.999107933 -0.023024190 0.004159748 -0.136253484
0.000000000 0.730826795 1.299247980 0.500000000 0.500000000 0.000000000 0.000000000 0.999053950 0.002914178 -0.043390234 -0.002894780 0.999995680 0.000509886 0.043391532 -0.000383799 0.999058070 -0.023221459 0.003990646 -0.139763206
0.000000000 0.730826795 1.299247980 0.500000000 0.500000000 0.000000000 0.000000000 0.999002639 0.002945721 -0.044553907 -0.002925958 0.999995590 0.000508788 0.044555209 -0.000377918 0.999006852 -0.023410592 0.003821573 -0.143273570
0.000000000 0.730826795 1.299247980 0.500000000 0.500000000 0.000000000 0.000000000 0.998949971 0.002977250 -0.045717520 -0.002957128 0.999995499 0.000507762 0.045718826 -0.000372037 0.998954279 -0.023591590 0.003652529 -0.146784569
0.000000000 0.730826795 1.299247980 0.500000000 0.500000000 0.000000000 0.000000000 0.998895947 0.003008766 -0.046881071 -0.002988292 0.999995407 0.000506809 0.046882381 -0.000366156 0.998900350 -0.023764450 0.003483512 -0.150296172
0.000000000 0.730826795 1.299247980 0.500000000 0.500000000 0.000000000 0.000000000 0.998840566 0.003040268 -0.048044559 -0.003019447 0.999995313 0.000505929 0.048045872 -0.000360275 0.998845065 -0.023929170 0.003314522 -0.153808382
0.000000000 0.730826795 1.299247980 0.500000000 0.500000000 0.000000000 0.000000000 0.998783830 0.003071756 -0.049207981 -0.003050596 0.999995219 0.000505122 0.049209298 -0.000354394 0.998788426 -0.024085752 0.003145559 -0.157321166
0.000000000 0.730826795 1.299247980 0.500000000 0.500000000 0.000000000 0.000000000 0.998725737 0.003103231 -0.050371337 -0.003081736 0.999995124 0.000504388 0.050372657 -0.000348514 0.998730431 -0.024234193 0.002976620 -0.160834521
0.000000000 0.730826795 1.299247980 0.500000000 0.500000000 0.000000000 0.000000000 0.998681860 0.003154603 -0.051230772 -0.003131881 0.999994958 0.000523797 0.051232166 -0.000362658 0.998686704 -0.024098820 0.003221861 -0.164124983
0.000000000 0.730826795 1.299247980 0.500000000 0.500000000 0.000000000 0.000000000 0.998637240 0.003206000 -0.052090166 -0.003182019 0.999994790 0.000543294 0.052091636 -0.000376801 0.998642238 -0.023957775 0.003466978 -0.167415328
0.000000000 0.730826795 1.299247980 0.500000000 0.500000000 0.000000000 0.000000000 0.998591877 0.003257421 -0.052949521 -0.003232151 0.999994618 0.000562876 0.052951070 -0.000390943 0.998597032 -0.023811061 0.003711970 -0.170705558
0.000000000 0.730826795 1.299247980 0.500000000 0.500000000 0.000000000 0.000000000 0.998545773 0.003308866 -0.053808834 -0.003282275 0.999994444 0.000582545 0.053810462 -0.000405083 0.998551085 -0.023658677 0.003956835 -0.173995676
0.000000000 0.730826795 1.299247980 0.500000000 0.500000000 0.000000000 0.000000000 0.998498927 0.003360336 -0.054668105 -0.003332393 0.999994266 0.000602300 0.054669816 -0.000419221 0.998504399 -0.023500622 0.004201575 -0.177285654
0.000000000 0.730826795 1.299247980 0.500000000 0.500000000 0.000000000 0.000000000 0.998451338 0.003411830 -0.055527334 -0.003382503 0.999994086 0.000622142 0.055529128 -0.000433357 0.998456974 -0.023336898 0.004446186 -0.180575495
0.000000000 0.730826795 1.299247980 0.500000000 0.500000000 0.000000000 0.000000000 0.998403008 0.003463349 -0.056386521 -0.003432605 0.999993902 0.000642070 0.056388401 -0.000447492 0.998408808 -0.023167504 0.004690669 -0.183865191
0.000000000 0.730826795 1.299247980 0.500000000 0.500000000 0.000000000 0.000000000 0.998353935 0.003514892 -0.057245663 -0.003482701 0.999993716 0.000662085 0.057247630 -0.000461626 0.998359903 -0.022992440 0.004935023 -0.187154747
0.000000000 0.730826795 1.299247980 0.500000000 0.500000000 0.000000000 0.000000000 0.998304121 0.003566459 -0.058104761 -0.003532789 0.999993527 0.000682186 0.058106818 -0.000475757 0.998310258 -0.022811706 0.005179246 -0.190444133
0.000000000 0.730826795 1.299247980 0.500000000 0.500000000 0.000000000 0.000000000 0.998253564 0.003618050 -0.058963815 -0.003582869 0.999993335 0.000702373 0.058965963 -0.000489887 0.998259874 -0.022625304 0.005423338 -0.193733354
0.000000000 0.730826795 1.299247980 0.500000000 0.500000000 0.000000000 0.000000000 0.998216304 0.003672747 -0.059587936 -0.003635728 0.999993125 0.000729653 0.059590206 -0.000511706 0.998222794 -0.022366526 0.005628167 -0.197024966
0.000000000 0.730826795 1.299247980 0.500000000 0.500000000 0.000000000 0.000000000 0.998178650 0.003727471 -0.060212032 -0.003688582 0.999992911 0.000756999 0.060214427 -0.000533523 0.998185323 -0.022103620 0.005832809 -0.200316339
0.000000000 0.730826795 1.299247980 0.500000000 0.500000000 0.000000000 0.000000000 0.998140603 0.003782222 -0.060836101 -0.003741430 0.999992693 0.000784411 0.060838624 -0.000555338 0.998147461 -0.021836584 0.006037264 -0.203607469
0.000000000 0.730826795 1.299247980 0.500000000 0.500000000 0.000000000 0.000000000 0.998102163 0.003837000 -0.061460145 -0.003794273 0.999992472 0.000811889 0.061462797 -0.000577152 0.998109208 -0.021565418 0.006241532 -0.206898353
0.000000000 0.730826795 1.299247980 0.500000000 0.500000000 0.000000000 0.000000000 0.998063330 0.003891806 -0.062084161 -0.003847111 0.999992248 0.000839434 0.062086947 -0.000598963 0.998070565 -0.021290124 0.006445612 -0.210188986
0.000000000 0.730826795 1.299247980 0.500000000 0.500000000 0.000000000 0.000000000 0.998024104 0.003946639 -0.062708150 -0.003899943 0.999992019 0.000867044 0.062711071 -0.000620773 0.998031531 -0.021010701 0.006649503 -0.213479365
0.000000000 0.730826795 1.299247980 0.500000000 0.500000000 0.000000000 0.000000000 0.997984485 0.004001499 -0.063332112 -0.003952769 0.999991788 0.000894721 0.063335172 -0.000642581 0.997992106 -0.020727150 0.006853204 -0.216769486
0.000000000 0.730826795 1.299247980 0.500000000 0.500000000 0.000000000 0.000000000 0.997944472 0.004056387 -0.063956047 -0.004005589 0.999991552 0.000922464 0.063959248 -0.000664386 0.997952290 -0.020439471 0.007056716 -0.220059335
0.000000000 0.730826795 1.299247980 0.500000000 0.500000000 0.000000000 0.000000000 0.997904067 0.004111302 -0.064579952 -0.004058404 0.999991313 0.000950273 0.064583298 -0.000686190 0.997912084 -0.020147664 0.007260037 -0.223348928
0.000000000 0.730826795 1.299247980 0.500000000 0.500000000 0.000000000 0.000000000 0.997863269 0.004166244 -0.065203831 -0.004111212 0.999991071 0.000978149 0.065207324 -0.000707992 0.997871487 -0.019851728 0.007463166 -0.226638251
0.000000000 0.730826795 1.299247980 0.500000000 0.500000000 0.000000000 0.000000000 0.997833907 0.004228418 -0.065647658 -0.004174112 0.999990823 0.000964361 0.065651133 -0.000688251 0.997842400 -0.019835695 0.007292385 -0.229529402
0.000000000 0.730826795 1.299247980 0.500000000 0.500000000 0.000000000 0.000000000 0.997804344 0.004290574 -0.066091474 -0.004237008 0.999990572 0.000950628 0.066094930 -0.000668511 0.997813115 -0.019817115 0.007121704 -0.232420579
0.000000000 0.730826795 1.299247980 0.500000000 0.500000000 0.000000000 0.000000000 0.997774579 0.004352712 -0.066535279 -0.004299899 0.999990316 0.000936952 0.066538713 -0.000648772 0.997783633 -0.019795988 0.006951123 -0.235311802
0.000000000 0.730826795 1.299247980 0.500000000 0.500000000 0.000000000 0.000000000 0.997744613 0.004414834 -0.066979072 -0.004362786 0.999990057 0.000923332 0.066982483 -0.000629034 0.997753953 -0.019772314 0.006780642 -0.238203047
0.000000000 0.730826795 1.299247980 0.500000000 0.500000000 0.000000000 0.000000000 0.997714446 0.004476937 -0.067422855 -0.004425667 0.999989793 0.000909768 0.067426240 -0.000609297 0.997724076 -0.019746092 0.006610260 -0.241094334
0.000000000 0.730826795 1.299247980 0.500000000 0.500000000 0.000000000 0.000000000 0.997684077 0.004539023 -0.067866626 -0.004488544 0.999989525 0.000896260 0.067869983 -0.000589562 0.997694000 -0.019717323 0.006439977 -0.243985641
0.000000000 0.730826795 1.299247980 0.500000000 0.500000000 0.000000000 0.000000000 0.997653508 0.004601091 -0.068310386 -0.004551417 0.999989253 0.000882808 0.068313714 -0.000569827 0.997663727 -0.019686007 0.006269791 -0.246876986
0.000000000 0.730826795 1.299247980 0.500000000 0.500000000 0.000000000 0.000000000 0.997622736 0.004663142 -0.068754134 -0.004614284 0.999988976 0.000869411 0.068757430 -0.000550093 0.997633256 -0.019652144 0.006099704 -0.249768347
0.000000000 0.730826795 1.299247980 0.500000000 0.500000000 0.000000000 0.000000000 0.997591764 0.004725175 -0.069197871 -0.004677147 0.999988696 0.000856071 0.069201134 -0.000530361 0.997602587 -0.019615731 0.005929713 -0.252659743
0.000000000 0.730826795 1.299247980 0.500000000 0.500000000 0.000000000 0.000000000 0.997560590 0.004787191 -0.069641595 -0.004740005 0.999988411 0.000842787 0.069644823 -0.000510630 0.997571721 -0.019576774 0.005759820 -0.255551152
