0.000000000 0.264054805 0.469430685 0.500000000 0.500000000 0.000000000 0.000000000 0.999999993 -0.000094385 0.000068641 0.000094380 0.999999993 0.000076606 -0.000068648 -0.000076599 0.999999995 -0.000370156 -0.000170581 -0.000045760
0.000000000 0.264054805 0.469430685 0.500000000 0.500000000 0.000000000 0.000000000 0.999994718 -0.003236236 0.000302278 0.003236447 0.999994518 -0.000700057 -0.000300011 0.000701031 0.999999709 -0.000172892 -0.000466278 -0.001301439
0.000000000 0.264054805 0.469430685 0.500000000 0.500000000 0.000000000 0.000000000 0.999979516 -0.006377691 0.000540795 0.006378482 0.999978569 -0.001475242 -0.000531374 0.001478661 0.999998766 0.000025631 -0.000758784 -0.002557668
0.000000000 0.264054805 0.469430685 0.500000000 0.500000000 0.000000000 0.000000000 0.999954389 -0.009518711 0.000784182 0.009520454 0.999952151 -0.002248927 -0.000762738 0.002256290 0.999997164 0.000225388 -0.001048097 -0.003814442
0.000000000 0.264054805 0.469430685 0.500000000 0.500000000 0.000000000 0.000000000 0.999919335 -0.012659262 0.001032433 0.012662329 0.999915266 -0.003021088 -0.000994101 0.003033917 0.999994904 0.000426355 -0.001334212 -0.005071761
0.000000000 0.264054805 0.469430685 0.500000000 0.500000000 0.000000000 0.000000000 0.999874357 -0.015799304 0.001285540 0.015804077 0.999867918 -0.003791702 -0.001225464 0.003811542 0.999991985 0.000628507 -0.001617127 -0.006329621
0.000000000 0.264054805 0.469430685 0.500000000 0.500000000 0.000000000 0.000000000 0.999829848 -0.018357050 0.001815057 0.018365385 0.999820353 -0.004687590 -0.001728681 0.004720127 0.999987366 0.000827040 -0.001646028 -0.008009021
0.000000000 0.264054805 0.469430685 0.500000000 0.500000000 0.000000000 0.000000000 0.999778524 -0.020913724 0.002349163 0.020926563 0.999765439 -0.005580781 -0.002231897 0.005628705 0.999981668 0.001023971 -0.001670909 -0.009688683
0.000000000 0.264054805 0.469430685 0.500000000 0.500000000 0.000000000 0.000000000 0.999720387 -0.023469304 0.002887847 0.023487593 0.999703184 -0.006471255 -0.002735113 0.006537275 0.999974891 0.001219272 -0.001691783 -0.011368601
0.000000000 0.264054805 0.469430685 0.500000000 0.500000000 0.000000000 0.000000000 0.999655436 -0.026023767 0.003431095 0.026048457 0.999633594 -0.007358996 -0.003238329 0.007445835 0.999967036 0.001412916 -0.001708663 -0.013048771
0.000000000 0.264054805 0.469430685 0.500000000 0.500000000 0.000000000 0.000000000 0.999583673 -0.028577090 0.003978896 0.028609134 0.999556679 -0.008243984 -0.003741543 0.008354384 0.999958102 0.001604876 -0.001721561 -0.014729186
0.000000000 0.264054805 0.469430685 0.500000000 0.500000000 0.000000000 0.000000000 0.999523586 -0.030512163 0.004648533 0.030554026 0.999490612 -0.009217802 -0.004364910 0.009355442 0.999946710 0.001854353 -0.001789207 -0.016357312
0.000000000 0.264054805 0.469430685 0.500000000 0.500000000 0.000000000 0.000000000 0.999459327 -0.032445807 0.005321953 0.032498780 0.999419838 -0.010189032 -0.004988275 0.010356480 0.999933928 0.002101964 -0.001852702 -0.017985917
0.000000000 0.264054805 0.469430685 0.500000000 0.500000000 0.000000000 0.000000000 0.999390896 -0.034378010 0.005999149 0.034443386 0.999344365 -0.011157664 -0.005611637 0.011357499 0.999919755 0.002347687 -0.001912057 -0.019614994
0.000000000 0.264054805 0.469430685 0.500000000 0.500000000 0.000000000 0.000000000 0.999318293 -0.036308758 0.006680109 0.036387835 0.999264200 -0.012123684 -0.006234998 0.012358494 0.999904192 0.002591499 -0.001967284 -0.021244538
0.000000000 0.264054805 0.469430685 0.500000000 0.500000000 0.000000000 0.000000000 0.999241518 -0.038238039 0.007364824 0.038332117 0.999179352 -0.013087081 -0.006858356 0.013359464 0.999887237 0.002833379 -0.002018395 -0.022874539
0.000000000 0.264054805 0.469430685 0.500000000 0.500000000 0.000000000 0.000000000 0.999183153 -0.039572450 0.008188302 0.039685218 0.999112731 -0.014100864 -0.007623031 0.014414300 0.999867050 0.002964392 -0.002143727 -0.024559743
0.000000000 0.264054805 0.469430685 0.500000000 0.500000000 0.000000000 0.000000000 0.999122371 -0.040905095 0.009014500 0.041038207 0.999043282 -0.015112422 -0.008387701 0.015469098 0.999845165 0.003093027 -0.002265270 -0.026245456
0.000000000 0.264054805 0.469430685 0.500000000 0.500000000 0.000000000 0.000000000 0.999059173 -0.042235965 0.009843413 0.042391080 0.998971013 -0.016121751 -0.009152366 0.016523856 0.999821582 0.003219269 -0.002383033 -0.027931667
0.000000000 0.264054805 0.469430685 0.500000000 0.500000000 0.000000000 0.000000000 0.998993558 -0.043565053 0.010675031 0.043743831 0.998895930 -0.017128844 -0.009917026 0.017578572 0.999796302 0.003343103 -0.002497026 -0.029618367
0.000000000 0.264054805 0.469430685 0.500000000 0.500000000 0.000000000 0.000000000 0.998925528 -0.044892355 0.011509348 0.045096456 0.998818041 -0.018133695 -0.010681680 0.018633241 0.999769325 0.003464513 -0.002607260 -0.031305550
0.000000000 0.264054805 0.469430685 0.500000000 0.500000000 0.000000000 0.000000000 0.998875818 -0.045743384 0.012435551 0.045978101 0.998756108 -0.019293825 -0.011537518 0.019843898 0.999736518 0.003560565 -0.002562226 -0.033012859
0.000000000 0.264054805 0.469430685 0.500000000 0.500000000 0.000000000 0.000000000 0.998824598 -0.046592201 0.013363744 0.046859661 0.998692082 -0.020452308 -0.012393348 0.021054489 0.999701512 0.003653431 -0.002513044 -0.034720307
0.000000000 0.264054805 0.469430685 0.500000000 0.500000000 0.000000000 0.000000000 0.998771868 -0.047438801 0.014293919 0.047741130 0.998625971 -0.021609138 -0.013249167 0.022265007 0.999664308 0.003743100 -0.002459723 -0.036427880
0.000000000 0.264054805 0.469430685 0.500000000 0.500000000 0.000000000 0.000000000 0.998717628 -0.048283179 0.015226071 0.048622507 0.998557779 -0.022764311 -0.014104978 0.023475448 0.999624906 0.003829560 -0.002402273 -0.038135568
0.000000000 0.264054805 0.469430685 0.500000000 0.500000000 0.000000000 0.000000000 0.998661880 -0.049125332 0.016160192 0.049503790 0.998487512 -0.023917823 -0.014960779 0.024685809 0.999583306 0.003912803 -0.002340700 -0.039843360
0.000000000 0.264054805 0.469430685 0.500000000 0.500000000 0.000000000 0.000000000 0.998627843 -0.049472017 0.017174134 0.049894759 0.998438350 -0.025127161 -0.015904222 0.025949582 0.999536730 0.003919077 -0.002372916 -0.041613071
0.000000000 0.264054805 0.469430685 0.500000000 0.500000000 0.000000000 0.000000000 0.998592764 -0.049816208 0.018188923 0.050285665 0.998387592 -0.026335672 -0.016847652 0.027213254 0.999487666 0.003921819 -0.002400840 -0.043382970
0.000000000 0.264054805 0.469430685 0.500000000 0.500000000 0.000000000 0.000000000 0.998556643 -0.050157906 0.019204554 0.050676507 0.998335242 -0.027543352 -0.017791066 0.028476817 0.999436115 0.003921022 -0.002424475 -0.045153044
0.000000000 0.264054805 0.469430685 0.500000000 0.500000000 0.000000000 0.000000000 0.998519480 -0.050497107 0.020221022 0.051067282 0.998281302 -0.028750200 -0.018734466 0.029740267 0.999382077 0.003916682 -0.002443826 -0.046923278
0.000000000 0.264054805 0.469430685 0.500000000 0.500000000 0.000000000 0.000000000 0.998481276 -0.050833810 0.021238318 0.051457990 0.998225776 -0.029956213 -0.019677848 0.031003599 0.999325552 0.003908792 -0.002458896 -0.048693661
0.000000000 0.264054805 0.469430685 0.500000000 0.500000000 0.000000000 0.000000000 0.998460416 -0.050798388 0.022278285 0.051480529 0.998186630 -0.031196248 -0.020653167 0.032295117 0.999264966 0.003859859 -0.002554239 -0.050425087
0.000000000 0.264054805 0.469430685 0.500000000 0.500000000 0.000000000 0.000000000 0.998438605 -0.050760361 0.023318173 0.051503018 0.998145948 -0.032436188 -0.021628467 0.033586498 0.999201760 0.003807324 -0.002645301 -0.052156771
0.000000000 0.264054805 0.469430685 0.500000000 0.500000000 0.000000000 0.000000000 0.998415844 -0.050719731 0.024357975 0.051525457 0.998103728 -0.033676030 -0.022603747 0.034877738 0.999135934 0.003751186 -0.002732081 -0.053888700
0.000000000 0.264054805 0.469430685 0.500000000 0.500000000 0.000000000 0.000000000 0.998392132 -0.050676498 0.025397686 0.051547846 0.998059972 -0.034915772 -0.023579005 0.036168828 0.999067488 0.003691443 -0.002814579 -0.055620859
0.000000000 0.264054805 0.469430685 0.500000000 0.500000000 0.000000000 0.000000000 0.998367470 -0.050630661 0.026437299 0.051570184 0.998014680 -0.036155413 -0.024554240 0.037459764 0.998996424 0.003628095 -0.002892796 -0.057353236
0.000000000 0.264054805 0.469430685 0.500000000 0.500000000 0.000000000 0.000000000 0.998353340 -0.050318889 0.027543005 0.051334902 0.997976600 -0.037515787 -0.025599522 0.038867928 0.998916387 0.003418632 -0.002756201 -0.059195103
0.000000000 0.264054805 0.469430685 0.500000000 0.500000000 0.000000000 0.000000000 0.998338064 -0.050004095 0.028647879 0.051099573 0.997936592 -0.038876612 -0.026644777 0.040275896 0.998833273 0.003205133 -0.002614523 -0.061036303
0.000000000 0.264054805 0.469430685 0.500000000 0.500000000 0.000000000 0.000000000 0.998321640 -0.049686283 0.029751912 0.050864199 0.997894657 -0.040237888 -0.027690003 0.041683661 0.998747083 0.002987604 -0.002467760 -0.062876818
0.000000000 0.264054805 0.469430685 0.500000000 0.500000000 0.000000000 0.000000000 0.998304069 -0.049365453 0.030855097 0.050628780 0.997850790 -0.041599611 -0.028735199 0.043091217 0.998657817 0.002766051 -0.002315908 -0.064716631
0.000000000 0.264054805 0.469430685 0.500000000 0.500000000 0.000000000 0.000000000 0.998285352 -0.049041608 0.031957425 0.050393316 0.997804991 -0.042961778 -0.029780363 0.044498555 0.998565475 0.002540478 -0.002158965 -0.066555727
0.000000000 0.264054805 0.469430685 0.500000000 0.500000000 0.000000000 0.000000000 0.998280588 -0.048397542 0.033068812 0.049843580 0.997769605 -0.044400824 -0.030846164 0.045972749 0.998466334 0.002202871 -0.001995891 -0.068376315
0.000000000 0.264054805 0.469430685 0.500000000 0.500000000 0.000000000 0.000000000 0.998274386 -0.047750282 0.034178375 0.049293808 0.997731789 -0.045841015 -0.031911930 0.047446693 0.998363882 0.001861316 -0.001827254 -0.070195885
0.000000000 0.264054805 0.469430685 0.500000000 0.500000000 0.000000000 0.000000000 0.998266746 -0.047099834 0.035286107 0.048744001 0.997691537 -0.047282347 -0.032977660 0.048920380 0.998258118 0.001515824 -0.001653049 -0.072014417
0.000000000 0.264054805 0.469430685 0.500000000 0.500000000 0.000000000 0.000000000 0.998257668 -0.046446204 0.036391998 0.048194165 0.997648844 -0.048724813 -0.034043352 0.050393801 0.998149045 0.001166408 -0.001473271 -0.073831893
0.000000000 0.264054805 0.469430685 0.500000000 0.500000000 0.000000000 0.000000000 0.998247153 -0.045789393 0.037496038 0.047644298 0.997603705 -0.050168411 -0.035109005 0.051866946 0.998036661 0.000813078 -0.001287913 -0.075648297
0.000000000 0.264054805 0.469430685 0.500000000 0.500000000 0.000000000 0.000000000 0.998245598 -0.044901126 0.038595541 0.046866816 0.997565860 -0.051631929 -0.036183262 0.053350196 0.997920101 0.000424750 -0.001178376 -0.077551498
0.000000000 0.264054805 0.469430685 0.500000000 0.500000000 0.000000000 0.000000000 0.998242283 -0.044009662 0.039692493 0.046089313 0.997525175 -0.053097079 -0.037257477 0.054833150 0.997800183 0.000032254 -0.001062742 -0.079453744
0.000000000 0.264054805 0.469430685 0.500000000 0.500000000 0.000000000 0.000000000 0.998237209 -0.043115004 0.040786886 0.045311790 0.997481643 -0.054563858 -0.038331649 0.056315800 0.997676909 -0.000364397 -0.000941002 -0.081355018
0.000000000 0.264054805 0.469430685 0.500000000 0.500000000 0.000000000 0.000000000 0.998230377 -0.042217161 0.041878708 0.044534252 0.997435254 -0.056032257 -0.039405777 0.057798138 0.997550279 -0.000765184 -0.000813147 -0.083255299
0.000000000 0.264054805 0.469430685 0.500000000 0.500000000 0.000000000 0.000000000 0.998221785 -0.041316138 0.042967949 0.043756701 0.997386003 -0.057502272 -0.040479859 0.059280156 0.997420295 -0.001170094 -0.000679165 -0.085154569
0.000000000 0.264054805 0.469430685 0.500000000 0.500000000 0.000000000 0.000000000 0.998217274 -0.040249116 0.044071329 0.042820512 0.997336398 -0.059046695 -0.041577364 0.060828588 0.997281909 -0.001686364 -0.000406112 -0.087142937
0.000000000 0.264054805 0.469430685 0.500000000 0.500000000 0.000000000 0.000000000 0.998210681 -0.039178726 0.045171493 0.041884319 0.997283400 -0.060593100 -0.042674820 0.062376657 0.997139916 -0.002206720 -0.000126045 -0.089129586
0.000000000 0.264054805 0.469430685 0.500000000 0.500000000 0.000000000 0.000000000 0.998202005 -0.038104977 0.046268426 0.040948125 0.997226999 -0.062141480 -0.043772224 0.063924355 0.996994318 -0.002731139 0.000161045 -0.091114495
0.000000000 0.264054805 0.469430685 0.500000000 0.500000000 0.000000000 0.000000000 0.998191247 -0.037027879 0.047362117 0.040011937 0.997167186 -0.063691826 -0.044869576 0.065471673 0.996845114 -0.003259597 0.000455171 -0.093097643
0.000000000 0.264054805 0.469430685 0.500000000 0.500000000 0.000000000 0.000000000 0.998178407 -0.035947439 0.048452553 0.039075758 0.997103951 -0.065244127 -0.045966873 0.067018599 0.996692307 -0.003792072 0.000756341 -0.095079010
0.000000000 0.264054805 0.469430685 0.500000000 0.500000000 0.000000000 0.000000000 0.998171279 -0.034691951 0.049503189 0.037968253 0.997040001 -0.066855431 -0.047037315 0.068612721 0.996533886 -0.004361391 0.001040049 -0.096904807
0.000000000 0.264054805 0.469430685 0.500000000 0.500000000 0.000000000 0.000000000 0.998161777 -0.033433144 0.050549899 0.036860769 0.996972057 -0.068468979 -0.048107703 0.070206426 0.996371771 -0.004934184 0.001330802 -0.098728790
0.000000000 0.264054805 0.469430685 0.500000000 0.500000000 0.000000000 0.000000000 0.998149899 -0.032171033 0.051592666 0.035753313 0.996900109 -0.070084759 -0.049178036 0.071799704 0.996205964 -0.005510424 0.001628611 -0.100550936
0.000000000 0.264054805 0.469430685 0.500000000 0.500000000 0.000000000 0.000000000 0.998135647 -0.030905624 0.052631481 0.034645887 0.996824145 -0.071702763 -0.050248313 0.073392548 0.996036466 -0.006090086 0.001933488 -0.102371225
0.000000000 0.264054805 0.469430685 0.500000000 0.500000000 0.000000000 0.000000000 0.998119020 -0.029636932 0.053666328 0.033538499 0.996744155 -0.073322977 -0.051318531 0.074984946 0.995863277 -0.006673143 0.002245444 -0.104189638
0.000000000 0.264054805 0.469430685 0.500000000 0.500000000 0.000000000 0.000000000 0.998101744 -0.028253954 0.054723151 0.032322093 0.996663957 -0.074941574 -0.052423197 0.076568082 0.995685260 -0.007403913 0.002590762 -0.106144083
0.000000000 0.264054805 0.469430685 0.500000000 0.500000000 0.000000000 0.000000000 0.998081764 -0.026867643 0.055775641 0.031105741 0.996579445 -0.076562668 -0.053527798 0.078150745 0.995503509 -0.008138329 0.002944078 -0.108096156
0.000000000 0.264054805 0.469430685 0.500000000 0.500000000 0.000000000 0.000000000 0.998059081 -0.025478009 0.056823782 0.029889448 0.996490608 -0.078186248 -0.054632335 0.079732926 0.995318024 -0.008876362 0.003305405 -0.110045846
0.000000000 0.264054805 0.469430685 0.500000000 0.500000000 0.000000000 0.000000000 0.998033694 -0.024085066 0.057867560 0.028673221 0.996397432 -0.079812301 -0.055736804 0.081314615 0.995128807 -0.009617977 0.003674757 -0.111993130
0.000000000 0.264054805 0.469430685 0.500000000 0.500000000 0.000000000 0.000000000 0.998005605 -0.022688827 0.058906962 0.027457067 0.996299906 -0.081440814 -0.056841204 0.082895801 0.994935859 -0.010363145 0.004052147 -0.113937997
0.000000000 0.264054805 0.469430685 0.500000000 0.500000000 0.000000000 0.000000000 0.997981993 -0.021219629 0.059847049 0.026165481 0.996197012 -0.083107648 -0.057855938 0.084505863 0.994741901 -0.011064176 0.004427473 -0.115866311
0.000000000 0.264054805 0.469430685 0.500000000 0.500000000 0.000000000 0.000000000 0.997955679 -0.019747407 0.060782429 0.024873976 0.996089441 -0.084776835 -0.058870613 0.086115424 0.994544310 -0.011768286 0.004810923 -0.117792389
0.000000000 0.264054805 0.469430685 0.500000000 0.500000000 0.000000000 0.000000000 0.997926662 -0.018272173 0.061713086 0.023582557 0.995977180 -0.086448361 -0.059885226 0.087724477 0.994343088 -0.012475441 0.005202508 -0.119716208
0.000000000 0.264054805 0.469430685 0.500000000 0.500000000 0.000000000 0.000000000 0.997894943 -0.016793944 0.062639008 0.022291233 0.995860219 -0.088122211 -0.060899777 0.089333010 0.994138235 -0.013185607 0.005602241 -0.121637747
0.000000000 0.264054805 0.469430685 0.500000000 0.500000000 0.000000000 0.000000000 0.997860523 -0.015312733 0.063560183 0.021000009 0.995738546 -0.089798373 -0.061914266 0.090941016 0.993929754 -0.013898751 0.006010134 -0.123556984
0.000000000 0.264054805 0.469430685 0.500000000 0.500000000 0.000000000 0.000000000 0.997828725 -0.013817936 0.064396437 0.019683000 0.995624051 -0.091352765 -0.062852335 0.092421928 0.993734256 -0.014601115 0.006245321 -0.125819526
0.000000000 0.264054805 0.469430685 0.500000000 0.500000000 0.000000000 0.000000000 0.997794306 -0.012320654 0.065228243 0.018366096 0.995505171 -0.092909318 -0.063790350 0.093902376 0.993535674 -0.015307247 0.006489208 -0.128080431
0.000000000 0.264054805 0.469430685 0.500000000 0.500000000 0.000000000 0.000000000 0.997757269 -0.010820896 0.066055588 0.017049301 0.995381894 -0.094468017 -0.064728307 0.095382352 0.993334009 -0.016017112 0.006741813 -0.130339688
0.000000000 0.264054805 0.469430685 0.500000000 0.500000000 0.000000000 0.000000000 0.997717612 -0.009318677 0.066878461 0.015732623 0.995254211 -0.096028851 -0.065666209 0.096861849 0.993129262 -0.016730675 0.007003149 -0.132597255
0.000000000 0.264054805 0.469430685 0.500000000 0.500000000 0.000000000 0.000000000 0.997675337 -0.007814010 0.067696852 0.014416065 0.995122111 -0.097591806 -0.066604051 0.098340861 0.992921435 -0.017447901 0.007273231 -0.134853121
0.000000000 0.264054805 0.469430685 0.500000000 0.500000000 0.000000000 0.000000000 0.997628078 -0.006248180 0.068550545 0.013046183 0.994984632 -0.099173476 -0.067587085 0.099832567 0.992706122 -0.018287192 0.007679858 -0.137744255
0.000000000 0.264054805 0.469430685 0.500000000 0.500000000 0.000000000 0.000000000 0.997577971 -0.004679785 0.069399505 0.011676447 0.994842498 -0.100757451 -0.068570054 0.101323753 0.992487604 -0.019131156 0.008097655 -0.140632979
0.000000000 0.264054805 0.469430685 0.500000000 0.500000000 0.000000000 0.000000000 0.997525015 -0.003108842 0.070243719 0.010306863 0.994695700 -0.102343704 -0.069552955 0.102814397 0.992265885 -0.019979744 0.008526640 -0.143519245
0.000000000 0.264054805 0.469430685 0.500000000 0.500000000 0.000000000 0.000000000 0.997469210 -0.001535361 0.071083178 0.008937437 0.994544223 -0.103932241 -0.070535790 0.104304512 0.992040962 -0.020832909 0.008966835 -0.146403045
0.000000000 0.264054805 0.469430685 0.500000000 0.500000000 0.000000000 0.000000000 0.997410557 0.000040640 0.071917866 0.007568177 0.994388059 -0.105523038 -0.071518556 0.105794079 0.991812840 -0.021690601 0.009418257 -0.149284330
