0.000000000 0.582238615 1.035091400 0.500000000 0.500000000 0.000000000 0.000000000 0.998839845 -0.003076351 -0.048057256 0.002903691 0.999989078 -0.003662207 0.048067997 0.003518415 0.998837869 -0.438070342 -0.150498668 -1.866639996
0.000000000 0.582238615 1.035091400 0.500000000 0.500000000 0.000000000 0.000000000 0.998838230 -0.003059693 -0.048091874 0.002886990 0.999989134 -0.003660152 0.048102550 0.003517059 0.998836210 -0.438232503 -0.150914850 -1.871332231
0.000000000 0.582238615 1.035091400 0.500000000 0.500000000 0.000000000 0.000000000 0.998836614 -0.003043034 -0.048126493 0.002870289 0.999989190 -0.003658096 0.048137104 0.003515704 0.998834550 -0.438394342 -0.151331028 -1.876024478
0.000000000 0.582238615 1.035091400 0.500000000 0.500000000 0.000000000 0.000000000 0.998835688 -0.003008160 -0.048147883 0.002835550 0.999989308 -0.003652885 0.048158357 0.003512106 0.998833539 -0.438429426 -0.151223682 -1.880900149
0.000000000 0.582238615 1.035091400 0.500000000 0.500000000 0.000000000 0.000000000 0.998834762 -0.002973285 -0.048169272 0.002800812 0.999989425 -0.003647671 0.048179608 0.003508508 0.998832526 -0.438464287 -0.151116358 -1.885775822
0.000000000 0.582238615 1.035091400 0.500000000 0.500000000 0.000000000 0.000000000 0.998833833 -0.002938410 -0.048190661 0.002766073 0.999989541 -0.003642457 0.048200860 0.003504910 0.998831514 -0.438498943 -0.151009066 -1.890651498
0.000000000 0.582238615 1.035091400 0.500000000 0.500000000 0.000000000 0.000000000 0.998832903 -0.002903536 -0.048212050 0.002731334 0.999989655 -0.003637240 0.048222112 0.003501312 0.998830500 -0.438533378 -0.150901807 -1.895527077
0.000000000 0.582238615 1.035091400 0.500000000 0.500000000 0.000000000 0.000000000 0.998831971 -0.002868661 -0.048233439 0.002696596 0.999989768 -0.003632023 0.048243365 0.003497714 0.998829487 -0.438567604 -0.150794589 -1.900402760
0.000000000 0.582238615 1.035091400 0.500000000 0.500000000 0.000000000 0.000000000 0.998831037 -0.002833785 -0.048254828 0.002661858 0.999989880 -0.003626803 0.048264617 0.003494116 0.998828473 -0.438601606 -0.150687394 -1.905278444
0.000000000 0.582238615 1.035091400 0.500000000 0.500000000 0.000000000 0.000000000 0.998830102 -0.002798910 -0.048276216 0.002627119 0.999989991 -0.003621582 0.048285869 0.003490518 0.998827458 -0.438635404 -0.150580230 -1.910154132
0.000000000 0.582238615 1.035091400 0.500000000 0.500000000 0.000000000 0.000000000 0.998829165 -0.002764035 -0.048297603 0.002592381 0.999990101 -0.003616360 0.048307120 0.003486920 0.998826443 -0.438668980 -0.150473099 -1.915029821
0.000000000 0.582238615 1.035091400 0.500000000 0.500000000 0.000000000 0.000000000 0.998828227 -0.002729159 -0.048318990 0.002557643 0.999990209 -0.003611137 0.048328372 0.003483322 0.998825428 -0.438702349 -0.150366011 -1.919905515
0.000000000 0.582238615 1.035091400 0.500000000 0.500000000 0.000000000 0.000000000 0.998827287 -0.002694283 -0.048340377 0.002522905 0.999990316 -0.003605911 0.048349624 0.003479725 0.998824412 -0.438735493 -0.150258944 -1.924781210
0.000000000 0.582238615 1.035091400 0.500000000 0.500000000 0.000000000 0.000000000 0.998826345 -0.002659407 -0.048361764 0.002488167 0.999990422 -0.003600685 0.048370877 0.003476127 0.998823395 -0.438768434 -0.150151910 -1.929656909
0.000000000 0.582238615 1.035091400 0.500000000 0.500000000 0.000000000 0.000000000 0.998826046 -0.002656965 -0.048368069 0.002485676 0.999990426 -0.003601164 0.048377174 0.003476709 0.998823088 -0.439028031 -0.151217008 -1.934301097
0.000000000 0.582238615 1.035091400 0.500000000 0.500000000 0.000000000 0.000000000 0.998825747 -0.002654523 -0.048374374 0.002483186 0.999990431 -0.003601643 0.048383472 0.003477291 0.998822781 -0.439287565 -0.152282109 -1.938945290
0.000000000 0.582238615 1.035091400 0.500000000 0.500000000 0.000000000 0.000000000 0.998825448 -0.002652080 -0.048380679 0.002480695 0.999990435 -0.003602122 0.048389769 0.003477873 0.998822474 -0.439547056 -0.153347192 -1.943589487
0.000000000 0.582238615 1.035091400 0.500000000 0.500000000 0.000000000 0.000000000 0.998825150 -0.002649638 -0.048386983 0.002478205 0.999990440 -0.003602601 0.048396066 0.003478456 0.998822167 -0.439806495 -0.154412279 -1.948233689
0.000000000 0.582238615 1.035091400 0.500000000 0.500000000 0.000000000 0.000000000 0.998824851 -0.002647196 -0.048393288 0.002475715 0.999990444 -0.003603080 0.048402364 0.003479038 0.998821860 -0.440065870 -0.155477350 -1.952877896
0.000000000 0.582238615 1.035091400 0.500000000 0.500000000 0.000000000 0.000000000 0.998824551 -0.002644753 -0.048399593 0.002473224 0.999990449 -0.003603559 0.048408661 0.003479620 0.998821553 -0.440325200 -0.156542423 -1.957522107
0.000000000 0.582238615 1.035091400 0.500000000 0.500000000 0.000000000 0.000000000 0.998824252 -0.002642311 -0.048405898 0.002470734 0.999990453 -0.003604038 0.048414959 0.003480203 0.998821245 -0.440584478 -0.157607479 -1.962166324
0.000000000 0.582238615 1.035091400 0.500000000 0.500000000 0.000000000 0.000000000 0.998823953 -0.002639869 -0.048412203 0.002468244 0.999990458 -0.003604517 0.048421256 0.003480785 0.998820938 -0.440843693 -0.158672529 -1.966810544
0.000000000 0.582238615 1.035091400 0.500000000 0.500000000 0.000000000 0.000000000 0.998823654 -0.002637427 -0.048418508 0.002465754 0.999990462 -0.003604996 0.048427554 0.003481367 0.998820631 -0.441102864 -0.159737582 -1.971454769
0.000000000 0.582238615 1.035091400 0.500000000 0.500000000 0.000000000 0.000000000 0.998823355 -0.002634984 -0.048424813 0.002463263 0.999990466 -0.003605475 0.048433852 0.003481950 0.998820323 -0.441361981 -0.160802618 -1.976098999
0.000000000 0.582238615 1.035091400 0.500000000 0.500000000 0.000000000 0.000000000 0.998823056 -0.002632542 -0.048431118 0.002460773 0.999990471 -0.003605954 0.048440149 0.003482532 0.998820016 -0.441621036 -0.161867657 -1.980743234
0.000000000 0.582238615 1.035091400 0.500000000 0.500000000 0.000000000 0.000000000 0.998822667 -0.002640032 -0.048438719 0.002466524 0.999990328 -0.003641426 0.048447864 0.003517663 0.998819518 -0.442265087 -0.161953843 -1.985046908
0.000000000 0.582238615 1.035091400 0.500000000 0.500000000 0.000000000 0.000000000 0.998822279 -0.002647522 -0.048446319 0.002472275 0.999990184 -0.003676898 0.048455578 0.003552795 0.998819020 -0.442909058 -0.162039737 -1.989350701
0.000000000 0.582238615 1.035091400 0.500000000 0.500000000 0.000000000 0.000000000 0.998821890 -0.002655013 -0.048453919 0.002478027 0.999990039 -0.003712370 0.048463293 0.003587926 0.998818520 -0.443552975 -0.162125348 -1.993654412
0.000000000 0.582238615 1.035091400 0.500000000 0.500000000 0.000000000 0.000000000 0.998821502 -0.002662504 -0.048461519 0.002483778 0.999989892 -0.003747842 0.048471008 0.003623058 0.998818019 -0.444196815 -0.162210658 -1.997958141
0.000000000 0.582238615 1.035091400 0.500000000 0.500000000 0.000000000 0.000000000 0.998821113 -0.002669996 -0.048469119 0.002489529 0.999989744 -0.003783315 0.048478723 0.003658189 0.998817516 -0.444840598 -0.162295674 -2.002261889
0.000000000 0.582238615 1.035091400 0.500000000 0.500000000 0.000000000 0.000000000 0.998820724 -0.002677488 -0.048476717 0.002495280 0.999989595 -0.003818787 0.048486438 0.003693321 0.998817013 -0.445484303 -0.162380408 -2.006565655
0.000000000 0.582238615 1.035091400 0.500000000 0.500000000 0.000000000 0.000000000 0.998820335 -0.002684981 -0.048484316 0.002501032 0.999989445 -0.003854259 0.048494153 0.003728452 0.998816508 -0.446127937 -0.162464839 -2.010869538
0.000000000 0.582238615 1.035091400 0.500000000 0.500000000 0.000000000 0.000000000 0.998819946 -0.002692474 -0.048491914 0.002506783 0.999989293 -0.003889732 0.048501868 0.003763583 0.998816001 -0.446771519 -0.162548989 -2.015173341
0.000000000 0.582238615 1.035091400 0.500000000 0.500000000 0.000000000 0.000000000 0.998819557 -0.002699968 -0.048499511 0.002512534 0.999989140 -0.003925205 0.048509583 0.003798714 0.998815494 -0.447415023 -0.162632835 -2.019477161
0.000000000 0.582238615 1.035091400 0.500000000 0.500000000 0.000000000 0.000000000 0.998819168 -0.002707463 -0.048507107 0.002518286 0.999988986 -0.003960677 0.048517296 0.003833846 0.998814985 -0.448058473 -0.162716390 -2.023780999
0.000000000 0.582238615 1.035091400 0.500000000 0.500000000 0.000000000 0.000000000 0.998818779 -0.002714958 -0.048514704 0.002524037 0.999988830 -0.003996150 0.048525011 0.003868977 0.998814474 -0.448701843 -0.162799661 -2.028084855
0.000000000 0.582238615 1.035091400 0.500000000 0.500000000 0.000000000 0.000000000 0.998816927 -0.002742531 -0.048551262 0.002550532 0.999988683 -0.004016077 0.048561727 0.003887495 0.998812618 -0.449597878 -0.162378245 -2.032774247
0.000000000 0.582238615 1.035091400 0.500000000 0.500000000 0.000000000 0.000000000 0.998815073 -0.002770105 -0.048587821 0.002577026 0.999988535 -0.004036007 0.048598444 0.003906012 0.998810760 -0.450493591 -0.161956704 -2.037463693
0.000000000 0.582238615 1.035091400 0.500000000 0.500000000 0.000000000 0.000000000 0.998813217 -0.002797681 -0.048624377 0.002603521 0.999988385 -0.004055938 0.048635159 0.003924530 0.998808900 -0.451388985 -0.161535038 -2.042153192
0.000000000 0.582238615 1.035091400 0.500000000 0.500000000 0.000000000 0.000000000 0.998811359 -0.002825258 -0.048660932 0.002630015 0.999988235 -0.004075871 0.048671875 0.003943047 0.998807039 -0.452284064 -0.161113248 -2.046842644
0.000000000 0.582238615 1.035091400 0.500000000 0.500000000 0.000000000 0.000000000 0.998809499 -0.002852836 -0.048697486 0.002656510 0.999988084 -0.004095806 0.048708590 0.003961564 0.998805176 -0.453178818 -0.160691333 -2.051532250
0.000000000 0.582238615 1.035091400 0.500000000 0.500000000 0.000000000 0.000000000 0.998807637 -0.002880416 -0.048734038 0.002683004 0.999987931 -0.004115743 0.048745305 0.003980081 0.998803311 -0.454073252 -0.160269294 -2.056221909
0.000000000 0.582238615 1.035091400 0.500000000 0.500000000 0.000000000 0.000000000 0.998805773 -0.002907997 -0.048770590 0.002709498 0.999987777 -0.004135681 0.048782021 0.003998599 0.998801445 -0.454967366 -0.159847129 -2.060911621
0.000000000 0.582238615 1.035091400 0.500000000 0.500000000 0.000000000 0.000000000 0.998803907 -0.002935580 -0.048807141 0.002735992 0.999987622 -0.004155622 0.048818736 0.004017116 0.998799576 -0.455861159 -0.159424840 -2.065601386
0.000000000 0.582238615 1.035091400 0.500000000 0.500000000 0.000000000 0.000000000 0.998802039 -0.002963164 -0.048843691 0.002762486 0.999987467 -0.004175565 0.048855452 0.004035633 0.998797706 -0.456754645 -0.159002427 -2.070291105
0.000000000 0.582238615 1.035091400 0.500000000 0.500000000 0.000000000 0.000000000 0.998800169 -0.002990749 -0.048880240 0.002788980 0.999987310 -0.004195510 0.048892167 0.004054150 0.998795835 -0.457647797 -0.158579889 -2.074980977
0.000000000 0.582238615 1.035091400 0.500000000 0.500000000 0.000000000 0.000000000 0.998798297 -0.003018335 -0.048916787 0.002815473 0.999987151 -0.004215456 0.048928882 0.004072667 0.998793962 -0.458540630 -0.158157225 -2.079670902
0.000000000 0.582238615 1.035091400 0.500000000 0.500000000 0.000000000 0.000000000 0.998792272 -0.003061309 -0.049036979 0.002858978 0.999987111 -0.004195709 0.049049191 0.004050446 0.998788151 -0.458888511 -0.159159998 -2.084469758
0.000000000 0.582238615 1.035091400 0.500000000 0.500000000 0.000000000 0.000000000 0.998786231 -0.003104278 -0.049157173 0.002902481 0.999987068 -0.004175973 0.049169501 0.004028226 0.998782325 -0.459235156 -0.160163008 -2.089268688
0.000000000 0.582238615 1.035091400 0.500000000 0.500000000 0.000000000 0.000000000 0.998780174 -0.003147241 -0.049277368 0.002945985 0.999987023 -0.004156247 0.049289809 0.004006007 0.998776485 -0.459580569 -0.161166253 -2.094067691
0.000000000 0.582238615 1.035091400 0.500000000 0.500000000 0.000000000 0.000000000 0.998774100 -0.003190199 -0.049397564 0.002989487 0.999986976 -0.004136531 0.049410117 0.003983787 0.998770629 -0.459924749 -0.162169726 -2.098866668
0.000000000 0.582238615 1.035091400 0.500000000 0.500000000 0.000000000 0.000000000 0.998768010 -0.003233151 -0.049517762 0.003032989 0.999986926 -0.004116826 0.049530425 0.003961568 0.998764759 -0.460267690 -0.163173444 -2.103665818
0.000000000 0.582238615 1.035091400 0.500000000 0.500000000 0.000000000 0.000000000 0.998761904 -0.003276098 -0.049637959 0.003076491 0.999986874 -0.004097132 0.049650731 0.003939348 0.998758873 -0.460609399 -0.164177398 -2.108465040
0.000000000 0.582238615 1.035091400 0.500000000 0.500000000 0.000000000 0.000000000 0.998755781 -0.003319040 -0.049758159 0.003119992 0.999986820 -0.004077448 0.049771037 0.003917129 0.998752972 -0.460949871 -0.165181588 -2.113264335
0.000000000 0.582238615 1.035091400 0.500000000 0.500000000 0.000000000 0.000000000 0.998749642 -0.003361976 -0.049878359 0.003163492 0.999986763 -0.004057774 0.049891341 0.003894911 0.998747057 -0.461289110 -0.166186014 -2.118063702
0.000000000 0.582238615 1.035091400 0.500000000 0.500000000 0.000000000 0.000000000 0.998743486 -0.003404907 -0.049998561 0.003206992 0.999986704 -0.004038111 0.050011646 0.003872692 0.998741126 -0.461627113 -0.167190665 -2.122863142
0.000000000 0.582238615 1.035091400 0.500000000 0.500000000 0.000000000 0.000000000 0.998737314 -0.003447833 -0.050118763 0.003250491 0.999986643 -0.004018458 0.050131949 0.003850474 0.998735181 -0.461963888 -0.168195562 -2.127662554
0.000000000 0.582238615 1.035091400 0.500000000 0.500000000 0.000000000 0.000000000 0.998731125 -0.003490753 -0.050238967 0.003293989 0.999986579 -0.003998816 0.050252252 0.003828256 0.998729220 -0.462299421 -0.169200694 -2.132462137
0.000000000 0.582238615 1.035091400 0.500000000 0.500000000 0.000000000 0.000000000 0.998722420 -0.003486817 -0.050412001 0.003290467 0.999986677 -0.003977366 0.050425198 0.003806405 0.998720587 -0.461728715 -0.169579261 -2.137355508
0.000000000 0.582238615 1.035091400 0.500000000 0.500000000 0.000000000 0.000000000 0.998713685 -0.003482873 -0.050585035 0.003286944 0.999986773 -0.003955914 0.050598144 0.003784555 0.998711923 -0.461156335 -0.169958038 -2.142248630
0.000000000 0.582238615 1.035091400 0.500000000 0.500000000 0.000000000 0.000000000 0.998704919 -0.003478921 -0.050758066 0.003283422 0.999986869 -0.003934461 0.050771088 0.003762706 0.998703229 -0.460582274 -0.170337024 -2.147141702
0.000000000 0.582238615 1.035091400 0.500000000 0.500000000 0.000000000 0.000000000 0.998696124 -0.003474962 -0.050931096 0.003279899 0.999986965 -0.003913007 0.050944029 0.003740856 0.998694504 -0.460006539 -0.170716219 -2.152034524
0.000000000 0.582238615 1.035091400 0.500000000 0.500000000 0.000000000 0.000000000 0.998687299 -0.003470995 -0.051104125 0.003276377 0.999987061 -0.003891552 0.051116971 0.003719007 0.998685749 -0.459429125 -0.171095633 -2.156927195
0.000000000 0.582238615 1.035091400 0.500000000 0.500000000 0.000000000 0.000000000 0.998678444 -0.003467021 -0.051277151 0.003272854 0.999987155 -0.003870095 0.051289910 0.003697158 0.998676963 -0.458850030 -0.171475246 -2.161819815
0.000000000 0.582238615 1.035091400 0.500000000 0.500000000 0.000000000 0.000000000 0.998669558 -0.003463039 -0.051450176 0.003269332 0.999987250 -0.003848637 0.051462848 0.003675309 0.998668147 -0.458269260 -0.171855068 -2.166712185
0.000000000 0.582238615 1.035091400 0.500000000 0.500000000 0.000000000 0.000000000 0.998660643 -0.003459050 -0.051623199 0.003265809 0.999987344 -0.003827178 0.051635784 0.003653461 0.998659300 -0.457686809 -0.172235099 -2.171604501
0.000000000 0.582238615 1.035091400 0.500000000 0.500000000 0.000000000 0.000000000 0.998651698 -0.003455053 -0.051796220 0.003262286 0.999987437 -0.003805718 0.051808718 0.003631613 0.998650423 -0.457102685 -0.172615340 -2.176496565
0.000000000 0.582238615 1.035091400 0.500000000 0.500000000 0.000000000 0.000000000 0.998642723 -0.003451048 -0.051969240 0.003258763 0.999987530 -0.003784257 0.051981652 0.003609765 0.998641516 -0.456516876 -0.172995789 -2.181388577
0.000000000 0.582238615 1.035091400 0.500000000 0.500000000 0.000000000 0.000000000 0.998633718 -0.003447036 -0.052142258 0.003255240 0.999987622 -0.003762794 0.052154583 0.003587918 0.998632578 -0.455929397 -0.173376448 -2.186280335
0.000000000 0.582238615 1.035091400 0.500000000 0.500000000 0.000000000 0.000000000 0.998627370 -0.003425828 -0.052265087 0.003235201 0.999987805 -0.003731483 0.052277233 0.003557273 0.998626275 -0.455513445 -0.173528621 -2.191233722
0.000000000 0.582238615 1.035091400 0.500000000 0.500000000 0.000000000 0.000000000 0.998621007 -0.003404613 -0.052387914 0.003215161 0.999987986 -0.003700166 0.052399882 0.003526628 0.998619955 -0.455096296 -0.173681097 -2.196187131
0.000000000 0.582238615 1.035091400 0.500000000 0.500000000 0.000000000 0.000000000 0.998614628 -0.003383390 -0.052510738 0.003195122 0.999988165 -0.003668845 0.052522530 0.003495984 0.998613620 -0.454677948 -0.173833898 -2.201140361
0.000000000 0.582238615 1.035091400 0.500000000 0.500000000 0.000000000 0.000000000 0.998608234 -0.003362159 -0.052633561 0.003175083 0.999988344 -0.003637519 0.052645178 0.003465341 0.998607268 -0.454258383 -0.173987002 -2.206093514
0.000000000 0.582238615 1.035091400 0.500000000 0.500000000 0.000000000 0.000000000 0.998601824 -0.003340921 -0.052756382 0.003155045 0.999988520 -0.003606188 0.052767824 0.003434697 0.998600901 -0.453837627 -0.174140419 -2.211046587
0.000000000 0.582238615 1.035091400 0.500000000 0.500000000 0.000000000 0.000000000 0.998595398 -0.003319675 -0.052879201 0.003135006 0.999988696 -0.003574852 0.052890471 0.003404054 0.998594518 -0.453415659 -0.174294160 -2.215999682
0.000000000 0.582238615 1.035091400 0.500000000 0.500000000 0.000000000 0.000000000 0.998588958 -0.003298422 -0.053002017 0.003114968 0.999988870 -0.003543511 0.053013115 0.003373411 0.998588118 -0.452992495 -0.174448205 -2.220952598
0.000000000 0.582238615 1.035091400 0.500000000 0.500000000 0.000000000 0.000000000 0.998582502 -0.003277162 -0.053124831 0.003094930 0.999989043 -0.003512165 0.053135759 0.003342769 0.998581703 -0.452568117 -0.174602574 -2.225905434
0.000000000 0.582238615 1.035091400 0.500000000 0.500000000 0.000000000 0.000000000 0.998576030 -0.003255893 -0.053247644 0.003074892 0.999989214 -0.003480814 0.053258403 0.003312127 0.998575271 -0.452142543 -0.174757247 -2.230858191
0.000000000 0.582238615 1.035091400 0.500000000 0.500000000 0.000000000 0.000000000 0.998569543 -0.003234618 -0.053370454 0.003054854 0.999989384 -0.003449459 0.053381046 0.003281485 0.998568824 -0.451715762 -0.174912234 -2.235810967
0.000000000 0.582238615 1.035091400 0.500000000 0.500000000 0.000000000 0.000000000 0.998563040 -0.003213334 -0.053493263 0.003034816 0.999989553 -0.003418098 0.053503688 0.003250844 0.998562360 -0.451287770 -0.175067544 -2.240763564
0.000000000 0.582238615 1.035091400 0.500000000 0.500000000 0.000000000 0.000000000 0.998558233 -0.003211725 -0.053583016 0.003033680 0.999989605 -0.003403803 0.053593391 0.003236342 0.998557597 -0.451028889 -0.176133603 -2.245587454
