0.000000000 0.646940291 1.150116205 0.500000000 0.500000000 0.000000000 0.000000000 0.998009156 -0.005836277 -0.062798580 0.005560599 0.999974126 -0.004563744 0.062823590 0.004205460 0.998015787 0.079323206 0.142984977 -0.898925378
0.000000000 0.646940291 1.150116205 0.500000000 0.500000000 0.000000000 0.000000000 0.997971191 -0.005824773 -0.063400109 0.005544224 0.999974050 -0.004600087 0.063425259 0.004239249 0.997977588 0.080886750 0.143938259 -0.904388129
0.000000000 0.646940291 1.150116205 0.500000000 0.500000000 0.000000000 0.000000000 0.997932863 -0.005813310 -0.064001617 0.005527848 0.999973973 -0.004636410 0.064026904 0.004273035 0.997939025 0.082456933 0.144891906 -0.909849252
0.000000000 0.646940291 1.150116205 0.500000000 0.500000000 0.000000000 0.000000000 0.997894171 -0.005801889 -0.064603104 0.005511471 0.999973894 -0.004672714 0.064628528 0.004306816 0.997900098 0.084033756 0.145845928 -0.915308731
0.000000000 0.646940291 1.150116205 0.500000000 0.500000000 0.000000000 0.000000000 0.997854235 -0.005796134 -0.065217565 0.005501068 0.999973810 -0.004702998 0.065243116 0.004334140 0.997859986 0.085686851 0.146809515 -0.920837142
0.000000000 0.646940291 1.150116205 0.500000000 0.500000000 0.000000000 0.000000000 0.997813920 -0.005790413 -0.065832001 0.005490664 0.999973724 -0.004733269 0.065857679 0.004361461 0.997819495 0.087346802 0.147773416 -0.926363795
0.000000000 0.646940291 1.150116205 0.500000000 0.500000000 0.000000000 0.000000000 0.997773226 -0.005784726 -0.066446414 0.005480258 0.999973637 -0.004763528 0.066472218 0.004388777 0.997778624 0.089013607 0.148737633 -0.931888704
0.000000000 0.646940291 1.150116205 0.500000000 0.500000000 0.000000000 0.000000000 0.997732154 -0.005779073 -0.067060801 0.005469850 0.999973550 -0.004793774 0.067086731 0.004416090 0.997737375 0.090687265 0.149702163 -0.937411843
0.000000000 0.646940291 1.150116205 0.500000000 0.500000000 0.000000000 0.000000000 0.997690703 -0.005773453 -0.067675163 0.005459442 0.999973461 -0.004824008 0.067701218 0.004443399 0.997695746 0.092367775 0.150667008 -0.942933225
0.000000000 0.646940291 1.150116205 0.500000000 0.500000000 0.000000000 0.000000000 0.997648874 -0.005767868 -0.068289500 0.005449033 0.999973372 -0.004854229 0.068315681 0.004470704 0.997653738 0.094055135 0.151632167 -0.948452834
0.000000000 0.646940291 1.150116205 0.500000000 0.500000000 0.000000000 0.000000000 0.997606666 -0.005762316 -0.068903812 0.005438622 0.999973281 -0.004884437 0.068930117 0.004498005 0.997611351 0.095749341 0.152597650 -0.953970653
0.000000000 0.646940291 1.150116205 0.500000000 0.500000000 0.000000000 0.000000000 0.997564080 -0.005756797 -0.069518098 0.005428210 0.999973190 -0.004914632 0.069544527 0.004525302 0.997568584 0.097450395 0.153563436 -0.959486697
0.000000000 0.646940291 1.150116205 0.500000000 0.500000000 0.000000000 0.000000000 0.997521115 -0.005751313 -0.070132358 0.005417797 0.999973098 -0.004944815 0.070158910 0.004552594 0.997525439 0.099158294 0.154529535 -0.965000939
0.000000000 0.646940291 1.150116205 0.500000000 0.500000000 0.000000000 0.000000000 0.997477772 -0.005745862 -0.070746592 0.005407382 0.999973005 -0.004974985 0.070773267 0.004579883 0.997481914 0.100873037 0.155495948 -0.970513392
0.000000000 0.646940291 1.150116205 0.500000000 0.500000000 0.000000000 0.000000000 0.997434050 -0.005740445 -0.071360799 0.005396967 0.999972910 -0.005005142 0.071387597 0.004607167 0.997438011 0.102594620 0.156462673 -0.976024031
0.000000000 0.646940291 1.150116205 0.500000000 0.500000000 0.000000000 0.000000000 0.997387738 -0.005734404 -0.072005673 0.005386158 0.999972846 -0.005029612 0.072032560 0.004628639 0.997391541 0.104468876 0.157398911 -0.981562889
0.000000000 0.646940291 1.150116205 0.500000000 0.500000000 0.000000000 0.000000000 0.997341009 -0.005728391 -0.072650518 0.005375348 0.999972781 -0.005054068 0.072677492 0.004650108 0.997344654 0.106350353 0.158335396 -0.987099685
0.000000000 0.646940291 1.150116205 0.500000000 0.500000000 0.000000000 0.000000000 0.997293863 -0.005722406 -0.073295332 0.005364536 0.999972715 -0.005078510 0.073322394 0.004671572 0.997297349 0.108239050 0.159272126 -0.992634412
0.000000000 0.646940291 1.150116205 0.500000000 0.500000000 0.000000000 0.000000000 0.997246299 -0.005716449 -0.073940116 0.005353724 0.999972648 -0.005102939 0.073967265 0.004693032 0.997249627 0.110134967 0.160209113 -0.998167102
0.000000000 0.646940291 1.150116205 0.500000000 0.500000000 0.000000000 0.000000000 0.997198319 -0.005710520 -0.074584870 0.005342910 0.999972581 -0.005127353 0.074612105 0.004714488 0.997201488 0.112038096 0.161146335 -1.003697659
0.000000000 0.646940291 1.150116205 0.500000000 0.500000000 0.000000000 0.000000000 0.997149921 -0.005704619 -0.075229593 0.005332095 0.999972514 -0.005151754 0.075256914 0.004735940 0.997152931 0.113948438 0.162083802 -1.009226126
0.000000000 0.646940291 1.150116205 0.500000000 0.500000000 0.000000000 0.000000000 0.997101107 -0.005698746 -0.075874284 0.005321278 0.999972445 -0.005176141 0.075901691 0.004757388 0.997103957 0.115865993 0.163021514 -1.014752496
0.000000000 0.646940291 1.150116205 0.500000000 0.500000000 0.000000000 0.000000000 0.997051875 -0.005692900 -0.076518945 0.005310461 0.999972376 -0.005200514 0.076546437 0.004778831 0.997054565 0.117790757 0.163959471 -1.020276761
0.000000000 0.646940291 1.150116205 0.500000000 0.500000000 0.000000000 0.000000000 0.997002227 -0.005687083 -0.077163574 0.005299642 0.999972307 -0.005224873 0.077191152 0.004800271 0.997004756 0.119722731 0.164897672 -1.025798915
0.000000000 0.646940291 1.150116205 0.500000000 0.500000000 0.000000000 0.000000000 0.996952161 -0.005681293 -0.077808171 0.005288823 0.999972237 -0.005249219 0.077835833 0.004821706 0.996954530 0.121661909 0.165836118 -1.031318951
0.000000000 0.646940291 1.150116205 0.500000000 0.500000000 0.000000000 0.000000000 0.996901679 -0.005675531 -0.078452736 0.005278002 0.999972166 -0.005273550 0.078480482 0.004843138 0.996903886 0.123608291 0.166774818 -1.036836861
0.000000000 0.646940291 1.150116205 0.500000000 0.500000000 0.000000000 0.000000000 0.996850281 -0.005674223 -0.079103228 0.005270490 0.999972003 -0.005311736 0.079131153 0.004878093 0.996852278 0.125612278 0.167768064 -1.042266890
0.000000000 0.646940291 1.150116205 0.500000000 0.500000000 0.000000000 0.000000000 0.996798459 -0.005672961 -0.079753687 0.005262976 0.999971839 -0.005349912 0.079781791 0.004913043 0.996800245 0.127623405 0.168761713 -1.047694569
0.000000000 0.646940291 1.150116205 0.500000000 0.500000000 0.000000000 0.000000000 0.996746211 -0.005671745 -0.080404113 0.005255461 0.999971674 -0.005388079 0.080432395 0.004947986 0.996747785 0.129641677 0.169755767 -1.053119991
0.000000000 0.646940291 1.150116205 0.500000000 0.500000000 0.000000000 0.000000000 0.996693540 -0.005670575 -0.081054504 0.005247944 0.999971507 -0.005426236 0.081082964 0.004982925 0.996694900 0.131667100 0.170750224 -1.058543249
0.000000000 0.646940291 1.150116205 0.500000000 0.500000000 0.000000000 0.000000000 0.996640443 -0.005669450 -0.081704860 0.005240427 0.999971339 -0.005464383 0.081733499 0.005017857 0.996641589 0.133699656 0.171745086 -1.063964137
0.000000000 0.646940291 1.150116205 0.500000000 0.500000000 0.000000000 0.000000000 0.996586922 -0.005668371 -0.082355184 0.005232907 0.999971169 -0.005502521 0.082383999 0.005052783 0.996587852 0.135739352 0.172740350 -1.069382746
0.000000000 0.646940291 1.150116205 0.500000000 0.500000000 0.000000000 0.000000000 0.996532976 -0.005667338 -0.083005471 0.005225386 0.999970998 -0.005540648 0.083034464 0.005087703 0.996533689 0.137786193 0.173736029 -1.074799170
0.000000000 0.646940291 1.150116205 0.500000000 0.500000000 0.000000000 0.000000000 0.996478606 -0.005666351 -0.083655723 0.005217864 0.999970825 -0.005578767 0.083684893 0.005122618 0.996479100 0.139840160 0.174732100 -1.080213203
0.000000000 0.646940291 1.150116205 0.500000000 0.500000000 0.000000000 0.000000000 0.996423811 -0.005665409 -0.084305940 0.005210340 0.999970651 -0.005616875 0.084335288 0.005157526 0.996424086 0.141901268 0.175728575 -1.085625036
0.000000000 0.646940291 1.150116205 0.500000000 0.500000000 0.000000000 0.000000000 0.996368592 -0.005664513 -0.084956121 0.005202815 0.999970476 -0.005654975 0.084985646 0.005192428 0.996368646 0.143969499 0.176725453 -1.091034464
0.000000000 0.646940291 1.150116205 0.500000000 0.500000000 0.000000000 0.000000000 0.996312948 -0.005663663 -0.085606266 0.005195288 0.999970299 -0.005693064 0.085635967 0.005227324 0.996312780 0.146044856 0.177722733 -1.096441579
0.000000000 0.646940291 1.150116205 0.500000000 0.500000000 0.000000000 0.000000000 0.996255350 -0.005666307 -0.086273810 0.005191503 0.999970125 -0.005726827 0.086303683 0.005257491 0.996255004 0.148261867 0.178702720 -1.101767599
0.000000000 0.646940291 1.150116205 0.500000000 0.500000000 0.000000000 0.000000000 0.996197305 -0.005668991 -0.086941316 0.005187715 0.999969951 -0.005760585 0.086971360 0.005287653 0.996196779 0.150486082 0.179683067 -1.107091074
0.000000000 0.646940291 1.150116205 0.500000000 0.500000000 0.000000000 0.000000000 0.996138812 -0.005671716 -0.087608781 0.005183926 0.999969776 -0.005794339 0.087638997 0.005317808 0.996138106 0.152717507 0.180663775 -1.112412095
0.000000000 0.646940291 1.150116205 0.500000000 0.500000000 0.000000000 0.000000000 0.996079872 -0.005674481 -0.088276208 0.005180134 0.999969599 -0.005828087 0.088306595 0.005347958 0.996078985 0.154956123 0.181644843 -1.117730457
0.000000000 0.646940291 1.150116205 0.500000000 0.500000000 0.000000000 0.000000000 0.996020484 -0.005677288 -0.088943595 0.005176341 0.999969422 -0.005861831 0.088974154 0.005378101 0.996019415 0.157201936 0.182626272 -1.123046251
0.000000000 0.646940291 1.150116205 0.500000000 0.500000000 0.000000000 0.000000000 0.995960650 -0.005680134 -0.089610941 0.005172546 0.999969243 -0.005895570 0.089641672 0.005408239 0.995959398 0.159454942 0.183608060 -1.128359471
0.000000000 0.646940291 1.150116205 0.500000000 0.500000000 0.000000000 0.000000000 0.995900367 -0.005683022 -0.090278247 0.005168749 0.999969063 -0.005929304 0.090309151 0.005438370 0.995898931 0.161715142 0.184590209 -1.133670108
0.000000000 0.646940291 1.150116205 0.500000000 0.500000000 0.000000000 0.000000000 0.995839637 -0.005685950 -0.090945514 0.005164950 0.999968882 -0.005963033 0.090976589 0.005468495 0.995838017 0.163982531 0.185572718 -1.138978156
0.000000000 0.646940291 1.150116205 0.500000000 0.500000000 0.000000000 0.000000000 0.995778461 -0.005688918 -0.091612738 0.005161149 0.999968700 -0.005996757 0.091643985 0.005498614 0.995776654 0.166257105 0.186555586 -1.144283608
0.000000000 0.646940291 1.150116205 0.500000000 0.500000000 0.000000000 0.000000000 0.995716836 -0.005691927 -0.092279922 0.005157346 0.999968517 -0.006030476 0.092311341 0.005528727 0.995714843 0.168538875 0.187538815 -1.149586556
0.000000000 0.646940291 1.150116205 0.500000000 0.500000000 0.000000000 0.000000000 0.995654765 -0.005694977 -0.092947064 0.005153541 0.999968333 -0.006064190 0.092978656 0.005558833 0.995652584 0.170827817 0.188522404 -1.154886793
0.000000000 0.646940291 1.150116205 0.500000000 0.500000000 0.000000000 0.000000000 0.995590575 -0.005688778 -0.093632501 0.005139554 0.999968151 -0.006105842 0.093664254 0.005597689 0.995588104 0.173265169 0.189537649 -1.160135057
0.000000000 0.646940291 1.150116205 0.500000000 0.500000000 0.000000000 0.000000000 0.995525912 -0.005682633 -0.094317896 0.005125566 0.999967968 -0.006147475 0.094349808 0.005636538 0.995523150 0.175709858 0.190553300 -1.165380528
0.000000000 0.646940291 1.150116205 0.500000000 0.500000000 0.000000000 0.000000000 0.995460778 -0.005676542 -0.095003246 0.005111578 0.999967783 -0.006189088 0.095035318 0.005675378 0.995457723 0.178161872 0.191569354 -1.170623098
0.000000000 0.646940291 1.150116205 0.500000000 0.500000000 0.000000000 0.000000000 0.995395171 -0.005670504 -0.095688551 0.005097589 0.999967596 -0.006230683 0.095720782 0.005714211 0.995391822 0.180621205 0.192585812 -1.175862762
0.000000000 0.646940291 1.150116205 0.500000000 0.500000000 0.000000000 0.000000000 0.995329092 -0.005664520 -0.096373813 0.005083599 0.999967407 -0.006272259 0.096406201 0.005753036 0.995325448 0.183087859 0.193602683 -1.181099510
0.000000000 0.646940291 1.150116205 0.500000000 0.500000000 0.000000000 0.000000000 0.995262541 -0.005658590 -0.097059029 0.005069608 0.999967217 -0.006313815 0.097091575 0.005791853 0.995258600 0.185561818 0.194619946 -1.186333236
0.000000000 0.646940291 1.150116205 0.500000000 0.500000000 0.000000000 0.000000000 0.995195518 -0.005652713 -0.097744200 0.005055618 0.999967025 -0.006355353 0.097776901 0.005830661 0.995191279 0.188043098 0.195637612 -1.191564132
0.000000000 0.646940291 1.150116205 0.500000000 0.500000000 0.000000000 0.000000000 0.995128022 -0.005646890 -0.098429325 0.005041626 0.999966830 -0.006396871 0.098462183 0.005869462 0.995123484 0.190531690 0.196655680 -1.196792089
0.000000000 0.646940291 1.150116205 0.500000000 0.500000000 0.000000000 0.000000000 0.995060055 -0.005641121 -0.099114405 0.005027634 0.999966635 -0.006438371 0.099147417 0.005908255 0.995055216 0.193027587 0.197674151 -1.202017101
0.000000000 0.646940291 1.150116205 0.500000000 0.500000000 0.000000000 0.000000000 0.994991615 -0.005635406 -0.099799437 0.005013642 0.999966437 -0.006479851 0.099832604 0.005947039 0.994986474 0.195530789 0.198693023 -1.207239161
0.000000000 0.646940291 1.150116205 0.500000000 0.500000000 0.000000000 0.000000000 0.994922704 -0.005629744 -0.100484426 0.004999649 0.999966237 -0.006521313 0.100517747 0.005985815 0.994917259 0.198041294 0.199712306 -1.212458259
0.000000000 0.646940291 1.150116205 0.500000000 0.500000000 0.000000000 0.000000000 0.994852891 -0.005617683 -0.101173943 0.004978653 0.999966040 -0.006567556 0.101207402 0.006030042 0.994847074 0.200649462 0.200782658 -1.217607493
0.000000000 0.646940291 1.150116205 0.500000000 0.500000000 0.000000000 0.000000000 0.994782600 -0.005605684 -0.101863413 0.004957657 0.999965839 -0.006613770 0.101897008 0.006074259 0.994776409 0.203264897 0.201853427 -1.222753597
0.000000000 0.646940291 1.150116205 0.500000000 0.500000000 0.000000000 0.000000000 0.994711831 -0.005593746 -0.102552836 0.004936662 0.999965637 -0.006659955 0.102586566 0.006118467 0.994705263 0.205887595 0.202924611 -1.227896564
0.000000000 0.646940291 1.150116205 0.500000000 0.500000000 0.000000000 0.000000000 0.994640583 -0.005581870 -0.103242210 0.004915668 0.999965432 -0.006706112 0.103276074 0.006162666 0.994633638 0.208517551 0.203996221 -1.233036385
0.000000000 0.646940291 1.150116205 0.500000000 0.500000000 0.000000000 0.000000000 0.994568856 -0.005570055 -0.103931536 0.004894674 0.999965224 -0.006752239 0.103965532 0.006206856 0.994561533 0.211154765 0.205068237 -1.238173054
0.000000000 0.646940291 1.150116205 0.500000000 0.500000000 0.000000000 0.000000000 0.994496652 -0.005558302 -0.104620814 0.004873681 0.999965014 -0.006798338 0.104654941 0.006251036 0.994488948 0.213799233 0.206140666 -1.243306563
0.000000000 0.646940291 1.150116205 0.500000000 0.500000000 0.000000000 0.000000000 0.994423969 -0.005546610 -0.105310042 0.004852689 0.999964802 -0.006844408 0.105344299 0.006295206 0.994415883 0.216450951 0.207213510 -1.248436905
0.000000000 0.646940291 1.150116205 0.500000000 0.500000000 0.000000000 0.000000000 0.994350808 -0.005534980 -0.105999222 0.004831697 0.999964588 -0.006890449 0.106033606 0.006339367 0.994342339 0.219109926 0.208286778 -1.253564170
0.000000000 0.646940291 1.150116205 0.500000000 0.500000000 0.000000000 0.000000000 0.994277168 -0.005523412 -0.106688351 0.004810706 0.999964371 -0.006936461 0.106722863 0.006383518 0.994268314 0.221776135 0.209360449 -1.258688154
0.000000000 0.646940291 1.150116205 0.500000000 0.500000000 0.000000000 0.000000000 0.994203051 -0.005511905 -0.107377431 0.004789716 0.999964151 -0.006982444 0.107412068 0.006427660 0.994193810 0.224449586 0.210434532 -1.263808947
0.000000000 0.646940291 1.150116205 0.500000000 0.500000000 0.000000000 0.000000000 0.994128455 -0.005500460 -0.108066461 0.004768727 0.999963930 -0.007028398 0.108101222 0.006471791 0.994118827 0.227130274 0.211509028 -1.268926542
0.000000000 0.646940291 1.150116205 0.500000000 0.500000000 0.000000000 0.000000000 0.994053134 -0.005499499 -0.108757171 0.004759123 0.999963711 -0.007066003 0.108792083 0.006506393 0.994043233 0.229885098 0.212492952 -1.274012768
0.000000000 0.646940291 1.150116205 0.500000000 0.500000000 0.000000000 0.000000000 0.993977334 -0.005498587 -0.109447819 0.004749518 0.999963490 -0.007103594 0.109482882 0.006540987 0.993967159 0.232647086 0.213477232 -1.279095608
0.000000000 0.646940291 1.150116205 0.500000000 0.500000000 0.000000000 0.000000000 0.993901054 -0.005497723 -0.110138414 0.004739912 0.999963268 -0.007141172 0.110173628 0.006575572 0.993890604 0.235416269 0.214461878 -1.284175251
0.000000000 0.646940291 1.150116205 0.500000000 0.500000000 0.000000000 0.000000000 0.993824292 -0.005496908 -0.110828966 0.004730306 0.999963044 -0.007178737 0.110864331 0.006610148 0.993813567 0.238192636 0.215446898 -1.289251488
0.000000000 0.646940291 1.150116205 0.500000000 0.500000000 0.000000000 0.000000000 0.993747052 -0.005496141 -0.111519455 0.004720698 0.999962819 -0.007216289 0.111554970 0.006644716 0.993736050 0.240976179 0.216432275 -1.294324515
0.000000000 0.646940291 1.150116205 0.500000000 0.500000000 0.000000000 0.000000000 0.993669332 -0.005495423 -0.112209890 0.004711090 0.999962593 -0.007253827 0.112245555 0.006679275 0.993658051 0.243766895 0.217418016 -1.299394223
0.000000000 0.646940291 1.150116205 0.500000000 0.500000000 0.000000000 0.000000000 0.993591130 -0.005494752 -0.112900281 0.004701481 0.999962365 -0.007291353 0.112936096 0.006713825 0.993579570 0.246564785 0.218404132 -1.304460502
0.000000000 0.646940291 1.150116205 0.500000000 0.500000000 0.000000000 0.000000000 0.993512450 -0.005494131 -0.113590608 0.004691871 0.999962136 -0.007328865 0.113626573 0.006748367 0.993500610 0.249369841 0.219390602 -1.309523549
0.000000000 0.646940291 1.150116205 0.500000000 0.500000000 0.000000000 0.000000000 0.993433290 -0.005493557 -0.114280881 0.004682261 0.999961906 -0.007366365 0.114316995 0.006782899 0.993421168 0.252182047 0.220377447 -1.314583155
0.000000000 0.646940291 1.150116205 0.500000000 0.500000000 0.000000000 0.000000000 0.993353648 -0.005493033 -0.114971108 0.004672649 0.999961674 -0.007403851 0.115007371 0.006817423 0.993341244 0.255001441 0.221364646 -1.319639508
0.000000000 0.646940291 1.150116205 0.500000000 0.500000000 0.000000000 0.000000000 0.993273529 -0.005492556 -0.115661270 0.004663037 0.999961441 -0.007441324 0.115697682 0.006851938 0.993260841 0.257827977 0.222352208 -1.324692407
