0.000000000 0.788729429 1.402185559 0.500000000 0.500000000 0.000000000 0.000000000 0.993294284 0.009532517 -0.115219776 -0.009533309 0.999954409 0.000544185 0.115219710 0.000557890 0.993339875 0.436462893 0.009105287 -1.207711105
0.000000000 0.788729429 1.402185559 0.500000000 0.500000000 0.000000000 0.000000000 0.993283276 0.009541624 -0.115313880 -0.009543568 0.999954316 0.000535245 0.115313719 0.000568856 0.993328960 0.437232615 0.009371231 -1.209833575
0.000000000 0.788729429 1.402185559 0.500000000 0.500000000 0.000000000 0.000000000 0.993272259 0.009550728 -0.115407984 -0.009553827 0.999954223 0.000526307 0.115407727 0.000579822 0.993318036 0.438002758 0.009637204 -1.211955903
0.000000000 0.788729429 1.402185559 0.500000000 0.500000000 0.000000000 0.000000000 0.993261233 0.009559830 -0.115502087 -0.009564085 0.999954129 0.000517371 0.115501735 0.000590787 0.993307103 0.438773311 0.009903207 -1.214078091
0.000000000 0.788729429 1.402185559 0.500000000 0.500000000 0.000000000 0.000000000 0.993250198 0.009568931 -0.115596189 -0.009574342 0.999954036 0.000508436 0.115595741 0.000601753 0.993296161 0.439544278 0.010169239 -1.216200238
0.000000000 0.788729429 1.402185559 0.500000000 0.500000000 0.000000000 0.000000000 0.993239156 0.009578029 -0.115690280 -0.009584600 0.999953942 0.000499504 0.115689736 0.000612718 0.993285211 0.440315641 0.010435300 -1.218322149
0.000000000 0.788729429 1.402185559 0.500000000 0.500000000 0.000000000 0.000000000 0.993228103 0.009587125 -0.115784380 -0.009594857 0.999953848 0.000490574 0.115783740 0.000623683 0.993274250 0.441087428 0.010701390 -1.220443915
0.000000000 0.788729429 1.402185559 0.500000000 0.500000000 0.000000000 0.000000000 0.993217041 0.009596219 -0.115878480 -0.009605114 0.999953754 0.000481645 0.115877743 0.000634648 0.993263281 0.441859637 0.010967509 -1.222565640
0.000000000 0.788729429 1.402185559 0.500000000 0.500000000 0.000000000 0.000000000 0.993205970 0.009605311 -0.115972578 -0.009615371 0.999953660 0.000472719 0.115971745 0.000645612 0.993252303 0.442632235 0.011233657 -1.224687126
0.000000000 0.788729429 1.402185559 0.500000000 0.500000000 0.000000000 0.000000000 0.993194890 0.009614401 -0.116066676 -0.009625627 0.999953565 0.000463794 0.116065746 0.000656577 0.993241316 0.443405254 0.011499835 -1.226808470
0.000000000 0.788729429 1.402185559 0.500000000 0.500000000 0.000000000 0.000000000 0.993183445 0.009639611 -0.116162485 -0.009650359 0.999953324 0.000469891 0.116161593 0.000654322 0.993230112 0.444327330 0.011719649 -1.229053393
0.000000000 0.788729429 1.402185559 0.500000000 0.500000000 0.000000000 0.000000000 0.993171989 0.009664821 -0.116258293 -0.009675091 0.999953082 0.000475992 0.116257439 0.000652067 0.993218900 0.445249854 0.011939402 -1.231298051
0.000000000 0.788729429 1.402185559 0.500000000 0.500000000 0.000000000 0.000000000 0.993160524 0.009690032 -0.116354100 -0.009699823 0.999952839 0.000482099 0.116353284 0.000649813 0.993207678 0.446172815 0.012159095 -1.233542544
0.000000000 0.788729429 1.402185559 0.500000000 0.500000000 0.000000000 0.000000000 0.993149049 0.009715243 -0.116449905 -0.009724553 0.999952596 0.000488210 0.116449128 0.000647558 0.993196446 0.447096247 0.012378726 -1.235786971
0.000000000 0.788729429 1.402185559 0.500000000 0.500000000 0.000000000 0.000000000 0.993137564 0.009740455 -0.116545709 -0.009749283 0.999952352 0.000494325 0.116544971 0.000645304 0.993185206 0.448020106 0.012598296 -1.238031134
0.000000000 0.788729429 1.402185559 0.500000000 0.500000000 0.000000000 0.000000000 0.993126069 0.009765667 -0.116641512 -0.009774013 0.999952108 0.000500446 0.116640813 0.000643050 0.993173956 0.448944424 0.012817805 -1.240275131
0.000000000 0.788729429 1.402185559 0.500000000 0.500000000 0.000000000 0.000000000 0.993114566 0.009790880 -0.116737303 -0.009798741 0.999951863 0.000506571 0.116736644 0.000640795 0.993162698 0.449869179 0.013037252 -1.242519067
0.000000000 0.788729429 1.402185559 0.500000000 0.500000000 0.000000000 0.000000000 0.993103051 0.009816093 -0.116833103 -0.009823469 0.999951617 0.000512701 0.116832483 0.000638541 0.993151430 0.450794393 0.013256638 -1.244762733
0.000000000 0.788729429 1.402185559 0.500000000 0.500000000 0.000000000 0.000000000 0.993091527 0.009841306 -0.116928902 -0.009848196 0.999951371 0.000518836 0.116928322 0.000636287 0.993140153 0.451720046 0.013475963 -1.247006235
0.000000000 0.788729429 1.402185559 0.500000000 0.500000000 0.000000000 0.000000000 0.993079992 0.009866520 -0.117024700 -0.009872923 0.999951124 0.000524976 0.117024160 0.000634033 0.993128866 0.452646158 0.013695226 -1.249249570
0.000000000 0.788729429 1.402185559 0.500000000 0.500000000 0.000000000 0.000000000 0.993068448 0.009891734 -0.117120496 -0.009897649 0.999950876 0.000531121 0.117119996 0.000631779 0.993117570 0.453572719 0.013914429 -1.251492841
0.000000000 0.788729429 1.402185559 0.500000000 0.500000000 0.000000000 0.000000000 0.993056894 0.009916949 -0.117216290 -0.009922375 0.999950628 0.000537270 0.117215831 0.000629524 0.993106265 0.454499727 0.014133570 -1.253735845
0.000000000 0.788729429 1.402185559 0.500000000 0.500000000 0.000000000 0.000000000 0.993046498 0.009937820 -0.117302571 -0.009942538 0.999950423 0.000544954 0.117302171 0.000625121 0.993096073 0.455269796 0.013964588 -1.256002945
0.000000000 0.788729429 1.402185559 0.500000000 0.500000000 0.000000000 0.000000000 0.993036092 0.009958690 -0.117388861 -0.009962700 0.999950218 0.000552641 0.117388521 0.000620717 0.993085872 0.456040268 0.013795550 -1.258269915
0.000000000 0.788729429 1.402185559 0.500000000 0.500000000 0.000000000 0.000000000 0.993025678 0.009979562 -0.117475150 -0.009982862 0.999950013 0.000560333 0.117474869 0.000616314 0.993075664 0.456811130 0.013626455 -1.260536759
0.000000000 0.788729429 1.402185559 0.500000000 0.500000000 0.000000000 0.000000000 0.993015258 0.010000435 -0.117561427 -0.010003024 0.999949807 0.000568027 0.117561207 0.000611910 0.993065450 0.457582358 0.013457304 -1.262803382
0.000000000 0.788729429 1.402185559 0.500000000 0.500000000 0.000000000 0.000000000 0.993004828 0.010021309 -0.117647713 -0.010023185 0.999949601 0.000575725 0.117647553 0.000607507 0.993055227 0.458354011 0.013288096 -1.265069973
0.000000000 0.788729429 1.402185559 0.500000000 0.500000000 0.000000000 0.000000000 0.992994391 0.010042183 -0.117733998 -0.010043346 0.999949394 0.000583427 0.117733899 0.000603104 0.993044997 0.459126045 0.013118832 -1.267336438
0.000000000 0.788729429 1.402185559 0.500000000 0.500000000 0.000000000 0.000000000 0.992983947 0.010063059 -0.117820272 -0.010063506 0.999949187 0.000591132 0.117820234 0.000598700 0.993034760 0.459898456 0.012949512 -1.269602782
0.000000000 0.788729429 1.402185559 0.500000000 0.500000000 0.000000000 0.000000000 0.992973493 0.010083934 -0.117906555 -0.010083665 0.999948979 0.000598841 0.117906578 0.000594297 0.993024514 0.460671271 0.012780135 -1.271868995
0.000000000 0.788729429 1.402185559 0.500000000 0.500000000 0.000000000 0.000000000 0.992963032 0.010104810 -0.117992837 -0.010103824 0.999948771 0.000606553 0.117992921 0.000589894 0.993014261 0.461444464 0.012610701 -1.274134982
0.000000000 0.788729429 1.402185559 0.500000000 0.500000000 0.000000000 0.000000000 0.992952564 0.010125688 -0.118079107 -0.010123983 0.999948563 0.000614268 0.118079253 0.000585491 0.993004002 0.462218047 0.012441211 -1.276400947
0.000000000 0.788729429 1.402185559 0.500000000 0.500000000 0.000000000 0.000000000 0.992942087 0.010146566 -0.118165386 -0.010144141 0.999948353 0.000621988 0.118165594 0.000581089 0.992993733 0.462992043 0.012271664 -1.278666780
0.000000000 0.788729429 1.402185559 0.500000000 0.500000000 0.000000000 0.000000000 0.992931602 0.010167445 -0.118251664 -0.010164299 0.999948144 0.000629710 0.118251935 0.000576686 0.992983458 0.463766419 0.012102061 -1.280932487
0.000000000 0.788729429 1.402185559 0.500000000 0.500000000 0.000000000 0.000000000 0.992921139 0.010168483 -0.118339404 -0.010166611 0.999948127 0.000619516 0.118339565 0.000587980 0.992973012 0.464467840 0.012378872 -1.283076082
0.000000000 0.788729429 1.402185559 0.500000000 0.500000000 0.000000000 0.000000000 0.992910666 0.010169520 -0.118427153 -0.010168922 0.999948110 0.000609323 0.118427205 0.000599273 0.992962556 0.465169667 0.012655727 -1.285219552
0.000000000 0.788729429 1.402185559 0.500000000 0.500000000 0.000000000 0.000000000 0.992900185 0.010170555 -0.118514901 -0.010171235 0.999948092 0.000599130 0.118514843 0.000610566 0.992952093 0.465871889 0.012932625 -1.287363002
0.000000000 0.788729429 1.402185559 0.500000000 0.500000000 0.000000000 0.000000000 0.992889697 0.010171587 -0.118602649 -0.010173547 0.999948075 0.000588938 0.118602480 0.000621859 0.992941622 0.466574472 0.013209569 -1.289506234
0.000000000 0.788729429 1.402185559 0.500000000 0.500000000 0.000000000 0.000000000 0.992879201 0.010172618 -0.118690395 -0.010175858 0.999948057 0.000578745 0.118690117 0.000633152 0.992931143 0.467277448 0.013486554 -1.291649345
0.000000000 0.788729429 1.402185559 0.500000000 0.500000000 0.000000000 0.000000000 0.992868697 0.010173647 -0.118778140 -0.010178170 0.999948039 0.000568554 0.118777753 0.000644445 0.992920657 0.467980797 0.013763583 -1.293792337
0.000000000 0.788729429 1.402185559 0.500000000 0.500000000 0.000000000 0.000000000 0.992858186 0.010174673 -0.118865885 -0.010180481 0.999948022 0.000558363 0.118865387 0.000655737 0.992910162 0.468684539 0.014040657 -1.295935208
0.000000000 0.788729429 1.402185559 0.500000000 0.500000000 0.000000000 0.000000000 0.992847667 0.010175698 -0.118953628 -0.010182792 0.999948004 0.000548172 0.118953021 0.000667029 0.992899659 0.469388676 0.014317774 -1.298078059
0.000000000 0.788729429 1.402185559 0.500000000 0.500000000 0.000000000 0.000000000 0.992837140 0.010176721 -0.119041371 -0.010185104 0.999947986 0.000537981 0.119040654 0.000678321 0.992889149 0.470093174 0.014594934 -1.300220691
0.000000000 0.788729429 1.402185559 0.500000000 0.500000000 0.000000000 0.000000000 0.992826606 0.010177741 -0.119129103 -0.010187415 0.999947968 0.000527791 0.119128276 0.000689612 0.992878632 0.470798052 0.014872138 -1.302363207
0.000000000 0.788729429 1.402185559 0.500000000 0.500000000 0.000000000 0.000000000 0.992816064 0.010178760 -0.119216844 -0.010189725 0.999947949 0.000517602 0.119215907 0.000700904 0.992868106 0.471503316 0.015149386 -1.304505600
0.000000000 0.788729429 1.402185559 0.500000000 0.500000000 0.000000000 0.000000000 0.992805514 0.010179777 -0.119304584 -0.010192037 0.999947931 0.000507412 0.119303537 0.000712195 0.992857572 0.472208973 0.015426677 -1.306647871
0.000000000 0.788729429 1.402185559 0.500000000 0.500000000 0.000000000 0.000000000 0.992793392 0.010181228 -0.119405294 -0.010194481 0.999947910 0.000499845 0.119404163 0.000721032 0.992845469 0.472899755 0.015567645 -1.308882487
0.000000000 0.788729429 1.402185559 0.500000000 0.500000000 0.000000000 0.000000000 0.992781259 0.010182676 -0.119506002 -0.010196924 0.999947889 0.000492279 0.119504787 0.000729869 0.992833356 0.473590974 0.015708646 -1.311116877
0.000000000 0.788729429 1.402185559 0.500000000 0.500000000 0.000000000 0.000000000 0.992769117 0.010184123 -0.119606709 -0.010199368 0.999947868 0.000484713 0.119605410 0.000738705 0.992821233 0.474282661 0.015849680 -1.313351136
0.000000000 0.788729429 1.402185559 0.500000000 0.500000000 0.000000000 0.000000000 0.992756965 0.010185569 -0.119707405 -0.010201812 0.999947846 0.000477147 0.119706022 0.000747541 0.992809100 0.474974783 0.015990748 -1.315585273
0.000000000 0.788729429 1.402185559 0.500000000 0.500000000 0.000000000 0.000000000 0.992744802 0.010187012 -0.119808110 -0.010204255 0.999947825 0.000469582 0.119806643 0.000756377 0.992796956 0.475667400 0.016131849 -1.317819374
0.000000000 0.788729429 1.402185559 0.500000000 0.500000000 0.000000000 0.000000000 0.992732629 0.010188453 -0.119908814 -0.010206697 0.999947804 0.000462018 0.119907262 0.000765213 0.992784802 0.476360462 0.016272983 -1.320053246
0.000000000 0.788729429 1.402185559 0.500000000 0.500000000 0.000000000 0.000000000 0.992720445 0.010189893 -0.120009516 -0.010209141 0.999947782 0.000454454 0.120007880 0.000774049 0.992772637 0.477053974 0.016414150 -1.322286991
0.000000000 0.788729429 1.402185559 0.500000000 0.500000000 0.000000000 0.000000000 0.992708253 0.010191332 -0.120110207 -0.010211584 0.999947761 0.000446890 0.120108487 0.000782884 0.992760464 0.477747940 0.016555351 -1.324520609
0.000000000 0.788729429 1.402185559 0.500000000 0.500000000 0.000000000 0.000000000 0.992696049 0.010192768 -0.120210907 -0.010214026 0.999947739 0.000439327 0.120209103 0.000791719 0.992748279 0.478442381 0.016696585 -1.326754194
0.000000000 0.788729429 1.402185559 0.500000000 0.500000000 0.000000000 0.000000000 0.992683835 0.010194202 -0.120311606 -0.010216468 0.999947717 0.000431764 0.120309717 0.000800554 0.992736083 0.479137277 0.016837853 -1.328987550
0.000000000 0.788729429 1.402185559 0.500000000 0.500000000 0.000000000 0.000000000 0.992671610 0.010195635 -0.120412304 -0.010218911 0.999947696 0.000424203 0.120410331 0.000809389 0.992723878 0.479832623 0.016979153 -1.331220776
0.000000000 0.788729429 1.402185559 0.500000000 0.500000000 0.000000000 0.000000000 0.992659376 0.010197066 -0.120513000 -0.010221353 0.999947674 0.000416641 0.120510943 0.000818223 0.992711662 0.480528448 0.017120487 -1.333453972
0.000000000 0.788729429 1.402185559 0.500000000 0.500000000 0.000000000 0.000000000 0.992649265 0.010201565 -0.120595876 -0.010225329 0.999947631 0.000421784 0.120593863 0.000814449 0.992701595 0.481199962 0.017088789 -1.335577663
0.000000000 0.788729429 1.402185559 0.500000000 0.500000000 0.000000000 0.000000000 0.992639145 0.010206066 -0.120678761 -0.010229306 0.999947588 0.000426928 0.120676793 0.000810675 0.992691520 0.481871850 0.017057066 -1.337701348
0.000000000 0.788729429 1.402185559 0.500000000 0.500000000 0.000000000 0.000000000 0.992629019 0.010210566 -0.120761645 -0.010233282 0.999947545 0.000432072 0.120759722 0.000806901 0.992681439 0.482544104 0.017025318 -1.339824927
0.000000000 0.788729429 1.402185559 0.500000000 0.500000000 0.000000000 0.000000000 0.992618887 0.010215068 -0.120844518 -0.010237258 0.999947502 0.000437217 0.120842641 0.000803127 0.992671351 0.483216704 0.016993542 -1.341948409
0.000000000 0.788729429 1.402185559 0.500000000 0.500000000 0.000000000 0.000000000 0.992608747 0.010219570 -0.120927401 -0.010241235 0.999947459 0.000442362 0.120925568 0.000799353 0.992661255 0.483889664 0.016961741 -1.344071783
0.000000000 0.788729429 1.402185559 0.500000000 0.500000000 0.000000000 0.000000000 0.992598601 0.010224072 -0.121010272 -0.010245210 0.999947416 0.000447509 0.121008485 0.000795579 0.992651154 0.484562979 0.016929914 -1.346195058
0.000000000 0.788729429 1.402185559 0.500000000 0.500000000 0.000000000 0.000000000 0.992588447 0.010228576 -0.121093153 -0.010249186 0.999947373 0.000452656 0.121091410 0.000791805 0.992641045 0.485236642 0.016898060 -1.348318127
0.000000000 0.788729429 1.402185559 0.500000000 0.500000000 0.000000000 0.000000000 0.992578286 0.010233079 -0.121176033 -0.010253161 0.999947330 0.000457803 0.121174335 0.000788032 0.992630928 0.485910685 0.016866181 -1.350441190
0.000000000 0.788729429 1.402185559 0.500000000 0.500000000 0.000000000 0.000000000 0.992568119 0.010237584 -0.121258902 -0.010257137 0.999947287 0.000462952 0.121257249 0.000784258 0.992620806 0.486585073 0.016834275 -1.352564155
0.000000000 0.788729429 1.402185559 0.500000000 0.500000000 0.000000000 0.000000000 0.992557944 0.010242089 -0.121341780 -0.010261112 0.999947244 0.000468101 0.121340172 0.000780485 0.992610676 0.487259821 0.016802345 -1.354687013
0.000000000 0.788729429 1.402185559 0.500000000 0.500000000 0.000000000 0.000000000 0.992547762 0.010246595 -0.121424657 -0.010265087 0.999947201 0.000473250 0.121423095 0.000776711 0.992600538 0.487934937 0.016770387 -1.356809766
0.000000000 0.788729429 1.402185559 0.500000000 0.500000000 0.000000000 0.000000000 0.992537575 0.010251101 -0.121507523 -0.010269062 0.999947157 0.000478401 0.121506006 0.000772938 0.992590395 0.488610397 0.016738403 -1.358932421
0.000000000 0.788729429 1.402185559 0.500000000 0.500000000 0.000000000 0.000000000 0.992525696 0.010262367 -0.121603564 -0.010279952 0.999947043 0.000482775 0.121602078 0.000770912 0.992578632 0.489593205 0.017064133 -1.361151063
0.000000000 0.788729429 1.402185559 0.500000000 0.500000000 0.000000000 0.000000000 0.992513809 0.010273634 -0.121699594 -0.010290842 0.999946929 0.000487152 0.121698140 0.000768886 0.992566860 0.490576463 0.017389826 -1.363369633
0.000000000 0.788729429 1.402185559 0.500000000 0.500000000 0.000000000 0.000000000 0.992501913 0.010284901 -0.121795622 -0.010301731 0.999946815 0.000491531 0.121794200 0.000766860 0.992555079 0.491560140 0.017715484 -1.365587929
0.000000000 0.788729429 1.402185559 0.500000000 0.500000000 0.000000000 0.000000000 0.992490007 0.010296169 -0.121891649 -0.010312620 0.999946701 0.000495912 0.121890259 0.000764834 0.992543289 0.492544258 0.018041106 -1.367806050
0.000000000 0.788729429 1.402185559 0.500000000 0.500000000 0.000000000 0.000000000 0.992478092 0.010307436 -0.121987676 -0.010323508 0.999946586 0.000500295 0.121986316 0.000762809 0.992531489 0.493528840 0.018366692 -1.370024093
0.000000000 0.788729429 1.402185559 0.500000000 0.500000000 0.000000000 0.000000000 0.992466168 0.010318705 -0.122083700 -0.010334397 0.999946471 0.000504681 0.122082373 0.000760783 0.992519680 0.494513840 0.018692241 -1.372241862
0.000000000 0.788729429 1.402185559 0.500000000 0.500000000 0.000000000 0.000000000 0.992454234 0.010329974 -0.122179724 -0.010345285 0.999946357 0.000509068 0.122178429 0.000758757 0.992507862 0.495499304 0.019017755 -1.374459554
0.000000000 0.788729429 1.402185559 0.500000000 0.500000000 0.000000000 0.000000000 0.992442291 0.010341242 -0.122275747 -0.010356172 0.999946242 0.000513458 0.122274483 0.000756731 0.992496034 0.496485187 0.019343233 -1.376676972
0.000000000 0.788729429 1.402185559 0.500000000 0.500000000 0.000000000 0.000000000 0.992430338 0.010352512 -0.122371768 -0.010367059 0.999946127 0.000517849 0.122370536 0.000754706 0.992484197 0.497471534 0.019668675 -1.378894312
0.000000000 0.788729429 1.402185559 0.500000000 0.500000000 0.000000000 0.000000000 0.992418375 0.010363781 -0.122467798 -0.010377945 0.999946011 0.000522243 0.122466598 0.000752680 0.992472350 0.498458313 0.019994082 -1.381111373
0.000000000 0.788729429 1.402185559 0.500000000 0.500000000 0.000000000 0.000000000 0.992406403 0.010375052 -0.122563816 -0.010388832 0.999945896 0.000526639 0.122562649 0.000750655 0.992460495 0.499445542 0.020319451 -1.383328361
