0.000000000 0.758968651 1.349277973 0.500000000 0.500000000 0.000000000 0.000000000 0.972931214 0.009836693 -0.230885451 -0.012034024 0.999894695 -0.008110606 0.230781356 0.010669543 0.972947134 0.528351305 0.042793645 -0.481749390
0.000000000 0.758968651 1.349277973 0.500000000 0.500000000 0.000000000 0.000000000 0.972927172 0.009819946 -0.230903196 -0.012029402 0.999894325 -0.008162831 0.230798637 0.010719468 0.972942487 0.529109877 0.042962157 -0.482106087
0.000000000 0.758968651 1.349277973 0.500000000 0.500000000 0.000000000 0.000000000 0.972923130 0.009803197 -0.230920939 -0.012024779 0.999893953 -0.008215057 0.230815917 0.010769393 0.972937836 0.529868448 0.043130733 -0.482462745
0.000000000 0.758968651 1.349277973 0.500000000 0.500000000 0.000000000 0.000000000 0.972919087 0.009786447 -0.230938682 -0.012020158 0.999893578 -0.008267283 0.230833198 0.010819317 0.972933182 0.530627036 0.043299368 -0.482819357
0.000000000 0.758968651 1.349277973 0.500000000 0.500000000 0.000000000 0.000000000 0.972912264 0.009771768 -0.230968047 -0.012014271 0.999893339 -0.008304638 0.230862261 0.010854597 0.972925894 0.531428626 0.043448470 -0.483207763
0.000000000 0.758968651 1.349277973 0.500000000 0.500000000 0.000000000 0.000000000 0.972905440 0.009757087 -0.230997411 -0.012008385 0.999893099 -0.008341994 0.230891324 0.010889877 0.972918603 0.532230239 0.043597621 -0.483596120
0.000000000 0.758968651 1.349277973 0.500000000 0.500000000 0.000000000 0.000000000 0.972898613 0.009742403 -0.231026784 -0.012002498 0.999892858 -0.008379351 0.230920396 0.010925158 0.972911307 0.533031868 0.043746826 -0.483984417
0.000000000 0.758968651 1.349277973 0.500000000 0.500000000 0.000000000 0.000000000 0.972891787 0.009727719 -0.231056146 -0.011996613 0.999892614 -0.008416707 0.230949459 0.010960437 0.972904012 0.533833518 0.043896079 -0.484372650
0.000000000 0.758968651 1.349277973 0.500000000 0.500000000 0.000000000 0.000000000 0.972884960 0.009713031 -0.231085508 -0.011990726 0.999892370 -0.008454064 0.230978521 0.010995715 0.972896714 0.534635191 0.044045384 -0.484760834
0.000000000 0.758968651 1.349277973 0.500000000 0.500000000 0.000000000 0.000000000 0.972878132 0.009698341 -0.231114868 -0.011984840 0.999892124 -0.008491421 0.231007583 0.011030993 0.972889415 0.535436884 0.044194741 -0.485148961
0.000000000 0.758968651 1.349277973 0.500000000 0.500000000 0.000000000 0.000000000 0.972871303 0.009683651 -0.231144227 -0.011978955 0.999891876 -0.008528778 0.231036645 0.011066270 0.972882113 0.536238595 0.044344148 -0.485537021
0.000000000 0.758968651 1.349277973 0.500000000 0.500000000 0.000000000 0.000000000 0.972864474 0.009668956 -0.231173586 -0.011973069 0.999891628 -0.008566137 0.231065707 0.011101548 0.972874809 0.537040328 0.044493608 -0.485925033
0.000000000 0.758968651 1.349277973 0.500000000 0.500000000 0.000000000 0.000000000 0.972857643 0.009654260 -0.231202943 -0.011967183 0.999891377 -0.008603495 0.231094769 0.011136824 0.972867503 0.537842081 0.044643118 -0.486312987
0.000000000 0.758968651 1.349277973 0.500000000 0.500000000 0.000000000 0.000000000 0.972850812 0.009639562 -0.231232299 -0.011961297 0.999891126 -0.008640854 0.231123830 0.011172100 0.972860195 0.538643852 0.044792679 -0.486700873
0.000000000 0.758968651 1.349277973 0.500000000 0.500000000 0.000000000 0.000000000 0.972843980 0.009624863 -0.231261655 -0.011955412 0.999890872 -0.008678212 0.231152891 0.011207375 0.972852885 0.539445645 0.044942291 -0.487088712
0.000000000 0.758968651 1.349277973 0.500000000 0.500000000 0.000000000 0.000000000 0.972837147 0.009610160 -0.231291009 -0.011949526 0.999890618 -0.008715572 0.231181952 0.011242650 0.972845572 0.540247457 0.045091954 -0.487476493
0.000000000 0.758968651 1.349277973 0.500000000 0.500000000 0.000000000 0.000000000 0.972831192 0.009588746 -0.231316943 -0.011932649 0.999890642 -0.008735874 0.231207880 0.011258755 0.972839224 0.541121461 0.045089132 -0.487844716
0.000000000 0.758968651 1.349277973 0.500000000 0.500000000 0.000000000 0.000000000 0.972825236 0.009567330 -0.231342875 -0.011915772 0.999890666 -0.008756178 0.231233808 0.011274860 0.972832875 0.541995487 0.045086359 -0.488212903
0.000000000 0.758968651 1.349277973 0.500000000 0.500000000 0.000000000 0.000000000 0.972819280 0.009545914 -0.231368806 -0.011898895 0.999890689 -0.008776482 0.231259736 0.011290964 0.972826526 0.542869533 0.045083637 -0.488581043
0.000000000 0.758968651 1.349277973 0.500000000 0.500000000 0.000000000 0.000000000 0.972813324 0.009524497 -0.231394727 -0.011882019 0.999890711 -0.008796787 0.231285653 0.011307068 0.972820177 0.543743595 0.045080961 -0.488949143
0.000000000 0.758968651 1.349277973 0.500000000 0.500000000 0.000000000 0.000000000 0.972807366 0.009503079 -0.231420657 -0.011865142 0.999890733 -0.008817093 0.231311581 0.011323172 0.972813825 0.544617683 0.045078335 -0.489317191
0.000000000 0.758968651 1.349277973 0.500000000 0.500000000 0.000000000 0.000000000 0.972801406 0.009481661 -0.231446586 -0.011848267 0.999890753 -0.008837400 0.231337508 0.011339276 0.972807472 0.545491791 0.045075758 -0.489685193
0.000000000 0.758968651 1.349277973 0.500000000 0.500000000 0.000000000 0.000000000 0.972795446 0.009460241 -0.231472514 -0.011831391 0.999890774 -0.008857707 0.231363435 0.011355379 0.972801119 0.546365920 0.045073229 -0.490053149
0.000000000 0.758968651 1.349277973 0.500000000 0.500000000 0.000000000 0.000000000 0.972789484 0.009438821 -0.231498441 -0.011814516 0.999890793 -0.008878016 0.231389362 0.011371483 0.972794764 0.547240069 0.045070751 -0.490421059
0.000000000 0.758968651 1.349277973 0.500000000 0.500000000 0.000000000 0.000000000 0.972783522 0.009417399 -0.231524367 -0.011797640 0.999890812 -0.008898326 0.231415288 0.011387586 0.972788408 0.548114239 0.045068321 -0.490788923
0.000000000 0.758968651 1.349277973 0.500000000 0.500000000 0.000000000 0.000000000 0.972777560 0.009395977 -0.231550283 -0.011780765 0.999890830 -0.008918636 0.231441205 0.011403689 0.972782054 0.548988425 0.045065940 -0.491156746
0.000000000 0.758968651 1.349277973 0.500000000 0.500000000 0.000000000 0.000000000 0.972771596 0.009374553 -0.231576207 -0.011763890 0.999890847 -0.008938948 0.231467131 0.011419792 0.972775696 0.549862636 0.045063608 -0.491524518
0.000000000 0.758968651 1.349277973 0.500000000 0.500000000 0.000000000 0.000000000 0.972765630 0.009353130 -0.231602131 -0.011747016 0.999890864 -0.008959260 0.231493058 0.011435894 0.972769338 0.550736867 0.045061324 -0.491892243
0.000000000 0.758968651 1.349277973 0.500000000 0.500000000 0.000000000 0.000000000 0.972762404 0.009332424 -0.231616517 -0.011721412 0.999891333 -0.008940377 0.231507913 0.011411735 0.972766086 0.551666135 0.045059746 -0.492192991
0.000000000 0.758968651 1.349277973 0.500000000 0.500000000 0.000000000 0.000000000 0.972759179 0.009311719 -0.231630895 -0.011695809 0.999891802 -0.008921495 0.231522758 0.011387577 0.972762836 0.552595418 0.045058192 -0.492493714
0.000000000 0.758968651 1.349277973 0.500000000 0.500000000 0.000000000 0.000000000 0.972755951 0.009291014 -0.231645283 -0.011670205 0.999892269 -0.008902614 0.231537613 0.011363419 0.972759583 0.553524715 0.045056660 -0.492794404
0.000000000 0.758968651 1.349277973 0.500000000 0.500000000 0.000000000 0.000000000 0.972752724 0.009270311 -0.231659662 -0.011644603 0.999892735 -0.008883734 0.231552459 0.011339261 0.972756331 0.554454017 0.045055153 -0.493095070
0.000000000 0.758968651 1.349277973 0.500000000 0.500000000 0.000000000 0.000000000 0.972749494 0.009249607 -0.231674053 -0.011619000 0.999893201 -0.008864853 0.231567314 0.011315102 0.972753076 0.555383333 0.045053668 -0.493395703
0.000000000 0.758968651 1.349277973 0.500000000 0.500000000 0.000000000 0.000000000 0.972746263 0.009228905 -0.231688444 -0.011593397 0.999893665 -0.008845974 0.231582169 0.011290945 0.972749821 0.556312659 0.045052205 -0.493696308
0.000000000 0.758968651 1.349277973 0.500000000 0.500000000 0.000000000 0.000000000 0.972743034 0.009208203 -0.231702826 -0.011567795 0.999894129 -0.008827097 0.231597014 0.011266787 0.972746567 0.557241979 0.045050768 -0.493996893
0.000000000 0.758968651 1.349277973 0.500000000 0.500000000 0.000000000 0.000000000 0.972739801 0.009187503 -0.231717219 -0.011542193 0.999894591 -0.008808219 0.231611868 0.011242630 0.972743309 0.558171324 0.045049352 -0.494297441
0.000000000 0.758968651 1.349277973 0.500000000 0.500000000 0.000000000 0.000000000 0.972736567 0.009166802 -0.231731613 -0.011516590 0.999895052 -0.008789342 0.231626723 0.011218472 0.972740051 0.559100680 0.045047961 -0.494597971
0.000000000 0.758968651 1.349277973 0.500000000 0.500000000 0.000000000 0.000000000 0.972733335 0.009146103 -0.231745998 -0.011490989 0.999895513 -0.008770466 0.231641568 0.011194315 0.972736794 0.560030039 0.045046593 -0.494898469
0.000000000 0.758968651 1.349277973 0.500000000 0.500000000 0.000000000 0.000000000 0.972730100 0.009125404 -0.231760394 -0.011465387 0.999895972 -0.008751591 0.231656423 0.011170159 0.972733535 0.560959412 0.045045247 -0.495198933
0.000000000 0.758968651 1.349277973 0.500000000 0.500000000 0.000000000 0.000000000 0.972726866 0.009104706 -0.231774781 -0.011439786 0.999896430 -0.008732716 0.231671268 0.011146001 0.972730276 0.561888789 0.045043925 -0.495499374
0.000000000 0.758968651 1.349277973 0.500000000 0.500000000 0.000000000 0.000000000 0.972727574 0.009087786 -0.231772471 -0.011411202 0.999897165 -0.008685843 0.231669702 0.011093762 0.972731246 0.562833691 0.045082124 -0.495722051
0.000000000 0.758968651 1.349277973 0.500000000 0.500000000 0.000000000 0.000000000 0.972728285 0.009070868 -0.231770153 -0.011382620 0.999897897 -0.008638970 0.231668126 0.011041522 0.972732216 0.563778585 0.045120330 -0.495944742
0.000000000 0.758968651 1.349277973 0.500000000 0.500000000 0.000000000 0.000000000 0.972728994 0.009053947 -0.231767837 -0.011354037 0.999898626 -0.008592097 0.231666550 0.010989283 0.972733183 0.564723471 0.045158547 -0.496167453
0.000000000 0.758968651 1.349277973 0.500000000 0.500000000 0.000000000 0.000000000 0.972729702 0.009037028 -0.231765524 -0.011325455 0.999899352 -0.008545223 0.231664974 0.010937042 0.972734147 0.565668362 0.045196770 -0.496390160
0.000000000 0.758968651 1.349277973 0.500000000 0.500000000 0.000000000 0.000000000 0.972730410 0.009020107 -0.231763213 -0.011296872 0.999900074 -0.008498349 0.231663398 0.010884802 0.972735108 0.566613251 0.045235004 -0.496612876
0.000000000 0.758968651 1.349277973 0.500000000 0.500000000 0.000000000 0.000000000 0.972731115 0.009003186 -0.231760914 -0.011268289 0.999900794 -0.008451476 0.231661832 0.010832562 0.972736065 0.567558144 0.045273248 -0.496835594
0.000000000 0.758968651 1.349277973 0.500000000 0.500000000 0.000000000 0.000000000 0.972731821 0.008986266 -0.231758607 -0.011239706 0.999901511 -0.008404601 0.231660256 0.010780322 0.972737020 0.568503032 0.045311499 -0.497058335
0.000000000 0.758968651 1.349277973 0.500000000 0.500000000 0.000000000 0.000000000 0.972732526 0.008969345 -0.231756303 -0.011211123 0.999902225 -0.008357728 0.231658680 0.010728082 0.972737973 0.569447915 0.045349761 -0.497281075
0.000000000 0.758968651 1.349277973 0.500000000 0.500000000 0.000000000 0.000000000 0.972733230 0.008952424 -0.231754001 -0.011182541 0.999902936 -0.008310853 0.231657104 0.010675841 0.972738923 0.570392798 0.045388030 -0.497503824
0.000000000 0.758968651 1.349277973 0.500000000 0.500000000 0.000000000 0.000000000 0.972733934 0.008935503 -0.231751702 -0.011153957 0.999903643 -0.008263978 0.231655528 0.010623601 0.972739870 0.571337680 0.045426308 -0.497726590
0.000000000 0.758968651 1.349277973 0.500000000 0.500000000 0.000000000 0.000000000 0.972734634 0.008918580 -0.231749414 -0.011125374 0.999904348 -0.008217104 0.231653962 0.010571361 0.972740813 0.572282564 0.045464597 -0.497949349
0.000000000 0.758968651 1.349277973 0.500000000 0.500000000 0.000000000 0.000000000 0.972735336 0.008901659 -0.231747119 -0.011096791 0.999905050 -0.008170229 0.231652386 0.010519120 0.972741754 0.573227440 0.045502892 -0.498172121
0.000000000 0.758968651 1.349277973 0.500000000 0.500000000 0.000000000 0.000000000 0.972740641 0.008879571 -0.231725697 -0.011059347 0.999905960 -0.008109330 0.231631899 0.010451009 0.972747367 0.574112694 0.045315231 -0.498542187
0.000000000 0.758968651 1.349277973 0.500000000 0.500000000 0.000000000 0.000000000 0.972745946 0.008857480 -0.231704270 -0.011021902 0.999906866 -0.008048429 0.231611402 0.010382898 0.972752977 0.574997929 0.045127561 -0.498912283
0.000000000 0.758968651 1.349277973 0.500000000 0.500000000 0.000000000 0.000000000 0.972751248 0.008835386 -0.231682856 -0.010984457 0.999907766 -0.007987525 0.231590914 0.010314785 0.972758579 0.575883170 0.044939879 -0.499282375
0.000000000 0.758968651 1.349277973 0.500000000 0.500000000 0.000000000 0.000000000 0.972756547 0.008813289 -0.231661446 -0.010947011 0.999908662 -0.007926620 0.231570427 0.010246672 0.972764177 0.576768404 0.044752190 -0.499652481
0.000000000 0.758968651 1.349277973 0.500000000 0.500000000 0.000000000 0.000000000 0.972761847 0.008791189 -0.231640030 -0.010909564 0.999909552 -0.007865715 0.231549929 0.010178559 0.972769771 0.577653618 0.044564492 -0.500022618
0.000000000 0.758968651 1.349277973 0.500000000 0.500000000 0.000000000 0.000000000 0.972767143 0.008769086 -0.231618627 -0.010872118 0.999910437 -0.007804806 0.231529442 0.010110444 0.972775358 0.578538839 0.044376783 -0.500392750
0.000000000 0.758968651 1.349277973 0.500000000 0.500000000 0.000000000 0.000000000 0.972772437 0.008746980 -0.231597228 -0.010834671 0.999911317 -0.007743896 0.231508954 0.010042329 0.972780939 0.579424053 0.044189067 -0.500762895
0.000000000 0.758968651 1.349277973 0.500000000 0.500000000 0.000000000 0.000000000 0.972777729 0.008724871 -0.231575833 -0.010797224 0.999912192 -0.007682985 0.231488466 0.009974213 0.972786516 0.580309253 0.044001340 -0.501133066
0.000000000 0.758968651 1.349277973 0.500000000 0.500000000 0.000000000 0.000000000 0.972783022 0.008702760 -0.231554432 -0.010759776 0.999913062 -0.007622071 0.231467968 0.009906096 0.972792089 0.581194448 0.043813605 -0.501503245
0.000000000 0.758968651 1.349277973 0.500000000 0.500000000 0.000000000 0.000000000 0.972788310 0.008680645 -0.231533045 -0.010722328 0.999913927 -0.007561157 0.231447480 0.009837978 0.972797655 0.582079642 0.043625859 -0.501873430
0.000000000 0.758968651 1.349277973 0.500000000 0.500000000 0.000000000 0.000000000 0.972793596 0.008658527 -0.231511661 -0.010684880 0.999914786 -0.007500241 0.231426992 0.009769860 0.972803216 0.582964820 0.043438106 -0.502243632
0.000000000 0.758968651 1.349277973 0.500000000 0.500000000 0.000000000 0.000000000 0.972798881 0.008636406 -0.231490281 -0.010647431 0.999915641 -0.007439322 0.231406503 0.009701741 0.972808772 0.583850003 0.043250343 -0.502613854
0.000000000 0.758968651 1.349277973 0.500000000 0.500000000 0.000000000 0.000000000 0.972808305 0.008629036 -0.231450948 -0.010618485 0.999916601 -0.007351167 0.231368212 0.009608935 0.972818801 0.584599467 0.043115659 -0.503044964
0.000000000 0.758968651 1.349277973 0.500000000 0.500000000 0.000000000 0.000000000 0.972817727 0.008621657 -0.231411618 -0.010589539 0.999917552 -0.007263010 0.231329919 0.009516127 0.972828819 0.585348900 0.042980911 -0.503476113
0.000000000 0.758968651 1.349277973 0.500000000 0.500000000 0.000000000 0.000000000 0.972827147 0.008614271 -0.231372291 -0.010560592 0.999918494 -0.007174850 0.231291627 0.009423317 0.972838828 0.586098296 0.042846098 -0.503907314
0.000000000 0.758968651 1.349277973 0.500000000 0.500000000 0.000000000 0.000000000 0.972836564 0.008606878 -0.231332967 -0.010531644 0.999919428 -0.007086688 0.231253334 0.009330506 0.972848825 0.586847667 0.042711222 -0.504338540
0.000000000 0.758968651 1.349277973 0.500000000 0.500000000 0.000000000 0.000000000 0.972845976 0.008599477 -0.231293656 -0.010502697 0.999920354 -0.006998523 0.231215050 0.009237692 0.972858811 0.587597014 0.042576280 -0.504769800
0.000000000 0.758968651 1.349277973 0.500000000 0.500000000 0.000000000 0.000000000 0.972855389 0.008592069 -0.231254338 -0.010473748 0.999921271 -0.006910356 0.231176757 0.009144877 0.972868788 0.588346327 0.042441275 -0.505201114
0.000000000 0.758968651 1.349277973 0.500000000 0.500000000 0.000000000 0.000000000 0.972864799 0.008584654 -0.231215022 -0.010444800 0.999922179 -0.006822187 0.231138463 0.009052060 0.972878755 0.589095606 0.042306205 -0.505632457
0.000000000 0.758968651 1.349277973 0.500000000 0.500000000 0.000000000 0.000000000 0.972874207 0.008577231 -0.231175710 -0.010415850 0.999923079 -0.006734015 0.231100168 0.008959241 0.972888711 0.589844856 0.042171071 -0.506063839
0.000000000 0.758968651 1.349277973 0.500000000 0.500000000 0.000000000 0.000000000 0.972883610 0.008569801 -0.231136410 -0.010386900 0.999923970 -0.006645841 0.231061884 0.008866420 0.972898655 0.590594081 0.042035872 -0.506495263
0.000000000 0.758968651 1.349277973 0.500000000 0.500000000 0.000000000 0.000000000 0.972893013 0.008562363 -0.231097104 -0.010357949 0.999924852 -0.006557664 0.231023588 0.008773598 0.972908591 0.591343269 0.041900609 -0.506926722
0.000000000 0.758968651 1.349277973 0.500000000 0.500000000 0.000000000 0.000000000 0.972902413 0.008554918 -0.231057801 -0.010328998 0.999925726 -0.006469485 0.230985293 0.008680773 0.972918516 0.592092417 0.041765283 -0.507358222
0.000000000 0.758968651 1.349277973 0.500000000 0.500000000 0.000000000 0.000000000 0.972911812 0.008547464 -0.231018500 -0.010300046 0.999926591 -0.006381304 0.230946997 0.008587947 0.972928431 0.592841545 0.041629892 -0.507789768
0.000000000 0.758968651 1.349277973 0.500000000 0.500000000 0.000000000 0.000000000 0.972924576 0.008551231 -0.230964599 -0.010277082 0.999927530 -0.006270289 0.230894243 0.008474160 0.972941950 0.593563481 0.041569693 -0.508322778
0.000000000 0.758968651 1.349277973 0.500000000 0.500000000 0.000000000 0.000000000 0.972937339 0.008554984 -0.230910691 -0.010254118 0.999928456 -0.006159272 0.230841478 0.008360371 0.972955454 0.594285353 0.041509375 -0.508855857
0.000000000 0.758968651 1.349277973 0.500000000 0.500000000 0.000000000 0.000000000 0.972950096 0.008558725 -0.230856793 -0.010231152 0.999929369 -0.006048252 0.230788722 0.008246578 0.972968941 0.595007176 0.041448940 -0.509389012
0.000000000 0.758968651 1.349277973 0.500000000 0.500000000 0.000000000 0.000000000 0.972962852 0.008562453 -0.230802887 -0.010208186 0.999930269 -0.005937229 0.230735955 0.008132782 0.972982413 0.595728939 0.041388384 -0.509922247
0.000000000 0.758968651 1.349277973 0.500000000 0.500000000 0.000000000 0.000000000 0.972975603 0.008566170 -0.230748992 -0.010185220 0.999931156 -0.005826204 0.230683198 0.008018983 0.972995867 0.596450650 0.041327709 -0.510455549
