0.000000000 0.701019883 1.246257782 0.500000000 0.500000000 0.000000000 0.000000000 0.999999973 0.000086710 -0.000215342 -0.000086603 0.999999873 0.000496382 0.000215385 -0.000496363 0.999999854 0.001672029 -0.003334810 -0.000511420
0.000000000 0.701019883 1.246257782 0.500000000 0.500000000 0.000000000 0.000000000 0.999999975 -0.000099024 0.000199576 0.000099070 0.999999968 -0.000230828 -0.000199553 0.000230847 0.999999953 0.001035071 -0.003233740 -0.001619593
0.000000000 0.701019883 1.246257782 0.500000000 0.500000000 0.000000000 0.000000000 0.999999771 -0.000284155 0.000614764 0.000284744 0.999999501 -0.000957883 -0.000614491 0.000958058 0.999999352 0.000397155 -0.003131298 -0.002727090
0.000000000 0.701019883 1.246257782 0.500000000 0.500000000 0.000000000 0.000000000 0.999999359 -0.000468682 0.001030221 0.000470417 0.999998470 -0.001684783 -0.001029429 0.001685267 0.999998050 -0.000241718 -0.003027485 -0.003833909
0.000000000 0.701019883 1.246257782 0.500000000 0.500000000 0.000000000 0.000000000 0.999998742 -0.000652605 0.001445945 0.000656091 0.999996877 -0.002411529 -0.001444367 0.002412474 0.999996047 -0.000881549 -0.002922300 -0.004940047
0.000000000 0.701019883 1.246257782 0.500000000 0.500000000 0.000000000 0.000000000 0.999997917 -0.000835923 0.001861938 0.000841763 0.999994722 -0.003138119 -0.001859305 0.003139679 0.999993343 -0.001522337 -0.002815746 -0.006045501
0.000000000 0.701019883 1.246257782 0.500000000 0.500000000 0.000000000 0.000000000 0.999996886 -0.001018636 0.002278197 0.001027436 0.999992005 -0.003864552 -0.002274242 0.003866881 0.999989937 -0.002164084 -0.002707822 -0.007150270
0.000000000 0.701019883 1.246257782 0.500000000 0.500000000 0.000000000 0.000000000 0.999995648 -0.001200745 0.002694721 0.001213108 0.999988726 -0.004590830 -0.002689179 0.004594079 0.999985831 -0.002806790 -0.002598529 -0.008254352
0.000000000 0.701019883 1.246257782 0.500000000 0.500000000 0.000000000 0.000000000 0.999994204 -0.001382248 0.003111511 0.001398779 0.999984887 -0.005316950 -0.003104115 0.005321271 0.999981024 -0.003450455 -0.002487869 -0.009357743
0.000000000 0.701019883 1.246257782 0.500000000 0.500000000 0.000000000 0.000000000 0.999992553 -0.001563145 0.003528566 0.001584449 0.999980486 -0.006042913 -0.003519051 0.006048458 0.999975516 -0.004095078 -0.002375841 -0.010460442
0.000000000 0.701019883 1.246257782 0.500000000 0.500000000 0.000000000 0.000000000 0.999990695 -0.001743436 0.003945883 0.001770118 0.999975525 -0.006768717 -0.003933986 0.006775639 0.999969307 -0.004740662 -0.002262446 -0.011562446
0.000000000 0.701019883 1.246257782 0.500000000 0.500000000 0.000000000 0.000000000 0.999988631 -0.001923121 0.004363464 0.001955787 0.999970004 -0.007494364 -0.004348920 0.007502813 0.999962397 -0.005387205 -0.002147685 -0.012663753
0.000000000 0.701019883 1.246257782 0.500000000 0.500000000 0.000000000 0.000000000 0.999986811 -0.002104880 0.004684874 0.002142842 0.999964795 -0.008112789 -0.004667633 0.008122721 0.999956116 -0.006176112 -0.001928266 -0.013583368
0.000000000 0.701019883 1.246257782 0.500000000 0.500000000 0.000000000 0.000000000 0.999984854 -0.002286242 0.005006511 0.002329896 0.999959169 -0.008731091 -0.004986345 0.008742623 0.999949350 -0.006965690 -0.001707998 -0.014502212
0.000000000 0.701019883 1.246257782 0.500000000 0.500000000 0.000000000 0.000000000 0.999982761 -0.002467205 0.005328373 0.002516949 0.999953127 -0.009349269 -0.005305057 0.009362519 0.999942098 -0.007755938 -0.001486881 -0.015420282
0.000000000 0.701019883 1.246257782 0.500000000 0.500000000 0.000000000 0.000000000 0.999980531 -0.002647770 0.005650460 0.002704002 0.999946669 -0.009967323 -0.005623767 0.009982408 0.999934360 -0.008546857 -0.001264916 -0.016337576
0.000000000 0.701019883 1.246257782 0.500000000 0.500000000 0.000000000 0.000000000 0.999978164 -0.002827937 0.005972772 0.002891053 0.999939795 -0.010585254 -0.005942478 0.010602290 0.999926136 -0.009338446 -0.001042103 -0.017254093
0.000000000 0.701019883 1.246257782 0.500000000 0.500000000 0.000000000 0.000000000 0.999975661 -0.003007704 0.006295308 0.003078103 0.999932506 -0.011203061 -0.006261188 0.011222165 0.999917427 -0.010130705 -0.000818444 -0.018169833
0.000000000 0.701019883 1.246257782 0.500000000 0.500000000 0.000000000 0.000000000 0.999973022 -0.003187073 0.006618068 0.003265152 0.999924802 -0.011820742 -0.006579897 0.011842032 0.999908231 -0.010923634 -0.000593938 -0.019084793
0.000000000 0.701019883 1.246257782 0.500000000 0.500000000 0.000000000 0.000000000 0.999970245 -0.003366042 0.006941051 0.003452199 0.999916682 -0.012438299 -0.006898605 0.012461891 0.999898550 -0.011717235 -0.000368586 -0.019998974
0.000000000 0.701019883 1.246257782 0.500000000 0.500000000 0.000000000 0.000000000 0.999967333 -0.003544612 0.007264258 0.003639246 0.999908148 -0.013055730 -0.007217313 0.013081740 0.999888383 -0.012511506 -0.000142389 -0.020912371
0.000000000 0.701019883 1.246257782 0.500000000 0.500000000 0.000000000 0.000000000 0.999964283 -0.003722783 0.007587687 0.003826291 0.999899199 -0.013673037 -0.007536020 0.013701581 0.999877730 -0.013306448 0.000084653 -0.021824986
0.000000000 0.701019883 1.246257782 0.500000000 0.500000000 0.000000000 0.000000000 0.999961097 -0.003900553 0.007911338 0.004013334 0.999889835 -0.014290217 -0.007854726 0.014321412 0.999866591 -0.014102059 0.000312538 -0.022736816
0.000000000 0.701019883 1.246257782 0.500000000 0.500000000 0.000000000 0.000000000 0.999957520 -0.004112135 0.008249165 0.004232339 0.999884347 -0.014607517 -0.008188142 0.014641810 0.999859276 -0.015208724 0.000613924 -0.023728842
0.000000000 0.701019883 1.246257782 0.500000000 0.500000000 0.000000000 0.000000000 0.999953783 -0.004323501 0.008587126 0.004451342 0.999878713 -0.014924669 -0.008521557 0.014962203 0.999851747 -0.016316185 0.000915467 -0.024719939
0.000000000 0.701019883 1.246257782 0.500000000 0.500000000 0.000000000 0.000000000 0.999949887 -0.004534650 0.008925221 0.004670343 0.999872932 -0.015241672 -0.008854972 0.015282592 0.999844004 -0.017424442 0.001217166 -0.025710103
0.000000000 0.701019883 1.246257782 0.500000000 0.500000000 0.000000000 0.000000000 0.999945832 -0.004745583 0.009263451 0.004889342 0.999867004 -0.015558526 -0.009188385 0.015602975 0.999836047 -0.018533496 0.001519021 -0.026699336
0.000000000 0.701019883 1.246257782 0.500000000 0.500000000 0.000000000 0.000000000 0.999941618 -0.004956299 0.009601814 0.005108339 0.999860931 -0.015875231 -0.009521797 0.015923353 0.999827876 -0.019643345 0.001821031 -0.027687637
0.000000000 0.701019883 1.246257782 0.500000000 0.500000000 0.000000000 0.000000000 0.999937245 -0.005166799 0.009940312 0.005327334 0.999854712 -0.016191786 -0.009855208 0.016243726 0.999819492 -0.020753991 0.002123195 -0.028675004
0.000000000 0.701019883 1.246257782 0.500000000 0.500000000 0.000000000 0.000000000 0.999932713 -0.005377081 0.010278942 0.005546326 0.999848347 -0.016508192 -0.010188618 0.016564092 0.999810894 -0.021865431 0.002425514 -0.029661437
0.000000000 0.701019883 1.246257782 0.500000000 0.500000000 0.000000000 0.000000000 0.999928021 -0.005587148 0.010617707 0.005765316 0.999841837 -0.016824449 -0.010522027 0.016884453 0.999802082 -0.022977667 0.002727986 -0.030646937
0.000000000 0.701019883 1.246257782 0.500000000 0.500000000 0.000000000 0.000000000 0.999923171 -0.005796997 0.010956603 0.005984303 0.999835181 -0.017140557 -0.010855434 0.017204808 0.999793056 -0.024090698 0.003030611 -0.031631500
0.000000000 0.701019883 1.246257782 0.500000000 0.500000000 0.000000000 0.000000000 0.999918161 -0.006006629 0.011295634 0.006203288 0.999828380 -0.017456516 -0.011188841 0.017525158 0.999783816 -0.025204522 0.003333389 -0.032615128
0.000000000 0.701019883 1.246257782 0.500000000 0.500000000 0.000000000 0.000000000 0.999912992 -0.006216045 0.011634797 0.006422271 0.999821434 -0.017772325 -0.011522246 0.017845501 0.999774363 -0.026319141 0.003636318 -0.033597821
0.000000000 0.701019883 1.246257782 0.500000000 0.500000000 0.000000000 0.000000000 0.999908274 -0.006303103 0.011988093 0.006516293 0.999819827 -0.017828403 -0.011873559 0.017904886 0.999769190 -0.027613518 0.003805926 -0.034807860
0.000000000 0.701019883 1.246257782 0.500000000 0.500000000 0.000000000 0.000000000 0.999903423 -0.006390119 0.012341398 0.006610314 0.999818209 -0.017884416 -0.012224870 0.017964269 0.999763891 -0.028908782 0.003975432 -0.036016973
0.000000000 0.701019883 1.246257782 0.500000000 0.500000000 0.000000000 0.000000000 0.999898441 -0.006477092 0.012694710 0.006704333 0.999816581 -0.017940361 -0.012576180 0.018023648 0.999758465 -0.030204930 0.004144835 -0.037225160
0.000000000 0.701019883 1.246257782 0.500000000 0.500000000 0.000000000 0.000000000 0.999893326 -0.006564024 0.013048031 0.006798350 0.999814942 -0.017996241 -0.012927489 0.018083026 0.999752912 -0.031501965 0.004314135 -0.038432419
0.000000000 0.701019883 1.246257782 0.500000000 0.500000000 0.000000000 0.000000000 0.999888078 -0.006650914 0.013401361 0.006892366 0.999813292 -0.018052053 -0.013278796 0.018142400 0.999747232 -0.032799885 0.004483333 -0.039638752
0.000000000 0.701019883 1.246257782 0.500000000 0.500000000 0.000000000 0.000000000 0.999882699 -0.006737762 0.013754697 0.006986380 0.999811631 -0.018107799 -0.013630100 0.018201771 0.999741425 -0.034098687 0.004652427 -0.040844158
0.000000000 0.701019883 1.246257782 0.500000000 0.500000000 0.000000000 0.000000000 0.999877187 -0.006824568 0.014108042 0.007080392 0.999809960 -0.018163480 -0.013981403 0.018261140 0.999735491 -0.035398375 0.004821418 -0.042048635
0.000000000 0.701019883 1.246257782 0.500000000 0.500000000 0.000000000 0.000000000 0.999871543 -0.006911332 0.014461396 0.007174402 0.999808278 -0.018219093 -0.014332705 0.018320505 0.999729430 -0.036698944 0.004990304 -0.043252183
0.000000000 0.701019883 1.246257782 0.500000000 0.500000000 0.000000000 0.000000000 0.999865766 -0.006998054 0.014814758 0.007268410 0.999806585 -0.018274641 -0.014684005 0.018379868 0.999723242 -0.038000398 0.005159088 -0.044454802
0.000000000 0.701019883 1.246257782 0.500000000 0.500000000 0.000000000 0.000000000 0.999859857 -0.007084733 0.015168127 0.007362416 0.999804882 -0.018330122 -0.015035303 0.018439227 0.999716927 -0.039302732 0.005327766 -0.045656492
0.000000000 0.701019883 1.246257782 0.500000000 0.500000000 0.000000000 0.000000000 0.999853816 -0.007171371 0.015521504 0.007456421 0.999803168 -0.018385536 -0.015386600 0.018498583 0.999710486 -0.040605950 0.005496341 -0.046857251
0.000000000 0.701019883 1.246257782 0.500000000 0.500000000 0.000000000 0.000000000 0.999847904 -0.007256654 0.015859066 0.007548179 0.999802206 -0.018400376 -0.015722404 0.018517284 0.999704915 -0.041755476 0.005759246 -0.047849961
0.000000000 0.701019883 1.246257782 0.500000000 0.500000000 0.000000000 0.000000000 0.999841870 -0.007341924 0.016196629 0.007639936 0.999801237 -0.018415153 -0.016058207 0.018535983 0.999699230 -0.042905722 0.006021973 -0.048841894
0.000000000 0.701019883 1.246257782 0.500000000 0.500000000 0.000000000 0.000000000 0.999835715 -0.007427181 0.016534192 0.007731691 0.999800260 -0.018429869 -0.016394008 0.018554679 0.999693433 -0.044056687 0.006284523 -0.049833051
0.000000000 0.701019883 1.246257782 0.500000000 0.500000000 0.000000000 0.000000000 0.999829439 -0.007512425 0.016871756 0.007823443 0.999799277 -0.018444522 -0.016729806 0.018573372 0.999687523 -0.045208372 0.006546895 -0.050823433
0.000000000 0.701019883 1.246257782 0.500000000 0.500000000 0.000000000 0.000000000 0.999823042 -0.007597657 0.017209321 0.007915194 0.999798285 -0.018459115 -0.017065604 0.018592063 0.999681499 -0.046360776 0.006809088 -0.051813037
0.000000000 0.701019883 1.246257782 0.500000000 0.500000000 0.000000000 0.000000000 0.999816523 -0.007682876 0.017546886 0.008006943 0.999797286 -0.018473645 -0.017401399 0.018610753 0.999675363 -0.047513898 0.007071103 -0.052801865
0.000000000 0.701019883 1.246257782 0.500000000 0.500000000 0.000000000 0.000000000 0.999809884 -0.007768083 0.017884452 0.008098690 0.999796280 -0.018488113 -0.017737192 0.018629439 0.999669113 -0.048667737 0.007332939 -0.053789915
0.000000000 0.701019883 1.246257782 0.500000000 0.500000000 0.000000000 0.000000000 0.999803123 -0.007853276 0.018222019 0.008190434 0.999795266 -0.018502520 -0.018072983 0.018648123 0.999662751 -0.049822294 0.007594597 -0.054777189
0.000000000 0.701019883 1.246257782 0.500000000 0.500000000 0.000000000 0.000000000 0.999796241 -0.007938457 0.018559585 0.008282177 0.999794244 -0.018516865 -0.018408771 0.018666805 0.999656275 -0.050977568 0.007856076 -0.055763683
0.000000000 0.701019883 1.246257782 0.500000000 0.500000000 0.000000000 0.000000000 0.999789237 -0.008023625 0.018897153 0.008373917 0.999793216 -0.018531148 -0.018744558 0.018685485 0.999649686 -0.052133559 0.008117375 -0.056749400
0.000000000 0.701019883 1.246257782 0.500000000 0.500000000 0.000000000 0.000000000 0.999782113 -0.008108781 0.019234721 0.008465655 0.999792179 -0.018545368 -0.019080343 0.018704162 0.999642984 -0.053290267 0.008378495 -0.057734337
0.000000000 0.701019883 1.246257782 0.500000000 0.500000000 0.000000000 0.000000000 0.999775339 -0.008187603 0.019550826 0.008550389 0.999791463 -0.018545121 -0.019394909 0.018708122 0.999636856 -0.054300251 0.008659777 -0.058700026
0.000000000 0.701019883 1.246257782 0.500000000 0.500000000 0.000000000 0.000000000 0.999768459 -0.008266422 0.019866928 0.008635120 0.999790740 -0.018544821 -0.019709472 0.018712081 0.999630629 -0.055310898 0.008940890 -0.059665085
0.000000000 0.701019883 1.246257782 0.500000000 0.500000000 0.000000000 0.000000000 0.999761473 -0.008345238 0.020183029 0.008719850 0.999790011 -0.018544468 -0.020024033 0.018716037 0.999624303 -0.056322205 0.009221835 -0.060629513
0.000000000 0.701019883 1.246257782 0.500000000 0.500000000 0.000000000 0.000000000 0.999754380 -0.008424052 0.020499127 0.008804577 0.999789276 -0.018544060 -0.020338592 0.018719992 0.999617879 -0.057334171 0.009502611 -0.061593310
0.000000000 0.701019883 1.246257782 0.500000000 0.500000000 0.000000000 0.000000000 0.999747182 -0.008502864 0.020815225 0.008889302 0.999788535 -0.018543600 -0.020653149 0.018723944 0.999611355 -0.058346798 0.009783218 -0.062556475
0.000000000 0.701019883 1.246257782 0.500000000 0.500000000 0.000000000 0.000000000 0.999739877 -0.008581673 0.021131319 0.008974026 0.999787788 -0.018543086 -0.020967704 0.018727895 0.999604733 -0.059360085 0.010063656 -0.063519009
0.000000000 0.701019883 1.246257782 0.500000000 0.500000000 0.000000000 0.000000000 0.999732467 -0.008660479 0.021447412 0.009058747 0.999787034 -0.018542518 -0.021282257 0.018731844 0.999598011 -0.060374030 0.010343925 -0.064480912
0.000000000 0.701019883 1.246257782 0.500000000 0.500000000 0.000000000 0.000000000 0.999724950 -0.008739283 0.021763503 0.009143466 0.999786275 -0.018541897 -0.021596809 0.018735791 0.999591190 -0.061388636 0.010624024 -0.065442182
0.000000000 0.701019883 1.246257782 0.500000000 0.500000000 0.000000000 0.000000000 0.999717327 -0.008818084 0.022079591 0.009228183 0.999785509 -0.018541223 -0.021911357 0.018739736 0.999584271 -0.062403899 0.010903954 -0.066402820
0.000000000 0.701019883 1.246257782 0.500000000 0.500000000 0.000000000 0.000000000 0.999709597 -0.008896882 0.022395677 0.009312898 0.999784737 -0.018540495 -0.022225904 0.018743679 0.999577252 -0.063419821 0.011183715 -0.067362826
0.000000000 0.701019883 1.246257782 0.500000000 0.500000000 0.000000000 0.000000000 0.999701762 -0.008975678 0.022711761 0.009397611 0.999783959 -0.018539713 -0.022540448 0.018747620 0.999570135 -0.064436401 0.011463306 -0.068322199
0.000000000 0.701019883 1.246257782 0.500000000 0.500000000 0.000000000 0.000000000 0.999695167 -0.008993953 0.022993081 0.009421291 0.999783634 -0.018545212 -0.022821312 0.018756183 0.999563601 -0.065504918 0.011772737 -0.069197440
0.000000000 0.701019883 1.246257782 0.500000000 0.500000000 0.000000000 0.000000000 0.999688493 -0.009012224 0.023274399 0.009444969 0.999783309 -0.018550696 -0.023102173 0.018764743 0.999556989 -0.066573946 0.012082129 -0.070072082
0.000000000 0.701019883 1.246257782 0.500000000 0.500000000 0.000000000 0.000000000 0.999681739 -0.009030489 0.023555715 0.009468647 0.999782983 -0.018556168 -0.023383032 0.018773303 0.999550297 -0.067643485 0.012391483 -0.070946126
0.000000000 0.701019883 1.246257782 0.500000000 0.500000000 0.000000000 0.000000000 0.999674905 -0.009048750 0.023837029 0.009492323 0.999782657 -0.018561626 -0.023663889 0.018781861 0.999543527 -0.068713536 0.012700796 -0.071819570
0.000000000 0.701019883 1.246257782 0.500000000 0.500000000 0.000000000 0.000000000 0.999667992 -0.009067006 0.024118342 0.009515998 0.999782331 -0.018567070 -0.023944744 0.018790416 0.999536677 -0.069784097 0.013010069 -0.072692415
0.000000000 0.701019883 1.246257782 0.500000000 0.500000000 0.000000000 0.000000000 0.999661000 -0.009085257 0.024399653 0.009539673 0.999782005 -0.018572502 -0.024225598 0.018798971 0.999529749 -0.070855169 0.013319303 -0.073564661
0.000000000 0.701019883 1.246257782 0.500000000 0.500000000 0.000000000 0.000000000 0.999653928 -0.009103503 0.024680962 0.009563346 0.999781678 -0.018577921 -0.024506449 0.018807524 0.999522742 -0.071926749 0.013628498 -0.074436306
0.000000000 0.701019883 1.246257782 0.500000000 0.500000000 0.000000000 0.000000000 0.999646777 -0.009121744 0.024962270 0.009587018 0.999781351 -0.018583325 -0.024787300 0.018816074 0.999515655 -0.072998841 0.013937652 -0.075307351
0.000000000 0.701019883 1.246257782 0.500000000 0.500000000 0.000000000 0.000000000 0.999639546 -0.009139980 0.025243576 0.009610689 0.999781023 -0.018588717 -0.025068148 0.018824624 0.999508490 -0.074071443 0.014246768 -0.076177796
0.000000000 0.701019883 1.246257782 0.500000000 0.500000000 0.000000000 0.000000000 0.999632236 -0.009158212 0.025524880 0.009634359 0.999780695 -0.018594095 -0.025348993 0.018833173 0.999501246 -0.075144554 0.014555842 -0.077047641
0.000000000 0.701019883 1.246257782 0.500000000 0.500000000 0.000000000 0.000000000 0.999624847 -0.009176438 0.025806182 0.009658027 0.999780367 -0.018599459 -0.025629837 0.018841718 0.999493922 -0.076218174 0.014864877 -0.077916885
0.000000000 0.701019883 1.246257782 0.500000000 0.500000000 0.000000000 0.000000000 0.999617407 -0.009201134 0.026084084 0.009688088 0.999779989 -0.018604130 -0.025907166 0.018849717 0.999486622 -0.077409642 0.015156187 -0.079042574
0.000000000 0.701019883 1.246257782 0.500000000 0.500000000 0.000000000 0.000000000 0.999609889 -0.009225826 0.026361984 0.009718148 0.999779611 -0.018608784 -0.026184493 0.018857714 0.999479244 -0.078601758 0.015447438 -0.080167605
0.000000000 0.701019883 1.246257782 0.500000000 0.500000000 0.000000000 0.000000000 0.999602293 -0.009250513 0.026639884 0.009748207 0.999779232 -0.018613421 -0.026461819 0.018865709 0.999471789 -0.079794522 0.015738630 -0.081291979
