0.000000000 0.738573134 1.313019037 0.500000000 0.500000000 0.000000000 0.000000000 0.999999991 -0.000125469 -0.000038585 0.000125469 0.999999992 -0.000017704 0.000038587 0.000017699 0.999999999 0.000256168 -0.000154437 0.000333316
0.000000000 0.738573134 1.313019037 0.500000000 0.500000000 0.000000000 0.000000000 0.999999799 -0.000076929 -0.000628930 0.000076932 0.999999997 0.000005656 0.000628930 -0.000005704 0.999999802 -0.000317538 0.001911077 -0.019643540
0.000000000 0.738573134 1.313019037 0.500000000 0.500000000 0.000000000 0.000000000 0.999999256 -0.000028360 -0.001219273 0.000028396 0.999999999 0.000029072 0.001219272 -0.000029107 0.999999256 -0.000867457 0.003975712 -0.039621163
0.000000000 0.738573134 1.313019037 0.500000000 0.500000000 0.000000000 0.000000000 0.999998362 0.000020236 -0.001809613 -0.000020141 0.999999998 0.000052546 0.001809614 -0.000052509 0.999998361 -0.001393588 0.006039465 -0.059599532
0.000000000 0.738573134 1.313019037 0.500000000 0.500000000 0.000000000 0.000000000 0.999997118 0.000068860 -0.002399950 -0.000068677 0.999999995 0.000076077 0.002399956 -0.000075912 0.999997117 -0.001895931 0.008102333 -0.079578625
0.000000000 0.738573134 1.313019037 0.500000000 0.500000000 0.000000000 0.000000000 0.999995520 0.000113535 -0.002991095 -0.000113243 0.999999989 0.000097704 0.002991106 -0.000097365 0.999995522 -0.002282803 0.010070370 -0.099404341
0.000000000 0.738573134 1.313019037 0.500000000 0.500000000 0.000000000 0.000000000 0.999993571 0.000158235 -0.003582236 -0.000157809 0.999999980 0.000119383 0.003582255 -0.000118817 0.999993577 -0.002646061 0.012037586 -0.119230622
0.000000000 0.738573134 1.313019037 0.500000000 0.500000000 0.000000000 0.000000000 0.999991271 0.000202961 -0.004173374 -0.000202374 0.999999970 0.000141115 0.004173402 -0.000140269 0.999991281 -0.002985703 0.014003980 -0.139057439
0.000000000 0.738573134 1.313019037 0.500000000 0.500000000 0.000000000 0.000000000 0.999988619 0.000247712 -0.004764509 -0.000246939 0.999999956 0.000162900 0.004764549 -0.000161721 0.999988636 -0.003301730 0.015969548 -0.158884788
0.000000000 0.738573134 1.313019037 0.500000000 0.500000000 0.000000000 0.000000000 0.999985582 0.000317977 -0.005360527 -0.000317066 0.999999935 0.000170826 0.005360581 -0.000169124 0.999985618 -0.003231071 0.018033971 -0.178616850
0.000000000 0.738573134 1.313019037 0.500000000 0.500000000 0.000000000 0.000000000 0.999982184 0.000388250 -0.005956543 -0.000387192 0.999999909 0.000178836 0.005956612 -0.000176527 0.999982244 -0.003136601 0.020098084 -0.198348920
0.000000000 0.738573134 1.313019037 0.500000000 0.500000000 0.000000000 0.000000000 0.999978427 0.000458533 -0.006552556 -0.000457318 0.999999878 0.000186930 0.006552641 -0.000183929 0.999978514 -0.003018321 0.022161879 -0.218080956
0.000000000 0.738573134 1.313019037 0.500000000 0.500000000 0.000000000 0.000000000 0.999974309 0.000528824 -0.007148565 -0.000527442 0.999999842 0.000195107 0.007148667 -0.000191332 0.999974430 -0.002876230 0.024225355 -0.237812948
0.000000000 0.738573134 1.313019037 0.500000000 0.500000000 0.000000000 0.000000000 0.999969662 0.000602701 -0.007766052 -0.000600886 0.999999792 0.000236118 0.007766193 -0.000231445 0.999969816 -0.002390312 0.025888230 -0.257265021
0.000000000 0.738573134 1.313019037 0.500000000 0.500000000 0.000000000 0.000000000 0.999964629 0.000676629 -0.008383531 -0.000674328 0.999999734 0.000277220 0.008383716 -0.000271557 0.999964819 -0.001880125 0.027549459 -0.276716714
0.000000000 0.738573134 1.313019037 0.500000000 0.500000000 0.000000000 0.000000000 0.999959208 0.000750605 -0.009001000 -0.000747770 0.999999670 0.000318412 0.009001236 -0.000311669 0.999959439 -0.001345671 0.029209033 -0.296168006
0.000000000 0.738573134 1.313019037 0.500000000 0.500000000 0.000000000 0.000000000 0.999953402 0.000824632 -0.009618460 -0.000821210 0.999999598 0.000359695 0.009618752 -0.000351780 0.999953677 -0.000786950 0.030866949 -0.315618872
0.000000000 0.738573134 1.313019037 0.500000000 0.500000000 0.000000000 0.000000000 0.999947122 0.000922882 -0.010242170 -0.000918430 0.999999482 0.000439361 0.010242570 -0.000429931 0.999947451 -0.000148598 0.032342935 -0.334948703
0.000000000 0.738573134 1.313019037 0.500000000 0.500000000 0.000000000 0.000000000 0.999940443 0.001021230 -0.010865861 -0.001015649 0.999999349 0.000519147 0.010866384 -0.000508080 0.999940830 0.000514159 0.033815751 -0.354278091
0.000000000 0.738573134 1.313019037 0.500000000 0.500000000 0.000000000 0.000000000 0.999933366 0.001119676 -0.011489533 -0.001112866 0.999999201 0.000599055 0.011490194 -0.000586228 0.999933814 0.001201318 0.035285390 -0.373607003
0.000000000 0.738573134 1.313019037 0.500000000 0.500000000 0.000000000 0.000000000 0.999925891 0.001218219 -0.012113184 -0.001210081 0.999999037 0.000679084 0.012114000 -0.000664375 0.999926402 0.001912879 0.036751844 -0.392935436
0.000000000 0.738573134 1.313019037 0.500000000 0.500000000 0.000000000 0.000000000 0.999917815 0.001252034 -0.012759130 -0.001241429 0.999998877 0.000839122 0.012760167 -0.000823214 0.999918247 0.002468738 0.038151918 -0.412253998
0.000000000 0.738573134 1.313019037 0.500000000 0.500000000 0.000000000 0.000000000 0.999909321 0.001286055 -0.013405062 -0.001272775 0.999998691 0.000999202 0.013406329 -0.000982049 0.999909649 0.003049652 0.039545786 -0.431572457
0.000000000 0.738573134 1.313019037 0.500000000 0.500000000 0.000000000 0.000000000 0.999900409 0.001320282 -0.014050976 -0.001304120 0.999998478 0.001159321 0.014052485 -0.001140882 0.999900608 0.003655620 0.040933449 -0.450890785
0.000000000 0.738573134 1.313019037 0.500000000 0.500000000 0.000000000 0.000000000 0.999891077 0.001354713 -0.014696875 -0.001335464 0.999998238 0.001319482 0.014698637 -0.001299711 0.999891124 0.004286643 0.042314901 -0.470208948
0.000000000 0.738573134 1.313019037 0.500000000 0.500000000 0.000000000 0.000000000 0.999881248 0.001431342 -0.015344104 -0.001408375 0.999997872 0.001507486 0.015346229 -0.001485697 0.999881136 0.004755083 0.043939995 -0.489220387
0.000000000 0.738573134 1.313019037 0.500000000 0.500000000 0.000000000 0.000000000 0.999870994 0.001508211 -0.015991298 -0.001481284 0.999997465 0.001695585 0.015993815 -0.001671678 0.999870693 0.005248388 0.045557911 -0.508232037
0.000000000 0.738573134 1.313019037 0.500000000 0.500000000 0.000000000 0.000000000 0.999860314 0.001585322 -0.016638458 -0.001554191 0.999997018 0.001883778 0.016641395 -0.001857655 0.999859797 0.005766557 0.047168646 -0.527243870
0.000000000 0.738573134 1.313019037 0.500000000 0.500000000 0.000000000 0.000000000 0.999849211 0.001662673 -0.017285582 -0.001627096 0.999996530 0.002072065 0.017288968 -0.002043627 0.999848446 0.006309588 0.048772190 -0.546255861
0.000000000 0.738573134 1.313019037 0.500000000 0.500000000 0.000000000 0.000000000 0.999837040 0.001709426 -0.017971419 -0.001667668 0.999995875 0.002338349 0.017975342 -0.002307998 0.999835767 0.007132582 0.050171123 -0.565031872
0.000000000 0.738573134 1.313019037 0.500000000 0.500000000 0.000000000 0.000000000 0.999824396 0.001756543 -0.018657223 -0.001708238 0.999995149 0.002604689 0.018661708 -0.002572361 0.999822546 0.007981468 0.051560012 -0.583807795
0.000000000 0.738573134 1.313019037 0.500000000 0.500000000 0.000000000 0.000000000 0.999811279 0.001804022 -0.019342994 -0.001748807 0.999994349 0.002871085 0.019348065 -0.002836716 0.999808784 0.008856247 0.052938856 -0.602583579
0.000000000 0.738573134 1.313019037 0.500000000 0.500000000 0.000000000 0.000000000 0.999797690 0.001851864 -0.020028733 -0.001789373 0.999993477 0.003137536 0.020034413 -0.003101062 0.999794482 0.009756917 0.054307649 -0.621359204
0.000000000 0.738573134 1.313019037 0.500000000 0.500000000 0.000000000 0.000000000 0.999782914 0.001905709 -0.020748345 -0.001835148 0.999992470 0.003419295 0.020754705 -0.003380477 0.999778883 0.011056237 0.055486258 -0.639942388
0.000000000 0.738573134 1.313019037 0.500000000 0.500000000 0.000000000 0.000000000 0.999767617 0.001959956 -0.021467917 -0.001880921 0.999991382 0.003701120 0.021474986 -0.003659881 0.999762687 0.012382441 0.056654301 -0.658524726
0.000000000 0.738573134 1.313019037 0.500000000 0.500000000 0.000000000 0.000000000 0.999751798 0.002014606 -0.022187448 -0.001926692 0.999990212 0.003983011 0.022195255 -0.003939274 0.999745894 0.013735526 0.057811774 -0.677106175
0.000000000 0.738573134 1.313019037 0.500000000 0.500000000 0.000000000 0.000000000 0.999735459 0.002069658 -0.022906940 -0.001972460 0.999988960 0.004264968 0.022915514 -0.004218656 0.999728504 0.015115494 0.058958675 -0.695686723
0.000000000 0.738573134 1.313019037 0.500000000 0.500000000 0.000000000 0.000000000 0.999717958 0.002150342 -0.023651232 -0.002045026 0.999987891 0.004476145 0.023660571 -0.004426515 0.999710250 0.016727448 0.060226879 -0.714153576
0.000000000 0.738573134 1.313019037 0.500000000 0.500000000 0.000000000 0.000000000 0.999699896 0.002231335 -0.024395479 -0.002117589 0.999986772 0.004687430 0.024405616 -0.004634363 0.999691397 0.018367118 0.061487099 -0.732618970
0.000000000 0.738573134 1.313019037 0.500000000 0.500000000 0.000000000 0.000000000 0.999681273 0.002312638 -0.025139678 -0.002190148 0.999985602 0.004898822 0.025150646 -0.004842201 0.999671945 0.020034498 0.062739327 -0.751082864
0.000000000 0.738573134 1.313019037 0.500000000 0.500000000 0.000000000 0.000000000 0.999662090 0.002394251 -0.025883831 -0.002262703 0.999984382 0.005110323 0.025895662 -0.005050029 0.999651895 0.021729587 0.063983559 -0.769545244
0.000000000 0.738573134 1.313019037 0.500000000 0.500000000 0.000000000 0.000000000 0.999640638 0.002423443 -0.026696866 -0.002284482 0.999983691 0.005234389 0.026709115 -0.005171519 0.999629871 0.023581195 0.065428929 -0.787863778
0.000000000 0.738573134 1.313019037 0.500000000 0.500000000 0.000000000 0.000000000 0.999618522 0.002452833 -0.027509876 -0.002306259 0.999982984 0.005358490 0.027522551 -0.005293001 0.999607170 0.025462693 0.066869683 -0.806180167
0.000000000 0.738573134 1.313019037 0.500000000 0.500000000 0.000000000 0.000000000 0.999595745 0.002482420 -0.028322860 -0.002328034 0.999982260 0.005482626 0.028335968 -0.005414473 0.999583792 0.027374076 0.068305819 -0.824494375
0.000000000 0.738573134 1.313019037 0.500000000 0.500000000 0.000000000 0.000000000 0.999572305 0.002512205 -0.029135819 -0.002349805 0.999981521 0.005606798 0.029149366 -0.005535937 0.999559737 0.029315344 0.069737335 -0.842806363
0.000000000 0.738573134 1.313019037 0.500000000 0.500000000 0.000000000 0.000000000 0.999547155 0.002550001 -0.029983035 -0.002382648 0.999981392 0.005615996 0.029996798 -0.005542014 0.999534631 0.031271187 0.071772991 -0.860754710
0.000000000 0.738573134 1.313019037 0.500000000 0.500000000 0.000000000 0.000000000 0.999521286 0.002587807 -0.030830227 -0.002415487 0.999981261 0.005625249 0.030844206 -0.005548086 0.999508806 0.033257616 0.073808220 -0.878700382
0.000000000 0.738573134 1.313019037 0.500000000 0.500000000 0.000000000 0.000000000 0.999494697 0.002625623 -0.031677397 -0.002448322 0.999981129 0.005634558 0.031691594 -0.005554155 0.999482263 0.035274631 0.075843022 -0.896643329
0.000000000 0.738573134 1.313019037 0.500000000 0.500000000 0.000000000 0.000000000 0.999467388 0.002663450 -0.032524543 -0.002481154 0.999980995 0.005643923 0.032538957 -0.005560219 0.999455002 0.037322226 0.077877390 -0.914583502
0.000000000 0.738573134 1.313019037 0.500000000 0.500000000 0.000000000 0.000000000 0.999437581 0.002746206 -0.033421239 -0.002563443 0.999981534 0.005510075 0.033435754 -0.005421302 0.999426165 0.039540750 0.080442850 -0.932358755
0.000000000 0.738573134 1.313019037 0.500000000 0.500000000 0.000000000 0.000000000 0.999406963 0.002828713 -0.034317931 -0.002645725 0.999982047 0.005376373 0.034332523 -0.005282389 0.999396505 0.041791614 0.083012818 -0.950130075
0.000000000 0.738573134 1.313019037 0.500000000 0.500000000 0.000000000 0.000000000 0.999375533 0.002910971 -0.035214618 -0.002727999 0.999982535 0.005242820 0.035229265 -0.005143480 0.999366021 0.044074814 0.085587284 -0.967897408
0.000000000 0.738573134 1.313019037 0.500000000 0.500000000 0.000000000 0.000000000 0.999343292 0.002992980 -0.036111300 -0.002810267 0.999982998 0.005109414 0.036125978 -0.005004576 0.999334713 0.046390344 0.088166242 -0.985660730
0.000000000 0.738573134 1.313019037 0.500000000 0.500000000 0.000000000 0.000000000 0.999308607 0.003126774 -0.037047681 -0.002950225 0.999984036 0.004819164 0.037062158 -0.004706533 0.999301879 0.048957759 0.091014725 -1.003242628
0.000000000 0.738573134 1.313019037 0.500000000 0.500000000 0.000000000 0.000000000 0.999273026 0.003260010 -0.037984111 -0.003090171 0.999984969 0.004529177 0.037998305 -0.004408507 0.999268079 0.051558925 0.093872934 -1.020819006
0.000000000 0.738573134 1.313019037 0.500000000 0.500000000 0.000000000 0.000000000 0.999236547 0.003392688 -0.038920588 -0.003230104 0.999985797 0.004239451 0.038934419 -0.004110497 0.999233314 0.054193837 0.096740853 -1.038389792
0.000000000 0.738573134 1.313019037 0.500000000 0.500000000 0.000000000 0.000000000 0.999199172 0.003524808 -0.039857112 -0.003370024 0.999986520 0.003949988 0.039870498 -0.003812505 0.999197582 0.056862489 0.099618460 -1.055954934
0.000000000 0.738573134 1.313019037 0.500000000 0.500000000 0.000000000 0.000000000 0.999159835 0.003631236 -0.040822038 -0.003487920 0.999987504 0.003581427 0.040834533 -0.003436034 0.999160014 0.059746649 0.102280386 -1.073330011
0.000000000 0.738573134 1.313019037 0.500000000 0.500000000 0.000000000 0.000000000 0.999119553 0.003736937 -0.041787010 -0.003605802 0.999988337 0.003213093 0.041798529 -0.003059588 0.999121375 0.062664988 0.104954690 -1.090698762
0.000000000 0.738573134 1.313019037 0.500000000 0.500000000 0.000000000 0.000000000 0.999078327 0.003841911 -0.042752026 -0.003723672 0.999989020 0.002844986 0.042762486 -0.002683169 0.999081664 0.065617494 0.107641380 -1.108060930
0.000000000 0.738573134 1.313019037 0.500000000 0.500000000 0.000000000 0.000000000 0.999036158 0.003946159 -0.043717087 -0.003841529 0.999989553 0.002477107 0.043726405 -0.002306779 0.999040880 0.068604163 0.110340423 -1.125416560
0.000000000 0.738573134 1.313019037 0.500000000 0.500000000 0.000000000 0.000000000 0.998992717 0.003960083 -0.044697533 -0.003867476 0.999990192 0.002158140 0.044705641 -0.001983100 0.998998235 0.071681274 0.112680124 -1.142769991
0.000000000 0.738573134 1.313019037 0.500000000 0.500000000 0.000000000 0.000000000 0.998948316 0.003973372 -0.045677951 -0.003893418 0.999990729 0.001839224 0.045684836 -0.001659447 0.998954525 0.074792572 0.115030865 -1.160117070
0.000000000 0.738573134 1.313019037 0.500000000 0.500000000 0.000000000 0.000000000 0.998902954 0.003986027 -0.046658338 -0.003919354 0.999991164 0.001520359 0.046663986 -0.001335821 0.998909750 0.077938044 0.117392661 -1.177457743
0.000000000 0.738573134 1.313019037 0.500000000 0.500000000 0.000000000 0.000000000 0.998856632 0.003998046 -0.047638692 -0.003945283 0.999991495 0.001201545 0.047643091 -0.001012223 0.998863910 0.081117680 0.119765500 -1.194791954
0.000000000 0.738573134 1.313019037 0.500000000 0.500000000 0.000000000 0.000000000 0.998807528 0.003984656 -0.048658454 -0.003943603 0.999991782 0.000939661 0.048661799 -0.000746651 0.998815034 0.084480311 0.122020783 -1.212125705
0.000000000 0.738573134 1.313019037 0.500000000 0.500000000 0.000000000 0.000000000 0.998757385 0.003970724 -0.049678161 -0.003941920 0.999992001 0.000677773 0.049680455 -0.000481103 0.998765048 0.087878355 0.124285250 -1.229452717
0.000000000 0.738573134 1.313019037 0.500000000 0.500000000 0.000000000 0.000000000 0.998706203 0.003956250 -0.050697812 -0.003940232 0.999992151 0.000415882 0.050699059 -0.000215583 0.998713952 0.091311798 0.126558899 -1.246772934
0.000000000 0.738573134 1.313019037 0.500000000 0.500000000 0.000000000 0.000000000 0.998653982 0.003941234 -0.051717407 -0.003938541 0.999992232 0.000153987 0.051717612 0.000049911 0.998661748 0.094780634 0.128841740 -1.264086298
0.000000000 0.738573134 1.313019037 0.500000000 0.500000000 0.000000000 0.000000000 0.998598495 0.003969556 -0.052775840 -0.003975440 0.999992098 -0.000006514 0.052775398 0.000216312 0.998606384 0.098421692 0.130528524 -1.281493872
0.000000000 0.738573134 1.313019037 0.500000000 0.500000000 0.000000000 0.000000000 0.998541885 0.003997525 -0.053834225 -0.004012330 0.999991937 -0.000166937 0.053833124 0.000382694 0.998549873 0.102099852 0.132220759 -1.298894624
0.000000000 0.738573134 1.313019037 0.500000000 0.500000000 0.000000000 0.000000000 0.998484154 0.004025142 -0.054892561 -0.004049212 0.999991748 -0.000327282 0.054890790 0.000549057 0.998492213 0.105815099 0.133918442 -1.316288392
0.000000000 0.738573134 1.313019037 0.500000000 0.500000000 0.000000000 0.000000000 0.998425301 0.004052406 -0.055950844 -0.004086084 0.999991533 -0.000487548 0.055948394 0.000715400 0.998433406 0.109567428 0.135621568 -1.333675316
0.000000000 0.738573134 1.313019037 0.500000000 0.500000000 0.000000000 0.000000000 0.998363751 0.004065738 -0.057037621 -0.004101851 0.999991454 -0.000516086 0.057035035 0.000749202 0.998371896 0.113725872 0.136837312 -1.351494901
0.000000000 0.738573134 1.313019037 0.500000000 0.500000000 0.000000000 0.000000000 0.998301019 0.004078996 -0.058124331 -0.004117610 0.999991374 -0.000544590 0.058121609 0.000782998 0.998309203 0.117923263 0.138053997 -1.369306826
0.000000000 0.738573134 1.313019037 0.500000000 0.500000000 0.000000000 0.000000000 0.998237103 0.004092181 -0.059210974 -0.004133363 0.999991293 -0.000573059 0.059208113 0.000816790 0.998245327 0.122159603 0.139271602 -1.387111227
0.000000000 0.738573134 1.313019037 0.500000000 0.500000000 0.000000000 0.000000000 0.998172005 0.004105292 -0.060297547 -0.004149109 0.999991212 -0.000601494 0.060294547 0.000850576 0.998180266 0.126434873 0.140490143 -1.404907942
0.000000000 0.738573134 1.313019037 0.500000000 0.500000000 0.000000000 0.000000000 0.998104480 0.004165351 -0.061401112 -0.004204275 0.999991035 -0.000504738 0.061398459 0.000761928 0.998113044 0.131239848 0.141441457 -1.423098461
0.000000000 0.738573134 1.313019037 0.500000000 0.500000000 0.000000000 0.000000000 0.998035731 0.004225607 -0.062504591 -0.004259428 0.999990845 -0.000407859 0.062502296 0.000673292 0.998044593 0.136085311 0.142388773 -1.441280258
0.000000000 0.738573134 1.313019037 0.500000000 0.500000000 0.000000000 0.000000000 0.997965758 0.004286059 -0.063607984 -0.004314568 0.999990644 -0.000310858 0.063606057 0.000584667 0.997974913 0.140971251 0.143332104 -1.459453266
0.000000000 0.738573134 1.313019037 0.500000000 0.500000000 0.000000000 0.000000000 0.997894561 0.004346706 -0.064711288 -0.004369696 0.999990430 -0.000213735 0.064709739 0.000496054 0.997904005 0.145897658 0.144271434 -1.477617517
