0.000000000 0.789619863 1.403768182 0.500000000 0.500000000 0.000000000 0.000000000 0.999999993 -0.000069405 -0.000091523 0.000069407 0.999999997 0.000015465 0.000091522 -0.000015471 0.999999996 0.000281216 -0.000327605 0.000358261
0.000000000 0.789619863 1.403768182 0.500000000 0.500000000 0.000000000 0.000000000 0.999999671 -0.000077843 0.000807170 0.000077841 0.999999997 0.000001958 -0.000807171 -0.000001895 0.999999674 0.000575605 -0.000114740 -0.003087840
0.000000000 0.789619863 1.403768182 0.500000000 0.500000000 0.000000000 0.000000000 0.999998541 -0.000086256 0.001705863 0.000086276 0.999999996 -0.000011533 -0.001705862 0.000011680 0.999998545 0.000863796 0.000098224 -0.006534461
0.000000000 0.789619863 1.403768182 0.500000000 0.500000000 0.000000000 0.000000000 0.999996604 -0.000094645 0.002604555 0.000094710 0.999999995 -0.000025009 -0.002604552 0.000025256 0.999996608 0.001145789 0.000311285 -0.009981594
0.000000000 0.789619863 1.403768182 0.500000000 0.500000000 0.000000000 0.000000000 0.999993858 -0.000103009 0.003503245 0.000103145 0.999999994 -0.000038470 -0.003503241 0.000038831 0.999993863 0.001421583 0.000524444 -0.013429230
0.000000000 0.789619863 1.403768182 0.500000000 0.500000000 0.000000000 0.000000000 0.999990305 -0.000111349 0.004401932 0.000111579 0.999999992 -0.000051916 -0.004401926 0.000052407 0.999990310 0.001691178 0.000737700 -0.016877362
0.000000000 0.789619863 1.403768182 0.500000000 0.500000000 0.000000000 0.000000000 0.999985944 -0.000119665 0.005300616 0.000120013 0.999999991 -0.000065347 -0.005300608 0.000065982 0.999985950 0.001954572 0.000951054 -0.020325981
0.000000000 0.789619863 1.403768182 0.500000000 0.500000000 0.000000000 0.000000000 0.999980776 -0.000127956 0.006199295 0.000128447 0.999999989 -0.000078762 -0.006199285 0.000079557 0.999980781 0.002211765 0.001164505 -0.023775079
0.000000000 0.789619863 1.403768182 0.500000000 0.500000000 0.000000000 0.000000000 0.999974800 -0.000136223 0.007097970 0.000136880 0.999999986 -0.000092163 -0.007097958 0.000093132 0.999974805 0.002462757 0.001378053 -0.027224646
0.000000000 0.789619863 1.403768182 0.500000000 0.500000000 0.000000000 0.000000000 0.999968016 -0.000144465 0.007996640 0.000145314 0.999999984 -0.000105548 -0.007996625 0.000106707 0.999968021 0.002707547 0.001591698 -0.030674675
0.000000000 0.789619863 1.403768182 0.500000000 0.500000000 0.000000000 0.000000000 0.999960424 -0.000152683 0.008895303 0.000153747 0.999999981 -0.000118918 -0.008895285 0.000120281 0.999960429 0.002946134 0.001805440 -0.034125157
0.000000000 0.789619863 1.403768182 0.500000000 0.500000000 0.000000000 0.000000000 0.999952025 -0.000160877 0.009793960 0.000162180 0.999999978 -0.000132273 -0.009793938 0.000133855 0.999952029 0.003178517 0.002019278 -0.037576086
0.000000000 0.789619863 1.403768182 0.500000000 0.500000000 0.000000000 0.000000000 0.999943650 -0.000169915 0.010614522 0.000171283 0.999999977 -0.000128004 -0.010614500 0.000129815 0.999943656 0.003000689 0.002223162 -0.041171961
0.000000000 0.789619863 1.403768182 0.500000000 0.500000000 0.000000000 0.000000000 0.999934601 -0.000178960 0.011435077 0.000180386 0.999999976 -0.000123719 -0.011435055 0.000125774 0.999934610 0.002816957 0.002427013 -0.044767568
0.000000000 0.789619863 1.403768182 0.500000000 0.500000000 0.000000000 0.000000000 0.999924879 -0.000188011 0.012255624 0.000189489 0.999999975 -0.000119420 -0.012255601 0.000121733 0.999924890 0.002627323 0.002630831 -0.048362902
0.000000000 0.789619863 1.403768182 0.500000000 0.500000000 0.000000000 0.000000000 0.999914484 -0.000197069 0.013076163 0.000198591 0.999999974 -0.000115105 -0.013076140 0.000117692 0.999914497 0.002431787 0.002834615 -0.051957954
0.000000000 0.789619863 1.403768182 0.500000000 0.500000000 0.000000000 0.000000000 0.999903415 -0.000206134 0.013896693 0.000207693 0.999999972 -0.000110776 -0.013896670 0.000113652 0.999903430 0.002230348 0.003038365 -0.055552717
0.000000000 0.789619863 1.403768182 0.500000000 0.500000000 0.000000000 0.000000000 0.999891673 -0.000215205 0.014717214 0.000216795 0.999999971 -0.000106432 -0.014717191 0.000109611 0.999891690 0.002023008 0.003242081 -0.059147183
0.000000000 0.789619863 1.403768182 0.500000000 0.500000000 0.000000000 0.000000000 0.999879257 -0.000224283 0.015537724 0.000225896 0.999999969 -0.000102073 -0.015537701 0.000105570 0.999879277 0.001809767 0.003445763 -0.062741346
0.000000000 0.789619863 1.403768182 0.500000000 0.500000000 0.000000000 0.000000000 0.999866168 -0.000233368 0.016358225 0.000234997 0.999999968 -0.000097699 -0.016358201 0.000101530 0.999866191 0.001590624 0.003649410 -0.066335199
0.000000000 0.789619863 1.403768182 0.500000000 0.500000000 0.000000000 0.000000000 0.999852406 -0.000242459 0.017178713 0.000244098 0.999999966 -0.000093310 -0.017178690 0.000097489 0.999852431 0.001365581 0.003853023 -0.069928733
0.000000000 0.789619863 1.403768182 0.500000000 0.500000000 0.000000000 0.000000000 0.999837970 -0.000251557 0.017999191 0.000253198 0.999999964 -0.000088906 -0.017999168 0.000093449 0.999837997 0.001134637 0.004056602 -0.073521941
0.000000000 0.789619863 1.403768182 0.500000000 0.500000000 0.000000000 0.000000000 0.999822861 -0.000260661 0.018819656 0.000262298 0.999999962 -0.000084487 -0.018819633 0.000089408 0.999822891 0.000897793 0.004260145 -0.077114817
0.000000000 0.789619863 1.403768182 0.500000000 0.500000000 0.000000000 0.000000000 0.999809372 -0.000258753 0.019523115 0.000260490 0.999999962 -0.000086427 -0.019523092 0.000091496 0.999809402 0.000586238 0.003955179 -0.080979596
0.000000000 0.789619863 1.403768182 0.500000000 0.500000000 0.000000000 0.000000000 0.999795389 -0.000256842 0.020226564 0.000258683 0.999999963 -0.000088369 -0.020226541 0.000093583 0.999795418 0.000269244 0.003650228 -0.084843974
0.000000000 0.789619863 1.403768182 0.500000000 0.500000000 0.000000000 0.000000000 0.999780911 -0.000254929 0.020930002 0.000256875 0.999999963 -0.000090314 -0.020929979 0.000095671 0.999780939 -0.000053189 0.003345294 -0.088707945
0.000000000 0.789619863 1.403768182 0.500000000 0.500000000 0.000000000 0.000000000 0.999765938 -0.000253012 0.021633431 0.000255067 0.999999963 -0.000092262 -0.021633407 0.000097758 0.999765966 -0.000381060 0.003040375 -0.092571504
0.000000000 0.789619863 1.403768182 0.500000000 0.500000000 0.000000000 0.000000000 0.999750470 -0.000251092 0.022336850 0.000253260 0.999999963 -0.000094212 -0.022336825 0.000099845 0.999750497 -0.000714369 0.002735473 -0.096434644
0.000000000 0.789619863 1.403768182 0.500000000 0.500000000 0.000000000 0.000000000 0.999734507 -0.000249169 0.023040257 0.000251452 0.999999964 -0.000096165 -0.023040232 0.000101933 0.999734533 -0.001053115 0.002430586 -0.100297358
0.000000000 0.789619863 1.403768182 0.500000000 0.500000000 0.000000000 0.000000000 0.999718049 -0.000247244 0.023743653 0.000249644 0.999999964 -0.000098120 -0.023743627 0.000104020 0.999718075 -0.001397298 0.002125715 -0.104159650
0.000000000 0.789619863 1.403768182 0.500000000 0.500000000 0.000000000 0.000000000 0.999701096 -0.000245315 0.024447036 0.000247836 0.999999964 -0.000100077 -0.024447010 0.000106106 0.999701122 -0.001746917 0.001820861 -0.108021496
0.000000000 0.789619863 1.403768182 0.500000000 0.500000000 0.000000000 0.000000000 0.999683649 -0.000243384 0.025150408 0.000246028 0.999999965 -0.000102038 -0.025150382 0.000108193 0.999683673 -0.002101972 0.001516022 -0.111882911
0.000000000 0.789619863 1.403768182 0.500000000 0.500000000 0.000000000 0.000000000 0.999665706 -0.000241449 0.025853767 0.000244220 0.999999965 -0.000104001 -0.025853741 0.000110280 0.999665730 -0.002462463 0.001211200 -0.115743870
0.000000000 0.789619863 1.403768182 0.500000000 0.500000000 0.000000000 0.000000000 0.999647269 -0.000239512 0.026557114 0.000242412 0.999999965 -0.000105966 -0.026557087 0.000112366 0.999647292 -0.002828389 0.000906394 -0.119604386
0.000000000 0.789619863 1.403768182 0.500000000 0.500000000 0.000000000 0.000000000 0.999630072 -0.000236163 0.027196739 0.000238633 0.999999968 -0.000087565 -0.027196717 0.000094023 0.999630096 -0.003183299 0.001099176 -0.123142899
0.000000000 0.789619863 1.403768182 0.500000000 0.500000000 0.000000000 0.000000000 0.999612467 -0.000232837 0.027836354 0.000234854 0.999999970 -0.000069170 -0.027836337 0.000075680 0.999612491 -0.003542737 0.001291829 -0.126681004
0.000000000 0.789619863 1.403768182 0.500000000 0.500000000 0.000000000 0.000000000 0.999594451 -0.000229535 0.028475958 0.000231075 0.999999972 -0.000050779 -0.028475945 0.000057338 0.999594476 -0.003906703 0.001484355 -0.130218714
0.000000000 0.789619863 1.403768182 0.500000000 0.500000000 0.000000000 0.000000000 0.999576027 -0.000226257 0.029115549 0.000227296 0.999999974 -0.000032393 -0.029115541 0.000038997 0.999576052 -0.004275196 0.001676751 -0.133756017
0.000000000 0.789619863 1.403768182 0.500000000 0.500000000 0.000000000 0.000000000 0.999557193 -0.000223001 0.029755129 0.000223517 0.999999975 -0.000014012 -0.029755126 0.000020656 0.999557218 -0.004648216 0.001869020 -0.137292906
0.000000000 0.789619863 1.403768182 0.500000000 0.500000000 0.000000000 0.000000000 0.999537950 -0.000219770 0.030394697 0.000219738 0.999999976 0.000004365 -0.030394697 0.000002316 0.999537974 -0.005025763 0.002061160 -0.140829379
0.000000000 0.789619863 1.403768182 0.500000000 0.500000000 0.000000000 0.000000000 0.999518298 -0.000216561 0.031034253 0.000215960 0.999999976 0.000022736 -0.031034257 -0.000016023 0.999518321 -0.005407836 0.002253171 -0.144365431
0.000000000 0.789619863 1.403768182 0.500000000 0.500000000 0.000000000 0.000000000 0.999498237 -0.000213377 0.031673797 0.000212181 0.999999977 0.000041103 -0.031673805 -0.000034362 0.999498259 -0.005794435 0.002445055 -0.147901047
0.000000000 0.789619863 1.403768182 0.500000000 0.500000000 0.000000000 0.000000000 0.999477766 -0.000210215 0.032313326 0.000208403 0.999999977 0.000059465 -0.032313338 -0.000052700 0.999477786 -0.006185559 0.002636810 -0.151436243
0.000000000 0.789619863 1.403768182 0.500000000 0.500000000 0.000000000 0.000000000 0.999456886 -0.000207077 0.032952844 0.000204624 0.999999976 0.000077822 -0.032952859 -0.000071037 0.999456905 -0.006581208 0.002828437 -0.154971005
0.000000000 0.789619863 1.403768182 0.500000000 0.500000000 0.000000000 0.000000000 0.999435597 -0.000203963 0.033592347 0.000200846 0.999999975 0.000096174 -0.033592366 -0.000089373 0.999435613 -0.006981382 0.003019937 -0.158505328
0.000000000 0.789619863 1.403768182 0.500000000 0.500000000 0.000000000 0.000000000 0.999416265 -0.000199077 0.034162697 0.000194044 0.999999970 0.000150644 -0.034162726 -0.000143927 0.999416273 -0.007376124 0.003276780 -0.162152018
0.000000000 0.789619863 1.403768182 0.500000000 0.500000000 0.000000000 0.000000000 0.999396607 -0.000194254 0.034733036 0.000187243 0.999999961 0.000205107 -0.034733075 -0.000198479 0.999396605 -0.007775028 0.003533229 -0.165798346
0.000000000 0.789619863 1.403768182 0.500000000 0.500000000 0.000000000 0.000000000 0.999376624 -0.000189492 0.035303365 0.000180441 0.999999950 0.000259561 -0.035303413 -0.000253029 0.999376608 -0.008178093 0.003789284 -0.169444290
0.000000000 0.789619863 1.403768182 0.500000000 0.500000000 0.000000000 0.000000000 0.999356315 -0.000184793 0.035873682 0.000173640 0.999999936 0.000314008 -0.035873738 -0.000307577 0.999356283 -0.008585319 0.004044943 -0.173089854
0.000000000 0.789619863 1.403768182 0.500000000 0.500000000 0.000000000 0.000000000 0.999335681 -0.000180156 0.036443988 0.000166840 0.999999918 0.000368447 -0.036444052 -0.000362122 0.999335629 -0.008996706 0.004300208 -0.176735046
0.000000000 0.789619863 1.403768182 0.500000000 0.500000000 0.000000000 0.000000000 0.999314721 -0.000175582 0.037014284 0.000160039 0.999999898 0.000422879 -0.037014355 -0.000416665 0.999314647 -0.009412254 0.004555078 -0.180379842
0.000000000 0.789619863 1.403768182 0.500000000 0.500000000 0.000000000 0.000000000 0.999293436 -0.000171070 0.037584568 0.000153239 0.999999874 0.000477302 -0.037584645 -0.000471206 0.999293337 -0.009831963 0.004809554 -0.184024249
0.000000000 0.789619863 1.403768182 0.500000000 0.500000000 0.000000000 0.000000000 0.999271825 -0.000166620 0.038154840 0.000146439 0.999999848 0.000531718 -0.038154923 -0.000525743 0.999271697 -0.010255832 0.005063635 -0.187668272
0.000000000 0.789619863 1.403768182 0.500000000 0.500000000 0.000000000 0.000000000 0.999249889 -0.000162232 0.038725100 0.000139639 0.999999818 0.000586126 -0.038725188 -0.000580279 0.999249730 -0.010683860 0.005317323 -0.191311889
0.000000000 0.789619863 1.403768182 0.500000000 0.500000000 0.000000000 0.000000000 0.999227627 -0.000157906 0.039295348 0.000132839 0.999999786 0.000640526 -0.039295441 -0.000634812 0.999227434 -0.011116048 0.005570616 -0.194955105
0.000000000 0.789619863 1.403768182 0.500000000 0.500000000 0.000000000 0.000000000 0.999205040 -0.000153643 0.039865585 0.000126040 0.999999751 0.000694919 -0.039865682 -0.000689342 0.999204810 -0.011552396 0.005823514 -0.198597927
0.000000000 0.789619863 1.403768182 0.500000000 0.500000000 0.000000000 0.000000000 0.999185906 -0.000139579 0.040342349 0.000109887 0.999999721 0.000738199 -0.040342441 -0.000733165 0.999185643 -0.011907241 0.005320147 -0.202272373
0.000000000 0.789619863 1.403768182 0.500000000 0.500000000 0.000000000 0.000000000 0.999166545 -0.000125556 0.040819105 0.000093735 0.999999690 0.000781464 -0.040819191 -0.000776987 0.999166247 -0.012265610 0.004816467 -0.205946481
0.000000000 0.789619863 1.403768182 0.500000000 0.500000000 0.000000000 0.000000000 0.999146956 -0.000111575 0.041295854 0.000077584 0.999999657 0.000824714 -0.041295932 -0.000820806 0.999146622 -0.012627503 0.004312475 -0.209620258
0.000000000 0.789619863 1.403768182 0.500000000 0.500000000 0.000000000 0.000000000 0.999127139 -0.000097636 0.041772594 0.000061433 0.999999621 0.000867948 -0.041772663 -0.000864624 0.999126767 -0.012992919 0.003808171 -0.213293682
0.000000000 0.789619863 1.403768182 0.500000000 0.500000000 0.000000000 0.000000000 0.999107095 -0.000083739 0.042249326 0.000045283 0.999999584 0.000911167 -0.042249385 -0.000908440 0.999106683 -0.013361857 0.003303555 -0.216966761
0.000000000 0.789619863 1.403768182 0.500000000 0.500000000 0.000000000 0.000000000 0.999086823 -0.000069884 0.042726050 0.000029134 0.999999544 0.000954370 -0.042726097 -0.000952254 0.999086370 -0.013734318 0.002798627 -0.220639501
0.000000000 0.789619863 1.403768182 0.500000000 0.500000000 0.000000000 0.000000000 0.999066323 -0.000056070 0.043202764 0.000012985 0.999999502 0.000997558 -0.043202798 -0.000996066 0.999065827 -0.014110300 0.002293388 -0.224311880
0.000000000 0.789619863 1.403768182 0.500000000 0.500000000 0.000000000 0.000000000 0.999045596 -0.000042298 0.043679470 -0.000003163 0.999999458 0.001040731 -0.043679491 -0.001039875 0.999045054 -0.014489805 0.001787837 -0.227983906
0.000000000 0.789619863 1.403768182 0.500000000 0.500000000 0.000000000 0.000000000 0.999024640 -0.000028568 0.044156168 -0.000019311 0.999999412 0.001083888 -0.044156173 -0.001083683 0.999024053 -0.014872832 0.001281976 -0.231655586
0.000000000 0.789619863 1.403768182 0.500000000 0.500000000 0.000000000 0.000000000 0.999003457 -0.000014880 0.044632858 -0.000035458 0.999999364 0.001127029 -0.044632846 -0.001127489 0.999002822 -0.015259380 0.000775803 -0.235326897
0.000000000 0.789619863 1.403768182 0.500000000 0.500000000 0.000000000 0.000000000 0.998982047 -0.000001234 0.045109538 -0.000051604 0.999999314 0.001170156 -0.045109508 -0.001171292 0.998981361 -0.015649449 0.000269319 -0.238997848
0.000000000 0.789619863 1.403768182 0.500000000 0.500000000 0.000000000 0.000000000 0.998962854 0.000019714 0.045532582 -0.000076315 0.999999227 0.001241347 -0.045532522 -0.001243534 0.998962083 -0.016153692 0.000087559 -0.242224258
0.000000000 0.789619863 1.403768182 0.500000000 0.500000000 0.000000000 0.000000000 0.998943482 0.000040600 0.045955621 -0.000101025 0.999999134 0.001312517 -0.045955528 -0.001315773 0.998942620 -0.016660677 -0.000094646 -0.245450258
0.000000000 0.789619863 1.403768182 0.500000000 0.500000000 0.000000000 0.000000000 0.998923929 0.000061426 0.046378654 -0.000125734 0.999999035 0.001383667 -0.046378524 -0.001388009 0.998922973 -0.017170406 -0.000277296 -0.248675857
0.000000000 0.789619863 1.403768182 0.500000000 0.500000000 0.000000000 0.000000000 0.998904197 0.000082190 0.046801683 -0.000150442 0.999998930 0.001454795 -0.046801514 -0.001460242 0.998903141 -0.017682877 -0.000460389 -0.251901032
0.000000000 0.789619863 1.403768182 0.500000000 0.500000000 0.000000000 0.000000000 0.998884286 0.000102893 0.047224707 -0.000175149 0.999998820 0.001525903 -0.047224494 -0.001532471 0.998883126 -0.018198090 -0.000643927 -0.255125791
0.000000000 0.789619863 1.403768182 0.500000000 0.500000000 0.000000000 0.000000000 0.998864195 0.000123535 0.047647725 -0.000199855 0.999998705 0.001596989 -0.047647466 -0.001604698 0.998862926 -0.018716045 -0.000827909 -0.258350134
0.000000000 0.789619863 1.403768182 0.500000000 0.500000000 0.000000000 0.000000000 0.998843923 0.000144116 0.048070738 -0.000224560 0.999998584 0.001668055 -0.048070429 -0.001676921 0.998842541 -0.019236742 -0.001012334 -0.261574058
0.000000000 0.789619863 1.403768182 0.500000000 0.500000000 0.000000000 0.000000000 0.998823473 0.000164635 0.048493746 -0.000249264 0.999998457 0.001739100 -0.048493385 -0.001749141 0.998821972 -0.019760182 -0.001197203 -0.264797572
0.000000000 0.789619863 1.403768182 0.500000000 0.500000000 0.000000000 0.000000000 0.998802842 0.000185094 0.048916747 -0.000273967 0.999998324 0.001810123 -0.048916330 -0.001821358 0.998801219 -0.020286362 -0.001382515 -0.268020653
0.000000000 0.789619863 1.403768182 0.500000000 0.500000000 0.000000000 0.000000000 0.998782032 0.000205491 0.049339744 -0.000298669 0.999998186 0.001881126 -0.049339268 -0.001893571 0.998780282 -0.020815283 -0.001568270 -0.271243310
0.000000000 0.789619863 1.403768182 0.500000000 0.500000000 0.000000000 0.000000000 0.998761042 0.000225827 0.049762735 -0.000323369 0.999998042 0.001952108 -0.049762197 -0.001965781 0.998759160 -0.021346945 -0.001754468 -0.274465541
0.000000000 0.789619863 1.403768182 0.500000000 0.500000000 0.000000000 0.000000000 0.998742340 0.000241973 0.050136605 -0.000344185 0.999997880 0.002030047 -0.050136007 -0.002044751 0.998740306 -0.021925769 -0.001491181 -0.277778255
0.000000000 0.789619863 1.403768182 0.500000000 0.500000000 0.000000000 0.000000000 0.998723498 0.000258061 0.050510472 -0.000365001 0.999997712 0.002107971 -0.050509812 -0.002123717 0.998721307 -0.022507067 -0.001228398 -0.281090617
0.000000000 0.789619863 1.403768182 0.500000000 0.500000000 0.000000000 0.000000000 0.998704516 0.000274089 0.050884333 -0.000385815 0.999997537 0.002185879 -0.050883609 -0.002202679 0.998702161 -0.023090839 -0.000966117 -0.284402625
