0.000000000 0.447453231 0.795472503 0.500000000 0.500000000 0.000000000 0.000000000 0.999999998 -0.000040755 0.000050892 0.000040752 0.999999997 0.000059339 -0.000050895 -0.000059337 0.999999997 -0.000057469 -0.000228050 -0.000047755
0.000000000 0.447453231 0.795472503 0.500000000 0.500000000 0.000000000 0.000000000 0.999980885 0.000703507 -0.006142918 -0.000711927 0.999998810 -0.001368551 0.006141948 0.001372899 0.999980196 0.002782088 -0.000768964 0.004931822
0.000000000 0.447453231 0.795472503 0.500000000 0.500000000 0.000000000 0.000000000 0.999922854 0.001430025 -0.012338602 -0.001464520 0.999995044 -0.002787115 0.012334555 0.002804970 0.999919992 0.005559042 -0.001328277 0.009944830
0.000000000 0.447453231 0.795472503 0.500000000 0.500000000 0.000000000 0.000000000 0.999825908 0.002138797 -0.018535874 -0.002216942 0.999988738 -0.004196346 0.018526690 0.004236709 0.999819390 0.008273060 -0.001905844 0.014990662
0.000000000 0.447453231 0.795472503 0.500000000 0.500000000 0.000000000 0.000000000 0.999690052 0.002829821 -0.024734447 -0.002969105 0.999979933 -0.005596243 0.024718114 0.005667948 0.999678393 0.010923820 -0.002501518 0.020068713
0.000000000 0.447453231 0.795472503 0.500000000 0.500000000 0.000000000 0.000000000 0.999524032 0.003582642 -0.030641056 -0.003799051 0.999968231 -0.007007419 0.030614978 0.007120491 0.999505889 0.013553632 -0.003285061 0.025721263
0.000000000 0.447453231 0.795472503 0.500000000 0.500000000 0.000000000 0.000000000 0.999322540 0.004318295 -0.036548771 -0.004628563 0.999953933 -0.008408774 0.036510775 0.008572246 0.999296492 0.016115749 -0.004088670 0.031403212
0.000000000 0.447453231 0.795472503 0.500000000 0.500000000 0.000000000 0.000000000 0.999085585 0.005036783 -0.042457337 -0.005457552 0.999937083 -0.009800306 0.042405304 0.010023058 0.999050213 0.018609888 -0.004912175 0.037113939
0.000000000 0.447453231 0.795472503 0.500000000 0.500000000 0.000000000 0.000000000 0.998813174 0.005738109 -0.048366499 -0.006285932 0.999917721 -0.011182015 0.048298355 0.011472773 0.998767062 0.021035769 -0.005755400 0.042852820
0.000000000 0.447453231 0.795472503 0.500000000 0.500000000 0.000000000 0.000000000 0.998510212 0.006503907 -0.054176160 -0.007185375 0.999897381 -0.012393463 0.054089995 0.012764275 0.998454479 0.023148339 -0.006888779 0.048346934
0.000000000 0.447453231 0.795472503 0.500000000 0.500000000 0.000000000 0.000000000 0.998172859 0.007254666 -0.059985941 -0.008084004 0.999874912 -0.013594427 0.059879814 0.014054515 0.998106647 0.025195843 -0.008039056 0.053864178
0.000000000 0.447453231 0.795472503 0.500000000 0.500000000 0.000000000 0.000000000 0.997801129 0.007990392 -0.065795604 -0.008981728 0.999850356 -0.014784909 0.065667620 0.015343358 0.997723581 0.027178062 -0.009206050 0.059403983
0.000000000 0.447453231 0.795472503 0.500000000 0.500000000 0.000000000 0.000000000 0.997395034 0.008711091 -0.071604909 -0.009878455 0.999823753 -0.015964912 0.071453217 0.016630670 0.997305299 0.029094784 -0.010389579 0.064965776
0.000000000 0.447453231 0.795472503 0.500000000 0.500000000 0.000000000 0.000000000 0.996998634 0.009341851 -0.076853460 -0.010674472 0.999799403 -0.016947269 0.076679724 0.017716775 0.996898358 0.030394348 -0.011645827 0.070563134
0.000000000 0.447453231 0.795472503 0.500000000 0.500000000 0.000000000 0.000000000 0.996574214 0.009961151 -0.082101227 -0.011469543 0.999773614 -0.017921222 0.081904125 0.018801491 0.996462853 0.031634083 -0.012915133 0.076173381
0.000000000 0.447453231 0.795472503 0.500000000 0.500000000 0.000000000 0.000000000 0.996121788 0.010569001 -0.087348040 -0.012263604 0.999746415 -0.018886773 0.087126276 0.019884728 0.995998800 0.032813878 -0.014197349 0.081796046
0.000000000 0.447453231 0.795472503 0.500000000 0.500000000 0.000000000 0.000000000 0.995641369 0.011165406 -0.092593726 -0.013056588 0.999717832 -0.019843928 0.092346033 0.020966393 0.995506213 0.033933625 -0.015492331 0.087430661
0.000000000 0.447453231 0.795472503 0.500000000 0.500000000 0.000000000 0.000000000 0.995172699 0.011755898 -0.097432532 -0.013840069 0.999689047 -0.020742729 0.097158385 0.021991071 0.995025950 0.034795987 -0.016723185 0.092589731
0.000000000 0.447453231 0.795472503 0.500000000 0.500000000 0.000000000 0.000000000 0.994680157 0.012336389 -0.102270220 -0.014622474 0.999659021 -0.021633880 0.101968464 0.023014235 0.994521381 0.035607405 -0.017964782 0.097756964
0.000000000 0.447453231 0.795472503 0.500000000 0.500000000 0.000000000 0.000000000 0.994163757 0.012906887 -0.107106664 -0.015403745 0.999627777 -0.022517384 0.106776167 0.024035811 0.993992520 0.036367812 -0.019216999 0.102931996
0.000000000 0.447453231 0.795472503 0.500000000 0.500000000 0.000000000 0.000000000 0.993623511 0.013467401 -0.111941719 -0.016183828 0.999595338 -0.023393247 0.111581374 0.025055726 0.993439383 0.037077142 -0.020479712 0.108114460
0.000000000 0.447453231 0.795472503 0.500000000 0.500000000 0.000000000 0.000000000 0.993136523 0.013957360 -0.116125102 -0.016859784 0.999568596 -0.024049312 0.115739340 0.025842094 0.992943398 0.037107589 -0.021296235 0.113242268
0.000000000 0.447453231 0.795472503 0.500000000 0.500000000 0.000000000 0.000000000 0.992631680 0.014440650 -0.120307174 -0.017534770 0.999541124 -0.024699650 0.119895289 0.026627214 0.992429399 0.037094666 -0.022119923 0.118371171
0.000000000 0.447453231 0.795472503 0.500000000 0.500000000 0.000000000 0.000000000 0.992108992 0.014917278 -0.124487839 -0.018208750 0.999512936 -0.025344266 0.124049138 0.027411043 0.991897397 0.037038358 -0.022950685 0.123500896
0.000000000 0.447453231 0.795472503 0.500000000 0.500000000 0.000000000 0.000000000 0.991568471 0.015387249 -0.128667010 -0.018881688 0.999484045 -0.025983167 0.128200814 0.028193539 0.991347404 0.036938653 -0.023788434 0.128631161
0.000000000 0.447453231 0.795472503 0.500000000 0.500000000 0.000000000 0.000000000 0.991076946 0.015823805 -0.132348383 -0.019507804 0.999456183 -0.026585405 0.131855727 0.028930008 0.990846669 0.036310994 -0.024266285 0.133804630
0.000000000 0.447453231 0.795472503 0.500000000 0.500000000 0.000000000 0.000000000 0.990571559 0.016254844 -0.136028551 -0.020133023 0.999427710 -0.027182959 0.135508848 0.029665332 0.990331924 0.035645047 -0.024750175 0.138974699
0.000000000 0.447453231 0.795472503 0.500000000 0.500000000 0.000000000 0.000000000 0.990052318 0.016680374 -0.139707454 -0.020757321 0.999398638 -0.027775833 0.139160128 0.030399481 0.989803178 0.034940821 -0.025240028 0.144141142
0.000000000 0.447453231 0.795472503 0.500000000 0.500000000 0.000000000 0.000000000 0.989519231 0.017100399 -0.143385033 -0.021380671 0.999368975 -0.028364030 0.142809517 0.031132422 0.989260438 0.034198323 -0.025735774 0.149303764
0.000000000 0.447453231 0.795472503 0.500000000 0.500000000 0.000000000 0.000000000 0.989012056 0.017526485 -0.146792287 -0.021994441 0.999341179 -0.028869567 0.146189595 0.031780964 0.988745960 0.033542730 -0.026894861 0.154502498
0.000000000 0.447453231 0.795472503 0.500000000 0.500000000 0.000000000 0.000000000 0.988492959 0.017948053 -0.150198328 -0.022607316 0.999312895 -0.029370841 0.149567977 0.032428450 0.988219518 0.032850651 -0.028059114 0.159697254
0.000000000 0.447453231 0.795472503 0.500000000 0.500000000 0.000000000 0.000000000 0.987961948 0.018365108 -0.153603099 -0.023219271 0.999284132 -0.029867857 0.152944613 0.033074858 0.987681122 0.032122104 -0.029228464 0.164887846
0.000000000 0.447453231 0.795472503 0.500000000 0.500000000 0.000000000 0.000000000 0.987419031 0.018777655 -0.157006552 -0.023830288 0.999254898 -0.030360618 0.156319465 0.033720163 0.987130779 0.031357106 -0.030402842 0.170074093
0.000000000 0.447453231 0.795472503 0.500000000 0.500000000 0.000000000 0.000000000 0.986901697 0.019165138 -0.160180331 -0.024446046 0.999218434 -0.031063024 0.159459813 0.034571926 0.986598880 0.030883218 -0.032155783 0.175092646
0.000000000 0.447453231 0.795472503 0.500000000 0.500000000 0.000000000 0.000000000 0.986373996 0.019547097 -0.163353148 -0.025060902 0.999181246 -0.031761425 0.162598558 0.035422421 0.986056267 0.030375788 -0.033915876 0.180107343
0.000000000 0.447453231 0.795472503 0.500000000 0.500000000 0.000000000 0.000000000 0.985835938 0.019923539 -0.166524938 -0.025674836 0.999143344 -0.032455825 0.165735649 0.036271619 0.985502950 0.029834835 -0.035683056 0.185118026
0.000000000 0.447453231 0.795472503 0.500000000 0.500000000 0.000000000 0.000000000 0.985287529 0.020294469 -0.169695671 -0.026287830 0.999104738 -0.033146226 0.168871063 0.037119494 0.984938936 0.029260375 -0.037457257 0.190124540
0.000000000 0.447453231 0.795472503 0.500000000 0.500000000 0.000000000 0.000000000 0.984749923 0.020768656 -0.172731737 -0.027014012 0.999060606 -0.033884334 0.171865742 0.038033772 0.984385899 0.029009460 -0.039287539 0.195399022
0.000000000 0.447453231 0.795472503 0.500000000 0.500000000 0.000000000 0.000000000 0.984202687 0.021237156 -0.175767046 -0.027739143 0.999015585 -0.034617916 0.174858833 0.038946673 0.983822924 0.028724342 -0.041126168 0.200670930
0.000000000 0.447453231 0.795472503 0.500000000 0.500000000 0.000000000 0.000000000 0.983645827 0.021699976 -0.178801558 -0.028463205 0.998969688 -0.035346978 0.177850308 0.039858173 0.983250016 0.028405031 -0.042973066 0.205940109
0.000000000 0.447453231 0.795472503 0.500000000 0.500000000 0.000000000 0.000000000 0.983079351 0.022157118 -0.181835233 -0.029186176 0.998922926 -0.036071522 0.180840142 0.040768244 0.982667183 0.028051533 -0.044828154 0.211206409
0.000000000 0.447453231 0.795472503 0.500000000 0.500000000 0.000000000 0.000000000 0.982531733 0.022531013 -0.184726142 -0.029817414 0.998879131 -0.036761431 0.183690816 0.041627328 0.982102260 0.027742149 -0.046846533 0.216572849
0.000000000 0.447453231 0.795472503 0.500000000 0.500000000 0.000000000 0.000000000 0.981975453 0.022899800 -0.187616122 -0.030447688 0.998834630 -0.037447574 0.186539937 0.042485076 0.981528334 0.027399619 -0.048872800 0.221936367
0.000000000 0.447453231 0.795472503 0.500000000 0.500000000 0.000000000 0.000000000 0.981410515 0.023263485 -0.190505145 -0.031076981 0.998789431 -0.038129953 0.189387490 0.043341462 0.980945409 0.027023950 -0.050906891 0.227296832
0.000000000 0.447453231 0.795472503 0.500000000 0.500000000 0.000000000 0.000000000 0.980836924 0.023622072 -0.193393190 -0.031705276 0.998743546 -0.038808572 0.192233461 0.044196465 0.980353492 0.026615158 -0.052948738 0.232654086
0.000000000 0.447453231 0.795472503 0.500000000 0.500000000 0.000000000 0.000000000 0.980285310 0.023995863 -0.196124730 -0.032332528 0.998699650 -0.039415948 0.194923879 0.044980083 0.979786443 0.025696509 -0.054879426 0.237563040
0.000000000 0.447453231 0.795472503 0.500000000 0.500000000 0.000000000 0.000000000 0.979725923 0.024365230 -0.198855350 -0.032958820 0.998655162 -0.040019779 0.197612831 0.045762453 0.979211400 0.024748976 -0.056815952 0.242466218
0.000000000 0.447453231 0.795472503 0.500000000 0.500000000 0.000000000 0.000000000 0.979158770 0.024730178 -0.201585023 -0.033584138 0.998610092 -0.040620067 0.200300297 0.046543554 0.978628371 0.023772584 -0.058758258 0.247363504
0.000000000 0.447453231 0.795472503 0.500000000 0.500000000 0.000000000 0.000000000 0.978583855 0.025090710 -0.204313719 -0.034208466 0.998564447 -0.041216818 0.202986257 0.047323371 0.978037360 0.022767355 -0.060706287 0.252254784
0.000000000 0.447453231 0.795472503 0.500000000 0.500000000 0.000000000 0.000000000 0.978027577 0.025413092 -0.206920839 -0.034791403 0.998519621 -0.041810583 0.205551982 0.048090969 0.977463882 0.021547363 -0.062753495 0.256604508
0.000000000 0.447453231 0.795472503 0.500000000 0.500000000 0.000000000 0.000000000 0.977464236 0.025731323 -0.209527006 -0.035373425 0.998474266 -0.042401187 0.208116285 0.048857332 0.976883091 0.020302663 -0.064805422 0.260946987
0.000000000 0.447453231 0.795472503 0.500000000 0.500000000 0.000000000 0.000000000 0.976893833 0.026045408 -0.212132214 -0.035954520 0.998428390 -0.042988632 0.210679168 0.049622442 0.976294987 0.019033287 -0.066862023 0.265282112
0.000000000 0.447453231 0.795472503 0.500000000 0.500000000 0.000000000 0.000000000 0.976316374 0.026355352 -0.214736428 -0.036534676 0.998382000 -0.043572922 0.213240604 0.050386283 0.975699578 0.017739265 -0.068923251 0.269609801
0.000000000 0.447453231 0.795472503 0.500000000 0.500000000 0.000000000 0.000000000 0.975786190 0.026647573 -0.217097256 -0.037087729 0.998335925 -0.044157462 0.215559301 0.051139885 0.975150706 0.016042860 -0.070746295 0.274125171
0.000000000 0.447453231 0.795472503 0.500000000 0.500000000 0.000000000 0.000000000 0.975250192 0.026936096 -0.219457308 -0.037639960 0.998289352 -0.044739274 0.217876793 0.051892350 0.974595756 0.014323356 -0.072573916 0.278631729
0.000000000 0.447453231 0.795472503 0.500000000 0.500000000 0.000000000 0.000000000 0.974708388 0.027220924 -0.221816544 -0.038191361 0.998242288 -0.045318361 0.220193047 0.052643662 0.974034736 0.012580785 -0.074406073 0.283129415
0.000000000 0.447453231 0.795472503 0.500000000 0.500000000 0.000000000 0.000000000 0.974160781 0.027502060 -0.224174953 -0.038741920 0.998194739 -0.045894726 0.222508060 0.053393810 0.973467649 0.010815179 -0.076242726 0.287618128
0.000000000 0.447453231 0.795472503 0.500000000 0.500000000 0.000000000 0.000000000 0.973653415 0.027787764 -0.226333533 -0.039294892 0.998145343 -0.046495004 0.224621770 0.054163771 0.972939539 0.008906257 -0.077845662 0.292190963
0.000000000 0.447453231 0.795472503 0.500000000 0.500000000 0.000000000 0.000000000 0.973141156 0.028070007 -0.228491497 -0.039847092 0.998095426 -0.047092779 0.226734424 0.054932643 0.972406245 0.006975973 -0.079453319 0.296754833
0.000000000 0.447453231 0.795472503 0.500000000 0.500000000 0.000000000 0.000000000 0.972624009 0.028348793 -0.230648830 -0.040398514 0.998044994 -0.047688055 0.228846011 0.055700417 0.971867772 0.005024350 -0.081065658 0.301309690
0.000000000 0.447453231 0.795472503 0.500000000 0.500000000 0.000000000 0.000000000 0.972101976 0.028624124 -0.232805515 -0.040949150 0.997994052 -0.048280833 0.230956523 0.056467081 0.971324124 0.003051422 -0.082682645 0.305855444
0.000000000 0.447453231 0.795472503 0.500000000 0.500000000 0.000000000 0.000000000 0.971657675 0.028824033 -0.234628511 -0.041420170 0.997942763 -0.048934767 0.232735327 0.057266195 0.970852641 0.000964126 -0.084596320 0.310041285
0.000000000 0.447453231 0.795472503 0.500000000 0.500000000 0.000000000 0.000000000 0.971209897 0.029020912 -0.236451100 -0.041890614 0.997890935 -0.049586886 0.234513353 0.058064356 0.970377255 -0.001139938 -0.086514784 0.314217857
0.000000000 0.447453231 0.795472503 0.500000000 0.500000000 0.000000000 0.000000000 0.970758644 0.029214765 -0.238273273 -0.042360477 0.997838572 -0.050237189 0.236290594 0.058861555 0.969897970 -0.003260749 -0.088438008 0.318385133
0.000000000 0.447453231 0.795472503 0.500000000 0.500000000 0.000000000 0.000000000 0.970303918 0.029405592 -0.240095017 -0.042829752 0.997785679 -0.050885677 0.238067046 0.059657782 0.969414788 -0.005398275 -0.090365968 0.322543045
0.000000000 0.447453231 0.795472503 0.500000000 0.500000000 0.000000000 0.000000000 0.969893219 0.029685427 -0.241714539 -0.043346560 0.997737178 -0.051396497 0.239641855 0.060326607 0.968985285 -0.007104162 -0.092588326 0.326612468
0.000000000 0.447453231 0.795472503 0.500000000 0.500000000 0.000000000 0.000000000 0.969479695 0.029962998 -0.243333804 -0.043862814 0.997688261 -0.051905556 0.241216033 0.060994688 0.968552773 -0.008825207 -0.094814313 0.330674660
0.000000000 0.447453231 0.795472503 0.500000000 0.500000000 0.000000000 0.000000000 0.969063346 0.030238305 -0.244952804 -0.044378510 0.997638933 -0.052412858 0.242789578 0.061662020 0.968117253 -0.010561387 -0.097043906 0.334729568
0.000000000 0.447453231 0.795472503 0.500000000 0.500000000 0.000000000 0.000000000 0.968644175 0.030511350 -0.246571531 -0.044893641 0.997589196 -0.052918402 0.244362483 0.062328595 0.967678729 -0.012312684 -0.099277079 0.338777167
0.000000000 0.447453231 0.795472503 0.500000000 0.500000000 0.000000000 0.000000000 0.968300907 0.030636506 -0.247900701 -0.045223123 0.997550760 -0.053360565 0.245658751 0.062879928 0.967314785 -0.013827378 -0.101390691 0.342289701
0.000000000 0.447453231 0.795472503 0.500000000 0.500000000 0.000000000 0.000000000 0.967955799 0.030760128 -0.249229583 -0.045552285 0.997512083 -0.053801795 0.246954570 0.063430737 0.966948800 -0.015352567 -0.103507164 0.345796763
0.000000000 0.447453231 0.795472503 0.500000000 0.500000000 0.000000000 0.000000000 0.967608847 0.030882217 -0.250558193 -0.045881126 0.997473166 -0.054242093 0.248249958 0.063981022 0.966580771 -0.016888239 -0.105626486 0.349298312
0.000000000 0.447453231 0.795472503 0.500000000 0.500000000 0.000000000 0.000000000 0.967260053 0.031002772 -0.251886516 -0.046209642 0.997434011 -0.054681460 0.249544902 0.064530777 0.966210702 -0.018434383 -0.107748645 0.352794348
0.000000000 0.447453231 0.795472503 0.500000000 0.500000000 0.000000000 0.000000000 0.966928343 0.031220126 -0.253130170 -0.046555439 0.997410348 -0.054819610 0.250763176 0.064791221 0.965877801 -0.019519955 -0.109576240 0.355750399
0.000000000 0.447453231 0.795472503 0.500000000 0.500000000 0.000000000 0.000000000 0.966594976 0.031436783 -0.254373507 -0.046900921 0.997386609 -0.054956857 0.251981063 0.065051373 0.965543299 -0.020614164 -0.111404450 0.358703566
0.000000000 0.447453231 0.795472503 0.500000000 0.500000000 0.000000000 0.000000000 0.966259958 0.031652743 -0.255616505 -0.047246085 0.997362796 -0.055093201 0.253198541 0.065311233 0.965207201 -0.021716997 -0.113233266 0.361653833
0.000000000 0.447453231 0.795472503 0.500000000 0.500000000 0.000000000 0.000000000 0.965923287 0.031868008 -0.256859171 -0.047590930 0.997338910 -0.055228642 0.254415618 0.065570798 0.964869506 -0.022828451 -0.115062678 0.364601187
0.000000000 0.447453231 0.795472503 0.500000000 0.500000000 0.000000000 0.000000000 0.965580933 0.032058765 -0.258119542 -0.047897136 0.997319930 -0.055306608 0.255654703 0.065766193 0.964528632 -0.023454181 -0.116862632 0.368107136
0.000000000 0.447453231 0.795472503 0.500000000 0.500000000 0.000000000 0.000000000 0.965236896 0.032248982 -0.259379525 -0.048203039 0.997300911 -0.055383757 0.256893367 0.065961327 0.964186134 -0.024089986 -0.118663287 0.371611621
0.000000000 0.447453231 0.795472503 0.500000000 0.500000000 0.000000000 0.000000000 0.964891180 0.032438662 -0.260639107 -0.048508639 0.997281851 -0.055460093 0.258131600 0.066156203 0.963842017 -0.024735861 -0.120464635 0.375114626
0.000000000 0.447453231 0.795472503 0.500000000 0.500000000 0.000000000 0.000000000 0.964543781 0.032627802 -0.261898304 -0.048813932 0.997262752 -0.055535613 0.259369419 0.066350817 0.963496276 -0.025391809 -0.122266665 0.378616133
