0.000000000 0.511008263 0.908459425 0.500000000 0.500000000 0.000000000 0.000000000 0.999999995 -0.000052404 0.000084456 0.000052405 0.999999998 -0.000018968 -0.000084455 0.000018973 0.999999996 -0.000173146 -0.000029266 -0.000075004
0.000000000 0.511008263 0.908459425 0.500000000 0.500000000 0.000000000 0.000000000 0.999999999 -0.000032377 -0.000029126 0.000032353 0.999999653 -0.000832030 0.000029153 0.000832029 0.999999653 -0.000285682 -0.000353964 -0.001570937
0.000000000 0.511008263 0.908459425 0.500000000 0.500000000 0.000000000 0.000000000 0.999999990 -0.000012535 -0.000142741 0.000012300 0.999998647 -0.001645087 0.000142762 0.001645086 0.999998637 -0.000397890 -0.000676225 -0.003067423
0.000000000 0.511008263 0.908459425 0.500000000 0.500000000 0.000000000 0.000000000 0.999999967 0.000007122 -0.000256388 -0.000007752 0.999996979 -0.002458139 0.000256370 0.002458141 0.999996946 -0.000509772 -0.000996048 -0.004564458
0.000000000 0.511008263 0.908459425 0.500000000 0.500000000 0.000000000 0.000000000 0.999999931 0.000026594 -0.000370067 -0.000027805 0.999994649 -0.003271184 0.000369978 0.003271194 0.999994581 -0.000621326 -0.001313432 -0.006062040
0.000000000 0.511008263 0.908459425 0.500000000 0.500000000 0.000000000 0.000000000 0.999999882 0.000045882 -0.000483778 -0.000047857 0.999991658 -0.004084222 0.000483587 0.004084245 0.999991543 -0.000732551 -0.001628377 -0.007560165
0.000000000 0.511008263 0.908459425 0.500000000 0.500000000 0.000000000 0.000000000 0.999999855 0.000006282 -0.000538469 -0.000008751 0.999989488 -0.004585231 0.000538435 0.004585235 0.999989343 -0.000902755 -0.001968558 -0.009074998
0.000000000 0.511008263 0.908459425 0.500000000 0.500000000 0.000000000 0.000000000 0.999999824 -0.000033373 -0.000593121 0.000030356 0.999987065 -0.005086243 0.000593283 0.005086224 0.999986889 -0.001072766 -0.002307234 -0.010590191
0.000000000 0.511008263 0.908459425 0.500000000 0.500000000 0.000000000 0.000000000 0.999999788 -0.000073082 -0.000647733 0.000069462 0.999984389 -0.005587258 0.000648131 0.005587211 0.999984181 -0.001242583 -0.002644406 -0.012105745
0.000000000 0.511008263 0.908459425 0.500000000 0.500000000 0.000000000 0.000000000 0.999999747 -0.000112846 -0.000702306 0.000108569 0.999981460 -0.006088275 0.000702980 0.006088197 0.999981220 -0.001412208 -0.002980073 -0.013621657
0.000000000 0.511008263 0.908459425 0.500000000 0.500000000 0.000000000 0.000000000 0.999999702 -0.000152665 -0.000756838 0.000147675 0.999978279 -0.006589296 0.000757828 0.006589182 0.999978004 -0.001581641 -0.003314236 -0.015137927
0.000000000 0.511008263 0.908459425 0.500000000 0.500000000 0.000000000 0.000000000 0.999999621 -0.000172300 -0.000853499 0.000166343 0.999975661 -0.006974873 0.000854680 0.006974728 0.999975311 -0.001796797 -0.003636134 -0.016502086
0.000000000 0.511008263 0.908459425 0.500000000 0.500000000 0.000000000 0.000000000 0.999999530 -0.000192009 -0.000950144 0.000185010 0.999972894 -0.007360453 0.000951532 0.007360274 0.999972460 -0.002011677 -0.003956989 -0.017866536
0.000000000 0.511008263 0.908459425 0.500000000 0.500000000 0.000000000 0.000000000 0.999999430 -0.000211792 -0.001046774 0.000203678 0.999969978 -0.007746035 0.001048383 0.007745818 0.999969451 -0.002226281 -0.004276800 -0.019231277
0.000000000 0.511008263 0.908459425 0.500000000 0.500000000 0.000000000 0.000000000 0.999999319 -0.000231650 -0.001143389 0.000222345 0.999966913 -0.008131620 0.001145235 0.008131360 0.999966284 -0.002440608 -0.004595568 -0.020596310
0.000000000 0.511008263 0.908459425 0.500000000 0.500000000 0.000000000 0.000000000 0.999999200 -0.000251583 -0.001239989 0.000241013 0.999963699 -0.008517207 0.001242087 0.008516902 0.999962959 -0.002654659 -0.004913292 -0.021961633
0.000000000 0.511008263 0.908459425 0.500000000 0.500000000 0.000000000 0.000000000 0.999999131 -0.000299007 -0.001284303 0.000287698 0.999961267 -0.008796658 0.001286884 0.008796281 0.999960484 -0.002963442 -0.005353230 -0.023373032
0.000000000 0.511008263 0.908459425 0.500000000 0.500000000 0.000000000 0.000000000 0.999999057 -0.000346456 -0.001328591 0.000334384 0.999958755 -0.009076112 0.001331680 0.009075660 0.999957929 -0.003272057 -0.005792408 -0.024784707
0.000000000 0.511008263 0.908459425 0.500000000 0.500000000 0.000000000 0.000000000 0.999998980 -0.000393930 -0.001372852 0.000381069 0.999956163 -0.009355570 0.001376477 0.009355038 0.999955293 -0.003580504 -0.006230827 -0.026196658
0.000000000 0.511008263 0.908459425 0.500000000 0.500000000 0.000000000 0.000000000 0.999998899 -0.000441429 -0.001417086 0.000427755 0.999953491 -0.009635032 0.001421274 0.009634415 0.999952578 -0.003888785 -0.006668486 -0.027608881
0.000000000 0.511008263 0.908459425 0.500000000 0.500000000 0.000000000 0.000000000 0.999998813 -0.000488952 -0.001461294 0.000474441 0.999950738 -0.009914496 0.001466070 0.009913791 0.999949782 -0.004196897 -0.007105386 -0.029021380
0.000000000 0.511008263 0.908459425 0.500000000 0.500000000 0.000000000 0.000000000 0.999998596 -0.000517612 -0.001593929 0.000501314 0.999947769 -0.010208209 0.001599130 0.010207396 0.999946625 -0.004474772 -0.007487738 -0.030420937
0.000000000 0.511008263 0.908459425 0.500000000 0.500000000 0.000000000 0.000000000 0.999998360 -0.000546349 -0.001726547 0.000528188 0.999944714 -0.010501927 0.001732189 0.010500998 0.999943363 -0.004752253 -0.007869283 -0.031820796
0.000000000 0.511008263 0.908459425 0.500000000 0.500000000 0.000000000 0.000000000 0.999998106 -0.000575164 -0.001859148 0.000555061 0.999941571 -0.010795653 0.001865249 0.010794601 0.999939997 -0.005029342 -0.008250023 -0.033220955
0.000000000 0.511008263 0.908459425 0.500000000 0.500000000 0.000000000 0.000000000 0.999997834 -0.000604058 -0.001991733 0.000581935 0.999938342 -0.011089385 0.001998309 0.011088202 0.999936527 -0.005306037 -0.008629956 -0.034621416
0.000000000 0.511008263 0.908459425 0.500000000 0.500000000 0.000000000 0.000000000 0.999997543 -0.000633029 -0.002124300 0.000608808 0.999935025 -0.011383122 0.002131368 0.011381800 0.999932954 -0.005582339 -0.009009084 -0.036022175
0.000000000 0.511008263 0.908459425 0.500000000 0.500000000 0.000000000 0.000000000 0.999997159 -0.000666293 -0.002288632 0.000639489 0.999931433 -0.011692749 0.002296266 0.011691252 0.999929018 -0.005752498 -0.009314428 -0.037402498
0.000000000 0.511008263 0.908459425 0.500000000 0.500000000 0.000000000 0.000000000 0.999996747 -0.000699659 -0.002452944 0.000670169 0.999927744 -0.012002385 0.002461164 0.012000702 0.999924960 -0.005922183 -0.009618930 -0.038783068
0.000000000 0.511008263 0.908459425 0.500000000 0.500000000 0.000000000 0.000000000 0.999996306 -0.000733126 -0.002617235 0.000700850 0.999923958 -0.012312029 0.002626062 0.012310150 0.999920779 -0.006091394 -0.009922588 -0.040163889
0.000000000 0.511008263 0.908459425 0.500000000 0.500000000 0.000000000 0.000000000 0.999995838 -0.000766696 -0.002781506 0.000731530 0.999920076 -0.012621683 0.002790961 0.012619596 0.999916475 -0.006260131 -0.010225404 -0.041544956
0.000000000 0.511008263 0.908459425 0.500000000 0.500000000 0.000000000 0.000000000 0.999995341 -0.000800367 -0.002945756 0.000762211 0.999916096 -0.012931346 0.002955858 0.012929040 0.999912048 -0.006428395 -0.010527377 -0.042926273
0.000000000 0.511008263 0.908459425 0.500000000 0.500000000 0.000000000 0.000000000 0.999994887 -0.000841201 -0.003085041 0.000800178 0.999911567 -0.013274707 0.003095935 0.013272171 0.999907128 -0.006671537 -0.010838649 -0.044333749
0.000000000 0.511008263 0.908459425 0.500000000 0.500000000 0.000000000 0.000000000 0.999994413 -0.000882132 -0.003224298 0.000838145 0.999906918 -0.013618078 0.003236011 0.013615299 0.999902071 -0.006914262 -0.011148974 -0.045741514
0.000000000 0.511008263 0.908459425 0.500000000 0.500000000 0.000000000 0.000000000 0.999993917 -0.000923158 -0.003363528 0.000876113 0.999902150 -0.013961457 0.003376087 0.013958425 0.999896877 -0.007156569 -0.011458354 -0.047149564
0.000000000 0.511008263 0.908459425 0.500000000 0.500000000 0.000000000 0.000000000 0.999993401 -0.000964279 -0.003502729 0.000914080 0.999897263 -0.014304845 0.003516163 0.014301549 0.999891545 -0.007398458 -0.011766789 -0.048557900
0.000000000 0.511008263 0.908459425 0.500000000 0.500000000 0.000000000 0.000000000 0.999992863 -0.001005496 -0.003641903 0.000952047 0.999892256 -0.014648241 0.003656239 0.014644670 0.999886076 -0.007639930 -0.012074277 -0.049966523
0.000000000 0.511008263 0.908459425 0.500000000 0.500000000 0.000000000 0.000000000 0.999991936 -0.001059075 -0.003873806 0.001000919 0.999887236 -0.014983783 0.003889238 0.014979784 0.999880233 -0.007760845 -0.012436339 -0.051445960
0.000000000 0.511008263 0.908459425 0.500000000 0.500000000 0.000000000 0.000000000 0.999990953 -0.001112809 -0.004105674 0.001049791 0.999882101 -0.015319345 0.004122237 0.015314896 0.999874223 -0.007881036 -0.012797423 -0.052925704
0.000000000 0.511008263 0.908459425 0.500000000 0.500000000 0.000000000 0.000000000 0.999989912 -0.001166699 -0.004337505 0.001098663 0.999876851 -0.015654927 0.004355235 0.015650004 0.999868046 -0.008000503 -0.013157530 -0.054405754
0.000000000 0.511008263 0.908459425 0.500000000 0.500000000 0.000000000 0.000000000 0.999988816 -0.001220744 -0.004569300 0.001147534 0.999871485 -0.015990531 0.004588234 0.015985109 0.999861703 -0.008119245 -0.013516658 -0.055886111
0.000000000 0.511008263 0.908459425 0.500000000 0.500000000 0.000000000 0.000000000 0.999987662 -0.001274945 -0.004801060 0.001196406 0.999866004 -0.016326156 0.004821232 0.016320211 0.999855193 -0.008237262 -0.013874808 -0.057366772
0.000000000 0.511008263 0.908459425 0.500000000 0.500000000 0.000000000 0.000000000 0.999986958 -0.001330169 -0.004930872 0.001247020 0.999857626 -0.016827753 0.004952554 0.016821384 0.999846245 -0.008319266 -0.014223824 -0.058891804
0.000000000 0.511008263 0.908459425 0.500000000 0.500000000 0.000000000 0.000000000 0.999986235 -0.001385524 -0.005060631 0.001297635 0.999848993 -0.017329358 0.005083877 0.017322553 0.999837028 -0.008400835 -0.014571323 -0.060417223
0.000000000 0.511008263 0.908459425 0.500000000 0.500000000 0.000000000 0.000000000 0.999985492 -0.001441009 -0.005190335 0.001348249 0.999840107 -0.017830973 0.005215199 0.017823717 0.999827544 -0.008481968 -0.014917307 -0.061943028
0.000000000 0.511008263 0.908459425 0.500000000 0.500000000 0.000000000 0.000000000 0.999984729 -0.001496624 -0.005319984 0.001398863 0.999830965 -0.018332596 0.005346522 0.018324874 0.999817790 -0.008562665 -0.015261772 -0.063469215
0.000000000 0.511008263 0.908459425 0.500000000 0.500000000 0.000000000 0.000000000 0.999983946 -0.001552370 -0.005449579 0.001449477 0.999821570 -0.018834229 0.005477844 0.018826027 0.999807768 -0.008642927 -0.015604722 -0.064995785
0.000000000 0.511008263 0.908459425 0.500000000 0.500000000 0.000000000 0.000000000 0.999983346 -0.001559191 -0.005556739 0.001452191 0.999814452 -0.019208158 0.005585657 0.019199769 0.999800065 -0.008820004 -0.015999489 -0.066557289
0.000000000 0.511008263 0.908459425 0.500000000 0.500000000 0.000000000 0.000000000 0.999982734 -0.001566092 -0.005663894 0.001454905 0.999807194 -0.019582085 0.005693469 0.019573507 0.999792210 -0.008996742 -0.016393094 -0.068119137
0.000000000 0.511008263 0.908459425 0.500000000 0.500000000 0.000000000 0.000000000 0.999982110 -0.001573074 -0.005771045 0.001457618 0.999799796 -0.019956010 0.005801282 0.019947241 0.999784203 -0.009173142 -0.016785534 -0.069681327
0.000000000 0.511008263 0.908459425 0.500000000 0.500000000 0.000000000 0.000000000 0.999981475 -0.001580137 -0.005878192 0.001460332 0.999792259 -0.020329933 0.005909095 0.020320972 0.999776045 -0.009349202 -0.017176812 -0.071243857
0.000000000 0.511008263 0.908459425 0.500000000 0.500000000 0.000000000 0.000000000 0.999980828 -0.001587279 -0.005985334 0.001463046 0.999784582 -0.020703854 0.006016907 0.020694700 0.999767736 -0.009524923 -0.017566925 -0.072806729
0.000000000 0.511008263 0.908459425 0.500000000 0.500000000 0.000000000 0.000000000 0.999980230 -0.001616164 -0.006076749 0.001487097 0.999774483 -0.021184249 0.006109616 0.021174793 0.999757121 -0.009820947 -0.017996794 -0.074397003
0.000000000 0.511008263 0.908459425 0.500000000 0.500000000 0.000000000 0.000000000 0.999979624 -0.001645136 -0.006168137 0.001511149 0.999764152 -0.021664642 0.006202324 0.021654880 0.999746266 -0.010116656 -0.018425156 -0.075987762
0.000000000 0.511008263 0.908459425 0.500000000 0.500000000 0.000000000 0.000000000 0.999979008 -0.001674197 -0.006259499 0.001535200 0.999753590 -0.022145035 0.006295032 0.022134960 0.999735173 -0.010412049 -0.018852011 -0.077579004
0.000000000 0.511008263 0.908459425 0.500000000 0.500000000 0.000000000 0.000000000 0.999978383 -0.001703346 -0.006350835 0.001559251 0.999742796 -0.022625427 0.006387740 0.022615035 0.999723840 -0.010707126 -0.019277358 -0.079170727
0.000000000 0.511008263 0.908459425 0.500000000 0.500000000 0.000000000 0.000000000 0.999977748 -0.001732583 -0.006442143 0.001583302 0.999731771 -0.023105819 0.006480448 0.023095105 0.999712269 -0.011001888 -0.019701198 -0.080762932
0.000000000 0.511008263 0.908459425 0.500000000 0.500000000 0.000000000 0.000000000 0.999976950 -0.001762594 -0.006556845 0.001607123 0.999719211 -0.023641397 0.006596674 0.023630314 0.999699001 -0.011436515 -0.020036804 -0.082392740
0.000000000 0.511008263 0.908459425 0.500000000 0.500000000 0.000000000 0.000000000 0.999976138 -0.001792728 -0.006671516 0.001630943 0.999706364 -0.024176972 0.006712900 0.024165515 0.999685433 -0.011870749 -0.020370695 -0.084023030
0.000000000 0.511008263 0.908459425 0.500000000 0.500000000 0.000000000 0.000000000 0.999975312 -0.001822985 -0.006786156 0.001654763 0.999693229 -0.024712547 0.006829125 0.024700707 0.999671565 -0.012304587 -0.020702872 -0.085653803
0.000000000 0.511008263 0.908459425 0.500000000 0.500000000 0.000000000 0.000000000 0.999974472 -0.001853365 -0.006900766 0.001678583 0.999679806 -0.025248120 0.006945351 0.025235892 0.999657397 -0.012738032 -0.021033332 -0.087285056
0.000000000 0.511008263 0.908459425 0.500000000 0.500000000 0.000000000 0.000000000 0.999973618 -0.001883869 -0.007015345 0.001702403 0.999666096 -0.025783692 0.007061576 0.025771069 0.999642929 -0.013171081 -0.021362076 -0.088916787
0.000000000 0.511008263 0.908459425 0.500000000 0.500000000 0.000000000 0.000000000 0.999973159 -0.001906695 -0.007074349 0.001719886 0.999652108 -0.026319292 0.007122071 0.026306418 0.999628555 -0.013730080 -0.021733516 -0.090589970
0.000000000 0.511008263 0.908459425 0.500000000 0.500000000 0.000000000 0.000000000 0.999972696 -0.001929585 -0.007133330 0.001737369 0.999637833 -0.026854888 0.007182566 0.026841761 0.999613891 -0.014288864 -0.022103194 -0.092263643
0.000000000 0.511008263 0.908459425 0.500000000 0.500000000 0.000000000 0.000000000 0.999972229 -0.001952539 -0.007192289 0.001754852 0.999623270 -0.027390478 0.007243061 0.027377096 0.999598936 -0.014847432 -0.022471110 -0.093937805
0.000000000 0.511008263 0.908459425 0.500000000 0.500000000 0.000000000 0.000000000 0.999971758 -0.001975557 -0.007251226 0.001772335 0.999608420 -0.027926061 0.007303556 0.027912421 0.999583691 -0.015405785 -0.022837264 -0.095612452
0.000000000 0.511008263 0.908459425 0.500000000 0.500000000 0.000000000 0.000000000 0.999971283 -0.001998638 -0.007310139 0.001789818 0.999593283 -0.028461639 0.007364051 0.028447738 0.999568155 -0.015963923 -0.023201655 -0.097287585
0.000000000 0.511008263 0.908459425 0.500000000 0.500000000 0.000000000 0.000000000 0.999970461 -0.002028977 -0.007413590 0.001812656 0.999575733 -0.029070071 0.007469427 0.029055774 0.999549884 -0.016466677 -0.023597740 -0.099095126
0.000000000 0.511008263 0.908459425 0.500000000 0.500000000 0.000000000 0.000000000 0.999969626 -0.002059442 -0.007517006 0.001835494 0.999557811 -0.029678497 0.007574803 0.029663798 0.999531231 -0.016969033 -0.023991663 -0.100903293
0.000000000 0.511008263 0.908459425 0.500000000 0.500000000 0.000000000 0.000000000 0.999968780 -0.002090034 -0.007620388 0.001858332 0.999539519 -0.030286918 0.007680180 0.030271811 0.999512197 -0.017470991 -0.024383423 -0.102712078
0.000000000 0.511008263 0.908459425 0.500000000 0.500000000 0.000000000 0.000000000 0.999967923 -0.002120753 -0.007723736 0.001881169 0.999520855 -0.030895332 0.007785556 0.030879811 0.999492783 -0.017972548 -0.024773022 -0.104521481
0.000000000 0.511008263 0.908459425 0.500000000 0.500000000 0.000000000 0.000000000 0.999967053 -0.002151598 -0.007827048 0.001904007 0.999501821 -0.031503738 0.007890932 0.031487798 0.999472987 -0.018473708 -0.025160457 -0.106331501
0.000000000 0.511008263 0.908459425 0.500000000 0.500000000 0.000000000 0.000000000 0.999966109 -0.002177400 -0.007939788 0.001921174 0.999481622 -0.032137149 0.008005648 0.032120806 0.999451932 -0.018878263 -0.025480493 -0.108125000
0.000000000 0.511008263 0.908459425 0.500000000 0.500000000 0.000000000 0.000000000 0.999965151 -0.002203346 -0.008052499 0.001938341 0.999461022 -0.032770552 0.008120364 0.032753801 0.999430462 -0.019282396 -0.025798287 -0.109919039
0.000000000 0.511008263 0.908459425 0.500000000 0.500000000 0.000000000 0.000000000 0.999964179 -0.002229436 -0.008165180 0.001955509 0.999440019 -0.033403944 0.008235079 0.033386781 0.999408578 -0.019686108 -0.026113839 -0.111713616
0.000000000 0.511008263 0.908459425 0.500000000 0.500000000 0.000000000 0.000000000 0.999963194 -0.002255669 -0.008277830 0.001972675 0.999418615 -0.034037327 0.008349795 0.034019745 0.999386281 -0.020089398 -0.026427149 -0.113508729
0.000000000 0.511008263 0.908459425 0.500000000 0.500000000 0.000000000 0.000000000 0.999962196 -0.002282046 -0.008390451 0.001989842 0.999396810 -0.034670701 0.008464510 0.034652695 0.999363569 -0.020492266 -0.026738215 -0.115304375
0.000000000 0.511008263 0.908459425 0.500000000 0.500000000 0.000000000 0.000000000 0.999961093 -0.002317293 -0.008511294 0.002014949 0.999372573 -0.035361010 0.008587896 0.035342484 0.999338360 -0.020896929 -0.026963839 -0.117218715
0.000000000 0.511008263 0.908459425 0.500000000 0.500000000 0.000000000 0.000000000 0.999959975 -0.002352707 -0.008632092 0.002040056 0.999347858 -0.036051308 0.008711281 0.036032255 0.999312659 -0.021301111 -0.027186861 -0.119133520
0.000000000 0.511008263 0.908459425 0.500000000 0.500000000 0.000000000 0.000000000 0.999958841 -0.002388289 -0.008752845 0.002065163 0.999322666 -0.036741596 0.008834666 0.036722008 0.999286467 -0.021704812 -0.027407280 -0.121048788
0.000000000 0.511008263 0.908459425 0.500000000 0.500000000 0.000000000 0.000000000 0.999957691 -0.002424038 -0.008873553 0.002090269 0.999296996 -0.037431872 0.008958051 0.037411740 0.999259784 -0.022108033 -0.027625095 -0.122964516
0.000000000 0.511008263 0.908459425 0.500000000 0.500000000 0.000000000 0.000000000 0.999956525 -0.002459956 -0.008994216 0.002115375 0.999270848 -0.038122135 0.009081436 0.038101452 0.999232609 -0.022510772 -0.027840307 -0.124880701
