0.000000000 0.667371750 1.186438561 0.500000000 0.500000000 0.000000000 0.000000000 0.999999984 -0.000170307 -0.000062766 0.000170306 0.999999985 -0.000011490 0.000062768 0.000011479 0.999999998 0.000358257 -0.000514439 0.000091296
0.000000000 0.667371750 1.186438561 0.500000000 0.500000000 0.000000000 0.000000000 0.999999826 -0.000058047 -0.000586478 0.000058028 0.999999998 -0.000031044 0.000586480 0.000031010 0.999999828 -0.000963890 0.000658686 -0.002518616
0.000000000 0.667371750 1.186438561 0.500000000 0.500000000 0.000000000 0.000000000 0.999999382 0.000054194 -0.001110193 -0.000054250 0.999999997 -0.000050481 0.001110191 0.000050542 0.999999382 -0.002283038 0.001832211 -0.005129867
0.000000000 0.667371750 1.186438561 0.500000000 0.500000000 0.000000000 0.000000000 0.999998651 0.000166413 -0.001633913 -0.000166528 0.999999984 -0.000069801 0.001633901 0.000070073 0.999998663 -0.003599188 0.003006133 -0.007742453
0.000000000 0.667371750 1.186438561 0.500000000 0.500000000 0.000000000 0.000000000 0.999997633 0.000278613 -0.002157637 -0.000278805 0.999999957 -0.000089003 0.002157612 0.000089604 0.999997668 -0.004912339 0.004180451 -0.010356374
0.000000000 0.667371750 1.186438561 0.500000000 0.500000000 0.000000000 0.000000000 0.999996329 0.000390792 -0.002681364 -0.000391083 0.999999918 -0.000108087 0.002681322 0.000109135 0.999996399 -0.006222488 0.005355166 -0.012971626
0.000000000 0.667371750 1.186438561 0.500000000 0.500000000 0.000000000 0.000000000 0.999994737 0.000502950 -0.003205095 -0.000503360 0.999999865 -0.000127053 0.003205031 0.000128666 0.999994856 -0.007529636 0.006530275 -0.015588208
0.000000000 0.667371750 1.186438561 0.500000000 0.500000000 0.000000000 0.000000000 0.999992859 0.000615088 -0.003728829 -0.000615636 0.999999800 -0.000145902 0.003728739 0.000148197 0.999993037 -0.008833780 0.007705778 -0.018206116
0.000000000 0.667371750 1.186438561 0.500000000 0.500000000 0.000000000 0.000000000 0.999990693 0.000727205 -0.004252567 -0.000727912 0.999999722 -0.000164634 0.004252446 0.000167728 0.999990944 -0.010134921 0.008881674 -0.020825351
0.000000000 0.667371750 1.186438561 0.500000000 0.500000000 0.000000000 0.000000000 0.999988241 0.000839302 -0.004776307 -0.000840187 0.999999630 -0.000183248 0.004776152 0.000187258 0.999988577 -0.011433056 0.010057962 -0.023445908
0.000000000 0.667371750 1.186438561 0.500000000 0.500000000 0.000000000 0.000000000 0.999985502 0.000951379 -0.005300051 -0.000952461 0.999999526 -0.000201744 0.005299856 0.000206789 0.999985934 -0.012728184 0.011234640 -0.026067786
0.000000000 0.667371750 1.186438561 0.500000000 0.500000000 0.000000000 0.000000000 0.999982476 0.001063435 -0.005823797 -0.001064735 0.999999409 -0.000220122 0.005823560 0.000226319 0.999983017 -0.014020307 0.012411709 -0.028690983
0.000000000 0.667371750 1.186438561 0.500000000 0.500000000 0.000000000 0.000000000 0.999978909 0.001188194 -0.006385173 -0.001189612 0.999999269 -0.000218303 0.006384909 0.000225894 0.999979591 -0.015273965 0.013307981 -0.031391402
0.000000000 0.667371750 1.186438561 0.500000000 0.500000000 0.000000000 0.000000000 0.999975011 0.001312953 -0.006946547 -0.001314487 0.999999113 -0.000216343 0.006946256 0.000225469 0.999975849 -0.016524372 0.014204561 -0.034093241
0.000000000 0.667371750 1.186438561 0.500000000 0.500000000 0.000000000 0.000000000 0.999970782 0.001437712 -0.007507918 -0.001439362 0.999998941 -0.000214243 0.007507602 0.000225043 0.999971792 -0.017771526 0.015101446 -0.036796497
0.000000000 0.667371750 1.186438561 0.500000000 0.500000000 0.000000000 0.000000000 0.999966222 0.001562473 -0.008069286 -0.001564234 0.999998754 -0.000212003 0.008068944 0.000224618 0.999967420 -0.019015426 0.015998636 -0.039501166
0.000000000 0.667371750 1.186438561 0.500000000 0.500000000 0.000000000 0.000000000 0.999961332 0.001687233 -0.008630651 -0.001689105 0.999998551 -0.000209622 0.008630285 0.000224192 0.999962733 -0.020256071 0.016896130 -0.042207248
0.000000000 0.667371750 1.186438561 0.500000000 0.500000000 0.000000000 0.000000000 0.999956111 0.001811994 -0.009192013 -0.001813974 0.999998333 -0.000207102 0.009191622 0.000223767 0.999957731 -0.021493459 0.017793925 -0.044914739
0.000000000 0.667371750 1.186438561 0.500000000 0.500000000 0.000000000 0.000000000 0.999950559 0.001936756 -0.009753371 -0.001938842 0.999998100 -0.000204441 0.009752957 0.000223341 0.999952414 -0.022727591 0.018692023 -0.047623636
0.000000000 0.667371750 1.186438561 0.500000000 0.500000000 0.000000000 0.000000000 0.999944677 0.002061518 -0.010314726 -0.002063707 0.999997850 -0.000201640 0.010314288 0.000222915 0.999946781 -0.023958463 0.019590419 -0.050333938
0.000000000 0.667371750 1.186438561 0.500000000 0.500000000 0.000000000 0.000000000 0.999938464 0.002186280 -0.010876077 -0.002188570 0.999997585 -0.000198699 0.010875617 0.000222489 0.999940834 -0.025186074 0.020489115 -0.053045641
0.000000000 0.667371750 1.186438561 0.500000000 0.500000000 0.000000000 0.000000000 0.999931920 0.002311043 -0.011437425 -0.002313431 0.999997305 -0.000195617 0.011436942 0.000222064 0.999934571 -0.026410425 0.021388108 -0.055758744
0.000000000 0.667371750 1.186438561 0.500000000 0.500000000 0.000000000 0.000000000 0.999925045 0.002435806 -0.011998768 -0.002438290 0.999997009 -0.000192396 0.011998263 0.000221638 0.999927994 -0.027631513 0.022287398 -0.058473242
0.000000000 0.667371750 1.186438561 0.500000000 0.500000000 0.000000000 0.000000000 0.999915302 0.002551044 -0.012762491 -0.002554101 0.999996713 -0.000223264 0.012761880 0.000255842 0.999918531 -0.028731138 0.022753880 -0.061129911
0.000000000 0.667371750 1.186438561 0.500000000 0.500000000 0.000000000 0.000000000 0.999904962 0.002666230 -0.013526215 -0.002669909 0.999996404 -0.000253955 0.013525490 0.000290045 0.999908484 -0.029826614 0.023220785 -0.063788266
0.000000000 0.667371750 1.186438561 0.500000000 0.500000000 0.000000000 0.000000000 0.999894025 0.002781363 -0.014289938 -0.002785713 0.999996079 -0.000284470 0.014289091 0.000324247 0.999897853 -0.030917937 0.023688113 -0.066448303
0.000000000 0.667371750 1.186438561 0.500000000 0.500000000 0.000000000 0.000000000 0.999882492 0.002896444 -0.015053659 -0.002901512 0.999995741 -0.000314807 0.015052683 0.000358448 0.999886638 -0.032005107 0.024155860 -0.069110017
0.000000000 0.667371750 1.186438561 0.500000000 0.500000000 0.000000000 0.000000000 0.999870362 0.003011473 -0.015817380 -0.003017307 0.999995388 -0.000344968 0.015816269 0.000392649 0.999874838 -0.033088121 0.024624028 -0.071773404
0.000000000 0.667371750 1.186438561 0.500000000 0.500000000 0.000000000 0.000000000 0.999857636 0.003126450 -0.016581098 -0.003133097 0.999995022 -0.000374951 0.016579843 0.000426848 0.999862454 -0.034166977 0.025092613 -0.074438459
0.000000000 0.667371750 1.186438561 0.500000000 0.500000000 0.000000000 0.000000000 0.999844313 0.003241374 -0.017344814 -0.003248883 0.999994640 -0.000404758 0.017343409 0.000461046 0.999849485 -0.035241673 0.025561615 -0.077105176
0.000000000 0.667371750 1.186438561 0.500000000 0.500000000 0.000000000 0.000000000 0.999830394 0.003356246 -0.018108527 -0.003364664 0.999994245 -0.000434388 0.018106964 0.000495243 0.999835933 -0.036312207 0.026031032 -0.079773553
0.000000000 0.667371750 1.186438561 0.500000000 0.500000000 0.000000000 0.000000000 0.999815878 0.003471066 -0.018872235 -0.003480439 0.999993836 -0.000463841 0.018870509 0.000529439 0.999821796 -0.037378577 0.026500863 -0.082443583
0.000000000 0.667371750 1.186438561 0.500000000 0.500000000 0.000000000 0.000000000 0.999800766 0.003585833 -0.019635941 -0.003596209 0.999993412 -0.000493117 0.019634043 0.000563633 0.999807075 -0.038440781 0.026971105 -0.085115263
0.000000000 0.667371750 1.186438561 0.500000000 0.500000000 0.000000000 0.000000000 0.999785057 0.003700549 -0.020399641 -0.003711974 0.999992974 -0.000522216 0.020397565 0.000597826 0.999791769 -0.039498817 0.027441758 -0.087788586
0.000000000 0.667371750 1.186438561 0.500000000 0.500000000 0.000000000 0.000000000 0.999766229 0.003814891 -0.021282223 -0.003827605 0.999992520 -0.000556699 0.021279940 0.000638029 0.999773353 -0.040370930 0.028820260 -0.090928796
0.000000000 0.667371750 1.186438561 0.500000000 0.500000000 0.000000000 0.000000000 0.999746610 0.003929162 -0.022164796 -0.003943229 0.999992051 -0.000590978 0.022162297 0.000678229 0.999754156 -0.041237212 0.030199191 -0.094070515
0.000000000 0.667371750 1.186438561 0.500000000 0.500000000 0.000000000 0.000000000 0.999726198 0.004043362 -0.023047359 -0.004058845 0.999991568 -0.000625053 0.023044637 0.000718427 0.999734179 -0.042097663 0.031578549 -0.097213736
0.000000000 0.667371750 1.186438561 0.500000000 0.500000000 0.000000000 0.000000000 0.999704994 0.004157491 -0.023929913 -0.004174453 0.999991070 -0.000658924 0.023926959 0.000758623 0.999713421 -0.042952281 0.032958331 -0.100358454
0.000000000 0.667371750 1.186438561 0.500000000 0.500000000 0.000000000 0.000000000 0.999682998 0.004271549 -0.024812456 -0.004290053 0.999990558 -0.000692590 0.024809263 0.000798817 0.999691884 -0.043801062 0.034338536 -0.103504661
0.000000000 0.667371750 1.186438561 0.500000000 0.500000000 0.000000000 0.000000000 0.999660210 0.004385536 -0.025694988 -0.004405645 0.999990032 -0.000726052 0.025691548 0.000839009 0.999669566 -0.044644005 0.035719162 -0.106652345
0.000000000 0.667371750 1.186438561 0.500000000 0.500000000 0.000000000 0.000000000 0.999636629 0.004499451 -0.026577508 -0.004521228 0.999989491 -0.000759310 0.026573812 0.000879197 0.999646467 -0.045481108 0.037100206 -0.109801502
0.000000000 0.667371750 1.186438561 0.500000000 0.500000000 0.000000000 0.000000000 0.999612257 0.004613296 -0.027460015 -0.004636801 0.999988936 -0.000792364 0.027456055 0.000919384 0.999622589 -0.046312370 0.038481667 -0.112952136
0.000000000 0.667371750 1.186438561 0.500000000 0.500000000 0.000000000 0.000000000 0.999587093 0.004727070 -0.028342508 -0.004752366 0.999988367 -0.000825214 0.028338278 0.000959567 0.999597930 -0.047137789 0.039863543 -0.116104219
0.000000000 0.667371750 1.186438561 0.500000000 0.500000000 0.000000000 0.000000000 0.999561137 0.004840773 -0.029224988 -0.004867921 0.999987784 -0.000857860 0.029220478 0.000999748 0.999572491 -0.047957362 0.041245831 -0.119257754
0.000000000 0.667371750 1.186438561 0.500000000 0.500000000 0.000000000 0.000000000 0.999534389 0.004954405 -0.030107452 -0.004983466 0.999987186 -0.000890301 0.030102656 0.001039926 0.999546271 -0.048771087 0.042628530 -0.122412743
0.000000000 0.667371750 1.186438561 0.500000000 0.500000000 0.000000000 0.000000000 0.999506395 0.005077172 -0.031003027 -0.005106710 0.999986579 -0.000873639 0.030998176 0.001031531 0.999518909 -0.049297726 0.043718874 -0.125960043
0.000000000 0.667371750 1.186438561 0.500000000 0.500000000 0.000000000 0.000000000 0.999477584 0.005199955 -0.031898575 -0.005229944 0.999985957 -0.000856756 0.031893671 0.001023136 0.999490744 -0.049817780 0.044809256 -0.129508419
0.000000000 0.667371750 1.186438561 0.500000000 0.500000000 0.000000000 0.000000000 0.999447956 0.005322753 -0.032794091 -0.005353165 0.999985319 -0.000839652 0.032789141 0.001014740 0.999461776 -0.050331246 0.045899675 -0.133057873
0.000000000 0.667371750 1.186438561 0.500000000 0.500000000 0.000000000 0.000000000 0.999417509 0.005445565 -0.033689579 -0.005476375 0.999984666 -0.000822326 0.033684585 0.001006344 0.999432007 -0.050838123 0.046990129 -0.136608376
0.000000000 0.667371750 1.186438561 0.500000000 0.500000000 0.000000000 0.000000000 0.999386246 0.005568393 -0.034585035 -0.005599574 0.999983998 -0.000804780 0.034580001 0.000997948 0.999401435 -0.051338408 0.048080615 -0.140159941
0.000000000 0.667371750 1.186438561 0.500000000 0.500000000 0.000000000 0.000000000 0.999354165 0.005691235 -0.035480460 -0.005722760 0.999983315 -0.000787013 0.035475389 0.000989551 0.999370060 -0.051832102 0.049171130 -0.143712539
0.000000000 0.667371750 1.186438561 0.500000000 0.500000000 0.000000000 0.000000000 0.999321266 0.005814092 -0.036375853 -0.005845933 0.999982617 -0.000769026 0.036370749 0.000981155 0.999337884 -0.052319202 0.050261673 -0.147266180
0.000000000 0.667371750 1.186438561 0.500000000 0.500000000 0.000000000 0.000000000 0.999287551 0.005936964 -0.037271212 -0.005969094 0.999981903 -0.000750817 0.037266080 0.000972757 0.999304905 -0.052799707 0.051352241 -0.150820838
0.000000000 0.667371750 1.186438561 0.500000000 0.500000000 0.000000000 0.000000000 0.999253018 0.006059852 -0.038166538 -0.006092241 0.999981174 -0.000732387 0.038161382 0.000964360 0.999271124 -0.053273616 0.052442831 -0.154376522
0.000000000 0.667371750 1.186438561 0.500000000 0.500000000 0.000000000 0.000000000 0.999217668 0.006182754 -0.039061829 -0.006215375 0.999980430 -0.000713737 0.039056652 0.000955963 0.999236541 -0.053740927 0.053533442 -0.157933206
0.000000000 0.667371750 1.186438561 0.500000000 0.500000000 0.000000000 0.000000000 0.999181500 0.006305671 -0.039957084 -0.006338495 0.999979670 -0.000694866 0.039951890 0.000947565 0.999201155 -0.054201638 0.054624070 -0.161490899
0.000000000 0.667371750 1.186438561 0.500000000 0.500000000 0.000000000 0.000000000 0.999152470 0.006417804 -0.040658992 -0.006450912 0.999978959 -0.000683142 0.040653752 0.000944850 0.999172848 -0.054318333 0.055171598 -0.164812203
0.000000000 0.667371750 1.186438561 0.500000000 0.500000000 0.000000000 0.000000000 0.999122934 0.006529940 -0.041360877 -0.006563318 0.999978236 -0.000671259 0.041355594 0.000942135 0.999144047 -0.054430266 0.055719105 -0.168133776
0.000000000 0.667371750 1.186438561 0.500000000 0.500000000 0.000000000 0.000000000 0.999092893 0.006642080 -0.042062739 -0.006675715 0.999977500 -0.000659219 0.042057414 0.000939420 0.999114754 -0.054537437 0.056266590 -0.171455592
0.000000000 0.667371750 1.186438561 0.500000000 0.500000000 0.000000000 0.000000000 0.999062346 0.006754224 -0.042764579 -0.006788102 0.999976751 -0.000647021 0.042759214 0.000936704 0.999084967 -0.054639844 0.056814050 -0.174777667
0.000000000 0.667371750 1.186438561 0.500000000 0.500000000 0.000000000 0.000000000 0.999031293 0.006866372 -0.043466396 -0.006900478 0.999975990 -0.000634664 0.043460994 0.000933988 0.999054688 -0.054737490 0.057361484 -0.178099976
0.000000000 0.667371750 1.186438561 0.500000000 0.500000000 0.000000000 0.000000000 0.998999735 0.006978523 -0.044168188 -0.007012844 0.999975216 -0.000622150 0.044162752 0.000931272 0.999023916 -0.054830373 0.057908890 -0.181422534
0.000000000 0.667371750 1.186438561 0.500000000 0.500000000 0.000000000 0.000000000 0.998967672 0.007090678 -0.044869957 -0.007125200 0.999974430 -0.000609478 0.044864488 0.000928556 0.998992650 -0.054918492 0.058456267 -0.184745316
0.000000000 0.667371750 1.186438561 0.500000000 0.500000000 0.000000000 0.000000000 0.998935103 0.007202837 -0.045571701 -0.007237544 0.999973631 -0.000596647 0.045566202 0.000925839 0.998960892 -0.055001848 0.059003615 -0.188068337
0.000000000 0.667371750 1.186438561 0.500000000 0.500000000 0.000000000 0.000000000 0.998902028 0.007314999 -0.046273421 -0.007349878 0.999972819 -0.000583659 0.046267893 0.000923122 0.998928641 -0.055080440 0.059550930 -0.191391572
0.000000000 0.667371750 1.186438561 0.500000000 0.500000000 0.000000000 0.000000000 0.998868448 0.007427165 -0.046975114 -0.007462201 0.999971995 -0.000570512 0.046969562 0.000920405 0.998895897 -0.055154268 0.060098211 -0.194715037
0.000000000 0.667371750 1.186438561 0.500000000 0.500000000 0.000000000 0.000000000 0.998834362 0.007539335 -0.047676783 -0.007574513 0.999971158 -0.000557208 0.047671207 0.000917687 0.998862660 -0.055223333 0.060645456 -0.198038706
0.000000000 0.667371750 1.186438561 0.500000000 0.500000000 0.000000000 0.000000000 0.998807290 0.007647667 -0.048223548 -0.007679705 0.999970396 -0.000479110 0.048218457 0.000848882 0.998836453 -0.055253285 0.061784507 -0.201775203
0.000000000 0.667371750 1.186438561 0.500000000 0.500000000 0.000000000 0.000000000 0.998779907 0.007756074 -0.048770282 -0.007784888 0.999969617 -0.000400897 0.048765691 0.000780079 0.998809941 -0.055278917 0.062923025 -0.205511964
0.000000000 0.667371750 1.186438561 0.500000000 0.500000000 0.000000000 0.000000000 0.998752213 0.007864556 -0.049316986 -0.007890064 0.999968821 -0.000322569 0.049312912 0.000711281 0.998783125 -0.055300227 0.064061007 -0.209248986
0.000000000 0.667371750 1.186438561 0.500000000 0.500000000 0.000000000 0.000000000 0.998724209 0.007973113 -0.049863659 -0.007995231 0.999968008 -0.000244126 0.049860117 0.000642486 0.998756004 -0.055317215 0.065198454 -0.212986266
0.000000000 0.667371750 1.186438561 0.500000000 0.500000000 0.000000000 0.000000000 0.998695893 0.008081746 -0.050410301 -0.008100390 0.999967178 -0.000165567 0.050407308 0.000573694 0.998728579 -0.055329883 0.066335363 -0.216723800
0.000000000 0.667371750 1.186438561 0.500000000 0.500000000 0.000000000 0.000000000 0.998667267 0.008190453 -0.050956910 -0.008205541 0.999966330 -0.000086893 0.050954483 0.000504906 0.998700849 -0.055338229 0.067471733 -0.220461585
0.000000000 0.667371750 1.186438561 0.500000000 0.500000000 0.000000000 0.000000000 0.998638330 0.008299236 -0.051503489 -0.008310683 0.999965466 -0.000008104 0.051501643 0.000436122 0.998672815 -0.055342252 0.068607564 -0.224199618
0.000000000 0.667371750 1.186438561 0.500000000 0.500000000 0.000000000 0.000000000 0.998609082 0.008408095 -0.052050036 -0.008415817 0.999964584 0.000070801 0.052048788 0.000367341 0.998644476 -0.055341955 0.069742853 -0.227937894
0.000000000 0.667371750 1.186438561 0.500000000 0.500000000 0.000000000 0.000000000 0.998579523 0.008517028 -0.052596551 -0.008520942 0.999963685 0.000149820 0.052595917 0.000298565 0.998615832 -0.055337334 0.070877600 -0.231676411
0.000000000 0.667371750 1.186438561 0.500000000 0.500000000 0.000000000 0.000000000 0.998549653 0.008626037 -0.053143034 -0.008626059 0.999962769 0.000228955 0.053143030 0.000229792 0.998586884 -0.055328392 0.072011801 -0.235415165
0.000000000 0.667371750 1.186438561 0.500000000 0.500000000 0.000000000 0.000000000 0.998519473 0.008735121 -0.053689484 -0.008731167 0.999961835 0.000308205 0.053690127 0.000161023 0.998557632 -0.055315127 0.073145458 -0.239154153
0.000000000 0.667371750 1.186438561 0.500000000 0.500000000 0.000000000 0.000000000 0.998487610 0.008804616 -0.054267599 -0.008800900 0.999961224 0.000307467 0.054268202 0.000170601 0.998526381 -0.055208020 0.073634389 -0.243152090
0.000000000 0.667371750 1.186438561 0.500000000 0.500000000 0.000000000 0.000000000 0.998455407 0.008874101 -0.054845696 -0.008870625 0.999960608 0.000306810 0.054846258 0.000180179 0.998494795 -0.055096233 0.074123341 -0.247149984
0.000000000 0.667371750 1.186438561 0.500000000 0.500000000 0.000000000 0.000000000 0.998422865 0.008943574 -0.055423776 -0.008940344 0.999959987 0.000306234 0.055424297 0.000189756 0.998462874 -0.054979769 0.074612311 -0.251147831
