0.000000000 0.808957934 1.438147068 0.500000000 0.500000000 0.000000000 0.000000000 0.999999983 0.000075101 0.000169157 -0.000075056 0.999999961 -0.000269642 -0.000169178 0.000269629 0.999999949 -0.020516652 0.002629974 -0.020033550
0.000000000 0.808957934 1.438147068 0.500000000 0.500000000 0.000000000 0.000000000 0.999999981 0.000073221 0.000181279 -0.000073174 0.999999963 -0.000261427 -0.000181298 0.000261414 0.999999949 -0.020790608 0.002666291 -0.020306659
0.000000000 0.808957934 1.438147068 0.500000000 0.500000000 0.000000000 0.000000000 0.999999979 0.000071340 0.000193401 -0.000071291 0.999999965 -0.000253213 -0.000193419 0.000253199 0.999999949 -0.021064570 0.002702603 -0.020579763
0.000000000 0.808957934 1.438147068 0.500000000 0.500000000 0.000000000 0.000000000 0.999999976 0.000069460 0.000205522 -0.000069409 0.999999968 -0.000244999 -0.000205539 0.000244984 0.999999949 -0.021338539 0.002738909 -0.020852859
0.000000000 0.808957934 1.438147068 0.500000000 0.500000000 0.000000000 0.000000000 0.999999975 0.000065790 0.000212437 -0.000065736 0.999999965 -0.000256243 -0.000212454 0.000256229 0.999999945 -0.021654905 0.002727904 -0.021092157
0.000000000 0.808957934 1.438147068 0.500000000 0.500000000 0.000000000 0.000000000 0.999999974 0.000062121 0.000219351 -0.000062063 0.999999962 -0.000267487 -0.000219368 0.000267473 0.999999940 -0.021971274 0.002716902 -0.021331450
0.000000000 0.808957934 1.438147068 0.500000000 0.500000000 0.000000000 0.000000000 0.999999973 0.000058453 0.000226266 -0.000058390 0.999999959 -0.000278731 -0.000226282 0.000278717 0.999999936 -0.022287646 0.002705903 -0.021570738
0.000000000 0.808957934 1.438147068 0.500000000 0.500000000 0.000000000 0.000000000 0.999999971 0.000054784 0.000233180 -0.000054716 0.999999956 -0.000289974 -0.000233196 0.000289962 0.999999931 -0.022604021 0.002694907 -0.021810023
0.000000000 0.808957934 1.438147068 0.500000000 0.500000000 0.000000000 0.000000000 0.999999970 0.000051116 0.000240095 -0.000051043 0.999999953 -0.000301218 -0.000240110 0.000301206 0.999999926 -0.022920399 0.002683914 -0.022049304
0.000000000 0.808957934 1.438147068 0.500000000 0.500000000 0.000000000 0.000000000 0.999999968 0.000047447 0.000247010 -0.000047370 0.999999950 -0.000312462 -0.000247025 0.000312450 0.999999921 -0.023236781 0.002672924 -0.022288581
0.000000000 0.808957934 1.438147068 0.500000000 0.500000000 0.000000000 0.000000000 0.999999967 0.000043779 0.000253925 -0.000043697 0.999999947 -0.000323706 -0.000253939 0.000323695 0.999999915 -0.023553166 0.002661938 -0.022527852
0.000000000 0.808957934 1.438147068 0.500000000 0.500000000 0.000000000 0.000000000 0.999999965 0.000040111 0.000260840 -0.000040024 0.999999943 -0.000334950 -0.000260853 0.000334939 0.999999910 -0.023869554 0.002650954 -0.022767121
0.000000000 0.808957934 1.438147068 0.500000000 0.500000000 0.000000000 0.000000000 0.999999963 0.000036443 0.000267755 -0.000036350 0.999999939 -0.000346193 -0.000267767 0.000346184 0.999999904 -0.024185945 0.002639973 -0.023006385
0.000000000 0.808957934 1.438147068 0.500000000 0.500000000 0.000000000 0.000000000 0.999999962 0.000032775 0.000274670 -0.000032677 0.999999936 -0.000357437 -0.000274682 0.000357428 0.999999898 -0.024502340 0.002628996 -0.023245646
0.000000000 0.808957934 1.438147068 0.500000000 0.500000000 0.000000000 0.000000000 0.999999960 0.000029108 0.000281585 -0.000029004 0.999999932 -0.000368681 -0.000281596 0.000368672 0.999999892 -0.024818737 0.002618021 -0.023484901
0.000000000 0.808957934 1.438147068 0.500000000 0.500000000 0.000000000 0.000000000 0.999999958 0.000025441 0.000288500 -0.000025331 0.999999928 -0.000379924 -0.000288510 0.000379917 0.999999886 -0.025135139 0.002607050 -0.023724153
0.000000000 0.808957934 1.438147068 0.500000000 0.500000000 0.000000000 0.000000000 0.999999950 0.000023109 0.000316332 -0.000022991 0.999999931 -0.000371980 -0.000316341 0.000371973 0.999999881 -0.025434455 0.002585469 -0.024011687
0.000000000 0.808957934 1.438147068 0.500000000 0.500000000 0.000000000 0.000000000 0.999999941 0.000020777 0.000344164 -0.000020652 0.999999934 -0.000364036 -0.000344172 0.000364029 0.999999875 -0.025733786 0.002563882 -0.024299205
0.000000000 0.808957934 1.438147068 0.500000000 0.500000000 0.000000000 0.000000000 0.999999931 0.000018445 0.000371996 -0.000018312 0.999999936 -0.000356092 -0.000372003 0.000356085 0.999999867 -0.026033134 0.002542289 -0.024586706
0.000000000 0.808957934 1.438147068 0.500000000 0.500000000 0.000000000 0.000000000 0.999999920 0.000016112 0.000399828 -0.000015973 0.999999939 -0.000348147 -0.000399834 0.000348141 0.999999859 -0.026332497 0.002520690 -0.024874189
0.000000000 0.808957934 1.438147068 0.500000000 0.500000000 0.000000000 0.000000000 0.999999908 0.000013779 0.000427660 -0.000013633 0.999999942 -0.000340203 -0.000427665 0.000340197 0.999999851 -0.026631876 0.002499086 -0.025161656
0.000000000 0.808957934 1.438147068 0.500000000 0.500000000 0.000000000 0.000000000 0.999999896 0.000011445 0.000455492 -0.000011293 0.999999945 -0.000332258 -0.000455496 0.000332253 0.999999841 -0.026931272 0.002477475 -0.025449106
0.000000000 0.808957934 1.438147068 0.500000000 0.500000000 0.000000000 0.000000000 0.999999883 0.000009111 0.000483324 -0.000008954 0.999999947 -0.000324313 -0.000483327 0.000324309 0.999999831 -0.027230683 0.002455858 -0.025736540
0.000000000 0.808957934 1.438147068 0.500000000 0.500000000 0.000000000 0.000000000 0.999999869 0.000006776 0.000511155 -0.000006614 0.999999950 -0.000316368 -0.000511158 0.000316365 0.999999819 -0.027530110 0.002434235 -0.026023955
0.000000000 0.808957934 1.438147068 0.500000000 0.500000000 0.000000000 0.000000000 0.999999855 0.000004441 0.000538987 -0.000004275 0.999999952 -0.000308423 -0.000538988 0.000308421 0.999999807 -0.027829553 0.002412606 -0.026311354
0.000000000 0.808957934 1.438147068 0.500000000 0.500000000 0.000000000 0.000000000 0.999999839 0.000002105 0.000566819 -0.000001935 0.999999955 -0.000300478 -0.000566819 0.000300477 0.999999794 -0.028129012 0.002390972 -0.026598736
0.000000000 0.808957934 1.438147068 0.500000000 0.500000000 0.000000000 0.000000000 0.999999823 -0.000000230 0.000594650 0.000000404 0.999999957 -0.000292533 -0.000594650 0.000292533 0.999999780 -0.028428487 0.002369331 -0.026886101
0.000000000 0.808957934 1.438147068 0.500000000 0.500000000 0.000000000 0.000000000 0.999999806 -0.000002567 0.000622482 0.000002744 0.999999960 -0.000284588 -0.000622481 0.000284589 0.999999766 -0.028727978 0.002347684 -0.027173449
0.000000000 0.808957934 1.438147068 0.500000000 0.500000000 0.000000000 0.000000000 0.999999787 0.000002668 0.000652520 -0.000002483 0.999999960 -0.000283612 -0.000652521 0.000283610 0.999999747 -0.028967896 0.002336037 -0.027414226
0.000000000 0.808957934 1.438147068 0.500000000 0.500000000 0.000000000 0.000000000 0.999999767 0.000007903 0.000682558 -0.000007710 0.999999960 -0.000282637 -0.000682561 0.000282632 0.999999727 -0.029207829 0.002324392 -0.027654991
0.000000000 0.808957934 1.438147068 0.500000000 0.500000000 0.000000000 0.000000000 0.999999746 0.000013138 0.000712597 -0.000012937 0.999999960 -0.000281662 -0.000712600 0.000281653 0.999999706 -0.029447776 0.002312749 -0.027895739
0.000000000 0.808957934 1.438147068 0.500000000 0.500000000 0.000000000 0.000000000 0.999999724 0.000018372 0.000742635 -0.000018164 0.999999960 -0.000280688 -0.000742640 0.000280674 0.999999685 -0.029687739 0.002301107 -0.028136474
0.000000000 0.808957934 1.438147068 0.500000000 0.500000000 0.000000000 0.000000000 0.999999701 0.000023607 0.000772673 -0.000023391 0.999999961 -0.000279714 -0.000772680 0.000279696 0.999999662 -0.029927716 0.002289468 -0.028377195
0.000000000 0.808957934 1.438147068 0.500000000 0.500000000 0.000000000 0.000000000 0.999999677 0.000028841 0.000802711 -0.000028618 0.999999961 -0.000278740 -0.000802719 0.000278717 0.999999639 -0.030167707 0.002277831 -0.028617900
0.000000000 0.808957934 1.438147068 0.500000000 0.500000000 0.000000000 0.000000000 0.999999653 0.000034076 0.000832749 -0.000033845 0.999999961 -0.000277766 -0.000832759 0.000277738 0.999999615 -0.030407713 0.002266196 -0.028858592
0.000000000 0.808957934 1.438147068 0.500000000 0.500000000 0.000000000 0.000000000 0.999999627 0.000039310 0.000862788 -0.000039071 0.999999961 -0.000276793 -0.000862798 0.000276759 0.999999589 -0.030647733 0.002254563 -0.029099269
0.000000000 0.808957934 1.438147068 0.500000000 0.500000000 0.000000000 0.000000000 0.999999600 0.000044545 0.000892826 -0.000044298 0.999999961 -0.000275820 -0.000892838 0.000275781 0.999999563 -0.030887769 0.002242932 -0.029339932
0.000000000 0.808957934 1.438147068 0.500000000 0.500000000 0.000000000 0.000000000 0.999999573 0.000049779 0.000922864 -0.000049525 0.999999961 -0.000274848 -0.000922878 0.000274802 0.999999536 -0.031127818 0.002231303 -0.029580580
0.000000000 0.808957934 1.438147068 0.500000000 0.500000000 0.000000000 0.000000000 0.999999544 0.000055013 0.000952902 -0.000054752 0.999999961 -0.000273875 -0.000952917 0.000273823 0.999999508 -0.031367883 0.002219676 -0.029821214
0.000000000 0.808957934 1.438147068 0.500000000 0.500000000 0.000000000 0.000000000 0.999999515 0.000060247 0.000982941 -0.000059979 0.999999961 -0.000272903 -0.000982957 0.000272844 0.999999480 -0.031607962 0.002208052 -0.030061833
0.000000000 0.808957934 1.438147068 0.500000000 0.500000000 0.000000000 0.000000000 0.999999477 0.000057911 0.001021165 -0.000057642 0.999999964 -0.000262985 -0.001021181 0.000262926 0.999999444 -0.031799305 0.002250786 -0.030338329
0.000000000 0.808957934 1.438147068 0.500000000 0.500000000 0.000000000 0.000000000 0.999999437 0.000055574 0.001059390 -0.000055306 0.999999966 -0.000253067 -0.001059404 0.000253008 0.999999407 -0.031990669 0.002293515 -0.030614811
0.000000000 0.808957934 1.438147068 0.500000000 0.500000000 0.000000000 0.000000000 0.999999396 0.000053236 0.001097615 -0.000052969 0.999999969 -0.000243148 -0.001097628 0.000243090 0.999999368 -0.032182054 0.002336237 -0.030891279
0.000000000 0.808957934 1.438147068 0.500000000 0.500000000 0.000000000 0.000000000 0.999999354 0.000050897 0.001135839 -0.000050632 0.999999972 -0.000233229 -0.001135851 0.000233172 0.999999328 -0.032373461 0.002378952 -0.031167733
0.000000000 0.808957934 1.438147068 0.500000000 0.500000000 0.000000000 0.000000000 0.999999310 0.000048557 0.001174064 -0.000048295 0.999999974 -0.000223310 -0.001174075 0.000223253 0.999999286 -0.032564889 0.002421661 -0.031444173
0.000000000 0.808957934 1.438147068 0.500000000 0.500000000 0.000000000 0.000000000 0.999999264 0.000046217 0.001212288 -0.000045958 0.999999976 -0.000213391 -0.001212298 0.000213335 0.999999242 -0.032756339 0.002464364 -0.031720601
0.000000000 0.808957934 1.438147068 0.500000000 0.500000000 0.000000000 0.000000000 0.999999217 0.000043876 0.001250513 -0.000043622 0.999999978 -0.000203472 -0.001250522 0.000203417 0.999999197 -0.032947809 0.002507061 -0.031997014
0.000000000 0.808957934 1.438147068 0.500000000 0.500000000 0.000000000 0.000000000 0.999999169 0.000041534 0.001288737 -0.000041285 0.999999980 -0.000193552 -0.001288745 0.000193499 0.999999151 -0.033139301 0.002549750 -0.032273413
0.000000000 0.808957934 1.438147068 0.500000000 0.500000000 0.000000000 0.000000000 0.999999119 0.000039192 0.001326962 -0.000038948 0.999999982 -0.000183632 -0.001326969 0.000183581 0.999999103 -0.033330816 0.002592434 -0.032549798
0.000000000 0.808957934 1.438147068 0.500000000 0.500000000 0.000000000 0.000000000 0.999999067 0.000036848 0.001365186 -0.000036611 0.999999984 -0.000173713 -0.001365192 0.000173662 0.999999053 -0.033522351 0.002635111 -0.032826171
0.000000000 0.808957934 1.438147068 0.500000000 0.500000000 0.000000000 0.000000000 0.999999015 0.000034504 0.001403410 -0.000034275 0.999999986 -0.000163793 -0.001403416 0.000163744 0.999999002 -0.033713907 0.002677782 -0.033102529
0.000000000 0.808957934 1.438147068 0.500000000 0.500000000 0.000000000 0.000000000 0.999998960 0.000032160 0.001441634 -0.000031938 0.999999988 -0.000153872 -0.001441639 0.000153826 0.999998949 -0.033905485 0.002720446 -0.033378873
0.000000000 0.808957934 1.438147068 0.500000000 0.500000000 0.000000000 0.000000000 0.999998869 0.000037037 0.001503420 -0.000036826 0.999999989 -0.000140659 -0.001503425 0.000140604 0.999998860 -0.034077073 0.002772117 -0.033700529
0.000000000 0.808957934 1.438147068 0.500000000 0.500000000 0.000000000 0.000000000 0.999998774 0.000041914 0.001565206 -0.000041714 0.999999991 -0.000127447 -0.001565211 0.000127382 0.999998767 -0.034248699 0.002823781 -0.034022166
0.000000000 0.808957934 1.438147068 0.500000000 0.500000000 0.000000000 0.000000000 0.999998675 0.000046788 0.001626992 -0.000046602 0.999999992 -0.000114235 -0.001626998 0.000114159 0.999998670 -0.034420365 0.002875439 -0.034343782
0.000000000 0.808957934 1.438147068 0.500000000 0.500000000 0.000000000 0.000000000 0.999998573 0.000051661 0.001688778 -0.000051491 0.999999994 -0.000101024 -0.001688784 0.000100937 0.999998569 -0.034592071 0.002927089 -0.034665379
0.000000000 0.808957934 1.438147068 0.500000000 0.500000000 0.000000000 0.000000000 0.999998466 0.000056532 0.001750565 -0.000056379 0.999999995 -0.000087814 -0.001750570 0.000087715 0.999998464 -0.034763815 0.002978732 -0.034986956
0.000000000 0.808957934 1.438147068 0.500000000 0.500000000 0.000000000 0.000000000 0.999998356 0.000061402 0.001812351 -0.000061267 0.999999995 -0.000074604 -0.001812356 0.000074493 0.999998355 -0.034935600 0.003030369 -0.035308512
0.000000000 0.808957934 1.438147068 0.500000000 0.500000000 0.000000000 0.000000000 0.999998242 0.000066270 0.001874138 -0.000066155 0.999999996 -0.000061394 -0.001874142 0.000061270 0.999998242 -0.035107424 0.003081999 -0.035630050
0.000000000 0.808957934 1.438147068 0.500000000 0.500000000 0.000000000 0.000000000 0.999998124 0.000071136 0.001935925 -0.000071043 0.999999996 -0.000048186 -0.001935928 0.000048048 0.999998125 -0.035279286 0.003133622 -0.035951568
0.000000000 0.808957934 1.438147068 0.500000000 0.500000000 0.000000000 0.000000000 0.999998002 0.000076001 0.001997712 -0.000075931 0.999999997 -0.000034978 -0.001997714 0.000034826 0.999998004 -0.035451189 0.003185238 -0.036273067
0.000000000 0.808957934 1.438147068 0.500000000 0.500000000 0.000000000 0.000000000 0.999997876 0.000080864 0.002059498 -0.000080820 0.999999996 -0.000021770 -0.002059500 0.000021604 0.999997879 -0.035623131 0.003236847 -0.036594544
0.000000000 0.808957934 1.438147068 0.500000000 0.500000000 0.000000000 0.000000000 0.999997746 0.000085726 0.002121286 -0.000085708 0.999999996 -0.000008563 -0.002121286 0.000008381 0.999997750 -0.035795111 0.003288449 -0.036916003
0.000000000 0.808957934 1.438147068 0.500000000 0.500000000 0.000000000 0.000000000 0.999997613 0.000090586 0.002183073 -0.000090596 0.999999996 0.000004643 -0.002183072 -0.000004841 0.999997617 -0.035967132 0.003340044 -0.037237442
0.000000000 0.808957934 1.438147068 0.500000000 0.500000000 0.000000000 0.000000000 0.999997446 0.000087967 0.002258322 -0.000088010 0.999999996 0.000019141 -0.002258321 -0.000019339 0.999997450 -0.036187325 0.003377237 -0.037536041
0.000000000 0.808957934 1.438147068 0.500000000 0.500000000 0.000000000 0.000000000 0.999997274 0.000085345 0.002333572 -0.000085424 0.999999996 0.000033638 -0.002333569 -0.000033838 0.999997277 -0.036407563 0.003414421 -0.037834607
0.000000000 0.808957934 1.438147068 0.500000000 0.500000000 0.000000000 0.000000000 0.999997095 0.000082722 0.002408821 -0.000082838 0.999999995 0.000048137 -0.002408817 -0.000048336 0.999997098 -0.036627846 0.003451594 -0.038133142
0.000000000 0.808957934 1.438147068 0.500000000 0.500000000 0.000000000 0.000000000 0.999996911 0.000080096 0.002484070 -0.000080252 0.999999995 0.000062635 -0.002484065 -0.000062835 0.999996913 -0.036848176 0.003488758 -0.038431645
0.000000000 0.808957934 1.438147068 0.500000000 0.500000000 0.000000000 0.000000000 0.999996722 0.000077468 0.002559319 -0.000077666 0.999999994 0.000077135 -0.002559313 -0.000077333 0.999996722 -0.037068549 0.003525911 -0.038730116
0.000000000 0.808957934 1.438147068 0.500000000 0.500000000 0.000000000 0.000000000 0.999996527 0.000074838 0.002634568 -0.000075080 0.999999993 0.000091634 -0.002634561 -0.000091832 0.999996525 -0.037288969 0.003563055 -0.039028555
0.000000000 0.808957934 1.438147068 0.500000000 0.500000000 0.000000000 0.000000000 0.999996326 0.000072206 0.002709817 -0.000072494 0.999999992 0.000106134 -0.002709809 -0.000106330 0.999996323 -0.037509433 0.003600189 -0.039326962
0.000000000 0.808957934 1.438147068 0.500000000 0.500000000 0.000000000 0.000000000 0.999996119 0.000069571 0.002785066 -0.000069907 0.999999990 0.000120634 -0.002785058 -0.000120828 0.999996114 -0.037729944 0.003637313 -0.039625337
0.000000000 0.808957934 1.438147068 0.500000000 0.500000000 0.000000000 0.000000000 0.999995907 0.000066935 0.002860315 -0.000067321 0.999999989 0.000135135 -0.002860306 -0.000135327 0.999995900 -0.037950499 0.003674427 -0.039923681
0.000000000 0.808957934 1.438147068 0.500000000 0.500000000 0.000000000 0.000000000 0.999995689 0.000064296 0.002935563 -0.000064735 0.999999987 0.000149636 -0.002935554 -0.000149825 0.999995680 -0.038171100 0.003711531 -0.040221992
0.000000000 0.808957934 1.438147068 0.500000000 0.500000000 0.000000000 0.000000000 0.999995466 0.000061655 0.003010812 -0.000062149 0.999999985 0.000164137 -0.003010802 -0.000164324 0.999995454 -0.038391746 0.003748626 -0.040520272
0.000000000 0.808957934 1.438147068 0.500000000 0.500000000 0.000000000 0.000000000 0.999995236 0.000059012 0.003086060 -0.000059563 0.999999982 0.000178639 -0.003086050 -0.000178822 0.999995222 -0.038612437 0.003785710 -0.040818520
0.000000000 0.808957934 1.438147068 0.500000000 0.500000000 0.000000000 0.000000000 0.999994880 0.000056873 0.003199514 -0.000057454 0.999999982 0.000181757 -0.003199504 -0.000181939 0.999994865 -0.038861347 0.003827282 -0.041107613
0.000000000 0.808957934 1.438147068 0.500000000 0.500000000 0.000000000 0.000000000 0.999994511 0.000054733 0.003312969 -0.000055346 0.999999981 0.000184874 -0.003312958 -0.000185057 0.999994495 -0.039110323 0.003868851 -0.041396650
0.000000000 0.808957934 1.438147068 0.500000000 0.500000000 0.000000000 0.000000000 0.999994128 0.000052593 0.003426422 -0.000053237 0.999999981 0.000187993 -0.003426412 -0.000188174 0.999994112 -0.039359365 0.003910417 -0.041685632
0.000000000 0.808957934 1.438147068 0.500000000 0.500000000 0.000000000 0.000000000 0.999993733 0.000050451 0.003539876 -0.000051128 0.999999980 0.000191112 -0.003539867 -0.000191291 0.999993716 -0.039608473 0.003951981 -0.041974557
0.000000000 0.808957934 1.438147068 0.500000000 0.500000000 0.000000000 0.000000000 0.999993325 0.000048310 0.003653330 -0.000049020 0.999999980 0.000194231 -0.003653321 -0.000194409 0.999993308 -0.039857648 0.003993541 -0.042263427
