0.000000000 0.451386571 0.802465499 0.500000000 0.500000000 0.000000000 0.000000000 0.996239525 -0.055378833 -0.066633281 0.054627849 0.998421612 -0.013041548 0.067250333 0.009352473 0.997692299 1.397751982 -0.647905564 -11.477309086
0.000000000 0.451386571 0.802465499 0.500000000 0.500000000 0.000000000 0.000000000 0.996224252 -0.055396083 -0.066846935 0.054641880 0.998420603 -0.013060061 0.067464833 0.009358107 0.997677765 1.405109705 -0.648113458 -11.490567927
0.000000000 0.451386571 0.802465499 0.500000000 0.500000000 0.000000000 0.000000000 0.996208934 -0.055413337 -0.067060584 0.054655909 0.998419592 -0.013078580 0.067679329 0.009363741 0.997663184 1.412473181 -0.648320647 -11.503824157
0.000000000 0.451386571 0.802465499 0.500000000 0.500000000 0.000000000 0.000000000 0.996193569 -0.055430594 -0.067274230 0.054669935 0.998418582 -0.013097105 0.067893821 0.009369374 0.997648557 1.419842342 -0.648527164 -11.517076775
0.000000000 0.451386571 0.802465499 0.500000000 0.500000000 0.000000000 0.000000000 0.996178158 -0.055447853 -0.067487872 0.054683958 0.998417570 -0.013115637 0.068108311 0.009375007 0.997633884 1.427217311 -0.648732974 -11.530327776
0.000000000 0.451386571 0.802465499 0.500000000 0.500000000 0.000000000 0.000000000 0.996162701 -0.055465115 -0.067701510 0.054697978 0.998416559 -0.013134175 0.068322797 0.009380639 0.997619165 1.434597973 -0.648938091 -11.543575161
0.000000000 0.451386571 0.802465499 0.500000000 0.500000000 0.000000000 0.000000000 0.996145065 -0.055513935 -0.067920634 0.054743663 0.998413828 -0.013151392 0.068542985 0.009382470 0.997604044 1.442402821 -0.649168041 -11.556480369
0.000000000 0.451386571 0.802465499 0.500000000 0.500000000 0.000000000 0.000000000 0.996127379 -0.055562755 -0.068139753 0.054789343 0.998411095 -0.013168629 0.068763171 0.009384299 0.997588874 1.450213456 -0.649396892 -11.569382721
0.000000000 0.451386571 0.802465499 0.500000000 0.500000000 0.000000000 0.000000000 0.996109641 -0.055611577 -0.068358867 0.054835019 0.998408360 -0.013185886 0.068983353 0.009386129 0.997573655 1.458029789 -0.649624659 -11.582281219
0.000000000 0.451386571 0.802465499 0.500000000 0.500000000 0.000000000 0.000000000 0.996091854 -0.055660400 -0.068577977 0.054880692 0.998405622 -0.013203164 0.069203531 0.009387958 0.997558388 1.465851965 -0.649851304 -11.595177856
0.000000000 0.451386571 0.802465499 0.500000000 0.500000000 0.000000000 0.000000000 0.996074015 -0.055709223 -0.068797081 0.054926360 0.998402882 -0.013220462 0.069423705 0.009389786 0.997543072 1.473679905 -0.650076860 -11.608071634
0.000000000 0.451386571 0.802465499 0.500000000 0.500000000 0.000000000 0.000000000 0.996056126 -0.055758047 -0.069016181 0.054972024 0.998400139 -0.013237781 0.069643877 0.009391614 0.997527708 1.481513640 -0.650301314 -11.620962548
0.000000000 0.451386571 0.802465499 0.500000000 0.500000000 0.000000000 0.000000000 0.996038187 -0.055806871 -0.069235276 0.055017683 0.998397394 -0.013255120 0.069864046 0.009393441 0.997512295 1.489353068 -0.650524682 -11.633849600
0.000000000 0.451386571 0.802465499 0.500000000 0.500000000 0.000000000 0.000000000 0.996020197 -0.055855696 -0.069454366 0.055063338 0.998394646 -0.013272479 0.070084211 0.009395268 0.997496833 1.497198336 -0.650746933 -11.646734783
0.000000000 0.451386571 0.802465499 0.500000000 0.500000000 0.000000000 0.000000000 0.996002156 -0.055904523 -0.069673451 0.055108989 0.998391896 -0.013289858 0.070304372 0.009397094 0.997481323 1.505049386 -0.650968081 -11.659617097
0.000000000 0.451386571 0.802465499 0.500000000 0.500000000 0.000000000 0.000000000 0.995984064 -0.055953349 -0.069892531 0.055154636 0.998389144 -0.013307258 0.070524530 0.009398920 0.997465764 1.512906124 -0.651188128 -11.672495544
0.000000000 0.451386571 0.802465499 0.500000000 0.500000000 0.000000000 0.000000000 0.995965923 -0.056002176 -0.070111607 0.055200278 0.998386389 -0.013324678 0.070744685 0.009400745 0.997450157 1.520768701 -0.651407071 -11.685372117
0.000000000 0.451386571 0.802465499 0.500000000 0.500000000 0.000000000 0.000000000 0.995947780 -0.056069420 -0.070315292 0.055262965 0.998382396 -0.013364009 0.070950862 0.009424023 0.997435293 1.528142501 -0.650828350 -11.698078037
0.000000000 0.451386571 0.802465499 0.500000000 0.500000000 0.000000000 0.000000000 0.995929590 -0.056136673 -0.070518969 0.055325648 0.998378396 -0.013403365 0.071157035 0.009447301 0.997420385 1.535521427 -0.650247787 -11.710780424
0.000000000 0.451386571 0.802465499 0.500000000 0.500000000 0.000000000 0.000000000 0.995911355 -0.056203936 -0.070722638 0.055388327 0.998374392 -0.013442748 0.071363206 0.009470577 0.997405435 1.542905637 -0.649665342 -11.723481270
0.000000000 0.451386571 0.802465499 0.500000000 0.500000000 0.000000000 0.000000000 0.995893072 -0.056271207 -0.070926299 0.055451001 0.998370381 -0.013482157 0.071569373 0.009493852 0.997390441 1.550295040 -0.649081048 -11.736179577
0.000000000 0.451386571 0.802465499 0.500000000 0.500000000 0.000000000 0.000000000 0.995874743 -0.056338489 -0.071129952 0.055513670 0.998366365 -0.013521591 0.071775538 0.009517126 0.997375404 1.557689656 -0.648494895 -11.748875343
0.000000000 0.451386571 0.802465499 0.500000000 0.500000000 0.000000000 0.000000000 0.995856368 -0.056405779 -0.071333597 0.055576335 0.998362343 -0.013561051 0.071981699 0.009540399 0.997360324 1.565089392 -0.647906895 -11.761567570
0.000000000 0.451386571 0.802465499 0.500000000 0.500000000 0.000000000 0.000000000 0.995837946 -0.056473079 -0.071537235 0.055638996 0.998358316 -0.013600537 0.072187857 0.009563671 0.997345201 1.572494400 -0.647317019 -11.774258250
0.000000000 0.451386571 0.802465499 0.500000000 0.500000000 0.000000000 0.000000000 0.995819478 -0.056540388 -0.071740864 0.055701652 0.998354283 -0.013640049 0.072394013 0.009586942 0.997330034 1.579904616 -0.646725269 -11.786946384
0.000000000 0.451386571 0.802465499 0.500000000 0.500000000 0.000000000 0.000000000 0.995800963 -0.056607707 -0.071944485 0.055764303 0.998350245 -0.013679586 0.072600165 0.009610211 0.997314825 1.587320021 -0.646131667 -11.799631970
0.000000000 0.451386571 0.802465499 0.500000000 0.500000000 0.000000000 0.000000000 0.995782402 -0.056675034 -0.072148099 0.055826950 0.998346201 -0.013719150 0.072806314 0.009633480 0.997299572 1.594740561 -0.645536213 -11.812314009
0.000000000 0.451386571 0.802465499 0.500000000 0.500000000 0.000000000 0.000000000 0.995763794 -0.056742371 -0.072351704 0.055889593 0.998342151 -0.013758739 0.073012460 0.009656747 0.997284276 1.602166360 -0.644938881 -11.824994496
0.000000000 0.451386571 0.802465499 0.500000000 0.500000000 0.000000000 0.000000000 0.995746217 -0.056774198 -0.072568324 0.055918336 0.998340342 -0.013773230 0.073229849 0.009656742 0.997268337 1.610111635 -0.645218698 -11.837405443
0.000000000 0.451386571 0.802465499 0.500000000 0.500000000 0.000000000 0.000000000 0.995728592 -0.056806024 -0.072784939 0.055947076 0.998338531 -0.013787733 0.073447235 0.009656736 0.997252351 1.618062404 -0.645497734 -11.849813509
0.000000000 0.451386571 0.802465499 0.500000000 0.500000000 0.000000000 0.000000000 0.995710918 -0.056837849 -0.073001548 0.055975811 0.998336720 -0.013802249 0.073664617 0.009656730 0.997236317 1.626018726 -0.645775971 -11.862219692
0.000000000 0.451386571 0.802465499 0.500000000 0.500000000 0.000000000 0.000000000 0.995693197 -0.056869675 -0.073218155 0.056004543 0.998334908 -0.013816778 0.073881996 0.009656723 0.997220236 1.633980480 -0.646053437 -11.874621992
0.000000000 0.451386571 0.802465499 0.500000000 0.500000000 0.000000000 0.000000000 0.995675427 -0.056901500 -0.073434757 0.056033271 0.998333094 -0.013831320 0.074099371 0.009656716 0.997204107 1.641947725 -0.646330127 -11.887021406
0.000000000 0.451386571 0.802465499 0.500000000 0.500000000 0.000000000 0.000000000 0.995657609 -0.056933325 -0.073651355 0.056061995 0.998331280 -0.013845874 0.074316743 0.009656708 0.997187931 1.649920459 -0.646606023 -11.899417933
0.000000000 0.451386571 0.802465499 0.500000000 0.500000000 0.000000000 0.000000000 0.995639743 -0.056965151 -0.073867949 0.056090717 0.998329464 -0.013860441 0.074534112 0.009656700 0.997171708 1.657898683 -0.646881130 -11.911811570
0.000000000 0.451386571 0.802465499 0.500000000 0.500000000 0.000000000 0.000000000 0.995621829 -0.056996977 -0.074084538 0.056119434 0.998327648 -0.013875021 0.074751477 0.009656691 0.997155437 1.665882386 -0.647155453 -11.924202316
0.000000000 0.451386571 0.802465499 0.500000000 0.500000000 0.000000000 0.000000000 0.995603867 -0.057028802 -0.074301122 0.056148147 0.998325831 -0.013889613 0.074968837 0.009656682 0.997139119 1.673871573 -0.647428989 -11.936590171
0.000000000 0.451386571 0.802465499 0.500000000 0.500000000 0.000000000 0.000000000 0.995585856 -0.057060628 -0.074517702 0.056176857 0.998324012 -0.013904218 0.075186195 0.009656672 0.997122753 1.681866333 -0.647701723 -11.948976126
0.000000000 0.451386571 0.802465499 0.500000000 0.500000000 0.000000000 0.000000000 0.995567797 -0.057092454 -0.074734278 0.056205564 0.998322193 -0.013918836 0.075403549 0.009656662 0.997106340 1.689866505 -0.647973691 -11.961358187
0.000000000 0.451386571 0.802465499 0.500000000 0.500000000 0.000000000 0.000000000 0.995549891 -0.057115139 -0.074955163 0.056224303 0.998320794 -0.013943439 0.075625679 0.009667088 0.997089416 1.698065025 -0.647769198 -11.973526341
0.000000000 0.451386571 0.802465499 0.500000000 0.500000000 0.000000000 0.000000000 0.995531934 -0.057137829 -0.075176041 0.056243038 0.998319395 -0.013968051 0.075847804 0.009677512 0.997072443 1.706269005 -0.647563797 -11.985691452
0.000000000 0.451386571 0.802465499 0.500000000 0.500000000 0.000000000 0.000000000 0.995513927 -0.057160523 -0.075396916 0.056261769 0.998317995 -0.013992672 0.076069926 0.009687936 0.997055420 1.714478467 -0.647357488 -11.997853514
0.000000000 0.451386571 0.802465499 0.500000000 0.500000000 0.000000000 0.000000000 0.995495871 -0.057183222 -0.075617785 0.056280497 0.998316594 -0.014017301 0.076292044 0.009698359 0.997038347 1.722693388 -0.647150270 -12.010012528
0.000000000 0.451386571 0.802465499 0.500000000 0.500000000 0.000000000 0.000000000 0.995477765 -0.057205926 -0.075838651 0.056299222 0.998315191 -0.014041938 0.076514159 0.009708780 0.997021225 1.730913789 -0.646942142 -12.022168491
0.000000000 0.451386571 0.802465499 0.500000000 0.500000000 0.000000000 0.000000000 0.995459609 -0.057228635 -0.076059511 0.056317943 0.998313789 -0.014066585 0.076736270 0.009719202 0.997004053 1.739139659 -0.646733104 -12.034321401
0.000000000 0.451386571 0.802465499 0.500000000 0.500000000 0.000000000 0.000000000 0.995441404 -0.057251348 -0.076280366 0.056336661 0.998312385 -0.014091239 0.076958376 0.009729622 0.996986832 1.747370983 -0.646523158 -12.046471259
0.000000000 0.451386571 0.802465499 0.500000000 0.500000000 0.000000000 0.000000000 0.995423149 -0.057274066 -0.076501217 0.056355376 0.998310980 -0.014115902 0.077180480 0.009740041 0.996969561 1.755607785 -0.646312301 -12.058618059
0.000000000 0.451386571 0.802465499 0.500000000 0.500000000 0.000000000 0.000000000 0.995404844 -0.057296789 -0.076722062 0.056374087 0.998309574 -0.014140574 0.077402578 0.009750460 0.996952240 1.763850040 -0.646100534 -12.070761802
0.000000000 0.451386571 0.802465499 0.500000000 0.500000000 0.000000000 0.000000000 0.995386489 -0.057319515 -0.076942903 0.056392793 0.998308168 -0.014165254 0.077624674 0.009760877 0.996934870 1.772097770 -0.645887858 -12.082902484
0.000000000 0.451386571 0.802465499 0.500000000 0.500000000 0.000000000 0.000000000 0.995368085 -0.057342247 -0.077163739 0.056411497 0.998306761 -0.014189943 0.077846766 0.009771294 0.996917450 1.780350974 -0.645674269 -12.095040104
0.000000000 0.451386571 0.802465499 0.500000000 0.500000000 0.000000000 0.000000000 0.995350982 -0.057368956 -0.077364245 0.056435332 0.998305235 -0.014202504 0.078047913 0.009770399 0.996901732 1.787909496 -0.645958165 -12.106895367
0.000000000 0.451386571 0.802465499 0.500000000 0.500000000 0.000000000 0.000000000 0.995333837 -0.057395663 -0.077564746 0.056459162 0.998303709 -0.014215074 0.078249057 0.009769504 0.996885972 1.795472880 -0.646241431 -12.118748089
0.000000000 0.451386571 0.802465499 0.500000000 0.500000000 0.000000000 0.000000000 0.995316652 -0.057422371 -0.077765244 0.056482991 0.998302182 -0.014227655 0.078450198 0.009768608 0.996870172 1.803041126 -0.646524064 -12.130598269
0.000000000 0.451386571 0.802465499 0.500000000 0.500000000 0.000000000 0.000000000 0.995299426 -0.057449079 -0.077965737 0.056506816 0.998300654 -0.014240245 0.078651335 0.009767712 0.996854332 1.810614244 -0.646806064 -12.142445906
0.000000000 0.451386571 0.802465499 0.500000000 0.500000000 0.000000000 0.000000000 0.995282159 -0.057475785 -0.078166227 0.056530637 0.998299125 -0.014252845 0.078852470 0.009766815 0.996838451 1.818192290 -0.647087410 -12.154291995
0.000000000 0.451386571 0.802465499 0.500000000 0.500000000 0.000000000 0.000000000 0.995264850 -0.057502492 -0.078366714 0.056554456 0.998297596 -0.014265454 0.079053601 0.009765918 0.996822529 1.825775119 -0.647368145 -12.166134540
0.000000000 0.451386571 0.802465499 0.500000000 0.500000000 0.000000000 0.000000000 0.995247500 -0.057529197 -0.078567196 0.056578271 0.998296066 -0.014278074 0.079254729 0.009765021 0.996806567 1.833362806 -0.647648250 -12.177974538
0.000000000 0.451386571 0.802465499 0.500000000 0.500000000 0.000000000 0.000000000 0.995230110 -0.057555903 -0.078767675 0.056602084 0.998294536 -0.014290703 0.079455854 0.009764124 0.996790564 1.840955362 -0.647927718 -12.189811986
0.000000000 0.451386571 0.802465499 0.500000000 0.500000000 0.000000000 0.000000000 0.995212678 -0.057582608 -0.078968150 0.056625893 0.998293004 -0.014303342 0.079656975 0.009763226 0.996774521 1.848552765 -0.648206546 -12.201646884
0.000000000 0.451386571 0.802465499 0.500000000 0.500000000 0.000000000 0.000000000 0.995195205 -0.057609313 -0.079168621 0.056649699 0.998291472 -0.014315991 0.079858093 0.009762327 0.996758437 1.856155026 -0.648484748 -12.213479230
0.000000000 0.451386571 0.802465499 0.500000000 0.500000000 0.000000000 0.000000000 0.995177691 -0.057636017 -0.079369088 0.056673502 0.998289940 -0.014328650 0.080059208 0.009761428 0.996742313 1.863762142 -0.648762317 -12.225309022
0.000000000 0.451386571 0.802465499 0.500000000 0.500000000 0.000000000 0.000000000 0.995161338 -0.057644235 -0.079567917 0.056678339 0.998289406 -0.014346705 0.080258813 0.009767509 0.996726200 1.871277979 -0.648774716 -12.236910280
0.000000000 0.451386571 0.802465499 0.500000000 0.500000000 0.000000000 0.000000000 0.995144945 -0.057652455 -0.079766743 0.056683174 0.998288872 -0.014364762 0.080458415 0.009773588 0.996710048 1.878798613 -0.648786591 -12.248510026
0.000000000 0.451386571 0.802465499 0.500000000 0.500000000 0.000000000 0.000000000 0.995128512 -0.057660677 -0.079965564 0.056688005 0.998288337 -0.014382821 0.080658014 0.009779667 0.996693856 1.886323855 -0.648797964 -12.260106268
0.000000000 0.451386571 0.802465499 0.500000000 0.500000000 0.000000000 0.000000000 0.995112039 -0.057668902 -0.080164383 0.056692836 0.998287803 -0.014400883 0.080857609 0.009785746 0.996677624 1.893853802 -0.648808835 -12.271700000
0.000000000 0.451386571 0.802465499 0.500000000 0.500000000 0.000000000 0.000000000 0.995095526 -0.057677128 -0.080363197 0.056697662 0.998287268 -0.014418946 0.081057200 0.009791824 0.996661352 1.901388529 -0.648819184 -12.283292217
0.000000000 0.451386571 0.802465499 0.500000000 0.500000000 0.000000000 0.000000000 0.995078973 -0.057685358 -0.080562010 0.056702487 0.998286733 -0.014437012 0.081256790 0.009797901 0.996645040 1.908927900 -0.648829035 -12.294880921
0.000000000 0.451386571 0.802465499 0.500000000 0.500000000 0.000000000 0.000000000 0.995062380 -0.057693590 -0.080760818 0.056707310 0.998286197 -0.014455080 0.081456375 0.009803977 0.996628688 1.916472029 -0.648838364 -12.306468111
0.000000000 0.451386571 0.802465499 0.500000000 0.500000000 0.000000000 0.000000000 0.995045747 -0.057701824 -0.080959622 0.056712129 0.998285662 -0.014473150 0.081655957 0.009810053 0.996612296 1.924020776 -0.648847199 -12.318051787
0.000000000 0.451386571 0.802465499 0.500000000 0.500000000 0.000000000 0.000000000 0.995029075 -0.057710061 -0.081158423 0.056716947 0.998285126 -0.014491222 0.081855535 0.009816129 0.996595863 1.931574222 -0.648855513 -12.329632947
0.000000000 0.451386571 0.802465499 0.500000000 0.500000000 0.000000000 0.000000000 0.995012362 -0.057718300 -0.081357221 0.056721761 0.998284590 -0.014509296 0.082055112 0.009822204 0.996579391 1.939132459 -0.648863313 -12.341212582
0.000000000 0.451386571 0.802465499 0.500000000 0.500000000 0.000000000 0.000000000 0.994995609 -0.057726542 -0.081556015 0.056726574 0.998284053 -0.014527372 0.082254684 0.009828278 0.996562879 1.946695300 -0.648870617 -12.352788703
0.000000000 0.451386571 0.802465499 0.500000000 0.500000000 0.000000000 0.000000000 0.994978172 -0.057760167 -0.081744728 0.056756711 0.998282035 -0.014548327 0.082444608 0.009835706 0.996547112 1.954003076 -0.648779029 -12.364183345
0.000000000 0.451386571 0.802465499 0.500000000 0.500000000 0.000000000 0.000000000 0.994960697 -0.057793797 -0.081933439 0.056786846 0.998280016 -0.014569295 0.082634529 0.009843134 0.996531308 1.961315265 -0.648686546 -12.375575665
0.000000000 0.451386571 0.802465499 0.500000000 0.500000000 0.000000000 0.000000000 0.994943185 -0.057827428 -0.082122145 0.056816977 0.998277995 -0.014590273 0.082824448 0.009850561 0.996515468 1.968631844 -0.648593163 -12.386965665
0.000000000 0.451386571 0.802465499 0.500000000 0.500000000 0.000000000 0.000000000 0.994925636 -0.057861062 -0.082310846 0.056847106 0.998275973 -0.014611264 0.083014363 0.009857988 0.996499591 1.975952791 -0.648498899 -12.398353346
0.000000000 0.451386571 0.802465499 0.500000000 0.500000000 0.000000000 0.000000000 0.994908051 -0.057894699 -0.082499543 0.056877230 0.998273949 -0.014632266 0.083204275 0.009865413 0.996483679 1.983278149 -0.648403743 -12.409738701
0.000000000 0.451386571 0.802465499 0.500000000 0.500000000 0.000000000 0.000000000 0.994890428 -0.057928339 -0.082688237 0.056907353 0.998271924 -0.014653279 0.083394185 0.009872839 0.996467730 1.990607886 -0.648307694 -12.421121734
0.000000000 0.451386571 0.802465499 0.500000000 0.500000000 0.000000000 0.000000000 0.994872768 -0.057961981 -0.082876925 0.056937472 0.998269898 -0.014674305 0.083584091 0.009880263 0.996451745 1.997942007 -0.648210743 -12.432502442
0.000000000 0.451386571 0.802465499 0.500000000 0.500000000 0.000000000 0.000000000 0.994855071 -0.057995627 -0.083065609 0.056967588 0.998267870 -0.014695341 0.083773994 0.009887688 0.996435724 2.005280611 -0.648112893 -12.443881817
0.000000000 0.451386571 0.802465499 0.500000000 0.500000000 0.000000000 0.000000000 0.994837337 -0.058029275 -0.083254290 0.056997700 0.998265841 -0.014716390 0.083963895 0.009895111 0.996419666 2.012623509 -0.648014167 -12.455257870
