0.000000000 0.324215247 0.247174000 0.494587156 0.511362594 0.000000000 0.000000000 0.261737310 -0.960293727 -0.096589534 -0.958134835 -0.270568509 0.093649983 -0.116065577 0.068034103 -0.990908746 0.092184552 -1.521418458 -0.032140500
0.000000000 0.324215247 0.247174000 0.494587156 0.511362594 0.000000000 0.000000000 0.263879821 -0.963421727 -0.046754860 -0.957589732 -0.267481209 0.107124728 -0.115712336 0.016503920 -0.993145647 0.111332098 -1.520902619 -0.032145919
0.000000000 0.324215247 0.247174000 0.494587156 0.511362594 0.000000000 0.000000000 0.265057171 -0.964043520 -0.019099409 -0.957287639 -0.265469524 0.114570103 -0.115520877 -0.012083999 -0.993231546 0.113088608 -1.522904040 -0.033728812
0.000000000 0.324215247 0.247174000 0.494587156 0.511362594 0.000000000 0.000000000 0.264687911 -0.963932101 -0.027842661 -0.957382547 -0.266130834 0.112218707 -0.115581005 -0.003046858 -0.993293385 0.091572362 -1.521752865 -0.033104110
0.000000000 0.324215247 0.247174000 0.494587156 0.511362594 0.000000000 0.000000000 0.262787785 -0.962304426 -0.070091167 -0.957869828 -0.268920986 0.100831030 -0.115879132 0.040641051 -0.992431525 0.053205138 -1.519256675 -0.032796303
0.000000000 0.324215247 0.247174000 0.494587156 0.511362594 0.000000000 0.000000000 0.261126426 -0.959524430 -0.105479181 -0.958292917 -0.270823820 0.091264140 -0.116136447 0.077248473 -0.990224722 0.036109727 -1.518855359 -0.032868746
0.000000000 0.324215247 0.247174000 0.494587156 0.511362594 0.000000000 0.000000000 0.260039684 -0.957026036 -0.128376517 -0.958567810 -0.271868643 0.085059942 -0.116306128 0.100938636 -0.988070987 0.036394349 -1.516990035 -0.032656338
0.000000000 0.324215247 0.247174000 0.494587156 0.511362594 0.000000000 0.000000000 0.259236482 -0.954783474 -0.145550557 -0.958769751 -0.272574724 0.080396421 -0.116434577 0.118707786 -0.986078826 0.039471358 -1.516666087 -0.032789424
0.000000000 0.324215247 0.247174000 0.494587156 0.511362594 0.000000000 0.000000000 0.257886019 -0.950554506 -0.173034486 -0.959108320 -0.273482333 0.072929032 -0.116644895 0.147151437 -0.982212005 0.024621496 -1.517367945 -0.032726726
0.000000000 0.324215247 0.247174000 0.494587156 0.511362594 0.000000000 0.000000000 0.256882559 -0.946933245 -0.193206576 -0.959358464 -0.274013216 0.067439564 -0.116801920 0.168030316 -0.978837639 0.019506542 -1.519217428 -0.032257999
0.000000000 0.324215247 0.247174000 0.494587156 0.511362594 0.000000000 0.000000000 0.256444815 -0.945181970 -0.202156130 -0.959467035 -0.274222710 0.064999340 -0.116872007 0.177293399 -0.977193934 0.022169119 -1.515245002 -0.032043092
0.000000000 0.324215247 0.247174000 0.494587156 0.511362594 0.000000000 0.000000000 0.256434764 -0.945142864 -0.202351619 -0.959469532 -0.274226581 0.064946122 -0.116873556 0.177495770 -0.977157011 0.028890751 -1.515125445 -0.031979688
0.000000000 0.324215247 0.247174000 0.494587156 0.511362594 0.000000000 0.000000000 0.256400718 -0.945010683 -0.203011035 -0.959477994 -0.274239426 0.064766632 -0.116878789 0.178178410 -0.977032140 0.031539358 -1.514828797 -0.031830665
0.000000000 0.324215247 0.247174000 0.494587156 0.511362594 0.000000000 0.000000000 0.256257921 -0.944457783 -0.205745896 -0.959513490 -0.274289966 0.064022475 -0.116900560 0.181009697 -0.976508960 0.027528454 -1.513914069 -0.031738517
0.000000000 0.324215247 0.247174000 0.494587156 0.511362594 0.000000000 0.000000000 0.255938391 -0.943192812 -0.211855753 -0.959592826 -0.274395510 0.062359546 -0.116949343 0.187335059 -0.975309401 0.022151546 -1.514898628 -0.031543119
0.000000000 0.324215247 0.247174000 0.494587156 0.511362594 0.000000000 0.000000000 0.256075478 -0.943740746 -0.209233732 -0.959558806 -0.274351341 0.063073288 -0.116928387 0.184620548 -0.975829394 0.026173431 -1.514291354 -0.031722251
0.000000000 0.324215247 0.247174000 0.494587156 0.511362594 0.000000000 0.000000000 0.256617259 -0.945876093 -0.198660510 -0.959424273 -0.274144751 0.065952407 -0.116844541 0.173675190 -0.977846758 0.034552281 -1.517076940 -0.031799708
0.000000000 0.324215247 0.247174000 0.494587156 0.511362594 0.000000000 0.000000000 0.256880286 -0.946931539 -0.193217956 -0.959359056 -0.274011819 0.067436824 -0.116802059 0.168042205 -0.978835582 0.033102513 -1.518717463 -0.032271419
0.000000000 0.324215247 0.247174000 0.494587156 0.511362594 0.000000000 0.000000000 0.256884412 -0.946948143 -0.193131076 -0.959358033 -0.274009565 0.067460529 -0.116801384 0.167952291 -0.978851094 0.030936599 -1.519315950 -0.032070120
0.000000000 0.324215247 0.247174000 0.494587156 0.511362594 0.000000000 0.000000000 0.256884412 -0.946948143 -0.193131076 -0.959358033 -0.274009565 0.067460529 -0.116801384 0.167952291 -0.978851094 0.031106125 -1.519603185 -0.032271207
0.000000000 0.324215247 0.247174000 0.494587156 0.511362594 0.000000000 0.000000000 0.256884412 -0.946948143 -0.193131076 -0.959358033 -0.274009565 0.067460529 -0.116801384 0.167952291 -0.978851094 0.032064608 -1.519619665 -0.032234824
0.000000000 0.324215247 0.247174000 0.494587156 0.511362594 0.000000000 0.000000000 0.256872734 -0.946899843 -0.193383263 -0.959360922 -0.274016396 0.067391657 -0.116803335 0.168213266 -0.978806047 0.033373833 -1.520146588 -0.032185337
0.000000000 0.324215247 0.247174000 0.494587156 0.511362594 0.000000000 0.000000000 0.256864115 -0.946863900 -0.193570609 -0.959363054 -0.274021514 0.067340481 -0.116804782 0.168407138 -0.978772537 0.035819704 -1.520131282 -0.032281770
0.000000000 0.324215247 0.247174000 0.494587156 0.511362594 0.000000000 0.000000000 0.256743809 -0.946355567 -0.196198261 -0.959392785 -0.274092927 0.066622451 -0.116825083 0.171126295 -0.978298365 0.033920295 -1.520615228 -0.032189996
0.000000000 0.324215247 0.247174000 0.494587156 0.511362594 0.000000000 0.000000000 0.256608069 -0.945774488 -0.199155507 -0.959426312 -0.274170839 0.065814156 -0.116847982 0.174186590 -0.977755379 0.033755054 -1.519223202 -0.032147045
0.000000000 0.324215247 0.247174000 0.494587156 0.511362594 0.000000000 0.000000000 0.256608069 -0.945774488 -0.199155507 -0.959426312 -0.274170839 0.065814156 -0.116847982 0.174186590 -0.977755379 0.034749414 -1.519286052 -0.032249771
0.000000000 0.324215247 0.247174000 0.494587156 0.511362594 0.000000000 0.000000000 0.256614583 -0.945801962 -0.199016594 -0.959424701 -0.274167364 0.065852101 -0.116846901 0.174042827 -0.977781108 0.034582668 -1.519292062 -0.032097746
0.000000000 0.324215247 0.247174000 0.494587156 0.511362594 0.000000000 0.000000000 0.256614583 -0.945801962 -0.199016594 -0.959424701 -0.274167364 0.065852101 -0.116846901 0.174042827 -0.977781108 0.033995085 -1.519270126 -0.032206597
0.000000000 0.324215247 0.247174000 0.494587156 0.511362594 0.000000000 0.000000000 0.256614583 -0.945801962 -0.199016594 -0.959424701 -0.274167364 0.065852101 -0.116846901 0.174042827 -0.977781108 0.032651225 -1.519262738 -0.032279215
0.000000000 0.324215247 0.247174000 0.494587156 0.511362594 0.000000000 0.000000000 0.256659493 -0.945990792 -0.198058896 -0.959413595 -0.274143272 0.066113688 -0.116839454 0.173051692 -0.977957900 0.034074787 -1.520084724 -0.032393790
0.000000000 0.324215247 0.247174000 0.494587156 0.511362594 0.000000000 0.000000000 0.256797915 -0.946582674 -0.195028386 -0.959379407 -0.274061883 0.066942043 -0.116816024 0.169915641 -0.978510445 0.036358562 -1.520255220 -0.032645944
0.000000000 0.324215247 0.247174000 0.494587156 0.511362594 0.000000000 0.000000000 0.256809714 -0.946632629 -0.194770212 -0.959376492 -0.274054847 0.067012596 -0.116814030 0.169648477 -0.978557038 0.036780900 -1.520375042 -0.032504033
0.000000000 0.324215247 0.247174000 0.494587156 0.511362594 0.000000000 0.000000000 0.256791282 -0.946554464 -0.195173984 -0.959381046 -0.274065864 0.066902248 -0.116817149 0.170066306 -0.978484136 0.040395865 -1.520342059 -0.032506143
0.000000000 0.324215247 0.247174000 0.494587156 0.511362594 0.000000000 0.000000000 0.256729949 -0.946291727 -0.196524045 -0.959396191 -0.274102688 0.066533185 -0.116827572 0.171463359 -0.978239048 0.040854067 -1.520743934 -0.032366590
0.000000000 0.324215247 0.247174000 0.494587156 0.511362594 0.000000000 0.000000000 0.256404346 -0.944901577 -0.203513687 -0.959476643 -0.274277978 0.064623231 -0.116881915 0.178696952 -0.976937059 0.034101152 -1.517948460 -0.032324365
0.000000000 0.324215247 0.247174000 0.494587156 0.511362594 0.000000000 0.000000000 0.256184425 -0.943987995 -0.207981265 -0.959531097 -0.274371952 0.063404298 -0.116917122 0.183321297 -0.976075657 0.034918820 -1.516196270 -0.031821009
0.000000000 0.324215247 0.247174000 0.494587156 0.511362594 0.000000000 0.000000000 0.256238061 -0.944207395 -0.206916531 -0.959517803 -0.274351210 0.063694572 -0.116908687 0.182219122 -0.976283028 0.034570088 -1.515966537 -0.031870057
0.000000000 0.324215247 0.247174000 0.494587156 0.511362594 0.000000000 0.000000000 0.256323784 -0.944560593 -0.205191141 -0.959496567 -0.274315821 0.064165167 -0.116895064 0.180433137 -0.976616315 0.035807418 -1.516937794 -0.031892651
0.000000000 0.324215247 0.247174000 0.494587156 0.511362594 0.000000000 0.000000000 0.256395535 -0.944856952 -0.203731859 -0.959478796 -0.274284565 0.064563289 -0.116883576 0.178922660 -0.976895548 0.034543337 -1.517378002 -0.031922078
0.000000000 0.324215247 0.247174000 0.494587156 0.511362594 0.000000000 0.000000000 0.256457695 -0.945116765 -0.202444441 -0.959463412 -0.274255426 0.064914727 -0.116873483 0.177590153 -0.977139870 0.035173802 -1.517903798 -0.032080314
0.000000000 0.324215247 0.247174000 0.494587156 0.511362594 0.000000000 0.000000000 0.256529637 -0.945414074 -0.200959631 -0.959445597 -0.274221538 0.065319935 -0.116861845 0.176053333 -0.977419323 0.035342884 -1.517782661 -0.032233616
0.000000000 0.324215247 0.247174000 0.494587156 0.511362594 0.000000000 0.000000000 0.256543023 -0.945469498 -0.200681603 -0.959442283 -0.274215046 0.065395822 -0.116859670 0.175765574 -0.977471371 0.037748774 -1.518088395 -0.032133381
0.000000000 0.324215247 0.247174000 0.494587156 0.511362594 0.000000000 0.000000000 0.256685527 -0.946075506 -0.197620031 -0.959407065 -0.274137476 0.066232373 -0.116835883 0.172597162 -0.978038648 0.044474997 -1.520428222 -0.032178344
0.000000000 0.324215247 0.247174000 0.494587156 0.511362594 0.000000000 0.000000000 0.256656020 -0.945945484 -0.198279674 -0.959414340 -0.274155560 0.066051897 -0.116840969 0.173279745 -0.977917337 0.050203858 -1.520769397 -0.032240716
0.000000000 0.324215247 0.247174000 0.494587156 0.511362594 0.000000000 0.000000000 0.256471106 -0.945147532 -0.202283749 -0.959460001 -0.274257270 0.064957340 -0.116872059 0.177423486 -0.977170317 0.055175963 -1.517739663 -0.032049290
0.000000000 0.324215247 0.247174000 0.494587156 0.511362594 0.000000000 0.000000000 0.256084526 -0.943532544 -0.210159591 -0.959555694 -0.274423059 0.062808085 -0.116934110 0.185575654 -0.975647524 0.054991085 -1.514845331 -0.031649828
0.000000000 0.324215247 0.247174000 0.494587156 0.511362594 0.000000000 0.000000000 0.255479008 -0.940955820 -0.222109482 -0.959705476 -0.274625917 0.059548343 -0.117029380 0.197946334 -0.973201610 0.052140210 -1.517388628 -0.031323229
0.000000000 0.324215247 0.247174000 0.494587156 0.511362594 0.000000000 0.000000000 0.255065921 -0.938982866 -0.230765146 -0.959806974 -0.274774813 0.057178446 -0.117098031 0.206905724 -0.971327994 0.053873351 -1.517178963 -0.031519897
0.000000000 0.324215247 0.247174000 0.494587156 0.511362594 0.000000000 0.000000000 0.254832892 -0.937874602 -0.235481270 -0.959864269 -0.274840144 0.055888111 -0.117135746 0.211787928 -0.970270627 0.057802213 -1.515087721 -0.031206847
0.000000000 0.324215247 0.247174000 0.494587156 0.511362594 0.000000000 0.000000000 0.254390691 -0.935794996 -0.244076016 -0.959973165 -0.274927486 0.053538767 -0.117204515 0.220686662 -0.968277077 0.054502225 -1.514626697 -0.030982999
0.000000000 0.324215247 0.247174000 0.494587156 0.511362594 0.000000000 0.000000000 0.253952394 -0.933696661 -0.252425686 -0.960089521 -0.274969191 0.051186484 -0.117201936 0.229352325 -0.966261464 0.054949488 -1.518220011 -0.030782603
0.000000000 0.324215247 0.247174000 0.494587156 0.511362594 0.000000000 0.000000000 0.253720751 -0.932646207 -0.256508933 -0.960161797 -0.274944178 0.049950201 -0.117111503 0.233616675 -0.965250302 0.062176039 -1.518183164 -0.030903992
0.000000000 0.324215247 0.247174000 0.494587156 0.511362594 0.000000000 0.000000000 0.253359627 -0.931041319 -0.262623233 -0.960274089 -0.274882094 0.048098950 -0.116972534 0.240003953 -0.963698879 0.062022881 -1.514899972 -0.030579167
0.000000000 0.324215247 0.247174000 0.494587156 0.511362594 0.000000000 0.000000000 0.252470154 -0.927028710 -0.277266283 -0.960548869 -0.274660978 0.043671705 -0.116639153 0.255302013 -0.959800078 0.053389045 -1.517364908 -0.030186117
0.000000000 0.324215247 0.247174000 0.494587156 0.511362594 0.000000000 0.000000000 0.251523299 -0.922428053 -0.293023067 -0.960840718 -0.274356453 0.038905681 -0.116280461 0.271762809 -0.955313472 0.050763022 -1.513882586 -0.030461212
0.000000000 0.324215247 0.247174000 0.494587156 0.511362594 0.000000000 0.000000000 0.251104475 -0.920354688 -0.299822932 -0.960968924 -0.274190843 0.036852521 -0.116126093 0.278866688 -0.953282802 0.060562471 -1.515783123 -0.030201359
0.000000000 0.324215247 0.247174000 0.494587156 0.511362594 0.000000000 0.000000000 0.250311787 -0.916127599 -0.313136125 -0.961212232 -0.273849624 0.032824213 -0.115823377 0.292773986 -0.949140842 0.058082056 -1.516556942 -0.030952045
0.000000000 0.324215247 0.247174000 0.494587156 0.511362594 0.000000000 0.000000000 0.248827822 -0.907987092 -0.337111489 -0.961662709 -0.273038377 0.025590599 -0.115280308 0.317819895 -0.941116871 0.047529298 -1.517328593 -0.030430470
0.000000000 0.324215247 0.247174000 0.494587156 0.511362594 0.000000000 0.000000000 0.247658649 -0.901213986 -0.355638222 -0.962014569 -0.272263719 0.020010906 -0.114861494 0.337173277 -0.934409449 0.045081914 -1.515080492 -0.030717827
0.000000000 0.324215247 0.247174000 0.494587156 0.511362594 0.000000000 0.000000000 0.246933420 -0.896682343 -0.367402587 -0.962232747 -0.271729937 0.016461541 -0.114595055 0.349461896 -0.929916317 0.050322977 -1.514459806 -0.031564082
0.000000000 0.324215247 0.247174000 0.494587156 0.511362594 0.000000000 0.000000000 0.246179221 -0.892087540 -0.378913726 -0.962456852 -0.271122903 0.013006878 -0.114335463 0.361486088 -0.925340591 0.054139582 -1.512926833 -0.030712856
0.000000000 0.324215247 0.247174000 0.494587156 0.511362594 0.000000000 0.000000000 0.244830333 -0.883356424 -0.399674288 -0.962856441 -0.269928885 0.006772892 -0.113866512 0.383170752 -0.916632201 0.042238792 -1.513325798 -0.031661733
0.000000000 0.324215247 0.247174000 0.494587156 0.511362594 0.000000000 0.000000000 0.243385851 -0.873602070 -0.421405685 -0.963280501 -0.268496943 0.000262550 -0.113375502 0.405867978 -0.906872196 0.035346921 -1.514342600 -0.031524249
0.000000000 0.324215247 0.247174000 0.494587156 0.511362594 0.000000000 0.000000000 0.242677957 -0.868606530 -0.432007066 -0.963487291 -0.267738232 -0.002911876 -0.113135534 0.416939966 -0.901865520 0.039771129 -1.515864124 -0.031219993
0.000000000 0.324215247 0.247174000 0.494587156 0.511362594 0.000000000 0.000000000 0.242691613 -0.868743802 -0.431723276 -0.963483079 -0.267754326 -0.002824383 -0.113142110 0.416643525 -0.902001683 0.043525707 -1.518245314 -0.030506779
0.000000000 0.324215247 0.247174000 0.494587156 0.511362594 0.000000000 0.000000000 0.243147232 -0.872030689 -0.424784535 -0.963349710 -0.268247616 -0.000743112 -0.113299422 0.409396744 -0.905294177 0.041024321 -1.509424355 -0.032122483
0.000000000 0.324215247 0.247174000 0.494587156 0.511362594 0.000000000 0.000000000 0.242879668 -0.870365258 -0.428338400 -0.963426561 -0.267966502 -0.001792952 -0.113219819 0.413108063 -0.903616623 0.026225452 -1.505825079 -0.031727849
0.000000000 0.324215247 0.247174000 0.494587156 0.511362594 0.000000000 0.000000000 0.241953291 -0.864546781 -0.440474140 -0.963691524 -0.266964056 -0.005370170 -0.112948000 0.425780526 -0.897749237 0.004590998 -1.507540813 -0.032426727
0.000000000 0.324215247 0.247174000 0.494587156 0.511362594 0.000000000 0.000000000 0.241684920 -0.862799301 -0.444033518 -0.963768228 -0.266663796 -0.006420485 -0.112868074 0.429497132 -0.895987172 -0.004328263 -1.507447551 -0.033105142
0.000000000 0.324215247 0.247174000 0.494587156 0.511362594 0.000000000 0.000000000 0.241530697 -0.861802324 -0.446048962 -0.963812184 -0.266489921 -0.007014018 -0.112822856 0.431601525 -0.894981076 -0.015077153 -1.506755828 -0.032890643
0.000000000 0.324215247 0.247174000 0.494587156 0.511362594 0.000000000 0.000000000 0.241379595 -0.860854261 -0.447957401 -0.963855034 -0.266319576 -0.007573479 -0.112780163 0.433594079 -0.894022824 -0.032981382 -1.501096474 -0.033438351
0.000000000 0.324215247 0.247174000 0.494587156 0.511362594 0.000000000 0.000000000 0.241436919 -0.861130871 -0.447394498 -0.963839244 -0.266381180 -0.007414752 -0.112792403 0.433006570 -0.894305979 -0.054667252 -1.486864965 -0.032673522
0.000000000 0.324215247 0.247174000 0.494587156 0.511362594 0.000000000 0.000000000 0.243712166 -0.870659710 -0.427265783 -0.963215931 -0.268722391 -0.001829497 -0.113223014 0.411995080 -0.904124219 -0.067063671 -1.466739319 -0.032796842
0.000000000 0.324215247 0.247174000 0.494587156 0.511362594 0.000000000 0.000000000 0.249839633 -0.890588838 -0.380041680 -0.961528401 -0.274480847 0.011108455 -0.114207228 0.362645537 -0.924902656 -0.052974727 -1.450699113 -0.031987188
0.000000000 0.324215247 0.247174000 0.494587156 0.511362594 0.000000000 0.000000000 0.259902218 -0.914959643 -0.308706477 -0.958682679 -0.282783027 0.031004541 -0.115664856 0.287893403 -0.950651897 -0.018410078 -1.445031780 -0.029145016
0.000000000 0.324215247 0.247174000 0.494587156 0.511362594 0.000000000 0.000000000 0.269276236 -0.934599800 -0.232408096 -0.955974675 -0.288619500 0.053020806 -0.116630743 0.207899011 -0.971172112 0.008396673 -1.466894479 -0.030258197
0.000000000 0.324215247 0.247174000 0.494587156 0.511362594 0.000000000 0.000000000 0.275985270 -0.947592078 -0.160939070 -0.954134958 -0.290309785 0.073121202 -0.116011258 0.133377218 -0.984251952 0.013141464 -1.479183043 -0.032944273
0.000000000 0.324215247 0.247174000 0.494587156 0.511362594 0.000000000 0.000000000 0.281974385 -0.956419555 -0.075842477 -0.952465339 -0.288556006 0.097699590 -0.115326601 0.044688549 -0.992321878 0.015979047 -1.507906501 -0.033257962
0.000000000 0.324215247 0.247174000 0.494587156 0.511362594 0.000000000 0.000000000 0.286135154 -0.958188104 0.001493771 -0.951291547 -0.283888286 0.120215777 -0.114765263 -0.035818972 -0.992746662 0.027673212 -1.517935481 -0.035420986
0.000000000 0.324215247 0.247174000 0.494587156 0.511362594 0.000000000 0.000000000 0.289313797 -0.954797588 0.068257551 -0.950384594 -0.277997110 0.139594881 -0.114309454 -0.105257650 -0.987853317 0.032129592 -1.518859125 -0.036799934
0.000000000 0.324215247 0.247174000 0.494587156 0.511362594 0.000000000 0.000000000 0.291935349 -0.948269159 0.124737141 -0.949627379 -0.271844618 0.155911334 -0.113936789 -0.163969834 -0.979863410 0.026465119 -1.522000481 -0.035997094
