0.000000000 0.324215247 0.247174000 0.494587156 0.511362594 0.000000000 0.000000000 0.772954146 0.603706044 0.195143283 -0.594482475 0.796594695 -0.109669867 -0.221658465 -0.031239484 0.974623835 0.003635394 -1.580043241 -0.019526938
0.000000000 0.324215247 0.247174000 0.494587156 0.511362594 0.000000000 0.000000000 0.772229502 0.635341618 0.001620285 -0.592485683 0.721056120 -0.359219692 -0.229395536 0.276440049 0.933251621 0.018150373 -1.577244804 -0.010247746
0.000000000 0.324215247 0.247174000 0.494587156 0.511362594 0.000000000 0.000000000 0.770413234 0.595178475 -0.228530156 -0.591122489 0.532570752 -0.605757870 -0.238825568 0.601773194 0.762122937 0.013102656 -1.584028735 -0.021928135
0.000000000 0.324215247 0.247174000 0.494587156 0.511362594 0.000000000 0.000000000 0.768487404 0.522627976 -0.369170839 -0.590980025 0.358552875 -0.722621925 -0.245295169 0.773498439 0.584406062 0.002806281 -1.592245320 -0.017477858
0.000000000 0.324215247 0.247174000 0.494587156 0.511362594 0.000000000 0.000000000 0.762686565 0.397876603 -0.509905298 -0.595233235 0.123408622 -0.794019967 -0.252995257 0.909100941 0.330951476 -0.002698383 -1.624288732 -0.016346340
0.000000000 0.324215247 0.247174000 0.494587156 0.511362594 0.000000000 0.000000000 0.752686417 0.235071583 -0.614983340 -0.604503604 -0.123321965 -0.786998784 -0.260842004 0.964122940 0.049278851 0.005174790 -1.634175272 -0.018703894
0.000000000 0.324215247 0.247174000 0.494587156 0.511362594 0.000000000 0.000000000 0.740353510 0.043806218 -0.670788861 -0.616133506 -0.354806920 -0.703200933 -0.268805103 0.933912772 -0.235692070 0.008788701 -1.658175294 -0.004252928
0.000000000 0.324215247 0.247174000 0.494587156 0.511362594 0.000000000 0.000000000 0.725554251 -0.126556388 -0.676427756 -0.630650836 -0.515663740 -0.579974508 -0.275409787 0.847392700 -0.453954911 0.001406072 -1.681293608 -0.019495713
0.000000000 0.324215247 0.247174000 0.494587156 0.511362594 0.000000000 0.000000000 0.708016308 -0.324478180 -0.627237450 -0.646924749 -0.654192777 -0.391816513 -0.283198300 0.683187911 -0.673092119 -0.009357271 -1.659017003 -0.013483950
0.000000000 0.324215247 0.247174000 0.494587156 0.511362594 0.000000000 0.000000000 0.693568863 -0.481238636 -0.536070525 -0.659418094 -0.723720431 -0.203461335 -0.290051736 0.494609050 -0.819287421 -0.011429529 -1.677453350 0.001346290
0.000000000 0.324215247 0.247174000 0.494587156 0.511362594 0.000000000 0.000000000 0.672976531 -0.637158512 -0.375674885 -0.676842222 -0.735312825 0.034636051 -0.298307215 0.230963374 -0.926104057 -0.005853906 -1.671832528 -0.020737464
0.000000000 0.324215247 0.247174000 0.494587156 0.511362594 0.000000000 0.000000000 0.658113173 -0.725096881 -0.202784528 -0.688177528 -0.688559822 0.228685506 -0.305448426 -0.010949189 -0.952145669 0.001709895 -1.657588066 -0.001038182
0.000000000 0.324215247 0.247174000 0.494587156 0.511362594 0.000000000 0.000000000 0.636002715 -0.768674846 0.068114078 -0.704280561 -0.542104750 0.458379026 -0.315419462 -0.339501726 -0.886142844 -0.002610492 -1.674432803 -0.011804384
0.000000000 0.324215247 0.247174000 0.494587156 0.511362594 0.000000000 0.000000000 0.619384486 -0.732022034 0.283736851 -0.715436318 -0.377460986 0.587940540 -0.323285838 -0.567156897 -0.757508628 -0.003243829 -1.649622158 -0.009564754
0.000000000 0.324215247 0.247174000 0.494587156 0.511362594 0.000000000 0.000000000 0.604323927 -0.627404136 0.491077021 -0.724425661 -0.176117352 0.666475911 -0.331662559 -0.758516136 -0.560939586 0.040300814 -1.661647556 0.009333809
0.000000000 0.324215247 0.247174000 0.494587156 0.511362594 0.000000000 0.000000000 0.583608386 -0.497638894 0.641682775 -0.739573686 0.000561577 0.673075365 -0.335308835 -0.867384123 -0.367712890 0.060883472 -1.665704852 -0.010340717
0.000000000 0.324215247 0.247174000 0.494587156 0.511362594 0.000000000 0.000000000 0.559572680 -0.302080047 0.771768140 -0.756759779 0.193454921 0.624411587 -0.337924626 -0.933446752 -0.120349941 0.039107937 -1.646687423 0.000029237
0.000000000 0.324215247 0.247174000 0.494587156 0.511362594 0.000000000 0.000000000 0.539038925 -0.097096347 0.836665606 -0.770633985 0.344052327 0.536424512 -0.339941610 -0.933916643 0.110631852 -0.012044747 -1.660871830 -0.001967922
0.000000000 0.324215247 0.247174000 0.494587156 0.511362594 0.000000000 0.000000000 0.519867272 0.103568791 0.847945473 -0.783019304 0.454585644 0.424538175 -0.341494933 -0.884661177 0.317420561 -0.044626426 -1.637938724 -0.020253724
0.000000000 0.324215247 0.247174000 0.494587156 0.511362594 0.000000000 0.000000000 0.502975659 0.331913013 0.798028344 -0.793337314 0.543691907 0.273888693 -0.342974331 -0.770865009 0.536782774 -0.038336050 -1.638637615 0.003092297
0.000000000 0.324215247 0.247174000 0.494587156 0.511362594 0.000000000 0.000000000 0.483727384 0.540416891 0.688445642 -0.804769616 0.583833990 0.107162202 -0.344025703 -0.605877427 0.717327582 -0.022807135 -1.644175106 -0.020245420
0.000000000 0.324215247 0.247174000 0.494587156 0.511362594 0.000000000 0.000000000 0.465739756 0.739556389 0.485945292 -0.814990962 0.572430334 -0.090073554 -0.344784298 -0.354090186 0.869335337 -0.015232610 -1.620989054 -0.003928980
0.000000000 0.324215247 0.247174000 0.494587156 0.511362594 0.000000000 0.000000000 0.450201877 0.855217644 0.256750953 -0.823599533 0.508797229 -0.250617616 -0.344966781 -0.098631444 0.933418319 -0.031305518 -1.642711230 -0.012902689
0.000000000 0.324215247 0.247174000 0.494587156 0.511362594 0.000000000 0.000000000 0.437586529 0.897913379 0.047640251 -0.830454787 0.423889946 -0.361472212 -0.344764959 0.118612296 0.931164994 -0.041498536 -1.620004522 -0.023383836
0.000000000 0.324215247 0.247174000 0.494587156 0.511362594 0.000000000 0.000000000 0.426706900 0.872039090 -0.239727026 -0.836430148 0.279714393 -0.471322040 -0.343956143 0.401631278 0.848755847 -0.029455029 -1.625383580 -0.004378366
0.000000000 0.324215247 0.247174000 0.494587156 0.511362594 0.000000000 0.000000000 0.413535169 0.761967222 -0.498392031 -0.843564704 0.114656870 -0.524645016 -0.342618235 0.637385091 0.690183302 -0.017601055 -1.621781851 -0.029601745
0.000000000 0.324215247 0.247174000 0.494587156 0.511362594 0.000000000 0.000000000 0.407490973 0.598470845 -0.689770798 -0.847195648 -0.034215224 -0.530178132 -0.340896817 0.800413622 0.493079501 -0.015040582 -1.606831896 -0.007311256
0.000000000 0.324215247 0.247174000 0.494587156 0.511362594 0.000000000 0.000000000 0.401397841 0.411455650 -0.818281138 -0.850871650 -0.163123295 -0.499407875 -0.338964907 0.896713465 0.284618610 -0.018422343 -1.629505483 -0.017399084
0.000000000 0.324215247 0.247174000 0.494587156 0.511362594 0.000000000 0.000000000 0.394158157 0.168409401 -0.903480836 -0.855286889 -0.292552826 -0.427664799 -0.336338645 0.941302883 0.028726270 -0.015317780 -1.604602484 -0.037454337
0.000000000 0.324215247 0.247174000 0.494587156 0.511362594 0.000000000 0.000000000 0.394619846 -0.106740166 -0.912623534 -0.856435804 -0.402530510 -0.323244339 -0.332855662 0.909162101 -0.250262628 -0.001304123 -1.602297783 -0.009137243
0.000000000 0.324215247 0.247174000 0.494587156 0.511362594 0.000000000 0.000000000 0.392015877 -0.390071652 -0.833167245 -0.859283303 -0.478714430 -0.180179634 -0.328566216 0.786559979 -0.522845714 0.006126721 -1.610820032 -0.040312397
0.000000000 0.324215247 0.247174000 0.494587156 0.511362594 0.000000000 0.000000000 0.394312413 -0.585016290 -0.708712679 -0.859722654 -0.507272339 -0.059596412 -0.324645467 0.632795950 -0.702975537 -0.004401752 -1.587966162 -0.025564556
0.000000000 0.324215247 0.247174000 0.494587156 0.511362594 0.000000000 0.000000000 0.397833505 -0.765874147 -0.505138885 -0.859958717 -0.503140006 0.085563660 -0.319686577 0.400358496 -0.858786101 -0.018412463 -1.610339011 -0.032163178
0.000000000 0.324215247 0.247174000 0.494587156 0.511362594 0.000000000 0.000000000 0.392264766 -0.881383473 -0.263232838 -0.862143313 -0.452044736 0.228832830 -0.320682494 0.137181375 -0.937200090 -0.020885048 -1.577744690 -0.039327283
0.000000000 0.324215247 0.247174000 0.494587156 0.511362594 0.000000000 0.000000000 0.391720895 -0.919878782 -0.019436215 -0.862072053 -0.374322926 0.341634486 -0.321537736 -0.117069949 -0.939631902 -0.009244326 -1.585736539 -0.013630588
0.000000000 0.324215247 0.247174000 0.494587156 0.511362594 0.000000000 0.000000000 0.387051864 -0.898865322 0.205504229 -0.863855628 -0.275569273 0.421681194 -0.322403951 -0.340738477 -0.883149468 -0.008362092 -1.593806799 -0.039248050
0.000000000 0.324215247 0.247174000 0.494587156 0.511362594 0.000000000 0.000000000 0.385315959 -0.796396473 0.466137608 -0.864250374 -0.134402058 0.484775595 -0.323423721 -0.589651375 -0.740073208 -0.015335354 -1.568027973 -0.022784559
0.000000000 0.324215247 0.247174000 0.494587156 0.511362594 0.000000000 0.000000000 0.381488287 -0.566069296 0.730775095 -0.865447556 0.059021705 0.497510770 -0.324757163 -0.822242051 -0.467387200 -0.025891908 -1.591199493 -0.037047538
0.000000000 0.324215247 0.247174000 0.494587156 0.511362594 0.000000000 0.000000000 0.380954981 -0.287474145 0.878767272 -0.865245150 0.224186609 0.448431929 -0.325920440 -0.931181497 -0.163330604 -0.017457357 -1.560815247 -0.017593066
0.000000000 0.324215247 0.247174000 0.494587156 0.511362594 0.000000000 0.000000000 0.379255789 -0.026832224 0.924902740 -0.865609424 0.342892775 0.364890217 -0.326933283 -0.938991255 0.106817844 -0.015482549 -1.588453479 -0.028174306
0.000000000 0.324215247 0.247174000 0.494587156 0.511362594 0.000000000 0.000000000 0.376644385 0.225301115 0.898542383 -0.866370469 0.429047163 0.255579228 -0.327934775 -0.874733068 0.356792438 -0.023248960 -1.562238660 -0.041131969
0.000000000 0.324215247 0.247174000 0.494587156 0.511362594 0.000000000 0.000000000 0.379033515 0.465322934 0.799880092 -0.864974312 0.485338542 0.127537991 -0.328866286 -0.740216905 0.586451958 -0.022431012 -1.563313005 -0.013830415
0.000000000 0.324215247 0.247174000 0.494587156 0.511362594 0.000000000 0.000000000 0.376894021 0.658211559 0.651696586 -0.865538040 0.500815592 -0.005257813 -0.329840565 -0.562086547 0.758461545 -0.017586914 -1.576531436 -0.038255120
0.000000000 0.324215247 0.247174000 0.494587156 0.511362594 0.000000000 0.000000000 0.377579112 0.812241629 0.444631926 -0.864865290 0.480893997 -0.144045111 -0.330820259 -0.330158295 0.884055121 -0.011387900 -1.547620181 -0.033773780
0.000000000 0.324215247 0.247174000 0.494587156 0.511362594 0.000000000 0.000000000 0.379746924 0.897200726 0.225439862 -0.863584083 0.431186448 -0.261344175 -0.331684797 -0.095441630 0.938549994 -0.008070036 -1.564667258 -0.022388867
0.000000000 0.324215247 0.247174000 0.494587156 0.511362594 0.000000000 0.000000000 0.379062197 0.923482131 -0.059098264 -0.863447524 0.330004558 -0.381517189 -0.332821610 0.195646994 0.922470612 -0.018147474 -1.551065409 -0.044117371
0.000000000 0.324215247 0.247174000 0.494587156 0.511362594 0.000000000 0.000000000 0.382725062 0.859140119 -0.339705435 -0.861422995 0.198975027 -0.467289377 -0.333874153 0.471473429 0.816235784 -0.017512072 -1.560225325 -0.020945392
0.000000000 0.324215247 0.247174000 0.494587156 0.511362594 0.000000000 0.000000000 0.380771363 0.705800984 -0.597376046 -0.861805406 0.036744728 -0.505906382 -0.335118802 0.707456568 0.622254444 -0.009917204 -1.559440408 -0.050470080
0.000000000 0.324215247 0.247174000 0.494587156 0.511362594 0.000000000 0.000000000 0.384056887 0.506163210 -0.772204061 -0.859962292 -0.108348652 -0.498723798 -0.336102907 0.855604683 0.393669228 -0.004915893 -1.539531906 -0.027324600
0.000000000 0.324215247 0.247174000 0.494587156 0.511362594 0.000000000 0.000000000 0.389801043 0.279459712 -0.877472174 -0.856896852 -0.238948579 -0.456761821 -0.337317257 0.929949378 0.146325742 -0.005202064 -1.561749853 -0.038516256
0.000000000 0.324215247 0.247174000 0.494587156 0.511362594 0.000000000 0.000000000 0.396392437 0.049249432 -0.916759254 -0.853380280 -0.348460260 -0.387708068 -0.338548570 0.936028814 -0.096098517 -0.012238349 -1.535053617 -0.049116387
0.000000000 0.324215247 0.247174000 0.494587156 0.511362594 0.000000000 0.000000000 0.408691084 -0.191644348 -0.892325076 -0.847115991 -0.443511378 -0.292732224 -0.339655848 0.875539891 -0.343604137 -0.012894071 -1.539329703 -0.018481714
0.000000000 0.324215247 0.247174000 0.494587156 0.511362594 0.000000000 0.000000000 0.415449970 -0.407556636 -0.813202872 -0.843359000 -0.507540029 -0.176489987 -0.340803344 0.759144721 -0.554574047 -0.012942342 -1.555058555 -0.048061725
0.000000000 0.324215247 0.247174000 0.494587156 0.511362594 0.000000000 0.000000000 0.427565370 -0.623960468 -0.654110991 -0.836793957 -0.546935252 -0.025252812 -0.341999603 0.558153352 -0.755976922 -0.008871143 -1.517970564 -0.035994319
0.000000000 0.324215247 0.247174000 0.494587156 0.511362594 0.000000000 0.000000000 0.441801987 -0.794186306 -0.417227895 -0.828858327 -0.539291860 0.148856188 -0.343227153 0.280057855 -0.896528147 -0.002198481 -1.545817900 -0.034257509
0.000000000 0.324215247 0.247174000 0.494587156 0.511362594 0.000000000 0.000000000 0.450982072 -0.867993689 -0.207851210 -0.823505634 -0.494463711 0.278108090 -0.344170947 0.045744880 -0.937791962 -0.006945559 -1.520833168 -0.049944866
0.000000000 0.324215247 0.247174000 0.494587156 0.511362594 0.000000000 0.000000000 0.465723142 -0.884754544 0.017645165 -0.814925525 -0.421022707 0.398291689 -0.344961366 -0.199873152 -0.917089079 -0.006920681 -1.519242653 -0.017045385
0.000000000 0.324215247 0.247174000 0.494587156 0.511362594 0.000000000 0.000000000 0.476596029 -0.841312980 0.255046457 -0.808212035 -0.305159369 0.503657688 -0.345903934 -0.446172870 -0.825397019 -0.008308961 -1.537813785 -0.043228204
0.000000000 0.324215247 0.247174000 0.494587156 0.511362594 0.000000000 0.000000000 0.487862646 -0.755175056 0.437836354 -0.801157265 -0.188199520 0.568091522 -0.346607955 -0.627926410 -0.696829498 -0.010310718 -1.504915511 -0.040834597
0.000000000 0.324215247 0.247174000 0.494587156 0.511362594 0.000000000 0.000000000 0.502792524 -0.624501729 0.597659827 -0.791609151 -0.054935546 0.608553233 -0.347209777 -0.779089004 -0.521982465 -0.010965881 -1.517973048 -0.010370248
0.000000000 0.324215247 0.247174000 0.494587156 0.511362594 0.000000000 0.000000000 0.514844089 -0.427710535 0.742966529 -0.783452983 0.117109442 0.610316968 -0.348047393 -0.896297427 -0.274797990 -0.013795069 -1.523795683 -0.044270823
0.000000000 0.324215247 0.247174000 0.494587156 0.511362594 0.000000000 0.000000000 0.533438002 -0.175182670 0.827499203 -0.770587864 0.302739973 0.560841202 -0.348766745 -0.936834853 0.026499367 -0.012547915 -1.505834975 -0.017257992
0.000000000 0.324215247 0.247174000 0.494587156 0.511362594 0.000000000 0.000000000 0.545426346 0.042926589 0.837058785 -0.761852321 0.441728491 0.473768912 -0.349415430 -0.896121224 0.273634078 -0.010449114 -1.536024274 -0.036033443
0.000000000 0.324215247 0.247174000 0.494587156 0.511362594 0.000000000 0.000000000 0.555401799 0.277337937 0.783972264 -0.754252709 0.565006509 0.334470471 -0.350188081 -0.777078705 0.522988521 -0.005151402 -1.534840438 -0.033352557
0.000000000 0.324215247 0.247174000 0.494587156 0.511362594 0.000000000 0.000000000 0.560478473 0.478795715 0.675735558 -0.750101552 0.639320149 0.169166804 -0.351015017 -0.601684643 0.717470591 0.005999416 -1.579474696 -0.021930935
0.000000000 0.324215247 0.247174000 0.494587156 0.511362594 0.000000000 0.000000000 0.556507681 0.651193166 0.515990951 -0.752550808 0.658257319 -0.019094061 -0.352088742 -0.377683416 0.856381197 0.016593637 -1.594281682 -0.048945283
0.000000000 0.324215247 0.247174000 0.494587156 0.511362594 0.000000000 0.000000000 0.552806242 0.765897839 0.328337872 -0.754823499 0.627166747 -0.192102466 -0.353053459 -0.141641699 0.924819379 0.018072132 -1.601359365 -0.017055659
0.000000000 0.324215247 0.247174000 0.494587156 0.511362594 0.000000000 0.000000000 0.544092167 0.824605842 0.154883562 -0.759708812 0.562537490 -0.326181075 -0.356098630 0.059806161 0.932532567 0.009688287 -1.637180121 -0.025708085
0.000000000 0.324215247 0.247174000 0.494587156 0.511362594 0.000000000 0.000000000 0.528874722 0.846155552 -0.065668189 -0.767710111 0.443984390 -0.462059571 -0.361818620 0.294785760 0.884414293 0.000962938 -1.633023335 -0.038987626
0.000000000 0.324215247 0.247174000 0.494587156 0.511362594 0.000000000 0.000000000 0.512244428 0.799966557 -0.312504645 -0.776167913 0.275436424 -0.567184404 -0.367653393 0.533093128 0.761999146 -0.001040668 -1.657722977 -0.012860901
0.000000000 0.324215247 0.247174000 0.494587156 0.511362594 0.000000000 0.000000000 0.492419379 0.708221217 -0.505910923 -0.786770907 0.113649635 -0.606692097 -0.372175624 0.696782942 0.613171132 0.003003339 -1.675419138 -0.041014704
0.000000000 0.324215247 0.247174000 0.494587156 0.511362594 0.000000000 0.000000000 0.474018617 0.569982796 -0.671137812 -0.796087918 -0.048257578 -0.603253871 -0.376231813 0.820238269 0.430881427 0.005138099 -1.658114196 -0.030383888
0.000000000 0.324215247 0.247174000 0.494587156 0.511362594 0.000000000 0.000000000 0.455341444 0.383459200 -0.803506821 -0.805132839 -0.207880229 -0.555470002 -0.380033264 0.899858240 0.214079110 -0.000644953 -1.674573433 -0.025316836
0.000000000 0.324215247 0.247174000 0.494587156 0.511362594 0.000000000 0.000000000 0.434346536 0.161693152 -0.886114220 -0.815041185 -0.348260999 -0.463057386 -0.383472232 0.923346956 -0.019479380 -0.011648997 -1.664555675 -0.045514915
0.000000000 0.324215247 0.247174000 0.494587156 0.511362594 0.000000000 0.000000000 0.418230529 -0.074784367 -0.905257158 -0.822079136 -0.455059105 -0.342209153 -0.386353618 0.887315338 -0.251798278 -0.013886479 -1.653437312 -0.020307382
0.000000000 0.324215247 0.247174000 0.494587156 0.511362594 0.000000000 0.000000000 0.400714815 -0.305675248 -0.863707288 -0.829641647 -0.521049321 -0.200505219 -0.388744614 0.796912949 -0.462393098 -0.008460120 -1.669829034 -0.032226958
0.000000000 0.324215247 0.247174000 0.494587156 0.511362594 0.000000000 0.000000000 0.382837152 -0.536532856 -0.752042692 -0.837077425 -0.545852381 -0.036695524 -0.390815940 0.643566370 -0.658092112 -0.000379473 -1.646230060 -0.040419836
0.000000000 0.324215247 0.247174000 0.494587156 0.511362594 0.000000000 0.000000000 0.371206112 -0.704779664 -0.604559052 -0.841684013 -0.530351336 0.101466658 -0.392140338 0.471182645 -0.790071433 0.002912629 -1.645183769 -0.020744201
0.000000000 0.324215247 0.247174000 0.494587156 0.511362594 0.000000000 0.000000000 0.358280254 -0.835149794 -0.417324912 -0.846824940 -0.478907718 0.231376140 -0.393093857 0.270503641 -0.878808853 -0.002879329 -1.652246117 -0.033109885
0.000000000 0.324215247 0.247174000 0.494587156 0.511362594 0.000000000 0.000000000 0.346844439 -0.917233664 -0.195911565 -0.851324134 -0.395538849 0.344668301 -0.393632003 0.047237960 -0.918053605 -0.008567034 -1.632055962 -0.032565950
0.000000000 0.324215247 0.247174000 0.494587156 0.511362594 0.000000000 0.000000000 0.338416061 -0.940085151 0.041406256 -0.854674264 -0.288663284 0.431515250 -0.393708613 -0.181420552 -0.901154876 -0.006908364 -1.636192121 -0.019680071
