0.000000000 0.324215247 0.247174000 0.494587156 0.511362594 0.000000000 0.000000000 -0.821741671 -0.560294512 0.103974448 0.266059490 -0.538568356 -0.799472622 0.503937471 -0.629296580 0.591635733 0.051825029 1.584721493 -0.003207020
0.000000000 0.324215247 0.247174000 0.494587156 0.511362594 0.000000000 0.000000000 -0.817544909 -0.571358537 -0.071900934 0.266727011 -0.265047530 -0.926610225 0.510369497 -0.776723393 0.369085014 0.054396026 1.566043102 -0.028044105
0.000000000 0.324215247 0.247174000 0.494587156 0.511362594 0.000000000 0.000000000 -0.814592329 -0.535601863 -0.222643172 0.265191206 -0.002523958 -0.964192540 0.515861379 -0.844466858 0.144092901 0.048718637 1.551687915 -0.008355937
0.000000000 0.324215247 0.247174000 0.494587156 0.511362594 0.000000000 0.000000000 -0.813966114 -0.479501594 -0.327928936 0.258956804 0.205811217 -0.943707114 0.520000519 -0.853065041 -0.043353156 0.033845146 1.524816498 -0.018974108
0.000000000 0.324215247 0.247174000 0.494587156 0.511362594 0.000000000 0.000000000 -0.813937855 -0.392210153 -0.428574805 0.249717549 0.429883193 -0.867664443 0.524543910 -0.813247586 -0.251956446 0.019265837 1.535274590 -0.024365133
0.000000000 0.324215247 0.247174000 0.494587156 0.511362594 0.000000000 0.000000000 -0.813388431 -0.288152183 -0.505339073 0.242273911 0.621969999 -0.744618474 0.528869182 -0.728094526 -0.436091446 0.011923075 1.531848938 -0.009491106
0.000000000 0.324215247 0.247174000 0.494587156 0.511362594 0.000000000 0.000000000 -0.813455570 -0.182964117 -0.552099781 0.233608632 0.766524975 -0.598219416 0.532650958 -0.615600190 -0.580792013 0.005254027 1.530176002 -0.026557375
0.000000000 0.324215247 0.247174000 0.494587156 0.511362594 0.000000000 0.000000000 -0.811918323 -0.040248830 -0.582381892 0.228123403 0.896420506 -0.379986828 0.537353096 -0.441373207 -0.718638534 0.002897572 1.564124364 -0.014246680
0.000000000 0.324215247 0.247174000 0.494587156 0.511362594 0.000000000 0.000000000 -0.809760577 0.086609491 -0.580333184 0.226339198 0.958606206 -0.172756214 0.541348664 -0.271243319 -0.795844637 -0.001691756 1.562755723 -0.009997049
0.000000000 0.324215247 0.247174000 0.494587156 0.511362594 0.000000000 0.000000000 -0.807002365 0.220986916 -0.547642189 0.225962239 0.972324581 0.059379919 0.545608147 -0.075826720 -0.834602935 -0.013473308 1.596162462 -0.031169443
0.000000000 0.324215247 0.247174000 0.494587156 0.511362594 0.000000000 0.000000000 -0.799398355 0.395827436 -0.451976670 0.238137852 0.899425718 0.366502033 0.551591001 0.185348369 -0.813260936 -0.014758135 1.637181583 0.005786998
0.000000000 0.324215247 0.247174000 0.494587156 0.511362594 0.000000000 0.000000000 -0.791944551 0.515369438 -0.327441859 0.251047319 0.763675115 0.594790352 0.556595968 0.388837577 -0.734170462 -0.012709117 1.636958881 -0.002829273
0.000000000 0.324215247 0.247174000 0.494587156 0.511362594 0.000000000 0.000000000 -0.782075713 0.602608291 -0.158810662 0.269414302 0.556735973 0.785786860 0.561937286 0.571758956 -0.597760975 -0.014105958 1.683428284 -0.002858981
0.000000000 0.324215247 0.247174000 0.494587156 0.511362594 0.000000000 0.000000000 -0.770238056 0.637319703 0.023599437 0.291954428 0.319462055 0.901502417 0.567006128 0.701261429 -0.432130141 -0.011142713 1.682204345 0.014438561
0.000000000 0.324215247 0.247174000 0.494587156 0.511362594 0.000000000 0.000000000 -0.755923092 0.601564250 0.258264847 0.316214293 -0.009916869 0.948635956 0.573226656 0.798762861 -0.182726824 -0.011926224 1.674775367 -0.015247207
0.000000000 0.324215247 0.247174000 0.494587156 0.511362594 0.000000000 0.000000000 -0.744155146 0.511257182 0.429940940 0.334712826 -0.271620609 0.902324536 0.578100720 0.815376194 0.031003538 -0.004540136 1.650502375 0.008774247
0.000000000 0.324215247 0.247174000 0.494587156 0.511362594 0.000000000 0.000000000 -0.736155142 0.378155675 0.561314433 0.344520942 -0.504487608 0.791705484 0.582564097 0.776202640 0.241098598 0.005997049 1.611778627 -0.010490973
0.000000000 0.324215247 0.247174000 0.494587156 0.511362594 0.000000000 0.000000000 -0.729822720 0.221281205 0.646833383 0.351330166 -0.690258274 0.632542986 0.586451969 0.688896323 0.426023409 0.008991786 1.616308376 -0.013185597
0.000000000 0.324215247 0.247174000 0.494587156 0.511362594 0.000000000 0.000000000 -0.722971938 0.043198567 0.689525534 0.360041796 -0.828244820 0.429395417 0.589645218 0.558698848 0.583244473 0.006244299 1.593970206 0.009275358
0.000000000 0.324215247 0.247174000 0.494587156 0.511362594 0.000000000 0.000000000 -0.718741324 -0.149042298 0.679115088 0.363018774 -0.913489915 0.183721377 0.592982528 0.378579672 0.710668104 -0.003734009 1.573610814 -0.015677320
0.000000000 0.324215247 0.247174000 0.494587156 0.511362594 0.000000000 0.000000000 -0.712939404 -0.368838348 0.596385512 0.367482731 -0.920869272 -0.130216077 0.597221775 0.126325204 0.792065714 0.006744187 1.583036048 0.008300471
0.000000000 0.324215247 0.247174000 0.494587156 0.511362594 0.000000000 0.000000000 -0.711133629 -0.529881832 0.462075973 0.364772715 -0.839936268 -0.401805839 0.601023983 -0.117184938 0.790593361 0.020472181 1.525953104 -0.002433154
0.000000000 0.324215247 0.247174000 0.494587156 0.511362594 0.000000000 0.000000000 -0.711519027 -0.628744538 0.313721181 0.358540855 -0.708838980 -0.607450208 0.604308802 -0.319730521 0.729783026 0.018282136 1.546352292 -0.012350558
0.000000000 0.324215247 0.247174000 0.494587156 0.511362594 0.000000000 0.000000000 -0.710568272 -0.690759737 0.133954159 0.354190019 -0.515639770 -0.780169890 0.607982040 -0.506918744 0.611057465 0.009825775 1.532811552 0.016375739
0.000000000 0.324215247 0.247174000 0.494587156 0.511362594 0.000000000 0.000000000 -0.712177341 -0.701265656 -0.032092296 0.345259294 -0.310094418 -0.885797647 0.611227826 -0.641925176 0.462960703 -0.002841014 1.518106649 -0.018484939
0.000000000 0.324215247 0.247174000 0.494587156 0.511362594 0.000000000 0.000000000 -0.711804408 -0.669350050 -0.212849702 0.339288030 -0.062333280 -0.938615041 0.614994404 -0.740327679 0.271471563 -0.001684920 1.552504385 -0.003616102
0.000000000 0.324215247 0.247174000 0.494587156 0.511362594 0.000000000 0.000000000 -0.710980041 -0.580501511 -0.396894667 0.333057458 0.219108945 -0.917095415 0.619338445 -0.784225265 0.037558271 0.008802895 1.526694947 -0.003958965
0.000000000 0.324215247 0.247174000 0.494587156 0.511362594 0.000000000 0.000000000 -0.710359782 -0.432898671 -0.554966414 0.325432947 0.497126964 -0.804337105 0.624085232 -0.751973086 -0.212259512 0.005112224 1.560254936 -0.017451914
0.000000000 0.324215247 0.247174000 0.494587156 0.511362594 0.000000000 0.000000000 -0.706850685 -0.248017847 -0.662456985 0.323636309 0.719355147 -0.614644378 0.628984617 -0.648856933 -0.428209098 0.003063537 1.544675992 0.017567819
0.000000000 0.324215247 0.247174000 0.494587156 0.511362594 0.000000000 0.000000000 -0.705874176 -0.049630172 -0.706596415 0.316464523 0.870353435 -0.377273249 0.633712753 -0.489920141 -0.598653825 -0.004901820 1.553013047 -0.029692270
0.000000000 0.324215247 0.247174000 0.494587156 0.511362594 0.000000000 0.000000000 -0.700298165 0.165943087 -0.694294874 0.318338043 0.943137209 -0.095671811 0.638939254 -0.288019266 -0.713303254 -0.001725095 1.593858012 0.008262945
0.000000000 0.324215247 0.247174000 0.494587156 0.511362594 0.000000000 0.000000000 -0.694957173 0.361770671 -0.621414925 0.319676333 0.929558049 0.183654228 0.644081959 -0.071019822 -0.761652555 0.002418126 1.576701237 -0.015903719
0.000000000 0.324215247 0.247174000 0.494587156 0.511362594 0.000000000 0.000000000 -0.688210850 0.525748436 -0.499954406 0.323896259 0.839269968 0.436711729 0.649197227 0.138616389 -0.747882649 0.002528509 1.619051117 -0.005983461
0.000000000 0.324215247 0.247174000 0.494587156 0.511362594 0.000000000 0.000000000 -0.680273389 0.648187941 -0.342170292 0.330388898 0.687893317 0.646255337 0.654271574 0.326581042 -0.682109618 0.004079419 1.595112522 0.011592456
0.000000000 0.324215247 0.247174000 0.494587156 0.511362594 0.000000000 0.000000000 -0.673930996 0.724730318 -0.143467692 0.332551079 0.470985892 0.817056956 0.659717207 0.502929672 -0.558421841 -0.000471962 1.593692890 -0.030108298
0.000000000 0.324215247 0.247174000 0.494587156 0.511362594 0.000000000 0.000000000 -0.664190086 0.744140038 0.071464204 0.341587440 0.217068432 0.914439346 0.664958307 0.631772822 -0.398363591 0.005512250 1.635015880 -0.001867788
0.000000000 0.324215247 0.247174000 0.494587156 0.511362594 0.000000000 0.000000000 -0.655012096 0.694071562 0.298703566 0.350634019 -0.070980410 0.933818808 0.669339181 0.716398247 -0.196872074 0.015638316 1.601411406 -0.014226135
0.000000000 0.324215247 0.247174000 0.494587156 0.511362594 0.000000000 0.000000000 -0.647261107 0.586008944 0.487490079 0.357609733 -0.331339514 0.873114772 0.673177792 0.739464431 0.004900679 0.013917556 1.622083191 -0.032313113
0.000000000 0.324215247 0.247174000 0.494587156 0.511362594 0.000000000 0.000000000 -0.639934313 0.454283576 0.619766495 0.364840753 -0.530211922 0.765353868 0.676295276 0.715892276 0.173559640 0.009014879 1.603323248 0.002833143
0.000000000 0.324215247 0.247174000 0.494587156 0.511362594 0.000000000 0.000000000 -0.635883808 0.259900937 0.726707152 0.365517449 -0.727883755 0.580157077 0.679741699 0.634536635 0.367851167 0.001885454 1.556585134 -0.034131013
0.000000000 0.324215247 0.247174000 0.494587156 0.511362594 0.000000000 0.000000000 -0.633460320 0.061323337 0.771341345 0.364212539 -0.855890154 0.367152926 0.682698505 0.513509000 0.519837723 0.005560635 1.565126672 -0.021949857
0.000000000 0.324215247 0.247174000 0.494587156 0.511362594 0.000000000 0.000000000 -0.633352214 -0.141798996 0.760761472 0.359198115 -0.924620885 0.126700171 0.685449988 0.353509921 0.636544617 0.008598491 1.507196234 -0.009357692
0.000000000 0.324215247 0.247174000 0.494587156 0.511362594 0.000000000 0.000000000 -0.638147983 -0.319500172 0.700490394 0.346038210 -0.931779016 -0.109751641 0.687767918 0.172358653 0.705172167 0.004179424 1.494918398 -0.044302764
0.000000000 0.324215247 0.247174000 0.494587156 0.511362594 0.000000000 0.000000000 -0.642694626 -0.485711403 0.592476203 0.332771400 -0.873565547 -0.355170987 0.690077397 -0.031107349 0.723066746 0.004090731 1.479146967 -0.008765541
0.000000000 0.324215247 0.247174000 0.494587156 0.511362594 0.000000000 0.000000000 -0.650041889 -0.596069086 0.471324928 0.314400510 -0.775634924 -0.547305019 0.691807677 -0.207586391 0.691599616 0.004966749 1.433114875 -0.027065522
0.000000000 0.324215247 0.247174000 0.494587156 0.511362594 0.000000000 0.000000000 -0.658420849 -0.675776735 0.331372584 0.292748507 -0.635545928 -0.714408626 0.693383225 -0.373372705 0.616289320 0.003480026 1.459828614 -0.043869922
0.000000000 0.324215247 0.247174000 0.494587156 0.511362594 0.000000000 0.000000000 -0.665310665 -0.732990492 0.141727408 0.272021629 -0.414795464 -0.868302342 0.695245246 -0.539137888 0.475357114 -0.002209743 1.442725749 0.004144739
0.000000000 0.324215247 0.247174000 0.494587156 0.511362594 0.000000000 0.000000000 -0.673389350 -0.739023342 -0.019780882 0.247611260 -0.200247671 -0.947939626 0.696588435 -0.643230417 0.317835150 -0.008556813 1.437668549 -0.046865432
0.000000000 0.324215247 0.247174000 0.494587156 0.511362594 0.000000000 0.000000000 -0.678134775 -0.715234436 -0.169035288 0.230652846 0.011258843 -0.972970967 0.697805483 -0.698793918 0.157335845 -0.004402205 1.480960558 -0.025724234
0.000000000 0.324215247 0.247174000 0.494587156 0.511362594 0.000000000 0.000000000 -0.681953725 -0.656289647 -0.322835896 0.215091366 0.241921409 -0.946155239 0.699052803 -0.714673304 -0.023816970 0.001486121 1.464145118 -0.008074559
0.000000000 0.324215247 0.247174000 0.494587156 0.511362594 0.000000000 0.000000000 -0.686243092 -0.556250465 -0.468674555 0.196748357 0.478366323 -0.855836284 0.700257454 -0.679522687 -0.218834220 -0.003559331 1.494255986 -0.042877870
0.000000000 0.324215247 0.247174000 0.494587156 0.511362594 0.000000000 0.000000000 -0.687176864 -0.380581561 -0.618826012 0.187924466 0.729691462 -0.657445636 0.701763744 -0.568073978 -0.429906504 -0.006417937 1.538349957 0.000942558
0.000000000 0.324215247 0.247174000 0.494587156 0.511362594 0.000000000 0.000000000 -0.687001501 -0.203350645 -0.697622716 0.184334495 0.879871859 -0.438002631 0.702886713 -0.429504396 -0.566988749 -0.006284061 1.560909621 -0.030041266
0.000000000 0.324215247 0.247174000 0.494587156 0.511362594 0.000000000 0.000000000 -0.683911978 0.014884492 -0.729412681 0.191204376 0.968502077 -0.159513680 0.704063416 -0.248560213 -0.665216151 0.009363479 1.619146603 -0.018655465
0.000000000 0.324215247 0.247174000 0.494587156 0.511362594 0.000000000 0.000000000 -0.676980232 0.225073369 -0.700742281 0.203227994 0.972242824 0.115940818 0.707386845 -0.063920806 -0.703930382 0.014398936 1.616193381 -0.011938114
0.000000000 0.324215247 0.247174000 0.494587156 0.511362594 0.000000000 0.000000000 -0.668384565 0.417507767 -0.615588611 0.216278857 0.900937789 0.376210786 0.711677968 0.118314682 -0.692471015 0.001942294 1.652415441 -0.035242619
0.000000000 0.324215247 0.247174000 0.494587156 0.511362594 0.000000000 0.000000000 -0.656604085 0.589629312 -0.470327918 0.236617534 0.753134794 0.613840472 0.716158654 0.291762329 -0.634028016 -0.005407093 1.675394879 -0.004534924
0.000000000 0.324215247 0.247174000 0.494587156 0.511362594 0.000000000 0.000000000 -0.642152480 0.726713212 -0.243983813 0.259150661 0.505336487 0.823089284 0.721443780 0.465320258 -0.512831288 -0.004972747 1.674647973 -0.031108027
0.000000000 0.324215247 0.247174000 0.494587156 0.511362594 0.000000000 0.000000000 -0.627624724 0.778502373 -0.004611029 0.280325966 0.231515020 0.931567576 0.726295091 0.583382252 -0.363538980 0.008649860 1.680693720 -0.021325077
0.000000000 0.324215247 0.247174000 0.494587156 0.511362594 0.000000000 0.000000000 -0.613500980 0.749394023 0.249048481 0.297651446 -0.072673279 0.951904518 0.731450726 0.658123995 -0.178473087 0.015143864 1.632065806 -0.023969003
0.000000000 0.324215247 0.247174000 0.494587156 0.511362594 0.000000000 0.000000000 -0.603095113 0.656507416 0.453072065 0.307229960 -0.332993706 0.891473468 0.736129089 0.676840604 -0.000871870 0.006909100 1.631972398 -0.047916804
0.000000000 0.324215247 0.247174000 0.494587156 0.511362594 0.000000000 0.000000000 -0.589121691 0.453248715 0.668955331 0.319095729 -0.630089686 0.707930013 0.742370224 0.630517715 0.226569772 -0.006202684 1.604452084 -0.024029468
0.000000000 0.324215247 0.247174000 0.494587156 0.511362594 0.000000000 0.000000000 -0.580494596 0.243145436 0.777114098 0.322797432 -0.807462850 0.493766710 0.747547886 0.537479342 0.390241098 -0.003361757 1.600653124 -0.042085223
0.000000000 0.324215247 0.247174000 0.494587156 0.511362594 0.000000000 0.000000000 -0.570642885 -0.004183397 0.821187674 0.327520733 -0.918171222 0.222916523 0.753058343 0.396161717 0.525318025 0.010944785 1.593590260 0.005697952
0.000000000 0.324215247 0.247174000 0.494587156 0.511362594 0.000000000 0.000000000 -0.566518866 -0.212069246 0.796293293 0.323237202 -0.946062437 -0.021990358 0.758006653 0.244933663 0.604510889 0.012226280 1.511956912 -0.024178053
0.000000000 0.324215247 0.247174000 0.494587156 0.511362594 0.000000000 0.000000000 -0.565133761 -0.384290844 0.730030397 0.314676225 -0.918396071 -0.239848975 0.762628813 0.094176456 0.639943817 0.003560326 1.542651226 -0.062076558
0.000000000 0.324215247 0.247174000 0.494587156 0.511362594 0.000000000 0.000000000 -0.560226365 -0.563270757 0.607348726 0.310663298 -0.822567314 -0.476310118 0.767876771 -0.078160528 0.635811447 -0.009977238 1.549592295 -0.003144916
0.000000000 0.324215247 0.247174000 0.494587156 0.511362594 0.000000000 0.000000000 -0.557889387 -0.701036142 0.444193382 0.301106194 -0.669735644 -0.678814575 0.773365691 -0.244954068 0.584724732 -0.019965930 1.520848785 -0.055080651
0.000000000 0.324215247 0.247174000 0.494587156 0.511362594 0.000000000 0.000000000 -0.551963189 -0.810571949 0.195728778 0.294360757 -0.409015349 -0.863746600 0.780184839 -0.419141456 0.464361989 -0.012731300 1.569270012 -0.020290137
0.000000000 0.324215247 0.247174000 0.494587156 0.511362594 0.000000000 0.000000000 -0.547157773 -0.835678616 -0.047535483 0.286482103 -0.133607416 -0.948723913 0.786477194 -0.532719728 0.312511304 -0.005089430 1.520630899 -0.033706257
0.000000000 0.324215247 0.247174000 0.494587156 0.511362594 0.000000000 0.000000000 -0.543090753 -0.794712083 -0.271081426 0.277591377 0.134760158 -0.951200677 0.792461647 -0.591838158 0.147418226 -0.008928818 1.563736448 -0.059152310
0.000000000 0.324215247 0.247174000 0.494587156 0.511362594 0.000000000 0.000000000 -0.535833325 -0.679739262 -0.500836483 0.273024463 0.421817611 -0.864596753 0.798962008 -0.600020365 -0.040438486 -0.014579911 1.547233919 -0.024472276
0.000000000 0.324215247 0.247174000 0.494587156 0.511362594 0.000000000 0.000000000 -0.536752402 -0.535297979 -0.652190872 0.270894994 0.622719277 -0.734054906 0.799069935 -0.570680976 -0.189236525 -0.008226612 1.566120816 -0.067320675
0.000000000 0.324215247 0.247174000 0.494587156 0.511362594 0.000000000 0.000000000 -0.534836623 -0.343457328 -0.772001846 0.274441158 0.793512264 -0.543157747 0.799144441 -0.502369736 -0.330140592 0.040308128 1.591496769 -0.032469215
0.000000000 0.324215247 0.247174000 0.494587156 0.511362594 0.000000000 0.000000000 -0.533495967 -0.114332675 -0.838039434 0.276609977 0.912752523 -0.300615621 0.799292796 -0.392187290 -0.455324231 0.052053852 1.558470950 -0.042563618
0.000000000 0.324215247 0.247174000 0.494587156 0.511362594 0.000000000 0.000000000 -0.533799867 0.110211015 -0.838398017 0.275420825 0.960066331 -0.049152925 0.799500514 -0.257150098 -0.542837688 0.019231473 1.555905447 -0.045531561
0.000000000 0.324215247 0.247174000 0.494587156 0.511362594 0.000000000 0.000000000 -0.534468697 0.261522242 -0.803709729 0.273636050 0.953249564 0.128213030 0.799666508 -0.151398105 -0.581043966 -0.020010039 1.522370228 -0.022230510
0.000000000 0.324215247 0.247174000 0.494587156 0.511362594 0.000000000 0.000000000 -0.537795625 0.407633984 -0.737977236 0.266448122 0.912654305 0.309947605 0.799863278 -0.029944182 -0.599434802 -0.042910584 1.491568383 -0.052451223
0.000000000 0.324215247 0.247174000 0.494587156 0.511362594 0.000000000 0.000000000 -0.542193011 0.556930175 -0.629170501 0.256705409 0.822777415 0.507089399 0.800080666 0.113428858 -0.589071152 -0.037000934 1.485370327 -0.033585118
0.000000000 0.324215247 0.247174000 0.494587156 0.511362594 0.000000000 0.000000000 -0.548684658 0.669939458 -0.500126253 0.241950505 0.699861939 0.672051501 0.800253147 0.247738548 -0.546095699 -0.021450926 1.424965799 -0.023064718
0.000000000 0.324215247 0.247174000 0.494587156 0.511362594 0.000000000 0.000000000 -0.557198702 0.746344357 -0.364005092 0.221331347 0.555988721 0.801179741 0.800338704 0.365850574 -0.474985596 -0.012139842 1.411461368 -0.044534512
