0.000000000 0.324215247 0.247174000 0.494587156 0.511362594 0.000000000 0.000000000 -0.196692560 -0.841505019 0.503171283 0.775383160 -0.447598115 -0.445462548 0.600077488 0.302531371 0.740528040 0.011447300 -1.545685860 -0.027388392
0.000000000 0.324215247 0.247174000 0.494587156 0.511362594 0.000000000 0.000000000 -0.204707106 -0.706969322 0.676970737 0.771333987 -0.542303317 -0.333093069 0.602610058 0.453984019 0.656322808 0.011352074 -1.541715089 -0.040720683
0.000000000 0.324215247 0.247174000 0.494587156 0.511362594 0.000000000 0.000000000 -0.214034424 -0.539276471 0.814475385 0.766922500 -0.609181786 -0.201810382 0.604995161 0.581445130 0.543969132 0.009665712 -1.533209369 -0.033532066
0.000000000 0.324215247 0.247174000 0.494587156 0.511362594 0.000000000 0.000000000 -0.225024095 -0.302052325 0.926352282 0.761538521 -0.647591117 -0.026169186 0.607801972 0.699564249 0.375748086 0.011070008 -1.541235060 -0.040166763
0.000000000 0.324215247 0.247174000 0.494587156 0.511362594 0.000000000 0.000000000 -0.233467515 -0.074713558 0.969489971 0.757037782 -0.639689438 0.133008345 0.610234967 0.764993665 0.205907690 0.012851693 -1.544401957 -0.045390081
0.000000000 0.324215247 0.247174000 0.494587156 0.511362594 0.000000000 0.000000000 -0.241184674 0.135203796 0.961015029 0.752878625 -0.598782568 0.273190797 0.612375480 0.789417108 0.042625130 0.004612419 -1.541852592 -0.034370133
0.000000000 0.324215247 0.247174000 0.494587156 0.511362594 0.000000000 0.000000000 -0.247971058 0.337868360 0.907940155 0.748951249 -0.527602406 0.400883683 0.614477323 0.779410465 -0.122216804 -0.011164065 -1.554810224 -0.037223200
0.000000000 0.324215247 0.247174000 0.494587156 0.511362594 0.000000000 0.000000000 -0.254595764 0.540329464 0.802013134 0.744869629 -0.419334278 0.518968207 0.616725411 0.729522333 -0.295714277 -0.015828398 -1.545475140 -0.046499070
0.000000000 0.324215247 0.247174000 0.494587156 0.511362594 0.000000000 0.000000000 -0.264272483 0.731888318 0.628091988 0.739498389 -0.264286029 0.619108252 0.619114034 0.628086288 -0.471386707 -0.000295231 -1.541134278 -0.032654279
0.000000000 0.324215247 0.247174000 0.494587156 0.511362594 0.000000000 0.000000000 -0.272164110 0.866164805 0.419148217 0.734732804 -0.094217884 0.671781733 0.621364952 0.490796822 -0.610756969 0.022600763 -1.550516011 -0.040945123
0.000000000 0.324215247 0.247174000 0.494587156 0.511362594 0.000000000 0.000000000 -0.280789509 0.949066173 0.142935828 0.729325667 0.114182329 0.674571321 0.623892077 0.293659318 -0.724239519 0.035130359 -1.543035098 -0.044047174
0.000000000 0.324215247 0.247174000 0.494587156 0.511362594 0.000000000 0.000000000 -0.290581749 0.944150353 -0.155378112 0.723351383 0.323053872 0.610245010 0.626358542 0.064933090 -0.776826023 0.030413348 -1.553291882 -0.039406948
0.000000000 0.324215247 0.247174000 0.494587156 0.511362594 0.000000000 0.000000000 -0.296044137 0.866305236 -0.402334571 0.719268489 0.479344449 0.502873483 0.628498774 -0.140513833 -0.765013172 0.035537370 -1.556856967 -0.054358148
0.000000000 0.324215247 0.247174000 0.494587156 0.511362594 0.000000000 0.000000000 -0.301950607 0.738679049 -0.602643421 0.715181136 0.593506319 0.369142509 0.630350516 -0.319536402 -0.707498915 0.048760196 -1.551140508 -0.045583288
0.000000000 0.324215247 0.247174000 0.494587156 0.511362594 0.000000000 0.000000000 -0.307977345 0.566839469 -0.764096179 0.711048303 0.670741342 0.210989011 0.632107795 -0.478329456 -0.609623381 0.044854317 -1.549205309 -0.051456045
0.000000000 0.324215247 0.247174000 0.494587156 0.511362594 0.000000000 0.000000000 -0.316476882 0.353988530 -0.880076419 0.705826449 0.707713014 0.030843384 0.633759739 -0.611419996 -0.473829275 0.014321580 -1.528956468 -0.043848145
0.000000000 0.324215247 0.247174000 0.494587156 0.511362594 0.000000000 0.000000000 -0.325410547 0.139337632 -0.935250234 0.700482632 0.699912780 -0.139449574 0.635163018 -0.700504907 -0.325362591 -0.015113710 -1.538968478 -0.043020287
0.000000000 0.324215247 0.247174000 0.494587156 0.511362594 0.000000000 0.000000000 -0.331325915 -0.076539170 -0.940406770 0.696427165 0.652608392 -0.298481977 0.636562913 -0.753819635 -0.162922116 -0.008986908 -1.562650347 -0.042765297
0.000000000 0.324215247 0.247174000 0.494587156 0.511362594 0.000000000 0.000000000 -0.331797986 -0.313441646 -0.889755265 0.694556743 0.557077661 -0.455253128 0.638358071 -0.769037590 0.032865762 0.022953368 -1.608617348 -0.043499909
0.000000000 0.324215247 0.247174000 0.494587156 0.511362594 0.000000000 0.000000000 -0.322881533 -0.521770628 -0.789622015 0.693461763 0.437359825 -0.572561933 0.644094946 -0.732442349 0.220612569 0.042625817 -1.650554730 -0.049962019
0.000000000 0.324215247 0.247174000 0.494587156 0.511362594 0.000000000 0.000000000 -0.308286201 -0.692171015 -0.652578658 0.694827090 0.304705317 -0.651436861 0.649749900 -0.654258325 0.387002727 0.035066535 -1.675381222 -0.052042295
0.000000000 0.324215247 0.247174000 0.494587156 0.511362594 0.000000000 0.000000000 -0.292109729 -0.807313349 -0.512754389 0.697285689 0.187168683 -0.691925251 0.654572055 -0.559654395 0.508254251 0.008939913 -1.702781096 -0.050468136
0.000000000 0.324215247 0.247174000 0.494587156 0.511362594 0.000000000 0.000000000 -0.264225161 -0.916453136 -0.300497445 0.702177176 0.030794563 -0.711336003 0.661159798 -0.398955317 0.635375776 -0.000134605 -1.740669146 -0.037352104
0.000000000 0.324215247 0.247174000 0.494587156 0.511362594 0.000000000 0.000000000 -0.229595336 -0.969357793 -0.087358180 0.708286976 -0.104847856 -0.698094898 0.667544411 -0.222153994 0.710656079 0.027955937 -1.789251479 -0.032144103
0.000000000 0.324215247 0.247174000 0.494587156 0.511362594 0.000000000 0.000000000 -0.184378673 -0.973435760 0.135747286 0.714981498 -0.227610192 -0.661056017 0.674393033 -0.024827833 0.737955023 0.062318856 -1.817068179 -0.044911966
0.000000000 0.324215247 0.247174000 0.494587156 0.511362594 0.000000000 0.000000000 -0.142193721 -0.936732592 0.319864028 0.719029005 -0.319836124 -0.617010651 0.680278057 0.142256474 0.719016593 0.080177502 -1.841977341 -0.031020400
0.000000000 0.324215247 0.247174000 0.494587156 0.511362594 0.000000000 0.000000000 -0.089030757 -0.862109377 0.498839600 0.721436780 -0.401122546 -0.564472919 0.686733207 0.309625784 0.657669656 0.085555650 -1.897328294 -0.038268361
0.000000000 0.324215247 0.247174000 0.494587156 0.511362594 0.000000000 0.000000000 -0.036153541 -0.777676346 0.627624427 0.720700704 -0.455364502 -0.522717577 0.692302980 0.433431276 0.576934930 0.082833806 -1.941793230 -0.045335329
0.000000000 0.324215247 0.247174000 0.494587156 0.511362594 0.000000000 0.000000000 0.016360744 -0.691477974 0.722212253 0.716579961 -0.495633959 -0.490775039 0.697313047 0.525552272 0.487390319 0.071410682 -1.993445892 -0.028909477
0.000000000 0.324215247 0.247174000 0.494587156 0.511362594 0.000000000 0.000000000 0.073442461 -0.608031015 0.790509007 0.708256489 -0.526246885 -0.470570890 0.702124598 0.594443018 0.391993045 0.057054767 -2.066641957 -0.039859050
0.000000000 0.324215247 0.247174000 0.494587156 0.511362594 0.000000000 0.000000000 0.131274384 -0.536563615 0.833586542 0.695425844 -0.549417769 -0.463166287 0.706505436 0.640499494 0.301015726 0.053603596 -2.130765421 -0.037652345
0.000000000 0.324215247 0.247174000 0.494587156 0.511362594 0.000000000 0.000000000 0.208771675 -0.459496628 0.863294409 0.670548430 -0.575315546 -0.468376799 0.711884254 0.676664519 0.188005152 0.056569777 -2.215410725 -0.036072894
0.000000000 0.324215247 0.247174000 0.494587156 0.511362594 0.000000000 0.000000000 0.275893395 -0.408806472 0.869919596 0.640973250 -0.596179338 -0.483449573 0.716265403 0.690975734 0.097552071 0.040061057 -2.277822355 -0.036371174
0.000000000 0.324215247 0.247174000 0.494587156 0.511362594 0.000000000 0.000000000 0.333638204 -0.377829768 0.863672516 0.608630327 -0.613303604 -0.503416144 0.719899072 0.693616144 0.025337142 0.010714253 -2.345815543 -0.030071711
0.000000000 0.324215247 0.247174000 0.494587156 0.511362594 0.000000000 0.000000000 0.392563780 -0.359724927 0.846458301 0.567812931 -0.629211917 -0.530736129 0.723520666 0.688977750 -0.042749343 -0.008515347 -2.407652734 -0.035493805
0.000000000 0.324215247 0.247174000 0.494587156 0.511362594 0.000000000 0.000000000 0.454227500 -0.353772832 0.817632045 0.514387718 -0.645187933 -0.564922832 0.727380680 0.677183368 -0.111085702 -0.009111588 -2.458822930 -0.026229169
0.000000000 0.324215247 0.247174000 0.494587156 0.511362594 0.000000000 0.000000000 0.517161984 -0.364694099 0.774300779 0.444315759 -0.658826175 -0.607068017 0.731523744 0.657986538 -0.178680516 -0.000067660 -2.532172933 -0.018810530
0.000000000 0.324215247 0.247174000 0.494587156 0.511362594 0.000000000 0.000000000 0.577154527 -0.397399142 0.713418933 0.353965585 -0.665541145 -0.657087018 0.735935471 0.631766497 -0.243454465 0.005733243 -2.589060795 -0.020656849
0.000000000 0.324215247 0.247174000 0.494587156 0.511362594 0.000000000 0.000000000 0.622665822 -0.446231111 0.642779177 0.253944900 -0.661754416 -0.705402779 0.740134624 0.602460695 -0.298733743 0.005836736 -2.645267191 -0.009899370
0.000000000 0.324215247 0.247174000 0.494587156 0.511362594 0.000000000 0.000000000 0.656988852 -0.529259090 0.536889620 0.114119786 -0.634126404 -0.764761648 0.745212938 0.563709606 -0.356215044 0.029328633 -2.730169957 -0.009352119
0.000000000 0.324215247 0.247174000 0.494587156 0.511362594 0.000000000 0.000000000 0.659357793 -0.636319590 0.400430618 -0.047027932 -0.566472544 -0.822737644 0.750357031 0.523647053 -0.403432881 0.037763707 -2.793662281 -0.008034263
0.000000000 0.324215247 0.247174000 0.494587156 0.511362594 0.000000000 0.000000000 0.637454906 -0.712186731 0.294009019 -0.159644577 -0.495393350 -0.853872963 0.753767107 0.497368564 -0.429487671 -0.001546563 -2.840820374 0.002015557
0.000000000 0.324215247 0.247174000 0.494587156 0.511362594 0.000000000 0.000000000 0.599456174 -0.778772883 0.184838016 -0.260784612 -0.408361339 -0.874775630 0.756732239 0.476186743 -0.447886710 -0.032880319 -2.898775977 -0.002902488
0.000000000 0.324215247 0.247174000 0.494587156 0.511362594 0.000000000 0.000000000 0.525542939 -0.850301588 0.028139443 -0.381844608 -0.265304008 -0.885329588 0.760262661 0.454533819 -0.464111725 -0.025883881 -2.964484731 -0.012017962
0.000000000 0.324215247 0.247174000 0.494587156 0.511362594 0.000000000 0.000000000 0.410217197 -0.897189268 -0.163625393 -0.498059115 -0.070096837 -0.864305242 0.763975765 0.436047992 -0.475608221 0.009669203 -3.015154793 -0.007024861
0.000000000 0.324215247 0.247174000 0.494587156 0.511362594 0.000000000 0.000000000 0.283081987 -0.897937854 -0.337004746 -0.573583062 0.123115184 -0.809842653 0.768678775 0.422552081 -0.480190253 0.045147570 -3.075150723 -0.004726874
0.000000000 0.324215247 0.247174000 0.494587156 0.511362594 0.000000000 0.000000000 0.114499081 -0.834206787 -0.539433960 -0.623364924 0.362464173 -0.692846228 0.773502510 0.415594466 -0.478513435 0.065860050 3.128082858 -0.000920799
0.000000000 0.324215247 0.247174000 0.494587156 0.511362594 0.000000000 0.000000000 -0.034348680 -0.719252826 -0.693898797 -0.629018391 0.555098525 -0.544243963 0.776631207 0.417781043 -0.471490157 0.042079346 3.072958538 -0.003614349
0.000000000 0.324215247 0.247174000 0.494587156 0.511362594 0.000000000 0.000000000 -0.162382598 -0.572808186 -0.803444257 -0.606024920 0.700477020 -0.376916093 0.778694862 0.425702627 -0.460881314 0.007396172 3.015138296 -0.000432262
0.000000000 0.324215247 0.247174000 0.494587156 0.511362594 0.000000000 0.000000000 -0.295417651 -0.362860423 -0.883776400 -0.551345188 0.820226184 -0.152471281 0.780222337 0.442223157 -0.442370641 0.009038581 2.940676462 -0.008936210
0.000000000 0.324215247 0.247174000 0.494587156 0.511362594 0.000000000 0.000000000 -0.417345414 -0.105546778 -0.902597741 -0.464494330 0.878458771 0.112050010 0.781068385 0.466015091 -0.415646620 0.052298427 2.882631907 -0.007714569
0.000000000 0.324215247 0.247174000 0.494587156 0.511362594 0.000000000 0.000000000 -0.532867330 0.222405765 -0.816448458 -0.325153047 0.836954393 0.440207724 0.781234859 0.500043019 -0.373669741 0.134668776 2.823587701 -0.003882647
0.000000000 0.324215247 0.247174000 0.494587156 0.511362594 0.000000000 0.000000000 -0.608220020 0.536510064 -0.585000306 -0.144007136 0.650178817 0.746009015 0.780596151 0.537981837 -0.318190495 0.220626707 2.798403103 -0.007529807
0.000000000 0.324215247 0.247174000 0.494587156 0.511362594 0.000000000 0.000000000 -0.624200282 0.659503486 -0.418842643 -0.043075372 0.506241374 0.861315380 0.780075971 0.555675106 -0.287587651 0.238784934 2.810425609 0.002664312
0.000000000 0.324215247 0.247174000 0.494587156 0.511362594 0.000000000 0.000000000 -0.625773515 0.716530784 -0.308206331 0.019195259 0.409160797 0.912260371 0.779768587 0.564952279 -0.269795984 0.232170299 2.830370878 0.001756307
0.000000000 0.324215247 0.247174000 0.494587156 0.511362594 0.000000000 0.000000000 -0.624195193 0.740050381 -0.250411249 0.050706227 0.358217535 0.932260198 0.779621215 0.569214925 -0.261122826 0.210703391 2.839203427 0.002911418
0.000000000 0.324215247 0.247174000 0.494587156 0.511362594 0.000000000 0.000000000 -0.624396838 0.738135302 -0.255509033 0.047952665 0.362717628 0.930664528 0.779633972 0.568851649 -0.261875294 0.172270130 2.839718900 0.004088195
0.000000000 0.324215247 0.247174000 0.494587156 0.511362594 0.000000000 0.000000000 -0.625959690 0.705398220 -0.332547467 0.005750071 0.430585064 0.902531683 0.779834215 0.563036281 -0.273584983 0.107519281 2.824011691 0.006147973
0.000000000 0.324215247 0.247174000 0.494587156 0.511362594 0.000000000 0.000000000 -0.624429768 0.662773677 -0.413301969 -0.039320616 0.501796781 0.864091361 0.780090606 0.555815656 -0.287276178 0.053500465 2.784780715 0.006512842
0.000000000 0.324215247 0.247174000 0.494587156 0.511362594 0.000000000 0.000000000 -0.618713688 0.604141157 -0.502201986 -0.089793351 0.580674998 0.809168525 0.780468146 0.545738041 -0.305023711 0.011014518 2.730250038 0.004306250
0.000000000 0.324215247 0.247174000 0.494587156 0.511362594 0.000000000 0.000000000 -0.611758051 0.552974322 -0.565660222 -0.126866918 0.637238175 0.760152809 0.780805272 0.536793169 -0.319681436 -0.012961964 2.707246147 0.003687258
0.000000000 0.324215247 0.247174000 0.494587156 0.511362594 0.000000000 0.000000000 -0.603577044 0.501780601 -0.619605504 -0.159796195 0.685225740 0.710584872 0.781127345 0.527903318 -0.333403896 -0.029784863 2.679975591 0.004570550
0.000000000 0.324215247 0.247174000 0.494587156 0.511362594 0.000000000 0.000000000 -0.593873753 0.446829207 -0.669072212 -0.191336202 0.729307207 0.656887704 0.781475798 0.518126102 -0.347621805 -0.055252626 2.654604400 0.005203988
0.000000000 0.324215247 0.247174000 0.494587156 0.511362594 0.000000000 0.000000000 -0.585416052 0.401924782 -0.704091270 -0.214794453 0.760537070 0.612737063 0.781761721 0.509941011 -0.358899395 -0.075738257 2.626943559 0.006357906
0.000000000 0.324215247 0.247174000 0.494587156 0.511362594 0.000000000 0.000000000 -0.579339402 0.370677735 -0.725922774 -0.229987581 0.780078995 0.581878401 0.781966476 0.504058308 -0.366679223 -0.088843283 2.600754795 0.007525568
0.000000000 0.324215247 0.247174000 0.494587156 0.511362594 0.000000000 0.000000000 -0.578627575 0.367043461 -0.728333184 -0.231689469 0.782247832 0.578280485 0.781991125 0.503356163 -0.367590062 -0.101412111 2.584280998 0.008268195
0.000000000 0.324215247 0.247174000 0.494587156 0.511362594 0.000000000 0.000000000 -0.581409710 0.381615905 -0.718562489 -0.224993969 0.773322904 0.592747332 0.781882640 0.506301281 -0.363756169 -0.110969178 2.553274696 0.009203343
0.000000000 0.324215247 0.247174000 0.494587156 0.511362594 0.000000000 0.000000000 -0.586938288 0.412028598 -0.696947545 -0.211108962 0.753157723 0.623046106 0.781624239 0.512821488 -0.355074175 -0.101812199 2.501110923 0.010305510
0.000000000 0.324215247 0.247174000 0.494587156 0.511362594 0.000000000 0.000000000 -0.597008378 0.472031626 -0.648665662 -0.183314283 0.706912195 0.683133239 0.781010160 0.526745948 -0.335502364 -0.073717264 2.442208576 0.009760885
0.000000000 0.324215247 0.247174000 0.494587156 0.511362594 0.000000000 0.000000000 -0.609385156 0.554114672 -0.567103749 -0.142532413 0.627039487 0.765836793 0.779957847 0.547520239 -0.303129254 -0.049786769 2.401873605 0.008590241
0.000000000 0.324215247 0.247174000 0.494587156 0.511362594 0.000000000 0.000000000 -0.618674211 0.623128743 -0.478490115 -0.103119353 0.539364437 0.835734649 0.778850833 0.566389065 -0.269434235 -0.049229787 2.390413700 0.007826468
0.000000000 0.324215247 0.247174000 0.494587156 0.511362594 0.000000000 0.000000000 -0.624606718 0.672780806 -0.396525453 -0.069115501 0.458138468 0.886189704 0.777874987 0.580926098 -0.239656782 -0.058650650 2.390319610 0.008423664
0.000000000 0.324215247 0.247174000 0.494587156 0.511362594 0.000000000 0.000000000 -0.629533663 0.723421191 -0.283459251 -0.024470714 0.346183460 0.937847640 0.776587762 0.597343110 -0.200231509 -0.046066786 2.398365100 0.008570116
0.000000000 0.324215247 0.247174000 0.494587156 0.511362594 0.000000000 0.000000000 -0.631274549 0.761598918 -0.146490723 0.027429721 0.210690578 0.977167893 0.775074225 0.612843021 -0.153894045 -0.029963225 2.396630878 0.008941554
0.000000000 0.324215247 0.247174000 0.494587156 0.511362594 0.000000000 0.000000000 -0.628001351 0.778057252 0.015531138 0.087342806 0.050638458 0.994890437 0.773295246 0.626149071 -0.099758724 -0.020632717 2.408980591 0.006440241
0.000000000 0.324215247 0.247174000 0.494587156 0.511362594 0.000000000 0.000000000 -0.618167208 0.763593635 0.186531671 0.151020229 -0.117508968 0.981521540 0.771402744 0.634914485 -0.042677895 -0.003731876 2.426049730 0.007823239
0.000000000 0.324215247 0.247174000 0.494587156 0.511362594 0.000000000 0.000000000 -0.601121512 0.715379714 0.356208917 0.215977759 -0.283717764 0.934268611 0.769419609 0.638542164 0.016042744 0.013515207 2.417267905 0.010638237
0.000000000 0.324215247 0.247174000 0.494587156 0.511362594 0.000000000 0.000000000 -0.582984669 0.653276097 0.483072683 0.265913541 -0.408403926 0.873210296 0.767736195 0.637523783 0.064378267 0.021698521 2.389830898 0.007877161
0.000000000 0.324215247 0.247174000 0.494587156 0.511362594 0.000000000 0.000000000 -0.563215787 0.577389509 0.591108562 0.309804498 -0.515625404 0.798843924 0.766034693 0.633049601 0.111530501 0.021904130 2.341348553 0.007285762
0.000000000 0.324215247 0.247174000 0.494587156 0.511362594 0.000000000 0.000000000 -0.542920680 0.491333439 0.681049622 0.348012757 -0.606432307 0.714931450 0.764280221 0.625165025 0.158254335 0.014073938 2.282310362 0.008642433
0.000000000 0.324215247 0.247174000 0.494587156 0.511362594 0.000000000 0.000000000 -0.522865576 0.399782066 0.752851837 0.381029477 -0.680436250 0.625957704 0.762514345 0.614150477 0.203447941 0.005042631 2.252924621 0.004356490
