0.000000000 0.324215247 0.247174000 0.494587156 0.511362594 0.000000000 0.000000000 0.070063059 -0.471334545 0.879167171 0.981822728 0.188428783 0.022775522 -0.176395290 0.861590588 0.475968866 -0.018432652 1.562689804 -0.010590148
0.000000000 0.324215247 0.247174000 0.494587156 0.511362594 0.000000000 0.000000000 0.067596753 -0.748127478 0.660102988 0.982704871 0.164248724 0.085518966 -0.172400162 0.642905617 0.746291198 -0.022272211 1.539138498 -0.015290830
0.000000000 0.324215247 0.247174000 0.494587156 0.511362594 0.000000000 0.000000000 0.065898181 -0.897876718 0.435287064 0.983367348 0.132432424 0.124299285 -0.169251555 0.419855989 0.891669703 -0.024701208 1.569722177 -0.016700736
0.000000000 0.324215247 0.247174000 0.494587156 0.511362594 0.000000000 0.000000000 0.068319986 -0.986155804 0.151093051 0.983809106 0.091745618 0.153955787 -0.165686518 0.138128462 0.976457119 -0.026843032 1.548196766 -0.000237700
0.000000000 0.324215247 0.247174000 0.494587156 0.511362594 0.000000000 0.000000000 0.066265011 -0.991889078 -0.108466611 0.984483045 0.047290873 0.168987301 -0.162487177 -0.117981485 0.979631710 -0.031552433 1.562410423 -0.030109999
0.000000000 0.324215247 0.247174000 0.494587156 0.511362594 0.000000000 0.000000000 0.071729676 -0.934816339 -0.347812112 0.984607143 0.010640580 0.174457878 -0.159385152 -0.354972097 0.921190091 -0.043046639 1.584555695 0.012541088
0.000000000 0.324215247 0.247174000 0.494587156 0.511362594 0.000000000 0.000000000 0.074291711 -0.823300369 -0.562723062 0.984918487 -0.027841258 0.170764278 -0.156257211 -0.566922717 0.808815379 -0.055813144 1.544971577 -0.006538970
0.000000000 0.324215247 0.247174000 0.494587156 0.511362594 0.000000000 0.000000000 0.075643315 -0.648875821 -0.757124995 0.985357730 -0.067712690 0.156477270 -0.152801287 -0.757875426 0.634252793 -0.058404638 1.592797494 -0.023285345
0.000000000 0.324215247 0.247174000 0.494587156 0.511362594 0.000000000 0.000000000 0.085047678 -0.457478330 -0.885144322 0.985070361 -0.094845390 0.143668839 -0.149677239 -0.884148138 0.442581964 -0.055190150 1.584635119 0.012493008
0.000000000 0.324215247 0.247174000 0.494587156 0.511362594 0.000000000 0.000000000 0.087408624 -0.210208838 -0.973741227 0.985410109 -0.125051164 0.115451825 -0.146036467 -0.969625933 0.196211364 -0.058765711 1.565711337 -0.025802885
0.000000000 0.324215247 0.247174000 0.494587156 0.511362594 0.000000000 0.000000000 0.097875018 0.079121234 -0.992048543 0.985030727 -0.149832767 0.085232670 -0.141897664 -0.985540447 -0.092601731 -0.061365899 1.605609156 -0.003998821
0.000000000 0.324215247 0.247174000 0.494587156 0.511362594 0.000000000 0.000000000 0.108323012 0.395060115 -0.912246474 0.984302193 -0.171243055 0.042720119 -0.139338859 -0.902553777 -0.407408102 -0.066520383 1.575874254 -0.019676607
0.000000000 0.324215247 0.247174000 0.494587156 0.511362594 0.000000000 0.000000000 0.120003342 0.623808715 -0.772309449 0.982984599 -0.183634970 0.004413182 -0.139070041 -0.759697891 -0.635231169 -0.060242368 1.616715963 -0.008118073
0.000000000 0.324215247 0.247174000 0.494587156 0.511362594 0.000000000 0.000000000 0.133801645 0.789367330 -0.599163032 0.981256089 -0.190138055 -0.031368907 -0.138685284 -0.583735162 -0.800012283 -0.055151126 1.591788208 0.007814939
0.000000000 0.324215247 0.247174000 0.494587156 0.511362594 0.000000000 0.000000000 0.141213374 0.912150836 -0.384759192 0.980297204 -0.183062105 -0.074200117 -0.138116526 -0.366700311 -0.920029732 -0.056178414 1.591139869 -0.024248265
0.000000000 0.324215247 0.247174000 0.494587156 0.511362594 0.000000000 0.000000000 0.154182198 0.974170150 -0.164985962 0.978432209 -0.173771929 -0.111685850 -0.137470950 -0.144207609 -0.979951990 -0.056845372 1.623544924 -0.007529358
0.000000000 0.324215247 0.247174000 0.494587156 0.511362594 0.000000000 0.000000000 0.169264860 0.981740158 0.086808233 0.976057343 -0.154771134 -0.152833110 -0.136606993 0.110599088 -0.984432004 -0.057477361 1.588604464 0.000199696
0.000000000 0.324215247 0.247174000 0.494587156 0.511362594 0.000000000 0.000000000 0.176133660 0.926830603 0.331605136 0.974988215 -0.117869218 -0.188427251 -0.135554104 0.356499481 -0.924409652 -0.050618568 1.587712034 -0.028317843
0.000000000 0.324215247 0.247174000 0.494587156 0.511362594 0.000000000 0.000000000 0.190255940 0.795939870 0.574702011 0.972514766 -0.072761630 -0.221180413 -0.134230054 0.600987079 -0.787906609 -0.040481454 1.607409168 0.002213608
0.000000000 0.324215247 0.247174000 0.494587156 0.511362594 0.000000000 0.000000000 0.199073053 0.616150357 0.762055547 0.970947138 -0.018645528 -0.238566550 -0.132783937 0.787407824 -0.601961249 -0.040140450 1.571225799 -0.012686460
0.000000000 0.324215247 0.247174000 0.494587156 0.511362594 0.000000000 0.000000000 0.207075814 0.384693969 0.899516624 0.969502439 0.042509229 -0.241366913 -0.131090153 0.922064811 -0.364159109 -0.046120008 1.606445720 -0.021461493
0.000000000 0.324215247 0.247174000 0.494587156 0.511362594 0.000000000 0.000000000 0.221755858 0.140752795 0.964890144 0.966483367 0.099547767 -0.236643493 -0.129360893 0.985027356 -0.113959935 -0.046545846 1.601714278 0.007762980
0.000000000 0.324215247 0.247174000 0.494587156 0.511362594 0.000000000 0.000000000 0.230039164 -0.100175732 0.968011780 0.964790098 0.153816114 -0.213355736 -0.127522743 0.983008355 0.132032285 -0.044399889 1.584541371 -0.019071083
0.000000000 0.324215247 0.247174000 0.494587156 0.511362594 0.000000000 0.000000000 0.243459212 -0.358359441 0.901280269 0.961780027 0.209269809 -0.176593676 -0.125326739 0.909826719 0.395611616 -0.041513682 1.623135615 -0.011901135
0.000000000 0.324215247 0.247174000 0.494587156 0.511362594 0.000000000 0.000000000 0.260366748 -0.591889303 0.762808108 0.957654656 0.258889109 -0.125992020 -0.122909383 0.763310869 0.634231662 -0.040519969 1.586306644 0.008050954
0.000000000 0.324215247 0.247174000 0.494587156 0.511362594 0.000000000 0.000000000 0.267556901 -0.764640177 0.586292337 0.955979551 0.286744823 -0.062293690 -0.120484034 0.577150592 0.807700930 -0.046416300 1.597086814 -0.027040620
0.000000000 0.324215247 0.247174000 0.494587156 0.511362594 0.000000000 0.000000000 0.284889497 -0.890306173 0.355236392 0.951297613 0.308132494 0.009339029 -0.117774471 0.335274940 0.934729848 -0.045362718 1.615730590 0.021462295
0.000000000 0.324215247 0.247174000 0.494587156 0.511362594 0.000000000 0.000000000 0.294909992 -0.950309487 0.099699424 0.948600784 0.303713289 0.088965107 -0.114824425 0.068338253 0.991032408 -0.048248175 1.574296870 -0.009814754
0.000000000 0.324215247 0.247174000 0.494587156 0.511362594 0.000000000 0.000000000 0.303103817 -0.945077021 -0.122300864 0.946332331 0.283400469 0.155368251 -0.112174841 -0.162829971 0.980256704 -0.054502141 1.609796095 -0.020793209
0.000000000 0.324215247 0.247174000 0.494587156 0.511362594 0.000000000 0.000000000 0.316151273 -0.884935307 -0.341961805 0.942386547 0.251390334 0.220704544 -0.109343351 -0.392036227 0.913428502 -0.054240269 1.590132015 0.006925885
0.000000000 0.324215247 0.247174000 0.494587156 0.511362594 0.000000000 0.000000000 0.314241129 -0.749986504 -0.582041885 0.943281891 0.177496368 0.280560713 -0.107106428 -0.637193285 0.763225347 -0.065907604 1.541592244 -0.025270740
0.000000000 0.324215247 0.247174000 0.494587156 0.511362594 0.000000000 0.000000000 0.306875334 -0.538961471 -0.784441242 0.945772683 0.080461955 0.314706062 -0.106496767 -0.838478626 0.534426826 -0.066141673 1.561872612 -0.004070015
0.000000000 0.324215247 0.247174000 0.494587156 0.511362594 0.000000000 0.000000000 0.297720290 -0.289887684 -0.909575593 0.948756134 -0.015891070 0.315609367 -0.105945398 -0.956928735 0.270301625 -0.063047244 1.526789387 -0.009804159
0.000000000 0.324215247 0.247174000 0.494587156 0.511362594 0.000000000 0.000000000 0.287309363 -0.041451665 -0.956940484 0.952013600 -0.097648943 0.290059974 -0.105467695 -0.994357302 0.011407093 -0.064276637 1.555208859 -0.028744022
0.000000000 0.324215247 0.247174000 0.494587156 0.511362594 0.000000000 0.000000000 0.284312522 0.225812545 -0.931759134 0.952952939 -0.173106315 0.248827049 -0.105105121 -0.958667251 -0.264405021 -0.064652226 1.561340854 0.004909841
0.000000000 0.324215247 0.247174000 0.494587156 0.511362594 0.000000000 0.000000000 0.275508849 0.481712707 -0.831894069 0.955577959 -0.231506530 0.182415709 -0.104716944 -0.845196778 -0.524096143 -0.065641074 1.538897761 -0.021786740
0.000000000 0.324215247 0.247174000 0.494587156 0.511362594 0.000000000 0.000000000 0.272275344 0.721004298 -0.637196154 0.956536866 -0.274677785 0.097925169 -0.104419160 -0.636164222 -0.764455180 -0.057262747 1.579705025 -0.004175747
0.000000000 0.324215247 0.247174000 0.494587156 0.511362594 0.000000000 0.000000000 0.270815335 0.861671961 -0.429162539 0.956971133 -0.289262313 0.023099018 -0.104236773 -0.416951730 -0.902931863 -0.052333131 1.551957781 -0.002403748
0.000000000 0.324215247 0.247174000 0.494587156 0.511362594 0.000000000 0.000000000 0.266372673 0.949767277 -0.164279392 0.958237461 -0.279340282 -0.061237049 -0.104050797 -0.141106791 -0.984511201 -0.051184169 1.572892802 -0.026231585
0.000000000 0.324215247 0.247174000 0.494587156 0.511362594 0.000000000 0.000000000 0.270686344 0.955959532 0.113447245 0.957031863 -0.254493441 -0.139007562 -0.104014024 0.146200077 -0.983771630 -0.050500670 1.584605230 0.002485437
0.000000000 0.324215247 0.247174000 0.494587156 0.511362594 0.000000000 0.000000000 0.270019776 0.875863213 0.399941186 0.957224807 -0.199335391 -0.209728566 -0.103971103 0.439464485 -0.892222492 -0.050453195 1.566431761 -0.025800660
0.000000000 0.324215247 0.247174000 0.494587156 0.511362594 0.000000000 0.000000000 0.274313293 0.739591123 0.614619547 0.955996514 -0.140590630 -0.257497457 -0.104033084 0.658209120 -0.745612414 -0.047789350 1.604543232 -0.013040430
0.000000000 0.324215247 0.247174000 0.494587156 0.511362594 0.000000000 0.000000000 0.281729760 0.564433889 0.775914124 0.953822812 -0.076960036 -0.290343238 -0.104165184 0.821882922 -0.560051852 -0.045291361 1.587027027 0.002835417
0.000000000 0.324215247 0.247174000 0.494587156 0.511362594 0.000000000 0.000000000 0.285250060 0.328576523 0.900372074 0.952760685 0.005022883 -0.303680502 -0.104304748 0.944463996 -0.311622015 -0.049287832 1.589188914 -0.029184862
0.000000000 0.324215247 0.247174000 0.494587156 0.511362594 0.000000000 0.000000000 0.297128172 0.072822183 0.952056605 0.949093692 0.086678047 -0.302833421 -0.104575398 0.993571259 -0.043360585 -0.048368536 1.623125604 -0.002787735
0.000000000 0.324215247 0.247174000 0.494587156 0.511362594 0.000000000 0.000000000 0.306782881 -0.168500598 0.936745330 0.945986563 0.162404252 -0.280596296 -0.104850781 0.972230635 0.209222146 -0.047305256 1.587145572 -0.005963988
0.000000000 0.324215247 0.247174000 0.494587156 0.511362594 0.000000000 0.000000000 0.314938522 -0.413200251 0.854446769 0.943267833 0.236016871 -0.233541929 -0.105164269 0.879523501 0.464089309 -0.047074924 1.621655263 -0.031183056
0.000000000 0.324215247 0.247174000 0.494587156 0.511362594 0.000000000 0.000000000 0.333345429 -0.633359535 0.698381360 0.936867441 0.305526742 -0.170096470 -0.105641961 0.710991638 0.695219869 -0.050303921 1.626731159 0.005937757
0.000000000 0.324215247 0.247174000 0.494587156 0.511362594 0.000000000 0.000000000 0.350769777 -0.798913061 0.488567789 0.930261834 0.357201579 -0.083785158 -0.107580129 0.483885269 0.868493847 -0.057638796 1.609320516 -0.028256290
0.000000000 0.324215247 0.247174000 0.494587156 0.511362594 0.000000000 0.000000000 0.387429598 -0.898021667 0.208459570 0.915025862 0.402141754 0.031775495 -0.112365380 0.178435130 0.977514668 -0.059539831 1.643255812 0.015791970
0.000000000 0.324215247 0.247174000 0.494587156 0.511362594 0.000000000 0.000000000 0.407267294 -0.912730095 -0.032513464 0.905935405 0.399208611 0.141115294 -0.115820521 -0.086926742 0.989459119 -0.064356090 1.573837512 -0.023639978
0.000000000 0.324215247 0.247174000 0.494587156 0.511362594 0.000000000 0.000000000 0.426281651 -0.858461737 -0.285179592 0.896701886 0.359472100 0.258274150 -0.119204369 -0.365818609 0.923020619 -0.061751712 1.621130247 -0.016729576
0.000000000 0.324215247 0.247174000 0.494587156 0.511362594 0.000000000 0.000000000 0.444228835 -0.712468303 -0.543184738 0.887477713 0.266939541 0.375668192 -0.122654195 -0.648946992 0.750881981 -0.069064305 1.544163535 -0.006184707
0.000000000 0.324215247 0.247174000 0.494587156 0.511362594 0.000000000 0.000000000 0.448553154 -0.538135938 -0.713589364 0.884970886 0.155750257 0.438826148 -0.125006394 -0.828342665 0.546096907 -0.078212355 1.577089321 -0.027482382
0.000000000 0.324215247 0.247174000 0.494587156 0.511362594 0.000000000 0.000000000 0.457965745 -0.347418368 -0.818271260 0.879858911 0.045697280 0.473032827 -0.126947521 -0.936596090 0.326606936 -0.077006517 1.561852749 0.010709615
0.000000000 0.324215247 0.247174000 0.494587156 0.511362594 0.000000000 0.000000000 0.457584543 -0.146321601 -0.877044113 0.879839590 -0.067978144 0.470384170 -0.128447196 -0.986898658 0.097633790 -0.073858624 1.524986612 -0.023837384
0.000000000 0.324215247 0.247174000 0.494587156 0.511362594 0.000000000 0.000000000 0.459161279 0.110890696 -0.881404659 0.878786547 -0.201914303 0.432394286 -0.130019704 -0.973105271 -0.190160482 -0.074498021 1.575865443 -0.016134401
0.000000000 0.324215247 0.247174000 0.494587156 0.511362594 0.000000000 0.000000000 0.463532547 0.340153469 -0.818188973 0.876310002 -0.312724118 0.366448367 -0.131218742 -0.886847926 -0.443037694 -0.080254661 1.540218732 0.001141641
0.000000000 0.324215247 0.247174000 0.494587156 0.511362594 0.000000000 0.000000000 0.460731478 0.550818764 -0.695934763 0.877662598 -0.399408739 0.264917012 -0.132041165 -0.732851519 -0.667453206 -0.082416322 1.554451362 -0.028881778
0.000000000 0.324215247 0.247174000 0.494587156 0.511362594 0.000000000 0.000000000 0.464657791 0.729576832 -0.501807516 0.875492001 -0.463440134 0.136883152 -0.132690966 -0.502932290 -0.854079750 -0.072296847 1.566876850 0.001346951
0.000000000 0.324215247 0.247174000 0.494587156 0.511362594 0.000000000 0.000000000 0.457866561 0.863374273 -0.211997822 0.879040495 -0.475297291 -0.037152295 -0.132838326 -0.169343877 -0.976563685 -0.067807984 1.514480330 -0.035186317
0.000000000 0.324215247 0.247174000 0.494587156 0.511362594 0.000000000 0.000000000 0.447130714 0.888363243 0.104330595 0.884612303 -0.421917547 -0.198611823 -0.132420535 0.181097574 -0.974509349 -0.059012264 1.524024528 -0.004018551
0.000000000 0.324215247 0.247174000 0.494587156 0.511362594 0.000000000 0.000000000 0.427287417 0.824123485 0.371814396 0.894498298 -0.325515177 -0.306451731 -0.131522840 0.463530313 -0.876265594 -0.051840250 1.471402088 -0.020581047
0.000000000 0.324215247 0.247174000 0.494587156 0.511362594 0.000000000 0.000000000 0.403646031 0.672559157 0.620269346 0.905609991 -0.197259312 -0.375445479 -0.130155390 0.713269194 -0.688699231 -0.045381462 1.516609020 -0.031853135
0.000000000 0.324215247 0.247174000 0.494587156 0.511362594 0.000000000 0.000000000 0.390396672 0.490155167 0.779319159 0.911717463 -0.088222658 -0.401233138 -0.127912888 0.867158967 -0.481324857 -0.037480302 1.492917532 0.006340102
0.000000000 0.324215247 0.247174000 0.494587156 0.511362594 0.000000000 0.000000000 0.370151915 0.241426589 0.897051148 0.920994679 0.030899322 -0.388347824 -0.121475763 0.969927025 -0.210915160 -0.040267832 1.493936770 -0.046545591
0.000000000 0.324215247 0.247174000 0.494587156 0.511362594 0.000000000 0.000000000 0.361075287 -0.048048067 0.931298030 0.925428666 0.141531469 -0.351497692 -0.114919194 0.988767023 0.095568574 -0.047049212 1.530426707 0.000750558
0.000000000 0.324215247 0.247174000 0.494587156 0.511362594 0.000000000 0.000000000 0.348094305 -0.315109273 0.882913643 0.931112849 0.225619187 -0.286574325 -0.108900031 0.921847128 0.371939047 -0.050877489 1.491948694 -0.020548394
0.000000000 0.324215247 0.247174000 0.494587156 0.511362594 0.000000000 0.000000000 0.339217563 -0.532240262 0.775662136 0.934978910 0.281618379 -0.215651403 -0.103662354 0.798380481 0.593163320 -0.047679393 1.542521811 -0.028859948
0.000000000 0.324215247 0.247174000 0.494587156 0.511362594 0.000000000 0.000000000 0.335569420 -0.758493968 0.558641267 0.937000106 0.329868962 -0.114966380 -0.097077109 0.562026128 0.821402865 0.002779879 1.512226685 0.009073306
0.000000000 0.324215247 0.247174000 0.494587156 0.511362594 0.000000000 0.000000000 0.322774072 -0.890223816 0.321431885 0.942051602 0.334970351 -0.018265914 -0.091409400 0.308701185 0.946756516 0.009706955 1.514649383 -0.041202802
0.000000000 0.324215247 0.247174000 0.494587156 0.511362594 0.000000000 0.000000000 0.319461189 -0.942635431 0.096865845 0.943618978 0.325812389 0.058562029 -0.086762735 0.072696154 0.993573096 -0.023565367 1.544227969 0.006947191
0.000000000 0.324215247 0.247174000 0.494587156 0.511362594 0.000000000 0.000000000 0.315748195 -0.944964902 -0.085699542 0.945194402 0.305335342 0.115662746 -0.083130136 -0.117523031 0.989584619 -0.065231063 1.518027538 -0.012442687
0.000000000 0.324215247 0.247174000 0.494587156 0.511362594 0.000000000 0.000000000 0.312692350 -0.910162457 -0.271712707 0.946528080 0.274657355 0.169256996 -0.079423469 -0.310109075 0.947377577 -0.088241375 1.559097338 -0.036317696
0.000000000 0.324215247 0.247174000 0.494587156 0.511362594 0.000000000 0.000000000 0.319019717 -0.825826216 -0.465013421 0.944740331 0.238039008 0.225395515 -0.075446192 -0.511222546 0.856130469 -0.076464535 1.578873510 0.009583955
0.000000000 0.324215247 0.247174000 0.494587156 0.511362594 0.000000000 0.000000000 0.320553796 -0.674457904 -0.665095331 0.944586681 0.175185528 0.277607696 -0.070719629 -0.717228392 0.693240339 -0.059232489 1.537535441 -0.018408637
0.000000000 0.324215247 0.247174000 0.494587156 0.511362594 0.000000000 0.000000000 0.323978862 -0.441527375 -0.836714572 0.943802321 0.089717102 0.318100645 -0.065382536 -0.892751040 0.445781006 -0.056402104 1.591242793 -0.022199661
0.000000000 0.324215247 0.247174000 0.494587156 0.511362594 0.000000000 0.000000000 0.333065793 -0.238041259 -0.912361516 0.940894422 0.020771983 0.338062438 -0.061521251 -0.971032895 0.230890129 -0.065280800 1.575383384 0.008814670
0.000000000 0.324215247 0.247174000 0.494587156 0.511362594 0.000000000 0.000000000 0.336990702 0.007186833 -0.941480545 0.939773346 -0.063240349 0.335896885 -0.057125523 -0.997972448 -0.028065404 -0.072228411 1.569582857 -0.031729558
0.000000000 0.324215247 0.247174000 0.494587156 0.511362594 0.000000000 0.000000000 0.347738330 0.249803414 -0.903701449 0.936097968 -0.146884720 0.319602055 -0.052902250 -0.957090974 -0.284917915 -0.059366573 1.602964398 -0.010509776
0.000000000 0.324215247 0.247174000 0.494587156 0.511362594 0.000000000 0.000000000 0.360184780 0.567618806 -0.740321427 0.931705066 -0.258714390 0.254936335 -0.046825148 -0.781585411 -0.622038303 -0.035852342 1.553339559 -0.016859281
