0.000000000 0.324215247 0.247174000 0.494587156 0.511362594 0.000000000 0.000000000 -0.526931352 0.826020951 0.200081833 -0.739704269 -0.329784268 -0.586583269 -0.418546229 -0.457090500 0.784784893 0.050503150 -1.574385243 -0.017445277
0.000000000 0.324215247 0.247174000 0.494587156 0.511362594 0.000000000 0.000000000 -0.527603492 0.834654066 0.158073230 -0.740236181 -0.360427988 -0.567575601 -0.416755266 -0.416466393 0.808004203 0.037605086 -1.578073289 -0.017924364
0.000000000 0.324215247 0.247174000 0.494587156 0.511362594 0.000000000 0.000000000 -0.527979564 0.838888233 0.132303110 -0.740582998 -0.378547450 -0.555192445 -0.415661404 -0.391111699 0.821131680 0.007297838 -1.570692014 -0.018315684
0.000000000 0.324215247 0.247174000 0.494587156 0.511362594 0.000000000 0.000000000 -0.528317543 0.843361242 0.098093780 -0.741155189 -0.401730352 -0.537867744 -0.414209559 -0.356867679 0.837302753 -0.008466523 -1.563019534 -0.019171662
0.000000000 0.324215247 0.247174000 0.494587156 0.511362594 0.000000000 0.000000000 -0.527943200 0.848175886 0.043285596 -0.742726453 -0.436388654 -0.507860569 -0.411865746 -0.300270891 0.860351091 0.005629049 -1.542977323 -0.017959679
0.000000000 0.324215247 0.247174000 0.494587156 0.511362594 0.000000000 0.000000000 -0.526743119 0.849792993 -0.019838231 -0.745076092 -0.472816606 -0.470431796 -0.409149489 -0.233015720 0.882213336 0.025152116 -1.529433689 -0.017639845
0.000000000 0.324215247 0.247174000 0.494587156 0.511362594 0.000000000 0.000000000 -0.524946340 0.848057965 -0.072312021 -0.747589821 -0.500029578 -0.437126847 -0.406867054 -0.175408407 0.896488199 0.032512945 -1.520621955 -0.016896805
0.000000000 0.324215247 0.247174000 0.494587156 0.511362594 0.000000000 0.000000000 -0.523237819 0.844626080 -0.113265041 -0.749759728 -0.519440798 -0.409928783 -0.405071025 -0.129568676 0.905057691 0.026763028 -1.507312846 -0.016085893
0.000000000 0.324215247 0.247174000 0.494587156 0.511362594 0.000000000 0.000000000 -0.521346413 0.839877502 -0.151008941 -0.751865219 -0.535795203 -0.384216335 -0.403604522 -0.086771438 0.910809589 0.021654785 -1.523209764 -0.014918493
0.000000000 0.324215247 0.247174000 0.494587156 0.511362594 0.000000000 0.000000000 -0.520124768 0.832385763 -0.191322153 -0.753430875 -0.552667845 -0.356230502 -0.402258800 -0.041136290 0.914601369 0.014866901 -1.543719306 -0.015464400
0.000000000 0.324215247 0.247174000 0.494587156 0.511362594 0.000000000 0.000000000 -0.519842019 0.825503254 -0.219792295 -0.754131568 -0.564327881 -0.335886320 -0.401310170 -0.008855515 0.915899409 -0.022411021 -1.561513753 -0.015502047
0.000000000 0.324215247 0.247174000 0.494587156 0.511362594 0.000000000 0.000000000 -0.519567437 0.816092369 -0.253067033 -0.754913733 -0.577180686 -0.311396388 -0.400193620 0.029252356 0.915963627 -0.064777426 -1.556726906 -0.016361812
0.000000000 0.324215247 0.247174000 0.494587156 0.511362594 0.000000000 0.000000000 -0.518754827 0.797053247 -0.309191770 -0.756482749 -0.596437013 -0.268322083 -0.398280404 0.094704865 0.912361611 -0.075945611 -1.547910334 -0.016696659
0.000000000 0.324215247 0.247174000 0.494587156 0.511362594 0.000000000 0.000000000 -0.516928362 0.764990344 -0.384154711 -0.759108294 -0.617066214 -0.207325556 -0.395650942 0.184442567 0.899689542 -0.065048716 -1.538528007 -0.017268594
0.000000000 0.324215247 0.247174000 0.494587156 0.511362594 0.000000000 0.000000000 -0.512933851 0.708830330 -0.484209074 -0.763718925 -0.634368775 -0.119622992 -0.391959522 0.308440952 0.866736357 -0.048963075 -1.517121817 -0.025033043
0.000000000 0.324215247 0.247174000 0.494587156 0.511362594 0.000000000 0.000000000 -0.506610317 0.643027504 -0.574335803 -0.769746350 -0.637407946 -0.034665082 -0.388376806 0.424531200 0.817885516 -0.054973331 -1.483766768 -0.036011503
0.000000000 0.324215247 0.247174000 0.494587156 0.511362594 0.000000000 0.000000000 -0.495849288 0.577054122 -0.648954563 -0.778322579 -0.626750559 0.037385827 -0.385158990 0.523633724 0.759908071 -0.048699591 -1.451493343 -0.022511842
0.000000000 0.324215247 0.247174000 0.494587156 0.511362594 0.000000000 0.000000000 -0.482452515 0.489142306 -0.726621893 -0.788511834 -0.603767726 0.117105169 -0.381429756 0.629447644 0.676983755 -0.035928493 -1.444853965 -0.028935924
0.000000000 0.324215247 0.247174000 0.494587156 0.511362594 0.000000000 0.000000000 -0.466026542 0.389013816 -0.794661887 -0.800132116 -0.568647673 0.190862308 -0.377634558 0.724781398 0.576267356 -0.017881232 -1.430837314 -0.022543987
0.000000000 0.324215247 0.247174000 0.494587156 0.511362594 0.000000000 0.000000000 -0.450588782 0.285964487 -0.845691469 -0.810562494 -0.528030629 0.253322124 -0.374109867 0.799629894 0.469716766 -0.048265982 -1.444975362 -0.020082548
0.000000000 0.324215247 0.247174000 0.494587156 0.511362594 0.000000000 0.000000000 -0.437043150 0.185079989 -0.880192412 -0.819400447 -0.485485011 0.304774034 -0.370912648 0.854429460 0.363832524 -0.105972207 -1.442362346 -0.026184997
0.000000000 0.324215247 0.247174000 0.494587156 0.511362594 0.000000000 0.000000000 -0.416213568 0.020644602 -0.909032489 -0.832344153 -0.411089097 0.371764665 -0.366018411 0.911361374 0.188284274 -0.136476035 -1.460133142 -0.017113199
0.000000000 0.324215247 0.247174000 0.494587156 0.511362594 0.000000000 0.000000000 -0.394188555 -0.185254648 -0.900164484 -0.845513250 -0.310755395 0.434210120 -0.360170413 0.932261658 -0.034139040 -0.110684419 -1.470077753 -0.024467913
0.000000000 0.324215247 0.247174000 0.494587156 0.511362594 0.000000000 0.000000000 -0.368922257 -0.411230218 -0.833538287 -0.859536343 -0.190310667 0.474319645 -0.353685799 0.891443525 -0.283257477 -0.065008574 -1.472998388 -0.020104256
0.000000000 0.324215247 0.247174000 0.494587156 0.511362594 0.000000000 0.000000000 -0.340731487 -0.643508364 -0.685418879 -0.874034569 -0.051768319 0.483097934 -0.346360545 0.763686471 -0.544809459 -0.025511949 -1.468237272 -0.025719780
0.000000000 0.324215247 0.247174000 0.494587156 0.511362594 0.000000000 0.000000000 -0.306706925 -0.838299396 -0.450760453 -0.889563696 0.084022546 0.449017420 -0.338536990 0.538696886 -0.771491005 -0.003122596 -1.469610795 -0.018111347
0.000000000 0.324215247 0.247174000 0.494587156 0.511362594 0.000000000 0.000000000 -0.274677979 -0.941828308 -0.193678718 -0.902513194 0.183047937 0.389824817 -0.331695558 0.281873891 -0.900291712 0.005250389 -1.451751007 -0.026240020
0.000000000 0.324215247 0.247174000 0.494587156 0.511362594 0.000000000 0.000000000 -0.233782899 -0.967943523 0.091819893 -0.916411216 0.250916022 0.311819873 -0.324863109 -0.011246626 -0.945694176 0.025877830 -1.430097970 -0.014830702
0.000000000 0.324215247 0.247174000 0.494587156 0.511362594 0.000000000 0.000000000 -0.189158180 -0.910968691 0.366544987 -0.928881227 0.287052778 0.234052065 -0.318431860 -0.296203894 -0.900480096 0.047889311 -1.415759698 -0.024105592
0.000000000 0.324215247 0.247174000 0.494587156 0.511362594 0.000000000 0.000000000 -0.134731412 -0.773749427 0.618998604 -0.940446385 0.296615397 0.166071980 -0.312102616 -0.559759887 -0.767633263 0.070530776 -1.383261849 -0.014469698
0.000000000 0.324215247 0.247174000 0.494587156 0.511362594 0.000000000 0.000000000 -0.060509859 -0.518050049 0.853207304 -0.950493749 0.290914019 0.109227592 -0.304795326 -0.804358863 -0.510006500 0.086668353 -1.378811014 -0.014100529
0.000000000 0.324215247 0.247174000 0.494587156 0.511362594 0.000000000 0.000000000 -0.001215192 -0.269741957 0.962931877 -0.954150862 0.288541484 0.079623772 -0.299323665 -0.918685522 -0.257725154 0.080620979 -1.367440685 -0.021395469
0.000000000 0.324215247 0.247174000 0.494587156 0.511362594 0.000000000 0.000000000 0.059096409 -0.010549140 0.998196539 -0.953905061 0.294134390 0.059582684 -0.294232476 -0.955705853 0.007319408 0.066192903 -1.369630521 -0.011903267
0.000000000 0.324215247 0.247174000 0.494587156 0.511362594 0.000000000 0.000000000 0.108896646 0.214160562 0.970709418 -0.950827518 0.307271462 0.038875175 -0.289945773 -0.927210603 0.237090587 0.055572701 -1.378692604 -0.021807465
0.000000000 0.324215247 0.247174000 0.494587156 0.511362594 0.000000000 0.000000000 0.152893447 0.408198073 0.899998848 -0.945890239 0.324199632 0.013647523 -0.286208403 -0.853386742 0.435678572 0.048361622 -1.384488298 -0.011635789
0.000000000 0.324215247 0.247174000 0.494587156 0.511362594 0.000000000 0.000000000 0.202828485 0.626903967 0.752231362 -0.937940958 0.345057978 -0.034666291 -0.281295868 -0.698517293 0.657986494 0.045191919 -1.415945762 -0.016969487
0.000000000 0.324215247 0.247174000 0.494587156 0.511362594 0.000000000 0.000000000 0.244532108 0.797934380 0.550912673 -0.929505628 0.354672804 -0.101126106 -0.276085739 -0.487347851 0.828413385 0.030830544 -1.436217691 -0.025505542
0.000000000 0.324215247 0.247174000 0.494587156 0.511362594 0.000000000 0.000000000 0.277572997 0.902255512 0.329982153 -0.921687441 0.346991504 -0.173462264 -0.271008287 -0.255991966 0.927913046 0.004853800 -1.464184931 -0.020843121
0.000000000 0.324215247 0.247174000 0.494587156 0.511362594 0.000000000 0.000000000 0.299651190 0.945303307 0.128882979 -0.916061888 0.322822940 -0.237941100 -0.266532891 -0.046765451 0.962690610 -0.011681734 -1.479738614 -0.032585109
0.000000000 0.324215247 0.247174000 0.494587156 0.511362594 0.000000000 0.000000000 0.320928314 0.941899129 -0.099151642 -0.910326993 0.277881548 -0.306735408 -0.261361402 0.188700493 0.946616259 -0.013601069 -1.497543121 -0.024218263
0.000000000 0.324215247 0.247174000 0.494587156 0.511362594 0.000000000 0.000000000 0.337660873 0.882897394 -0.326308636 -0.905841852 0.210588681 -0.367563527 -0.255803975 0.419695841 0.870872969 -0.009356539 -1.513138374 -0.029185379
0.000000000 0.324215247 0.247174000 0.494587156 0.511362594 0.000000000 0.000000000 0.353871715 0.768924115 -0.532475835 -0.901260753 0.128159180 -0.413889212 -0.250007729 0.626363258 0.738353035 -0.001107958 -1.506968730 -0.028887565
0.000000000 0.324215247 0.247174000 0.494587156 0.511362594 0.000000000 0.000000000 0.369155300 0.616851226 -0.695139504 -0.896676382 0.039762820 -0.440897248 -0.244327301 0.786074731 0.567794582 -0.000007516 -1.514744235 -0.022795965
0.000000000 0.324215247 0.247174000 0.494587156 0.511362594 0.000000000 0.000000000 0.382998815 0.427142226 -0.819061308 -0.892474050 -0.057662358 -0.447398171 -0.238331657 0.902343932 0.359128737 -0.008435352 -1.515712700 -0.030198928
0.000000000 0.324215247 0.247174000 0.494587156 0.511362594 0.000000000 0.000000000 0.400483676 0.174966273 -0.899444067 -0.886693029 -0.173524183 -0.428561350 -0.231059079 0.969162608 0.085647771 -0.010295288 -1.510245020 -0.022347628
0.000000000 0.324215247 0.247174000 0.494587156 0.511362594 0.000000000 0.000000000 0.418074395 -0.089773904 -0.903965954 -0.880493816 -0.284856408 -0.378929368 -0.223482526 0.954357099 -0.198136538 0.000272287 -1.511983538 -0.026477250
0.000000000 0.324215247 0.247174000 0.494587156 0.511362594 0.000000000 0.000000000 0.436185702 -0.339850221 -0.833212975 -0.873610483 -0.381930624 -0.301552187 -0.215746974 0.859436342 -0.463489393 0.016097971 -1.500478368 -0.028177232
0.000000000 0.324215247 0.247174000 0.494587156 0.511362594 0.000000000 0.000000000 0.454588298 -0.545661968 -0.703990409 -0.866017177 -0.455556581 -0.206112714 -0.208239594 0.703364214 -0.679643328 0.027508374 -1.505712952 -0.019076939
0.000000000 0.324215247 0.247174000 0.494587156 0.511362594 0.000000000 0.000000000 0.470441363 -0.707207410 -0.527771356 -0.859336979 -0.503093922 -0.091850211 -0.200561412 0.496743581 -0.844405670 0.030935597 -1.507767882 -0.031804383
0.000000000 0.324215247 0.247174000 0.494587156 0.511362594 0.000000000 0.000000000 0.489506170 -0.820880804 -0.294174123 -0.850621981 -0.523754636 0.046079574 -0.191900899 0.227674739 -0.954640382 0.030444696 -1.496769819 -0.025792073
0.000000000 0.324215247 0.247174000 0.494587156 0.511362594 0.000000000 0.000000000 0.509953577 -0.859986805 -0.019236521 -0.840675169 -0.502990701 0.200662937 -0.182243270 -0.086157117 -0.979471460 0.031326484 -1.512237446 -0.027284732
0.000000000 0.324215247 0.247174000 0.494587156 0.511362594 0.000000000 0.000000000 0.520878217 -0.834049809 0.181787786 -0.835517457 -0.454493245 0.308782236 -0.174918444 -0.312724809 -0.933598807 0.030606092 -1.528529543 -0.034203098
0.000000000 0.324215247 0.247174000 0.494587156 0.511362594 0.000000000 0.000000000 0.529504658 -0.756271582 0.384289099 -0.831734282 -0.373728375 0.410542551 -0.166861924 -0.537010610 -0.826907917 0.039074273 -1.546395384 -0.029588672
0.000000000 0.324215247 0.247174000 0.494587156 0.511362594 0.000000000 0.000000000 0.535316165 -0.620840393 0.572707438 -0.829672104 -0.259362781 0.494343148 -0.158369200 -0.739789263 -0.653935044 0.047358867 -1.562599873 -0.034741575
0.000000000 0.324215247 0.247174000 0.494587156 0.511362594 0.000000000 0.000000000 0.537860878 -0.439818202 0.719211809 -0.829613662 -0.124524079 0.544274678 -0.149822722 -0.889411999 -0.431855819 0.047984825 -1.576862438 -0.033045796
0.000000000 0.324215247 0.247174000 0.494587156 0.511362594 0.000000000 0.000000000 0.537069851 -0.234786417 0.810204489 -0.831571314 0.013844313 0.555245428 -0.141580809 -0.971948390 -0.187806286 0.035509983 -1.592144953 -0.027575318
0.000000000 0.324215247 0.247174000 0.494587156 0.511362594 0.000000000 0.000000000 0.531127874 0.004016749 0.847282154 -0.836838217 0.159082596 0.523826810 -0.132683764 -0.987257106 0.087854570 0.018515713 -1.619596687 -0.026928058
0.000000000 0.324215247 0.247174000 0.494587156 0.511362594 0.000000000 0.000000000 0.520460684 0.232892535 0.821511864 -0.844803449 0.280390845 0.455728107 -0.124208732 -0.931204618 0.342680828 0.010646910 -1.631521833 -0.031272738
0.000000000 0.324215247 0.247174000 0.494587156 0.511362594 0.000000000 0.000000000 0.502698415 0.505430366 0.701309097 -0.857006518 0.397697638 0.327683408 -0.113287826 -0.765752397 0.633079091 0.011554008 -1.652721675 -0.026750700
0.000000000 0.324215247 0.247174000 0.494587156 0.511362594 0.000000000 0.000000000 0.483986066 0.692093703 0.535503309 -0.868849638 0.452927913 0.199891503 -0.104200745 -0.562016559 0.820536162 0.017131371 -1.651809629 -0.033798212
0.000000000 0.324215247 0.247174000 0.494587156 0.511362594 0.000000000 0.000000000 0.465452864 0.831357649 0.303641384 -0.880014632 0.471330969 0.058492438 -0.094487452 -0.294434334 0.950989245 0.012823534 -1.643724348 -0.024924192
0.000000000 0.324215247 0.247174000 0.494587156 0.511362594 0.000000000 0.000000000 0.451011419 0.891793818 0.035951160 -0.888480181 0.452433847 -0.076854295 -0.084803707 0.002720271 0.996393964 0.000670595 -1.608347757 -0.030114019
0.000000000 0.324215247 0.247174000 0.494587156 0.511362594 0.000000000 0.000000000 0.447407882 0.871830691 -0.199342501 -0.891035097 0.415429506 -0.182961147 -0.076698386 0.259479424 0.962698180 0.000892693 -1.580443615 -0.018829789
0.000000000 0.324215247 0.247174000 0.494587156 0.511362594 0.000000000 0.000000000 0.448678024 0.791691967 -0.414622551 -0.891030392 0.360494508 -0.275877780 -0.068941070 0.493221592 0.867167568 0.004314424 -1.560026579 -0.032104780
0.000000000 0.324215247 0.247174000 0.494587156 0.511362594 0.000000000 0.000000000 0.457552224 0.644786314 -0.612287981 -0.887101946 0.283934228 -0.363911379 -0.060795562 0.709670320 0.701905931 0.004782904 -1.522236451 -0.029034006
0.000000000 0.324215247 0.247174000 0.494587156 0.511362594 0.000000000 0.000000000 0.473242951 0.447834771 -0.758607360 -0.879346200 0.188500463 -0.437284616 -0.052833417 0.874020362 0.483008320 0.002642236 -1.508146696 -0.023876955
0.000000000 0.324215247 0.247174000 0.494587156 0.511362594 0.000000000 0.000000000 0.489208736 0.251518433 -0.835112741 -0.870950089 0.090324717 -0.482998332 -0.046051661 0.963628519 0.263247642 -0.001229037 -1.491806524 -0.035967923
0.000000000 0.324215247 0.247174000 0.494587156 0.511362594 0.000000000 0.000000000 0.512178724 0.012400892 -0.858789365 -0.858019809 -0.037323201 -0.512258709 -0.038405233 0.999226299 -0.008475938 0.006572802 -1.479787292 -0.026167263
0.000000000 0.324215247 0.247174000 0.494587156 0.511362594 0.000000000 0.000000000 0.538315231 -0.274937851 -0.796634101 -0.842246626 -0.207974829 -0.497360123 -0.028936718 0.938698913 -0.343521495 0.022512461 -1.501883829 -0.031864570
0.000000000 0.324215247 0.247174000 0.494587156 0.511362594 0.000000000 0.000000000 0.553901341 -0.474255611 -0.684306160 -0.832306657 -0.336556958 -0.440448684 -0.021422739 0.813517689 -0.581145452 0.027696986 -1.512542609 -0.036439440
0.000000000 0.324215247 0.247174000 0.494587156 0.511362594 0.000000000 0.000000000 0.570361804 -0.678638187 -0.462750066 -0.821355076 -0.476667630 -0.313311043 -0.007953139 0.558782767 -0.829275929 0.026935529 -1.552765713 -0.032762941
0.000000000 0.324215247 0.247174000 0.494587156 0.511362594 0.000000000 0.000000000 0.577851935 -0.769564912 -0.271766421 -0.816117331 -0.542289142 -0.199687229 0.006296305 0.337182938 -0.941418092 0.021399173 -1.561115306 -0.048458646
0.000000000 0.324215247 0.247174000 0.494587156 0.511362594 0.000000000 0.000000000 0.587949716 -0.808597806 -0.022016351 -0.808596943 -0.586771664 -0.043243472 0.022048006 0.043227342 -0.998821947 0.016738833 -1.553353734 -0.022985786
0.000000000 0.324215247 0.247174000 0.494587156 0.511362594 0.000000000 0.000000000 0.594256801 -0.777383527 0.206237015 -0.803502683 -0.585072833 0.109878196 0.035246175 -0.231007860 -0.972313260 0.045364181 -1.573989237 -0.035846968
0.000000000 0.324215247 0.247174000 0.494587156 0.511362594 0.000000000 0.000000000 0.598987437 -0.690725408 0.405107963 -0.799402034 -0.545238253 0.252332390 0.046587965 -0.474988061 -0.878758160 0.087016245 -1.558410259 -0.044273127
0.000000000 0.324215247 0.247174000 0.494587156 0.511362594 0.000000000 0.000000000 0.606397182 -0.560148126 0.564372692 -0.793169592 -0.476315031 0.379481211 0.056253507 -0.677759595 -0.733128553 0.084620672 -1.552398344 -0.019971727
0.000000000 0.324215247 0.247174000 0.494587156 0.511362594 0.000000000 0.000000000 0.612213286 -0.408722261 0.676861142 -0.788076874 -0.384990057 0.480330612 0.064262996 -0.827483395 -0.557800590 0.034785576 -1.562608144 -0.037753269
0.000000000 0.324215247 0.247174000 0.494587156 0.511362594 0.000000000 0.000000000 0.616742620 -0.288647991 0.732332491 -0.784103587 -0.307245660 0.539241755 0.069354930 -0.906797906 -0.415821418 -0.017802935 -1.544736133 -0.039840694
0.000000000 0.324215247 0.247174000 0.494587156 0.511362594 0.000000000 0.000000000 0.623680065 -0.136378342 0.769690928 -0.778091843 -0.202546959 0.594598867 0.074808150 -0.969729693 -0.232439376 -0.039099928 -1.554370274 -0.022614723
0.000000000 0.324215247 0.247174000 0.494587156 0.511362594 0.000000000 0.000000000 0.629364820 0.046199003 0.775735506 -0.772931255 -0.066166970 0.631030274 0.080481038 -0.996738473 -0.005934510 -0.033482792 -1.547574452 -0.044758415
0.000000000 0.324215247 0.247174000 0.494587156 0.511362594 0.000000000 0.000000000 0.638538360 0.221285263 0.737089950 -0.764865378 0.076511034 0.639630373 0.085145261 -0.972203114 0.218108667 -0.018562100 -1.532271320 -0.025971558
