0.000000000 0.626081731 1.085416667 0.390745192 0.520208333 0.000000000 0.000000000 0.998942981 -0.014761584 0.043531785 1.418900000 -0.045742246 -0.412669231 0.909731693 -2.606200000 0.004535147 -0.910761331 -0.412908260 1.491000000
0.000000000 0.626081731 1.085416667 0.390745192 0.520208333 0.000000000 0.000000000 0.999411844 -0.005387481 0.033866533 1.426100000 -0.032862447 -0.432674125 0.900951254 -2.607700000 0.009799314 -0.901534290 -0.432596691 1.488900000
0.000000000 0.626081731 1.085416667 0.390745192 0.520208333 0.000000000 0.000000000 0.999605568 0.002427134 0.027978879 1.434600000 -0.024118680 -0.436191157 0.899530747 -2.609300000 0.014387422 -0.899850756 -0.435960570 1.486900000
0.000000000 0.626081731 1.085416667 0.390745192 0.520208333 0.000000000 0.000000000 0.999835586 0.007738127 0.016398838 1.442400000 -0.011459946 -0.431201363 0.902182938 -2.610400000 0.014052407 -0.902222537 -0.431041789 1.484800000
0.000000000 0.626081731 1.085416667 0.390745192 0.520208333 0.000000000 0.000000000 0.999904701 0.013038568 0.004537007 1.450600000 0.001502143 -0.429444030 0.903092226 -2.612100000 0.013723421 -0.902999347 -0.429422690 1.482900000
0.000000000 0.626081731 1.085416667 0.390745192 0.520208333 0.000000000 0.000000000 0.999800701 0.018614043 -0.007216343 1.458200000 0.014568584 -0.433124282 0.901216463 -2.614100000 0.013649709 -0.901141983 -0.433309141 1.481100000
0.000000000 0.626081731 1.085416667 0.390745192 0.520208333 0.000000000 0.000000000 0.999439725 0.023552581 -0.023780507 1.467700000 0.031640721 -0.433192377 0.900745929 -2.616700000 0.010913357 -0.900993696 -0.433694891 1.478900000
0.000000000 0.626081731 1.085416667 0.390745192 0.520208333 0.000000000 0.000000000 0.998754877 0.031873667 -0.038376615 1.476100000 0.048435462 -0.435350870 0.898956965 -2.619400000 0.011945762 -0.899696443 -0.436352621 1.476900000
0.000000000 0.626081731 1.085416667 0.390745192 0.520208333 0.000000000 0.000000000 0.998144940 0.039327263 -0.046476293 1.483200000 0.059021796 -0.437764930 0.897150096 -2.622600000 0.014936767 -0.898228942 -0.439274015 1.475300000
0.000000000 0.626081731 1.085416667 0.390745192 0.520208333 0.000000000 0.000000000 0.997138871 0.048617108 -0.057883056 1.492700000 0.073264863 -0.433059397 0.898382891 -2.625600000 0.018609977 -0.900053296 -0.435382284 1.473800000
0.000000000 0.626081731 1.085416667 0.390745192 0.520208333 0.000000000 0.000000000 0.996663907 0.053634043 -0.061517846 1.501300000 0.078711348 -0.432384237 0.898247402 -2.629000000 0.021577293 -0.900092918 -0.435163371 1.472300000
0.000000000 0.626081731 1.085416667 0.390745192 0.520208333 0.000000000 0.000000000 0.996339969 0.061028965 -0.059850907 1.509000000 0.080386118 -0.430893813 0.898815105 -2.632000000 0.029064370 -0.900336597 -0.434222610 1.471000000
0.000000000 0.626081731 1.085416667 0.390745192 0.520208333 0.000000000 0.000000000 0.995643810 0.073235180 -0.057706257 1.518600000 0.083847838 -0.432586186 0.897685208 -2.635300000 0.040779208 -0.898613265 -0.436842370 1.469800000
0.000000000 0.626081731 1.085416667 0.390745192 0.520208333 0.000000000 0.000000000 0.995002423 0.079807510 -0.060007823 1.526100000 0.088912411 -0.434664501 0.896192699 -2.638700000 0.045439637 -0.897049348 -0.439588110 1.468300000
0.000000000 0.626081731 1.085416667 0.390745192 0.520208333 0.000000000 0.000000000 0.994267717 0.083858798 -0.066328040 1.533300000 0.096525562 -0.437213183 0.894162988 -2.642000000 0.045983940 -0.895439744 -0.442801471 1.466600000
0.000000000 0.626081731 1.085416667 0.390745192 0.520208333 0.000000000 0.000000000 0.993332518 0.087124962 -0.075496689 1.540100000 0.106452908 -0.441814996 0.890767808 -2.645100000 0.044252542 -0.892865472 -0.448143908 1.464500000
0.000000000 0.626081731 1.085416667 0.390745192 0.520208333 0.000000000 0.000000000 0.992837743 0.085074883 -0.083877767 1.545700000 0.113284391 -0.447400501 0.887129888 -2.648500000 0.037945516 -0.890278078 -0.453833761 1.462200000
0.000000000 0.626081731 1.085416667 0.390745192 0.520208333 0.000000000 0.000000000 0.992130721 0.083497162 -0.093299818 1.551600000 0.121353791 -0.457842850 0.880711747 -2.652900000 0.030820277 -0.885103468 -0.464372654 1.459900000
0.000000000 0.626081731 1.085416667 0.390745192 0.520208333 0.000000000 0.000000000 0.991282926 0.080218379 -0.104513978 1.556500000 0.129805643 -0.458855387 0.878977946 -2.656300000 0.022553384 -0.884882334 -0.465268309 1.457800000
0.000000000 0.626081731 1.085416667 0.390745192 0.520208333 0.000000000 0.000000000 0.989974543 0.076562980 -0.118695045 1.560900000 0.140526927 -0.449207658 0.882306445 -2.659700000 0.014233287 -0.890140770 -0.455463307 1.455800000
0.000000000 0.626081731 1.085416667 0.390745192 0.520208333 0.000000000 0.000000000 0.990108098 0.071151400 -0.120927382 1.564700000 0.140036532 -0.447676309 0.883162325 -2.663900000 0.008701911 -0.891360421 -0.453211734 1.454300000
0.000000000 0.626081731 1.085416667 0.390745192 0.520208333 0.000000000 0.000000000 0.989262402 0.072389460 -0.126963246 1.569200000 0.146027079 -0.453917016 0.878996834 -2.670800000 0.005999328 -0.888098592 -0.459613859 1.453000000
0.000000000 0.626081731 1.085416667 0.390745192 0.520208333 0.000000000 0.000000000 0.989302545 0.069026074 -0.128514106 1.571300000 0.145838588 -0.447435473 0.882344946 -2.673600000 0.003403037 -0.891648417 -0.452715717 1.452100000
0.000000000 0.626081731 1.085416667 0.390745192 0.520208333 0.000000000 0.000000000 0.989650569 0.062712777 -0.129069201 1.573300000 0.143483561 -0.445335346 0.883792339 -2.679700000 -0.002054005 -0.893164899 -0.449724631 1.451000000
0.000000000 0.626081731 1.085416667 0.390745192 0.520208333 0.000000000 0.000000000 0.988067150 0.068506894 -0.137949677 1.575400000 0.154012126 -0.450432571 0.879426383 -2.686700000 -0.001890258 -0.890178243 -0.455608519 1.450200000
0.000000000 0.626081731 1.085416667 0.390745192 0.520208333 0.000000000 0.000000000 0.987263597 0.065371277 -0.145042013 1.576800000 0.158887024 -0.451520176 0.878000253 -2.693300000 -0.008093397 -0.889862982 -0.456156081 1.449200000
0.000000000 0.626081731 1.085416667 0.390745192 0.520208333 0.000000000 0.000000000 0.986932275 0.065440598 -0.147248815 1.577800000 0.160915802 -0.447982469 0.879441762 -2.698700000 -0.008413693 -0.891644119 -0.452658783 1.448400000
0.000000000 0.626081731 1.085416667 0.390745192 0.520208333 0.000000000 0.000000000 0.986399693 0.067274724 -0.149965854 1.578800000 0.164166307 -0.448027331 0.878817919 -2.707000000 -0.008066568 -0.891485065 -0.452978265 1.447800000
0.000000000 0.626081731 1.085416667 0.390745192 0.520208333 0.000000000 0.000000000 0.986466133 0.068092156 -0.149157725 1.579800000 0.163804621 -0.449506372 0.878129869 -2.713900000 -0.007253591 -0.890678101 -0.454576622 1.447600000
0.000000000 0.626081731 1.085416667 0.390745192 0.520208333 0.000000000 0.000000000 0.986457755 0.062806640 -0.151513776 1.580400000 0.163411653 -0.455553279 0.875081620 -2.729300000 -0.014061661 -0.887990166 -0.459647402 1.446700000
0.000000000 0.626081731 1.085416667 0.390745192 0.520208333 0.000000000 0.000000000 0.986234970 0.061861462 -0.153341914 1.580600000 0.164614385 -0.454706381 0.875296642 -2.732700000 -0.015578417 -0.888490443 -0.458630620 1.446500000
0.000000000 0.626081731 1.085416667 0.390745192 0.520208333 0.000000000 0.000000000 0.986392816 0.060028208 -0.153054981 1.581100000 0.163491737 -0.456176150 0.874742117 -2.742600000 -0.017310830 -0.887862565 -0.459782993 1.446200000
0.000000000 0.626081731 1.085416667 0.390745192 0.520208333 0.000000000 0.000000000 0.985892444 0.060051159 -0.156236828 1.581100000 0.166362835 -0.454312825 0.875170420 -2.752500000 -0.018425396 -0.888815906 -0.457893863 1.446400000
0.000000000 0.626081731 1.085416667 0.390745192 0.520208333 0.000000000 0.000000000 0.986054507 0.061030956 -0.154828069 1.581600000 0.165529246 -0.455937704 0.874483207 -2.763100000 -0.017221408 -0.887916681 -0.459681836 1.446600000
0.000000000 0.626081731 1.085416667 0.390745192 0.520208333 0.000000000 0.000000000 0.987091909 0.059237874 -0.148796633 1.581900000 0.159385238 -0.454320553 0.876464021 -2.773800000 -0.015681503 -0.888866531 -0.457897785 1.447000000
0.000000000 0.626081731 1.085416667 0.390745192 0.520208333 0.000000000 0.000000000 0.988017347 0.058898399 -0.142662894 1.582600000 0.153758198 -0.455985459 0.876604630 -2.785000000 -0.013421596 -0.888036170 -0.459577655 1.447200000
0.000000000 0.626081731 1.085416667 0.390745192 0.520208333 0.000000000 0.000000000 0.988703312 0.052178536 -0.140510363 1.582400000 0.148635318 -0.462159795 0.874251603 -2.796700000 -0.019321072 -0.885260258 -0.464694493 1.447000000
0.000000000 0.626081731 1.085416667 0.390745192 0.520208333 0.000000000 0.000000000 0.988611732 0.047346421 -0.142846627 1.582500000 0.148414460 -0.463803920 0.873418039 -2.808100000 -0.024899608 -0.884671826 -0.465548891 1.446800000
0.000000000 0.626081731 1.085416667 0.390745192 0.520208333 0.000000000 0.000000000 0.987286171 0.050856074 -0.150597727 1.582400000 0.156771275 -0.467972316 0.869726784 -2.818300000 -0.026244677 -0.882278624 -0.469995368 1.446400000
0.000000000 0.626081731 1.085416667 0.390745192 0.520208333 0.000000000 0.000000000 0.986549356 0.057821410 -0.152895563 1.582600000 0.162085313 -0.467236447 0.869148119 -2.831200000 -0.021183010 -0.882239643 -0.470323817 1.446100000
0.000000000 0.626081731 1.085416667 0.390745192 0.520208333 0.000000000 0.000000000 0.986718969 0.063683447 -0.149432574 1.582700000 0.161840728 -0.464155077 0.870843064 -2.841600000 -0.013901600 -0.883461648 -0.468297195 1.445800000
0.000000000 0.626081731 1.085416667 0.390745192 0.520208333 0.000000000 0.000000000 0.987509201 0.064733741 -0.143649296 1.583600000 0.157295719 -0.457949158 0.874951785 -2.852500000 -0.009145172 -0.886618357 -0.462411347 1.444900000
0.000000000 0.626081731 1.085416667 0.390745192 0.520208333 0.000000000 0.000000000 0.989376092 0.060007327 -0.132416270 1.585400000 0.144954902 -0.476682367 0.867042097 -2.868700000 -0.011091622 -0.877025109 -0.480316494 1.443400000
0.000000000 0.626081731 1.085416667 0.390745192 0.520208333 0.000000000 0.000000000 0.989937910 0.052220935 -0.131513910 1.586200000 0.140414556 -0.477549018 0.867312336 -2.874900000 -0.017512477 -0.877051828 -0.480076456 1.442800000
0.000000000 0.626081731 1.085416667 0.390745192 0.520208333 0.000000000 0.000000000 0.989732056 0.048981071 -0.134280719 1.587700000 0.140971559 -0.489687163 0.860426349 -2.884900000 -0.023610940 -0.870521302 -0.491564021 1.441900000
0.000000000 0.626081731 1.085416667 0.390745192 0.520208333 0.000000000 0.000000000 0.989252907 0.049266250 -0.137664527 1.589600000 0.143965367 -0.492703302 0.858205936 -2.893800000 -0.025547179 -0.868801642 -0.494500808 1.441000000
0.000000000 0.626081731 1.085416667 0.390745192 0.520208333 0.000000000 0.000000000 0.988869396 0.049428024 -0.140335983 1.592200000 0.146196553 -0.498002863 0.854762959 -2.904400000 -0.027638477 -0.865765568 -0.499685997 1.439900000
0.000000000 0.626081731 1.085416667 0.390745192 0.520208333 0.000000000 0.000000000 0.989633062 0.052561534 -0.133655107 1.596200000 0.141914033 -0.500854410 0.853818053 -2.916100000 -0.022063763 -0.863934109 -0.503121302 1.438600000
0.000000000 0.626081731 1.085416667 0.390745192 0.520208333 0.000000000 0.000000000 0.990503842 0.049925245 -0.128099992 1.597600000 0.135732660 -0.503387833 0.853333074 -2.922200000 -0.021881114 -0.862617041 -0.505384069 1.437800000
0.000000000 0.626081731 1.085416667 0.390745192 0.520208333 0.000000000 0.000000000 0.991892386 0.046447898 -0.118288152 1.600400000 0.125579911 -0.500882780 0.856356308 -2.930100000 -0.019472548 -0.864267918 -0.502654738 1.436800000
0.000000000 0.626081731 1.085416667 0.390745192 0.520208333 0.000000000 0.000000000 0.992320236 0.051044321 -0.112672209 1.604800000 0.122830261 -0.514171078 0.848846764 -2.939100000 -0.014603985 -0.856167378 -0.516492153 1.436000000
0.000000000 0.626081731 1.085416667 0.390745192 0.520208333 0.000000000 0.000000000 0.992403871 0.047404184 -0.113522681 1.608200000 0.121651887 -0.515507002 0.848205959 -2.946500000 -0.018313226 -0.855573126 -0.517357953 1.434000000
0.000000000 0.626081731 1.085416667 0.390745192 0.520208333 0.000000000 0.000000000 0.992558020 0.046469735 -0.112557280 1.611900000 0.120187667 -0.522488285 0.844133234 -2.954100000 -0.019583213 -0.851379208 -0.524185026 1.432500000
0.000000000 0.626081731 1.085416667 0.390745192 0.520208333 0.000000000 0.000000000 0.992629231 0.044822766 -0.112597197 1.615100000 0.119371592 -0.521993118 0.844555272 -2.960300000 -0.020919659 -0.851771157 -0.523496193 1.431200000
0.000000000 0.626081731 1.085416667 0.390745192 0.520208333 0.000000000 0.000000000 0.993583655 0.045256514 -0.103650221 1.620600000 0.111892299 -0.526884678 0.842539405 -2.969700000 -0.016481317 -0.848731043 -0.528567860 1.429900000
0.000000000 0.626081731 1.085416667 0.390745192 0.520208333 0.000000000 0.000000000 0.993997333 0.045466602 -0.099509244 1.625800000 0.108509344 -0.525811166 0.843651788 -2.977400000 -0.013965092 -0.849385311 -0.527588448 1.429000000
0.000000000 0.626081731 1.085416667 0.390745192 0.520208333 0.000000000 0.000000000 0.994427751 0.043583906 -0.095989015 1.631500000 0.104597905 -0.521433234 0.846856930 -2.984600000 -0.013142530 -0.852178283 -0.523086464 1.428300000
0.000000000 0.626081731 1.085416667 0.390745192 0.520208333 0.000000000 0.000000000 0.994240730 0.045164282 -0.097188258 1.636600000 0.106291479 -0.531433035 0.840405290 -2.991200000 -0.013692749 -0.845895453 -0.533172947 1.427800000
0.000000000 0.626081731 1.085416667 0.390745192 0.520208333 0.000000000 0.000000000 0.993896632 0.044416883 -0.100978339 1.641200000 0.109202153 -0.525852734 0.843536479 -2.996800000 -0.015632475 -0.849415118 -0.527493681 1.427400000
0.000000000 0.626081731 1.085416667 0.390745192 0.520208333 0.000000000 0.000000000 0.993320426 0.048911897 -0.104509129 1.648200000 0.114548923 -0.527059781 0.842072759 -3.004600000 -0.013895183 -0.848419479 -0.529142052 1.426900000
0.000000000 0.626081731 1.085416667 0.390745192 0.520208333 0.000000000 0.000000000 0.993130576 0.049309000 -0.106114472 1.648900000 0.116064411 -0.530263018 0.839851287 -3.005600000 -0.014856353 -0.846398106 -0.532343437 1.427100000
0.000000000 0.626081731 1.085416667 0.390745192 0.520208333 0.000000000 0.000000000 0.993130576 0.049309000 -0.106114472 1.648900000 0.116064411 -0.530263018 0.839851287 -3.005600000 -0.014856353 -0.846398106 -0.532343437 1.427100000
0.000000000 0.626081731 1.085416667 0.390745192 0.520208333 0.000000000 0.000000000 0.987842642 0.071615095 -0.137978959 1.688500000 0.154927855 -0.526701755 0.835812552 -3.037000000 -0.012816965 -0.847028063 -0.531393626 1.425600000
0.000000000 0.626081731 1.085416667 0.390745192 0.520208333 0.000000000 0.000000000 0.987842642 0.071615095 -0.137978959 1.688500000 0.154927855 -0.526701755 0.835812552 -3.037000000 -0.012816965 -0.847028063 -0.531393626 1.425600000
0.000000000 0.626081731 1.085416667 0.390745192 0.520208333 0.000000000 0.000000000 0.987842642 0.071615095 -0.137978959 1.688500000 0.154927855 -0.526701755 0.835812552 -3.037000000 -0.012816965 -0.847028063 -0.531393626 1.425600000
0.000000000 0.626081731 1.085416667 0.390745192 0.520208333 0.000000000 0.000000000 0.987713133 0.072483034 -0.138452072 1.690000000 0.155790366 -0.526602289 0.835714898 -3.037900000 -0.012334027 -0.847016079 -0.531424156 1.425500000
0.000000000 0.626081731 1.085416667 0.390745192 0.520208333 0.000000000 0.000000000 0.987476154 0.073582260 -0.139558218 1.691000000 0.157282448 -0.528504722 0.834233175 -3.038600000 -0.012372415 -0.845735425 -0.533459009 1.425600000
0.000000000 0.626081731 1.085416667 0.390745192 0.520208333 0.000000000 0.000000000 0.987476154 0.073582260 -0.139558218 1.691000000 0.157282448 -0.528504722 0.834233175 -3.038600000 -0.012372415 -0.845735425 -0.533459009 1.425600000
0.000000000 0.626081731 1.085416667 0.390745192 0.520208333 0.000000000 0.000000000 0.983562723 0.075528319 -0.164011714 1.731000000 0.178668923 -0.538432810 0.823509274 -3.060800000 -0.026111017 -0.839276821 -0.543077004 1.422500000
0.000000000 0.626081731 1.085416667 0.390745192 0.520208333 0.000000000 0.000000000 0.983562723 0.075528319 -0.164011714 1.731000000 0.178668923 -0.538432810 0.823509274 -3.060800000 -0.026111017 -0.839276821 -0.543077004 1.422500000
0.000000000 0.626081731 1.085416667 0.390745192 0.520208333 0.000000000 0.000000000 0.983377929 0.075010806 -0.165351827 1.732700000 0.179520178 -0.538138005 0.823516845 -3.061800000 -0.027209440 -0.839512279 -0.542658990 1.422300000
0.000000000 0.626081731 1.085416667 0.390745192 0.520208333 0.000000000 0.000000000 0.983377929 0.075010806 -0.165351827 1.732700000 0.179520178 -0.538138005 0.823516845 -3.061800000 -0.027209440 -0.839512279 -0.542658990 1.422300000
0.000000000 0.626081731 1.085416667 0.390745192 0.520208333 0.000000000 0.000000000 0.983377929 0.075010806 -0.165351827 1.732700000 0.179520178 -0.538138005 0.823516845 -3.061800000 -0.027209440 -0.839512279 -0.542658990 1.422300000
0.000000000 0.626081731 1.085416667 0.390745192 0.520208333 0.000000000 0.000000000 0.976567818 0.084230802 -0.198041581 1.775900000 0.211439456 -0.547021187 0.809976035 -3.088100000 -0.040108010 -0.832870334 -0.552013002 1.412300000
0.000000000 0.626081731 1.085416667 0.390745192 0.520208333 0.000000000 0.000000000 0.976567818 0.084230802 -0.198041581 1.775900000 0.211439456 -0.547021187 0.809976035 -3.088100000 -0.040108010 -0.832870334 -0.552013002 1.412300000
0.000000000 0.626081731 1.085416667 0.390745192 0.520208333 0.000000000 0.000000000 0.976567818 0.084230802 -0.198041581 1.775900000 0.211439456 -0.547021187 0.809976035 -3.088100000 -0.040108010 -0.832870334 -0.552013002 1.412300000
0.000000000 0.626081731 1.085416667 0.390745192 0.520208333 0.000000000 0.000000000 0.976328293 0.084366952 -0.199161447 1.777200000 0.212413196 -0.547632577 0.809307849 -3.089000000 -0.040788460 -0.832454670 -0.552589833 1.411900000
0.000000000 0.626081731 1.085416667 0.390745192 0.520208333 0.000000000 0.000000000 0.976328293 0.084366952 -0.199161447 1.777200000 0.212413196 -0.547632577 0.809307849 -3.089000000 -0.040788460 -0.832454670 -0.552589833 1.411900000
0.000000000 0.626081731 1.085416667 0.390745192 0.520208333 0.000000000 0.000000000 0.972730604 0.085753818 -0.215502797 1.792700000 0.226414716 -0.552640329 0.802075460 -3.098500000 -0.050314504 -0.828996351 -0.556986087 1.406500000
0.000000000 0.626081731 1.085416667 0.390745192 0.520208333 0.000000000 0.000000000 0.972904529 0.086981076 -0.214222009 1.793200000 0.225984348 -0.553566121 0.801558247 -3.098900000 -0.048865648 -0.828250470 -0.558223349 1.406100000
0.000000000 0.626081731 1.085416667 0.390745192 0.520208333 0.000000000 0.000000000 0.972904529 0.086981076 -0.214222009 1.793200000 0.225984348 -0.553566121 0.801558247 -3.098900000 -0.048865648 -0.828250470 -0.558223349 1.406100000
