0.000000000 0.643509615 1.123333333 0.384735577 0.515833333 0.000000000 0.000000000 -0.226011418 0.698599300 -0.678879854 -1.182600000 0.973563978 0.185633855 -0.133091141 0.458000000 0.033045707 -0.691013089 -0.722086485 0.913200000
0.000000000 0.643509615 1.123333333 0.384735577 0.515833333 0.000000000 0.000000000 -0.220566100 0.705733101 -0.673269177 -1.181400000 0.974636576 0.186271440 -0.124042315 0.447100000 0.037870051 -0.683552295 -0.728918458 0.912500000
0.000000000 0.643509615 1.123333333 0.384735577 0.515833333 0.000000000 0.000000000 -0.217441894 0.696198186 -0.684125068 -1.180100000 0.975290214 0.183038653 -0.123716813 0.434400000 0.039089910 -0.694121702 -0.718795549 0.913600000
0.000000000 0.643509615 1.123333333 0.384735577 0.515833333 0.000000000 0.000000000 -0.212193781 0.696883990 -0.685074086 -1.178700000 0.976240993 0.182661280 -0.116569210 0.425300000 0.043901293 -0.693532667 -0.719086306 0.913800000
0.000000000 0.643509615 1.123333333 0.384735577 0.515833333 0.000000000 0.000000000 -0.209160691 0.698379800 -0.684483353 -1.176900000 0.976772185 0.182536333 -0.112234515 0.416300000 0.046560763 -0.692059349 -0.720337388 0.914300000
0.000000000 0.643509615 1.123333333 0.384735577 0.515833333 0.000000000 0.000000000 -0.200480931 0.697050619 -0.688424165 -1.174600000 0.978586004 0.175943955 -0.106832377 0.403700000 0.046656496 -0.695100107 -0.717397388 0.914200000
0.000000000 0.643509615 1.123333333 0.384735577 0.515833333 0.000000000 0.000000000 -0.193431568 0.702230674 -0.685168818 -1.172100000 0.980102464 0.170005886 -0.102455638 0.394200000 0.044535240 -0.691353802 -0.721142519 0.914700000
0.000000000 0.643509615 1.123333333 0.384735577 0.515833333 0.000000000 0.000000000 -0.188933343 0.694861564 -0.693881545 -1.171200000 0.981309980 0.159888170 -0.107081723 0.383400000 0.036536477 -0.701144193 -0.712082795 0.913700000
0.000000000 0.643509615 1.123333333 0.384735577 0.515833333 0.000000000 0.000000000 -0.181293451 0.697735704 -0.693035043 -1.167700000 0.982785470 0.154033017 -0.102012495 0.371100000 0.035572519 -0.699598968 -0.713649690 0.915100000
0.000000000 0.643509615 1.123333333 0.384735577 0.515833333 0.000000000 0.000000000 -0.180615962 0.691149453 -0.699778756 -1.165600000 0.983038199 0.149885656 -0.105689120 0.361300000 0.031839820 -0.706998390 -0.706498055 0.915700000
0.000000000 0.643509615 1.123333333 0.384735577 0.515833333 0.000000000 0.000000000 -0.177546991 0.689155124 -0.702525645 -1.163600000 0.983527506 0.148865729 -0.102531161 0.351000000 0.033922118 -0.709157395 -0.704233683 0.916000000
0.000000000 0.643509615 1.123333333 0.384735577 0.515833333 0.000000000 0.000000000 -0.169173330 0.682115218 -0.711406504 -1.160900000 0.985053944 0.140741414 -0.099300463 0.337800000 0.032390000 -0.717572772 -0.695729980 0.916600000
0.000000000 0.643509615 1.123333333 0.384735577 0.515833333 0.000000000 0.000000000 -0.158992705 0.688717167 -0.707382488 -1.159000000 0.986647062 0.136487768 -0.088874431 0.327800000 0.035339710 -0.712067240 -0.701221328 0.916000000
0.000000000 0.643509615 1.123333333 0.384735577 0.515833333 0.000000000 0.000000000 -0.161940066 0.689958430 -0.705501793 -1.157000000 0.986344424 0.134910251 -0.094466401 0.317400000 0.030001534 -0.711165655 -0.702384025 0.915700000
0.000000000 0.643509615 1.123333333 0.384735577 0.515833333 0.000000000 0.000000000 -0.163279215 0.688606427 -0.706513331 -1.153300000 0.985871348 0.141018606 -0.090396003 0.302600000 0.037384256 -0.711291038 -0.701902754 0.915500000
0.000000000 0.643509615 1.123333333 0.384735577 0.515833333 0.000000000 0.000000000 -0.156654494 0.690561649 -0.706104793 -1.150500000 0.986122679 0.149151461 -0.072910241 0.292400000 0.054967545 -0.707727668 -0.704343750 0.915900000
0.000000000 0.643509615 1.123333333 0.384735577 0.515833333 0.000000000 0.000000000 -0.148981780 0.680096202 -0.717825595 -1.147900000 0.986999493 0.146544243 -0.066005948 0.281400000 0.060302814 -0.718327182 -0.693087029 0.916700000
0.000000000 0.643509615 1.123333333 0.384735577 0.515833333 0.000000000 0.000000000 -0.144247134 0.679309379 -0.719535636 -1.144300000 0.988258865 0.135909149 -0.069807730 0.264800000 0.050370430 -0.721157036 -0.690938021 0.916700000
0.000000000 0.643509615 1.123333333 0.384735577 0.515833333 0.000000000 0.000000000 -0.134702298 0.687088116 -0.713978439 -1.141000000 0.989561568 0.130522465 -0.061088375 0.252000000 0.051217130 -0.714754368 -0.697497669 0.916600000
0.000000000 0.643509615 1.123333333 0.384735577 0.515833333 0.000000000 0.000000000 -0.114367590 0.676438182 -0.727565420 -1.136900000 0.992039706 0.116614692 -0.047520895 0.234600000 0.052699870 -0.727208636 -0.684390476 0.915900000
0.000000000 0.643509615 1.123333333 0.384735577 0.515833333 0.000000000 0.000000000 -0.099829294 0.663827329 -0.741193220 -1.133600000 0.994307946 0.094425353 -0.049351409 0.220500000 0.037226617 -0.741901024 -0.669475205 0.915200000
0.000000000 0.643509615 1.123333333 0.384735577 0.515833333 0.000000000 0.000000000 -0.081876910 0.657467497 -0.749021136 -1.131300000 0.996353404 0.072095961 -0.045629670 0.205200000 0.024001374 -0.750025775 -0.660972973 0.913300000
0.000000000 0.643509615 1.123333333 0.384735577 0.515833333 0.000000000 0.000000000 -0.054965772 0.661581680 -0.747855899 -1.127900000 0.998395791 0.046607968 -0.032148731 0.184500000 0.013587032 -0.748423262 -0.663082208 0.910600000
0.000000000 0.643509615 1.123333333 0.384735577 0.515833333 0.000000000 0.000000000 -0.042883821 0.664523876 -0.746035519 -1.124000000 0.999044923 0.034785652 -0.026442397 0.168200000 0.008379728 -0.746456949 -0.665380946 0.908300000
0.000000000 0.643509615 1.123333333 0.384735577 0.515833333 0.000000000 0.000000000 -0.040327305 0.660427933 -0.749805744 -1.119300000 0.999118042 0.035438740 -0.022521839 0.150900000 0.011698119 -0.750052692 -0.661274612 0.906800000
0.000000000 0.643509615 1.123333333 0.384735577 0.515833333 0.000000000 0.000000000 -0.045274181 0.632633761 -0.773126621 -1.114200000 0.997736328 0.067157676 -0.003473534 0.130200000 0.049723912 -0.771533778 -0.634242195 0.903300000
0.000000000 0.643509615 1.123333333 0.384735577 0.515833333 0.000000000 0.000000000 -0.053062709 0.622088314 -0.781146899 -1.109900000 0.995953051 0.089792341 0.003854332 0.113900000 0.072538743 -0.777781116 -0.624335379 0.899800000
0.000000000 0.643509615 1.123333333 0.384735577 0.515833333 0.000000000 0.000000000 -0.057318806 0.630480181 -0.774086103 -1.104800000 0.994799066 0.101460579 0.008975990 0.091900000 0.084198408 -0.769545640 -0.633016695 0.894400000
0.000000000 0.643509615 1.123333333 0.384735577 0.515833333 0.000000000 0.000000000 -0.047323779 0.635515263 -0.770636627 -1.101800000 0.993913524 0.106794410 0.027034445 0.077100000 0.099480486 -0.764666793 -0.636701129 0.890300000
0.000000000 0.643509615 1.123333333 0.384735577 0.515833333 0.000000000 0.000000000 -0.032679004 0.628804252 -0.776876628 -1.098900000 0.994526332 0.097641176 0.037196456 0.062600000 0.099244437 -0.771408720 -0.628553203 0.885600000
0.000000000 0.643509615 1.123333333 0.384735577 0.515833333 0.000000000 0.000000000 -0.016715633 0.628324826 -0.777771496 -1.096100000 0.996294036 0.076108002 0.040072004 0.043000000 0.084372869 -0.774219274 -0.627268471 0.877500000
0.000000000 0.643509615 1.123333333 0.384735577 0.515833333 0.000000000 0.000000000 -0.005240423 0.645652955 -0.763612991 -1.094300000 0.995290815 0.077281468 0.058512969 0.028400000 0.096792204 -0.759710363 -0.643017444 0.869800000
0.000000000 0.643509615 1.123333333 0.384735577 0.515833333 0.000000000 0.000000000 -0.007414016 0.656086630 -0.754649168 -1.093000000 0.994620815 0.082810949 0.062223645 0.013500000 0.103317315 -0.750128443 -0.653171380 0.864400000
0.000000000 0.643509615 1.123333333 0.384735577 0.515833333 0.000000000 0.000000000 -0.018743166 0.647024502 -0.762238800 -1.091100000 0.993236586 0.099421511 0.059970387 -0.005800000 0.114585243 -0.755959428 -0.644511881 0.857100000
0.000000000 0.643509615 1.123333333 0.384735577 0.515833333 0.000000000 0.000000000 -0.016097204 0.637356104 -0.770401244 -1.090200000 0.992105173 0.106021888 0.066982729 -0.018700000 0.124371246 -0.763240825 -0.634030943 0.852600000
0.000000000 0.643509615 1.123333333 0.384735577 0.515833333 0.000000000 0.000000000 -0.011091967 0.637042332 -0.770749009 -1.090000000 0.991676702 0.105887530 0.073247183 -0.031200000 0.128274265 -0.763521380 -0.632914540 0.847700000
0.000000000 0.643509615 1.123333333 0.384735577 0.515833333 0.000000000 0.000000000 -0.008553070 0.650813762 -0.759189233 -1.091100000 0.992030821 0.100963206 0.075374271 -0.047300000 0.125704792 -0.752494437 -0.646490856 0.841000000
0.000000000 0.643509615 1.123333333 0.384735577 0.515833333 0.000000000 0.000000000 0.006049010 0.658289212 -0.752740807 -1.091800000 0.993299661 0.082920636 0.080498146 -0.058500000 0.115408808 -0.748184123 -0.653376864 0.837100000
0.000000000 0.643509615 1.123333333 0.384735577 0.515833333 0.000000000 0.000000000 0.022840640 0.657875350 -0.752780399 -1.092300000 0.994480354 0.062178833 0.084514009 -0.068500000 0.102406690 -0.750555672 -0.652823907 0.834200000
0.000000000 0.643509615 1.123333333 0.384735577 0.515833333 0.000000000 0.000000000 0.031125653 0.662362214 -0.748536900 -1.093100000 0.994376473 0.055324183 0.090303184 -0.081900000 0.101225610 -0.747138228 -0.656915401 0.829200000
0.000000000 0.643509615 1.123333333 0.384735577 0.515833333 0.000000000 0.000000000 0.036319329 0.664056385 -0.746799855 -1.093400000 0.993869123 0.054087465 0.096429834 -0.091700000 0.104427358 -0.745723584 -0.658020717 0.826000000
0.000000000 0.643509615 1.123333333 0.384735577 0.515833333 0.000000000 0.000000000 0.037562133 0.659751872 -0.750544171 -1.094000000 0.994489994 0.048880356 0.092738141 -0.101600000 0.097871028 -0.749892111 -0.654280585 0.823300000
0.000000000 0.643509615 1.123333333 0.384735577 0.515833333 0.000000000 0.000000000 0.044564306 0.660931119 -0.749122206 -1.095000000 0.993868561 0.046622516 0.100257787 -0.115200000 0.101189453 -0.748996927 -0.654800960 0.820100000
0.000000000 0.643509615 1.123333333 0.384735577 0.515833333 0.000000000 0.000000000 0.046725867 0.662225448 -0.747846340 -1.095900000 0.993536201 0.046725867 0.103452935 -0.125900000 0.103452935 -0.747846340 -0.655761650 0.818000000
0.000000000 0.643509615 1.123333333 0.384735577 0.515833333 0.000000000 0.000000000 0.044327014 0.655679618 -0.753736926 -1.097200000 0.994193705 0.045097683 0.097698902 -0.137000000 0.098050968 -0.753691208 -0.649873504 0.816400000
0.000000000 0.643509615 1.123333333 0.384735577 0.515833333 0.000000000 0.000000000 0.052820344 0.651988653 -0.756386679 -1.098500000 0.992920470 0.046407419 0.109340254 -0.151900000 0.106390558 -0.756807207 -0.644921624 0.814600000
0.000000000 0.643509615 1.123333333 0.384735577 0.515833333 0.000000000 0.000000000 0.053469590 0.645987505 -0.761473011 -1.100000000 0.993068583 0.045532226 0.108358691 -0.162700000 0.104669921 -0.761988819 -0.639075307 0.814400000
0.000000000 0.643509615 1.123333333 0.384735577 0.515833333 0.000000000 0.000000000 0.052877684 0.645362129 -0.762044404 -1.100700000 0.993314093 0.044428863 0.106551342 -0.174600000 0.102620968 -0.762583634 -0.638698002 0.813100000
0.000000000 0.643509615 1.123333333 0.384735577 0.515833333 0.000000000 0.000000000 0.057633307 0.653871544 -0.754407321 -1.102700000 0.993112057 0.039666612 0.110249727 -0.190600000 0.102013942 -0.755565062 -0.647081596 0.812400000
0.000000000 0.643509615 1.123333333 0.384735577 0.515833333 0.000000000 0.000000000 0.066449669 0.659272133 -0.748962413 -1.104500000 0.992635484 0.032518628 0.116693339 -0.202200000 0.101287896 -0.751200900 -0.652256061 0.812900000
0.000000000 0.643509615 1.123333333 0.384735577 0.515833333 0.000000000 0.000000000 0.063915024 0.647562823 -0.759326846 -1.107700000 0.993741070 0.028553453 0.107997155 -0.215700000 0.091616346 -0.761476914 -0.641684779 0.813300000
0.000000000 0.643509615 1.123333333 0.384735577 0.515833333 0.000000000 0.000000000 0.057012400 0.643187442 -0.763583329 -1.111300000 0.993377893 0.039869762 0.107753254 -0.232600000 0.099749426 -0.764670071 -0.636655115 0.812900000
0.000000000 0.643509615 1.123333333 0.384735577 0.515833333 0.000000000 0.000000000 0.057252594 0.645005208 -0.762030460 -1.113700000 0.992582013 0.045223581 0.112852890 -0.245100000 0.107252448 -0.762838849 -0.637631401 0.812000000
0.000000000 0.643509615 1.123333333 0.384735577 0.515833333 0.000000000 0.000000000 0.058722450 0.634248184 -0.770896177 -1.117700000 0.993271150 0.040095374 0.108649824 -0.257900000 0.099820324 -0.772089116 -0.627625924 0.810300000
0.000000000 0.643509615 1.123333333 0.384735577 0.515833333 0.000000000 0.000000000 0.063663823 0.627438258 -0.776059373 -1.123200000 0.992769395 0.039478372 0.113359544 -0.273100000 0.101763676 -0.777664896 -0.620388156 0.806700000
0.000000000 0.643509615 1.123333333 0.384735577 0.515833333 0.000000000 0.000000000 0.073459522 0.634799877 -0.769176712 -1.126200000 0.991757982 0.034683935 0.123341520 -0.285100000 0.104975257 -0.771897753 -0.627019980 0.803400000
0.000000000 0.643509615 1.123333333 0.384735577 0.515833333 0.000000000 0.000000000 0.090949382 0.643306277 -0.760187637 -1.129800000 0.992831955 0.000865481 0.119515521 -0.301500000 0.077543013 -0.765608441 -0.638616314 0.801500000
0.000000000 0.643509615 1.123333333 0.384735577 0.515833333 0.000000000 0.000000000 0.102621222 0.647903011 -0.754778492 -1.132900000 0.992969374 -0.021719821 0.116361812 -0.313900000 0.058997515 -0.761413119 -0.645576762 0.801000000
0.000000000 0.643509615 1.123333333 0.384735577 0.515833333 0.000000000 0.000000000 0.110718971 0.643408870 -0.757473654 -1.135400000 0.992361391 -0.029847030 0.119699726 -0.326300000 0.054407526 -0.764940639 -0.641798753 0.800100000
0.000000000 0.643509615 1.123333333 0.384735577 0.515833333 0.000000000 0.000000000 0.106120273 0.634505787 -0.765598390 -1.137900000 0.993164711 -0.030000426 0.112799958 -0.342000000 0.048603948 -0.772335666 -0.633352410 0.799100000
0.000000000 0.643509615 1.123333333 0.384735577 0.515833333 0.000000000 0.000000000 0.110441150 0.630640457 -0.768176650 -1.140700000 0.992159487 -0.024462252 0.122560806 -0.352100000 0.058500472 -0.775689507 -0.628397552 0.798000000
0.000000000 0.643509615 1.123333333 0.384735577 0.515833333 0.000000000 0.000000000 0.113301188 0.633962029 -0.765019599 -1.143600000 0.990804328 -0.014779382 0.134492947 -0.361200000 0.073956905 -0.773222940 -0.629806844 0.795300000
0.000000000 0.643509615 1.123333333 0.384735577 0.515833333 0.000000000 0.000000000 0.113321383 0.641597431 -0.758624413 -1.146800000 0.990796621 -0.016083754 0.134400034 -0.374200000 0.074029188 -0.766872903 -0.637515200 0.791500000
0.000000000 0.643509615 1.123333333 0.384735577 0.515833333 0.000000000 0.000000000 0.123907334 0.651874630 -0.748135308 -1.149000000 0.988855506 -0.018408366 0.147735979 -0.383200000 0.082533388 -0.758103291 -0.646890749 0.788500000
0.000000000 0.643509615 1.123333333 0.384735577 0.515833333 0.000000000 0.000000000 0.134330814 0.649643575 -0.748276992 -1.151300000 0.986745550 -0.018317165 0.161238025 -0.394000000 0.091040934 -0.760018228 -0.643493467 0.784500000
0.000000000 0.643509615 1.123333333 0.384735577 0.515833333 0.000000000 0.000000000 0.128258598 0.653835756 -0.745686620 -1.152700000 0.987195976 -0.012270345 0.159039440 -0.402300000 0.094835841 -0.756537007 -0.647037805 0.780700000
0.000000000 0.643509615 1.123333333 0.384735577 0.515833333 0.000000000 0.000000000 0.123384986 0.659716723 -0.741316391 -1.153600000 0.986633573 -0.001424079 0.162948348 -0.409800000 0.106444057 -0.751513019 -0.651074377 0.777400000
0.000000000 0.643509615 1.123333333 0.384735577 0.515833333 0.000000000 0.000000000 0.131427120 0.660144260 -0.739551532 -1.155400000 0.984089091 0.003096887 0.177648726 -0.419100000 0.119564094 -0.751132455 -0.649233750 0.772900000
0.000000000 0.643509615 1.123333333 0.384735577 0.515833333 0.000000000 0.000000000 0.120582214 0.669281026 -0.733159490 -1.157200000 0.983880370 0.017674170 0.177952358 -0.423900000 0.132058122 -0.742799119 -0.656361273 0.770500000
0.000000000 0.643509615 1.123333333 0.384735577 0.515833333 0.000000000 0.000000000 0.119857111 0.671292271 -0.731437598 -1.159100000 0.982482981 0.025690789 0.184572957 -0.429800000 0.142693608 -0.740747372 -0.656454008 0.768300000
0.000000000 0.643509615 1.123333333 0.384735577 0.515833333 0.000000000 0.000000000 0.122788063 0.658185897 -0.742774809 -1.162600000 0.980088446 0.037259131 0.195034342 -0.436500000 0.156043997 -0.751932897 -0.640505417 0.765100000
0.000000000 0.643509615 1.123333333 0.384735577 0.515833333 0.000000000 0.000000000 0.117223834 0.662404499 -0.739918139 -1.165700000 0.980241416 0.042356194 0.193216767 -0.443000000 0.159327772 -0.747948014 -0.644351169 0.761200000
0.000000000 0.643509615 1.123333333 0.384735577 0.515833333 0.000000000 0.000000000 0.114201961 0.674229765 -0.729638360 -1.168300000 0.978906032 0.048873755 0.198379275 -0.448500000 0.169413378 -0.736902694 -0.654426105 0.757600000
0.000000000 0.643509615 1.123333333 0.384735577 0.515833333 0.000000000 0.000000000 0.117916334 0.673542716 -0.729682087 -1.170600000 0.977034516 0.052638437 0.206476994 -0.456300000 0.177480400 -0.737271595 -0.651867550 0.753900000
0.000000000 0.643509615 1.123333333 0.384735577 0.515833333 0.000000000 0.000000000 0.121936711 0.673535636 -0.729027562 -1.172000000 0.977567813 0.045590379 0.205627546 -0.462900000 0.171734123 -0.737747426 -0.652867618 0.750800000
0.000000000 0.643509615 1.123333333 0.384735577 0.515833333 0.000000000 0.000000000 0.123013156 0.683238451 -0.719758975 -1.173500000 0.977805334 0.040502809 0.205563254 -0.470200000 0.169600980 -0.729071150 -0.663091823 0.747400000
0.000000000 0.643509615 1.123333333 0.384735577 0.515833333 0.000000000 0.000000000 0.132988260 0.689357065 -0.712110216 -1.174800000 0.976022941 0.033829126 0.215022810 -0.479000000 0.172317559 -0.723631417 -0.668329433 0.744800000
0.000000000 0.643509615 1.123333333 0.384735577 0.515833333 0.000000000 0.000000000 0.133554847 0.675801362 -0.724883178 -1.177000000 0.977391616 0.031160376 0.209128335 -0.486900000 0.163916846 -0.736424844 -0.656360966 0.742000000
0.000000000 0.643509615 1.123333333 0.384735577 0.515833333 0.000000000 0.000000000 0.130538557 0.677124693 -0.724197373 -1.178400000 0.977358347 0.034799906 0.208709435 -0.494500000 0.166524312 -0.735044976 -0.657250741 0.739400000
0.000000000 0.643509615 1.123333333 0.384735577 0.515833333 0.000000000 0.000000000 0.122864838 0.679266173 -0.723534172 -1.180500000 0.975904884 0.049769150 0.212444556 -0.504600000 0.180316081 -0.732202498 -0.656784297 0.735400000
0.000000000 0.643509615 1.123333333 0.384735577 0.515833333 0.000000000 0.000000000 0.123501383 0.677309720 -0.725257852 -1.181400000 0.974980897 0.053301678 0.215803571 -0.512300000 0.184823317 -0.733764590 -0.653781208 0.732900000
