0.000000000 0.626081731 1.085416667 0.390745192 0.520208333 0.000000000 0.000000000 -0.914391892 0.045431883 -0.402272808 -1.819900000 0.404716713 0.079064262 -0.911017686 -0.756000000 -0.009583846 -0.995833714 -0.090682763 0.568600000
0.000000000 0.626081731 1.085416667 0.390745192 0.520208333 0.000000000 0.000000000 -0.914811389 0.044628953 -0.401407996 -1.819900000 0.403768030 0.077519340 -0.911571242 -0.756200000 -0.009565587 -0.995991470 -0.088935319 0.568500000
0.000000000 0.626081731 1.085416667 0.390745192 0.520208333 0.000000000 0.000000000 -0.914674028 0.045962260 -0.401570533 -1.819800000 0.404071410 0.079681799 -0.911250299 -0.756100000 -0.009885260 -0.995760153 -0.091454907 0.568700000
0.000000000 0.626081731 1.085416667 0.390745192 0.520208333 0.000000000 0.000000000 -0.914271077 0.046341106 -0.402443661 -1.819700000 0.404985056 0.080590848 -0.910764635 -0.755900000 -0.009772564 -0.995669432 -0.092449336 0.568700000
0.000000000 0.626081731 1.085416667 0.390745192 0.520208333 0.000000000 0.000000000 -0.914685294 0.045929073 -0.401548668 -1.819800000 0.404045174 0.079539239 -0.911274386 -0.756100000 -0.009915112 -0.995773081 -0.091310793 0.568700000
0.000000000 0.626081731 1.085416667 0.390745192 0.520208333 0.000000000 0.000000000 -0.914272152 0.046398940 -0.402434555 -1.819700000 0.404984037 0.080866256 -0.910740676 -0.755900000 -0.009714026 -0.995644408 -0.092724595 0.568600000
0.000000000 0.626081731 1.085416667 0.390745192 0.520208333 0.000000000 0.000000000 -0.914685294 0.045929073 -0.401548668 -1.819800000 0.404045174 0.079539239 -0.911274386 -0.756100000 -0.009915112 -0.995773081 -0.091310793 0.568700000
0.000000000 0.626081731 1.085416667 0.390745192 0.520208333 0.000000000 0.000000000 -0.914324160 0.046532134 -0.402300996 -1.819800000 0.404863107 0.080841284 -0.910796658 -0.755900000 -0.009858783 -0.995640220 -0.092754283 0.568600000
0.000000000 0.626081731 1.085416667 0.390745192 0.520208333 0.000000000 0.000000000 -0.914260841 0.046432243 -0.402456409 -1.819700000 0.405010288 0.081008862 -0.910716328 -0.755900000 -0.009684066 -0.995631263 -0.092868766 0.568600000
0.000000000 0.626081731 1.085416667 0.390745192 0.520208333 0.000000000 0.000000000 -0.914685294 0.045929073 -0.401548668 -1.819800000 0.404045174 0.079539239 -0.911274386 -0.756100000 -0.009915112 -0.995773081 -0.091310793 0.568700000
0.000000000 0.626081731 1.085416667 0.390745192 0.520208333 0.000000000 0.000000000 -0.914501265 0.045987439 -0.401960934 -1.819800000 0.404469585 0.080391597 -0.911011277 -0.756000000 -0.009580794 -0.995701937 -0.092118737 0.568700000
0.000000000 0.626081731 1.085416667 0.390745192 0.520208333 0.000000000 0.000000000 -0.914638381 0.045334139 -0.401723098 -1.819800000 0.404169874 0.080099480 -0.911170009 -0.756100000 -0.009129297 -0.995755436 -0.091584752 0.568800000
0.000000000 0.626081731 1.085416667 0.390745192 0.520208333 0.000000000 0.000000000 -0.914557002 0.047981380 -0.401600893 -1.819500000 0.404278669 0.078962229 -0.911221007 -0.756200000 -0.012010340 -0.995722227 -0.091613308 0.568400000
0.000000000 0.626081731 1.085416667 0.390745192 0.520208333 0.000000000 0.000000000 -0.914557002 0.047981380 -0.401600893 -1.819400000 0.404278669 0.078962229 -0.911221007 -0.756200000 -0.012010340 -0.995722227 -0.091613308 0.568400000
0.000000000 0.626081731 1.085416667 0.390745192 0.520208333 0.000000000 0.000000000 -0.915141743 0.047488907 -0.400325361 -1.819500000 0.402937952 0.076926057 -0.911988700 -0.756600000 -0.012513895 -0.995905209 -0.089533329 0.568500000
0.000000000 0.626081731 1.085416667 0.390745192 0.520208333 0.000000000 0.000000000 -0.914616948 0.047838478 -0.401481404 -1.819500000 0.404146923 0.078996012 -0.911276519 -0.756200000 -0.011878652 -0.995726423 -0.091584865 0.568400000
0.000000000 0.626081731 1.085416667 0.390745192 0.520208333 0.000000000 0.000000000 -0.914668589 0.047971836 -0.401347824 -1.819500000 0.404025756 0.078971171 -0.911332400 -0.756200000 -0.012023381 -0.995721978 -0.091614307 0.568400000
0.000000000 0.626081731 1.085416667 0.390745192 0.520208333 0.000000000 0.000000000 -0.915310848 0.047887125 -0.399891080 -1.819400000 0.402574007 0.079591088 -0.911920735 -0.756600000 -0.011841496 -0.995676696 -0.092128698 0.568500000
0.000000000 0.626081731 1.085416667 0.390745192 0.520208333 0.000000000 0.000000000 -0.914442200 0.047817673 -0.401881740 -1.819300000 0.404533419 0.078126832 -0.911179955 -0.756300000 -0.012172758 -0.995795997 -0.090786319 0.568100000
0.000000000 0.626081731 1.085416667 0.390745192 0.520208333 0.000000000 0.000000000 -0.915024423 0.047082328 -0.400641436 -1.819400000 0.403208742 0.076291338 -0.911922333 -0.756600000 -0.012369955 -0.995973336 -0.088792444 0.568200000
0.000000000 0.626081731 1.085416667 0.390745192 0.520208333 0.000000000 0.000000000 -0.914964614 0.047225085 -0.400761209 -1.819300000 0.403340376 0.076257724 -0.911866931 -0.756600000 -0.012501855 -0.995969152 -0.088820903 0.568100000
0.000000000 0.626081731 1.085416667 0.390745192 0.520208333 0.000000000 0.000000000 -0.914975862 0.047191920 -0.400739435 -1.819400000 0.403313941 0.076115358 -0.911890518 -0.756600000 -0.012531439 -0.995981614 -0.088676874 0.568100000
0.000000000 0.626081731 1.085416667 0.390745192 0.520208333 0.000000000 0.000000000 -0.915016149 0.047358646 -0.400627764 -1.819300000 0.403218941 0.076232864 -0.911922714 -0.756600000 -0.012646423 -0.995964713 -0.088850205 0.568100000
0.000000000 0.626081731 1.085416667 0.390745192 0.520208333 0.000000000 0.000000000 -0.914442200 0.047817673 -0.401881740 -1.819300000 0.404533419 0.078126832 -0.911179955 -0.756300000 -0.012172758 -0.995795997 -0.090786319 0.568100000
0.000000000 0.626081731 1.085416667 0.390745192 0.520208333 0.000000000 0.000000000 -0.914964614 0.047225085 -0.400761209 -1.819400000 0.403340376 0.076257724 -0.911866931 -0.756600000 -0.012501855 -0.995969152 -0.088820903 0.568100000
0.000000000 0.626081731 1.085416667 0.390745192 0.520208333 0.000000000 0.000000000 -0.914964614 0.047225085 -0.400761209 -1.819300000 0.403340376 0.076257724 -0.911866931 -0.756600000 -0.012501855 -0.995969152 -0.088820903 0.568100000
0.000000000 0.626081731 1.085416667 0.390745192 0.520208333 0.000000000 0.000000000 -0.914964614 0.047225085 -0.400761209 -1.819400000 0.403340376 0.076257724 -0.911866931 -0.756600000 -0.012501855 -0.995969152 -0.088820903 0.568100000
0.000000000 0.626081731 1.085416667 0.390745192 0.520208333 0.000000000 0.000000000 -0.914493871 0.047951085 -0.401748247 -1.819300000 0.404412217 0.078101951 -0.911235888 -0.756300000 -0.012317427 -0.995791534 -0.090815760 0.568100000
0.000000000 0.626081731 1.085416667 0.390745192 0.520208333 0.000000000 0.000000000 -0.914442200 0.047817673 -0.401881740 -1.819300000 0.404533419 0.078126832 -0.911179955 -0.756300000 -0.012172758 -0.995795997 -0.090786319 0.568100000
0.000000000 0.626081731 1.085416667 0.390745192 0.520208333 0.000000000 0.000000000 -0.915075962 0.047215890 -0.400507983 -1.819300000 0.403087299 0.076266479 -0.911978099 -0.756600000 -0.012514524 -0.995968917 -0.088821747 0.568100000
0.000000000 0.626081731 1.085416667 0.390745192 0.520208333 0.000000000 0.000000000 -0.915088210 0.047240299 -0.400477118 -1.819300000 0.403060383 0.076399704 -0.911978844 -0.756700000 -0.012485820 -0.995957549 -0.088953161 0.568100000
0.000000000 0.626081731 1.085416667 0.390745192 0.520208333 0.000000000 0.000000000 -0.914566187 0.047832658 -0.401597718 -1.819300000 0.404253508 0.078268785 -0.911291994 -0.756300000 -0.012156953 -0.995784130 -0.090918504 0.568100000
0.000000000 0.626081731 1.085416667 0.390745192 0.520208333 0.000000000 0.000000000 -0.915088210 0.047240299 -0.400477118 -1.819300000 0.403060383 0.076399704 -0.911978844 -0.756600000 -0.012485820 -0.995957549 -0.088953161 0.568100000
0.000000000 0.626081731 1.085416667 0.390745192 0.520208333 0.000000000 0.000000000 -0.914677762 0.047823206 -0.401344656 -1.819300000 0.404000600 0.078277686 -0.911403379 -0.756300000 -0.012169901 -0.995783885 -0.090919463 0.568100000
0.000000000 0.626081731 1.085416667 0.390745192 0.520208333 0.000000000 0.000000000 -0.915321887 0.047188759 -0.399948827 -1.819300000 0.402527730 0.076274828 -0.912224521 -0.756700000 -0.012540715 -0.995969564 -0.088810804 0.568100000
0.000000000 0.626081731 1.085416667 0.390745192 0.520208333 0.000000000 0.000000000 -0.915306450 0.047728079 -0.399920158 -1.819000000 0.402562389 0.077461276 -0.912109245 -0.756400000 -0.012554896 -0.995852289 -0.090114335 0.568200000
0.000000000 0.626081731 1.085416667 0.390745192 0.520208333 0.000000000 0.000000000 -0.916487765 0.046974007 -0.397295381 -1.818900000 0.399876067 0.077228859 -0.913309824 -0.756600000 -0.012219154 -0.995906193 -0.089563085 0.568200000
0.000000000 0.626081731 1.085416667 0.390745192 0.520208333 0.000000000 0.000000000 -0.917367918 0.048506933 -0.395073639 -1.818800000 0.397830868 0.079540104 -0.914004361 -0.756800000 -0.012911350 -0.995650767 -0.092265095 0.568300000
0.000000000 0.626081731 1.085416667 0.390745192 0.520208333 0.000000000 0.000000000 -0.919025817 0.047419722 -0.391334789 -1.818900000 0.393976219 0.077244614 -0.915868991 -0.757000000 -0.013201748 -0.995883848 -0.089672037 0.568500000
0.000000000 0.626081731 1.085416667 0.390745192 0.520208333 0.000000000 0.000000000 -0.922295036 0.045213144 -0.383832827 -1.819100000 0.386304718 0.077381818 -0.919119534 -0.759000000 -0.011854602 -0.995975816 -0.088834918 0.568800000
0.000000000 0.626081731 1.085416667 0.390745192 0.520208333 0.000000000 0.000000000 -0.926411989 0.045001568 -0.373812366 -1.819700000 0.376341941 0.080894034 -0.922942522 -0.762500000 -0.011294670 -0.995706289 -0.091877180 0.568500000
0.000000000 0.626081731 1.085416667 0.390745192 0.520208333 0.000000000 0.000000000 -0.933304483 0.041151981 -0.356720139 -1.821500000 0.358962598 0.080881984 -0.929840824 -0.767000000 -0.009412560 -0.995873797 -0.090259540 0.568800000
0.000000000 0.626081731 1.085416667 0.390745192 0.520208333 0.000000000 0.000000000 -0.936566764 0.040976879 -0.348085609 -1.821800000 0.350356989 0.082177360 -0.933004213 -0.769200000 -0.009626844 -0.995774963 -0.091321120 0.569000000
0.000000000 0.626081731 1.085416667 0.390745192 0.520208333 0.000000000 0.000000000 -0.940143288 0.038320626 -0.338617966 -1.821900000 0.340681845 0.081914846 -0.936603352 -0.771900000 -0.008153388 -0.995902348 -0.090066835 0.569500000
0.000000000 0.626081731 1.085416667 0.390745192 0.520208333 0.000000000 0.000000000 -0.945987638 0.035168471 -0.322289571 -1.822600000 0.324116414 0.079656797 -0.942657597 -0.777900000 -0.007479272 -0.996201773 -0.086753024 0.570000000
0.000000000 0.626081731 1.085416667 0.390745192 0.520208333 0.000000000 0.000000000 -0.951392722 0.033472584 -0.306155966 -1.824800000 0.307907003 0.081684343 -0.947903448 -0.786000000 -0.006720629 -0.996096007 -0.088020332 0.570200000
0.000000000 0.626081731 1.085416667 0.390745192 0.520208333 0.000000000 0.000000000 -0.955581603 0.034964394 -0.292645334 -1.826900000 0.294616410 0.086165483 -0.951723006 -0.793300000 -0.008060491 -0.995667113 -0.092639234 0.569900000
0.000000000 0.626081731 1.085416667 0.390745192 0.520208333 0.000000000 0.000000000 -0.959927932 0.034012377 -0.278175348 -1.829200000 0.280117950 0.086332101 -0.956075678 -0.801500000 -0.008502944 -0.995685657 -0.092400072 0.570100000
0.000000000 0.626081731 1.085416667 0.390745192 0.520208333 0.000000000 0.000000000 -0.962125154 0.034236804 -0.270449680 -1.830300000 0.272464090 0.088524021 -0.958084974 -0.806200000 -0.008860474 -0.995485479 -0.094499487 0.570100000
0.000000000 0.626081731 1.085416667 0.390745192 0.520208333 0.000000000 0.000000000 -0.965670360 0.030520467 -0.257971427 -1.831300000 0.259675859 0.086599419 -0.961805068 -0.813600000 -0.007014564 -0.995775598 -0.091551920 0.570400000
0.000000000 0.626081731 1.085416667 0.390745192 0.520208333 0.000000000 0.000000000 -0.967539721 0.029541959 -0.250986377 -1.832000000 0.252632507 0.087083203 -0.963635477 -0.818500000 -0.006610982 -0.995762918 -0.091719717 0.570500000
0.000000000 0.626081731 1.085416667 0.390745192 0.520208333 0.000000000 0.000000000 -0.970457555 0.026793037 -0.239779623 -1.833900000 0.241210124 0.085251101 -0.966721225 -0.826600000 -0.005459920 -0.995999188 -0.089195326 0.570900000
0.000000000 0.626081731 1.085416667 0.390745192 0.520208333 0.000000000 0.000000000 -0.973727895 0.027912090 -0.225997572 -1.835500000 0.227592658 0.086801377 -0.969879942 -0.834100000 -0.007454475 -0.995834543 -0.090873509 0.571100000
0.000000000 0.626081731 1.085416667 0.390745192 0.520208333 0.000000000 0.000000000 -0.976967346 0.026427459 -0.211746061 -1.837300000 0.213273978 0.088372371 -0.972987428 -0.842300000 -0.007001084 -0.995736870 -0.091973210 0.571400000
0.000000000 0.626081731 1.085416667 0.390745192 0.520208333 0.000000000 0.000000000 -0.978932524 0.024593940 -0.202697439 -1.838300000 0.204058069 0.082976650 -0.975435892 -0.847200000 -0.007170657 -0.996247968 -0.086247134 0.571500000
0.000000000 0.626081731 1.085416667 0.390745192 0.520208333 0.000000000 0.000000000 -0.979949935 0.023753974 -0.197822833 -1.838800000 0.199152091 0.086641815 -0.976130955 -0.850900000 -0.006047260 -0.995956297 -0.089635294 0.571600000
0.000000000 0.626081731 1.085416667 0.390745192 0.520208333 0.000000000 0.000000000 -0.981740877 0.023265872 -0.188794993 -1.839100000 0.190100432 0.084351618 -0.978134260 -0.855100000 -0.006831983 -0.996164396 -0.087234283 0.572000000
0.000000000 0.626081731 1.085416667 0.390745192 0.520208333 0.000000000 0.000000000 -0.983123843 0.021835544 -0.181633475 -1.839900000 0.182801482 0.078447871 -0.980015076 -0.859900000 -0.007150403 -0.996679056 -0.081115542 0.572500000
0.000000000 0.626081731 1.085416667 0.390745192 0.520208333 0.000000000 0.000000000 -0.984349451 0.020961963 -0.174976440 -1.840700000 0.176069152 0.074889678 -0.981524931 -0.865000000 -0.007470760 -0.996971480 -0.077408369 0.572800000
0.000000000 0.626081731 1.085416667 0.390745192 0.520208333 0.000000000 0.000000000 -0.987331050 0.020739728 -0.157312625 -1.843300000 0.158486294 0.080705018 -0.984057313 -0.877400000 -0.007713163 -0.996522234 -0.082969533 0.572700000
0.000000000 0.626081731 1.085416667 0.390745192 0.520208333 0.000000000 0.000000000 -0.988082816 0.020348819 -0.152572194 -1.844000000 0.153709404 0.078219813 -0.985015269 -0.882500000 -0.008109729 -0.996728442 -0.080415458 0.572900000
0.000000000 0.626081731 1.085416667 0.390745192 0.520208333 0.000000000 0.000000000 -0.988840830 0.019555268 -0.147686849 -1.844700000 0.148787006 0.079731299 -0.985649708 -0.888500000 -0.007499380 -0.996624559 -0.081751133 0.572800000
0.000000000 0.626081731 1.085416667 0.390745192 0.520208333 0.000000000 0.000000000 -0.990264661 0.019638156 -0.137805092 -1.845600000 0.138999324 0.086721414 -0.986488005 -0.894800000 -0.007422153 -0.996039025 -0.088606842 0.572600000
0.000000000 0.626081731 1.085416667 0.390745192 0.520208333 0.000000000 0.000000000 -0.991512193 0.017958680 -0.128767451 -1.846100000 0.129817615 0.082371024 -0.988110521 -0.903100000 -0.007138453 -0.996439913 -0.084003228 0.572900000
0.000000000 0.626081731 1.085416667 0.390745192 0.520208333 0.000000000 0.000000000 -0.992118870 0.017086367 -0.124129785 -1.846600000 0.125154698 0.087398938 -0.988280187 -0.907600000 -0.006037307 -0.996026848 -0.088848575 0.573000000
0.000000000 0.626081731 1.085416667 0.390745192 0.520208333 0.000000000 0.000000000 -0.994004464 0.016003520 -0.108161971 -1.847700000 0.109106500 0.080632726 -0.990754326 -0.920000000 -0.007134162 -0.996615398 -0.081895377 0.573200000
0.000000000 0.626081731 1.085416667 0.390745192 0.520208333 0.000000000 0.000000000 -0.995094477 0.013800981 -0.097961800 -1.849100000 0.098766311 0.081794904 -0.991743318 -0.930300000 -0.005674255 -0.996553625 -0.082756729 0.573400000
0.000000000 0.626081731 1.085416667 0.390745192 0.520208333 0.000000000 0.000000000 -0.996367227 0.013021984 -0.084159233 -1.849400000 0.084956505 0.083591893 -0.992871990 -0.940100000 -0.005894134 -0.996414986 -0.084394525 0.573700000
0.000000000 0.626081731 1.085416667 0.390745192 0.520208333 0.000000000 0.000000000 -0.997308238 0.012026003 -0.072330165 -1.849300000 0.073096194 0.085519481 -0.993651531 -0.947700000 -0.005764018 -0.996263918 -0.086168338 0.573800000
0.000000000 0.626081731 1.085416667 0.390745192 0.520208333 0.000000000 0.000000000 -0.997832168 0.009730291 -0.065086751 -1.849300000 0.065681647 0.085492789 -0.994171466 -0.953100000 -0.004109129 -0.996291275 -0.085946557 0.574000000
0.000000000 0.626081731 1.085416667 0.390745192 0.520208333 0.000000000 0.000000000 -0.998150725 0.009858027 -0.059982911 -1.849200000 0.060617342 0.087619888 -0.994307947 -0.959900000 -0.004546219 -0.996105203 -0.088055422 0.574300000
0.000000000 0.626081731 1.085416667 0.390745192 0.520208333 0.000000000 0.000000000 -0.998631345 0.007633859 -0.051741283 -1.849100000 0.052209434 0.086862393 -0.994851295 -0.966300000 -0.003100183 -0.996191070 -0.087142068 0.574500000
0.000000000 0.626081731 1.085416667 0.390745192 0.520208333 0.000000000 0.000000000 -0.999093792 0.006779570 -0.042019424 -1.849200000 0.042449200 0.086624010 -0.995336298 -0.976900000 -0.003108061 -0.996218007 -0.086833298 0.574500000
0.000000000 0.626081731 1.085416667 0.390745192 0.520208333 0.000000000 0.000000000 -0.999703135 0.005043705 -0.023837007 -1.848600000 0.024195437 0.090366409 -0.995614631 -0.993800000 -0.002867521 -0.995895814 -0.090461617 0.574800000
0.000000000 0.626081731 1.085416667 0.390745192 0.520208333 0.000000000 0.000000000 -0.999848300 0.003999641 -0.016952284 -1.848500000 0.017237484 0.087565790 -0.996009589 -0.999200000 -0.002499241 -0.996150709 -0.087621450 0.574800000
0.000000000 0.626081731 1.085416667 0.390745192 0.520208333 0.000000000 0.000000000 -0.999970221 0.002161580 -0.007408406 -1.848100000 0.007567780 0.086600681 -0.996214360 -1.007500000 -0.001511824 -0.996240759 -0.086614460 0.575100000
0.000000000 0.626081731 1.085416667 0.390745192 0.520208333 0.000000000 0.000000000 -0.999998840 -0.000621919 0.001390373 -1.848100000 -0.001435731 0.080119660 -0.996784219 -1.014200000 0.000508523 -0.996785059 -0.080120460 0.575500000
0.000000000 0.626081731 1.085416667 0.390745192 0.520208333 0.000000000 0.000000000 -0.999916380 -0.001797686 0.012806322 -1.847700000 -0.012910362 0.081663477 -0.996576339 -1.024400000 0.000745722 -0.996658339 -0.081679857 0.576200000
0.000000000 0.626081731 1.085416667 0.390745192 0.520208333 0.000000000 0.000000000 -0.999634385 -0.002333630 0.026937910 -1.846900000 -0.027037989 0.078544590 -0.996543875 -1.039800000 0.000209737 -0.996907870 -0.078578969 0.576400000
0.000000000 0.626081731 1.085416667 0.390745192 0.520208333 0.000000000 0.000000000 -0.998990575 -0.004938393 0.044647999 -1.844900000 -0.044909271 0.087795601 -0.995125665 -1.056800000 0.000994423 -0.996126269 -0.087928758 0.576300000
0.000000000 0.626081731 1.085416667 0.390745192 0.520208333 0.000000000 0.000000000 -0.998111467 -0.008008762 0.060904513 -1.843300000 -0.061380321 0.090635578 -0.993990769 -1.068200000 0.002440520 -0.995851923 -0.090955990 0.576200000
