0.000000000 0.643509615 1.123333333 0.384735577 0.515833333 0.000000000 0.000000000 0.953241379 -0.232182859 0.193447650 -2.327700000 -0.302193325 -0.739039700 0.602079327 -2.337200000 0.003172994 -0.632385516 -0.774647333 1.017600000
0.000000000 0.643509615 1.123333333 0.384735577 0.515833333 0.000000000 0.000000000 0.953771849 -0.225689845 0.198452397 -2.336300000 -0.300417750 -0.734158146 0.608901463 -2.334300000 0.008272567 -0.640371697 -0.768020608 1.018500000
0.000000000 0.643509615 1.123333333 0.384735577 0.515833333 0.000000000 0.000000000 0.953126382 -0.225908301 0.201284723 -2.343000000 -0.302353542 -0.736415481 0.605206225 -2.332200000 0.011508076 -0.637697169 -0.770201198 1.018500000
0.000000000 0.643509615 1.123333333 0.384735577 0.515833333 0.000000000 0.000000000 0.953595798 -0.226672658 0.198178102 -2.351600000 -0.300925100 -0.739279369 0.602420201 -2.329100000 0.009956794 -0.634102138 -0.773185192 1.018400000
0.000000000 0.643509615 1.123333333 0.384735577 0.515833333 0.000000000 0.000000000 0.952719277 -0.227939532 0.200921747 -2.357900000 -0.303714483 -0.734259809 0.607140878 -2.326700000 0.009137357 -0.639457663 -0.768772012 1.018600000
0.000000000 0.643509615 1.123333333 0.384735577 0.515833333 0.000000000 0.000000000 0.949443774 -0.233396550 0.209958498 -2.364000000 -0.313734786 -0.729417117 0.607882516 -2.324600000 0.011269640 -0.643021555 -0.765765157 1.018300000
0.000000000 0.643509615 1.123333333 0.384735577 0.515833333 0.000000000 0.000000000 0.946526228 -0.242609008 0.212671035 -2.372500000 -0.322464403 -0.732327811 0.599760524 -2.322300000 0.010237608 -0.636267905 -0.771400249 1.016700000
0.000000000 0.643509615 1.123333333 0.384735577 0.515833333 0.000000000 0.000000000 0.944655355 -0.246839894 0.216093329 -2.378800000 -0.327911357 -0.730557641 0.598965504 -2.320300000 0.010020051 -0.636675428 -0.771066792 1.015800000
0.000000000 0.643509615 1.123333333 0.384735577 0.515833333 0.000000000 0.000000000 0.942434679 -0.249354395 0.222798702 -2.385100000 -0.334179373 -0.725990860 0.601050263 -2.318200000 0.011875297 -0.640905342 -0.767528058 1.015000000
0.000000000 0.643509615 1.123333333 0.384735577 0.515833333 0.000000000 0.000000000 0.937351909 -0.261163715 0.230575177 -2.394400000 -0.348124760 -0.727683435 0.591004204 -2.315700000 0.013436884 -0.634247848 -0.773013013 1.012500000
0.000000000 0.643509615 1.123333333 0.384735577 0.515833333 0.000000000 0.000000000 0.936369631 -0.264047065 0.231281350 -2.401700000 -0.350752009 -0.729370978 0.587359349 -2.313500000 0.013599392 -0.631107855 -0.775575871 1.011000000
0.000000000 0.643509615 1.123333333 0.384735577 0.515833333 0.000000000 0.000000000 0.936179753 -0.261994704 0.234363488 -2.411000000 -0.351122646 -0.728714878 0.587951966 -2.310400000 0.016743859 -0.632719055 -0.774200388 1.009500000
0.000000000 0.643509615 1.123333333 0.384735577 0.515833333 0.000000000 0.000000000 0.933487878 -0.266074567 0.240426094 -2.418500000 -0.358103652 -0.727215997 0.585592579 -2.307800000 0.019030410 -0.632741036 -0.774129592 1.008300000
0.000000000 0.643509615 1.123333333 0.384735577 0.515833333 0.000000000 0.000000000 0.930328103 -0.274584793 0.243090132 -2.426100000 -0.366310781 -0.727402615 0.580260154 -2.305600000 0.017493783 -0.628878865 -0.777306465 1.007400000
0.000000000 0.643509615 1.123333333 0.384735577 0.515833333 0.000000000 0.000000000 0.928827810 -0.279041511 0.243751379 -2.435600000 -0.370231648 -0.724567138 0.581318321 -2.302300000 0.014402296 -0.630189097 -0.776308106 1.007000000
0.000000000 0.643509615 1.123333333 0.384735577 0.515833333 0.000000000 0.000000000 0.926674074 -0.280061990 0.250679961 -2.442300000 -0.375397524 -0.722899386 0.580080319 -2.299600000 0.018757942 -0.631650029 -0.775026697 1.006200000
0.000000000 0.643509615 1.123333333 0.384735577 0.515833333 0.000000000 0.000000000 0.923058352 -0.282981747 0.260546751 -2.449100000 -0.383705545 -0.725064055 0.571884753 -2.296900000 0.027080137 -0.627856231 -0.777858097 1.005000000
0.000000000 0.643509615 1.123333333 0.384735577 0.515833333 0.000000000 0.000000000 0.917859990 -0.291495750 0.269375696 -2.458200000 -0.395614226 -0.726583270 0.561752735 -2.293300000 0.031975339 -0.622179218 -0.782221579 1.004400000
0.000000000 0.643509615 1.123333333 0.384735577 0.515833333 0.000000000 0.000000000 0.915721358 -0.295772118 0.271980236 -2.465600000 -0.400805190 -0.720294884 0.566154114 -2.290400000 0.028453372 -0.627450504 -0.778136409 1.004600000
0.000000000 0.643509615 1.123333333 0.384735577 0.515833333 0.000000000 0.000000000 0.914654302 -0.298287773 0.272822127 -2.473100000 -0.403297681 -0.719339602 0.565598372 -2.287400000 0.027540682 -0.627355515 -0.778245828 1.004200000
0.000000000 0.643509615 1.123333333 0.384735577 0.515833333 0.000000000 0.000000000 0.913314708 -0.301867015 0.273372548 -2.483000000 -0.406177445 -0.723968106 0.557575165 -2.284300000 0.029599455 -0.620279362 -0.783822292 1.004200000
0.000000000 0.643509615 1.123333333 0.384735577 0.515833333 0.000000000 0.000000000 0.910642346 -0.304039412 0.279804490 -2.489900000 -0.412111360 -0.717337118 0.561775476 -2.281800000 0.029912261 -0.626887147 -0.778535652 1.004300000
0.000000000 0.643509615 1.123333333 0.384735577 0.515833333 0.000000000 0.000000000 0.908479999 -0.309227366 0.281145029 -2.497100000 -0.417041297 -0.714568337 0.561665958 -2.279100000 0.027214851 -0.627511376 -0.778131624 1.003700000
0.000000000 0.643509615 1.123333333 0.384735577 0.515833333 0.000000000 0.000000000 0.905260670 -0.316602471 0.283312538 -2.506600000 -0.423973257 -0.716174927 0.554382676 -2.275900000 0.027382411 -0.621977772 -0.782555975 1.002200000
0.000000000 0.643509615 1.123333333 0.384735577 0.515833333 0.000000000 0.000000000 0.902879793 -0.316187949 0.291261497 -2.513800000 -0.428739914 -0.711882520 0.556242181 -2.274200000 0.031466894 -0.627095255 -0.778306736 1.000900000
0.000000000 0.643509615 1.123333333 0.384735577 0.515833333 0.000000000 0.000000000 0.901569323 -0.320618988 0.290475853 -2.523600000 -0.431666172 -0.711543901 0.554409229 -2.272400000 0.028932195 -0.625226952 -0.779906524 0.999900000
0.000000000 0.643509615 1.123333333 0.384735577 0.515833333 0.000000000 0.000000000 0.900219300 -0.324032069 0.290875281 -2.531200000 -0.434524766 -0.711711610 0.551955443 -2.271000000 0.028168050 -0.623273457 -0.781496487 0.999000000
0.000000000 0.643509615 1.123333333 0.384735577 0.515833333 0.000000000 0.000000000 0.898269269 -0.327619261 0.292878711 -2.539000000 -0.438532265 -0.711238048 0.549390472 -2.269500000 0.028315582 -0.621937343 -0.782554899 0.998200000
0.000000000 0.643509615 1.123333333 0.384735577 0.515833333 0.000000000 0.000000000 0.898493287 -0.332024646 0.287174942 -2.549700000 -0.438497095 -0.709714993 0.551384553 -2.267900000 0.020739100 -0.621340698 -0.783266000 0.997400000
0.000000000 0.643509615 1.123333333 0.384735577 0.515833333 0.000000000 0.000000000 0.899184745 -0.333324424 0.283481257 -2.558200000 -0.437324849 -0.706231377 0.556762264 -2.266200000 0.014620897 -0.624605532 -0.780803534 0.996500000
0.000000000 0.643509615 1.123333333 0.384735577 0.515833333 0.000000000 0.000000000 0.900023541 -0.332519633 0.281759330 -2.565400000 -0.435564587 -0.709257923 0.554289355 -2.264900000 0.015527944 -0.621597854 -0.783182604 0.996200000
0.000000000 0.643509615 1.123333333 0.384735577 0.515833333 0.000000000 0.000000000 0.899105497 -0.335941949 0.280628423 -2.572400000 -0.437575724 -0.706910860 0.555701828 -2.263100000 0.011695724 -0.622430754 -0.782587482 0.995200000
0.000000000 0.643509615 1.123333333 0.384735577 0.515833333 0.000000000 0.000000000 0.896797819 -0.342701163 0.279838499 -2.580700000 -0.442419787 -0.700732705 0.559677057 -2.260200000 0.004290010 -0.625723253 -0.780033337 0.993300000
0.000000000 0.643509615 1.123333333 0.384735577 0.515833333 0.000000000 0.000000000 0.895836735 -0.344947401 0.280156803 -2.585900000 -0.444372091 -0.699848875 0.559236083 -2.258300000 0.003160390 -0.625478091 -0.780235330 0.991900000
0.000000000 0.643509615 1.123333333 0.384735577 0.515833333 0.000000000 0.000000000 0.893120488 -0.348127720 0.284855901 -2.590100000 -0.449802846 -0.696304839 0.559318310 -2.256600000 0.003632334 -0.627667637 -0.778472956 0.991100000
0.000000000 0.643509615 1.123333333 0.384735577 0.515833333 0.000000000 0.000000000 0.887031936 -0.359974663 0.289123825 -2.595700000 -0.461706545 -0.689969351 0.557466915 -2.254000000 -0.001187387 -0.627981319 -0.778227507 0.989500000
0.000000000 0.643509615 1.123333333 0.384735577 0.515833333 0.000000000 0.000000000 0.884051459 -0.368804152 0.287117599 -2.599400000 -0.467338073 -0.688384143 0.554727317 -2.251900000 -0.006938535 -0.624588479 -0.780923228 0.988500000
0.000000000 0.643509615 1.123333333 0.384735577 0.515833333 0.000000000 0.000000000 0.884025791 -0.367534537 0.288819607 -2.604100000 -0.467378492 -0.685128678 0.558709263 -2.248500000 -0.007466355 -0.628901470 -0.777449159 0.988300000
0.000000000 0.643509615 1.123333333 0.384735577 0.515833333 0.000000000 0.000000000 0.884788157 -0.365469369 0.289105618 -2.607600000 -0.465939499 -0.684398840 0.560801757 -2.245700000 -0.007092315 -0.630896479 -0.775834603 0.988500000
0.000000000 0.643509615 1.123333333 0.384735577 0.515833333 0.000000000 0.000000000 0.884699034 -0.366776241 0.287720017 -2.611500000 -0.466097764 -0.685685390 0.559096075 -2.242600000 -0.007777744 -0.628737414 -0.777578788 0.988000000
0.000000000 0.643509615 1.123333333 0.384735577 0.515833333 0.000000000 0.000000000 0.886154431 -0.361045400 0.290476409 -2.616200000 -0.463378799 -0.686055748 0.560898921 -2.238200000 -0.003226965 -0.631643673 -0.775252125 0.987700000
0.000000000 0.643509615 1.123333333 0.384735577 0.515833333 0.000000000 0.000000000 0.884554389 -0.357399951 0.299714543 -2.619200000 -0.466416553 -0.683771332 0.561170531 -2.234500000 0.004373892 -0.636177680 -0.771530186 0.987000000
0.000000000 0.643509615 1.123333333 0.384735577 0.515833333 0.000000000 0.000000000 0.883417450 -0.358377987 0.301892078 -2.622700000 -0.468539654 -0.684715763 0.558242704 -2.230600000 0.006648368 -0.634609756 -0.772804152 0.985400000
0.000000000 0.643509615 1.123333333 0.384735577 0.515833333 0.000000000 0.000000000 0.883505182 -0.359900399 0.299817103 -2.626700000 -0.468382532 -0.687007360 0.555552600 -2.225300000 0.006032954 -0.631262695 -0.775545623 0.983400000
0.000000000 0.643509615 1.123333333 0.384735577 0.515833333 0.000000000 0.000000000 0.880765865 -0.362846174 0.304292861 -2.630000000 -0.473510341 -0.683325772 0.555746207 -2.221400000 0.006280769 -0.633568105 -0.773661430 0.981000000
0.000000000 0.643509615 1.123333333 0.384735577 0.515833333 0.000000000 0.000000000 0.877483876 -0.363246953 0.313167205 -2.633000000 -0.479361209 -0.685120044 0.548473661 -2.217700000 0.015325743 -0.631397004 -0.775308290 0.978500000
0.000000000 0.643509615 1.123333333 0.384735577 0.515833333 0.000000000 0.000000000 0.879252209 -0.353861341 0.318900777 -2.637400000 -0.475654774 -0.688515332 0.547447873 -2.211700000 0.025847436 -0.633031428 -0.773694462 0.974400000
0.000000000 0.643509615 1.123333333 0.384735577 0.515833333 0.000000000 0.000000000 0.883217145 -0.343919754 0.318820761 -2.641100000 -0.467859593 -0.692825574 0.548725911 -2.207500000 0.032169497 -0.633807484 -0.772821582 0.971700000
0.000000000 0.643509615 1.123333333 0.384735577 0.515833333 0.000000000 0.000000000 0.882986847 -0.343930947 0.319445977 -2.645900000 -0.467950700 -0.698371613 0.541571079 -2.201000000 0.036828948 -0.627685108 -0.777595675 0.966900000
0.000000000 0.643509615 1.123333333 0.384735577 0.515833333 0.000000000 0.000000000 0.881007253 -0.344713969 0.324034720 -2.649500000 -0.471359344 -0.698302713 0.538696287 -2.196100000 0.040578189 -0.627332129 -0.777693905 0.964300000
0.000000000 0.643509615 1.123333333 0.384735577 0.515833333 0.000000000 0.000000000 0.879936108 -0.343912366 0.327775427 -2.653000000 -0.473123427 -0.697075284 0.538739521 -2.190700000 0.043204966 -0.629134590 -0.776094710 0.961700000
0.000000000 0.643509615 1.123333333 0.384735577 0.515833333 0.000000000 0.000000000 0.875225061 -0.356709836 0.326709636 -2.657800000 -0.481935982 -0.700936788 0.525761665 -2.183200000 0.041458445 -0.617612914 -0.785388748 0.958800000
0.000000000 0.643509615 1.123333333 0.384735577 0.515833333 0.000000000 0.000000000 0.872144912 -0.366881681 0.323668171 -2.661900000 -0.488029707 -0.699035454 0.522662835 -2.177600000 0.034500108 -0.613797415 -0.788709374 0.957900000
0.000000000 0.643509615 1.123333333 0.384735577 0.515833333 0.000000000 0.000000000 0.870061569 -0.371021392 0.324555071 -2.666000000 -0.492165907 -0.690789757 0.529700133 -2.172200000 0.027669238 -0.620606670 -0.783633699 0.957900000
0.000000000 0.643509615 1.123333333 0.384735577 0.515833333 0.000000000 0.000000000 0.864563464 -0.377126202 0.332123238 -2.670200000 -0.501431057 -0.690972013 0.520696238 -2.163800000 0.033119668 -0.616711849 -0.786491947 0.956300000
0.000000000 0.643509615 1.123333333 0.384735577 0.515833333 0.000000000 0.000000000 0.860296929 -0.384340348 0.334920425 -2.673300000 -0.508239999 -0.697859839 0.504662015 -2.157300000 0.039765539 -0.604379138 -0.795703814 0.955600000
0.000000000 0.643509615 1.123333333 0.384735577 0.515833333 0.000000000 0.000000000 0.856909577 -0.391406963 0.335419984 -2.677100000 -0.514234663 -0.694081883 0.503798622 -2.150300000 0.035618646 -0.604194446 -0.796040441 0.956200000
0.000000000 0.643509615 1.123333333 0.384735577 0.515833333 0.000000000 0.000000000 0.852961283 -0.398196508 0.337485690 -2.681900000 -0.521122616 -0.686551103 0.507029389 -2.140400000 0.029803841 -0.608347864 -0.793110715 0.957400000
0.000000000 0.643509615 1.123333333 0.384735577 0.515833333 0.000000000 0.000000000 0.850646377 -0.400847443 0.340179466 -2.685300000 -0.524800138 -0.686052789 0.503901167 -2.132600000 0.031393577 -0.607167933 -0.793953112 0.958400000
0.000000000 0.643509615 1.123333333 0.384735577 0.515833333 0.000000000 0.000000000 0.847926256 -0.401359618 0.346311307 -2.689300000 -0.528924038 -0.684290759 0.501981593 -2.121400000 0.035502487 -0.608815748 -0.792516851 0.959600000
0.000000000 0.643509615 1.123333333 0.384735577 0.515833333 0.000000000 0.000000000 0.845460292 -0.401672816 0.351931589 -2.692100000 -0.532518487 -0.683778782 0.498869360 -2.113200000 0.040261093 -0.609184312 -0.792006009 0.960300000
0.000000000 0.643509615 1.123333333 0.384735577 0.515833333 0.000000000 0.000000000 0.843569342 -0.404492134 0.353237709 -2.695600000 -0.535212951 -0.687171023 0.491266813 -2.105600000 0.044021156 -0.603475019 -0.796165836 0.961700000
0.000000000 0.643509615 1.123333333 0.384735577 0.515833333 0.000000000 0.000000000 0.840683767 -0.409223604 0.354664414 -2.700600000 -0.540032836 -0.682148666 0.492988573 -2.095400000 0.040191296 -0.605977920 -0.794465494 0.964500000
0.000000000 0.643509615 1.123333333 0.384735577 0.515833333 0.000000000 0.000000000 0.837991426 -0.413698372 0.355842700 -2.704800000 -0.544530729 -0.676326368 0.496053354 -2.088100000 0.035449336 -0.609455742 -0.792027173 0.966700000
0.000000000 0.643509615 1.123333333 0.384735577 0.515833333 0.000000000 0.000000000 0.835782438 -0.420390957 0.353184313 -2.709400000 -0.548264848 -0.673615778 0.495628328 -2.080600000 0.029552859 -0.607875996 -0.793481822 0.968700000
0.000000000 0.643509615 1.123333333 0.384735577 0.515833333 0.000000000 0.000000000 0.834855633 -0.425024135 0.349815031 -2.715300000 -0.549787655 -0.675412367 0.491479063 -2.071200000 0.027378934 -0.602638050 -0.797544842 0.971300000
0.000000000 0.643509615 1.123333333 0.384735577 0.515833333 0.000000000 0.000000000 0.834605219 -0.427310275 0.347620565 -2.719700000 -0.550227790 -0.676650610 0.489278378 -2.064600000 0.026143989 -0.599624783 -0.799854119 0.973700000
0.000000000 0.643509615 1.123333333 0.384735577 0.515833333 0.000000000 0.000000000 0.832336664 -0.434247474 0.344448559 -2.724600000 -0.553892476 -0.674600922 0.487972050 -2.058000000 0.020464685 -0.596944493 -0.802021489 0.976800000
0.000000000 0.643509615 1.123333333 0.384735577 0.515833333 0.000000000 0.000000000 0.833004611 -0.438052710 0.337954348 -2.729000000 -0.553183760 -0.669974491 0.495097878 -2.052000000 0.009541825 -0.599369673 -0.800415485 0.980500000
0.000000000 0.643509615 1.123333333 0.384735577 0.515833333 0.000000000 0.000000000 0.833260489 -0.442944908 0.330872734 -2.734600000 -0.552876219 -0.665185976 0.501852074 -2.044100000 -0.002200918 -0.601105171 -0.799166897 0.985800000
0.000000000 0.643509615 1.123333333 0.384735577 0.515833333 0.000000000 0.000000000 0.833227162 -0.442692054 0.331294796 -2.737300000 -0.552919506 -0.663257897 0.504350059 -2.038100000 -0.003537874 -0.603417524 -0.797417567 0.989500000
0.000000000 0.643509615 1.123333333 0.384735577 0.515833333 0.000000000 0.000000000 0.832158008 -0.442586209 0.334111504 -2.739600000 -0.554525602 -0.660019341 0.506829188 -2.032400000 -0.003795555 -0.607035351 -0.794665764 0.993200000
0.000000000 0.643509615 1.123333333 0.384735577 0.515833333 0.000000000 0.000000000 0.832967185 -0.439210882 0.336540443 -2.741800000 -0.553301063 -0.655818911 0.513575203 -2.024800000 -0.004858231 -0.613999476 -0.789291480 0.997000000
0.000000000 0.643509615 1.123333333 0.384735577 0.515833333 0.000000000 0.000000000 0.833099903 -0.436234285 0.340064993 -2.742900000 -0.553117161 -0.654326348 0.515672799 -2.019100000 -0.002440670 -0.617702743 -0.786407887 0.999500000
0.000000000 0.643509615 1.123333333 0.384735577 0.515833333 0.000000000 0.000000000 0.829995897 -0.435038008 0.349068393 -2.744300000 -0.557762371 -0.650518886 0.515486486 -2.012600000 0.002819368 -0.622548883 -0.782575836 1.002000000
0.000000000 0.643509615 1.123333333 0.384735577 0.515833333 0.000000000 0.000000000 0.826599128 -0.437026253 0.354601093 -2.746000000 -0.562779927 -0.645848768 0.515905149 -2.008300000 0.003554584 -0.626009124 -0.779807631 1.003100000
0.000000000 0.643509615 1.123333333 0.384735577 0.515833333 0.000000000 0.000000000 0.823065432 -0.441105221 0.357756172 -2.747900000 -0.567939416 -0.642398813 0.514556688 -2.004300000 0.002848499 -0.626697654 -0.779257298 1.003900000
0.000000000 0.643509615 1.123333333 0.384735577 0.515833333 0.000000000 0.000000000 0.819007534 -0.447540561 0.359073955 -2.752000000 -0.573781659 -0.637582824 0.514064928 -1.999700000 -0.001125520 -0.627053099 -0.778975702 1.004200000
0.000000000 0.643509615 1.123333333 0.384735577 0.515833333 0.000000000 0.000000000 0.816096885 -0.451501212 0.360738868 -2.756000000 -0.577915013 -0.637220548 0.509866856 -1.996900000 -0.000335284 -0.624577160 -0.780963033 1.003600000
0.000000000 0.643509615 1.123333333 0.384735577 0.515833333 0.000000000 0.000000000 0.817310042 -0.449801204 0.360115498 -2.760800000 -0.576194517 -0.640233880 0.508035881 -1.994200000 0.002042991 -0.622719403 -0.782442567 1.002700000
0.000000000 0.643509615 1.123333333 0.384735577 0.515833333 0.000000000 0.000000000 0.820530512 -0.444278754 0.359647143 -2.768000000 -0.571564573 -0.644985305 0.507255256 -1.990800000 0.006604389 -0.621779981 -0.783164119 1.001000000
