0.000000000 0.643509615 1.123333333 0.384735577 0.515833333 0.000000000 0.000000000 0.442656577 0.458235256 -0.770763001 -1.558400000 0.896123058 -0.195472693 0.398439320 -0.697700000 0.031915824 -0.867070283 -0.497162452 0.755600000
0.000000000 0.643509615 1.123333333 0.384735577 0.515833333 0.000000000 0.000000000 0.442294561 0.463169835 -0.768016422 -1.555100000 0.896438128 -0.201737113 0.394589431 -0.703200000 0.027824506 -0.863003964 -0.504430328 0.753700000
0.000000000 0.643509615 1.123333333 0.384735577 0.515833333 0.000000000 0.000000000 0.442483659 0.463664329 -0.767609016 -1.551300000 0.896506372 -0.207699902 0.391327326 -0.710000000 0.022012205 -0.861322321 -0.507581838 0.751500000
0.000000000 0.643509615 1.123333333 0.384735577 0.515833333 0.000000000 0.000000000 0.437764227 0.466598188 -0.768536670 -1.548000000 0.898732932 -0.203013260 0.388670468 -0.715700000 0.025329801 -0.860855242 -0.508219100 0.749700000
0.000000000 0.643509615 1.123333333 0.384735577 0.515833333 0.000000000 0.000000000 0.429243210 0.468360063 -0.772262338 -1.545000000 0.902535244 -0.189903023 0.386480239 -0.720700000 0.034356956 -0.862887996 -0.504226046 0.747500000
0.000000000 0.643509615 1.123333333 0.384735577 0.515833333 0.000000000 0.000000000 0.409646647 0.466909231 -0.783699812 -1.540400000 0.911116952 -0.166712040 0.376925717 -0.727700000 0.045337903 -0.868448540 -0.493701943 0.744200000
0.000000000 0.643509615 1.123333333 0.384735577 0.515833333 0.000000000 0.000000000 0.397023538 0.467404300 -0.789876908 -1.536400000 0.916048763 -0.148534709 0.372548123 -0.731900000 0.056806458 -0.871476139 -0.487136907 0.740600000
0.000000000 0.643509615 1.123333333 0.384735577 0.515833333 0.000000000 0.000000000 0.397344383 0.472783242 -0.786507118 -1.530900000 0.914630735 -0.134342030 0.381317241 -0.735800000 0.074619439 -0.870877847 -0.485802135 0.735600000
0.000000000 0.643509615 1.123333333 0.384735577 0.515833333 0.000000000 0.000000000 0.394633832 0.477944534 -0.784750381 -1.526600000 0.915628126 -0.133224234 0.379310478 -0.738800000 0.076741601 -0.868228268 -0.490194248 0.730200000
0.000000000 0.643509615 1.123333333 0.384735577 0.515833333 0.000000000 0.000000000 0.386842817 0.486458251 -0.783397093 -1.521900000 0.918747665 -0.130455332 0.372671618 -0.741800000 0.079090855 -0.863909588 -0.497398090 0.724900000
0.000000000 0.643509615 1.123333333 0.384735577 0.515833333 0.000000000 0.000000000 0.385705412 0.497602737 -0.776931690 -1.515800000 0.918391291 -0.126519924 0.374900180 -0.746100000 0.088254017 -0.858128327 -0.505793439 0.717500000
0.000000000 0.643509615 1.123333333 0.384735577 0.515833333 0.000000000 0.000000000 0.380710656 0.507797423 -0.772787923 -1.511600000 0.919389972 -0.118483324 0.375078368 -0.749500000 0.098901347 -0.853289798 -0.511971723 0.712300000
0.000000000 0.643509615 1.123333333 0.384735577 0.515833333 0.000000000 0.000000000 0.370416774 0.514444493 -0.773393998 -1.506600000 0.923044477 -0.110796377 0.368392529 -0.754200000 0.103828255 -0.850335831 -0.515895985 0.706900000
0.000000000 0.643509615 1.123333333 0.384735577 0.515833333 0.000000000 0.000000000 0.372049432 0.513012992 -0.773561174 -1.504400000 0.921176315 -0.101646334 0.375635754 -0.756200000 0.114076365 -0.852341301 -0.510392878 0.703200000
0.000000000 0.643509615 1.123333333 0.384735577 0.515833333 0.000000000 0.000000000 0.374533638 0.516811943 -0.769824636 -1.502300000 0.919115243 -0.097444104 0.381748368 -0.759000000 0.122277244 -0.850535162 -0.511505829 0.700700000
0.000000000 0.643509615 1.123333333 0.384735577 0.515833333 0.000000000 0.000000000 0.377102557 0.517239425 -0.768281874 -1.500900000 0.917848293 -0.097748126 0.384707442 -0.762300000 0.123887743 -0.850240367 -0.511608391 0.699100000
0.000000000 0.643509615 1.123333333 0.384735577 0.515833333 0.000000000 0.000000000 0.378427362 0.511939753 -0.771174702 -1.500100000 0.918070049 -0.101317726 0.383252011 -0.767200000 0.118068273 -0.853025444 -0.508337954 0.698600000
0.000000000 0.643509615 1.123333333 0.384735577 0.515833333 0.000000000 0.000000000 0.377394628 0.507333544 -0.774716703 -1.499400000 0.918361165 -0.097439063 0.383560164 -0.771200000 0.119105268 -0.856223280 -0.502688403 0.698600000
0.000000000 0.643509615 1.123333333 0.384735577 0.515833333 0.000000000 0.000000000 0.370776624 0.509642340 -0.776395118 -1.498300000 0.919198215 -0.081964456 0.385170703 -0.776300000 0.132662495 -0.856473299 -0.498852834 0.697300000
0.000000000 0.643509615 1.123333333 0.384735577 0.515833333 0.000000000 0.000000000 0.368864128 0.516407347 -0.772827734 -1.497300000 0.918978532 -0.077967595 0.386522330 -0.779500000 0.139347451 -0.852786319 -0.503326715 0.695800000
0.000000000 0.643509615 1.123333333 0.384735577 0.515833333 0.000000000 0.000000000 0.370458071 0.514051551 -0.773635457 -1.496300000 0.919051326 -0.082202814 0.385470307 -0.782400000 0.134556598 -0.853811279 -0.502892456 0.695300000
0.000000000 0.643509615 1.123333333 0.384735577 0.515833333 0.000000000 0.000000000 0.378520865 0.503376269 -0.776745960 -1.496200000 0.916065625 -0.083641737 0.392208911 -0.785300000 0.132460277 -0.860009530 -0.492785840 0.693200000
0.000000000 0.643509615 1.123333333 0.384735577 0.515833333 0.000000000 0.000000000 0.384571140 0.508616612 -0.770333810 -1.494500000 0.912736173 -0.084846167 0.399642099 -0.787800000 0.137904740 -0.856802352 -0.496862167 0.690900000
0.000000000 0.643509615 1.123333333 0.384735577 0.515833333 0.000000000 0.000000000 0.383082168 0.513166591 -0.768054752 -1.492800000 0.913295500 -0.085887705 0.398138960 -0.790800000 0.138345153 -0.853980885 -0.501574787 0.688100000
0.000000000 0.643509615 1.123333333 0.384735577 0.515833333 0.000000000 0.000000000 0.377843862 0.514209657 -0.769949637 -1.490200000 0.916281897 -0.088309165 0.390677586 -0.796300000 0.132896578 -0.853106043 -0.504528076 0.684500000
0.000000000 0.643509615 1.123333333 0.384735577 0.515833333 0.000000000 0.000000000 0.378690402 0.516942446 -0.767700519 -1.488500000 0.915946663 -0.090308554 0.391006490 -0.800800000 0.132797928 -0.851243134 -0.507690691 0.682200000
0.000000000 0.643509615 1.123333333 0.384735577 0.515833333 0.000000000 0.000000000 0.377232510 0.518386540 -0.767444479 -1.487600000 0.915856043 -0.085790588 0.392234221 -0.805700000 0.137489428 -0.850832163 -0.507130444 0.680300000
0.000000000 0.643509615 1.123333333 0.384735577 0.515833333 0.000000000 0.000000000 0.378337981 0.517942566 -0.767200020 -1.487400000 0.914436697 -0.080410634 0.396660631 -0.813100000 0.143756385 -0.851627635 -0.504048086 0.677800000
0.000000000 0.643509615 1.123333333 0.384735577 0.515833333 0.000000000 0.000000000 0.386138082 0.519811073 -0.762032696 -1.487800000 0.912036623 -0.091415179 0.399790524 -0.819200000 0.138154186 -0.849376073 -0.509385618 0.676600000
0.000000000 0.643509615 1.123333333 0.384735577 0.515833333 0.000000000 0.000000000 0.393675500 0.513932663 -0.762163249 -1.488700000 0.910264476 -0.102304238 0.401188766 -0.825500000 0.128211481 -0.851708319 -0.508089318 0.675700000
0.000000000 0.643509615 1.123333333 0.384735577 0.515833333 0.000000000 0.000000000 0.414031748 0.516755009 -0.749361043 -1.490200000 0.901651789 -0.119856750 0.415521854 -0.833800000 0.124907020 -0.847701964 -0.515557578 0.674000000
0.000000000 0.643509615 1.123333333 0.384735577 0.515833333 0.000000000 0.000000000 0.426168654 0.516962935 -0.742381036 -1.492500000 0.896336513 -0.130342924 0.423782464 -0.840100000 0.122315712 -0.846026031 -0.518920824 0.672800000
0.000000000 0.643509615 1.123333333 0.384735577 0.515833333 0.000000000 0.000000000 0.438524891 0.516846499 -0.735231675 -1.495400000 0.891667888 -0.147936233 0.427835539 -0.848000000 0.112357896 -0.843199008 -0.525729147 0.672200000
0.000000000 0.643509615 1.123333333 0.384735577 0.515833333 0.000000000 0.000000000 0.451325275 0.511183967 -0.731434514 -1.497100000 0.885780395 -0.157284670 0.436640154 -0.853900000 0.108160010 -0.844957090 -0.523783283 0.672400000
0.000000000 0.643509615 1.123333333 0.384735577 0.515833333 0.000000000 0.000000000 0.455303140 0.507577438 -0.731480823 -1.498400000 0.883484391 -0.155836131 0.441780977 -0.859200000 0.110246915 -0.847396156 -0.519389424 0.673200000
0.000000000 0.643509615 1.123333333 0.384735577 0.515833333 0.000000000 0.000000000 0.462554309 0.502170383 -0.730662999 -1.500100000 0.878981383 -0.152000797 0.451981732 -0.867800000 0.115910481 -0.851305271 -0.511707041 0.673100000
0.000000000 0.643509615 1.123333333 0.384735577 0.515833333 0.000000000 0.000000000 0.467823846 0.504697668 -0.725548836 -1.501100000 0.876273417 -0.157803859 0.455239322 -0.874000000 0.115263818 -0.848750968 -0.516077559 0.672400000
0.000000000 0.643509615 1.123333333 0.384735577 0.515833333 0.000000000 0.000000000 0.469039342 0.510708342 -0.720540828 -1.501900000 0.876264465 -0.167227605 0.451879980 -0.879900000 0.110284558 -0.843333812 -0.525951898 0.671800000
0.000000000 0.643509615 1.123333333 0.384735577 0.515833333 0.000000000 0.000000000 0.482217571 0.503749233 -0.716730719 -1.504300000 0.869450826 -0.174954433 0.462002389 -0.886500000 0.107338132 -0.845947786 -0.522351289 0.672300000
0.000000000 0.643509615 1.123333333 0.384735577 0.515833333 0.000000000 0.000000000 0.487078444 0.502299725 -0.714457539 -1.506100000 0.866877575 -0.178584674 0.465436123 -0.891200000 0.106197270 -0.846051122 -0.522417113 0.673500000
0.000000000 0.643509615 1.123333333 0.384735577 0.515833333 0.000000000 0.000000000 0.488283483 0.501200611 -0.714406878 -1.508300000 0.866167425 -0.178472990 0.466799083 -0.895800000 0.106457654 -0.846726248 -0.521269056 0.674500000
0.000000000 0.643509615 1.123333333 0.384735577 0.515833333 0.000000000 0.000000000 0.489761779 0.497151447 -0.716221920 -1.511100000 0.865364934 -0.177135191 0.468792764 -0.901300000 0.106192894 -0.849390112 -0.516971475 0.675900000
0.000000000 0.643509615 1.123333333 0.384735577 0.515833333 0.000000000 0.000000000 0.488603402 0.493203300 -0.719734132 -1.513300000 0.865620533 -0.170585205 0.470745983 -0.905600000 0.109397478 -0.853024732 -0.510275415 0.677300000
0.000000000 0.643509615 1.123333333 0.384735577 0.515833333 0.000000000 0.000000000 0.486257878 0.493291907 -0.721260266 -1.516400000 0.866505361 -0.165665818 0.470875033 -0.911300000 0.112790671 -0.853942581 -0.507996390 0.678800000
0.000000000 0.643509615 1.123333333 0.384735577 0.515833333 0.000000000 0.000000000 0.487628244 0.490938105 -0.721940768 -1.519100000 0.866529269 -0.171269172 0.468821817 -0.915000000 0.106516297 -0.854193566 -0.508927923 0.679800000
0.000000000 0.643509615 1.123333333 0.384735577 0.515833333 0.000000000 0.000000000 0.493504238 0.493207855 -0.716379493 -1.521300000 0.863760957 -0.181486778 0.470084629 -0.918700000 0.101836026 -0.850769393 -0.515578183 0.680700000
0.000000000 0.643509615 1.123333333 0.384735577 0.515833333 0.000000000 0.000000000 0.497662144 0.484577914 -0.719386292 -1.524700000 0.861374632 -0.178753414 0.475479715 -0.923100000 0.101814212 -0.856289357 -0.506361929 0.682500000
0.000000000 0.643509615 1.123333333 0.384735577 0.515833333 0.000000000 0.000000000 0.495350464 0.482708227 -0.722233124 -1.528800000 0.863037922 -0.178746629 0.472456546 -0.929700000 0.098961925 -0.857346144 -0.505137731 0.684500000
0.000000000 0.643509615 1.123333333 0.384735577 0.515833333 0.000000000 0.000000000 0.495279114 0.483513204 -0.721743431 -1.532200000 0.862867164 -0.177407102 0.473272625 -0.934600000 0.100791153 -0.857170754 -0.505073699 0.685700000
0.000000000 0.643509615 1.123333333 0.384735577 0.515833333 0.000000000 0.000000000 0.494232679 0.476976977 -0.726792283 -1.536500000 0.864156263 -0.178485011 0.470507230 -0.941800000 0.094699588 -0.860602152 -0.500395767 0.688200000
0.000000000 0.643509615 1.123333333 0.384735577 0.515833333 0.000000000 0.000000000 0.492019395 0.472289866 -0.731340685 -1.539800000 0.865719096 -0.176740967 0.468287387 -0.947100000 0.091909527 -0.863542074 -0.495830339 0.690000000
0.000000000 0.643509615 1.123333333 0.384735577 0.515833333 0.000000000 0.000000000 0.491380067 0.477758018 -0.728212130 -1.542600000 0.865710015 -0.176388920 0.468436889 -0.951500000 0.095350928 -0.860601084 -0.500273900 0.691400000
0.000000000 0.643509615 1.123333333 0.384735577 0.515833333 0.000000000 0.000000000 0.503221473 0.473182087 -0.723095334 -1.546400000 0.858814928 -0.180941138 0.479267382 -0.956400000 0.095943047 -0.862182705 -0.497429306 0.693400000
0.000000000 0.643509615 1.123333333 0.384735577 0.515833333 0.000000000 0.000000000 0.506901071 0.471128137 -0.721865349 -1.549000000 0.858029764 -0.195445169 0.474959060 -0.960700000 0.082681482 -0.860139212 -0.503313330 0.695200000
0.000000000 0.643509615 1.123333333 0.384735577 0.515833333 0.000000000 0.000000000 0.509643472 0.467913782 -0.722025085 -1.551800000 0.857191434 -0.203891308 0.472917731 -0.964300000 0.074070085 -0.859933153 -0.505003560 0.696900000
0.000000000 0.643509615 1.123333333 0.384735577 0.515833333 0.000000000 0.000000000 0.515088714 0.469137115 -0.717352064 -1.554300000 0.853865152 -0.207793411 0.477217142 -0.968000000 0.074819241 -0.858331093 -0.507611875 0.698600000
0.000000000 0.643509615 1.123333333 0.384735577 0.515833333 0.000000000 0.000000000 0.520119490 0.464967349 -0.716436376 -1.556700000 0.850642548 -0.206678759 0.483416121 -0.971700000 0.076700531 -0.860865411 -0.503018661 0.700900000
0.000000000 0.643509615 1.123333333 0.384735577 0.515833333 0.000000000 0.000000000 0.520204744 0.463810254 -0.717124169 -1.560000000 0.851146001 -0.212467297 0.480008472 -0.977400000 0.070267417 -0.860080052 -0.505296738 0.703200000
0.000000000 0.643509615 1.123333333 0.384735577 0.515833333 0.000000000 0.000000000 0.519141010 0.462678153 -0.718624755 -1.562100000 0.852428068 -0.219177510 0.474686852 -0.982100000 0.062120852 -0.859005324 -0.508183878 0.704600000
0.000000000 0.643509615 1.123333333 0.384735577 0.515833333 0.000000000 0.000000000 0.522110153 0.462826722 -0.716374493 -1.564000000 0.850628937 -0.221623520 0.476773979 -0.986300000 0.061898301 -0.858297408 -0.509405693 0.705800000
0.000000000 0.643509615 1.123333333 0.384735577 0.515833333 0.000000000 0.000000000 0.526984725 0.461283235 -0.713796103 -1.566800000 0.847467020 -0.222042951 0.482178990 -0.991700000 0.063927691 -0.859019618 -0.507935572 0.707200000
0.000000000 0.643509615 1.123333333 0.384735577 0.515833333 0.000000000 0.000000000 0.528573191 0.460829933 -0.712913848 -1.568900000 0.846850751 -0.228109789 0.480426612 -0.995300000 0.058772336 -0.857672255 -0.510826894 0.707800000
0.000000000 0.643509615 1.123333333 0.384735577 0.515833333 0.000000000 0.000000000 0.534862180 0.456738625 -0.710853204 -1.571600000 0.843680380 -0.242784299 0.478810193 -0.999800000 0.046107113 -0.855830364 -0.515197556 0.708600000
0.000000000 0.643509615 1.123333333 0.384735577 0.515833333 0.000000000 0.000000000 0.540643224 0.457528434 -0.705955123 -1.573200000 0.839978703 -0.247439367 0.482917734 -1.003100000 0.046267505 -0.854073470 -0.518090558 0.709200000
0.000000000 0.643509615 1.123333333 0.384735577 0.515833333 0.000000000 0.000000000 0.543855959 0.455660159 -0.704694626 -1.575300000 0.837781242 -0.246373036 0.487260625 -1.006900000 0.048407500 -0.855379533 -0.515734978 0.710300000
0.000000000 0.643509615 1.123333333 0.384735577 0.515833333 0.000000000 0.000000000 0.539644017 0.454417096 -0.708723809 -1.576300000 0.840510569 -0.242569979 0.484460307 -1.010000000 0.048231926 -0.857125958 -0.512843809 0.710800000
0.000000000 0.643509615 1.123333333 0.384735577 0.515833333 0.000000000 0.000000000 0.539461103 0.456956694 -0.707228604 -1.577300000 0.840515253 -0.242210104 0.484632205 -1.012800000 0.050158017 -0.855876653 -0.514742001 0.710600000
0.000000000 0.643509615 1.123333333 0.384735577 0.515833333 0.000000000 0.000000000 0.545153345 0.454913300 -0.704174495 -1.579000000 0.836902990 -0.246217731 0.488845799 -1.015500000 0.049002209 -0.855821663 -0.514944721 0.710200000
0.000000000 0.643509615 1.123333333 0.384735577 0.515833333 0.000000000 0.000000000 0.546421016 0.452925706 -0.704473121 -1.580600000 0.836243245 -0.248799396 0.488667674 -1.018800000 0.046057665 -0.856129176 -0.514705281 0.710300000
0.000000000 0.643509615 1.123333333 0.384735577 0.515833333 0.000000000 0.000000000 0.549524364 0.455538676 -0.700362398 -1.582200000 0.834181888 -0.252489932 0.490295229 -1.021600000 0.046513985 -0.853658801 -0.518751482 0.710500000
0.000000000 0.643509615 1.123333333 0.384735577 0.515833333 0.000000000 0.000000000 0.551192547 0.453123940 -0.700617921 -1.584400000 0.833181852 -0.253958621 0.491236216 -1.025300000 0.044662929 -0.854507878 -0.517514743 0.710900000
0.000000000 0.643509615 1.123333333 0.384735577 0.515833333 0.000000000 0.000000000 0.550822053 0.451918964 -0.701686765 -1.586700000 0.833491492 -0.254089503 0.490642901 -1.028500000 0.043439590 -0.855106879 -0.516628713 0.711300000
0.000000000 0.643509615 1.123333333 0.384735577 0.515833333 0.000000000 0.000000000 0.549917184 0.451971437 -0.702362379 -1.589000000 0.834044571 -0.252581119 0.490481837 -1.031800000 0.044280306 -0.855525919 -0.515863021 0.711900000
0.000000000 0.643509615 1.123333333 0.384735577 0.515833333 0.000000000 0.000000000 0.548743942 0.446564558 -0.706724968 -1.592600000 0.834991185 -0.251452526 0.489450047 -1.036700000 0.040863265 -0.858691867 -0.510860520 0.712400000
0.000000000 0.643509615 1.123333333 0.384735577 0.515833333 0.000000000 0.000000000 0.551146149 0.447013355 -0.704568650 -1.594800000 0.833480573 -0.255118030 0.490127458 -1.040500000 0.039345354 -0.857376143 -0.513184267 0.712300000
0.000000000 0.643509615 1.123333333 0.384735577 0.515833333 0.000000000 0.000000000 0.552308477 0.449034137 -0.702370052 -1.597000000 0.832892453 -0.261562032 0.487724784 -1.044800000 0.035291740 -0.854373248 -0.518460072 0.711900000
0.000000000 0.643509615 1.123333333 0.384735577 0.515833333 0.000000000 0.000000000 0.550915784 0.449928763 -0.702891106 -1.600500000 0.833968557 -0.265073958 0.483975457 -1.050500000 0.031436351 -0.852818800 -0.521259868 0.711000000
0.000000000 0.643509615 1.123333333 0.384735577 0.515833333 0.000000000 0.000000000 0.553439213 0.451295757 -0.700026554 -1.602900000 0.832171340 -0.264721930 0.487250614 -1.054400000 0.034581754 -0.852205632 -0.522062892 0.710500000
0.000000000 0.643509615 1.123333333 0.384735577 0.515833333 0.000000000 0.000000000 0.556049608 0.452013535 -0.697490213 -1.606600000 0.830192260 -0.261798853 0.492181036 -1.059600000 0.039870352 -0.852728048 -0.520831288 0.709800000
0.000000000 0.643509615 1.123333333 0.384735577 0.515833333 0.000000000 0.000000000 0.558939005 0.452843955 -0.694636265 -1.609200000 0.828303427 -0.265777131 0.493230118 -1.063800000 0.038737844 -0.851055150 -0.523645406 0.708400000
0.000000000 0.643509615 1.123333333 0.384735577 0.515833333 0.000000000 0.000000000 0.562531216 0.453477066 -0.691315544 -1.612400000 0.826009839 -0.272265888 0.493537265 -1.068600000 0.035586190 -0.848663559 -0.527734580 0.707300000
