0.000000000 0.621754808 1.076041667 0.382932692 0.531875000 0.000000000 0.000000000 0.642642069 0.498710733 -0.581634572 1.222300000 0.758917366 -0.518531278 0.393915911 0.915700000 -0.105145625 -0.694559514 -0.711710250 1.543300000
0.000000000 0.621754808 1.076041667 0.382932692 0.531875000 0.000000000 0.000000000 0.667038718 0.477710682 -0.571709588 1.226000000 0.736169515 -0.540574864 0.407226302 0.918100000 -0.114515478 -0.692510881 -0.712260406 1.539600000
0.000000000 0.621754808 1.076041667 0.382932692 0.531875000 0.000000000 0.000000000 0.695500703 0.445974234 -0.563369998 1.231100000 0.707375268 -0.562576737 0.427934160 0.918500000 -0.126091246 -0.696142512 -0.706743660 1.535000000
0.000000000 0.621754808 1.076041667 0.382932692 0.531875000 0.000000000 0.000000000 0.708685372 0.436796707 -0.554052055 1.234800000 0.693295846 -0.576727837 0.432117891 0.917000000 -0.130789572 -0.690357617 -0.711547924 1.531600000
0.000000000 0.621754808 1.076041667 0.382932692 0.531875000 0.000000000 0.000000000 0.716338358 0.433418646 -0.546815905 1.238800000 0.685869538 -0.581403761 0.437667276 0.913700000 -0.128227666 -0.688562230 -0.713750461 1.527500000
0.000000000 0.621754808 1.076041667 0.382932692 0.531875000 0.000000000 0.000000000 0.719675288 0.432974392 -0.542771274 1.242000000 0.683387878 -0.579851010 0.443569402 0.910300000 -0.122672280 -0.690149246 -0.713193893 1.525200000
0.000000000 0.621754808 1.076041667 0.382932692 0.531875000 0.000000000 0.000000000 0.726296900 0.426772039 -0.538849181 1.245000000 0.678018159 -0.573737507 0.459474319 0.906800000 -0.113067194 -0.699064303 -0.706062964 1.523100000
0.000000000 0.621754808 1.076041667 0.382932692 0.531875000 0.000000000 0.000000000 0.739751888 0.422118660 -0.524006661 1.249200000 0.665548624 -0.573655767 0.477455852 0.902700000 -0.099056418 -0.701950780 -0.705303430 1.521500000
0.000000000 0.621754808 1.076041667 0.382932692 0.531875000 0.000000000 0.000000000 0.758191910 0.416170653 -0.501943238 1.254300000 0.647280935 -0.573160339 0.502508325 0.897800000 -0.078564739 -0.705896035 -0.703944862 1.519000000
0.000000000 0.621754808 1.076041667 0.382932692 0.531875000 0.000000000 0.000000000 0.772175943 0.410871160 -0.484694959 1.258800000 0.632404469 -0.571037810 0.523431377 0.893700000 -0.061716291 -0.710704375 -0.700778417 1.517500000
0.000000000 0.621754808 1.076041667 0.382932692 0.531875000 0.000000000 0.000000000 0.783609932 0.408272600 -0.468261635 1.263000000 0.619572868 -0.568975212 0.540737154 0.889800000 -0.045661099 -0.713849208 -0.698809253 1.516200000
0.000000000 0.621754808 1.076041667 0.382932692 0.531875000 0.000000000 0.000000000 0.796531600 0.408352224 -0.445854091 1.269300000 0.604114100 -0.567022596 0.559938862 0.883900000 -0.024157065 -0.715355741 -0.698342753 1.514400000
0.000000000 0.621754808 1.076041667 0.382932692 0.531875000 0.000000000 0.000000000 0.806662364 0.406679911 -0.428844121 1.274200000 0.590979231 -0.562743199 0.577982388 0.879500000 -0.006275287 -0.719674608 -0.694283141 1.513600000
0.000000000 0.621754808 1.076041667 0.382932692 0.531875000 0.000000000 0.000000000 0.816426930 0.402413904 -0.414137800 1.279400000 0.577403583 -0.559938334 0.594200441 0.874900000 0.007222890 -0.724245892 -0.689503965 1.513300000
0.000000000 0.621754808 1.076041667 0.382932692 0.531875000 0.000000000 0.000000000 0.830262963 0.395805465 -0.392430180 1.287100000 0.557061730 -0.565780327 0.607926682 0.868700000 0.018591428 -0.723346843 -0.690234528 1.513400000
0.000000000 0.621754808 1.076041667 0.382932692 0.531875000 0.000000000 0.000000000 0.842697798 0.382731348 -0.378651736 1.294000000 0.537937079 -0.569818332 0.621233263 0.863700000 0.022002743 -0.727202712 -0.686070037 1.514600000
0.000000000 0.621754808 1.076041667 0.382932692 0.531875000 0.000000000 0.000000000 0.856504591 0.365790330 -0.364139150 1.301300000 0.515472896 -0.570382603 0.639493065 0.858700000 0.026221743 -0.735432608 -0.677090319 1.516600000
0.000000000 0.621754808 1.076041667 0.382932692 0.531875000 0.000000000 0.000000000 0.872298613 0.347894970 -0.343604744 1.311200000 0.488297924 -0.582838238 0.649511144 0.850700000 0.025695676 -0.734349153 -0.678285378 1.518600000
0.000000000 0.621754808 1.076041667 0.382932692 0.531875000 0.000000000 0.000000000 0.882050979 0.330397930 -0.335891765 1.319000000 0.470783384 -0.589783473 0.656139056 0.844600000 0.018683574 -0.736880359 -0.675764945 1.520300000
0.000000000 0.621754808 1.076041667 0.382932692 0.531875000 0.000000000 0.000000000 0.889564696 0.314866569 -0.330958751 1.326300000 0.456665149 -0.594766482 0.661596383 0.837500000 0.011471411 -0.739670113 -0.672871853 1.522600000
0.000000000 0.621754808 1.076041667 0.382932692 0.531875000 0.000000000 0.000000000 0.901350139 0.291530252 -0.320278064 1.337000000 0.433056555 -0.597340782 0.675015562 0.827400000 0.005472308 -0.747123886 -0.664662284 1.526500000
0.000000000 0.621754808 1.076041667 0.382932692 0.531875000 0.000000000 0.000000000 0.909892068 0.273269132 -0.312122422 1.345400000 0.414845055 -0.599503980 0.684469545 0.819000000 -0.000074236 -0.752275853 -0.658848264 1.529800000
0.000000000 0.621754808 1.076041667 0.382932692 0.531875000 0.000000000 0.000000000 0.915630211 0.256378758 -0.309663121 1.353100000 0.401976667 -0.595361926 0.695671571 0.809700000 -0.006006219 -0.761455257 -0.648189645 1.533500000
0.000000000 0.621754808 1.076041667 0.382932692 0.531875000 0.000000000 0.000000000 0.921096869 0.236071691 -0.309597665 1.362700000 0.389050483 -0.588413393 0.708808437 0.795700000 -0.014841807 -0.773330353 -0.633829540 1.539100000
0.000000000 0.621754808 1.076041667 0.382932692 0.531875000 0.000000000 0.000000000 0.924035830 0.226160452 -0.308235679 1.369300000 0.381869267 -0.584528659 0.715892526 0.784300000 -0.018266011 -0.779216078 -0.626489151 1.543500000
0.000000000 0.621754808 1.076041667 0.382932692 0.531875000 0.000000000 0.000000000 0.924376211 0.214973322 -0.315142969 1.376200000 0.380729619 -0.571740878 0.726744333 0.768000000 -0.023949474 -0.791769436 -0.610350377 1.548800000
0.000000000 0.621754808 1.076041667 0.382932692 0.531875000 0.000000000 0.000000000 0.920741552 0.215444967 -0.325297495 1.380000000 0.389334976 -0.561936323 0.729825901 0.753800000 -0.025559161 -0.798630725 -0.601278383 1.552600000
0.000000000 0.621754808 1.076041667 0.382932692 0.531875000 0.000000000 0.000000000 0.916140091 0.217761775 -0.336551844 1.383000000 0.399965721 -0.552569783 0.731227773 0.739000000 -0.026734922 -0.804516280 -0.593328577 1.556200000
0.000000000 0.621754808 1.076041667 0.382932692 0.531875000 0.000000000 0.000000000 0.907539928 0.224829257 -0.354715499 1.385000000 0.419166014 -0.537029703 0.732051195 0.719100000 -0.025906233 -0.813050370 -0.581616681 1.560200000
0.000000000 0.621754808 1.076041667 0.382932692 0.531875000 0.000000000 0.000000000 0.897677117 0.235639674 -0.372357003 1.385900000 0.439961659 -0.526622658 0.727394195 0.703500000 -0.024688704 -0.816787929 -0.576409531 1.563200000
0.000000000 0.621754808 1.076041667 0.382932692 0.531875000 0.000000000 0.000000000 0.888841015 0.242556442 -0.388751877 1.385800000 0.457592457 -0.514103490 0.725470016 0.688700000 -0.023891270 -0.822717433 -0.567948266 1.566000000
0.000000000 0.621754808 1.076041667 0.382932692 0.531875000 0.000000000 0.000000000 0.876922399 0.252780677 -0.408789722 1.384100000 0.480066619 -0.501902194 0.719465238 0.669100000 -0.023305548 -0.827161482 -0.561480840 1.569400000
0.000000000 0.621754808 1.076041667 0.382932692 0.531875000 0.000000000 0.000000000 0.863081539 0.262917581 -0.431236134 1.381400000 0.504284541 -0.496029739 0.706860382 0.654900000 -0.028059925 -0.827543862 -0.560699382 1.571700000
0.000000000 0.621754808 1.076041667 0.382932692 0.531875000 0.000000000 0.000000000 0.846882898 0.272377803 -0.456727149 1.378100000 0.530500827 -0.492253445 0.690112612 0.641600000 -0.036854156 -0.826738700 -0.561377674 1.573700000
0.000000000 0.621754808 1.076041667 0.382932692 0.531875000 0.000000000 0.000000000 0.823869443 0.281442010 -0.491964975 1.372000000 0.563917233 -0.494162403 0.661665228 0.624600000 -0.056890203 -0.822553290 -0.565835303 1.576200000
0.000000000 0.621754808 1.076041667 0.382932692 0.531875000 0.000000000 0.000000000 0.805825101 0.298368499 -0.511490122 1.366600000 0.589195873 -0.490229037 0.642280091 0.612800000 -0.059111163 -0.818933288 -0.570836352 1.578300000
0.000000000 0.621754808 1.076041667 0.382932692 0.531875000 0.000000000 0.000000000 0.790016990 0.315347525 -0.525765247 1.360000000 0.610603506 -0.481789299 0.628524009 0.601400000 -0.055104580 -0.817578748 -0.573174036 1.580300000
0.000000000 0.621754808 1.076041667 0.382932692 0.531875000 0.000000000 0.000000000 0.767771285 0.328197479 -0.550285079 1.351500000 0.638301816 -0.466396795 0.612409032 0.586800000 -0.055660097 -0.821438034 -0.567575113 1.582300000
0.000000000 0.621754808 1.076041667 0.382932692 0.531875000 0.000000000 0.000000000 0.747820322 0.342461809 -0.568757132 1.343600000 0.661995610 -0.449504253 0.599756400 0.577000000 -0.050265088 -0.825024749 -0.562856629 1.583100000
0.000000000 0.621754808 1.076041667 0.382932692 0.531875000 0.000000000 0.000000000 0.727745545 0.358873180 -0.584462541 1.335400000 0.684560420 -0.432259798 0.586965500 0.567600000 -0.041993484 -0.827261451 -0.560245517 1.583700000
0.000000000 0.621754808 1.076041667 0.382932692 0.531875000 0.000000000 0.000000000 0.694645931 0.378833608 -0.611516253 1.324100000 0.718445891 -0.408012048 0.563348622 0.554700000 -0.036090608 -0.830669167 -0.555595359 1.584700000
0.000000000 0.621754808 1.076041667 0.382932692 0.531875000 0.000000000 0.000000000 0.669201623 0.394853377 -0.629491857 1.315300000 0.742275423 -0.394642858 0.541557209 0.546100000 -0.034588772 -0.829667298 -0.557185599 1.584800000
0.000000000 0.621754808 1.076041667 0.382932692 0.531875000 0.000000000 0.000000000 0.639293435 0.413014860 -0.648631351 1.306500000 0.768245369 -0.379478812 0.515552989 0.537200000 -0.033210809 -0.827897673 -0.559895066 1.584700000
0.000000000 0.621754808 1.076041667 0.382932692 0.531875000 0.000000000 0.000000000 0.593742375 0.433696983 -0.677773502 1.295500000 0.804340336 -0.343454504 0.484845983 0.525700000 -0.022508122 -0.833034172 -0.552763470 1.585100000
0.000000000 0.621754808 1.076041667 0.382932692 0.531875000 0.000000000 0.000000000 0.571233382 0.444699614 -0.689880190 1.288500000 0.820679650 -0.323088033 0.471273843 0.517600000 -0.013316737 -0.835377984 -0.549514593 1.584900000
0.000000000 0.621754808 1.076041667 0.382932692 0.531875000 0.000000000 0.000000000 0.552842882 0.461432507 -0.693862227 1.281400000 0.833270603 -0.311113064 0.457021622 0.510300000 -0.004984970 -0.830836147 -0.556494787 1.584100000
0.000000000 0.621754808 1.076041667 0.382932692 0.531875000 0.000000000 0.000000000 0.513678287 0.477787729 -0.712638410 1.272600000 0.857906541 -0.274948748 0.434050172 0.500300000 0.011444807 -0.834339302 -0.551132420 1.583200000
0.000000000 0.621754808 1.076041667 0.382932692 0.531875000 0.000000000 0.000000000 0.489293391 0.481730900 -0.726998843 1.266900000 0.871876271 -0.250518873 0.420799314 0.493300000 0.020585101 -0.839747363 -0.542586969 1.582500000
0.000000000 0.621754808 1.076041667 0.382932692 0.531875000 0.000000000 0.000000000 0.467795596 0.494314779 -0.732680135 1.261900000 0.883303963 -0.232694771 0.406973283 0.486600000 0.030682072 -0.837559576 -0.545483792 1.581400000
0.000000000 0.621754808 1.076041667 0.382932692 0.531875000 0.000000000 0.000000000 0.422978946 0.505357683 -0.752131919 1.255800000 0.905157697 -0.197012505 0.376663799 0.477100000 0.042170551 -0.840118852 -0.540760538 1.579100000
0.000000000 0.621754808 1.076041667 0.382932692 0.531875000 0.000000000 0.000000000 0.398324987 0.512275340 -0.760862130 1.252300000 0.915625983 -0.172815625 0.362992865 0.470300000 0.054463429 -0.841254264 -0.537889393 1.577000000
0.000000000 0.621754808 1.076041667 0.382932692 0.531875000 0.000000000 0.000000000 0.373476397 0.525117722 -0.764700437 1.249800000 0.924676178 -0.144901405 0.352104457 0.463200000 0.074090123 -0.838602982 -0.539681103 1.574400000
0.000000000 0.621754808 1.076041667 0.382932692 0.531875000 0.000000000 0.000000000 0.339461760 0.542669316 -0.768294037 1.248200000 0.936066752 -0.114627594 0.332625242 0.454200000 0.092437816 -0.832088053 -0.546886389 1.570100000
0.000000000 0.621754808 1.076041667 0.382932692 0.531875000 0.000000000 0.000000000 0.313875867 0.556919582 -0.768974980 1.247800000 0.943911749 -0.095571101 0.316064511 0.447900000 0.102530729 -0.825049540 -0.555680399 1.566300000
0.000000000 0.621754808 1.076041667 0.382932692 0.531875000 0.000000000 0.000000000 0.276089558 0.567957438 -0.775370173 1.248500000 0.954420732 -0.066841469 0.290883627 0.441700000 0.113382638 -0.820339300 -0.560524585 1.562000000
0.000000000 0.621754808 1.076041667 0.382932692 0.531875000 0.000000000 0.000000000 0.231085238 0.574296066 -0.785355742 1.250900000 0.966147118 -0.040278050 0.254828227 0.434800000 0.114714250 -0.817656228 -0.564162152 1.556400000
0.000000000 0.621754808 1.076041667 0.382932692 0.531875000 0.000000000 0.000000000 0.204813482 0.582540735 -0.786573410 1.254100000 0.973135894 -0.034855512 0.227577735 0.430900000 0.105156882 -0.812053807 -0.574030177 1.551500000
0.000000000 0.621754808 1.076041667 0.382932692 0.531875000 0.000000000 0.000000000 0.172906732 0.584533174 -0.792732130 1.257700000 0.980449386 -0.025394069 0.195125967 0.427200000 0.093926907 -0.810972324 -0.577495997 1.546400000
0.000000000 0.621754808 1.076041667 0.382932692 0.531875000 0.000000000 0.000000000 0.145480760 0.586629265 -0.796681526 1.264700000 0.986188533 -0.021549187 0.164218786 0.423600000 0.079167707 -0.809568860 -0.581662046 1.540300000
0.000000000 0.621754808 1.076041667 0.382932692 0.531875000 0.000000000 0.000000000 0.147117049 0.586457379 -0.796507575 1.270400000 0.987194343 -0.036845263 0.155208746 0.421800000 0.061675783 -0.809141625 -0.584367974 1.535300000
0.000000000 0.621754808 1.076041667 0.382932692 0.531875000 0.000000000 0.000000000 0.152661477 0.585702030 -0.796019852 1.276500000 0.987196049 -0.052686655 0.150559217 0.419800000 0.046243216 -0.808812245 -0.586245952 1.530500000
0.000000000 0.621754808 1.076041667 0.382932692 0.531875000 0.000000000 0.000000000 0.164674943 0.587115018 -0.792576885 1.284800000 0.985919799 -0.074306902 0.149801983 0.416500000 0.029057061 -0.806085876 -0.591084806 1.523400000
0.000000000 0.621754808 1.076041667 0.382932692 0.531875000 0.000000000 0.000000000 0.180027016 0.589928809 -0.787130404 1.291000000 0.983464212 -0.091912839 0.156045422 0.413400000 0.019708300 -0.802206974 -0.596720666 1.518100000
0.000000000 0.621754808 1.076041667 0.382932692 0.531875000 0.000000000 0.000000000 0.197981110 0.589793522 -0.782909370 1.296500000 0.980114002 -0.108181798 0.166352760 0.409100000 0.013417237 -0.800275140 -0.599482842 1.512800000
0.000000000 0.621754808 1.076041667 0.382932692 0.531875000 0.000000000 0.000000000 0.220336806 0.591429098 -0.775669590 1.303300000 0.975384636 -0.126460809 0.180644613 0.402200000 0.008746677 -0.796378858 -0.604734826 1.505800000
0.000000000 0.621754808 1.076041667 0.382932692 0.531875000 0.000000000 0.000000000 0.235660019 0.591541484 -0.771066163 1.307700000 0.971824037 -0.139577232 0.189937459 0.395500000 0.004732605 -0.794101296 -0.607767006 1.500900000
0.000000000 0.621754808 1.076041667 0.382932692 0.531875000 0.000000000 0.000000000 0.246073007 0.588480786 -0.770154815 1.311300000 0.969251082 -0.149930808 0.195123274 0.387600000 -0.000643636 -0.794487959 -0.607279564 1.496200000
0.000000000 0.621754808 1.076041667 0.382932692 0.531875000 0.000000000 0.000000000 0.255302273 0.591556067 -0.764775895 1.315400000 0.966857353 -0.158457926 0.200194767 0.375200000 -0.002758373 -0.790539376 -0.612405002 1.490100000
0.000000000 0.621754808 1.076041667 0.382932692 0.531875000 0.000000000 0.000000000 0.265495154 0.589382040 -0.762981739 1.317000000 0.964112073 -0.162699973 0.209801405 0.364900000 -0.000483928 -0.791301162 -0.611426395 1.485600000
0.000000000 0.621754808 1.076041667 0.382932692 0.531875000 0.000000000 0.000000000 0.269858797 0.581913170 -0.767172270 1.317000000 0.962891439 -0.159742075 0.217537461 0.353900000 0.004038223 -0.797408008 -0.603427014 1.481400000
0.000000000 0.621754808 1.076041667 0.382932692 0.531875000 0.000000000 0.000000000 0.283492126 0.583919337 -0.760703899 1.316700000 0.958907330 -0.163213091 0.232073739 0.338300000 0.011355509 -0.795235622 -0.606194158 1.476300000
0.000000000 0.621754808 1.076041667 0.382932692 0.531875000 0.000000000 0.000000000 0.295080559 0.581310154 -0.758291480 1.314800000 0.955423661 -0.171503953 0.240316505 0.326400000 0.009648438 -0.795402351 -0.606004957 1.472400000
0.000000000 0.621754808 1.076041667 0.382932692 0.531875000 0.000000000 0.000000000 0.308872663 0.582600946 -0.751780430 1.312300000 0.951091223 -0.185198559 0.247238709 0.314500000 0.004812853 -0.791377047 -0.611309419 1.468700000
0.000000000 0.621754808 1.076041667 0.382932692 0.531875000 0.000000000 0.000000000 0.326509211 0.580088875 -0.746249712 1.308400000 0.945188098 -0.197590605 0.259956560 0.298700000 0.003345976 -0.790224557 -0.612808253 1.465100000
0.000000000 0.621754808 1.076041667 0.382932692 0.531875000 0.000000000 0.000000000 0.340280530 0.582403290 -0.738251698 1.304200000 0.940323571 -0.211477059 0.266587762 0.287300000 -0.000861708 -0.784910098 -0.619609067 1.462000000
0.000000000 0.621754808 1.076041667 0.382932692 0.531875000 0.000000000 0.000000000 0.361291479 0.578436034 -0.731355059 1.299700000 0.932360000 -0.235173668 0.274587284 0.275800000 -0.013164273 -0.781092249 -0.624276863 1.458800000
0.000000000 0.621754808 1.076041667 0.382932692 0.531875000 0.000000000 0.000000000 0.379822304 0.574441889 -0.725087259 1.293100000 0.924513476 -0.262648694 0.276207345 0.260100000 -0.031778153 -0.775262652 -0.630839099 1.455900000
0.000000000 0.621754808 1.076041667 0.382932692 0.531875000 0.000000000 0.000000000 0.392932698 0.585796756 -0.708834294 1.288000000 0.918758236 -0.282418543 0.275904097 0.248400000 -0.038564223 -0.759659087 -0.649177073 1.454500000
0.000000000 0.621754808 1.076041667 0.382932692 0.531875000 0.000000000 0.000000000 0.415612720 0.587124935 -0.694658461 1.282300000 0.908415846 -0.305941893 0.284921407 0.236900000 -0.045240662 -0.749455715 -0.660506937 1.453600000
0.000000000 0.621754808 1.076041667 0.382932692 0.531875000 0.000000000 0.000000000 0.441893594 0.584886267 -0.680175056 1.274600000 0.895373378 -0.334145640 0.294369165 0.220600000 -0.055105047 -0.739090485 -0.671348410 1.454500000
0.000000000 0.621754808 1.076041667 0.382932692 0.531875000 0.000000000 0.000000000 0.457583977 0.579835904 -0.674097344 1.268400000 0.887023420 -0.350279833 0.300821361 0.207900000 -0.061695679 -0.735591166 -0.674610465 1.456500000
