0.000000000 0.384615385 0.666666667 0.384615385 0.500000000 0.000000000 0.000000000 -0.790228844 0.000000000 0.612811859 22.974941254 -0.612811859 0.000000000 -0.790228844 1.138311863 0.000000000 1.000000000 0.000000000 35.159938812
0.000000000 0.384615385 0.666666667 0.384615385 0.500000000 0.000000000 0.000000000 -0.785273560 0.000000000 0.619148961 23.462518692 -0.619148961 0.000000000 -0.785273560 1.169974566 0.000000000 1.000000000 0.000000000 35.479579926
0.000000000 0.384615385 0.666666667 0.384615385 0.500000000 0.000000000 0.000000000 -0.780652605 0.000000000 0.624965207 23.904081345 -0.624965207 0.000000000 -0.780652605 1.234432220 0.000000000 1.000000000 0.000000000 35.713855743
0.000000000 0.384615385 0.666666667 0.384615385 0.500000000 0.000000000 0.000000000 -0.776164937 0.000000000 0.630529929 24.432489395 -0.630529929 0.000000000 -0.776164937 1.094967604 0.000000000 1.000000000 0.000000000 36.066951752
0.000000000 0.384615385 0.666666667 0.384615385 0.500000000 0.000000000 0.000000000 -0.772459979 0.000000000 0.635063446 24.674755096 -0.635063446 0.000000000 -0.772459979 1.173682928 0.000000000 1.000000000 0.000000000 36.270439148
0.000000000 0.384615385 0.666666667 0.384615385 0.500000000 0.000000000 0.000000000 -0.768946064 0.000000000 0.639313655 25.057617188 -0.639313655 0.000000000 -0.768946064 1.201845169 0.000000000 1.000000000 0.000000000 36.729106903
0.000000000 0.384615385 0.666666667 0.384615385 0.500000000 0.000000000 0.000000000 -0.765774952 0.000000000 0.643108640 25.443212509 -0.643108640 0.000000000 -0.765774952 1.185582519 0.000000000 1.000000000 0.000000000 37.041179657
0.000000000 0.384615385 0.666666667 0.384615385 0.500000000 0.000000000 0.000000000 -0.763070022 0.000000000 0.646315822 25.735420227 -0.646315822 0.000000000 -0.763070022 1.203639627 0.000000000 1.000000000 0.000000000 37.150779724
0.000000000 0.384615385 0.666666667 0.384615385 0.500000000 0.000000000 0.000000000 -0.760725103 0.000000000 0.649074200 25.992069244 -0.649074200 0.000000000 -0.760725103 1.077918768 0.000000000 1.000000000 0.000000000 37.633148193
0.000000000 0.384615385 0.666666667 0.384615385 0.500000000 0.000000000 0.000000000 -0.758836490 0.000000000 0.651281185 26.446601868 -0.651281185 0.000000000 -0.758836490 1.207495213 0.000000000 1.000000000 0.000000000 37.941600800
0.000000000 0.384615385 0.666666667 0.384615385 0.500000000 0.000000000 0.000000000 -0.757065148 0.000000000 0.653339392 26.806816101 -0.653339392 0.000000000 -0.757065148 1.241534352 0.000000000 1.000000000 0.000000000 38.257499695
0.000000000 0.384615385 0.666666667 0.384615385 0.500000000 0.000000000 0.000000000 -0.755679832 0.000000000 0.654941212 27.200859070 -0.654941212 0.000000000 -0.755679832 1.203397393 0.000000000 1.000000000 0.000000000 38.575008392
0.000000000 0.384615385 0.666666667 0.384615385 0.500000000 0.000000000 0.000000000 -0.754658184 0.000000000 0.656118148 27.467128754 -0.656118148 0.000000000 -0.754658184 1.183786035 0.000000000 1.000000000 0.000000000 39.020057678
0.000000000 0.384615385 0.666666667 0.384615385 0.500000000 0.000000000 0.000000000 -0.753969278 0.000000000 0.656909680 27.881570816 -0.656909680 0.000000000 -0.753969278 1.179113150 0.000000000 1.000000000 0.000000000 39.354583740
0.000000000 0.384615385 0.666666667 0.384615385 0.500000000 0.000000000 0.000000000 -0.753690607 0.000000000 0.657229389 28.443738937 -0.657229389 0.000000000 -0.753690607 1.139283538 0.000000000 1.000000000 0.000000000 39.568881989
0.000000000 0.384615385 0.666666667 0.384615385 0.500000000 0.000000000 0.000000000 -0.753720653 0.000000000 0.657194930 28.581874847 -0.657194930 0.000000000 -0.753720653 1.093555927 0.000000000 1.000000000 0.000000000 39.823825836
0.000000000 0.384615385 0.666666667 0.384615385 0.500000000 0.000000000 0.000000000 -0.754079237 0.000000000 0.656783454 29.063602448 -0.656783454 0.000000000 -0.754079237 1.095600367 0.000000000 1.000000000 0.000000000 40.209587097
0.000000000 0.384615385 0.666666667 0.384615385 0.500000000 0.000000000 0.000000000 -0.754765350 0.000000000 0.655994867 29.478094101 -0.655994867 0.000000000 -0.754765350 1.252248883 0.000000000 1.000000000 0.000000000 40.555557251
0.000000000 0.384615385 0.666666667 0.384615385 0.500000000 0.000000000 0.000000000 -0.755773039 0.000000000 0.654833654 29.952117920 -0.654833654 0.000000000 -0.755773039 1.195895553 0.000000000 1.000000000 0.000000000 40.883693695
0.000000000 0.384615385 0.666666667 0.384615385 0.500000000 0.000000000 0.000000000 -0.757084073 0.000000000 0.653317463 30.272596359 -0.653317463 0.000000000 -0.757084073 1.150046706 0.000000000 1.000000000 0.000000000 41.195495605
0.000000000 0.384615385 0.666666667 0.384615385 0.500000000 0.000000000 0.000000000 -0.758792956 0.000000000 0.651331905 30.595575333 -0.651331905 0.000000000 -0.758792956 1.150444627 0.000000000 1.000000000 0.000000000 41.544609070
0.000000000 0.384615385 0.666666667 0.384615385 0.500000000 0.000000000 0.000000000 -0.760629474 0.000000000 0.649186263 30.948261261 -0.649186263 0.000000000 -0.760629474 1.151452303 0.000000000 1.000000000 0.000000000 41.847595215
0.000000000 0.384615385 0.666666667 0.384615385 0.500000000 0.000000000 0.000000000 -0.762804800 0.000000000 0.646628825 31.396707535 -0.646628825 0.000000000 -0.762804800 1.236277461 0.000000000 1.000000000 0.000000000 42.154945374
0.000000000 0.384615385 0.666666667 0.384615385 0.500000000 0.000000000 0.000000000 -0.765044103 0.000000000 0.643977889 31.642156601 -0.643977889 0.000000000 -0.765044103 1.149274588 0.000000000 1.000000000 0.000000000 42.389270782
0.000000000 0.384615385 0.666666667 0.384615385 0.500000000 0.000000000 0.000000000 -0.767792601 0.000000000 0.640698465 32.049228668 -0.640698465 0.000000000 -0.767792601 1.072218060 0.000000000 1.000000000 0.000000000 42.730396271
0.000000000 0.384615385 0.666666667 0.384615385 0.500000000 0.000000000 0.000000000 -0.770681768 0.000000000 0.637220223 32.335987091 -0.637220223 0.000000000 -0.770681768 1.069631696 0.000000000 1.000000000 0.000000000 43.033332825
0.000000000 0.384615385 0.666666667 0.384615385 0.500000000 0.000000000 0.000000000 -0.773503114 0.000000000 0.633792500 32.751472473 -0.633792500 0.000000000 -0.773503114 1.167079687 0.000000000 1.000000000 0.000000000 43.367053986
0.000000000 0.384615385 0.666666667 0.384615385 0.500000000 0.000000000 0.000000000 -0.776850042 0.000000000 0.629685646 33.075290680 -0.629685646 0.000000000 -0.776850042 1.288880229 0.000000000 1.000000000 0.000000000 43.726062775
0.000000000 0.384615385 0.666666667 0.384615385 0.500000000 0.000000000 0.000000000 -0.780051973 0.000000000 0.625714727 33.471122742 -0.625714727 0.000000000 -0.780051973 1.216740370 0.000000000 1.000000000 0.000000000 43.905941010
0.000000000 0.384615385 0.666666667 0.384615385 0.500000000 0.000000000 0.000000000 -0.783797971 0.000000000 0.621015894 33.870117188 -0.621015894 0.000000000 -0.783797971 1.285438180 0.000000000 1.000000000 0.000000000 44.136856079
0.000000000 0.384615385 0.666666667 0.384615385 0.500000000 0.000000000 0.000000000 -0.787330952 0.000000000 0.616530593 34.240684509 -0.616530593 0.000000000 -0.787330952 1.128355742 0.000000000 1.000000000 0.000000000 44.534381866
0.000000000 0.384615385 0.666666667 0.384615385 0.500000000 0.000000000 0.000000000 -0.791170701 0.000000000 0.611595391 34.551853180 -0.611595391 0.000000000 -0.791170701 1.236377478 0.000000000 1.000000000 0.000000000 44.796043396
0.000000000 0.384615385 0.666666667 0.384615385 0.500000000 0.000000000 0.000000000 -0.795374179 0.000000000 0.606118730 34.917617798 -0.606118730 0.000000000 -0.795374179 1.190926075 0.000000000 1.000000000 0.000000000 45.092826843
0.000000000 0.384615385 0.666666667 0.384615385 0.500000000 0.000000000 0.000000000 -0.797751053 0.000000000 0.602986946 35.294540405 -0.602986946 0.000000000 -0.797751053 1.095442533 0.000000000 1.000000000 0.000000000 45.363418579
0.000000000 0.384615385 0.666666667 0.384615385 0.500000000 0.000000000 0.000000000 -0.803368047 0.000000000 0.595482813 35.701854706 -0.595482813 0.000000000 -0.803368047 1.238727093 0.000000000 1.000000000 0.000000000 45.608108521
0.000000000 0.384615385 0.666666667 0.384615385 0.500000000 0.000000000 0.000000000 -0.807625123 0.000000000 0.589696245 36.038631439 -0.589696245 0.000000000 -0.807625123 1.229810357 0.000000000 1.000000000 0.000000000 45.878898621
0.000000000 0.384615385 0.666666667 0.384615385 0.500000000 0.000000000 0.000000000 -0.811973859 0.000000000 0.583693800 36.363945007 -0.583693800 0.000000000 -0.811973859 1.138855577 0.000000000 1.000000000 0.000000000 46.172508240
0.000000000 0.384615385 0.666666667 0.384615385 0.500000000 0.000000000 0.000000000 -0.816742949 0.000000000 0.577001694 36.763679504 -0.577001694 0.000000000 -0.816742949 1.228510618 0.000000000 1.000000000 0.000000000 46.394294739
0.000000000 0.384615385 0.666666667 0.384615385 0.500000000 0.000000000 0.000000000 -0.821059415 0.000000000 0.570842743 37.199180603 -0.570842743 0.000000000 -0.821059415 1.171323657 0.000000000 1.000000000 0.000000000 46.703994751
0.000000000 0.384615385 0.666666667 0.384615385 0.500000000 0.000000000 0.000000000 -0.825583979 0.000000000 0.564279269 37.539199829 -0.564279269 0.000000000 -0.825583979 1.190614462 0.000000000 1.000000000 0.000000000 46.903823853
0.000000000 0.384615385 0.666666667 0.384615385 0.500000000 0.000000000 0.000000000 -0.830456659 0.000000000 0.557083240 37.942497253 -0.557083240 0.000000000 -0.830456659 1.201008081 0.000000000 1.000000000 0.000000000 47.257820129
0.000000000 0.384615385 0.666666667 0.384615385 0.500000000 0.000000000 0.000000000 -0.835358007 0.000000000 0.549706285 38.425273895 -0.549706285 0.000000000 -0.835358007 1.234792352 0.000000000 1.000000000 0.000000000 47.448123932
0.000000000 0.384615385 0.666666667 0.384615385 0.500000000 0.000000000 0.000000000 -0.840232435 0.000000000 0.542226388 38.657852173 -0.542226388 0.000000000 -0.840232435 1.285684347 0.000000000 1.000000000 0.000000000 47.718261719
0.000000000 0.384615385 0.666666667 0.384615385 0.500000000 0.000000000 0.000000000 -0.845051136 0.000000000 0.534685495 39.273494720 -0.534685495 0.000000000 -0.845051136 1.165972114 0.000000000 1.000000000 0.000000000 48.068393707
0.000000000 0.384615385 0.666666667 0.384615385 0.500000000 0.000000000 0.000000000 -0.849791498 0.000000000 0.527118972 39.588584900 -0.527118972 0.000000000 -0.849791498 1.149139404 0.000000000 1.000000000 0.000000000 48.297901154
0.000000000 0.384615385 0.666666667 0.384615385 0.500000000 0.000000000 0.000000000 -0.854480078 0.000000000 0.519484163 40.071521759 -0.519484163 0.000000000 -0.854480078 1.222844243 0.000000000 1.000000000 0.000000000 48.535251617
0.000000000 0.384615385 0.666666667 0.384615385 0.500000000 0.000000000 0.000000000 -0.859041089 0.000000000 0.511906640 40.386081696 -0.511906640 0.000000000 -0.859041089 1.293485641 0.000000000 1.000000000 0.000000000 48.773532867
0.000000000 0.384615385 0.666666667 0.384615385 0.500000000 0.000000000 0.000000000 -0.863471826 0.000000000 0.504397071 40.802597046 -0.504397071 0.000000000 -0.863471826 1.185471892 0.000000000 1.000000000 0.000000000 49.014797211
0.000000000 0.384615385 0.666666667 0.384615385 0.500000000 0.000000000 0.000000000 -0.867739022 0.000000000 0.497020110 41.294803619 -0.497020110 0.000000000 -0.867739022 1.274906874 0.000000000 1.000000000 0.000000000 49.270927429
0.000000000 0.384615385 0.666666667 0.384615385 0.500000000 0.000000000 0.000000000 -0.869990254 0.000000000 0.493068919 41.766777039 -0.493068919 0.000000000 -0.869990254 1.374007940 0.000000000 1.000000000 0.000000000 49.391670227
0.000000000 0.384615385 0.666666667 0.384615385 0.500000000 0.000000000 0.000000000 -0.875938877 0.000000000 0.482422102 42.289844513 -0.482422102 0.000000000 -0.875938877 1.139055133 0.000000000 1.000000000 0.000000000 49.763450623
0.000000000 0.384615385 0.666666667 0.384615385 0.500000000 0.000000000 0.000000000 -0.879472010 0.000000000 0.475950610 42.533496857 -0.475950610 0.000000000 -0.879472010 1.275597811 0.000000000 1.000000000 0.000000000 49.936481476
0.000000000 0.384615385 0.666666667 0.384615385 0.500000000 0.000000000 0.000000000 -0.882921386 0.000000000 0.469520847 43.028602600 -0.469520847 0.000000000 -0.882921386 1.141462207 0.000000000 1.000000000 0.000000000 50.199436188
0.000000000 0.384615385 0.666666667 0.384615385 0.500000000 0.000000000 0.000000000 -0.886197505 0.000000000 0.463307654 43.508682251 -0.463307654 0.000000000 -0.886197505 1.307205915 0.000000000 1.000000000 0.000000000 50.390422821
0.000000000 0.384615385 0.666666667 0.384615385 0.500000000 0.000000000 0.000000000 -0.889286350 0.000000000 0.457350836 43.835075378 -0.457350836 0.000000000 -0.889286350 1.269221187 0.000000000 1.000000000 0.000000000 50.701175690
0.000000000 0.384615385 0.666666667 0.384615385 0.500000000 0.000000000 0.000000000 -0.892212885 0.000000000 0.451615067 44.428279877 -0.451615067 0.000000000 -0.892212885 1.211414814 0.000000000 1.000000000 0.000000000 50.946357727
0.000000000 0.384615385 0.666666667 0.384615385 0.500000000 0.000000000 0.000000000 -0.894985222 0.000000000 0.446095789 44.761756897 -0.446095789 0.000000000 -0.894985222 1.170782804 0.000000000 1.000000000 0.000000000 51.184707642
0.000000000 0.384615385 0.666666667 0.384615385 0.500000000 0.000000000 0.000000000 -0.897626286 0.000000000 0.440757360 45.381328583 -0.440757360 0.000000000 -0.897626286 1.282455087 0.000000000 1.000000000 0.000000000 51.378807068
0.000000000 0.384615385 0.666666667 0.384615385 0.500000000 0.000000000 0.000000000 -0.900151770 0.000000000 0.435576389 45.692695618 -0.435576389 0.000000000 -0.900151770 1.170987368 0.000000000 1.000000000 0.000000000 51.533664703
0.000000000 0.384615385 0.666666667 0.384615385 0.500000000 0.000000000 0.000000000 -0.902617328 0.000000000 0.430443910 46.203376770 -0.430443910 0.000000000 -0.902617328 1.101470113 0.000000000 1.000000000 0.000000000 51.733600616
0.000000000 0.384615385 0.666666667 0.384615385 0.500000000 0.000000000 0.000000000 -0.905126954 0.000000000 0.425141386 46.596191406 -0.425141386 0.000000000 -0.905126954 1.163769841 0.000000000 1.000000000 0.000000000 51.916526794
0.000000000 0.384615385 0.666666667 0.384615385 0.500000000 0.000000000 0.000000000 -0.907686078 0.000000000 0.419649834 47.128044128 -0.419649834 0.000000000 -0.907686078 1.147311211 0.000000000 1.000000000 0.000000000 52.236125946
0.000000000 0.384615385 0.666666667 0.384615385 0.500000000 0.000000000 0.000000000 -0.910329490 0.000000000 0.413884307 47.490467072 -0.413884307 0.000000000 -0.910329490 1.192841172 0.000000000 1.000000000 0.000000000 52.414699554
0.000000000 0.384615385 0.666666667 0.384615385 0.500000000 0.000000000 0.000000000 -0.912900737 0.000000000 0.408181631 47.945663452 -0.408181631 0.000000000 -0.912900737 1.237267733 0.000000000 1.000000000 0.000000000 52.545398712
0.000000000 0.384615385 0.666666667 0.384615385 0.500000000 0.000000000 0.000000000 -0.915992119 0.000000000 0.401196258 48.444705963 -0.401196258 0.000000000 -0.915992119 1.203941107 0.000000000 1.000000000 0.000000000 52.875595093
0.000000000 0.384615385 0.666666667 0.384615385 0.500000000 0.000000000 0.000000000 -0.918814491 0.000000000 0.394689665 48.822071075 -0.394689665 0.000000000 -0.918814491 1.159869671 0.000000000 1.000000000 0.000000000 52.920940399
0.000000000 0.384615385 0.666666667 0.384615385 0.500000000 0.000000000 0.000000000 -0.922198750 0.000000000 0.386716259 49.111015320 -0.386716259 0.000000000 -0.922198750 1.194473505 0.000000000 1.000000000 0.000000000 53.051277161
0.000000000 0.384615385 0.666666667 0.384615385 0.500000000 0.000000000 0.000000000 -0.924179963 0.000000000 0.381957323 49.669803619 -0.381957323 0.000000000 -0.924179963 1.187091351 0.000000000 1.000000000 0.000000000 53.345413208
0.000000000 0.384615385 0.666666667 0.384615385 0.500000000 0.000000000 0.000000000 -0.929175888 0.000000000 0.369637889 50.061943054 -0.369637889 0.000000000 -0.929175888 1.169646025 0.000000000 1.000000000 0.000000000 53.497077942
0.000000000 0.384615385 0.666666667 0.384615385 0.500000000 0.000000000 0.000000000 -0.933153719 0.000000000 0.359477589 50.430915833 -0.359477589 0.000000000 -0.933153719 1.238833427 0.000000000 1.000000000 0.000000000 53.671218872
0.000000000 0.384615385 0.666666667 0.384615385 0.500000000 0.000000000 0.000000000 -0.937661096 0.000000000 0.347550959 50.906757355 -0.347550959 0.000000000 -0.937661096 1.193756938 0.000000000 1.000000000 0.000000000 53.840862274
0.000000000 0.384615385 0.666666667 0.384615385 0.500000000 0.000000000 0.000000000 -0.941892654 0.000000000 0.335914019 51.292186737 -0.335914019 0.000000000 -0.941892654 1.210319161 0.000000000 1.000000000 0.000000000 53.944744110
0.000000000 0.384615385 0.666666667 0.384615385 0.500000000 0.000000000 0.000000000 -0.946437672 0.000000000 0.322886565 51.809978485 -0.322886565 0.000000000 -0.946437672 1.167116046 0.000000000 1.000000000 0.000000000 54.069080353
0.000000000 0.384615385 0.666666667 0.384615385 0.500000000 0.000000000 0.000000000 -0.951422481 0.000000000 0.307888392 52.333698273 -0.307888392 0.000000000 -0.951422481 1.174398184 0.000000000 1.000000000 0.000000000 54.125736237
0.000000000 0.384615385 0.666666667 0.384615385 0.500000000 0.000000000 0.000000000 -0.955912024 0.000000000 0.293653200 52.705780029 -0.293653200 0.000000000 -0.955912024 1.175590277 0.000000000 1.000000000 0.000000000 54.250110626
0.000000000 0.384615385 0.666666667 0.384615385 0.500000000 0.000000000 0.000000000 -0.959936342 0.000000000 0.280218163 52.984851837 -0.280218163 0.000000000 -0.959936342 1.123140216 0.000000000 1.000000000 0.000000000 54.415702820
0.000000000 0.384615385 0.666666667 0.384615385 0.500000000 0.000000000 0.000000000 -0.961828112 0.000000000 0.273654314 53.430820465 -0.273654314 0.000000000 -0.961828112 1.129322767 0.000000000 1.000000000 0.000000000 54.591384888
0.000000000 0.384615385 0.666666667 0.384615385 0.500000000 0.000000000 0.000000000 -0.968494505 0.000000000 0.249034925 53.864616394 -0.249034925 0.000000000 -0.968494505 1.113464952 0.000000000 1.000000000 0.000000000 54.627182007
0.000000000 0.384615385 0.666666667 0.384615385 0.500000000 0.000000000 0.000000000 -0.972193379 0.000000000 0.234179491 54.131305695 -0.234179491 0.000000000 -0.972193379 1.063813925 0.000000000 1.000000000 0.000000000 54.829662323
0.000000000 0.384615385 0.666666667 0.384615385 0.500000000 0.000000000 0.000000000 -0.974226838 0.000000000 0.225570540 54.632595062 -0.225570540 0.000000000 -0.974226838 1.124618530 0.000000000 1.000000000 0.000000000 54.860691071
0.000000000 0.384615385 0.666666667 0.384615385 0.500000000 0.000000000 0.000000000 -0.977043258 0.000000000 0.213041009 54.910789490 -0.213041009 0.000000000 -0.977043258 1.171251297 0.000000000 1.000000000 0.000000000 54.993484497