0.000000000 0.500000000 0.666666667 0.500000000 0.500000000 0.000000000 0.000000000 0.382608436 -0.923910594 -0.000000000 0.000000000 -0.000000000 1.000000000 -0.923910594 -0.382608436 -0.000000000 12.199702263 0.852584839 7.469859600
0.000000000 0.500000000 0.666666667 0.500000000 0.500000000 0.000000000 0.000000000 0.366851672 -0.930219477 0.010562964 0.022535891 0.020237641 0.999541180 -0.930006443 -0.366445307 0.028387537 12.325507164 0.914277911 7.539950848
0.000000000 0.500000000 0.666666667 0.500000000 0.500000000 0.000000000 0.000000000 0.350740367 -0.936218958 0.021800421 0.046051598 0.040494315 0.998117959 -0.935339749 -0.349076315 0.057317370 12.455073357 0.977497697 7.611302853
0.000000000 0.500000000 0.666666667 0.500000000 0.500000000 0.000000000 0.000000000 0.334388448 -0.941832526 0.033702507 0.070425406 0.060632971 0.995672589 -0.939800313 -0.330567899 0.086603903 12.588651657 1.042176366 7.683423519
0.000000000 0.500000000 0.666666667 0.500000000 0.500000000 0.000000000 0.000000000 0.317911706 -0.946991691 0.046248075 0.095524979 0.080522590 0.992164851 -0.943295885 -0.311002974 0.116060435 12.726567268 1.108232140 7.755703449
0.000000000 0.500000000 0.666666667 0.500000000 0.500000000 0.000000000 0.000000000 0.301425118 -0.951637541 0.059404453 0.121209013 0.100039847 0.987572987 -0.945754341 -0.290478949 0.145501569 12.869506836 1.175493717 7.826802254
0.000000000 0.500000000 0.666666667 0.500000000 0.500000000 0.000000000 0.000000000 0.285041679 -0.955721526 0.073127324 0.147330027 0.119070757 0.981894097 -0.947124651 -0.269106891 0.174746607 13.017828941 1.243812799 7.895814419
0.000000000 0.500000000 0.666666667 0.500000000 0.500000000 0.000000000 0.000000000 0.268873163 -0.959205520 0.087361277 0.173734198 0.137512068 0.975144533 -0.947377248 -0.247012553 0.203620106 13.171566963 1.313097477 7.962409019
0.000000000 0.500000000 0.666666667 0.500000000 0.500000000 0.000000000 0.000000000 0.253026201 -0.962063050 0.102041316 0.200261921 0.155272784 0.967360080 -0.946505628 -0.224332456 0.231952677 13.330888748 1.383216500 8.025954246
0.000000000 0.500000000 0.666666667 0.500000000 0.500000000 0.000000000 0.000000000 0.237603480 -0.964279000 0.117092259 0.226752566 0.172275103 0.958595098 -0.944525204 -0.201214561 0.259585901 13.491804123 1.452387333 8.084662437
0.000000000 0.500000000 0.666666667 0.500000000 0.500000000 0.000000000 0.000000000 0.222701191 -0.965850039 0.132430664 0.253044513 0.188455435 0.948922032 -0.941473661 -0.177815214 0.286372303 13.654769897 1.520288944 8.136898994
0.000000000 0.500000000 0.666666667 0.500000000 0.500000000 0.000000000 0.000000000 0.208409039 -0.966784265 0.147965731 0.278976515 0.203764996 0.938430568 -0.937410143 -0.154298449 0.312176572 13.819250107 1.586940885 8.183332443
0.000000000 0.500000000 0.666666667 0.500000000 0.500000000 0.000000000 0.000000000 0.194808730 -0.967101022 0.163600649 0.304389430 0.218170140 0.927226437 -0.932414411 -0.130833496 0.336876776 13.984575272 1.652657151 8.225497246
0.000000000 0.500000000 0.666666667 0.500000000 0.500000000 0.000000000 0.000000000 0.181974990 -0.966830158 0.179233225 0.329128880 0.231652496 0.915429572 -0.926584742 -0.107594457 0.360366688 14.150663376 1.717463016 8.263313293
0.000000000 0.500000000 0.666666667 0.500000000 0.500000000 0.000000000 0.000000000 0.169972742 -0.966011665 0.194758132 0.353045994 0.244208641 0.903172556 -0.920036843 -0.084756138 0.382555361 14.317646027 1.781285644 8.295322418
0.000000000 0.500000000 0.666666667 0.500000000 0.500000000 0.000000000 0.000000000 0.158857992 -0.964694584 0.210067843 0.375997316 0.255849323 0.890599316 -0.912902052 -0.062493874 0.403366284 14.484808922 1.844511032 8.323921204
0.000000000 0.500000000 0.666666667 0.500000000 0.500000000 0.000000000 0.000000000 0.148679299 -0.962935837 0.225053416 0.397847174 0.266598870 0.877862557 -0.905324302 -0.040983124 0.422739034 14.652160645 1.907147169 8.348992348
0.000000000 0.500000000 0.666666667 0.500000000 0.500000000 0.000000000 0.000000000 0.139476346 -0.960799187 0.239606492 0.418466252 0.276493921 0.865122597 -0.897458826 -0.020396908 0.440626396 14.819941521 1.969094515 8.367625237
0.000000000 0.500000000 0.666666667 0.500000000 0.500000000 0.000000000 0.000000000 0.131281139 -0.958353970 0.253619659 0.437734747 0.285581600 0.852544099 -0.889468130 -0.000904823 0.456996310 14.987646103 2.030618191 8.382105827
0.000000000 0.500000000 0.666666667 0.500000000 0.500000000 0.000000000 0.000000000 0.124118852 -0.955673513 0.266988103 0.455537849 0.293918228 0.840295986 -0.881521287 0.017326613 0.471826249 15.155253410 2.091731787 8.391793251
0.000000000 0.500000000 0.666666667 0.500000000 0.500000000 0.000000000 0.000000000 0.118009009 -0.952833883 0.279609487 0.471769725 0.301566540 0.828547493 -0.873788991 0.034135222 0.485105747 15.322688103 2.152456045 8.394697189
0.000000000 0.500000000 0.666666667 0.500000000 0.500000000 0.000000000 0.000000000 0.112950508 -0.953311485 0.280070340 0.486360126 0.298842938 0.821064386 -0.866427153 0.043475406 0.497407156 15.489948273 2.211628914 8.387620926
0.000000000 0.500000000 0.666666667 0.500000000 0.500000000 0.000000000 0.000000000 0.108880785 -0.953706787 0.280336119 0.499371618 0.296322055 0.814138334 -0.859519030 0.051347881 0.508517879 15.655898094 2.270566702 8.369785309
0.000000000 0.500000000 0.666666667 0.500000000 0.500000000 0.000000000 0.000000000 0.105722199 -0.954048986 0.280380722 0.510897533 0.294014722 0.807798894 -0.853115776 0.057843544 0.518505156 15.819037437 2.328316927 8.335592270
0.000000000 0.500000000 0.666666667 0.500000000 0.500000000 0.000000000 0.000000000 0.103401972 -0.954359925 0.280187733 0.521028644 0.291927614 0.802064474 -0.847252727 0.063050786 0.527434749 15.976276398 2.382878304 8.278836250
0.000000000 0.500000000 0.666666667 0.500000000 0.500000000 0.000000000 0.000000000 0.101849933 -0.954655130 0.279750201 0.529854243 0.290063394 0.796942726 -0.841950754 0.067058268 0.535371008 16.123197556 2.431624174 8.196228027
0.000000000 0.500000000 0.666666667 0.500000000 0.500000000 0.000000000 0.000000000 0.101001286 -0.954944935 0.279067934 0.537461789 0.288421438 0.792431637 -0.837217753 0.069951737 0.542377349 16.251157761 2.471033573 8.094616890
0.000000000 0.500000000 0.666666667 0.500000000 0.500000000 0.000000000 0.000000000 0.100795176 -0.955235403 0.278146828 0.543936664 0.286998096 0.788520766 -0.833050561 0.071815168 0.548515582 16.362041473 2.502099037 7.982662678
0.000000000 0.500000000 0.666666667 0.500000000 0.500000000 0.000000000 0.000000000 0.101176028 -0.955529494 0.276996023 0.549363154 0.285786467 0.785191837 -0.829435673 0.072728818 0.553847437 16.460113525 2.527107239 7.867872238
0.000000000 0.500000000 0.666666667 0.500000000 0.500000000 0.000000000 0.000000000 0.102092145 -0.955827476 0.275628427 0.553823659 0.284777588 0.782420015 -0.826351347 0.072770606 0.558433425 16.549213409 2.548221350 7.754741669
0.000000000 0.500000000 0.666666667 0.500000000 0.500000000 0.000000000 0.000000000 0.103497317 -0.956127961 0.274057708 0.557400648 0.283960031 0.780173838 -0.823767457 0.072014045 0.562335447 16.630903244 2.566413403 7.644890785
0.000000000 0.500000000 0.666666667 0.500000000 0.500000000 0.000000000 0.000000000 0.105349205 -0.956428240 0.272298673 0.560174599 0.283320777 0.778417469 -0.821648321 0.070529138 0.565614424 16.705396652 2.581528187 7.538727284
0.000000000 0.500000000 0.666666667 0.500000000 0.500000000 0.000000000 0.000000000 0.107609610 -0.956724913 0.270365700 0.562225843 0.282845080 0.777110522 -0.819952605 0.068382023 0.568332319 16.775024414 2.595367670 7.438208580
0.000000000 0.500000000 0.666666667 0.500000000 0.500000000 0.000000000 0.000000000 0.110243837 -0.957014309 0.268272080 0.563636261 0.282516481 0.776207835 -0.818633289 0.065635742 0.570553668 16.838853836 2.607360125 7.342671871
0.000000000 0.500000000 0.666666667 0.500000000 0.500000000 0.000000000 0.000000000 0.113220657 -0.957292615 0.266029945 0.564486065 0.282317953 0.775662334 -0.817640853 0.062349198 0.572342566 16.897790909 2.618109465 7.252814293
0.000000000 0.500000000 0.666666667 0.500000000 0.500000000 0.000000000 0.000000000 0.116510654 -0.957556318 0.263649701 0.564857515 0.282231021 0.775423522 -0.816921817 0.058579414 0.573765803 16.952569962 2.628112793 7.169207096
0.000000000 0.500000000 0.666666667 0.500000000 0.500000000 0.000000000 0.000000000 0.120086444 -0.957802319 0.261139741 0.564833728 0.282236501 0.775438854 -0.816420299 0.054380838 0.574891832 17.001831055 2.636599302 7.090895653
0.000000000 0.500000000 0.666666667 0.500000000 0.500000000 0.000000000 0.000000000 0.123921959 -0.958027939 0.258506898 0.564498363 0.282315107 0.775654419 -0.816079007 0.049806105 0.575790245 17.046884537 2.644304037 7.018809795
0.000000000 0.500000000 0.666666667 0.500000000 0.500000000 0.000000000 0.000000000 0.127990204 -0.958231362 0.255756066 0.563936774 0.282446342 0.776015064 -0.815839336 0.044907925 0.576532268 17.087902069 2.651327372 6.953083515
0.000000000 0.500000000 0.666666667 0.500000000 0.500000000 0.000000000 0.000000000 0.132264109 -0.958411436 0.252890737 0.563235407 0.282609913 0.776464754 -0.815642129 0.039738598 0.577190403 17.124891281 2.657665730 6.893723011
0.000000000 0.500000000 0.666666667 0.500000000 0.500000000 0.000000000 0.000000000 0.136714707 -0.958567983 0.249913008 0.562483862 0.282784995 0.776945655 -0.815426878 0.034352136 0.577839889 17.156881332 2.662874460 6.840093136
0.000000000 0.500000000 0.666666667 0.500000000 0.500000000 0.000000000 0.000000000 0.141307282 -0.963233325 0.228503423 0.561764127 0.268077980 0.782659097 -0.815140060 0.017769596 0.578991298 17.185522079 2.665587902 6.791543007
0.000000000 0.500000000 0.666666667 0.500000000 0.500000000 0.000000000 0.000000000 0.145998484 -0.967822291 0.204949886 0.561130366 0.251634651 0.788551022 -0.814749750 -0.000123649 0.579812755 17.210241318 2.667449951 6.749307156
0.000000000 0.500000000 0.666666667 0.500000000 0.500000000 0.000000000 0.000000000 0.150739590 -0.972128636 0.179564727 0.560625395 0.233670310 0.794416360 -0.814233838 -0.019081451 0.580223367 17.231018066 2.668487072 6.713416576
0.000000000 0.500000000 0.666666667 0.500000000 0.500000000 0.000000000 0.000000000 0.155479417 -0.975970319 0.152669862 0.560289292 0.214411469 0.800064767 -0.813573635 -0.038854315 0.580162289 17.247821808 2.668728590 6.683902264
0.000000000 0.500000000 0.666666667 0.500000000 0.500000000 0.000000000 0.000000000 0.160164975 -0.979194878 0.124597638 0.560157824 0.194097557 0.805325618 -0.812754817 -0.059190615 0.579591303 17.267702103 2.669349194 6.649095535
0.000000000 0.500000000 0.666666667 0.500000000 0.500000000 0.000000000 0.000000000 0.164739746 -0.981684381 0.095690084 0.560261544 0.172979565 0.810052512 -0.811768328 -0.079836371 0.578496617 17.290643692 2.670381069 6.609026909
0.000000000 0.500000000 0.666666667 0.500000000 0.500000000 0.000000000 0.000000000 0.169146258 -0.983358700 0.066296388 0.560627658 0.151319753 0.814124660 -0.810608520 -0.100538551 0.576893255 17.315937042 2.671609402 6.563292027
0.000000000 0.500000000 0.666666667 0.500000000 0.500000000 0.000000000 0.000000000 0.173326173 -0.984177809 0.036770619 0.561277128 0.129389426 0.817451138 -0.809274999 -0.121047170 0.574823068 17.344081879 2.673246384 6.512237549
0.000000000 0.500000000 0.666666667 0.500000000 0.500000000 0.000000000 0.000000000 0.177220407 -0.984142844 0.007469247 0.562225874 0.107466580 0.819971342 -0.807771623 -0.141116251 0.572355841 17.375173569 2.675360918 6.455953121
0.000000000 0.500000000 0.666666667 0.500000000 0.500000000 0.000000000 0.000000000 0.180771116 -0.983295540 -0.021252891 0.563486278 0.085833313 0.821654342 -0.806104843 -0.160507085 0.569589727 17.406959534 2.677636623 6.398378372
0.000000000 0.500000000 0.666666667 0.500000000 0.500000000 0.000000000 0.000000000 0.183921000 -0.981716749 -0.049043758 0.565066226 0.064773372 0.822498979 -0.804284294 -0.178987806 0.566648162 17.439447403 2.680108070 6.339540482
0.000000000 0.500000000 0.666666667 0.500000000 0.500000000 0.000000000 0.000000000 0.186614850 -0.979523363 -0.075557119 0.566968831 0.044569236 0.822532630 -0.802322405 -0.196335335 0.563676498 17.472011566 2.682641268 6.279087544
0.000000000 0.500000000 0.666666667 0.500000000 0.500000000 0.000000000 0.000000000 0.188800066 -0.976864096 -0.100454333 0.569195131 0.025499975 0.821806945 -0.800232115 -0.212335323 0.560840684 17.504747391 2.685293198 6.217094421
0.000000000 0.500000000 0.666666667 0.500000000 0.500000000 0.000000000 0.000000000 0.190427881 -0.973913918 -0.123405441 0.571743829 0.007839287 0.820394746 -0.798026451 -0.226782332 0.558322092 17.538211823 2.688238144 6.153903484
0.000000000 0.500000000 0.666666667 0.500000000 0.500000000 0.000000000 0.000000000 0.191452524 -0.970867846 -0.144088710 0.574612668 -0.008146305 0.818384946 -0.795717420 -0.239477061 0.556313333 17.572435379 2.691509247 6.089538574
0.000000000 0.500000000 0.666666667 0.500000000 0.500000000 0.000000000 0.000000000 0.191832297 -0.967933392 -0.162189145 0.577799144 -0.022197674 0.815877082 -0.793314893 -0.250224323 0.555012854 17.607276917 2.695108652 6.023931980
0.000000000 0.500000000 0.666666667 0.500000000 0.500000000 0.000000000 0.000000000 0.191531227 -0.965321545 -0.177398151 0.581301638 -0.034064102 0.812974810 -0.790825009 -0.258831899 0.554618656 17.641498566 2.698834181 5.956416607
0.000000000 0.500000000 0.666666667 0.500000000 0.500000000 0.000000000 0.000000000 0.190516690 -0.963238193 -0.189408483 0.585122975 -0.043502143 0.809776925 -0.788247737 -0.265103274 0.555324913 17.676523209 2.702974081 5.887781143
0.000000000 0.500000000 0.666666667 0.500000000 0.500000000 0.000000000 0.000000000 0.188762068 -0.961872854 -0.197912844 0.589267481 -0.050276977 0.806372161 -0.785577952 -0.268836079 0.557310008 17.712369919 2.707557678 5.818052292
0.000000000 0.500000000 0.666666667 0.500000000 0.500000000 0.000000000 0.000000000 0.186246628 -0.961387722 -0.202597732 0.593746279 -0.054159012 0.802827601 -0.782801092 -0.269815583 0.560733450 17.748441696 2.712534189 5.746939659
0.000000000 0.500000000 0.666666667 0.500000000 0.500000000 0.000000000 0.000000000 0.182974040 -0.961879083 -0.203246475 0.598566550 -0.055005728 0.799182367 -0.779896523 -0.267886167 0.565684024 17.783737183 2.717794180 5.673946381
0.000000000 0.500000000 0.666666667 0.500000000 0.500000000 0.000000000 0.000000000 0.179029422 -0.963288343 -0.200060078 0.603699505 -0.053003258 0.795448026 -0.776849647 -0.263184771 0.572047553 17.819837570 2.723514557 5.599865437
0.000000000 0.500000000 0.666666667 0.500000000 0.500000000 0.000000000 0.000000000 0.174516269 -0.965486797 -0.193337313 0.609110383 -0.048418396 0.791606089 -0.773646310 -0.255911906 0.579638235 17.856609344 2.729652882 5.524617672
0.000000000 0.500000000 0.666666667 0.500000000 0.500000000 0.000000000 0.000000000 0.169538334 -0.968313775 -0.183371718 0.614767083 -0.041515252 0.787615336 -0.770271502 -0.246261888 0.588249008 17.890834808 2.735903025 5.446707725
0.000000000 0.500000000 0.666666667 0.500000000 0.500000000 0.000000000 0.000000000 0.164197083 -0.971588372 -0.170456310 0.620638266 -0.032557028 0.783420821 -0.766712111 -0.234427123 0.597659153 17.926385880 2.742612600 5.366100311
0.000000000 0.500000000 0.666666667 0.500000000 0.500000000 0.000000000 0.000000000 0.158591233 -0.975120038 -0.154886192 0.626692448 -0.021804969 0.778961565 -0.762958319 -0.220602481 0.607642286 17.961479187 2.749098539 5.282030106
0.000000000 0.500000000 0.666666667 0.500000000 0.500000000 0.000000000 0.000000000 0.152816778 -0.978717482 -0.136963949 0.632895814 -0.009520048 0.774178441 -0.759005877 -0.204991365 0.617971374 17.995180130 2.754996777 5.194092274
0.000000000 0.500000000 0.666666667 0.500000000 0.500000000 0.000000000 0.000000000 0.146965575 -0.982197639 -0.116999650 0.639212969 0.004039238 0.769019158 -0.754856212 -0.187807036 0.628427097 18.028501511 2.760169268 5.102781773
0.000000000 0.500000000 0.666666667 0.500000000 0.500000000 0.000000000 0.000000000 0.141123524 -0.985393105 -0.095313061 0.645605525 0.018615849 0.763444141 -0.750518259 -0.169274566 0.638802367 18.059169769 2.763030291 5.007263660
0.000000000 0.500000000 0.666666667 0.500000000 0.500000000 0.000000000 0.000000000 0.135372365 -0.988158096 -0.072235037 0.652031532 0.033956092 0.757431096 -0.746008850 -0.149634760 0.648906954 18.087846756 2.762848854 4.908038616
0.000000000 0.500000000 0.666666667 0.500000000 0.500000000 0.000000000 0.000000000 0.129785265 -0.990374532 -0.048104803 0.658446403 0.049810464 0.750977531 -0.741352897 -0.129140252 0.658573213 18.114633560 2.759735346 4.805109024
0.000000000 0.500000000 0.666666667 0.500000000 0.500000000 0.000000000 0.000000000 0.124429239 -0.991955569 -0.023270446 0.664802087 0.065935602 0.744103946 -0.736583702 -0.108058529 0.667658449 18.136894226 2.747900009 4.698689938
0.000000000 0.500000000 0.666666667 0.500000000 0.500000000 0.000000000 0.000000000 0.119362240 -0.992848927 0.001914109 0.671048096 0.082095293 0.736854678 -0.731742515 -0.086668166 0.676048460 18.157201767 2.729261160 4.589811802
0.000000000 0.500000000 0.666666667 0.500000000 0.500000000 0.000000000 0.000000000 0.114634707 -0.993038266 0.027090333 0.677131960 0.098062443 0.729298338 -0.726877701 -0.065259171 0.683659307 18.175117493 2.703990936 4.482960224
0.000000000 0.500000000 0.666666667 0.500000000 0.500000000 0.000000000 0.000000000 0.110288507 -0.992543670 0.051899016 0.682998051 0.113620670 0.721528936 -0.722045780 -0.044129422 0.690436446 18.191225052 2.671036243 4.378926754
0.000000000 0.500000000 0.666666667 0.500000000 0.500000000 0.000000000 0.000000000 0.106356427 -0.991420736 0.075981800 0.688591802 0.128564426 0.713661347 -0.717307215 -0.023582027 0.696357845 18.207044601 2.630617619 4.278636456
0.000000000 0.500000000 0.666666667 0.500000000 0.500000000 0.000000000 0.000000000 0.102863334 -0.989758161 0.098984432 0.693856045 0.142700351 0.705833124 -0.712729208 -0.003923402 0.701428317 18.223075867 2.586877584 4.180755615
0.000000000 0.500000000 0.666666667 0.500000000 0.500000000 0.000000000 0.000000000 0.099827326 -0.987674187 0.120557889 0.698733685 0.155847147 0.698199759 -0.708382483 0.014538444 0.705679029 18.239999771 2.538210154 4.086256504
0.000000000 0.500000000 0.666666667 0.500000000 0.500000000 0.000000000 0.000000000 0.097259528 -0.985311984 0.140359819 0.703169517 0.167833907 0.690930105 -0.704338849 0.031497210 0.709164799 18.258041382 2.486981392 3.994285822
0.000000000 0.500000000 0.666666667 0.500000000 0.500000000 0.000000000 0.000000000 0.095167275 -0.982833554 0.158055040 0.707106815 0.178499833 0.684205935 -0.700673349 0.046647781 0.711955647 18.277065277 2.433510780 3.904582977
