0.000000000 0.384615385 0.666666667 0.384615385 0.500000000 0.000000000 0.000000000 0.864423906 0.000000000 -0.502763672 84.304489136 0.502763672 0.000000000 0.864423906 0.213365167 0.000000000 1.000000000 0.000000000 36.828617096
0.000000000 0.384615385 0.666666667 0.384615385 0.500000000 0.000000000 0.000000000 0.859221464 0.000000000 -0.511603827 84.268920898 0.511603827 0.000000000 0.859221464 0.244086146 0.000000000 1.000000000 0.000000000 36.735698700
0.000000000 0.384615385 0.666666667 0.384615385 0.500000000 0.000000000 0.000000000 0.853925549 0.000000000 -0.520395193 83.984344482 0.520395193 0.000000000 0.853925549 0.136842653 0.000000000 1.000000000 0.000000000 36.652820587
0.000000000 0.384615385 0.666666667 0.384615385 0.500000000 0.000000000 0.000000000 0.849609449 0.000000000 -0.527412347 83.800476074 0.527412347 0.000000000 0.849609449 0.162907556 0.000000000 1.000000000 0.000000000 36.453617096
0.000000000 0.384615385 0.666666667 0.384615385 0.500000000 0.000000000 0.000000000 0.845017102 0.000000000 -0.534739280 83.626678467 0.534739280 0.000000000 0.845017102 0.174516290 0.000000000 1.000000000 0.000000000 36.394702911
0.000000000 0.384615385 0.666666667 0.384615385 0.500000000 0.000000000 0.000000000 0.840282383 0.000000000 -0.542148980 83.456443787 0.542148980 0.000000000 0.840282383 0.272743821 0.000000000 1.000000000 0.000000000 36.215297699
0.000000000 0.384615385 0.666666667 0.384615385 0.500000000 0.000000000 0.000000000 0.835088840 0.000000000 -0.550115105 83.276885986 0.550115105 0.000000000 0.835088840 0.197279960 0.000000000 1.000000000 0.000000000 36.064304352
0.000000000 0.384615385 0.666666667 0.384615385 0.500000000 0.000000000 0.000000000 0.831199347 0.000000000 -0.555974501 83.095123291 0.555974501 0.000000000 0.831199347 0.179861754 0.000000000 1.000000000 0.000000000 35.890605927
0.000000000 0.384615385 0.666666667 0.384615385 0.500000000 0.000000000 0.000000000 0.825985535 0.000000000 -0.563691312 82.852195740 0.563691312 0.000000000 0.825985535 0.220421448 0.000000000 1.000000000 0.000000000 35.932758331
0.000000000 0.384615385 0.666666667 0.384615385 0.500000000 0.000000000 0.000000000 0.821676092 0.000000000 -0.569954734 82.668754578 0.569954734 0.000000000 0.821676092 0.219145045 0.000000000 1.000000000 0.000000000 35.738296509
0.000000000 0.384615385 0.666666667 0.384615385 0.500000000 0.000000000 0.000000000 0.817445830 0.000000000 -0.576005481 82.523223877 0.576005481 0.000000000 0.817445830 0.191907197 0.000000000 1.000000000 0.000000000 35.653930664
0.000000000 0.384615385 0.666666667 0.384615385 0.500000000 0.000000000 0.000000000 0.813311762 0.000000000 -0.581828134 82.375053406 0.581828134 0.000000000 0.813311762 0.204543903 0.000000000 1.000000000 0.000000000 35.531894684
0.000000000 0.384615385 0.666666667 0.384615385 0.500000000 0.000000000 0.000000000 0.809327448 0.000000000 -0.587357712 82.185348511 0.587357712 0.000000000 0.809327448 0.210974723 0.000000000 1.000000000 0.000000000 35.400894165
0.000000000 0.384615385 0.666666667 0.384615385 0.500000000 0.000000000 0.000000000 0.805519258 0.000000000 -0.592569595 81.976539612 0.592569595 0.000000000 0.805519258 0.176923677 0.000000000 1.000000000 0.000000000 35.203697205
0.000000000 0.384615385 0.666666667 0.384615385 0.500000000 0.000000000 0.000000000 0.801920966 0.000000000 -0.597430133 81.775215149 0.597430133 0.000000000 0.801920966 0.200770557 0.000000000 1.000000000 0.000000000 35.140327454
0.000000000 0.384615385 0.666666667 0.384615385 0.500000000 0.000000000 0.000000000 0.797847579 0.000000000 -0.602859221 81.723472595 0.602859221 0.000000000 0.797847579 0.174865723 0.000000000 1.000000000 0.000000000 34.875183105
0.000000000 0.384615385 0.666666667 0.384615385 0.500000000 0.000000000 0.000000000 0.794967883 0.000000000 -0.606651519 81.476684570 0.606651519 0.000000000 0.794967883 0.247413561 0.000000000 1.000000000 0.000000000 34.859722137
0.000000000 0.384615385 0.666666667 0.384615385 0.500000000 0.000000000 0.000000000 0.793543939 0.000000000 -0.608512956 81.266189575 0.608512956 0.000000000 0.793543939 0.187390596 0.000000000 1.000000000 0.000000000 34.688537598
0.000000000 0.384615385 0.666666667 0.384615385 0.500000000 0.000000000 0.000000000 0.789744964 0.000000000 -0.613435320 81.072654724 0.613435320 0.000000000 0.789744964 0.320129007 0.000000000 1.000000000 0.000000000 34.485023499
0.000000000 0.384615385 0.666666667 0.384615385 0.500000000 0.000000000 0.000000000 0.787461167 0.000000000 -0.616364268 80.929771423 0.616364268 0.000000000 0.787461167 0.201544493 0.000000000 1.000000000 0.000000000 34.404842377
0.000000000 0.384615385 0.666666667 0.384615385 0.500000000 0.000000000 0.000000000 0.785419808 0.000000000 -0.618963427 80.672256470 0.618963427 0.000000000 0.785419808 0.266316831 0.000000000 1.000000000 0.000000000 34.307033539
0.000000000 0.384615385 0.666666667 0.384615385 0.500000000 0.000000000 0.000000000 0.783637259 0.000000000 -0.621218678 80.608993530 0.621218678 0.000000000 0.783637259 0.203638300 0.000000000 1.000000000 0.000000000 34.163978577
0.000000000 0.384615385 0.666666667 0.384615385 0.500000000 0.000000000 0.000000000 0.782127820 0.000000000 -0.623118025 80.401275635 0.623118025 0.000000000 0.782127820 0.257251203 0.000000000 1.000000000 0.000000000 33.974349976
0.000000000 0.384615385 0.666666667 0.384615385 0.500000000 0.000000000 0.000000000 0.780577790 0.000000000 -0.625058649 80.139373779 0.625058649 0.000000000 0.780577790 0.306176990 0.000000000 1.000000000 0.000000000 33.754093170
0.000000000 0.384615385 0.666666667 0.384615385 0.500000000 0.000000000 0.000000000 0.779637372 0.000000000 -0.626231242 79.984115601 0.626231242 0.000000000 0.779637372 0.241929084 0.000000000 1.000000000 0.000000000 33.707622528
0.000000000 0.384615385 0.666666667 0.384615385 0.500000000 0.000000000 0.000000000 0.778837537 0.000000000 -0.627225710 79.732124329 0.627225710 0.000000000 0.778837537 0.242334127 0.000000000 1.000000000 0.000000000 33.415046692
0.000000000 0.384615385 0.666666667 0.384615385 0.500000000 0.000000000 0.000000000 0.778496029 0.000000000 -0.627649531 79.525093079 0.627649531 0.000000000 0.778496029 0.184163809 0.000000000 1.000000000 0.000000000 33.318431854
0.000000000 0.384615385 0.666666667 0.384615385 0.500000000 0.000000000 0.000000000 0.778531770 0.000000000 -0.627605197 79.391258240 0.627605197 0.000000000 0.778531770 0.257198036 0.000000000 1.000000000 0.000000000 33.241981506
0.000000000 0.384615385 0.666666667 0.384615385 0.500000000 0.000000000 0.000000000 0.778960494 0.000000000 -0.627073001 79.138687134 0.627073001 0.000000000 0.778960494 0.274440140 0.000000000 1.000000000 0.000000000 33.104187012
0.000000000 0.384615385 0.666666667 0.384615385 0.500000000 0.000000000 0.000000000 0.779628390 0.000000000 -0.626242424 78.981483459 0.626242424 0.000000000 0.779628390 0.316133410 0.000000000 1.000000000 0.000000000 32.798236847
0.000000000 0.384615385 0.666666667 0.384615385 0.500000000 0.000000000 0.000000000 0.780881675 0.000000000 -0.624678965 78.754295349 0.624678965 0.000000000 0.780881675 0.180177301 0.000000000 1.000000000 0.000000000 32.698200226
0.000000000 0.384615385 0.666666667 0.384615385 0.500000000 0.000000000 0.000000000 0.782546121 0.000000000 -0.622592618 78.647018433 0.622592618 0.000000000 0.782546121 0.175057679 0.000000000 1.000000000 0.000000000 32.516506195
0.000000000 0.384615385 0.666666667 0.384615385 0.500000000 0.000000000 0.000000000 0.784261928 0.000000000 -0.620429874 78.403358459 0.620429874 0.000000000 0.784261928 0.224109039 0.000000000 1.000000000 0.000000000 32.400588989
0.000000000 0.384615385 0.666666667 0.384615385 0.500000000 0.000000000 0.000000000 0.786875812 0.000000000 -0.617111381 78.180511475 0.617111381 0.000000000 0.786875812 0.184746236 0.000000000 1.000000000 0.000000000 32.161655426
0.000000000 0.384615385 0.666666667 0.384615385 0.500000000 0.000000000 0.000000000 0.790104872 0.000000000 -0.612971688 77.909370422 0.612971688 0.000000000 0.790104872 0.181649774 0.000000000 1.000000000 0.000000000 32.191791534
0.000000000 0.384615385 0.666666667 0.384615385 0.500000000 0.000000000 0.000000000 0.794555369 0.000000000 -0.607191704 77.654991150 0.607191704 0.000000000 0.794555369 0.213060603 0.000000000 1.000000000 0.000000000 31.841344833
0.000000000 0.384615385 0.666666667 0.384615385 0.500000000 0.000000000 0.000000000 0.798817836 0.000000000 -0.601572992 77.443588257 0.601572992 0.000000000 0.798817836 0.216890559 0.000000000 1.000000000 0.000000000 31.578836441
0.000000000 0.384615385 0.666666667 0.384615385 0.500000000 0.000000000 0.000000000 0.803755788 0.000000000 -0.594959355 77.246078491 0.594959355 0.000000000 0.803755788 0.202409819 0.000000000 1.000000000 0.000000000 31.397020340
0.000000000 0.384615385 0.666666667 0.384615385 0.500000000 0.000000000 0.000000000 0.810195346 0.000000000 -0.586159962 77.007362366 0.586159962 0.000000000 0.810195346 0.179789886 0.000000000 1.000000000 0.000000000 31.355794907
0.000000000 0.384615385 0.666666667 0.384615385 0.500000000 0.000000000 0.000000000 0.816010260 0.000000000 -0.578037416 76.850952148 0.578037416 0.000000000 0.816010260 0.153575897 0.000000000 1.000000000 0.000000000 31.319814682
0.000000000 0.384615385 0.666666667 0.384615385 0.500000000 0.000000000 0.000000000 0.822595166 0.000000000 -0.568627463 76.507011414 0.568627463 0.000000000 0.822595166 0.249750361 0.000000000 1.000000000 0.000000000 30.839273453
0.000000000 0.384615385 0.666666667 0.384615385 0.500000000 0.000000000 0.000000000 0.831515470 0.000000000 -0.555501596 76.245918274 0.555501596 0.000000000 0.831515470 0.215003967 0.000000000 1.000000000 0.000000000 30.774164200
0.000000000 0.384615385 0.666666667 0.384615385 0.500000000 0.000000000 0.000000000 0.841021727 0.000000000 -0.541001344 75.836944580 0.541001344 0.000000000 0.841021727 0.071848147 0.000000000 1.000000000 0.000000000 30.641319275
0.000000000 0.384615385 0.666666667 0.384615385 0.500000000 0.000000000 0.000000000 0.851084032 0.000000000 -0.525029495 75.627273560 0.525029495 0.000000000 0.851084032 0.288671404 0.000000000 1.000000000 0.000000000 30.478109360
0.000000000 0.384615385 0.666666667 0.384615385 0.500000000 0.000000000 0.000000000 0.861621576 0.000000000 -0.507551238 75.412750244 0.507551238 0.000000000 0.861621576 0.339952230 0.000000000 1.000000000 0.000000000 30.297698975
0.000000000 0.384615385 0.666666667 0.384615385 0.500000000 0.000000000 0.000000000 0.873773208 0.000000000 -0.486333611 75.170951843 0.486333611 0.000000000 0.873773208 0.201943666 0.000000000 1.000000000 0.000000000 30.196031570
0.000000000 0.384615385 0.666666667 0.384615385 0.500000000 0.000000000 0.000000000 0.884021511 0.000000000 -0.467446220 74.762420654 0.467446220 0.000000000 0.884021511 0.280984730 0.000000000 1.000000000 0.000000000 29.967506409
0.000000000 0.384615385 0.666666667 0.384615385 0.500000000 0.000000000 0.000000000 0.893262151 0.000000000 -0.449536127 74.615356445 0.449536127 0.000000000 0.893262151 0.201885670 0.000000000 1.000000000 0.000000000 29.789754868
0.000000000 0.384615385 0.666666667 0.384615385 0.500000000 0.000000000 0.000000000 0.905704011 0.000000000 -0.423910656 74.137908936 0.423910656 0.000000000 0.905704011 0.079076387 0.000000000 1.000000000 0.000000000 29.679347992
0.000000000 0.384615385 0.666666667 0.384615385 0.500000000 0.000000000 0.000000000 0.915232523 0.000000000 -0.402926084 73.938140869 0.402926084 0.000000000 0.915232523 0.143696129 0.000000000 1.000000000 0.000000000 29.587903976
0.000000000 0.384615385 0.666666667 0.384615385 0.500000000 0.000000000 0.000000000 0.927360551 0.000000000 -0.374168958 73.624191284 0.374168958 0.000000000 0.927360551 0.303205937 0.000000000 1.000000000 0.000000000 29.399156570
0.000000000 0.384615385 0.666666667 0.384615385 0.500000000 0.000000000 0.000000000 0.937515946 0.000000000 -0.347942309 73.253440857 0.347942309 0.000000000 0.937515946 0.191290274 0.000000000 1.000000000 0.000000000 29.257335663
0.000000000 0.384615385 0.666666667 0.384615385 0.500000000 0.000000000 0.000000000 0.948167719 0.000000000 -0.317770321 73.031288147 0.317770321 0.000000000 0.948167719 0.323678493 0.000000000 1.000000000 0.000000000 29.193643570
0.000000000 0.384615385 0.666666667 0.384615385 0.500000000 0.000000000 0.000000000 0.956464385 0.000000000 -0.291849072 72.759727478 0.291849072 0.000000000 0.956464385 0.209324032 0.000000000 1.000000000 0.000000000 29.064062119
0.000000000 0.384615385 0.666666667 0.384615385 0.500000000 0.000000000 0.000000000 0.960799087 0.000000000 -0.277245586 72.402244568 0.277245586 0.000000000 0.960799087 0.344531924 0.000000000 1.000000000 0.000000000 29.030380249
0.000000000 0.384615385 0.666666667 0.384615385 0.500000000 0.000000000 0.000000000 0.968775867 0.000000000 -0.247938135 72.050201416 0.247938135 0.000000000 0.968775867 0.187645108 0.000000000 1.000000000 0.000000000 28.816659927
0.000000000 0.384615385 0.666666667 0.384615385 0.500000000 0.000000000 0.000000000 0.978255535 0.000000000 -0.207403252 71.656944275 0.207403252 0.000000000 0.978255535 0.088954926 0.000000000 1.000000000 0.000000000 28.794149399
0.000000000 0.384615385 0.666666667 0.384615385 0.500000000 0.000000000 0.000000000 0.980291207 0.000000000 -0.197557965 71.233833313 0.197557965 0.000000000 0.980291207 0.184263155 0.000000000 1.000000000 0.000000000 28.812292099
0.000000000 0.384615385 0.666666667 0.384615385 0.500000000 0.000000000 0.000000000 0.987804793 0.000000000 -0.155697433 70.865333557 0.155697433 0.000000000 0.987804793 0.322997123 0.000000000 1.000000000 0.000000000 28.911699295
0.000000000 0.384615385 0.666666667 0.384615385 0.500000000 0.000000000 0.000000000 0.992130692 0.000000000 -0.125206586 70.600624084 0.125206586 0.000000000 0.992130692 0.222185746 0.000000000 1.000000000 0.000000000 28.830474854
0.000000000 0.384615385 0.666666667 0.384615385 0.500000000 0.000000000 0.000000000 0.995403437 0.000000000 -0.095770551 70.211387634 0.095770551 0.000000000 0.995403437 0.189743489 0.000000000 1.000000000 0.000000000 28.626371384
0.000000000 0.384615385 0.666666667 0.384615385 0.500000000 0.000000000 0.000000000 0.998712324 0.000000000 -0.050731585 69.853324890 0.050731585 0.000000000 0.998712324 0.297863841 0.000000000 1.000000000 0.000000000 28.552623749
0.000000000 0.384615385 0.666666667 0.384615385 0.500000000 0.000000000 0.000000000 0.999310947 0.000000000 -0.037116464 69.545623779 0.037116464 0.000000000 0.999310947 0.234608456 0.000000000 1.000000000 0.000000000 28.673255920
0.000000000 0.384615385 0.666666667 0.384615385 0.500000000 0.000000000 0.000000000 0.999994796 0.000000000 0.003226084 69.322525024 -0.003226084 0.000000000 0.999994796 0.237788305 0.000000000 1.000000000 0.000000000 28.662567139
0.000000000 0.384615385 0.666666667 0.384615385 0.500000000 0.000000000 0.000000000 0.999946095 0.000000000 0.010382989 68.829399109 -0.010382989 0.000000000 0.999946095 0.174860373 0.000000000 1.000000000 0.000000000 28.685190201
0.000000000 0.384615385 0.666666667 0.384615385 0.500000000 0.000000000 0.000000000 0.996135051 0.000000000 -0.087834850 68.386482239 0.087834850 0.000000000 0.996135051 0.047534026 0.000000000 1.000000000 0.000000000 28.622867584
0.000000000 0.384615385 0.666666667 0.384615385 0.500000000 0.000000000 0.000000000 0.986722178 0.000000000 -0.162417190 68.207061768 0.162417190 0.000000000 0.986722178 0.236489400 0.000000000 1.000000000 0.000000000 28.442506790
0.000000000 0.384615385 0.666666667 0.384615385 0.500000000 0.000000000 0.000000000 0.977929116 0.000000000 -0.208936938 67.947799683 0.208936938 0.000000000 0.977929116 0.315918565 0.000000000 1.000000000 0.000000000 28.041070938
0.000000000 0.384615385 0.666666667 0.384615385 0.500000000 0.000000000 0.000000000 0.964245915 0.000000000 -0.265009086 67.819419861 0.265009086 0.000000000 0.964245915 0.225829005 0.000000000 1.000000000 0.000000000 28.007955551
0.000000000 0.384615385 0.666666667 0.384615385 0.500000000 0.000000000 0.000000000 0.959730257 0.000000000 -0.280923180 67.672599792 0.280923180 0.000000000 0.959730257 0.280661315 0.000000000 1.000000000 0.000000000 27.632514954
0.000000000 0.384615385 0.666666667 0.384615385 0.500000000 0.000000000 0.000000000 0.952870737 0.000000000 -0.303376595 67.409271240 0.303376595 0.000000000 0.952870737 0.363949120 0.000000000 1.000000000 0.000000000 27.288385391
0.000000000 0.384615385 0.666666667 0.384615385 0.500000000 0.000000000 0.000000000 0.941320267 0.000000000 -0.337514673 67.423812866 0.337514673 0.000000000 0.941320267 0.186878040 0.000000000 1.000000000 0.000000000 27.012044907
0.000000000 0.384615385 0.666666667 0.384615385 0.500000000 0.000000000 0.000000000 0.934435563 0.000000000 -0.356132248 67.190238953 0.356132248 0.000000000 0.934435563 0.211166680 0.000000000 1.000000000 0.000000000 26.742418289
0.000000000 0.384615385 0.666666667 0.384615385 0.500000000 0.000000000 0.000000000 0.913924387 0.000000000 -0.405884484 67.026062012 0.405884484 0.000000000 0.913924387 0.216624901 0.000000000 1.000000000 0.000000000 26.313556671
0.000000000 0.384615385 0.666666667 0.384615385 0.500000000 0.000000000 0.000000000 0.903876305 0.000000000 -0.427793905 67.095321655 0.427793905 0.000000000 0.903876305 0.220602110 0.000000000 1.000000000 0.000000000 26.038856506
0.000000000 0.384615385 0.666666667 0.384615385 0.500000000 0.000000000 0.000000000 0.898801024 0.000000000 -0.438356839 66.951690674 0.438356839 0.000000000 0.898801024 0.108649597 0.000000000 1.000000000 0.000000000 25.912269592
0.000000000 0.384615385 0.666666667 0.384615385 0.500000000 0.000000000 0.000000000 0.857945416 0.000000000 -0.513740853 66.862022400 0.513740853 0.000000000 0.857945416 0.204018548 0.000000000 1.000000000 0.000000000 25.383548737
0.000000000 0.384615385 0.666666667 0.384615385 0.500000000 0.000000000 0.000000000 0.815382334 0.000000000 -0.578922836 66.624732971 0.578922836 0.000000000 0.815382334 0.273713589 0.000000000 1.000000000 0.000000000 24.976305008
0.000000000 0.384615385 0.666666667 0.384615385 0.500000000 0.000000000 0.000000000 0.793369208 0.000000000 -0.608740749 66.725936890 0.608740749 0.000000000 0.793369208 0.179557949 0.000000000 1.000000000 0.000000000 24.753578186
0.000000000 0.384615385 0.666666667 0.384615385 0.500000000 0.000000000 0.000000000 0.780366617 0.000000000 -0.625322272 66.639411926 0.625322272 0.000000000 0.780366617 0.297526836 0.000000000 1.000000000 0.000000000 24.500160217
0.000000000 0.384615385 0.666666667 0.384615385 0.500000000 0.000000000 0.000000000 0.721496002 0.000000000 -0.692418601 66.458114624 0.692418601 0.000000000 0.721496002 0.262560278 0.000000000 1.000000000 0.000000000 24.237665176