0.000000000 0.384615385 0.666666667 0.384615385 0.500000000 0.000000000 0.000000000 0.205158978 0.000000000 -0.978728662 10.259081841 0.978728662 0.000000000 0.205158978 -8.147395134 0.000000000 1.000000000 0.000000000 -15.568168640
0.000000000 0.384615385 0.666666667 0.384615385 0.500000000 0.000000000 0.000000000 0.208327935 0.000000000 -0.978059033 10.246146202 0.978059033 0.000000000 0.208327935 -8.148848534 0.000000000 1.000000000 0.000000000 -15.629972458
0.000000000 0.384615385 0.666666667 0.384615385 0.500000000 0.000000000 0.000000000 0.210250858 0.000000000 -0.977647471 10.229467392 0.977647471 0.000000000 0.210250858 -8.145168304 0.000000000 1.000000000 0.000000000 -15.717313766
0.000000000 0.384615385 0.666666667 0.384615385 0.500000000 0.000000000 0.000000000 0.213705087 0.000000000 -0.976898222 10.207023621 0.976898222 0.000000000 0.213705087 -8.146978378 0.000000000 1.000000000 0.000000000 -15.804194450
0.000000000 0.384615385 0.666666667 0.384615385 0.500000000 0.000000000 0.000000000 0.215800475 0.000000000 -0.976437481 10.186425209 0.976437481 0.000000000 0.215800475 -8.145146370 0.000000000 1.000000000 0.000000000 -15.898517609
0.000000000 0.384615385 0.666666667 0.384615385 0.500000000 0.000000000 0.000000000 0.218230677 0.000000000 -0.975897214 10.165263176 0.975897214 0.000000000 0.218230677 -8.150727272 0.000000000 1.000000000 0.000000000 -16.000219345
0.000000000 0.384615385 0.666666667 0.384615385 0.500000000 0.000000000 0.000000000 0.219082523 0.000000000 -0.975706333 10.143834114 0.975706333 0.000000000 0.219082523 -8.147017479 0.000000000 1.000000000 0.000000000 -16.088209152
0.000000000 0.384615385 0.666666667 0.384615385 0.500000000 0.000000000 0.000000000 0.219064876 0.000000000 -0.975710295 10.126852989 0.975710295 0.000000000 0.219064876 -8.148490906 0.000000000 1.000000000 0.000000000 -16.176088333
0.000000000 0.384615385 0.666666667 0.384615385 0.500000000 0.000000000 0.000000000 0.218110074 0.000000000 -0.975924175 10.106449127 0.975924175 0.000000000 0.218110074 -8.151285172 0.000000000 1.000000000 0.000000000 -16.266965866
0.000000000 0.384615385 0.666666667 0.384615385 0.500000000 0.000000000 0.000000000 0.216066758 0.000000000 -0.976378593 10.086880684 0.976378593 0.000000000 0.216066758 -8.150172234 0.000000000 1.000000000 0.000000000 -16.354078293
0.000000000 0.384615385 0.666666667 0.384615385 0.500000000 0.000000000 0.000000000 0.213764418 0.000000000 -0.976885241 10.061230659 0.976885241 0.000000000 0.213764418 -8.152421951 0.000000000 1.000000000 0.000000000 -16.475111008
0.000000000 0.384615385 0.666666667 0.384615385 0.500000000 0.000000000 0.000000000 0.208303983 0.000000000 -0.978064134 10.033345222 0.978064134 0.000000000 0.208303983 -8.144527435 0.000000000 1.000000000 0.000000000 -16.592294693
0.000000000 0.384615385 0.666666667 0.384615385 0.500000000 0.000000000 0.000000000 0.201087423 0.000000000 -0.979573299 10.006873131 0.979573299 0.000000000 0.201087423 -8.150282860 0.000000000 1.000000000 0.000000000 -16.712360382
0.000000000 0.384615385 0.666666667 0.384615385 0.500000000 0.000000000 0.000000000 0.192221008 0.000000000 -0.981351662 9.985910416 0.981351662 0.000000000 0.192221008 -8.148685455 0.000000000 1.000000000 0.000000000 -16.834760666
0.000000000 0.384615385 0.666666667 0.384615385 0.500000000 0.000000000 0.000000000 0.181870487 0.000000000 -0.983322493 9.957849503 0.983322493 0.000000000 0.181870487 -8.149764061 0.000000000 1.000000000 0.000000000 -16.982246399
0.000000000 0.384615385 0.666666667 0.384615385 0.500000000 0.000000000 0.000000000 0.178537352 0.000000000 -0.983933135 9.937569618 0.983933135 0.000000000 0.178537352 -8.141344070 0.000000000 1.000000000 0.000000000 -17.122465134
0.000000000 0.384615385 0.666666667 0.384615385 0.500000000 0.000000000 0.000000000 0.151752769 0.000000000 -0.988418483 9.905864716 0.988418483 0.000000000 0.151752769 -8.145376205 0.000000000 1.000000000 0.000000000 -17.292055130
0.000000000 0.384615385 0.666666667 0.384615385 0.500000000 0.000000000 0.000000000 0.132528383 0.000000000 -0.991179211 9.890222549 0.991179211 0.000000000 0.132528383 -8.148534775 0.000000000 1.000000000 0.000000000 -17.456403732
0.000000000 0.384615385 0.666666667 0.384615385 0.500000000 0.000000000 0.000000000 0.114001229 0.000000000 -0.993480609 9.874006271 0.993480609 0.000000000 0.114001229 -8.151301384 0.000000000 1.000000000 0.000000000 -17.618200302
0.000000000 0.384615385 0.666666667 0.384615385 0.500000000 0.000000000 0.000000000 0.099230388 0.000000000 -0.995064485 9.854182243 0.995064485 0.000000000 0.099230388 -8.146808624 0.000000000 1.000000000 0.000000000 -17.776079178
0.000000000 0.384615385 0.666666667 0.384615385 0.500000000 0.000000000 0.000000000 0.084350622 0.000000000 -0.996436136 9.840269089 0.996436136 0.000000000 0.084350622 -8.146334648 0.000000000 1.000000000 0.000000000 -17.970788956
0.000000000 0.384615385 0.666666667 0.384615385 0.500000000 0.000000000 0.000000000 0.072846377 0.000000000 -0.997343173 9.823137283 0.997343173 0.000000000 0.072846377 -8.142880440 0.000000000 1.000000000 0.000000000 -18.123954773
0.000000000 0.384615385 0.666666667 0.384615385 0.500000000 0.000000000 0.000000000 0.066001579 0.000000000 -0.997819519 9.817479134 0.997819519 0.000000000 0.066001579 -8.154953957 0.000000000 1.000000000 0.000000000 -18.242845535
0.000000000 0.384615385 0.666666667 0.384615385 0.500000000 0.000000000 0.000000000 0.064012151 0.000000000 -0.997949119 9.808066368 0.997949119 0.000000000 0.064012151 -8.146187782 0.000000000 1.000000000 0.000000000 -18.364316940
0.000000000 0.384615385 0.666666667 0.384615385 0.500000000 0.000000000 0.000000000 0.064271016 0.000000000 -0.997932481 9.800334930 0.997932481 0.000000000 0.064271016 -8.145012856 0.000000000 1.000000000 0.000000000 -18.496095657
0.000000000 0.384615385 0.666666667 0.384615385 0.500000000 0.000000000 0.000000000 0.066794513 0.000000000 -0.997766753 9.793668747 0.997766753 0.000000000 0.066794513 -8.144509315 0.000000000 1.000000000 0.000000000 -18.641542435
0.000000000 0.384615385 0.666666667 0.384615385 0.500000000 0.000000000 0.000000000 0.072884620 0.000000000 -0.997340379 9.788067818 0.997340379 0.000000000 0.072884620 -8.144223213 0.000000000 1.000000000 0.000000000 -18.795951843
0.000000000 0.384615385 0.666666667 0.384615385 0.500000000 0.000000000 0.000000000 0.082125569 0.000000000 -0.996621990 9.765814781 0.996621990 0.000000000 0.082125569 -8.143463135 0.000000000 1.000000000 0.000000000 -18.949350357
0.000000000 0.384615385 0.666666667 0.384615385 0.500000000 0.000000000 0.000000000 0.094346825 0.000000000 -0.995539390 9.753470421 0.995539390 0.000000000 0.094346825 -8.149134636 0.000000000 1.000000000 0.000000000 -19.088819504
0.000000000 0.384615385 0.666666667 0.384615385 0.500000000 0.000000000 0.000000000 0.109353970 0.000000000 -0.994002872 9.730236053 0.994002872 0.000000000 0.109353970 -8.143427849 0.000000000 1.000000000 0.000000000 -19.264467239
0.000000000 0.384615385 0.666666667 0.384615385 0.500000000 0.000000000 0.000000000 0.130321823 0.000000000 -0.991471746 9.706983566 0.991471746 0.000000000 0.130321823 -8.149420738 0.000000000 1.000000000 0.000000000 -19.434099197
0.000000000 0.384615385 0.666666667 0.384615385 0.500000000 0.000000000 0.000000000 0.154178779 0.000000000 -0.988042967 9.688748360 0.988042967 0.000000000 0.154178779 -8.152339935 0.000000000 1.000000000 0.000000000 -19.600521088
0.000000000 0.384615385 0.666666667 0.384615385 0.500000000 0.000000000 0.000000000 0.180669919 0.000000000 -0.983543787 9.657888412 0.983543787 0.000000000 0.180669919 -8.148592949 0.000000000 1.000000000 0.000000000 -19.764984131
0.000000000 0.384615385 0.666666667 0.384615385 0.500000000 0.000000000 0.000000000 0.209661871 0.000000000 -0.977773951 9.617224693 0.977773951 0.000000000 0.209661871 -8.142737389 0.000000000 1.000000000 0.000000000 -19.940311432
0.000000000 0.384615385 0.666666667 0.384615385 0.500000000 0.000000000 0.000000000 0.241035970 0.000000000 -0.970516183 9.575975418 0.970516183 0.000000000 0.241035970 -8.150989532 0.000000000 1.000000000 0.000000000 -20.093481064
0.000000000 0.384615385 0.666666667 0.384615385 0.500000000 0.000000000 0.000000000 0.269765771 0.000000000 -0.962925973 9.534008026 0.962925973 0.000000000 0.269765771 -8.151984215 0.000000000 1.000000000 0.000000000 -20.278278351
0.000000000 0.384615385 0.666666667 0.384615385 0.500000000 0.000000000 0.000000000 0.345810224 0.000000000 -0.938304476 9.499284744 0.938304476 0.000000000 0.345810224 -8.142211914 0.000000000 1.000000000 0.000000000 -20.099567413
0.000000000 0.384615385 0.666666667 0.384615385 0.500000000 0.000000000 0.000000000 0.384394271 0.000000000 -0.923169023 9.466032028 0.923169023 0.000000000 0.384394271 -8.148900032 0.000000000 1.000000000 0.000000000 -19.902387619
0.000000000 0.384615385 0.666666667 0.384615385 0.500000000 0.000000000 0.000000000 0.463720886 0.000000000 -0.885981343 9.449097633 0.885981343 0.000000000 0.463720886 -8.144809723 0.000000000 1.000000000 0.000000000 -19.719076157
0.000000000 0.384615385 0.666666667 0.384615385 0.500000000 0.000000000 0.000000000 0.540158452 0.000000000 -0.841563335 9.430277824 0.841563335 0.000000000 0.540158452 -8.144564629 0.000000000 1.000000000 0.000000000 -19.526662827
0.000000000 0.384615385 0.666666667 0.384615385 0.500000000 0.000000000 0.000000000 0.617401797 0.000000000 -0.786647965 9.415403366 0.786647965 0.000000000 0.617401797 -8.145014763 0.000000000 1.000000000 0.000000000 -19.329916000
0.000000000 0.384615385 0.666666667 0.384615385 0.500000000 0.000000000 0.000000000 0.666978902 0.000000000 -0.745076603 9.403833389 0.745076603 0.000000000 0.666978902 -8.141859055 0.000000000 1.000000000 0.000000000 -19.118087769
0.000000000 0.384615385 0.666666667 0.384615385 0.500000000 0.000000000 0.000000000 0.731712514 0.000000000 -0.681613377 9.388018608 0.681613377 0.000000000 0.731712514 -8.138877869 0.000000000 1.000000000 0.000000000 -18.916151047
0.000000000 0.384615385 0.666666667 0.384615385 0.500000000 0.000000000 0.000000000 0.745081589 0.000000000 -0.666973332 9.357233047 0.666973332 0.000000000 0.745081589 -8.145775795 0.000000000 1.000000000 0.000000000 -18.716354370
0.000000000 0.384615385 0.666666667 0.384615385 0.500000000 0.000000000 0.000000000 0.756230777 0.000000000 -0.654304984 9.328154564 0.654304984 0.000000000 0.756230777 -8.149350166 0.000000000 1.000000000 0.000000000 -18.508928299
0.000000000 0.384615385 0.666666667 0.384615385 0.500000000 0.000000000 0.000000000 0.783590291 0.000000000 -0.621277922 9.302066803 0.621277922 0.000000000 0.783590291 -8.144148827 0.000000000 1.000000000 0.000000000 -18.302927017
0.000000000 0.384615385 0.666666667 0.384615385 0.500000000 0.000000000 0.000000000 0.789092321 0.000000000 -0.614274621 9.263724327 0.614274621 0.000000000 0.789092321 -8.145538330 0.000000000 1.000000000 0.000000000 -18.125644684
0.000000000 0.384615385 0.666666667 0.384615385 0.500000000 0.000000000 0.000000000 0.843654356 0.000000000 -0.536886699 9.228466988 0.536886699 0.000000000 0.843654356 -8.143525124 0.000000000 1.000000000 0.000000000 -17.958808899
0.000000000 0.384615385 0.666666667 0.384615385 0.500000000 0.000000000 0.000000000 0.880023749 0.000000000 -0.474929680 9.183574677 0.474929680 0.000000000 0.880023749 -8.143083572 0.000000000 1.000000000 0.000000000 -17.758344650
0.000000000 0.384615385 0.666666667 0.384615385 0.500000000 0.000000000 0.000000000 0.919933642 0.000000000 -0.392074093 9.121022224 0.392074093 0.000000000 0.919933642 -8.147294044 0.000000000 1.000000000 0.000000000 -17.564222336
0.000000000 0.384615385 0.666666667 0.384615385 0.500000000 0.000000000 0.000000000 0.944237811 0.000000000 -0.329264266 9.072755814 0.329264266 0.000000000 0.944237811 -8.159011841 0.000000000 1.000000000 0.000000000 -17.387313843
0.000000000 0.384615385 0.666666667 0.384615385 0.500000000 0.000000000 0.000000000 0.950339990 0.000000000 -0.311213598 9.004694939 0.311213598 0.000000000 0.950339990 -8.149974823 0.000000000 1.000000000 0.000000000 -17.190755844
0.000000000 0.384615385 0.666666667 0.384615385 0.500000000 0.000000000 0.000000000 0.971750546 0.000000000 -0.236010332 8.929897308 0.236010332 0.000000000 0.971750546 -8.154968262 0.000000000 1.000000000 0.000000000 -17.007699966
0.000000000 0.384615385 0.666666667 0.384615385 0.500000000 0.000000000 0.000000000 0.982222463 0.000000000 -0.187720627 8.867951393 0.187720627 0.000000000 0.982222463 -8.150664330 0.000000000 1.000000000 0.000000000 -16.836206436
0.000000000 0.384615385 0.666666667 0.384615385 0.500000000 0.000000000 0.000000000 0.994678880 0.000000000 -0.103023912 8.788694382 0.103023912 0.000000000 0.994678880 -8.143333435 0.000000000 1.000000000 0.000000000 -16.655195236
0.000000000 0.384615385 0.666666667 0.384615385 0.500000000 0.000000000 0.000000000 0.999993205 0.000000000 -0.003686326 8.698611259 0.003686326 0.000000000 0.999993205 -8.152530670 0.000000000 1.000000000 0.000000000 -16.467897415
0.000000000 0.384615385 0.666666667 0.384615385 0.500000000 0.000000000 0.000000000 0.997950582 0.000000000 0.063989348 8.614533424 -0.063989348 0.000000000 0.997950582 -8.156215668 0.000000000 1.000000000 0.000000000 -16.297405243
0.000000000 0.384615385 0.666666667 0.384615385 0.500000000 0.000000000 0.000000000 0.994504567 0.000000000 0.104693205 8.521107674 -0.104693205 0.000000000 0.994504567 -8.147674561 0.000000000 1.000000000 0.000000000 -16.113616943
0.000000000 0.384615385 0.666666667 0.384615385 0.500000000 0.000000000 0.000000000 0.991048141 0.000000000 0.133504992 8.423406601 -0.133504992 0.000000000 0.991048141 -8.142612457 0.000000000 1.000000000 0.000000000 -15.950751305
0.000000000 0.384615385 0.666666667 0.384615385 0.500000000 0.000000000 0.000000000 0.980917036 0.000000000 0.194426767 8.330598831 -0.194426767 0.000000000 0.980917036 -8.148022652 0.000000000 1.000000000 0.000000000 -15.796762466
0.000000000 0.384615385 0.666666667 0.384615385 0.500000000 0.000000000 0.000000000 0.973061879 0.000000000 0.230544093 8.239053726 -0.230544093 0.000000000 0.973061879 -8.151127815 0.000000000 1.000000000 0.000000000 -15.645780563
0.000000000 0.384615385 0.666666667 0.384615385 0.500000000 0.000000000 0.000000000 0.961481764 0.000000000 0.274868728 8.143280029 -0.274868728 0.000000000 0.961481764 -8.148971558 0.000000000 1.000000000 0.000000000 -15.482006073
0.000000000 0.384615385 0.666666667 0.384615385 0.500000000 0.000000000 0.000000000 0.957735294 0.000000000 0.287651014 8.035693169 -0.287651014 0.000000000 0.957735294 -8.155819893 0.000000000 1.000000000 0.000000000 -15.333046913
0.000000000 0.384615385 0.666666667 0.384615385 0.500000000 0.000000000 0.000000000 0.935517454 0.000000000 0.353280475 7.924652576 -0.353280475 0.000000000 0.935517454 -8.146862984 0.000000000 1.000000000 0.000000000 -15.168825150
0.000000000 0.384615385 0.666666667 0.384615385 0.500000000 0.000000000 0.000000000 0.907958893 0.000000000 0.419059242 7.832986832 -0.419059242 0.000000000 0.907958893 -8.152199745 0.000000000 1.000000000 0.000000000 -15.026210785
0.000000000 0.384615385 0.666666667 0.384615385 0.500000000 0.000000000 0.000000000 0.874680816 0.000000000 0.484699361 7.739533424 -0.484699361 0.000000000 0.874680816 -8.150301933 0.000000000 1.000000000 0.000000000 -14.894804001
0.000000000 0.384615385 0.666666667 0.384615385 0.500000000 0.000000000 0.000000000 0.870022915 0.000000000 0.493011286 7.646182060 -0.493011286 0.000000000 0.870022915 -8.153723717 0.000000000 1.000000000 0.000000000 -14.758105278
0.000000000 0.384615385 0.666666667 0.384615385 0.500000000 0.000000000 0.000000000 0.853133536 0.000000000 0.521692601 7.548517227 -0.521692601 0.000000000 0.853133536 -8.150312424 0.000000000 1.000000000 0.000000000 -14.628085136
0.000000000 0.384615385 0.666666667 0.384615385 0.500000000 0.000000000 0.000000000 0.802301032 0.000000000 0.596919638 7.459626198 -0.596919638 0.000000000 0.802301032 -8.150846481 0.000000000 1.000000000 0.000000000 -14.488949776
0.000000000 0.384615385 0.666666667 0.384615385 0.500000000 0.000000000 0.000000000 0.742776320 0.000000000 0.669539646 7.353710175 -0.669539646 0.000000000 0.742776320 -8.148289680 0.000000000 1.000000000 0.000000000 -14.353634834
0.000000000 0.384615385 0.666666667 0.384615385 0.500000000 0.000000000 0.000000000 0.701417344 0.000000000 0.712750805 7.270369053 -0.712750805 0.000000000 0.701417344 -8.149471283 0.000000000 1.000000000 0.000000000 -14.241999626
0.000000000 0.384615385 0.666666667 0.384615385 0.500000000 0.000000000 0.000000000 0.698166139 0.000000000 0.715935781 7.180284500 -0.715935781 0.000000000 0.698166139 -8.148864746 0.000000000 1.000000000 0.000000000 -14.127054214
0.000000000 0.384615385 0.666666667 0.384615385 0.500000000 0.000000000 0.000000000 0.652491675 0.000000000 0.757795892 7.099954605 -0.757795892 0.000000000 0.652491675 -8.148810387 0.000000000 1.000000000 0.000000000 -14.005891800
0.000000000 0.384615385 0.666666667 0.384615385 0.500000000 0.000000000 0.000000000 0.622080843 0.000000000 0.782953016 7.024792194 -0.782953016 0.000000000 0.622080843 -8.150926590 0.000000000 1.000000000 0.000000000 -13.883916855
0.000000000 0.384615385 0.666666667 0.384615385 0.500000000 0.000000000 0.000000000 0.563239635 0.000000000 0.826293600 6.940177441 -0.826293600 0.000000000 0.563239635 -8.150457382 0.000000000 1.000000000 0.000000000 -13.769114494
0.000000000 0.384615385 0.666666667 0.384615385 0.500000000 0.000000000 0.000000000 0.555844518 0.000000000 0.831286275 6.863577843 -0.831286275 0.000000000 0.555844518 -8.153881073 0.000000000 1.000000000 0.000000000 -13.642874718
0.000000000 0.384615385 0.666666667 0.384615385 0.500000000 0.000000000 0.000000000 0.547306501 0.000000000 0.836932252 6.792014122 -0.836932252 0.000000000 0.547306501 -8.148321152 0.000000000 1.000000000 0.000000000 -13.520304680
0.000000000 0.384615385 0.666666667 0.384615385 0.500000000 0.000000000 0.000000000 0.539144172 0.000000000 0.842213490 6.700216293 -0.842213490 0.000000000 0.539144172 -8.150569916 0.000000000 1.000000000 0.000000000 -13.399876595
0.000000000 0.384615385 0.666666667 0.384615385 0.500000000 0.000000000 0.000000000 0.528121497 0.000000000 0.849168820 6.623917580 -0.849168820 0.000000000 0.528121497 -8.147207260 0.000000000 1.000000000 0.000000000 -13.285924911
0.000000000 0.384615385 0.666666667 0.384615385 0.500000000 0.000000000 0.000000000 0.518163587 0.000000000 0.855281531 6.542889118 -0.855281531 0.000000000 0.518163587 -8.147698402 0.000000000 1.000000000 0.000000000 -13.144711494
0.000000000 0.384615385 0.666666667 0.384615385 0.500000000 0.000000000 0.000000000 0.507185024 0.000000000 0.861837195 6.462403297 -0.861837195 0.000000000 0.507185024 -8.154795647 0.000000000 1.000000000 0.000000000 -13.009370804