0.000000000 0.500000000 0.666666667 0.500000000 0.500000000 0.000000000 0.000000000 0.850145690 -0.502711610 0.156631231 -0.182907018 -0.003002587 0.983125631 -0.493758370 -0.864448970 -0.094502118 -64.259269714 4.442574501 -53.384746552
0.000000000 0.500000000 0.666666667 0.500000000 0.500000000 0.000000000 0.000000000 0.867801963 -0.482209273 0.119974869 -0.152186484 -0.028075368 0.987952958 -0.473031739 -0.875606070 -0.097749593 -64.029060364 4.420931339 -53.419300079
0.000000000 0.500000000 0.666666667 0.500000000 0.500000000 0.000000000 0.000000000 0.883240546 -0.461249883 0.084467055 -0.121737184 -0.051594027 0.991220518 -0.452842352 -0.885768932 -0.101721198 -63.797069550 4.399759293 -53.454399109
0.000000000 0.500000000 0.666666667 0.500000000 0.500000000 0.000000000 0.000000000 0.896458629 -0.440236207 0.050537200 -0.092005124 -0.073353044 0.993053064 -0.433470857 -0.894880670 -0.106261956 -63.563144684 4.380081654 -53.489868164
0.000000000 0.500000000 0.666666667 0.500000000 0.500000000 0.000000000 0.000000000 0.907518664 -0.419599890 0.018595907 -0.063446793 -0.093188283 0.993624903 -0.415191979 -0.902912995 -0.111192373 -63.327358246 4.363325119 -53.527072906
0.000000000 0.500000000 0.666666667 0.500000000 0.500000000 0.000000000 0.000000000 0.916540364 -0.399791778 -0.010967928 -0.036520345 -0.110970752 0.993152434 -0.398271297 -0.909863741 -0.116309707 -63.090270996 4.352687836 -53.570102692
0.000000000 0.500000000 0.666666667 0.500000000 0.500000000 0.000000000 0.000000000 0.923689436 -0.381273940 -0.037789004 -0.011680218 -0.126605082 0.991884432 -0.382963966 -0.915751787 -0.121397140 -62.854618073 4.353923321 -53.629455566
0.000000000 0.500000000 0.666666667 0.500000000 0.500000000 0.000000000 0.000000000 0.929164564 -0.364510376 -0.061525598 0.010629540 -0.140021726 0.990091374 -0.369513499 -0.920611809 -0.126228648 -62.624183655 4.366298199 -53.712528229
0.000000000 0.500000000 0.666666667 0.500000000 0.500000000 0.000000000 0.000000000 0.933181737 -0.349959520 -0.081854630 0.029977378 -0.151167245 0.988053552 -0.358152485 -0.924487317 -0.130575643 -62.394798279 4.378309250 -53.804740906
0.000000000 0.500000000 0.666666667 0.500000000 0.500000000 0.000000000 0.000000000 0.935977084 -0.337980512 -0.098570134 0.046046279 -0.160054225 0.986033663 -0.349036728 -0.927443701 -0.134244342 -62.165039062 4.388608456 -53.901977539
0.000000000 0.500000000 0.666666667 0.500000000 0.500000000 0.000000000 0.000000000 0.937833651 -0.328561592 -0.111871901 0.058928758 -0.166909445 0.984209652 -0.342045967 -0.929617404 -0.137171567 -61.935173035 4.397729874 -54.004558563
0.000000000 0.500000000 0.666666667 0.500000000 0.500000000 0.000000000 0.000000000 0.938988049 -0.321565185 -0.122054398 0.068838303 -0.171982314 0.982691901 -0.336990701 -0.931137968 -0.139353336 -61.705661774 4.405721188 -54.113182068
0.000000000 0.500000000 0.666666667 0.500000000 0.500000000 0.000000000 0.000000000 0.939616661 -0.316821211 -0.129401897 0.076004091 -0.175489589 0.981543062 -0.333682348 -0.932109288 -0.140813233 -61.477085114 4.412518024 -54.228652954
0.000000000 0.500000000 0.666666667 0.500000000 0.500000000 0.000000000 0.000000000 0.939847241 -0.314134681 -0.134188544 0.080665696 -0.177621231 0.980787308 -0.331934043 -0.932614658 -0.141596932 -61.250194550 4.417968273 -54.351966858
0.000000000 0.500000000 0.666666667 0.500000000 0.500000000 0.000000000 0.000000000 0.939769257 -0.313291525 -0.136682716 0.083073077 -0.178545333 0.980418496 -0.331560867 -0.932721815 -0.141765324 -61.026077271 4.421821117 -54.484436035
0.000000000 0.500000000 0.666666667 0.500000000 0.500000000 0.000000000 0.000000000 0.939443979 -0.314065013 -0.137142910 0.083478064 -0.178412371 0.980408302 -0.332379938 -0.932487101 -0.141390888 -60.806488037 4.423608780 -54.628105164
0.000000000 0.500000000 0.666666667 0.500000000 0.500000000 0.000000000 0.000000000 0.938912882 -0.316218524 -0.135825053 0.082137252 -0.177363165 0.980711874 -0.334209622 -0.931959309 -0.140555240 -60.590686798 4.423085689 -54.780899048
0.000000000 0.500000000 0.666666667 0.500000000 0.500000000 0.000000000 0.000000000 0.938205243 -0.319510404 -0.132981293 0.079308118 -0.175530538 0.981274300 -0.336869626 -0.931183189 -0.139343902 -60.377758026 4.419944286 -54.940956116
0.000000000 0.500000000 0.666666667 0.500000000 0.500000000 0.000000000 0.000000000 0.937344781 -0.323696019 -0.128862908 0.075248861 -0.173044425 0.982035252 -0.340179910 -0.930202405 -0.137844531 -60.166526794 4.413886070 -55.106380463
0.000000000 0.500000000 0.666666667 0.500000000 0.500000000 0.000000000 0.000000000 0.936354921 -0.328530255 -0.123722806 0.070218202 -0.170036262 0.982932894 -0.343960558 -0.929061645 -0.136145487 -59.955654144 4.404611587 -55.275215149
0.000000000 0.500000000 0.666666667 0.500000000 0.500000000 0.000000000 0.000000000 0.935263238 -0.333770357 -0.117813514 0.064472461 -0.166638335 0.983908007 -0.348031575 -0.927808716 -0.134331712 -59.743621826 4.391824722 -55.445453644
0.000000000 0.500000000 0.666666667 0.500000000 0.500000000 0.000000000 0.000000000 0.934104526 -0.339176716 -0.111390708 0.058266771 -0.162989096 0.984905852 -0.352212603 -0.926495391 -0.132486120 -59.528881073 4.375235081 -55.614997864
0.000000000 0.500000000 0.666666667 0.500000000 0.500000000 0.000000000 0.000000000 0.932922923 -0.344514351 -0.104712378 0.051854578 -0.159231005 0.985878588 -0.356322779 -0.925178550 -0.130685608 -59.309856415 4.354560852 -55.781673431
0.000000000 0.500000000 0.666666667 0.500000000 0.500000000 0.000000000 0.000000000 0.931772875 -0.349553295 -0.098039802 0.045487066 -0.155514670 0.986785749 -0.360180837 -0.923919738 -0.129004197 -59.088386536 4.329807758 -55.947654724
0.000000000 0.500000000 0.666666667 0.500000000 0.500000000 0.000000000 0.000000000 0.930719051 -0.354069115 -0.091635750 0.039412562 -0.151995717 0.987595034 -0.363605141 -0.922785113 -0.127510538 -58.873386383 4.301943302 -56.112785339
0.000000000 0.500000000 0.666666667 0.500000000 0.500000000 0.000000000 0.000000000 0.929835208 -0.357842143 -0.085764137 0.033876914 -0.148834285 0.988281696 -0.366413484 -0.921844540 -0.126268771 -58.666614532 4.272113323 -56.279335022
0.000000000 0.500000000 0.666666667 0.500000000 0.500000000 0.000000000 0.000000000 0.929201750 -0.360656302 -0.080691629 0.029126066 -0.146194776 0.988826961 -0.368423370 -0.921169973 -0.125339943 -58.469333649 4.240947723 -56.448608398
0.000000000 0.500000000 0.666666667 0.500000000 0.500000000 0.000000000 0.000000000 0.928902518 -0.362297886 -0.076683460 0.025403288 -0.144244086 0.989216011 -0.369452005 -0.920833256 -0.124785137 -58.282302856 4.209052086 -56.621116638
0.000000000 0.500000000 0.666666667 0.500000000 0.500000000 0.000000000 0.000000000 0.929020529 -0.362552272 -0.074004780 0.022953899 -0.143147060 0.989435211 -0.369315551 -0.920904321 -0.124664569 -58.104736328 4.177030563 -56.795639038
0.000000000 0.500000000 0.666666667 0.500000000 0.500000000 0.000000000 0.000000000 0.929606775 -0.361283167 -0.072840356 0.021951208 -0.143012195 0.989477466 -0.367898612 -0.921423890 -0.125014503 -57.935462952 4.145187378 -56.970806122
0.000000000 0.500000000 0.666666667 0.500000000 0.500000000 0.000000000 0.000000000 0.930600637 -0.358672306 -0.073052258 0.022270176 -0.143726841 0.989366785 -0.365358036 -0.922332246 -0.125764594 -57.775066376 4.113643169 -57.147014618
0.000000000 0.500000000 0.666666667 0.500000000 0.500000000 0.000000000 0.000000000 0.931907546 -0.354977794 -0.074425071 0.023716419 -0.145120455 0.989129711 -0.361919683 -0.923542538 -0.126820045 -57.623363495 4.082661629 -57.323787689
0.000000000 0.500000000 0.666666667 0.500000000 0.500000000 0.000000000 0.000000000 0.933429886 -0.350456199 -0.076740476 0.026092820 -0.147020753 0.988789190 -0.357809744 -0.924967756 -0.128089174 -57.477176666 4.052292347 -57.498352051
0.000000000 0.500000000 0.666666667 0.500000000 0.500000000 0.000000000 0.000000000 0.935070902 -0.345365275 -0.079782426 0.029203268 -0.149254240 0.988367513 -0.353255684 -0.926523609 -0.129477502 -57.338699341 4.022578716 -57.672409058
0.000000000 0.500000000 0.666666667 0.500000000 0.500000000 0.000000000 0.000000000 0.936738573 -0.339964746 -0.083335569 0.032847910 -0.151651916 0.987888005 -0.348485094 -0.928130200 -0.130891068 -57.204093933 3.993538141 -57.842830658
0.000000000 0.500000000 0.666666667 0.500000000 0.500000000 0.000000000 0.000000000 0.938347421 -0.334518248 -0.087187493 0.036825854 -0.154046856 0.987377042 -0.343726597 -0.929713455 -0.132230550 -57.075576782 3.965220928 -58.011352539
0.000000000 0.500000000 0.666666667 0.500000000 0.500000000 0.000000000 0.000000000 0.939819987 -0.329293518 -0.091127221 0.040932528 -0.156277089 0.986864732 -0.339209256 -0.931205268 -0.133393516 -56.950790405 3.937622070 -58.176136017
0.000000000 0.500000000 0.666666667 0.500000000 0.500000000 0.000000000 0.000000000 0.941086944 -0.324562242 -0.094945856 0.044960825 -0.158185813 0.986385205 -0.335162481 -0.932543082 -0.134274017 -56.830547333 3.910789728 -58.337806702
0.000000000 0.500000000 0.666666667 0.500000000 0.500000000 0.000000000 0.000000000 0.942086158 -0.320599303 -0.098436568 0.048702729 -0.159619726 0.985976464 -0.331815785 -0.933668908 -0.134761474 -56.714313507 3.884729624 -58.495983124
0.000000000 0.500000000 0.666666667 0.500000000 0.500000000 0.000000000 0.000000000 0.942760798 -0.317681692 -0.101392406 0.051948195 -0.160429988 0.985679260 -0.329398638 -0.934526918 -0.134744113 -56.601409912 3.859451771 -58.650157928
0.000000000 0.500000000 0.666666667 0.500000000 0.500000000 0.000000000 0.000000000 0.943056081 -0.316086911 -0.103606433 0.054488445 -0.160469103 0.985535731 -0.328140576 -0.935060817 -0.134108279 -56.492790222 3.835016966 -58.801063538
0.000000000 0.500000000 0.666666667 0.500000000 0.500000000 0.000000000 0.000000000 0.942915224 -0.316090660 -0.104869329 0.056116860 -0.159588521 0.985587339 -0.328270893 -0.935210243 -0.132740431 -56.387042999 3.811385393 -58.947654724
0.000000000 0.500000000 0.666666667 0.500000000 0.500000000 0.000000000 0.000000000 0.942274154 -0.317964024 -0.104968085 0.056631631 -0.157636013 0.985872074 -0.330018602 -0.934906288 -0.130529519 -56.284915924 3.788636446 -59.090522766
0.000000000 0.500000000 0.666666667 0.500000000 0.500000000 0.000000000 0.000000000 0.941055261 -0.321970626 -0.103681780 0.055835544 -0.154453703 0.986421029 -0.333612631 -0.934065827 -0.127372064 -56.185928345 3.766755343 -59.229293823
0.000000000 0.500000000 0.666666667 0.500000000 0.500000000 0.000000000 0.000000000 0.939159920 -0.328361933 -0.100782366 0.053543336 -0.149871511 0.987254598 -0.339281234 -0.932586173 -0.123171723 -56.089736938 3.745747089 -59.363773346
0.000000000 0.500000000 0.666666667 0.500000000 0.500000000 0.000000000 0.000000000 0.936460428 -0.337373221 -0.096026959 0.049579441 -0.143703619 0.988378040 -0.347251704 -0.930337885 -0.117845976 -55.996860504 3.725718975 -59.494323730
0.000000000 0.500000000 0.666666667 0.500000000 0.500000000 0.000000000 0.000000000 0.932790737 -0.349215820 -0.089161382 0.043788066 -0.135746005 0.989775544 -0.357748579 -0.927157664 -0.111331131 -55.906639099 3.706597090 -59.620452881
0.000000000 0.500000000 0.666666667 0.500000000 0.500000000 0.000000000 0.000000000 0.927936624 -0.364071084 -0.079911629 0.036032754 -0.125768512 0.991405024 -0.370992268 -0.922840467 -0.103586725 -55.819198608 3.688488007 -59.742263794
0.000000000 0.500000000 0.666666667 0.500000000 0.500000000 0.000000000 0.000000000 0.921625316 -0.382079256 -0.067986910 0.026206769 -0.113513488 0.993190764 -0.387195019 -0.917131468 -0.094603842 -55.734741211 3.671466589 -59.859313965
0.000000000 0.500000000 0.666666667 0.500000000 0.500000000 0.000000000 0.000000000 0.913559998 -0.403213820 -0.053167150 0.014312938 -0.098771342 0.995007217 -0.406452052 -0.909759769 -0.084462373 -55.653144836 3.655503988 -59.971473694
0.000000000 0.500000000 0.666666667 0.500000000 0.500000000 0.000000000 0.000000000 0.903576929 -0.426945419 -0.035585715 0.000680171 -0.081631873 0.996662317 -0.428425339 -0.900585280 -0.073470281 -55.574241638 3.640770197 -60.078601837
0.000000000 0.500000000 0.666666667 0.500000000 0.500000000 0.000000000 0.000000000 0.891569471 -0.452619189 -0.015483829 -0.014284241 -0.062276601 0.997956705 -0.452658634 -0.889526557 -0.061989238 -55.498371124 3.627040863 -60.180828094
0.000000000 0.500000000 0.666666667 0.500000000 0.500000000 0.000000000 0.000000000 0.877468882 -0.479584374 0.006869480 -0.030180282 -0.040913889 0.998706766 -0.478683102 -0.876541432 -0.050374656 -55.425437927 3.614470720 -60.278041840
0.000000000 0.500000000 0.666666667 0.500000000 0.500000000 0.000000000 0.000000000 0.861259964 -0.507207630 0.031172028 -0.046622294 -0.017785064 0.998754251 -0.506021380 -0.861640361 -0.038964746 -55.355644226 3.602889299 -60.370330811
0.000000000 0.500000000 0.666666667 0.500000000 0.500000000 0.000000000 0.000000000 0.842993342 -0.534886020 0.057089143 -0.063248712 0.006833718 0.997974399 -0.534192686 -0.844896589 -0.028070074 -55.288997650 3.592396259 -60.457653046
0.000000000 0.500000000 0.666666667 0.500000000 0.500000000 0.000000000 0.000000000 0.822792869 -0.562061545 0.084253870 -0.079730549 0.032627946 0.996282318 -0.562721010 -0.826451594 -0.017967434 -55.225654602 3.582823515 -60.540084839
0.000000000 0.500000000 0.666666667 0.500000000 0.500000000 0.000000000 0.000000000 0.800860276 -0.588232829 0.112271800 -0.095778633 0.059248985 0.993637767 -0.591142345 -0.806518256 -0.008889978 -55.165637970 3.574284554 -60.617649078
0.000000000 0.500000000 0.666666667 0.500000000 0.500000000 0.000000000 0.000000000 0.777474068 -0.612968089 0.140727380 -0.111151010 0.086317402 0.990047857 -0.619014964 -0.785378526 -0.001022481 -55.109088898 3.566564798 -60.690402985
0.000000000 0.500000000 0.666666667 0.500000000 0.500000000 0.000000000 0.000000000 0.752987083 -0.635912562 0.169191214 -0.125657565 0.113428964 0.985567880 -0.645926180 -0.763380039 0.005503320 -55.056087494 3.559741020 -60.758441925
0.000000000 0.500000000 0.666666667 0.500000000 0.500000000 0.000000000 0.000000000 0.727820347 -0.656793860 0.197229226 -0.139164151 0.140161642 0.980299981 -0.671498981 -0.740929510 0.010610335 -55.006740570 3.553640604 -60.821849823
0.000000000 0.500000000 0.666666667 0.500000000 0.500000000 0.000000000 0.000000000 0.702453370 -0.675425284 0.224410222 -0.151592187 0.166083027 0.974390187 -0.695398498 -0.718482507 0.014276387 -54.961044312 3.548183441 -60.880657196
0.000000000 0.500000000 0.666666667 0.500000000 0.500000000 0.000000000 0.000000000 0.677411729 -0.691705216 0.250314289 -0.162917944 0.190756970 0.968023513 -0.717336108 -0.696531171 0.016529817 -54.919246674 3.543297768 -60.935100555
0.000000000 0.500000000 0.666666667 0.500000000 0.500000000 0.000000000 0.000000000 0.653259102 -0.705606748 0.274539002 -0.173167860 0.213749622 0.961417699 -0.737065423 -0.675596194 0.017445475 -54.881122589 3.538848877 -60.985057831
0.000000000 0.500000000 0.666666667 0.500000000 0.500000000 0.000000000 0.000000000 0.630581366 -0.717170827 0.296703802 -0.182411138 0.234633659 0.954815806 -0.754382740 -0.656211133 0.017135667 -54.846824646 3.534761190 -61.030700684
0.000000000 0.500000000 0.666666667 0.500000000 0.500000000 0.000000000 0.000000000 0.609978163 -0.726487968 0.316452008 -0.190750003 0.252990293 0.948477911 -0.769117076 -0.638914035 0.015740973 -54.816082001 3.530997753 -61.071933746
0.000000000 0.500000000 0.666666667 0.500000000 0.500000000 0.000000000 0.000000000 0.592049642 -0.733680808 0.333451187 -0.198307415 0.268409942 0.942671879 -0.781121880 -0.624234391 0.013417666 -54.789089203 3.527442455 -61.108932495
0.000000000 0.500000000 0.666666667 0.500000000 0.500000000 0.000000000 0.000000000 0.577387158 -0.738880415 0.347389984 -0.205212206 0.280489449 0.937663916 -0.790260729 -0.612683769 0.010323726 -54.765529633 3.524138212 -61.141601562
0.000000000 0.500000000 0.666666667 0.500000000 0.500000000 0.000000000 0.000000000 0.566563867 -0.742199853 0.357973133 -0.211581018 0.288828416 0.933708530 -0.796391146 -0.604745835 0.006604344 -54.745399475 3.521044731 -61.169975281
0.000000000 0.500000000 0.666666667 0.500000000 0.500000000 0.000000000 0.000000000 0.560125596 -0.743704077 0.364915830 -0.217499702 0.293024030 0.931037484 -0.799345480 -0.600867010 0.002374845 -54.728816986 3.518258572 -61.194252014
0.000000000 0.500000000 0.666666667 0.500000000 0.500000000 0.000000000 0.000000000 0.558443137 -0.743430215 0.368039099 -0.223013765 0.292784716 0.929807491 -0.799003206 -0.601322398 -0.002291556 -54.715614319 3.515555859 -61.214302063
0.000000000 0.500000000 0.666666667 0.500000000 0.500000000 0.000000000 0.000000000 0.561289004 -0.741516878 0.367569550 -0.228148363 0.288287899 0.929966888 -0.795551996 -0.605840579 -0.007363034 -54.705768585 3.512957096 -61.230094910
0.000000000 0.500000000 0.666666667 0.500000000 0.500000000 0.000000000 0.000000000 0.568250113 -0.738054881 0.363822486 -0.232871278 0.279827001 0.931379524 -0.789216559 -0.613980327 -0.012860058 -54.699272156 3.510500908 -61.241580963
0.000000000 0.500000000 0.666666667 0.500000000 0.500000000 0.000000000 0.000000000 0.578877053 -0.733061611 0.357102272 -0.237099085 0.267696086 0.933875168 -0.780182916 -0.625267527 -0.018845116 -54.696117401 3.508221388 -61.248699188
0.000000000 0.500000000 0.666666667 0.500000000 0.500000000 0.000000000 0.000000000 0.592692961 -0.726508946 0.347706494 -0.240713909 0.252194621 0.937259135 -0.768616854 -0.639204682 -0.025406832 -54.696311951 3.506157160 -61.251384735
0.000000000 0.500000000 0.666666667 0.500000000 0.500000000 0.000000000 0.000000000 0.609201648 -0.718348099 0.335930588 -0.243580008 0.233632009 0.941320808 -0.754680152 -0.655280163 -0.032646231 -54.693916321 3.503147602 -61.258548737
0.000000000 0.500000000 0.666666667 0.500000000 0.500000000 0.000000000 0.000000000 0.627895893 -0.708531031 0.322072237 -0.245559840 0.212331168 0.945841340 -0.738543914 -0.672977900 -0.040664898 -54.688938141 3.499231577 -61.270133972
0.000000000 0.500000000 0.666666667 0.500000000 0.500000000 0.000000000 0.000000000 0.648264717 -0.697030631 0.306432955 -0.246526478 0.188630468 0.950601516 -0.720400966 -0.691785260 -0.049554029 -54.681381226 3.494452476 -61.286079407
0.000000000 0.500000000 0.666666667 0.500000000 0.500000000 0.000000000 0.000000000 0.669801901 -0.683856165 0.289320167 -0.246376184 0.162885031 0.955388530 -0.700474260 -0.711202652 -0.059385169 -54.671253204 3.488907337 -61.306327820
0.000000000 0.500000000 0.666666667 0.500000000 0.500000000 0.000000000 0.000000000 0.692016741 -0.669063982 0.271046524 -0.245038761 0.135464612 0.960002784 -0.679020497 -0.730754902 -0.070202830 -54.658626556 3.482824564 -61.330890656
0.000000000 0.500000000 0.666666667 0.500000000 0.500000000 0.000000000 0.000000000 0.714438371 -0.652771087 0.251928010 -0.242485534 0.106751243 0.964263936 -0.656337246 -0.749996054 -0.082020362 -54.643417358 3.476073503 -61.359657288
0.000000000 0.500000000 0.666666667 0.500000000 0.500000000 0.000000000 0.000000000 0.736629960 -0.635154951 0.232281057 -0.238735113 0.077134628 0.968016423 -0.632757337 -0.768523544 -0.094814111 -54.625595093 3.468699217 -61.392562866
