0.000000000 0.384615385 0.666666667 0.384615385 0.500000000 0.000000000 0.000000000 -0.929159767 0.000000000 0.369678411 62.710575104 -0.369678411 0.000000000 -0.929159767 0.202989653 0.000000000 1.000000000 0.000000000 47.710224152
0.000000000 0.384615385 0.666666667 0.384615385 0.500000000 0.000000000 0.000000000 -0.944538471 0.000000000 0.328400787 62.774814606 -0.328400787 0.000000000 -0.944538471 0.213638917 0.000000000 1.000000000 0.000000000 47.728923798
0.000000000 0.384615385 0.666666667 0.384615385 0.500000000 0.000000000 0.000000000 -0.964041669 0.000000000 0.265751126 62.812053680 -0.265751126 0.000000000 -0.964041669 0.203335568 0.000000000 1.000000000 0.000000000 47.730361938
0.000000000 0.384615385 0.666666667 0.384615385 0.500000000 0.000000000 0.000000000 -0.964400938 0.000000000 0.264444379 62.919734955 -0.264444379 0.000000000 -0.964400938 0.241514429 0.000000000 1.000000000 0.000000000 47.744613647
0.000000000 0.384615385 0.666666667 0.384615385 0.500000000 0.000000000 0.000000000 -0.971294235 0.000000000 0.237881292 62.962863922 -0.237881292 0.000000000 -0.971294235 0.218305349 0.000000000 1.000000000 0.000000000 47.761238098
0.000000000 0.384615385 0.666666667 0.384615385 0.500000000 0.000000000 0.000000000 -0.977275271 0.000000000 0.211974161 63.022602081 -0.211974161 0.000000000 -0.977275271 0.206419826 0.000000000 1.000000000 0.000000000 47.787952423
0.000000000 0.384615385 0.666666667 0.384615385 0.500000000 0.000000000 0.000000000 -0.979732740 0.000000000 0.200309155 63.055385590 -0.200309155 0.000000000 -0.979732740 0.200231627 0.000000000 1.000000000 0.000000000 47.783794403
0.000000000 0.384615385 0.666666667 0.384615385 0.500000000 0.000000000 0.000000000 -0.979732740 0.000000000 0.200309155 63.120960236 -0.200309155 0.000000000 -0.979732740 0.224966586 0.000000000 1.000000000 0.000000000 47.802715302
0.000000000 0.384615385 0.666666667 0.384615385 0.500000000 0.000000000 0.000000000 -0.982158192 0.000000000 0.188056600 63.168552399 -0.188056600 0.000000000 -0.982158192 0.210844576 0.000000000 1.000000000 0.000000000 47.809020996
0.000000000 0.384615385 0.666666667 0.384615385 0.500000000 0.000000000 0.000000000 -0.984326698 0.000000000 0.176354621 63.212337494 -0.176354621 0.000000000 -0.984326698 0.194661245 0.000000000 1.000000000 0.000000000 47.828022003
0.000000000 0.384615385 0.666666667 0.384615385 0.500000000 0.000000000 0.000000000 -0.986264267 0.000000000 0.165175045 63.266979218 -0.165175045 0.000000000 -0.986264267 0.218544304 0.000000000 1.000000000 0.000000000 47.825366974
0.000000000 0.384615385 0.666666667 0.384615385 0.500000000 0.000000000 0.000000000 -0.987993991 0.000000000 0.154492307 63.310829163 -0.154492307 0.000000000 -0.987993991 0.198751524 0.000000000 1.000000000 0.000000000 47.834831238
0.000000000 0.384615385 0.666666667 0.384615385 0.500000000 0.000000000 0.000000000 -0.989536396 0.000000000 0.144283477 63.358188629 -0.144283477 0.000000000 -0.989536396 0.219860077 0.000000000 1.000000000 0.000000000 47.843769073
0.000000000 0.384615385 0.666666667 0.384615385 0.500000000 0.000000000 0.000000000 -0.990910077 0.000000000 0.134525909 63.401622772 -0.134525909 0.000000000 -0.990910077 0.191611931 0.000000000 1.000000000 0.000000000 47.850463867
0.000000000 0.384615385 0.666666667 0.384615385 0.500000000 0.000000000 0.000000000 -0.992131941 0.000000000 0.125196695 63.465343475 -0.125196695 0.000000000 -0.992131941 0.218512714 0.000000000 1.000000000 0.000000000 47.856445312
0.000000000 0.384615385 0.666666667 0.384615385 0.500000000 0.000000000 0.000000000 -0.993216933 0.000000000 0.116276066 63.518066406 -0.116276066 0.000000000 -0.993216933 0.223072737 0.000000000 1.000000000 0.000000000 47.855213165
0.000000000 0.384615385 0.666666667 0.384615385 0.500000000 0.000000000 0.000000000 -0.993715264 0.000000000 0.111937363 63.571491241 -0.111937363 0.000000000 -0.993715264 0.211653292 0.000000000 1.000000000 0.000000000 47.862392426
0.000000000 0.384615385 0.666666667 0.384615385 0.500000000 0.000000000 0.000000000 -0.994773638 0.000000000 0.102104890 63.619174957 -0.102104890 0.000000000 -0.994773638 0.206681967 0.000000000 1.000000000 0.000000000 47.880115509
0.000000000 0.384615385 0.666666667 0.384615385 0.500000000 0.000000000 0.000000000 -0.995779028 0.000000000 0.091783042 63.642524719 -0.091783042 0.000000000 -0.995779028 0.214609072 0.000000000 1.000000000 0.000000000 47.873416901
0.000000000 0.384615385 0.666666667 0.384615385 0.500000000 0.000000000 0.000000000 -0.996438911 0.000000000 0.084317828 63.711658478 -0.084317828 0.000000000 -0.996438911 0.208262622 0.000000000 1.000000000 0.000000000 47.893650055
0.000000000 0.384615385 0.666666667 0.384615385 0.500000000 0.000000000 0.000000000 -0.996438911 0.000000000 0.084317828 63.770229340 -0.084317828 0.000000000 -0.996438911 0.205722034 0.000000000 1.000000000 0.000000000 47.891819000
0.000000000 0.384615385 0.666666667 0.384615385 0.500000000 0.000000000 0.000000000 -0.997066824 0.000000000 0.076535932 63.824260712 -0.076535932 0.000000000 -0.997066824 0.196855918 0.000000000 1.000000000 0.000000000 47.878665924
0.000000000 0.384615385 0.666666667 0.384615385 0.500000000 0.000000000 0.000000000 -0.997605617 0.000000000 0.069159473 63.856658936 -0.069159473 0.000000000 -0.997605617 0.189936519 0.000000000 1.000000000 0.000000000 47.893070221
0.000000000 0.384615385 0.666666667 0.384615385 0.500000000 0.000000000 0.000000000 -0.998065990 0.000000000 0.062163328 63.907207489 -0.062163328 0.000000000 -0.998065990 0.217726290 0.000000000 1.000000000 0.000000000 47.906620026
0.000000000 0.384615385 0.666666667 0.384615385 0.500000000 0.000000000 0.000000000 -0.998457250 0.000000000 0.055525844 63.983676910 -0.055525844 0.000000000 -0.998457250 0.184869379 0.000000000 1.000000000 0.000000000 47.895217896
0.000000000 0.384615385 0.666666667 0.384615385 0.500000000 0.000000000 0.000000000 -0.998787604 0.000000000 0.049227258 64.003318787 -0.049227258 0.000000000 -0.998787604 0.203581840 0.000000000 1.000000000 0.000000000 47.892612457
0.000000000 0.384615385 0.666666667 0.384615385 0.500000000 0.000000000 0.000000000 -0.999064310 0.000000000 0.043249322 64.067924500 -0.043249322 0.000000000 -0.999064310 0.212676689 0.000000000 1.000000000 0.000000000 47.900302887
0.000000000 0.384615385 0.666666667 0.384615385 0.500000000 0.000000000 0.000000000 -0.999293796 0.000000000 0.037575374 64.126068115 -0.037575374 0.000000000 -0.999293796 0.209603578 0.000000000 1.000000000 0.000000000 47.910007477
0.000000000 0.384615385 0.666666667 0.384615385 0.500000000 0.000000000 0.000000000 -0.999481815 0.000000000 0.032188519 64.153015137 -0.032188519 0.000000000 -0.999481815 0.216737673 0.000000000 1.000000000 0.000000000 47.910686493
0.000000000 0.384615385 0.666666667 0.384615385 0.500000000 0.000000000 0.000000000 -0.999633434 0.000000000 0.027073920 64.220420837 -0.027073920 0.000000000 -0.999633434 0.223835677 0.000000000 1.000000000 0.000000000 47.905532837
0.000000000 0.384615385 0.666666667 0.384615385 0.500000000 0.000000000 0.000000000 -0.999753127 0.000000000 0.022219036 64.282455444 -0.022219036 0.000000000 -0.999753127 0.196151733 0.000000000 1.000000000 0.000000000 47.919868469
0.000000000 0.384615385 0.666666667 0.384615385 0.500000000 0.000000000 0.000000000 -0.999846502 0.000000000 0.017520615 64.317214966 -0.017520615 0.000000000 -0.999846502 0.202252343 0.000000000 1.000000000 0.000000000 47.901882172
0.000000000 0.384615385 0.666666667 0.384615385 0.500000000 0.000000000 0.000000000 -0.999915739 0.000000000 0.012981293 64.398666382 -0.012981293 0.000000000 -0.999915739 0.187248066 0.000000000 1.000000000 0.000000000 47.908313751
0.000000000 0.384615385 0.666666667 0.384615385 0.500000000 0.000000000 0.000000000 -0.999962981 0.000000000 0.008604453 64.458595276 -0.008604453 0.000000000 -0.999962981 0.194829091 0.000000000 1.000000000 0.000000000 47.909626007
0.000000000 0.384615385 0.666666667 0.384615385 0.500000000 0.000000000 0.000000000 -0.999990353 0.000000000 0.004392534 64.522918701 -0.004392534 0.000000000 -0.999990353 0.204490811 0.000000000 1.000000000 0.000000000 47.923542023
0.000000000 0.384615385 0.666666667 0.384615385 0.500000000 0.000000000 0.000000000 -0.999999936 0.000000000 0.000357742 64.592857361 -0.000357742 0.000000000 -0.999999936 0.201633289 0.000000000 1.000000000 0.000000000 47.914993286
0.000000000 0.384615385 0.666666667 0.384615385 0.500000000 0.000000000 0.000000000 -0.999993871 0.000000000 -0.003501049 64.621047974 0.003501049 0.000000000 -0.999993871 0.215887755 0.000000000 1.000000000 0.000000000 47.919281006
0.000000000 0.384615385 0.666666667 0.384615385 0.500000000 0.000000000 0.000000000 -0.999946363 0.000000000 -0.010357196 64.698928833 0.010357196 0.000000000 -0.999946363 0.217416689 0.000000000 1.000000000 0.000000000 47.919300079
0.000000000 0.384615385 0.666666667 0.384615385 0.500000000 0.000000000 0.000000000 -0.999910203 0.000000000 -0.013400964 64.777122498 0.013400964 0.000000000 -0.999910203 0.217118531 0.000000000 1.000000000 0.000000000 47.902034760
0.000000000 0.384615385 0.666666667 0.384615385 0.500000000 0.000000000 0.000000000 -0.999866809 0.000000000 -0.016320655 64.817726135 0.016320655 0.000000000 -0.999866809 0.197380677 0.000000000 1.000000000 0.000000000 47.888900757
0.000000000 0.384615385 0.666666667 0.384615385 0.500000000 0.000000000 0.000000000 -0.999817298 0.000000000 -0.019114661 64.879791260 0.019114661 0.000000000 -0.999817298 0.186294094 0.000000000 1.000000000 0.000000000 47.893241882
0.000000000 0.384615385 0.666666667 0.384615385 0.500000000 0.000000000 0.000000000 -0.999762730 0.000000000 -0.021782644 64.963836670 0.021782644 0.000000000 -0.999762730 0.200241849 0.000000000 1.000000000 0.000000000 47.904956818
0.000000000 0.384615385 0.666666667 0.384615385 0.500000000 0.000000000 0.000000000 -0.999643822 0.000000000 -0.026687622 65.048126221 0.026687622 0.000000000 -0.999643822 0.212053061 0.000000000 1.000000000 0.000000000 47.911857605
0.000000000 0.384615385 0.666666667 0.384615385 0.500000000 0.000000000 0.000000000 -0.999581600 0.000000000 -0.028924463 65.129806519 0.028924463 0.000000000 -0.999581600 0.227275163 0.000000000 1.000000000 0.000000000 47.923973083
0.000000000 0.384615385 0.666666667 0.384615385 0.500000000 0.000000000 0.000000000 -0.999455381 0.000000000 -0.032999100 65.242340088 0.032999100 0.000000000 -0.999455381 0.225399092 0.000000000 1.000000000 0.000000000 47.913520813
0.000000000 0.384615385 0.666666667 0.384615385 0.500000000 0.000000000 0.000000000 -0.999393031 0.000000000 -0.034836332 65.321083069 0.034836332 0.000000000 -0.999393031 0.257161260 0.000000000 1.000000000 0.000000000 47.911243439
0.000000000 0.384615385 0.666666667 0.384615385 0.500000000 0.000000000 0.000000000 -0.999272299 0.000000000 -0.038142786 65.374313354 0.038142786 0.000000000 -0.999272299 0.151606441 0.000000000 1.000000000 0.000000000 47.917766571
0.000000000 0.384615385 0.666666667 0.384615385 0.500000000 0.000000000 0.000000000 -0.999215125 0.000000000 -0.039612286 65.498397827 0.039612286 0.000000000 -0.999215125 0.207708582 0.000000000 1.000000000 0.000000000 47.921463013
0.000000000 0.384615385 0.666666667 0.384615385 0.500000000 0.000000000 0.000000000 -0.999056267 0.000000000 -0.043434720 65.657157898 0.043434720 0.000000000 -0.999056267 0.210938871 0.000000000 1.000000000 0.000000000 47.835483551
0.000000000 0.384615385 0.666666667 0.384615385 0.500000000 0.000000000 0.000000000 -0.998972063 0.000000000 -0.045330095 65.782974243 0.045330095 0.000000000 -0.998972063 0.211841419 0.000000000 1.000000000 0.000000000 47.874736786
0.000000000 0.384615385 0.666666667 0.384615385 0.500000000 0.000000000 0.000000000 -0.998901665 0.000000000 -0.046855774 65.854614258 0.046855774 0.000000000 -0.998901665 0.185762778 0.000000000 1.000000000 0.000000000 47.819744110
0.000000000 0.384615385 0.666666667 0.384615385 0.500000000 0.000000000 0.000000000 -0.998845974 0.000000000 -0.048028319 65.935127258 0.048028319 0.000000000 -0.998845974 0.223545983 0.000000000 1.000000000 0.000000000 47.885887146
0.000000000 0.384615385 0.666666667 0.384615385 0.500000000 0.000000000 0.000000000 -0.998805477 0.000000000 -0.048863270 66.055938721 0.048863270 0.000000000 -0.998805477 0.176694334 0.000000000 1.000000000 0.000000000 47.829807281
0.000000000 0.384615385 0.666666667 0.384615385 0.500000000 0.000000000 0.000000000 -0.998780116 0.000000000 -0.049378934 66.196914673 0.049378934 0.000000000 -0.998780116 0.204784393 0.000000000 1.000000000 0.000000000 47.830707550
0.000000000 0.384615385 0.666666667 0.384615385 0.500000000 0.000000000 0.000000000 -0.998769530 0.000000000 -0.049592591 66.394775391 0.049592591 0.000000000 -0.998769530 0.195708007 0.000000000 1.000000000 0.000000000 47.851848602
0.000000000 0.384615385 0.666666667 0.384615385 0.500000000 0.000000000 0.000000000 -0.998778884 0.000000000 -0.049403863 66.473464966 0.049403863 0.000000000 -0.998778884 0.210459888 0.000000000 1.000000000 0.000000000 47.840457916
0.000000000 0.384615385 0.666666667 0.384615385 0.500000000 0.000000000 0.000000000 -0.998799677 0.000000000 -0.048981680 66.563850403 0.048981680 0.000000000 -0.998799677 0.185771778 0.000000000 1.000000000 0.000000000 47.821640015
0.000000000 0.384615385 0.666666667 0.384615385 0.500000000 0.000000000 0.000000000 -0.998831215 0.000000000 -0.048334290 66.651176453 0.048334290 0.000000000 -0.998831215 0.225109711 0.000000000 1.000000000 0.000000000 47.834808350
0.000000000 0.384615385 0.666666667 0.384615385 0.500000000 0.000000000 0.000000000 -0.998871667 0.000000000 -0.047490986 66.802253723 0.047490986 0.000000000 -0.998871667 0.221721649 0.000000000 1.000000000 0.000000000 47.859031677
0.000000000 0.384615385 0.666666667 0.384615385 0.500000000 0.000000000 0.000000000 -0.998919802 0.000000000 -0.046467497 66.874412537 0.046467497 0.000000000 -0.998919802 0.207755432 0.000000000 1.000000000 0.000000000 47.820369720
0.000000000 0.384615385 0.666666667 0.384615385 0.500000000 0.000000000 0.000000000 -0.998974947 0.000000000 -0.045266503 66.997581482 0.045266503 0.000000000 -0.998974947 0.173156738 0.000000000 1.000000000 0.000000000 47.816989899
0.000000000 0.384615385 0.666666667 0.384615385 0.500000000 0.000000000 0.000000000 -0.999035933 0.000000000 -0.043899941 67.096954346 0.043899941 0.000000000 -0.999035933 0.217467338 0.000000000 1.000000000 0.000000000 47.808376312
0.000000000 0.384615385 0.666666667 0.384615385 0.500000000 0.000000000 0.000000000 -0.999101603 0.000000000 -0.042379083 67.265823364 0.042379083 0.000000000 -0.999101603 0.167024687 0.000000000 1.000000000 0.000000000 47.772556305
0.000000000 0.384615385 0.666666667 0.384615385 0.500000000 0.000000000 0.000000000 -0.999173287 0.000000000 -0.040653946 67.361679077 0.040653946 0.000000000 -0.999173287 0.248446032 0.000000000 1.000000000 0.000000000 47.820400238
0.000000000 0.384615385 0.666666667 0.384615385 0.500000000 0.000000000 0.000000000 -0.999284146 0.000000000 -0.037831151 67.510910034 0.037831151 0.000000000 -0.999284146 0.208276212 0.000000000 1.000000000 0.000000000 47.804973602
0.000000000 0.384615385 0.666666667 0.384615385 0.500000000 0.000000000 0.000000000 -0.999397235 0.000000000 -0.034715511 67.726226807 0.034715511 0.000000000 -0.999397235 0.189431459 0.000000000 1.000000000 0.000000000 47.753910065
0.000000000 0.384615385 0.666666667 0.384615385 0.500000000 0.000000000 0.000000000 -0.999508943 0.000000000 -0.031334862 67.868240356 0.031334862 0.000000000 -0.999508943 0.210123897 0.000000000 1.000000000 0.000000000 47.783279419
0.000000000 0.384615385 0.666666667 0.384615385 0.500000000 0.000000000 0.000000000 -0.999611553 0.000000000 -0.027870101 67.979003906 0.027870101 0.000000000 -0.999611553 0.244770661 0.000000000 1.000000000 0.000000000 47.798725128
0.000000000 0.384615385 0.666666667 0.384615385 0.500000000 0.000000000 0.000000000 -0.999676650 0.000000000 -0.025428256 68.129173279 0.025428256 0.000000000 -0.999676650 0.157669365 0.000000000 1.000000000 0.000000000 47.849617004
0.000000000 0.384615385 0.666666667 0.384615385 0.500000000 0.000000000 0.000000000 -0.999764683 0.000000000 -0.021692802 68.311195374 0.021692802 0.000000000 -0.999764683 0.238234624 0.000000000 1.000000000 0.000000000 47.727825165
0.000000000 0.384615385 0.666666667 0.384615385 0.500000000 0.000000000 0.000000000 -0.999817838 0.000000000 -0.019086427 68.380813599 0.019086427 0.000000000 -0.999817838 0.188430622 0.000000000 1.000000000 0.000000000 47.786823273
0.000000000 0.384615385 0.666666667 0.384615385 0.500000000 0.000000000 0.000000000 -0.999887171 0.000000000 -0.015021472 68.541793823 0.015021472 0.000000000 -0.999887171 0.200008228 0.000000000 1.000000000 0.000000000 47.760837555
0.000000000 0.384615385 0.666666667 0.384615385 0.500000000 0.000000000 0.000000000 -0.999925471 0.000000000 -0.012208703 68.639495850 0.012208703 0.000000000 -0.999925471 0.193227082 0.000000000 1.000000000 0.000000000 47.766292572
0.000000000 0.384615385 0.666666667 0.384615385 0.500000000 0.000000000 0.000000000 -0.999968158 0.000000000 -0.007980105 68.809219360 0.007980105 0.000000000 -0.999968158 0.203073114 0.000000000 1.000000000 0.000000000 47.765365601
0.000000000 0.384615385 0.666666667 0.384615385 0.500000000 0.000000000 0.000000000 -0.999986787 0.000000000 -0.005140634 68.918876648 0.005140634 0.000000000 -0.999986787 0.240442201 0.000000000 1.000000000 0.000000000 47.779041290
0.000000000 0.384615385 0.666666667 0.384615385 0.500000000 0.000000000 0.000000000 -0.999997678 0.000000000 -0.002154967 69.007499695 0.002154967 0.000000000 -0.999997678 0.179324940 0.000000000 1.000000000 0.000000000 47.768970490
0.000000000 0.384615385 0.666666667 0.384615385 0.500000000 0.000000000 0.000000000 -0.999999412 0.000000000 0.001084860 69.199241638 -0.001084860 0.000000000 -0.999999412 0.184581593 0.000000000 1.000000000 0.000000000 47.778011322
0.000000000 0.384615385 0.666666667 0.384615385 0.500000000 0.000000000 0.000000000 -0.999981637 0.000000000 0.006060183 69.346801758 -0.006060183 0.000000000 -0.999981637 0.223969415 0.000000000 1.000000000 0.000000000 47.748088837
0.000000000 0.384615385 0.666666667 0.384615385 0.500000000 0.000000000 0.000000000 -0.999940432 0.000000000 0.010914775 69.534202576 -0.010914775 0.000000000 -0.999940432 0.186258242 0.000000000 1.000000000 0.000000000 47.750148773
0.000000000 0.384615385 0.666666667 0.384615385 0.500000000 0.000000000 0.000000000 -0.999869771 0.000000000 0.016138177 69.628921509 -0.016138177 0.000000000 -0.999869771 0.252852619 0.000000000 1.000000000 0.000000000 47.809162140
0.000000000 0.384615385 0.666666667 0.384615385 0.500000000 0.000000000 0.000000000 -0.999777038 0.000000000 0.021115743 69.844810486 -0.021115743 0.000000000 -0.999777038 0.171865538 0.000000000 1.000000000 0.000000000 47.772407532