0.000000000 0.500000000 0.666666667 0.500000000 0.500000000 0.000000000 0.000000000 -0.989573441 0.144029180 0.000000000 -0.000000000 -0.000000000 1.000000000 0.144029180 0.989573441 0.000000000 -11.680356979 1.621015310 29.886032104
0.000000000 0.500000000 0.666666667 0.500000000 0.500000000 0.000000000 0.000000000 -0.990396597 0.138207422 -0.003645572 -0.003646485 0.000246594 0.999993321 0.138207398 0.990403275 0.000259745 -11.527522087 1.627985239 29.935262680
0.000000000 0.500000000 0.666666667 0.500000000 0.500000000 0.000000000 0.000000000 -0.991042051 0.133387193 -0.006596272 -0.006737538 -0.000607720 0.999977118 0.133380132 0.991063816 0.001500977 -11.365340233 1.635153174 29.987648010
0.000000000 0.500000000 0.666666667 0.500000000 0.500000000 0.000000000 0.000000000 -0.991552281 0.129396408 -0.008980158 -0.009364705 -0.002363716 0.999953356 0.129369145 0.991590128 0.003555507 -11.193832397 1.642420053 30.043338776
0.000000000 0.500000000 0.666666667 0.500000000 0.500000000 0.000000000 0.000000000 -0.991962367 0.126060948 -0.010922450 -0.011623358 -0.004825836 0.999920801 0.125998254 0.992010760 0.006252299 -11.023564339 1.649192452 30.099086761
0.000000000 0.500000000 0.666666667 0.500000000 0.500000000 0.000000000 0.000000000 -0.992302077 0.123203791 -0.012546475 -0.013610777 -0.007800662 0.999876941 0.123090759 0.992350732 0.009417512 -10.854566574 1.655334115 30.155069351
0.000000000 0.500000000 0.666666667 0.500000000 0.500000000 0.000000000 0.000000000 -0.992597112 0.120646904 -0.013974896 -0.015425309 -0.011096377 0.999819449 0.120470051 0.992633465 0.012875247 -10.686918259 1.660580993 30.211620331
0.000000000 0.500000000 0.666666667 0.500000000 0.500000000 0.000000000 0.000000000 -0.992869965 0.118212578 -0.015330310 -0.017165536 -0.014522230 0.999747193 0.117960062 0.992882113 0.016447868 -10.520717621 1.664656281 30.269065857
0.000000000 0.500000000 0.666666667 0.500000000 0.500000000 0.000000000 0.000000000 -0.993140565 0.115722682 -0.016735556 -0.018929900 -0.017889086 0.999660762 0.115384040 0.993120457 0.019956996 -10.356133461 1.667118788 30.327924728
0.000000000 0.500000000 0.666666667 0.500000000 0.500000000 0.000000000 0.000000000 -0.993426242 0.112999637 -0.018313481 -0.020816369 -0.021009433 0.999562546 0.112565449 0.993372884 0.023223564 -10.193075180 1.667726040 30.387935638
0.000000000 0.500000000 0.666666667 0.500000000 0.500000000 0.000000000 0.000000000 -0.993741439 0.109865459 -0.020187464 -0.022923366 -0.023696348 0.999456353 0.109327362 0.993663959 0.026066529 -10.030718803 1.666573405 30.446823120
0.000000000 0.500000000 0.666666667 0.500000000 0.500000000 0.000000000 0.000000000 -0.994096934 0.106141062 -0.022480252 -0.025349880 -0.025764536 0.999346573 0.105492513 0.994017235 0.028303109 -9.868150711 1.664791822 30.501998901
0.000000000 0.500000000 0.666666667 0.500000000 0.500000000 0.000000000 0.000000000 -0.994498463 0.101646821 -0.025312656 -0.028196173 -0.027031951 0.999236834 0.100884997 0.994453215 0.029749285 -9.704275131 1.663484096 30.549695969
0.000000000 0.500000000 0.666666667 0.500000000 0.500000000 0.000000000 0.000000000 -0.994945095 0.096200930 -0.028803466 -0.031565905 -0.027317661 0.999128290 0.095330227 0.994986998 0.030216242 -9.539439201 1.663429260 30.590057373
0.000000000 0.500000000 0.666666667 0.500000000 0.500000000 0.000000000 0.000000000 -0.995427259 0.089617009 -0.033066048 -0.035566214 -0.026446128 0.999017341 0.088654477 0.995625127 0.029512535 -9.373841286 1.665105581 30.622531891
0.000000000 0.500000000 0.666666667 0.500000000 0.500000000 0.000000000 0.000000000 -0.995923922 0.081704784 -0.038208252 -0.040311254 -0.024245683 0.998892962 0.080687949 0.996361619 0.027440478 -9.207908630 1.667706251 30.647640228
0.000000000 0.500000000 0.666666667 0.500000000 0.500000000 0.000000000 0.000000000 -0.996399692 0.072267872 -0.044328409 -0.045922810 -0.020551360 0.998733567 0.071265340 0.997173504 0.023796112 -9.042040825 1.670558453 30.666313171
0.000000000 0.500000000 0.666666667 0.500000000 0.500000000 0.000000000 0.000000000 -0.996801361 0.061102129 -0.051512872 -0.052532920 -0.015205808 0.998503418 0.060227390 0.998015688 0.018367043 -8.876486778 1.673316002 30.679042816
0.000000000 0.500000000 0.666666667 0.500000000 0.500000000 0.000000000 0.000000000 -0.997053941 0.047994583 -0.059832754 -0.060286544 -0.008062587 0.998148550 0.047423317 0.998815055 0.010932261 -8.711446762 1.675782442 30.686407089
0.000000000 0.500000000 0.666666667 0.500000000 0.500000000 0.000000000 0.000000000 -0.997056319 0.032723151 -0.069338964 -0.069343062 0.001010972 0.997592360 0.032714465 0.999463943 0.001261127 -8.547063828 1.677830458 30.688747406
0.000000000 0.500000000 0.666666667 0.500000000 0.500000000 0.000000000 0.000000000 -0.996676537 0.015056392 -0.080057393 -0.079878494 0.012130898 0.996730790 0.015978337 0.999813056 -0.010887900 -8.383493423 1.679227591 30.685642242
0.000000000 0.500000000 0.666666667 0.500000000 0.500000000 0.000000000 0.000000000 -0.995752696 -0.005159692 -0.091923584 -0.092025428 0.025319905 0.995434691 -0.002808639 0.999666084 -0.025687187 -8.220838547 1.680120826 30.678607941
0.000000000 0.500000000 0.666666667 0.500000000 0.500000000 0.000000000 0.000000000 -0.994126872 -0.027723272 -0.104609668 -0.105676367 0.040300650 0.993583596 -0.023329551 0.998802922 -0.042993654 -8.059158325 1.680561185 30.668273926
0.000000000 0.500000000 0.666666667 0.500000000 0.500000000 0.000000000 0.000000000 -0.991666037 -0.052331696 -0.117727924 -0.120651043 0.056726413 0.991072873 -0.045186241 0.997017306 -0.062567531 -7.898599625 1.680335402 30.654079437
0.000000000 0.500000000 0.666666667 0.500000000 0.500000000 0.000000000 0.000000000 -0.988269954 -0.078658950 -0.130901749 -0.136752354 0.074259073 0.987817991 -0.067980083 0.994131963 -0.084144807 -7.740035057 1.679090262 30.631114960
0.000000000 0.500000000 0.666666667 0.500000000 0.500000000 0.000000000 0.000000000 -0.983878662 -0.106358830 -0.143772659 -0.153762978 0.092574231 0.983761637 -0.091322093 0.990008995 -0.107435861 -7.582813740 1.677562237 30.605062485
0.000000000 0.500000000 0.666666667 0.500000000 0.500000000 0.000000000 0.000000000 -0.978477939 -0.135065129 -0.156007480 -0.171444021 0.111366389 0.978879193 -0.114838455 0.984558245 -0.132125663 -7.429263592 1.674700260 30.566175461
0.000000000 0.500000000 0.666666667 0.500000000 0.500000000 0.000000000 0.000000000 -0.972102938 -0.164392244 -0.167305311 -0.189535291 0.130354165 0.973182493 -0.138174710 0.977743822 -0.157875799 -7.276696682 1.671899080 30.527389526
0.000000000 0.500000000 0.666666667 0.500000000 0.500000000 0.000000000 0.000000000 -0.964839340 -0.193941381 -0.177402898 -0.207756595 0.149284605 0.966721937 -0.161003867 0.969587978 -0.184328260 -7.128598690 1.668025136 30.477376938
0.000000000 0.500000000 0.666666667 0.500000000 0.500000000 0.000000000 0.000000000 -0.956822781 -0.223304188 -0.186079030 -0.225809940 0.167937304 0.959586855 -0.183030153 0.960173058 -0.211110544 -6.981816292 1.664078593 30.426708221
0.000000000 0.500000000 0.666666667 0.500000000 0.500000000 0.000000000 0.000000000 -0.948236092 -0.252069042 -0.193156703 -0.243381964 0.186126979 0.951904390 -0.203993954 0.949640956 -0.237841377 -6.837275028 1.659864426 30.373348236
0.000000000 0.500000000 0.666666667 0.500000000 0.500000000 0.000000000 0.000000000 -0.939304358 -0.279826871 -0.198505027 -0.260148240 0.203704877 0.943836435 -0.223674354 0.938190410 -0.264137347 -6.696577072 1.655015230 30.313346863
0.000000000 0.500000000 0.666666667 0.500000000 0.500000000 0.000000000 0.000000000 -0.930289326 -0.306174953 -0.202036306 -0.275774259 0.220558639 0.935575996 -0.241889084 0.926072775 -0.289618518 -6.557057858 1.650127172 30.253692627
0.000000000 0.500000000 0.666666667 0.500000000 0.500000000 0.000000000 0.000000000 -0.921481235 -0.330721602 -0.203704581 -0.289919871 0.236609925 0.927341475 -0.258493333 0.913585773 -0.313914370 -6.418769360 1.645190120 30.194419861
0.000000000 0.500000000 0.666666667 0.500000000 0.500000000 0.000000000 0.000000000 -0.913189793 -0.353090466 -0.203498219 -0.302239746 0.251810669 0.919370721 -0.273378014 0.901065208 -0.336668906 -6.285035133 1.639636517 30.128517151
0.000000000 0.500000000 0.666666667 0.500000000 0.500000000 0.000000000 0.000000000 -0.905735203 -0.372918237 -0.201434183 -0.312384793 0.266136827 0.911913883 -0.286460263 0.888877482 -0.357543479 -6.152774334 1.633998632 30.062757492
0.000000000 0.500000000 0.666666667 0.500000000 0.500000000 0.000000000 0.000000000 -0.899436569 -0.389857367 -0.197547696 -0.320002130 0.279580102 0.905225720 -0.297678510 0.877408799 -0.376219756 -6.021853924 1.628306508 29.997570038
0.000000000 0.500000000 0.666666667 0.500000000 0.500000000 0.000000000 0.000000000 -0.894601243 -0.403571599 -0.191881682 -0.324733542 0.292137542 0.899557549 -0.306980036 0.867055719 -0.392399843 -5.892315388 1.622559786 29.933010101
0.000000000 0.500000000 0.666666667 0.500000000 0.500000000 0.000000000 0.000000000 -0.891512457 -0.413733032 -0.184473624 -0.326213343 0.303799772 0.895148341 -0.314309392 0.858213655 -0.405806516 -5.766157150 1.616486788 29.865407944
0.000000000 0.500000000 0.666666667 0.500000000 0.500000000 0.000000000 0.000000000 -0.890415924 -0.420017081 -0.175342902 -0.324066508 0.314535666 0.892215340 -0.319594086 0.851265509 -0.416181034 -5.642377853 1.610228538 29.796787262
0.000000000 0.500000000 0.666666667 0.500000000 0.500000000 0.000000000 0.000000000 -0.891505999 -0.422095448 -0.164476401 -0.317905848 0.324276854 0.890943541 -0.322727323 0.846569522 -0.423281372 -5.520079136 1.603904724 29.728973389
0.000000000 0.500000000 0.666666667 0.500000000 0.500000000 0.000000000 0.000000000 -0.894838509 -0.418472531 -0.155385917 -0.307468358 0.325452036 0.894172344 -0.323615901 0.847916100 -0.419894076 -5.399450779 1.596569180 29.662445068
0.000000000 0.500000000 0.666666667 0.500000000 0.500000000 0.000000000 0.000000000 -0.900119218 -0.411181096 -0.143928803 -0.293038961 0.327005600 0.898440596 -0.322356264 0.850880393 -0.414836106 -5.280236721 1.589339852 29.596645355
0.000000000 0.500000000 0.666666667 0.500000000 0.500000000 0.000000000 0.000000000 -0.906943316 -0.400589769 -0.130313690 -0.275052273 0.328828106 0.903448019 -0.319061230 0.855219219 -0.408411579 -5.162909031 1.582144380 29.530645370
0.000000000 0.500000000 0.666666667 0.500000000 0.500000000 0.000000000 0.000000000 -0.914890348 -0.387045847 -0.114765691 -0.253960654 0.330806823 0.908884389 -0.313814654 0.860675525 -0.400946386 -5.048693657 1.574822307 29.462221146
0.000000000 0.500000000 0.666666667 0.500000000 0.500000000 0.000000000 0.000000000 -0.923541986 -0.370886354 -0.097537237 -0.230238879 0.332831440 0.914446987 -0.306692450 0.866987050 -0.392776267 -4.935743332 1.567567706 29.394456863
0.000000000 0.500000000 0.666666667 0.500000000 0.500000000 0.000000000 0.000000000 -0.932499849 -0.352443477 -0.078915315 -0.204384921 0.334800235 0.919856297 -0.297776485 0.873894959 -0.384235301 -4.824016094 1.560366750 29.327331543
0.000000000 0.500000000 0.666666667 0.500000000 0.500000000 0.000000000 0.000000000 -0.941399668 -0.332052786 -0.059225095 -0.176920237 0.336624752 0.924869183 -0.287168756 0.881149660 -0.375645287 -4.713469028 1.553209186 29.260807037
0.000000000 0.500000000 0.666666667 0.500000000 0.500000000 0.000000000 0.000000000 -0.949924409 -0.310057838 -0.038829814 -0.148386718 0.338233733 0.929289688 -0.274999998 0.888516786 -0.367304944 -4.604060173 1.546086073 29.194852829
0.000000000 0.500000000 0.666666667 0.500000000 0.500000000 0.000000000 0.000000000 -0.957814012 -0.286816576 -0.018126485 -0.119342113 0.339575762 0.932976828 -0.261437905 0.895781532 -0.359479720 -4.495744705 1.538990498 29.129447937
0.000000000 0.500000000 0.666666667 0.500000000 0.500000000 0.000000000 0.000000000 -0.964873077 -0.262704946 0.002460979 -0.090353592 0.340621124 0.935849068 -0.246690441 0.902753212 -0.352392487 -4.388930798 1.531875014 29.063829422
0.000000000 0.500000000 0.666666667 0.500000000 0.500000000 0.000000000 0.000000000 -0.970975630 -0.238118659 0.022490663 -0.061990301 0.341362309 0.937885375 -0.231005472 0.909269640 -0.346215530 -4.284448147 1.524652719 28.996555328
0.000000000 0.500000000 0.666666667 0.500000000 0.500000000 0.000000000 0.000000000 -0.976065437 -0.213504589 0.041376961 -0.034817333 0.341215314 0.939340121 -0.214671879 0.915416790 -0.340482135 -4.180893421 1.517382145 28.929817200
0.000000000 0.500000000 0.666666667 0.500000000 0.500000000 0.000000000 0.000000000 -0.980154431 -0.189692260 0.057568553 -0.009387593 0.334494757 0.942350853 -0.198013042 0.923108934 -0.329637272 -4.078158855 1.509352088 28.863851547
0.000000000 0.500000000 0.666666667 0.500000000 0.500000000 0.000000000 0.000000000 -0.983316222 -0.166978792 0.072161555 0.013762780 0.327270696 0.944830396 -0.181383000 0.930060199 -0.319512492 -3.970075607 1.500905156 28.794496536
0.000000000 0.500000000 0.666666667 0.500000000 0.500000000 0.000000000 0.000000000 -0.985676847 -0.145791182 0.084770771 0.034117524 0.319880708 0.946843349 -0.165157946 0.936173736 -0.310324974 -3.856579542 1.492082238 28.721735001
0.000000000 0.500000000 0.666666667 0.500000000 0.500000000 0.000000000 0.000000000 -0.987401329 -0.126544107 0.095001076 0.051181695 0.312691416 0.948474835 -0.149729922 0.941387628 -0.302275178 -3.737631798 1.482929945 28.645559311
0.000000000 0.500000000 0.666666667 0.500000000 0.500000000 0.000000000 0.000000000 -0.988677509 -0.109639622 0.102449679 0.064479367 0.306086496 0.949817597 -0.135496106 0.945669186 -0.295551341 -3.613173723 1.473496318 28.565961838
0.000000000 0.500000000 0.666666667 0.500000000 0.500000000 0.000000000 0.000000000 -0.989695860 -0.095472602 0.106710293 0.073549690 0.300453021 0.950956584 -0.122851730 0.949006304 -0.290335131 -3.483400822 1.463816166 28.482578278
0.000000000 0.500000000 0.666666667 0.500000000 0.500000000 0.000000000 0.000000000 -0.990626597 -0.084436459 0.107375186 0.077939238 0.296166431 0.951951112 -0.112180307 0.951396831 -0.286809431 -3.349382162 1.453876972 28.393671036
0.000000000 0.500000000 0.666666667 0.500000000 0.500000000 0.000000000 0.000000000 -0.991593458 -0.076930797 0.104038771 0.077193681 0.293574156 0.952814436 -0.103843868 0.952835698 -0.285167641 -3.209765434 1.443791509 28.301252365
0.000000000 0.500000000 0.666666667 0.500000000 0.500000000 0.000000000 0.000000000 -0.992641683 -0.073248636 0.096421611 0.071006118 0.292901221 0.953502494 -0.098084764 0.953332844 -0.285544859 -3.064518929 1.433587909 28.205318451
0.000000000 0.500000000 0.666666667 0.500000000 0.500000000 0.000000000 0.000000000 -0.993710346 -0.073211257 0.084734059 0.059681638 0.294008693 0.953937624 -0.094751523 0.952994754 -0.287790112 -2.913661957 1.423249125 28.105882645
0.000000000 0.500000000 0.666666667 0.500000000 0.500000000 0.000000000 0.000000000 -0.994654094 -0.076534553 0.069323117 0.043665149 0.296626473 0.953994806 -0.093576638 0.951921844 -0.291698843 -2.757228851 1.412741065 28.002964020
0.000000000 0.500000000 0.666666667 0.500000000 0.500000000 0.000000000 0.000000000 -0.995271500 -0.082939576 0.050553613 0.023395334 0.300444946 0.953512188 -0.094272474 0.950186225 -0.297083893 -2.595258713 1.402025104 27.896564484
0.000000000 0.500000000 0.666666667 0.500000000 0.500000000 0.000000000 0.000000000 -0.995328645 -0.092147753 0.028804171 -0.000689626 0.305128758 0.952310855 -0.096542286 0.947842409 -0.303766941 -2.428151846 1.391058564 27.786144257
0.000000000 0.500000000 0.666666667 0.500000000 0.500000000 0.000000000 0.000000000 -0.994580709 -0.103871312 0.004468130 -0.028141357 0.310331317 0.950211838 -0.100086351 0.944936624 -0.311572621 -2.256828546 1.379796743 27.670385361
0.000000000 0.500000000 0.666666667 0.500000000 0.500000000 0.000000000 0.000000000 -0.992791337 -0.117809554 -0.022051518 -0.058498815 0.315705985 0.947052068 -0.104609985 0.941515077 -0.320321886 -2.080121994 1.368198156 27.551095963
0.000000000 0.500000000 0.666666667 0.500000000 0.500000000 0.000000000 0.000000000 -0.989749902 -0.133643668 -0.050343843 -0.091283383 0.320918308 0.942697610 -0.109829305 0.937630423 -0.329828310 -1.898071289 1.356221318 27.428277969
0.000000000 0.500000000 0.666666667 0.500000000 0.500000000 0.000000000 0.000000000 -0.985286431 -0.151033578 -0.079996916 -0.126000398 0.325655857 0.937055048 -0.115475312 0.933347267 -0.339894588 -1.710725069 1.343827128 27.301940918
0.000000000 0.500000000 0.666666667 0.500000000 0.500000000 0.000000000 0.000000000 -0.979283455 -0.169621195 -0.110600923 -0.162140219 0.329637263 0.930080547 -0.121303188 0.928745350 -0.350310735 -1.518120050 1.330979943 27.172098160
0.000000000 0.500000000 0.666666667 0.500000000 0.500000000 0.000000000 0.000000000 -0.971686010 -0.189027735 -0.141756180 -0.199183047 0.332620475 0.921786165 -0.127092143 0.923922148 -0.360853782 -1.320581079 1.317665338 27.038360596
0.000000000 0.500000000 0.666666667 0.500000000 0.500000000 0.000000000 0.000000000 -0.962507414 -0.208462575 -0.173559308 -0.236606387 0.332308614 0.913010626 -0.132653293 0.919844737 -0.369173081 -1.119367600 1.303660512 26.899154663
0.000000000 0.500000000 0.666666667 0.500000000 0.500000000 0.000000000 0.000000000 -0.951833714 -0.227374823 -0.205701899 -0.273890384 0.328941532 0.903759662 -0.137828295 0.916568687 -0.375373418 -0.913156688 1.288917780 26.756517410
0.000000000 0.500000000 0.666666667 0.500000000 0.500000000 0.000000000 0.000000000 -0.939823440 -0.245871067 -0.237232627 -0.310527426 0.325112112 0.893238396 -0.142494277 0.913153620 -0.381897693 -0.701938450 1.273762226 26.610330582
0.000000000 0.500000000 0.666666667 0.500000000 0.500000000 0.000000000 0.000000000 -0.926705602 -0.263685572 -0.267743619 -0.346030371 0.320891231 0.881641537 -0.146559574 0.909669576 -0.388614918 -0.485742182 1.258201599 26.460605621
0.000000000 0.500000000 0.666666667 0.500000000 0.500000000 0.000000000 0.000000000 -0.912774651 -0.280573072 -0.296852132 -0.379937768 0.316372758 0.869226996 -0.149965761 0.906193704 -0.395377341 -0.264599591 1.242247939 26.307348251
0.000000000 0.500000000 0.666666667 0.500000000 0.500000000 0.000000000 0.000000000 -0.898383263 -0.296303713 -0.324209226 -0.411820396 0.311670944 0.856309047 -0.152680954 0.902809688 -0.402023873 -0.040012207 1.226083994 26.148471832
0.000000000 0.500000000 0.666666667 0.500000000 0.500000000 0.000000000 0.000000000 -0.883932774 -0.310659849 -0.349504378 -0.441284962 0.306917529 0.843249200 -0.154694649 0.899606630 -0.408383983 0.188981935 1.209612966 25.985391617
0.000000000 0.500000000 0.666666667 0.500000000 0.500000000 0.000000000 0.000000000 -0.869862667 -0.323432117 -0.372465578 -0.467973350 0.302257699 0.830446402 -0.156012449 0.896678286 -0.414280299 0.422795415 1.192803264 25.818754196
0.000000000 0.500000000 0.666666667 0.500000000 0.500000000 0.000000000 0.000000000 -0.856637732 -0.334411405 -0.392862329 -0.491563091 0.297845393 0.818323805 -0.156644578 0.894123668 -0.419529906 0.661403775 1.175673246 25.648572922
