0.000000000 0.500000000 0.666666667 0.500000000 0.500000000 0.000000000 0.000000000 0.484062479 -0.843876632 -0.231421146 0.161576790 -0.173722787 0.971449090 -0.859986312 -0.507634341 0.052258194 -7.866600990 1.930889249 -3.276008129
0.000000000 0.500000000 0.666666667 0.500000000 0.500000000 0.000000000 0.000000000 0.479325065 -0.849527206 -0.220342933 0.170919367 -0.155898247 0.972873222 -0.860833347 -0.503983395 0.070474715 -7.803042412 1.930760503 -3.249848604
0.000000000 0.500000000 0.666666667 0.500000000 0.500000000 0.000000000 0.000000000 0.474414590 -0.855213872 -0.208662478 0.180982665 -0.137215626 0.973867109 -0.861496414 -0.499781057 0.089681791 -7.738284588 1.930694580 -3.223130465
0.000000000 0.500000000 0.666666667 0.500000000 0.500000000 0.000000000 0.000000000 0.469307732 -0.860914619 -0.196408432 0.191694616 -0.117791978 0.974360418 -0.861976465 -0.494925317 0.109752012 -7.672330856 1.930676222 -3.195843458
0.000000000 0.500000000 0.666666667 0.500000000 0.500000000 0.000000000 0.000000000 0.463979416 -0.866608184 -0.183611974 0.202985174 -0.097749443 0.974290545 -0.862276128 -0.489321267 0.130554883 -7.605460167 1.930397630 -3.167336941
0.000000000 0.500000000 0.666666667 0.500000000 0.500000000 0.000000000 0.000000000 0.458401774 -0.872275138 -0.170305307 0.214785684 -0.077213964 0.973604187 -0.862400675 -0.482881028 0.151957194 -7.537459373 1.930069804 -3.138094425
0.000000000 0.500000000 0.666666667 0.500000000 0.500000000 0.000000000 0.000000000 0.452544079 -0.877898315 -0.156519662 0.227026991 -0.056313951 0.972258959 -0.862358743 -0.475524223 0.173822068 -7.468276024 1.929736853 -3.108234167
0.000000000 0.500000000 0.666666667 0.500000000 0.500000000 0.000000000 0.000000000 0.446372436 -0.883462266 -0.142288693 0.239642093 -0.035182290 0.970223620 -0.862162001 -0.467179441 0.196010342 -7.398981094 1.929063320 -3.075385570
0.000000000 0.500000000 0.666666667 0.500000000 0.500000000 0.000000000 0.000000000 0.439851109 -0.888952958 -0.127646544 0.252565794 -0.013953516 0.967479105 -0.861824531 -0.457785908 0.218381640 -7.328696728 1.928294301 -3.041483164
0.000000000 0.500000000 0.666666667 0.500000000 0.500000000 0.000000000 0.000000000 0.432939077 -0.894359620 -0.112626044 0.265733692 0.007237378 0.964019308 -0.861364824 -0.447290164 0.240794827 -7.257599831 1.927412629 -3.006228685
0.000000000 0.500000000 0.666666667 0.500000000 0.500000000 0.000000000 0.000000000 0.425593331 -0.899672303 -0.097262856 0.279083374 0.028252684 0.959851164 -0.860803570 -0.435650700 0.263107736 -7.187642098 1.926118731 -2.965861082
0.000000000 0.500000000 0.666666667 0.500000000 0.500000000 0.000000000 0.000000000 0.417765373 -0.904883894 -0.081591855 0.292554535 0.048955842 0.954994853 -0.860165064 -0.422833849 0.285179943 -7.116571903 1.924722195 -2.924715519
0.000000000 0.500000000 0.666666667 0.500000000 0.500000000 0.000000000 0.000000000 0.409404684 -0.909987913 -0.065649082 0.306088558 0.069211189 0.949483863 -0.859475188 -0.408817574 0.306872273 -7.047455311 1.922975063 -2.877996683
0.000000000 0.500000000 0.666666667 0.500000000 0.500000000 0.000000000 0.000000000 0.400455419 -0.914979839 -0.049470725 0.319628201 0.088884911 0.943364874 -0.858762639 -0.393587815 0.328047804 -6.979112625 1.920949340 -2.827546835
0.000000000 0.500000000 0.666666667 0.500000000 0.500000000 0.000000000 0.000000000 0.390858176 -0.919855797 -0.033093787 0.333117925 0.107846260 0.936697194 -0.858057303 -0.377139890 0.348573047 -6.911512852 1.918589473 -2.773981810
0.000000000 0.500000000 0.666666667 0.500000000 0.500000000 0.000000000 0.000000000 0.380548294 -0.924612827 -0.016556430 0.346504299 0.125967923 0.929551964 -0.857390090 -0.359476288 0.368319197 -6.848066807 1.915797710 -2.716100454
0.000000000 0.500000000 0.666666667 0.500000000 0.500000000 0.000000000 0.000000000 0.369457782 -0.929247511 0.000102706 0.359733026 0.143127489 0.922012295 -0.856792330 -0.340607671 0.387160584 -6.785688877 1.912845135 -2.657874584
0.000000000 0.500000000 0.666666667 0.500000000 0.500000000 0.000000000 0.000000000 0.357544341 -0.933744273 0.016842720 0.372759334 0.159224558 0.914165203 -0.856278298 -0.320576314 0.404991733 -6.728521347 1.909175038 -2.595101356
0.000000000 0.500000000 0.666666667 0.500000000 0.500000000 0.000000000 0.000000000 0.344885838 -0.938042360 0.033619774 0.385563222 0.174232597 0.906081676 -0.855800654 -0.299532190 0.421764990 -6.671801090 1.905411363 -2.532649994
0.000000000 0.500000000 0.666666667 0.500000000 0.500000000 0.000000000 0.000000000 0.331591114 -0.942076851 0.050383932 0.398126243 0.188149442 0.897828092 -0.855302770 -0.277652652 0.437454200 -6.619925499 1.900761962 -2.466810942
0.000000000 0.500000000 0.666666667 0.500000000 0.500000000 0.000000000 0.000000000 0.317771746 -0.945791551 0.067078017 0.410425525 0.200980388 0.889470501 -0.854735050 -0.255118064 0.452042882 -6.568923950 1.895945430 -2.400988817
0.000000000 0.500000000 0.666666667 0.500000000 0.500000000 0.000000000 0.000000000 0.303540906 -0.949140296 0.083639800 0.422432924 0.212738405 0.881074796 -0.854056991 -0.232110037 0.465522919 -6.521203041 1.890304565 -2.333525419
0.000000000 0.500000000 0.666666667 0.500000000 0.500000000 0.000000000 0.000000000 0.289012125 -0.952088008 0.100002079 0.434118060 0.223443346 0.872705323 -0.853237072 -0.208809712 0.477896435 -6.475104332 1.884273052 -2.265648127
0.000000000 0.500000000 0.666666667 0.500000000 0.500000000 0.000000000 0.000000000 0.274302510 -0.954610096 0.116093483 0.445445952 0.233122543 0.864425696 -0.852253505 -0.185400766 0.489173302 -6.430915833 1.877567649 -2.197327137
0.000000000 0.500000000 0.666666667 0.500000000 0.500000000 0.000000000 0.000000000 0.259528675 -0.956693910 0.131839409 0.456381176 0.241809504 0.856296903 -0.851094054 -0.162064576 0.499373592 -6.388726711 1.870157123 -2.128531456
0.000000000 0.500000000 0.666666667 0.500000000 0.500000000 0.000000000 0.000000000 0.244808438 -0.958338014 0.147163444 0.466884396 0.249544099 0.848378868 -0.849757488 -0.138981990 0.508523566 -6.347435951 1.862331152 -2.060020208
0.000000000 0.500000000 0.666666667 0.500000000 0.500000000 0.000000000 0.000000000 0.230259276 -0.959552422 0.161987085 0.476917669 0.256371366 0.840727816 -0.848251262 -0.116330875 0.516659389 -6.308068276 1.853367925 -1.991287231
0.000000000 0.500000000 0.666666667 0.500000000 0.500000000 0.000000000 0.000000000 0.216000608 -0.960357447 0.176230846 0.486441119 0.262341867 0.833397734 -0.846592449 -0.094288487 0.523823354 -6.269064903 1.844375253 -1.923156142
0.000000000 0.500000000 0.666666667 0.500000000 0.500000000 0.000000000 0.000000000 0.202149854 -0.960783762 0.189815698 0.495414501 0.267509968 0.826439889 -0.844807617 -0.073027253 0.530063309 -6.231386662 1.833674312 -1.855357647
0.000000000 0.500000000 0.666666667 0.500000000 0.500000000 0.000000000 0.000000000 0.188824553 -0.960871068 0.202662475 0.503799769 0.271933440 0.819901212 -0.842930057 -0.052716172 0.535434333 -6.194056034 1.822972059 -1.788207412
0.000000000 0.500000000 0.666666667 0.500000000 0.500000000 0.000000000 0.000000000 0.176142610 -0.960666766 0.214693142 0.511557627 0.275673120 0.813826225 -0.841000936 -0.033521562 0.539994194 -6.156960487 1.810833454 -1.722064138
0.000000000 0.500000000 0.666666667 0.500000000 0.500000000 0.000000000 0.000000000 0.164220078 -0.960225016 0.225831098 0.518650297 0.278790996 0.808255807 -0.839067122 -0.015604465 0.543804069 -6.120163918 1.798225641 -1.656721115
0.000000000 0.500000000 0.666666667 0.500000000 0.500000000 0.000000000 0.000000000 0.153173853 -0.959604793 0.236000873 0.525042150 0.281350088 0.803226537 -0.837178901 0.000877102 0.546928440 -6.083764076 1.784819007 -1.592229009
0.000000000 0.500000000 0.666666667 0.500000000 0.500000000 0.000000000 0.000000000 0.143119224 -0.958868207 0.245129863 0.530695951 0.283413269 0.798773263 -0.835391342 0.015769616 0.549429362 -6.047756195 1.770577908 -1.528614521
0.000000000 0.500000000 0.666666667 0.500000000 0.500000000 0.000000000 0.000000000 0.134172971 -0.958078648 0.253146040 0.535578821 0.285041774 0.794925477 -0.833758323 0.028922144 0.551371534 -6.012161255 1.756038427 -1.465773940
0.000000000 0.500000000 0.666666667 0.500000000 0.500000000 0.000000000 0.000000000 0.126451493 -0.957298419 0.259980302 0.539656758 0.286294835 0.791710712 -0.832334430 0.040187125 0.552814971 -5.977194786 1.740402818 -1.403793931
0.000000000 0.500000000 0.666666667 0.500000000 0.500000000 0.000000000 0.000000000 0.120071974 -0.956586491 0.265565446 0.542897502 0.287228100 0.789152914 -0.831170875 0.049419669 0.553816461 -5.942535400 1.724839091 -1.342587829
0.000000000 0.500000000 0.666666667 0.500000000 0.500000000 0.000000000 0.000000000 0.115118831 -0.956401101 0.268411230 0.545280811 0.286699556 0.787700579 -0.830311081 0.055680324 0.554511686 -5.908835411 1.707868576 -1.282232642
0.000000000 0.500000000 0.666666667 0.500000000 0.500000000 0.000000000 0.000000000 0.111541400 -0.956232971 0.270512517 0.546835793 0.286352867 0.786748150 -0.829776555 0.060170936 0.554842614 -5.875429630 1.691068649 -1.222622037
0.000000000 0.500000000 0.666666667 0.500000000 0.500000000 0.000000000 0.000000000 0.109256312 -0.956102944 0.271901119 0.547603509 0.286181114 0.786276521 -0.829574261 0.062988334 0.554832420 -5.843234539 1.673385859 -1.163540006
0.000000000 0.500000000 0.666666667 0.500000000 0.500000000 0.000000000 0.000000000 0.108183758 -0.956021750 0.272614542 0.547624409 0.286176511 0.786263640 -0.829701019 0.064229422 0.554500496 -5.811491966 1.655687571 -1.105141520
0.000000000 0.500000000 0.666666667 0.500000000 0.500000000 0.000000000 0.000000000 0.108245194 -0.955991779 0.272695245 0.546940139 0.286329512 0.786684114 -0.830144242 0.063993201 0.553864070 -5.781148434 1.637340665 -1.047117948
0.000000000 0.500000000 0.666666667 0.500000000 0.500000000 0.000000000 0.000000000 0.109364380 -0.956008340 0.272190164 0.545591906 0.286630237 0.787510368 -0.830884411 0.062379167 0.552937551 -5.751477718 1.618882060 -0.989672840
0.000000000 0.500000000 0.666666667 0.500000000 0.500000000 0.000000000 0.000000000 0.111467803 -0.956061420 0.271148466 0.543621526 0.287067882 0.788712665 -0.831895766 0.059486075 0.551734394 -5.723548889 1.599893451 -0.932425499
0.000000000 0.500000000 0.666666667 0.500000000 0.500000000 0.000000000 0.000000000 0.114481330 -0.956443841 0.268531569 0.541069874 0.286729125 0.790588262 -0.833149096 0.054786746 0.550328080 -5.696435928 1.580693364 -0.875734866
0.000000000 0.500000000 0.666666667 0.500000000 0.500000000 0.000000000 0.000000000 0.118332181 -0.957052130 0.264667178 0.537979081 0.285822614 0.793022031 -0.834611289 0.048545379 0.548696039 -5.671781063 1.560902953 -0.819018543
0.000000000 0.500000000 0.666666667 0.500000000 0.500000000 0.000000000 0.000000000 0.122948611 -0.957724844 0.260089911 0.534390918 0.284728648 0.795836631 -0.836247562 0.041142678 0.546806451 -5.647933960 1.541092157 -0.762792945
0.000000000 0.500000000 0.666666667 0.500000000 0.500000000 0.000000000 0.000000000 0.128257824 -0.958431735 0.254869652 0.530346480 0.283442851 0.798994844 -0.838022996 0.032691883 0.544654661 -5.628171921 1.520726323 -0.706031501
0.000000000 0.500000000 0.666666667 0.500000000 0.500000000 0.000000000 0.000000000 0.134187845 -0.959142765 0.249075850 0.525889572 0.281960939 0.802457592 -0.839901054 0.023306337 0.542238909 -5.609766007 1.500035405 -0.649760723
0.000000000 0.500000000 0.666666667 0.500000000 0.500000000 0.000000000 0.000000000 0.140665431 -0.959828966 0.242778898 0.521061383 0.280279765 0.806187502 -0.841848129 0.013099996 0.539555482 -5.593703270 1.478597999 -0.593813479
0.000000000 0.500000000 0.666666667 0.500000000 0.500000000 0.000000000 0.000000000 0.147616765 -0.960463634 0.236048511 0.515905281 0.278396881 0.810146232 -0.843831163 0.002187508 0.536604308 -5.580438614 1.454870224 -0.538823247
0.000000000 0.500000000 0.666666667 0.500000000 0.500000000 0.000000000 0.000000000 0.154967445 -0.961022856 0.228954496 0.510463883 0.276311916 0.814296230 -0.845820144 -0.009316405 0.533386810 -5.569613934 1.426827669 -0.486141354
0.000000000 0.500000000 0.666666667 0.500000000 0.500000000 0.000000000 0.000000000 0.162641629 -0.961486252 0.221566893 0.504779877 0.274026766 0.818600395 -0.847788285 -0.021295992 0.529907072 -5.567077637 1.382555485 -0.475082994
0.000000000 0.500000000 0.666666667 0.500000000 0.500000000 0.000000000 0.000000000 0.170562464 -0.961837726 0.213954750 0.498896718 0.271545306 0.823021999 -0.849712016 -0.033635338 0.526173121 -5.572331429 1.367583871 -0.534975588
0.000000000 0.500000000 0.666666667 0.500000000 0.500000000 0.000000000 0.000000000 0.178652479 -0.962065625 0.206186868 0.492857404 0.268874625 0.827525236 -0.851572000 -0.046218710 0.522196285 -5.576699257 1.360461712 -0.596000969
0.000000000 0.500000000 0.666666667 0.500000000 0.500000000 0.000000000 0.000000000 0.186833185 -0.962163338 0.198330716 0.486704497 0.266024176 0.832075640 -0.853353440 -0.058930891 0.517991367 -5.579956531 1.357348561 -0.656800509
0.000000000 0.500000000 0.666666667 0.500000000 0.500000000 0.000000000 0.000000000 0.195024409 -0.962129264 0.190454089 0.480480590 0.263007131 0.836639499 -0.855046129 -0.071655631 0.513577246 -5.583073616 1.354696631 -0.717027545
0.000000000 0.500000000 0.666666667 0.500000000 0.500000000 0.000000000 0.000000000 0.203157332 -0.961966093 0.182615263 0.474223562 0.259838300 0.841187299 -0.856644099 -0.084292907 0.508975043 -5.586225986 1.353152394 -0.776651621
0.000000000 0.500000000 0.666666667 0.500000000 0.500000000 0.000000000 0.000000000 0.211206474 -0.961676279 0.174844386 0.467953262 0.256532181 0.845701475 -0.858144259 -0.096798626 0.504200809 -5.589377880 1.351965666 -0.835650623
0.000000000 0.500000000 0.666666667 0.500000000 0.500000000 0.000000000 0.000000000 0.219157953 -0.961262797 0.167163471 0.461685300 0.253103528 0.850167800 -0.859544342 -0.109144117 0.499270554 -5.592511654 1.350771785 -0.894012451
0.000000000 0.500000000 0.666666667 0.500000000 0.500000000 0.000000000 0.000000000 0.226996974 -0.960729884 0.159594684 0.455433568 0.249568013 0.854573620 -0.860844143 -0.121300850 0.494199823 -5.596189022 1.349903822 -0.951704085
0.000000000 0.500000000 0.666666667 0.500000000 0.500000000 0.000000000 0.000000000 0.234708739 -0.960083003 0.152159244 0.449214024 0.245942190 0.858905815 -0.862043252 -0.133240634 0.489007531 -5.599886894 1.349057555 -1.008748770
0.000000000 0.500000000 0.666666667 0.500000000 0.500000000 0.000000000 0.000000000 0.242278273 -0.959328665 0.144878403 0.443040447 0.242243681 0.863153035 -0.863143326 -0.144936234 0.483711781 -5.603558064 1.348206401 -1.065144062
0.000000000 0.500000000 0.666666667 0.500000000 0.500000000 0.000000000 0.000000000 0.249690056 -0.958474623 0.137772542 0.436927695 0.238490605 0.867304111 -0.864146437 -0.156360573 0.478332840 -5.608122349 1.347181678 -1.126538038
0.000000000 0.500000000 0.666666667 0.500000000 0.500000000 0.000000000 0.000000000 0.256928474 -0.957529625 0.130861667 0.430889882 0.234701929 0.871348905 -0.865055876 -0.167487377 0.472891436 -5.613624573 1.345974684 -1.192923546
0.000000000 0.500000000 0.666666667 0.500000000 0.500000000 0.000000000 0.000000000 0.263977659 -0.956503380 0.124165531 0.424940730 0.230897488 0.875278085 -0.865875956 -0.178290869 0.467409023 -5.619556904 1.344708800 -1.264332294
0.000000000 0.500000000 0.666666667 0.500000000 0.500000000 0.000000000 0.000000000 0.270822385 -0.955406341 0.117702840 0.419094040 0.227097724 0.879082936 -0.866611459 -0.188746778 0.461908251 -5.626602650 1.343040705 -1.340693355
0.000000000 0.500000000 0.666666667 0.500000000 0.500000000 0.000000000 0.000000000 0.277445926 -0.954250062 0.111492499 0.413363355 0.223323640 0.882755509 -0.867268410 -0.198830006 0.456412241 -5.635315895 1.340694189 -1.421945810
0.000000000 0.500000000 0.666666667 0.500000000 0.500000000 0.000000000 0.000000000 0.283832171 -0.953046681 0.105552465 0.407762057 0.219596726 0.886288544 -0.867853331 -0.208516911 0.450944890 -5.644576073 1.338235140 -1.508201837
0.000000000 0.500000000 0.666666667 0.500000000 0.500000000 0.000000000 0.000000000 0.289965067 -0.951808874 0.099900585 0.402302469 0.215939145 0.889675789 -0.868373758 -0.217784647 0.445529869 -5.656133175 1.334569693 -1.599207759
0.000000000 0.500000000 0.666666667 0.500000000 0.500000000 0.000000000 0.000000000 0.295828176 -0.950549977 0.094553859 0.396998196 0.212373295 0.892910979 -0.868837225 -0.226610515 0.440192630 -5.669449806 1.330035329 -1.695036530
0.000000000 0.500000000 0.666666667 0.500000000 0.500000000 0.000000000 0.000000000 0.301405377 -0.949283592 0.089529108 0.391861395 0.208921999 0.895988976 -0.869252234 -0.234972894 0.434957806 -5.684086323 1.324868798 -1.795714021
0.000000000 0.500000000 0.666666667 0.500000000 0.500000000 0.000000000 0.000000000 0.306679680 -0.948023865 0.084842946 0.386904972 0.205608348 0.898904750 -0.869627574 -0.242849664 0.429851049 -5.703000546 1.317019939 -1.900649428
0.000000000 0.500000000 0.666666667 0.500000000 0.500000000 0.000000000 0.000000000 0.311635208 -0.946784796 0.080511161 0.382141090 0.202455541 0.901654003 -0.869972232 -0.250220510 0.424897648 -5.722811222 1.308834553 -2.010510921
0.000000000 0.500000000 0.666666667 0.500000000 0.500000000 0.000000000 0.000000000 0.316255638 -0.945580499 0.076549930 0.377581563 0.199487254 0.904232824 -0.870295660 -0.257064887 0.420122731 -5.749042034 1.296252370 -2.123780489
0.000000000 0.500000000 0.666666667 0.500000000 0.500000000 0.000000000 0.000000000 0.320523985 -0.944425254 0.072974761 0.373239186 0.196726788 0.906637238 -0.870607194 -0.263361940 0.415552166 -5.776792049 1.282879949 -2.241800547
0.000000000 0.500000000 0.666666667 0.500000000 0.500000000 0.000000000 0.000000000 0.324424145 -0.943332806 0.069801081 0.369125777 0.194197626 0.908863820 -0.870916262 -0.269091990 0.411210854 -5.813518047 1.262999535 -2.361704111
0.000000000 0.500000000 0.666666667 0.500000000 0.500000000 0.000000000 0.000000000 0.327942680 -0.942315945 0.067039228 0.365256043 0.191920406 0.910908657 -0.871229948 -0.274239344 0.407125485 -5.853456497 1.240936518 -2.485502958
0.000000000 0.500000000 0.666666667 0.500000000 0.500000000 0.000000000 0.000000000 0.331079397 -0.941383589 0.064678985 0.361651586 0.189903748 0.912767603 -0.871547224 -0.278807290 0.403326087 -5.901199818 1.212842107 -2.610811710
0.000000000 0.500000000 0.666666667 0.500000000 0.500000000 0.000000000 0.000000000 0.333836385 -0.940543121 0.062704906 0.358338595 0.188153032 0.914435284 -0.871863934 -0.282802181 0.399845228 -5.954522610 1.180188298 -2.738224983
0.000000000 0.500000000 0.666666667 0.500000000 0.500000000 0.000000000 0.000000000 0.336216135 -0.939800615 0.061102488 0.355341312 0.186673296 0.915907000 -0.872176165 -0.286230473 0.396712558 -6.013253689 1.143034339 -2.867750168
