0.000000000 0.384615385 0.666666667 0.384615385 0.500000000 0.000000000 0.000000000 0.000191748 0.000000000 -0.999999982 12.420311928 0.999999982 0.000000000 0.000191748 -0.322882682 0.000000000 1.000000000 0.000000000 -60.115165710
0.000000000 0.384615385 0.666666667 0.384615385 0.500000000 0.000000000 0.000000000 0.000893757 0.000000000 -0.999999601 12.405117989 0.999999601 0.000000000 0.000893757 -0.328933090 0.000000000 1.000000000 0.000000000 -60.345642090
0.000000000 0.384615385 0.666666667 0.384615385 0.500000000 0.000000000 0.000000000 0.001424791 0.000000000 -0.999998985 12.386614799 0.999998985 0.000000000 0.001424791 -0.321084887 0.000000000 1.000000000 0.000000000 -60.525169373
0.000000000 0.384615385 0.666666667 0.384615385 0.500000000 0.000000000 0.000000000 0.001801894 0.000000000 -0.999998377 12.409463882 0.999998377 0.000000000 0.001801894 -0.315258324 0.000000000 1.000000000 0.000000000 -60.733825684
0.000000000 0.384615385 0.666666667 0.384615385 0.500000000 0.000000000 0.000000000 0.002040513 0.000000000 -0.999997918 12.408962250 0.999997918 0.000000000 0.002040513 -0.315152884 0.000000000 1.000000000 0.000000000 -60.922645569
0.000000000 0.384615385 0.666666667 0.384615385 0.500000000 0.000000000 0.000000000 0.002160354 0.000000000 -0.999997666 12.403664589 0.999997666 0.000000000 0.002160354 -0.331542492 0.000000000 1.000000000 0.000000000 -61.139446259
0.000000000 0.384615385 0.666666667 0.384615385 0.500000000 0.000000000 0.000000000 0.002181127 0.000000000 -0.999997621 12.402624130 0.999997621 0.000000000 0.002181127 -0.305321038 0.000000000 1.000000000 0.000000000 -61.324378967
0.000000000 0.384615385 0.666666667 0.384615385 0.500000000 0.000000000 0.000000000 0.002123603 0.000000000 -0.999997745 12.389178276 0.999997745 0.000000000 0.002123603 -0.323489845 0.000000000 1.000000000 0.000000000 -61.489265442
0.000000000 0.384615385 0.666666667 0.384615385 0.500000000 0.000000000 0.000000000 0.002034121 0.000000000 -0.999997931 12.398449898 0.999997931 0.000000000 0.002034121 -0.317367405 0.000000000 1.000000000 0.000000000 -61.667003632
0.000000000 0.384615385 0.666666667 0.384615385 0.500000000 0.000000000 0.000000000 0.001913214 0.000000000 -0.999998170 12.401189804 0.999998170 0.000000000 0.001913214 -0.313311160 0.000000000 1.000000000 0.000000000 -61.817321777
0.000000000 0.384615385 0.666666667 0.384615385 0.500000000 0.000000000 0.000000000 0.001766740 0.000000000 -0.999998439 12.398407936 0.999998439 0.000000000 0.001766740 -0.323951721 0.000000000 1.000000000 0.000000000 -62.002044678
0.000000000 0.384615385 0.666666667 0.384615385 0.500000000 0.000000000 0.000000000 0.001600559 0.000000000 -0.999998719 12.391896248 0.999998719 0.000000000 0.001600559 -0.325082392 0.000000000 1.000000000 0.000000000 -62.160247803
0.000000000 0.384615385 0.666666667 0.384615385 0.500000000 0.000000000 0.000000000 0.001420530 0.000000000 -0.999998991 12.389636993 0.999998991 0.000000000 0.001420530 -0.312480003 0.000000000 1.000000000 0.000000000 -62.322845459
0.000000000 0.384615385 0.666666667 0.384615385 0.500000000 0.000000000 0.000000000 0.001231445 0.000000000 -0.999999242 12.412471771 0.999999242 0.000000000 0.001231445 -0.308777153 0.000000000 1.000000000 0.000000000 -62.502426147
0.000000000 0.384615385 0.666666667 0.384615385 0.500000000 0.000000000 0.000000000 0.001035437 0.000000000 -0.999999464 12.399346352 0.999999464 0.000000000 0.001035437 -0.310894012 0.000000000 1.000000000 0.000000000 -62.672939301
0.000000000 0.384615385 0.666666667 0.384615385 0.500000000 0.000000000 0.000000000 0.000796818 0.000000000 -0.999999683 12.403264999 0.999999683 0.000000000 0.000796818 -0.330542594 0.000000000 1.000000000 0.000000000 -62.852607727
0.000000000 0.384615385 0.666666667 0.384615385 0.500000000 0.000000000 0.000000000 0.000612527 0.000000000 -0.999999812 12.389489174 0.999999812 0.000000000 0.000612527 -0.316735208 0.000000000 1.000000000 0.000000000 -63.018333435
0.000000000 0.384615385 0.666666667 0.384615385 0.500000000 0.000000000 0.000000000 0.000430899 0.000000000 -0.999999907 12.392588615 0.999999907 0.000000000 0.000430899 -0.318179160 0.000000000 1.000000000 0.000000000 -63.192092896
0.000000000 0.384615385 0.666666667 0.384615385 0.500000000 0.000000000 0.000000000 0.000216781 0.000000000 -0.999999977 12.401564598 0.999999977 0.000000000 0.000216781 -0.327855051 0.000000000 1.000000000 0.000000000 -63.394363403
0.000000000 0.384615385 0.666666667 0.384615385 0.500000000 0.000000000 0.000000000 0.000064448 0.000000000 -0.999999998 12.406260490 0.999999998 0.000000000 0.000064448 -0.313076019 0.000000000 1.000000000 0.000000000 -63.549507141
0.000000000 0.384615385 0.666666667 0.384615385 0.500000000 0.000000000 0.000000000 -0.000082437 0.000000000 -0.999999997 12.413820267 0.999999997 0.000000000 -0.000082437 -0.322148740 0.000000000 1.000000000 0.000000000 -63.728973389
0.000000000 0.384615385 0.666666667 0.384615385 0.500000000 0.000000000 0.000000000 -0.000285479 0.000000000 -0.999999959 12.405387878 0.999999959 0.000000000 -0.000285479 -0.317003459 0.000000000 1.000000000 0.000000000 -63.911491394
0.000000000 0.384615385 0.666666667 0.384615385 0.500000000 0.000000000 0.000000000 -0.000271376 0.000000000 -0.999999963 12.391952515 0.999999963 0.000000000 -0.000271376 -0.309642941 0.000000000 1.000000000 0.000000000 -64.075706482
0.000000000 0.384615385 0.666666667 0.384615385 0.500000000 0.000000000 0.000000000 -0.000727071 0.000000000 -0.999999736 12.384872437 0.999999736 0.000000000 -0.000727071 -0.303618908 0.000000000 1.000000000 0.000000000 -64.268020630
0.000000000 0.384615385 0.666666667 0.384615385 0.500000000 0.000000000 0.000000000 -0.000680797 0.000000000 -0.999999768 12.394471169 0.999999768 0.000000000 -0.000680797 -0.318095088 0.000000000 1.000000000 0.000000000 -64.412956238
0.000000000 0.384615385 0.666666667 0.384615385 0.500000000 0.000000000 0.000000000 -0.000846219 0.000000000 -0.999999642 12.394701958 0.999999642 0.000000000 -0.000846219 -0.319808960 0.000000000 1.000000000 0.000000000 -64.567436218
0.000000000 0.384615385 0.666666667 0.384615385 0.500000000 0.000000000 0.000000000 -0.004698087 0.000000000 -0.999988964 12.395601273 0.999988964 0.000000000 -0.004698087 -0.317727208 0.000000000 1.000000000 0.000000000 -64.739616394
0.000000000 0.384615385 0.666666667 0.384615385 0.500000000 0.000000000 0.000000000 0.015399918 0.000000000 -0.999881414 12.381082535 0.999881414 0.000000000 0.015399918 -0.317386150 0.000000000 1.000000000 0.000000000 -64.912460327
0.000000000 0.384615385 0.666666667 0.384615385 0.500000000 0.000000000 0.000000000 -0.012648358 0.000000000 -0.999920006 12.428144455 0.999920006 0.000000000 -0.012648358 -0.320268095 0.000000000 1.000000000 0.000000000 -65.084411621
0.000000000 0.384615385 0.666666667 0.384615385 0.500000000 0.000000000 0.000000000 -0.022901197 0.000000000 -0.999737733 12.481867790 0.999737733 0.000000000 -0.022901197 -0.311083049 0.000000000 1.000000000 0.000000000 -65.248115540
0.000000000 0.384615385 0.666666667 0.384615385 0.500000000 0.000000000 0.000000000 -0.050076863 0.000000000 -0.998745367 12.561876297 0.998745367 0.000000000 -0.050076863 -0.325121462 0.000000000 1.000000000 0.000000000 -65.393569946
0.000000000 0.384615385 0.666666667 0.384615385 0.500000000 0.000000000 0.000000000 -0.056322435 0.000000000 -0.998412632 12.636783600 0.998412632 0.000000000 -0.056322435 -0.309655130 0.000000000 1.000000000 0.000000000 -65.536567688
0.000000000 0.384615385 0.666666667 0.384615385 0.500000000 0.000000000 0.000000000 -0.071584991 0.000000000 -0.997434504 12.737677574 0.997434504 0.000000000 -0.071584991 -0.312492669 0.000000000 1.000000000 0.000000000 -65.685745239
0.000000000 0.384615385 0.666666667 0.384615385 0.500000000 0.000000000 0.000000000 -0.076835350 0.000000000 -0.997043795 12.813469887 0.997043795 0.000000000 -0.076835350 -0.321677536 0.000000000 1.000000000 0.000000000 -65.830886841
0.000000000 0.384615385 0.666666667 0.384615385 0.500000000 0.000000000 0.000000000 -0.108468334 0.000000000 -0.994099905 12.903055191 0.994099905 0.000000000 -0.108468334 -0.318784773 0.000000000 1.000000000 0.000000000 -66.001060486
0.000000000 0.384615385 0.666666667 0.384615385 0.500000000 0.000000000 0.000000000 -0.129379329 0.000000000 -0.991595174 12.977656364 0.991595174 0.000000000 -0.129379329 -0.320265204 0.000000000 1.000000000 0.000000000 -66.134368896
0.000000000 0.384615385 0.666666667 0.384615385 0.500000000 0.000000000 0.000000000 -0.147140542 0.000000000 -0.989115595 13.068499565 0.989115595 0.000000000 -0.147140542 -0.333917528 0.000000000 1.000000000 0.000000000 -66.292312622
0.000000000 0.384615385 0.666666667 0.384615385 0.500000000 0.000000000 0.000000000 -0.151566575 0.000000000 -0.988447051 13.152715683 0.988447051 0.000000000 -0.151566575 -0.306770176 0.000000000 1.000000000 0.000000000 -66.454704285
0.000000000 0.384615385 0.666666667 0.384615385 0.500000000 0.000000000 0.000000000 -0.160818418 0.000000000 -0.986984010 13.239756584 0.986984010 0.000000000 -0.160818418 -0.323313594 0.000000000 1.000000000 0.000000000 -66.610198975
0.000000000 0.384615385 0.666666667 0.384615385 0.500000000 0.000000000 0.000000000 -0.249154963 0.000000000 -0.968463631 13.307601929 0.968463631 0.000000000 -0.249154963 -0.323603064 0.000000000 1.000000000 0.000000000 -66.759780884
0.000000000 0.384615385 0.666666667 0.384615385 0.500000000 0.000000000 0.000000000 -0.292063934 0.000000000 -0.956398797 13.382146835 0.956398797 0.000000000 -0.292063934 -0.314256430 0.000000000 1.000000000 0.000000000 -66.915168762
0.000000000 0.384615385 0.666666667 0.384615385 0.500000000 0.000000000 0.000000000 -0.297301907 0.000000000 -0.954783523 13.459033012 0.954783523 0.000000000 -0.297301907 -0.325839072 0.000000000 1.000000000 0.000000000 -67.079330444
0.000000000 0.384615385 0.666666667 0.384615385 0.500000000 0.000000000 0.000000000 -0.320189185 0.000000000 -0.947353622 13.532157898 0.947353622 0.000000000 -0.320189185 -0.308496386 0.000000000 1.000000000 0.000000000 -67.297233582
0.000000000 0.384615385 0.666666667 0.384615385 0.500000000 0.000000000 0.000000000 -0.385132404 0.000000000 -0.922861329 13.626282692 0.922861329 0.000000000 -0.385132404 -0.344927371 0.000000000 1.000000000 0.000000000 -67.495315552
0.000000000 0.384615385 0.666666667 0.384615385 0.500000000 0.000000000 0.000000000 -0.380763666 0.000000000 -0.924672391 13.700053215 0.924672391 0.000000000 -0.380763666 -0.317083418 0.000000000 1.000000000 0.000000000 -67.687889099
0.000000000 0.384615385 0.666666667 0.384615385 0.500000000 0.000000000 0.000000000 -0.371785835 0.000000000 -0.928318530 13.803318024 0.928318530 0.000000000 -0.371785835 -0.298313737 0.000000000 1.000000000 0.000000000 -67.903533936
0.000000000 0.384615385 0.666666667 0.384615385 0.500000000 0.000000000 0.000000000 -0.362283822 0.000000000 -0.932067826 13.871768951 0.932067826 0.000000000 -0.362283822 -0.320064992 0.000000000 1.000000000 0.000000000 -68.125030518
0.000000000 0.384615385 0.666666667 0.384615385 0.500000000 0.000000000 0.000000000 -0.354242356 0.000000000 -0.935153652 13.962564468 0.935153652 0.000000000 -0.354242356 -0.323991388 0.000000000 1.000000000 0.000000000 -68.319229126
0.000000000 0.384615385 0.666666667 0.384615385 0.500000000 0.000000000 0.000000000 -0.348063107 0.000000000 -0.937471105 14.072244644 0.937471105 0.000000000 -0.348063107 -0.318345785 0.000000000 1.000000000 0.000000000 -68.561645508
0.000000000 0.384615385 0.666666667 0.384615385 0.500000000 0.000000000 0.000000000 -0.341234935 0.000000000 -0.939978042 14.125293732 0.939978042 0.000000000 -0.341234935 -0.351858050 0.000000000 1.000000000 0.000000000 -68.779457092
0.000000000 0.384615385 0.666666667 0.384615385 0.500000000 0.000000000 0.000000000 -0.335183875 0.000000000 -0.942152732 14.197458267 0.942152732 0.000000000 -0.335183875 -0.315702200 0.000000000 1.000000000 0.000000000 -69.000831604
0.000000000 0.384615385 0.666666667 0.384615385 0.500000000 0.000000000 0.000000000 -0.329746205 0.000000000 -0.944069616 14.278652191 0.944069616 0.000000000 -0.329746205 -0.304419994 0.000000000 1.000000000 0.000000000 -69.225730896
0.000000000 0.384615385 0.666666667 0.384615385 0.500000000 0.000000000 0.000000000 -0.324807267 0.000000000 -0.945780228 14.409743309 0.945780228 0.000000000 -0.324807267 -0.327376097 0.000000000 1.000000000 0.000000000 -69.486679077
0.000000000 0.384615385 0.666666667 0.384615385 0.500000000 0.000000000 0.000000000 -0.320251148 0.000000000 -0.947332678 14.462720871 0.947332678 0.000000000 -0.320251148 -0.341350079 0.000000000 1.000000000 0.000000000 -69.708839417
0.000000000 0.384615385 0.666666667 0.384615385 0.500000000 0.000000000 0.000000000 -0.316265507 0.000000000 -0.948670717 14.538951874 0.948670717 0.000000000 -0.316265507 -0.330416709 0.000000000 1.000000000 0.000000000 -69.957138062
0.000000000 0.384615385 0.666666667 0.384615385 0.500000000 0.000000000 0.000000000 -0.312116055 0.000000000 -0.950043982 14.625335693 0.950043982 0.000000000 -0.312116055 -0.303339213 0.000000000 1.000000000 0.000000000 -70.185630798
0.000000000 0.384615385 0.666666667 0.384615385 0.500000000 0.000000000 0.000000000 -0.307994630 0.000000000 -0.951388095 14.702154160 0.951388095 0.000000000 -0.307994630 -0.294346303 0.000000000 1.000000000 0.000000000 -70.428833008
0.000000000 0.384615385 0.666666667 0.384615385 0.500000000 0.000000000 0.000000000 -0.304759263 0.000000000 -0.952429416 14.779781342 0.952429416 0.000000000 -0.304759263 -0.320167243 0.000000000 1.000000000 0.000000000 -70.643684387
0.000000000 0.384615385 0.666666667 0.384615385 0.500000000 0.000000000 0.000000000 -0.301636997 0.000000000 -0.953422845 14.823364258 0.953422845 0.000000000 -0.301636997 -0.329261005 0.000000000 1.000000000 0.000000000 -70.895263672
0.000000000 0.384615385 0.666666667 0.384615385 0.500000000 0.000000000 0.000000000 -0.298729360 0.000000000 -0.954337870 14.914351463 0.954337870 0.000000000 -0.298729360 -0.306426376 0.000000000 1.000000000 0.000000000 -71.111404419
0.000000000 0.384615385 0.666666667 0.384615385 0.500000000 0.000000000 0.000000000 -0.296363497 0.000000000 -0.955075221 15.001212120 0.955075221 0.000000000 -0.296363497 -0.321586460 0.000000000 1.000000000 0.000000000 -71.341423035
0.000000000 0.384615385 0.666666667 0.384615385 0.500000000 0.000000000 0.000000000 -0.293613268 0.000000000 -0.955924290 15.049789429 0.955924290 0.000000000 -0.293613268 -0.318995953 0.000000000 1.000000000 0.000000000 -71.573493958
0.000000000 0.384615385 0.666666667 0.384615385 0.500000000 0.000000000 0.000000000 -0.291071653 0.000000000 -0.956701256 15.110562325 0.956701256 0.000000000 -0.291071653 -0.304111183 0.000000000 1.000000000 0.000000000 -71.800743103
0.000000000 0.384615385 0.666666667 0.384615385 0.500000000 0.000000000 0.000000000 -0.288662982 0.000000000 -0.957430772 15.174296379 0.957430772 0.000000000 -0.288662982 -0.325912625 0.000000000 1.000000000 0.000000000 -72.016014099
0.000000000 0.384615385 0.666666667 0.384615385 0.500000000 0.000000000 0.000000000 -0.286370785 0.000000000 -0.958118872 15.255083084 0.958118872 0.000000000 -0.286370785 -0.297712713 0.000000000 1.000000000 0.000000000 -72.278289795
0.000000000 0.384615385 0.666666667 0.384615385 0.500000000 0.000000000 0.000000000 -0.284182330 0.000000000 -0.958770256 15.343297958 0.958770256 0.000000000 -0.284182330 -0.308223426 0.000000000 1.000000000 0.000000000 -72.482170105
0.000000000 0.384615385 0.666666667 0.384615385 0.500000000 0.000000000 0.000000000 -0.282087390 0.000000000 -0.959388714 15.397959709 0.959388714 0.000000000 -0.282087390 -0.330492854 0.000000000 1.000000000 0.000000000 -72.713470459
0.000000000 0.384615385 0.666666667 0.384615385 0.500000000 0.000000000 0.000000000 -0.280369230 0.000000000 -0.959892231 15.461171150 0.959892231 0.000000000 -0.280369230 -0.327709794 0.000000000 1.000000000 0.000000000 -72.940093994
0.000000000 0.384615385 0.666666667 0.384615385 0.500000000 0.000000000 0.000000000 -0.278306881 0.000000000 -0.960492207 15.498738289 0.960492207 0.000000000 -0.278306881 -0.319457233 0.000000000 1.000000000 0.000000000 -73.161872864
0.000000000 0.384615385 0.666666667 0.384615385 0.500000000 0.000000000 0.000000000 -0.276354965 0.000000000 -0.961055635 15.580383301 0.961055635 0.000000000 -0.276354965 -0.303708196 0.000000000 1.000000000 0.000000000 -73.428077698
0.000000000 0.384615385 0.666666667 0.384615385 0.500000000 0.000000000 0.000000000 -0.274263175 0.000000000 -0.961654673 15.669128418 0.961654673 0.000000000 -0.274263175 -0.301698893 0.000000000 1.000000000 0.000000000 -73.648361206
0.000000000 0.384615385 0.666666667 0.384615385 0.500000000 0.000000000 0.000000000 -0.272579400 0.000000000 -0.962133291 15.737232208 0.962133291 0.000000000 -0.272579400 -0.314912856 0.000000000 1.000000000 0.000000000 -73.874069214
0.000000000 0.384615385 0.666666667 0.384615385 0.500000000 0.000000000 0.000000000 -0.270915906 0.000000000 -0.962603019 15.821470261 0.962603019 0.000000000 -0.270915906 -0.337371200 0.000000000 1.000000000 0.000000000 -74.186264038
0.000000000 0.384615385 0.666666667 0.384615385 0.500000000 0.000000000 0.000000000 -0.268951208 0.000000000 -0.963153803 15.887583733 0.963153803 0.000000000 -0.268951208 -0.316080630 0.000000000 1.000000000 0.000000000 -74.437850952
0.000000000 0.384615385 0.666666667 0.384615385 0.500000000 0.000000000 0.000000000 -0.267072893 0.000000000 -0.963676330 15.948657990 0.963676330 0.000000000 -0.267072893 -0.324942321 0.000000000 1.000000000 0.000000000 -74.705116272
0.000000000 0.384615385 0.666666667 0.384615385 0.500000000 0.000000000 0.000000000 -0.265279396 0.000000000 -0.964171583 16.046022415 0.964171583 0.000000000 -0.265279396 -0.337939739 0.000000000 1.000000000 0.000000000 -74.984672546
0.000000000 0.384615385 0.666666667 0.384615385 0.500000000 0.000000000 0.000000000 -0.263552282 0.000000000 -0.964645113 16.100347519 0.964645113 0.000000000 -0.263552282 -0.323689878 0.000000000 1.000000000 0.000000000 -75.237823486
0.000000000 0.384615385 0.666666667 0.384615385 0.500000000 0.000000000 0.000000000 -0.262064035 0.000000000 -0.965050487 16.170337677 0.965050487 0.000000000 -0.262064035 -0.331932664 0.000000000 1.000000000 0.000000000 -75.488777161
0.000000000 0.384615385 0.666666667 0.384615385 0.500000000 0.000000000 0.000000000 -0.260401163 0.000000000 -0.965500510 16.268905640 0.965500510 0.000000000 -0.260401163 -0.276350558 0.000000000 1.000000000 0.000000000 -75.756523132
0.000000000 0.384615385 0.666666667 0.384615385 0.500000000 0.000000000 0.000000000 -0.259024446 0.000000000 -0.965870766 16.301795959 0.965870766 0.000000000 -0.259024446 -0.334544837 0.000000000 1.000000000 0.000000000 -75.997962952
0.000000000 0.384615385 0.666666667 0.384615385 0.500000000 0.000000000 0.000000000 -0.257461029 0.000000000 -0.966288683 16.380846024 0.966288683 0.000000000 -0.257461029 -0.326796263 0.000000000 1.000000000 0.000000000 -76.250106812