0.000000000 0.500000000 0.666666667 0.500000000 0.500000000 0.000000000 0.000000000 -0.277591490 -0.960699206 0.000000000 0.000000000 0.000000000 1.000000000 -0.960699206 0.277591490 0.000000000 -11.272221565 0.311851799 -31.223077774
0.000000000 0.500000000 0.666666667 0.500000000 0.500000000 0.000000000 0.000000000 -0.300609384 -0.953691205 0.010348074 0.024179145 0.003225905 0.999702437 -0.953440804 0.300770142 0.022089701 -11.396000862 0.369988710 -31.291028976
0.000000000 0.500000000 0.666666667 0.500000000 0.500000000 0.000000000 0.000000000 -0.324295884 -0.945677832 0.022926351 0.050276849 0.006970898 0.998710992 -0.944618663 0.325030529 0.045285068 -11.517157555 0.424924910 -31.357440948
0.000000000 0.500000000 0.666666667 0.500000000 0.500000000 0.000000000 0.000000000 -0.348303397 -0.936631320 0.037503522 0.077971116 0.010921586 0.996895794 -0.934133421 0.350146383 0.069226164 -11.635908127 0.475767493 -31.422557831
0.000000000 0.500000000 0.666666667 0.500000000 0.500000000 0.000000000 0.000000000 -0.372300143 -0.926550549 0.053820843 0.106919280 0.014786397 0.994157749 -0.921933225 0.375879558 0.093561140 -11.752250671 0.522351682 -31.486412048
0.000000000 0.500000000 0.666666667 0.500000000 0.500000000 0.000000000 0.000000000 -0.395979375 -0.915464259 0.071592773 0.136762237 0.018299953 0.990434855 -0.908017855 0.401982962 0.117954536 -11.866254807 0.564008176 -31.549144745
0.000000000 0.500000000 0.666666667 0.500000000 0.500000000 0.000000000 0.000000000 -0.419065765 -0.903433597 0.090507575 0.167125957 0.021227000 0.985707020 -0.892442043 0.428202231 0.142091695 -11.977543831 0.601978719 -31.610443115
0.000000000 0.500000000 0.666666667 0.500000000 0.500000000 0.000000000 0.000000000 -0.441321394 -0.890553090 0.110229855 0.197626432 0.023365664 0.979998897 -0.875316640 0.454278813 0.165685063 -12.085898399 0.637164295 -31.670122147
0.000000000 0.500000000 0.666666667 0.500000000 0.500000000 0.000000000 0.000000000 -0.462551953 -0.876949578 0.130403710 0.227873970 0.024549823 0.973381097 -0.856807530 0.479954939 0.188478413 -12.191493988 0.668356597 -31.728445053
0.000000000 0.500000000 0.666666667 0.500000000 0.500000000 0.000000000 0.000000000 -0.482608368 -0.862781287 0.150657272 0.257480602 0.024650466 0.965968992 -0.837133743 0.504976044 0.210252924 -12.293901443 0.697639465 -31.784990311
0.000000000 0.500000000 0.666666667 0.500000000 0.500000000 0.000000000 0.000000000 -0.501392919 -0.848232443 0.170607337 0.286064100 0.023575773 0.957920411 -0.816561370 0.529099145 0.230828125 -12.393285751 0.723826289 -31.840019226
0.000000000 0.500000000 0.666666667 0.500000000 0.500000000 0.000000000 0.000000000 -0.518854462 -0.833512014 0.189862501 0.313252810 0.021270036 0.949431547 -0.795400983 0.552091757 0.250063927 -12.489296913 0.748884261 -31.893173218
0.000000000 0.500000000 0.666666667 0.500000000 0.500000000 0.000000000 0.000000000 -0.534990170 -0.818846481 0.208028745 0.338691118 0.017711076 0.940730910 -0.773998608 0.573739277 0.267860779 -12.582216263 0.770691812 -31.944868088
0.000000000 0.500000000 0.666666667 0.500000000 0.500000000 0.000000000 0.000000000 -0.549839421 -0.804475831 0.224711478 0.362041405 0.012906279 0.932072663 -0.752730119 0.593845153 0.284157180 -12.671674728 0.791508496 -31.994716644
0.000000000 0.500000000 0.666666667 0.500000000 0.500000000 0.000000000 0.000000000 -0.563478211 -0.790647668 0.239517368 0.382984548 0.006887654 0.923729071 -0.731993949 0.612232656 0.298924797 -12.757699966 0.811049461 -32.042755127
0.000000000 0.500000000 0.666666667 0.500000000 0.500000000 0.000000000 0.000000000 -0.576011957 -0.777610045 0.252057224 0.401222100 -0.000294699 0.915980753 -0.712201553 0.628746794 0.312164085 -12.840415001 0.828572690 -32.089069366
0.000000000 0.500000000 0.666666667 0.500000000 0.500000000 0.000000000 0.000000000 -0.587563272 -0.765607669 0.261943312 0.416471200 -0.008579209 0.909108429 -0.693773119 0.643250569 0.323894373 -12.919565201 0.845179141 -32.133583069
0.000000000 0.500000000 0.666666667 0.500000000 0.500000000 0.000000000 0.000000000 -0.598261339 -0.754875281 0.268787425 0.428462501 -0.017903330 0.903382176 -0.677128684 0.655623963 0.334146621 -12.995131493 0.860876441 -32.176319122
0.000000000 0.500000000 0.666666667 0.500000000 0.500000000 0.000000000 0.000000000 -0.608228161 -0.745630354 0.272201909 0.436935835 -0.028209003 0.899050237 -0.662680602 0.665762440 0.342950131 -13.067245483 0.875089705 -32.217231750
0.000000000 0.500000000 0.666666667 0.500000000 0.500000000 0.000000000 0.000000000 -0.617562086 -0.738069406 0.271791506 0.441631729 -0.039455027 0.896328465 -0.650829076 0.673570229 0.350320796 -13.135766029 0.888215303 -32.256374359
0.000000000 0.500000000 0.666666667 0.500000000 0.500000000 0.000000000 0.000000000 -0.626322077 -0.732359319 0.267152549 0.442285860 -0.051625557 0.895387078 -0.641953171 0.678958489 0.356246397 -13.200619698 0.900485814 -32.293777466
0.000000000 0.500000000 0.666666667 0.500000000 0.500000000 0.000000000 0.000000000 -0.634508858 -0.728587334 0.257990322 0.438724905 -0.064701821 0.896289090 -0.636332435 0.681890146 0.360703287 -13.261786461 0.911903083 -32.329441071
0.000000000 0.500000000 0.666666667 0.500000000 0.500000000 0.000000000 0.000000000 -0.642054455 -0.726629699 0.244489994 0.431170084 -0.078549025 0.898845042 -0.633923052 0.682524234 0.363733740 -13.319340706 0.922363877 -32.363307953
0.000000000 0.500000000 0.666666667 0.500000000 0.500000000 0.000000000 0.000000000 -0.648828104 -0.726299337 0.226961152 0.419931470 -0.093031171 0.902775034 -0.634570447 0.681053944 0.365357186 -13.373393059 0.931684256 -32.395271301
0.000000000 0.500000000 0.666666667 0.500000000 0.500000000 0.000000000 0.000000000 -0.654654296 -0.727395694 0.205726172 0.405312454 -0.108039067 0.907771654 -0.638082728 0.677659992 0.365550772 -13.423812866 0.940227330 -32.425441742
0.000000000 0.500000000 0.666666667 0.500000000 0.500000000 0.000000000 0.000000000 -0.659327524 -0.729714076 0.181120357 0.387612119 -0.123482969 0.913514533 -0.644239134 0.672509720 0.364261740 -13.470620155 0.948004425 -32.453804016
0.000000000 0.500000000 0.666666667 0.500000000 0.500000000 0.000000000 0.000000000 -0.662625591 -0.733051732 0.153500760 0.367135420 -0.139283080 0.919680275 -0.652793160 0.665759252 0.361421789 -13.513856888 0.955025911 -32.480335236
0.000000000 0.500000000 0.666666667 0.500000000 0.500000000 0.000000000 0.000000000 -0.664327479 -0.737210470 0.123246594 0.344192926 -0.155364016 0.925955319 -0.663475870 0.657558168 0.356955214 -13.553529739 0.961300313 -32.505016327
0.000000000 0.500000000 0.666666667 0.500000000 0.500000000 0.000000000 0.000000000 -0.664223501 -0.742003838 0.090760373 0.319105801 -0.171649817 0.932044971 -0.676001944 0.648048335 0.350791572 -13.589682579 0.966837108 -32.527828217
0.000000000 0.500000000 0.666666667 0.500000000 0.500000000 0.000000000 0.000000000 -0.662128842 -0.747259382 0.056469577 0.292207654 -0.188058631 0.937682589 -0.690072520 0.637367530 0.342873955 -13.622426033 0.971491039 -32.548610687
0.000000000 0.500000000 0.666666667 0.500000000 0.500000000 0.000000000 0.000000000 -0.657893303 -0.752823212 0.020823374 0.263843084 -0.204499126 0.942638284 -0.705381619 0.625649517 0.333165804 -13.651699066 0.975411654 -32.567485809
0.000000000 0.500000000 0.666666667 0.500000000 0.500000000 0.000000000 0.000000000 -0.651409043 -0.758564033 -0.015711987 0.234366647 -0.220869278 0.946725428 -0.721622154 0.613023140 0.321658354 -13.677474976 0.978649855 -32.584453583
0.000000000 0.500000000 0.666666667 0.500000000 0.500000000 0.000000000 0.000000000 -0.642618639 -0.764374603 -0.052656920 0.204141279 -0.237055030 0.949805902 -0.738490097 0.599613525 0.308376389 -13.699785233 0.981219471 -32.599506378
0.000000000 0.500000000 0.666666667 0.500000000 0.500000000 0.000000000 0.000000000 -0.631519838 -0.770173943 -0.089525368 0.173532252 -0.252928397 0.951795032 -0.755691241 0.585541906 0.293379319 -13.718623161 0.983137190 -32.612625122
0.000000000 0.500000000 0.666666667 0.500000000 0.500000000 0.000000000 0.000000000 -0.618166720 -0.775909847 -0.125832486 0.142904349 -0.268349073 0.952663173 -0.772947769 0.570922660 0.276765358 -13.733998299 0.984419525 -32.623806000
0.000000000 0.500000000 0.666666667 0.500000000 0.500000000 0.000000000 0.000000000 -0.602671700 -0.781558446 -0.161100024 0.112615783 -0.283162456 0.952437247 -0.790002853 0.555864569 0.258669815 -13.745922089 0.985086322 -32.633022308
0.000000000 0.500000000 0.666666667 0.500000000 0.500000000 0.000000000 0.000000000 -0.585203144 -0.787124129 -0.194866328 0.083013092 -0.297203580 0.951198643 -0.806626374 0.540467980 0.239266077 -13.754394531 0.985158384 -32.640270233
0.000000000 0.500000000 0.666666667 0.500000000 0.500000000 0.000000000 0.000000000 -0.565979354 -0.792640252 -0.226690982 0.054426210 -0.310294901 0.949081062 -0.822620908 0.524822355 0.218760913 -13.759394646 0.984657884 -32.645534515
0.000000000 0.500000000 0.666666667 0.500000000 0.500000000 0.000000000 0.000000000 -0.545267487 -0.798164283 -0.256158436 0.027166232 -0.322247871 0.946265452 -0.837821797 0.509008925 0.197394403 -13.760931969 0.983608067 -32.648803711
0.000000000 0.500000000 0.666666667 0.500000000 0.500000000 0.000000000 0.000000000 -0.523372987 -0.803776075 -0.282886439 0.001517985 -0.332864889 0.942973309 -0.852102348 0.493097340 0.175432612 -13.768568993 0.983943462 -32.655635834
0.000000000 0.500000000 0.666666667 0.500000000 0.500000000 0.000000000 0.000000000 -0.500632741 -0.809574754 -0.306521739 -0.022257046 -0.341935393 0.939459851 -0.865373609 0.477146628 0.153165311 -13.782289505 0.985690296 -32.666023254
0.000000000 0.500000000 0.666666667 0.500000000 0.500000000 0.000000000 0.000000000 -0.477369751 -0.818283664 -0.320203007 -0.043996430 -0.341688945 0.938782711 -0.877600385 0.462234258 0.127110406 -13.801753044 0.989819944 -32.679824829
0.000000000 0.500000000 0.666666667 0.500000000 0.500000000 0.000000000 0.000000000 -0.453766078 -0.827007078 -0.331897030 -0.063841043 -0.341322445 0.937775725 -0.888831068 0.446719465 0.102083553 -13.827328682 0.995183110 -32.697250366
0.000000000 0.500000000 0.666666667 0.500000000 0.500000000 0.000000000 0.000000000 -0.429937013 -0.835659291 -0.341800694 -0.082003060 -0.340868233 0.936527814 -0.899127167 0.430676673 0.078025251 -13.859013557 1.001774907 -32.718288422
0.000000000 0.500000000 0.666666667 0.500000000 0.500000000 0.000000000 0.000000000 -0.405972414 -0.844167025 -0.350097749 -0.098690436 -0.340350461 0.935105214 -0.908540916 0.414178221 0.054861687 -13.896933556 1.009513855 -32.742778778
0.000000000 0.500000000 0.666666667 0.500000000 0.500000000 0.000000000 0.000000000 -0.381936336 -0.852470949 -0.356956463 -0.114104448 -0.339786304 0.933555270 -0.917117664 0.397289000 0.032506009 -13.941123009 1.018379807 -32.770671844
0.000000000 0.500000000 0.666666667 0.500000000 0.500000000 0.000000000 0.000000000 -0.357873456 -0.860523028 -0.362528217 -0.128439207 -0.339187330 0.931909505 -0.924894567 0.380068512 0.010861247 -13.991478920 1.028443933 -32.802108765
0.000000000 0.500000000 0.666666667 0.500000000 0.500000000 0.000000000 0.000000000 -0.333812648 -0.868285340 -0.366946433 -0.141881258 -0.338560157 0.930186395 -0.931900652 0.362570805 -0.010177754 -14.048012733 1.039706111 -32.837085724
0.000000000 0.500000000 0.666666667 0.500000000 0.500000000 0.000000000 0.000000000 -0.309769067 -0.875729314 -0.370325928 -0.154607605 -0.337907630 0.928393732 -0.938157563 0.344842865 -0.030721081 -14.110722542 1.052165508 -32.875583649
0.000000000 0.500000000 0.666666667 0.500000000 0.500000000 0.000000000 0.000000000 -0.285746712 -0.882834194 -0.372763468 -0.166787464 -0.337229409 0.926530230 -0.943679373 0.326925240 -0.050883482 -14.179770470 1.065773010 -32.917358398
0.000000000 0.500000000 0.666666667 0.500000000 0.500000000 0.000000000 0.000000000 -0.261741923 -0.889585768 -0.374337184 -0.178580532 -0.336522259 0.924587347 -0.948472540 0.308852604 -0.070780716 -14.255366325 1.080460787 -32.962051392
0.000000000 0.500000000 0.666666667 0.500000000 0.500000000 0.000000000 0.000000000 -0.237744616 -0.895975404 -0.375107416 -0.190137140 -0.335780852 0.922550317 -0.952536281 0.290653222 -0.090528111 -14.337182045 1.096334219 -33.010200500
0.000000000 0.500000000 0.666666667 0.500000000 0.500000000 0.000000000 0.000000000 -0.213738653 -0.901999484 -0.375116940 -0.201598553 -0.334997845 0.920399080 -0.955862862 0.272347892 -0.110239803 -14.425238609 1.113392949 -33.061775208
0.000000000 0.500000000 0.666666667 0.500000000 0.500000000 0.000000000 0.000000000 -0.189704050 -0.907658212 -0.374391431 -0.213095858 -0.334164370 0.918109105 -0.958437546 0.253950279 -0.130025871 -14.520370483 1.131605506 -33.115234375
0.000000000 0.500000000 0.666666667 0.500000000 0.500000000 0.000000000 0.000000000 -0.165617690 -0.912954815 -0.372940058 -0.224751170 -0.333269975 0.915651700 -0.960238352 0.235466834 -0.149992259 -14.621791840 1.151004314 -33.172035217
0.000000000 0.500000000 0.666666667 0.500000000 0.500000000 0.000000000 0.000000000 -0.141453628 -0.917895017 -0.370755458 -0.236675536 -0.332302909 0.912994779 -0.961236476 0.216895170 -0.170237842 -14.730278015 1.171712875 -33.230617523
0.000000000 0.500000000 0.666666667 0.500000000 0.500000000 0.000000000 0.000000000 -0.117182734 -0.922486233 -0.367814296 -0.248969824 -0.331250344 0.910102871 -0.961395982 0.198223003 -0.190854414 -14.845742226 1.193719745 -33.291152954
0.000000000 0.500000000 0.666666667 0.500000000 0.500000000 0.000000000 0.000000000 -0.092773597 -0.926736686 -0.364077154 -0.261724073 -0.330098238 0.906937519 -0.960673498 0.179427612 -0.211924899 -14.968915939 1.216588736 -33.352218628
0.000000000 0.500000000 0.666666667 0.500000000 0.500000000 0.000000000 0.000000000 -0.068192392 -0.930953435 -0.358713673 -0.275016134 -0.328079472 0.903731147 -0.959018208 0.160279636 -0.233654691 -15.099589348 1.240245342 -33.414154053
0.000000000 0.500000000 0.666666667 0.500000000 0.500000000 0.000000000 0.000000000 -0.043401333 -0.934622244 -0.352983830 -0.288911542 -0.326479291 0.899967440 -0.956371500 0.141040889 -0.255853517 -15.238769531 1.263620019 -33.475036621
0.000000000 0.500000000 0.666666667 0.500000000 0.500000000 0.000000000 0.000000000 -0.018359302 -0.937518366 -0.347451075 -0.303462885 -0.325891542 0.895379797 -0.952666371 0.121877054 -0.278518887 -15.387299538 1.284662485 -33.533054352
0.000000000 0.500000000 0.666666667 0.500000000 0.500000000 0.000000000 0.000000000 0.006936298 -0.940465004 -0.339819753 -0.318658865 -0.324190463 0.890705940 -0.947844088 0.102108375 -0.301936192 -15.545087814 1.301797509 -33.587940216
0.000000000 0.500000000 0.666666667 0.500000000 0.500000000 0.000000000 0.000000000 0.032317104 -0.943060498 -0.331047583 -0.334288609 -0.322343950 0.885632826 -0.941916520 0.082044348 -0.325671605 -15.712255478 1.311533213 -33.638961792
0.000000000 0.500000000 0.666666667 0.500000000 0.500000000 0.000000000 0.000000000 0.057571411 -0.945275640 -0.321153385 -0.350103549 -0.320373988 0.880220434 -0.934940125 0.061761407 -0.349388739 -15.887695312 1.312513709 -33.688098907
0.000000000 0.500000000 0.666666667 0.500000000 0.500000000 0.000000000 0.000000000 0.082485436 -0.947085363 -0.310202303 -0.365871722 -0.318306257 0.874539313 -0.927002716 0.041357494 -0.372767383 -16.070253372 1.305056453 -33.737968445
0.000000000 0.500000000 0.666666667 0.500000000 0.500000000 0.000000000 0.000000000 0.106844281 -0.948471175 -0.298306438 -0.381379831 -0.316169715 0.868669175 -0.918223134 0.020955725 -0.395508702 -16.259443283 1.290635705 -33.789501190
0.000000000 0.500000000 0.666666667 0.500000000 0.500000000 0.000000000 0.000000000 0.130435012 -0.949424038 -0.285623360 -0.396434458 -0.313996018 0.862697063 -0.908749926 0.000705040 -0.417340478 -16.455579758 1.270848632 -33.841243744
0.000000000 0.500000000 0.666666667 0.500000000 0.500000000 0.000000000 0.000000000 0.153045759 -0.949947254 -0.272354935 -0.410862736 -0.311818786 0.856715155 -0.898759594 -0.019216128 -0.438020471 -16.658960342 1.246773362 -33.891914368
0.000000000 0.500000000 0.666666667 0.500000000 0.500000000 0.000000000 0.000000000 0.174468754 -0.950059385 -0.258742766 -0.424512546 -0.309672529 0.850818443 -0.888453573 -0.038601684 -0.457340309 -16.869873047 1.219208360 -33.940254211
0.000000000 0.500000000 0.666666667 0.500000000 0.500000000 0.000000000 0.000000000 0.194501174 -0.949796332 -0.245063707 -0.437251491 -0.307592130 0.845102488 -0.878054911 -0.057218955 -0.475126893 -17.088579178 1.188817739 -33.984851837
0.000000000 0.500000000 0.666666667 0.500000000 0.500000000 0.000000000 0.000000000 0.212947257 -0.949212460 -0.231622908 -0.448964355 -0.305611971 0.839662034 -0.867804398 -0.074813298 -0.491241791 -17.315282822 1.156216741 -34.024105072
0.000000000 0.500000000 0.666666667 0.500000000 0.500000000 0.000000000 0.000000000 0.229616581 -0.948380398 -0.218748363 -0.459550553 -0.303765783 0.834589503 -0.857956593 -0.091109657 -0.505578396 -17.550130844 1.122043133 -34.056037903
0.000000000 0.500000000 0.666666667 0.500000000 0.500000000 0.000000000 0.000000000 0.244326199 -0.947389050 -0.206781759 -0.468919874 -0.302086092 0.829974785 -0.848774917 -0.105820508 -0.518057101 -17.793159485 1.087021709 -34.078243256
0.000000000 0.500000000 0.666666667 0.500000000 0.500000000 0.000000000 0.000000000 0.256901228 -0.946339400 -0.196070136 -0.476988147 -0.300604780 0.825905003 -0.840526065 -0.118652879 -0.528618415 -18.044052124 1.051550865 -34.089111328
0.000000000 0.500000000 0.666666667 0.500000000 0.500000000 0.000000000 0.000000000 0.267172943 -0.945338744 -0.186957955 -0.483670219 -0.299353230 0.822466269 -0.833475697 -0.129314738 -0.537211281 -18.302280426 1.015577674 -34.088130951
0.000000000 0.500000000 0.666666667 0.500000000 0.500000000 0.000000000 0.000000000 0.274979200 -0.944492745 -0.179777344 -0.488873174 -0.298362919 0.819745441 -0.827882515 -0.137524625 -0.543780763 -18.567260742 0.979038656 -34.074356079
0.000000000 0.500000000 0.666666667 0.500000000 0.500000000 0.000000000 0.000000000 0.280163746 -0.943896055 -0.174838531 -0.492489351 -0.297666442 0.817831846 -0.823991817 -0.143020719 -0.548254101 -18.837993622 0.941891432 -34.044082642
0.000000000 0.500000000 0.666666667 0.500000000 0.500000000 0.000000000 0.000000000 0.282575421 -0.943622160 -0.172419112 -0.494387392 -0.297298132 0.816820009 -0.822029341 -0.145571423 -0.550524044 -19.113149643 0.903986812 -33.994956970
0.000000000 0.500000000 0.666666667 0.500000000 0.500000000 0.000000000 0.000000000 0.282068197 -0.943713031 -0.172751984 -0.494403119 -0.297295060 0.816811608 -0.822194070 -0.144987458 -0.550432147 -19.374750137 0.867241204 -33.923267365
0.000000000 0.500000000 0.666666667 0.500000000 0.500000000 0.000000000 0.000000000 0.278502455 -0.944169922 -0.176010059 -0.492330321 -0.297697174 0.817916406 -0.824649766 -0.141136638 -0.547752875 -19.617147446 0.831182837 -33.821060181
0.000000000 0.500000000 0.666666667 0.500000000 0.500000000 0.000000000 0.000000000 0.271745140 -0.944947066 -0.182289936 -0.487911511 -0.298547010 0.820251206 -0.829516086 -0.133957921 -0.542179250 -19.833446503 0.793663323 -33.686321259
