0.000000000 0.384615385 0.666666667 0.384615385 0.500000000 0.000000000 0.000000000 0.430093790 0.000000000 0.902784211 43.675521851 -0.902784211 0.000000000 0.430093790 0.345099628 0.000000000 1.000000000 0.000000000 -28.619598389
0.000000000 0.384615385 0.666666667 0.384615385 0.500000000 0.000000000 0.000000000 0.419720666 0.000000000 0.907653327 43.664100647 -0.907653327 0.000000000 0.419720666 0.348137647 0.000000000 1.000000000 0.000000000 -28.572072983
0.000000000 0.384615385 0.666666667 0.384615385 0.500000000 0.000000000 0.000000000 0.401043719 0.000000000 0.916058915 43.626419067 -0.916058915 0.000000000 0.401043719 0.339814991 0.000000000 1.000000000 0.000000000 -28.534009933
0.000000000 0.384615385 0.666666667 0.384615385 0.500000000 0.000000000 0.000000000 0.384333979 0.000000000 0.923194125 43.622909546 -0.923194125 0.000000000 0.384333979 0.346229613 0.000000000 1.000000000 0.000000000 -28.483999252
0.000000000 0.384615385 0.666666667 0.384615385 0.500000000 0.000000000 0.000000000 0.369332705 0.000000000 0.929297236 43.597770691 -0.929297236 0.000000000 0.369332705 0.332764268 0.000000000 1.000000000 0.000000000 -28.441522598
0.000000000 0.384615385 0.666666667 0.384615385 0.500000000 0.000000000 0.000000000 0.369332705 0.000000000 0.929297236 43.578872681 -0.929297236 0.000000000 0.369332705 0.350913227 0.000000000 1.000000000 0.000000000 -28.377819061
0.000000000 0.384615385 0.666666667 0.384615385 0.500000000 0.000000000 0.000000000 0.355565489 0.000000000 0.934651370 43.550106049 -0.934651370 0.000000000 0.355565489 0.333261251 0.000000000 1.000000000 0.000000000 -28.303531647
0.000000000 0.384615385 0.666666667 0.384615385 0.500000000 0.000000000 0.000000000 0.340025794 0.000000000 0.940416110 43.534950256 -0.940416110 0.000000000 0.340025794 0.348197401 0.000000000 1.000000000 0.000000000 -28.260257721
0.000000000 0.384615385 0.666666667 0.384615385 0.500000000 0.000000000 0.000000000 0.327279893 0.000000000 0.944927443 43.481533051 -0.944927443 0.000000000 0.327279893 0.340150744 0.000000000 1.000000000 0.000000000 -28.167152405
0.000000000 0.384615385 0.666666667 0.384615385 0.500000000 0.000000000 0.000000000 0.319228907 0.000000000 0.947677638 43.496955872 -0.947677638 0.000000000 0.319228907 0.335314929 0.000000000 1.000000000 0.000000000 -28.138875961
0.000000000 0.384615385 0.666666667 0.384615385 0.500000000 0.000000000 0.000000000 0.305010596 0.000000000 0.952348957 43.461723328 -0.952348957 0.000000000 0.305010596 0.351066738 0.000000000 1.000000000 0.000000000 -28.048917770
0.000000000 0.384615385 0.666666667 0.384615385 0.500000000 0.000000000 0.000000000 0.295289414 0.000000000 0.955407851 43.449607849 -0.955407851 0.000000000 0.295289414 0.349510342 0.000000000 1.000000000 0.000000000 -27.987592697
0.000000000 0.384615385 0.666666667 0.384615385 0.500000000 0.000000000 0.000000000 0.286369000 0.000000000 0.958119406 43.453567505 -0.958119406 0.000000000 0.286369000 0.350516051 0.000000000 1.000000000 0.000000000 -27.946908951
0.000000000 0.384615385 0.666666667 0.384615385 0.500000000 0.000000000 0.000000000 0.278161556 0.000000000 0.960534304 43.414695740 -0.960534304 0.000000000 0.278161556 0.336252064 0.000000000 1.000000000 0.000000000 -27.888160706
0.000000000 0.384615385 0.666666667 0.384615385 0.500000000 0.000000000 0.000000000 0.270593499 0.000000000 0.962693699 43.393039703 -0.962693699 0.000000000 0.270593499 0.342934102 0.000000000 1.000000000 0.000000000 -27.832372665
0.000000000 0.384615385 0.666666667 0.384615385 0.500000000 0.000000000 0.000000000 0.270593499 0.000000000 0.962693699 43.374687195 -0.962693699 0.000000000 0.270593499 0.320175022 0.000000000 1.000000000 0.000000000 -27.763360977
0.000000000 0.384615385 0.666666667 0.384615385 0.500000000 0.000000000 0.000000000 0.262818385 0.000000000 0.964845323 43.348476410 -0.964845323 0.000000000 0.262818385 0.334280550 0.000000000 1.000000000 0.000000000 -27.694627762
0.000000000 0.384615385 0.666666667 0.384615385 0.500000000 0.000000000 0.000000000 0.255602105 0.000000000 0.966782066 43.329246521 -0.966782066 0.000000000 0.255602105 0.367797703 0.000000000 1.000000000 0.000000000 -27.633567810
0.000000000 0.384615385 0.666666667 0.384615385 0.500000000 0.000000000 0.000000000 0.248903126 0.000000000 0.968528386 43.343017578 -0.968528386 0.000000000 0.248903126 0.349593192 0.000000000 1.000000000 0.000000000 -27.544950485
0.000000000 0.384615385 0.666666667 0.384615385 0.500000000 0.000000000 0.000000000 0.242682692 0.000000000 0.970105722 43.321376801 -0.970105722 0.000000000 0.242682692 0.324430674 0.000000000 1.000000000 0.000000000 -27.478090286
0.000000000 0.384615385 0.666666667 0.384615385 0.500000000 0.000000000 0.000000000 0.236892149 0.000000000 0.971535954 43.273174286 -0.971535954 0.000000000 0.236892149 0.357219756 0.000000000 1.000000000 0.000000000 -27.406707764
0.000000000 0.384615385 0.666666667 0.384615385 0.500000000 0.000000000 0.000000000 0.226855961 0.000000000 0.973928320 43.251750946 -0.973928320 0.000000000 0.226855961 0.344652772 0.000000000 1.000000000 0.000000000 -27.335445404
0.000000000 0.384615385 0.666666667 0.384615385 0.500000000 0.000000000 0.000000000 0.222441611 0.000000000 0.974946014 43.240982056 -0.974946014 0.000000000 0.222441611 0.359427929 0.000000000 1.000000000 0.000000000 -27.254981995
0.000000000 0.384615385 0.666666667 0.384615385 0.500000000 0.000000000 0.000000000 0.218158562 0.000000000 0.975913337 43.253669739 -0.975913337 0.000000000 0.218158562 0.337031156 0.000000000 1.000000000 0.000000000 -27.161005020
0.000000000 0.384615385 0.666666667 0.384615385 0.500000000 0.000000000 0.000000000 0.214050936 0.000000000 0.976822500 43.245449066 -0.976822500 0.000000000 0.214050936 0.348360896 0.000000000 1.000000000 0.000000000 -27.116424561
0.000000000 0.384615385 0.666666667 0.384615385 0.500000000 0.000000000 0.000000000 0.210259504 0.000000000 0.977645611 43.235500336 -0.977645611 0.000000000 0.210259504 0.345534205 0.000000000 1.000000000 0.000000000 -27.049215317
0.000000000 0.384615385 0.666666667 0.384615385 0.500000000 0.000000000 0.000000000 0.206731194 0.000000000 0.978397779 43.192287445 -0.978397779 0.000000000 0.206731194 0.341089308 0.000000000 1.000000000 0.000000000 -26.988981247
0.000000000 0.384615385 0.666666667 0.384615385 0.500000000 0.000000000 0.000000000 0.203569496 0.000000000 0.979060499 43.183979034 -0.979060499 0.000000000 0.203569496 0.343774706 0.000000000 1.000000000 0.000000000 -26.962177277
0.000000000 0.384615385 0.666666667 0.384615385 0.500000000 0.000000000 0.000000000 0.203569496 0.000000000 0.979060499 43.184837341 -0.979060499 0.000000000 0.203569496 0.326893598 0.000000000 1.000000000 0.000000000 -26.901420593
0.000000000 0.384615385 0.666666667 0.384615385 0.500000000 0.000000000 0.000000000 0.200413278 0.000000000 0.979711446 43.165534973 -0.979711446 0.000000000 0.200413278 0.339057833 0.000000000 1.000000000 0.000000000 -26.848100662
0.000000000 0.384615385 0.666666667 0.384615385 0.500000000 0.000000000 0.000000000 0.197449482 0.000000000 0.980313063 43.170818329 -0.980313063 0.000000000 0.197449482 0.354100019 0.000000000 1.000000000 0.000000000 -26.806335449
0.000000000 0.384615385 0.666666667 0.384615385 0.500000000 0.000000000 0.000000000 0.194591981 0.000000000 0.980884275 43.141017914 -0.980884275 0.000000000 0.194591981 0.317067862 0.000000000 1.000000000 0.000000000 -26.767648697
0.000000000 0.384615385 0.666666667 0.384615385 0.500000000 0.000000000 0.000000000 0.194591981 0.000000000 0.980884275 43.141784668 -0.980884275 0.000000000 0.194591981 0.311368167 0.000000000 1.000000000 0.000000000 -26.697721481
0.000000000 0.384615385 0.666666667 0.384615385 0.500000000 0.000000000 0.000000000 0.191548668 0.000000000 0.981483117 43.130065918 -0.981483117 0.000000000 0.191548668 0.301044762 0.000000000 1.000000000 0.000000000 -26.641941071
0.000000000 0.384615385 0.666666667 0.384615385 0.500000000 0.000000000 0.000000000 0.188594406 0.000000000 0.982055065 43.101673126 -0.982055065 0.000000000 0.188594406 0.293072045 0.000000000 1.000000000 0.000000000 -26.571662903
0.000000000 0.384615385 0.666666667 0.384615385 0.500000000 0.000000000 0.000000000 0.185658732 0.000000000 0.982614286 43.100811005 -0.982614286 0.000000000 0.185658732 0.296768934 0.000000000 1.000000000 0.000000000 -26.502384186
0.000000000 0.384615385 0.666666667 0.384615385 0.500000000 0.000000000 0.000000000 0.182674873 0.000000000 0.983173378 43.054618835 -0.983173378 0.000000000 0.182674873 0.283706039 0.000000000 1.000000000 0.000000000 -26.398736954
0.000000000 0.384615385 0.666666667 0.384615385 0.500000000 0.000000000 0.000000000 0.179616491 0.000000000 0.983736711 43.057746887 -0.983736711 0.000000000 0.179616491 0.275418848 0.000000000 1.000000000 0.000000000 -26.317846298
0.000000000 0.384615385 0.666666667 0.384615385 0.500000000 0.000000000 0.000000000 0.173719377 0.000000000 0.984795196 43.084861755 -0.984795196 0.000000000 0.173719377 0.247020185 0.000000000 1.000000000 0.000000000 -26.197069168
0.000000000 0.384615385 0.666666667 0.384615385 0.500000000 0.000000000 0.000000000 0.170753698 0.000000000 0.985313744 43.048278809 -0.985313744 0.000000000 0.170753698 0.258720100 0.000000000 1.000000000 0.000000000 -26.080522537
0.000000000 0.384615385 0.666666667 0.384615385 0.500000000 0.000000000 0.000000000 0.164382750 0.000000000 0.986396630 42.997043610 -0.986396630 0.000000000 0.164382750 0.297629148 0.000000000 1.000000000 0.000000000 -25.930419922
0.000000000 0.384615385 0.666666667 0.384615385 0.500000000 0.000000000 0.000000000 0.157864597 0.000000000 0.987460768 42.966575623 -0.987460768 0.000000000 0.157864597 0.242414087 0.000000000 1.000000000 0.000000000 -25.799007416
0.000000000 0.384615385 0.666666667 0.384615385 0.500000000 0.000000000 0.000000000 0.151147079 0.000000000 0.988511285 42.966674805 -0.988511285 0.000000000 0.151147079 0.266112983 0.000000000 1.000000000 0.000000000 -25.714279175
0.000000000 0.384615385 0.666666667 0.384615385 0.500000000 0.000000000 0.000000000 0.144302749 0.000000000 0.989533585 42.987483978 -0.989533585 0.000000000 0.144302749 0.252185047 0.000000000 1.000000000 0.000000000 -25.619968414
0.000000000 0.384615385 0.666666667 0.384615385 0.500000000 0.000000000 0.000000000 0.140743722 0.000000000 0.990046062 42.922763824 -0.990046062 0.000000000 0.140743722 0.230046302 0.000000000 1.000000000 0.000000000 -25.512392044
0.000000000 0.384615385 0.666666667 0.384615385 0.500000000 0.000000000 0.000000000 0.136887338 0.000000000 0.990586622 42.924251556 -0.990586622 0.000000000 0.136887338 0.233451232 0.000000000 1.000000000 0.000000000 -25.418033600
0.000000000 0.384615385 0.666666667 0.384615385 0.500000000 0.000000000 0.000000000 0.128968381 0.000000000 0.991648706 42.905445099 -0.991648706 0.000000000 0.128968381 0.245682746 0.000000000 1.000000000 0.000000000 -25.323556900
0.000000000 0.384615385 0.666666667 0.384615385 0.500000000 0.000000000 0.000000000 0.124899615 0.000000000 0.992169384 42.896598816 -0.992169384 0.000000000 0.124899615 0.215526581 0.000000000 1.000000000 0.000000000 -25.231500626
0.000000000 0.384615385 0.666666667 0.384615385 0.500000000 0.000000000 0.000000000 0.120522569 0.000000000 0.992710587 42.893630981 -0.992710587 0.000000000 0.120522569 0.265636504 0.000000000 1.000000000 0.000000000 -25.139478683
0.000000000 0.384615385 0.666666667 0.384615385 0.500000000 0.000000000 0.000000000 0.111648875 0.000000000 0.993747719 42.875808716 -0.993747719 0.000000000 0.111648875 0.236654431 0.000000000 1.000000000 0.000000000 -25.049537659
0.000000000 0.384615385 0.666666667 0.384615385 0.500000000 0.000000000 0.000000000 0.107153704 0.000000000 0.994242467 42.855354309 -0.994242467 0.000000000 0.107153704 0.239319831 0.000000000 1.000000000 0.000000000 -24.968421936
0.000000000 0.384615385 0.666666667 0.384615385 0.500000000 0.000000000 0.000000000 0.102360278 0.000000000 0.994747392 42.862041473 -0.994747392 0.000000000 0.102360278 0.251955718 0.000000000 1.000000000 0.000000000 -24.875543594
0.000000000 0.384615385 0.666666667 0.384615385 0.500000000 0.000000000 0.000000000 0.092792513 0.000000000 0.995685467 42.821273804 -0.995685467 0.000000000 0.092792513 0.246211618 0.000000000 1.000000000 0.000000000 -24.737001419
0.000000000 0.384615385 0.666666667 0.384615385 0.500000000 0.000000000 0.000000000 0.088025849 0.000000000 0.996118191 42.826091766 -0.996118191 0.000000000 0.088025849 0.251942277 0.000000000 1.000000000 0.000000000 -24.650585175
0.000000000 0.384615385 0.666666667 0.384615385 0.500000000 0.000000000 0.000000000 0.078556093 0.000000000 0.996909695 42.822620392 -0.996909695 0.000000000 0.078556093 0.232246235 0.000000000 1.000000000 0.000000000 -24.582504272
0.000000000 0.384615385 0.666666667 0.384615385 0.500000000 0.000000000 0.000000000 0.073872246 0.000000000 0.997267713 42.800418854 -0.997267713 0.000000000 0.073872246 0.224921182 0.000000000 1.000000000 0.000000000 -24.453569412
0.000000000 0.384615385 0.666666667 0.384615385 0.500000000 0.000000000 0.000000000 0.068969166 0.000000000 0.997618792 42.820793152 -0.997618792 0.000000000 0.068969166 0.219360963 0.000000000 1.000000000 0.000000000 -24.387741089
0.000000000 0.384615385 0.666666667 0.384615385 0.500000000 0.000000000 0.000000000 0.064215878 0.000000000 0.997936031 42.820213318 -0.997936031 0.000000000 0.064215878 0.242032692 0.000000000 1.000000000 0.000000000 -24.340885162
0.000000000 0.384615385 0.666666667 0.384615385 0.500000000 0.000000000 0.000000000 0.059607814 0.000000000 0.998221873 42.820327759 -0.998221873 0.000000000 0.059607814 0.256154776 0.000000000 1.000000000 0.000000000 -24.279237747
0.000000000 0.384615385 0.666666667 0.384615385 0.500000000 0.000000000 0.000000000 0.055141687 0.000000000 0.998478540 42.795654297 -0.998478540 0.000000000 0.055141687 0.230373994 0.000000000 1.000000000 0.000000000 -24.211862564
0.000000000 0.384615385 0.666666667 0.384615385 0.500000000 0.000000000 0.000000000 0.050818830 0.000000000 0.998707888 42.807510376 -0.998707888 0.000000000 0.050818830 0.240519479 0.000000000 1.000000000 0.000000000 -24.179452896
0.000000000 0.384615385 0.666666667 0.384615385 0.500000000 0.000000000 0.000000000 0.050818830 0.000000000 0.998707888 42.812000275 -0.998707888 0.000000000 0.050818830 0.216905355 0.000000000 1.000000000 0.000000000 -24.122644424
0.000000000 0.384615385 0.666666667 0.384615385 0.500000000 0.000000000 0.000000000 0.046216060 0.000000000 0.998931467 42.798088074 -0.998931467 0.000000000 0.046216060 0.259043813 0.000000000 1.000000000 0.000000000 -24.049041748
0.000000000 0.384615385 0.666666667 0.384615385 0.500000000 0.000000000 0.000000000 0.041836044 0.000000000 0.999124489 42.789260864 -0.999124489 0.000000000 0.041836044 0.238922730 0.000000000 1.000000000 0.000000000 -23.985473633
0.000000000 0.384615385 0.666666667 0.384615385 0.500000000 0.000000000 0.000000000 0.037670958 0.000000000 0.999290198 42.791370392 -0.999290198 0.000000000 0.037670958 0.226337880 0.000000000 1.000000000 0.000000000 -23.944974899
0.000000000 0.384615385 0.666666667 0.384615385 0.500000000 0.000000000 0.000000000 0.033915885 0.000000000 0.999424691 42.793079376 -0.999424691 0.000000000 0.033915885 0.251673877 0.000000000 1.000000000 0.000000000 -23.882869720
0.000000000 0.384615385 0.666666667 0.384615385 0.500000000 0.000000000 0.000000000 0.029924855 0.000000000 0.999552151 42.799564362 -0.999552151 0.000000000 0.029924855 0.242710486 0.000000000 1.000000000 0.000000000 -23.807207108
0.000000000 0.384615385 0.666666667 0.384615385 0.500000000 0.000000000 0.000000000 0.029760758 0.000000000 0.999557051 42.820102692 -0.999557051 0.000000000 0.029760758 0.238480374 0.000000000 1.000000000 0.000000000 -23.750682831
0.000000000 0.384615385 0.666666667 0.384615385 0.500000000 0.000000000 0.000000000 0.026303163 0.000000000 0.999654012 42.796810150 -0.999654012 0.000000000 0.026303163 0.241979674 0.000000000 1.000000000 0.000000000 -23.694444656
0.000000000 0.384615385 0.666666667 0.384615385 0.500000000 0.000000000 0.000000000 0.022455707 0.000000000 0.999747839 42.778877258 -0.999747839 0.000000000 0.022455707 0.240671918 0.000000000 1.000000000 0.000000000 -23.642866135
0.000000000 0.384615385 0.666666667 0.384615385 0.500000000 0.000000000 0.000000000 0.018939004 0.000000000 0.999820641 42.781578064 -0.999820641 0.000000000 0.018939004 0.228600383 0.000000000 1.000000000 0.000000000 -23.570970535
0.000000000 0.384615385 0.666666667 0.384615385 0.500000000 0.000000000 0.000000000 0.015714042 0.000000000 0.999876527 42.788127899 -0.999876527 0.000000000 0.015714042 0.247161627 0.000000000 1.000000000 0.000000000 -23.536727905
0.000000000 0.384615385 0.666666667 0.384615385 0.500000000 0.000000000 0.000000000 0.015714042 0.000000000 0.999876527 42.786613464 -0.999876527 0.000000000 0.015714042 0.236273110 0.000000000 1.000000000 0.000000000 -23.485874176
0.000000000 0.384615385 0.666666667 0.384615385 0.500000000 0.000000000 0.000000000 0.012492174 0.000000000 0.999921970 42.777526855 -0.999921970 0.000000000 0.012492174 0.247395784 0.000000000 1.000000000 0.000000000 -23.436933517
0.000000000 0.384615385 0.666666667 0.384615385 0.500000000 0.000000000 0.000000000 0.009566437 0.000000000 0.999954241 42.783313751 -0.999954241 0.000000000 0.009566437 0.250490397 0.000000000 1.000000000 0.000000000 -23.387687683
0.000000000 0.384615385 0.666666667 0.384615385 0.500000000 0.000000000 0.000000000 0.006903846 0.000000000 0.999976168 42.766590118 -0.999976168 0.000000000 0.006903846 0.240737751 0.000000000 1.000000000 0.000000000 -23.329149246
0.000000000 0.384615385 0.666666667 0.384615385 0.500000000 0.000000000 0.000000000 0.006903846 0.000000000 0.999976168 42.779426575 -0.999976168 0.000000000 0.006903846 0.253191531 0.000000000 1.000000000 0.000000000 -23.277706146
0.000000000 0.384615385 0.666666667 0.384615385 0.500000000 0.000000000 0.000000000 0.004269114 0.000000000 0.999990887 42.774585724 -0.999990887 0.000000000 0.004269114 0.236116245 0.000000000 1.000000000 0.000000000 -23.238412857
0.000000000 0.384615385 0.666666667 0.384615385 0.500000000 0.000000000 0.000000000 0.001897811 0.000000000 0.999998199 42.776992798 -0.999998199 0.000000000 0.001897811 0.252677917 0.000000000 1.000000000 0.000000000 -23.174676895
0.000000000 0.384615385 0.666666667 0.384615385 0.500000000 0.000000000 0.000000000 0.001897811 0.000000000 0.999998199 42.782409668 -0.999998199 0.000000000 0.001897811 0.234346613 0.000000000 1.000000000 0.000000000 -23.134012222
0.000000000 0.384615385 0.666666667 0.384615385 0.500000000 0.000000000 0.000000000 -0.000426292 0.000000000 0.999999909 42.766712189 -0.999999909 0.000000000 -0.000426292 0.240273654 0.000000000 1.000000000 0.000000000 -23.079139709