0.000000000 0.384615385 0.666666667 0.384615385 0.500000000 0.000000000 0.000000000 -0.781429406 0.000000000 0.623993657 6.501977444 -0.623993657 0.000000000 -0.781429406 1.083564401 0.000000000 1.000000000 0.000000000 23.481649399
0.000000000 0.384615385 0.666666667 0.384615385 0.500000000 0.000000000 0.000000000 -0.781266154 0.000000000 0.624198043 6.542216778 -0.624198043 0.000000000 -0.781266154 1.083796382 0.000000000 1.000000000 0.000000000 23.514871597
0.000000000 0.384615385 0.666666667 0.384615385 0.500000000 0.000000000 0.000000000 -0.781099155 0.000000000 0.624407007 6.592592716 -0.624407007 0.000000000 -0.781099155 1.083299875 0.000000000 1.000000000 0.000000000 23.554960251
0.000000000 0.384615385 0.666666667 0.384615385 0.500000000 0.000000000 0.000000000 -0.780764054 0.000000000 0.624825969 6.642670631 -0.624825969 0.000000000 -0.780764054 1.084208012 0.000000000 1.000000000 0.000000000 23.595731735
0.000000000 0.384615385 0.666666667 0.384615385 0.500000000 0.000000000 0.000000000 -0.780595420 0.000000000 0.625036631 6.693271160 -0.625036631 0.000000000 -0.780595420 1.083040595 0.000000000 1.000000000 0.000000000 23.635633469
0.000000000 0.384615385 0.666666667 0.384615385 0.500000000 0.000000000 0.000000000 -0.780419426 0.000000000 0.625256363 6.732490063 -0.625256363 0.000000000 -0.780419426 1.083501101 0.000000000 1.000000000 0.000000000 23.667127609
0.000000000 0.384615385 0.666666667 0.384615385 0.500000000 0.000000000 0.000000000 -0.780075360 0.000000000 0.625685570 6.771528244 -0.625685570 0.000000000 -0.780075360 1.082723975 0.000000000 1.000000000 0.000000000 23.698818207
0.000000000 0.384615385 0.666666667 0.384615385 0.500000000 0.000000000 0.000000000 -0.779906492 0.000000000 0.625896049 6.810693264 -0.625896049 0.000000000 -0.779906492 1.082786560 0.000000000 1.000000000 0.000000000 23.729354858
0.000000000 0.384615385 0.666666667 0.384615385 0.500000000 0.000000000 0.000000000 -0.779734126 0.000000000 0.626110767 6.850165844 -0.626110767 0.000000000 -0.779734126 1.083079457 0.000000000 1.000000000 0.000000000 23.760457993
0.000000000 0.384615385 0.666666667 0.384615385 0.500000000 0.000000000 0.000000000 -0.779558630 0.000000000 0.626329260 6.888510704 -0.626329260 0.000000000 -0.779558630 1.082699418 0.000000000 1.000000000 0.000000000 23.792596817
0.000000000 0.384615385 0.666666667 0.384615385 0.500000000 0.000000000 0.000000000 -0.779380166 0.000000000 0.626551320 6.928520203 -0.626551320 0.000000000 -0.779380166 1.083481312 0.000000000 1.000000000 0.000000000 23.824121475
0.000000000 0.384615385 0.666666667 0.384615385 0.500000000 0.000000000 0.000000000 -0.779198231 0.000000000 0.626777566 6.975551605 -0.626777566 0.000000000 -0.779198231 1.083301663 0.000000000 1.000000000 0.000000000 23.861640930
0.000000000 0.384615385 0.666666667 0.384615385 0.500000000 0.000000000 0.000000000 -0.778834192 0.000000000 0.627229863 7.016264439 -0.627229863 0.000000000 -0.778834192 1.083490014 0.000000000 1.000000000 0.000000000 23.895282745
0.000000000 0.384615385 0.666666667 0.384615385 0.500000000 0.000000000 0.000000000 -0.778654099 0.000000000 0.627453420 7.058222294 -0.627453420 0.000000000 -0.778654099 1.084248304 0.000000000 1.000000000 0.000000000 23.928779602
0.000000000 0.384615385 0.666666667 0.384615385 0.500000000 0.000000000 0.000000000 -0.778469322 0.000000000 0.627682655 7.099936485 -0.627682655 0.000000000 -0.778469322 1.083566904 0.000000000 1.000000000 0.000000000 23.962812424
0.000000000 0.384615385 0.666666667 0.384615385 0.500000000 0.000000000 0.000000000 -0.778279689 0.000000000 0.627917770 7.142328739 -0.627917770 0.000000000 -0.778279689 1.082368493 0.000000000 1.000000000 0.000000000 23.996894836
0.000000000 0.384615385 0.666666667 0.384615385 0.500000000 0.000000000 0.000000000 -0.778085294 0.000000000 0.628158638 7.183696270 -0.628158638 0.000000000 -0.778085294 1.083137989 0.000000000 1.000000000 0.000000000 24.030702591
0.000000000 0.384615385 0.666666667 0.384615385 0.500000000 0.000000000 0.000000000 -0.777701210 0.000000000 0.628634097 7.224677563 -0.628634097 0.000000000 -0.777701210 1.084298968 0.000000000 1.000000000 0.000000000 24.063211441
0.000000000 0.384615385 0.666666667 0.384615385 0.500000000 0.000000000 0.000000000 -0.777510684 0.000000000 0.628869729 7.265043736 -0.628869729 0.000000000 -0.777510684 1.083650231 0.000000000 1.000000000 0.000000000 24.094573975
0.000000000 0.384615385 0.666666667 0.384615385 0.500000000 0.000000000 0.000000000 -0.777316127 0.000000000 0.629110196 7.302841663 -0.629110196 0.000000000 -0.777316127 1.083698153 0.000000000 1.000000000 0.000000000 24.126562119
0.000000000 0.384615385 0.666666667 0.384615385 0.500000000 0.000000000 0.000000000 -0.777117806 0.000000000 0.629355159 7.341303349 -0.629355159 0.000000000 -0.777117806 1.084186435 0.000000000 1.000000000 0.000000000 24.158403397
0.000000000 0.384615385 0.666666667 0.384615385 0.500000000 0.000000000 0.000000000 -0.776914906 0.000000000 0.629605614 7.392558575 -0.629605614 0.000000000 -0.776914906 1.083742857 0.000000000 1.000000000 0.000000000 24.200242996
0.000000000 0.384615385 0.666666667 0.384615385 0.500000000 0.000000000 0.000000000 -0.776504093 0.000000000 0.630112207 7.444130898 -0.630112207 0.000000000 -0.776504093 1.084258914 0.000000000 1.000000000 0.000000000 24.241825104
0.000000000 0.384615385 0.666666667 0.384615385 0.500000000 0.000000000 0.000000000 -0.776295202 0.000000000 0.630369542 7.496005535 -0.630369542 0.000000000 -0.776295202 1.083575130 0.000000000 1.000000000 0.000000000 24.283416748
0.000000000 0.384615385 0.666666667 0.384615385 0.500000000 0.000000000 0.000000000 -0.775871440 0.000000000 0.630891044 7.547187328 -0.630891044 0.000000000 -0.775871440 1.084347367 0.000000000 1.000000000 0.000000000 24.324804306
0.000000000 0.384615385 0.666666667 0.384615385 0.500000000 0.000000000 0.000000000 -0.775656027 0.000000000 0.631155866 7.598837852 -0.631155866 0.000000000 -0.775656027 1.083727360 0.000000000 1.000000000 0.000000000 24.367040634
0.000000000 0.384615385 0.666666667 0.384615385 0.500000000 0.000000000 0.000000000 -0.775217485 0.000000000 0.631694428 7.636650085 -0.631694428 0.000000000 -0.775217485 1.083487272 0.000000000 1.000000000 0.000000000 24.398427963
0.000000000 0.384615385 0.666666667 0.384615385 0.500000000 0.000000000 0.000000000 -0.775000448 0.000000000 0.631960683 7.675678730 -0.631960683 0.000000000 -0.775000448 1.083788991 0.000000000 1.000000000 0.000000000 24.430009842
0.000000000 0.384615385 0.666666667 0.384615385 0.500000000 0.000000000 0.000000000 -0.774777860 0.000000000 0.632233555 7.714325905 -0.632233555 0.000000000 -0.774777860 1.083259463 0.000000000 1.000000000 0.000000000 24.461416245
0.000000000 0.384615385 0.666666667 0.384615385 0.500000000 0.000000000 0.000000000 -0.774550147 0.000000000 0.632512505 7.753818035 -0.632512505 0.000000000 -0.774550147 1.083179951 0.000000000 1.000000000 0.000000000 24.492738724
0.000000000 0.384615385 0.666666667 0.384615385 0.500000000 0.000000000 0.000000000 -0.774316697 0.000000000 0.632798272 7.794033051 -0.632798272 0.000000000 -0.774316697 1.082707524 0.000000000 1.000000000 0.000000000 24.526868820
0.000000000 0.384615385 0.666666667 0.384615385 0.500000000 0.000000000 0.000000000 -0.774076594 0.000000000 0.633091957 7.838920593 -0.633091957 0.000000000 -0.774076594 1.083202839 0.000000000 1.000000000 0.000000000 24.562929153
0.000000000 0.384615385 0.666666667 0.384615385 0.500000000 0.000000000 0.000000000 -0.773594121 0.000000000 0.633681415 7.884374619 -0.633681415 0.000000000 -0.773594121 1.082893968 0.000000000 1.000000000 0.000000000 24.599634171
0.000000000 0.384615385 0.666666667 0.384615385 0.500000000 0.000000000 0.000000000 -0.773351415 0.000000000 0.633977594 7.929316044 -0.633977594 0.000000000 -0.773351415 1.082965016 0.000000000 1.000000000 0.000000000 24.636453629
0.000000000 0.384615385 0.666666667 0.384615385 0.500000000 0.000000000 0.000000000 -0.773098784 0.000000000 0.634285638 7.973798752 -0.634285638 0.000000000 -0.773098784 1.082954049 0.000000000 1.000000000 0.000000000 24.673885345
0.000000000 0.384615385 0.666666667 0.384615385 0.500000000 0.000000000 0.000000000 -0.772589258 0.000000000 0.634906165 8.018769264 -0.634906165 0.000000000 -0.772589258 1.082058430 0.000000000 1.000000000 0.000000000 24.711317062
0.000000000 0.384615385 0.666666667 0.384615385 0.500000000 0.000000000 0.000000000 -0.772331953 0.000000000 0.635219139 8.069584846 -0.635219139 0.000000000 -0.772331953 1.083117485 0.000000000 1.000000000 0.000000000 24.752166748
0.000000000 0.384615385 0.666666667 0.384615385 0.500000000 0.000000000 0.000000000 -0.772059912 0.000000000 0.635549756 8.120229721 -0.635549756 0.000000000 -0.772059912 1.083290339 0.000000000 1.000000000 0.000000000 24.795335770
0.000000000 0.384615385 0.666666667 0.384615385 0.500000000 0.000000000 0.000000000 -0.771503937 0.000000000 0.636224548 8.171752930 -0.636224548 0.000000000 -0.771503937 1.081855178 0.000000000 1.000000000 0.000000000 24.836992264
0.000000000 0.384615385 0.666666667 0.384615385 0.500000000 0.000000000 0.000000000 -0.771218969 0.000000000 0.636569951 8.220565796 -0.636569951 0.000000000 -0.771218969 1.082612276 0.000000000 1.000000000 0.000000000 24.876972198
0.000000000 0.384615385 0.666666667 0.384615385 0.500000000 0.000000000 0.000000000 -0.770639051 0.000000000 0.637271883 8.265859604 -0.637271883 0.000000000 -0.770639051 1.082369089 0.000000000 1.000000000 0.000000000 24.914047241
0.000000000 0.384615385 0.666666667 0.384615385 0.500000000 0.000000000 0.000000000 -0.770345758 0.000000000 0.637626390 8.304535866 -0.637626390 0.000000000 -0.770345758 1.083286166 0.000000000 1.000000000 0.000000000 24.946464539
0.000000000 0.384615385 0.666666667 0.384615385 0.500000000 0.000000000 0.000000000 -0.770043793 0.000000000 0.637991032 8.343012810 -0.637991032 0.000000000 -0.770043793 1.082338691 0.000000000 1.000000000 0.000000000 24.977577209
0.000000000 0.384615385 0.666666667 0.384615385 0.500000000 0.000000000 0.000000000 -0.769733040 0.000000000 0.638365919 8.381156921 -0.638365919 0.000000000 -0.769733040 1.083107591 0.000000000 1.000000000 0.000000000 25.009490967
0.000000000 0.384615385 0.666666667 0.384615385 0.500000000 0.000000000 0.000000000 -0.769413553 0.000000000 0.638750956 8.419696808 -0.638750956 0.000000000 -0.769413553 1.082907677 0.000000000 1.000000000 0.000000000 25.041591644
0.000000000 0.384615385 0.666666667 0.384615385 0.500000000 0.000000000 0.000000000 -0.768773215 0.000000000 0.639521496 8.458159447 -0.639521496 0.000000000 -0.768773215 1.082961559 0.000000000 1.000000000 0.000000000 25.072870255
0.000000000 0.384615385 0.666666667 0.384615385 0.500000000 0.000000000 0.000000000 -0.768449971 0.000000000 0.639909870 8.496020317 -0.639909870 0.000000000 -0.768449971 1.083278775 0.000000000 1.000000000 0.000000000 25.105751038
0.000000000 0.384615385 0.666666667 0.384615385 0.500000000 0.000000000 0.000000000 -0.768114680 0.000000000 0.640312298 8.541191101 -0.640312298 0.000000000 -0.768114680 1.082924008 0.000000000 1.000000000 0.000000000 25.143178940
0.000000000 0.384615385 0.666666667 0.384615385 0.500000000 0.000000000 0.000000000 -0.767761611 0.000000000 0.640735599 8.586308479 -0.640735599 0.000000000 -0.767761611 1.083801270 0.000000000 1.000000000 0.000000000 25.180166245
0.000000000 0.384615385 0.666666667 0.384615385 0.500000000 0.000000000 0.000000000 -0.767391553 0.000000000 0.641178762 8.631303787 -0.641178762 0.000000000 -0.767391553 1.083913803 0.000000000 1.000000000 0.000000000 25.218271255
0.000000000 0.384615385 0.666666667 0.384615385 0.500000000 0.000000000 0.000000000 -0.766644838 0.000000000 0.642071408 8.676152229 -0.642071408 0.000000000 -0.766644838 1.083916783 0.000000000 1.000000000 0.000000000 25.256298065
0.000000000 0.384615385 0.666666667 0.384615385 0.500000000 0.000000000 0.000000000 -0.766269168 0.000000000 0.642519698 8.720526695 -0.642519698 0.000000000 -0.766269168 1.082625866 0.000000000 1.000000000 0.000000000 25.293457031
0.000000000 0.384615385 0.666666667 0.384615385 0.500000000 0.000000000 0.000000000 -0.765879072 0.000000000 0.642984640 8.764687538 -0.642984640 0.000000000 -0.765879072 1.082202315 0.000000000 1.000000000 0.000000000 25.330751419
0.000000000 0.384615385 0.666666667 0.384615385 0.500000000 0.000000000 0.000000000 -0.765077934 0.000000000 0.643937695 8.823217392 -0.643937695 0.000000000 -0.765077934 1.083426237 0.000000000 1.000000000 0.000000000 25.380571365
0.000000000 0.384615385 0.666666667 0.384615385 0.500000000 0.000000000 0.000000000 -0.764639086 0.000000000 0.644458740 8.882729530 -0.644458740 0.000000000 -0.764639086 1.083137155 0.000000000 1.000000000 0.000000000 25.429569244
0.000000000 0.384615385 0.666666667 0.384615385 0.500000000 0.000000000 0.000000000 -0.763658817 0.000000000 0.645620021 8.940917969 -0.645620021 0.000000000 -0.763658817 1.083441734 0.000000000 1.000000000 0.000000000 25.479305267
0.000000000 0.384615385 0.666666667 0.384615385 0.500000000 0.000000000 0.000000000 -0.762638264 0.000000000 0.646825230 9.000727654 -0.646825230 0.000000000 -0.762638264 1.083260655 0.000000000 1.000000000 0.000000000 25.528652191
0.000000000 0.384615385 0.666666667 0.384615385 0.500000000 0.000000000 0.000000000 -0.761744801 0.000000000 0.647877194 9.058007240 -0.647877194 0.000000000 -0.761744801 1.082984447 0.000000000 1.000000000 0.000000000 25.578504562
0.000000000 0.384615385 0.666666667 0.384615385 0.500000000 0.000000000 0.000000000 -0.761369151 0.000000000 0.648318606 9.115942001 -0.648318606 0.000000000 -0.761369151 1.084394455 0.000000000 1.000000000 0.000000000 25.628446579
0.000000000 0.384615385 0.666666667 0.384615385 0.500000000 0.000000000 0.000000000 -0.760445746 0.000000000 0.649401469 9.177758217 -0.649401469 0.000000000 -0.760445746 1.081907034 0.000000000 1.000000000 0.000000000 25.680419922
0.000000000 0.384615385 0.666666667 0.384615385 0.500000000 0.000000000 0.000000000 -0.758689970 0.000000000 0.651451863 9.236991882 -0.651451863 0.000000000 -0.758689970 1.081755042 0.000000000 1.000000000 0.000000000 25.729574203
0.000000000 0.384615385 0.666666667 0.384615385 0.500000000 0.000000000 0.000000000 -0.756465381 0.000000000 0.654033736 9.273916245 -0.654033736 0.000000000 -0.756465381 1.083273888 0.000000000 1.000000000 0.000000000 25.762275696
0.000000000 0.384615385 0.666666667 0.384615385 0.500000000 0.000000000 0.000000000 -0.756054310 0.000000000 0.654508884 9.321376801 -0.654508884 0.000000000 -0.756054310 1.083135366 0.000000000 1.000000000 0.000000000 25.804334641
0.000000000 0.384615385 0.666666667 0.384615385 0.500000000 0.000000000 0.000000000 -0.756578412 0.000000000 0.653902979 9.369477272 -0.653902979 0.000000000 -0.756578412 1.083656549 0.000000000 1.000000000 0.000000000 25.845205307
0.000000000 0.384615385 0.666666667 0.384615385 0.500000000 0.000000000 0.000000000 -0.758736288 0.000000000 0.651397916 9.417031288 -0.651397916 0.000000000 -0.758736288 1.083113432 0.000000000 1.000000000 0.000000000 25.884901047
0.000000000 0.384615385 0.666666667 0.384615385 0.500000000 0.000000000 0.000000000 -0.757235406 0.000000000 0.653142051 9.454198837 -0.653142051 0.000000000 -0.757235406 1.082719684 0.000000000 1.000000000 0.000000000 25.918291092
0.000000000 0.384615385 0.666666667 0.384615385 0.500000000 0.000000000 0.000000000 -0.751914069 0.000000000 0.659261126 9.491498947 -0.659261126 0.000000000 -0.751914069 1.082826853 0.000000000 1.000000000 0.000000000 25.951904297
0.000000000 0.384615385 0.666666667 0.384615385 0.500000000 0.000000000 0.000000000 -0.743285014 0.000000000 0.668974878 9.529067039 -0.668974878 0.000000000 -0.743285014 1.083477497 0.000000000 1.000000000 0.000000000 25.985517502
0.000000000 0.384615385 0.666666667 0.384615385 0.500000000 0.000000000 0.000000000 -0.737727527 0.000000000 0.675098582 9.566772461 -0.675098582 0.000000000 -0.737727527 1.083500624 0.000000000 1.000000000 0.000000000 26.018690109
0.000000000 0.384615385 0.666666667 0.384615385 0.500000000 0.000000000 0.000000000 -0.742351902 0.000000000 0.670010190 9.602519035 -0.670010190 0.000000000 -0.742351902 1.083545089 0.000000000 1.000000000 0.000000000 26.053119659
0.000000000 0.384615385 0.666666667 0.384615385 0.500000000 0.000000000 0.000000000 -0.787508813 0.000000000 0.616303390 9.642934799 -0.616303390 0.000000000 -0.787508813 1.083711505 0.000000000 1.000000000 0.000000000 26.082445145
0.000000000 0.384615385 0.666666667 0.384615385 0.500000000 0.000000000 0.000000000 -0.818072445 0.000000000 0.575115184 9.689545631 -0.575115184 0.000000000 -0.818072445 1.083030343 0.000000000 1.000000000 0.000000000 26.101142883
0.000000000 0.384615385 0.666666667 0.384615385 0.500000000 0.000000000 0.000000000 -0.871060128 0.000000000 0.491176398 9.737196922 -0.491176398 0.000000000 -0.871060128 1.082754850 0.000000000 1.000000000 0.000000000 26.086019516
0.000000000 0.384615385 0.666666667 0.384615385 0.500000000 0.000000000 0.000000000 -0.911715320 0.000000000 0.410822560 9.782705307 -0.410822560 0.000000000 -0.911715320 1.082492352 0.000000000 1.000000000 0.000000000 26.064970016
0.000000000 0.384615385 0.666666667 0.384615385 0.500000000 0.000000000 0.000000000 -0.915113820 0.000000000 0.403195606 9.825361252 -0.403195606 0.000000000 -0.915113820 1.082930326 0.000000000 1.000000000 0.000000000 26.037977219
0.000000000 0.384615385 0.666666667 0.384615385 0.500000000 0.000000000 0.000000000 -0.916015213 0.000000000 0.401143528 9.865561485 -0.401143528 0.000000000 -0.916015213 1.081953287 0.000000000 1.000000000 0.000000000 26.008358002
0.000000000 0.384615385 0.666666667 0.384615385 0.500000000 0.000000000 0.000000000 -0.935048640 0.000000000 0.354519450 9.902450562 -0.354519450 0.000000000 -0.935048640 1.081203580 0.000000000 1.000000000 0.000000000 25.976810455
0.000000000 0.384615385 0.666666667 0.384615385 0.500000000 0.000000000 0.000000000 -0.944927369 0.000000000 0.327280104 9.955463409 -0.327280104 0.000000000 -0.944927369 1.081289649 0.000000000 1.000000000 0.000000000 25.927772522
0.000000000 0.384615385 0.666666667 0.384615385 0.500000000 0.000000000 0.000000000 -0.968567824 0.000000000 0.248749615 10.002885818 -0.248749615 0.000000000 -0.968567824 1.082808852 0.000000000 1.000000000 0.000000000 25.875097275
0.000000000 0.384615385 0.666666667 0.384615385 0.500000000 0.000000000 0.000000000 -0.980711530 0.000000000 0.195460722 10.046483994 -0.195460722 0.000000000 -0.980711530 1.083853483 0.000000000 1.000000000 0.000000000 25.819974899
0.000000000 0.384615385 0.666666667 0.384615385 0.500000000 0.000000000 0.000000000 -0.985462040 0.000000000 0.169895754 10.093798637 -0.169895754 0.000000000 -0.985462040 1.083019972 0.000000000 1.000000000 0.000000000 25.754507065