0.000000000 0.384615385 0.666666667 0.384615385 0.500000000 0.000000000 0.000000000 -0.274698157 0.000000000 -0.961530510 -31.210311890 0.961530510 0.000000000 -0.274698157 0.804487288 0.000000000 1.000000000 0.000000000 -1.621933579
0.000000000 0.384615385 0.666666667 0.384615385 0.500000000 0.000000000 0.000000000 -0.273900659 0.000000000 -0.961757989 -31.170047760 0.961757989 0.000000000 -0.273900659 0.800839841 0.000000000 1.000000000 0.000000000 -1.769238234
0.000000000 0.384615385 0.666666667 0.384615385 0.500000000 0.000000000 0.000000000 -0.273052149 0.000000000 -0.961999233 -31.129405975 0.961999233 0.000000000 -0.273052149 0.803793907 0.000000000 1.000000000 0.000000000 -1.918437481
0.000000000 0.384615385 0.666666667 0.384615385 0.500000000 0.000000000 0.000000000 -0.272273338 0.000000000 -0.962219948 -31.085615158 0.962219948 0.000000000 -0.272273338 0.805336893 0.000000000 1.000000000 0.000000000 -2.066445351
0.000000000 0.384615385 0.666666667 0.384615385 0.500000000 0.000000000 0.000000000 -0.271504545 0.000000000 -0.962437157 -31.041978836 0.962437157 0.000000000 -0.271504545 0.801000953 0.000000000 1.000000000 0.000000000 -2.210331917
0.000000000 0.384615385 0.666666667 0.384615385 0.500000000 0.000000000 0.000000000 -0.270745133 0.000000000 -0.962651065 -30.998285294 0.962651065 0.000000000 -0.270745133 0.802333951 0.000000000 1.000000000 0.000000000 -2.370761633
0.000000000 0.384615385 0.666666667 0.384615385 0.500000000 0.000000000 0.000000000 -0.269863221 0.000000000 -0.962898666 -30.945634842 0.962898666 0.000000000 -0.269863221 0.807797849 0.000000000 1.000000000 0.000000000 -2.533925772
0.000000000 0.384615385 0.666666667 0.384615385 0.500000000 0.000000000 0.000000000 -0.269000100 0.000000000 -0.963140149 -30.902286530 0.963140149 0.000000000 -0.269000100 0.811352491 0.000000000 1.000000000 0.000000000 -2.695468664
0.000000000 0.384615385 0.666666667 0.384615385 0.500000000 0.000000000 0.000000000 -0.268199135 0.000000000 -0.963363495 -30.865367889 0.963363495 0.000000000 -0.268199135 0.815864265 0.000000000 1.000000000 0.000000000 -2.839472532
0.000000000 0.384615385 0.666666667 0.384615385 0.500000000 0.000000000 0.000000000 -0.267471894 0.000000000 -0.963565663 -30.828224182 0.963565663 0.000000000 -0.267471894 0.813505828 0.000000000 1.000000000 0.000000000 -2.981894493
0.000000000 0.384615385 0.666666667 0.384615385 0.500000000 0.000000000 0.000000000 -0.266749206 0.000000000 -0.963765978 -30.785829544 0.963765978 0.000000000 -0.266749206 0.821440399 0.000000000 1.000000000 0.000000000 -3.126210928
0.000000000 0.384615385 0.666666667 0.384615385 0.500000000 0.000000000 0.000000000 -0.266031076 0.000000000 -0.963964453 -30.742340088 0.963964453 0.000000000 -0.266031076 0.812329054 0.000000000 1.000000000 0.000000000 -3.275019407
0.000000000 0.384615385 0.666666667 0.384615385 0.500000000 0.000000000 0.000000000 -0.265316250 0.000000000 -0.964161443 -30.704174042 0.964161443 0.000000000 -0.265316250 0.807871103 0.000000000 1.000000000 0.000000000 -3.415781260
0.000000000 0.384615385 0.666666667 0.384615385 0.500000000 0.000000000 0.000000000 -0.264603992 0.000000000 -0.964357158 -30.660070419 0.964357158 0.000000000 -0.264603992 0.799033165 0.000000000 1.000000000 0.000000000 -3.576972485
0.000000000 0.384615385 0.666666667 0.384615385 0.500000000 0.000000000 0.000000000 -0.263818993 0.000000000 -0.964572205 -30.612508774 0.964572205 0.000000000 -0.263818993 0.799213827 0.000000000 1.000000000 0.000000000 -3.741894484
0.000000000 0.384615385 0.666666667 0.384615385 0.500000000 0.000000000 0.000000000 -0.262985476 0.000000000 -0.964799792 -30.575242996 0.964799792 0.000000000 -0.262985476 0.800781250 0.000000000 1.000000000 0.000000000 -3.905644417
0.000000000 0.384615385 0.666666667 0.384615385 0.500000000 0.000000000 0.000000000 -0.262166833 0.000000000 -0.965022565 -30.529829025 0.965022565 0.000000000 -0.262166833 0.796313465 0.000000000 1.000000000 0.000000000 -4.071640491
0.000000000 0.384615385 0.666666667 0.384615385 0.500000000 0.000000000 0.000000000 -0.261403625 0.000000000 -0.965229582 -30.481447220 0.965229582 0.000000000 -0.261403625 0.798315406 0.000000000 1.000000000 0.000000000 -4.232988358
0.000000000 0.384615385 0.666666667 0.384615385 0.500000000 0.000000000 0.000000000 -0.260582425 0.000000000 -0.965451604 -30.432455063 0.965451604 0.000000000 -0.260582425 0.799926758 0.000000000 1.000000000 0.000000000 -4.399550915
0.000000000 0.384615385 0.666666667 0.384615385 0.500000000 0.000000000 0.000000000 -0.259768650 0.000000000 -0.965670880 -30.398075104 0.965670880 0.000000000 -0.259768650 0.796752930 0.000000000 1.000000000 0.000000000 -4.567324162
0.000000000 0.384615385 0.666666667 0.384615385 0.500000000 0.000000000 0.000000000 -0.258958550 0.000000000 -0.965888435 -30.346700668 0.965888435 0.000000000 -0.258958550 0.793681622 0.000000000 1.000000000 0.000000000 -4.731972694
0.000000000 0.384615385 0.666666667 0.384615385 0.500000000 0.000000000 0.000000000 -0.258150683 0.000000000 -0.966104666 -30.299579620 0.966104666 0.000000000 -0.258150683 0.785146475 0.000000000 1.000000000 0.000000000 -4.898144245
0.000000000 0.384615385 0.666666667 0.384615385 0.500000000 0.000000000 0.000000000 -0.257345210 0.000000000 -0.966319535 -30.259613037 0.966319535 0.000000000 -0.257345210 0.790756822 0.000000000 1.000000000 0.000000000 -5.060488224
0.000000000 0.384615385 0.666666667 0.384615385 0.500000000 0.000000000 0.000000000 -0.256539917 0.000000000 -0.966533637 -30.214992523 0.966533637 0.000000000 -0.256539917 0.784379840 0.000000000 1.000000000 0.000000000 -5.233496189
0.000000000 0.384615385 0.666666667 0.384615385 0.500000000 0.000000000 0.000000000 -0.255732375 0.000000000 -0.966747616 -30.171495438 0.966747616 0.000000000 -0.255732375 0.784838855 0.000000000 1.000000000 0.000000000 -5.393730164
0.000000000 0.384615385 0.666666667 0.384615385 0.500000000 0.000000000 0.000000000 -0.254968121 0.000000000 -0.966949459 -30.119728088 0.966949459 0.000000000 -0.254968121 0.776953101 0.000000000 1.000000000 0.000000000 -5.590585709
0.000000000 0.384615385 0.666666667 0.384615385 0.500000000 0.000000000 0.000000000 -0.254014909 0.000000000 -0.967200303 -30.080680847 0.967200303 0.000000000 -0.254014909 0.773642540 0.000000000 1.000000000 0.000000000 -5.762148380
0.000000000 0.384615385 0.666666667 0.384615385 0.500000000 0.000000000 0.000000000 -0.253139099 0.000000000 -0.967429892 -30.028070450 0.967429892 0.000000000 -0.253139099 0.762031257 0.000000000 1.000000000 0.000000000 -5.934198856
0.000000000 0.384615385 0.666666667 0.384615385 0.500000000 0.000000000 0.000000000 -0.252309382 0.000000000 -0.967646617 -29.988527298 0.967646617 0.000000000 -0.252309382 0.764736295 0.000000000 1.000000000 0.000000000 -6.095331669
0.000000000 0.384615385 0.666666667 0.384615385 0.500000000 0.000000000 0.000000000 -0.251541133 0.000000000 -0.967846609 -29.949899673 0.967846609 0.000000000 -0.251541133 0.764013648 0.000000000 1.000000000 0.000000000 -6.251620770
0.000000000 0.384615385 0.666666667 0.384615385 0.500000000 0.000000000 0.000000000 -0.250766055 0.000000000 -0.968047719 -29.905433655 0.968047719 0.000000000 -0.250766055 0.771899402 0.000000000 1.000000000 0.000000000 -6.409179688
0.000000000 0.384615385 0.666666667 0.384615385 0.500000000 0.000000000 0.000000000 -0.249983545 0.000000000 -0.968250085 -29.869955063 0.968250085 0.000000000 -0.249983545 0.770156205 0.000000000 1.000000000 0.000000000 -6.557734013
0.000000000 0.384615385 0.666666667 0.384615385 0.500000000 0.000000000 0.000000000 -0.249193855 0.000000000 -0.968453624 -29.832069397 0.968453624 0.000000000 -0.249193855 0.773134768 0.000000000 1.000000000 0.000000000 -6.715761662
0.000000000 0.384615385 0.666666667 0.384615385 0.500000000 0.000000000 0.000000000 -0.248397756 0.000000000 -0.968658121 -29.788192749 0.968658121 0.000000000 -0.248397756 0.778642535 0.000000000 1.000000000 0.000000000 -6.877675533
0.000000000 0.384615385 0.666666667 0.384615385 0.500000000 0.000000000 0.000000000 -0.247593352 0.000000000 -0.968864042 -29.747568130 0.968864042 0.000000000 -0.247593352 0.779111326 0.000000000 1.000000000 0.000000000 -7.030585766
0.000000000 0.384615385 0.666666667 0.384615385 0.500000000 0.000000000 0.000000000 -0.246778618 0.000000000 -0.969071883 -29.704277039 0.969071883 0.000000000 -0.246778618 0.769643545 0.000000000 1.000000000 0.000000000 -7.181718826
0.000000000 0.384615385 0.666666667 0.384615385 0.500000000 0.000000000 0.000000000 -0.245953664 0.000000000 -0.969281587 -29.668745041 0.969281587 0.000000000 -0.245953664 0.761669934 0.000000000 1.000000000 0.000000000 -7.344726562
0.000000000 0.384615385 0.666666667 0.384615385 0.500000000 0.000000000 0.000000000 -0.245118081 0.000000000 -0.969493232 -29.622009277 0.969493232 0.000000000 -0.245118081 0.761967778 0.000000000 1.000000000 0.000000000 -7.497499943
0.000000000 0.384615385 0.666666667 0.384615385 0.500000000 0.000000000 0.000000000 -0.244271662 0.000000000 -0.969706840 -29.587331772 0.969706840 0.000000000 -0.244271662 0.753120124 0.000000000 1.000000000 0.000000000 -7.656757832
0.000000000 0.384615385 0.666666667 0.384615385 0.500000000 0.000000000 0.000000000 -0.243413942 0.000000000 -0.969922498 -29.553565979 0.969922498 0.000000000 -0.243413942 0.756997049 0.000000000 1.000000000 0.000000000 -7.812167645
0.000000000 0.384615385 0.666666667 0.384615385 0.500000000 0.000000000 0.000000000 -0.242541745 0.000000000 -0.970140970 -29.507818222 0.970140970 0.000000000 -0.242541745 0.753090799 0.000000000 1.000000000 0.000000000 -7.960917950
0.000000000 0.384615385 0.666666667 0.384615385 0.500000000 0.000000000 0.000000000 -0.241654256 0.000000000 -0.970362417 -29.479850769 0.970362417 0.000000000 -0.241654256 0.757314444 0.000000000 1.000000000 0.000000000 -8.098202705
0.000000000 0.384615385 0.666666667 0.384615385 0.500000000 0.000000000 0.000000000 -0.240897890 0.000000000 -0.970550466 -29.447120667 0.970550466 0.000000000 -0.240897890 0.755307615 0.000000000 1.000000000 0.000000000 -8.239569664
0.000000000 0.384615385 0.666666667 0.384615385 0.500000000 0.000000000 0.000000000 -0.240068331 0.000000000 -0.970755992 -29.408586502 0.970755992 0.000000000 -0.240068331 0.764379859 0.000000000 1.000000000 0.000000000 -8.380117416
0.000000000 0.384615385 0.666666667 0.384615385 0.500000000 0.000000000 0.000000000 -0.239286877 0.000000000 -0.970948912 -29.374647141 0.970948912 0.000000000 -0.239286877 0.770263672 0.000000000 1.000000000 0.000000000 -8.518222809
0.000000000 0.384615385 0.666666667 0.384615385 0.500000000 0.000000000 0.000000000 -0.238481014 0.000000000 -0.971147160 -29.342992783 0.971147160 0.000000000 -0.238481014 0.778320312 0.000000000 1.000000000 0.000000000 -8.651445389
0.000000000 0.384615385 0.666666667 0.384615385 0.500000000 0.000000000 0.000000000 -0.237654662 0.000000000 -0.971349711 -29.300323486 0.971349711 0.000000000 -0.237654662 0.779882789 0.000000000 1.000000000 0.000000000 -8.812440872
0.000000000 0.384615385 0.666666667 0.384615385 0.500000000 0.000000000 0.000000000 -0.236652441 0.000000000 -0.971594371 -29.261957169 0.971594371 0.000000000 -0.236652441 0.792045891 0.000000000 1.000000000 0.000000000 -8.981874466
0.000000000 0.384615385 0.666666667 0.384615385 0.500000000 0.000000000 0.000000000 -0.235539417 0.000000000 -0.971864797 -29.213085175 0.971864797 0.000000000 -0.235539417 0.789614260 0.000000000 1.000000000 0.000000000 -9.159628868
0.000000000 0.384615385 0.666666667 0.384615385 0.500000000 0.000000000 0.000000000 -0.234250983 0.000000000 -0.972176155 -29.177465439 0.972176155 0.000000000 -0.234250983 0.793999016 0.000000000 1.000000000 0.000000000 -9.343867302
0.000000000 0.384615385 0.666666667 0.384615385 0.500000000 0.000000000 0.000000000 -0.233020052 0.000000000 -0.972471930 -29.119737625 0.972471930 0.000000000 -0.233020052 0.782944322 0.000000000 1.000000000 0.000000000 -9.551562309
0.000000000 0.384615385 0.666666667 0.384615385 0.500000000 0.000000000 0.000000000 -0.231562782 0.000000000 -0.972819962 -29.078813553 0.972819962 0.000000000 -0.231562782 0.785307586 0.000000000 1.000000000 0.000000000 -9.735273361
0.000000000 0.384615385 0.666666667 0.384615385 0.500000000 0.000000000 0.000000000 -0.230162110 0.000000000 -0.973152302 -29.026340485 0.973152302 0.000000000 -0.230162110 0.790307581 0.000000000 1.000000000 0.000000000 -9.927206993
0.000000000 0.384615385 0.666666667 0.384615385 0.500000000 0.000000000 0.000000000 -0.228713926 0.000000000 -0.973493677 -28.983140945 0.973493677 0.000000000 -0.228713926 0.785478473 0.000000000 1.000000000 0.000000000 -10.120956421
0.000000000 0.384615385 0.666666667 0.384615385 0.500000000 0.000000000 0.000000000 -0.227211557 0.000000000 -0.973845423 -28.947360992 0.973845423 0.000000000 -0.227211557 0.793242157 0.000000000 1.000000000 0.000000000 -10.303769112
0.000000000 0.384615385 0.666666667 0.384615385 0.500000000 0.000000000 0.000000000 -0.225647930 0.000000000 -0.974208916 -28.901422501 0.974208916 0.000000000 -0.225647930 0.788730443 0.000000000 1.000000000 0.000000000 -10.498691559
0.000000000 0.384615385 0.666666667 0.384615385 0.500000000 0.000000000 0.000000000 -0.224016209 0.000000000 -0.974585419 -28.851524353 0.974585419 0.000000000 -0.224016209 0.788574219 0.000000000 1.000000000 0.000000000 -10.689218521
0.000000000 0.384615385 0.666666667 0.384615385 0.500000000 0.000000000 0.000000000 -0.222308644 0.000000000 -0.974976342 -28.812877655 0.974976342 0.000000000 -0.222308644 0.786157191 0.000000000 1.000000000 0.000000000 -10.884609222
0.000000000 0.384615385 0.666666667 0.384615385 0.500000000 0.000000000 0.000000000 -0.220516362 0.000000000 -0.975383275 -28.773796082 0.975383275 0.000000000 -0.220516362 0.792788088 0.000000000 1.000000000 0.000000000 -11.074960709
0.000000000 0.384615385 0.666666667 0.384615385 0.500000000 0.000000000 0.000000000 -0.218629926 0.000000000 -0.975807848 -28.728668213 0.975807848 0.000000000 -0.218629926 0.793120086 0.000000000 1.000000000 0.000000000 -11.260253906
0.000000000 0.384615385 0.666666667 0.384615385 0.500000000 0.000000000 0.000000000 -0.216638676 0.000000000 -0.976251855 -28.685653687 0.976251855 0.000000000 -0.216638676 0.794409156 0.000000000 1.000000000 0.000000000 -11.475019455
0.000000000 0.384615385 0.666666667 0.384615385 0.500000000 0.000000000 0.000000000 -0.214339284 0.000000000 -0.976759270 -28.637628555 0.976759270 0.000000000 -0.214339284 0.797846675 0.000000000 1.000000000 0.000000000 -11.684354782
0.000000000 0.384615385 0.666666667 0.384615385 0.500000000 0.000000000 0.000000000 -0.211759684 0.000000000 -0.977321767 -28.576393127 0.977321767 0.000000000 -0.211759684 0.799116194 0.000000000 1.000000000 0.000000000 -11.899745941
0.000000000 0.384615385 0.666666667 0.384615385 0.500000000 0.000000000 0.000000000 -0.209023357 0.000000000 -0.977910648 -28.536144257 0.977910648 0.000000000 -0.209023357 0.804609358 0.000000000 1.000000000 0.000000000 -12.111151695
0.000000000 0.384615385 0.666666667 0.384615385 0.500000000 0.000000000 0.000000000 -0.206216104 0.000000000 -0.978506473 -28.498365402 0.978506473 0.000000000 -0.206216104 0.799492180 0.000000000 1.000000000 0.000000000 -12.321367264
0.000000000 0.384615385 0.666666667 0.384615385 0.500000000 0.000000000 0.000000000 -0.203002381 0.000000000 -0.979178244 -28.452367783 0.979178244 0.000000000 -0.203002381 0.809042931 0.000000000 1.000000000 0.000000000 -12.532167435
0.000000000 0.384615385 0.666666667 0.384615385 0.500000000 0.000000000 0.000000000 -0.199677645 0.000000000 -0.979861642 -28.412817001 0.979861642 0.000000000 -0.199677645 0.814443350 0.000000000 1.000000000 0.000000000 -12.744297028
0.000000000 0.384615385 0.666666667 0.384615385 0.500000000 0.000000000 0.000000000 -0.195821985 0.000000000 -0.980639460 -28.366292953 0.980639460 0.000000000 -0.195821985 0.810805619 0.000000000 1.000000000 0.000000000 -12.953242302
0.000000000 0.384615385 0.666666667 0.384615385 0.500000000 0.000000000 0.000000000 -0.191588362 0.000000000 -0.981475369 -28.334630966 0.981475369 0.000000000 -0.191588362 0.812246084 0.000000000 1.000000000 0.000000000 -13.155429840
0.000000000 0.384615385 0.666666667 0.384615385 0.500000000 0.000000000 0.000000000 -0.187083993 0.000000000 -0.982343921 -28.284879684 0.982343921 0.000000000 -0.187083993 0.814340830 0.000000000 1.000000000 0.000000000 -13.369979858
0.000000000 0.384615385 0.666666667 0.384615385 0.500000000 0.000000000 0.000000000 -0.181711585 0.000000000 -0.983351870 -28.254768372 0.983351870 0.000000000 -0.181711585 0.813588858 0.000000000 1.000000000 0.000000000 -13.586269379
0.000000000 0.384615385 0.666666667 0.384615385 0.500000000 0.000000000 0.000000000 -0.175887825 0.000000000 -0.984410216 -28.208391190 0.984410216 0.000000000 -0.175887825 0.813696265 0.000000000 1.000000000 0.000000000 -13.776952744
0.000000000 0.384615385 0.666666667 0.384615385 0.500000000 0.000000000 0.000000000 -0.169633852 0.000000000 -0.985507157 -28.184974670 0.985507157 0.000000000 -0.169633852 0.812968731 0.000000000 1.000000000 0.000000000 -13.975273132
0.000000000 0.384615385 0.666666667 0.384615385 0.500000000 0.000000000 0.000000000 -0.161972897 0.000000000 -0.986795207 -28.148475647 0.986795207 0.000000000 -0.161972897 0.816923797 0.000000000 1.000000000 0.000000000 -14.190019608
0.000000000 0.384615385 0.666666667 0.384615385 0.500000000 0.000000000 0.000000000 -0.152167509 0.000000000 -0.988354718 -28.116621017 0.988354718 0.000000000 -0.152167509 0.823608398 0.000000000 1.000000000 0.000000000 -14.421288490
0.000000000 0.384615385 0.666666667 0.384615385 0.500000000 0.000000000 0.000000000 -0.151264822 0.000000000 -0.988493274 -28.082458496 0.988493274 0.000000000 -0.151264822 0.816821277 0.000000000 1.000000000 0.000000000 -14.641874313
0.000000000 0.384615385 0.666666667 0.384615385 0.500000000 0.000000000 0.000000000 -0.122886447 0.000000000 -0.992420738 -28.053213120 0.992420738 0.000000000 -0.122886447 0.834848642 0.000000000 1.000000000 0.000000000 -14.876054764
0.000000000 0.384615385 0.666666667 0.384615385 0.500000000 0.000000000 0.000000000 -0.099395977 0.000000000 -0.995047959 -28.034278870 0.995047959 0.000000000 -0.099395977 0.834545851 0.000000000 1.000000000 0.000000000 -15.105135918
0.000000000 0.384615385 0.666666667 0.384615385 0.500000000 0.000000000 0.000000000 -0.004520473 0.000000000 -0.999989783 -28.066793442 0.999989783 0.000000000 -0.004520473 0.826806605 0.000000000 1.000000000 0.000000000 -14.867890358
0.000000000 0.384615385 0.666666667 0.384615385 0.500000000 0.000000000 0.000000000 0.079561382 0.000000000 -0.996829969 -28.117975235 0.996829969 0.000000000 0.079561382 0.822534144 0.000000000 1.000000000 0.000000000 -14.652675629
0.000000000 0.384615385 0.666666667 0.384615385 0.500000000 0.000000000 0.000000000 0.126691931 0.000000000 -0.991942113 -28.192237854 0.991942113 0.000000000 0.126691931 0.817509770 0.000000000 1.000000000 0.000000000 -14.430429459