0.000000000 0.500000000 0.666666667 0.500000000 0.500000000 0.000000000 0.000000000 0.244182558 -0.969729281 -0.000000000 0.000000000 0.000000000 1.000000000 -0.969729281 -0.244182558 0.000000000 -1.278370619 -1.259462833 -25.113109589
0.000000000 0.500000000 0.666666667 0.500000000 0.500000000 0.000000000 0.000000000 0.254242828 -0.967105386 -0.008231444 -0.023821361 -0.014770490 0.999607111 -0.966847003 -0.253946854 -0.026793058 -1.253045559 -1.113385558 -25.165004730
0.000000000 0.500000000 0.666666667 0.500000000 0.500000000 0.000000000 0.000000000 0.265850028 -0.963875491 -0.016364594 -0.049181279 -0.030514320 0.998323634 -0.962759038 -0.264599534 -0.055516862 -1.226427555 -0.959538579 -25.219711304
0.000000000 0.500000000 0.666666667 0.500000000 0.500000000 0.000000000 0.000000000 0.278764292 -0.960052846 -0.024269375 -0.075702882 -0.047159812 0.996014571 -0.957371163 -0.275816035 -0.085825239 -1.196186543 -0.798525393 -25.277612686
0.000000000 0.500000000 0.666666667 0.500000000 0.500000000 0.000000000 0.000000000 0.292733635 -0.955664017 -0.031832453 -0.103011169 -0.064615873 0.992579210 -0.950629117 -0.287282222 -0.117359307 -1.139435291 -0.638301373 -25.342187881
0.000000000 0.500000000 0.666666667 0.500000000 0.500000000 0.000000000 0.000000000 0.307500710 -0.950749933 -0.038959968 -0.130737370 -0.082768944 0.987955992 -0.942523768 -0.298703645 -0.149750055 -1.047073841 -0.487811893 -25.413076401
0.000000000 0.500000000 0.666666667 0.500000000 0.500000000 0.000000000 0.000000000 0.322802421 -0.945368111 -0.045582137 -0.158523021 -0.101483240 0.982126063 -0.933096484 -0.309806853 -0.182621644 -0.926640689 -0.348261714 -25.487943649
0.000000000 0.500000000 0.666666667 0.500000000 0.500000000 0.000000000 0.000000000 0.338371860 -0.939593541 -0.051657151 -0.186025807 -0.120602749 0.975115058 -0.922441805 -0.320341933 -0.215597223 -0.784152806 -0.218756706 -25.565454483
0.000000000 0.500000000 0.666666667 0.500000000 0.500000000 0.000000000 0.000000000 0.353942435 -0.933518290 -0.057169532 -0.212923347 -0.139949284 0.966994233 -0.910707638 -0.330087565 -0.248301829 -0.623070240 -0.098517455 -25.644866943
0.000000000 0.500000000 0.666666667 0.500000000 0.500000000 0.000000000 0.000000000 0.369250834 -0.927250303 -0.062134510 -0.238917793 -0.159329091 0.957879183 -0.898093598 -0.338852647 -0.280368996 -0.447610021 0.016455688 -25.725120544
0.000000000 0.500000000 0.666666667 0.500000000 0.500000000 0.000000000 0.000000000 0.384037941 -0.920912471 -0.066596402 -0.263739069 -0.178534225 0.947927863 -0.884848328 -0.346476191 -0.311444514 -0.258203834 0.126279905 -25.805028915
0.000000000 0.500000000 0.666666667 0.500000000 0.500000000 0.000000000 0.000000000 0.398051636 -0.914640294 -0.070625969 -0.287146703 -0.197344892 0.937337594 -0.871264406 -0.352828749 -0.341189402 -0.055651922 0.231629640 -25.883808136
0.000000000 0.500000000 0.666666667 0.500000000 0.500000000 0.000000000 0.000000000 0.411047349 -0.908579407 -0.074320517 -0.308931507 -0.215535962 0.926339880 -0.857672083 -0.357809602 -0.369284291 0.159930676 0.332261950 -25.960575104
0.000000000 0.500000000 0.666666667 0.500000000 0.500000000 0.000000000 0.000000000 0.422790178 -0.902882008 -0.077798107 -0.328913373 -0.232878552 0.915195921 -0.844431441 -0.361347009 -0.395428731 0.388689250 0.427440166 -26.034248352
0.000000000 0.500000000 0.666666667 0.500000000 0.500000000 0.000000000 0.000000000 0.433050711 -0.897705044 -0.081195667 -0.346940405 -0.249145388 0.904189655 -0.831925139 -0.363389915 -0.419342738 0.630907893 0.515972912 -26.103471756
0.000000000 0.500000000 0.666666667 0.500000000 0.500000000 0.000000000 0.000000000 0.441605845 -0.893205814 -0.084661983 -0.362883081 -0.264112813 0.893622007 -0.820548686 -0.363906300 -0.440763040 0.886931419 0.596147418 -26.166507721
0.000000000 0.500000000 0.666666667 0.500000000 0.500000000 0.000000000 0.000000000 0.448235539 -0.889538403 -0.088353444 -0.376629554 -0.277566165 0.883802695 -0.810700364 -0.362875259 -0.459441471 1.157054901 0.665596902 -26.221073151
0.000000000 0.500000000 0.666666667 0.500000000 0.500000000 0.000000000 0.000000000 0.452717151 -0.886851083 -0.092424763 -0.388077368 -0.289298876 0.875044066 -0.802772158 -0.360279498 -0.475137397 1.440980911 0.722604990 -26.265102386
0.000000000 0.500000000 0.666666667 0.500000000 0.500000000 0.000000000 0.000000000 0.454821328 -0.885281681 -0.097025278 -0.397123858 -0.299119035 0.867652260 -0.797138759 -0.356095701 -0.487612193 1.727958083 0.767669678 -26.297792435
0.000000000 0.500000000 0.666666667 0.500000000 0.500000000 0.000000000 0.000000000 0.454306118 -0.884953797 -0.102287479 -0.403656606 -0.306849043 0.861919375 -0.794145639 -0.350286229 -0.496620844 2.016542673 0.803862274 -26.320404053
0.000000000 0.500000000 0.666666667 0.500000000 0.500000000 0.000000000 0.000000000 0.450910030 -0.885972429 -0.108318974 -0.407540624 -0.312328353 0.858115167 -0.794097465 -0.342788353 -0.501901744 2.305742025 0.834136963 -26.334241867
0.000000000 0.500000000 0.666666667 0.500000000 0.500000000 0.000000000 0.000000000 0.444431138 -0.888818277 -0.111727504 -0.408673651 -0.312155130 0.857639214 -0.797161722 -0.335501485 -0.501968070 2.594950199 0.861636937 -26.340492249
0.000000000 0.500000000 0.666666667 0.500000000 0.500000000 0.000000000 0.000000000 0.434981487 -0.892605340 -0.118519255 -0.407176661 -0.312383923 0.858267704 -0.803117845 -0.325072287 -0.499329285 2.883541822 0.888579071 -26.339862823
0.000000000 0.500000000 0.666666667 0.500000000 0.500000000 0.000000000 0.000000000 0.422746769 -0.897118566 -0.128309969 -0.403195749 -0.312987318 0.859925652 -0.811614661 -0.311796757 -0.494028769 3.171117067 0.917560995 -26.333934784
0.000000000 0.500000000 0.666666667 0.500000000 0.500000000 0.000000000 0.000000000 0.407911722 -0.902361896 -0.139108000 -0.396848086 -0.312445480 0.863069765 -0.822264935 -0.296851530 -0.485550765 3.457355499 0.950946033 -26.323852539
0.000000000 0.500000000 0.666666667 0.500000000 0.500000000 0.000000000 0.000000000 0.390667518 -0.908631379 -0.147539511 -0.388231747 -0.307957660 0.868584015 -0.834658614 -0.282048039 -0.473068602 3.741931915 0.991059542 -26.310731888
0.000000000 0.500000000 0.666666667 0.500000000 0.500000000 0.000000000 0.000000000 0.371217802 -0.915379796 -0.155811334 -0.377436331 -0.302066817 0.875384175 -0.848374422 -0.266149331 -0.457630171 4.024645805 1.037482858 -26.294502258
0.000000000 0.500000000 0.666666667 0.500000000 0.500000000 0.000000000 0.000000000 0.349784333 -0.922419253 -0.163687636 -0.364552110 -0.294972425 0.883228752 -0.862990544 -0.249266907 -0.439446618 4.305564404 1.088659644 -26.274915695
0.000000000 0.500000000 0.666666667 0.500000000 0.500000000 0.000000000 0.000000000 0.326611074 -0.929572359 -0.170939860 -0.349678107 -0.286868304 0.891869832 -0.878094772 -0.231520637 -0.418745468 4.584782124 1.143248320 -26.251800537
0.000000000 0.500000000 0.666666667 0.500000000 0.500000000 0.000000000 0.000000000 0.301965633 -0.936676227 -0.177353891 -0.332928243 -0.277939494 0.901059611 -0.893294767 -0.213042917 -0.395774146 4.862344742 1.200002432 -26.224287033
0.000000000 0.500000000 0.666666667 0.500000000 0.500000000 0.000000000 0.000000000 0.276140232 -0.943585326 -0.182738351 -0.314436537 -0.268361561 0.910555730 -0.908226974 -0.193981457 -0.370803126 5.138659477 1.257119060 -26.193838120
0.000000000 0.500000000 0.666666667 0.500000000 0.500000000 0.000000000 0.000000000 0.249451126 -0.950174925 -0.186927120 -0.294360321 -0.258294974 0.920128093 -0.922564977 -0.174503062 -0.344125768 5.413825035 1.314215064 -26.161029816
0.000000000 0.500000000 0.666666667 0.500000000 0.500000000 0.000000000 0.000000000 0.222235379 -0.956342865 -0.189788729 -0.272882753 -0.247886787 0.929562878 -0.936026944 -0.154791687 -0.316058688 5.687830448 1.370432138 -26.124691010
0.000000000 0.500000000 0.666666667 0.500000000 0.500000000 0.000000000 0.000000000 0.194848190 -0.962011921 -0.191225645 -0.250211941 -0.237264160 0.938669113 -0.948381868 -0.135051038 -0.286937362 5.960868835 1.425433278 -26.086338043
0.000000000 0.500000000 0.666666667 0.500000000 0.500000000 0.000000000 0.000000000 0.167657499 -0.967130107 -0.191181376 -0.226582135 -0.226536950 0.947281134 -0.959453750 -0.115500502 -0.257115023 6.232946873 1.479409099 -26.046409607
0.000000000 0.500000000 0.666666667 0.500000000 0.500000000 0.000000000 0.000000000 0.141040807 -0.971671475 -0.189636588 -0.202250006 -0.215791530 0.955263812 -0.969124567 -0.096377178 -0.226955973 6.504127026 1.531097412 -26.003959656
0.000000000 0.500000000 0.666666667 0.500000000 0.500000000 0.000000000 0.000000000 0.115376889 -0.975634937 -0.186613622 -0.177493362 -0.205093923 0.962513683 -0.977335296 -0.077929155 -0.196831824 6.774399280 1.582066655 -25.961025238
0.000000000 0.500000000 0.666666667 0.500000000 0.500000000 0.000000000 0.000000000 0.091043829 -0.979042774 -0.182170986 -0.152606746 -0.194486454 0.968961403 -0.984084449 -0.060417435 -0.167115323 7.043847084 1.630230665 -25.915859222
0.000000000 0.500000000 0.666666667 0.500000000 0.500000000 0.000000000 0.000000000 0.068412220 -0.981937755 -0.176402985 -0.127898462 -0.183990410 0.974571451 -0.989424960 -0.044110926 -0.138175521 7.312406063 1.677740455 -25.870512009
0.000000000 0.500000000 0.666666667 0.500000000 0.500000000 0.000000000 0.000000000 0.047841712 -0.984379701 -0.169433688 -0.103687388 -0.173605814 0.979341589 -0.993458653 -0.029285242 -0.110373360 7.579976082 1.722498774 -25.822431564
0.000000000 0.500000000 0.666666667 0.500000000 0.500000000 0.000000000 0.000000000 0.029678494 -0.986440797 -0.161411712 -0.080298546 -0.163313833 0.983300938 -0.996328927 -0.016221765 -0.084056670 7.846614361 1.765862942 -25.773237228
0.000000000 0.500000000 0.666666667 0.500000000 0.500000000 0.000000000 0.000000000 0.014173078 -0.988200852 -0.152506395 -0.058007911 -0.153077449 0.986510201 -0.998215511 -0.005135308 -0.059493046 8.112223625 1.807540297 -25.722425461
0.000000000 0.500000000 0.666666667 0.500000000 0.500000000 0.000000000 0.000000000 0.001243848 -0.989736668 -0.142897798 -0.036876067 -0.142846114 0.989057705 -0.999319072 0.004039271 -0.036675275 8.376663208 1.846000910 -25.668003082
0.000000000 0.500000000 0.666666667 0.500000000 0.500000000 0.000000000 0.000000000 -0.009280451 -0.991106463 -0.132747325 -0.016902241 -0.132578597 0.991028370 -0.999814076 0.011440917 -0.015521532 8.640243530 1.884348154 -25.613954544
0.000000000 0.500000000 0.666666667 0.500000000 0.500000000 0.000000000 0.000000000 -0.017578740 -0.992350243 -0.122196490 0.001922261 -0.122248692 0.992497638 -0.999843634 0.017211965 0.004056534 8.902179718 1.917783141 -25.553745270
0.000000000 0.500000000 0.666666667 0.500000000 0.500000000 0.000000000 0.000000000 -0.023834789 -0.993493507 -0.111366759 0.019612385 -0.111841646 0.993532486 -0.999523515 0.021496470 0.022150499 9.163138390 1.950345397 -25.492851257
0.000000000 0.500000000 0.666666667 0.500000000 0.500000000 0.000000000 0.000000000 -0.028235283 -0.994550175 -0.100362937 0.036189778 -0.101354215 0.994191945 -0.998945979 0.024439179 0.038854315 9.422770500 1.980799556 -25.429521561
0.000000000 0.500000000 0.666666667 0.500000000 0.500000000 0.000000000 0.000000000 -0.030970074 -0.995525384 -0.089275214 0.051680111 -0.090793492 0.994527882 -0.998183360 0.026186849 0.054260743 9.680423737 2.006436825 -25.359994888
0.000000000 0.500000000 0.666666667 0.500000000 0.500000000 0.000000000 0.000000000 -0.032229445 -0.996418093 -0.078180858 0.066114783 -0.080175588 0.994585698 -0.997291381 0.026886035 0.068461981 9.937235832 2.032001972 -25.290815353
0.000000000 0.500000000 0.666666667 0.500000000 0.500000000 0.000000000 0.000000000 -0.032203624 -0.997223181 -0.067148003 0.079530053 -0.069526519 0.994404864 -0.996312149 0.026683156 0.081548218 10.191350937 2.051809073 -25.214101791
0.000000000 0.500000000 0.666666667 0.500000000 0.500000000 0.000000000 0.000000000 -0.031083815 -0.997933689 -0.056232994 0.091966232 -0.058877039 0.994019973 -0.995276850 0.025726397 0.093606324 10.443799019 2.069017172 -25.134212494
0.000000000 0.500000000 0.666666667 0.500000000 0.500000000 0.000000000 0.000000000 -0.029060097 -0.998542209 -0.045485900 0.103468968 -0.048265643 0.993460920 -0.994208068 0.024163692 0.104720736 10.695080757 2.085395575 -25.053607941
0.000000000 0.500000000 0.666666667 0.500000000 0.500000000 0.000000000 0.000000000 -0.026321535 -0.999042352 -0.034950748 0.114086951 -0.037736570 0.992753806 -0.993122019 0.022143380 0.114970980 10.941503525 2.092385292 -24.960596085
0.000000000 0.500000000 0.666666667 0.500000000 0.500000000 0.000000000 0.000000000 -0.023056580 -0.999429868 -0.024664419 0.123873779 -0.027336855 0.991921359 -0.992030081 0.019815040 0.124433448 11.187108040 2.099339485 -24.867923737
0.000000000 0.500000000 0.666666667 0.500000000 0.500000000 0.000000000 0.000000000 -0.019452492 -0.999703294 -0.014660276 0.132887364 -0.017118159 0.990983308 -0.990940235 0.017328929 0.133180926 11.428453445 2.100102425 -24.767402649
0.000000000 0.500000000 0.666666667 0.500000000 0.500000000 0.000000000 0.000000000 -0.015694607 -0.999864486 -0.004968858 0.141189770 -0.007135840 0.989956832 -0.989858135 0.014835432 0.141282631 11.665450096 2.094501972 -24.658798218
0.000000000 0.500000000 0.666666667 0.500000000 0.500000000 0.000000000 0.000000000 -0.011967060 -0.999918786 0.004383088 0.148846563 0.002553198 0.988857008 -0.988787889 0.012486119 0.148803921 11.901650429 2.088887930 -24.550537109
0.000000000 0.500000000 0.666666667 0.500000000 0.500000000 0.000000000 0.000000000 -0.008452744 -0.999874871 0.013371330 0.155926248 0.011890307 0.987697133 -0.987732533 0.010433692 0.155806231 12.126329422 2.068308115 -24.423559189
0.000000000 0.500000000 0.666666667 0.500000000 0.500000000 0.000000000 0.000000000 -0.005332226 -0.999744342 0.021973122 0.162501307 0.020815066 0.986488752 -0.986693920 0.008830842 0.162348771 12.349899292 2.047255755 -24.296318054
0.000000000 0.500000000 0.666666667 0.500000000 0.500000000 0.000000000 0.000000000 -0.002784793 -0.999540977 0.030167542 0.168646577 0.029266118 0.985242014 -0.985672652 0.007831348 0.168487664 12.566020012 2.019315243 -24.160224915
0.000000000 0.500000000 0.666666667 0.500000000 0.500000000 0.000000000 0.000000000 -0.000988503 -0.999279718 0.037935056 0.174439137 0.037181142 0.983965726 -0.984667462 0.007590012 0.174276738 12.775360107 1.985161066 -24.016157150
0.000000000 0.500000000 0.666666667 0.500000000 0.500000000 0.000000000 0.000000000 -0.000070170 -0.998975534 0.045253479 0.179938555 0.044502232 0.982670681 -0.983677849 0.008211799 0.179751092 12.981979370 1.949500680 -23.870204926
0.000000000 0.500000000 0.666666667 0.500000000 0.500000000 0.000000000 0.000000000 0.000040389 -0.998642638 0.052085309 0.185128260 0.051192448 0.981380080 -0.982714366 0.009602825 0.184879041 13.182156563 1.903531432 -23.706737518
0.000000000 0.500000000 0.666666667 0.500000000 0.500000000 0.000000000 0.000000000 -0.000537755 -0.998293855 0.058387416 0.189968706 0.057222216 0.980121170 -0.981789999 0.011618847 0.189613820 13.387553215 1.856259704 -23.538934708
0.000000000 0.500000000 0.666666667 0.500000000 0.500000000 0.000000000 0.000000000 -0.001685248 -0.997941115 0.064114672 0.194418998 0.062564388 0.978921320 -0.980917129 0.014114835 0.193913275 13.584140778 1.799849868 -23.353237152
0.000000000 0.500000000 0.666666667 0.500000000 0.500000000 0.000000000 0.000000000 -0.003284757 -0.997595984 0.069220397 0.198434604 0.067193990 0.977808097 -0.980108626 0.016947584 0.197736848 13.784454346 1.741296291 -23.161781311
0.000000000 0.500000000 0.666666667 0.500000000 0.500000000 0.000000000 0.000000000 -0.005217371 -0.997270068 0.073655898 0.201969603 0.071088020 0.976808463 -0.979377894 0.019972625 0.201047347 13.974042892 1.676752925 -22.955247879
0.000000000 0.500000000 0.666666667 0.500000000 0.500000000 0.000000000 0.000000000 -0.007365429 -0.996975144 0.077371270 0.204976520 0.074225146 0.975948387 -0.978739177 0.023047572 0.203809796 14.164854050 1.610469937 -22.743953705
0.000000000 0.500000000 0.666666667 0.500000000 0.500000000 0.000000000 0.000000000 -0.009609659 -0.996723200 0.080315111 0.207404726 0.076585400 0.975252765 -0.978208022 0.026029580 0.205989142 14.343062401 1.540850759 -22.516981125
0.000000000 0.500000000 0.666666667 0.500000000 0.500000000 0.000000000 0.000000000 -0.011831056 -0.996526206 0.082435105 0.209204612 0.078149497 0.974744113 -0.977800315 0.028778057 0.207553287 14.516926765 1.471881032 -22.288930893
0.000000000 0.500000000 0.666666667 0.500000000 0.500000000 0.000000000 0.000000000 -0.013908654 -0.996395753 0.083678266 0.210324272 0.078898724 0.974442760 -0.977532736 0.031152758 0.208468836 14.677931786 1.404498219 -22.053304672
0.000000000 0.500000000 0.666666667 0.500000000 0.500000000 0.000000000 0.000000000 -0.015720805 -0.996342482 0.083991162 0.210712713 0.078813797 0.974365710 -0.977421613 0.033015819 0.208703012 14.830868721 1.340380788 -21.813905716
0.000000000 0.500000000 0.666666667 0.500000000 0.500000000 0.000000000 0.000000000 -0.017143568 -0.996375319 0.083320590 0.210318034 0.077874791 0.974526470 -0.977482697 0.034230683 0.208220646 14.975699425 1.279538512 -21.570713043
0.000000000 0.500000000 0.666666667 0.500000000 0.500000000 0.000000000 0.000000000 -0.018050678 -0.996500560 0.081613771 0.209090527 0.076059971 0.974933861 -0.977729679 0.034662883 0.206985893 15.107642174 1.228695035 -21.320325851
0.000000000 0.500000000 0.666666667 0.500000000 0.500000000 0.000000000 0.000000000 -0.018312764 -0.996720724 0.078819035 0.206980053 0.073345361 0.975591982 -0.978173758 0.034179753 0.204958152 15.232169151 1.183279991 -21.067373276
0.000000000 0.500000000 0.666666667 0.500000000 0.500000000 0.000000000 0.000000000 -0.017797545 -0.997033236 0.074886402 0.203938451 0.069703696 0.976499105 -0.978821922 0.032651504 0.202092859 15.346714973 1.145258784 -20.810516357
0.000000000 0.500000000 0.666666667 0.500000000 0.500000000 0.000000000 0.000000000 -0.016368326 -0.997428915 0.069768459 0.199921711 0.065103897 0.977646558 -0.979675144 0.029950668 0.198342054 15.448548317 1.116468430 -20.549364090
0.000000000 0.500000000 0.666666667 0.500000000 0.500000000 0.000000000 0.000000000 -0.013884286 -0.997890283 0.063420899 0.194886548 0.059509941 0.979018795 -0.980727516 0.025952857 0.193649139 15.542164803 1.093327641 -20.286771774
0.000000000 0.500000000 0.666666667 0.500000000 0.500000000 0.000000000 0.000000000 -0.010200083 -0.998389647 0.055803865 0.188796151 0.052880216 0.980591503 -0.981963325 0.020537670 0.187952740 15.627587318 1.075723887 -20.023012161
0.000000000 0.500000000 0.666666667 0.500000000 0.500000000 0.000000000 0.000000000 -0.005164851 -0.998887040 0.046882900 0.181616957 0.045166795 0.982331534 -0.983355788 0.013588325 0.181181544 15.704585075 1.063642502 -19.758436203
0.000000000 0.500000000 0.666666667 0.500000000 0.500000000 0.000000000 0.000000000 0.001377739 -0.999327932 0.036630401 0.173321889 0.036314674 0.984195492 -0.984864267 0.004992886 0.173255437 15.774943352 1.055539489 -19.493988037
