0.000000000 0.384615385 0.666666667 0.384615385 0.500000000 0.000000000 0.000000000 -0.064183249 0.000000000 -0.997938130 -4.550671101 0.997938130 0.000000000 -0.064183249 0.392742842 0.000000000 1.000000000 0.000000000 -72.034454346
0.000000000 0.384615385 0.666666667 0.384615385 0.500000000 0.000000000 0.000000000 -0.047003874 0.000000000 -0.998894707 -4.374742508 0.998894707 0.000000000 -0.047003874 0.364295810 0.000000000 1.000000000 0.000000000 -72.459373474
0.000000000 0.384615385 0.666666667 0.384615385 0.500000000 0.000000000 0.000000000 -0.031125607 0.000000000 -0.999515481 -4.557480335 0.999515481 0.000000000 -0.031125607 0.386581719 0.000000000 1.000000000 0.000000000 -72.749305725
0.000000000 0.384615385 0.666666667 0.384615385 0.500000000 0.000000000 0.000000000 -0.014610235 0.000000000 -0.999893265 -4.474321365 0.999893265 0.000000000 -0.014610235 0.414637357 0.000000000 1.000000000 0.000000000 -73.232673645
0.000000000 0.384615385 0.666666667 0.384615385 0.500000000 0.000000000 0.000000000 -0.001583853 0.000000000 -0.999998746 -4.516633034 0.999998746 0.000000000 -0.001583853 0.367538124 0.000000000 1.000000000 0.000000000 -73.688926697
0.000000000 0.384615385 0.666666667 0.384615385 0.500000000 0.000000000 0.000000000 0.011840138 0.000000000 -0.999929903 -4.493575573 0.999929903 0.000000000 0.011840138 0.374049753 0.000000000 1.000000000 0.000000000 -74.246147156
0.000000000 0.384615385 0.666666667 0.384615385 0.500000000 0.000000000 0.000000000 0.020625252 0.000000000 -0.999787277 -4.634184361 0.999787277 0.000000000 0.020625252 0.400703281 0.000000000 1.000000000 0.000000000 -74.907791138
0.000000000 0.384615385 0.666666667 0.384615385 0.500000000 0.000000000 0.000000000 0.027070921 0.000000000 -0.999633515 -4.417167664 0.999633515 0.000000000 0.027070921 0.272568434 0.000000000 1.000000000 0.000000000 -75.351127625
0.000000000 0.384615385 0.666666667 0.384615385 0.500000000 0.000000000 0.000000000 0.030131237 0.000000000 -0.999545951 -4.671195984 0.999545951 0.000000000 0.030131237 0.476143479 0.000000000 1.000000000 0.000000000 -75.705696106
0.000000000 0.384615385 0.666666667 0.384615385 0.500000000 0.000000000 0.000000000 0.030880301 0.000000000 -0.999523090 -4.600329399 0.999523090 0.000000000 0.030880301 0.407800287 0.000000000 1.000000000 0.000000000 -76.372283936
0.000000000 0.384615385 0.666666667 0.384615385 0.500000000 0.000000000 0.000000000 0.029493429 0.000000000 -0.999564974 -4.502432823 0.999564974 0.000000000 0.029493429 0.339991301 0.000000000 1.000000000 0.000000000 -76.550575256
0.000000000 0.384615385 0.666666667 0.384615385 0.500000000 0.000000000 0.000000000 0.026311124 0.000000000 -0.999653802 -4.697987080 0.999653802 0.000000000 0.026311124 0.374326766 0.000000000 1.000000000 0.000000000 -77.416351318
0.000000000 0.384615385 0.666666667 0.384615385 0.500000000 0.000000000 0.000000000 0.022287216 0.000000000 -0.999751609 -4.642465591 0.999751609 0.000000000 0.022287216 0.378151476 0.000000000 1.000000000 0.000000000 -77.939437866
0.000000000 0.384615385 0.666666667 0.384615385 0.500000000 0.000000000 0.000000000 0.017180805 0.000000000 -0.999852399 -4.808857441 0.999852399 0.000000000 0.017180805 0.390506417 0.000000000 1.000000000 0.000000000 -78.357185364
0.000000000 0.384615385 0.666666667 0.384615385 0.500000000 0.000000000 0.000000000 0.012051577 0.000000000 -0.999927377 -4.614604473 0.999927377 0.000000000 0.012051577 0.500687838 0.000000000 1.000000000 0.000000000 -78.912437439
0.000000000 0.384615385 0.666666667 0.384615385 0.500000000 0.000000000 0.000000000 0.007388607 0.000000000 -0.999972704 -4.773019791 0.999972704 0.000000000 0.007388607 0.502001464 0.000000000 1.000000000 0.000000000 -79.331428528
0.000000000 0.384615385 0.666666667 0.384615385 0.500000000 0.000000000 0.000000000 0.003694329 0.000000000 -0.999993176 -4.599167347 0.999993176 0.000000000 0.003694329 0.419869542 0.000000000 1.000000000 0.000000000 -79.638229370
0.000000000 0.384615385 0.666666667 0.384615385 0.500000000 0.000000000 0.000000000 -0.000860641 0.000000000 -0.999999630 -4.696022987 0.999999630 0.000000000 -0.000860641 0.419819951 0.000000000 1.000000000 0.000000000 -80.385078430
0.000000000 0.384615385 0.666666667 0.384615385 0.500000000 0.000000000 0.000000000 -0.003966485 0.000000000 -0.999992133 -4.602814674 0.999992133 0.000000000 -0.003966485 0.221871555 0.000000000 1.000000000 0.000000000 -80.686660767
0.000000000 0.384615385 0.666666667 0.384615385 0.500000000 0.000000000 0.000000000 -0.005947503 0.000000000 -0.999982313 -4.687678337 0.999982313 0.000000000 -0.005947503 0.496969819 0.000000000 1.000000000 0.000000000 -81.386917114
0.000000000 0.384615385 0.666666667 0.384615385 0.500000000 0.000000000 0.000000000 -0.007256730 0.000000000 -0.999973670 -4.700214863 0.999973670 0.000000000 -0.007256730 0.282819271 0.000000000 1.000000000 0.000000000 -81.654663086
0.000000000 0.384615385 0.666666667 0.384615385 0.500000000 0.000000000 0.000000000 -0.007689101 0.000000000 -0.999970438 -4.522459507 0.999970438 0.000000000 -0.007689101 0.434022367 0.000000000 1.000000000 0.000000000 -82.345161438
0.000000000 0.384615385 0.666666667 0.384615385 0.500000000 0.000000000 0.000000000 -0.007509545 0.000000000 -0.999971803 -4.502850056 0.999971803 0.000000000 -0.007509545 0.475250244 0.000000000 1.000000000 0.000000000 -82.807563782
0.000000000 0.384615385 0.666666667 0.384615385 0.500000000 0.000000000 0.000000000 -0.006857674 0.000000000 -0.999976486 -4.799874306 0.999976486 0.000000000 -0.006857674 0.239702448 0.000000000 1.000000000 0.000000000 -83.299728394
0.000000000 0.384615385 0.666666667 0.384615385 0.500000000 0.000000000 0.000000000 -0.005786360 0.000000000 -0.999983259 -4.549489498 0.999983259 0.000000000 -0.005786360 0.454441220 0.000000000 1.000000000 0.000000000 -83.848457336
0.000000000 0.384615385 0.666666667 0.384615385 0.500000000 0.000000000 0.000000000 -0.004558964 0.000000000 -0.999989608 -4.679902077 0.999989608 0.000000000 -0.004558964 0.297685534 0.000000000 1.000000000 0.000000000 -84.366577148
0.000000000 0.384615385 0.666666667 0.384615385 0.500000000 0.000000000 0.000000000 -0.003347338 0.000000000 -0.999994398 -4.524898529 0.999994398 0.000000000 -0.003347338 0.259920567 0.000000000 1.000000000 0.000000000 -84.790260315
0.000000000 0.384615385 0.666666667 0.384615385 0.500000000 0.000000000 0.000000000 -0.002076089 0.000000000 -0.999997845 -4.625781059 0.999997845 0.000000000 -0.002076089 0.371509075 0.000000000 1.000000000 0.000000000 -85.286094666
0.000000000 0.384615385 0.666666667 0.384615385 0.500000000 0.000000000 0.000000000 -0.001059949 0.000000000 -0.999999438 -4.556575775 0.999999438 0.000000000 -0.001059949 0.476613611 0.000000000 1.000000000 0.000000000 -85.775924683
0.000000000 0.384615385 0.666666667 0.384615385 0.500000000 0.000000000 0.000000000 -0.000147542 0.000000000 -0.999999989 -4.574284554 0.999999989 0.000000000 -0.000147542 0.498007417 0.000000000 1.000000000 0.000000000 -86.239624023
0.000000000 0.384615385 0.666666667 0.384615385 0.500000000 0.000000000 0.000000000 0.000466053 0.000000000 -0.999999891 -4.741973877 0.999999891 0.000000000 0.000466053 0.399622798 0.000000000 1.000000000 0.000000000 -86.933074951
0.000000000 0.384615385 0.666666667 0.384615385 0.500000000 0.000000000 0.000000000 0.000888430 0.000000000 -0.999999605 -4.617430210 0.999999605 0.000000000 0.000888430 0.471324682 0.000000000 1.000000000 0.000000000 -87.490653992
0.000000000 0.384615385 0.666666667 0.384615385 0.500000000 0.000000000 0.000000000 0.001129713 0.000000000 -0.999999362 -4.528264046 0.999999362 0.000000000 0.001129713 0.206384584 0.000000000 1.000000000 0.000000000 -87.863006592
0.000000000 0.384615385 0.666666667 0.384615385 0.500000000 0.000000000 0.000000000 0.001226652 0.000000000 -0.999999248 -4.736774921 0.999999248 0.000000000 0.001226652 0.314383835 0.000000000 1.000000000 0.000000000 -88.169746399
0.000000000 0.384615385 0.666666667 0.384615385 0.500000000 0.000000000 0.000000000 0.001221858 0.000000000 -0.999999254 -4.546205997 0.999999254 0.000000000 0.001221858 0.515284419 0.000000000 1.000000000 0.000000000 -88.838317871
0.000000000 0.384615385 0.666666667 0.384615385 0.500000000 0.000000000 0.000000000 0.001177650 0.000000000 -0.999999307 -4.617823601 0.999999307 0.000000000 0.001177650 0.352264076 0.000000000 1.000000000 0.000000000 -89.227050781
0.000000000 0.384615385 0.666666667 0.384615385 0.500000000 0.000000000 0.000000000 0.001134506 0.000000000 -0.999999356 -4.593149185 0.999999356 0.000000000 0.001134506 0.354183257 0.000000000 1.000000000 0.000000000 -89.637214661
0.000000000 0.384615385 0.666666667 0.384615385 0.500000000 0.000000000 0.000000000 0.001128647 0.000000000 -0.999999363 -4.655219555 0.999999363 0.000000000 0.001128647 0.357548654 0.000000000 1.000000000 0.000000000 -90.009658813
0.000000000 0.384615385 0.666666667 0.384615385 0.500000000 0.000000000 0.000000000 0.001190433 0.000000000 -0.999999291 -4.695033073 0.999999291 0.000000000 0.001190433 0.419652015 0.000000000 1.000000000 0.000000000 -90.577751160
0.000000000 0.384615385 0.666666667 0.384615385 0.500000000 0.000000000 0.000000000 0.001333178 0.000000000 -0.999999111 -4.681022644 0.999999111 0.000000000 0.001333178 0.421593159 0.000000000 1.000000000 0.000000000 -91.122451782
0.000000000 0.384615385 0.666666667 0.384615385 0.500000000 0.000000000 0.000000000 0.001568601 0.000000000 -0.999998770 -4.595146179 0.999998770 0.000000000 0.001568601 0.258399338 0.000000000 1.000000000 0.000000000 -91.575996399
0.000000000 0.384615385 0.666666667 0.384615385 0.500000000 0.000000000 0.000000000 0.001838113 0.000000000 -0.999998311 -4.683144569 0.999998311 0.000000000 0.001838113 0.416050553 0.000000000 1.000000000 0.000000000 -92.052543640
0.000000000 0.384615385 0.666666667 0.384615385 0.500000000 0.000000000 0.000000000 0.002137451 0.000000000 -0.999997716 -4.584617615 0.999997716 0.000000000 0.002137451 0.191407159 0.000000000 1.000000000 0.000000000 -92.533561707
0.000000000 0.384615385 0.666666667 0.384615385 0.500000000 0.000000000 0.000000000 0.002406963 0.000000000 -0.999997103 -4.648684978 0.999997103 0.000000000 0.002406963 0.334137797 0.000000000 1.000000000 0.000000000 -93.207771301
0.000000000 0.384615385 0.666666667 0.384615385 0.500000000 0.000000000 0.000000000 0.002594449 0.000000000 -0.999996634 -4.611696720 0.999996634 0.000000000 0.002594449 0.240601495 0.000000000 1.000000000 0.000000000 -93.632858276
0.000000000 0.384615385 0.666666667 0.384615385 0.500000000 0.000000000 0.000000000 0.002610960 0.000000000 -0.999996591 -4.605998516 0.999996591 0.000000000 0.002610960 0.273211062 0.000000000 1.000000000 0.000000000 -93.942047119
0.000000000 0.384615385 0.666666667 0.384615385 0.500000000 0.000000000 0.000000000 0.002420811 0.000000000 -0.999997070 -4.593905926 0.999997070 0.000000000 0.002420811 0.480187356 0.000000000 1.000000000 0.000000000 -94.432388306
0.000000000 0.384615385 0.666666667 0.384615385 0.500000000 0.000000000 0.000000000 0.001957955 0.000000000 -0.999998083 -4.548354626 0.999998083 0.000000000 0.001957955 0.386562645 0.000000000 1.000000000 0.000000000 -95.144432068
0.000000000 0.384615385 0.666666667 0.384615385 0.500000000 0.000000000 0.000000000 0.001183508 0.000000000 -0.999999300 -4.424988747 0.999999300 0.000000000 0.001183508 0.399571985 0.000000000 1.000000000 0.000000000 -95.371208191
0.000000000 0.384615385 0.666666667 0.384615385 0.500000000 0.000000000 0.000000000 0.000108124 0.000000000 -0.999999994 -4.566008091 0.999999994 0.000000000 0.000108124 0.421921223 0.000000000 1.000000000 0.000000000 -96.051239014
0.000000000 0.384615385 0.666666667 0.384615385 0.500000000 0.000000000 0.000000000 -0.001267271 0.000000000 -0.999999197 -4.643216610 0.999999197 0.000000000 -0.001267271 0.375751406 0.000000000 1.000000000 0.000000000 -96.451499939
0.000000000 0.384615385 0.666666667 0.384615385 0.500000000 0.000000000 0.000000000 -0.002907607 0.000000000 -0.999995773 -4.645500183 0.999995773 0.000000000 -0.002907607 0.385435313 0.000000000 1.000000000 0.000000000 -96.905273438
0.000000000 0.384615385 0.666666667 0.384615385 0.500000000 0.000000000 0.000000000 -0.004743848 0.000000000 -0.999988748 -4.702099323 0.999988748 0.000000000 -0.004743848 0.470300287 0.000000000 1.000000000 0.000000000 -97.354148865
0.000000000 0.384615385 0.666666667 0.384615385 0.500000000 0.000000000 0.000000000 -0.006676935 0.000000000 -0.999977709 -4.530323505 0.999977709 0.000000000 -0.006676935 0.342153311 0.000000000 1.000000000 0.000000000 -97.785621643
0.000000000 0.384615385 0.666666667 0.384615385 0.500000000 0.000000000 0.000000000 -0.008521735 0.000000000 -0.999963689 -4.438086033 0.999963689 0.000000000 -0.008521735 0.225313634 0.000000000 1.000000000 0.000000000 -98.303237915
0.000000000 0.384615385 0.666666667 0.384615385 0.500000000 0.000000000 0.000000000 -0.010083094 0.000000000 -0.999949164 -4.654333591 0.999949164 0.000000000 -0.010083094 0.458637387 0.000000000 1.000000000 0.000000000 -98.781822205
0.000000000 0.384615385 0.666666667 0.384615385 0.500000000 0.000000000 0.000000000 -0.011489599 0.000000000 -0.999933992 -4.629051208 0.999933992 0.000000000 -0.011489599 0.317642748 0.000000000 1.000000000 0.000000000 -99.159439087
0.000000000 0.384615385 0.666666667 0.384615385 0.500000000 0.000000000 0.000000000 -0.012306902 0.000000000 -0.999924267 -4.627675533 0.999924267 0.000000000 -0.012306902 0.367107689 0.000000000 1.000000000 0.000000000 -99.638755798
0.000000000 0.384615385 0.666666667 0.384615385 0.500000000 0.000000000 0.000000000 -0.012581914 0.000000000 -0.999920845 -4.543058872 0.999920845 0.000000000 -0.012581914 0.387574911 0.000000000 1.000000000 0.000000000 -100.095176697
0.000000000 0.384615385 0.666666667 0.384615385 0.500000000 0.000000000 0.000000000 -0.011880891 0.000000000 -0.999929420 -4.670622349 0.999929420 0.000000000 -0.011880891 0.356216282 0.000000000 1.000000000 0.000000000 -100.779975891
0.000000000 0.384615385 0.666666667 0.384615385 0.500000000 0.000000000 0.000000000 -0.010131387 0.000000000 -0.999948676 -4.620798111 0.999948676 0.000000000 -0.010131387 0.542423666 0.000000000 1.000000000 0.000000000 -101.244804382
0.000000000 0.384615385 0.666666667 0.384615385 0.500000000 0.000000000 0.000000000 -0.007221471 0.000000000 -0.999973925 -4.432229996 0.999973925 0.000000000 -0.007221471 0.386449277 0.000000000 1.000000000 0.000000000 -101.699790955
0.000000000 0.384615385 0.666666667 0.384615385 0.500000000 0.000000000 0.000000000 -0.002859482 0.000000000 -0.999995912 -4.511044979 0.999995912 0.000000000 -0.002859482 0.387279361 0.000000000 1.000000000 0.000000000 -102.196563721
0.000000000 0.384615385 0.666666667 0.384615385 0.500000000 0.000000000 0.000000000 0.002204030 0.000000000 -0.999997571 -4.466622353 0.999997571 0.000000000 0.002204030 0.351401061 0.000000000 1.000000000 0.000000000 -102.476287842
0.000000000 0.384615385 0.666666667 0.384615385 0.500000000 0.000000000 0.000000000 0.008392588 0.000000000 -0.999964782 -4.610857010 0.999964782 0.000000000 0.008392588 0.504518270 0.000000000 1.000000000 0.000000000 -103.091110229
0.000000000 0.384615385 0.666666667 0.384615385 0.500000000 0.000000000 0.000000000 0.015736502 0.000000000 -0.999876174 -4.702143669 0.999876174 0.000000000 0.015736502 0.586859703 0.000000000 1.000000000 0.000000000 -103.700355530
0.000000000 0.384615385 0.666666667 0.384615385 0.500000000 0.000000000 0.000000000 0.022735577 0.000000000 -0.999741513 -4.714253902 0.999741513 0.000000000 0.022735577 0.280453175 0.000000000 1.000000000 0.000000000 -104.194770813
0.000000000 0.384615385 0.666666667 0.384615385 0.500000000 0.000000000 0.000000000 0.029908695 0.000000000 -0.999552635 -4.687608719 0.999552635 0.000000000 0.029908695 0.384947807 0.000000000 1.000000000 0.000000000 -104.625579834
0.000000000 0.384615385 0.666666667 0.384615385 0.500000000 0.000000000 0.000000000 0.036963175 0.000000000 -0.999316628 -4.394172192 0.999316628 0.000000000 0.036963175 0.490016162 0.000000000 1.000000000 0.000000000 -105.060592651
0.000000000 0.384615385 0.666666667 0.384615385 0.500000000 0.000000000 0.000000000 0.042008056 0.000000000 -0.999117272 -4.597037315 0.999117272 0.000000000 0.042008056 0.519131124 0.000000000 1.000000000 0.000000000 -105.544441223
0.000000000 0.384615385 0.666666667 0.384615385 0.500000000 0.000000000 0.000000000 0.045499836 0.000000000 -0.998964346 -4.633656979 0.998964346 0.000000000 0.045499836 0.485380471 0.000000000 1.000000000 0.000000000 -106.316345215
0.000000000 0.384615385 0.666666667 0.384615385 0.500000000 0.000000000 0.000000000 0.045726504 0.000000000 -0.998953996 -4.539072037 0.998953996 0.000000000 0.045726504 0.463179231 0.000000000 1.000000000 0.000000000 -106.614097595
0.000000000 0.384615385 0.666666667 0.384615385 0.500000000 0.000000000 0.000000000 0.044315395 0.000000000 -0.999017590 -4.761056900 0.999017590 0.000000000 0.044315395 0.395129770 0.000000000 1.000000000 0.000000000 -107.072242737
0.000000000 0.384615385 0.666666667 0.384615385 0.500000000 0.000000000 0.000000000 0.038482761 0.000000000 -0.999259264 -4.626142502 0.999259264 0.000000000 0.038482761 0.496122658 0.000000000 1.000000000 0.000000000 -107.443267822
0.000000000 0.384615385 0.666666667 0.384615385 0.500000000 0.000000000 0.000000000 0.027667778 0.000000000 -0.999617174 -4.636528015 0.999617174 0.000000000 0.027667778 0.441986620 0.000000000 1.000000000 0.000000000 -107.908203125
0.000000000 0.384615385 0.666666667 0.384615385 0.500000000 0.000000000 0.000000000 0.013179603 0.000000000 -0.999913145 -4.740014553 0.999913145 0.000000000 0.013179603 0.115083002 0.000000000 1.000000000 0.000000000 -108.444862366
0.000000000 0.384615385 0.666666667 0.384615385 0.500000000 0.000000000 0.000000000 0.009145168 0.000000000 -0.999958182 -4.856666088 0.999958182 0.000000000 0.009145168 0.313647598 0.000000000 1.000000000 0.000000000 -108.971977234
0.000000000 0.384615385 0.666666667 0.384615385 0.500000000 0.000000000 0.000000000 -0.031905945 0.000000000 -0.999490876 -4.781355858 0.999490876 0.000000000 -0.031905945 0.334792256 0.000000000 1.000000000 0.000000000 -109.444839478
0.000000000 0.384615385 0.666666667 0.384615385 0.500000000 0.000000000 0.000000000 -0.064185757 0.000000000 -0.997937968 -4.685546875 0.997937968 0.000000000 -0.064185757 0.411066651 0.000000000 1.000000000 0.000000000 -109.952323914
0.000000000 0.384615385 0.666666667 0.384615385 0.500000000 0.000000000 0.000000000 -0.081784988 0.000000000 -0.996649997 -4.645220757 0.996649997 0.000000000 -0.081784988 0.423200667 0.000000000 1.000000000 0.000000000 -110.350181580
0.000000000 0.384615385 0.666666667 0.384615385 0.500000000 0.000000000 0.000000000 -0.137234425 0.000000000 -0.990538597 -4.668163776 0.990538597 0.000000000 -0.137234425 0.398957729 0.000000000 1.000000000 0.000000000 -110.643516541