0.000000000 0.500000000 0.666666667 0.500000000 0.500000000 0.000000000 0.000000000 -0.829022606 0.559215091 0.000000000 -0.000000000 -0.000000000 1.000000000 0.559215091 0.829022606 0.000000000 10.209184647 0.053410262 -10.692091942
0.000000000 0.500000000 0.666666667 0.500000000 0.500000000 0.000000000 0.000000000 -0.826698049 0.562642321 0.001988447 0.000317981 -0.003066891 0.999995247 0.562645745 0.826694752 0.002356483 10.147877693 0.018114928 -10.687121391
0.000000000 0.500000000 0.666666667 0.500000000 0.500000000 0.000000000 0.000000000 -0.824195482 0.566287978 0.004442216 0.000878843 -0.006565176 0.999978063 0.566304719 0.824181306 0.004913310 10.092805862 -0.010294494 -10.681196213
0.000000000 0.500000000 0.666666667 0.500000000 0.500000000 0.000000000 0.000000000 -0.821539495 0.570105082 0.007283816 0.001634115 -0.010420747 0.999944367 0.570149268 0.821505693 0.007629438 10.044494629 -0.032418136 -10.674762726
0.000000000 0.500000000 0.666666667 0.500000000 0.500000000 0.000000000 0.000000000 -0.818755908 0.574046936 0.010434468 0.002535327 -0.014558940 0.999890799 0.574136164 0.818692954 0.010464822 10.003350258 -0.049252927 -10.668419838
0.000000000 0.500000000 0.666666667 0.500000000 0.500000000 0.000000000 0.000000000 -0.815870360 0.578069813 0.013814732 0.003534539 -0.018905070 0.999815036 0.578224059 0.815768282 0.013380876 9.969879150 -0.061741941 -10.662773132
0.000000000 0.500000000 0.666666667 0.500000000 0.500000000 0.000000000 0.000000000 -0.812911425 0.582129028 0.017343858 0.004584882 -0.023382841 0.999716070 0.582369293 0.812760135 0.016339186 9.944053650 -0.069745176 -10.657746315
0.000000000 0.500000000 0.666666667 0.500000000 0.500000000 0.000000000 0.000000000 -0.809907520 0.586183624 0.020941998 0.005642143 -0.027915977 0.999594350 0.586530455 0.809697139 0.019302028 9.926395416 -0.075354762 -10.654467583
0.000000000 0.500000000 0.666666667 0.500000000 0.500000000 0.000000000 0.000000000 -0.806888698 0.590194065 0.024527436 0.006661050 -0.032428766 0.999451853 0.590665946 0.806609782 0.022235093 9.916907310 -0.078560866 -10.652934074
0.000000000 0.500000000 0.666666667 0.500000000 0.500000000 0.000000000 0.000000000 -0.803887097 0.594121607 0.028018777 0.007599525 -0.036843945 0.999292135 0.594733371 0.803530982 0.025103329 9.915595055 -0.079354249 -10.653141975
0.000000000 0.500000000 0.666666667 0.500000000 0.500000000 0.000000000 0.000000000 -0.800934906 0.597931060 0.031332473 0.008415490 -0.041082746 0.999120307 0.598692288 0.800494007 0.027872723 9.913384438 -0.080394134 -10.653151512
0.000000000 0.500000000 0.666666667 0.500000000 0.500000000 0.000000000 0.000000000 -0.798066475 0.601587421 0.034387149 0.009069536 -0.045068594 0.998942724 0.602501157 0.797534574 0.030511616 9.910278320 -0.081670910 -10.652954102
0.000000000 0.500000000 0.666666667 0.500000000 0.500000000 0.000000000 0.000000000 -0.795316512 0.605058169 0.037097945 0.009521191 -0.048722327 0.998766981 0.606119619 0.794689088 0.032988796 9.906282425 -0.083174892 -10.652550697
0.000000000 0.500000000 0.666666667 0.500000000 0.500000000 0.000000000 0.000000000 -0.792720767 0.608311475 0.039381918 0.009733168 -0.051965411 0.998601453 0.609507220 0.791995420 0.035273262 9.901401520 -0.084896013 -10.651933670
0.000000000 0.500000000 0.666666667 0.500000000 0.500000000 0.000000000 0.000000000 -0.790315215 0.611316782 0.041154007 0.009666058 -0.054719893 0.998454957 0.612624214 0.789491941 0.037336940 9.895635605 -0.086824723 -10.651093483
0.000000000 0.500000000 0.666666667 0.500000000 0.500000000 0.000000000 0.000000000 -0.788135875 0.614043917 0.042330966 0.009284710 -0.056906237 0.998336353 0.615431261 0.787217726 0.039148627 9.888993263 -0.088950954 -10.650033951
0.000000000 0.500000000 0.666666667 0.500000000 0.500000000 0.000000000 0.000000000 -0.786218857 0.616462302 0.042826865 0.008550242 -0.058445952 0.998253958 0.617888989 0.785212265 0.040680408 9.881474495 -0.091265030 -10.648742676
0.000000000 0.500000000 0.666666667 0.500000000 0.500000000 0.000000000 0.000000000 -0.784599760 0.618540215 0.042558406 0.007426423 -0.059261570 0.998214864 0.619958115 0.783515200 0.041903072 9.873085976 -0.093757093 -10.647221565
0.000000000 0.500000000 0.666666667 0.500000000 0.500000000 0.000000000 0.000000000 -0.783312496 0.620245308 0.041440222 0.005875433 -0.059273875 0.998224467 0.621600364 0.782165178 0.042785757 9.863748550 -0.095800094 -10.645148277
0.000000000 0.500000000 0.666666667 0.500000000 0.500000000 0.000000000 0.000000000 -0.782389328 0.621542891 0.039387485 0.003857846 -0.058405650 0.998285479 0.622777694 0.781199856 0.043298141 9.853512764 -0.097716749 -10.642695427
0.000000000 0.500000000 0.666666667 0.500000000 0.500000000 0.000000000 0.000000000 -0.781860892 0.622394253 0.036317217 0.001334776 -0.056580531 0.998397146 0.623451493 0.780656158 0.043407348 9.842407227 -0.099699475 -10.639945984
0.000000000 0.500000000 0.666666667 0.500000000 0.500000000 0.000000000 0.000000000 -0.781739317 0.622773978 0.032190270 -0.001710056 -0.053760258 0.998552407 0.623603012 0.780552630 0.043091485 9.830437660 -0.101743616 -10.636914253
0.000000000 0.500000000 0.666666667 0.500000000 0.500000000 0.000000000 0.000000000 -0.781973754 0.622719730 0.027151169 -0.005191184 -0.050064456 0.998732498 0.623289740 0.780841653 0.042381743 9.817598343 -0.103864208 -10.633590698
0.000000000 0.500000000 0.666666667 0.500000000 0.500000000 0.000000000 0.000000000 -0.782498639 0.622284778 0.021390047 -0.008997912 -0.045650697 0.998916939 0.622587277 0.781458680 0.041320872 9.803880691 -0.106080778 -10.629989624
0.000000000 0.500000000 0.666666667 0.500000000 0.500000000 0.000000000 0.000000000 -0.783249346 0.621524340 0.015098236 -0.013019073 -0.040676830 0.999087533 0.621571368 0.782338092 0.039951771 9.789279938 -0.108413160 -10.626120567
0.000000000 0.500000000 0.666666667 0.500000000 0.500000000 0.000000000 0.000000000 -0.784164340 0.620495457 0.008466137 -0.017143723 -0.035299391 0.999229726 0.620316355 0.783415178 0.038318126 9.773788452 -0.110880963 -10.621992111
0.000000000 0.500000000 0.666666667 0.500000000 0.500000000 0.000000000 0.000000000 -0.785184783 0.619259248 0.001685459 -0.021259492 -0.029675722 0.999333471 0.618896510 0.784625602 0.036466063 9.757399559 -0.113503717 -10.617609978
0.000000000 0.500000000 0.666666667 0.500000000 0.500000000 0.000000000 0.000000000 -0.786254799 0.617881751 -0.005053088 -0.025252878 -0.023961172 0.999393894 0.617386171 0.785905850 0.034442879 9.740102768 -0.116300963 -10.612982750
0.000000000 0.500000000 0.666666667 0.500000000 0.500000000 0.000000000 0.000000000 -0.787323027 0.616432343 -0.011559256 -0.029008493 -0.018309554 0.999411461 0.615857904 0.787194973 0.032297307 9.721846580 -0.118054807 -10.607539177
0.000000000 0.500000000 0.666666667 0.500000000 0.500000000 0.000000000 0.000000000 -0.788340311 0.614986412 -0.017642778 -0.032409950 -0.012875119 0.999391728 0.614385180 0.788432587 0.030081654 9.702657700 -0.119829483 -10.601772308
0.000000000 0.500000000 0.666666667 0.500000000 0.500000000 0.000000000 0.000000000 -0.789261527 0.613622011 -0.023114273 -0.035339026 -0.007810351 0.999344861 0.613039473 0.789561287 0.027849214 9.682532310 -0.121767730 -10.595756531
0.000000000 0.500000000 0.666666667 0.500000000 0.500000000 0.000000000 0.000000000 -0.790042858 0.612421594 -0.027786210 -0.037676587 -0.003265373 0.999284650 0.611892766 0.790524591 0.025653740 9.661459923 -0.123888396 -10.589489937
0.000000000 0.500000000 0.666666667 0.500000000 0.500000000 0.000000000 0.000000000 -0.790641760 0.611469738 -0.031470104 -0.039302592 0.000607574 0.999227170 0.611016296 0.791267584 0.023551972 9.639429092 -0.126210481 -10.582983017
0.000000000 0.500000000 0.666666667 0.500000000 0.500000000 0.000000000 0.000000000 -0.791015389 0.610851939 -0.033978844 -0.040096138 0.003658218 0.999189130 0.610480920 0.791736399 0.021599097 9.616430283 -0.128752664 -10.576242447
0.000000000 0.500000000 0.666666667 0.500000000 0.500000000 0.000000000 0.000000000 -0.791119268 0.610652509 -0.035125742 -0.039937121 0.005735037 0.999185736 0.610356724 0.791877909 0.019850604 9.596802712 -0.130982965 -10.570534706
0.000000000 0.500000000 0.666666667 0.500000000 0.500000000 0.000000000 0.000000000 -0.790905171 0.610952753 -0.034723839 -0.038705808 0.006685326 0.999228286 0.610713412 0.791638832 0.018359961 9.580536842 -0.132920146 -10.565863609
0.000000000 0.500000000 0.666666667 0.500000000 0.500000000 0.000000000 0.000000000 -0.790317739 0.611830072 -0.032585786 -0.036284104 0.006354214 0.999321314 0.611621889 0.790963707 0.017177858 9.567635536 -0.134245381 -10.562091827
0.000000000 0.500000000 0.666666667 0.500000000 0.500000000 0.000000000 0.000000000 -0.789294438 0.613352023 -0.028523434 -0.032556384 0.004583732 0.999459390 0.613151182 0.789796357 0.016350609 9.558084488 -0.135114282 -10.559282303
0.000000000 0.500000000 0.666666667 0.500000000 0.500000000 0.000000000 0.000000000 -0.787760138 0.615576592 -0.022347799 -0.027411126 0.001211860 0.999623510 0.615371916 0.788076133 0.015918993 9.551862717 -0.135946959 -10.557621956
0.000000000 0.500000000 0.666666667 0.500000000 0.500000000 0.000000000 0.000000000 -0.785626718 0.618545335 -0.013868214 -0.020741403 -0.003928373 0.999777156 0.618353017 0.785739293 0.015915732 9.548964500 -0.136764377 -10.557113647
0.000000000 0.500000000 0.666666667 0.500000000 0.500000000 0.000000000 0.000000000 -0.782786849 0.622283197 -0.002893352 -0.012448227 -0.011010029 0.999861901 0.622165405 0.782714764 0.016364829 9.543485642 -0.137996286 -10.555910110
0.000000000 0.500000000 0.666666667 0.500000000 0.500000000 0.000000000 0.000000000 -0.779135308 0.626764571 0.010693197 -0.002489206 -0.020151779 0.999793834 0.626850840 0.778948059 0.017261108 9.535429001 -0.139657661 -10.554013252
0.000000000 0.500000000 0.666666667 0.500000000 0.500000000 0.000000000 0.000000000 -0.774636137 0.631843090 0.026705153 0.008977927 -0.031236265 0.999471707 0.632343461 0.774466659 0.018524099 9.524812698 -0.141733706 -10.551423073
0.000000000 0.500000000 0.666666667 0.500000000 0.500000000 0.000000000 0.000000000 -0.769274272 0.637340719 0.044876514 0.021742997 -0.044083078 0.998791232 0.638548617 0.769320148 0.020054280 9.511659622 -0.144202113 -10.548131943
0.000000000 0.500000000 0.666666667 0.500000000 0.500000000 0.000000000 0.000000000 -0.763039442 0.643081552 0.064937873 0.035594681 -0.058507765 0.997652174 0.645371078 0.763559401 0.021753450 9.495991707 -0.147039562 -10.544130325
0.000000000 0.500000000 0.666666667 0.500000000 0.500000000 0.000000000 0.000000000 -0.755930051 0.648897226 0.086614938 0.050321536 -0.074319629 0.995964023 0.652715482 0.757237732 0.023526935 9.477828979 -0.150222316 -10.539416313
0.000000000 0.500000000 0.666666667 0.500000000 0.500000000 0.000000000 0.000000000 -0.747959608 0.654628079 0.109628934 0.065713512 -0.091321829 0.993650873 0.660483277 0.750414820 0.025287129 9.457191467 -0.153725818 -10.533981323
0.000000000 0.500000000 0.666666667 0.500000000 0.500000000 0.000000000 0.000000000 -0.739156273 0.660131413 0.133695627 0.081563936 -0.109308327 0.990655850 0.668577092 0.743154228 0.026953020 9.434098244 -0.157524183 -10.527814865
0.000000000 0.500000000 0.666666667 0.500000000 0.500000000 0.000000000 0.000000000 -0.729567902 0.665281347 0.158528878 0.097673115 -0.128066121 0.986944290 0.676897805 0.735526884 0.028452830 9.408563614 -0.161591023 -10.520908356
0.000000000 0.500000000 0.666666667 0.500000000 0.500000000 0.000000000 0.000000000 -0.719260959 0.669974504 0.183841882 0.113848822 -0.147376924 0.982506228 0.685348174 0.727608553 0.029726660 9.380601883 -0.165898740 -10.513254166
0.000000000 0.500000000 0.666666667 0.500000000 0.500000000 0.000000000 0.000000000 -0.708323986 0.674129598 0.209347595 0.129908856 -0.167015481 0.977358439 0.693830541 0.719482532 0.030725667 9.350262642 -0.169978708 -10.504657745
0.000000000 0.500000000 0.666666667 0.500000000 0.500000000 0.000000000 0.000000000 -0.696865046 0.677691583 0.234762063 0.145682985 -0.186752453 0.971545156 0.702250366 0.711236697 0.031413124 9.317603111 -0.173253328 -10.494870186
0.000000000 0.500000000 0.666666667 0.500000000 0.500000000 0.000000000 0.000000000 -0.685014949 0.680628731 0.259805796 0.161013314 -0.206356233 0.965138238 0.710513359 0.702966312 0.031766817 9.282546043 -0.176573336 -10.484254837
0.000000000 0.500000000 0.666666667 0.500000000 0.500000000 0.000000000 0.000000000 -0.672921319 0.682937599 0.284206147 0.175756931 -0.225593256 0.958236497 0.718530723 0.694768967 0.031775495 9.245092392 -0.179909512 -10.472802162
0.000000000 0.500000000 0.666666667 0.500000000 0.500000000 0.000000000 0.000000000 -0.660751232 0.684637609 0.307699778 0.189786221 -0.244231243 0.950963874 0.726215533 0.686747729 0.031441310 9.205239296 -0.183232799 -10.460494995
0.000000000 0.500000000 0.666666667 0.500000000 0.500000000 0.000000000 0.000000000 -0.648686241 0.685772664 0.330033352 0.202987774 -0.262040657 0.943467359 0.733486280 0.679007031 0.030778702 9.162982941 -0.186514586 -10.447319031
0.000000000 0.500000000 0.666666667 0.500000000 0.500000000 0.000000000 0.000000000 -0.636922060 0.686407331 0.350963338 0.215263170 -0.278793390 0.935914533 0.740264856 0.671654093 0.029811442 9.118314743 -0.189726412 -10.433263779
0.000000000 0.500000000 0.666666667 0.500000000 0.500000000 0.000000000 0.000000000 -0.625664166 0.686624198 0.370258777 0.226527947 -0.294266974 0.928489115 0.746478024 0.664796328 0.028572731 9.071381569 -0.191638336 -10.417826653
0.000000000 0.500000000 0.666666667 0.500000000 0.500000000 0.000000000 0.000000000 -0.615127022 0.686519704 0.387697617 0.236708481 -0.308241959 0.921388078 0.752055743 0.658542019 0.027102922 9.022078514 -0.192946240 -10.401288986
0.000000000 0.500000000 0.666666667 0.500000000 0.500000000 0.000000000 0.000000000 -0.605528693 0.686200350 0.403068333 0.245740835 -0.320504418 0.914816025 0.756932259 0.652997701 0.025447175 8.970337868 -0.194018096 -10.383795738
0.000000000 0.500000000 0.666666667 0.500000000 0.500000000 0.000000000 0.000000000 -0.597089163 0.685778524 0.416163848 0.253564914 -0.330842329 0.908981951 0.761044917 0.648267822 0.023652997 8.916146278 -0.194827497 -10.365334511
0.000000000 0.500000000 0.666666667 0.500000000 0.500000000 0.000000000 0.000000000 -0.589985049 0.689503068 0.420122793 0.260156988 -0.330243088 0.907335574 0.764353311 0.644612304 0.015459444 8.858973503 -0.194247738 -10.345873833
0.000000000 0.500000000 0.666666667 0.500000000 0.500000000 0.000000000 0.000000000 -0.584217691 0.692453322 0.423317949 0.265610468 -0.329734895 0.905939279 0.766903364 0.641703433 0.008714108 8.796331406 -0.193546444 -10.324318886
0.000000000 0.500000000 0.666666667 0.500000000 0.500000000 0.000000000 0.000000000 -0.579730978 0.694662352 0.425859379 0.270036073 -0.329314162 0.904783235 0.768760374 0.639528264 0.003329727 8.728416443 -0.191640928 -10.300175667
0.000000000 0.500000000 0.666666667 0.500000000 0.500000000 0.000000000 0.000000000 -0.576456772 0.696169885 0.427837680 0.273532892 -0.328976372 0.903855245 0.769985290 0.638061155 -0.000784705 8.655028343 -0.189593583 -10.273932457
0.000000000 0.500000000 0.666666667 0.500000000 0.500000000 0.000000000 0.000000000 -0.574316808 0.697021466 0.429326541 0.276189252 -0.328716643 0.903141664 0.770635907 0.637264814 -0.003722344 8.576162338 -0.187403560 -10.245600700
0.000000000 0.500000000 0.666666667 0.500000000 0.500000000 0.000000000 0.000000000 -0.573224085 0.697268519 0.430384434 0.278082742 -0.328529837 0.902628459 0.770768536 0.637090856 -0.005577127 8.491808891 -0.185070336 -10.215180397
0.000000000 0.500000000 0.666666667 0.500000000 0.500000000 0.000000000 0.000000000 -0.573085080 0.696965035 0.431060589 0.279287426 -0.328410297 0.902299956 0.770436256 0.637484445 -0.006446529 8.402096748 -0.182078704 -10.182370186
0.000000000 0.500000000 0.666666667 0.500000000 0.500000000 0.000000000 0.000000000 -0.573800903 0.696169120 0.431394344 0.279869923 -0.328352288 0.902140566 0.769691724 0.638383373 -0.006427959 8.306990624 -0.178520963 -10.147229195
0.000000000 0.500000000 0.666666667 0.500000000 0.500000000 0.000000000 0.000000000 -0.575270751 0.694939979 0.431418577 0.279892435 -0.328350085 0.902134384 0.768585576 0.639722320 -0.005618243 8.206392288 -0.174763337 -10.109992027
0.000000000 0.500000000 0.666666667 0.500000000 0.500000000 0.000000000 0.000000000 -0.577389831 0.693338869 0.431163768 0.279417900 -0.328397306 0.902264289 0.767167922 0.641433100 -0.004118026 8.100295067 -0.170804977 -10.070671082
0.000000000 0.500000000 0.666666667 0.500000000 0.500000000 0.000000000 0.000000000 -0.580052688 0.691427963 0.430657929 0.278506924 -0.328487830 0.902512958 0.765488584 0.643446282 -0.002027226 7.988861561 -0.166272357 -10.028842926
0.000000000 0.500000000 0.666666667 0.500000000 0.500000000 0.000000000 0.000000000 -0.583154117 0.689269490 0.429928885 0.277220614 -0.328615100 0.902862585 0.763596757 0.645693183 0.000553537 7.871958256 -0.161435321 -9.984826088
0.000000000 0.500000000 0.666666667 0.500000000 0.500000000 0.000000000 0.000000000 -0.586588617 0.689989706 0.424061317 0.275621976 -0.322275984 0.905632771 0.761542068 0.648114493 -0.001132902 7.749158859 -0.155560598 -9.938720703
0.000000000 0.500000000 0.666666667 0.500000000 0.500000000 0.000000000 0.000000000 -0.590251844 0.690832125 0.417556865 0.273775768 -0.315293117 0.908645739 0.759374472 0.650646775 -0.003030752 7.620908260 -0.149418861 -9.890260696
0.000000000 0.500000000 0.666666667 0.500000000 0.500000000 0.000000000 0.000000000 -0.594041545 0.691648416 0.410776229 0.271750048 -0.308080274 0.911722796 0.757143681 0.653229678 -0.004943008 7.487216473 -0.143058538 -9.839479446
0.000000000 0.500000000 0.666666667 0.500000000 0.500000000 0.000000000 0.000000000 -0.597857488 0.692427640 0.403869270 0.269615498 -0.300774095 0.914790920 0.754899932 0.655804016 -0.006869178 7.348001480 -0.136460647 -9.786611557
0.000000000 0.500000000 0.666666667 0.500000000 0.500000000 0.000000000 0.000000000 -0.601601232 0.693163777 0.396988585 0.267445194 -0.293514106 0.917781313 0.752694510 0.658311058 -0.008804873 7.208227158 -0.130296633 -9.733182907
0.000000000 0.500000000 0.666666667 0.500000000 0.500000000 0.000000000 0.000000000 -0.605176869 0.693855732 0.390288586 0.265316726 -0.286439641 0.920629875 0.750578438 0.660693995 -0.010744886 7.077545643 -0.124748535 -9.683032036
0.000000000 0.500000000 0.666666667 0.500000000 0.500000000 0.000000000 0.000000000 -0.608491194 0.694507689 0.383923868 0.263310237 -0.279689295 0.923277649 0.748602822 0.662897404 -0.012682512 6.955896854 -0.119563214 -9.636352539
0.000000000 0.500000000 0.666666667 0.500000000 0.500000000 0.000000000 0.000000000 -0.611453097 0.695127251 0.378051868 0.261507276 -0.273405381 0.925669186 0.746819292 0.664866605 -0.014606267 6.843347549 -0.115464248 -9.592905045
