0.000000000 0.384615385 0.666666667 0.384615385 0.500000000 0.000000000 0.000000000 -0.992962524 0.000000000 0.118428992 -7.910695553 -0.118428992 0.000000000 -0.992962524 2.608905554 0.000000000 1.000000000 0.000000000 -1.073134065
0.000000000 0.384615385 0.666666667 0.384615385 0.500000000 0.000000000 0.000000000 -0.993002429 0.000000000 0.118093925 -7.825051308 -0.118093925 0.000000000 -0.993002429 2.600663424 0.000000000 1.000000000 0.000000000 -1.087774038
0.000000000 0.384615385 0.666666667 0.384615385 0.500000000 0.000000000 0.000000000 -0.993042340 0.000000000 0.117757852 -7.746647835 -0.117757852 0.000000000 -0.993042340 2.605889559 0.000000000 1.000000000 0.000000000 -1.043575048
0.000000000 0.384615385 0.666666667 0.384615385 0.500000000 0.000000000 0.000000000 -0.993082166 0.000000000 0.117421510 -7.661737919 -0.117421510 0.000000000 -0.993082166 2.599857092 0.000000000 1.000000000 0.000000000 -1.063003659
0.000000000 0.384615385 0.666666667 0.384615385 0.500000000 0.000000000 0.000000000 -0.993122027 0.000000000 0.117083897 -7.596340179 -0.117083897 0.000000000 -0.993122027 2.599731922 0.000000000 1.000000000 0.000000000 -1.037913322
0.000000000 0.384615385 0.666666667 0.384615385 0.500000000 0.000000000 0.000000000 -0.993153341 0.000000000 0.116817984 -7.499870300 -0.116817984 0.000000000 -0.993153341 2.612573862 0.000000000 1.000000000 0.000000000 -1.040026665
0.000000000 0.384615385 0.666666667 0.384615385 0.500000000 0.000000000 0.000000000 -0.993193410 0.000000000 0.116476826 -7.417299747 -0.116476826 0.000000000 -0.993193410 2.599436522 0.000000000 1.000000000 0.000000000 -1.019276142
0.000000000 0.384615385 0.666666667 0.384615385 0.500000000 0.000000000 0.000000000 -0.993242103 0.000000000 0.116060866 -7.301733017 -0.116060866 0.000000000 -0.993242103 2.597498655 0.000000000 1.000000000 0.000000000 -1.026610970
0.000000000 0.384615385 0.666666667 0.384615385 0.500000000 0.000000000 0.000000000 -0.993290368 0.000000000 0.115647068 -7.210175514 -0.115647068 0.000000000 -0.993290368 2.609499693 0.000000000 1.000000000 0.000000000 -0.988774240
0.000000000 0.384615385 0.666666667 0.384615385 0.500000000 0.000000000 0.000000000 -0.993338345 0.000000000 0.115234253 -7.099592209 -0.115234253 0.000000000 -0.993338345 2.615587711 0.000000000 1.000000000 0.000000000 -0.996224940
0.000000000 0.384615385 0.666666667 0.384615385 0.500000000 0.000000000 0.000000000 -0.993386061 0.000000000 0.114822185 -6.997531414 -0.114822185 0.000000000 -0.993386061 2.615092039 0.000000000 1.000000000 0.000000000 -0.979045451
0.000000000 0.384615385 0.666666667 0.384615385 0.500000000 0.000000000 0.000000000 -0.993425836 0.000000000 0.114477544 -6.902873516 -0.114477544 0.000000000 -0.993425836 2.597823381 0.000000000 1.000000000 0.000000000 -0.948974669
0.000000000 0.384615385 0.666666667 0.384615385 0.500000000 0.000000000 0.000000000 -0.993472834 0.000000000 0.114068961 -6.835502625 -0.114068961 0.000000000 -0.993472834 2.599822998 0.000000000 1.000000000 0.000000000 -0.965373278
0.000000000 0.384615385 0.666666667 0.384615385 0.500000000 0.000000000 0.000000000 -0.993503271 0.000000000 0.113803564 -6.757656097 -0.113803564 0.000000000 -0.993503271 2.590884924 0.000000000 1.000000000 0.000000000 -0.937436879
0.000000000 0.384615385 0.666666667 0.384615385 0.500000000 0.000000000 0.000000000 -0.993533962 0.000000000 0.113535306 -6.694777489 -0.113535306 0.000000000 -0.993533962 2.608830929 0.000000000 1.000000000 0.000000000 -0.942622840
0.000000000 0.384615385 0.666666667 0.384615385 0.500000000 0.000000000 0.000000000 -0.993564879 0.000000000 0.113264434 -6.619396687 -0.113264434 0.000000000 -0.993564879 2.605183363 0.000000000 1.000000000 0.000000000 -0.932857633
0.000000000 0.384615385 0.666666667 0.384615385 0.500000000 0.000000000 0.000000000 -0.993595625 0.000000000 0.112994399 -6.564965725 -0.112994399 0.000000000 -0.993595625 2.609080791 0.000000000 1.000000000 0.000000000 -0.921798527
0.000000000 0.384615385 0.666666667 0.384615385 0.500000000 0.000000000 0.000000000 -0.993618947 0.000000000 0.112789130 -6.487353325 -0.112789130 0.000000000 -0.993618947 2.607985735 0.000000000 1.000000000 0.000000000 -0.921905100
0.000000000 0.384615385 0.666666667 0.384615385 0.500000000 0.000000000 0.000000000 -0.993650362 0.000000000 0.112512038 -6.407626629 -0.112512038 0.000000000 -0.993650362 2.612871408 0.000000000 1.000000000 0.000000000 -0.913719833
0.000000000 0.384615385 0.666666667 0.384615385 0.500000000 0.000000000 0.000000000 -0.993690130 0.000000000 0.112160271 -6.336703777 -0.112160271 0.000000000 -0.993690130 2.616290569 0.000000000 1.000000000 0.000000000 -0.901126027
0.000000000 0.384615385 0.666666667 0.384615385 0.500000000 0.000000000 0.000000000 -0.993729678 0.000000000 0.111809336 -6.236411095 -0.111809336 0.000000000 -0.993729678 2.598141670 0.000000000 1.000000000 0.000000000 -0.898712814
0.000000000 0.384615385 0.666666667 0.384615385 0.500000000 0.000000000 0.000000000 -0.993768988 0.000000000 0.111459400 -6.119160175 -0.111459400 0.000000000 -0.993768988 2.595736980 0.000000000 1.000000000 0.000000000 -0.875609517
0.000000000 0.384615385 0.666666667 0.384615385 0.500000000 0.000000000 0.000000000 -0.993816934 0.000000000 0.111031085 -6.029696941 -0.111031085 0.000000000 -0.993816934 2.609612703 0.000000000 1.000000000 0.000000000 -0.856088936
0.000000000 0.384615385 0.666666667 0.384615385 0.500000000 0.000000000 0.000000000 -0.993864666 0.000000000 0.110603006 -5.914543152 -0.110603006 0.000000000 -0.993864666 2.599524736 0.000000000 1.000000000 0.000000000 -0.843296707
0.000000000 0.384615385 0.666666667 0.384615385 0.500000000 0.000000000 0.000000000 -0.993912232 0.000000000 0.110174748 -5.814750671 -0.110174748 0.000000000 -0.993912232 2.606410503 0.000000000 1.000000000 0.000000000 -0.830970883
0.000000000 0.384615385 0.666666667 0.384615385 0.500000000 0.000000000 0.000000000 -0.993959613 0.000000000 0.109746470 -5.701298714 -0.109746470 0.000000000 -0.993959613 2.601552010 0.000000000 1.000000000 0.000000000 -0.829963267
0.000000000 0.384615385 0.666666667 0.384615385 0.500000000 0.000000000 0.000000000 -0.994006818 0.000000000 0.109318092 -5.606838226 -0.109318092 0.000000000 -0.994006818 2.599992275 0.000000000 1.000000000 0.000000000 -0.823029518
0.000000000 0.384615385 0.666666667 0.384615385 0.500000000 0.000000000 0.000000000 -0.994053874 0.000000000 0.108889369 -5.489833832 -0.108889369 0.000000000 -0.994053874 2.593464851 0.000000000 1.000000000 0.000000000 -0.795868993
0.000000000 0.384615385 0.666666667 0.384615385 0.500000000 0.000000000 0.000000000 -0.994100819 0.000000000 0.108459956 -5.397504807 -0.108459956 0.000000000 -0.994100819 2.600443602 0.000000000 1.000000000 0.000000000 -0.794738352
0.000000000 0.384615385 0.666666667 0.384615385 0.500000000 0.000000000 0.000000000 -0.994138929 0.000000000 0.108110084 -5.331643105 -0.108110084 0.000000000 -0.994138929 2.594725609 0.000000000 1.000000000 0.000000000 -0.775667310
0.000000000 0.384615385 0.666666667 0.384615385 0.500000000 0.000000000 0.000000000 -0.994177005 0.000000000 0.107759372 -5.239077091 -0.107759372 0.000000000 -0.994177005 2.606485128 0.000000000 1.000000000 0.000000000 -0.766973853
0.000000000 0.384615385 0.666666667 0.384615385 0.500000000 0.000000000 0.000000000 -0.994214913 0.000000000 0.107409059 -5.149936199 -0.107409059 0.000000000 -0.994214913 2.606832743 0.000000000 1.000000000 0.000000000 -0.761471093
0.000000000 0.384615385 0.666666667 0.384615385 0.500000000 0.000000000 0.000000000 -0.994253392 0.000000000 0.107052285 -5.056303501 -0.107052285 0.000000000 -0.994253392 2.596316814 0.000000000 1.000000000 0.000000000 -0.766279042
0.000000000 0.384615385 0.666666667 0.384615385 0.500000000 0.000000000 0.000000000 -0.994299118 0.000000000 0.106626752 -4.962089539 -0.106626752 0.000000000 -0.994299118 2.614245653 0.000000000 1.000000000 0.000000000 -0.741227984
0.000000000 0.384615385 0.666666667 0.384615385 0.500000000 0.000000000 0.000000000 -0.994336482 0.000000000 0.106277754 -4.881262302 -0.106277754 0.000000000 -0.994336482 2.591593504 0.000000000 1.000000000 0.000000000 -0.754170597
0.000000000 0.384615385 0.666666667 0.384615385 0.500000000 0.000000000 0.000000000 -0.994373857 0.000000000 0.105927482 -4.795419693 -0.105927482 0.000000000 -0.994373857 2.593261003 0.000000000 1.000000000 0.000000000 -0.728543818
0.000000000 0.384615385 0.666666667 0.384615385 0.500000000 0.000000000 0.000000000 -0.994404289 0.000000000 0.105641423 -4.702207088 -0.105641423 0.000000000 -0.994404289 2.613488674 0.000000000 1.000000000 0.000000000 -0.713607371
0.000000000 0.384615385 0.666666667 0.384615385 0.500000000 0.000000000 0.000000000 -0.994442835 0.000000000 0.105277955 -4.616591930 -0.105277955 0.000000000 -0.994442835 2.603882313 0.000000000 1.000000000 0.000000000 -0.701499999
0.000000000 0.384615385 0.666666667 0.384615385 0.500000000 0.000000000 0.000000000 -0.994481114 0.000000000 0.104915742 -4.537905216 -0.104915742 0.000000000 -0.994481114 2.601803541 0.000000000 1.000000000 0.000000000 -0.703046620
0.000000000 0.384615385 0.666666667 0.384615385 0.500000000 0.000000000 0.000000000 -0.994519218 0.000000000 0.104553938 -4.440002441 -0.104553938 0.000000000 -0.994519218 2.601395130 0.000000000 1.000000000 0.000000000 -0.678728104
0.000000000 0.384615385 0.666666667 0.384615385 0.500000000 0.000000000 0.000000000 -0.994564390 0.000000000 0.104123364 -4.343376160 -0.104123364 0.000000000 -0.994564390 2.599426508 0.000000000 1.000000000 0.000000000 -0.675684631
0.000000000 0.384615385 0.666666667 0.384615385 0.500000000 0.000000000 0.000000000 -0.994601652 0.000000000 0.103766827 -4.273417950 -0.103766827 0.000000000 -0.994601652 2.606181383 0.000000000 1.000000000 0.000000000 -0.672528684
0.000000000 0.384615385 0.666666667 0.384615385 0.500000000 0.000000000 0.000000000 -0.994639222 0.000000000 0.103406080 -4.164453030 -0.103406080 0.000000000 -0.994639222 2.606692791 0.000000000 1.000000000 0.000000000 -0.658089578
0.000000000 0.384615385 0.666666667 0.384615385 0.500000000 0.000000000 0.000000000 -0.994677035 0.000000000 0.103041716 -4.066899300 -0.103041716 0.000000000 -0.994677035 2.598607063 0.000000000 1.000000000 0.000000000 -0.655379236
0.000000000 0.384615385 0.666666667 0.384615385 0.500000000 0.000000000 0.000000000 -0.994721863 0.000000000 0.102608068 -3.975112200 -0.102608068 0.000000000 -0.994721863 2.598253012 0.000000000 1.000000000 0.000000000 -0.666353345
0.000000000 0.384615385 0.666666667 0.384615385 0.500000000 0.000000000 0.000000000 -0.994758813 0.000000000 0.102249226 -3.905812979 -0.102249226 0.000000000 -0.994758813 2.604821920 0.000000000 1.000000000 0.000000000 -0.638214767
0.000000000 0.384615385 0.666666667 0.384615385 0.500000000 0.000000000 0.000000000 -0.994787943 0.000000000 0.101965427 -3.835766554 -0.101965427 0.000000000 -0.994787943 2.612033606 0.000000000 1.000000000 0.000000000 -0.633435130
0.000000000 0.384615385 0.666666667 0.384615385 0.500000000 0.000000000 0.000000000 -0.994817240 0.000000000 0.101679195 -3.754304171 -0.101679195 0.000000000 -0.994817240 2.609838486 0.000000000 1.000000000 0.000000000 -0.622573256
0.000000000 0.384615385 0.666666667 0.384615385 0.500000000 0.000000000 0.000000000 -0.994854291 0.000000000 0.101316035 -3.674606800 -0.101316035 0.000000000 -0.994854291 2.607297897 0.000000000 1.000000000 0.000000000 -0.612571001
0.000000000 0.384615385 0.666666667 0.384615385 0.500000000 0.000000000 0.000000000 -0.994883223 0.000000000 0.101031547 -3.608679056 -0.101031547 0.000000000 -0.994883223 2.600289345 0.000000000 1.000000000 0.000000000 -0.596610427
0.000000000 0.384615385 0.666666667 0.384615385 0.500000000 0.000000000 0.000000000 -0.994912063 0.000000000 0.100747139 -3.541057110 -0.100747139 0.000000000 -0.994912063 2.609522343 0.000000000 1.000000000 0.000000000 -0.601976395
0.000000000 0.384615385 0.666666667 0.384615385 0.500000000 0.000000000 0.000000000 -0.994940823 0.000000000 0.100462723 -3.491166830 -0.100462723 0.000000000 -0.994940823 2.605334520 0.000000000 1.000000000 0.000000000 -0.584583044
0.000000000 0.384615385 0.666666667 0.384615385 0.500000000 0.000000000 0.000000000 -0.994969492 0.000000000 0.100178387 -3.423085928 -0.100178387 0.000000000 -0.994969492 2.606394053 0.000000000 1.000000000 0.000000000 -0.588753760
0.000000000 0.384615385 0.666666667 0.384615385 0.500000000 0.000000000 0.000000000 -0.994990532 0.000000000 0.099969203 -3.367736816 -0.099969203 0.000000000 -0.994990532 2.602684498 0.000000000 1.000000000 0.000000000 -0.577057719
0.000000000 0.384615385 0.666666667 0.384615385 0.500000000 0.000000000 0.000000000 -0.995004756 0.000000000 0.099827531 -3.309226036 -0.099827531 0.000000000 -0.995004756 2.605213165 0.000000000 1.000000000 0.000000000 -0.584361136
0.000000000 0.384615385 0.666666667 0.384615385 0.500000000 0.000000000 0.000000000 -0.995033647 0.000000000 0.099539147 -3.261005878 -0.099539147 0.000000000 -0.995033647 2.601302624 0.000000000 1.000000000 0.000000000 -0.571764350
0.000000000 0.384615385 0.666666667 0.384615385 0.500000000 0.000000000 0.000000000 -0.995055197 0.000000000 0.099323486 -3.192294836 -0.099323486 0.000000000 -0.995055197 2.607133389 0.000000000 1.000000000 0.000000000 -0.551896334
0.000000000 0.384615385 0.666666667 0.384615385 0.500000000 0.000000000 0.000000000 -0.995083849 0.000000000 0.099036022 -3.143671751 -0.099036022 0.000000000 -0.995083849 2.605926037 0.000000000 1.000000000 0.000000000 -0.566641152
0.000000000 0.384615385 0.666666667 0.384615385 0.500000000 0.000000000 0.000000000 -0.995105265 0.000000000 0.098820606 -3.064992666 -0.098820606 0.000000000 -0.995105265 2.593392611 0.000000000 1.000000000 0.000000000 -0.551478386
0.000000000 0.384615385 0.666666667 0.384615385 0.500000000 0.000000000 0.000000000 -0.995134719 0.000000000 0.098523551 -2.988476515 -0.098523551 0.000000000 -0.995134719 2.609711170 0.000000000 1.000000000 0.000000000 -0.552454114
0.000000000 0.384615385 0.666666667 0.384615385 0.500000000 0.000000000 0.000000000 -0.995171229 0.000000000 0.098154092 -2.927514553 -0.098154092 0.000000000 -0.995171229 2.613480091 0.000000000 1.000000000 0.000000000 -0.532233298
0.000000000 0.384615385 0.666666667 0.384615385 0.500000000 0.000000000 0.000000000 -0.995200171 0.000000000 0.097860209 -2.833874464 -0.097860209 0.000000000 -0.995200171 2.596045732 0.000000000 1.000000000 0.000000000 -0.521362305
0.000000000 0.384615385 0.666666667 0.384615385 0.500000000 0.000000000 0.000000000 -0.995236120 0.000000000 0.097493926 -2.750048876 -0.097493926 0.000000000 -0.995236120 2.596504688 0.000000000 1.000000000 0.000000000 -0.515573740
0.000000000 0.384615385 0.666666667 0.384615385 0.500000000 0.000000000 0.000000000 -0.995264694 0.000000000 0.097201797 -2.685180664 -0.097201797 0.000000000 -0.995264694 2.590711594 0.000000000 1.000000000 0.000000000 -0.513927221
0.000000000 0.384615385 0.666666667 0.384615385 0.500000000 0.000000000 0.000000000 -0.995300188 0.000000000 0.096837677 -2.598959923 -0.096837677 0.000000000 -0.995300188 2.600745440 0.000000000 1.000000000 0.000000000 -0.508640885
0.000000000 0.384615385 0.666666667 0.384615385 0.500000000 0.000000000 0.000000000 -0.995328430 0.000000000 0.096546966 -2.502524376 -0.096546966 0.000000000 -0.995328430 2.604299784 0.000000000 1.000000000 0.000000000 -0.499439299
0.000000000 0.384615385 0.666666667 0.384615385 0.500000000 0.000000000 0.000000000 -0.995357009 0.000000000 0.096251880 -2.437892914 -0.096251880 0.000000000 -0.995357009 2.606514215 0.000000000 1.000000000 0.000000000 -0.491640776
0.000000000 0.384615385 0.666666667 0.384615385 0.500000000 0.000000000 0.000000000 -0.995392495 0.000000000 0.095884207 -2.364787579 -0.095884207 0.000000000 -0.995392495 2.599424601 0.000000000 1.000000000 0.000000000 -0.487026215
0.000000000 0.384615385 0.666666667 0.384615385 0.500000000 0.000000000 0.000000000 -0.995420635 0.000000000 0.095591625 -2.268532753 -0.095591625 0.000000000 -0.995420635 2.595710754 0.000000000 1.000000000 0.000000000 -0.483166099
0.000000000 0.384615385 0.666666667 0.384615385 0.500000000 0.000000000 0.000000000 -0.995455644 0.000000000 0.095226370 -2.212023973 -0.095226370 0.000000000 -0.995455644 2.594668150 0.000000000 1.000000000 0.000000000 -0.473067015
0.000000000 0.384615385 0.666666667 0.384615385 0.500000000 0.000000000 0.000000000 -0.995483486 0.000000000 0.094934863 -2.140380859 -0.094934863 0.000000000 -0.995483486 2.609050274 0.000000000 1.000000000 0.000000000 -0.471128494
0.000000000 0.384615385 0.666666667 0.384615385 0.500000000 0.000000000 0.000000000 -0.995511658 0.000000000 0.094638990 -2.047424316 -0.094638990 0.000000000 -0.995511658 2.610296011 0.000000000 1.000000000 0.000000000 -0.447064817
0.000000000 0.384615385 0.666666667 0.384615385 0.500000000 0.000000000 0.000000000 -0.995546722 0.000000000 0.094269423 -1.964687467 -0.094269423 0.000000000 -0.995546722 2.603192806 0.000000000 1.000000000 0.000000000 -0.453506887
0.000000000 0.384615385 0.666666667 0.384615385 0.500000000 0.000000000 0.000000000 -0.995581015 0.000000000 0.093906566 -1.890478492 -0.093906566 0.000000000 -0.995581015 2.601705074 0.000000000 1.000000000 0.000000000 -0.438661903
0.000000000 0.384615385 0.666666667 0.384615385 0.500000000 0.000000000 0.000000000 -0.995608407 0.000000000 0.093615708 -1.791745543 -0.093615708 0.000000000 -0.995608407 2.608688593 0.000000000 1.000000000 0.000000000 -0.445742965
0.000000000 0.384615385 0.666666667 0.384615385 0.500000000 0.000000000 0.000000000 -0.995650302 0.000000000 0.093169076 -1.673244596 -0.093169076 0.000000000 -0.995650302 2.596497536 0.000000000 1.000000000 0.000000000 -0.415678084
0.000000000 0.384615385 0.666666667 0.384615385 0.500000000 0.000000000 0.000000000 -0.995692208 0.000000000 0.092720158 -1.559440851 -0.092720158 0.000000000 -0.995692208 2.610993862 0.000000000 1.000000000 0.000000000 -0.417565674
0.000000000 0.384615385 0.666666667 0.384615385 0.500000000 0.000000000 0.000000000 -0.995742098 0.000000000 0.092182830 -1.426403761 -0.092182830 0.000000000 -0.995742098 2.602446795 0.000000000 1.000000000 0.000000000 -0.407962859
0.000000000 0.384615385 0.666666667 0.384615385 0.500000000 0.000000000 0.000000000 -0.995797866 0.000000000 0.091578431 -1.291210890 -0.091578431 0.000000000 -0.995797866 2.621877193 0.000000000 1.000000000 0.000000000 -0.373134822
0.000000000 0.384615385 0.666666667 0.384615385 0.500000000 0.000000000 0.000000000 -0.995852784 0.000000000 0.090979301 -1.155270934 -0.090979301 0.000000000 -0.995852784 2.606747627 0.000000000 1.000000000 0.000000000 -0.378558755
0.000000000 0.384615385 0.666666667 0.384615385 0.500000000 0.000000000 0.000000000 -0.995900618 0.000000000 0.090454184 -1.027014136 -0.090454184 0.000000000 -0.995900618 2.606254578 0.000000000 1.000000000 0.000000000 -0.369796127