0.000000000 0.384615385 0.666666667 0.384615385 0.500000000 0.000000000 0.000000000 0.619552264 0.000000000 -0.784955408 64.280021667 0.784955408 0.000000000 0.619552264 0.187305897 0.000000000 1.000000000 0.000000000 -111.057563782
0.000000000 0.384615385 0.666666667 0.384615385 0.500000000 0.000000000 0.000000000 0.611512055 0.000000000 -0.791235114 63.982040405 0.791235114 0.000000000 0.611512055 0.051326293 0.000000000 1.000000000 0.000000000 -111.292243958
0.000000000 0.384615385 0.666666667 0.384615385 0.500000000 0.000000000 0.000000000 0.604782959 0.000000000 -0.796390339 63.862094879 0.796390339 0.000000000 0.604782959 0.070861816 0.000000000 1.000000000 0.000000000 -111.513298035
0.000000000 0.384615385 0.666666667 0.384615385 0.500000000 0.000000000 0.000000000 0.598735035 0.000000000 -0.800947163 63.652168274 0.800947163 0.000000000 0.598735035 0.153217614 0.000000000 1.000000000 0.000000000 -111.820671082
0.000000000 0.384615385 0.666666667 0.384615385 0.500000000 0.000000000 0.000000000 0.591288159 0.000000000 -0.806460360 63.323650360 0.806460360 0.000000000 0.591288159 -0.038482819 0.000000000 1.000000000 0.000000000 -112.182136536
0.000000000 0.384615385 0.666666667 0.384615385 0.500000000 0.000000000 0.000000000 0.583672483 0.000000000 -0.811989182 63.160617828 0.811989182 0.000000000 0.583672483 0.037312165 0.000000000 1.000000000 0.000000000 -112.440475464
0.000000000 0.384615385 0.666666667 0.384615385 0.500000000 0.000000000 0.000000000 0.575825152 0.000000000 -0.817572868 63.025470734 0.817572868 0.000000000 0.575825152 0.009243316 0.000000000 1.000000000 0.000000000 -112.736968994
0.000000000 0.384615385 0.666666667 0.384615385 0.500000000 0.000000000 0.000000000 0.568776450 0.000000000 -0.822492158 62.807670593 0.822492158 0.000000000 0.568776450 -0.050519254 0.000000000 1.000000000 0.000000000 -113.029365540
0.000000000 0.384615385 0.666666667 0.384615385 0.500000000 0.000000000 0.000000000 0.559836523 0.000000000 -0.828603082 62.562747955 0.828603082 0.000000000 0.559836523 -0.007601623 0.000000000 1.000000000 0.000000000 -113.343589783
0.000000000 0.384615385 0.666666667 0.384615385 0.500000000 0.000000000 0.000000000 0.550907927 0.000000000 -0.834566029 62.456687927 0.834566029 0.000000000 0.550907927 0.102456965 0.000000000 1.000000000 0.000000000 -113.460494995
0.000000000 0.384615385 0.666666667 0.384615385 0.500000000 0.000000000 0.000000000 0.541655193 0.000000000 -0.840600769 62.248798370 0.840600769 0.000000000 0.541655193 0.178530723 0.000000000 1.000000000 0.000000000 -113.920455933
0.000000000 0.384615385 0.666666667 0.384615385 0.500000000 0.000000000 0.000000000 0.533129736 0.000000000 -0.846033501 61.996345520 0.846033501 0.000000000 0.533129736 0.107660674 0.000000000 1.000000000 0.000000000 -114.192527771
0.000000000 0.384615385 0.666666667 0.384615385 0.500000000 0.000000000 0.000000000 0.522305961 0.000000000 -0.852758162 61.842761993 0.852758162 0.000000000 0.522305961 0.123028867 0.000000000 1.000000000 0.000000000 -114.453315735
0.000000000 0.384615385 0.666666667 0.384615385 0.500000000 0.000000000 0.000000000 0.510956569 0.000000000 -0.859606529 61.523128510 0.859606529 0.000000000 0.510956569 0.150421903 0.000000000 1.000000000 0.000000000 -114.759147644
0.000000000 0.384615385 0.666666667 0.384615385 0.500000000 0.000000000 0.000000000 0.500735099 0.000000000 -0.865600578 61.392990112 0.865600578 0.000000000 0.500735099 -0.014082031 0.000000000 1.000000000 0.000000000 -115.193412781
0.000000000 0.384615385 0.666666667 0.384615385 0.500000000 0.000000000 0.000000000 0.489371099 0.000000000 -0.872075643 61.275798798 0.872075643 0.000000000 0.489371099 0.107864223 0.000000000 1.000000000 0.000000000 -115.444740295
0.000000000 0.384615385 0.666666667 0.384615385 0.500000000 0.000000000 0.000000000 0.464781393 0.000000000 -0.885425466 61.087894440 0.885425466 0.000000000 0.464781393 0.008867950 0.000000000 1.000000000 0.000000000 -116.045150757
0.000000000 0.384615385 0.666666667 0.384615385 0.500000000 0.000000000 0.000000000 0.436398719 0.000000000 -0.899753388 60.994743347 0.899753388 0.000000000 0.436398719 -0.102387697 0.000000000 1.000000000 0.000000000 -116.076950073
0.000000000 0.384615385 0.666666667 0.384615385 0.500000000 0.000000000 0.000000000 0.492714682 0.000000000 -0.870190923 60.702541351 0.870190923 0.000000000 0.492714682 -0.072861478 0.000000000 1.000000000 0.000000000 -116.055770874
0.000000000 0.384615385 0.666666667 0.384615385 0.500000000 0.000000000 0.000000000 0.557619457 0.000000000 -0.830096706 60.221302032 0.830096706 0.000000000 0.557619457 0.018104248 0.000000000 1.000000000 0.000000000 -115.984107971
0.000000000 0.384615385 0.666666667 0.384615385 0.500000000 0.000000000 0.000000000 0.626424738 0.000000000 -0.779481910 59.908508301 0.779481910 0.000000000 0.626424738 0.065402523 0.000000000 1.000000000 0.000000000 -115.897476196
0.000000000 0.384615385 0.666666667 0.384615385 0.500000000 0.000000000 0.000000000 0.637935709 0.000000000 -0.770089626 59.406463623 0.770089626 0.000000000 0.637935709 -0.032442015 0.000000000 1.000000000 0.000000000 -115.710815430
0.000000000 0.384615385 0.666666667 0.384615385 0.500000000 0.000000000 0.000000000 0.685114729 0.000000000 -0.728435177 58.995651245 0.728435177 0.000000000 0.685114729 0.089891352 0.000000000 1.000000000 0.000000000 -115.388618469
0.000000000 0.384615385 0.666666667 0.384615385 0.500000000 0.000000000 0.000000000 0.694271296 0.000000000 -0.719713393 58.626194000 0.719713393 0.000000000 0.694271296 0.105557099 0.000000000 1.000000000 0.000000000 -115.431427002
0.000000000 0.384615385 0.666666667 0.384615385 0.500000000 0.000000000 0.000000000 0.735100466 0.000000000 -0.677958188 58.086971283 0.677958188 0.000000000 0.735100466 0.081666261 0.000000000 1.000000000 0.000000000 -115.243873596
0.000000000 0.384615385 0.666666667 0.384615385 0.500000000 0.000000000 0.000000000 0.782421757 0.000000000 -0.622748901 57.661937714 0.622748901 0.000000000 0.782421757 0.011612243 0.000000000 1.000000000 0.000000000 -115.094085693
0.000000000 0.384615385 0.666666667 0.384615385 0.500000000 0.000000000 0.000000000 0.813070013 0.000000000 -0.582165917 57.288486481 0.582165917 0.000000000 0.813070013 0.106908716 0.000000000 1.000000000 0.000000000 -115.163154602
0.000000000 0.384615385 0.666666667 0.384615385 0.500000000 0.000000000 0.000000000 0.848906724 0.000000000 -0.528542688 56.915306091 0.528542688 0.000000000 0.848906724 0.077147976 0.000000000 1.000000000 0.000000000 -115.018173218
0.000000000 0.384615385 0.666666667 0.384615385 0.500000000 0.000000000 0.000000000 0.874193593 0.000000000 -0.485577555 56.414043427 0.485577555 0.000000000 0.874193593 0.084797211 0.000000000 1.000000000 0.000000000 -115.025161743
0.000000000 0.384615385 0.666666667 0.384615385 0.500000000 0.000000000 0.000000000 0.889365105 0.000000000 -0.457197670 55.988533020 0.457197670 0.000000000 0.889365105 0.150212094 0.000000000 1.000000000 0.000000000 -114.962760925
0.000000000 0.384615385 0.666666667 0.384615385 0.500000000 0.000000000 0.000000000 0.918948602 0.000000000 -0.394377316 55.460350037 0.394377316 0.000000000 0.918948602 0.091455378 0.000000000 1.000000000 0.000000000 -114.945777893
0.000000000 0.384615385 0.666666667 0.384615385 0.500000000 0.000000000 0.000000000 0.937329355 0.000000000 -0.348444658 55.048812866 0.348444658 0.000000000 0.937329355 0.041770477 0.000000000 1.000000000 0.000000000 -114.870399475
0.000000000 0.384615385 0.666666667 0.384615385 0.500000000 0.000000000 0.000000000 0.950543008 0.000000000 -0.310592964 54.728466034 0.310592964 0.000000000 0.950543008 0.170699149 0.000000000 1.000000000 0.000000000 -114.723457336
0.000000000 0.384615385 0.666666667 0.384615385 0.500000000 0.000000000 0.000000000 0.967050258 0.000000000 -0.254585543 54.233303070 0.254585543 0.000000000 0.967050258 0.147645265 0.000000000 1.000000000 0.000000000 -114.974136353
0.000000000 0.384615385 0.666666667 0.384615385 0.500000000 0.000000000 0.000000000 0.972405733 0.000000000 -0.233296142 53.896457672 0.233296142 0.000000000 0.972405733 -0.024859924 0.000000000 1.000000000 0.000000000 -114.806953430
0.000000000 0.384615385 0.666666667 0.384615385 0.500000000 0.000000000 0.000000000 0.988897856 0.000000000 -0.148596870 53.431072235 0.148596870 0.000000000 0.988897856 -0.039230041 0.000000000 1.000000000 0.000000000 -114.710083008
0.000000000 0.384615385 0.666666667 0.384615385 0.500000000 0.000000000 0.000000000 0.992981233 0.000000000 -0.118272023 53.069934845 0.118272023 0.000000000 0.992981233 0.081366725 0.000000000 1.000000000 0.000000000 -114.610534668
0.000000000 0.384615385 0.666666667 0.384615385 0.500000000 0.000000000 0.000000000 0.998114878 0.000000000 -0.061373363 52.563613892 0.061373363 0.000000000 0.998114878 0.119743347 0.000000000 1.000000000 0.000000000 -114.760749817
0.000000000 0.384615385 0.666666667 0.384615385 0.500000000 0.000000000 0.000000000 0.999711977 0.000000000 -0.023999216 52.228137970 0.023999216 0.000000000 0.999711977 0.105671540 0.000000000 1.000000000 0.000000000 -114.548500061
0.000000000 0.384615385 0.666666667 0.384615385 0.500000000 0.000000000 0.000000000 0.999944153 0.000000000 -0.010568343 51.573078156 0.010568343 0.000000000 0.999944153 0.100649714 0.000000000 1.000000000 0.000000000 -114.622940063
0.000000000 0.384615385 0.666666667 0.384615385 0.500000000 0.000000000 0.000000000 0.999426067 0.000000000 0.033875304 51.191310883 -0.033875304 0.000000000 0.999426067 0.120816797 0.000000000 1.000000000 0.000000000 -114.680854797
0.000000000 0.384615385 0.666666667 0.384615385 0.500000000 0.000000000 0.000000000 0.999485672 0.000000000 0.032068532 50.933818817 -0.032068532 0.000000000 0.999485672 0.055995483 0.000000000 1.000000000 0.000000000 -114.574867249
0.000000000 0.384615385 0.666666667 0.384615385 0.500000000 0.000000000 0.000000000 0.999599407 0.000000000 0.028302400 50.298549652 -0.028302400 0.000000000 0.999599407 0.153476104 0.000000000 1.000000000 0.000000000 -114.659584045
0.000000000 0.384615385 0.666666667 0.384615385 0.500000000 0.000000000 0.000000000 0.999692725 0.000000000 0.024788197 49.926418304 -0.024788197 0.000000000 0.999692725 0.063192897 0.000000000 1.000000000 0.000000000 -114.605270386
0.000000000 0.384615385 0.666666667 0.384615385 0.500000000 0.000000000 0.000000000 0.999766631 0.000000000 0.021602877 49.681869507 -0.021602877 0.000000000 0.999766631 0.031183776 0.000000000 1.000000000 0.000000000 -114.507972717
0.000000000 0.384615385 0.666666667 0.384615385 0.500000000 0.000000000 0.000000000 0.999821241 0.000000000 0.018907326 49.221424103 -0.018907326 0.000000000 0.999821241 0.107293546 0.000000000 1.000000000 0.000000000 -114.688972473
0.000000000 0.384615385 0.666666667 0.384615385 0.500000000 0.000000000 0.000000000 0.999873672 0.000000000 0.015894676 48.735794067 -0.015894676 0.000000000 0.999873672 0.098333433 0.000000000 1.000000000 0.000000000 -114.481559753
0.000000000 0.384615385 0.666666667 0.384615385 0.500000000 0.000000000 0.000000000 0.999912893 0.000000000 0.013198757 48.382350922 -0.013198757 0.000000000 0.999912893 0.101164855 0.000000000 1.000000000 0.000000000 -114.463424683
0.000000000 0.384615385 0.666666667 0.384615385 0.500000000 0.000000000 0.000000000 0.999940378 0.000000000 0.010919749 47.939510345 -0.010919749 0.000000000 0.999940378 0.055854797 0.000000000 1.000000000 0.000000000 -114.550094604
0.000000000 0.384615385 0.666666667 0.384615385 0.500000000 0.000000000 0.000000000 0.999965169 0.000000000 0.008346352 47.525184631 -0.008346352 0.000000000 0.999965169 0.075129241 0.000000000 1.000000000 0.000000000 -114.597358704
0.000000000 0.384615385 0.666666667 0.384615385 0.500000000 0.000000000 0.000000000 0.999981929 0.000000000 0.006011715 47.091575623 -0.006011715 0.000000000 0.999981929 0.154201195 0.000000000 1.000000000 0.000000000 -114.529296875
0.000000000 0.384615385 0.666666667 0.384615385 0.500000000 0.000000000 0.000000000 0.999991633 0.000000000 0.004090596 46.751399994 -0.004090596 0.000000000 0.999991633 0.033013761 0.000000000 1.000000000 0.000000000 -114.374229431
0.000000000 0.384615385 0.666666667 0.384615385 0.500000000 0.000000000 0.000000000 0.999998107 0.000000000 0.001945751 46.264595032 -0.001945751 0.000000000 0.999998107 0.031331480 0.000000000 1.000000000 0.000000000 -114.650962830
0.000000000 0.384615385 0.666666667 0.384615385 0.500000000 0.000000000 0.000000000 0.999999984 0.000000000 0.000181231 45.915428162 -0.000181231 0.000000000 0.999999984 0.051050413 0.000000000 1.000000000 0.000000000 -114.508529663
0.000000000 0.384615385 0.666666667 0.384615385 0.500000000 0.000000000 0.000000000 0.999998397 0.000000000 -0.001790650 45.399745941 0.001790650 0.000000000 0.999998397 0.095357053 0.000000000 1.000000000 0.000000000 -114.588394165
0.000000000 0.384615385 0.666666667 0.384615385 0.500000000 0.000000000 0.000000000 0.999994205 0.000000000 -0.003404533 44.987537384 0.003404533 0.000000000 0.999994205 0.154880971 0.000000000 1.000000000 0.000000000 -114.511230469
0.000000000 0.384615385 0.666666667 0.384615385 0.500000000 0.000000000 0.000000000 0.999986436 0.000000000 -0.005208490 44.691188812 0.005208490 0.000000000 0.999986436 0.186522067 0.000000000 1.000000000 0.000000000 -114.567245483
0.000000000 0.384615385 0.666666667 0.384615385 0.500000000 0.000000000 0.000000000 0.999977648 0.000000000 -0.006686055 44.294494629 0.006686055 0.000000000 0.999977648 0.162133172 0.000000000 1.000000000 0.000000000 -114.620498657
0.000000000 0.384615385 0.666666667 0.384615385 0.500000000 0.000000000 0.000000000 0.999965232 0.000000000 -0.008338766 43.989612579 0.008338766 0.000000000 0.999965232 0.069078974 0.000000000 1.000000000 0.000000000 -114.561920166
0.000000000 0.384615385 0.666666667 0.384615385 0.500000000 0.000000000 0.000000000 0.999952988 0.000000000 -0.009696443 43.505027771 0.009696443 0.000000000 0.999952988 0.190717921 0.000000000 1.000000000 0.000000000 -114.452079773
0.000000000 0.384615385 0.666666667 0.384615385 0.500000000 0.000000000 0.000000000 0.999937088 0.000000000 -0.011216954 43.000232697 0.011216954 0.000000000 0.999937088 0.046740569 0.000000000 1.000000000 0.000000000 -114.641601562
0.000000000 0.384615385 0.666666667 0.384615385 0.500000000 0.000000000 0.000000000 0.999922449 0.000000000 -0.012453730 42.588977814 0.012453730 0.000000000 0.999922449 0.072621763 0.000000000 1.000000000 0.000000000 -114.645973206
0.000000000 0.384615385 0.666666667 0.384615385 0.500000000 0.000000000 0.000000000 0.999906043 0.000000000 -0.013707857 42.092288971 0.013707857 0.000000000 0.999906043 0.169624180 0.000000000 1.000000000 0.000000000 -114.481452942
0.000000000 0.384615385 0.666666667 0.384615385 0.500000000 0.000000000 0.000000000 0.999886124 0.000000000 -0.015091007 41.725887299 0.015091007 0.000000000 0.999886124 0.001957245 0.000000000 1.000000000 0.000000000 -114.475601196
0.000000000 0.384615385 0.666666667 0.384615385 0.500000000 0.000000000 0.000000000 0.999866582 0.000000000 -0.016334561 41.378753662 0.016334561 0.000000000 0.999866582 0.088052213 0.000000000 1.000000000 0.000000000 -114.665405273
0.000000000 0.384615385 0.666666667 0.384615385 0.500000000 0.000000000 0.000000000 0.999848651 0.000000000 -0.017397561 40.988914490 0.017397561 0.000000000 0.999848651 0.046968535 0.000000000 1.000000000 0.000000000 -114.649085999
0.000000000 0.384615385 0.666666667 0.384615385 0.500000000 0.000000000 0.000000000 0.999826934 0.000000000 -0.018603825 40.572597504 0.018603825 0.000000000 0.999826934 0.102799833 0.000000000 1.000000000 0.000000000 -114.557220459
0.000000000 0.384615385 0.666666667 0.384615385 0.500000000 0.000000000 0.000000000 0.999808596 0.000000000 -0.019564558 40.271266937 0.019564558 0.000000000 0.999808596 0.054786071 0.000000000 1.000000000 0.000000000 -114.751930237
0.000000000 0.384615385 0.666666667 0.384615385 0.500000000 0.000000000 0.000000000 0.999787081 0.000000000 -0.020634758 39.756935120 0.020634758 0.000000000 0.999787081 0.086236574 0.000000000 1.000000000 0.000000000 -114.596206665
0.000000000 0.384615385 0.666666667 0.384615385 0.500000000 0.000000000 0.000000000 0.999768591 0.000000000 -0.021511941 39.356628418 0.021511941 0.000000000 0.999768591 0.047066800 0.000000000 1.000000000 0.000000000 -114.681587219
0.000000000 0.384615385 0.666666667 0.384615385 0.500000000 0.000000000 0.000000000 0.999746478 0.000000000 -0.022516201 39.009601593 0.022516201 0.000000000 0.999746478 0.116303101 0.000000000 1.000000000 0.000000000 -114.601013184
0.000000000 0.384615385 0.666666667 0.384615385 0.500000000 0.000000000 0.000000000 0.999727424 0.000000000 -0.023346920 38.430580139 0.023346920 0.000000000 0.999727424 0.058948059 0.000000000 1.000000000 0.000000000 -114.645378113
0.000000000 0.384615385 0.666666667 0.384615385 0.500000000 0.000000000 0.000000000 0.999705307 0.000000000 -0.024275471 38.060535431 0.024275471 0.000000000 0.999705307 0.139935002 0.000000000 1.000000000 0.000000000 -114.744422913
0.000000000 0.384615385 0.666666667 0.384615385 0.500000000 0.000000000 0.000000000 0.999686340 0.000000000 -0.025044391 37.660949707 0.025044391 0.000000000 0.999686340 -0.001704559 0.000000000 1.000000000 0.000000000 -114.665596008
0.000000000 0.384615385 0.666666667 0.384615385 0.500000000 0.000000000 0.000000000 0.999664811 0.000000000 -0.025889482 37.307884216 0.025889482 0.000000000 0.999664811 0.069610290 0.000000000 1.000000000 0.000000000 -114.594207764
0.000000000 0.384615385 0.666666667 0.384615385 0.500000000 0.000000000 0.000000000 0.999644479 0.000000000 -0.026663014 36.882556915 0.026663014 0.000000000 0.999644479 0.050609130 0.000000000 1.000000000 0.000000000 -114.746131897
0.000000000 0.384615385 0.666666667 0.384615385 0.500000000 0.000000000 0.000000000 0.999624814 0.000000000 -0.027390354 36.396453857 0.027390354 0.000000000 0.999624814 0.057681885 0.000000000 1.000000000 0.000000000 -114.657791138
0.000000000 0.384615385 0.666666667 0.384615385 0.500000000 0.000000000 0.000000000 0.999607653 0.000000000 -0.028009649 36.002117157 0.028009649 0.000000000 0.999607653 0.186436146 0.000000000 1.000000000 0.000000000 -114.803756714
0.000000000 0.384615385 0.666666667 0.384615385 0.500000000 0.000000000 0.000000000 0.999587514 0.000000000 -0.028719357 35.656398773 0.028719357 0.000000000 0.999587514 0.015571442 0.000000000 1.000000000 0.000000000 -114.785308838
0.000000000 0.384615385 0.666666667 0.384615385 0.500000000 0.000000000 0.000000000 0.999569347 0.000000000 -0.029344871 35.249114990 0.029344871 0.000000000 0.999569347 0.064170986 0.000000000 1.000000000 0.000000000 -114.642967224
0.000000000 0.384615385 0.666666667 0.384615385 0.500000000 0.000000000 0.000000000 0.999552254 0.000000000 -0.029921419 34.764541626 0.029921419 0.000000000 0.999552254 0.016116332 0.000000000 1.000000000 0.000000000 -114.665679932