0.000000000 0.384615385 0.666666667 0.384615385 0.500000000 0.000000000 0.000000000 0.999976789 0.000000000 0.006813336 22.241580963 -0.006813336 0.000000000 0.999976789 0.267566979 0.000000000 1.000000000 0.000000000 3.424739838
0.000000000 0.384615385 0.666666667 0.384615385 0.500000000 0.000000000 0.000000000 0.999937338 0.000000000 0.011194618 21.779333115 -0.011194618 0.000000000 0.999937338 0.243804157 0.000000000 1.000000000 0.000000000 3.384576321
0.000000000 0.384615385 0.666666667 0.384615385 0.500000000 0.000000000 0.000000000 0.999867434 0.000000000 0.016282305 21.407253265 -0.016282305 0.000000000 0.999867434 0.242481306 0.000000000 1.000000000 0.000000000 3.443016291
0.000000000 0.384615385 0.666666667 0.384615385 0.500000000 0.000000000 0.000000000 0.999761454 0.000000000 0.021841133 21.008737564 -0.021841133 0.000000000 0.999761454 0.247184291 0.000000000 1.000000000 0.000000000 3.401682138
0.000000000 0.384615385 0.666666667 0.384615385 0.500000000 0.000000000 0.000000000 0.999620045 0.000000000 0.027563864 20.638696671 -0.027563864 0.000000000 0.999620045 0.221413270 0.000000000 1.000000000 0.000000000 3.412359476
0.000000000 0.384615385 0.666666667 0.384615385 0.500000000 0.000000000 0.000000000 0.999451826 0.000000000 0.033106616 20.230020523 -0.033106616 0.000000000 0.999451826 0.222402871 0.000000000 1.000000000 0.000000000 3.425436258
0.000000000 0.384615385 0.666666667 0.384615385 0.500000000 0.000000000 0.000000000 0.999273257 0.000000000 0.038117679 19.837581635 -0.038117679 0.000000000 0.999273257 0.185854107 0.000000000 1.000000000 0.000000000 3.446920633
0.000000000 0.384615385 0.666666667 0.384615385 0.500000000 0.000000000 0.000000000 0.999103460 0.000000000 0.042335278 19.396659851 -0.042335278 0.000000000 0.999103460 0.167222217 0.000000000 1.000000000 0.000000000 3.515922785
0.000000000 0.384615385 0.666666667 0.384615385 0.500000000 0.000000000 0.000000000 0.998969210 0.000000000 0.045392928 19.049818039 -0.045392928 0.000000000 0.998969210 0.181705400 0.000000000 1.000000000 0.000000000 3.476271391
0.000000000 0.384615385 0.666666667 0.384615385 0.500000000 0.000000000 0.000000000 0.998920045 0.000000000 0.046462274 18.613737106 -0.046462274 0.000000000 0.998920045 0.135014415 0.000000000 1.000000000 0.000000000 3.541019201
0.000000000 0.384615385 0.666666667 0.384615385 0.500000000 0.000000000 0.000000000 0.998957211 0.000000000 0.045656227 18.274427414 -0.045656227 0.000000000 0.998957211 0.170785591 0.000000000 1.000000000 0.000000000 3.527612209
0.000000000 0.384615385 0.666666667 0.384615385 0.500000000 0.000000000 0.000000000 0.999066989 0.000000000 0.043187407 17.944496155 -0.043187407 0.000000000 0.999066989 0.152189627 0.000000000 1.000000000 0.000000000 3.539602041
0.000000000 0.384615385 0.666666667 0.384615385 0.500000000 0.000000000 0.000000000 0.999220290 0.000000000 0.039481791 17.574344635 -0.039481791 0.000000000 0.999220290 0.167946011 0.000000000 1.000000000 0.000000000 3.548418999
0.000000000 0.384615385 0.666666667 0.384615385 0.500000000 0.000000000 0.000000000 0.999456735 0.000000000 0.032958067 17.221937180 -0.032958067 0.000000000 0.999456735 0.155935660 0.000000000 1.000000000 0.000000000 3.531228065
0.000000000 0.384615385 0.666666667 0.384615385 0.500000000 0.000000000 0.000000000 0.999676186 0.000000000 0.025446460 16.826412201 -0.025446460 0.000000000 0.999676186 0.200462788 0.000000000 1.000000000 0.000000000 3.563198090
0.000000000 0.384615385 0.666666667 0.384615385 0.500000000 0.000000000 0.000000000 0.999874973 0.000000000 0.015812582 16.475355148 -0.015812582 0.000000000 0.999874973 0.202952191 0.000000000 1.000000000 0.000000000 3.550525427
0.000000000 0.384615385 0.666666667 0.384615385 0.500000000 0.000000000 0.000000000 0.999980910 0.000000000 0.006178951 16.092639923 -0.006178951 0.000000000 0.999980910 0.241619945 0.000000000 1.000000000 0.000000000 3.582291126
0.000000000 0.384615385 0.666666667 0.384615385 0.500000000 0.000000000 0.000000000 0.999989202 0.000000000 -0.004647099 15.713514328 0.004647099 0.000000000 0.999989202 0.288073808 0.000000000 1.000000000 0.000000000 3.551827431
0.000000000 0.384615385 0.666666667 0.384615385 0.500000000 0.000000000 0.000000000 0.999902408 0.000000000 -0.013970496 15.346963882 0.013970496 0.000000000 0.999902408 0.278919369 0.000000000 1.000000000 0.000000000 3.573500872
0.000000000 0.384615385 0.666666667 0.384615385 0.500000000 0.000000000 0.000000000 0.999741233 0.000000000 -0.022747881 14.956271172 0.022747881 0.000000000 0.999741233 0.277647167 0.000000000 1.000000000 0.000000000 3.536935329
0.000000000 0.384615385 0.666666667 0.384615385 0.500000000 0.000000000 0.000000000 0.999593852 0.000000000 -0.028497901 14.595384598 0.028497901 0.000000000 0.999593852 0.264465481 0.000000000 1.000000000 0.000000000 3.527726889
0.000000000 0.384615385 0.666666667 0.384615385 0.500000000 0.000000000 0.000000000 0.999495884 0.000000000 -0.031748676 14.200119019 0.031748676 0.000000000 0.999495884 0.289177001 0.000000000 1.000000000 0.000000000 3.528839111
0.000000000 0.384615385 0.666666667 0.384615385 0.500000000 0.000000000 0.000000000 0.999549237 0.000000000 -0.030022032 13.795662880 0.030022032 0.000000000 0.999549237 0.276133806 0.000000000 1.000000000 0.000000000 3.549468279
0.000000000 0.384615385 0.666666667 0.384615385 0.500000000 0.000000000 0.000000000 0.999729831 0.000000000 -0.023243597 13.355308533 0.023243597 0.000000000 0.999729831 0.266016215 0.000000000 1.000000000 0.000000000 3.527841091
0.000000000 0.384615385 0.666666667 0.384615385 0.500000000 0.000000000 0.000000000 0.999965470 0.000000000 -0.008310107 12.891921043 0.008310107 0.000000000 0.999965470 0.258266836 0.000000000 1.000000000 0.000000000 3.471171856
0.000000000 0.384615385 0.666666667 0.384615385 0.500000000 0.000000000 0.000000000 0.999916467 0.000000000 0.012925157 12.446909904 -0.012925157 0.000000000 0.999916467 0.220012739 0.000000000 1.000000000 0.000000000 3.530966759
0.000000000 0.384615385 0.666666667 0.384615385 0.500000000 0.000000000 0.000000000 0.999685979 0.000000000 0.025058802 12.022052765 -0.025058802 0.000000000 0.999685979 0.195945427 0.000000000 1.000000000 0.000000000 3.506429434
0.000000000 0.384615385 0.666666667 0.384615385 0.500000000 0.000000000 0.000000000 0.999241570 0.000000000 0.038939505 11.627638817 -0.038939505 0.000000000 0.999241570 0.163279951 0.000000000 1.000000000 0.000000000 3.544286966
0.000000000 0.384615385 0.666666667 0.384615385 0.500000000 0.000000000 0.000000000 0.999135788 0.000000000 0.041565342 11.227698326 -0.041565342 0.000000000 0.999135788 0.094693601 0.000000000 1.000000000 0.000000000 3.609418869
0.000000000 0.384615385 0.666666667 0.384615385 0.500000000 0.000000000 0.000000000 0.996922928 0.000000000 0.078387981 10.851149559 -0.078387981 0.000000000 0.996922928 0.093405761 0.000000000 1.000000000 0.000000000 3.672825813
0.000000000 0.384615385 0.666666667 0.384615385 0.500000000 0.000000000 0.000000000 0.991084365 0.000000000 0.133235809 10.491107941 -0.133235809 0.000000000 0.991084365 0.037955549 0.000000000 1.000000000 0.000000000 3.740935087
0.000000000 0.384615385 0.666666667 0.384615385 0.500000000 0.000000000 0.000000000 0.989898842 0.000000000 0.141775466 10.166588783 -0.141775466 0.000000000 0.989898842 0.031521834 0.000000000 1.000000000 0.000000000 3.849191189
0.000000000 0.384615385 0.666666667 0.384615385 0.500000000 0.000000000 0.000000000 0.970809204 0.000000000 0.239853059 9.761974335 -0.239853059 0.000000000 0.970809204 0.018998031 0.000000000 1.000000000 0.000000000 4.016793728
0.000000000 0.384615385 0.666666667 0.384615385 0.500000000 0.000000000 0.000000000 0.956864837 0.000000000 0.290533446 9.386154175 -0.290533446 0.000000000 0.956864837 0.009970245 0.000000000 1.000000000 0.000000000 4.129961967
0.000000000 0.384615385 0.666666667 0.384615385 0.500000000 0.000000000 0.000000000 0.929729985 0.000000000 0.368241980 9.029690742 -0.368241980 0.000000000 0.929729985 -0.006684951 0.000000000 1.000000000 0.000000000 4.273080826
0.000000000 0.384615385 0.666666667 0.384615385 0.500000000 0.000000000 0.000000000 0.889587355 0.000000000 0.456765080 8.664379120 -0.456765080 0.000000000 0.889587355 0.012869568 0.000000000 1.000000000 0.000000000 4.465631008
0.000000000 0.384615385 0.666666667 0.384615385 0.500000000 0.000000000 0.000000000 0.868140354 0.000000000 0.496318775 8.400488853 -0.496318775 0.000000000 0.868140354 0.003889847 0.000000000 1.000000000 0.000000000 4.675485611
0.000000000 0.384615385 0.666666667 0.384615385 0.500000000 0.000000000 0.000000000 0.850529652 0.000000000 0.525927096 8.087192535 -0.525927096 0.000000000 0.850529652 0.055907972 0.000000000 1.000000000 0.000000000 4.897582054
0.000000000 0.384615385 0.666666667 0.384615385 0.500000000 0.000000000 0.000000000 0.806947531 0.000000000 0.590623130 7.806216717 -0.590623130 0.000000000 0.806947531 0.068545610 0.000000000 1.000000000 0.000000000 5.217323303
0.000000000 0.384615385 0.666666667 0.384615385 0.500000000 0.000000000 0.000000000 0.796067496 0.000000000 0.605207850 7.546938896 -0.605207850 0.000000000 0.796067496 0.108083799 0.000000000 1.000000000 0.000000000 5.476397991
0.000000000 0.384615385 0.666666667 0.384615385 0.500000000 0.000000000 0.000000000 0.769148268 0.000000000 0.639070373 7.349764824 -0.639070373 0.000000000 0.769148268 0.156163558 0.000000000 1.000000000 0.000000000 5.775155067
0.000000000 0.384615385 0.666666667 0.384615385 0.500000000 0.000000000 0.000000000 0.749359783 0.000000000 0.662163058 7.112018108 -0.662163058 0.000000000 0.749359783 0.207148358 0.000000000 1.000000000 0.000000000 6.124225140
0.000000000 0.384615385 0.666666667 0.384615385 0.500000000 0.000000000 0.000000000 0.684283773 0.000000000 0.729215824 6.999441147 -0.729215824 0.000000000 0.684283773 0.289093703 0.000000000 1.000000000 0.000000000 6.562140942
0.000000000 0.384615385 0.666666667 0.384615385 0.500000000 0.000000000 0.000000000 0.612225552 0.000000000 0.790683169 6.826004028 -0.790683169 0.000000000 0.612225552 0.242623210 0.000000000 1.000000000 0.000000000 6.934664726
0.000000000 0.384615385 0.666666667 0.384615385 0.500000000 0.000000000 0.000000000 0.589522735 0.000000000 0.807751784 6.758722305 -0.807751784 0.000000000 0.589522735 0.291596830 0.000000000 1.000000000 0.000000000 7.374076843
0.000000000 0.384615385 0.666666667 0.384615385 0.500000000 0.000000000 0.000000000 0.573553979 0.000000000 0.819167768 6.683165073 -0.819167768 0.000000000 0.573553979 0.288359135 0.000000000 1.000000000 0.000000000 7.804196835
0.000000000 0.384615385 0.666666667 0.384615385 0.500000000 0.000000000 0.000000000 0.550858555 0.000000000 0.834598618 6.596276760 -0.834598618 0.000000000 0.550858555 0.238162071 0.000000000 1.000000000 0.000000000 8.230819702
0.000000000 0.384615385 0.666666667 0.384615385 0.500000000 0.000000000 0.000000000 0.498571108 0.000000000 0.866848804 6.575518608 -0.866848804 0.000000000 0.498571108 0.247060612 0.000000000 1.000000000 0.000000000 8.728755951
0.000000000 0.384615385 0.666666667 0.384615385 0.500000000 0.000000000 0.000000000 0.442020858 0.000000000 0.897004772 6.601447582 -0.897004772 0.000000000 0.442020858 0.231162488 0.000000000 1.000000000 0.000000000 9.132080078
0.000000000 0.384615385 0.666666667 0.384615385 0.500000000 0.000000000 0.000000000 0.389220900 0.000000000 0.921144446 6.620913982 -0.921144446 0.000000000 0.389220900 0.263812870 0.000000000 1.000000000 0.000000000 9.516248703
0.000000000 0.384615385 0.666666667 0.384615385 0.500000000 0.000000000 0.000000000 0.330976678 0.000000000 0.943638934 6.656898499 -0.943638934 0.000000000 0.330976678 0.300913066 0.000000000 1.000000000 0.000000000 10.026203156
0.000000000 0.384615385 0.666666667 0.384615385 0.500000000 0.000000000 0.000000000 0.298935209 0.000000000 0.954273410 6.667760372 -0.954273410 0.000000000 0.298935209 0.256103814 0.000000000 1.000000000 0.000000000 10.413212776
0.000000000 0.384615385 0.666666667 0.384615385 0.500000000 0.000000000 0.000000000 0.295001431 0.000000000 0.955496811 6.690206051 -0.955496811 0.000000000 0.295001431 0.224387512 0.000000000 1.000000000 0.000000000 10.865688324
0.000000000 0.384615385 0.666666667 0.384615385 0.500000000 0.000000000 0.000000000 0.287231281 0.000000000 0.957861259 6.682328224 -0.957861259 0.000000000 0.287231281 0.201844171 0.000000000 1.000000000 0.000000000 11.294804573
0.000000000 0.384615385 0.666666667 0.384615385 0.500000000 0.000000000 0.000000000 0.212597445 0.000000000 0.977139870 6.721618652 -0.977139870 0.000000000 0.212597445 0.252766401 0.000000000 1.000000000 0.000000000 11.734327316
0.000000000 0.384615385 0.666666667 0.384615385 0.500000000 0.000000000 0.000000000 0.191953124 0.000000000 0.981404095 6.747580528 -0.981404095 0.000000000 0.191953124 0.203128964 0.000000000 1.000000000 0.000000000 12.164455414
0.000000000 0.384615385 0.666666667 0.384615385 0.500000000 0.000000000 0.000000000 0.130963301 0.000000000 0.991387217 6.783122540 -0.991387217 0.000000000 0.130963301 0.225043789 0.000000000 1.000000000 0.000000000 12.579176903
0.000000000 0.384615385 0.666666667 0.384615385 0.500000000 0.000000000 0.000000000 0.042428236 0.000000000 0.999099517 6.818228722 -0.999099517 0.000000000 0.042428236 0.236081153 0.000000000 1.000000000 0.000000000 13.033228874
0.000000000 0.384615385 0.666666667 0.384615385 0.500000000 0.000000000 0.000000000 0.012231241 0.000000000 0.999925196 6.856122494 -0.999925196 0.000000000 0.012231241 0.251793295 0.000000000 1.000000000 0.000000000 13.503496170
0.000000000 0.384615385 0.666666667 0.384615385 0.500000000 0.000000000 0.000000000 -0.058769802 0.000000000 0.998271561 6.907043934 -0.998271561 0.000000000 -0.058769802 0.301730812 0.000000000 1.000000000 0.000000000 13.892187119
0.000000000 0.384615385 0.666666667 0.384615385 0.500000000 0.000000000 0.000000000 -0.058490735 0.000000000 0.998287951 6.887040138 -0.998287951 0.000000000 -0.058490735 0.259019762 0.000000000 1.000000000 0.000000000 14.374241829
0.000000000 0.384615385 0.666666667 0.384615385 0.500000000 0.000000000 0.000000000 -0.055234796 0.000000000 0.998473393 6.938372612 -0.998473393 0.000000000 -0.055234796 0.246323153 0.000000000 1.000000000 0.000000000 14.861613274
0.000000000 0.384615385 0.666666667 0.384615385 0.500000000 0.000000000 0.000000000 -0.046987549 0.000000000 0.998895475 6.921138763 -0.998895475 0.000000000 -0.046987549 0.249481201 0.000000000 1.000000000 0.000000000 15.247887611
0.000000000 0.384615385 0.666666667 0.384615385 0.500000000 0.000000000 0.000000000 -0.032631940 0.000000000 0.999467436 6.896651268 -0.999467436 0.000000000 -0.032631940 0.249434963 0.000000000 1.000000000 0.000000000 15.707607269
0.000000000 0.384615385 0.666666667 0.384615385 0.500000000 0.000000000 0.000000000 -0.010994984 0.000000000 0.999939553 7.006672859 -0.999939553 0.000000000 -0.010994984 0.214163363 0.000000000 1.000000000 0.000000000 16.184616089
0.000000000 0.384615385 0.666666667 0.384615385 0.500000000 0.000000000 0.000000000 0.021548212 0.000000000 0.999767810 6.960083961 -0.999767810 0.000000000 0.021548212 0.242850870 0.000000000 1.000000000 0.000000000 16.615047455
0.000000000 0.384615385 0.666666667 0.384615385 0.500000000 0.000000000 0.000000000 0.060430556 0.000000000 0.998172404 6.924863338 -0.998172404 0.000000000 0.060430556 0.277243495 0.000000000 1.000000000 0.000000000 17.004901886
0.000000000 0.384615385 0.666666667 0.384615385 0.500000000 0.000000000 0.000000000 0.071026026 0.000000000 0.997474463 6.856724262 -0.997474463 0.000000000 0.071026026 0.220120087 0.000000000 1.000000000 0.000000000 17.494897842
0.000000000 0.384615385 0.666666667 0.384615385 0.500000000 0.000000000 0.000000000 0.083241746 0.000000000 0.996529383 6.835596085 -0.996529383 0.000000000 0.083241746 0.242301479 0.000000000 1.000000000 0.000000000 17.891038895
0.000000000 0.384615385 0.666666667 0.384615385 0.500000000 0.000000000 0.000000000 0.097271678 0.000000000 0.995257866 6.690891743 -0.995257866 0.000000000 0.097271678 0.228800729 0.000000000 1.000000000 0.000000000 18.348901749
0.000000000 0.384615385 0.666666667 0.384615385 0.500000000 0.000000000 0.000000000 0.190787396 0.000000000 0.981631382 6.592760086 -0.981631382 0.000000000 0.190787396 0.278863519 0.000000000 1.000000000 0.000000000 18.700477600
0.000000000 0.384615385 0.666666667 0.384615385 0.500000000 0.000000000 0.000000000 0.231654482 0.000000000 0.972798130 6.483508110 -0.972798130 0.000000000 0.231654482 0.227880478 0.000000000 1.000000000 0.000000000 19.172414780
0.000000000 0.384615385 0.666666667 0.384615385 0.500000000 0.000000000 0.000000000 0.318369164 0.000000000 0.947966811 6.288770676 -0.947966811 0.000000000 0.318369164 0.228741065 0.000000000 1.000000000 0.000000000 19.578693390
0.000000000 0.384615385 0.666666667 0.384615385 0.500000000 0.000000000 0.000000000 0.405369821 0.000000000 0.914152782 5.987414360 -0.914152782 0.000000000 0.405369821 0.241222069 0.000000000 1.000000000 0.000000000 19.987943649
0.000000000 0.384615385 0.666666667 0.384615385 0.500000000 0.000000000 0.000000000 0.422649698 0.000000000 0.906293128 5.814030647 -0.906293128 0.000000000 0.422649698 0.274434358 0.000000000 1.000000000 0.000000000 20.486610413
0.000000000 0.384615385 0.666666667 0.384615385 0.500000000 0.000000000 0.000000000 0.505928460 0.000000000 0.862575442 5.594216824 -0.862575442 0.000000000 0.505928460 0.231140971 0.000000000 1.000000000 0.000000000 20.899372101
0.000000000 0.384615385 0.666666667 0.384615385 0.500000000 0.000000000 0.000000000 0.523188668 0.000000000 0.852216884 5.264531612 -0.852216884 0.000000000 0.523188668 0.229139253 0.000000000 1.000000000 0.000000000 21.289554596
0.000000000 0.384615385 0.666666667 0.384615385 0.500000000 0.000000000 0.000000000 0.530841334 0.000000000 0.847471225 4.987263680 -0.847471225 0.000000000 0.530841334 0.215252757 0.000000000 1.000000000 0.000000000 21.726617813
0.000000000 0.384615385 0.666666667 0.384615385 0.500000000 0.000000000 0.000000000 0.530550870 0.000000000 0.847653098 4.765756130 -0.847653098 0.000000000 0.530550870 0.222899243 0.000000000 1.000000000 0.000000000 22.154430389
0.000000000 0.384615385 0.666666667 0.384615385 0.500000000 0.000000000 0.000000000 0.519352922 0.000000000 0.854559853 4.512841702 -0.854559853 0.000000000 0.519352922 0.175986633 0.000000000 1.000000000 0.000000000 22.547662735
0.000000000 0.384615385 0.666666667 0.384615385 0.500000000 0.000000000 0.000000000 0.498389495 0.000000000 0.866953235 4.248347282 -0.866953235 0.000000000 0.498389495 0.202611998 0.000000000 1.000000000 0.000000000 22.989336014