0.000000000 0.500000000 0.666666667 0.500000000 0.500000000 0.000000000 0.000000000 0.213243471 -0.974303155 0.072529886 0.464339909 0.166385885 0.869887456 -0.859602042 -0.151819300 0.487888542 -20.896108627 0.023609618 -21.399047852
0.000000000 0.500000000 0.666666667 0.500000000 0.500000000 0.000000000 0.000000000 0.215096887 -0.974334339 0.066377147 0.465604613 0.162059456 0.870028205 -0.858455400 -0.156234853 0.488513047 -20.759057999 0.023128662 -21.318729401
0.000000000 0.500000000 0.666666667 0.500000000 0.500000000 0.000000000 0.000000000 0.217305172 -0.974247916 0.060161949 0.467665639 0.158016237 0.869666441 -0.856777283 -0.160847340 0.489960020 -20.627353668 0.022681274 -21.241588593
0.000000000 0.500000000 0.666666667 0.500000000 0.500000000 0.000000000 0.000000000 0.219833421 -0.974035448 0.054112970 0.470566929 0.154467029 0.868738569 -0.854540831 -0.165513998 0.492305885 -20.501001358 0.022293091 -21.167596817
0.000000000 0.500000000 0.666666667 0.500000000 0.500000000 0.000000000 0.000000000 0.222648343 -0.973693779 0.048457621 0.474348733 0.151623143 0.867181470 -0.851716499 -0.170090706 0.495629052 -20.379999161 0.021990355 -21.096750259
0.000000000 0.500000000 0.666666667 0.500000000 0.500000000 0.000000000 0.000000000 0.225718988 -0.973224258 0.043422146 0.479047305 0.149695422 0.864930610 -0.848271547 -0.174430000 0.500009557 -20.264350891 0.021800537 -21.029012680
0.000000000 0.500000000 0.666666667 0.500000000 0.500000000 0.000000000 0.000000000 0.229018533 -0.972631191 0.039231078 0.484694027 0.148892908 0.861917979 -0.844169540 -0.178380122 0.505527764 -20.154056549 0.021748045 -20.964380264
0.000000000 0.500000000 0.666666667 0.500000000 0.500000000 0.000000000 0.000000000 0.232525655 -0.971919764 0.036108054 0.491313386 0.149422012 0.858070055 -0.839370584 -0.181782931 0.512261641 -20.049106598 0.021860961 -20.902824402
0.000000000 0.500000000 0.666666667 0.500000000 0.500000000 0.000000000 0.000000000 0.236227419 -0.971095255 0.034214204 0.498892063 0.151424994 0.853332983 -0.833848497 -0.184511453 0.520242451 -19.949501038 0.022154540 -20.844333649
0.000000000 0.500000000 0.666666667 0.500000000 0.500000000 0.000000000 0.000000000 0.240123190 -0.970165272 0.033469354 0.507276264 0.154801437 0.847766069 -0.827654303 -0.186590084 0.529313230 -19.855253220 0.022617796 -20.788908005
0.000000000 0.500000000 0.666666667 0.500000000 0.500000000 0.000000000 0.000000000 0.244216599 -0.969133834 0.033732244 0.516282089 0.159388567 0.841455934 -0.820859950 -0.188082153 0.539271774 -19.757724762 0.023234252 -20.731472015
0.000000000 0.500000000 0.666666667 0.500000000 0.500000000 0.000000000 0.000000000 0.248510472 -0.968001579 0.034863843 0.525727343 0.165022846 0.834492793 -0.813543672 -0.189051322 0.549914804 -19.656929016 0.023983154 -20.672031403
0.000000000 0.500000000 0.666666667 0.500000000 0.500000000 0.000000000 0.000000000 0.253005798 -0.966767445 0.036725660 0.535434956 0.171539969 0.826972459 -0.805789969 -0.189564625 0.561041691 -19.552856445 0.024843140 -20.610597610
0.000000000 0.500000000 0.666666667 0.500000000 0.500000000 0.000000000 0.000000000 0.257701774 -0.965429765 0.039181176 0.545232610 0.178777141 0.818999472 -0.797691166 -0.189694762 0.572454977 -19.445512772 0.025795288 -20.547172546
0.000000000 0.500000000 0.666666667 0.500000000 0.500000000 0.000000000 0.000000000 0.262592802 -0.963988043 0.042095999 0.554955423 0.186572875 0.810688005 -0.789347515 -0.189519432 0.583963086 -19.334901810 0.026817627 -20.481775284
0.000000000 0.500000000 0.666666667 0.500000000 0.500000000 0.000000000 0.000000000 0.267669863 -0.962443422 0.045337659 0.564445542 0.194768109 0.802163708 -0.780867514 -0.189124410 0.595380452 -19.221010208 0.027892455 -20.414411545
0.000000000 0.500000000 0.666666667 0.500000000 0.500000000 0.000000000 0.000000000 0.272918950 -0.960799683 0.048777212 0.573552437 0.203206968 0.793564446 -0.772368337 -0.188602487 0.606528032 -19.104682922 0.029208373 -20.343715668
0.000000000 0.500000000 0.666666667 0.500000000 0.500000000 0.000000000 0.000000000 0.278321717 -0.959063595 0.052288075 0.582134786 0.211736684 0.785039278 -0.763973896 -0.188054772 0.617235198 -18.985355377 0.030608520 -20.270612717
0.000000000 0.500000000 0.666666667 0.500000000 0.500000000 0.000000000 0.000000000 0.283855530 -0.957245138 0.055747502 0.590059029 0.220208298 0.776748768 -0.755815044 -0.187590116 0.627338480 -18.862787247 0.032009888 -20.195529938
0.000000000 0.500000000 0.666666667 0.500000000 0.500000000 0.000000000 0.000000000 0.289493917 -0.955357512 0.059036394 0.597198990 0.228476183 0.768864098 -0.748028502 -0.187325004 0.636681006 -18.736967087 0.033395384 -20.118484497
0.000000000 0.500000000 0.666666667 0.500000000 0.500000000 0.000000000 0.000000000 0.295206237 -0.953417208 0.062039547 0.603436945 0.236397505 0.761564227 -0.740754433 -0.187381555 0.645113186 -18.607904434 0.034746092 -20.039491653
0.000000000 0.500000000 0.666666667 0.500000000 0.500000000 0.000000000 0.000000000 0.300960089 -0.951443107 0.064645494 0.608660833 0.243831956 0.755035077 -0.734135556 -0.187888244 0.652489841 -18.475585938 0.036045533 -19.958564758
0.000000000 0.500000000 0.666666667 0.500000000 0.500000000 0.000000000 0.000000000 0.306721407 -0.949456104 0.066746427 0.612763393 0.250640215 0.749466815 -0.728315181 -0.188977749 0.658668663 -18.340019226 0.037275389 -19.875722885
0.000000000 0.500000000 0.666666667 0.500000000 0.500000000 0.000000000 0.000000000 0.312455685 -0.947478189 0.068238741 0.615639587 0.256682918 0.745051527 -0.723435791 -0.190785115 0.663507118 -18.201190948 0.038419187 -19.790983200
0.000000000 0.500000000 0.666666667 0.500000000 0.500000000 0.000000000 0.000000000 0.318130031 -0.945531257 0.069021189 0.617186011 0.261818589 0.741978743 -0.719635124 -0.193446808 0.666861021 -18.059101105 0.039457396 -19.704359055
0.000000000 0.500000000 0.666666667 0.500000000 0.500000000 0.000000000 0.000000000 0.323712670 -0.943636403 0.068995979 0.617297516 0.265901037 0.740432587 -0.717045246 -0.197096364 0.668579942 -17.913759232 0.040374756 -19.615873337
0.000000000 0.500000000 0.666666667 0.500000000 0.500000000 0.000000000 0.000000000 0.329178015 -0.941811442 0.068066455 0.615863363 0.268777678 0.740588197 -0.715789182 -0.201865717 0.668502864 -17.765150070 0.041149903 -19.525535583
0.000000000 0.500000000 0.666666667 0.500000000 0.500000000 0.000000000 0.000000000 0.334505591 -0.940070070 0.066138285 0.612765483 0.270286415 0.742606031 -0.715977983 -0.207878611 0.666454807 -17.613271713 0.041762695 -19.433366776
0.000000000 0.500000000 0.666666667 0.500000000 0.500000000 0.000000000 0.000000000 0.339685546 -0.938416908 0.063146157 0.607910888 0.270287655 0.746584848 -0.717675471 -0.215216845 0.662286666 -17.458686829 0.042332761 -19.338481903
0.000000000 0.500000000 0.666666667 0.500000000 0.500000000 0.000000000 0.000000000 0.344727078 -0.936838382 0.059136187 0.601340189 0.268770109 0.752431130 -0.720800402 -0.223822419 0.656010903 -17.300931931 0.042748414 -19.241598129
0.000000000 0.500000000 0.666666667 0.500000000 0.500000000 0.000000000 0.000000000 0.349647463 -0.935313350 0.054181075 0.593118701 0.265750089 0.759991511 -0.725228832 -0.233593295 0.647670684 -17.139930725 0.042988282 -19.142852783
0.000000000 0.500000000 0.666666667 0.500000000 0.500000000 0.000000000 0.000000000 0.354468661 -0.933817003 0.048350525 0.583304362 0.261238937 0.769097028 -0.730826922 -0.244417721 0.637300548 -16.975683212 0.043054197 -19.042226791
0.000000000 0.500000000 0.666666667 0.500000000 0.500000000 0.000000000 0.000000000 0.359215442 -0.932321991 0.041712970 0.571948289 0.255245209 0.779567212 -0.737454691 -0.256174918 0.624927988 -16.808197021 0.042947385 -18.939704895
0.000000000 0.500000000 0.666666667 0.500000000 0.500000000 0.000000000 0.000000000 0.363913192 -0.930799804 0.034335304 0.559100654 0.247776736 0.791209926 -0.744965534 -0.268734839 0.610580002 -16.637470245 0.042669065 -18.835277557
0.000000000 0.500000000 0.666666667 0.500000000 0.500000000 0.000000000 0.000000000 0.368589288 -0.929220714 0.026283093 0.544810109 0.238843359 0.803825724 -0.753209056 -0.281962257 0.594283942 -16.463504791 0.042219236 -18.728919983
0.000000000 0.500000000 0.666666667 0.500000000 0.500000000 0.000000000 0.000000000 0.373270367 -0.927555226 0.017622019 0.529125872 0.228458528 0.817210201 -0.762033493 -0.295716086 0.576070267 -16.286317825 0.041600339 -18.620618820
0.000000000 0.500000000 0.666666667 0.500000000 0.500000000 0.000000000 0.000000000 0.377982513 -0.925774478 0.008416389 0.512101742 0.216641127 0.831154876 -0.771285308 -0.309851961 0.555977280 -16.105932236 0.040823974 -18.510295868
0.000000000 0.500000000 0.666666667 0.500000000 0.500000000 0.000000000 0.000000000 0.382749172 -0.923851429 -0.001268344 0.493795622 0.203417494 0.845450890 -0.780813009 -0.324221931 0.534051668 -15.924264908 0.040357664 -18.394931793
0.000000000 0.500000000 0.666666667 0.500000000 0.500000000 0.000000000 0.000000000 0.387591719 -0.921761048 -0.011367941 0.474272331 0.188822084 0.859890677 -0.790467213 -0.338678005 0.510351637 -15.739413261 0.039740600 -18.277513504
0.000000000 0.500000000 0.666666667 0.500000000 0.500000000 0.000000000 0.000000000 0.392528882 -0.919480862 -0.021817893 0.453603230 0.172899320 0.874271088 -0.800103235 -0.353073320 0.484947466 -15.551379204 0.038978271 -18.158020020
0.000000000 0.500000000 0.666666667 0.500000000 0.500000000 0.000000000 0.000000000 0.397574961 -0.916992032 -0.032553993 0.431868205 0.155703830 0.888395279 -0.809582611 -0.367262753 0.457923647 -15.360160828 0.038077392 -18.036436081
0.000000000 0.500000000 0.666666667 0.500000000 0.500000000 0.000000000 0.000000000 0.402740928 -0.914279161 -0.043512770 0.409155461 0.137301443 0.902075453 -0.818774422 -0.381106192 0.429379222 -15.165763855 0.037047118 -17.912742615
0.000000000 0.500000000 0.666666667 0.500000000 0.500000000 0.000000000 0.000000000 0.408032964 -0.911331167 -0.054631529 0.385561720 0.117769100 0.915135290 -0.827557406 -0.394469191 0.399428087 -14.968190193 0.035896607 -17.786926270
0.000000000 0.500000000 0.666666667 0.500000000 0.500000000 0.000000000 0.000000000 0.413452629 -0.908141418 -0.065848986 0.361192171 0.097194885 0.927412190 -0.835821237 -0.407225146 0.368199051 -14.769606590 0.034858398 -17.655719757
0.000000000 0.500000000 0.666666667 0.500000000 0.500000000 0.000000000 0.000000000 0.418996384 -0.904708115 -0.077105492 0.336160060 0.075677824 0.938759437 -0.843468105 -0.419256596 0.335835469 -14.569987297 0.033943482 -17.519147873
0.000000000 0.500000000 0.666666667 0.500000000 0.500000000 0.000000000 0.000000000 0.424656288 -0.901034052 -0.088344063 0.310585898 0.053327034 0.949048275 -0.850413686 -0.430457737 0.302494131 -14.367262840 0.032951050 -17.380308151
0.000000000 0.500000000 0.666666667 0.500000000 0.500000000 0.000000000 0.000000000 0.430419097 -0.897127203 -0.099509708 0.284594954 0.030260897 0.958170126 -0.856589232 -0.440734682 0.268342743 -14.161427498 0.031897582 -17.239179611
0.000000000 0.500000000 0.666666667 0.500000000 0.500000000 0.000000000 0.000000000 0.436266604 -0.893000421 -0.110551793 0.258319976 0.006606128 0.966036826 -0.861940973 -0.450007342 0.233561881 -13.952477455 0.030798949 -17.095764160
0.000000000 0.500000000 0.666666667 0.500000000 0.500000000 0.000000000 0.000000000 0.442171957 -0.888674834 -0.121412518 0.231893393 -0.017494702 0.972583873 -0.866434888 -0.458204075 0.198342156 -13.744174957 0.029783325 -16.944898605
0.000000000 0.500000000 0.666666667 0.500000000 0.500000000 0.000000000 0.000000000 0.448087577 -0.884191122 -0.131998425 0.205438389 -0.041857811 0.977774510 -0.870064706 -0.465246154 0.162890835 -13.537014008 0.028889770 -16.785869598
0.000000000 0.500000000 0.666666667 0.500000000 0.500000000 0.000000000 0.000000000 0.453955798 -0.879601907 -0.142213282 0.179075562 -0.066284699 0.981599858 -0.872843672 -0.471069871 0.127424882 -13.326845169 0.028018188 -16.624364853
0.000000000 0.500000000 0.666666667 0.500000000 0.500000000 0.000000000 0.000000000 0.459712324 -0.874968564 -0.151969048 0.152922466 -0.090573744 0.984078816 -0.874802434 -0.475632641 0.092164484 -13.113661766 0.027195433 -16.460372925
0.000000000 0.500000000 0.666666667 0.500000000 0.500000000 0.000000000 0.000000000 0.465287501 -0.870360122 -0.161185604 0.127092917 -0.114521076 0.985257486 -0.875987975 -0.478913542 0.057331381 -12.903080940 0.026369628 -16.287126541
0.000000000 0.500000000 0.666666667 0.500000000 0.500000000 0.000000000 0.000000000 0.470606411 -0.865852358 -0.169791930 0.101695131 -0.137924213 0.985208106 -0.876463180 -0.480912264 0.023144951 -12.697162628 0.025535278 -16.102128983
0.000000000 0.500000000 0.666666667 0.500000000 0.500000000 0.000000000 0.000000000 0.475589860 -0.861526413 -0.177725981 0.076832563 -0.160582938 0.984027376 -0.876305336 -0.481648585 -0.010178335 -12.489918709 0.024807738 -15.915799141
0.000000000 0.500000000 0.666666667 0.500000000 0.500000000 0.000000000 0.000000000 0.480154063 -0.857468155 -0.184933606 0.052601385 -0.182301187 0.981834697 -0.875605602 -0.481159682 -0.042428643 -12.281559944 0.024201049 -15.727919579
0.000000000 0.500000000 0.666666667 0.500000000 0.500000000 0.000000000 0.000000000 0.484212522 -0.853766192 -0.191367509 0.029091463 -0.202887279 0.978769860 -0.874466649 -0.479499783 -0.073403254 -12.090588570 0.022961425 -15.519729614
0.000000000 0.500000000 0.666666667 0.500000000 0.500000000 0.000000000 0.000000000 0.487675868 -0.850510308 -0.196988484 0.006386214 -0.222157647 0.974989844 -0.873001411 -0.476737029 -0.102909383 -11.898373604 0.021893920 -15.310109138
0.000000000 0.500000000 0.666666667 0.500000000 0.500000000 0.000000000 0.000000000 0.490451768 -0.847791044 -0.201760774 -0.015437933 -0.239934087 0.970666423 -0.871331587 -0.472950294 -0.130764238 -11.704904556 0.021021727 -15.099070549
0.000000000 0.500000000 0.666666667 0.500000000 0.500000000 0.000000000 0.000000000 0.492445940 -0.845697093 -0.205653649 -0.036310198 -0.256047399 0.965982039 -0.869585284 -0.468226609 -0.156796931 -11.531413078 0.019037476 -14.869008064
0.000000000 0.500000000 0.666666667 0.500000000 0.500000000 0.000000000 0.000000000 0.493562835 -0.844314095 -0.208637093 -0.056163682 -0.270334276 0.961126953 -0.867894791 -0.462658717 -0.180846740 -11.358549118 0.017171020 -14.635971069
0.000000000 0.500000000 0.666666667 0.500000000 0.500000000 0.000000000 0.000000000 0.493704284 -0.843723678 -0.210680884 -0.074934499 -0.282638261 0.956295161 -0.866395349 -0.456339751 -0.202763731 -11.184535980 0.015551757 -14.401432991
0.000000000 0.500000000 0.666666667 0.500000000 0.500000000 0.000000000 0.000000000 0.492772046 -0.844000364 -0.211752442 -0.092560506 -0.292810056 0.951680001 -0.865221511 -0.449361388 -0.222409711 -11.031232834 0.012418212 -14.150679588
0.000000000 0.500000000 0.666666667 0.500000000 0.500000000 0.000000000 0.000000000 0.490665253 -0.845211619 -0.211813430 -0.108977284 -0.300703899 0.947470905 -0.864506542 -0.441808199 -0.239653821 -10.878025055 0.009466552 -13.897598267
0.000000000 0.500000000 0.666666667 0.500000000 0.500000000 0.000000000 0.000000000 0.487282517 -0.847414866 -0.210816965 -0.124117250 -0.306177615 0.943848598 -0.864378769 -0.433754899 -0.254373802 -10.723778725 0.006806030 -13.642953873
0.000000000 0.500000000 0.666666667 0.500000000 0.500000000 0.000000000 0.000000000 0.482522117 -0.850655156 -0.208706041 -0.137905876 -0.309092245 0.940980315 -0.864959176 -0.425262025 -0.266454189 -10.585439682 0.002668457 -13.377300262
0.000000000 0.500000000 0.666666667 0.500000000 0.500000000 0.000000000 0.000000000 0.476280798 -0.854964380 -0.205408158 -0.150259244 -0.309307763 0.939015904 -0.866359487 -0.416370769 -0.275783649 -10.451459885 -0.001236572 -13.115973473
0.000000000 0.500000000 0.666666667 0.500000000 0.500000000 0.000000000 0.000000000 0.468455797 -0.860357265 -0.200834617 -0.161080046 -0.306684481 0.938082005 -0.868678528 -0.407099504 -0.282254511 -10.320090294 -0.004706421 -12.859950066
0.000000000 0.500000000 0.666666667 0.500000000 0.500000000 0.000000000 0.000000000 0.458975829 -0.866805281 -0.194909706 -0.170269934 -0.301134716 0.938256912 -0.871980125 -0.397449981 -0.285804433 -10.197128296 -0.008576049 -12.606434822
0.000000000 0.500000000 0.666666667 0.500000000 0.500000000 0.000000000 0.000000000 0.447895946 -0.874166739 -0.187674545 -0.177774811 -0.292788456 0.939505741 -0.876233609 -0.387437005 -0.286543589 -10.082148552 -0.012797241 -12.355647087
0.000000000 0.500000000 0.666666667 0.500000000 0.500000000 0.000000000 0.000000000 0.435312082 -0.882266949 -0.179188232 -0.183544420 -0.281829357 0.941745008 -0.881370999 -0.377063979 -0.284618899 -9.969570160 -0.016576538 -12.110280037
0.000000000 0.500000000 0.666666667 0.500000000 0.500000000 0.000000000 0.000000000 0.421329522 -0.890926741 -0.169502140 -0.187520606 -0.268445092 0.944866792 -0.887309110 -0.366315130 -0.280170965 -9.859428406 -0.019936522 -11.870337486
0.000000000 0.500000000 0.666666667 0.500000000 0.500000000 0.000000000 0.000000000 0.406064171 -0.899965872 -0.158661018 -0.189641232 -0.252826457 0.948743899 -0.893950833 -0.355162234 -0.273334402 -9.753991127 -0.023216553 -11.634830475
0.000000000 0.500000000 0.666666667 0.500000000 0.500000000 0.000000000 0.000000000 0.389642596 -0.909205953 -0.146707810 -0.189843133 -0.235169840 0.953233828 -0.901187124 -0.343569033 -0.264238694 -9.655766487 -0.026784668 -11.402671814
0.000000000 0.500000000 0.666666667 0.500000000 0.500000000 0.000000000 0.000000000 0.372201623 -0.918473743 -0.133685961 -0.188066327 -0.215677562 0.958182783 -0.908898789 -0.331495359 -0.253009522 -9.559867859 -0.029984741 -11.175995827
0.000000000 0.500000000 0.666666667 0.500000000 0.500000000 0.000000000 0.000000000 0.353887881 -0.927603716 -0.119644115 -0.184256872 -0.194560345 0.963429124 -0.916958436 -0.318900641 -0.239769907 -9.466320991 -0.032842405 -10.954795837
0.000000000 0.500000000 0.666666667 0.500000000 0.500000000 0.000000000 0.000000000 0.334856277 -0.936441426 -0.104636176 -0.178370074 -0.172034954 0.968807562 -0.925232614 -0.305747330 -0.224640110 -9.375139237 -0.035386350 -10.739069939
0.000000000 0.500000000 0.666666667 0.500000000 0.500000000 0.000000000 0.000000000 0.315270043 -0.944845212 -0.088726122 -0.170373443 -0.148327324 0.974151885 -0.933583253 -0.292004332 -0.207739693 -9.287428856 -0.037785035 -10.528371811
0.000000000 0.500000000 0.666666667 0.500000000 0.500000000 0.000000000 0.000000000 0.295299357 -0.952688960 -0.071986355 -0.160248547 -0.123668337 0.979299007 -0.941869786 -0.277650658 -0.189186202 -9.205544472 -0.040378418 -10.321752548
0.000000000 0.500000000 0.666666667 0.500000000 0.500000000 0.000000000 0.000000000 0.275118732 -0.959864168 -0.054501953 -0.147993910 -0.098295986 0.984091308 -0.949951307 -0.262675996 -0.169097119 -9.125954628 -0.042727049 -10.120649338
0.000000000 0.500000000 0.666666667 0.500000000 0.500000000 0.000000000 0.000000000 0.254905439 -0.966281730 -0.036370798 -0.133625976 -0.072453145 0.988379806 -0.957688528 -0.247083305 -0.147589040 -9.048666954 -0.044861451 -9.925060272
