0.000000000 0.384615385 0.666666667 0.384615385 0.500000000 0.000000000 0.000000000 -0.464404007 0.000000000 0.885623463 -53.496429443 -0.885623463 0.000000000 -0.464404007 1.156393051 0.000000000 1.000000000 0.000000000 -26.368036270
0.000000000 0.384615385 0.666666667 0.384615385 0.500000000 0.000000000 0.000000000 -0.492769357 0.000000000 0.870159963 -53.320049286 -0.870159963 0.000000000 -0.492769357 1.076425076 0.000000000 1.000000000 0.000000000 -26.055021286
0.000000000 0.384615385 0.666666667 0.384615385 0.500000000 0.000000000 0.000000000 -0.491120091 0.000000000 0.871091876 -53.074722290 -0.871091876 0.000000000 -0.491120091 1.121563196 0.000000000 1.000000000 0.000000000 -25.596849442
0.000000000 0.384615385 0.666666667 0.384615385 0.500000000 0.000000000 0.000000000 -0.489225600 0.000000000 0.872157275 -52.897399902 -0.872157275 0.000000000 -0.489225600 1.055558085 0.000000000 1.000000000 0.000000000 -25.254995346
0.000000000 0.384615385 0.666666667 0.384615385 0.500000000 0.000000000 0.000000000 -0.421218293 0.000000000 0.906959288 -52.842178345 -0.906959288 0.000000000 -0.421218293 1.059593678 0.000000000 1.000000000 0.000000000 -24.621070862
0.000000000 0.384615385 0.666666667 0.384615385 0.500000000 0.000000000 0.000000000 -0.368112192 0.000000000 0.929781380 -52.629047394 -0.929781380 0.000000000 -0.368112192 1.133781433 0.000000000 1.000000000 0.000000000 -24.337989807
0.000000000 0.384615385 0.666666667 0.384615385 0.500000000 0.000000000 0.000000000 -0.360283766 0.000000000 0.932842756 -52.344032288 -0.932842756 0.000000000 -0.360283766 0.961799979 0.000000000 1.000000000 0.000000000 -23.941253662
0.000000000 0.384615385 0.666666667 0.384615385 0.500000000 0.000000000 0.000000000 -0.299072152 0.000000000 0.954230500 -52.332302094 -0.954230500 0.000000000 -0.299072152 1.028770328 0.000000000 1.000000000 0.000000000 -23.597656250
0.000000000 0.384615385 0.666666667 0.384615385 0.500000000 0.000000000 0.000000000 -0.270897685 0.000000000 0.962608147 -52.180847168 -0.962608147 0.000000000 -0.270897685 0.989848614 0.000000000 1.000000000 0.000000000 -23.192707062
0.000000000 0.384615385 0.666666667 0.384615385 0.500000000 0.000000000 0.000000000 -0.266330056 0.000000000 0.963881892 -52.196834564 -0.963881892 0.000000000 -0.266330056 1.096271634 0.000000000 1.000000000 0.000000000 -22.760976791
0.000000000 0.384615385 0.666666667 0.384615385 0.500000000 0.000000000 0.000000000 -0.284370962 0.000000000 0.958714324 -52.056941986 -0.958714324 0.000000000 -0.284370962 0.934757054 0.000000000 1.000000000 0.000000000 -22.229782104
0.000000000 0.384615385 0.666666667 0.384615385 0.500000000 0.000000000 0.000000000 -0.324273862 0.000000000 0.945963246 -51.789558411 -0.945963246 0.000000000 -0.324273862 0.987066448 0.000000000 1.000000000 0.000000000 -21.923931122
0.000000000 0.384615385 0.666666667 0.384615385 0.500000000 0.000000000 0.000000000 -0.379633720 0.000000000 0.925136876 -51.631507874 -0.925136876 0.000000000 -0.379633720 1.110813975 0.000000000 1.000000000 0.000000000 -21.410766602
0.000000000 0.384615385 0.666666667 0.384615385 0.500000000 0.000000000 0.000000000 -0.417684781 0.000000000 0.908592001 -51.467254639 -0.908592001 0.000000000 -0.417684781 0.978413761 0.000000000 1.000000000 0.000000000 -21.056352615
0.000000000 0.384615385 0.666666667 0.384615385 0.500000000 0.000000000 0.000000000 -0.435259020 0.000000000 0.900305273 -51.256752014 -0.900305273 0.000000000 -0.435259020 1.060979962 0.000000000 1.000000000 0.000000000 -20.755182266
0.000000000 0.384615385 0.666666667 0.384615385 0.500000000 0.000000000 0.000000000 -0.457959982 0.000000000 0.888972809 -51.049060822 -0.888972809 0.000000000 -0.457959982 0.982454896 0.000000000 1.000000000 0.000000000 -20.312442780
0.000000000 0.384615385 0.666666667 0.384615385 0.500000000 0.000000000 0.000000000 -0.476639431 0.000000000 0.879098887 -50.776947021 -0.879098887 0.000000000 -0.476639431 0.997021317 0.000000000 1.000000000 0.000000000 -19.885433197
0.000000000 0.384615385 0.666666667 0.384615385 0.500000000 0.000000000 0.000000000 -0.511667796 0.000000000 0.859183372 -50.460945129 -0.859183372 0.000000000 -0.511667796 0.930999875 0.000000000 1.000000000 0.000000000 -19.432867050
0.000000000 0.384615385 0.666666667 0.384615385 0.500000000 0.000000000 0.000000000 -0.543731562 0.000000000 0.839259190 -50.207160950 -0.839259190 0.000000000 -0.543731562 1.075729609 0.000000000 1.000000000 0.000000000 -19.042301178
0.000000000 0.384615385 0.666666667 0.384615385 0.500000000 0.000000000 0.000000000 -0.523042135 0.000000000 0.852306826 -50.001838684 -0.852306826 0.000000000 -0.523042135 1.149819851 0.000000000 1.000000000 0.000000000 -18.730632782
0.000000000 0.384615385 0.666666667 0.384615385 0.500000000 0.000000000 0.000000000 -0.516897382 0.000000000 0.856047368 -49.694580078 -0.856047368 0.000000000 -0.516897382 1.233821869 0.000000000 1.000000000 0.000000000 -18.134887695
0.000000000 0.384615385 0.666666667 0.384615385 0.500000000 0.000000000 0.000000000 -0.500004911 0.000000000 0.866022568 -49.513187408 -0.866022568 0.000000000 -0.500004911 1.247562170 0.000000000 1.000000000 0.000000000 -17.812984467
0.000000000 0.384615385 0.666666667 0.384615385 0.500000000 0.000000000 0.000000000 -0.440038463 0.000000000 0.897978926 -49.274917603 -0.897978926 0.000000000 -0.440038463 0.973924756 0.000000000 1.000000000 0.000000000 -17.141065598
0.000000000 0.384615385 0.666666667 0.384615385 0.500000000 0.000000000 0.000000000 -0.374849959 0.000000000 0.927085491 -48.967910767 -0.927085491 0.000000000 -0.374849959 1.152827024 0.000000000 1.000000000 0.000000000 -16.837804794
0.000000000 0.384615385 0.666666667 0.384615385 0.500000000 0.000000000 0.000000000 -0.370412963 0.000000000 0.928867180 -48.961364746 -0.928867180 0.000000000 -0.370412963 1.236133933 0.000000000 1.000000000 0.000000000 -16.467643738
0.000000000 0.384615385 0.666666667 0.384615385 0.500000000 0.000000000 0.000000000 -0.393076152 0.000000000 0.919505921 -48.838047028 -0.919505921 0.000000000 -0.393076152 1.305236459 0.000000000 1.000000000 0.000000000 -15.983996391
0.000000000 0.384615385 0.666666667 0.384615385 0.500000000 0.000000000 0.000000000 -0.420612039 0.000000000 0.907240604 -48.512084961 -0.907240604 0.000000000 -0.420612039 1.210075974 0.000000000 1.000000000 0.000000000 -15.353443146
0.000000000 0.384615385 0.666666667 0.384615385 0.500000000 0.000000000 0.000000000 -0.461972783 0.000000000 0.886894102 -48.272727966 -0.886894102 0.000000000 -0.461972783 1.242858171 0.000000000 1.000000000 0.000000000 -15.080946922
0.000000000 0.384615385 0.666666667 0.384615385 0.500000000 0.000000000 0.000000000 -0.476675447 0.000000000 0.879079358 -48.064510345 -0.879079358 0.000000000 -0.476675447 1.357535124 0.000000000 1.000000000 0.000000000 -14.519314766
0.000000000 0.384615385 0.666666667 0.384615385 0.500000000 0.000000000 0.000000000 -0.464684469 0.000000000 0.885476337 -47.838645935 -0.885476337 0.000000000 -0.464684469 1.328251719 0.000000000 1.000000000 0.000000000 -14.218578339
0.000000000 0.384615385 0.666666667 0.384615385 0.500000000 0.000000000 0.000000000 -0.429588498 0.000000000 0.903024763 -47.516574860 -0.903024763 0.000000000 -0.429588498 1.299875736 0.000000000 1.000000000 0.000000000 -13.764788628
0.000000000 0.384615385 0.666666667 0.384615385 0.500000000 0.000000000 0.000000000 -0.365691114 0.000000000 0.930736273 -47.490432739 -0.930736273 0.000000000 -0.365691114 1.260749578 0.000000000 1.000000000 0.000000000 -13.246871948
0.000000000 0.384615385 0.666666667 0.384615385 0.500000000 0.000000000 0.000000000 -0.280392173 0.000000000 0.959885529 -47.292297363 -0.959885529 0.000000000 -0.280392173 1.232651830 0.000000000 1.000000000 0.000000000 -12.859466553
0.000000000 0.384615385 0.666666667 0.384615385 0.500000000 0.000000000 0.000000000 -0.209463649 0.000000000 0.977816435 -47.318576813 -0.977816435 0.000000000 -0.209463649 1.248836279 0.000000000 1.000000000 0.000000000 -12.241180420
0.000000000 0.384615385 0.666666667 0.384615385 0.500000000 0.000000000 0.000000000 -0.181375119 0.000000000 0.983413985 -47.070198059 -0.983413985 0.000000000 -0.181375119 1.270874381 0.000000000 1.000000000 0.000000000 -11.661409378
0.000000000 0.384615385 0.666666667 0.384615385 0.500000000 0.000000000 0.000000000 -0.192965902 0.000000000 0.981205463 -47.020603180 -0.981205463 0.000000000 -0.192965902 1.357409358 0.000000000 1.000000000 0.000000000 -11.322812080
0.000000000 0.384615385 0.666666667 0.384615385 0.500000000 0.000000000 0.000000000 -0.221029066 0.000000000 0.975267221 -46.885383606 -0.975267221 0.000000000 -0.221029066 1.287064672 0.000000000 1.000000000 0.000000000 -10.942389488
0.000000000 0.384615385 0.666666667 0.384615385 0.500000000 0.000000000 0.000000000 -0.248755462 0.000000000 0.968566322 -46.802143097 -0.968566322 0.000000000 -0.248755462 1.214217663 0.000000000 1.000000000 0.000000000 -10.514157295
0.000000000 0.384615385 0.666666667 0.384615385 0.500000000 0.000000000 0.000000000 -0.280988103 0.000000000 0.959711251 -46.600433350 -0.959711251 0.000000000 -0.280988103 1.355747461 0.000000000 1.000000000 0.000000000 -9.828848839
0.000000000 0.384615385 0.666666667 0.384615385 0.500000000 0.000000000 0.000000000 -0.361304961 0.000000000 0.932447706 -46.368709564 -0.932447706 0.000000000 -0.361304961 1.233181715 0.000000000 1.000000000 0.000000000 -9.455148697
0.000000000 0.384615385 0.666666667 0.384615385 0.500000000 0.000000000 0.000000000 -0.403772547 0.000000000 0.914859405 -46.211917877 -0.914859405 0.000000000 -0.403772547 1.302842498 0.000000000 1.000000000 0.000000000 -8.904082298
0.000000000 0.384615385 0.666666667 0.384615385 0.500000000 0.000000000 0.000000000 -0.425193856 0.000000000 0.905102306 -46.006664276 -0.905102306 0.000000000 -0.425193856 1.245316863 0.000000000 1.000000000 0.000000000 -8.475890160
0.000000000 0.384615385 0.666666667 0.384615385 0.500000000 0.000000000 0.000000000 -0.411325299 0.000000000 0.911488617 -45.771118164 -0.911488617 0.000000000 -0.411325299 1.195845127 0.000000000 1.000000000 0.000000000 -8.094374657
0.000000000 0.384615385 0.666666667 0.384615385 0.500000000 0.000000000 0.000000000 -0.381991719 0.000000000 0.924165746 -45.515247345 -0.924165746 0.000000000 -0.381991719 1.455960870 0.000000000 1.000000000 0.000000000 -7.698754787
0.000000000 0.384615385 0.666666667 0.384615385 0.500000000 0.000000000 0.000000000 -0.355586118 0.000000000 0.934643522 -45.477764130 -0.934643522 0.000000000 -0.355586118 1.240888715 0.000000000 1.000000000 0.000000000 -7.231594086
0.000000000 0.384615385 0.666666667 0.384615385 0.500000000 0.000000000 0.000000000 -0.343710268 0.000000000 0.939075743 -45.234973907 -0.939075743 0.000000000 -0.343710268 1.362585306 0.000000000 1.000000000 0.000000000 -6.639411449
0.000000000 0.384615385 0.666666667 0.384615385 0.500000000 0.000000000 0.000000000 -0.356019871 0.000000000 0.934478385 -45.065574646 -0.934478385 0.000000000 -0.356019871 1.271422029 0.000000000 1.000000000 0.000000000 -6.305412292
0.000000000 0.384615385 0.666666667 0.384615385 0.500000000 0.000000000 0.000000000 -0.388934073 0.000000000 0.921265590 -44.809509277 -0.921265590 0.000000000 -0.388934073 1.279493093 0.000000000 1.000000000 0.000000000 -5.750435829
0.000000000 0.384615385 0.666666667 0.384615385 0.500000000 0.000000000 0.000000000 -0.429545482 0.000000000 0.903045225 -44.757049561 -0.903045225 0.000000000 -0.429545482 1.396791458 0.000000000 1.000000000 0.000000000 -5.293572903
0.000000000 0.384615385 0.666666667 0.384615385 0.500000000 0.000000000 0.000000000 -0.437499376 0.000000000 0.899218714 -44.413261414 -0.899218714 0.000000000 -0.437499376 1.334842324 0.000000000 1.000000000 0.000000000 -4.864746094
0.000000000 0.384615385 0.666666667 0.384615385 0.500000000 0.000000000 0.000000000 -0.479368253 0.000000000 0.877613855 -43.988796234 -0.877613855 0.000000000 -0.479368253 1.449316382 0.000000000 1.000000000 0.000000000 -4.334553242
0.000000000 0.384615385 0.666666667 0.384615385 0.500000000 0.000000000 0.000000000 -0.546040808 0.000000000 0.837758578 -43.828933716 -0.837758578 0.000000000 -0.546040808 1.247108698 0.000000000 1.000000000 0.000000000 -4.052133560
0.000000000 0.384615385 0.666666667 0.384615385 0.500000000 0.000000000 0.000000000 -0.594357254 0.000000000 0.804201128 -43.524436951 -0.804201128 0.000000000 -0.594357254 1.189989090 0.000000000 1.000000000 0.000000000 -3.642192364
0.000000000 0.384615385 0.666666667 0.384615385 0.500000000 0.000000000 0.000000000 -0.633270208 0.000000000 0.773930774 -43.229228973 -0.773930774 0.000000000 -0.633270208 1.240288973 0.000000000 1.000000000 0.000000000 -3.370859385
0.000000000 0.384615385 0.666666667 0.384615385 0.500000000 0.000000000 0.000000000 -0.642754203 0.000000000 0.766072473 -42.918197632 -0.766072473 0.000000000 -0.642754203 1.140825629 0.000000000 1.000000000 0.000000000 -2.914487123
0.000000000 0.384615385 0.666666667 0.384615385 0.500000000 0.000000000 0.000000000 -0.647304009 0.000000000 0.762231933 -42.621215820 -0.762231933 0.000000000 -0.647304009 1.123643160 0.000000000 1.000000000 0.000000000 -2.627363205
0.000000000 0.384615385 0.666666667 0.384615385 0.500000000 0.000000000 0.000000000 -0.648203613 0.000000000 0.761467056 -42.314754486 -0.761467056 0.000000000 -0.648203613 0.998617291 0.000000000 1.000000000 0.000000000 -2.147114277
0.000000000 0.384615385 0.666666667 0.384615385 0.500000000 0.000000000 0.000000000 -0.646223915 0.000000000 0.763147857 -41.959091187 -0.763147857 0.000000000 -0.646223915 1.196583867 0.000000000 1.000000000 0.000000000 -1.920600533
0.000000000 0.384615385 0.666666667 0.384615385 0.500000000 0.000000000 0.000000000 -0.642126422 0.000000000 0.766598760 -41.675590515 -0.766598760 0.000000000 -0.642126422 1.193809032 0.000000000 1.000000000 0.000000000 -1.517453551
0.000000000 0.384615385 0.666666667 0.384615385 0.500000000 0.000000000 0.000000000 -0.634990549 0.000000000 0.772519905 -41.455120087 -0.772519905 0.000000000 -0.634990549 1.112463593 0.000000000 1.000000000 0.000000000 -1.141196251
0.000000000 0.384615385 0.666666667 0.384615385 0.500000000 0.000000000 0.000000000 -0.624660051 0.000000000 0.780896805 -41.043498993 -0.780896805 0.000000000 -0.624660051 1.182009459 0.000000000 1.000000000 0.000000000 -0.819340825
0.000000000 0.384615385 0.666666667 0.384615385 0.500000000 0.000000000 0.000000000 -0.611950451 0.000000000 0.790896103 -40.864852905 -0.790896103 0.000000000 -0.611950451 1.287587523 0.000000000 1.000000000 0.000000000 -0.361467272
0.000000000 0.384615385 0.666666667 0.384615385 0.500000000 0.000000000 0.000000000 -0.594529256 0.000000000 0.804073979 -40.572559357 -0.804073979 0.000000000 -0.594529256 1.056093097 0.000000000 1.000000000 0.000000000 -0.074228510
0.000000000 0.384615385 0.666666667 0.384615385 0.500000000 0.000000000 0.000000000 -0.584015277 0.000000000 0.811742666 -40.308456421 -0.811742666 0.000000000 -0.584015277 1.185742140 0.000000000 1.000000000 0.000000000 0.393874496
0.000000000 0.384615385 0.666666667 0.384615385 0.500000000 0.000000000 0.000000000 -0.556488439 0.000000000 0.830855353 -39.949539185 -0.830855353 0.000000000 -0.556488439 1.272495866 0.000000000 1.000000000 0.000000000 0.759152830
0.000000000 0.384615385 0.666666667 0.384615385 0.500000000 0.000000000 0.000000000 -0.542249017 0.000000000 0.840217831 -39.743888855 -0.840217831 0.000000000 -0.542249017 1.234724164 0.000000000 1.000000000 0.000000000 1.196276784
0.000000000 0.384615385 0.666666667 0.384615385 0.500000000 0.000000000 0.000000000 -0.541116128 0.000000000 0.840947879 -39.441719055 -0.840947879 0.000000000 -0.541116128 1.271773100 0.000000000 1.000000000 0.000000000 1.662214279
0.000000000 0.384615385 0.666666667 0.384615385 0.500000000 0.000000000 0.000000000 -0.534229218 0.000000000 0.845339661 -39.264892578 -0.845339661 0.000000000 -0.534229218 1.205580950 0.000000000 1.000000000 0.000000000 1.979477525
0.000000000 0.384615385 0.666666667 0.384615385 0.500000000 0.000000000 0.000000000 -0.541181220 0.000000000 0.840905992 -39.019939423 -0.840905992 0.000000000 -0.541181220 1.070685506 0.000000000 1.000000000 0.000000000 2.411264658
0.000000000 0.384615385 0.666666667 0.384615385 0.500000000 0.000000000 0.000000000 -0.547065785 0.000000000 0.837089617 -38.740886688 -0.837089617 0.000000000 -0.547065785 1.164620519 0.000000000 1.000000000 0.000000000 2.770104885
0.000000000 0.384615385 0.666666667 0.384615385 0.500000000 0.000000000 0.000000000 -0.566232358 0.000000000 0.824245666 -38.582702637 -0.824245666 0.000000000 -0.566232358 1.203268051 0.000000000 1.000000000 0.000000000 3.170756817
0.000000000 0.384615385 0.666666667 0.384615385 0.500000000 0.000000000 0.000000000 -0.576810902 0.000000000 0.816877704 -38.289653778 -0.816877704 0.000000000 -0.576810902 1.151843190 0.000000000 1.000000000 0.000000000 3.451484203
0.000000000 0.384615385 0.666666667 0.384615385 0.500000000 0.000000000 0.000000000 -0.584670581 0.000000000 0.811270801 -38.024772644 -0.811270801 0.000000000 -0.584670581 1.160953403 0.000000000 1.000000000 0.000000000 3.923227549
0.000000000 0.384615385 0.666666667 0.384615385 0.500000000 0.000000000 0.000000000 -0.588066963 0.000000000 0.808812245 -37.790756226 -0.808812245 0.000000000 -0.588066963 1.138816357 0.000000000 1.000000000 0.000000000 4.165981293
0.000000000 0.384615385 0.666666667 0.384615385 0.500000000 0.000000000 0.000000000 -0.581739306 0.000000000 0.813375301 -37.501392365 -0.813375301 0.000000000 -0.581739306 1.220450997 0.000000000 1.000000000 0.000000000 4.454931736
0.000000000 0.384615385 0.666666667 0.384615385 0.500000000 0.000000000 0.000000000 -0.522924757 0.000000000 0.852378847 -37.242256165 -0.852378847 0.000000000 -0.522924757 1.121286631 0.000000000 1.000000000 0.000000000 4.873476505
0.000000000 0.384615385 0.666666667 0.384615385 0.500000000 0.000000000 0.000000000 -0.515509359 0.000000000 0.856883948 -37.208114624 -0.856883948 0.000000000 -0.515509359 1.144861817 0.000000000 1.000000000 0.000000000 5.213134766
0.000000000 0.384615385 0.666666667 0.384615385 0.500000000 0.000000000 0.000000000 -0.437600577 0.000000000 0.899169470 -37.161815643 -0.899169470 0.000000000 -0.437600577 1.254078388 0.000000000 1.000000000 0.000000000 5.735044003
0.000000000 0.384615385 0.666666667 0.384615385 0.500000000 0.000000000 0.000000000 -0.369100240 0.000000000 0.929389592 -37.262996674 -0.929389592 0.000000000 -0.369100240 1.274828553 0.000000000 1.000000000 0.000000000 6.053918362
0.000000000 0.384615385 0.666666667 0.384615385 0.500000000 0.000000000 0.000000000 -0.281278998 0.000000000 0.959626034 -37.236865997 -0.959626034 0.000000000 -0.281278998 1.122947216 0.000000000 1.000000000 0.000000000 6.519645691
0.000000000 0.384615385 0.666666667 0.384615385 0.500000000 0.000000000 0.000000000 -0.273929601 0.000000000 0.961749746 -37.240741730 -0.961749746 0.000000000 -0.273929601 1.117671609 0.000000000 1.000000000 0.000000000 6.970966816