0.000000000 0.500000000 0.666666667 0.500000000 0.500000000 0.000000000 0.000000000 -0.640836327 0.663109829 0.386799892 0.603807348 0.124231726 0.787390097 0.474073294 0.738140795 -0.480002791 -23.410932541 3.408647299 -29.803131104
0.000000000 0.500000000 0.666666667 0.500000000 0.500000000 0.000000000 0.000000000 -0.675450931 0.632342084 0.379354095 0.590713718 0.156061555 0.791645182 0.441387974 0.758807143 -0.478945066 -23.575351715 3.528361082 -29.762111664
0.000000000 0.500000000 0.666666667 0.500000000 0.500000000 0.000000000 0.000000000 -0.708724963 0.599824759 0.371374723 0.575193120 0.186492479 0.796475630 0.408487210 0.778094347 -0.477186951 -23.762733459 3.623155355 -29.729770660
0.000000000 0.500000000 0.666666667 0.500000000 0.500000000 0.000000000 0.000000000 -0.740262624 0.565911599 0.362981143 0.557573907 0.215087818 0.801778378 0.375662862 0.795915380 -0.474759014 -23.966264725 3.694826603 -29.701879501
0.000000000 0.500000000 0.666666667 0.500000000 0.500000000 0.000000000 0.000000000 -0.769734397 0.531013987 0.354306512 0.538243531 0.241454674 0.807461170 0.343224212 0.812233825 -0.471670811 -24.181493759 3.747099638 -29.675453186
0.000000000 0.500000000 0.666666667 0.500000000 0.500000000 0.000000000 0.000000000 -0.796881694 0.495594603 0.345493205 0.517638081 0.265250049 0.813445283 0.311497003 0.827060095 -0.467911547 -24.406274796 3.779277325 -29.648803711
0.000000000 0.500000000 0.666666667 0.500000000 0.500000000 0.000000000 0.000000000 -0.821519480 0.460153131 0.336696956 0.496235029 0.286183459 0.819664458 0.280814067 0.840451143 -0.463449389 -24.638618469 3.792644024 -29.620685577
0.000000000 0.500000000 0.666666667 0.500000000 0.500000000 0.000000000 0.000000000 -0.843535685 0.424039098 0.329603384 0.474540038 0.301057708 0.827149327 0.251514015 0.854139976 -0.455176450 -24.876893997 3.788551569 -29.590135574
0.000000000 0.500000000 0.666666667 0.500000000 0.500000000 0.000000000 0.000000000 -0.862887164 0.386041432 0.326186687 0.453076721 0.304901183 0.837709230 0.223935764 0.870636136 -0.438001703 -25.120170593 3.769376039 -29.557098389
0.000000000 0.500000000 0.666666667 0.500000000 0.500000000 0.000000000 0.000000000 -0.879592440 0.351034868 0.321078902 0.432374505 0.308397473 0.847315341 0.198417307 0.884118499 -0.423042613 -25.368906021 3.740664005 -29.523115158
0.000000000 0.500000000 0.666666667 0.500000000 0.500000000 0.000000000 0.000000000 -0.893720630 0.319463605 0.314970539 0.412959744 0.311494549 0.855824396 0.175293140 0.894938071 -0.410314713 -25.623416901 3.705663919 -29.488925934
0.000000000 0.500000000 0.666666667 0.500000000 0.500000000 0.000000000 0.000000000 -0.905379776 0.291742075 0.308502873 0.395341298 0.314157195 0.863139916 0.154895833 0.903433350 -0.399769262 -25.884305954 3.668328762 -29.455253601
0.000000000 0.500000000 0.666666667 0.500000000 0.500000000 0.000000000 0.000000000 -0.914699233 0.268269527 0.302252832 0.380003900 0.316363419 0.869201486 0.137558532 0.909915187 -0.391320843 -26.152235031 3.632292509 -29.423011780
0.000000000 0.500000000 0.666666667 0.500000000 0.500000000 0.000000000 0.000000000 -0.921812819 0.249437913 0.296718475 0.367396509 0.318100708 0.873974682 0.123616064 0.914654398 -0.384871929 -26.428123474 3.604030132 -29.394130707
0.000000000 0.500000000 0.666666667 0.500000000 0.500000000 0.000000000 0.000000000 -0.926837895 0.235643390 0.292307557 0.357923860 0.319361465 0.877438753 0.113410873 0.917867336 -0.380338700 -26.712547302 3.593683481 -29.371881485
0.000000000 0.500000000 0.666666667 0.500000000 0.500000000 0.000000000 0.000000000 -0.929853038 0.227294158 0.289328005 0.351938485 0.320138759 0.879574032 0.107296931 0.919700245 -0.377675559 -27.003969193 3.610966206 -29.360521317
0.000000000 0.500000000 0.666666667 0.500000000 0.500000000 0.000000000 0.000000000 -0.930925028 0.219667665 0.291761393 0.349629577 0.305191380 0.885786306 0.105535548 0.926609054 -0.360912606 -27.297651291 3.661006927 -29.363290787
0.000000000 0.500000000 0.666666667 0.500000000 0.500000000 0.000000000 0.000000000 -0.930230659 0.216376542 0.296398571 0.350734654 0.286592443 0.891543591 0.107963529 0.933298432 -0.342487829 -27.581411362 3.740306854 -29.380846024
0.000000000 0.500000000 0.666666667 0.500000000 0.500000000 0.000000000 0.000000000 -0.927910542 0.216960705 0.303166750 0.354846836 0.264668613 0.896679569 0.114305508 0.939616187 -0.322576615 -27.857049942 3.833747387 -29.408597946
0.000000000 0.500000000 0.666666667 0.500000000 0.500000000 0.000000000 0.000000000 -0.924041046 0.220936642 0.311985810 0.361528443 0.239717773 0.901017522 0.124279242 0.945368917 -0.301383942 -28.129617691 3.925323486 -29.442968369
0.000000000 0.500000000 0.666666667 0.500000000 0.500000000 0.000000000 0.000000000 -0.918656190 0.227803684 0.322763514 0.370324900 0.212025120 0.904380903 0.137587328 0.950342481 -0.279139565 -28.403627396 4.001177311 -29.481248856
0.000000000 0.500000000 0.666666667 0.500000000 0.500000000 0.000000000 0.000000000 -0.911766997 0.237052951 0.335390580 0.380777742 0.181876883 0.906603061 0.153913138 0.954320019 -0.256093827 -28.681253433 4.047976017 -29.520895004
0.000000000 0.500000000 0.666666667 0.500000000 0.500000000 0.000000000 0.000000000 -0.903379255 0.248176310 0.349734815 0.392434700 0.149571425 0.907536994 0.172918847 0.957098170 -0.232512719 -28.959751129 4.064084530 -29.562103271
0.000000000 0.500000000 0.666666667 0.500000000 0.500000000 0.000000000 0.000000000 -0.893508847 0.260670601 0.365640231 0.404861476 0.115427270 0.907063245 0.194239868 0.958502678 -0.208670771 -29.235004425 4.058248043 -29.609920502
0.000000000 0.500000000 0.666666667 0.500000000 0.500000000 0.000000000 0.000000000 -0.882193378 0.274050479 0.382924509 0.417651910 0.079787782 0.905097117 0.217489601 0.958399836 -0.184845959 -29.502567291 4.038229465 -29.676879883
0.000000000 0.500000000 0.666666667 0.500000000 0.500000000 0.000000000 0.000000000 -0.869502876 0.287851443 0.401380487 0.430437515 0.043023007 0.901594458 0.242256670 0.956708194 -0.161310688 -29.662845612 3.994584322 -29.785062790
0.000000000 0.500000000 0.666666667 0.500000000 0.500000000 0.000000000 0.000000000 -0.855545349 0.301642891 0.420777520 0.442896683 0.005528895 0.896555609 0.268113191 0.953404949 -0.138326856 -29.526933670 3.942389965 -29.560077667
0.000000000 0.500000000 0.666666667 0.500000000 0.500000000 0.000000000 0.000000000 -0.840472430 0.315030798 0.440864707 0.454761072 -0.032276152 0.890028436 0.294615785 0.948532470 -0.116136528 -29.408187866 3.896716118 -29.327459335
0.000000000 0.500000000 0.666666667 0.500000000 0.500000000 0.000000000 0.000000000 -0.824479596 0.327667547 0.461375525 0.465822432 -0.069955799 0.882108637 0.321314267 0.942199642 -0.094957765 -29.295501709 3.852365017 -29.095165253
0.000000000 0.500000000 0.666666667 0.500000000 0.500000000 0.000000000 0.000000000 -0.807805423 0.339256095 0.482032883 0.475935630 -0.107063565 0.872939098 0.347758069 0.934581561 -0.074977535 -29.187021255 3.808624744 -28.864295959
0.000000000 0.500000000 0.666666667 0.500000000 0.500000000 0.000000000 0.000000000 -0.790729848 0.349552014 0.502553178 0.485019224 -0.143147471 0.862708035 0.373500548 0.925916946 -0.056348469 -29.081937790 3.765254497 -28.635274887
0.000000000 0.500000000 0.666666667 0.500000000 0.500000000 0.000000000 0.000000000 -0.773566831 0.358366109 0.522654847 0.493057096 -0.177759259 0.851643321 0.398106841 0.916501706 -0.039186286 -28.980209351 3.722144127 -28.408136368
0.000000000 0.500000000 0.666666667 0.500000000 0.500000000 0.000000000 0.000000000 -0.756659783 0.365562980 0.542060588 0.500092719 -0.210457872 0.840008784 0.421157032 0.906681417 -0.023570377 -28.881980896 3.679196596 -28.182813644
0.000000000 0.500000000 0.666666667 0.500000000 0.500000000 0.000000000 0.000000000 -0.740374841 0.371054291 0.560503174 0.506222961 -0.240817668 0.828097316 0.442248129 0.896841995 -0.009540859 -28.787582397 3.636295795 -27.959184647
0.000000000 0.500000000 0.666666667 0.500000000 0.500000000 0.000000000 0.000000000 -0.725092147 0.374796778 0.577727231 0.511589637 -0.268427201 0.816224773 0.460996119 0.887397438 0.002892308 -28.697879791 3.593178749 -27.736934662
0.000000000 0.500000000 0.666666667 0.500000000 0.500000000 0.000000000 0.000000000 -0.711197734 0.376778033 0.593494816 0.516370111 -0.292894239 0.804720370 0.477032171 0.878778287 0.013748804 -28.613626480 3.549630642 -27.515853882
0.000000000 0.500000000 0.666666667 0.500000000 0.500000000 0.000000000 0.000000000 -0.699017707 0.393619534 0.597024211 0.520752663 -0.291985168 0.802222740 0.490092756 0.871669848 -0.000875618 -28.535760880 3.508721352 -27.296321869
0.000000000 0.500000000 0.666666667 0.500000000 0.500000000 0.000000000 0.000000000 -0.688627667 0.407076917 0.600066929 0.524885327 -0.291118298 0.799840941 0.500287247 0.865758928 -0.013196586 -28.460561752 3.467629433 -27.078870773
0.000000000 0.500000000 0.666666667 0.500000000 0.500000000 0.000000000 0.000000000 -0.680020935 0.417318863 0.602840356 0.528867738 -0.290273937 0.797521132 0.507809456 0.861153882 -0.023314129 -28.386177063 3.426805258 -26.864086151
0.000000000 0.500000000 0.666666667 0.500000000 0.500000000 0.000000000 0.000000000 -0.673171637 0.424515809 0.605496717 0.532758407 -0.289440452 0.795231227 0.512843471 0.857910574 -0.031321263 -28.309867859 3.386907339 -26.652826309
0.000000000 0.500000000 0.666666667 0.500000000 0.500000000 0.000000000 0.000000000 -0.668038819 0.428834381 0.608132559 0.536580640 -0.288613348 0.792958733 0.515563141 0.856039374 -0.037299306 -28.229482651 3.348536253 -26.445846558
0.000000000 0.500000000 0.666666667 0.500000000 0.500000000 0.000000000 0.000000000 -0.664570420 0.430437260 0.610794501 0.540324824 -0.287795075 0.790710490 0.516134906 0.855510234 -0.041315843 -28.142528534 3.312334537 -26.244239807
0.000000000 0.500000000 0.666666667 0.500000000 0.500000000 0.000000000 0.000000000 -0.662705574 0.429482219 0.613487038 0.543954554 -0.286994120 0.788509872 0.514718142 0.856258955 -0.043426206 -28.050559998 3.277200937 -26.047786713
0.000000000 0.500000000 0.666666667 0.500000000 0.500000000 0.000000000 0.000000000 -0.662377537 0.426123563 0.616177497 0.547410088 -0.286224503 0.786395403 0.511466709 0.858192428 -0.043675656 -27.956527710 3.241680145 -25.855541229
0.000000000 0.500000000 0.666666667 0.500000000 0.500000000 0.000000000 0.000000000 -0.663514767 0.420517293 0.618799935 0.550611370 -0.285505303 0.784419430 0.506532598 0.861192155 -0.042104618 -27.862455368 3.204319954 -25.666864395
0.000000000 0.500000000 0.666666667 0.500000000 0.500000000 0.000000000 0.000000000 -0.666042960 0.412823912 0.621259360 0.553461712 -0.284859870 0.782646145 0.500066904 0.865119224 -0.038753319 -27.770643234 3.163646698 -25.481012344
0.000000000 0.500000000 0.666666667 0.500000000 0.500000000 0.000000000 0.000000000 -0.669885633 0.403212659 0.623436276 0.555851889 -0.284314971 0.781148945 0.492221410 0.869818687 -0.033668004 -27.682909012 3.118947029 -25.297407150
0.000000000 0.500000000 0.666666667 0.500000000 0.500000000 0.000000000 0.000000000 -0.674964889 0.391867189 0.625189975 0.557662372 -0.283899938 0.780008656 0.483151194 0.875123381 -0.026907096 -27.600908279 3.069361448 -25.115732193
0.000000000 0.500000000 0.666666667 0.500000000 0.500000000 0.000000000 0.000000000 -0.681201500 0.378989869 0.626363469 0.558766711 -0.283645815 0.779310474 0.473016151 0.880858519 -0.018546968 -27.523895264 3.015229940 -24.936508179
0.000000000 0.500000000 0.666666667 0.500000000 0.500000000 0.000000000 0.000000000 -0.688515964 0.364804452 0.626788224 0.559033908 -0.283584222 0.779141244 0.461981446 0.886847056 -0.008685795 -27.449369431 2.958098173 -24.760536194
0.000000000 0.500000000 0.666666667 0.500000000 0.500000000 0.000000000 0.000000000 -0.696827762 0.349560501 0.626289491 0.558330652 -0.283746227 0.779586404 0.450219894 0.892914069 0.002551906 -27.375144958 2.899297953 -24.588409424
0.000000000 0.500000000 0.666666667 0.500000000 0.500000000 0.000000000 0.000000000 -0.706054379 0.333534062 0.624693720 0.556525152 -0.284160845 0.780725540 0.437912056 0.898892454 0.015012915 -27.300882339 2.841126680 -24.424438477
0.000000000 0.500000000 0.666666667 0.500000000 0.500000000 0.000000000 0.000000000 -0.716113026 0.317026294 0.621833147 0.553486999 -0.284854122 0.782630354 0.425246136 0.904628354 0.028517816 -27.224765778 2.784596443 -24.269222260
0.000000000 0.500000000 0.666666667 0.500000000 0.500000000 0.000000000 0.000000000 -0.726917481 0.306153868 0.614703819 0.549090311 -0.278455879 0.788011519 0.412420667 0.910347259 0.034308323 -27.144609451 2.731852293 -24.124078751
0.000000000 0.500000000 0.666666667 0.500000000 0.500000000 0.000000000 0.000000000 -0.738378831 0.303865811 0.602048395 0.543216819 -0.261044438 0.797979504 0.399640074 0.916253988 0.027684668 -27.060150146 2.684503079 -23.989501953
0.000000000 0.500000000 0.666666667 0.500000000 0.500000000 0.000000000 0.000000000 -0.750404263 0.302228860 0.587835996 0.535754810 -0.242750088 0.808726887 0.387117845 0.921808066 0.020240136 -26.972929001 2.641696215 -23.864433289
0.000000000 0.500000000 0.666666667 0.500000000 0.500000000 0.000000000 0.000000000 -0.762895338 0.301268572 0.572038417 0.526627838 -0.223684755 0.820139165 0.375038428 0.926931701 0.011991640 -26.885351181 2.603632212 -23.747505188
0.000000000 0.500000000 0.666666667 0.500000000 0.500000000 0.000000000 0.000000000 -0.775743048 0.300866418 0.554709043 0.515880564 -0.203907279 0.832039101 0.363441836 0.931612162 0.002968517 -26.799686432 2.570313692 -23.637207031
0.000000000 0.500000000 0.666666667 0.500000000 0.500000000 0.000000000 0.000000000 -0.788834522 0.300870242 0.535926482 0.503590377 -0.183466721 0.844237345 0.352330568 0.935850982 -0.006790475 -26.717918396 2.541560650 -23.532138824
0.000000000 0.500000000 0.666666667 0.500000000 0.500000000 0.000000000 0.000000000 -0.802056372 0.301131009 0.515776785 0.489841115 -0.162414922 0.856549517 0.341703466 0.939649673 -0.017240426 -26.641649246 2.517060518 -23.431232452
0.000000000 0.500000000 0.666666667 0.500000000 0.500000000 0.000000000 0.000000000 -0.815294912 0.301507855 0.494355358 0.474724279 -0.140807843 0.868798026 0.331558541 0.943009101 -0.028333181 -26.571968079 2.496403217 -23.333875656
0.000000000 0.500000000 0.666666667 0.500000000 0.500000000 0.000000000 0.000000000 -0.828440434 0.301865051 0.471766826 0.458338368 -0.118706009 0.880814863 0.321888781 0.945931485 -0.040015478 -26.509393692 2.479111910 -23.239980698
0.000000000 0.500000000 0.666666667 0.500000000 0.500000000 0.000000000 0.000000000 -0.841387345 0.302072918 0.448128652 0.440791457 -0.096177136 0.892442071 0.312682311 0.948420746 -0.052228937 -26.453920364 2.464733839 -23.151950836
0.000000000 0.500000000 0.666666667 0.500000000 0.500000000 0.000000000 0.000000000 -0.854037029 0.302012316 0.423567366 0.422198274 -0.073292661 0.903535723 0.303923296 0.950482376 -0.064914432 -26.404544830 2.452617168 -23.070604324
0.000000000 0.500000000 0.666666667 0.500000000 0.500000000 0.000000000 0.000000000 -0.866298768 0.301572940 0.398221304 0.402681866 -0.050130539 0.913966216 0.295590528 0.952124304 -0.078009930 -26.361053467 2.442598105 -22.996122360
0.000000000 0.500000000 0.666666667 0.500000000 0.500000000 0.000000000 0.000000000 -0.878091411 0.300653320 0.372240588 0.382373425 -0.026774972 0.923619870 0.287656112 0.953357584 -0.091450967 -26.322753906 2.434254169 -22.929019928
0.000000000 0.500000000 0.666666667 0.500000000 0.500000000 0.000000000 0.000000000 -0.889345220 0.299165247 0.345782063 0.361408228 -0.003313012 0.932401800 0.280087795 0.954195566 -0.105174371 -26.289319992 2.427440166 -22.869493484
0.000000000 0.500000000 0.666666667 0.500000000 0.500000000 0.000000000 0.000000000 -0.900001369 0.297030376 0.319014878 0.339930152 0.020162240 0.940234532 0.272846162 0.954655142 -0.119115624 -26.260345459 2.421958447 -22.817806244
0.000000000 0.500000000 0.666666667 0.500000000 0.500000000 0.000000000 0.000000000 -0.910014518 0.294182577 0.292113315 0.318085471 0.043555487 0.947061008 0.265885710 0.954756268 -0.133211329 -26.236118317 2.417885065 -22.773778915
0.000000000 0.500000000 0.666666667 0.500000000 0.500000000 0.000000000 0.000000000 -0.919351819 0.290567062 0.265260278 0.296026269 0.066768775 0.952843313 0.259153778 0.954522243 -0.147399478 -26.216093063 2.415050030 -22.737718582
0.000000000 0.500000000 0.666666667 0.500000000 0.500000000 0.000000000 0.000000000 -0.927994265 0.286141637 0.238641170 0.273904796 0.089703126 0.957564364 0.252592176 0.953979199 -0.161619553 -26.200267792 2.413441181 -22.709632874
0.000000000 0.500000000 0.666666667 0.500000000 0.500000000 0.000000000 0.000000000 -0.935935378 0.280876538 0.212446083 0.251876182 0.112259447 0.961226407 0.246136865 0.953155909 -0.175813698 -26.188642502 2.413046122 -22.689516068
0.000000000 0.500000000 0.666666667 0.500000000 0.500000000 0.000000000 0.000000000 -0.943181879 0.274752429 0.186866386 0.230095160 0.134339873 0.963851138 0.239716835 0.952083978 -0.189926138 -26.181209564 2.413851976 -22.677358627
0.000000000 0.500000000 0.666666667 0.500000000 0.500000000 0.000000000 0.000000000 -0.949752201 0.267761325 0.162094507 0.208716563 0.155848750 0.965478412 0.233255552 0.950797055 -0.203903917 -26.178001404 2.415850162 -22.673143387
0.000000000 0.500000000 0.666666667 0.500000000 0.500000000 0.000000000 0.000000000 -0.955676031 0.259905331 0.138320436 0.187892261 0.176693946 0.966165487 0.226671177 0.949330537 -0.217696369 -26.173334122 2.417361498 -22.666391373
0.000000000 0.500000000 0.666666667 0.500000000 0.500000000 0.000000000 0.000000000 -0.960992807 0.251194696 0.115732668 0.167772394 0.196787766 0.965984989 0.219875532 0.947721373 -0.231255163 -26.167196274 2.418375731 -22.657098770
0.000000000 0.500000000 0.666666667 0.500000000 0.500000000 0.000000000 0.000000000 -0.965746421 0.241668822 0.094498842 0.148490506 0.216040451 0.965026991 0.212801363 0.946003543 -0.244525818 -26.159593582 2.418881893 -22.645263672
0.000000000 0.500000000 0.666666667 0.500000000 0.500000000 0.000000000 0.000000000 -0.969972936 0.231454100 0.074709452 0.130121693 0.234339795 0.963407082 0.205477122 0.944200117 -0.257420458 -26.150547028 2.418865204 -22.630880356
0.000000000 0.500000000 0.666666667 0.500000000 0.500000000 0.000000000 0.000000000 -0.973707791 0.220700867 0.056429292 0.112729565 0.251575793 0.961250053 0.197952476 0.942337916 -0.269840823 -26.140071869 2.418312311 -22.613948822
0.000000000 0.500000000 0.666666667 0.500000000 0.500000000 0.000000000 0.000000000 -0.976988464 0.209562318 0.039713674 0.096379629 0.267647881 0.958684296 0.190274822 0.940451087 -0.281686431 -26.128187180 2.417209387 -22.594461441
0.000000000 0.500000000 0.666666667 0.500000000 0.500000000 0.000000000 0.000000000 -0.979854144 0.198192601 0.024607907 0.081138187 0.282464443 0.955840171 0.182489591 0.938580594 -0.292854944 -26.114921570 2.415547371 -22.572412491
