0.000000000 0.384615385 0.666666667 0.384615385 0.500000000 0.000000000 0.000000000 -0.010927191 0.000000000 -0.999940296 19.744588852 0.999940296 0.000000000 -0.010927191 -8.091713905 0.000000000 1.000000000 0.000000000 -7.144716740
0.000000000 0.384615385 0.666666667 0.384615385 0.500000000 0.000000000 0.000000000 -0.090556623 0.000000000 -0.995891308 19.813695908 0.995891308 0.000000000 -0.090556623 -8.113527298 0.000000000 1.000000000 0.000000000 -7.409184456
0.000000000 0.384615385 0.666666667 0.384615385 0.500000000 0.000000000 0.000000000 -0.117312281 0.000000000 -0.993095075 19.903957367 0.993095075 0.000000000 -0.117312281 -8.105322838 0.000000000 1.000000000 0.000000000 -7.663974285
0.000000000 0.384615385 0.666666667 0.384615385 0.500000000 0.000000000 0.000000000 -0.191227158 0.000000000 -0.981545808 19.993354797 0.981545808 0.000000000 -0.191227158 -8.082427979 0.000000000 1.000000000 0.000000000 -7.871358395
0.000000000 0.384615385 0.666666667 0.384615385 0.500000000 0.000000000 0.000000000 -0.191857313 0.000000000 -0.981422830 20.050960541 0.981422830 0.000000000 -0.191857313 -8.099158287 0.000000000 1.000000000 0.000000000 -8.100643158
0.000000000 0.384615385 0.666666667 0.384615385 0.500000000 0.000000000 0.000000000 -0.239864861 0.000000000 -0.970806288 20.124435425 0.970806288 0.000000000 -0.239864861 -8.093891144 0.000000000 1.000000000 0.000000000 -8.307045937
0.000000000 0.384615385 0.666666667 0.384615385 0.500000000 0.000000000 0.000000000 -0.314187598 0.000000000 -0.949360918 20.207515717 0.949360918 0.000000000 -0.314187598 -8.095998764 0.000000000 1.000000000 0.000000000 -8.513739586
0.000000000 0.384615385 0.666666667 0.384615385 0.500000000 0.000000000 0.000000000 -0.353476386 0.000000000 -0.935443448 20.315511703 0.935443448 0.000000000 -0.353476386 -8.104407310 0.000000000 1.000000000 0.000000000 -8.747001648
0.000000000 0.384615385 0.666666667 0.384615385 0.500000000 0.000000000 0.000000000 -0.362097840 0.000000000 -0.932140094 20.406106949 0.932140094 0.000000000 -0.362097840 -8.097429276 0.000000000 1.000000000 0.000000000 -8.971628189
0.000000000 0.384615385 0.666666667 0.384615385 0.500000000 0.000000000 0.000000000 -0.364831551 0.000000000 -0.931073541 20.461048126 0.931073541 0.000000000 -0.364831551 -8.111731529 0.000000000 1.000000000 0.000000000 -9.189138412
0.000000000 0.384615385 0.666666667 0.384615385 0.500000000 0.000000000 0.000000000 -0.366477550 0.000000000 -0.930426894 20.576349258 0.930426894 0.000000000 -0.366477550 -8.086565971 0.000000000 1.000000000 0.000000000 -9.445037842
0.000000000 0.384615385 0.666666667 0.384615385 0.500000000 0.000000000 0.000000000 -0.367170259 0.000000000 -0.930153751 20.665153503 0.930153751 0.000000000 -0.367170259 -8.069492340 0.000000000 1.000000000 0.000000000 -9.663578987
0.000000000 0.384615385 0.666666667 0.384615385 0.500000000 0.000000000 0.000000000 -0.366919112 0.000000000 -0.930252850 20.742757797 0.930252850 0.000000000 -0.366919112 -8.109844208 0.000000000 1.000000000 0.000000000 -9.893959999
0.000000000 0.384615385 0.666666667 0.384615385 0.500000000 0.000000000 0.000000000 -0.365843625 0.000000000 -0.930676336 20.845182419 0.930676336 0.000000000 -0.365843625 -8.108811378 0.000000000 1.000000000 0.000000000 -10.103674889
0.000000000 0.384615385 0.666666667 0.384615385 0.500000000 0.000000000 0.000000000 -0.363925707 0.000000000 -0.931427979 20.929752350 0.931427979 0.000000000 -0.363925707 -8.115006447 0.000000000 1.000000000 0.000000000 -10.328854561
0.000000000 0.384615385 0.666666667 0.384615385 0.500000000 0.000000000 0.000000000 -0.361083646 0.000000000 -0.932533431 21.001525879 0.932533431 0.000000000 -0.361083646 -8.103300095 0.000000000 1.000000000 0.000000000 -10.561941147
0.000000000 0.384615385 0.666666667 0.384615385 0.500000000 0.000000000 0.000000000 -0.357307749 0.000000000 -0.933986709 21.095468521 0.933986709 0.000000000 -0.357307749 -8.097828865 0.000000000 1.000000000 0.000000000 -10.794738770
0.000000000 0.384615385 0.666666667 0.384615385 0.500000000 0.000000000 0.000000000 -0.353852205 0.000000000 -0.935301351 21.189123154 0.935301351 0.000000000 -0.353852205 -8.089140892 0.000000000 1.000000000 0.000000000 -11.018517494
0.000000000 0.384615385 0.666666667 0.384615385 0.500000000 0.000000000 0.000000000 -0.361286409 0.000000000 -0.932454895 21.267108917 0.932454895 0.000000000 -0.361286409 -8.108544350 0.000000000 1.000000000 0.000000000 -11.243400574
0.000000000 0.384615385 0.666666667 0.384615385 0.500000000 0.000000000 0.000000000 -0.358518572 0.000000000 -0.933522594 21.272010803 0.933522594 0.000000000 -0.358518572 -8.113718033 0.000000000 1.000000000 0.000000000 -11.500720978
0.000000000 0.384615385 0.666666667 0.384615385 0.500000000 0.000000000 0.000000000 -0.312820614 0.000000000 -0.949812225 21.232109070 0.949812225 0.000000000 -0.312820614 -8.110528946 0.000000000 1.000000000 0.000000000 -11.733914375
0.000000000 0.384615385 0.666666667 0.384615385 0.500000000 0.000000000 0.000000000 -0.311917595 0.000000000 -0.950109159 21.152259827 0.950109159 0.000000000 -0.311917595 -8.090326309 0.000000000 1.000000000 0.000000000 -11.959435463
0.000000000 0.384615385 0.666666667 0.384615385 0.500000000 0.000000000 0.000000000 -0.219878051 0.000000000 -0.975527367 21.043895721 0.975527367 0.000000000 -0.219878051 -8.126730919 0.000000000 1.000000000 0.000000000 -12.132895470
0.000000000 0.384615385 0.666666667 0.384615385 0.500000000 0.000000000 0.000000000 -0.142284066 0.000000000 -0.989825866 20.921094894 0.989825866 0.000000000 -0.142284066 -8.100065231 0.000000000 1.000000000 0.000000000 -12.352761269
0.000000000 0.384615385 0.666666667 0.384615385 0.500000000 0.000000000 0.000000000 -0.121361772 0.000000000 -0.992608342 20.830377579 0.992608342 0.000000000 -0.121361772 -8.093203545 0.000000000 1.000000000 0.000000000 -12.535274506
0.000000000 0.384615385 0.666666667 0.384615385 0.500000000 0.000000000 0.000000000 -0.083995959 0.000000000 -0.996466095 20.666435242 0.996466095 0.000000000 -0.083995959 -8.087653160 0.000000000 1.000000000 0.000000000 -12.737671852
0.000000000 0.384615385 0.666666667 0.384615385 0.500000000 0.000000000 0.000000000 0.012110695 0.000000000 -0.999926663 20.541934967 0.999926663 0.000000000 0.012110695 -8.095681190 0.000000000 1.000000000 0.000000000 -12.910092354
0.000000000 0.384615385 0.666666667 0.384615385 0.500000000 0.000000000 0.000000000 0.060666285 0.000000000 -0.998158105 20.414289474 0.998158105 0.000000000 0.060666285 -8.092256546 0.000000000 1.000000000 0.000000000 -13.095347404
0.000000000 0.384615385 0.666666667 0.384615385 0.500000000 0.000000000 0.000000000 0.120844730 0.000000000 -0.992671422 20.259412766 0.992671422 0.000000000 0.120844730 -8.103607178 0.000000000 1.000000000 0.000000000 -13.267434120
0.000000000 0.384615385 0.666666667 0.384615385 0.500000000 0.000000000 0.000000000 0.188197744 0.000000000 -0.982131157 20.117103577 0.982131157 0.000000000 0.188197744 -8.102767944 0.000000000 1.000000000 0.000000000 -13.460547447
0.000000000 0.384615385 0.666666667 0.384615385 0.500000000 0.000000000 0.000000000 0.219058095 0.000000000 -0.975711818 19.985116959 0.975711818 0.000000000 0.219058095 -8.106146812 0.000000000 1.000000000 0.000000000 -13.633516312
0.000000000 0.384615385 0.666666667 0.384615385 0.500000000 0.000000000 0.000000000 0.254151741 0.000000000 -0.967164357 19.833808899 0.967164357 0.000000000 0.254151741 -8.088608742 0.000000000 1.000000000 0.000000000 -13.815590858
0.000000000 0.384615385 0.666666667 0.384615385 0.500000000 0.000000000 0.000000000 0.347121777 0.000000000 -0.937820064 19.724239349 0.937820064 0.000000000 0.347121777 -8.083960533 0.000000000 1.000000000 0.000000000 -14.065311432
0.000000000 0.384615385 0.666666667 0.384615385 0.500000000 0.000000000 0.000000000 0.270462728 0.000000000 -0.962730447 19.681772232 0.962730447 0.000000000 0.270462728 -8.089511871 0.000000000 1.000000000 0.000000000 -14.286635399
0.000000000 0.384615385 0.666666667 0.384615385 0.500000000 0.000000000 0.000000000 0.185734870 0.000000000 -0.982599897 19.681949615 0.982599897 0.000000000 0.185734870 -8.125185966 0.000000000 1.000000000 0.000000000 -14.533641815
0.000000000 0.384615385 0.666666667 0.384615385 0.500000000 0.000000000 0.000000000 0.103093893 0.000000000 -0.994671629 19.692823410 0.994671629 0.000000000 0.103093893 -8.090337753 0.000000000 1.000000000 0.000000000 -14.767094612
0.000000000 0.384615385 0.666666667 0.384615385 0.500000000 0.000000000 0.000000000 0.100538886 0.000000000 -0.994933130 19.706186295 0.994933130 0.000000000 0.100538886 -8.113946915 0.000000000 1.000000000 0.000000000 -15.005228996
0.000000000 0.384615385 0.666666667 0.384615385 0.500000000 0.000000000 0.000000000 0.047628058 0.000000000 -0.998865140 19.750013351 0.998865140 0.000000000 0.047628058 -8.090951920 0.000000000 1.000000000 0.000000000 -15.280417442
0.000000000 0.384615385 0.666666667 0.384615385 0.500000000 0.000000000 0.000000000 -0.027494261 0.000000000 -0.999621961 19.809305191 0.999621961 0.000000000 -0.027494261 -8.088997841 0.000000000 1.000000000 0.000000000 -15.539203644
0.000000000 0.384615385 0.666666667 0.384615385 0.500000000 0.000000000 0.000000000 -0.072625552 0.000000000 -0.997359278 19.883724213 0.997359278 0.000000000 -0.072625552 -8.112049103 0.000000000 1.000000000 0.000000000 -15.793017387
0.000000000 0.384615385 0.666666667 0.384615385 0.500000000 0.000000000 0.000000000 -0.158997382 0.000000000 -0.987279004 19.923152924 0.987279004 0.000000000 -0.158997382 -8.081417084 0.000000000 1.000000000 0.000000000 -16.063476562
0.000000000 0.384615385 0.666666667 0.384615385 0.500000000 0.000000000 0.000000000 -0.203222860 0.000000000 -0.979132508 19.970533371 0.979132508 0.000000000 -0.203222860 -8.112425804 0.000000000 1.000000000 0.000000000 -16.331621170
0.000000000 0.384615385 0.666666667 0.384615385 0.500000000 0.000000000 0.000000000 -0.208287262 0.000000000 -0.978067695 20.033433914 0.978067695 0.000000000 -0.208287262 -8.102521896 0.000000000 1.000000000 0.000000000 -16.583408356
0.000000000 0.384615385 0.666666667 0.384615385 0.500000000 0.000000000 0.000000000 -0.211638047 0.000000000 -0.977348115 20.088274002 0.977348115 0.000000000 -0.211638047 -8.097660065 0.000000000 1.000000000 0.000000000 -16.870241165
0.000000000 0.384615385 0.666666667 0.384615385 0.500000000 0.000000000 0.000000000 -0.214211480 0.000000000 -0.976787306 20.158599854 0.976787306 0.000000000 -0.214211480 -8.093749046 0.000000000 1.000000000 0.000000000 -17.148063660
0.000000000 0.384615385 0.666666667 0.384615385 0.500000000 0.000000000 0.000000000 -0.215986696 0.000000000 -0.976396306 20.179967880 0.976396306 0.000000000 -0.215986696 -8.116383553 0.000000000 1.000000000 0.000000000 -17.442420959
0.000000000 0.384615385 0.666666667 0.384615385 0.500000000 0.000000000 0.000000000 -0.217307038 0.000000000 -0.976103299 20.274940491 0.976103299 0.000000000 -0.217307038 -8.074740410 0.000000000 1.000000000 0.000000000 -17.709423065
0.000000000 0.384615385 0.666666667 0.384615385 0.500000000 0.000000000 0.000000000 -0.218276004 0.000000000 -0.975887076 20.351623535 0.975887076 0.000000000 -0.218276004 -8.098558426 0.000000000 1.000000000 0.000000000 -17.999956131
0.000000000 0.384615385 0.666666667 0.384615385 0.500000000 0.000000000 0.000000000 -0.218877838 0.000000000 -0.975752270 20.386335373 0.975752270 0.000000000 -0.218877838 -8.091944695 0.000000000 1.000000000 0.000000000 -18.266235352
0.000000000 0.384615385 0.666666667 0.384615385 0.500000000 0.000000000 0.000000000 -0.219148719 0.000000000 -0.975691467 20.440294266 0.975691467 0.000000000 -0.219148719 -8.094026566 0.000000000 1.000000000 0.000000000 -18.529981613
0.000000000 0.384615385 0.666666667 0.384615385 0.500000000 0.000000000 0.000000000 -0.219116054 0.000000000 -0.975698803 20.498399734 0.975698803 0.000000000 -0.219116054 -8.099042892 0.000000000 1.000000000 0.000000000 -18.787050247
0.000000000 0.384615385 0.666666667 0.384615385 0.500000000 0.000000000 0.000000000 -0.218814811 0.000000000 -0.975766406 20.564006805 0.975766406 0.000000000 -0.218814811 -8.095867157 0.000000000 1.000000000 0.000000000 -19.065586090
0.000000000 0.384615385 0.666666667 0.384615385 0.500000000 0.000000000 0.000000000 -0.218236566 0.000000000 -0.975895897 20.612325668 0.975895897 0.000000000 -0.218236566 -8.106846809 0.000000000 1.000000000 0.000000000 -19.319414139
0.000000000 0.384615385 0.666666667 0.384615385 0.500000000 0.000000000 0.000000000 -0.217362148 0.000000000 -0.976091029 20.662731171 0.976091029 0.000000000 -0.217362148 -8.097937584 0.000000000 1.000000000 0.000000000 -19.581779480
0.000000000 0.384615385 0.666666667 0.384615385 0.500000000 0.000000000 0.000000000 -0.216160060 0.000000000 -0.976357941 20.734212875 0.976357941 0.000000000 -0.216160060 -8.092882156 0.000000000 1.000000000 0.000000000 -19.860965729
0.000000000 0.384615385 0.666666667 0.384615385 0.500000000 0.000000000 0.000000000 -0.214601024 0.000000000 -0.976701797 20.805633545 0.976701797 0.000000000 -0.214601024 -8.112618446 0.000000000 1.000000000 0.000000000 -20.121013641
0.000000000 0.384615385 0.666666667 0.384615385 0.500000000 0.000000000 0.000000000 -0.212719201 0.000000000 -0.977113372 20.858663559 0.977113372 0.000000000 -0.212719201 -8.114056587 0.000000000 1.000000000 0.000000000 -20.397714615
0.000000000 0.384615385 0.666666667 0.384615385 0.500000000 0.000000000 0.000000000 -0.209920928 0.000000000 -0.977718366 20.952661514 0.977718366 0.000000000 -0.209920928 -8.108981133 0.000000000 1.000000000 0.000000000 -20.687433243
0.000000000 0.384615385 0.666666667 0.384615385 0.500000000 0.000000000 0.000000000 -0.206157393 0.000000000 -0.978518845 21.003526688 0.978518845 0.000000000 -0.206157393 -8.110569000 0.000000000 1.000000000 0.000000000 -20.969623566
0.000000000 0.384615385 0.666666667 0.384615385 0.500000000 0.000000000 0.000000000 -0.201500963 0.000000000 -0.979488316 21.043697357 0.979488316 0.000000000 -0.201500963 -8.097986221 0.000000000 1.000000000 0.000000000 -21.235738754
0.000000000 0.384615385 0.666666667 0.384615385 0.500000000 0.000000000 0.000000000 -0.195780833 0.000000000 -0.980647676 21.083459854 0.980647676 0.000000000 -0.195780833 -8.111914635 0.000000000 1.000000000 0.000000000 -21.494680405
0.000000000 0.384615385 0.666666667 0.384615385 0.500000000 0.000000000 0.000000000 -0.187983389 0.000000000 -0.982172208 21.146692276 0.982172208 0.000000000 -0.187983389 -8.069842339 0.000000000 1.000000000 0.000000000 -21.763010025
0.000000000 0.384615385 0.666666667 0.384615385 0.500000000 0.000000000 0.000000000 -0.176785633 0.000000000 -0.984249379 21.212646484 0.984249379 0.000000000 -0.176785633 -8.098481178 0.000000000 1.000000000 0.000000000 -22.053321838
0.000000000 0.384615385 0.666666667 0.384615385 0.500000000 0.000000000 0.000000000 -0.159473553 0.000000000 -0.987202201 21.249076843 0.987202201 0.000000000 -0.159473553 -8.097075462 0.000000000 1.000000000 0.000000000 -22.306058884
0.000000000 0.384615385 0.666666667 0.384615385 0.500000000 0.000000000 0.000000000 -0.250365566 0.000000000 -0.968151374 21.278678894 0.968151374 0.000000000 -0.250365566 -8.115664482 0.000000000 1.000000000 0.000000000 -22.009216309
0.000000000 0.384615385 0.666666667 0.384615385 0.500000000 0.000000000 0.000000000 -0.287299903 0.000000000 -0.957840679 21.308483124 0.957840679 0.000000000 -0.287299903 -8.103674889 0.000000000 1.000000000 0.000000000 -21.727220535
0.000000000 0.384615385 0.666666667 0.384615385 0.500000000 0.000000000 0.000000000 -0.350401379 0.000000000 -0.936599634 21.285207748 0.936599634 0.000000000 -0.350401379 -8.091029167 0.000000000 1.000000000 0.000000000 -21.439399719
0.000000000 0.384615385 0.666666667 0.384615385 0.500000000 0.000000000 0.000000000 -0.412374930 0.000000000 -0.911014224 21.296001434 0.911014224 0.000000000 -0.412374930 -8.106925964 0.000000000 1.000000000 0.000000000 -21.161472321
0.000000000 0.384615385 0.666666667 0.384615385 0.500000000 0.000000000 0.000000000 -0.494564326 0.000000000 -0.869141028 21.315587997 0.869141028 0.000000000 -0.494564326 -8.096654892 0.000000000 1.000000000 0.000000000 -20.846050262
0.000000000 0.384615385 0.666666667 0.384615385 0.500000000 0.000000000 0.000000000 -0.536707089 0.000000000 -0.843768629 21.337690353 0.843768629 0.000000000 -0.536707089 -8.087533951 0.000000000 1.000000000 0.000000000 -20.553993225
0.000000000 0.384615385 0.666666667 0.384615385 0.500000000 0.000000000 0.000000000 -0.564485433 0.000000000 -0.825443030 21.294496536 0.825443030 0.000000000 -0.564485433 -8.089661598 0.000000000 1.000000000 0.000000000 -20.267269135
0.000000000 0.384615385 0.666666667 0.384615385 0.500000000 0.000000000 0.000000000 -0.611065848 0.000000000 -0.791579769 21.328102112 0.791579769 0.000000000 -0.611065848 -8.087836266 0.000000000 1.000000000 0.000000000 -19.966455460
0.000000000 0.384615385 0.666666667 0.384615385 0.500000000 0.000000000 0.000000000 -0.616171960 0.000000000 -0.787611653 21.343170166 0.787611653 0.000000000 -0.616171960 -8.121056557 0.000000000 1.000000000 0.000000000 -19.672113419
0.000000000 0.384615385 0.666666667 0.384615385 0.500000000 0.000000000 0.000000000 -0.685208709 0.000000000 -0.728346775 21.326717377 0.728346775 0.000000000 -0.685208709 -8.090996742 0.000000000 1.000000000 0.000000000 -19.360475540
0.000000000 0.384615385 0.666666667 0.384615385 0.500000000 0.000000000 0.000000000 -0.736169229 0.000000000 -0.676797507 21.331850052 0.676797507 0.000000000 -0.736169229 -8.099822044 0.000000000 1.000000000 0.000000000 -19.096733093
0.000000000 0.384615385 0.666666667 0.384615385 0.500000000 0.000000000 0.000000000 -0.786981612 0.000000000 -0.616976452 21.332601547 0.616976452 0.000000000 -0.786981612 -8.074625015 0.000000000 1.000000000 0.000000000 -18.775590897
0.000000000 0.384615385 0.666666667 0.384615385 0.500000000 0.000000000 0.000000000 -0.813181208 0.000000000 -0.582010587 21.348283768 0.582010587 0.000000000 -0.813181208 -8.094543457 0.000000000 1.000000000 0.000000000 -18.501388550
0.000000000 0.384615385 0.666666667 0.384615385 0.500000000 0.000000000 0.000000000 -0.827985970 0.000000000 -0.560748815 21.319919586 0.560748815 0.000000000 -0.827985970 -8.098567009 0.000000000 1.000000000 0.000000000 -18.171440125
0.000000000 0.384615385 0.666666667 0.384615385 0.500000000 0.000000000 0.000000000 -0.834180216 0.000000000 -0.551491947 21.353563309 0.551491947 0.000000000 -0.834180216 -8.137477875 0.000000000 1.000000000 0.000000000 -17.842811584
0.000000000 0.384615385 0.666666667 0.384615385 0.500000000 0.000000000 0.000000000 -0.865358257 0.000000000 -0.501153755 21.351278305 0.501153755 0.000000000 -0.865358257 -8.115866661 0.000000000 1.000000000 0.000000000 -17.582633972
0.000000000 0.384615385 0.666666667 0.384615385 0.500000000 0.000000000 0.000000000 -0.908661136 0.000000000 -0.417534358 21.345121384 0.417534358 0.000000000 -0.908661136 -8.114452362 0.000000000 1.000000000 0.000000000 -17.299964905