0.000000000 0.500000000 0.666666667 0.500000000 0.500000000 0.000000000 0.000000000 -0.769979333 -0.492698957 0.405437497 0.281823685 0.307469746 0.908866198 -0.572457192 0.814070078 -0.097891114 57.389232635 3.286538124 9.692399025
0.000000000 0.500000000 0.666666667 0.500000000 0.500000000 0.000000000 0.000000000 -0.769605238 -0.481292850 0.419600965 0.305431351 0.299601585 0.903853185 -0.560731189 0.823769436 -0.083573024 57.571098328 3.277276516 9.487050056
0.000000000 0.500000000 0.666666667 0.500000000 0.500000000 0.000000000 0.000000000 -0.768353878 -0.471151435 0.433184307 0.327691547 0.291786466 0.898598302 -0.549773197 0.832392326 -0.069802920 57.751358032 3.267859459 9.280908585
0.000000000 0.500000000 0.666666667 0.500000000 0.500000000 0.000000000 0.000000000 -0.766325408 -0.462199337 0.446225439 0.348694728 0.284128730 0.893130926 -0.539589989 0.840025379 -0.056568593 57.923419952 3.257406473 9.068430901
0.000000000 0.500000000 0.666666667 0.500000000 0.500000000 0.000000000 0.000000000 -0.763606589 -0.454356910 0.458764401 0.368529704 0.276720985 0.887474706 -0.530180002 0.846749842 -0.043861950 58.095233917 3.247005463 8.856329918
0.000000000 0.500000000 0.666666667 0.500000000 0.500000000 0.000000000 0.000000000 -0.760272700 -0.447539219 0.470843996 0.387284151 0.269645368 0.881647527 -0.521532749 0.852642963 -0.031679166 58.266765594 3.236669302 8.644612312
0.000000000 0.500000000 0.666666667 0.500000000 0.500000000 0.000000000 0.000000000 -0.756387619 -0.441657286 0.482510737 0.405045578 0.262974251 0.875661249 -0.513630070 0.857778168 -0.020019137 58.438026428 3.226404905 8.433290482
0.000000000 0.500000000 0.666666667 0.500000000 0.500000000 0.000000000 0.000000000 -0.752005706 -0.436620715 0.493811472 0.421896992 0.256771565 0.869523601 -0.506448760 0.862224283 -0.008884716 58.606674194 3.215918541 8.220602989
0.000000000 0.500000000 0.666666667 0.500000000 0.500000000 0.000000000 0.000000000 -0.747172369 -0.432335099 0.504796804 0.437921068 0.251093420 0.863236487 -0.499958588 0.866047606 0.001718583 58.765789032 3.204317570 8.001296997
0.000000000 0.500000000 0.666666667 0.500000000 0.500000000 0.000000000 0.000000000 -0.741925041 -0.428706171 0.515517460 0.453195850 0.245989023 0.856798064 -0.494126254 0.869310313 0.011782442 58.924621582 3.192813158 7.782429695
0.000000000 0.500000000 0.666666667 0.500000000 0.500000000 0.000000000 0.000000000 -0.736294479 -0.425636723 0.526026444 0.467797405 0.241501370 0.850201550 -0.488913109 0.872072513 0.021295629 59.083152771 3.181411028 7.564008713
0.000000000 0.500000000 0.666666667 0.500000000 0.500000000 0.000000000 0.000000000 -0.730304602 -0.423030554 0.536377049 0.481797841 0.237667751 0.843436352 -0.484278874 0.874390754 0.030245355 59.239105225 3.169793606 7.344100952
0.000000000 0.500000000 0.666666667 0.500000000 0.500000000 0.000000000 0.000000000 -0.723974951 -0.420788216 0.546623771 0.495266420 0.234520494 0.836487484 -0.480178553 0.876320384 0.038615310 59.382987976 3.156784534 7.116347313
0.000000000 0.500000000 0.666666667 0.500000000 0.500000000 0.000000000 0.000000000 -0.717319116 -0.418811192 0.556821758 0.508269707 0.232086816 0.829335647 -0.476566040 0.877913945 0.046388732 59.526760101 3.143877506 6.888790607
0.000000000 0.500000000 0.666666667 0.500000000 0.500000000 0.000000000 0.000000000 -0.710347239 -0.416999784 0.567025555 0.520869918 0.230390191 0.821957960 -0.473393418 0.879222122 0.053545607 59.670394897 3.131075382 6.661437035
0.000000000 0.500000000 0.666666667 0.500000000 0.500000000 0.000000000 0.000000000 -0.703064868 -0.415253289 0.577290652 0.533127875 0.229449359 0.814326507 -0.470610731 0.880294097 0.060065320 59.797065735 3.116377115 6.424646378
0.000000000 0.500000000 0.666666667 0.500000000 0.500000000 0.000000000 0.000000000 -0.695474283 -0.413470847 0.587671150 0.545100395 0.229279452 0.806409631 -0.468167792 0.881176935 0.065925160 59.922740936 3.101688385 6.187588215
0.000000000 0.500000000 0.666666667 0.500000000 0.500000000 0.000000000 0.000000000 -0.687584531 -0.411566410 0.598197796 0.556827735 0.229871473 0.798186682 -0.466015436 0.881913939 0.071115523 60.039798737 3.086137056 5.946777344
0.000000000 0.500000000 0.666666667 0.500000000 0.500000000 0.000000000 0.000000000 -0.679442585 -0.409520661 0.608810810 0.568292671 0.231132907 0.789696790 -0.464113364 0.882536349 0.075686051 60.144763947 3.069313049 5.700581074
0.000000000 0.500000000 0.666666667 0.500000000 0.500000000 0.000000000 0.000000000 -0.671107822 -0.407332813 0.619430602 0.579465566 0.232950768 0.780995261 -0.462421832 0.883070733 0.079700256 60.240783691 3.051556587 5.451357365
0.000000000 0.500000000 0.666666667 0.500000000 0.500000000 0.000000000 0.000000000 -0.662642979 -0.405005206 0.629980210 0.590318669 0.235211845 0.772139403 -0.460899286 0.883541833 0.083220657 60.325099945 3.032535076 5.198087215
0.000000000 0.500000000 0.666666667 0.500000000 0.500000000 0.000000000 0.000000000 -0.654113574 -0.402543027 0.640386246 0.600827275 0.237803082 0.763188234 -0.459501925 0.883973306 0.086308606 60.397445679 3.011888027 4.941592693
0.000000000 0.500000000 0.666666667 0.500000000 0.500000000 0.000000000 0.000000000 -0.645587880 -0.399957129 0.650577117 0.610967787 0.240612362 0.754204252 -0.458186264 0.884386785 0.089024497 60.471652985 2.990639210 4.685956955
0.000000000 0.500000000 0.666666667 0.500000000 0.500000000 0.000000000 0.000000000 -0.637136978 -0.397259310 0.660485815 0.620720980 0.243527824 0.745251410 -0.456904734 0.884804634 0.091426607 60.552757263 2.968757868 4.432807445
0.000000000 0.500000000 0.666666667 0.500000000 0.500000000 0.000000000 0.000000000 -0.628833796 -0.394466364 0.670048016 0.630070155 0.246438247 0.736396490 -0.455609104 0.885248258 0.093572785 60.648281097 2.946089745 4.185242653
0.000000000 0.500000000 0.666666667 0.500000000 0.500000000 0.000000000 0.000000000 -0.620753940 -0.391599019 0.679201556 0.638999899 0.249234206 0.727709722 -0.454250674 0.885738403 0.095518619 60.770759583 2.923348427 3.950461388
0.000000000 0.500000000 0.666666667 0.500000000 0.500000000 0.000000000 0.000000000 -0.612973856 -0.388680092 0.687888682 0.647499361 0.251806420 0.719262194 -0.452777682 0.886296402 0.097319359 60.923870087 2.903353214 3.734277248
0.000000000 0.500000000 0.666666667 0.500000000 0.500000000 0.000000000 0.000000000 -0.605571600 -0.385736407 0.696053491 0.655558820 0.254047016 0.711127799 -0.451138195 0.886942804 0.099029246 61.082683563 2.887086630 3.522136211
0.000000000 0.500000000 0.666666667 0.500000000 0.500000000 0.000000000 0.000000000 -0.598626676 -0.382795534 0.703643150 0.663170785 0.255849203 0.703381614 -0.449277880 0.887698578 0.100700657 61.239715576 2.873200893 3.308862209
0.000000000 0.500000000 0.666666667 0.500000000 0.500000000 0.000000000 0.000000000 -0.592218911 -0.383256183 0.708795781 0.670328659 0.253800929 0.697312396 -0.447142315 0.888087713 0.106601893 61.395618439 2.860827684 3.094636202
0.000000000 0.500000000 0.666666667 0.500000000 0.500000000 0.000000000 0.000000000 -0.586428541 -0.383263643 0.713589900 0.677027346 0.251712365 0.691574189 -0.444674644 0.888678719 0.111868652 61.550304413 2.849856138 2.879862070
0.000000000 0.500000000 0.666666667 0.500000000 0.500000000 0.000000000 0.000000000 -0.581336384 -0.382540823 0.718129882 0.683260216 0.249734503 0.686140040 -0.441818385 0.889547748 0.116195172 61.703823090 2.840137243 2.664647102
0.000000000 0.500000000 0.666666667 0.500000000 0.500000000 0.000000000 0.000000000 -0.577021982 -0.380948306 0.722443092 0.689021127 0.247876101 0.681034012 -0.438515130 0.890750148 0.119451472 61.856254578 2.831528664 2.449077129
0.000000000 0.500000000 0.666666667 0.500000000 0.500000000 0.000000000 0.000000000 -0.573565160 -0.378344162 0.726552615 0.694300813 0.246146672 0.676282631 -0.434706093 0.892338227 0.121503504 62.007663727 2.823907614 2.233234882
0.000000000 0.500000000 0.666666667 0.500000000 0.500000000 0.000000000 0.000000000 -0.571044309 -0.374584786 0.730475622 0.699087276 0.244556828 0.671914384 -0.430331706 0.894359098 0.122214673 62.154960632 2.817636728 2.015041351
0.000000000 0.500000000 0.666666667 0.500000000 0.500000000 0.000000000 0.000000000 -0.569537513 -0.369526306 0.734218858 0.703363393 0.243118238 0.667962170 -0.425331588 0.896852179 0.121446320 62.294330597 2.813261986 1.792208195
0.000000000 0.500000000 0.666666667 0.500000000 0.500000000 0.000000000 0.000000000 -0.569119751 -0.363028042 0.737775948 0.707106774 0.241844732 0.664463043 -0.419645944 0.899845412 0.119060973 62.421123505 2.811506271 1.562541485
0.000000000 0.500000000 0.666666667 0.500000000 0.500000000 0.000000000 0.000000000 -0.572432275 -0.362274965 0.735580138 0.707106821 0.236066771 0.666537638 -0.415115928 0.901681390 0.121034860 62.529132843 2.812898874 1.323478937
0.000000000 0.500000000 0.666666667 0.500000000 0.500000000 0.000000000 0.000000000 -0.576427499 -0.361528387 0.732822328 0.707106839 0.228789579 0.669070435 -0.409550067 0.903854277 0.123758590 62.605426788 2.819620371 1.073369145
0.000000000 0.500000000 0.666666667 0.500000000 0.500000000 0.000000000 0.000000000 -0.581014734 -0.360740305 0.729580915 0.707106775 0.220141315 0.671965632 -0.403015989 0.906313540 0.127176566 62.629463196 2.834333658 0.814644754
0.000000000 0.500000000 0.666666667 0.500000000 0.500000000 0.000000000 0.000000000 -0.586096728 -0.359867405 0.725938066 0.707106781 0.210257636 0.675123490 -0.395588960 0.909003398 0.131233370 62.575790405 2.859364748 0.563055396
0.000000000 0.500000000 0.666666667 0.500000000 0.500000000 0.000000000 0.000000000 -0.591575018 -0.358867560 0.721978581 0.707106766 0.199281528 0.678444467 -0.387348706 0.911866737 0.135867706 62.436721802 2.893453360 0.348649889
0.000000000 0.500000000 0.666666667 0.500000000 0.500000000 0.000000000 0.000000000 -0.597350050 -0.357706003 0.717787806 0.707106814 0.187362336 0.681832317 -0.378381913 0.914845217 0.141015451 62.243198395 2.931100607 0.179694816
0.000000000 0.500000000 0.666666667 0.500000000 0.500000000 0.000000000 0.000000000 -0.603325250 -0.356352782 0.713450305 0.707106798 0.174655338 0.685197409 -0.368779907 0.917882459 0.146605499 62.025005341 2.968670845 0.042742919
0.000000000 0.500000000 0.666666667 0.500000000 0.500000000 0.000000000 0.000000000 -0.609407958 -0.354785559 0.709048058 0.707106802 0.161320031 0.688459017 -0.358638972 0.920925108 0.152561571 61.794734955 3.005204678 -0.073693849
0.000000000 0.500000000 0.666666667 0.500000000 0.500000000 0.000000000 0.000000000 -0.615512285 -0.352987800 0.704658953 0.707106796 0.147518806 0.691547671 -0.348058338 0.923925222 0.158800435 61.556266785 3.039967299 -0.172717288
0.000000000 0.500000000 0.666666667 0.500000000 0.500000000 0.000000000 0.000000000 -0.621559984 -0.350949787 0.700355220 0.707106814 0.133414904 0.694406522 -0.337139645 0.926841254 0.165233620 61.313789368 3.072718859 -0.261342764
0.000000000 0.500000000 0.666666667 0.500000000 0.500000000 0.000000000 0.000000000 -0.627482513 -0.348665670 0.696202518 0.707106788 0.119170597 0.696992367 -0.325984181 0.929640048 0.171766396 61.074192047 3.103504896 -0.343143314
0.000000000 0.500000000 0.666666667 0.500000000 0.500000000 0.000000000 0.000000000 -0.633220498 -0.346135148 0.692258810 0.707106756 0.104945351 0.699275703 -0.314693242 0.932296591 0.178300954 60.837104797 3.131293774 -0.416887194
0.000000000 0.500000000 0.666666667 0.500000000 0.500000000 0.000000000 0.000000000 -0.638724888 -0.343359708 0.688574345 0.707106822 0.090894341 0.701240445 -0.303365225 0.934795341 0.184735514 60.604148865 3.156624794 -0.486973852
0.000000000 0.500000000 0.666666667 0.500000000 0.500000000 0.000000000 0.000000000 -0.643956560 -0.340343365 0.685190735 0.707106826 0.077166747 0.702883511 -0.292095680 0.937129493 0.190967083 60.375480652 3.179871798 -0.553808570
0.000000000 0.500000000 0.666666667 0.500000000 0.500000000 0.000000000 0.000000000 -0.648885645 -0.337090266 0.682141901 0.707106826 0.063905100 0.704213089 -0.280975724 0.939300959 0.196891726 60.151443481 3.199454308 -0.618918419
0.000000000 0.500000000 0.666666667 0.500000000 0.500000000 0.000000000 0.000000000 -0.653491033 -0.333603810 0.679454169 0.707106785 0.051244583 0.705247466 -0.270091587 0.941319547 0.202405642 59.932327271 3.217799664 -0.682498753
0.000000000 0.500000000 0.666666667 0.500000000 0.500000000 0.000000000 0.000000000 -0.657758844 -0.329886799 0.677146958 0.707106807 0.039313018 0.706013067 -0.259525081 0.943201562 0.207406716 59.718750000 3.230952740 -0.747574449
0.000000000 0.500000000 0.666666667 0.500000000 0.500000000 0.000000000 0.000000000 -0.661682280 -0.325938674 0.675233693 0.707106761 0.028231181 0.706543012 -0.249352337 0.944969302 0.211793369 59.510272980 3.243030310 -0.811550260
0.000000000 0.500000000 0.666666667 0.500000000 0.500000000 0.000000000 0.000000000 -0.665259004 -0.321758494 0.673722442 0.707106790 0.018113617 0.706874730 -0.239646499 0.946648492 0.215467369 59.307182312 3.251299858 -0.875814199
0.000000000 0.500000000 0.666666667 0.500000000 0.500000000 0.000000000 0.000000000 -0.668491197 -0.317341659 0.672617121 0.707106835 0.009069940 0.707048556 -0.230476558 0.948267899 0.218331281 59.109218597 3.258107901 -0.938992918
0.000000000 0.500000000 0.666666667 0.500000000 0.500000000 0.000000000 0.000000000 -0.671385978 -0.312700548 0.671907164 0.707106764 0.001176522 0.707105819 -0.221902891 0.949851032 0.220322772 58.916461945 3.262387037 -1.001491666
0.000000000 0.500000000 0.666666667 0.500000000 0.500000000 0.000000000 0.000000000 -0.673959621 -0.307918520 0.671538989 0.707106768 -0.005607187 0.707084563 -0.213958987 0.951396208 0.221510287 58.728805542 3.264957190 -1.062698960
0.000000000 0.500000000 0.666666667 0.500000000 0.500000000 0.000000000 0.000000000 -0.676228219 -0.303097008 0.671451859 0.707106800 -0.011344658 0.707015751 -0.206676967 0.952892178 0.221993534 58.546237946 3.266002655 -1.122575641
0.000000000 0.500000000 0.666666667 0.500000000 0.500000000 0.000000000 0.000000000 -0.678204787 -0.298338795 0.671589331 0.707106795 -0.016091909 0.706923638 -0.200095593 0.954324375 0.221870999 58.368675232 3.265288115 -1.180706739
0.000000000 0.500000000 0.666666667 0.500000000 0.500000000 0.000000000 0.000000000 -0.679899626 -0.293748749 0.671898929 0.707106807 -0.019899872 0.706826682 -0.194258751 0.955675503 0.221241656 58.196147919 3.263821363 -1.237147212
0.000000000 0.500000000 0.666666667 0.500000000 0.500000000 0.000000000 0.000000000 -0.681320552 -0.289432110 0.672332774 0.707106772 -0.022812910 0.706738695 -0.189215005 0.956926656 0.220202309 58.028442383 3.260751963 -1.291169405
0.000000000 0.500000000 0.666666667 0.500000000 0.500000000 0.000000000 0.000000000 -0.682473083 -0.285493795 0.672847519 0.707106751 -0.024871514 0.706669265 -0.185014954 0.958057775 0.218848729 57.865776062 3.257479191 -1.343399644
0.000000000 0.500000000 0.666666667 0.500000000 0.500000000 0.000000000 0.000000000 -0.683359906 -0.282040320 0.673403665 0.707106810 -0.026113196 0.706624412 -0.181711854 0.959047110 0.217277342 57.707695007 3.252949238 -1.392342448
0.000000000 0.500000000 0.666666667 0.500000000 0.500000000 0.000000000 0.000000000 -0.683981177 -0.279177401 0.673965673 0.707106813 -0.026573502 0.706607248 -0.179359147 0.959871777 0.215584017 57.554679871 3.248521090 -1.439505577
0.000000000 0.500000000 0.666666667 0.500000000 0.500000000 0.000000000 0.000000000 -0.684333572 -0.277010209 0.674501969 0.707106793 -0.026286714 0.706617996 -0.178009958 0.960507341 0.213864681 57.406066895 3.243426323 -1.482590318
0.000000000 0.500000000 0.666666667 0.500000000 0.500000000 0.000000000 0.000000000 -0.684410255 -0.275642137 0.674984455 0.707106802 -0.025287802 0.706654440 -0.177714867 0.960927645 0.212215661 57.262508392 3.238554001 -1.523759723
0.000000000 0.500000000 0.666666667 0.500000000 0.500000000 0.000000000 0.000000000 -0.684200201 -0.275176882 0.675387125 0.707106808 -0.023614690 0.706712323 -0.178521836 0.961103548 0.210736622 57.123306274 3.233657122 -1.560396671
0.000000000 0.500000000 0.666666667 0.500000000 0.500000000 0.000000000 0.000000000 -0.683688334 -0.275714203 0.675686274 0.707106772 -0.021309398 0.706785627 -0.180472368 0.961003428 0.209528367 56.980754852 3.228657246 -1.596944571
0.000000000 0.500000000 0.666666667 0.500000000 0.500000000 0.000000000 0.000000000 -0.682854802 -0.277350190 0.675859595 0.707106738 -0.018418797 0.706866897 -0.183601148 0.960592328 0.208693552 56.834308624 3.223393440 -1.631065607
0.000000000 0.500000000 0.666666667 0.500000000 0.500000000 0.000000000 0.000000000 -0.681674664 -0.280179589 0.675883903 0.707106821 -0.014998462 0.706947657 -0.187935085 0.959830425 0.208340970 56.684307098 3.217979670 -1.663803697
0.000000000 0.500000000 0.666666667 0.500000000 0.500000000 0.000000000 0.000000000 -0.680118701 -0.284290536 0.675734743 0.707106775 -0.011111580 0.707019477 -0.193490466 0.958673784 0.208580958 56.530658722 3.212389946 -1.694741130
0.000000000 0.500000000 0.666666667 0.500000000 0.500000000 0.000000000 0.000000000 -0.678152494 -0.289768702 0.675383812 0.707106823 -0.006833422 0.707073719 -0.200272652 0.957072309 0.209531528 56.373222351 3.206650972 -1.722645283
0.000000000 0.500000000 0.666666667 0.500000000 0.500000000 0.000000000 0.000000000 -0.675737927 -0.296693930 0.674796981 0.707106791 -0.002250736 0.707103190 -0.208274434 0.954969971 0.211315200 56.212406158 3.200800180 -1.749580026
0.000000000 0.500000000 0.666666667 0.500000000 0.500000000 0.000000000 0.000000000 -0.672832789 -0.305141792 0.673932136 0.707106836 0.002537228 0.707102174 -0.217476344 0.952303549 0.214060717 56.047870636 3.194865704 -1.773033381
0.000000000 0.500000000 0.666666667 0.500000000 0.500000000 0.000000000 0.000000000 -0.669392404 -0.315182364 0.672736120 0.707106813 0.007418378 0.707067834 -0.227845922 0.949002131 0.217901791 55.880012512 3.188866615 -1.795318603
0.000000000 0.500000000 0.666666667 0.500000000 0.500000000 0.000000000 0.000000000 -0.671758651 -0.326959945 0.664708590 0.700257019 0.012399292 0.713783136 -0.241620411 0.944956852 0.220626665 55.708763123 3.182825327 -1.815817833
0.000000000 0.500000000 0.666666667 0.500000000 0.500000000 0.000000000 0.000000000 -0.674499612 -0.340373687 0.655130541 0.692089946 0.017417656 0.721601089 -0.257024862 0.940128916 0.223821005 55.534172058 3.176807880 -1.834544659
0.000000000 0.500000000 0.666666667 0.500000000 0.500000000 0.000000000 0.000000000 -0.677463961 -0.355301682 0.644052246 0.682628753 0.022439356 0.730420743 -0.273971836 0.934482311 0.227337289 55.356342316 3.170731783 -1.852702618
0.000000000 0.500000000 0.666666667 0.500000000 0.500000000 0.000000000 0.000000000 -0.680495224 -0.371618851 0.631526467 0.671897432 0.027427554 0.740136184 -0.292369785 0.927980150 0.231025432 55.175163269 3.164762497 -1.869152784
