0.000000000 0.500000000 0.666666667 0.500000000 0.500000000 0.000000000 0.000000000 -0.753328596 0.657644301 -0.000000000 -0.000000000 -0.000000000 1.000000000 0.657644301 0.753328596 0.000000000 18.638689041 -0.907383382 14.049449921
0.000000000 0.500000000 0.666666667 0.500000000 0.500000000 0.000000000 0.000000000 -0.755561874 0.655076187 -0.001201103 0.000269512 0.002144381 0.999997664 0.655077233 0.755559786 -0.001796764 18.550371170 -0.824409783 13.974174500
0.000000000 0.500000000 0.666666667 0.500000000 0.500000000 0.000000000 0.000000000 -0.757685588 0.652616107 -0.002183200 0.000700411 0.004158451 0.999991108 0.652619383 0.757677322 -0.003607898 18.465890884 -0.746629000 13.902232170
0.000000000 0.500000000 0.666666667 0.500000000 0.500000000 0.000000000 0.000000000 -0.759718836 0.650244864 -0.002984624 0.001263403 0.006066018 0.999980803 0.650250486 0.759700481 -0.005429990 18.384916306 -0.674688101 13.833372116
0.000000000 0.500000000 0.666666667 0.500000000 0.500000000 0.000000000 0.000000000 -0.761679881 0.647943274 -0.003643002 0.001929725 0.007890683 0.999967006 0.647950642 0.761647721 -0.007260527 18.307325363 -0.608894050 13.767514229
0.000000000 0.500000000 0.666666667 0.500000000 0.500000000 0.000000000 0.000000000 -0.763587382 0.645690872 -0.004196075 0.002670082 0.009655868 0.999949816 0.645698986 0.763537859 -0.009097146 18.233196259 -0.549191296 13.704713821
0.000000000 0.500000000 0.666666667 0.500000000 0.500000000 0.000000000 0.000000000 -0.765459374 0.643467199 -0.004680892 0.003455711 0.011384834 0.999929219 0.643474946 0.765389018 -0.010938265 18.162200928 -0.496403188 13.644737244
0.000000000 0.500000000 0.666666667 0.500000000 0.500000000 0.000000000 0.000000000 -0.767313614 0.641251464 -0.005135865 0.004255719 0.013100709 0.999905126 0.641257910 0.767218959 -0.012781339 18.094522476 -0.450476050 13.587733269
0.000000000 0.500000000 0.666666667 0.500000000 0.500000000 0.000000000 0.000000000 -0.769167602 0.639022585 -0.005597921 0.005040810 0.014826490 0.999877375 0.639027222 0.769045065 -0.014625247 18.030981064 -0.409588605 13.534297943
0.000000000 0.500000000 0.666666667 0.500000000 0.500000000 0.000000000 0.000000000 -0.771039025 0.636758637 -0.006104110 0.005781158 0.016585039 0.999845745 0.636761651 0.770884800 -0.016468915 17.970731735 -0.376185894 13.483840942
0.000000000 0.500000000 0.666666667 0.500000000 0.500000000 0.000000000 0.000000000 -0.772944493 0.634438352 -0.006692455 0.006445338 0.018399063 0.999809948 0.634440911 0.772754458 -0.018310624 17.915151596 -0.346810281 13.437347412
0.000000000 0.500000000 0.666666667 0.500000000 0.500000000 0.000000000 0.000000000 -0.774901279 0.632038967 -0.007399458 0.007003524 0.020291143 0.999769584 0.632043478 0.774670907 -0.020150133 17.863519669 -0.323752433 13.394322395
0.000000000 0.500000000 0.666666667 0.500000000 0.500000000 0.000000000 0.000000000 -0.776926132 0.629537547 -0.008262123 0.007424825 0.022283634 0.999724118 0.629547979 0.776650447 -0.021986943 17.817111969 -0.302969962 13.355643272
0.000000000 0.500000000 0.666666667 0.500000000 0.500000000 0.000000000 0.000000000 -0.779034933 0.626911283 -0.009317578 0.007677818 0.024398697 0.999672824 0.626933509 0.778708512 -0.023820747 17.774887085 -0.288646847 13.320631027
0.000000000 0.500000000 0.666666667 0.500000000 0.500000000 0.000000000 0.000000000 -0.781243064 0.624136891 -0.010602611 0.007731080 0.026658219 0.999614711 0.624179065 0.780860090 -0.025651801 17.737974167 -0.276256084 13.290019989
0.000000000 0.500000000 0.666666667 0.500000000 0.500000000 0.000000000 0.000000000 -0.783566891 0.621188545 -0.012153986 0.007552653 0.029083773 0.999548444 0.621261527 0.783121272 -0.027480703 17.706420898 -0.265581042 13.263851166
0.000000000 0.500000000 0.666666667 0.500000000 0.500000000 0.000000000 0.000000000 -0.786019652 0.618042780 -0.014008149 0.007110579 0.031696529 0.999472246 0.618160615 0.785505221 -0.029308737 17.680118561 -0.258153677 13.241748810
0.000000000 0.500000000 0.666666667 0.500000000 0.500000000 0.000000000 0.000000000 -0.788615483 0.614673181 -0.016201873 0.006371837 0.034517235 0.999383790 0.614853657 0.788026295 -0.031137423 17.659162521 -0.252816170 13.223996162
0.000000000 0.500000000 0.666666667 0.500000000 0.500000000 0.000000000 0.000000000 -0.791367263 0.611052784 -0.018770997 0.005303925 0.037566044 0.999280071 0.611318022 0.790697975 -0.032969515 17.643611908 -0.248703614 13.210806847
0.000000000 0.500000000 0.666666667 0.500000000 0.500000000 0.000000000 0.000000000 -0.794285769 0.607154810 -0.021752127 0.003872758 0.040862514 0.999157273 0.607531991 0.793532162 -0.034807877 17.633474350 -0.245814204 13.202182770
0.000000000 0.500000000 0.666666667 0.500000000 0.500000000 0.000000000 0.000000000 -0.797381783 0.602949602 -0.025180734 0.002044774 0.044425414 0.999010611 0.603471715 0.796541374 -0.036656912 17.617410660 -0.241501465 13.188539505
0.000000000 0.500000000 0.666666667 0.500000000 0.500000000 0.000000000 0.000000000 -0.800656164 0.598417718 -0.029085081 -0.000208139 0.048268174 0.998834391 0.599124081 0.799728965 -0.038521657 17.595422745 -0.235762939 13.169878960
0.000000000 0.500000000 0.666666667 0.500000000 0.500000000 0.000000000 0.000000000 -0.804079992 0.593578891 -0.033458429 -0.002882001 0.052385605 0.998622773 0.594514138 0.803069019 -0.040411522 17.567590714 -0.229250476 13.145957947
0.000000000 0.500000000 0.666666667 0.500000000 0.500000000 0.000000000 0.000000000 -0.807617175 0.588462963 -0.038286286 -0.005965795 0.056767863 0.998369580 0.589676952 0.806528828 -0.042336052 17.534057617 -0.223201290 13.116316795
0.000000000 0.500000000 0.666666667 0.500000000 0.500000000 0.000000000 0.000000000 -0.811231079 0.583101322 -0.043554389 -0.009448387 0.061405153 0.998068202 0.584649352 0.810075463 -0.044304401 17.494642258 -0.216168821 13.081482887
0.000000000 0.500000000 0.666666667 0.500000000 0.500000000 0.000000000 0.000000000 -0.814887088 0.577523744 -0.049247941 -0.013317785 0.066287758 0.997711667 0.579466713 0.813678228 -0.046325701 17.449361801 -0.208190918 13.041434288
0.000000000 0.500000000 0.666666667 0.500000000 0.500000000 0.000000000 0.000000000 -0.818549900 0.571762350 -0.055352298 -0.017561604 0.071406230 0.997292705 0.574166920 0.817305919 -0.048408498 17.399290085 -0.202164918 12.994541168
0.000000000 0.500000000 0.666666667 0.500000000 0.500000000 0.000000000 0.000000000 -0.822185390 0.565849262 -0.061853037 -0.022167294 0.076751392 0.996803810 0.568788006 0.820928643 -0.050560526 17.343450546 -0.195497438 12.942256927
0.000000000 0.500000000 0.666666667 0.500000000 0.500000000 0.000000000 0.000000000 -0.825760249 0.559817362 -0.068735238 -0.027121079 0.082314523 0.996237304 0.563368848 0.824517338 -0.052789210 17.283037186 -0.189769283 12.883201599
0.000000000 0.500000000 0.666666667 0.500000000 0.500000000 0.000000000 0.000000000 -0.829242228 0.553699979 -0.075984615 -0.032409353 0.088087356 0.995585381 0.557948888 0.828044052 -0.055100697 17.217802048 -0.184666127 12.817645073
0.000000000 0.500000000 0.666666667 0.500000000 0.500000000 0.000000000 0.000000000 -0.832599999 0.547531330 -0.083586392 -0.038017169 0.094062210 0.994840186 0.552568491 0.831481656 -0.057500605 17.148479462 -0.180206299 12.744973183
0.000000000 0.500000000 0.666666667 0.500000000 0.500000000 0.000000000 0.000000000 -0.835803511 0.541346043 -0.091525693 -0.043928664 0.100232090 0.993993863 0.547268456 0.834804163 -0.059993724 17.075120926 -0.176428825 12.665126801
0.000000000 0.500000000 0.666666667 0.500000000 0.500000000 0.000000000 0.000000000 -0.838823597 0.535179675 -0.099788218 -0.050127817 0.106590660 0.993038586 0.542090560 0.837986364 -0.062583372 16.998725891 -0.173137203 12.577343941
0.000000000 0.500000000 0.666666667 0.500000000 0.500000000 0.000000000 0.000000000 -0.841632231 0.529068399 -0.108359665 -0.056597611 0.113132435 0.991966614 0.537077181 0.841003972 -0.065271896 16.918569565 -0.170108646 12.482260704
0.000000000 0.500000000 0.666666667 0.500000000 0.500000000 0.000000000 0.000000000 -0.844202304 0.523049400 -0.117225398 -0.063319618 0.119852705 0.990770385 0.532271637 0.843833309 -0.068060642 16.837043762 -0.167125851 12.378044128
0.000000000 0.500000000 0.666666667 0.500000000 0.500000000 0.000000000 0.000000000 -0.846508643 0.517158959 -0.126371390 -0.070275144 0.126747693 0.989442483 0.527716326 0.846452381 -0.070949597 16.751869202 -0.163979486 12.266575813
0.000000000 0.500000000 0.666666667 0.500000000 0.500000000 0.000000000 0.000000000 -0.848525785 0.511435975 -0.135783778 -0.077444290 0.133814599 0.987975726 0.523456181 0.848838557 -0.073937342 16.666639328 -0.160070181 12.145253181
0.000000000 0.500000000 0.666666667 0.500000000 0.500000000 0.000000000 0.000000000 -0.850231057 0.505916793 -0.145448784 -0.084806367 0.141051495 0.986363197 0.519533474 0.850971606 -0.077021396 16.578281403 -0.155771479 12.016419411
0.000000000 0.500000000 0.666666667 0.500000000 0.500000000 0.000000000 0.000000000 -0.851600924 0.500640926 -0.155352917 -0.092339392 0.148457512 0.984598296 0.515993510 0.852830012 -0.080197675 16.487855911 -0.150934443 11.879350662
0.000000000 0.500000000 0.666666667 0.500000000 0.500000000 0.000000000 0.000000000 -0.852613828 0.495645977 -0.165483307 -0.100020960 0.156032754 0.982674711 0.512879584 0.854393846 -0.083460697 16.395023346 -0.145545036 11.734336853
0.000000000 0.500000000 0.666666667 0.500000000 0.500000000 0.000000000 0.000000000 -0.853248411 0.490970510 -0.175826924 -0.107826938 0.163778378 0.980586556 0.510235730 0.855642800 -0.086803794 16.298883438 -0.139736325 11.581965446
0.000000000 0.500000000 0.666666667 0.500000000 0.500000000 0.000000000 0.000000000 -0.853494626 0.486634390 -0.186370314 -0.115735091 0.171693803 0.978328486 0.508086914 0.856567690 -0.090219063 16.199874878 -0.133335575 11.421976089
0.000000000 0.500000000 0.666666667 0.500000000 0.500000000 0.000000000 0.000000000 -0.853384702 0.482584540 -0.197095694 -0.123733163 0.179767442 0.975896394 0.506383901 0.857202326 -0.093699074 16.096977234 -0.126427606 11.255022049
0.000000000 0.500000000 0.666666667 0.500000000 0.500000000 0.000000000 0.000000000 -0.852961375 0.478748071 -0.207983599 -0.131812276 0.187983945 0.973286988 0.505056846 0.857590998 -0.097238171 15.989779472 -0.119022213 11.081369400
0.000000000 0.500000000 0.666666667 0.500000000 0.500000000 0.000000000 0.000000000 -0.852266112 0.475052865 -0.219014268 -0.139964740 0.196326830 0.970497629 0.504036056 0.857776516 -0.100832054 15.877619743 -0.111068115 10.901442528
0.000000000 0.500000000 0.666666667 0.500000000 0.500000000 0.000000000 0.000000000 -0.851340246 0.471426585 -0.230166809 -0.148183491 0.204778261 0.967526494 0.503250870 0.857801165 -0.104478338 15.758739471 -0.102483518 10.716380119
0.000000000 0.500000000 0.666666667 0.500000000 0.500000000 0.000000000 0.000000000 -0.850224547 0.467797437 -0.241420335 -0.156463369 0.213319079 0.964372431 0.502630515 0.857706552 -0.108175954 15.630659103 -0.093228757 10.527918816
0.000000000 0.500000000 0.666666667 0.500000000 0.500000000 0.000000000 0.000000000 -0.848959595 0.464094131 -0.252753324 -0.164800364 0.221929011 0.961035043 0.502104019 0.857533761 -0.111925881 15.487935066 -0.083217770 10.340291977
0.000000000 0.500000000 0.666666667 0.500000000 0.500000000 0.000000000 0.000000000 -0.847586212 0.460245371 -0.264143545 -0.173191908 0.230586287 0.957514766 0.501599618 0.857323838 -0.115730984 15.336225510 -0.073510744 10.149583817
0.000000000 0.500000000 0.666666667 0.500000000 0.500000000 0.000000000 0.000000000 -0.846144795 0.456181107 -0.275568110 -0.181636676 0.239267875 0.953812876 0.501046010 0.857117076 -0.119596048 15.193001747 -0.066647336 9.942902565
0.000000000 0.500000000 0.666666667 0.500000000 0.500000000 0.000000000 0.000000000 -0.844675595 0.451831599 -0.287004087 -0.190135480 0.247949418 0.949931358 0.500371501 0.856953495 -0.123527604 15.079826355 -0.064656980 9.709678650
0.000000000 0.500000000 0.666666667 0.500000000 0.500000000 0.000000000 0.000000000 -0.843218429 0.447128360 -0.298427396 -0.198689914 0.256605224 0.945873182 0.499504754 0.856872212 -0.127534358 15.006388664 -0.067587890 9.452521324
0.000000000 0.500000000 0.666666667 0.500000000 0.500000000 0.000000000 0.000000000 -0.841813248 0.442002234 -0.309813621 -0.207303663 0.265208114 0.941642102 0.498372999 0.856912295 -0.131627022 14.960096359 -0.072957762 9.192552566
0.000000000 0.500000000 0.666666667 0.500000000 0.500000000 0.000000000 0.000000000 -0.840498529 0.436386042 -0.321137734 -0.215981575 0.273729704 0.937242769 0.496904600 0.857111003 -0.135818069 14.927995682 -0.079484865 8.933837891
0.000000000 0.500000000 0.666666667 0.500000000 0.500000000 0.000000000 0.000000000 -0.839312405 0.430211809 -0.332374017 -0.224730133 0.282140189 0.932680696 0.495026317 0.857504935 -0.140122203 14.901583672 -0.086467281 8.677971840
0.000000000 0.500000000 0.666666667 0.500000000 0.500000000 0.000000000 0.000000000 -0.838290795 0.423413147 -0.343496508 -0.233557549 0.290408202 0.927962255 0.492665622 0.858128419 -0.144555186 14.877277374 -0.093609005 8.425423622
0.000000000 0.500000000 0.666666667 0.500000000 0.500000000 0.000000000 0.000000000 -0.837469095 0.415922082 -0.354477556 -0.242472469 0.298501148 0.923094885 0.489747503 0.859014486 -0.149135832 14.852550507 -0.100757442 8.176454544
0.000000000 0.500000000 0.666666667 0.500000000 0.500000000 0.000000000 0.000000000 -0.836879171 0.407672341 -0.365289633 -0.251485462 0.306384885 0.918086796 0.486197815 0.860192749 -0.153883462 14.824975014 -0.107723996 7.931346893
0.000000000 0.500000000 0.666666667 0.500000000 0.500000000 0.000000000 0.000000000 -0.836550610 0.398596808 -0.375903793 -0.260607680 0.314023682 0.912947295 0.481940571 0.861690032 -0.158819313 14.794699669 -0.114483640 7.690139771
0.000000000 0.500000000 0.666666667 0.500000000 0.500000000 0.000000000 0.000000000 -0.836509673 0.388627332 -0.386290517 -0.269851575 0.321380445 0.907686475 0.476897991 0.863529621 -0.163966154 14.759516716 -0.120921016 7.453164577
0.000000000 0.500000000 0.666666667 0.500000000 0.500000000 0.000000000 0.000000000 -0.836778495 0.377695854 -0.396418457 -0.279229541 0.328415998 0.902315796 0.470991098 0.865730197 -0.169347605 14.716697693 -0.126857296 7.221128941
0.000000000 0.500000000 0.666666667 0.500000000 0.500000000 0.000000000 0.000000000 -0.837358791 0.369213735 -0.403127119 -0.288742082 0.327452439 0.899668222 0.464174823 0.869744858 -0.167587636 14.668375015 -0.133370355 6.993953228
0.000000000 0.500000000 0.666666667 0.500000000 0.500000000 0.000000000 0.000000000 -0.838188587 0.359876003 -0.409791600 -0.298336611 0.326444737 0.896899716 0.456546996 0.874026942 -0.166258065 14.606166840 -0.139411002 6.761547089
0.000000000 0.500000000 0.666666667 0.500000000 0.500000000 0.000000000 0.000000000 -0.839196792 0.349820458 -0.416382505 -0.307944582 0.325399365 0.894027621 0.448239755 0.878487849 -0.165348788 14.525558472 -0.144639283 6.526337147
0.000000000 0.500000000 0.666666667 0.500000000 0.500000000 0.000000000 0.000000000 -0.840320276 0.339186996 -0.422864064 -0.317493626 0.324324181 0.891073298 0.439385516 0.883043605 -0.164846476 14.428137779 -0.149136961 6.288677692
0.000000000 0.500000000 0.666666667 0.500000000 0.500000000 0.000000000 0.000000000 -0.841503910 0.328120081 -0.429195040 -0.326907936 0.323228170 0.888062358 0.430119020 0.887615211 -0.164732711 14.311860085 -0.152757570 6.050319672
0.000000000 0.500000000 0.666666667 0.500000000 0.500000000 0.000000000 0.000000000 -0.842703631 0.316763808 -0.435328933 -0.336108635 0.322122467 0.885024351 0.420572914 0.892131048 -0.164986722 14.175720215 -0.155420527 5.813026428
0.000000000 0.500000000 0.666666667 0.500000000 0.500000000 0.000000000 0.000000000 -0.843883816 0.305267992 -0.441216000 -0.345014936 0.321019081 0.881992882 0.410882951 0.896525629 -0.165580790 14.019729614 -0.157127678 5.578219891
0.000000000 0.500000000 0.666666667 0.500000000 0.500000000 0.000000000 0.000000000 -0.845019714 0.293784419 -0.446802415 -0.353543065 0.319931828 0.879005646 0.401184477 0.900740995 -0.166483258 13.844761848 -0.157969967 5.346691132
0.000000000 0.500000000 0.666666667 0.500000000 0.500000000 0.000000000 0.000000000 -0.846095107 0.282469320 -0.452033353 -0.361608843 0.318875533 0.876103555 0.391614752 0.904726189 -0.167655625 13.652420044 -0.158131093 5.118392944
0.000000000 0.500000000 0.666666667 0.500000000 0.500000000 0.000000000 0.000000000 -0.847102940 0.271481983 -0.456852429 -0.369126665 0.317866294 0.873330707 0.382311541 0.908437423 -0.169054234 13.451435089 -0.157921746 4.898977756
0.000000000 0.500000000 0.666666667 0.500000000 0.500000000 0.000000000 0.000000000 -0.848043026 0.260986410 -0.461203990 -0.376011187 0.316920960 0.870733422 0.373414801 0.911837266 -0.170628800 13.245134354 -0.157754511 4.685843468
0.000000000 0.500000000 0.666666667 0.500000000 0.500000000 0.000000000 0.000000000 -0.848921680 0.251149196 -0.465033399 -0.382177510 0.316056907 0.868359593 0.365064832 0.914894591 -0.172323986 13.035727501 -0.157971188 4.477052212
0.000000000 0.500000000 0.666666667 0.500000000 0.500000000 0.000000000 0.000000000 -0.849748646 0.242142277 -0.468288753 -0.387541899 0.315291915 0.866257632 0.357405253 0.917582763 -0.174078600 12.822968483 -0.158643186 4.272967815
0.000000000 0.500000000 0.666666667 0.500000000 0.500000000 0.000000000 0.000000000 -0.850536341 0.234139372 -0.470921104 -0.392022499 0.314643318 0.864475530 0.350579937 0.919879523 -0.175827675 12.606081009 -0.159935907 4.074573517
0.000000000 0.500000000 0.666666667 0.500000000 0.500000000 0.000000000 0.000000000 -0.851295777 0.227319178 -0.472886342 -0.395540233 0.314127880 0.863059441 0.344736747 0.921764431 -0.177501857 12.386079788 -0.161783442 3.880933523
0.000000000 0.500000000 0.666666667 0.500000000 0.500000000 0.000000000 0.000000000 -0.852034650 0.221862261 -0.474145644 -0.398019692 0.313761259 0.862052317 0.340025410 0.923217748 -0.179029916 12.163455963 -0.164181516 3.691596270
0.000000000 0.500000000 0.666666667 0.500000000 0.500000000 0.000000000 0.000000000 -0.852754089 0.217951965 -0.474665572 -0.399388874 0.313557778 0.861492918 0.336599156 0.924217756 -0.180340087 11.938892365 -0.167099610 3.505834580
0.000000000 0.500000000 0.666666667 0.500000000 0.500000000 0.000000000 0.000000000 -0.853444450 0.215773457 -0.474420051 -0.399581756 0.313528950 0.861413964 0.334614690 0.924738565 -0.181360405 11.712748528 -0.170358881 3.323259831
0.000000000 0.500000000 0.666666667 0.500000000 0.500000000 0.000000000 0.000000000 -0.854081782 0.215512784 -0.473390483 -0.398538206 0.313684314 0.861840733 0.334232865 0.924746663 -0.182021979 11.483707428 -0.173852533 3.145586252
0.000000000 0.500000000 0.666666667 0.500000000 0.500000000 0.000000000 0.000000000 -0.854623346 0.217355637 -0.471567030 -0.396206156 0.314029726 0.862789669 0.335618263 0.924197954 -0.182259494 11.249936104 -0.177507326 2.975456238
