0.000000000 0.500000000 0.666666667 0.500000000 0.500000000 0.000000000 0.000000000 0.804604308 -0.502447616 0.316477962 -0.392387085 -0.049851373 0.918448266 -0.445695280 -0.863169296 -0.237264585 -5.559506893 -0.468153834 -12.811306000
0.000000000 0.500000000 0.666666667 0.500000000 0.500000000 0.000000000 0.000000000 0.796851006 -0.511241954 0.321962944 -0.393057076 -0.033957331 0.918886846 -0.458840505 -0.858765721 -0.228006201 -5.595764160 -0.463277161 -12.868461609
0.000000000 0.500000000 0.666666667 0.500000000 0.500000000 0.000000000 0.000000000 0.788607133 -0.520658157 0.327129749 -0.393321857 -0.018192241 0.919220844 -0.472648607 -0.853571395 -0.219132764 -5.626514912 -0.458480716 -12.923044205
0.000000000 0.500000000 0.666666667 0.500000000 0.500000000 0.000000000 0.000000000 0.779808655 -0.530748749 0.331970221 -0.393217838 -0.002651859 0.919441515 -0.487112095 -0.847525064 -0.210767818 -5.651402473 -0.453759104 -12.975246429
0.000000000 0.500000000 0.666666667 0.500000000 0.500000000 0.000000000 0.000000000 0.770386595 -0.541563060 0.336472802 -0.392783131 0.012569357 0.919545226 -0.502220974 -0.840566156 -0.203033570 -5.674062252 -0.449304730 -13.023002625
0.000000000 0.500000000 0.666666667 0.500000000 0.500000000 0.000000000 0.000000000 0.760266485 -0.553146966 0.340621940 -0.392059237 0.027376907 0.919532522 -0.517961800 -0.832633736 -0.196052633 -5.694484711 -0.445129424 -13.066301346
0.000000000 0.500000000 0.666666667 0.500000000 0.500000000 0.000000000 0.000000000 0.749368375 -0.565541566 0.344397700 -0.391090818 0.041678413 0.919407897 -0.534317331 -0.823665980 -0.189945629 -5.710918903 -0.441430122 -13.105966568
0.000000000 0.500000000 0.666666667 0.500000000 0.500000000 0.000000000 0.000000000 0.737606764 -0.578782701 0.347774131 -0.389925799 0.055383258 0.919179289 -0.551265936 -0.813598967 -0.184831242 -5.725284100 -0.438014179 -13.141074181
0.000000000 0.500000000 0.666666667 0.500000000 0.500000000 0.000000000 0.000000000 0.724889869 -0.592899942 0.350719740 -0.388617371 0.068403387 0.918856635 -0.568780464 -0.802365649 -0.180826295 -5.737591267 -0.434890926 -13.171615601
0.000000000 0.500000000 0.666666667 0.500000000 0.500000000 0.000000000 0.000000000 0.711120616 -0.607915516 0.353194272 -0.387221858 0.080653591 0.918452084 -0.586827660 -0.789894755 -0.178043744 -5.747838020 -0.432070941 -13.197580338
0.000000000 0.500000000 0.666666667 0.500000000 0.500000000 0.000000000 0.000000000 0.697818627 -0.623831711 0.351970396 -0.387202747 0.084862592 0.918080810 -0.602597043 -0.776937795 -0.182330655 -5.756023884 -0.430463314 -13.219057083
0.000000000 0.500000000 0.666666667 0.500000000 0.500000000 0.000000000 0.000000000 0.684194932 -0.639465960 0.350657356 -0.387096315 0.089071750 0.917726902 -0.618088778 -0.763642266 -0.186592476 -5.762296200 -0.429062724 -13.236068726
0.000000000 0.500000000 0.666666667 0.500000000 0.500000000 0.000000000 0.000000000 0.670255594 -0.654811164 0.349256035 -0.386902897 0.093279257 0.917390391 -0.633295813 -0.750014213 -0.190827392 -5.766208172 -0.427916944 -13.248806000
0.000000000 0.500000000 0.666666667 0.500000000 0.500000000 0.000000000 0.000000000 0.656006600 -0.669860831 0.347766886 -0.386622474 0.097483227 0.917071471 -0.648211696 -0.736059432 -0.195033611 -5.768171310 -0.426982880 -13.257094383
0.000000000 0.500000000 0.666666667 0.500000000 0.500000000 0.000000000 0.000000000 0.641453751 -0.684608916 0.346190290 -0.386254996 0.101681817 0.916770356 -0.662830418 -0.721783513 -0.199209431 -5.768441200 -0.426233292 -13.260827065
0.000000000 0.500000000 0.666666667 0.500000000 0.500000000 0.000000000 0.000000000 0.626604753 -0.699047379 0.344527568 -0.385800972 0.105873121 0.916487039 -0.677144071 -0.707194205 -0.203352558 -5.767021179 -0.425668508 -13.260006905
0.000000000 0.500000000 0.666666667 0.500000000 0.500000000 0.000000000 0.000000000 0.611464841 -0.713171322 0.342778957 -0.385260430 0.110055344 0.916221710 -0.691147705 -0.692296531 -0.207461717 -5.767750263 -0.424880475 -13.264662743
0.000000000 0.500000000 0.666666667 0.500000000 0.500000000 0.000000000 0.000000000 0.596041115 -0.726974076 0.340945278 -0.384633494 0.114226653 0.915974534 -0.704834778 -0.677097456 -0.211534797 -5.770632267 -0.423869282 -13.274785042
0.000000000 0.500000000 0.666666667 0.500000000 0.500000000 0.000000000 0.000000000 0.580340737 -0.740449228 0.339027386 -0.383920453 0.118385116 0.915745625 -0.718198938 -0.661604039 -0.215569898 -5.775663853 -0.422635347 -13.290385246
0.000000000 0.500000000 0.666666667 0.500000000 0.500000000 0.000000000 0.000000000 0.564370537 -0.753590817 0.337026375 -0.383121863 0.122529014 0.915534969 -0.731234255 -0.645823135 -0.219565352 -5.782848835 -0.421178758 -13.311459541
0.000000000 0.500000000 0.666666667 0.500000000 0.500000000 0.000000000 0.000000000 0.548137674 -0.766393079 0.334942889 -0.382237912 0.126656343 0.915342750 -0.743934990 -0.629761716 -0.223519377 -5.792188644 -0.419499815 -13.338007927
0.000000000 0.500000000 0.666666667 0.500000000 0.500000000 0.000000000 0.000000000 0.531649118 -0.778850502 0.332777869 -0.381268869 0.130765477 0.915169077 -0.756295752 -0.613426675 -0.227430099 -5.803681374 -0.417598754 -13.370031357
0.000000000 0.500000000 0.666666667 0.500000000 0.500000000 0.000000000 0.000000000 0.514912282 -0.790957496 0.330532270 -0.380215294 0.134854437 0.915013995 -0.768310921 -0.596825368 -0.231295931 -5.817328930 -0.415475726 -13.407536507
0.000000000 0.500000000 0.666666667 0.500000000 0.500000000 0.000000000 0.000000000 0.497934219 -0.802708927 0.328207085 -0.379077700 0.138921505 0.914877540 -0.779975391 -0.579964821 -0.235115283 -5.831366062 -0.413318396 -13.451151848
0.000000000 0.500000000 0.666666667 0.500000000 0.500000000 0.000000000 0.000000000 0.480722814 -0.814099339 0.325803381 -0.377856540 0.142964833 0.914759800 -0.791283774 -0.562852843 -0.238886303 -5.846680641 -0.411032885 -13.500555992
0.000000000 0.500000000 0.666666667 0.500000000 0.500000000 0.000000000 0.000000000 0.463285483 -0.825123822 0.323322191 -0.376552302 0.146982705 0.914660838 -0.802231217 -0.545496803 -0.242607321 -5.863863468 -0.408556610 -13.555546761
0.000000000 0.500000000 0.666666667 0.500000000 0.500000000 0.000000000 0.000000000 0.445629775 -0.835777585 0.320764605 -0.375165749 0.150973261 0.914580634 -0.812812872 -0.527904255 -0.246276943 -5.882915974 -0.405889958 -13.616123199
0.000000000 0.500000000 0.666666667 0.500000000 0.500000000 0.000000000 0.000000000 0.427763820 -0.846055742 0.318131727 -0.373697247 0.154934767 0.914519320 -0.823023987 -0.510083228 -0.249893214 -5.900805473 -0.403354943 -13.683188438
0.000000000 0.500000000 0.666666667 0.500000000 0.500000000 0.000000000 0.000000000 0.409695792 -0.855953559 0.315424891 -0.372147621 0.158865450 0.914476854 -0.832859836 -0.492041942 -0.253454574 -5.919709206 -0.400720745 -13.756100655
0.000000000 0.500000000 0.666666667 0.500000000 0.500000000 0.000000000 0.000000000 0.391433089 -0.865467020 0.312645125 -0.370517494 0.162763627 0.914453273 -0.842316403 -0.473787758 -0.256959602 -5.940187931 -0.397928089 -13.834687233
0.000000000 0.500000000 0.666666667 0.500000000 0.500000000 0.000000000 0.000000000 0.388658471 -0.867886650 0.309382217 -0.371422925 0.159711811 0.914624047 -0.843201994 -0.470388032 -0.260279650 -5.959846020 -0.396184802 -13.921620369
0.000000000 0.500000000 0.666666667 0.500000000 0.500000000 0.000000000 0.000000000 0.388392392 -0.869050537 0.306435170 -0.372502979 0.156092773 0.914809585 -0.842848077 -0.469453096 -0.263098669 -5.979721546 -0.394505888 -14.014919281
0.000000000 0.500000000 0.666666667 0.500000000 0.500000000 0.000000000 0.000000000 0.390439344 -0.869060223 0.303795075 -0.373727461 0.151953490 0.915007061 -0.841358962 -0.470791319 -0.265463049 -6.000977516 -0.392760217 -14.114279747
0.000000000 0.500000000 0.666666667 0.500000000 0.500000000 0.000000000 0.000000000 0.394593688 -0.868000563 0.301447914 -0.375064442 0.147340261 0.915214462 -0.838822082 -0.474200243 -0.267416610 -6.018003941 -0.391526937 -14.209918976
0.000000000 0.500000000 0.666666667 0.500000000 0.500000000 0.000000000 0.000000000 0.400645556 -0.865942774 0.299376435 -0.376480579 0.142299349 0.915430647 -0.835311626 -0.479472634 -0.268999035 -6.034140587 -0.390455097 -14.301156998
0.000000000 0.500000000 0.666666667 0.500000000 0.500000000 0.000000000 0.000000000 0.408379350 -0.862950937 0.297560056 -0.377942548 0.136877322 0.915654973 -0.830894540 -0.486395189 -0.270248004 -6.049576283 -0.389518619 -14.387927055
0.000000000 0.500000000 0.666666667 0.500000000 0.500000000 0.000000000 0.000000000 0.417577190 -0.859085120 0.295976431 -0.379418189 0.131121559 0.915886988 -0.825633774 -0.494752356 -0.271199148 -6.062350750 -0.388904065 -14.470521927
0.000000000 0.500000000 0.666666667 0.500000000 0.500000000 0.000000000 0.000000000 0.428019995 -0.854405479 0.294601699 -0.380877258 0.125080294 0.916126320 -0.819592214 -0.504327471 -0.271886750 -6.074151516 -0.388438433 -14.548637390
0.000000000 0.500000000 0.666666667 0.500000000 0.500000000 0.000000000 0.000000000 0.439489297 -0.848975315 0.293411098 -0.382291774 0.118802943 0.916372664 -0.812835873 -0.514904628 -0.272343658 -6.085360050 -0.388076842 -14.622179985
0.000000000 0.500000000 0.666666667 0.500000000 0.500000000 0.000000000 0.000000000 0.451768253 -0.842863984 0.292379462 -0.383636770 0.112340292 0.916625598 -0.805436698 -0.526269857 -0.272601839 -6.095969200 -0.387812942 -14.691129684
0.000000000 0.500000000 0.666666667 0.500000000 0.500000000 0.000000000 0.000000000 0.464643185 -0.836148991 0.291481689 -0.384891409 0.105744085 0.916884285 -0.797474334 -0.538212833 -0.272693295 -6.104720116 -0.387755305 -14.755620003
0.000000000 0.500000000 0.666666667 0.500000000 0.500000000 0.000000000 0.000000000 0.477904761 -0.828917643 0.290693277 -0.386038735 0.099067610 0.917147591 -0.789038107 -0.550528065 -0.272649436 -6.112786770 -0.387788266 -14.815475464
0.000000000 0.500000000 0.666666667 0.500000000 0.500000000 0.000000000 0.000000000 0.491348886 -0.821268527 0.289990137 -0.387066227 0.092364981 0.917413999 -0.780228177 -0.563015734 -0.272501880 -6.120326996 -0.387889236 -14.870638847
0.000000000 0.500000000 0.666666667 0.500000000 0.500000000 0.000000000 0.000000000 0.504777584 -0.813312102 0.289349298 -0.387966186 0.085691392 0.917681439 -0.771156164 -0.575482763 -0.272282501 -6.127325535 -0.388051361 -14.921095848
0.000000000 0.500000000 0.666666667 0.500000000 0.500000000 0.000000000 0.000000000 0.518000879 -0.805170280 0.288748869 -0.388735348 0.079102584 0.917947499 -0.761944826 -0.587744503 -0.272022941 -6.133770466 -0.388267636 -14.966814041
0.000000000 0.500000000 0.666666667 0.500000000 0.500000000 0.000000000 0.000000000 0.530835574 -0.796977286 0.288168004 -0.389375245 0.072654879 0.918209228 -0.752728710 -0.599623610 -0.271755432 -6.139612675 -0.388533473 -15.007775307
0.000000000 0.500000000 0.666666667 0.500000000 0.500000000 0.000000000 0.000000000 0.543107027 -0.788877842 0.287587391 -0.389892290 0.066404651 0.918463077 -0.743652311 -0.610951858 -0.271512556 -6.144267559 -0.388888478 -15.044030190
0.000000000 0.500000000 0.666666667 0.500000000 0.500000000 0.000000000 0.000000000 0.554647966 -0.781027074 0.286988402 -0.390296304 0.060408586 0.918705392 -0.734870348 -0.621568590 -0.271326481 -6.148398399 -0.389269441 -15.075472832
0.000000000 0.500000000 0.666666667 0.500000000 0.500000000 0.000000000 0.000000000 0.565298223 -0.773588704 0.286353691 -0.390601698 0.054722976 0.918931831 -0.726545410 -0.631320769 -0.271230260 -6.151983738 -0.389669418 -15.102091789
0.000000000 0.500000000 0.666666667 0.500000000 0.500000000 0.000000000 0.000000000 0.574904394 -0.766733064 0.285666496 -0.390825510 0.049403935 0.919138005 -0.718846547 -0.640062232 -0.271256301 -6.155003548 -0.390081286 -15.123864174
0.000000000 0.500000000 0.666666667 0.500000000 0.500000000 0.000000000 0.000000000 0.583349748 -0.760608548 0.284917020 -0.390984671 0.044502911 0.919320661 -0.711922790 -0.647683663 -0.271425521 -6.157436371 -0.390498638 -15.140773773
0.000000000 0.500000000 0.666666667 0.500000000 0.500000000 0.000000000 0.000000000 0.590646709 -0.755255891 0.284121460 -0.391085811 0.040054086 0.919482223 -0.705824591 -0.654205021 -0.271712049 -6.159282208 -0.390917212 -15.152829170
0.000000000 0.500000000 0.666666667 0.500000000 0.500000000 0.000000000 0.000000000 0.596836535 -0.750683855 0.283301784 -0.391131819 0.036087332 0.919626883 -0.700572659 -0.659675265 -0.272078103 -6.160534382 -0.391333252 -15.160031319
0.000000000 0.500000000 0.666666667 0.500000000 0.500000000 0.000000000 0.000000000 0.601957337 -0.746895778 0.282478425 -0.391123035 0.032632252 0.919759701 -0.696182545 -0.664139919 -0.272484920 -6.161196232 -0.391743153 -15.162392616
0.000000000 0.500000000 0.666666667 0.500000000 0.500000000 0.000000000 0.000000000 0.606043136 -0.743890335 0.281671596 -0.391058722 0.029718424 0.919885803 -0.692664994 -0.667640611 -0.272894157 -6.162240028 -0.392029256 -15.169213295
0.000000000 0.500000000 0.666666667 0.500000000 0.500000000 0.000000000 0.000000000 0.609124782 -0.741661303 0.280901250 -0.390936156 0.027375337 0.920010605 -0.690026030 -0.670215714 -0.273267222 -6.163664341 -0.392187923 -15.180502892
0.000000000 0.500000000 0.666666667 0.500000000 0.500000000 0.000000000 0.000000000 0.611229586 -0.740198464 0.280186771 -0.390750153 0.025632252 0.920139830 -0.688267907 -0.671899711 -0.273565472 -6.165473461 -0.392215520 -15.196264267
0.000000000 0.500000000 0.666666667 0.500000000 0.500000000 0.000000000 0.000000000 0.612381812 -0.739487284 0.279547978 -0.390493615 0.024518297 0.920279082 -0.687388720 -0.672723873 -0.273750504 -6.167668343 -0.392108411 -15.216501236
0.000000000 0.500000000 0.666666667 0.500000000 0.500000000 0.000000000 0.000000000 0.612602730 -0.739509507 0.279004632 -0.390156761 0.024062229 0.920433980 -0.687383152 -0.672715912 -0.273784047 -6.170248985 -0.391863018 -15.241217613
0.000000000 0.500000000 0.666666667 0.500000000 0.500000000 0.000000000 0.000000000 0.611910191 -0.740243660 0.278577173 -0.389727482 0.024292878 0.920609768 -0.688242986 -0.671899680 -0.273628239 -6.173221111 -0.391475677 -15.270417213
0.000000000 0.500000000 0.666666667 0.500000000 0.500000000 0.000000000 0.000000000 0.610320427 -0.741664044 0.278286584 -0.389190781 0.025238333 0.920811361 -0.689956167 -0.670296556 -0.273245338 -6.176586628 -0.390942872 -15.304099083
0.000000000 0.500000000 0.666666667 0.500000000 0.500000000 0.000000000 0.000000000 0.607846395 -0.743742306 0.278154890 -0.388529276 0.026926608 0.921042865 -0.692508312 -0.667923903 -0.272598418 -6.179919243 -0.390289932 -15.342313766
0.000000000 0.500000000 0.666666667 0.500000000 0.500000000 0.000000000 0.000000000 0.604499340 -0.746446602 0.278204995 -0.387722470 0.029385109 0.921307658 -0.695882055 -0.664796199 -0.271650841 -6.183456898 -0.389497757 -15.385033607
0.000000000 0.500000000 0.666666667 0.500000000 0.500000000 0.000000000 0.000000000 0.600288703 -0.749741937 0.278460951 -0.386746911 0.032640638 0.921608060 -0.700057355 -0.660924819 -0.270366572 -6.187331200 -0.388554245 -15.432252884
0.000000000 0.500000000 0.666666667 0.500000000 0.500000000 0.000000000 0.000000000 0.595222203 -0.753590371 0.278948169 -0.385576234 0.036719345 0.921945040 -0.705011699 -0.656317943 -0.268710368 -6.191550255 -0.387456328 -15.483966827
0.000000000 0.500000000 0.666666667 0.500000000 0.500000000 0.000000000 0.000000000 0.589306241 -0.757951037 0.279693369 -0.384180918 0.041646531 0.922318052 -0.710720182 -0.650980639 -0.266647764 -6.196119309 -0.386200696 -15.540180206
0.000000000 0.500000000 0.666666667 0.500000000 0.500000000 0.000000000 0.000000000 0.582546767 -0.762779719 0.280724713 -0.382527965 0.047446523 0.922724869 -0.717155228 -0.644915442 -0.264144755 -6.201041222 -0.384784281 -15.600897789
0.000000000 0.500000000 0.666666667 0.500000000 0.500000000 0.000000000 0.000000000 0.574948808 -0.768029516 0.282071853 -0.380581353 0.054142411 0.923161109 -0.724287030 -0.638121667 -0.261168598 -6.205558777 -0.383235991 -15.666171074
0.000000000 0.500000000 0.666666667 0.500000000 0.500000000 0.000000000 0.000000000 0.566517415 -0.773650274 0.283766228 -0.378301868 0.061756024 0.923619992 -0.732083134 -0.630596105 -0.257687480 -6.210378170 -0.381524086 -15.735954285
0.000000000 0.500000000 0.666666667 0.500000000 0.500000000 0.000000000 0.000000000 0.557257404 -0.779589172 0.285840706 -0.375647048 0.070307581 0.924092062 -0.740508934 -0.622332361 -0.253670951 -6.215516090 -0.379645467 -15.810234070
0.000000000 0.500000000 0.666666667 0.500000000 0.500000000 0.000000000 0.000000000 0.547178921 -0.785789772 0.288322150 -0.372579310 0.079798032 0.924563103 -0.749519770 -0.613324309 -0.249105210 -6.220872879 -0.377599657 -15.889027596
0.000000000 0.500000000 0.666666667 0.500000000 0.500000000 0.000000000 0.000000000 0.536310287 -0.792192569 0.291208191 -0.369093619 0.090156735 0.925009007 -0.759039641 -0.603574931 -0.244041238 -6.225883484 -0.375393242 -15.972370148
0.000000000 0.500000000 0.666666667 0.500000000 0.500000000 0.000000000 0.000000000 0.524685646 -0.798737664 0.294487888 -0.365194170 0.101294994 0.925403989 -0.768985169 -0.593091450 -0.238546309 -6.231194973 -0.373039842 -16.060218811
0.000000000 0.500000000 0.666666667 0.500000000 0.500000000 0.000000000 0.000000000 0.512340723 -0.805365891 0.298148898 -0.360887429 0.113123737 0.925723114 -0.779273538 -0.581883839 -0.232688529 -6.236685753 -0.370538294 -16.152582169
0.000000000 0.500000000 0.666666667 0.500000000 0.500000000 0.000000000 0.000000000 0.499313543 -0.812018994 0.302177331 -0.356182483 0.125553977 0.925942891 -0.789822780 -0.569966098 -0.226536140 -6.241922378 -0.367856771 -16.249492645
0.000000000 0.500000000 0.666666667 0.500000000 0.500000000 0.000000000 0.000000000 0.485643444 -0.818641161 0.306556837 -0.351091358 0.138496870 0.926041832 -0.800553123 -0.557355601 -0.220157740 -6.247447491 -0.365058482 -16.350915909
0.000000000 0.500000000 0.666666667 0.500000000 0.500000000 0.000000000 0.000000000 0.471372355 -0.825178498 0.311269255 -0.345630132 0.151864142 0.926000591 -0.811386415 -0.544075113 -0.213621994 -6.252511978 -0.361759335 -16.456892014
0.000000000 0.500000000 0.666666667 0.500000000 0.500000000 0.000000000 0.000000000 0.456543708 -0.831580436 0.316293883 -0.339819068 0.165568333 0.925802424 -0.822247435 -0.530151964 -0.206997708 -6.257690430 -0.358268887 -16.567396164
0.000000000 0.500000000 0.666666667 0.500000000 0.500000000 0.000000000 0.000000000 0.441203363 -0.837799725 0.321607234 -0.333682281 0.179523138 0.925433725 -0.833064060 -0.515619107 -0.200352711 -6.262186050 -0.353796214 -16.682455063
0.000000000 0.500000000 0.666666667 0.500000000 0.500000000 0.000000000 0.000000000 0.425398638 -0.843793166 0.327183574 -0.327249136 0.193643957 0.924883788 -0.843767742 -0.500514846 -0.193754709 -6.266601562 -0.348833770 -16.802047729
0.000000000 0.500000000 0.666666667 0.500000000 0.500000000 0.000000000 0.000000000 0.409178578 -0.849522169 0.332993957 -0.320553125 0.207847903 0.924145521 -0.854294203 -0.484882804 -0.187270077 -6.270184040 -0.342325360 -16.926176071
