0.000000000 0.384615385 0.666666667 0.384615385 0.500000000 0.000000000 0.000000000 0.003863705 0.000000000 -0.999992536 24.879438400 0.999992536 0.000000000 0.003863705 -8.151842117 0.000000000 1.000000000 0.000000000 11.732039452
0.000000000 0.384615385 0.666666667 0.384615385 0.500000000 0.000000000 0.000000000 0.002924679 0.000000000 -0.999995723 24.889614105 0.999995723 0.000000000 0.002924679 -8.151934624 0.000000000 1.000000000 0.000000000 11.508726120
0.000000000 0.384615385 0.666666667 0.384615385 0.500000000 0.000000000 0.000000000 0.001812546 0.000000000 -0.999998357 24.888099670 0.999998357 0.000000000 0.001812546 -8.145839691 0.000000000 1.000000000 0.000000000 11.293559074
0.000000000 0.384615385 0.666666667 0.384615385 0.500000000 0.000000000 0.000000000 0.000536893 0.000000000 -0.999999856 24.888898849 0.999999856 0.000000000 0.000536893 -8.145785332 0.000000000 1.000000000 0.000000000 11.066658974
0.000000000 0.384615385 0.666666667 0.384615385 0.500000000 0.000000000 0.000000000 -0.000890510 0.000000000 -0.999999603 24.879604340 0.999999603 0.000000000 -0.000890510 -8.140945435 0.000000000 1.000000000 0.000000000 10.838218689
0.000000000 0.384615385 0.666666667 0.384615385 0.500000000 0.000000000 0.000000000 -0.002453213 0.000000000 -0.999996991 24.883693695 0.999996991 0.000000000 -0.002453213 -8.147653580 0.000000000 1.000000000 0.000000000 10.623135567
0.000000000 0.384615385 0.666666667 0.384615385 0.500000000 0.000000000 0.000000000 -0.004131854 0.000000000 -0.999991464 24.882287979 0.999991464 0.000000000 -0.004131854 -8.146128654 0.000000000 1.000000000 0.000000000 10.398983955
0.000000000 0.384615385 0.666666667 0.384615385 0.500000000 0.000000000 0.000000000 -0.005721966 0.000000000 -0.999983629 24.896339417 0.999983629 0.000000000 -0.005721966 -8.139217377 0.000000000 1.000000000 0.000000000 10.193301201
0.000000000 0.384615385 0.666666667 0.384615385 0.500000000 0.000000000 0.000000000 -0.007589030 0.000000000 -0.999971203 24.891735077 0.999971203 0.000000000 -0.007589030 -8.151896477 0.000000000 1.000000000 0.000000000 9.944026947
0.000000000 0.384615385 0.666666667 0.384615385 0.500000000 0.000000000 0.000000000 -0.009730180 0.000000000 -0.999952661 24.892633438 0.999952661 0.000000000 -0.009730180 -8.145864487 0.000000000 1.000000000 0.000000000 9.694906235
0.000000000 0.384615385 0.666666667 0.384615385 0.500000000 0.000000000 0.000000000 -0.011835849 0.000000000 -0.999929954 24.900583267 0.999929954 0.000000000 -0.011835849 -8.149202347 0.000000000 1.000000000 0.000000000 9.459513664
0.000000000 0.384615385 0.666666667 0.384615385 0.500000000 0.000000000 0.000000000 -0.013865463 0.000000000 -0.999903870 24.906354904 0.999903870 0.000000000 -0.013865463 -8.153198242 0.000000000 1.000000000 0.000000000 9.206061363
0.000000000 0.384615385 0.666666667 0.384615385 0.500000000 0.000000000 0.000000000 -0.015766138 0.000000000 -0.999875707 24.908067703 0.999875707 0.000000000 -0.015766138 -8.144194603 0.000000000 1.000000000 0.000000000 8.960844040
0.000000000 0.384615385 0.666666667 0.384615385 0.500000000 0.000000000 0.000000000 -0.017475551 0.000000000 -0.999847291 24.913801193 0.999847291 0.000000000 -0.017475551 -8.150769234 0.000000000 1.000000000 0.000000000 8.717585564
0.000000000 0.384615385 0.666666667 0.384615385 0.500000000 0.000000000 0.000000000 -0.018923283 0.000000000 -0.999820939 24.918779373 0.999820939 0.000000000 -0.018923283 -8.141118050 0.000000000 1.000000000 0.000000000 8.474406242
0.000000000 0.384615385 0.666666667 0.384615385 0.500000000 0.000000000 0.000000000 -0.020031632 0.000000000 -0.999799347 24.915172577 0.999799347 0.000000000 -0.020031632 -8.149643898 0.000000000 1.000000000 0.000000000 8.217595100
0.000000000 0.384615385 0.666666667 0.384615385 0.500000000 0.000000000 0.000000000 -0.020681387 0.000000000 -0.999786117 24.923568726 0.999786117 0.000000000 -0.020681387 -8.143328667 0.000000000 1.000000000 0.000000000 7.979697227
0.000000000 0.384615385 0.666666667 0.384615385 0.500000000 0.000000000 0.000000000 -0.020915553 0.000000000 -0.999781246 24.932874680 0.999781246 0.000000000 -0.020915553 -8.157975197 0.000000000 1.000000000 0.000000000 7.745906830
0.000000000 0.384615385 0.666666667 0.384615385 0.500000000 0.000000000 0.000000000 -0.020534001 0.000000000 -0.999789155 24.928928375 0.999789155 0.000000000 -0.020534001 -8.144624710 0.000000000 1.000000000 0.000000000 7.497339249
0.000000000 0.384615385 0.666666667 0.384615385 0.500000000 0.000000000 0.000000000 -0.019456689 0.000000000 -0.999810701 24.936143875 0.999810701 0.000000000 -0.019456689 -8.145972252 0.000000000 1.000000000 0.000000000 7.270195007
0.000000000 0.384615385 0.666666667 0.384615385 0.500000000 0.000000000 0.000000000 -0.017807828 0.000000000 -0.999841428 24.939033508 0.999841428 0.000000000 -0.017807828 -8.144480705 0.000000000 1.000000000 0.000000000 7.042331219
0.000000000 0.384615385 0.666666667 0.384615385 0.500000000 0.000000000 0.000000000 -0.016914979 0.000000000 -0.999856932 24.943084717 0.999856932 0.000000000 -0.016914979 -8.147241592 0.000000000 1.000000000 0.000000000 6.813294411
0.000000000 0.384615385 0.666666667 0.384615385 0.500000000 0.000000000 0.000000000 -0.011948896 0.000000000 -0.999928609 24.943927765 0.999928609 0.000000000 -0.011948896 -8.155785561 0.000000000 1.000000000 0.000000000 6.574751377
0.000000000 0.384615385 0.666666667 0.384615385 0.500000000 0.000000000 0.000000000 -0.007876558 0.000000000 -0.999968979 24.947225571 0.999968979 0.000000000 -0.007876558 -8.142802238 0.000000000 1.000000000 0.000000000 6.333382607
0.000000000 0.384615385 0.666666667 0.384615385 0.500000000 0.000000000 0.000000000 -0.002290213 0.000000000 -0.999997377 24.951211929 0.999997377 0.000000000 -0.002290213 -8.141225815 0.000000000 1.000000000 0.000000000 6.106524467
0.000000000 0.384615385 0.666666667 0.384615385 0.500000000 0.000000000 0.000000000 0.003766766 0.000000000 -0.999992906 24.950408936 0.999992906 0.000000000 0.003766766 -8.148738861 0.000000000 1.000000000 0.000000000 5.890032291
0.000000000 0.384615385 0.666666667 0.384615385 0.500000000 0.000000000 0.000000000 0.010735529 0.000000000 -0.999942373 24.944982529 0.999942373 0.000000000 0.010735529 -8.153031349 0.000000000 1.000000000 0.000000000 5.702271461
0.000000000 0.384615385 0.666666667 0.384615385 0.500000000 0.000000000 0.000000000 0.017518441 0.000000000 -0.999846540 24.944154739 0.999846540 0.000000000 0.017518441 -8.153265953 0.000000000 1.000000000 0.000000000 5.518132210
0.000000000 0.384615385 0.666666667 0.384615385 0.500000000 0.000000000 0.000000000 0.024207366 0.000000000 -0.999706959 24.946428299 0.999706959 0.000000000 0.024207366 -8.144716263 0.000000000 1.000000000 0.000000000 5.307105541
0.000000000 0.384615385 0.666666667 0.384615385 0.500000000 0.000000000 0.000000000 0.034093035 0.000000000 -0.999418664 24.935104370 0.999418664 0.000000000 0.034093035 -8.145604134 0.000000000 1.000000000 0.000000000 5.087158680
0.000000000 0.384615385 0.666666667 0.384615385 0.500000000 0.000000000 0.000000000 0.043843943 0.000000000 -0.999038392 24.928339005 0.999038392 0.000000000 0.043843943 -8.146245003 0.000000000 1.000000000 0.000000000 4.881348610
0.000000000 0.384615385 0.666666667 0.384615385 0.500000000 0.000000000 0.000000000 0.055860538 0.000000000 -0.998438581 24.907552719 0.998438581 0.000000000 0.055860538 -8.147365570 0.000000000 1.000000000 0.000000000 4.664113998
0.000000000 0.384615385 0.666666667 0.384615385 0.500000000 0.000000000 0.000000000 0.068673047 0.000000000 -0.997639220 24.896068573 0.997639220 0.000000000 0.068673047 -8.146661758 0.000000000 1.000000000 0.000000000 4.445567608
0.000000000 0.384615385 0.666666667 0.384615385 0.500000000 0.000000000 0.000000000 0.082310305 0.000000000 -0.996606750 24.882715225 0.996606750 0.000000000 0.082310305 -8.146224976 0.000000000 1.000000000 0.000000000 4.206387997
0.000000000 0.384615385 0.666666667 0.384615385 0.500000000 0.000000000 0.000000000 0.097278733 0.000000000 -0.995257177 24.850755692 0.995257177 0.000000000 0.097278733 -8.154893875 0.000000000 1.000000000 0.000000000 3.968484402
0.000000000 0.384615385 0.666666667 0.384615385 0.500000000 0.000000000 0.000000000 0.115017153 0.000000000 -0.993363506 24.827301025 0.993363506 0.000000000 0.115017153 -8.154397964 0.000000000 1.000000000 0.000000000 3.726878881
0.000000000 0.384615385 0.666666667 0.384615385 0.500000000 0.000000000 0.000000000 0.133363530 0.000000000 -0.991067187 24.789955139 0.991067187 0.000000000 0.133363530 -8.144959450 0.000000000 1.000000000 0.000000000 3.493504763
0.000000000 0.384615385 0.666666667 0.384615385 0.500000000 0.000000000 0.000000000 0.150408570 0.000000000 -0.988623923 24.754899979 0.988623923 0.000000000 0.150408570 -8.146883965 0.000000000 1.000000000 0.000000000 3.273738861
0.000000000 0.384615385 0.666666667 0.384615385 0.500000000 0.000000000 0.000000000 0.168258045 0.000000000 -0.985742984 24.721994400 0.985742984 0.000000000 0.168258045 -8.151042938 0.000000000 1.000000000 0.000000000 3.018442631
0.000000000 0.384615385 0.666666667 0.384615385 0.500000000 0.000000000 0.000000000 0.191001397 0.000000000 -0.981589765 24.666036606 0.981589765 0.000000000 0.191001397 -8.138518333 0.000000000 1.000000000 0.000000000 2.753707170
0.000000000 0.384615385 0.666666667 0.384615385 0.500000000 0.000000000 0.000000000 0.211734709 0.000000000 -0.977327178 24.608201981 0.977327178 0.000000000 0.211734709 -8.142820358 0.000000000 1.000000000 0.000000000 2.509456158
0.000000000 0.384615385 0.666666667 0.384615385 0.500000000 0.000000000 0.000000000 0.234374921 0.000000000 -0.972146283 24.546094894 0.972146283 0.000000000 0.234374921 -8.152252197 0.000000000 1.000000000 0.000000000 2.262363911
0.000000000 0.384615385 0.666666667 0.384615385 0.500000000 0.000000000 0.000000000 0.254695185 0.000000000 -0.967021387 24.490644455 0.967021387 0.000000000 0.254695185 -8.149178505 0.000000000 1.000000000 0.000000000 2.004019737
0.000000000 0.384615385 0.666666667 0.384615385 0.500000000 0.000000000 0.000000000 0.276599800 0.000000000 -0.960985198 24.408250809 0.960985198 0.000000000 0.276599800 -8.150085449 0.000000000 1.000000000 0.000000000 1.763004065
0.000000000 0.384615385 0.666666667 0.384615385 0.500000000 0.000000000 0.000000000 0.295944320 0.000000000 -0.955205192 24.315067291 0.955205192 0.000000000 0.295944320 -8.143194199 0.000000000 1.000000000 0.000000000 1.492736459
0.000000000 0.384615385 0.666666667 0.384615385 0.500000000 0.000000000 0.000000000 0.318673162 0.000000000 -0.947864661 24.250473022 0.947864661 0.000000000 0.318673162 -8.144348145 0.000000000 1.000000000 0.000000000 1.229252934
0.000000000 0.384615385 0.666666667 0.384615385 0.500000000 0.000000000 0.000000000 0.338180380 0.000000000 -0.941081309 24.149600983 0.941081309 0.000000000 0.338180380 -8.158949852 0.000000000 1.000000000 0.000000000 0.956082106
0.000000000 0.384615385 0.666666667 0.384615385 0.500000000 0.000000000 0.000000000 0.356813539 0.000000000 -0.934175625 24.039806366 0.934175625 0.000000000 0.356813539 -8.145763397 0.000000000 1.000000000 0.000000000 0.696082115
0.000000000 0.384615385 0.666666667 0.384615385 0.500000000 0.000000000 0.000000000 0.375561022 0.000000000 -0.926797669 23.928979874 0.926797669 0.000000000 0.375561022 -8.149212837 0.000000000 1.000000000 0.000000000 0.419862658
0.000000000 0.384615385 0.666666667 0.384615385 0.500000000 0.000000000 0.000000000 0.392848141 0.000000000 -0.919603359 23.807235718 0.919603359 0.000000000 0.392848141 -8.156392097 0.000000000 1.000000000 0.000000000 0.128090203
0.000000000 0.384615385 0.666666667 0.384615385 0.500000000 0.000000000 0.000000000 0.409261934 0.000000000 -0.912416939 23.675533295 0.912416939 0.000000000 0.409261934 -8.138630867 0.000000000 1.000000000 0.000000000 -0.148014516
0.000000000 0.384615385 0.666666667 0.384615385 0.500000000 0.000000000 0.000000000 0.422359478 0.000000000 -0.906428415 23.543687820 0.906428415 0.000000000 0.422359478 -8.147552490 0.000000000 1.000000000 0.000000000 -0.432652593
0.000000000 0.384615385 0.666666667 0.384615385 0.500000000 0.000000000 0.000000000 0.434412630 0.000000000 -0.900713976 23.418300629 0.900713976 0.000000000 0.434412630 -8.146566391 0.000000000 1.000000000 0.000000000 -0.706449568
0.000000000 0.384615385 0.666666667 0.384615385 0.500000000 0.000000000 0.000000000 0.443540801 0.000000000 -0.896254181 23.281990051 0.896254181 0.000000000 0.443540801 -8.145855904 0.000000000 1.000000000 0.000000000 -0.985414386
0.000000000 0.384615385 0.666666667 0.384615385 0.500000000 0.000000000 0.000000000 0.451305173 0.000000000 -0.892369677 23.148265839 0.892369677 0.000000000 0.451305173 -8.151643753 0.000000000 1.000000000 0.000000000 -1.257353544
0.000000000 0.384615385 0.666666667 0.384615385 0.500000000 0.000000000 0.000000000 0.456465546 0.000000000 -0.889741089 23.003442764 0.889741089 0.000000000 0.456465546 -8.147263527 0.000000000 1.000000000 0.000000000 -1.530355215
0.000000000 0.384615385 0.666666667 0.384615385 0.500000000 0.000000000 0.000000000 0.459782568 0.000000000 -0.888031525 22.868246078 0.888031525 0.000000000 0.459782568 -8.141596794 0.000000000 1.000000000 0.000000000 -1.813043118
0.000000000 0.384615385 0.666666667 0.384615385 0.500000000 0.000000000 0.000000000 0.461108791 0.000000000 -0.887343610 22.724586487 0.887343610 0.000000000 0.461108791 -8.151567459 0.000000000 1.000000000 0.000000000 -2.082390785
0.000000000 0.384615385 0.666666667 0.384615385 0.500000000 0.000000000 0.000000000 0.460209116 0.000000000 -0.887810548 22.570428848 0.887810548 0.000000000 0.460209116 -8.150280952 0.000000000 1.000000000 0.000000000 -2.345583439
0.000000000 0.384615385 0.666666667 0.384615385 0.500000000 0.000000000 0.000000000 0.456947445 0.000000000 -0.889493695 22.424144745 0.889493695 0.000000000 0.456947445 -8.157567978 0.000000000 1.000000000 0.000000000 -2.632187366
0.000000000 0.384615385 0.666666667 0.384615385 0.500000000 0.000000000 0.000000000 0.451723401 0.000000000 -0.892158040 22.303495407 0.892158040 0.000000000 0.451723401 -8.144928932 0.000000000 1.000000000 0.000000000 -2.866743088
0.000000000 0.384615385 0.666666667 0.384615385 0.500000000 0.000000000 0.000000000 0.445080139 0.000000000 -0.895490743 22.186231613 0.895490743 0.000000000 0.445080139 -8.155612946 0.000000000 1.000000000 0.000000000 -3.120455265
0.000000000 0.384615385 0.666666667 0.384615385 0.500000000 0.000000000 0.000000000 0.435765049 0.000000000 -0.900060455 22.070598602 0.900060455 0.000000000 0.435765049 -8.148232460 0.000000000 1.000000000 0.000000000 -3.368856192
0.000000000 0.384615385 0.666666667 0.384615385 0.500000000 0.000000000 0.000000000 0.425215532 0.000000000 -0.905092123 21.950849533 0.905092123 0.000000000 0.425215532 -8.141318321 0.000000000 1.000000000 0.000000000 -3.626290798
0.000000000 0.384615385 0.666666667 0.384615385 0.500000000 0.000000000 0.000000000 0.412415908 0.000000000 -0.910995674 21.836969376 0.910995674 0.000000000 0.412415908 -8.142362595 0.000000000 1.000000000 0.000000000 -3.882467508
0.000000000 0.384615385 0.666666667 0.384615385 0.500000000 0.000000000 0.000000000 0.397331086 0.000000000 -0.917675328 21.726903915 0.917675328 0.000000000 0.397331086 -8.145931244 0.000000000 1.000000000 0.000000000 -4.130654335
0.000000000 0.384615385 0.666666667 0.384615385 0.500000000 0.000000000 0.000000000 0.378664852 0.000000000 -0.925533862 21.626916885 0.925533862 0.000000000 0.378664852 -8.156183243 0.000000000 1.000000000 0.000000000 -4.392719746
0.000000000 0.384615385 0.666666667 0.384615385 0.500000000 0.000000000 0.000000000 0.359376640 0.000000000 -0.933192601 21.504709244 0.933192601 0.000000000 0.359376640 -8.150878906 0.000000000 1.000000000 0.000000000 -4.662875652
0.000000000 0.384615385 0.666666667 0.384615385 0.500000000 0.000000000 0.000000000 0.352093032 0.000000000 -0.935965008 21.415887833 0.935965008 0.000000000 0.352093032 -8.143158913 0.000000000 1.000000000 0.000000000 -4.947073936
0.000000000 0.384615385 0.666666667 0.384615385 0.500000000 0.000000000 0.000000000 0.308856920 0.000000000 -0.951108513 21.317123413 0.951108513 0.000000000 0.308856920 -8.159197807 0.000000000 1.000000000 0.000000000 -5.222165585
0.000000000 0.384615385 0.666666667 0.384615385 0.500000000 0.000000000 0.000000000 0.286804583 0.000000000 -0.957989108 21.238332748 0.957989108 0.000000000 0.286804583 -8.148714066 0.000000000 1.000000000 0.000000000 -5.511337757
0.000000000 0.384615385 0.666666667 0.384615385 0.500000000 0.000000000 0.000000000 0.268251400 0.000000000 -0.963348943 21.173927307 0.963348943 0.000000000 0.268251400 -8.154437065 0.000000000 1.000000000 0.000000000 -5.781239986
0.000000000 0.384615385 0.666666667 0.384615385 0.500000000 0.000000000 0.000000000 0.217515911 0.000000000 -0.976056775 21.095872879 0.976056775 0.000000000 0.217515911 -8.153861046 0.000000000 1.000000000 0.000000000 -6.084113598
0.000000000 0.384615385 0.666666667 0.384615385 0.500000000 0.000000000 0.000000000 0.184978543 0.000000000 -0.982742560 21.033910751 0.982742560 0.000000000 0.184978543 -8.151345253 0.000000000 1.000000000 0.000000000 -6.382987022
0.000000000 0.384615385 0.666666667 0.384615385 0.500000000 0.000000000 0.000000000 0.152685589 0.000000000 -0.988274815 20.993001938 0.988274815 0.000000000 0.152685589 -8.152791023 0.000000000 1.000000000 0.000000000 -6.672707558
0.000000000 0.384615385 0.666666667 0.384615385 0.500000000 0.000000000 0.000000000 0.121175182 0.000000000 -0.992631138 20.966913223 0.992631138 0.000000000 0.121175182 -8.153573036 0.000000000 1.000000000 0.000000000 -6.972087383
0.000000000 0.384615385 0.666666667 0.384615385 0.500000000 0.000000000 0.000000000 0.091421535 0.000000000 -0.995812283 20.941997528 0.995812283 0.000000000 0.091421535 -8.153636932 0.000000000 1.000000000 0.000000000 -7.256497860
0.000000000 0.384615385 0.666666667 0.384615385 0.500000000 0.000000000 0.000000000 0.081050059 0.000000000 -0.996710032 20.921583176 0.996710032 0.000000000 0.081050059 -8.145064354 0.000000000 1.000000000 0.000000000 -7.537875652
0.000000000 0.384615385 0.666666667 0.384615385 0.500000000 0.000000000 0.000000000 0.043421434 0.000000000 -0.999056845 20.905141830 0.999056845 0.000000000 0.043421434 -8.151118279 0.000000000 1.000000000 0.000000000 -7.824744701
0.000000000 0.384615385 0.666666667 0.384615385 0.500000000 0.000000000 0.000000000 0.022756343 0.000000000 -0.999741041 20.902736664 0.999741041 0.000000000 0.022756343 -8.149637222 0.000000000 1.000000000 0.000000000 -8.103938103
0.000000000 0.384615385 0.666666667 0.384615385 0.500000000 0.000000000 0.000000000 0.006746268 0.000000000 -0.999977244 20.903470993 0.999977244 0.000000000 0.006746268 -8.157978058 0.000000000 1.000000000 0.000000000 -8.392232895