0.000000000 0.500000000 0.666666667 0.500000000 0.500000000 0.000000000 0.000000000 -0.865878140 -0.188308193 -0.463459891 -0.500000043 0.296198105 0.813797665 -0.015968826 0.936379574 -0.350625569 -7.799566269 0.035407484 -15.065252304
0.000000000 0.500000000 0.666666667 0.500000000 0.500000000 0.000000000 0.000000000 -0.866586126 -0.183991902 -0.463870096 -0.498712147 0.286265926 0.818130805 -0.017739240 0.940318456 -0.339833077 -7.723392010 0.029331131 -14.945585251
0.000000000 0.500000000 0.666666667 0.500000000 0.500000000 0.000000000 0.000000000 -0.867926156 -0.177829122 -0.463768252 -0.496325852 0.274603772 0.823561423 -0.019100694 0.944970672 -0.326596987 -7.648227215 0.023287125 -14.826117516
0.000000000 0.500000000 0.666666667 0.500000000 0.500000000 0.000000000 0.000000000 -0.869831995 -0.170010665 -0.463129220 -0.492941404 0.261394988 0.829868323 -0.020026809 0.950141586 -0.311175019 -7.574189186 0.017373351 -14.706782341
0.000000000 0.500000000 0.666666667 0.500000000 0.500000000 0.000000000 0.000000000 -0.872233304 -0.160728938 -0.461925613 -0.488660692 0.246824144 0.836832462 -0.020488799 0.955638033 -0.293830153 -7.501668453 0.011834640 -14.587347984
0.000000000 0.500000000 0.666666667 0.500000000 0.500000000 0.000000000 0.000000000 -0.875056307 -0.150178887 -0.460133417 -0.483588532 0.231080317 0.844241683 -0.020459500 0.961274253 -0.274833076 -7.430490494 0.006613922 -14.467934608
0.000000000 0.500000000 0.666666667 0.500000000 0.500000000 0.000000000 0.000000000 -0.878225714 -0.138556305 -0.457735454 -0.477831543 0.214360528 0.851895874 -0.019915131 0.966877301 -0.254463501 -7.361100674 0.001979370 -14.348301888
0.000000000 0.500000000 0.666666667 0.500000000 0.500000000 0.000000000 0.000000000 -0.881665535 -0.126056204 -0.454725982 -0.471498738 0.196871251 0.859610755 -0.018836795 0.972291903 -0.233009938 -7.293278694 -0.002147827 -14.228588104
0.000000000 0.500000000 0.666666667 0.500000000 0.500000000 0.000000000 0.000000000 -0.885300215 -0.112874686 -0.451112885 -0.464701171 0.178829924 0.867221240 -0.017214842 0.977383836 -0.210771169 -7.226912498 -0.005794220 -14.108904839
0.000000000 0.500000000 0.666666667 0.500000000 0.500000000 0.000000000 0.000000000 -0.889056218 -0.099204678 -0.446919985 -0.457550658 0.160465137 0.874584664 -0.015047813 0.982043467 -0.188053694 -7.162678242 -0.008564529 -13.988858223
0.000000000 0.500000000 0.666666667 0.500000000 0.500000000 0.000000000 0.000000000 -0.892862662 -0.085236811 -0.442188820 -0.450159823 0.142016675 0.881582326 -0.012345080 0.986187584 -0.165171575 -7.098805904 -0.011343002 -13.869464874
0.000000000 0.500000000 0.666666667 0.500000000 0.500000000 0.000000000 0.000000000 -0.896652739 -0.071156622 -0.436978949 -0.442640461 0.123734673 0.888121136 -0.009126252 0.989760812 -0.142443833 -7.037636757 -0.013005218 -13.749452591
0.000000000 0.500000000 0.666666667 0.500000000 0.500000000 0.000000000 0.000000000 -0.900363855 -0.057144338 -0.431369276 -0.435104046 0.105878457 0.894133224 -0.005421938 0.992735754 -0.120192868 -6.976809025 -0.014598694 -13.630087852
0.000000000 0.500000000 0.666666667 0.500000000 0.500000000 0.000000000 0.000000000 -0.903939392 -0.043373070 -0.425455465 -0.427658691 0.088715129 0.899576384 -0.001273053 0.995112256 -0.098741970 -6.917180061 -0.015740050 -13.510922432
0.000000000 0.500000000 0.666666667 0.500000000 0.500000000 0.000000000 0.000000000 -0.907328218 -0.030009269 -0.419350626 -0.420410295 0.072518168 0.904431478 0.003269212 0.996915523 -0.078413986 -6.859109878 -0.016240921 -13.391758919
0.000000000 0.500000000 0.666666667 0.500000000 0.500000000 0.000000000 0.000000000 -0.910485321 -0.017211616 -0.413183059 -0.413461171 0.057565666 0.908700201 0.008144959 0.998193345 -0.059529029 -6.801271915 -0.016593857 -13.273259163
0.000000000 0.500000000 0.666666667 0.500000000 0.500000000 0.000000000 0.000000000 -0.913371938 -0.005130870 -0.407093819 -0.406909265 0.044139058 0.912401553 0.013287324 0.999012221 -0.042403175 -6.745163441 -0.016238555 -13.154676437
0.000000000 0.500000000 0.666666667 0.500000000 0.500000000 0.000000000 0.000000000 -0.915955367 0.006088823 -0.401233962 -0.400847762 0.032521759 0.915567259 0.018623561 0.999452481 -0.027347789 -6.689887524 -0.015443267 -13.036430359
0.000000000 0.500000000 0.666666667 0.500000000 0.500000000 0.000000000 0.000000000 -0.918208267 0.016308312 -0.395762071 -0.395365517 0.022998140 0.918235914 0.024076669 0.999602483 -0.014669338 -6.634777546 -0.014397811 -12.918823242
0.000000000 0.500000000 0.666666667 0.500000000 0.500000000 0.000000000 0.000000000 -0.920108044 0.025393391 -0.390840585 -0.390546864 0.015852716 0.920446543 0.029569143 0.999551833 -0.004668902 -6.581807613 -0.012481460 -12.800923347
0.000000000 0.500000000 0.666666667 0.500000000 0.500000000 0.000000000 0.000000000 -0.921635953 0.033211047 -0.386631861 -0.386471840 0.011369511 0.922231127 0.035024077 0.999383690 0.002356585 -6.526966572 -0.010057067 -12.678647041
0.000000000 0.500000000 0.666666667 0.500000000 0.500000000 0.000000000 0.000000000 -0.922786009 0.039658721 -0.383266445 -0.383192554 0.009750296 0.923617019 0.040366431 0.999165711 0.006199490 -6.470384598 -0.007074280 -12.551925659
0.000000000 0.500000000 0.666666667 0.500000000 0.500000000 0.000000000 0.000000000 -0.923594196 0.044758456 -0.380749842 -0.380659013 0.010869303 0.924651596 0.045524464 0.998938706 0.006998885 -6.414006233 -0.003066254 -12.419904709
0.000000000 0.500000000 0.666666667 0.500000000 0.500000000 0.000000000 0.000000000 -0.924103465 0.048556881 -0.379044871 -0.378799583 0.014515135 0.925364894 0.050434721 0.998714944 0.004979840 -6.355600357 0.001384201 -12.283561707
0.000000000 0.500000000 0.666666667 0.500000000 0.500000000 0.000000000 0.000000000 -0.924353949 0.051092589 -0.378099623 -0.377545151 0.020472369 0.925764841 0.055040317 0.998484066 0.000366044 -6.301745415 0.006352310 -12.152745247
0.000000000 0.500000000 0.666666667 0.500000000 0.500000000 0.000000000 0.000000000 -0.924382414 0.052399090 -0.377851144 -0.376831264 0.028522020 0.925842693 0.059290393 0.998218829 -0.006619638 -6.251420975 0.011595992 -12.027877808
0.000000000 0.500000000 0.666666667 0.500000000 0.500000000 0.000000000 0.000000000 -0.924223113 0.052505957 -0.378225809 -0.376596892 0.038441769 0.925579284 0.063138095 0.997880431 -0.015755191 -6.203574181 0.016863784 -11.909401894
0.000000000 0.500000000 0.666666667 0.500000000 0.500000000 0.000000000 0.000000000 -0.923907440 0.051440723 -0.379142315 -0.376785790 0.050006218 0.924949646 0.066539552 0.997423295 -0.026818983 -6.161283016 0.022677153 -11.796148300
0.000000000 0.500000000 0.666666667 0.500000000 0.500000000 0.000000000 0.000000000 -0.923464267 0.049228860 -0.380513163 -0.377346339 0.062987123 0.923927683 0.069451336 0.996799449 -0.039590027 -6.121253490 0.028418349 -11.689381599
0.000000000 0.500000000 0.666666667 0.500000000 0.500000000 0.000000000 0.000000000 -0.922919877 0.045897957 -0.382246358 -0.378231461 0.077153810 0.922490245 0.071832180 0.995962182 -0.053846734 -6.083809853 0.034107514 -11.588998795
0.000000000 0.500000000 0.666666667 0.500000000 0.500000000 0.000000000 0.000000000 -0.922298519 0.041474617 -0.384246403 -0.379398022 0.092273586 0.920620837 0.073638190 0.994869560 -0.069368404 -6.051624775 0.040125046 -11.494076729
0.000000000 0.500000000 0.666666667 0.500000000 0.500000000 0.000000000 0.000000000 -0.921621817 0.035991416 -0.386416673 -0.380807066 0.108112507 0.918312400 0.074827838 0.993486942 -0.085933060 -6.021486759 0.045948409 -11.405737877
0.000000000 0.500000000 0.666666667 0.500000000 0.500000000 0.000000000 0.000000000 -0.920909231 0.029481680 -0.388660545 -0.382423415 0.124436159 0.915569754 0.075355960 0.991789531 -0.103319923 -5.993397236 0.051548079 -11.323984146
0.000000000 0.500000000 0.666666667 0.500000000 0.500000000 0.000000000 0.000000000 -0.920177954 0.021982285 -0.390882735 -0.384215027 0.141010435 0.912411568 0.075175436 0.989764031 -0.121308769 -5.969742298 0.057050399 -11.248085976
0.000000000 0.500000000 0.666666667 0.500000000 0.500000000 0.000000000 0.000000000 -0.919442798 0.013536102 -0.392990732 -0.386152196 0.157602647 0.908871766 0.074238961 0.987409834 -0.139679623 -5.948678970 0.062305678 -11.178607941
0.000000000 0.500000000 0.666666667 0.500000000 0.500000000 0.000000000 0.000000000 -0.918716104 0.004187868 -0.394896419 -0.388207658 0.173982437 0.904999959 0.072495061 0.984739851 -0.158214704 -5.929405212 0.067232132 -11.115801811
0.000000000 0.500000000 0.666666667 0.500000000 0.500000000 0.000000000 0.000000000 -0.918007729 -0.006012650 -0.396516907 -0.390355036 0.189922782 0.900861967 0.069891027 0.981780620 -0.176697650 -5.908234596 0.072387926 -11.046795845
0.000000000 0.500000000 0.666666667 0.500000000 0.500000000 0.000000000 0.000000000 -0.917325231 -0.017013109 -0.397775029 -0.392567612 0.205200854 0.896539614 0.066370849 0.978572002 -0.194914717 -5.887124062 0.077725068 -10.971065521
0.000000000 0.500000000 0.666666667 0.500000000 0.500000000 0.000000000 0.000000000 -0.916673201 -0.028758144 -0.398601571 -0.394818384 0.219598655 0.892129405 0.061876383 0.975166345 -0.212654446 -5.867276668 0.082932353 -10.895143509
0.000000000 0.500000000 0.666666667 0.500000000 0.500000000 0.000000000 0.000000000 -0.916053473 -0.041190325 -0.398935323 -0.397078125 0.232903597 0.887741447 0.056347113 0.971627126 -0.229707926 -5.847375393 0.087997280 -10.819370270
0.000000000 0.500000000 0.666666667 0.500000000 0.500000000 0.000000000 0.000000000 -0.915465275 -0.054251755 -0.398723057 -0.399313546 0.244908684 0.883497837 0.049719431 0.968027109 -0.245868857 -5.827427864 0.092893749 -10.743736267
0.000000000 0.500000000 0.666666667 0.500000000 0.500000000 0.000000000 0.000000000 -0.914899079 -0.067876289 -0.397935276 -0.401495999 0.255463370 0.879510904 0.041959950 0.964433137 -0.260975260 -5.809300423 0.097441785 -10.667814255
0.000000000 0.500000000 0.666666667 0.500000000 0.500000000 0.000000000 0.000000000 -0.914322258 -0.081969190 -0.396605422 -0.403627492 0.264623829 0.875819089 0.033161064 0.960861739 -0.275036475 -5.792165279 0.101721264 -10.591793060
0.000000000 0.500000000 0.666666667 0.500000000 0.500000000 0.000000000 0.000000000 -0.913699678 -0.096429575 -0.394783783 -0.405713013 0.272496942 0.872434735 0.023448863 0.957312255 -0.288103102 -5.775012016 0.105834275 -10.515900612
0.000000000 0.500000000 0.666666667 0.500000000 0.500000000 0.000000000 0.000000000 -0.912999887 -0.111159200 -0.392523679 -0.407754206 0.279188283 0.869362071 0.012950420 0.953780654 -0.300224502 -5.757849217 0.109794155 -10.440139771
0.000000000 0.500000000 0.666666667 0.500000000 0.500000000 0.000000000 0.000000000 -0.912196513 -0.126060693 -0.389879755 -0.409749070 0.284802708 0.866598591 0.001794791 0.950261080 -0.311449289 -5.741470814 0.113476254 -10.364359856
0.000000000 0.500000000 0.666666667 0.500000000 0.500000000 0.000000000 0.000000000 -0.911268408 -0.141039687 -0.386907865 -0.411694175 0.289444134 0.864135406 -0.009889175 0.946747009 -0.321826513 -5.726523399 0.116781458 -10.288440704
0.000000000 0.500000000 0.666666667 0.500000000 0.500000000 0.000000000 0.000000000 -0.910200260 -0.156002472 -0.383664848 -0.413585239 0.293215156 0.861958307 -0.021971278 0.943232793 -0.331404831 -5.711597919 0.119973294 -10.212653160
0.000000000 0.500000000 0.666666667 0.500000000 0.500000000 0.000000000 0.000000000 -0.908982895 -0.170856516 -0.380208032 -0.415418102 0.296217639 0.860048203 -0.034320514 0.939714404 -0.340233657 -5.696710110 0.123064190 -10.136999130
0.000000000 0.500000000 0.666666667 0.500000000 0.500000000 0.000000000 0.000000000 -0.907613663 -0.185510334 -0.376594418 -0.417189022 0.298552463 0.858382052 -0.046805550 0.936190335 -0.348363169 -5.681871414 0.126066819 -10.061480522
0.000000000 0.500000000 0.666666667 0.500000000 0.500000000 0.000000000 0.000000000 -0.906096132 -0.199874164 -0.372880835 -0.418896020 0.300319906 0.856932948 -0.059295220 0.932661928 -0.355845198 -5.667829514 0.128769070 -9.985969543
0.000000000 0.500000000 0.666666667 0.500000000 0.500000000 0.000000000 0.000000000 -0.904440264 -0.213858984 -0.369123481 -0.420538811 0.301618917 0.855671162 -0.071658341 0.929134201 -0.362732296 -5.654566288 0.131192848 -9.910469055
0.000000000 0.500000000 0.666666667 0.500000000 0.500000000 0.000000000 0.000000000 -0.902662342 -0.227376514 -0.365377362 -0.422118861 0.302547909 0.854564468 -0.083763733 0.925615840 -0.369078519 -5.641690731 0.133506164 -9.837127686
0.000000000 0.500000000 0.666666667 0.500000000 0.500000000 0.000000000 0.000000000 -0.900784058 -0.240340237 -0.361696906 -0.423640707 0.303204446 0.853578125 -0.095481059 0.922119100 -0.374939639 -5.629209995 0.135721058 -9.765943527
0.000000000 0.500000000 0.666666667 0.500000000 0.500000000 0.000000000 0.000000000 -0.898832495 -0.252664308 -0.358135300 -0.425111114 0.303685256 0.852675674 -0.106680298 0.918659900 -0.380372582 -5.617136002 0.137849733 -9.696916580
0.000000000 0.500000000 0.666666667 0.500000000 0.500000000 0.000000000 0.000000000 -0.896839713 -0.264263580 -0.354743977 -0.426538617 0.304086496 0.851819354 -0.117231979 0.915257430 -0.385435468 -5.605482101 0.139904022 -9.630039215
0.000000000 0.500000000 0.666666667 0.500000000 0.500000000 0.000000000 0.000000000 -0.894841084 -0.275055470 -0.351573495 -0.427934881 0.304503385 0.850969698 -0.127008551 0.911933209 -0.390187969 -5.594653130 0.141687006 -9.565249443
0.000000000 0.500000000 0.666666667 0.500000000 0.500000000 0.000000000 0.000000000 -0.892875752 -0.284955859 -0.348673271 -0.429312516 0.305030792 0.850086454 -0.135881032 0.908711381 -0.394689714 -5.584551811 0.143267736 -9.502559662
0.000000000 0.500000000 0.666666667 0.500000000 0.500000000 0.000000000 0.000000000 -0.890984508 -0.293883423 -0.346091232 -0.430685908 0.305762897 0.849128200 -0.143722844 0.905616687 -0.399001453 -5.574875355 0.144822225 -9.442018509
0.000000000 0.500000000 0.666666667 0.500000000 0.500000000 0.000000000 0.000000000 -0.889209156 -0.301756720 -0.343874917 -0.432070379 0.306793362 0.848052487 -0.150406995 0.902674202 -0.403183607 -5.565634727 0.146361992 -9.383621216
0.000000000 0.500000000 0.666666667 0.500000000 0.500000000 0.000000000 0.000000000 -0.887591464 -0.308495555 -0.342070001 -0.433480531 0.308215812 0.846816180 -0.155807644 0.899907498 -0.407296541 -5.556840897 0.147898868 -9.327365875
0.000000000 0.500000000 0.666666667 0.500000000 0.500000000 0.000000000 0.000000000 -0.886165388 -0.313196448 -0.341495082 -0.434926992 0.307977403 0.846160996 -0.159841850 0.898364016 -0.409136504 -5.548604488 0.149176091 -9.273120880
0.000000000 0.500000000 0.666666667 0.500000000 0.500000000 0.000000000 0.000000000 -0.884936410 -0.316625663 -0.341519751 -0.436401805 0.307733217 0.845490231 -0.162606933 0.897244926 -0.410500339 -5.540832520 0.150400698 -9.220987320
0.000000000 0.500000000 0.666666667 0.500000000 0.500000000 0.000000000 0.000000000 -0.883897798 -0.318919584 -0.342074525 -0.437891280 0.307485599 0.844809939 -0.164243444 0.896517097 -0.411437949 -5.533504486 0.151572868 -9.170967102
0.000000000 0.500000000 0.666666667 0.500000000 0.500000000 0.000000000 0.000000000 -0.883037262 -0.320213390 -0.343086838 -0.439381300 0.307236885 0.844126513 -0.164891681 0.896141106 -0.411997393 -5.526606560 0.152693018 -9.123067856
0.000000000 0.500000000 0.666666667 0.500000000 0.500000000 0.000000000 0.000000000 -0.882338540 -0.320641775 -0.344481571 -0.440857393 0.306989463 0.843446636 -0.164692014 0.896072721 -0.412225932 -5.520261288 0.153609157 -9.077270508
0.000000000 0.500000000 0.666666667 0.500000000 0.500000000 0.000000000 0.000000000 -0.881782848 -0.320337551 -0.346183279 -0.442305529 0.306745668 0.842776907 -0.163782869 0.896264999 -0.412170139 -5.514379978 0.154398412 -9.033593178
0.000000000 0.500000000 0.666666667 0.500000000 0.500000000 0.000000000 0.000000000 -0.881348673 -0.319436588 -0.348116049 -0.443713538 0.306507677 0.842123115 -0.162304693 0.896667893 -0.411878473 -5.508868217 0.155147702 -8.992053986
0.000000000 0.500000000 0.666666667 0.500000000 0.500000000 0.000000000 0.000000000 -0.881014143 -0.318073815 -0.350204408 -0.445069711 0.306277558 0.841490945 -0.160396484 0.897230798 -0.411399881 -5.503705978 0.155857384 -8.952660561
0.000000000 0.500000000 0.666666667 0.500000000 0.500000000 0.000000000 0.000000000 -0.880756623 -0.316386020 -0.352374313 -0.446364514 0.306057103 0.840885111 -0.158197632 0.897902520 -0.410785313 -5.498879433 0.156527549 -8.915418625
0.000000000 0.500000000 0.666666667 0.500000000 0.500000000 0.000000000 0.000000000 -0.880553919 -0.314511255 -0.354552488 -0.447589365 0.305847773 0.840310002 -0.155847865 0.898632188 -0.410087348 -5.494369984 0.157158509 -8.880333901
0.000000000 0.500000000 0.666666667 0.500000000 0.500000000 0.000000000 0.000000000 -0.880384158 -0.312589454 -0.356667306 -0.448737547 0.305650887 0.839769104 -0.153487287 0.899369428 -0.409360824 -5.490158558 0.157750323 -8.847414017
0.000000000 0.500000000 0.666666667 0.500000000 0.500000000 0.000000000 0.000000000 -0.880226543 -0.310761171 -0.358648473 -0.449803251 0.305467609 0.839265498 -0.151255638 0.900065017 -0.408662082 -5.486230373 0.158303216 -8.816665649
0.000000000 0.500000000 0.666666667 0.500000000 0.500000000 0.000000000 0.000000000 -0.880061262 -0.309168136 -0.360426467 -0.450781269 0.305298852 0.838802038 -0.149293076 0.900670680 -0.408048898 -5.482564449 0.158817291 -8.788092613
0.000000000 0.500000000 0.666666667 0.500000000 0.500000000 0.000000000 0.000000000 -0.879869774 -0.307952243 -0.361931756 -0.451666046 0.305145906 0.838381631 -0.147739510 0.901138942 -0.407580231 -5.479146481 0.159292519 -8.761702537
0.000000000 0.500000000 0.666666667 0.500000000 0.500000000 0.000000000 0.000000000 -0.879634257 -0.307255618 -0.363094423 -0.452451495 0.305009739 0.838007580 -0.146735202 0.901422789 -0.407315279 -5.475956917 0.159729376 -8.737500191
0.000000000 0.500000000 0.666666667 0.500000000 0.500000000 0.000000000 0.000000000 -0.879337418 -0.307219803 -0.363842959 -0.453130013 0.304891900 0.837683783 -0.146420276 0.901474859 -0.407313369 -5.472979546 0.160127789 -8.715491295
0.000000000 0.500000000 0.666666667 0.500000000 0.500000000 0.000000000 0.000000000 -0.878962591 -0.307984496 -0.364102066 -0.453690332 0.304794432 0.837415928 -0.146934841 0.901246861 -0.407632492 -5.470192909 0.160488054 -8.695684433
0.000000000 0.500000000 0.666666667 0.500000000 0.500000000 0.000000000 0.000000000 -0.878492534 -0.309685868 -0.363793253 -0.454117971 0.304719910 0.837211231 -0.148417439 0.900688870 -0.408328083 -5.467585564 0.160810545 -8.678083420
0.000000000 0.500000000 0.666666667 0.500000000 0.500000000 0.000000000 0.000000000 -0.877909015 -0.312457590 -0.362830561 -0.454392415 0.304672020 0.837079741 -0.151007598 0.899747306 -0.409452672 -5.465135574 0.161095813 -8.662694931
0.000000000 0.500000000 0.666666667 0.500000000 0.500000000 0.000000000 0.000000000 -0.877192271 -0.316426223 -0.361120707 -0.454486065 0.304655695 0.837034840 -0.154842294 0.898364822 -0.411052930 -5.462830543 0.161344215 -8.649526596
