0.000000000 0.500000000 0.666666667 0.500000000 0.500000000 0.000000000 0.000000000 -0.985733735 0.168312220 0.000000000 -0.000000000 -0.000000000 1.000000000 0.168312220 0.985733735 0.000000000 21.599847794 0.293495178 -3.960928917
0.000000000 0.500000000 0.666666667 0.500000000 0.500000000 0.000000000 0.000000000 -0.991195635 0.129173711 -0.029075165 -0.028757419 0.004324720 0.999577064 0.129244821 0.991612550 -0.000571942 21.733196259 0.323956609 -4.021238327
0.000000000 0.500000000 0.666666667 0.500000000 0.500000000 0.000000000 0.000000000 -0.994280354 0.088085992 -0.060393998 -0.059867801 0.008605808 0.998169217 0.088444465 0.996075699 -0.003283071 21.862091064 0.351000667 -4.082041740
0.000000000 0.500000000 0.666666667 0.500000000 0.500000000 0.000000000 0.000000000 -0.994595326 0.045363475 -0.093393216 -0.092919941 0.012436542 0.995595910 0.046325178 0.998893131 -0.008154155 21.985937119 0.372871071 -4.144835949
0.000000000 0.500000000 0.666666667 0.500000000 0.500000000 0.000000000 0.000000000 -0.991837441 0.001362809 -0.127501504 -0.127465515 0.015451550 0.991722639 0.003321625 0.999879689 -0.015151715 22.104072571 0.388392627 -4.210437298
0.000000000 0.500000000 0.666666667 0.500000000 0.500000000 0.000000000 0.000000000 -0.985806082 -0.043521446 -0.162148860 -0.163023349 0.017334823 0.986469914 -0.040121775 0.998902091 -0.024183786 22.215888977 0.397069991 -4.278954506
0.000000000 0.500000000 0.666666667 0.500000000 0.500000000 0.000000000 0.000000000 -0.976412437 -0.088862891 -0.196779418 -0.199088426 0.017826662 0.979819376 -0.083561663 0.995884329 -0.035097748 22.321008682 0.399118960 -4.349884510
0.000000000 0.500000000 0.666666667 0.500000000 0.500000000 0.000000000 0.000000000 -0.963684864 -0.134215756 -0.230862758 -0.235140915 0.016729155 0.971817311 -0.126571056 0.990810913 -0.047681249 22.419385910 0.395295411 -4.422381878
0.000000000 0.500000000 0.666666667 0.500000000 0.500000000 0.000000000 0.000000000 -0.947769796 -0.179124177 -0.263907072 -0.270658472 0.013909854 0.962574936 -0.168749534 0.983728136 -0.061664816 22.509689331 0.384354860 -4.496855259
0.000000000 0.500000000 0.666666667 0.500000000 0.500000000 0.000000000 0.000000000 -0.928928667 -0.223135279 -0.295469422 -0.305127198 0.009303185 0.952266162 -0.209735369 0.974743093 -0.076726638 22.593505859 0.369570315 -4.570888042
0.000000000 0.500000000 0.666666667 0.500000000 0.500000000 0.000000000 0.000000000 -0.907530267 -0.265812228 -0.325165609 -0.338053756 0.002909606 0.941122304 -0.249215713 0.964020432 -0.092499377 22.671932220 0.352573246 -4.643504620
0.000000000 0.500000000 0.666666667 0.500000000 0.500000000 0.000000000 0.000000000 -0.884040534 -0.306744906 -0.352675342 -0.368973861 -0.005207890 0.929425181 -0.286933135 0.951777516 -0.108576867 22.743286133 0.331460565 -4.715404034
0.000000000 0.500000000 0.666666667 0.500000000 0.500000000 0.000000000 0.000000000 -0.859007926 -0.345561868 -0.377746448 -0.397461649 -0.014928317 0.917497347 -0.322691216 0.938277219 -0.124524048 22.817068100 0.308292240 -4.791378975
0.000000000 0.500000000 0.666666667 0.500000000 0.500000000 0.000000000 0.000000000 -0.833048033 -0.381936615 -0.400194199 -0.423133580 -0.026082894 0.905691811 -0.356355087 0.923820386 -0.139881904 22.891452789 0.280859977 -4.872328758
0.000000000 0.500000000 0.666666667 0.500000000 0.500000000 0.000000000 0.000000000 -0.806826553 -0.415593665 -0.419896200 -0.445650429 -0.038461505 0.894380460 -0.387848693 0.908736826 -0.154177732 22.967470169 0.250520915 -4.957531452
0.000000000 0.500000000 0.666666667 0.500000000 0.500000000 0.000000000 0.000000000 -0.781040418 -0.446312426 -0.436784941 -0.464716151 -0.051825465 0.883941752 -0.417150770 0.893375251 -0.166930810 23.044965744 0.217141107 -5.046998024
0.000000000 0.500000000 0.666666667 0.500000000 0.500000000 0.000000000 0.000000000 -0.756401859 -0.473922889 -0.450836248 -0.480072301 -0.065919618 0.874748644 -0.444282358 0.878095495 -0.177655530 23.123544693 0.180182189 -5.140687942
0.000000000 0.500000000 0.666666667 0.500000000 0.500000000 0.000000000 0.000000000 -0.733620238 -0.498305095 -0.462053437 -0.491489665 -0.080484455 0.867156365 -0.469296554 0.863257948 -0.185866780 23.204101562 0.140824586 -5.238219261
0.000000000 0.500000000 0.666666667 0.500000000 0.500000000 0.000000000 0.000000000 -0.713386175 -0.519382512 -0.470448692 -0.498757050 -0.095268059 0.861490222 -0.492261689 0.849214816 -0.191082774 23.286083221 0.098233946 -5.339617729
0.000000000 0.500000000 0.666666667 0.500000000 0.500000000 0.000000000 0.000000000 -0.697133281 -0.537281992 -0.474692795 -0.500000013 -0.110164998 0.858989907 -0.513814339 0.836176856 -0.191841317 23.370092392 0.053015135 -5.444597721
0.000000000 0.500000000 0.666666667 0.500000000 0.500000000 0.000000000 0.000000000 -0.683140992 -0.551472729 -0.478744413 -0.500000011 -0.124611545 0.857013391 -0.532276595 0.824833190 -0.190609116 23.456233978 0.005474243 -5.553027630
0.000000000 0.500000000 0.666666667 0.500000000 0.500000000 0.000000000 0.000000000 -0.674171405 -0.562528998 -0.478595908 -0.493628390 -0.138827334 0.858520811 -0.549385046 0.815038710 -0.184086864 23.544721603 -0.044735719 -5.664672852
0.000000000 0.500000000 0.666666667 0.500000000 0.500000000 0.000000000 0.000000000 -0.669353397 -0.570608626 -0.475785483 -0.482855467 -0.152591908 0.862302910 -0.564638493 0.806921003 -0.173383583 23.636095047 -0.097138368 -5.779285908
0.000000000 0.500000000 0.666666667 0.500000000 0.500000000 0.000000000 0.000000000 -0.668398166 -0.576071486 -0.470516243 -0.468065756 -0.165862124 0.867988597 -0.578064304 0.800394527 -0.158777396 23.730461121 -0.150896296 -5.897201538
0.000000000 0.500000000 0.666666667 0.500000000 0.500000000 0.000000000 0.000000000 -0.670955160 -0.579234958 -0.462932000 -0.449617370 -0.178638617 0.875175677 -0.589629879 0.795345905 -0.140575597 23.827980042 -0.205104053 -6.018721581
0.000000000 0.500000000 0.666666667 0.500000000 0.500000000 0.000000000 0.000000000 -0.676625530 -0.580382868 -0.453137527 -0.427854058 -0.190952955 0.883446588 -0.599265214 0.791639246 -0.119115521 23.928998947 -0.257538766 -6.144542217
0.000000000 0.500000000 0.666666667 0.500000000 0.500000000 0.000000000 0.000000000 -0.684977224 -0.579770705 -0.441216651 -0.403116887 -0.202853190 0.892382966 -0.606879706 0.789123890 -0.094765546 24.033630371 -0.305941164 -6.275339127
0.000000000 0.500000000 0.666666667 0.500000000 0.500000000 0.000000000 0.000000000 -0.695556686 -0.577630038 -0.427252192 -0.375753101 -0.214399356 0.901577797 -0.612381012 0.787639800 -0.067919372 24.141830444 -0.348339826 -6.411529541
0.000000000 0.500000000 0.666666667 0.500000000 0.500000000 0.000000000 0.000000000 -0.707900879 -0.574175337 -0.411338094 -0.346123552 -0.225650826 0.910648226 -0.615690533 0.787022482 -0.038997189 24.253469467 -0.381883830 -6.553526878
0.000000000 0.500000000 0.666666667 0.500000000 0.500000000 0.000000000 0.000000000 -0.721549717 -0.569606212 -0.393592136 -0.314606464 -0.236661684 0.919246441 -0.616756661 0.787108640 -0.008438625 24.368129730 -0.403297096 -6.701488972
0.000000000 0.500000000 0.666666667 0.500000000 0.500000000 0.000000000 0.000000000 -0.736054152 -0.564113603 -0.374165910 -0.281600540 -0.247475636 0.927069008 -0.615569185 0.787738315 0.023300774 24.484994888 -0.409179986 -6.855122566
0.000000000 0.500000000 0.666666667 0.500000000 0.500000000 0.000000000 0.000000000 -0.750988870 -0.557879635 -0.353250661 -0.247524513 -0.258121116 0.933865678 -0.612166099 0.788760928 0.055757200 24.602851868 -0.396492004 -7.013559818
0.000000000 0.500000000 0.666666667 0.500000000 0.500000000 0.000000000 0.000000000 -0.765960012 -0.551081562 -0.331080614 -0.212814125 -0.268608816 0.939446354 -0.606642736 0.790036972 0.088465671 24.720754623 -0.364884645 -7.175523758
0.000000000 0.500000000 0.666666667 0.500000000 0.500000000 0.000000000 0.000000000 -0.780614863 -0.543890594 -0.307934178 -0.177917928 -0.278930615 0.943685818 -0.599154110 0.791442186 0.120969497 24.838809967 -0.317793578 -7.339887142
0.000000000 0.500000000 0.666666667 0.500000000 0.500000000 0.000000000 0.000000000 -0.794647209 -0.536474351 -0.284132159 -0.143292547 -0.289057099 0.946526935 -0.589917841 0.792869008 0.152825641 24.957529068 -0.258299559 -7.506108284
0.000000000 0.500000000 0.666666667 0.500000000 0.500000000 0.000000000 0.000000000 -0.807804547 -0.528993058 -0.260034918 -0.109395705 -0.298940913 0.947980438 -0.579210147 0.794229611 0.183616260 25.077699661 -0.189160153 -7.674017906
0.000000000 0.500000000 0.666666667 0.500000000 0.500000000 0.000000000 0.000000000 -0.819888888 -0.521602694 -0.236035675 -0.076680174 -0.308514250 0.948123994 -0.567364399 0.795455584 0.212950821 25.195966721 -0.115801692 -7.837723255
0.000000000 0.500000000 0.666666667 0.500000000 0.500000000 0.000000000 0.000000000 -0.830757217 -0.514453631 -0.212555658 -0.045587807 -0.317693222 0.947097022 -0.554764993 0.796497633 0.240473124 25.313423157 -0.040928952 -7.997560978
0.000000000 0.500000000 0.666666667 0.500000000 0.500000000 0.000000000 0.000000000 -0.840320619 -0.507688129 -0.190036895 -0.016545739 -0.326379510 0.945093992 -0.541837149 0.797326269 0.265863357 25.431299210 0.032878112 -8.153814316
0.000000000 0.500000000 0.666666667 0.500000000 0.500000000 0.000000000 0.000000000 -0.848537781 -0.501442673 -0.168934545 0.010037826 -0.334462713 0.942355525 -0.529039579 0.797928531 0.288837642 25.550930023 0.102783814 -8.306756020
0.000000000 0.500000000 0.666666667 0.500000000 0.500000000 0.000000000 0.000000000 -0.855407209 -0.495847615 -0.149711888 0.033773644 -0.341825012 0.939156538 -0.516853797 0.798304957 0.309146160 25.673578262 0.165846854 -8.456503868
0.000000000 0.500000000 0.666666667 0.500000000 0.500000000 0.000000000 0.000000000 -0.860982669 -0.491959075 -0.129170865 0.054367716 -0.341514273 0.938302804 -0.505720273 0.800839728 0.320784562 25.798856735 0.223312676 -8.602680206
0.000000000 0.500000000 0.666666667 0.500000000 0.500000000 0.000000000 0.000000000 -0.865426635 -0.488481339 -0.111457260 0.071841796 -0.341136342 0.937264505 -0.495858342 0.803126377 0.330321854 25.926054001 0.274710685 -8.745539665
0.000000000 0.500000000 0.666666667 0.500000000 0.500000000 0.000000000 0.000000000 -0.868902835 -0.485465068 -0.096599854 0.086297197 -0.340744210 0.936187042 -0.487401947 0.805119278 0.337967884 26.054962158 0.320094287 -8.884957313
0.000000000 0.500000000 0.666666667 0.500000000 0.500000000 0.000000000 0.000000000 -0.871547108 -0.482956894 -0.084606601 0.097832666 -0.340379415 0.935184807 -0.480452295 0.806780325 0.343905655 26.184896469 0.360285938 -9.021046638
0.000000000 0.500000000 0.666666667 0.500000000 0.500000000 0.000000000 0.000000000 -0.873467429 -0.480998313 -0.075467031 0.106543809 -0.340073348 0.934343906 -0.475082169 0.808078425 0.348290386 26.315229416 0.396119386 -9.153978348
0.000000000 0.500000000 0.666666667 0.500000000 0.500000000 0.000000000 0.000000000 -0.874745235 -0.479622867 -0.069156919 0.112518909 -0.339848135 0.933725195 -0.471338805 0.808990204 0.351247178 26.445175171 0.428824157 -9.284097671
0.000000000 0.500000000 0.666666667 0.500000000 0.500000000 0.000000000 0.000000000 -0.875437041 -0.478854569 -0.065637551 0.115840922 -0.339717587 0.933366403 -0.469244997 0.809500008 0.352872314 26.561639786 0.478217751 -9.399858475
0.000000000 0.500000000 0.666666667 0.500000000 0.500000000 0.000000000 0.000000000 -0.875574824 -0.478708584 -0.064859989 0.116584724 -0.339687829 0.933284619 -0.468803508 0.809598833 0.353232220 26.577426910 0.661583841 -9.409119606
0.000000000 0.500000000 0.666666667 0.500000000 0.500000000 0.000000000 0.000000000 -0.875168371 -0.479189663 -0.066765179 0.114817675 -0.339758218 0.933478042 -0.469997047 0.809284635 0.352365089 26.592411041 0.843033731 -9.426193237
0.000000000 0.500000000 0.666666667 0.500000000 0.500000000 0.000000000 0.000000000 -0.874206315 -0.480293519 -0.071284326 0.110600709 -0.339921791 0.933927545 -0.472790442 0.808561260 0.350282580 26.605068207 1.019766808 -9.465188026
0.000000000 0.500000000 0.666666667 0.500000000 0.500000000 0.000000000 0.000000000 -0.872657212 -0.482008471 -0.078340439 0.103988135 -0.340165856 0.934598127 -0.477132956 0.807437320 0.346971349 26.613376617 1.183237910 -9.539681435
0.000000000 0.500000000 0.666666667 0.500000000 0.500000000 0.000000000 0.000000000 -0.870471721 -0.484316016 -0.087846337 0.095030306 -0.340472256 0.935439941 -0.482957787 0.805925952 0.342396170 26.613626480 1.308623910 -9.665780067
0.000000000 0.500000000 0.666666667 0.500000000 0.500000000 0.000000000 0.000000000 -0.867584024 -0.487192544 -0.099706504 0.083772636 -0.340817871 0.936389515 -0.490183748 0.804043907 0.336501544 26.606996536 1.375749826 -9.829482079
0.000000000 0.500000000 0.666666667 0.500000000 0.500000000 0.000000000 0.000000000 -0.863913062 -0.490612234 -0.113815011 0.070259107 -0.341174913 0.937370437 -0.498716231 0.801810024 0.329215441 26.599189758 1.395866990 -10.004080772
0.000000000 0.500000000 0.666666667 0.500000000 0.500000000 0.000000000 0.000000000 -0.859364629 -0.494548502 -0.130054654 0.054533635 -0.341511135 0.938294318 -0.508447162 0.799244596 0.320452117 26.593139648 1.384008408 -10.178392410
0.000000000 0.500000000 0.666666667 0.500000000 0.500000000 0.000000000 0.000000000 -0.853833013 -0.498976316 -0.148296400 0.036641679 -0.341790431 0.939061600 -0.519255789 0.796367966 0.310115284 26.590820312 1.344720721 -10.347527504
0.000000000 0.500000000 0.666666667 0.500000000 0.500000000 0.000000000 0.000000000 -0.847202779 -0.503873829 -0.168400164 0.016629595 -0.341972812 0.939562692 -0.531009329 0.793199697 0.298099535 26.592758179 1.286265254 -10.509667397
0.000000000 0.500000000 0.666666667 0.500000000 0.500000000 0.000000000 0.000000000 -0.839350631 -0.509225924 -0.190209035 -0.005447590 -0.342015064 0.939678679 -0.543563099 0.789756073 0.284296506 26.599189758 1.213097453 -10.664258003
0.000000000 0.500000000 0.666666667 0.500000000 0.500000000 0.000000000 0.000000000 -0.830147881 -0.515890761 -0.211450272 -0.029530883 -0.338036383 0.940669618 -0.556760651 0.787139204 0.265385478 26.609334946 1.132972360 -10.813317299
0.000000000 0.500000000 0.666666667 0.500000000 0.500000000 0.000000000 0.000000000 -0.819461021 -0.523487315 -0.233333809 -0.055551051 -0.332655706 0.941410783 -0.570436426 0.784411379 0.243518114 26.622480392 1.050509334 -10.959250450
0.000000000 0.500000000 0.666666667 0.500000000 0.500000000 0.000000000 0.000000000 -0.807177465 -0.531752085 -0.256328422 -0.083385211 -0.327164591 0.941281168 -0.584389807 0.781154947 0.219739626 26.638343811 0.968845487 -11.103892326
0.000000000 0.500000000 0.666666667 0.500000000 0.500000000 0.000000000 0.000000000 -0.793282495 -0.540601284 -0.280094867 -0.112724277 -0.321677517 0.940115319 -0.598327770 0.777350517 0.194242254 26.656785965 0.890975952 -11.248884201
0.000000000 0.500000000 0.666666667 0.500000000 0.500000000 0.000000000 0.000000000 -0.777817261 -0.549930118 -0.304264972 -0.143203482 -0.316310915 0.937784713 -0.611958390 0.772996941 0.167280181 26.677762985 0.820095479 -11.395704269
0.000000000 0.500000000 0.666666667 0.500000000 0.500000000 0.000000000 0.000000000 -0.760863307 -0.559628626 -0.328485662 -0.174448625 -0.311173122 0.934204991 -0.625023764 0.768106170 0.139133767 26.701337814 0.760311246 -11.545691490
0.000000000 0.500000000 0.666666667 0.500000000 0.500000000 0.000000000 0.000000000 -0.742545649 -0.569582315 -0.352422965 -0.206080393 -0.306359595 0.929340987 -0.637304347 0.762705569 0.110106236 26.726528168 0.710469961 -11.697711945
0.000000000 0.500000000 0.666666667 0.500000000 0.500000000 0.000000000 0.000000000 -0.723032447 -0.579673560 -0.375769403 -0.237719065 -0.301954080 0.923208199 -0.648624489 0.756837034 0.080523141 26.752641678 0.670298755 -11.851131439
0.000000000 0.500000000 0.666666667 0.500000000 0.500000000 0.000000000 0.000000000 -0.702533888 -0.589783580 -0.398247995 -0.268988742 -0.298026720 0.915873971 -0.658855973 0.750556729 0.050728727 26.778938293 0.639791548 -12.005451202
0.000000000 0.500000000 0.666666667 0.500000000 0.500000000 0.000000000 0.000000000 -0.681299616 -0.599794437 -0.419615856 -0.299523564 -0.294631029 0.907456991 -0.667919507 0.743934937 0.021079440 26.804515839 0.619977117 -12.160327911
0.000000000 0.500000000 0.666666667 0.500000000 0.500000000 0.000000000 0.000000000 -0.659613111 -0.609592173 -0.439667972 -0.328971728 -0.291805566 0.898124220 -0.675787056 0.737052843 -0.008059813 26.827859879 0.613193929 -12.315347672
0.000000000 0.500000000 0.666666667 0.500000000 0.500000000 0.000000000 0.000000000 -0.637791341 -0.619063891 -0.458238043 -0.356999488 -0.289572951 0.888087198 -0.682476059 0.730005072 -0.036318372 26.846847534 0.621281087 -12.469475746
0.000000000 0.500000000 0.666666667 0.500000000 0.500000000 0.000000000 0.000000000 -0.616174249 -0.628105377 -0.475197781 -0.383294153 -0.287939240 0.877597052 -0.688051515 0.722893236 -0.063328374 26.857990265 0.645353377 -12.621380806
0.000000000 0.500000000 0.666666667 0.500000000 0.500000000 0.000000000 0.000000000 -0.595121230 -0.636618066 -0.490457093 -0.407565872 -0.286897752 0.866936987 -0.692618786 0.715826179 -0.088724854 26.860969543 0.675609410 -12.771144867
0.000000000 0.500000000 0.666666667 0.500000000 0.500000000 0.000000000 0.000000000 -0.575005097 -0.644510608 -0.503959536 -0.429546860 -0.286429882 0.856415447 -0.696317911 0.708917484 -0.112148865 26.859069824 0.703610241 -12.919933319
0.000000000 0.500000000 0.666666667 0.500000000 0.500000000 0.000000000 0.000000000 -0.556206094 -0.651700157 -0.515675951 -0.448990770 -0.286504764 0.846358263 -0.699315430 0.702283365 -0.133251660 26.854537964 0.726165473 -13.068172455
0.000000000 0.500000000 0.666666667 0.500000000 0.500000000 0.000000000 0.000000000 -0.539105712 -0.658111094 -0.525599486 -0.465668388 -0.287085744 0.837098995 -0.701796255 0.696039915 -0.151691968 26.848783493 0.742683709 -13.215757370
0.000000000 0.500000000 0.666666667 0.500000000 0.500000000 0.000000000 0.000000000 -0.524081302 -0.663675141 -0.533735979 -0.479363174 -0.288131618 0.828969914 -0.703952936 0.690301005 -0.167137029 26.842609406 0.753960848 -13.362400055
0.000000000 0.500000000 0.666666667 0.500000000 0.500000000 0.000000000 0.000000000 -0.511501696 -0.668330099 -0.540093412 -0.489863717 -0.289600446 0.822292601 -0.705974188 0.685176226 -0.179259547 26.836532593 0.762322664 -13.507818222
0.000000000 0.500000000 0.666666667 0.500000000 0.500000000 0.000000000 0.000000000 -0.501722661 -0.672017639 -0.544671152 -0.496956864 -0.291453252 0.817367039 -0.708031247 0.680769634 -0.187735077 26.830635071 0.768902242 -13.651908875
0.000000000 0.500000000 0.666666667 0.500000000 0.500000000 0.000000000 0.000000000 -0.495218393 -0.674764374 -0.547221877 -0.499999993 -0.293740815 0.814687879 -0.710463757 0.677059357 -0.191916328 26.825212479 0.773627937 -13.794664383
0.000000000 0.500000000 0.666666667 0.500000000 0.500000000 0.000000000 0.000000000 -0.491890267 -0.676271648 -0.548361763 -0.500000010 -0.296198121 0.813797679 -0.712772022 0.674480045 -0.192438858 26.820270538 0.777460933 -13.935979843
