0.000000000 0.384615385 0.666666667 0.384615385 0.500000000 0.000000000 0.000000000 0.009097233 0.000000000 -0.999958619 -0.809631944 0.999958619 0.000000000 0.009097233 0.770695865 0.000000000 1.000000000 0.000000000 -32.821113586
0.000000000 0.384615385 0.666666667 0.384615385 0.500000000 0.000000000 0.000000000 0.009905199 0.000000000 -0.999950942 -0.793489337 0.999950942 0.000000000 0.009905199 0.779050350 0.000000000 1.000000000 0.000000000 -33.079929352
0.000000000 0.384615385 0.666666667 0.384615385 0.500000000 0.000000000 0.000000000 0.011158414 0.000000000 -0.999937743 -0.827487469 0.999937743 0.000000000 0.011158414 0.771017671 0.000000000 1.000000000 0.000000000 -33.262081146
0.000000000 0.384615385 0.666666667 0.384615385 0.500000000 0.000000000 0.000000000 0.012756728 0.000000000 -0.999918630 -0.811261892 0.999918630 0.000000000 0.012756728 0.759164274 0.000000000 1.000000000 0.000000000 -33.474426270
0.000000000 0.384615385 0.666666667 0.384615385 0.500000000 0.000000000 0.000000000 0.014697457 0.000000000 -0.999891987 -0.820720792 0.999891987 0.000000000 0.014697457 0.775207937 0.000000000 1.000000000 0.000000000 -33.715049744
0.000000000 0.384615385 0.666666667 0.384615385 0.500000000 0.000000000 0.000000000 0.016962990 0.000000000 -0.999856118 -0.819591045 0.999856118 0.000000000 0.016962990 0.788814843 0.000000000 1.000000000 0.000000000 -33.922023773
0.000000000 0.384615385 0.666666667 0.384615385 0.500000000 0.000000000 0.000000000 0.019536240 0.000000000 -0.999809149 -0.851262808 0.999809149 0.000000000 0.019536240 0.774220467 0.000000000 1.000000000 0.000000000 -34.132663727
0.000000000 0.384615385 0.666666667 0.384615385 0.500000000 0.000000000 0.000000000 0.022399571 0.000000000 -0.999749098 -0.817014456 0.999749098 0.000000000 0.022399571 0.777091503 0.000000000 1.000000000 0.000000000 -34.350025177
0.000000000 0.384615385 0.666666667 0.384615385 0.500000000 0.000000000 0.000000000 0.025540665 0.000000000 -0.999673784 -0.826498091 0.999673784 0.000000000 0.025540665 0.799576402 0.000000000 1.000000000 0.000000000 -34.538013458
0.000000000 0.384615385 0.666666667 0.384615385 0.500000000 0.000000000 0.000000000 0.028942919 0.000000000 -0.999581066 -0.829393923 0.999581066 0.000000000 0.028942919 0.800413728 0.000000000 1.000000000 0.000000000 -34.768302917
0.000000000 0.384615385 0.666666667 0.384615385 0.500000000 0.000000000 0.000000000 0.032341116 0.000000000 -0.999476889 -0.870572507 0.999476889 0.000000000 0.032341116 0.819700241 0.000000000 1.000000000 0.000000000 -35.004119873
0.000000000 0.384615385 0.666666667 0.384615385 0.500000000 0.000000000 0.000000000 0.036321254 0.000000000 -0.999340166 -0.865577400 0.999340166 0.000000000 0.036321254 0.795605898 0.000000000 1.000000000 0.000000000 -35.191730499
0.000000000 0.384615385 0.666666667 0.384615385 0.500000000 0.000000000 0.000000000 0.040476979 0.000000000 -0.999180471 -0.882304668 0.999180471 0.000000000 0.040476979 0.795258403 0.000000000 1.000000000 0.000000000 -35.426898956
0.000000000 0.384615385 0.666666667 0.384615385 0.500000000 0.000000000 0.000000000 0.044783116 0.000000000 -0.998996733 -0.845486403 0.998996733 0.000000000 0.044783116 0.813468933 0.000000000 1.000000000 0.000000000 -35.595458984
0.000000000 0.384615385 0.666666667 0.384615385 0.500000000 0.000000000 0.000000000 0.049249615 0.000000000 -0.998786501 -0.880121469 0.998786501 0.000000000 0.049249615 0.763317943 0.000000000 1.000000000 0.000000000 -35.839336395
0.000000000 0.384615385 0.666666667 0.384615385 0.500000000 0.000000000 0.000000000 0.054066688 0.000000000 -0.998537327 -0.897680938 0.998537327 0.000000000 0.054066688 0.788624346 0.000000000 1.000000000 0.000000000 -36.081890106
0.000000000 0.384615385 0.666666667 0.384615385 0.500000000 0.000000000 0.000000000 0.059482786 0.000000000 -0.998229331 -0.893653214 0.998229331 0.000000000 0.059482786 0.780208826 0.000000000 1.000000000 0.000000000 -36.276466370
0.000000000 0.384615385 0.666666667 0.384615385 0.500000000 0.000000000 0.000000000 0.065030019 0.000000000 -0.997883308 -0.900223970 0.997883308 0.000000000 0.065030019 0.756325543 0.000000000 1.000000000 0.000000000 -36.533866882
0.000000000 0.384615385 0.666666667 0.384615385 0.500000000 0.000000000 0.000000000 0.070771818 0.000000000 -0.997492531 -0.923906863 0.997492531 0.000000000 0.070771818 0.794227183 0.000000000 1.000000000 0.000000000 -36.762565613
0.000000000 0.384615385 0.666666667 0.384615385 0.500000000 0.000000000 0.000000000 0.076706174 0.000000000 -0.997053741 -0.936389148 0.997053741 0.000000000 0.076706174 0.777283132 0.000000000 1.000000000 0.000000000 -36.984359741
0.000000000 0.384615385 0.666666667 0.384615385 0.500000000 0.000000000 0.000000000 0.082438769 0.000000000 -0.996596132 -0.954054534 0.996596132 0.000000000 0.082438769 0.811454475 0.000000000 1.000000000 0.000000000 -37.205871582
0.000000000 0.384615385 0.666666667 0.384615385 0.500000000 0.000000000 0.000000000 0.087629035 0.000000000 -0.996153177 -1.004098177 0.996153177 0.000000000 0.087629035 0.772097886 0.000000000 1.000000000 0.000000000 -37.474681854
0.000000000 0.384615385 0.666666667 0.384615385 0.500000000 0.000000000 0.000000000 0.095484168 0.000000000 -0.995430949 -1.013894677 0.995430949 0.000000000 0.095484168 0.795504272 0.000000000 1.000000000 0.000000000 -37.683910370
0.000000000 0.384615385 0.666666667 0.384615385 0.500000000 0.000000000 0.000000000 0.096983460 0.000000000 -0.995285993 -1.022218943 0.995285993 0.000000000 0.096983460 0.752010226 0.000000000 1.000000000 0.000000000 -37.878559113
0.000000000 0.384615385 0.666666667 0.384615385 0.500000000 0.000000000 0.000000000 0.108714913 0.000000000 -0.994072969 -1.077945828 0.994072969 0.000000000 0.108714913 0.804415703 0.000000000 1.000000000 0.000000000 -38.124660492
0.000000000 0.384615385 0.666666667 0.384615385 0.500000000 0.000000000 0.000000000 0.116021846 0.000000000 -0.993246662 -1.093763113 0.993246662 0.000000000 0.116021846 0.801851094 0.000000000 1.000000000 0.000000000 -38.318866730
0.000000000 0.384615385 0.666666667 0.384615385 0.500000000 0.000000000 0.000000000 0.122893288 0.000000000 -0.992419891 -1.121975422 0.992419891 0.000000000 0.122893288 0.806664646 0.000000000 1.000000000 0.000000000 -38.553371429
0.000000000 0.384615385 0.666666667 0.384615385 0.500000000 0.000000000 0.000000000 0.129372251 0.000000000 -0.991596098 -1.148927569 0.991596098 0.000000000 0.129372251 0.798762560 0.000000000 1.000000000 0.000000000 -38.748535156
0.000000000 0.384615385 0.666666667 0.384615385 0.500000000 0.000000000 0.000000000 0.136911041 0.000000000 -0.990583347 -1.185782194 0.990583347 0.000000000 0.136911041 0.771168828 0.000000000 1.000000000 0.000000000 -38.976417542
0.000000000 0.384615385 0.666666667 0.384615385 0.500000000 0.000000000 0.000000000 0.144749688 0.000000000 -0.989468306 -1.212465763 0.989468306 0.000000000 0.144749688 0.819379508 0.000000000 1.000000000 0.000000000 -39.213855743
0.000000000 0.384615385 0.666666667 0.384615385 0.500000000 0.000000000 0.000000000 0.153393005 0.000000000 -0.988165263 -1.234039307 0.988165263 0.000000000 0.153393005 0.816381037 0.000000000 1.000000000 0.000000000 -39.400314331
0.000000000 0.384615385 0.666666667 0.384615385 0.500000000 0.000000000 0.000000000 0.161693495 0.000000000 -0.986841028 -1.266234756 0.986841028 0.000000000 0.161693495 0.786030650 0.000000000 1.000000000 0.000000000 -39.600700378
0.000000000 0.384615385 0.666666667 0.384615385 0.500000000 0.000000000 0.000000000 0.169531142 0.000000000 -0.985524831 -1.308772802 0.985524831 0.000000000 0.169531142 0.774367630 0.000000000 1.000000000 0.000000000 -39.785991669
0.000000000 0.384615385 0.666666667 0.384615385 0.500000000 0.000000000 0.000000000 0.176738448 0.000000000 -0.984257853 -1.331607580 0.984257853 0.000000000 0.176738448 0.761681497 0.000000000 1.000000000 0.000000000 -39.957595825
0.000000000 0.384615385 0.666666667 0.384615385 0.500000000 0.000000000 0.000000000 0.184507429 0.000000000 -0.982831119 -1.342533588 0.982831119 0.000000000 0.184507429 0.795254648 0.000000000 1.000000000 0.000000000 -40.138217926
0.000000000 0.384615385 0.666666667 0.384615385 0.500000000 0.000000000 0.000000000 0.194005703 0.000000000 -0.981000401 -1.394919395 0.981000401 0.000000000 0.194005703 0.797540009 0.000000000 1.000000000 0.000000000 -40.349784851
0.000000000 0.384615385 0.666666667 0.384615385 0.500000000 0.000000000 0.000000000 0.204485414 0.000000000 -0.978869611 -1.426362276 0.978869611 0.000000000 0.204485414 0.798793375 0.000000000 1.000000000 0.000000000 -40.512344360
0.000000000 0.384615385 0.666666667 0.384615385 0.500000000 0.000000000 0.000000000 0.214148904 0.000000000 -0.976801027 -1.499145508 0.976801027 0.000000000 0.214148904 0.778885305 0.000000000 1.000000000 0.000000000 -40.713859558
0.000000000 0.384615385 0.666666667 0.384615385 0.500000000 0.000000000 0.000000000 0.177104347 0.000000000 -0.984192080 -1.433268070 0.984192080 0.000000000 0.177104347 0.770717740 0.000000000 1.000000000 0.000000000 -40.535446167
0.000000000 0.384615385 0.666666667 0.384615385 0.500000000 0.000000000 0.000000000 0.152378170 0.000000000 -0.988322262 -1.366641164 0.988322262 0.000000000 0.152378170 0.788148463 0.000000000 1.000000000 0.000000000 -40.336868286
0.000000000 0.384615385 0.666666667 0.384615385 0.500000000 0.000000000 0.000000000 0.082218469 0.000000000 -0.996614330 -1.356899381 0.996614330 0.000000000 0.082218469 0.757201195 0.000000000 1.000000000 0.000000000 -40.106567383
0.000000000 0.384615385 0.666666667 0.384615385 0.500000000 0.000000000 0.000000000 0.028034088 0.000000000 -0.999606968 -1.305981994 0.999606968 0.000000000 0.028034088 0.766003907 0.000000000 1.000000000 0.000000000 -39.890285492
0.000000000 0.384615385 0.666666667 0.384615385 0.500000000 0.000000000 0.000000000 -0.028628518 0.000000000 -0.999590120 -1.295551062 0.999590120 0.000000000 -0.028628518 0.804427147 0.000000000 1.000000000 0.000000000 -39.697032928
0.000000000 0.384615385 0.666666667 0.384615385 0.500000000 0.000000000 0.000000000 -0.060962704 0.000000000 -0.998140045 -1.262865305 0.998140045 0.000000000 -0.060962704 0.800730288 0.000000000 1.000000000 0.000000000 -39.458541870
0.000000000 0.384615385 0.666666667 0.384615385 0.500000000 0.000000000 0.000000000 -0.147229692 0.000000000 -0.989102329 -1.187377334 0.989102329 0.000000000 -0.147229692 0.785559833 0.000000000 1.000000000 0.000000000 -39.223667145
0.000000000 0.384615385 0.666666667 0.384615385 0.500000000 0.000000000 0.000000000 -0.199532429 0.000000000 -0.979891223 -1.168286681 0.979891223 0.000000000 -0.199532429 0.828211963 0.000000000 1.000000000 0.000000000 -39.024368286
0.000000000 0.384615385 0.666666667 0.384615385 0.500000000 0.000000000 0.000000000 -0.279067174 0.000000000 -0.960271583 -1.138046265 0.960271583 0.000000000 -0.279067174 0.815379262 0.000000000 1.000000000 0.000000000 -38.771331787
0.000000000 0.384615385 0.666666667 0.384615385 0.500000000 0.000000000 0.000000000 -0.322368326 0.000000000 -0.946614315 -1.101030588 0.946614315 0.000000000 -0.322368326 0.785151720 0.000000000 1.000000000 0.000000000 -38.532619476
0.000000000 0.384615385 0.666666667 0.384615385 0.500000000 0.000000000 0.000000000 -0.369829763 0.000000000 -0.929099535 -1.022758126 0.929099535 0.000000000 -0.369829763 0.787308633 0.000000000 1.000000000 0.000000000 -38.336524963
0.000000000 0.384615385 0.666666667 0.384615385 0.500000000 0.000000000 0.000000000 -0.450315742 0.000000000 -0.892869382 -1.014765024 0.892869382 0.000000000 -0.450315742 0.769998372 0.000000000 1.000000000 0.000000000 -38.088035583
0.000000000 0.384615385 0.666666667 0.384615385 0.500000000 0.000000000 0.000000000 -0.482517524 0.000000000 -0.875886316 -0.998132586 0.875886316 0.000000000 -0.482517524 0.803727388 0.000000000 1.000000000 0.000000000 -37.850639343
0.000000000 0.384615385 0.666666667 0.384615385 0.500000000 0.000000000 0.000000000 -0.510353864 0.000000000 -0.859964496 -0.863814056 0.859964496 0.000000000 -0.510353864 0.803775489 0.000000000 1.000000000 0.000000000 -37.597545624
0.000000000 0.384615385 0.666666667 0.384615385 0.500000000 0.000000000 0.000000000 -0.591011680 0.000000000 -0.806662999 -0.831092834 0.806662999 0.000000000 -0.591011680 0.748873353 0.000000000 1.000000000 0.000000000 -37.383346558
0.000000000 0.384615385 0.666666667 0.384615385 0.500000000 0.000000000 0.000000000 -0.606220128 0.000000000 -0.795296898 -0.802913487 0.795296898 0.000000000 -0.606220128 0.787505150 0.000000000 1.000000000 0.000000000 -37.114692688
0.000000000 0.384615385 0.666666667 0.384615385 0.500000000 0.000000000 0.000000000 -0.665283158 0.000000000 -0.746591133 -0.733331919 0.746591133 0.000000000 -0.665283158 0.779873431 0.000000000 1.000000000 0.000000000 -36.843650818
0.000000000 0.384615385 0.666666667 0.384615385 0.500000000 0.000000000 0.000000000 -0.686151711 0.000000000 -0.727458472 -0.680933833 0.727458472 0.000000000 -0.686151711 0.754508257 0.000000000 1.000000000 0.000000000 -36.626853943
0.000000000 0.384615385 0.666666667 0.384615385 0.500000000 0.000000000 0.000000000 -0.709217997 0.000000000 -0.704989243 -0.642860115 0.704989243 0.000000000 -0.709217997 0.821047425 0.000000000 1.000000000 0.000000000 -36.369583130
0.000000000 0.384615385 0.666666667 0.384615385 0.500000000 0.000000000 0.000000000 -0.754096336 0.000000000 -0.656763820 -0.592306495 0.656763820 0.000000000 -0.754096336 0.798787594 0.000000000 1.000000000 0.000000000 -36.143733978
0.000000000 0.384615385 0.666666667 0.384615385 0.500000000 0.000000000 0.000000000 -0.812283819 0.000000000 -0.583262374 -0.510306060 0.583262374 0.000000000 -0.812283819 0.805567622 0.000000000 1.000000000 0.000000000 -35.890373230
0.000000000 0.384615385 0.666666667 0.384615385 0.500000000 0.000000000 0.000000000 -0.814103891 0.000000000 -0.580719257 -0.452520132 0.580719257 0.000000000 -0.814103891 0.799997866 0.000000000 1.000000000 0.000000000 -35.657096863
0.000000000 0.384615385 0.666666667 0.384615385 0.500000000 0.000000000 0.000000000 -0.825081270 0.000000000 -0.565014068 -0.379151285 0.565014068 0.000000000 -0.825081270 0.779962122 0.000000000 1.000000000 0.000000000 -35.406082153
0.000000000 0.384615385 0.666666667 0.384615385 0.500000000 0.000000000 0.000000000 -0.859617827 0.000000000 -0.510937561 -0.334330142 0.510937561 0.000000000 -0.859617827 0.797459304 0.000000000 1.000000000 0.000000000 -35.160873413
0.000000000 0.384615385 0.666666667 0.384615385 0.500000000 0.000000000 0.000000000 -0.883607862 0.000000000 -0.468227665 -0.256833792 0.468227665 0.000000000 -0.883607862 0.804887295 0.000000000 1.000000000 0.000000000 -34.946960449
0.000000000 0.384615385 0.666666667 0.384615385 0.500000000 0.000000000 0.000000000 -0.909692388 0.000000000 -0.415282746 -0.203546137 0.415282746 0.000000000 -0.909692388 0.785659671 0.000000000 1.000000000 0.000000000 -34.693237305
0.000000000 0.384615385 0.666666667 0.384615385 0.500000000 0.000000000 0.000000000 -0.918636373 0.000000000 -0.395104055 -0.182708427 0.395104055 0.000000000 -0.918636373 0.794735730 0.000000000 1.000000000 0.000000000 -34.420246124
0.000000000 0.384615385 0.666666667 0.384615385 0.500000000 0.000000000 0.000000000 -0.919152479 0.000000000 -0.393901916 -0.140750125 0.393901916 0.000000000 -0.919152479 0.768242478 0.000000000 1.000000000 0.000000000 -34.216907501
0.000000000 0.384615385 0.666666667 0.384615385 0.500000000 0.000000000 0.000000000 -0.942988542 0.000000000 -0.332825194 -0.075004883 0.332825194 0.000000000 -0.942988542 0.882206321 0.000000000 1.000000000 0.000000000 -33.965641022
0.000000000 0.384615385 0.666666667 0.384615385 0.500000000 0.000000000 0.000000000 -0.967387626 0.000000000 -0.253300574 -0.002347412 0.253300574 0.000000000 -0.967387626 0.907344103 0.000000000 1.000000000 0.000000000 -33.765464783
0.000000000 0.384615385 0.666666667 0.384615385 0.500000000 0.000000000 0.000000000 -0.981586531 0.000000000 -0.191018013 0.068763733 0.191018013 0.000000000 -0.981586531 0.961214781 0.000000000 1.000000000 0.000000000 -33.539657593
0.000000000 0.384615385 0.666666667 0.384615385 0.500000000 0.000000000 0.000000000 -0.993063623 0.000000000 -0.117578230 0.118514098 0.117578230 0.000000000 -0.993063623 0.998894334 0.000000000 1.000000000 0.000000000 -33.336059570
0.000000000 0.384615385 0.666666667 0.384615385 0.500000000 0.000000000 0.000000000 -0.999364665 0.000000000 -0.035640793 0.175583497 0.035640793 0.000000000 -0.999364665 1.008129478 0.000000000 1.000000000 0.000000000 -33.123264313
0.000000000 0.384615385 0.666666667 0.384615385 0.500000000 0.000000000 0.000000000 -0.999555464 0.000000000 -0.029813980 0.231634513 0.029813980 0.000000000 -0.999555464 1.003812313 0.000000000 1.000000000 0.000000000 -32.879730225
0.000000000 0.384615385 0.666666667 0.384615385 0.500000000 0.000000000 0.000000000 -0.999733584 0.000000000 0.023081617 0.302932441 -0.023081617 0.000000000 -0.999733584 0.976992011 0.000000000 1.000000000 0.000000000 -32.672416687
0.000000000 0.384615385 0.666666667 0.384615385 0.500000000 0.000000000 0.000000000 -0.994331107 0.000000000 0.106328026 0.309063703 -0.106328026 0.000000000 -0.994331107 0.994745076 0.000000000 1.000000000 0.000000000 -32.425014496
0.000000000 0.384615385 0.666666667 0.384615385 0.500000000 0.000000000 0.000000000 -0.991803902 0.000000000 0.127769401 0.402574450 -0.127769401 0.000000000 -0.991803902 1.005527020 0.000000000 1.000000000 0.000000000 -32.198158264
0.000000000 0.384615385 0.666666667 0.384615385 0.500000000 0.000000000 0.000000000 -0.990459764 0.000000000 0.137802231 0.440212697 -0.137802231 0.000000000 -0.990459764 0.973686337 0.000000000 1.000000000 0.000000000 -31.934364319
0.000000000 0.384615385 0.666666667 0.384615385 0.500000000 0.000000000 0.000000000 -0.984415891 0.000000000 0.175856057 0.513906837 -0.175856057 0.000000000 -0.984415891 1.013999701 0.000000000 1.000000000 0.000000000 -31.706071854
0.000000000 0.384615385 0.666666667 0.384615385 0.500000000 0.000000000 0.000000000 -0.970749557 0.000000000 0.240094352 0.604227304 -0.240094352 0.000000000 -0.970749557 0.999081194 0.000000000 1.000000000 0.000000000 -31.409339905
0.000000000 0.384615385 0.666666667 0.384615385 0.500000000 0.000000000 0.000000000 -0.943680434 0.000000000 0.330858335 0.621850252 -0.330858335 0.000000000 -0.943680434 1.000204802 0.000000000 1.000000000 0.000000000 -31.209007263
0.000000000 0.384615385 0.666666667 0.384615385 0.500000000 0.000000000 0.000000000 -0.923753959 0.000000000 0.382986454 0.659643412 -0.382986454 0.000000000 -0.923753959 1.008084178 0.000000000 1.000000000 0.000000000 -30.989871979
0.000000000 0.384615385 0.666666667 0.384615385 0.500000000 0.000000000 0.000000000 -0.891724331 0.000000000 0.452578963 0.736548305 -0.452578963 0.000000000 -0.891724331 1.003899813 0.000000000 1.000000000 0.000000000 -30.719066620