0 0.428197782 0.761240451 0.500000000 0.500000000 0.000000000 0.000000000 0.990066290 0.031256016 -0.137083292 -0.014989068 -0.032619249 0.999438107 -0.007708925 0.073464687 0.136765316 0.012103901 0.990529537 -0.676313990
0 0.428197782 0.761240451 0.500000000 0.500000000 0.000000000 0.000000000 0.989480734 0.032481093 -0.140971035 -0.019394601 -0.033804636 0.999403894 -0.007003597 0.075732798 0.140659526 0.011695400 0.989988923 -0.693707749
0 0.428197782 0.761240451 0.500000000 0.500000000 0.000000000 0.000000000 0.988888919 0.033708584 -0.144784167 -0.024672701 -0.035033319 0.999364316 -0.006609200 0.079332089 0.144469336 0.011608034 0.989441216 -0.712736426
0 0.428197782 0.761240451 0.500000000 0.500000000 0.000000000 0.000000000 0.988283753 0.034730982 -0.148623511 -0.029675667 -0.036045108 0.999331176 -0.006156771 0.082541906 0.148310289 0.011441788 0.988874674 -0.732009630
0 0.428197782 0.761240451 0.500000000 0.500000000 0.000000000 0.000000000 0.987672746 0.035903871 -0.152359635 -0.034534819 -0.037234865 0.999289155 -0.005890748 0.086373776 0.152039826 0.011491221 0.988307536 -0.751376093
0 0.428197782 0.761240451 0.500000000 0.500000000 0.000000000 0.000000000 0.987090766 0.036936987 -0.155844390 -0.039975396 -0.038282335 0.999251068 -0.005639055 0.089735853 0.155519381 0.011532346 0.987765551 -0.770169803
0 0.428197782 0.761240451 0.500000000 0.500000000 0.000000000 0.000000000 0.986435294 0.038022850 -0.159686282 -0.043384014 -0.039470695 0.999203265 -0.005903620 0.095496821 0.159334585 0.012126467 0.987150133 -0.789120069
0 0.428197782 0.761240451 0.500000000 0.500000000 0.000000000 0.000000000 0.985787690 0.039059091 -0.163392320 -0.046806250 -0.040559083 0.999159992 -0.005853164 0.099417362 0.163026452 0.012397020 0.986543834 -0.807231758
0 0.428197782 0.761240451 0.500000000 0.500000000 0.000000000 0.000000000 0.985128224 0.039861880 -0.167132825 -0.049853755 -0.041456804 0.999121904 -0.006063395 0.103959078 0.166744366 0.012902014 0.985915720 -0.825729658
0 0.428197782 0.761240451 0.500000000 0.500000000 0.000000000 0.000000000 0.984433234 0.040723637 -0.170976013 -0.051957054 -0.042433240 0.999079108 -0.006355026 0.109282349 0.170559764 0.013511165 0.985254705 -0.843935881
0 0.428197782 0.761240451 0.500000000 0.500000000 0.000000000 0.000000000 0.983826220 0.041436337 -0.174266934 -0.055853232 -0.043215722 0.999045074 -0.006426870 0.113660273 0.173834220 0.013853995 0.984677494 -0.862083853
0 0.428197782 0.761240451 0.500000000 0.500000000 0.000000000 0.000000000 0.983143985 0.042056691 -0.177930161 -0.056997106 -0.043940950 0.999011934 -0.006660726 0.118942162 0.177474216 0.014366874 0.984020591 -0.881056273
0 0.428197782 0.761240451 0.500000000 0.500000000 0.000000000 0.000000000 0.982537627 0.042565111 -0.181129932 -0.060351072 -0.044497669 0.998987556 -0.006617448 0.122700095 0.180664882 0.014561752 0.983436882 -0.899364534
0 0.428197782 0.761240451 0.500000000 0.500000000 0.000000000 0.000000000 0.981873810 0.043415383 -0.184496433 -0.062358204 -0.045392692 0.998948038 -0.006505184 0.127163598 0.184019923 0.014762059 0.982811630 -0.918538212
0 0.428197782 0.761240451 0.500000000 0.500000000 0.000000000 0.000000000 0.981280863 0.043779876 -0.187539801 -0.065636683 -0.045792285 0.998930395 -0.006409530 0.130903365 0.187058598 0.014877426 0.982236087 -0.936939986
0 0.428197782 0.761240451 0.500000000 0.500000000 0.000000000 0.000000000 0.980664313 0.044157073 -0.190650582 -0.067818273 -0.046185136 0.998913646 -0.006205150 0.134375214 0.190169469 0.014890393 0.981638372 -0.955857438
0 0.428197782 0.761240451 0.500000000 0.500000000 0.000000000 0.000000000 0.980069339 0.044492710 -0.193609208 -0.069874205 -0.046552803 0.998897195 -0.006101613 0.137847039 0.193124220 0.014993056 0.981059730 -0.974136687
0 0.428197782 0.761240451 0.500000000 0.500000000 0.000000000 0.000000000 0.979536235 0.044769540 -0.196225613 -0.072940450 -0.046870962 0.998882473 -0.006076146 0.141591281 0.195734307 0.015149089 0.980539918 -0.992403851
0 0.428197782 0.761240451 0.500000000 0.500000000 0.000000000 0.000000000 0.978974581 0.045070659 -0.198940739 -0.074798500 -0.047233216 0.998865068 -0.006135550 0.145486638 0.198438406 0.015403158 0.979992330 -1.010454509
0 0.428197782 0.761240451 0.500000000 0.500000000 0.000000000 0.000000000 0.978407264 0.045345496 -0.201650679 -0.076122821 -0.047569640 0.998848736 -0.006194831 0.149292022 0.201137617 0.015653517 0.979437888 -1.028548866
0 0.428197782 0.761240451 0.500000000 0.500000000 0.000000000 0.000000000 0.977854073 0.045492820 -0.204283610 -0.076829843 -0.047744084 0.998840988 -0.006102568 0.152551367 0.203769222 0.015720757 0.978892744 -1.046656406
0 0.428197782 0.761240451 0.500000000 0.500000000 0.000000000 0.000000000 0.977350354 0.045700420 -0.206634283 -0.078350992 -0.047999978 0.998828530 -0.006126341 0.156349705 0.206112251 0.015906023 0.978399098 -1.064383131
0 0.428197782 0.761240451 0.500000000 0.500000000 0.000000000 0.000000000 0.976869404 0.045693267 -0.208897799 -0.079900877 -0.048028827 0.998827219 -0.006118851 0.159813855 0.208373219 0.016010435 0.977918327 -1.082123603
0 0.428197782 0.761240451 0.500000000 0.500000000 0.000000000 0.000000000 0.976406932 0.045737345 -0.211039439 -0.081396724 -0.048039265 0.998828650 -0.005790844 0.162038479 0.210527390 0.015792400 0.977460384 -1.100205146
0 0.428197782 0.761240451 0.500000000 0.500000000 0.000000000 0.000000000 0.975997031 0.045441434 -0.212990209 -0.083867408 -0.047710646 0.998845935 -0.005523528 0.164358274 0.212493405 0.015552847 0.977038741 -1.118436513
0 0.428197782 0.761240451 0.500000000 0.500000000 0.000000000 0.000000000 0.975597262 0.045377139 -0.214827463 -0.086120024 -0.047592897 0.998853564 -0.005150117 0.166344017 0.214347482 0.015248702 0.976638436 -1.137038997
0 0.428197782 0.761240451 0.500000000 0.500000000 0.000000000 0.000000000 0.975214183 0.045264896 -0.216583565 -0.088265916 -0.047451504 0.998861492 -0.004903490 0.169132125 0.216115028 0.015059168 0.976251781 -1.155576148
0 0.428197782 0.761240451 0.500000000 0.500000000 0.000000000 0.000000000 0.974829793 0.045246568 -0.218310878 -0.090022578 -0.047388423 0.998866022 -0.004582389 0.171397634 0.217855975 0.014812457 0.975868523 -1.174095719
0 0.428197782 0.761240451 0.500000000 0.500000000 0.000000000 0.000000000 0.974436700 0.045371532 -0.220032945 -0.091302773 -0.047506172 0.998861194 -0.004417050 0.174816524 0.219581962 0.014757059 0.975482464 -1.193103205
0 0.428197782 0.761240451 0.500000000 0.500000000 0.000000000 0.000000000 0.974021912 0.045344915 -0.221867532 -0.091956797 -0.047480151 0.998862922 -0.004296934 0.177801356 0.221420407 0.014719612 0.975067377 -1.212434848
0 0.428197782 0.761240451 0.500000000 0.500000000 0.000000000 0.000000000 0.973659575 0.045401409 -0.223440617 -0.093023854 -0.047587417 0.998857379 -0.004405707 0.181934097 0.222985283 0.014922622 0.974707603 -1.231688151
0 0.428197782 0.761240451 0.500000000 0.500000000 0.000000000 0.000000000 0.973410249 0.045334801 -0.224537760 -0.095686451 -0.047540195 0.998859525 -0.004422488 0.185716786 0.224081188 0.014979464 0.974455357 -1.249084738
0 0.428197782 0.761240451 0.500000000 0.500000000 0.000000000 0.000000000 0.973050237 0.045308750 -0.226098076 -0.096804814 -0.047522902 0.998860657 -0.004356712 0.189315724 0.225643069 0.014984136 0.974094808 -1.268471062
0 0.428197782 0.761240451 0.500000000 0.500000000 0.000000000 0.000000000 0.972600818 0.045576971 -0.227970183 -0.095534347 -0.047837365 0.998845458 -0.004396665 0.193977777 0.227506593 0.015181692 0.973658204 -1.288306939
0 0.428197782 0.761240451 0.500000000 0.500000000 0.000000000 0.000000000 0.972333372 0.045703359 -0.229083046 -0.097146100 -0.048010785 0.998836637 -0.004506222 0.198636520 0.228610590 0.015380007 0.973396480 -1.307173093
0 0.428197782 0.761240451 0.500000000 0.500000000 0.000000000 0.000000000 0.972086787 0.045520313 -0.230163276 -0.098423399 -0.047890998 0.998841405 -0.004721142 0.203120415 0.229681715 0.015612110 0.973140597 -1.325522126
0 0.428197782 0.761240451 0.500000000 0.500000000 0.000000000 0.000000000 0.971852183 0.045685548 -0.231119454 -0.099707116 -0.048136983 0.998828351 -0.004975826 0.207977572 0.230621338 0.015961161 0.972912669 -1.343130130
0 0.428197782 0.761240451 0.500000000 0.500000000 0.000000000 0.000000000 0.971665978 0.045593739 -0.231919125 -0.102045555 -0.048102792 0.998829007 -0.005172065 0.212131468 0.231411740 0.016181478 0.972721338 -1.360926755
0 0.428197782 0.761240451 0.500000000 0.500000000 0.000000000 0.000000000 0.971556306 0.045439366 -0.232408270 -0.105039076 -0.047976375 0.998834550 -0.005272372 0.215880537 0.231897846 0.016272513 0.972604036 -1.378527210
0 0.428197782 0.761240451 0.500000000 0.500000000 0.000000000 0.000000000 0.971471012 0.045308679 -0.232789993 -0.108355223 -0.047894839 0.998837411 -0.005466063 0.220026437 0.232271701 0.016459560 0.972511649 -1.396360094
0 0.428197782 0.761240451 0.500000000 0.500000000 0.000000000 0.000000000 0.971346736 0.045213819 -0.233326420 -0.110682785 -0.047812328 0.998841226 -0.005489822 0.223856358 0.232807845 0.016488399 0.972382963 -1.414669121
0 0.428197782 0.761240451 0.500000000 0.500000000 0.000000000 0.000000000 0.971241176 0.045223840 -0.233763635 -0.113144161 -0.047854882 0.998838663 -0.005592451 0.228212745 0.233239233 0.016618351 0.972277343 -1.433110313
0 0.428197782 0.761240451 0.500000000 0.500000000 0.000000000 0.000000000 0.971197546 0.045060057 -0.233976200 -0.116205537 -0.047715817 0.998844683 -0.005699246 0.232131241 0.233449087 0.016699459 0.972225606 -1.451455094
0 0.428197782 0.761240451 0.500000000 0.500000000 0.000000000 0.000000000 0.971181035 0.044724043 -0.234109372 -0.119599888 -0.047389232 0.998859823 -0.005768546 0.235354993 0.233584449 0.016696565 0.972193182 -1.469605586
0 0.428197782 0.761240451 0.500000000 0.500000000 0.000000000 0.000000000 0.971244574 0.044438947 -0.233899862 -0.124384093 -0.047117013 0.998872101 -0.005871387 0.238778306 0.233375132 0.016723216 0.972242951 -1.487858284
0 0.428197782 0.761240451 0.500000000 0.500000000 0.000000000 0.000000000 0.971382618 0.044150725 -0.233380660 -0.130514502 -0.046786025 0.998888314 -0.005765210 0.241376576 0.232866675 0.016519180 0.972368360 -1.505564463
0 0.428197782 0.761240451 0.500000000 0.500000000 0.000000000 0.000000000 0.971549273 0.043928921 -0.232727781 -0.136950174 -0.046539467 0.998899996 -0.005735401 0.244315340 0.232219830 0.016403250 0.972525001 -1.523273046
0 0.428197782 0.761240451 0.500000000 0.500000000 0.000000000 0.000000000 0.971780241 0.043678530 -0.231808782 -0.144567007 -0.046272557 0.998912215 -0.005762245 0.247304100 0.231304944 0.016326021 0.972744286 -1.540845490
0 0.428197782 0.761240451 0.500000000 0.500000000 0.000000000 0.000000000 0.972062707 0.043441180 -0.230666280 -0.153069797 -0.046030845 0.998922884 -0.005854702 0.250680358 0.230163485 0.016308900 0.973015308 -1.557477787
0 0.428197782 0.761240451 0.500000000 0.500000000 0.000000000 0.000000000 0.972361326 0.043030433 -0.229481578 -0.161964947 -0.045580272 0.998943746 -0.005819703 0.253243425 0.228988752 0.016118687 0.973295629 -1.574438805
0 0.428197782 0.761240451 0.500000000 0.500000000 0.000000000 0.000000000 0.972693503 0.042712957 -0.228129178 -0.171068853 -0.045250714 0.998958230 -0.005902867 0.256167874 0.227639392 0.016064689 0.973612964 -1.591221303
0 0.428197782 0.761240451 0.500000000 0.500000000 0.000000000 0.000000000 0.972992182 0.042341396 -0.226921707 -0.179339569 -0.044912521 0.998971820 -0.006176882 0.259930782 0.226426855 0.016201684 0.973893404 -1.608303871
0 0.428197782 0.761240451 0.500000000 0.500000000 0.000000000 0.000000000 0.973311245 0.042055186 -0.225602686 -0.188155021 -0.044673294 0.998980463 -0.006510167 0.263970973 0.225098878 0.016414834 0.974197626 -1.625671853
0 0.428197782 0.761240451 0.500000000 0.500000000 0.000000000 0.000000000 0.973687768 0.041656636 -0.224046528 -0.198324241 -0.044333786 0.998992741 -0.006929771 0.268158961 0.223532185 0.016680265 0.974553823 -1.642457589
0 0.428197782 0.761240451 0.500000000 0.500000000 0.000000000 0.000000000 0.974035740 0.041254427 -0.222603813 -0.208029246 -0.043973494 0.999006271 -0.007269982 0.272250801 0.222082689 0.016869890 0.974881887 -1.659844225
0 0.428197782 0.761240451 0.500000000 0.500000000 0.000000000 0.000000000 0.974394917 0.040919971 -0.221088499 -0.218077881 -0.043691501 0.999015749 -0.007657950 0.276983686 0.220557526 0.017121555 0.975223660 -1.677336291
0 0.428197782 0.761240451 0.500000000 0.500000000 0.000000000 0.000000000 0.974851549 0.040475935 -0.219148695 -0.230097305 -0.043235641 0.999034405 -0.007809689 0.280187859 0.218620971 0.017088322 0.975660205 -1.693357526
0 0.428197782 0.761240451 0.500000000 0.500000000 0.000000000 0.000000000 0.975108504 0.039851874 -0.218117401 -0.238264621 -0.042640232 0.999057710 -0.008089812 0.284112379 0.217589483 0.017189020 0.975889027 -1.711567097
0 0.428197782 0.761240451 0.500000000 0.500000000 0.000000000 0.000000000 0.975342929 0.039719980 -0.217091039 -0.246619717 -0.042537164 0.999060273 -0.008317555 0.288181940 0.216556653 0.017346906 0.976115942 -1.730802477
0 0.428197782 0.761240451 0.500000000 0.500000000 0.000000000 0.000000000 0.975644767 0.039668836 -0.215739846 -0.256421922 -0.042496704 0.999060571 -0.008482986 0.292297354 0.215200663 0.017444612 0.976414025 -1.748974674
0 0.428197782 0.761240451 0.500000000 0.500000000 0.000000000 0.000000000 0.975931883 0.039484147 -0.214471310 -0.266105149 -0.042305272 0.999067903 -0.008577927 0.295714317 0.213932708 0.017444739 0.976692617 -1.767385262
0 0.428197782 0.761240451 0.500000000 0.500000000 0.000000000 0.000000000 0.976180851 0.039234962 -0.213381246 -0.274772707 -0.042054106 0.999077559 -0.008686991 0.298886711 0.212843582 0.017453633 0.976930380 -1.785043226
0 0.428197782 0.761240451 0.500000000 0.500000000 0.000000000 0.000000000 0.976401150 0.039064452 -0.212402269 -0.283318892 -0.041870747 0.999084890 -0.008728440 0.301802648 0.211866930 0.017415900 0.977143347 -1.802786093
0 0.428197782 0.761240451 0.500000000 0.500000000 0.000000000 0.000000000 0.976584494 0.038604535 -0.211642072 -0.290707009 -0.041343976 0.999108553 -0.008532172 0.304142659 0.211124018 0.017082512 0.977310002 -1.821060888
0 0.428197782 0.761240451 0.500000000 0.500000000 0.000000000 0.000000000 0.976704717 0.038388301 -0.211126074 -0.297380675 -0.041110460 0.999118328 -0.008517777 0.307417220 0.210612938 0.016998842 0.977421701 -1.839839498
0 0.428197782 0.761240451 0.500000000 0.500000000 0.000000000 0.000000000 0.976838708 0.038216241 -0.210536674 -0.304182753 -0.040929832 0.999125481 -0.008544943 0.310710780 0.210026011 0.016964262 0.977548599 -1.858325294
0 0.428197782 0.761240451 0.500000000 0.500000000 0.000000000 0.000000000 0.976995111 0.037935305 -0.209860712 -0.311577049 -0.040636078 0.999137282 -0.008570777 0.314208254 0.209354520 0.016901523 0.977693737 -1.876307728
0 0.428197782 0.761240451 0.500000000 0.500000000 0.000000000 0.000000000 0.977115035 0.037686888 -0.209346458 -0.318329134 -0.040393472 0.999146283 -0.008666767 0.317879822 0.208841115 0.016924659 0.977803111 -1.894222024
0 0.428197782 0.761240451 0.500000000 0.500000000 0.000000000 0.000000000 0.977184892 0.037471220 -0.209058911 -0.323986734 -0.040152147 0.999156654 -0.008593053 0.320765752 0.208560601 0.016791165 0.977865279 -1.912315992
0 0.428197782 0.761240451 0.500000000 0.500000000 0.000000000 0.000000000 0.977237344 0.037349939 -0.208835274 -0.329585628 -0.040014800 0.999162495 -0.008548818 0.323913352 0.208341077 0.016710725 0.977913439 -1.930684248
0 0.428197782 0.761240451 0.500000000 0.500000000 0.000000000 0.000000000 0.977283478 0.037234295 -0.208639786 -0.334857030 -0.039866392 0.999169528 -0.008423093 0.326691828 0.208152875 0.016549464 0.977956295 -1.949517832
0 0.428197782 0.761240451 0.500000000 0.500000000 0.000000000 0.000000000 0.977280140 0.037086930 -0.208681837 -0.339385339 -0.039676793 0.999178588 -0.008236809 0.329308275 0.208204955 0.016329495 0.977948904 -1.968489997
0 0.428197782 0.761240451 0.500000000 0.500000000 0.000000000 0.000000000 0.977213860 0.036810249 -0.209040940 -0.342491022 -0.039320283 0.999195695 -0.007862965 0.330865141 0.208583370 0.015903346 0.977875292 -1.988184240
0 0.428197782 0.761240451 0.500000000 0.500000000 0.000000000 0.000000000 0.977118075 0.036762834 -0.209496483 -0.345477515 -0.039233368 0.999200821 -0.007647764 0.333377535 0.209047899 0.015692022 0.977779508 -2.007720548
0 0.428197782 0.761240451 0.500000000 0.500000000 0.000000000 0.000000000 0.977018833 0.036845893 -0.209944129 -0.348568145 -0.039294947 0.999199450 -0.007504408 0.336445387 0.209499568 0.015581692 0.977684557 -2.027605905
0 0.428197782 0.761240451 0.500000000 0.500000000 0.000000000 0.000000000 0.976919711 0.036887534 -0.210397571 -0.351861578 -0.039319422 0.999199390 -0.007385636 0.339521559 0.209956691 0.015487884 0.977587998 -2.047087408
0 0.428197782 0.761240451 0.500000000 0.500000000 0.000000000 0.000000000 0.976811111 0.036782648 -0.210919589 -0.355012514 -0.039204963 0.999204457 -0.007313014 0.342337879 0.210482806 0.015412528 0.977476060 -2.066524975
0 0.428197782 0.761240451 0.500000000 0.500000000 0.000000000 0.000000000 0.976661444 0.036786087 -0.211611092 -0.357051494 -0.039209340 0.999204576 -0.007265306 0.345697096 0.211175516 0.015392874 0.977326930 -2.086318997
0 0.428197782 0.761240451 0.500000000 0.500000000 0.000000000 0.000000000 0.976485968 0.036823329 -0.212412849 -0.359556821 -0.039288770 0.999200523 -0.007396183 0.350183931 0.211970687 0.015567709 0.977152050 -2.106005079
0 0.428197782 0.761240451 0.500000000 0.500000000 0.000000000 0.000000000 0.976242483 0.037110291 -0.213479266 -0.360855416 -0.039646704 0.999184787 -0.007610853 0.355216473 0.213022783 0.015893787 0.976917922 -2.125866685
0 0.428197782 0.761240451 0.500000000 0.500000000 0.000000000 0.000000000 0.976087213 0.037317548 -0.214152232 -0.364049456 -0.039921932 0.999171972 -0.007847868 0.360309001 0.213682041 0.016209574 0.976768792 -2.145422432
