0.000000000 0.384615385 0.666666667 0.384615385 0.500000000 0.000000000 0.000000000 -0.991701566 0.000000000 -0.128561286 -0.486616194 0.128561286 0.000000000 -0.991701566 0.370361775 0.000000000 1.000000000 0.000000000 -7.100626469
0.000000000 0.384615385 0.666666667 0.384615385 0.500000000 0.000000000 0.000000000 -0.998867931 0.000000000 -0.047569481 -0.375304848 0.047569481 0.000000000 -0.998867931 0.404458910 0.000000000 1.000000000 0.000000000 -7.069371700
0.000000000 0.384615385 0.666666667 0.384615385 0.500000000 0.000000000 0.000000000 -0.999122480 0.000000000 0.041884017 -0.249163508 -0.041884017 0.000000000 -0.999122480 0.449243903 0.000000000 1.000000000 0.000000000 -7.037981510
0.000000000 0.384615385 0.666666667 0.384615385 0.500000000 0.000000000 0.000000000 -0.998283733 0.000000000 0.058562685 -0.119107664 -0.058562685 0.000000000 -0.998283733 0.485144198 0.000000000 1.000000000 0.000000000 -7.011385918
0.000000000 0.384615385 0.666666667 0.384615385 0.500000000 0.000000000 0.000000000 -0.989757212 0.000000000 0.142760853 0.014667053 -0.142760853 0.000000000 -0.989757212 0.508677363 0.000000000 1.000000000 0.000000000 -6.989404678
0.000000000 0.384615385 0.666666667 0.384615385 0.500000000 0.000000000 0.000000000 -0.992281041 0.000000000 0.124009415 0.149952695 -0.124009415 0.000000000 -0.992281041 0.526152611 0.000000000 1.000000000 0.000000000 -6.972480774
0.000000000 0.384615385 0.666666667 0.384615385 0.500000000 0.000000000 0.000000000 -0.996694510 0.000000000 0.081240713 0.286411434 -0.081240713 0.000000000 -0.996694510 0.540660858 0.000000000 1.000000000 0.000000000 -6.961662292
0.000000000 0.384615385 0.666666667 0.384615385 0.500000000 0.000000000 0.000000000 -0.999279658 0.000000000 0.037949520 0.423637688 -0.037949520 0.000000000 -0.999279658 0.551719666 0.000000000 1.000000000 0.000000000 -6.956245422
0.000000000 0.384615385 0.666666667 0.384615385 0.500000000 0.000000000 0.000000000 -0.999997632 0.000000000 -0.002176125 0.540833294 0.002176125 0.000000000 -0.999997632 0.558457315 0.000000000 1.000000000 0.000000000 -6.956428051
0.000000000 0.384615385 0.666666667 0.384615385 0.500000000 0.000000000 0.000000000 -0.999265595 0.000000000 -0.038318017 0.658303201 0.038318017 0.000000000 -0.999265595 0.563191235 0.000000000 1.000000000 0.000000000 -6.961168766
0.000000000 0.384615385 0.666666667 0.384615385 0.500000000 0.000000000 0.000000000 -0.997225827 0.000000000 -0.074435544 0.775600851 0.074435544 0.000000000 -0.997225827 0.566492617 0.000000000 1.000000000 0.000000000 -6.969703197
0.000000000 0.384615385 0.666666667 0.384615385 0.500000000 0.000000000 0.000000000 -0.994677053 0.000000000 -0.103041548 0.892298281 0.103041548 0.000000000 -0.994677053 0.568931878 0.000000000 1.000000000 0.000000000 -6.982679844
0.000000000 0.384615385 0.666666667 0.384615385 0.500000000 0.000000000 0.000000000 -0.989419089 0.000000000 -0.145085720 1.008594632 0.145085720 0.000000000 -0.989419089 0.571252763 0.000000000 1.000000000 0.000000000 -6.999913216
0.000000000 0.384615385 0.666666667 0.384615385 0.500000000 0.000000000 0.000000000 -0.983847442 0.000000000 -0.179008968 1.124225497 0.179008968 0.000000000 -0.983847442 0.573355556 0.000000000 1.000000000 0.000000000 -7.020995140
0.000000000 0.384615385 0.666666667 0.384615385 0.500000000 0.000000000 0.000000000 -0.977332506 0.000000000 -0.211710115 1.239190936 0.211710115 0.000000000 -0.977332506 0.574589550 0.000000000 1.000000000 0.000000000 -7.045809746
0.000000000 0.384615385 0.666666667 0.384615385 0.500000000 0.000000000 0.000000000 -0.970028158 0.000000000 -0.242992538 1.353373051 0.242992538 0.000000000 -0.970028158 0.575156093 0.000000000 1.000000000 0.000000000 -7.074393272
0.000000000 0.384615385 0.666666667 0.384615385 0.500000000 0.000000000 0.000000000 -0.962103022 0.000000000 -0.272686219 1.483301759 0.272686219 0.000000000 -0.962103022 0.575398862 0.000000000 1.000000000 0.000000000 -7.111185551
0.000000000 0.384615385 0.666666667 0.384615385 0.500000000 0.000000000 0.000000000 -0.952643240 0.000000000 -0.304090212 1.612186432 0.304090212 0.000000000 -0.952643240 0.575470746 0.000000000 1.000000000 0.000000000 -7.152150631
0.000000000 0.384615385 0.666666667 0.384615385 0.500000000 0.000000000 0.000000000 -0.942003492 0.000000000 -0.335603070 1.728736043 0.335603070 0.000000000 -0.942003492 0.575547934 0.000000000 1.000000000 0.000000000 -7.194003105
0.000000000 0.384615385 0.666666667 0.384615385 0.500000000 0.000000000 0.000000000 -0.933180342 0.000000000 -0.359408471 1.844352245 0.359408471 0.000000000 -0.933180342 0.575659156 0.000000000 1.000000000 0.000000000 -7.238558769
0.000000000 0.384615385 0.666666667 0.384615385 0.500000000 0.000000000 0.000000000 -0.924314349 0.000000000 -0.381632001 1.958981156 0.381632001 0.000000000 -0.924314349 0.575464606 0.000000000 1.000000000 0.000000000 -7.285610199
0.000000000 0.384615385 0.666666667 0.384615385 0.500000000 0.000000000 0.000000000 -0.914811486 0.000000000 -0.403881103 2.079751492 0.403881103 0.000000000 -0.914811486 0.574545264 0.000000000 1.000000000 0.000000000 -7.339199066
0.000000000 0.384615385 0.666666667 0.384615385 0.500000000 0.000000000 0.000000000 -0.905666087 0.000000000 -0.423991673 2.199234962 0.423991673 0.000000000 -0.905666087 0.573514879 0.000000000 1.000000000 0.000000000 -7.395061970
0.000000000 0.384615385 0.666666667 0.384615385 0.500000000 0.000000000 0.000000000 -0.897005777 0.000000000 -0.442018819 2.317689657 0.442018819 0.000000000 -0.897005777 0.573036015 0.000000000 1.000000000 0.000000000 -7.453331947
0.000000000 0.384615385 0.666666667 0.384615385 0.500000000 0.000000000 0.000000000 -0.888927123 0.000000000 -0.458048655 2.435180187 0.458048655 0.000000000 -0.888927123 0.573376119 0.000000000 1.000000000 0.000000000 -7.513734341
0.000000000 0.384615385 0.666666667 0.384615385 0.500000000 0.000000000 0.000000000 -0.881496812 0.000000000 -0.472189973 2.551532030 0.472189973 0.000000000 -0.881496812 0.575064838 0.000000000 1.000000000 0.000000000 -7.576250553
0.000000000 0.384615385 0.666666667 0.384615385 0.500000000 0.000000000 0.000000000 -0.874765163 0.000000000 -0.484547118 2.667270184 0.484547118 0.000000000 -0.874765163 0.576593935 0.000000000 1.000000000 0.000000000 -7.640170097
0.000000000 0.384615385 0.666666667 0.384615385 0.500000000 0.000000000 0.000000000 -0.868748190 0.000000000 -0.495254059 2.782102585 0.495254059 0.000000000 -0.868748190 0.578070819 0.000000000 1.000000000 0.000000000 -7.705796242
0.000000000 0.384615385 0.666666667 0.384615385 0.500000000 0.000000000 0.000000000 -0.863446397 0.000000000 -0.504440601 2.886521339 0.504440601 0.000000000 -0.863446397 0.578741729 0.000000000 1.000000000 0.000000000 -7.766774654
0.000000000 0.384615385 0.666666667 0.384615385 0.500000000 0.000000000 0.000000000 -0.858948512 0.000000000 -0.512061963 2.990258694 0.512061963 0.000000000 -0.858948512 0.579082310 0.000000000 1.000000000 0.000000000 -7.828584194
0.000000000 0.384615385 0.666666667 0.384615385 0.500000000 0.000000000 0.000000000 -0.855450179 0.000000000 -0.517885114 3.079744101 0.517885114 0.000000000 -0.855450179 0.579374671 0.000000000 1.000000000 0.000000000 -7.882732391
0.000000000 0.384615385 0.666666667 0.384615385 0.500000000 0.000000000 0.000000000 -0.853035453 0.000000000 -0.521852964 3.168699980 0.521852964 0.000000000 -0.853035453 0.579559624 0.000000000 1.000000000 0.000000000 -7.937263012
0.000000000 0.384615385 0.666666667 0.384615385 0.500000000 0.000000000 0.000000000 -0.850682609 0.000000000 -0.525679653 3.257579327 0.525679653 0.000000000 -0.850682609 0.580049872 0.000000000 1.000000000 0.000000000 -7.992087364
0.000000000 0.384615385 0.666666667 0.384615385 0.500000000 0.000000000 0.000000000 -0.848745584 0.000000000 -0.528801412 3.346072912 0.528801412 0.000000000 -0.848745584 0.580086827 0.000000000 1.000000000 0.000000000 -8.047276497
0.000000000 0.384615385 0.666666667 0.384615385 0.500000000 0.000000000 0.000000000 -0.847183852 0.000000000 -0.531299841 3.434682608 0.531299841 0.000000000 -0.847183852 0.579764545 0.000000000 1.000000000 0.000000000 -8.102789879
0.000000000 0.384615385 0.666666667 0.384615385 0.500000000 0.000000000 0.000000000 -0.846045930 0.000000000 -0.533110012 3.523048639 0.533110012 0.000000000 -0.846045930 0.578823388 0.000000000 1.000000000 0.000000000 -8.158576012
0.000000000 0.384615385 0.666666667 0.384615385 0.500000000 0.000000000 0.000000000 -0.845008685 0.000000000 -0.534752581 3.611342192 0.534752581 0.000000000 -0.845008685 0.578019857 0.000000000 1.000000000 0.000000000 -8.214331627
0.000000000 0.384615385 0.666666667 0.384615385 0.500000000 0.000000000 0.000000000 -0.844294692 0.000000000 -0.535879158 3.696118116 0.535879158 0.000000000 -0.844294692 0.577876866 0.000000000 1.000000000 0.000000000 -8.268146515
0.000000000 0.384615385 0.666666667 0.384615385 0.500000000 0.000000000 0.000000000 -0.844034708 0.000000000 -0.536288553 3.763883352 0.536288553 0.000000000 -0.844034708 0.578159928 0.000000000 1.000000000 0.000000000 -8.311194420
0.000000000 0.384615385 0.666666667 0.384615385 0.500000000 0.000000000 0.000000000 -0.844154714 0.000000000 -0.536099635 3.837067127 0.536099635 0.000000000 -0.844154714 0.578688622 0.000000000 1.000000000 0.000000000 -8.357692719
0.000000000 0.384615385 0.666666667 0.384615385 0.500000000 0.000000000 0.000000000 -0.844502226 0.000000000 -0.535552042 3.893460035 0.535552042 0.000000000 -0.844502226 0.579167306 0.000000000 1.000000000 0.000000000 -8.393527985
0.000000000 0.384615385 0.666666667 0.384615385 0.500000000 0.000000000 0.000000000 -0.844757804 0.000000000 -0.535148813 3.964916706 0.535148813 0.000000000 -0.844757804 0.579457998 0.000000000 1.000000000 0.000000000 -8.438786507
0.000000000 0.384615385 0.666666667 0.384615385 0.500000000 0.000000000 0.000000000 -0.844793719 0.000000000 -0.535092115 4.032567024 0.535092115 0.000000000 -0.844793719 0.579595923 0.000000000 1.000000000 0.000000000 -8.481467247
0.000000000 0.384615385 0.666666667 0.384615385 0.500000000 0.000000000 0.000000000 -0.844375221 0.000000000 -0.535752261 4.100095749 0.535752261 0.000000000 -0.844375221 0.579659104 0.000000000 1.000000000 0.000000000 -8.524375916
0.000000000 0.384615385 0.666666667 0.384615385 0.500000000 0.000000000 0.000000000 -0.844021717 0.000000000 -0.536308998 4.167698383 0.536308998 0.000000000 -0.844021717 0.579302788 0.000000000 1.000000000 0.000000000 -8.567492485
0.000000000 0.384615385 0.666666667 0.384615385 0.500000000 0.000000000 0.000000000 -0.844526227 0.000000000 -0.535514195 4.235242367 0.535514195 0.000000000 -0.844526227 0.578894317 0.000000000 1.000000000 0.000000000 -8.610209465
0.000000000 0.384615385 0.666666667 0.384615385 0.500000000 0.000000000 0.000000000 -0.846858984 0.000000000 -0.531817508 4.303035259 0.531817508 0.000000000 -0.846858984 0.578252077 0.000000000 1.000000000 0.000000000 -8.652845383
0.000000000 0.384615385 0.666666667 0.384615385 0.500000000 0.000000000 0.000000000 -0.851436746 0.000000000 -0.524457308 4.371036053 0.524457308 0.000000000 -0.851436746 0.577686131 0.000000000 1.000000000 0.000000000 -8.694772720
0.000000000 0.384615385 0.666666667 0.384615385 0.500000000 0.000000000 0.000000000 -0.852700357 0.000000000 -0.522400327 4.439537525 0.522400327 0.000000000 -0.852700357 0.577177286 0.000000000 1.000000000 0.000000000 -8.736208916
0.000000000 0.384615385 0.666666667 0.384615385 0.500000000 0.000000000 0.000000000 -0.855390241 0.000000000 -0.517984107 4.508159161 0.517984107 0.000000000 -0.855390241 0.576946378 0.000000000 1.000000000 0.000000000 -8.777562141
0.000000000 0.384615385 0.666666667 0.384615385 0.500000000 0.000000000 0.000000000 -0.849327546 0.000000000 -0.527866195 4.576157093 0.527866195 0.000000000 -0.849327546 0.576783895 0.000000000 1.000000000 0.000000000 -8.819983482
0.000000000 0.384615385 0.666666667 0.384615385 0.500000000 0.000000000 0.000000000 -0.846628885 0.000000000 -0.532183738 4.643349171 0.532183738 0.000000000 -0.846628885 0.576764345 0.000000000 1.000000000 0.000000000 -8.863493919
0.000000000 0.384615385 0.666666667 0.384615385 0.500000000 0.000000000 0.000000000 -0.831503502 0.000000000 -0.555519511 4.709949017 0.555519511 0.000000000 -0.831503502 0.576863527 0.000000000 1.000000000 0.000000000 -8.907855034
0.000000000 0.384615385 0.666666667 0.384615385 0.500000000 0.000000000 0.000000000 -0.830032674 0.000000000 -0.557714766 4.776390553 0.557714766 0.000000000 -0.830032674 0.577129185 0.000000000 1.000000000 0.000000000 -8.952462196
0.000000000 0.384615385 0.666666667 0.384615385 0.500000000 0.000000000 0.000000000 -0.870932831 0.000000000 -0.491402080 4.843595028 0.491402080 0.000000000 -0.870932831 0.577495992 0.000000000 1.000000000 0.000000000 -8.908997536
0.000000000 0.384615385 0.666666667 0.384615385 0.500000000 0.000000000 0.000000000 -0.897352278 0.000000000 -0.441314955 4.900807381 0.441314955 0.000000000 -0.897352278 0.577813685 0.000000000 1.000000000 0.000000000 -8.853063583
0.000000000 0.384615385 0.666666667 0.384615385 0.500000000 0.000000000 0.000000000 -0.935808418 0.000000000 -0.352509014 4.948762417 0.352509014 0.000000000 -0.935808418 0.578126192 0.000000000 1.000000000 0.000000000 -8.788931847
0.000000000 0.384615385 0.666666667 0.384615385 0.500000000 0.000000000 0.000000000 -0.948459174 0.000000000 -0.316899347 4.999306202 0.316899347 0.000000000 -0.948459174 0.578555465 0.000000000 1.000000000 0.000000000 -8.702744484
0.000000000 0.384615385 0.666666667 0.384615385 0.500000000 0.000000000 0.000000000 -0.961476475 0.000000000 -0.274887227 5.039392948 0.274887227 0.000000000 -0.961476475 0.578657985 0.000000000 1.000000000 0.000000000 -8.610938072
0.000000000 0.384615385 0.666666667 0.384615385 0.500000000 0.000000000 0.000000000 -0.968474976 0.000000000 -0.249110859 5.073813438 0.249110859 0.000000000 -0.968474976 0.579015493 0.000000000 1.000000000 0.000000000 -8.510352135
0.000000000 0.384615385 0.666666667 0.384615385 0.500000000 0.000000000 0.000000000 -0.987185447 0.000000000 -0.159577235 5.101123333 0.159577235 0.000000000 -0.987185447 0.579077601 0.000000000 1.000000000 0.000000000 -8.407618523
0.000000000 0.384615385 0.666666667 0.384615385 0.500000000 0.000000000 0.000000000 -0.992582625 0.000000000 -0.121571922 5.119089127 0.121571922 0.000000000 -0.992582625 0.578947723 0.000000000 1.000000000 0.000000000 -8.323224068
0.000000000 0.384615385 0.666666667 0.384615385 0.500000000 0.000000000 0.000000000 -0.993083208 0.000000000 -0.117412702 5.134095192 0.117412702 0.000000000 -0.993083208 0.579162598 0.000000000 1.000000000 0.000000000 -8.238381386
0.000000000 0.384615385 0.666666667 0.384615385 0.500000000 0.000000000 0.000000000 -0.999750737 0.000000000 -0.022326323 5.144370079 0.022326323 0.000000000 -0.999750737 0.579258740 0.000000000 1.000000000 0.000000000 -8.167361259
0.000000000 0.384615385 0.666666667 0.384615385 0.500000000 0.000000000 0.000000000 -0.999401433 0.000000000 0.034594432 5.153327465 -0.034594432 0.000000000 -0.999401433 0.579334080 0.000000000 1.000000000 0.000000000 -8.096452713
0.000000000 0.384615385 0.666666667 0.384615385 0.500000000 0.000000000 0.000000000 -0.993140680 0.000000000 0.116925575 5.161082268 -0.116925575 0.000000000 -0.993140680 0.579220712 0.000000000 1.000000000 0.000000000 -8.025243759
0.000000000 0.384615385 0.666666667 0.384615385 0.500000000 0.000000000 0.000000000 -0.985261648 0.000000000 0.171054040 5.167925835 -0.171054040 0.000000000 -0.985261648 0.579075277 0.000000000 1.000000000 0.000000000 -7.953908443
0.000000000 0.384615385 0.666666667 0.384615385 0.500000000 0.000000000 0.000000000 -0.965482559 0.000000000 0.260467711 5.173830986 -0.260467711 0.000000000 -0.965482559 0.579096675 0.000000000 1.000000000 0.000000000 -7.882558346
0.000000000 0.384615385 0.666666667 0.384615385 0.500000000 0.000000000 0.000000000 -0.963736373 0.000000000 0.266856146 5.179084778 -0.266856146 0.000000000 -0.963736373 0.578075409 0.000000000 1.000000000 0.000000000 -7.811223984
0.000000000 0.384615385 0.666666667 0.384615385 0.500000000 0.000000000 0.000000000 -0.956312347 0.000000000 0.292346874 5.183749199 -0.292346874 0.000000000 -0.956312347 0.576737821 0.000000000 1.000000000 0.000000000 -7.739794254
0.000000000 0.384615385 0.666666667 0.384615385 0.500000000 0.000000000 0.000000000 -0.954359287 0.000000000 0.298660931 5.187828064 -0.298660931 0.000000000 -0.954359287 0.576485872 0.000000000 1.000000000 0.000000000 -7.668190956
0.000000000 0.384615385 0.666666667 0.384615385 0.500000000 0.000000000 0.000000000 -0.920511662 0.000000000 0.390715088 5.191282749 -0.390715088 0.000000000 -0.920511662 0.577113509 0.000000000 1.000000000 0.000000000 -7.596787453
0.000000000 0.384615385 0.666666667 0.384615385 0.500000000 0.000000000 0.000000000 -0.900117824 0.000000000 0.435646534 5.194607258 -0.435646534 0.000000000 -0.900117824 0.577587545 0.000000000 1.000000000 0.000000000 -7.525375366
0.000000000 0.384615385 0.666666667 0.384615385 0.500000000 0.000000000 0.000000000 -0.879151697 0.000000000 0.476542016 5.197474957 -0.476542016 0.000000000 -0.879151697 0.578042269 0.000000000 1.000000000 0.000000000 -7.453633308
0.000000000 0.384615385 0.666666667 0.384615385 0.500000000 0.000000000 0.000000000 -0.848105106 0.000000000 0.529828018 5.199471474 -0.529828018 0.000000000 -0.848105106 0.578435957 0.000000000 1.000000000 0.000000000 -7.397095203
0.000000000 0.384615385 0.666666667 0.384615385 0.500000000 0.000000000 0.000000000 -0.800026868 0.000000000 0.599964174 5.201359272 -0.599964174 0.000000000 -0.800026868 0.578704238 0.000000000 1.000000000 0.000000000 -7.343470097
0.000000000 0.384615385 0.666666667 0.384615385 0.500000000 0.000000000 0.000000000 -0.784278003 0.000000000 0.620409553 5.203064442 -0.620409553 0.000000000 -0.784278003 0.578856349 0.000000000 1.000000000 0.000000000 -7.289889336
0.000000000 0.384615385 0.666666667 0.384615385 0.500000000 0.000000000 0.000000000 -0.726087306 0.000000000 0.687602519 5.204479694 -0.687602519 0.000000000 -0.726087306 0.578821123 0.000000000 1.000000000 0.000000000 -7.239912033
0.000000000 0.384615385 0.666666667 0.384615385 0.500000000 0.000000000 0.000000000 -0.702962126 0.000000000 0.711227284 5.205882072 -0.711227284 0.000000000 -0.702962126 0.578745425 0.000000000 1.000000000 0.000000000 -7.189898968
0.000000000 0.384615385 0.666666667 0.384615385 0.500000000 0.000000000 0.000000000 -0.664544235 0.000000000 0.747248927 5.207169533 -0.747248927 0.000000000 -0.664544235 0.578791499 0.000000000 1.000000000 0.000000000 -7.139895439
0.000000000 0.384615385 0.666666667 0.384615385 0.500000000 0.000000000 0.000000000 -0.599877220 0.000000000 0.800092070 5.208464146 -0.800092070 0.000000000 -0.599877220 0.578852534 0.000000000 1.000000000 0.000000000 -7.089951515