0.000000000 0.500000000 0.666666667 0.500000000 0.500000000 0.000000000 0.000000000 0.394982133 0.918688802 0.000000000 -0.000000000 -0.000000000 1.000000000 0.918688802 -0.394982133 0.000000000 10.360474586 -0.252080679 -9.210368156
0.000000000 0.500000000 0.666666667 0.500000000 0.500000000 0.000000000 0.000000000 0.383524298 0.923511921 -0.005902985 0.013076282 0.000960904 0.999914040 0.923438208 -0.383568519 -0.011707572 10.330144882 -0.252642065 -9.133166313
0.000000000 0.500000000 0.666666667 0.500000000 0.500000000 0.000000000 0.000000000 0.371361684 0.928410411 -0.012025348 0.026854752 0.002206088 0.999636912 0.928099845 -0.371549785 -0.024112975 10.297487259 -0.253277898 -9.049914360
0.000000000 0.500000000 0.666666667 0.500000000 0.500000000 0.000000000 0.000000000 0.358577377 0.933321046 -0.018278121 0.041200220 0.003738270 0.999143917 0.932590374 -0.359023468 -0.037112573 10.262529373 -0.254036009 -8.960624695
0.000000000 0.500000000 0.666666667 0.500000000 0.500000000 0.000000000 0.000000000 0.345261012 0.938184848 -0.024576911 0.055977532 0.005554487 0.998416578 0.936835818 -0.346090073 -0.050599525 10.225312233 -0.255010456 -8.865300179
0.000000000 0.500000000 0.666666667 0.500000000 0.500000000 0.000000000 0.000000000 0.331506613 0.942948638 -0.030842030 0.071050740 0.007645580 0.997443401 0.940773702 -0.332850432 -0.064462638 10.185913086 -0.256391823 -8.763922691
0.000000000 0.500000000 0.666666667 0.500000000 0.500000000 0.000000000 0.000000000 0.317415759 0.947564381 -0.036999735 0.086284987 0.009995810 0.996220350 0.944352761 -0.319408560 -0.078587752 10.144389153 -0.258317649 -8.656494141
0.000000000 0.500000000 0.666666667 0.500000000 0.500000000 0.000000000 0.000000000 0.303095678 0.951990306 -0.042982183 0.101545712 0.012582603 0.994751299 0.947534421 -0.305869476 -0.092856801 10.100820541 -0.260990530 -8.543004990
0.000000000 0.500000000 0.666666667 0.500000000 0.500000000 0.000000000 0.000000000 0.288657996 0.956191452 -0.048728522 0.116701625 0.015376527 0.993047981 0.950293266 -0.292337937 -0.107150539 10.055314064 -0.264670104 -8.423439980
0.000000000 0.500000000 0.666666667 0.500000000 0.500000000 0.000000000 0.000000000 0.274220788 0.960139038 -0.054184757 0.131623439 0.018341365 0.991130095 0.952616518 -0.278920460 -0.121347219 10.007992744 -0.269680172 -8.297785759
0.000000000 0.500000000 0.666666667 0.500000000 0.500000000 0.000000000 0.000000000 0.259905559 0.963811285 -0.059303513 0.146184098 0.021434286 0.989025167 0.954504746 -0.265722369 -0.135322993 9.959134102 -0.276485443 -8.165995598
0.000000000 0.500000000 0.666666667 0.500000000 0.500000000 0.000000000 0.000000000 0.245838547 0.967192686 -0.064044644 0.160260476 0.024606269 0.986768013 0.955970705 -0.252849440 -0.148953591 9.909337044 -0.284663618 -8.027855873
0.000000000 0.500000000 0.666666667 0.500000000 0.500000000 0.000000000 0.000000000 0.232148024 0.970274308 -0.068374427 0.173732623 0.027802574 0.984400321 0.957039325 -0.240405458 -0.162113988 9.862738609 -0.293021381 -7.894091606
0.000000000 0.500000000 0.666666667 0.500000000 0.500000000 0.000000000 0.000000000 0.218965951 0.973052730 -0.072265463 0.186483725 0.030963308 0.981970007 0.957746173 -0.228494329 -0.174678587 9.819137573 -0.301155150 -7.764777660
0.000000000 0.500000000 0.666666667 0.500000000 0.500000000 0.000000000 0.000000000 0.206423271 0.975530396 -0.075695964 0.198402253 0.034024179 0.979529939 0.958136723 -0.217216024 -0.186524046 9.778180122 -0.308895260 -7.640043735
0.000000000 0.500000000 0.666666667 0.500000000 0.500000000 0.000000000 0.000000000 0.194654821 0.977713550 -0.078649311 0.209379095 0.036917289 0.977137405 0.958264001 -0.206672029 -0.197526651 9.739962578 -0.316063464 -7.519875526
0.000000000 0.500000000 0.666666667 0.500000000 0.500000000 0.000000000 0.000000000 0.183794388 0.979612379 -0.081112325 0.219307034 0.039571974 0.974853058 0.958187898 -0.196961024 -0.207562778 9.703832626 -0.322757572 -7.404496670
0.000000000 0.500000000 0.666666667 0.500000000 0.500000000 0.000000000 0.000000000 0.173973921 0.981239850 -0.083074855 0.228083505 0.041915910 0.972738902 0.957972332 -0.188179205 -0.216512349 9.669713020 -0.329017252 -7.293957233
0.000000000 0.500000000 0.666666667 0.500000000 0.500000000 0.000000000 0.000000000 0.165326497 0.982609854 -0.084528242 0.235605527 0.043876081 0.970857830 0.957683238 -0.180423845 -0.224254434 9.637620926 -0.334780484 -7.188259125
0.000000000 0.500000000 0.666666667 0.500000000 0.500000000 0.000000000 0.000000000 0.157982399 0.983736511 -0.085463673 0.241771507 0.045379893 0.969271481 0.957386077 -0.173790515 -0.230670234 9.607296944 -0.340190738 -7.087494850
0.000000000 0.500000000 0.666666667 0.500000000 0.500000000 0.000000000 0.000000000 0.152070035 0.984632364 -0.085870902 0.246480067 0.046356502 0.968038559 0.957142769 -0.168375123 -0.235642816 9.578633308 -0.345293731 -6.991723537
0.000000000 0.500000000 0.666666667 0.500000000 0.500000000 0.000000000 0.000000000 0.147676127 0.985311660 -0.085747848 0.249664700 0.046752784 0.967203037 0.957005381 -0.164241010 -0.239093270 9.551854134 -0.349951923 -6.900868893
0.000000000 0.500000000 0.666666667 0.500000000 0.500000000 0.000000000 0.000000000 0.144728900 0.985802029 -0.085134624 0.251410204 0.046579691 0.966759143 0.956998670 -0.161321701 -0.241099262 9.526545525 -0.354426175 -6.815065861
0.000000000 0.500000000 0.666666667 0.500000000 0.500000000 0.000000000 0.000000000 0.143114835 0.986128508 -0.084075620 0.251834402 0.045869486 0.966682691 0.957129865 -0.159519767 -0.241776479 9.502768516 -0.358671725 -6.734274864
0.000000000 0.500000000 0.666666667 0.500000000 0.500000000 0.000000000 0.000000000 0.142718150 0.986309945 -0.082608848 0.251051844 0.044659775 0.966942850 0.957394642 -0.158739398 -0.241241170 9.480902672 -0.362445444 -6.658366680
0.000000000 0.500000000 0.666666667 0.500000000 0.500000000 0.000000000 0.000000000 0.143420786 0.986360544 -0.080767293 0.249173670 0.042992394 0.967504076 0.957780226 -0.158885278 -0.239609073 9.460468292 -0.366041869 -6.587482929
0.000000000 0.500000000 0.666666667 0.500000000 0.500000000 0.000000000 0.000000000 0.145103604 0.986291061 -0.078580456 0.246309686 0.040912038 0.968327292 0.958267438 -0.159862907 -0.236996558 9.441743851 -0.369408786 -6.522585392
0.000000000 0.500000000 0.666666667 0.500000000 0.500000000 0.000000000 0.000000000 0.147646077 0.986110103 -0.076075627 0.242568884 0.038465468 0.969371314 0.958833131 -0.161577451 -0.233520352 9.424728394 -0.372540265 -6.463664532
0.000000000 0.500000000 0.666666667 0.500000000 0.500000000 0.000000000 0.000000000 0.150928444 0.985824921 -0.073279128 0.238058900 0.035700508 0.970594372 0.959452221 -0.163935047 -0.229296174 9.409631729 -0.375300974 -6.410642147
0.000000000 0.500000000 0.666666667 0.500000000 0.500000000 0.000000000 0.000000000 0.154829612 0.985442734 -0.070216877 0.232888070 0.032665177 0.971954800 0.960099442 -0.166840058 -0.224440320 9.396388054 -0.377723813 -6.363525391
0.000000000 0.500000000 0.666666667 0.500000000 0.500000000 0.000000000 0.000000000 0.159230368 0.984971048 -0.066915804 0.227164931 0.029407062 0.973412204 0.960750636 -0.170197708 -0.219068383 9.384808540 -0.379920602 -6.322368145
0.000000000 0.500000000 0.666666667 0.500000000 0.500000000 0.000000000 0.000000000 0.164012193 0.984418537 -0.063404612 0.221000799 0.025972782 0.974927721 0.961383715 -0.173912503 -0.213297430 9.374889374 -0.381885558 -6.287150860
0.000000000 0.500000000 0.666666667 0.500000000 0.500000000 0.000000000 0.000000000 0.169055895 0.983795925 -0.059713335 0.214507369 0.022407355 0.976465309 0.961980609 -0.177886167 -0.207243380 9.366630554 -0.383613110 -6.257865906
0.000000000 0.500000000 0.666666667 0.500000000 0.500000000 0.000000000 0.000000000 0.174245783 0.983115649 -0.055875106 0.207798640 0.018754010 0.977991826 0.962526952 -0.182021723 -0.201022287 9.360029221 -0.385097772 -6.234497070
0.000000000 0.500000000 0.666666667 0.500000000 0.500000000 0.000000000 0.000000000 0.179467358 0.982392611 -0.051925195 0.200989339 0.015053602 0.979477756 0.963013371 -0.186220696 -0.194748812 9.355084419 -0.386334449 -6.217035770
0.000000000 0.500000000 0.666666667 0.500000000 0.500000000 0.000000000 0.000000000 0.184606210 0.981644522 -0.047901779 0.194198012 0.011344779 0.980896747 0.963435353 -0.190382061 -0.188539098 9.351793289 -0.387318283 -6.205468655
0.000000000 0.500000000 0.666666667 0.500000000 0.500000000 0.000000000 0.000000000 0.189551667 0.980891292 -0.043845628 0.187542749 0.007663743 0.982226544 0.963793485 -0.194405609 -0.182506374 9.350154877 -0.388044834 -6.199779987
0.000000000 0.500000000 0.666666667 0.500000000 0.500000000 0.000000000 0.000000000 0.194194102 0.980155386 -0.039800374 0.181146091 0.004044349 0.983447882 0.964092705 -0.198189461 -0.176765928 9.350165367 -0.388509810 -6.199960709
0.000000000 0.500000000 0.666666667 0.500000000 0.500000000 0.000000000 0.000000000 0.198425992 0.979461410 -0.035811617 0.175130344 0.000518388 0.984545120 0.964342516 -0.201631043 -0.171430552 9.347874641 -0.389316231 -6.191896915
0.000000000 0.500000000 0.666666667 0.500000000 0.500000000 0.000000000 0.000000000 0.202141481 0.978835802 -0.031926376 0.169618764 -0.002884415 0.985505533 0.964556010 -0.204626860 -0.166611979 9.343276978 -0.390460432 -6.175568581
0.000000000 0.500000000 0.666666667 0.500000000 0.500000000 0.000000000 0.000000000 0.205236481 0.978306237 -0.028193844 0.164737132 -0.006135054 0.986318426 0.964748498 -0.207073096 -0.162422501 9.336371422 -0.391938657 -6.150969028
0.000000000 0.500000000 0.666666667 0.500000000 0.500000000 0.000000000 0.000000000 0.207645171 0.977893584 -0.024649969 0.160570121 -0.009216288 0.986981406 0.964935604 -0.208899971 -0.158934209 9.327155113 -0.393748850 -6.118088245
0.000000000 0.500000000 0.666666667 0.500000000 0.500000000 0.000000000 0.000000000 0.209448948 0.977588067 -0.021276984 0.157040463 -0.012152939 0.987517392 0.965126640 -0.210175826 -0.156066303 9.315889358 -0.395734221 -6.076852799
0.000000000 0.500000000 0.666666667 0.500000000 0.500000000 0.000000000 0.000000000 0.210766636 0.977369902 -0.018041631 0.154028782 -0.014978821 0.987952817 0.965325106 -0.211006422 -0.153700132 9.302467346 -0.397967339 -6.027316570
0.000000000 0.500000000 0.666666667 0.500000000 0.500000000 0.000000000 0.000000000 0.211713201 0.977218106 -0.014909519 0.151414236 -0.017724952 0.988311467 0.965531589 -0.211496098 -0.151717339 9.286808014 -0.400501966 -5.969509125
0.000000000 0.500000000 0.666666667 0.500000000 0.500000000 0.000000000 0.000000000 0.212404127 0.977110128 -0.011844205 0.149074618 -0.020422166 0.988615038 0.965743882 -0.211751584 -0.150000072 9.268915176 -0.403341979 -5.903449535
0.000000000 0.500000000 0.666666667 0.500000000 0.500000000 0.000000000 0.000000000 0.212953559 0.977022613 -0.008808830 0.146886950 -0.023099969 0.988883520 0.965958077 -0.211880167 -0.148431092 9.248789787 -0.406491041 -5.829147816
0.000000000 0.500000000 0.666666667 0.500000000 0.500000000 0.000000000 0.000000000 0.213473776 0.976931778 -0.005766140 0.144728079 -0.025787018 0.989135386 0.966169100 -0.211988988 -0.146894312 9.226437569 -0.409952730 -5.746618748
0.000000000 0.500000000 0.666666667 0.500000000 0.500000000 0.000000000 0.000000000 0.214076195 0.976813295 -0.002677502 0.142473616 -0.028512227 0.989387852 0.966370866 -0.212185860 -0.145273911 9.202681541 -0.413233280 -5.655639648
0.000000000 0.500000000 0.666666667 0.500000000 0.500000000 0.000000000 0.000000000 0.214872448 0.976641994 0.000495455 0.139997437 -0.031303100 0.989656927 0.966556025 -0.212580645 -0.143453550 9.176788330 -0.416782379 -5.556435585
0.000000000 0.500000000 0.666666667 0.500000000 0.500000000 0.000000000 0.000000000 0.215971523 0.976392301 0.003791525 0.137174331 -0.034186254 0.989956819 0.966715834 -0.213282382 -0.141319218 9.148750305 -0.420608878 -5.449025631
0.000000000 0.500000000 0.666666667 0.500000000 0.500000000 0.000000000 0.000000000 0.217481733 0.976037455 0.007251357 0.133877124 -0.037187966 0.990299940 0.966839496 -0.214401356 -0.138756791 9.118827820 -0.424563140 -5.333349705
0.000000000 0.500000000 0.666666667 0.500000000 0.500000000 0.000000000 0.000000000 0.219510429 0.975549068 0.010917287 0.129976461 -0.040333087 0.990696402 0.966913280 -0.216049202 -0.135651948 9.087759972 -0.428204000 -5.209223747
0.000000000 0.500000000 0.666666667 0.500000000 0.500000000 0.000000000 0.000000000 0.222161971 0.974896949 0.014832298 0.125344015 -0.043643330 0.991152933 0.966919302 -0.218337350 -0.131893386 9.054641724 -0.432081521 -5.076906681
0.000000000 0.500000000 0.666666667 0.500000000 0.500000000 0.000000000 0.000000000 0.225538510 0.974048125 0.019042847 0.119848013 -0.047137929 0.991672562 0.966834440 -0.221378105 -0.127369150 9.019641876 -0.436100483 -4.936374188
0.000000000 0.500000000 0.666666667 0.500000000 0.500000000 0.000000000 0.000000000 0.229740299 0.972965845 0.023597851 0.113356156 -0.050831714 0.992253253 0.966628045 -0.225285597 -0.121969761 8.987154007 -0.439221054 -4.800158501
0.000000000 0.500000000 0.666666667 0.500000000 0.500000000 0.000000000 0.000000000 0.234862286 0.971609232 0.028551829 0.105734023 -0.054735658 0.992886864 0.966260846 -0.230172779 -0.115587495 8.955790520 -0.442279071 -4.668635368
0.000000000 0.500000000 0.666666667 0.500000000 0.500000000 0.000000000 0.000000000 0.240995711 0.969931721 0.033963575 0.096844026 -0.058853397 0.993558007 0.965682299 -0.236154049 -0.108115509 8.925558090 -0.445274979 -4.541813850
0.000000000 0.500000000 0.666666667 0.500000000 0.500000000 0.000000000 0.000000000 0.248226320 0.967880064 0.039898312 0.086548187 -0.063181509 0.994242178 0.964828019 -0.243343951 -0.099451578 8.897770882 -0.447428644 -4.419399261
0.000000000 0.500000000 0.666666667 0.500000000 0.500000000 0.000000000 0.000000000 0.256631910 0.965393440 0.046428098 0.074705509 -0.067706426 0.994904481 0.963617740 -0.251855803 -0.089495838 8.871260643 -0.449438989 -4.301686764
0.000000000 0.500000000 0.666666667 0.500000000 0.500000000 0.000000000 0.000000000 0.266282922 0.962401593 0.053633758 0.061173470 -0.072404003 0.995497598 0.961951772 -0.261803046 -0.078153395 8.845848083 -0.451415241 -4.188735485
0.000000000 0.500000000 0.666666667 0.500000000 0.500000000 0.000000000 0.000000000 0.277188974 0.958840325 0.061575191 0.045869103 -0.077219053 0.995958455 0.959719906 -0.273244303 -0.065385416 8.821655273 -0.453282982 -4.080527306
0.000000000 0.500000000 0.666666667 0.500000000 0.500000000 0.000000000 0.000000000 0.289155255 0.954704913 0.070198060 0.028947708 -0.082017406 0.996210407 0.956844433 -0.286027402 -0.051352283 8.799867630 -0.454323441 -3.976779699
0.000000000 0.500000000 0.666666667 0.500000000 0.500000000 0.000000000 0.000000000 0.301940625 0.950013442 0.079412332 0.010631138 -0.086650470 0.996182049 0.953267454 -0.299943587 -0.036263021 8.779120445 -0.455324024 -3.877768517
0.000000000 0.500000000 0.666666667 0.500000000 0.500000000 0.000000000 0.000000000 0.315309601 0.944794974 0.089119653 -0.008849266 -0.090978782 0.995813513 0.948947599 -0.314778205 -0.020325742 8.759414673 -0.456267238 -3.783469200
0.000000000 0.500000000 0.666666667 0.500000000 0.500000000 0.000000000 0.000000000 0.329037196 0.939090731 0.099212517 -0.029256457 -0.094874611 0.995059228 0.943863647 -0.330314105 -0.003742809 8.740741730 -0.457137167 -3.693852425
0.000000000 0.500000000 0.666666667 0.500000000 0.500000000 0.000000000 0.000000000 0.342908234 0.932956527 0.109572177 -0.050345105 -0.098224237 0.993890019 0.938018823 -0.346329494 0.013287894 8.723492622 -0.457684845 -3.608810902
0.000000000 0.500000000 0.666666667 0.500000000 0.500000000 0.000000000 0.000000000 0.356721610 0.926462798 0.120068215 -0.071864353 -0.100929562 0.992294683 0.931442541 -0.362601581 0.030575894 8.707796097 -0.457813978 -3.528285980
0.000000000 0.500000000 0.666666667 0.500000000 0.500000000 0.000000000 0.000000000 0.370290021 0.919695345 0.130559462 -0.093559193 -0.102910701 0.990280801 0.924192609 -0.378906136 0.047939149 8.693057060 -0.457864225 -3.452373028
0.000000000 0.500000000 0.666666667 0.500000000 0.500000000 0.000000000 0.000000000 0.383444585 0.912753630 0.140893794 -0.115172751 -0.104105969 0.987875085 0.916354455 -0.395022479 0.065205477 8.679260254 -0.457827896 -3.381042481
0.000000000 0.500000000 0.666666667 0.500000000 0.500000000 0.000000000 0.000000000 0.396031665 0.905751361 0.150908557 -0.136447693 -0.104472272 0.985123125 0.908042371 -0.410731076 0.082213356 8.666393280 -0.457699627 -3.314265013
0.000000000 0.500000000 0.666666667 0.500000000 0.500000000 0.000000000 0.000000000 0.407914745 0.898814390 0.160431459 -0.157129048 -0.103984347 0.982088447 0.899397589 -0.425816801 0.098813101 8.654438019 -0.457476228 -3.252021313
0.000000000 0.500000000 0.666666667 0.500000000 0.500000000 0.000000000 0.000000000 0.418974475 0.892078296 0.169282908 -0.176965633 -0.102635220 0.978850947 0.890586073 -0.440070819 0.114865663 8.643388748 -0.457150817 -3.194277287
0.000000000 0.500000000 0.666666667 0.500000000 0.500000000 0.000000000 0.000000000 0.429107578 0.885686369 0.177274767 -0.195712262 -0.100431518 0.975505111 0.881795553 -0.453291481 0.130243758 8.633743286 -0.456417918 -3.140908241
0.000000000 0.500000000 0.666666667 0.500000000 0.500000000 0.000000000 0.000000000 0.438222695 0.879787633 0.184213436 -0.213130607 -0.097393694 0.972157298 0.873233196 -0.465282913 0.144829545 8.624913216 -0.455619127 -3.092001915
0.000000000 0.500000000 0.666666667 0.500000000 0.500000000 0.000000000 0.000000000 0.446238456 0.874533430 0.189901343 -0.228990932 -0.093552905 0.968922601 0.865121028 -0.475856211 0.158513322 8.616877556 -0.454758286 -3.047534227
0.000000000 0.500000000 0.666666667 0.500000000 0.500000000 0.000000000 0.000000000 0.453081417 0.870074027 0.194135049 -0.243070928 -0.088944616 0.965922036 0.857690943 -0.484829911 0.171190549 8.609619141 -0.453839988 -3.007480383
0.000000000 0.500000000 0.666666667 0.500000000 0.500000000 0.000000000 0.000000000 0.458679817 0.866555024 0.196710997 -0.255157397 -0.083609001 0.963277861 0.851180080 -0.492028378 0.182758163 8.603118896 -0.452869058 -2.971821308
0.000000000 0.500000000 0.666666667 0.500000000 0.500000000 0.000000000 0.000000000 0.462956779 0.864115630 0.197421374 -0.265044519 -0.077581638 0.961110031 0.845826474 -0.497277857 0.193112166 8.597359657 -0.451850086 -2.940532207
0.000000000 0.500000000 0.666666667 0.500000000 0.500000000 0.000000000 0.000000000 0.465827148 0.862882495 0.196058328 -0.272532958 -0.070891276 0.959531247 0.841861541 -0.500408060 0.202140838 8.592326164 -0.450786591 -2.913593769
0.000000000 0.500000000 0.666666667 0.500000000 0.500000000 0.000000000 0.000000000 0.467188138 0.862966872 0.192414711 -0.277429059 -0.063554244 0.958641735 0.839504831 -0.501247479 0.209720298 8.588004112 -0.449680626 -2.890986204
