0.000000000 0.384615385 0.666666667 0.384615385 0.500000000 0.000000000 0.000000000 0.999989273 0.000000000 0.004631758 -3.001415968 -0.004631758 0.000000000 0.999989273 1.691022873 0.000000000 1.000000000 0.000000000 16.399814606
0.000000000 0.384615385 0.666666667 0.384615385 0.500000000 0.000000000 0.000000000 0.999961195 0.000000000 0.008809617 -3.308901310 -0.008809617 0.000000000 0.999961195 1.678915620 0.000000000 1.000000000 0.000000000 16.393459320
0.000000000 0.384615385 0.666666667 0.384615385 0.500000000 0.000000000 0.000000000 0.999913742 0.000000000 0.013134276 -3.546088696 -0.013134276 0.000000000 0.999913742 1.671173930 0.000000000 1.000000000 0.000000000 16.404644012
0.000000000 0.384615385 0.666666667 0.384615385 0.500000000 0.000000000 0.000000000 0.999851491 0.000000000 0.017233543 -3.851181507 -0.017233543 0.000000000 0.999851491 1.675998926 0.000000000 1.000000000 0.000000000 16.394815445
0.000000000 0.384615385 0.666666667 0.384615385 0.500000000 0.000000000 0.000000000 0.999784542 0.000000000 0.020757385 -4.126493931 -0.020757385 0.000000000 0.999784542 1.670471907 0.000000000 1.000000000 0.000000000 16.394805908
0.000000000 0.384615385 0.666666667 0.384615385 0.500000000 0.000000000 0.000000000 0.999727571 0.000000000 0.023340599 -4.389677525 -0.023340599 0.000000000 0.999727571 1.658222437 0.000000000 1.000000000 0.000000000 16.431661606
0.000000000 0.384615385 0.666666667 0.384615385 0.500000000 0.000000000 0.000000000 0.999694766 0.000000000 0.024705777 -4.646916389 -0.024705777 0.000000000 0.999694766 1.652491093 0.000000000 1.000000000 0.000000000 16.413053513
0.000000000 0.384615385 0.666666667 0.384615385 0.500000000 0.000000000 0.000000000 0.999693947 0.000000000 0.024738897 -4.931987286 -0.024738897 0.000000000 0.999693947 1.642651320 0.000000000 1.000000000 0.000000000 16.432470322
0.000000000 0.384615385 0.666666667 0.384615385 0.500000000 0.000000000 0.000000000 0.999733619 0.000000000 0.023080100 -5.189909458 -0.023080100 0.000000000 0.999733619 1.679986835 0.000000000 1.000000000 0.000000000 16.451395035
0.000000000 0.384615385 0.666666667 0.384615385 0.500000000 0.000000000 0.000000000 0.999818473 0.000000000 0.019053136 -5.452890396 -0.019053136 0.000000000 0.999818473 1.682713866 0.000000000 1.000000000 0.000000000 16.440517426
0.000000000 0.384615385 0.666666667 0.384615385 0.500000000 0.000000000 0.000000000 0.999919680 0.000000000 0.012674146 -5.771410942 -0.012674146 0.000000000 0.999919680 1.647494912 0.000000000 1.000000000 0.000000000 16.450645447
0.000000000 0.384615385 0.666666667 0.384615385 0.500000000 0.000000000 0.000000000 0.999996655 0.000000000 0.002586381 -6.028063774 -0.002586381 0.000000000 0.999996655 1.682303429 0.000000000 1.000000000 0.000000000 16.468372345
0.000000000 0.384615385 0.666666667 0.384615385 0.500000000 0.000000000 0.000000000 0.999933188 0.000000000 -0.011559424 -6.277431488 0.011559424 0.000000000 0.999933188 1.669541717 0.000000000 1.000000000 0.000000000 16.451744080
0.000000000 0.384615385 0.666666667 0.384615385 0.500000000 0.000000000 0.000000000 0.999526371 0.000000000 -0.030773923 -6.558381081 0.030773923 0.000000000 0.999526371 1.687161684 0.000000000 1.000000000 0.000000000 16.428861618
0.000000000 0.384615385 0.666666667 0.384615385 0.500000000 0.000000000 0.000000000 0.998618250 0.000000000 -0.052550843 -6.887490273 0.052550843 0.000000000 0.998618250 1.649163604 0.000000000 1.000000000 0.000000000 16.417856216
0.000000000 0.384615385 0.666666667 0.384615385 0.500000000 0.000000000 0.000000000 0.999258734 0.000000000 -0.038496537 -7.129545689 0.038496537 0.000000000 0.999258734 1.684021831 0.000000000 1.000000000 0.000000000 16.417596817
0.000000000 0.384615385 0.666666667 0.384615385 0.500000000 0.000000000 0.000000000 0.999822536 0.000000000 -0.018838722 -7.460746765 0.018838722 0.000000000 0.999822536 1.685989022 0.000000000 1.000000000 0.000000000 16.381992340
0.000000000 0.384615385 0.666666667 0.384615385 0.500000000 0.000000000 0.000000000 0.999952983 0.000000000 -0.009697033 -7.728381157 0.009697033 0.000000000 0.999952983 1.680294037 0.000000000 1.000000000 0.000000000 16.396129608
0.000000000 0.384615385 0.666666667 0.384615385 0.500000000 0.000000000 0.000000000 0.999987710 0.000000000 -0.004957719 -8.001679420 0.004957719 0.000000000 0.999987710 1.665118575 0.000000000 1.000000000 0.000000000 16.392408371
0.000000000 0.384615385 0.666666667 0.384615385 0.500000000 0.000000000 0.000000000 0.999997145 0.000000000 -0.002389387 -8.273564339 0.002389387 0.000000000 0.999997145 1.671027303 0.000000000 1.000000000 0.000000000 16.444753647
0.000000000 0.384615385 0.666666667 0.384615385 0.500000000 0.000000000 0.000000000 0.999999425 0.000000000 -0.001072300 -8.593928337 0.001072300 0.000000000 0.999999425 1.683757305 0.000000000 1.000000000 0.000000000 16.420162201
0.000000000 0.384615385 0.666666667 0.384615385 0.500000000 0.000000000 0.000000000 0.999999966 0.000000000 -0.000259962 -8.835622787 0.000259962 0.000000000 0.999999966 1.679933429 0.000000000 1.000000000 0.000000000 16.394435883
0.000000000 0.384615385 0.666666667 0.384615385 0.500000000 0.000000000 0.000000000 0.999999953 0.000000000 0.000305227 -9.161284447 -0.000305227 0.000000000 0.999999953 1.681453228 0.000000000 1.000000000 0.000000000 16.420101166
0.000000000 0.384615385 0.666666667 0.384615385 0.500000000 0.000000000 0.000000000 0.999999705 0.000000000 0.000767494 -9.409345627 -0.000767494 0.000000000 0.999999705 1.679179072 0.000000000 1.000000000 0.000000000 16.389961243
0.000000000 0.384615385 0.666666667 0.384615385 0.500000000 0.000000000 0.000000000 0.999999350 0.000000000 0.001140494 -9.761083603 -0.001140494 0.000000000 0.999999350 1.666127563 0.000000000 1.000000000 0.000000000 16.405735016
0.000000000 0.384615385 0.666666667 0.384615385 0.500000000 0.000000000 0.000000000 0.999998870 0.000000000 0.001503041 -10.018424988 -0.001503041 0.000000000 0.999998870 1.666479468 0.000000000 1.000000000 0.000000000 16.393934250
0.000000000 0.384615385 0.666666667 0.384615385 0.500000000 0.000000000 0.000000000 0.999998332 0.000000000 0.001826306 -10.329829216 -0.001826306 0.000000000 0.999998332 1.673706293 0.000000000 1.000000000 0.000000000 16.402082443
0.000000000 0.384615385 0.666666667 0.384615385 0.500000000 0.000000000 0.000000000 0.999997786 0.000000000 0.002104391 -10.607033730 -0.002104391 0.000000000 0.999997786 1.665333509 0.000000000 1.000000000 0.000000000 16.418720245
0.000000000 0.384615385 0.666666667 0.384615385 0.500000000 0.000000000 0.000000000 0.999997306 0.000000000 0.002321110 -10.907710075 -0.002321110 0.000000000 0.999997306 1.657068133 0.000000000 1.000000000 0.000000000 16.388051987
0.000000000 0.384615385 0.666666667 0.384615385 0.500000000 0.000000000 0.000000000 0.999996998 0.000000000 0.002450163 -11.180197716 -0.002450163 0.000000000 0.999996998 1.668563247 0.000000000 1.000000000 0.000000000 16.450016022
0.000000000 0.384615385 0.666666667 0.384615385 0.500000000 0.000000000 0.000000000 0.999996946 0.000000000 0.002471489 -11.519001007 -0.002471489 0.000000000 0.999996946 1.694338799 0.000000000 1.000000000 0.000000000 16.422237396
0.000000000 0.384615385 0.666666667 0.384615385 0.500000000 0.000000000 0.000000000 0.999997343 0.000000000 0.002305178 -11.811357498 -0.002305178 0.000000000 0.999997343 1.653622985 0.000000000 1.000000000 0.000000000 16.400207520
0.000000000 0.384615385 0.666666667 0.384615385 0.500000000 0.000000000 0.000000000 0.999998253 0.000000000 0.001868959 -12.142021179 -0.001868959 0.000000000 0.999998253 1.670778036 0.000000000 1.000000000 0.000000000 16.390687943
0.000000000 0.384615385 0.666666667 0.384615385 0.500000000 0.000000000 0.000000000 0.999999398 0.000000000 0.001097251 -12.460956573 -0.001097251 0.000000000 0.999999398 1.668752432 0.000000000 1.000000000 0.000000000 16.399669647
0.000000000 0.384615385 0.666666667 0.384615385 0.500000000 0.000000000 0.000000000 0.999999998 0.000000000 -0.000060860 -12.775730133 0.000060860 0.000000000 0.999999998 1.663267016 0.000000000 1.000000000 0.000000000 16.386983871
0.000000000 0.384615385 0.666666667 0.384615385 0.500000000 0.000000000 0.000000000 0.999998673 0.000000000 -0.001629312 -13.053168297 0.001629312 0.000000000 0.999998673 1.670299530 0.000000000 1.000000000 0.000000000 16.424934387
0.000000000 0.384615385 0.666666667 0.384615385 0.500000000 0.000000000 0.000000000 0.999993576 0.000000000 -0.003584499 -13.382919312 0.003584499 0.000000000 0.999993576 1.667490482 0.000000000 1.000000000 0.000000000 16.405368805
0.000000000 0.384615385 0.666666667 0.384615385 0.500000000 0.000000000 0.000000000 0.999982923 0.000000000 -0.005844057 -13.697885513 0.005844057 0.000000000 0.999982923 1.666293263 0.000000000 1.000000000 0.000000000 16.395236969
0.000000000 0.384615385 0.666666667 0.384615385 0.500000000 0.000000000 0.000000000 0.999965930 0.000000000 -0.008254643 -13.978168488 0.008254643 0.000000000 0.999965930 1.662523150 0.000000000 1.000000000 0.000000000 16.379543304
0.000000000 0.384615385 0.666666667 0.384615385 0.500000000 0.000000000 0.000000000 0.999944006 0.000000000 -0.010582251 -14.332148552 0.010582251 0.000000000 0.999944006 1.676049113 0.000000000 1.000000000 0.000000000 16.384603500
0.000000000 0.384615385 0.666666667 0.384615385 0.500000000 0.000000000 0.000000000 0.999921398 0.000000000 -0.012537851 -14.599000931 0.012537851 0.000000000 0.999921398 1.695705652 0.000000000 1.000000000 0.000000000 16.392478943
0.000000000 0.384615385 0.666666667 0.384615385 0.500000000 0.000000000 0.000000000 0.999904971 0.000000000 -0.013785822 -14.951254845 0.013785822 0.000000000 0.999904971 1.697467208 0.000000000 1.000000000 0.000000000 16.403472900
0.000000000 0.384615385 0.666666667 0.384615385 0.500000000 0.000000000 0.000000000 0.999899273 0.000000000 -0.014193100 -15.260216713 0.014193100 0.000000000 0.999899273 1.654287815 0.000000000 1.000000000 0.000000000 16.389272690
0.000000000 0.384615385 0.666666667 0.384615385 0.500000000 0.000000000 0.000000000 0.999909900 0.000000000 -0.013423553 -15.528342247 0.013423553 0.000000000 0.999909900 1.671899199 0.000000000 1.000000000 0.000000000 16.418050766
0.000000000 0.384615385 0.666666667 0.384615385 0.500000000 0.000000000 0.000000000 0.999934834 0.000000000 -0.011416131 -15.823820114 0.011416131 0.000000000 0.999934834 1.696408153 0.000000000 1.000000000 0.000000000 16.357454300
0.000000000 0.384615385 0.666666667 0.384615385 0.500000000 0.000000000 0.000000000 0.999969772 0.000000000 -0.007775276 -16.167036057 0.007775276 0.000000000 0.999969772 1.660947204 0.000000000 1.000000000 0.000000000 16.334726334
0.000000000 0.384615385 0.666666667 0.384615385 0.500000000 0.000000000 0.000000000 0.999977151 0.000000000 -0.006760063 -16.475082397 0.006760063 0.000000000 0.999977151 1.668679595 0.000000000 1.000000000 0.000000000 16.363603592
0.000000000 0.384615385 0.666666667 0.384615385 0.500000000 0.000000000 0.000000000 0.999998378 0.000000000 0.001801271 -16.765380859 -0.001801271 0.000000000 0.999998378 1.690930128 0.000000000 1.000000000 0.000000000 16.365318298
0.000000000 0.384615385 0.666666667 0.384615385 0.500000000 0.000000000 0.000000000 0.999923534 0.000000000 0.012366324 -17.052619934 -0.012366324 0.000000000 0.999923534 1.648329735 0.000000000 1.000000000 0.000000000 16.395305634
0.000000000 0.384615385 0.666666667 0.384615385 0.500000000 0.000000000 0.000000000 0.999784490 0.000000000 0.020759913 -17.345737457 -0.020759913 0.000000000 0.999784490 1.682656050 0.000000000 1.000000000 0.000000000 16.360309601
0.000000000 0.384615385 0.666666667 0.384615385 0.500000000 0.000000000 0.000000000 0.999545888 0.000000000 0.030133345 -17.572273254 -0.030133345 0.000000000 0.999545888 1.667523742 0.000000000 1.000000000 0.000000000 16.383930206
0.000000000 0.384615385 0.666666667 0.384615385 0.500000000 0.000000000 0.000000000 0.999232046 0.000000000 0.039183145 -17.839931488 -0.039183145 0.000000000 0.999232046 1.681959152 0.000000000 1.000000000 0.000000000 16.419948578
0.000000000 0.384615385 0.666666667 0.384615385 0.500000000 0.000000000 0.000000000 0.998848387 0.000000000 0.047978124 -18.092311859 -0.047978124 0.000000000 0.998848387 1.652073026 0.000000000 1.000000000 0.000000000 16.405872345
0.000000000 0.384615385 0.666666667 0.384615385 0.500000000 0.000000000 0.000000000 0.998380777 0.000000000 0.056884308 -18.367353439 -0.056884308 0.000000000 0.998380777 1.663586140 0.000000000 1.000000000 0.000000000 16.426383972
0.000000000 0.384615385 0.666666667 0.384615385 0.500000000 0.000000000 0.000000000 0.997811644 0.000000000 0.066120525 -18.601161957 -0.066120525 0.000000000 0.997811644 1.689811349 0.000000000 1.000000000 0.000000000 16.455745697
0.000000000 0.384615385 0.666666667 0.384615385 0.500000000 0.000000000 0.000000000 0.997215023 0.000000000 0.074580139 -18.867214203 -0.074580139 0.000000000 0.997215023 1.663054585 0.000000000 1.000000000 0.000000000 16.439996719
0.000000000 0.384615385 0.666666667 0.384615385 0.500000000 0.000000000 0.000000000 0.996634884 0.000000000 0.081968949 -19.113203049 -0.081968949 0.000000000 0.996634884 1.655335665 0.000000000 1.000000000 0.000000000 16.473218918
0.000000000 0.384615385 0.666666667 0.384615385 0.500000000 0.000000000 0.000000000 0.996154480 0.000000000 0.087614221 -19.352401733 -0.087614221 0.000000000 0.996154480 1.634785414 0.000000000 1.000000000 0.000000000 16.503742218
0.000000000 0.384615385 0.666666667 0.384615385 0.500000000 0.000000000 0.000000000 0.995765953 0.000000000 0.091924792 -19.589250565 -0.091924792 0.000000000 0.995765953 1.668496013 0.000000000 1.000000000 0.000000000 16.519666672
0.000000000 0.384615385 0.666666667 0.384615385 0.500000000 0.000000000 0.000000000 0.995538493 0.000000000 0.094356288 -19.822319031 -0.094356288 0.000000000 0.995538493 1.687638640 0.000000000 1.000000000 0.000000000 16.533336639
0.000000000 0.384615385 0.666666667 0.384615385 0.500000000 0.000000000 0.000000000 0.995426232 0.000000000 0.095533323 -20.020154953 -0.095533323 0.000000000 0.995426232 1.635687947 0.000000000 1.000000000 0.000000000 16.565860748
0.000000000 0.384615385 0.666666667 0.384615385 0.500000000 0.000000000 0.000000000 0.995466181 0.000000000 0.095116148 -20.230409622 -0.095116148 0.000000000 0.995466181 1.686208963 0.000000000 1.000000000 0.000000000 16.584966660
0.000000000 0.384615385 0.666666667 0.384615385 0.500000000 0.000000000 0.000000000 0.995669488 0.000000000 0.092963814 -20.465173721 -0.092963814 0.000000000 0.995669488 1.650442123 0.000000000 1.000000000 0.000000000 16.633480072
0.000000000 0.384615385 0.666666667 0.384615385 0.500000000 0.000000000 0.000000000 0.995998140 0.000000000 0.089373964 -20.648645401 -0.089373964 0.000000000 0.995998140 1.671903849 0.000000000 1.000000000 0.000000000 16.635755539
0.000000000 0.384615385 0.666666667 0.384615385 0.500000000 0.000000000 0.000000000 0.996397217 0.000000000 0.084809118 -20.834894180 -0.084809118 0.000000000 0.996397217 1.668353677 0.000000000 1.000000000 0.000000000 16.642240524
0.000000000 0.384615385 0.666666667 0.384615385 0.500000000 0.000000000 0.000000000 0.996869079 0.000000000 0.079069843 -21.035942078 -0.079069843 0.000000000 0.996869079 1.686381817 0.000000000 1.000000000 0.000000000 16.651340485
0.000000000 0.384615385 0.666666667 0.384615385 0.500000000 0.000000000 0.000000000 0.997384760 0.000000000 0.072274752 -21.250217438 -0.072274752 0.000000000 0.997384760 1.681970358 0.000000000 1.000000000 0.000000000 16.656499863
0.000000000 0.384615385 0.666666667 0.384615385 0.500000000 0.000000000 0.000000000 0.997913333 0.000000000 0.064567631 -21.431991577 -0.064567631 0.000000000 0.997913333 1.668515921 0.000000000 1.000000000 0.000000000 16.688028336
0.000000000 0.384615385 0.666666667 0.384615385 0.500000000 0.000000000 0.000000000 0.998424239 0.000000000 0.056116302 -21.630126953 -0.056116302 0.000000000 0.998424239 1.683232188 0.000000000 1.000000000 0.000000000 16.699714661
0.000000000 0.384615385 0.666666667 0.384615385 0.500000000 0.000000000 0.000000000 0.998889813 0.000000000 0.047107771 -21.831432343 -0.047107771 0.000000000 0.998889813 1.691005707 0.000000000 1.000000000 0.000000000 16.694381714
0.000000000 0.384615385 0.666666667 0.384615385 0.500000000 0.000000000 0.000000000 0.999287020 0.000000000 0.037755160 -22.087131500 -0.037755160 0.000000000 0.999287020 1.670405865 0.000000000 1.000000000 0.000000000 16.714454651
0.000000000 0.384615385 0.666666667 0.384615385 0.500000000 0.000000000 0.000000000 0.999631073 0.000000000 0.027160970 -22.275821686 -0.027160970 0.000000000 0.999631073 1.666345596 0.000000000 1.000000000 0.000000000 16.717718124
0.000000000 0.384615385 0.666666667 0.384615385 0.500000000 0.000000000 0.000000000 0.999757429 0.000000000 0.022024607 -22.465682983 -0.022024607 0.000000000 0.999757429 1.696102262 0.000000000 1.000000000 0.000000000 16.734584808
0.000000000 0.384615385 0.666666667 0.384615385 0.500000000 0.000000000 0.000000000 0.999978759 0.000000000 0.006517807 -22.717403412 -0.006517807 0.000000000 0.999978759 1.688700676 0.000000000 1.000000000 0.000000000 16.720928192
0.000000000 0.384615385 0.666666667 0.384615385 0.500000000 0.000000000 0.000000000 0.999994081 0.000000000 -0.003440779 -22.913314819 0.003440779 0.000000000 0.999994081 1.675780773 0.000000000 1.000000000 0.000000000 16.726173401
0.000000000 0.384615385 0.666666667 0.384615385 0.500000000 0.000000000 0.000000000 0.999913551 0.000000000 -0.013148774 -23.121376038 0.013148774 0.000000000 0.999913551 1.670254469 0.000000000 1.000000000 0.000000000 16.724473953
0.000000000 0.384615385 0.666666667 0.384615385 0.500000000 0.000000000 0.000000000 0.999743822 0.000000000 -0.022633852 -23.317125320 0.022633852 0.000000000 0.999743822 1.667548060 0.000000000 1.000000000 0.000000000 16.720579147
0.000000000 0.384615385 0.666666667 0.384615385 0.500000000 0.000000000 0.000000000 0.999507470 0.000000000 -0.031381797 -23.537605286 0.031381797 0.000000000 0.999507470 1.671283960 0.000000000 1.000000000 0.000000000 16.722356796
0.000000000 0.384615385 0.666666667 0.384615385 0.500000000 0.000000000 0.000000000 0.999163148 0.000000000 -0.040902374 -23.757553101 0.040902374 0.000000000 0.999163148 1.658818007 0.000000000 1.000000000 0.000000000 16.703569412
0.000000000 0.384615385 0.666666667 0.384615385 0.500000000 0.000000000 0.000000000 0.998728129 0.000000000 -0.050419492 -23.970922470 0.050419492 0.000000000 0.998728129 1.680628181 0.000000000 1.000000000 0.000000000 16.722961426
0.000000000 0.384615385 0.666666667 0.384615385 0.500000000 0.000000000 0.000000000 0.998141069 0.000000000 -0.060945925 -24.178190231 0.060945925 0.000000000 0.998141069 1.677237391 0.000000000 1.000000000 0.000000000 16.679090500