0.000000000 0.500000000 0.666666667 0.500000000 0.500000000 0.000000000 0.000000000 -0.949962358 -0.102685425 -0.295003766 -0.246951136 -0.331427039 0.910588411 -0.191276383 0.937876229 0.289484929 -6.845168114 -0.559277356 -12.818614960
0.000000000 0.500000000 0.666666667 0.500000000 0.500000000 0.000000000 0.000000000 -0.949281023 -0.102319145 -0.297315207 -0.249317444 -0.331219750 0.910018840 -0.191589018 0.937989483 0.288910675 -6.791945457 -0.628964245 -13.084909439
0.000000000 0.500000000 0.666666667 0.500000000 0.500000000 0.000000000 0.000000000 -0.948295629 -0.102395983 -0.300417148 -0.252323324 -0.330953370 0.909286977 -0.192531402 0.938075119 0.288004739 -6.789736271 -0.680259407 -13.360295296
0.000000000 0.500000000 0.666666667 0.500000000 0.500000000 0.000000000 0.000000000 -0.946990160 -0.103068233 -0.304280424 -0.255897135 -0.330632226 0.908404639 -0.194232575 0.938114743 0.286730599 -6.829826355 -0.713504016 -13.635969162
0.000000000 0.500000000 0.666666667 0.500000000 0.500000000 0.000000000 0.000000000 -0.945345267 -0.104483354 -0.308877895 -0.259972366 -0.330260128 0.907382288 -0.196816398 0.938089269 0.285047065 -6.877206802 -0.737080693 -13.902772903
0.000000000 0.500000000 0.666666667 0.500000000 0.500000000 0.000000000 0.000000000 -0.943336682 -0.106783763 -0.314186462 -0.264490085 -0.329840238 0.906228676 -0.200401845 0.937977956 0.282907149 -6.914464951 -0.756764531 -14.162736893
0.000000000 0.500000000 0.666666667 0.500000000 0.500000000 0.000000000 0.000000000 -0.940934101 -0.110105895 -0.320186990 -0.269399640 -0.329375152 0.904950741 -0.205102050 0.937757272 0.280257824 -6.950876236 -0.768214703 -14.414552689
0.000000000 0.500000000 0.666666667 0.500000000 0.500000000 0.000000000 0.000000000 -0.938098732 -0.114581662 -0.326866657 -0.274661189 -0.328866379 0.903553062 -0.211026065 0.937399567 0.277037998 -6.993862152 -0.767795384 -14.656755447
0.000000000 0.500000000 0.666666667 0.500000000 0.500000000 0.000000000 0.000000000 -0.934781661 -0.120337212 -0.334218792 -0.280246556 -0.328314726 0.902037310 -0.218277606 0.936871601 0.273178496 -7.044511795 -0.756832242 -14.888319969
0.000000000 0.500000000 0.666666667 0.500000000 0.500000000 0.000000000 0.000000000 -0.930921792 -0.127491470 -0.342243396 -0.286141229 -0.327719386 0.900401689 -0.226953331 0.936133500 0.268600552 -7.105144024 -0.733918428 -15.107514381
0.000000000 0.500000000 0.666666667 0.500000000 0.500000000 0.000000000 0.000000000 -0.926443044 -0.136155676 -0.350948596 -0.292346940 -0.327078051 0.898639647 -0.237142472 0.935137199 0.263214490 -7.172272682 -0.703583360 -15.314697266
0.000000000 0.500000000 0.666666667 0.500000000 0.500000000 0.000000000 0.000000000 -0.921252471 -0.153597359 -0.357353797 -0.298881447 -0.308420041 0.903076386 -0.248925221 0.938767772 0.238225324 -7.242140770 -0.667956531 -15.510246277
0.000000000 0.500000000 0.666666667 0.500000000 0.500000000 0.000000000 0.000000000 -0.915252192 -0.174477264 -0.363140619 -0.305787450 -0.286018509 0.908123036 -0.262311760 0.942205443 0.208426110 -7.313815594 -0.631797492 -15.695570946
0.000000000 0.500000000 0.666666667 0.500000000 0.500000000 0.000000000 0.000000000 -0.908392297 -0.198015932 -0.368256875 -0.313138789 -0.261444163 0.913012075 -0.277069547 0.944688647 0.175487395 -7.386542797 -0.597694695 -15.871366501
0.000000000 0.500000000 0.666666667 0.500000000 0.500000000 0.000000000 0.000000000 -0.900645993 -0.223854289 -0.372459464 -0.321005091 -0.234995374 0.917460030 -0.292903613 0.945868084 0.139789275 -7.460055828 -0.568146348 -16.038068771
0.000000000 0.500000000 0.666666667 0.500000000 0.500000000 0.000000000 0.000000000 -0.892000803 -0.251617983 -0.375530237 -0.329439857 -0.206985552 0.921209185 -0.309522130 0.945433960 0.101738286 -7.535163403 -0.547760010 -16.195615768
0.000000000 0.500000000 0.666666667 0.500000000 0.500000000 0.000000000 0.000000000 -0.882463588 -0.280915277 -0.377285864 -0.338476797 -0.177746431 0.924034450 -0.326636609 0.943129267 0.061771451 -7.613691330 -0.547111213 -16.342227936
0.000000000 0.500000000 0.666666667 0.500000000 0.500000000 0.000000000 0.000000000 -0.872063737 -0.311342398 -0.377585421 -0.348126688 -0.147623518 0.925751104 -0.343966057 0.938761529 0.020350519 -7.699147701 -0.587272942 -16.465452194
0.000000000 0.500000000 0.666666667 0.500000000 0.500000000 0.000000000 0.000000000 -0.860854591 -0.342489976 -0.376337601 -0.358375438 -0.116973949 0.926220352 -0.361242881 0.932211195 -0.022042434 -7.730065823 -0.635805011 -16.401401520
0.000000000 0.500000000 0.666666667 0.500000000 0.500000000 0.000000000 0.000000000 -0.848914072 -0.373950229 -0.373505187 -0.369183819 -0.086158961 0.925353955 -0.378217142 0.923438065 -0.064914819 -7.684052467 -0.571132779 -16.281904221
0.000000000 0.500000000 0.666666667 0.500000000 0.500000000 0.000000000 0.000000000 -0.836345208 -0.405321990 -0.369108083 -0.380486919 -0.055539894 0.923117016 -0.394659849 0.912485290 -0.107769191 -7.635405064 -0.493128657 -16.181598663
0.000000000 0.500000000 0.666666667 0.500000000 0.500000000 0.000000000 0.000000000 -0.823274213 -0.436219191 -0.363224983 -0.392195803 -0.025471660 0.919529035 -0.410368155 0.899479856 -0.150113175 -7.587983131 -0.415506572 -16.092346191
0.000000000 0.500000000 0.666666667 0.500000000 0.500000000 0.000000000 0.000000000 -0.809848205 -0.466278926 -0.355991359 -0.404198797 0.003704458 0.914663659 -0.425169634 0.884630002 -0.191469430 -7.542492390 -0.341000348 -16.011953354
0.000000000 0.500000000 0.666666667 0.500000000 0.500000000 0.000000000 0.000000000 -0.796232583 -0.495166155 -0.347597687 -0.416365071 0.031666596 0.908645891 -0.438923457 0.868221000 -0.231383867 -7.499277115 -0.270874619 -15.939284325
0.000000000 0.500000000 0.666666667 0.500000000 0.500000000 0.000000000 0.000000000 -0.782607468 -0.522579491 -0.338284239 -0.428546941 0.058116648 0.901648476 -0.451523055 0.850607507 -0.269432365 -7.458573818 -0.205779418 -15.873693466
0.000000000 0.500000000 0.666666667 0.500000000 0.500000000 0.000000000 0.000000000 -0.769164912 -0.548252991 -0.328335187 -0.440583132 0.082784145 0.893886620 -0.462895065 0.832205169 -0.305225680 -7.414601803 -0.137072146 -15.805138588
0.000000000 0.500000000 0.666666667 0.500000000 0.500000000 0.000000000 0.000000000 -0.756103599 -0.571959298 -0.318072176 -0.452303960 0.105428093 0.885610549 -0.472999445 0.813478628 -0.338414016 -7.366613388 -0.065399170 -15.733490944
0.000000000 0.500000000 0.666666667 0.500000000 0.500000000 0.000000000 0.000000000 -0.743627427 -0.593506080 -0.307845387 -0.463532999 0.125837044 0.877098739 -0.481825081 0.794931174 -0.368685530 -7.312731743 0.007245483 -15.658192635
0.000000000 0.500000000 0.666666667 0.500000000 0.500000000 0.000000000 0.000000000 -0.731940512 -0.612734781 -0.298025462 -0.474092141 0.143827055 0.868648617 -0.489387096 0.777090642 -0.395765592 -7.256015301 0.076223753 -15.573669434
0.000000000 0.500000000 0.666666667 0.500000000 0.500000000 0.000000000 0.000000000 -0.721245343 -0.629513602 -0.288994430 -0.483804183 0.159237573 0.860567782 -0.495720353 0.760497219 -0.419410672 -7.205014706 0.135040283 -15.472199440
0.000000000 0.500000000 0.666666667 0.500000000 0.500000000 0.000000000 0.000000000 -0.711740958 -0.643728897 -0.281136829 -0.492495739 0.171925552 0.853164434 -0.500871996 0.745690762 -0.439400196 -7.162617207 0.186281741 -15.356652260
0.000000000 0.500000000 0.666666667 0.500000000 0.500000000 0.000000000 0.000000000 -0.703620384 -0.655276104 -0.274830098 -0.500000005 0.181757382 0.846737415 -0.504894395 0.733196755 -0.455526254 -7.126879692 0.233964235 -15.231041908
0.000000000 0.500000000 0.666666667 0.500000000 0.500000000 0.000000000 0.000000000 -0.699942726 -0.663018545 -0.265493105 -0.499999987 0.189462704 0.845046683 -0.509980581 0.724230828 -0.464122305 -7.095500469 0.280784309 -15.097468376
0.000000000 0.500000000 0.666666667 0.500000000 0.500000000 0.000000000 0.000000000 -0.697175523 -0.668437336 -0.259109664 -0.500000010 0.194358187 0.843934171 -0.513757024 0.717925082 -0.469720445 -7.066440105 0.328021854 -14.957123756
0.000000000 0.500000000 0.666666667 0.500000000 0.500000000 0.000000000 0.000000000 -0.695267784 -0.671797663 -0.255520271 -0.499999805 0.196679613 0.843396303 -0.516336038 0.714146364 -0.472643700 -7.038552284 0.376209110 -14.810465813
0.000000000 0.500000000 0.666666667 0.500000000 0.500000000 0.000000000 0.000000000 -0.694167773 -0.673308133 -0.254533417 -0.500000006 0.196655825 0.843401731 -0.517813766 0.712729012 -0.473166207 -7.012524128 0.424885869 -14.657279968
0.000000000 0.500000000 0.666666667 0.500000000 0.500000000 0.000000000 0.000000000 -0.693824206 -0.673132083 -0.255931963 -0.500000004 0.194510662 0.843899045 -0.518274026 0.713483568 -0.471522250 -6.986811161 0.474517196 -14.498026848
0.000000000 0.500000000 0.666666667 0.500000000 0.500000000 0.000000000 0.000000000 -0.694186851 -0.671396547 -0.259482740 -0.499999778 0.190463598 0.844821780 -0.517788410 0.716205483 -0.467915450 -6.961752891 0.524951756 -14.332616806
0.000000000 0.500000000 0.666666667 0.500000000 0.500000000 0.000000000 0.000000000 -0.695205728 -0.668202869 -0.264941354 -0.499999983 0.184730785 0.846093703 -0.516419415 0.720679862 -0.462527323 -6.937768459 0.575786710 -14.160910606
0.000000000 0.500000000 0.666666667 0.500000000 0.500000000 0.000000000 0.000000000 -0.696832386 -0.663634365 -0.272055243 -0.499999963 0.177526582 0.847634561 -0.514222386 0.726686826 -0.455523430 -6.913852215 0.627659261 -13.983263969
0.000000000 0.500000000 0.666666667 0.500000000 0.500000000 0.000000000 0.000000000 -0.699017850 -0.657765178 -0.280569094 -0.500000000 0.169063217 0.849363073 -0.511247539 0.734004495 -0.447060795 -6.891633034 0.679327369 -13.799128532
0.000000000 0.500000000 0.666666667 0.500000000 0.500000000 0.000000000 0.000000000 -0.702964464 -0.650266700 -0.288087107 -0.497313829 0.159836473 0.852719917 -0.508448539 0.742701502 -0.435745983 -6.869880199 0.731704712 -13.608940125
0.000000000 0.500000000 0.666666667 0.500000000 0.500000000 0.000000000 0.000000000 -0.709963673 -0.640872376 -0.291948935 -0.488992058 0.150280868 0.859245266 -0.506792216 0.752793636 -0.420075459 -6.849455357 0.784158289 -13.412404060
0.000000000 0.500000000 0.666666667 0.500000000 0.500000000 0.000000000 0.000000000 -0.718000888 -0.630372473 -0.295136020 -0.479159552 0.140089627 0.866476209 -0.504857255 0.763547930 -0.402633469 -6.830839634 0.836005211 -13.209428787
0.000000000 0.500000000 0.666666667 0.500000000 0.500000000 0.000000000 0.000000000 -0.726996583 -0.618915983 -0.297353282 -0.467792153 0.129426496 0.874310748 -0.502639502 0.774720458 -0.383616661 -6.813313007 0.887863755 -13.000292778
0.000000000 0.500000000 0.666666667 0.500000000 0.500000000 0.000000000 0.000000000 -0.736863535 -0.606664983 -0.298311465 -0.454859269 0.118458565 0.882649768 -0.500135158 0.786082163 -0.363234988 -6.798771858 0.937861323 -12.784425735
0.000000000 0.500000000 0.666666667 0.500000000 0.500000000 0.000000000 0.000000000 -0.747505960 -0.593794113 -0.297730401 -0.440323679 0.107357859 0.891397413 -0.497342837 0.797422624 -0.341712248 -6.787443638 0.985628664 -12.561884880
0.000000000 0.500000000 0.666666667 0.500000000 0.500000000 0.000000000 0.000000000 -0.758819053 -0.580488624 -0.295341501 -0.424140698 0.096302416 0.900461278 -0.494265428 0.808553525 -0.319284958 -6.779264927 1.031177401 -12.332787514
0.000000000 0.500000000 0.666666667 0.500000000 0.500000000 0.000000000 0.000000000 -0.770685820 -0.566945513 -0.290888557 -0.406258398 0.085477896 0.909751418 -0.490914943 0.819308436 -0.296202978 -6.774858475 1.073807359 -12.097084999
0.000000000 0.500000000 0.666666667 0.500000000 0.500000000 0.000000000 0.000000000 -0.782978031 -0.553367453 -0.284130015 -0.386616741 0.075078438 0.919179375 -0.487311912 0.829546677 -0.272725889 -6.774741173 1.112872958 -11.854816437
0.000000000 0.500000000 0.666666667 0.500000000 0.500000000 0.000000000 0.000000000 -0.795554044 -0.539959490 -0.274840885 -0.365149272 0.065307674 0.928655435 -0.483487096 0.839153536 -0.249121599 -6.779438496 1.147634864 -11.606066704
0.000000000 0.500000000 0.666666667 0.500000000 0.500000000 0.000000000 0.000000000 -0.808255897 -0.526928083 -0.262810198 -0.341781338 0.056379615 0.938086806 -0.479487144 0.848037815 -0.225663342 -6.788681507 1.178159714 -11.351054192
0.000000000 0.500000000 0.666666667 0.500000000 0.500000000 0.000000000 0.000000000 -0.820912069 -0.514438731 -0.247903544 -0.316464974 0.048469826 0.947365081 -0.475345448 0.856156217 -0.202591305 -6.802873611 1.203614473 -11.089901924
0.000000000 0.500000000 0.666666667 0.500000000 0.500000000 0.000000000 0.000000000 -0.833347446 -0.502517344 -0.230235432 -0.289280383 0.041565445 0.956341557 -0.471008381 0.863567388 -0.180006868 -6.821481705 1.224038720 -10.822775841
0.000000000 0.500000000 0.666666667 0.500000000 0.500000000 0.000000000 0.000000000 -0.845388830 -0.491144373 -0.209987929 -0.260350795 0.035609255 0.964857215 -0.466406678 0.870350036 -0.157973494 -6.843659401 1.239572763 -10.549789429
0.000000000 0.500000000 0.666666667 0.500000000 0.500000000 0.000000000 0.000000000 -0.856866271 -0.480291618 -0.187350356 -0.229811844 0.030547943 0.972755540 -0.461483164 0.876576742 -0.136552204 -6.871393681 1.248671889 -10.271209717
0.000000000 0.500000000 0.666666667 0.500000000 0.500000000 0.000000000 0.000000000 -0.867617456 -0.469922319 -0.162520656 -0.197812201 0.026331090 0.979886221 -0.456191059 0.882314960 -0.115801681 -6.908327579 1.252084970 -9.987736702
0.000000000 0.500000000 0.666666667 0.500000000 0.500000000 0.000000000 0.000000000 -0.877490883 -0.459993219 -0.135705523 -0.164513450 0.022910448 0.986108735 -0.450494257 0.887626808 -0.095778781 -6.960297585 1.252382755 -9.700718880
0.000000000 0.500000000 0.666666667 0.500000000 0.500000000 0.000000000 0.000000000 -0.886348028 -0.450458241 -0.107119308 -0.130088713 0.020239295 0.991295767 -0.444369329 0.892568061 -0.076538592 -7.032157898 1.256287217 -9.412054062
0.000000000 0.500000000 0.666666667 0.500000000 0.500000000 0.000000000 0.000000000 -0.894068217 -0.441265444 -0.076985918 -0.094723796 0.018271741 0.995335896 -0.437800670 0.897190588 -0.058134521 -7.116159439 1.266152263 -9.127009392
0.000000000 0.500000000 0.666666667 0.500000000 0.500000000 0.000000000 0.000000000 -0.900549103 -0.432363120 -0.045535105 -0.058613305 0.016962369 0.998136643 -0.430785090 0.901540021 -0.040617678 -7.201909065 1.281600952 -8.842973709
0.000000000 0.500000000 0.666666667 0.500000000 0.500000000 0.000000000 0.000000000 -0.905710772 -0.423696723 -0.013003277 -0.021960879 0.016265842 0.999626501 -0.423326963 0.905658053 -0.024036900 -7.271025181 1.303598642 -8.555318832
0.000000000 0.500000000 0.666666667 0.500000000 0.500000000 0.000000000 0.000000000 -0.909495852 -0.415213662 0.020369347 0.015023925 0.016136747 0.999756914 -0.415441424 0.909580794 -0.008438165 -7.309370041 1.350013375 -8.265274048
0.000000000 0.500000000 0.666666667 0.500000000 0.500000000 0.000000000 0.000000000 -0.911872287 -0.406861260 0.054340105 0.052127449 0.016529506 0.998503633 -0.407150661 0.913340402 0.006135842 -7.341608524 1.428042531 -7.981423378
0.000000000 0.500000000 0.666666667 0.500000000 0.500000000 0.000000000 0.000000000 -0.912833574 -0.398589144 0.088665438 0.089133670 0.017398466 0.995867703 -0.398484698 0.916964551 0.019645810 -7.375490665 1.521015644 -7.702414513
0.000000000 0.500000000 0.666666667 0.500000000 0.500000000 0.000000000 0.000000000 -0.912398998 -0.390350364 0.123104275 0.125828038 0.018698025 0.991875843 -0.389480903 0.920476495 0.032056961 -7.398642540 1.619087458 -7.424314976
0.000000000 0.500000000 0.666666667 0.500000000 0.500000000 0.000000000 0.000000000 -0.910614293 -0.382100463 0.157419332 0.161998862 0.020382991 0.986580409 -0.380181508 0.923895973 0.043338798 -7.399704456 1.717810631 -7.145853043
0.000000000 0.500000000 0.666666667 0.500000000 0.500000000 0.000000000 0.000000000 -0.907550843 -0.373799268 0.191378094 0.197438450 0.022408863 0.980059132 -0.370633951 0.927238885 0.053465165 -7.363041878 1.812534809 -6.869054794
0.000000000 0.500000000 0.666666667 0.500000000 0.500000000 0.000000000 0.000000000 -0.903304681 -0.365410241 0.224757666 0.231948297 0.024732311 0.972413647 -0.360888682 0.930517957 0.062415471 -7.278063774 1.900696993 -6.604515076
0.000000000 0.500000000 0.666666667 0.500000000 0.500000000 0.000000000 0.000000000 -0.897994778 -0.356902238 0.257344461 0.265338806 0.027311623 0.963768330 -0.350999569 0.933742399 0.070174319 -7.153195858 1.985346675 -6.358658314
0.000000000 0.500000000 0.666666667 0.500000000 0.500000000 0.000000000 0.000000000 -0.891762405 -0.348247891 0.288934628 0.297429617 0.030107248 0.954268923 -0.341021166 0.936918865 0.076730725 -7.004338265 2.069473743 -6.130064488
0.000000000 0.500000000 0.666666667 0.500000000 0.500000000 0.000000000 0.000000000 -0.884767565 -0.339424532 0.319338916 0.328054866 0.033082257 0.944079218 -0.331008099 0.940051356 0.082079761 -6.842614651 2.154923677 -5.914888859
0.000000000 0.500000000 0.666666667 0.500000000 0.500000000 0.000000000 0.000000000 -0.877179057 -0.330405582 0.348409318 0.357089138 0.036207314 0.933368297 -0.321005061 0.943144306 0.086223947 -6.675805569 2.241314650 -5.708156586
0.000000000 0.500000000 0.666666667 0.500000000 0.500000000 0.000000000 0.000000000 -0.869137580 -0.321136213 0.376126839 0.384534387 0.039471886 0.922266380 -0.311019569 0.946210073 0.089181417 -6.505487919 2.327971220 -5.508669376
0.000000000 0.500000000 0.666666667 0.500000000 0.500000000 0.000000000 0.000000000 -0.860767370 -0.311554910 0.402508475 0.410428399 0.042867050 0.910884705 -0.301044953 0.949260741 0.090972425 -6.333508015 2.414245606 -5.314782619
0.000000000 0.500000000 0.666666667 0.500000000 0.500000000 0.000000000 0.000000000 -0.852184198 -0.301600503 0.427573654 0.434811731 0.046380870 0.899326177 -0.291068466 0.952305598 0.091614392 -6.160234451 2.499827862 -5.126149654
0.000000000 0.500000000 0.666666667 0.500000000 0.500000000 0.000000000 0.000000000 -0.843494187 -0.291212581 0.451345532 0.457729453 0.049998940 0.887684546 -0.281071706 0.955350898 0.091122760 -5.984789848 2.584320068 -4.943560600
0.000000000 0.500000000 0.666666667 0.500000000 0.500000000 0.000000000 0.000000000 -0.834794887 -0.280332268 0.473847354 0.479227766 0.053704764 0.876045973 -0.271031815 0.958399508 0.089510545 -5.804943562 2.667043448 -4.769237042
0.000000000 0.500000000 0.666666667 0.500000000 0.500000000 0.000000000 0.000000000 -0.826175064 -0.268901760 0.495102623 0.499354478 0.057480195 0.864488943 -0.260921193 0.961450920 0.086788594 -5.612126350 2.753574133 -4.617282391
0.000000000 0.500000000 0.666666667 0.500000000 0.500000000 0.000000000 0.000000000 -0.817713926 -0.256862540 0.515136459 0.518160650 0.061305710 0.853083320 -0.250705954 0.964501553 0.082965528 -5.409240723 2.860017061 -4.500255108
0.000000000 0.500000000 0.666666667 0.500000000 0.500000000 0.000000000 0.000000000 -0.809483008 -0.244159221 0.533969601 0.535694939 0.065161089 0.841893678 -0.240350145 0.967543440 0.078048064 -5.212651253 2.978903770 -4.391121864
