0.000000000 0.500000000 0.666666667 0.500000000 0.500000000 0.000000000 0.000000000 0.479729474 0.861202964 0.167896059 0.132359970 -0.260193841 0.956441322 0.867375622 -0.436610375 -0.238811453 -2.224885225 -0.325477302 2.515919209
0.000000000 0.500000000 0.666666667 0.500000000 0.500000000 0.000000000 0.000000000 0.476200053 0.865079792 0.157703716 0.164120321 -0.263629909 0.950559725 0.863885426 -0.426774207 -0.267517750 -2.504199266 -0.318678588 2.546370268
0.000000000 0.500000000 0.666666667 0.500000000 0.500000000 0.000000000 0.000000000 0.472582105 0.868964347 0.146857472 0.198205450 -0.267170461 0.943045356 0.858708771 -0.416558408 -0.298493448 -2.791711330 -0.315139771 2.549244881
0.000000000 0.500000000 0.666666667 0.500000000 0.500000000 0.000000000 0.000000000 0.468771901 0.872872869 0.135446886 0.234148611 -0.270644780 0.933769689 0.851720220 -0.406010292 -0.331252638 -3.085876465 -0.312824100 2.539986134
0.000000000 0.500000000 0.666666667 0.500000000 0.500000000 0.000000000 0.000000000 0.464673372 0.876818263 0.123565331 0.271474787 -0.273893375 0.922650454 0.842840494 -0.395186226 -0.365305009 -3.375876427 -0.311041862 2.524289370
0.000000000 0.500000000 0.666666667 0.500000000 0.500000000 0.000000000 0.000000000 0.460204310 0.880807809 0.111308565 0.309706373 -0.276769912 0.909659485 0.832042040 -0.384156244 -0.400162498 -3.661891937 -0.308838487 2.508378029
0.000000000 0.500000000 0.666666667 0.500000000 0.500000000 0.000000000 0.000000000 0.455297531 0.884843722 0.098771178 0.348369784 -0.279139959 0.894829245 0.819355022 -0.373004651 -0.435344550 -3.943901300 -0.305905759 2.491901636
0.000000000 0.500000000 0.666666667 0.500000000 0.500000000 0.000000000 0.000000000 0.449899969 0.888923758 0.086049810 0.387004703 -0.280886841 0.878253917 0.804871032 -0.361824729 -0.470388656 -4.221872330 -0.301972032 2.474547625
0.000000000 0.500000000 0.666666667 0.500000000 0.500000000 0.000000000 0.000000000 0.443976186 0.893040389 0.073239406 0.425165883 -0.281909175 0.860093709 0.788745281 -0.350722228 -0.504851266 -4.495742321 -0.296489865 2.455680847
0.000000000 0.500000000 0.666666667 0.500000000 0.500000000 0.000000000 0.000000000 0.437508635 0.897181331 0.060430565 0.462436857 -0.282123850 0.840570215 0.771192808 -0.339811408 -0.538321335 -4.765182972 -0.287380964 2.432628632
0.000000000 0.500000000 0.666666667 0.500000000 0.500000000 0.000000000 0.000000000 0.430495678 0.901330816 0.047709870 0.498430858 -0.281464695 0.819966039 0.752489303 -0.329211764 -0.570420427 -5.029047966 -0.272181392 2.398729563
0.000000000 0.500000000 0.666666667 0.500000000 0.500000000 0.000000000 0.000000000 0.422952831 0.905469425 0.035157108 0.532800747 -0.279884246 0.798616411 0.732962663 -0.319045339 -0.600812621 -5.271074295 -0.249240711 2.307055473
0.000000000 0.500000000 0.666666667 0.500000000 0.500000000 0.000000000 0.000000000 0.414913340 0.909574172 0.022841771 0.565237573 -0.277350140 0.776906292 0.712989065 -0.309437757 -0.629201770 -5.470431805 -0.253523558 2.144418240
0.000000000 0.500000000 0.666666667 0.500000000 0.500000000 0.000000000 0.000000000 0.406423621 0.913620640 0.010824333 0.595476428 -0.273845459 0.755259219 0.692984606 -0.300509551 -0.655336818 -5.639272213 -0.258535147 1.955133319
0.000000000 0.500000000 0.666666667 0.500000000 0.500000000 0.000000000 0.000000000 0.397544699 0.917577112 -0.003233418 0.623293783 -0.267455596 0.734828119 0.673396668 -0.294142393 -0.678245664 -5.791774750 -0.258936137 1.757011175
0.000000000 0.500000000 0.666666667 0.500000000 0.500000000 0.000000000 0.000000000 0.388348243 0.921360734 -0.016734416 0.648505052 -0.260349283 0.715303745 0.654695990 -0.288639306 -0.698613278 -5.930329323 -0.257001936 1.553656578
0.000000000 0.500000000 0.666666667 0.500000000 0.500000000 0.000000000 0.000000000 0.378917139 0.925000718 -0.028204135 0.670958828 -0.253606081 0.696777014 0.637366498 -0.282944566 -0.716733088 -6.056449890 -0.254752189 1.347095132
0.000000000 0.500000000 0.666666667 0.500000000 0.500000000 0.000000000 0.000000000 0.369340840 0.928546270 -0.037271555 0.690529744 -0.247384524 0.679683433 0.621897111 -0.276771967 -0.732558026 -6.169482231 -0.252809435 1.137689829
0.000000000 0.500000000 0.666666667 0.500000000 0.500000000 0.000000000 0.000000000 0.359716278 0.932044112 -0.043565721 0.707106779 -0.241844786 0.664463018 0.608772701 -0.269823780 -0.746050217 -6.268847466 -0.251580805 0.925967395
0.000000000 0.500000000 0.666666667 0.500000000 0.500000000 0.000000000 0.000000000 0.357104906 0.932891598 -0.046790515 0.707106764 -0.237266136 0.666111706 0.610308210 -0.270957648 -0.744382860 -6.353759766 -0.251354367 0.711469948
0.000000000 0.500000000 0.666666667 0.500000000 0.500000000 0.000000000 0.000000000 0.353182134 0.934160923 -0.051046544 0.707106782 -0.230816006 0.668374124 0.612586630 -0.272153157 -0.742071614 -6.424321175 -0.251940310 0.495994866
0.000000000 0.500000000 0.666666667 0.500000000 0.500000000 0.000000000 0.000000000 0.347951162 0.935825332 -0.056222209 0.707106788 -0.222589190 0.671158731 0.615572886 -0.273285566 -0.739178612 -6.480473518 -0.253442973 0.280467242
0.000000000 0.500000000 0.666666667 0.500000000 0.500000000 0.000000000 0.000000000 0.341447617 0.937840080 -0.062205382 0.707106771 -0.212713766 0.674353667 0.619203956 -0.274242299 -0.735783679 -6.525075436 -0.255603641 0.066328116
0.000000000 0.500000000 0.666666667 0.500000000 0.500000000 0.000000000 0.000000000 0.333733633 0.940147843 -0.068875941 0.707106795 -0.201350148 0.677833386 0.623395415 -0.274918445 -0.731982244 -6.560422421 -0.258215338 -0.145484477
0.000000000 0.500000000 0.666666667 0.500000000 0.500000000 0.000000000 0.000000000 0.324892580 0.942683824 -0.076105310 0.707106786 -0.188685168 0.681467461 0.628048409 -0.275218303 -0.727880541 -6.588024616 -0.261149287 -0.354408592
0.000000000 0.500000000 0.666666667 0.500000000 0.500000000 0.000000000 0.000000000 0.315021423 0.945381417 -0.083758459 0.707106735 -0.174922406 0.685129344 0.633057318 -0.275056591 -0.723589872 -6.608906269 -0.264326155 -0.560079634
0.000000000 0.500000000 0.666666667 0.500000000 0.500000000 0.000000000 0.000000000 0.304223598 0.948177602 -0.091690985 0.707106756 -0.160276652 0.688702715 0.638316565 -0.274354933 -0.719222728 -6.622658730 -0.267760605 -0.762292683
0.000000000 0.500000000 0.666666667 0.500000000 0.500000000 0.000000000 0.000000000 0.292600972 0.951017537 -0.099751267 0.707106785 -0.144964213 0.692087690 0.643727167 -0.273040329 -0.714887623 -6.630859375 -0.271325082 -0.960732698
0.000000000 0.500000000 0.666666667 0.500000000 0.500000000 0.000000000 0.000000000 0.280247417 0.953857490 -0.107783458 0.707106776 -0.129194714 0.695204094 0.649200580 -0.271043565 -0.710685580 -6.633713245 -0.274987191 -1.155250192
0.000000000 0.500000000 0.666666667 0.500000000 0.500000000 0.000000000 0.000000000 0.267243104 0.956666663 -0.115628796 0.707106754 -0.113165184 0.697992607 0.654661104 -0.268295613 -0.706708074 -6.630729675 -0.278729230 -1.345687389
0.000000000 0.500000000 0.666666667 0.500000000 0.500000000 0.000000000 0.000000000 0.253649429 0.959427599 -0.123128590 0.707106824 -0.097053902 0.700414506 0.660046897 -0.264724806 -0.703035469 -6.620512485 -0.282512814 -1.531776547
0.000000000 0.500000000 0.666666667 0.500000000 0.500000000 0.000000000 0.000000000 0.239507372 0.962134919 -0.130125384 0.707106763 -0.081018475 0.702450021 0.665309134 -0.260254498 -0.699736631 -6.595439434 -0.285653085 -1.712199092
0.000000000 0.500000000 0.666666667 0.500000000 0.500000000 0.000000000 0.000000000 0.224833181 0.964793658 -0.136466988 0.707106831 -0.065190436 0.704095261 0.670410300 -0.254800717 -0.696869159 -6.547709942 -0.286577761 -1.883734822
0.000000000 0.500000000 0.666666667 0.500000000 0.500000000 0.000000000 0.000000000 0.209619790 0.967416217 -0.142004951 0.707106801 -0.049677718 0.705359551 0.675321787 -0.248269987 -0.694480020 -6.477878094 -0.283765256 -2.043189526
0.000000000 0.500000000 0.666666667 0.500000000 0.500000000 0.000000000 0.000000000 0.193835825 0.970018576 -0.146600256 0.707106800 -0.034560667 0.706261661 0.680020328 -0.240560849 -0.692605826 -6.400439262 -0.278498530 -2.194579363
0.000000000 0.500000000 0.666666667 0.500000000 0.500000000 0.000000000 0.000000000 0.177425600 0.972617284 -0.150119206 0.707106790 -0.019895353 0.706826827 0.684485314 -0.231559483 -0.691274230 -6.322687626 -0.271923214 -2.341158152
0.000000000 0.500000000 0.666666667 0.500000000 0.500000000 0.000000000 0.000000000 0.160311571 0.975224226 -0.152439852 0.707106784 -0.005711161 0.707083714 0.688694560 -0.221144954 -0.690503231 -6.247487545 -0.264790028 -2.484398365
0.000000000 0.500000000 0.666666667 0.500000000 0.500000000 0.000000000 0.000000000 0.142392446 0.977843617 -0.153447880 0.707106802 0.007987417 0.707061647 0.692621370 -0.209184277 -0.690302525 -6.175134182 -0.257487178 -2.624441385
0.000000000 0.500000000 0.666666667 0.500000000 0.500000000 0.000000000 0.000000000 0.123545183 0.980466655 -0.153041584 0.707106791 0.021222904 0.706788210 0.696230259 -0.195537022 -0.690672642 -6.106328011 -0.250133038 -2.760281324
0.000000000 0.500000000 0.666666667 0.500000000 0.500000000 0.000000000 0.000000000 0.103830042 0.983061046 -0.151030796 0.706067242 0.034094171 0.707323574 0.700491522 -0.180079334 -0.690567202 -6.041259766 -0.242805779 -2.891978741
0.000000000 0.500000000 0.666666667 0.500000000 0.500000000 0.000000000 0.000000000 0.083028878 0.985507172 -0.147925048 0.706089898 0.046571326 0.706589108 0.703237699 -0.163115683 -0.691989893 -5.979025841 -0.235639036 -3.019139051
0.000000000 0.500000000 0.666666667 0.500000000 0.500000000 0.000000000 0.000000000 0.061447596 0.987692534 -0.143832027 0.706985080 0.058651014 0.704792278 0.704553965 -0.144994889 -0.694679921 -5.921091080 -0.228519276 -3.142487049
0.000000000 0.500000000 0.666666667 0.500000000 0.500000000 0.000000000 0.000000000 0.039480150 0.989534697 -0.138789055 0.707106803 0.070470908 0.703586398 0.706003744 -0.125916381 -0.696924514 -5.865559101 -0.221614987 -3.261164188
0.000000000 0.500000000 0.666666667 0.500000000 0.500000000 0.000000000 0.000000000 0.017286425 0.990953558 -0.133087283 0.707106777 0.081990525 0.702337212 0.706895455 -0.106247819 -0.699292654 -5.814470291 -0.214793086 -3.376117468
0.000000000 0.500000000 0.666666667 0.500000000 0.500000000 0.000000000 0.000000000 -0.004876515 0.991899655 -0.126930268 0.707106796 0.093173618 0.700941265 0.707089951 -0.086335105 -0.701833350 -5.765834808 -0.208198845 -3.486513376
0.000000000 0.500000000 0.666666667 0.500000000 0.500000000 0.000000000 0.000000000 -0.026715419 0.992352888 -0.120507393 0.707106830 0.103971152 0.699421140 0.706601880 -0.066526272 -0.704477138 -5.721132755 -0.201767579 -3.592987537
0.000000000 0.500000000 0.666666667 0.500000000 0.500000000 0.000000000 0.000000000 -0.047920810 0.992324547 -0.113998199 0.707106787 0.114311126 0.697805817 0.705481104 -0.047169481 -0.707157304 -5.679701805 -0.195542604 -3.695312738
0.000000000 0.500000000 0.666666667 0.500000000 0.500000000 0.000000000 0.000000000 -0.068166418 0.991856899 -0.107578957 0.707106787 0.124100599 0.696131477 0.703813421 -0.028617021 -0.709808238 -5.640646935 -0.189591065 -3.793139219
0.000000000 0.500000000 0.666666667 0.500000000 0.500000000 0.000000000 0.000000000 -0.087115873 0.991022024 -0.101420774 0.707106793 0.133227240 0.694442572 0.701719893 -0.011218347 -0.712364612 -5.606901646 -0.183804318 -3.887591839
0.000000000 0.500000000 0.666666667 0.500000000 0.500000000 0.000000000 0.000000000 -0.104423561 0.989918238 -0.095695357 0.707106808 0.141562736 0.692791422 0.699353760 0.004676909 -0.714760410 -5.574819088 -0.178350821 -3.977361679
0.000000000 0.500000000 0.666666667 0.500000000 0.500000000 0.000000000 0.000000000 -0.119743761 0.988664845 -0.090571824 0.707106790 0.148966803 0.691237209 0.696894123 0.018727392 -0.716929471 -5.546877384 -0.173166499 -4.063266277
0.000000000 0.500000000 0.666666667 0.500000000 0.500000000 0.000000000 0.000000000 -0.132730418 0.987394659 -0.086223099 0.707106823 0.155292551 0.689843580 0.694537672 0.030594285 -0.718805546 -5.522983074 -0.168273926 -4.145313740
0.000000000 0.500000000 0.666666667 0.500000000 0.500000000 0.000000000 0.000000000 -0.143043093 0.986244844 -0.082823793 0.707106824 0.160391707 0.688675859 0.692487265 0.039945056 -0.720323386 -5.500512600 -0.163779289 -4.222714901
0.000000000 0.500000000 0.666666667 0.500000000 0.500000000 0.000000000 0.000000000 -0.150349158 0.985345814 -0.080552824 0.707106804 0.164121933 0.687796452 0.690937840 0.046450167 -0.721420323 -5.483681679 -0.159592286 -4.296504974
0.000000000 0.500000000 0.666666667 0.500000000 0.500000000 0.000000000 0.000000000 -0.154326320 0.984808732 -0.079593641 0.707106774 0.166353843 0.687260073 0.690060430 0.049781115 -0.722037702 -5.470092773 -0.155791625 -4.366155148
0.000000000 0.500000000 0.666666667 0.500000000 0.500000000 0.000000000 0.000000000 -0.154668160 0.984711356 -0.080133047 0.707106798 0.166979878 0.687108213 0.689983867 0.049611141 -0.722122564 -5.457536697 -0.152445674 -4.431180000
0.000000000 0.500000000 0.666666667 0.500000000 0.500000000 0.000000000 0.000000000 -0.151084432 0.985083407 -0.082366108 0.707106751 0.165923344 0.687364158 0.690777487 0.045608392 -0.721627562 -5.452546120 -0.149629518 -4.492302418
0.000000000 0.500000000 0.666666667 0.500000000 0.500000000 0.000000000 0.000000000 -0.143310087 0.985890756 -0.086496456 0.707106783 0.163149417 0.688027809 0.692432102 0.037439095 -0.720510998 -5.451745510 -0.147313222 -4.549211502
0.000000000 0.500000000 0.666666667 0.500000000 0.500000000 0.000000000 0.000000000 -0.131112426 0.987019953 -0.092742349 0.707106793 0.158676375 0.689073139 0.694844958 0.024767306 -0.718732958 -5.451064110 -0.145455316 -4.601526737
0.000000000 0.500000000 0.666666667 0.500000000 0.500000000 0.000000000 0.000000000 -0.115795616 0.987954780 -0.102648561 0.698407554 0.154467268 0.698832420 0.706270673 0.009231200 -0.707881714 -5.450444221 -0.143810421 -4.649044037
0.000000000 0.500000000 0.666666667 0.500000000 0.500000000 0.000000000 0.000000000 -0.096056496 0.988766984 -0.114512010 0.687737744 0.149095407 0.710483888 0.719576226 -0.010507639 -0.694333957 -5.455041408 -0.142715454 -4.691477776
0.000000000 0.500000000 0.666666667 0.500000000 0.500000000 0.000000000 0.000000000 -0.072089408 0.989168080 -0.127865657 0.675020594 0.142764395 0.723854629 0.734268557 -0.034129700 -0.678000626 -5.461904049 -0.142056271 -4.729044437
0.000000000 0.500000000 0.666666667 0.500000000 0.500000000 0.000000000 0.000000000 -0.044104428 0.988852535 -0.142216256 0.660172738 0.135692196 0.738755429 0.749817815 -0.061304909 -0.658798112 -5.467682838 -0.141701043 -4.761993885
0.000000000 0.500000000 0.666666667 0.500000000 0.500000000 0.000000000 0.000000000 -0.012340146 0.987513364 -0.157051190 0.643109892 0.128106569 0.754982367 0.765674466 -0.091684581 -0.636660467 -5.472341061 -0.141622916 -4.790282249
0.000000000 0.500000000 0.666666667 0.500000000 0.500000000 0.000000000 0.000000000 0.022927255 0.984856843 -0.171846850 0.623758547 0.120239333 0.772313264 0.781280753 -0.124897965 -0.611556116 -5.475832462 -0.141791373 -4.813864708
0.000000000 0.500000000 0.666666667 0.500000000 0.500000000 0.000000000 0.000000000 0.061377112 0.980616303 -0.186076639 0.602059972 0.112320147 0.790511211 0.796088337 -0.160548591 -0.583495938 -5.478132248 -0.142178953 -4.832690239
0.000000000 0.500000000 0.666666667 0.500000000 0.500000000 0.000000000 0.000000000 0.102640360 0.974564319 -0.199221850 0.577979592 0.104570723 0.809323517 0.809570594 -0.198215421 -0.552545111 -5.479208946 -0.142757565 -4.846706867
0.000000000 0.500000000 0.666666667 0.500000000 0.500000000 0.000000000 0.000000000 0.146297689 0.966523660 -0.210781881 0.551511025 0.097198773 0.828485358 0.821238440 -0.237454024 -0.518828498 -5.479037762 -0.143500969 -4.855858803
0.000000000 0.500000000 0.666666667 0.500000000 0.500000000 0.000000000 0.000000000 0.191883382 0.956375914 -0.220285903 0.522677520 0.090391981 0.847724896 0.830655752 -0.277802809 -0.482531472 -5.478271484 -0.144244999 -4.863451481
0.000000000 0.500000000 0.666666667 0.500000000 0.500000000 0.000000000 0.000000000 0.238888580 0.944068360 -0.227304152 0.491538339 0.084312097 0.866764980 0.837449884 -0.318788960 -0.443904597 -5.476899147 -0.144968867 -4.869426251
0.000000000 0.500000000 0.666666667 0.500000000 0.500000000 0.000000000 0.000000000 0.286771112 0.929617837 -0.231458432 0.458185007 0.079089646 0.885331196 0.841325637 -0.359938195 -0.403256330 -5.475161076 -0.145607293 -4.874911308
0.000000000 0.500000000 0.666666667 0.500000000 0.500000000 0.000000000 0.000000000 0.334963382 0.913112942 -0.232431252 0.422742824 0.074819105 0.903155914 0.842073653 -0.400782804 -0.360950284 -5.473713398 -0.146010131 -4.883139610
0.000000000 0.500000000 0.666666667 0.500000000 0.500000000 0.000000000 0.000000000 0.382885442 0.894712616 -0.229974072 0.385367604 0.071554783 0.919984632 0.839577601 -0.440873279 -0.317395972 -5.472575664 -0.146171257 -4.894054890
0.000000000 0.500000000 0.666666667 0.500000000 0.500000000 0.000000000 0.000000000 0.429958212 0.874642085 -0.223913286 0.346241987 0.069307850 0.935581588 0.833817979 -0.479789168 -0.273038334 -5.471777439 -0.146087646 -4.907605648
0.000000000 0.500000000 0.666666667 0.500000000 0.500000000 0.000000000 0.000000000 0.475614170 0.853188271 -0.214151663 0.305568782 0.068044317 0.949735590 0.824875069 -0.517145768 -0.228344859 -5.471352577 -0.145765379 -4.923742771
0.000000000 0.500000000 0.666666667 0.500000000 0.500000000 0.000000000 0.000000000 0.519310228 0.830691134 -0.200671688 0.263569723 0.067683962 0.962262897 0.812925512 -0.552603945 -0.183796058 -5.471344948 -0.145212397 -4.942423821
0.000000000 0.500000000 0.666666667 0.500000000 0.500000000 0.000000000 0.000000000 0.560541148 0.807533295 -0.183530921 0.220473536 0.068100511 0.973012713 0.798238712 -0.585877374 -0.139866582 -5.471806526 -0.144446403 -4.963613510
0.000000000 0.500000000 0.666666667 0.500000000 0.500000000 0.000000000 0.000000000 0.598848319 0.784128572 -0.162859061 0.176514052 0.069122549 0.981868048 0.781168023 -0.616736943 -0.097015789 -5.475861549 -0.143641353 -4.986397266
0.000000000 0.500000000 0.666666667 0.500000000 0.500000000 0.000000000 0.000000000 0.633826058 0.760910902 -0.138849296 0.131921773 0.070535747 0.988747366 0.762142490 -0.645011091 -0.055673321 -5.480085373 -0.142814934 -5.008375645
0.000000000 0.500000000 0.666666667 0.500000000 0.500000000 0.000000000 0.000000000 0.665170885 0.738275385 -0.111790651 0.086930761 0.072129383 0.993599716 0.741613603 -0.670631649 -0.016200476 -5.484220982 -0.141981199 -5.029623032
0.000000000 0.500000000 0.666666667 0.500000000 0.500000000 0.000000000 0.000000000 0.692814790 0.716418703 -0.082170000 0.041817008 0.073842510 0.996392805 0.719902080 -0.693751776 0.021200697 -5.488303185 -0.141145632 -5.050158024
