0.000000000 0.500000000 0.666666667 0.500000000 0.500000000 0.000000000 0.000000000 0.934134117 -0.356922192 0.000000000 0.000000000 0.000000000 1.000000000 -0.356922192 -0.934134117 0.000000000 -28.036762238 0.248021230 -13.156049728
0.000000000 0.500000000 0.666666667 0.500000000 0.500000000 0.000000000 0.000000000 0.923942448 -0.382249771 0.014678720 -0.013549032 0.005647128 0.999892261 -0.382291481 -0.924041786 0.000038507 -27.972938538 0.262438953 -13.027932167
0.000000000 0.500000000 0.666666667 0.500000000 0.500000000 0.000000000 0.000000000 0.913199941 -0.406417915 0.029838672 -0.027638489 0.011283722 0.999554296 -0.406573464 -0.913617620 -0.000928483 -27.913002014 0.276007682 -12.907602310
0.000000000 0.500000000 0.666666667 0.500000000 0.500000000 0.000000000 0.000000000 0.901892246 -0.429573112 0.045357670 -0.042152065 0.016980092 0.998966906 -0.429899500 -0.902872426 -0.002793181 -27.856937408 0.288738996 -12.795065880
0.000000000 0.500000000 0.666666667 0.500000000 0.500000000 0.000000000 0.000000000 0.889994313 -0.451856814 0.061119089 -0.056966561 0.022803690 0.998115626 -0.452399087 -0.891798975 -0.005445575 -27.804725647 0.300638407 -12.690317154
0.000000000 0.500000000 0.666666667 0.500000000 0.500000000 0.000000000 0.000000000 0.877472124 -0.473404333 0.077013043 -0.071954473 0.028819556 0.996991468 -0.474199562 -0.880373654 -0.008775202 -27.756351471 0.311716288 -12.593354225
0.000000000 0.500000000 0.666666667 0.500000000 0.500000000 0.000000000 0.000000000 0.864284061 -0.494344289 0.092934306 -0.086982689 0.035090653 0.995591612 -0.495426153 -0.868557638 -0.012671103 -27.711795807 0.321979970 -12.504174232
0.000000000 0.500000000 0.666666667 0.500000000 0.500000000 0.000000000 0.000000000 0.850381925 -0.514797858 0.108783030 -0.101914046 0.041677988 0.993919752 -0.516201617 -0.856297910 -0.017022925 -27.671043396 0.331436753 -12.422768593
0.000000000 0.500000000 0.666666667 0.500000000 0.500000000 0.000000000 0.000000000 0.835711567 -0.534878327 0.124464259 -0.116607252 0.048640616 0.991986310 -0.536645996 -0.843527869 -0.021721166 -27.634086609 0.340093374 -12.349130630
0.000000000 0.500000000 0.666666667 0.500000000 0.500000000 0.000000000 0.000000000 0.820213345 -0.554690528 0.139887409 -0.130916522 0.056035337 0.989808520 -0.556876049 -0.830167729 -0.026657223 -27.600908279 0.347957760 -12.283248901
0.000000000 0.500000000 0.666666667 0.500000000 0.500000000 0.000000000 0.000000000 0.803822307 -0.574329903 0.154967292 -0.144692697 0.063916320 0.987410111 -0.577004092 -0.816124909 -0.031723979 -27.571489334 0.355037212 -12.225111961
0.000000000 0.500000000 0.666666667 0.500000000 0.500000000 0.000000000 0.000000000 0.786468268 -0.593881598 0.169624029 -0.157782845 0.072334446 0.984820949 -0.597136699 -0.801294188 -0.036815582 -27.545833588 0.361337274 -12.174706459
0.000000000 0.500000000 0.666666667 0.500000000 0.500000000 0.000000000 0.000000000 0.768074645 -0.613420831 0.183783088 -0.170029808 0.081336440 0.982076498 -0.617374444 -0.785556661 -0.041827369 -27.523916245 0.366863996 -12.132019043
0.000000000 0.500000000 0.666666667 0.500000000 0.500000000 0.000000000 0.000000000 0.748559082 -0.633010350 0.197375776 -0.181271969 0.090963681 0.979217076 -0.637808571 -0.768780531 -0.046655343 -27.505741119 0.371621698 -12.097030640
0.000000000 0.500000000 0.666666667 0.500000000 0.500000000 0.000000000 0.000000000 0.727832578 -0.652699335 0.210340953 -0.191344316 0.101250960 0.976286636 -0.658518862 -0.750820765 -0.051196560 -27.491298676 0.375616461 -12.069725990
0.000000000 0.500000000 0.666666667 0.500000000 0.500000000 0.000000000 0.000000000 0.705798756 -0.672522474 0.222624434 -0.200076502 0.112224824 0.973331897 -0.679571563 -0.731518360 -0.055347803 -27.480581284 0.378850698 -12.050085068
0.000000000 0.500000000 0.666666667 0.500000000 0.500000000 0.000000000 0.000000000 0.682350615 -0.692500591 0.234180637 -0.207293866 0.123901657 0.970400759 -0.701018468 -0.710697764 -0.059006753 -27.473588943 0.381326288 -12.038083076
0.000000000 0.500000000 0.666666667 0.500000000 0.500000000 0.000000000 0.000000000 0.657375228 -0.712633135 0.244973110 -0.212816099 0.136285407 0.967541005 -0.722888039 -0.688171710 -0.062069153 -27.470327377 0.383043200 -12.033698082
0.000000000 0.500000000 0.666666667 0.500000000 0.500000000 0.000000000 0.000000000 0.630745763 -0.732903114 0.254976092 -0.216458199 0.149365465 0.964798324 -0.745188319 -0.663734121 -0.064431254 -27.464130402 0.385505974 -12.022988319
0.000000000 0.500000000 0.666666667 0.500000000 0.500000000 0.000000000 0.000000000 0.602327760 -0.753268052 0.264175151 -0.218029513 0.163113244 0.962214737 -0.767896087 -0.637166627 -0.065987032 -27.455009460 0.388710320 -12.005925179
0.000000000 0.500000000 0.666666667 0.500000000 0.500000000 0.000000000 0.000000000 0.571975192 -0.773660357 0.272569315 -0.217335146 0.177479527 0.959826261 -0.790955001 -0.608235702 -0.066629701 -27.442977905 0.392648906 -11.982480049
0.000000000 0.500000000 0.666666667 0.500000000 0.500000000 0.000000000 0.000000000 0.539579637 -0.793946787 0.280182646 -0.214221893 0.192366411 0.957655546 -0.814225274 -0.576752688 -0.066283786 -27.428050995 0.397311389 -11.952626228
0.000000000 0.500000000 0.666666667 0.500000000 0.500000000 0.000000000 0.000000000 0.505231354 -0.813829709 0.287093162 -0.208727279 0.207559161 0.955694574 -0.837361453 -0.542771037 -0.065003065 -27.410263062 0.402669072 -11.916377068
0.000000000 0.500000000 0.666666667 0.500000000 0.500000000 0.000000000 0.000000000 0.469094721 -0.832990825 0.293387847 -0.200953148 0.222815938 0.953923944 -0.859981381 -0.506437898 -0.062870348 -27.389652252 0.408693224 -11.873744965
0.000000000 0.500000000 0.666666667 0.500000000 0.500000000 0.000000000 0.000000000 0.431360961 -0.851139152 0.299148568 -0.191023787 0.237898893 0.952320340 -0.881724239 -0.467938310 -0.059967529 -27.366264343 0.415353984 -11.824752808
0.000000000 0.500000000 0.666666667 0.500000000 0.500000000 0.000000000 0.000000000 0.392250384 -0.868014579 0.304450861 -0.179086870 0.252579546 0.950858279 -0.902256909 -0.427497677 -0.056375590 -27.340116501 0.422621459 -11.769433022
0.000000000 0.500000000 0.666666667 0.500000000 0.500000000 0.000000000 0.000000000 0.352008315 -0.883394151 0.309362118 -0.165312755 0.266643762 0.949511873 -0.921282714 -0.385377579 -0.052175500 -27.311244965 0.430470586 -11.707817078
0.000000000 0.500000000 0.666666667 0.500000000 0.500000000 0.000000000 0.000000000 0.310904035 -0.897095203 0.313940882 -0.149894838 0.279896111 0.948256139 -0.938546865 -0.341874778 -0.047449110 -27.279676437 0.438875735 -11.639941216
0.000000000 0.500000000 0.666666667 0.500000000 0.500000000 0.000000000 0.000000000 0.269228220 -0.908978566 0.318235970 -0.133046821 0.292164487 0.947068348 -0.953842078 -0.297317810 -0.042277784 -27.245424271 0.447815537 -11.565846443
0.000000000 0.500000000 0.666666667 0.500000000 0.500000000 0.000000000 0.000000000 0.227285695 -0.918952152 0.322285829 -0.115001414 0.303303431 0.945929016 -0.967013902 -0.252059460 -0.036744266 -27.208475113 0.457268655 -11.485588074
0.000000000 0.500000000 0.666666667 0.500000000 0.500000000 0.000000000 0.000000000 0.185393677 -0.926971554 0.326117957 -0.096005873 0.313197151 0.944822955 -0.977963219 -0.206473441 -0.030929942 -27.168857574 0.467222273 -11.399206161
0.000000000 0.500000000 0.666666667 0.500000000 0.500000000 0.000000000 0.000000000 0.143874323 -0.933041240 0.329748729 -0.076319424 0.321761364 0.943739885 -0.986648633 -0.160946170 -0.024915971 -27.126562119 0.477667838 -11.306742668
0.000000000 0.500000000 0.666666667 0.500000000 0.500000000 0.000000000 0.000000000 0.103050534 -0.937213503 0.333183789 -0.056209127 0.328944882 0.942674811 -0.993086664 -0.115871113 -0.018782007 -27.081596375 0.488598019 -11.208253860
0.000000000 0.500000000 0.666666667 0.500000000 0.500000000 0.000000000 0.000000000 0.063240434 -0.939586996 0.336417783 -0.035945179 0.334729382 0.941628475 -0.997350787 -0.071641591 -0.012605191 -27.033948898 0.500011563 -11.103778839
0.000000000 0.500000000 0.666666667 0.500000000 0.500000000 0.000000000 0.000000000 0.024752750 -0.940303787 0.339434956 -0.015797893 0.339128668 0.940607343 -0.999568771 -0.028644976 -0.006460451 -26.983583450 0.511909187 -10.993375778
0.000000000 0.500000000 0.666666667 0.500000000 0.500000000 0.000000000 0.000000000 -0.012116994 -0.939607215 0.342040145 0.003967024 0.342017393 0.939685248 -0.999918717 0.012743042 -0.000416779 -26.930488586 0.524274886 -10.877089500
0.000000000 0.500000000 0.666666667 0.500000000 0.500000000 0.000000000 0.000000000 -0.047090310 -0.938277640 0.342662477 0.023090210 0.341928893 0.939442108 -0.998623725 0.052150769 0.005563490 -26.874559402 0.536926866 -10.754961014
0.000000000 0.500000000 0.666666667 0.500000000 0.500000000 0.000000000 0.000000000 -0.079905675 -0.935552463 0.344030046 0.041323685 0.341727889 0.938889985 -0.995945499 0.089239227 0.011354478 -26.815896988 0.550221562 -10.627038002
0.000000000 0.500000000 0.666666667 0.500000000 0.500000000 0.000000000 0.000000000 -0.110321683 -0.931728502 0.345992954 0.058430532 0.341435721 0.938087161 -0.992176899 0.123707907 0.016773629 -26.754451752 0.564162612 -10.493353844
0.000000000 0.500000000 0.666666667 0.500000000 0.500000000 0.000000000 0.000000000 -0.138114731 -0.927122622 0.348379054 0.074187095 0.341077624 0.937103158 -0.987633837 0.155272981 0.021672690 -26.690195084 0.578753650 -10.353951454
0.000000000 0.500000000 0.666666667 0.500000000 0.500000000 0.000000000 0.000000000 -0.163078702 -0.922064227 0.351002705 0.088384031 0.340681572 0.936015133 -0.982646223 0.183667167 0.025937845 -26.623075485 0.593996584 -10.208855629
0.000000000 0.500000000 0.666666667 0.500000000 0.500000000 0.000000000 0.000000000 -0.185093599 -0.917751155 0.351387503 0.100887066 0.337931057 0.935748043 -0.977528598 0.208651427 0.030040346 -26.552957535 0.609602630 -10.058102608
0.000000000 0.500000000 0.666666667 0.500000000 0.500000000 0.000000000 0.000000000 -0.204339300 -0.913696481 0.351289328 0.111818680 0.334725615 0.935657707 -0.972492691 0.230472350 0.033770736 -26.479808807 0.625797093 -9.901695251
0.000000000 0.500000000 0.666666667 0.500000000 0.500000000 0.000000000 0.000000000 -0.221063915 -0.909991990 0.350778170 0.121373413 0.331209775 0.935718216 -0.967677240 0.249428676 0.037230304 -26.403661728 0.642602503 -9.739581108
0.000000000 0.500000000 0.666666667 0.500000000 0.500000000 0.000000000 0.000000000 -0.235510414 -0.906688241 0.349930392 0.129746734 0.327502802 0.935899407 -0.963172170 0.265816382 0.040509517 -26.324554443 0.660040855 -9.571701050
0.000000000 0.500000000 0.666666667 0.500000000 0.500000000 0.000000000 0.000000000 -0.247914570 -0.903801552 0.348828210 0.137138421 0.323702722 0.936167507 -0.959026287 0.279927315 0.043695297 -26.242465973 0.678123772 -9.398023605
0.000000000 0.500000000 0.666666667 0.500000000 0.500000000 0.000000000 0.000000000 -0.258505294 -0.901320393 0.347557998 0.143747216 0.319890594 0.936486383 -0.955254810 0.292047182 0.046868885 -26.157411575 0.696862757 -9.218511581
0.000000000 0.500000000 0.666666667 0.500000000 0.500000000 0.000000000 0.000000000 -0.267506921 -0.899210040 0.346209982 0.149771921 0.316133798 0.936817908 -0.951844745 0.302457808 0.050108436 -26.069393158 0.716264009 -9.033129692
0.000000000 0.500000000 0.666666667 0.500000000 0.500000000 0.000000000 0.000000000 -0.275137408 -0.897418022 0.344877225 0.155410661 0.312488586 0.937122409 -0.948760735 0.311435028 0.053491029 -25.979282379 0.736144364 -8.843631744
0.000000000 0.500000000 0.666666667 0.500000000 0.500000000 0.000000000 0.000000000 -0.281611206 -0.895877392 0.343655100 0.160858211 0.309002904 0.937358971 -0.945949134 0.319250535 0.057090554 -25.887079239 0.756507576 -8.649984360
0.000000000 0.500000000 0.666666667 0.500000000 0.500000000 0.000000000 0.000000000 -0.287138859 -0.894510125 0.342641085 0.166308248 0.305717464 0.937485146 -0.943341318 0.326172453 0.060981048 -25.792680740 0.777341902 -8.452199936
0.000000000 0.500000000 0.666666667 0.500000000 0.500000000 0.000000000 0.000000000 -0.291927312 -0.893229606 0.341934665 0.171952597 0.302667144 0.937456614 -0.940856391 0.332465743 0.065236345 -25.696067810 0.798645020 -8.250266075
0.000000000 0.500000000 0.666666667 0.500000000 0.500000000 0.000000000 0.000000000 -0.296180887 -0.891942211 0.341637198 0.177979697 0.299881928 0.937226790 -0.938402957 0.338393147 0.069928309 -25.597391129 0.820444942 -8.044085503
0.000000000 0.500000000 0.666666667 0.500000000 0.500000000 0.000000000 0.000000000 -0.300099434 -0.890549171 0.341851582 0.184576010 0.297386125 0.936746064 -0.935880348 0.344214564 0.075128605 -25.496664047 0.842742920 -7.833622932
0.000000000 0.500000000 0.666666667 0.500000000 0.500000000 0.000000000 0.000000000 -0.303880055 -0.888945930 0.342683594 0.191927240 0.295198391 0.935960386 -0.933177822 0.350190010 0.080908035 -25.393899918 0.865542591 -7.618851185
0.000000000 0.500000000 0.666666667 0.500000000 0.500000000 0.000000000 0.000000000 -0.307714547 -0.887023228 0.344240542 0.200214447 0.293330441 0.934810905 -0.930175216 0.356576844 0.087332821 -25.289106369 0.888844609 -7.399732590
0.000000000 0.500000000 0.666666667 0.500000000 0.500000000 0.000000000 0.000000000 -0.311788002 -0.884665886 0.346633109 0.209618160 0.291785408 0.933231752 -0.926740778 0.363631058 0.094466846 -25.182308197 0.912650764 -7.176237583
0.000000000 0.500000000 0.666666667 0.500000000 0.500000000 0.000000000 0.000000000 -0.316277816 -0.881751700 0.349974689 0.220315080 0.290555562 0.931149145 -0.922729434 0.371606520 0.102366918 -25.073148727 0.936898768 -6.948499680
0.000000000 0.500000000 0.666666667 0.500000000 0.500000000 0.000000000 0.000000000 -0.321351411 -0.878149252 0.354382790 0.232479877 0.289619673 0.928479161 -0.917979508 0.380754956 0.111082340 -24.961948395 0.961635113 -6.716356278
0.000000000 0.500000000 0.666666667 0.500000000 0.500000000 0.000000000 0.000000000 -0.327161702 -0.873716643 0.359978400 0.246282337 0.288939648 0.925126418 -0.912310381 0.391322255 0.120650990 -24.848783493 0.986864626 -6.479743481
0.000000000 0.500000000 0.666666667 0.500000000 0.500000000 0.000000000 0.000000000 -0.333845917 -0.868297713 0.366886883 0.261888143 0.288456226 0.920981871 -0.905517258 0.403549362 0.131096943 -24.733661652 1.012580514 -6.238634110
0.000000000 0.500000000 0.666666667 0.500000000 0.500000000 0.000000000 0.000000000 -0.341486410 -0.861748228 0.375202643 0.279395381 0.288081402 0.915940679 -0.897399160 0.417611179 0.142392591 -24.616605759 1.038770676 -5.993006229
0.000000000 0.500000000 0.666666667 0.500000000 0.500000000 0.000000000 0.000000000 -0.350012358 -0.854026321 0.384877114 0.298649779 0.287690129 0.909968515 -0.887862410 0.433443690 0.154359671 -24.497406006 1.065385103 -5.742967606
0.000000000 0.500000000 0.666666667 0.500000000 0.500000000 0.000000000 0.000000000 -0.359314187 -0.845113393 0.395824036 0.319432885 0.287149604 0.903054670 -0.876844311 0.450919569 0.166780083 -24.375833511 1.092365742 -5.488646030
0.000000000 0.500000000 0.666666667 0.500000000 0.500000000 0.000000000 0.000000000 -0.369279208 -0.834989743 0.407952197 0.341522075 0.286327928 0.895197738 -0.864289037 0.469902592 0.179432479 -24.252332687 1.119771123 -5.229850769
0.000000000 0.500000000 0.666666667 0.500000000 0.500000000 0.000000000 0.000000000 -0.379794891 -0.823635739 0.421165062 0.364691218 0.285097363 0.886408376 -0.850150667 0.490248572 0.192094199 -24.126899719 1.147584796 -4.966602802
0.000000000 0.500000000 0.666666667 0.500000000 0.500000000 0.000000000 0.000000000 -0.390749875 -0.811033855 0.435360335 0.388712649 0.283336986 0.876711257 -0.834396196 0.511804884 0.204545226 -23.999536514 1.175792217 -4.698918343
0.000000000 0.500000000 0.666666667 0.500000000 0.500000000 0.000000000 0.000000000 -0.402038077 -0.797169187 0.450429431 0.413356532 0.280935680 0.866147517 -0.817007810 0.534412229 0.216568251 -23.872890472 1.203540564 -4.433918476
0.000000000 0.500000000 0.666666667 0.500000000 0.500000000 0.000000000 0.000000000 -0.413557873 -0.782032105 0.466257089 0.438393643 0.277794282 0.854775614 -0.797985526 0.557903328 0.227953891 -23.747299194 1.230869055 -4.171475887
0.000000000 0.500000000 0.666666667 0.500000000 0.500000000 0.000000000 0.000000000 -0.425216680 -0.765617916 0.482721432 0.463595348 0.273828175 0.842672821 -0.777348139 0.582105950 0.238500597 -23.623090744 1.257827759 -3.911448956
0.000000000 0.500000000 0.666666667 0.500000000 0.500000000 0.000000000 0.000000000 -0.436930622 -0.747928427 0.499694606 0.488737369 0.268968962 0.829934625 -0.755134038 0.606843279 0.248019796 -23.500268936 1.284407377 -3.653858662
0.000000000 0.500000000 0.666666667 0.500000000 0.500000000 0.000000000 0.000000000 -0.448626766 -0.728972134 0.517043183 0.513600557 0.263166698 0.816674817 -0.731401731 0.631935849 0.256336870 -23.378221512 1.310496211 -3.399025917
0.000000000 0.500000000 0.666666667 0.500000000 0.500000000 0.000000000 0.000000000 -0.460244868 -0.708765264 0.534627406 0.537971428 0.256390959 0.803025790 -0.706230419 0.657202767 0.263292838 -23.256767273 1.336060166 -3.147052050
0.000000000 0.500000000 0.666666667 0.500000000 0.500000000 0.000000000 0.000000000 -0.471739081 -0.687329628 0.552304465 0.561646890 0.248632180 0.789135483 -0.679716861 0.682466133 0.268747032 -23.136697769 1.361236572 -2.897576809
0.000000000 0.500000000 0.666666667 0.500000000 0.500000000 0.000000000 0.000000000 -0.483076821 -0.664695770 0.569926590 0.584433809 0.239902137 0.775167135 -0.651976923 0.707549643 0.272579520 -23.018035889 1.386026621 -2.650622606
0.000000000 0.500000000 0.666666667 0.500000000 0.500000000 0.000000000 0.000000000 -0.494241969 -0.640898839 0.587344494 0.606152556 0.230234238 0.761295787 -0.623140398 0.732284694 0.274691046 -22.899427414 1.410206318 -2.406854153
0.000000000 0.500000000 0.666666667 0.500000000 0.500000000 0.000000000 0.000000000 -0.505233542 -0.615981461 0.604405418 0.626635261 0.219684399 0.747707840 -0.593352608 0.756508827 0.275003777 -22.781391144 1.433871388 -2.166044950
0.000000000 0.500000000 0.666666667 0.500000000 0.500000000 0.000000000 0.000000000 -0.516066995 -0.589991001 0.620955292 0.645728708 0.208329894 0.734597230 -0.562769306 0.780070044 0.273461945 -22.664754868 1.457175255 -1.927801490
0.000000000 0.500000000 0.666666667 0.500000000 0.500000000 0.000000000 0.000000000 -0.526771123 -0.562981078 0.636839454 0.663295910 0.196268966 0.722161359 -0.531555001 0.802826755 0.270034223 -22.548397064 1.479941964 -1.692708731
0.000000000 0.500000000 0.666666667 0.500000000 0.500000000 0.000000000 0.000000000 -0.537392913 -0.535007518 0.651901689 0.679212484 0.183620116 0.710601193 -0.499879244 0.824651811 0.264707636 -22.431152344 1.501992822 -1.461354971
0.000000000 0.500000000 0.666666667 0.500000000 0.500000000 0.000000000 0.000000000 -0.547992098 -0.506129506 0.665986174 0.693369922 0.170520749 0.700114866 -0.467913252 0.845432196 0.257490953 -22.315326691 1.523732305 -1.232600093
