0.000000000 0.500000000 0.666666667 0.500000000 0.500000000 0.000000000 0.000000000 0.857581547 -0.276205756 0.433894307 -0.470890240 -0.082242098 0.878349941 -0.206920931 -0.957573296 -0.200591900 7.023593426 1.774550796 -9.879677772
0.000000000 0.500000000 0.666666667 0.500000000 0.500000000 0.000000000 0.000000000 0.859272784 -0.275727017 0.430842076 -0.468518278 -0.086218987 0.879236549 -0.205282504 -0.957361425 -0.203268777 7.030312538 1.766992092 -9.754140854
0.000000000 0.500000000 0.666666667 0.500000000 0.500000000 0.000000000 0.000000000 0.860375521 -0.276422006 0.428187853 -0.466533871 -0.088919939 0.880022381 -0.205183114 -0.956913851 -0.205464767 7.040078163 1.758456945 -9.630043984
0.000000000 0.500000000 0.666666667 0.500000000 0.500000000 0.000000000 0.000000000 0.860962368 -0.278124469 0.425899731 -0.464890737 -0.090415730 0.880739234 -0.206447096 -0.956280176 -0.207142031 7.052031040 1.750322223 -9.507391930
0.000000000 0.500000000 0.666666667 0.500000000 0.500000000 0.000000000 0.000000000 0.861101471 -0.280665700 0.423946957 -0.463535917 -0.090776495 0.881415953 -0.208898806 -0.955503215 -0.208266406 7.068867207 1.742841721 -9.386465073
0.000000000 0.500000000 0.666666667 0.500000000 0.500000000 0.000000000 0.000000000 0.860858333 -0.283874115 0.422301335 -0.462412221 -0.090069915 0.882078425 -0.212362587 -0.954621861 -0.208804297 7.086953163 1.735693335 -9.267006874
0.000000000 0.500000000 0.666666667 0.500000000 0.500000000 0.000000000 0.000000000 0.860298273 -0.287576959 0.420935118 -0.461458424 -0.088363479 0.882750258 -0.216663344 -0.953672579 -0.208723758 7.114960671 1.729677677 -9.150600433
0.000000000 0.500000000 0.666666667 0.500000000 0.500000000 0.000000000 0.000000000 0.859487157 -0.291600525 0.419822535 -0.460612150 -0.085723641 0.883452265 -0.221626428 -0.952691236 -0.207993113 7.143125057 1.723896503 -9.035531998
0.000000000 0.500000000 0.666666667 0.500000000 0.500000000 0.000000000 0.000000000 0.858493009 -0.295771607 0.418937835 -0.459810089 -0.082217690 0.884202993 -0.227078039 -0.951713932 -0.206582081 7.187265396 1.719941378 -8.926753044
0.000000000 0.500000000 0.666666667 0.500000000 0.500000000 0.000000000 0.000000000 0.857386952 -0.299916437 0.418255599 -0.458989039 -0.077911758 0.885019107 -0.232844749 -0.950778570 -0.204458882 7.231464863 1.716191411 -8.819409370
0.000000000 0.500000000 0.666666667 0.500000000 0.500000000 0.000000000 0.000000000 0.856243240 -0.303862803 0.417749817 -0.458087448 -0.072873187 0.885915001 -0.238753855 -0.949924679 -0.201592910 7.288691044 1.714052677 -8.719072342
0.000000000 0.500000000 0.666666667 0.500000000 0.500000000 0.000000000 0.000000000 0.855139636 -0.307438741 0.417393848 -0.457045786 -0.067167660 0.886903408 -0.244633099 -0.949194356 -0.197951309 7.346621037 1.712148428 -8.620053291
0.000000000 0.500000000 0.666666667 0.500000000 0.500000000 0.000000000 0.000000000 0.854157199 -0.310474471 0.417158341 -0.455807296 -0.060863312 0.887995139 -0.250310183 -0.948631256 -0.193503365 7.413007736 1.711416006 -8.527318955
0.000000000 0.500000000 0.666666667 0.500000000 0.500000000 0.000000000 0.000000000 0.853379835 -0.312799907 0.417012081 -0.454318273 -0.054024989 0.889199757 -0.255612528 -0.948281350 -0.188214549 7.480000019 1.710888624 -8.436015129
0.000000000 0.500000000 0.666666667 0.500000000 0.500000000 0.000000000 0.000000000 0.852869722 -0.314301062 0.416926949 -0.452544135 -0.046707647 0.890517940 -0.260417057 -0.948173633 -0.182070640 7.551405907 1.711044908 -8.349066734
0.000000000 0.500000000 0.666666667 0.500000000 0.500000000 0.000000000 0.000000000 0.852594700 -0.315077588 0.416903335 -0.450514671 -0.038916855 0.891920405 -0.264799564 -0.948267679 -0.175127380 7.622792721 1.711318374 -8.263144493
0.000000000 0.500000000 0.666666667 0.500000000 0.500000000 0.000000000 0.000000000 0.852497084 -0.315281368 0.416948895 -0.448273915 -0.030646465 0.893370747 -0.268885142 -0.948503270 -0.167458435 7.695546627 1.711845636 -8.179355621
0.000000000 0.500000000 0.666666667 0.500000000 0.500000000 0.000000000 0.000000000 0.852517178 -0.315063794 0.417072257 -0.445864500 -0.021891570 0.894832726 -0.272799027 -0.948817983 -0.159138700 7.768007755 1.712460875 -8.096323013
0.000000000 0.500000000 0.666666667 0.500000000 0.500000000 0.000000000 0.000000000 0.852593983 -0.314575430 0.417283836 -0.443326994 -0.012647653 0.896270725 -0.276667087 -0.949148216 -0.150243092 7.840878963 1.713232398 -8.014618874
0.000000000 0.500000000 0.666666667 0.500000000 0.500000000 0.000000000 0.000000000 0.852665861 -0.313965515 0.417596198 -0.440699345 -0.002911272 0.897650050 -0.280615424 -0.949429924 -0.140846739 7.913574219 1.714101553 -7.933722973
0.000000000 0.500000000 0.666666667 0.500000000 0.500000000 0.000000000 0.000000000 0.852669863 -0.313382833 0.418025483 -0.438017681 0.007319839 0.898936556 -0.284771164 -0.949598662 -0.131025816 7.987675667 1.715244055 -7.855029106
0.000000000 0.500000000 0.666666667 0.500000000 0.500000000 0.000000000 0.000000000 0.852542528 -0.312975157 0.418590239 -0.435314475 0.018046026 0.900097578 -0.289262071 -0.949589855 -0.120857612 8.061288834 1.716435552 -7.776830673
0.000000000 0.500000000 0.666666667 0.500000000 0.500000000 0.000000000 0.000000000 0.852218861 -0.312889118 0.419313025 -0.432619270 0.029266971 0.901101554 -0.294216893 -0.949338635 -0.110419997 8.134472847 1.717695236 -7.699116230
0.000000000 0.500000000 0.666666667 0.500000000 0.500000000 0.000000000 0.000000000 0.851632337 -0.313269549 0.420219649 -0.429957606 0.040980950 0.901918521 -0.299764609 -0.948779612 -0.099791923 8.207226753 1.719023347 -7.621874809
0.000000000 0.500000000 0.666666667 0.500000000 0.500000000 0.000000000 0.000000000 0.850713764 -0.314259504 0.421339597 -0.427351112 0.053185162 0.902520008 -0.306034505 -0.947846139 -0.089053799 8.290859222 1.721757770 -7.557939053
0.000000000 0.500000000 0.666666667 0.500000000 0.500000000 0.000000000 0.000000000 0.849390561 -0.315999484 0.422705573 -0.424816803 0.065875852 0.902879314 -0.313155487 -0.946469597 -0.078287563 8.375663757 1.724736333 -7.496242523
0.000000000 0.500000000 0.666666667 0.500000000 0.500000000 0.000000000 0.000000000 0.847585461 -0.318627074 0.424353242 -0.422366711 0.079048633 0.902971581 -0.321255736 -0.944578267 -0.067576997 8.460156441 1.727802753 -7.435072899
0.000000000 0.500000000 0.666666667 0.500000000 0.500000000 0.000000000 0.000000000 0.845215120 -0.322275797 0.426321137 -0.420007874 0.092698572 0.902773704 -0.330461476 -0.942096219 -0.057008138 8.544433594 1.730976582 -7.374550819
0.000000000 0.500000000 0.666666667 0.500000000 0.500000000 0.000000000 0.000000000 0.842188917 -0.327074624 0.428649062 -0.417740820 0.106820627 0.902264906 -0.340896516 -0.938941715 -0.046669274 8.628241539 1.734179616 -7.314357758
0.000000000 0.500000000 0.666666667 0.500000000 0.500000000 0.000000000 0.000000000 0.838406787 -0.333146813 0.431378326 -0.415560217 0.121409730 0.901426305 -0.352680826 -0.935025603 -0.036651820 8.712206841 1.737597585 -7.255251408
0.000000000 0.500000000 0.666666667 0.500000000 0.500000000 0.000000000 0.000000000 0.833757534 -0.340608378 0.434550696 -0.413454235 0.136461103 0.900241058 -0.365928914 -0.930249590 -0.027050504 8.795898438 1.741083980 -7.196628094
0.000000000 0.500000000 0.666666667 0.500000000 0.500000000 0.000000000 0.000000000 0.828116889 -0.349567421 0.438206614 -0.411403371 0.151970414 0.898694753 -0.380748847 -0.924503981 -0.017963949 8.879413605 1.744667888 -7.138615608
0.000000000 0.500000000 0.666666667 0.500000000 0.500000000 0.000000000 0.000000000 0.821345376 -0.360121631 0.442384655 -0.409380716 0.167933830 0.896775144 -0.397239477 -0.917665865 -0.009495177 8.963319778 1.748515606 -7.081977367
0.000000000 0.500000000 0.666666667 0.500000000 0.500000000 0.000000000 0.000000000 0.813286175 -0.372356792 0.447119690 -0.407350988 0.184348202 0.894472422 -0.415488592 -0.909596702 -0.001752062 9.046835899 1.752392530 -7.025585651
0.000000000 0.500000000 0.666666667 0.500000000 0.500000000 0.000000000 0.000000000 0.803808988 -0.386277736 0.452416424 -0.405260900 0.201173729 0.891791867 -0.435493643 -0.900177005 0.005161989 9.130761146 1.756513596 -6.970602989
0.000000000 0.500000000 0.666666667 0.500000000 0.500000000 0.000000000 0.000000000 0.792957946 -0.401617461 0.458171487 -0.403020105 0.218222187 0.888793492 -0.456938170 -0.889428182 0.011181106 9.214765549 1.760781169 -6.916594028
0.000000000 0.500000000 0.666666667 0.500000000 0.500000000 0.000000000 0.000000000 0.780837944 -0.418050746 0.464247433 -0.400547995 0.235268526 0.885556336 -0.479430296 -0.877429367 0.016257204 9.298319817 1.765038967 -6.862810135
0.000000000 0.500000000 0.666666667 0.500000000 0.500000000 0.000000000 0.000000000 0.767576333 -0.435266109 0.470499720 -0.397788580 0.252088239 0.882165384 -0.502584140 -0.864288687 0.020353078 9.382382393 1.769609332 -6.810881138
0.000000000 0.500000000 0.666666667 0.500000000 0.500000000 0.000000000 0.000000000 0.753326459 -0.452970319 0.476777869 -0.394710937 0.268458686 0.878711107 -0.526025211 -0.850145766 0.023444692 9.465917587 1.774101496 -6.759250164
0.000000000 0.500000000 0.666666667 0.500000000 0.500000000 0.000000000 0.000000000 0.738270238 -0.470890629 0.482927605 -0.391310325 0.284159612 0.875288264 -0.549393562 -0.835173833 0.025522219 9.552870750 1.778749943 -6.706191063
0.000000000 0.500000000 0.666666667 0.500000000 0.500000000 0.000000000 0.000000000 0.722617952 -0.488778614 0.488793168 -0.387608042 0.298974561 0.871994391 -0.572348933 -0.819578964 0.026589864 9.643456459 1.783671856 -6.652224064
0.000000000 0.500000000 0.666666667 0.500000000 0.500000000 0.000000000 0.000000000 0.706608918 -0.506410469 0.494218852 -0.383649877 0.312691775 0.868928435 -0.594572626 -0.803599584 0.026666483 9.737089157 1.788554668 -6.596398830
0.000000000 0.500000000 0.666666667 0.500000000 0.500000000 0.000000000 0.000000000 0.690510054 -0.528548511 0.493793820 -0.379503674 0.316433605 0.869394464 -0.615770109 -0.787722187 0.017914484 9.835214615 1.792812467 -6.540263653
0.000000000 0.500000000 0.666666667 0.500000000 0.500000000 0.000000000 0.000000000 0.674612534 -0.551022029 0.491195127 -0.375256962 0.317025547 0.871020674 -0.635672983 -0.771925855 0.007094555 9.936484337 1.796816349 -6.482387543
0.000000000 0.500000000 0.666666667 0.500000000 0.500000000 0.000000000 0.000000000 0.659229237 -0.571750468 0.488383266 -0.371012221 0.317609357 0.872624907 -0.654038795 -0.756456012 -0.002749037 10.041308403 1.801542878 -6.424079418
0.000000000 0.500000000 0.666666667 0.500000000 0.500000000 0.000000000 0.000000000 0.644689977 -0.590484845 0.485491999 -0.366882755 0.318170052 0.874165237 -0.670650339 -0.741684209 -0.011517664 10.149140358 1.806533217 -6.364323616
0.000000000 0.500000000 0.666666667 0.500000000 0.500000000 0.000000000 0.000000000 0.631340633 -0.607001485 0.482657438 -0.362986668 0.318692388 0.875600275 -0.685309918 -0.728000247 -0.019129993 10.260253906 1.812460899 -6.303881645
0.000000000 0.500000000 0.666666667 0.500000000 0.500000000 0.000000000 0.000000000 0.619533845 -0.621101156 0.480011633 -0.359440979 0.319162170 0.876890924 -0.697839521 -0.715799457 -0.025517442 10.374238014 1.818994045 -6.242041111
0.000000000 0.500000000 0.666666667 0.500000000 0.500000000 0.000000000 0.000000000 0.609629243 -0.632595871 0.477676302 -0.356354935 0.319566693 0.878002442 -0.708070156 -0.705478272 -0.030611459 10.491093636 1.826328039 -6.178903580
0.000000000 0.500000000 0.666666667 0.500000000 0.500000000 0.000000000 0.000000000 0.601985376 -0.641302727 0.475756681 -0.353821954 0.319895759 0.878906553 -0.715837713 -0.697422050 -0.034334415 10.610351562 1.834960938 -6.113842487
0.000000000 0.500000000 0.666666667 0.500000000 0.500000000 0.000000000 0.000000000 0.596956124 -0.647030901 0.474335745 -0.351911975 0.320142122 0.879583415 -0.720972501 -0.691997135 -0.036587121 10.731913567 1.844599605 -6.046611309
0.000000000 0.500000000 0.666666667 0.500000000 0.500000000 0.000000000 0.000000000 0.594884414 -0.649570455 0.473466744 -0.350661650 0.320302542 0.880024255 -0.723290358 -0.689539343 -0.037236458 10.855448723 1.855410099 -5.976881981
0.000000000 0.500000000 0.666666667 0.500000000 0.500000000 0.000000000 0.000000000 0.596095036 -0.648680277 0.473164460 -0.350064910 0.320378928 0.880234004 -0.722582360 -0.690341394 -0.036103914 10.980253220 1.867802739 -5.903517723
0.000000000 0.500000000 0.666666667 0.500000000 0.500000000 0.000000000 0.000000000 0.600886911 -0.644076665 0.473392194 -0.350061849 0.320379305 0.880235084 -0.718603939 -0.694638288 -0.032954937 11.105761528 1.881728530 -5.825934887
0.000000000 0.500000000 0.666666667 0.500000000 0.500000000 0.000000000 0.000000000 0.609440221 -0.645223662 0.460726646 -0.350504175 0.301976343 0.886542222 -0.711146567 -0.701781101 -0.042117058 11.233007431 1.894746065 -5.743908405
0.000000000 0.500000000 0.666666667 0.500000000 0.500000000 0.000000000 0.000000000 0.621563384 -0.643956351 0.446070821 -0.351090787 0.280037739 0.893484261 -0.700281528 -0.711968457 -0.052025937 11.360663414 1.908710837 -5.657111645
0.000000000 0.500000000 0.666666667 0.500000000 0.500000000 0.000000000 0.000000000 0.636941679 -0.640151633 0.429547651 -0.351463237 0.254787539 0.900864531 -0.686133289 -0.724768375 -0.062704962 11.488359451 1.923622966 -5.565158367
0.000000000 0.500000000 0.666666667 0.500000000 0.500000000 0.000000000 0.000000000 0.655223321 -0.633661690 0.411284892 -0.351243101 0.226465797 0.908483091 -0.668812891 -0.739720289 -0.074183625 11.613866806 1.939892530 -5.465507507
0.000000000 0.500000000 0.666666667 0.500000000 0.500000000 0.000000000 0.000000000 0.676023839 -0.624327827 0.391416063 -0.350043995 0.195336344 0.916140226 -0.648429619 -0.756345475 -0.086490181 11.737421989 1.957187414 -5.358879089
0.000000000 0.500000000 0.666666667 0.500000000 0.500000000 0.000000000 0.000000000 0.698925266 -0.611999690 0.370080873 -0.347483934 0.161693027 0.923639692 -0.625106702 -0.774152275 -0.099648718 11.858222008 1.975585938 -5.244768143
0.000000000 0.500000000 0.666666667 0.500000000 0.500000000 0.000000000 0.000000000 0.723486515 -0.596542698 0.347424917 -0.343195545 0.125863971 0.930792715 -0.598985877 -0.792650661 -0.113669911 11.975507736 1.995107412 -5.122690201
0.000000000 0.500000000 0.666666667 0.500000000 0.500000000 0.000000000 0.000000000 0.749243290 -0.577856572 0.323598940 -0.336838323 0.088213289 0.937421122 -0.570240683 -0.811357010 -0.128551024 12.085468292 2.016103506 -4.989914417
0.000000000 0.500000000 0.666666667 0.500000000 0.500000000 0.000000000 0.000000000 0.775719054 -0.555881087 0.298757703 -0.328108343 0.049140887 0.943361059 -0.539077790 -0.829808044 -0.144269701 12.188378334 2.038300753 -4.847758770
0.000000000 0.500000000 0.666666667 0.500000000 0.500000000 0.000000000 0.000000000 0.802431504 -0.530606443 0.273057656 -0.316747658 0.009079625 0.948466384 -0.505741636 -0.847569680 -0.160782571 12.284081459 2.061601400 -4.696762562
0.000000000 0.500000000 0.666666667 0.500000000 0.500000000 0.000000000 0.000000000 0.828901364 -0.502080095 0.246653819 -0.302552081 -0.031509868 0.952611866 -0.470515427 -0.864246901 -0.178023950 12.371953011 2.085986376 -4.537002087
0.000000000 0.500000000 0.666666667 0.500000000 0.500000000 0.000000000 0.000000000 0.854660892 -0.470412102 0.219698008 -0.285379042 -0.072145059 0.955695502 -0.433720604 -0.879492777 -0.195905316 12.446425438 2.111572266 -4.366528034
0.000000000 0.500000000 0.666666667 0.500000000 0.500000000 0.000000000 0.000000000 0.879265592 -0.435775370 0.192332644 -0.265150275 -0.112332756 0.957641208 -0.395711196 -0.893018017 -0.214316286 12.509941101 2.138027191 -4.187895298
0.000000000 0.500000000 0.666666667 0.500000000 0.500000000 0.000000000 0.000000000 0.902302673 -0.398405427 0.164690622 -0.241856449 -0.151574819 0.958399985 -0.356868804 -0.904598358 -0.233123287 12.564980507 2.165205002 -4.002380371
0.000000000 0.500000000 0.666666667 0.500000000 0.500000000 0.000000000 0.000000000 0.923400772 -0.358598193 0.136888095 -0.215556112 -0.189383680 0.957950617 -0.317594989 -0.914079405 -0.252175068 12.610351562 2.192910194 -3.810070753
0.000000000 0.500000000 0.666666667 0.500000000 0.500000000 0.000000000 0.000000000 0.942237846 -0.316704510 0.109023372 -0.186374147 -0.225287934 0.956300175 -0.278302928 -0.921381354 -0.271300350 12.646386147 2.220712900 -3.611681938
0.000000000 0.500000000 0.666666667 0.500000000 0.500000000 0.000000000 0.000000000 0.958547964 -0.273124246 0.081172325 -0.154497981 -0.258846814 0.953482407 -0.239407966 -0.926499581 -0.290314231 12.677343369 2.248749971 -3.408398390
0.000000000 0.500000000 0.666666667 0.500000000 0.500000000 0.000000000 0.000000000 0.972126465 -0.228298210 0.053385994 -0.120171049 -0.289658223 0.949556230 -0.201318295 -0.929504191 -0.309019259 12.702694893 2.276855469 -3.200202465
0.000000000 0.500000000 0.666666667 0.500000000 0.500000000 0.000000000 0.000000000 0.982833262 -0.182698834 0.025688807 -0.083684674 -0.317365693 0.944603564 -0.164425223 -0.930537561 -0.327206652 12.721347809 2.304326057 -2.987114191
0.000000000 0.500000000 0.666666667 0.500000000 0.500000000 0.000000000 0.000000000 0.990593876 -0.136821322 -0.001923352 -0.045368703 -0.341667927 0.938725044 -0.129094749 -0.929808020 -0.344661562 12.736952782 2.331591845 -2.769775391
0.000000000 0.500000000 0.666666667 0.500000000 0.500000000 0.000000000 0.000000000 0.995402247 -0.091759410 -0.027469576 -0.005596251 -0.342014776 0.939677910 -0.095619292 -0.935203776 -0.340955785 12.749511719 2.361093760 -2.549179554
0.000000000 0.500000000 0.666666667 0.500000000 0.500000000 0.000000000 0.000000000 0.997323271 -0.048256623 -0.054932611 0.035187475 -0.341808324 0.939110702 -0.064094735 -0.938529897 -0.339195367 12.758066177 2.388515472 -2.324138164
0.000000000 0.500000000 0.666666667 0.500000000 0.500000000 0.000000000 0.000000000 0.996468027 -0.006401584 -0.083728669 0.076535708 -0.341016938 0.936936355 -0.034550771 -0.940035355 -0.339322526 12.765116692 2.414404154 -2.094992638
0.000000000 0.500000000 0.666666667 0.500000000 0.500000000 0.000000000 0.000000000 0.992986861 0.033744386 -0.113306709 0.118017666 -0.339629920 0.933125580 -0.006994599 -0.939953634 -0.341230482 12.770956993 2.438437462 -1.861770034
0.000000000 0.500000000 0.666666667 0.500000000 0.500000000 0.000000000 0.000000000 0.987066632 0.072141505 -0.143160982 0.159229388 -0.337656507 0.927703662 0.018586702 -0.938500765 -0.344776519 12.775996208 2.459892511 -1.624477506
0.000000000 0.500000000 0.666666667 0.500000000 0.500000000 0.000000000 0.000000000 0.978928025 0.108764766 -0.172829821 0.199792251 -0.335124399 0.920746813 0.042225322 -0.935874918 -0.349793024 12.779941559 2.478447199 -1.383161545
0.000000000 0.500000000 0.666666667 0.500000000 0.500000000 0.000000000 0.000000000 0.968822165 0.143595933 -0.201900522 0.239357153 -0.332078141 0.912377258 0.063966914 -0.932257645 -0.356095378 12.783124924 2.495380878 -1.137988210
