0.000000000 0.384615385 0.666666667 0.384615385 0.500000000 0.000000000 0.000000000 -0.016075101 0.000000000 -0.999870787 49.396621704 0.999870787 0.000000000 -0.016075101 0.813978076 0.000000000 1.000000000 0.000000000 -36.561485291
0.000000000 0.384615385 0.666666667 0.384615385 0.500000000 0.000000000 0.000000000 -0.019407258 0.000000000 -0.999811661 49.384510040 0.999811661 0.000000000 -0.019407258 0.906303525 0.000000000 1.000000000 0.000000000 -36.862380981
0.000000000 0.384615385 0.666666667 0.384615385 0.500000000 0.000000000 0.000000000 -0.022794247 0.000000000 -0.999740177 49.399665833 0.999740177 0.000000000 -0.022794247 0.971271098 0.000000000 1.000000000 0.000000000 -37.220363617
0.000000000 0.384615385 0.666666667 0.384615385 0.500000000 0.000000000 0.000000000 -0.024765432 0.000000000 -0.999693290 49.407226562 0.999693290 0.000000000 -0.024765432 0.958013058 0.000000000 1.000000000 0.000000000 -37.537033081
0.000000000 0.384615385 0.666666667 0.384615385 0.500000000 0.000000000 0.000000000 -0.026211063 0.000000000 -0.999656431 49.329040527 0.999656431 0.000000000 -0.026211063 0.992332578 0.000000000 1.000000000 0.000000000 -37.977722168
0.000000000 0.384615385 0.666666667 0.384615385 0.500000000 0.000000000 0.000000000 -0.026441329 0.000000000 -0.999650367 49.457439423 0.999650367 0.000000000 -0.026441329 0.937859774 0.000000000 1.000000000 0.000000000 -38.280765533
0.000000000 0.384615385 0.666666667 0.384615385 0.500000000 0.000000000 0.000000000 -0.025739159 0.000000000 -0.999668693 49.407264709 0.999668693 0.000000000 -0.025739159 0.891916633 0.000000000 1.000000000 0.000000000 -38.556499481
0.000000000 0.384615385 0.666666667 0.384615385 0.500000000 0.000000000 0.000000000 -0.023410622 0.000000000 -0.999725934 49.386756897 0.999725934 0.000000000 -0.023410622 0.906998813 0.000000000 1.000000000 0.000000000 -38.952415466
0.000000000 0.384615385 0.666666667 0.384615385 0.500000000 0.000000000 0.000000000 -0.020241339 0.000000000 -0.999795123 49.427078247 0.999795123 0.000000000 -0.020241339 0.945089638 0.000000000 1.000000000 0.000000000 -39.278610229
0.000000000 0.384615385 0.666666667 0.384615385 0.500000000 0.000000000 0.000000000 -0.014611883 0.000000000 -0.999893241 49.413162231 0.999893241 0.000000000 -0.014611883 0.884446383 0.000000000 1.000000000 0.000000000 -39.665420532
0.000000000 0.384615385 0.666666667 0.384615385 0.500000000 0.000000000 0.000000000 -0.008611392 0.000000000 -0.999962921 49.424793243 0.999962921 0.000000000 -0.008611392 0.851689041 0.000000000 1.000000000 0.000000000 -39.970378876
0.000000000 0.384615385 0.666666667 0.384615385 0.500000000 0.000000000 0.000000000 0.000646083 0.000000000 -0.999999791 49.485683441 0.999999791 0.000000000 0.000646083 0.877064109 0.000000000 1.000000000 0.000000000 -40.332073212
0.000000000 0.384615385 0.666666667 0.384615385 0.500000000 0.000000000 0.000000000 0.009439701 0.000000000 -0.999955445 49.499618530 0.999955445 0.000000000 0.009439701 0.891304910 0.000000000 1.000000000 0.000000000 -40.703475952
0.000000000 0.384615385 0.666666667 0.384615385 0.500000000 0.000000000 0.000000000 0.018512173 0.000000000 -0.999828635 49.509571075 0.999828635 0.000000000 0.018512173 0.951872170 0.000000000 1.000000000 0.000000000 -40.993465424
0.000000000 0.384615385 0.666666667 0.384615385 0.500000000 0.000000000 0.000000000 0.035634606 0.000000000 -0.999364886 49.414531708 0.999364886 0.000000000 0.035634606 0.908187091 0.000000000 1.000000000 0.000000000 -41.524394989
0.000000000 0.384615385 0.666666667 0.384615385 0.500000000 0.000000000 0.000000000 0.047227971 0.000000000 -0.998884137 49.368602753 0.998884137 0.000000000 0.047227971 0.938378811 0.000000000 1.000000000 0.000000000 -41.782409668
0.000000000 0.384615385 0.666666667 0.384615385 0.500000000 0.000000000 0.000000000 0.061773144 0.000000000 -0.998090216 49.458358765 0.998090216 0.000000000 0.061773144 0.936023712 0.000000000 1.000000000 0.000000000 -42.099529266
0.000000000 0.384615385 0.666666667 0.384615385 0.500000000 0.000000000 0.000000000 0.074402221 0.000000000 -0.997228314 49.340389252 0.997228314 0.000000000 0.074402221 0.984950840 0.000000000 1.000000000 0.000000000 -42.500492096
0.000000000 0.384615385 0.666666667 0.384615385 0.500000000 0.000000000 0.000000000 0.080474039 0.000000000 -0.996756705 49.341815948 0.996756705 0.000000000 0.080474039 0.850888252 0.000000000 1.000000000 0.000000000 -42.773670197
0.000000000 0.384615385 0.666666667 0.384615385 0.500000000 0.000000000 0.000000000 0.092191117 0.000000000 -0.995741331 49.356269836 0.995741331 0.000000000 0.092191117 0.966042757 0.000000000 1.000000000 0.000000000 -43.205818176
0.000000000 0.384615385 0.666666667 0.384615385 0.500000000 0.000000000 0.000000000 0.092363484 0.000000000 -0.995725357 49.220928192 0.995725357 0.000000000 0.092363484 0.950703025 0.000000000 1.000000000 0.000000000 -43.488739014
0.000000000 0.384615385 0.666666667 0.384615385 0.500000000 0.000000000 0.000000000 0.093616107 0.000000000 -0.995608369 49.180370331 0.995608369 0.000000000 0.093616107 0.962654233 0.000000000 1.000000000 0.000000000 -43.873275757
0.000000000 0.384615385 0.666666667 0.384615385 0.500000000 0.000000000 0.000000000 0.093548224 0.000000000 -0.995614750 49.175788879 0.995614750 0.000000000 0.093548224 0.984309196 0.000000000 1.000000000 0.000000000 -44.173183441
0.000000000 0.384615385 0.666666667 0.384615385 0.500000000 0.000000000 0.000000000 0.086010107 0.000000000 -0.996294265 49.172508240 0.996294265 0.000000000 0.086010107 0.848311603 0.000000000 1.000000000 0.000000000 -44.594280243
0.000000000 0.384615385 0.666666667 0.384615385 0.500000000 0.000000000 0.000000000 0.079094673 0.000000000 -0.996867109 49.123493195 0.996867109 0.000000000 0.079094673 0.910429299 0.000000000 1.000000000 0.000000000 -44.862060547
0.000000000 0.384615385 0.666666667 0.384615385 0.500000000 0.000000000 0.000000000 0.052911464 0.000000000 -0.998599207 49.115234375 0.998599207 0.000000000 0.052911464 0.872722924 0.000000000 1.000000000 0.000000000 -45.258781433
0.000000000 0.384615385 0.666666667 0.384615385 0.500000000 0.000000000 0.000000000 0.023552418 0.000000000 -0.999722603 49.089363098 0.999722603 0.000000000 0.023552418 0.942727208 0.000000000 1.000000000 0.000000000 -45.700725555
0.000000000 0.384615385 0.666666667 0.384615385 0.500000000 0.000000000 0.000000000 0.013857582 0.000000000 -0.999903979 49.111930847 0.999903979 0.000000000 0.013857582 0.899846613 0.000000000 1.000000000 0.000000000 -45.897258759
0.000000000 0.384615385 0.666666667 0.384615385 0.500000000 0.000000000 0.000000000 -0.001609121 0.000000000 -0.999998705 49.105739594 0.999998705 0.000000000 -0.001609121 0.907309771 0.000000000 1.000000000 0.000000000 -46.393314362
0.000000000 0.384615385 0.666666667 0.384615385 0.500000000 0.000000000 0.000000000 -0.019300752 0.000000000 -0.999813723 49.150516510 0.999813723 0.000000000 -0.019300752 0.934772611 0.000000000 1.000000000 0.000000000 -46.664192200
0.000000000 0.384615385 0.666666667 0.384615385 0.500000000 0.000000000 0.000000000 -0.103712510 0.000000000 -0.994607317 49.213516235 0.994607317 0.000000000 -0.103712510 0.952106655 0.000000000 1.000000000 0.000000000 -47.043861389
0.000000000 0.384615385 0.666666667 0.384615385 0.500000000 0.000000000 0.000000000 -0.154016804 0.000000000 -0.988068228 49.250270844 0.988068228 0.000000000 -0.154016804 0.908708036 0.000000000 1.000000000 0.000000000 -47.379543304
0.000000000 0.384615385 0.666666667 0.384615385 0.500000000 0.000000000 0.000000000 -0.197829411 0.000000000 -0.980236463 49.348476410 0.980236463 0.000000000 -0.197829411 0.886063755 0.000000000 1.000000000 0.000000000 -47.685394287
0.000000000 0.384615385 0.666666667 0.384615385 0.500000000 0.000000000 0.000000000 -0.288511905 0.000000000 -0.957476308 49.517635345 0.957476308 0.000000000 -0.288511905 0.839834332 0.000000000 1.000000000 0.000000000 -48.046192169
0.000000000 0.384615385 0.666666667 0.384615385 0.500000000 0.000000000 0.000000000 -0.363513469 0.000000000 -0.931588943 49.744548798 0.931588943 0.000000000 -0.363513469 1.003829479 0.000000000 1.000000000 0.000000000 -48.305461884
0.000000000 0.384615385 0.666666667 0.384615385 0.500000000 0.000000000 0.000000000 -0.448835092 0.000000000 -0.893614604 49.919208527 0.893614604 0.000000000 -0.448835092 0.918628275 0.000000000 1.000000000 0.000000000 -48.600341797
0.000000000 0.384615385 0.666666667 0.384615385 0.500000000 0.000000000 0.000000000 -0.458439792 0.000000000 -0.888725468 50.179157257 0.888725468 0.000000000 -0.458439792 0.950215280 0.000000000 1.000000000 0.000000000 -48.863597870
0.000000000 0.384615385 0.666666667 0.384615385 0.500000000 0.000000000 0.000000000 -0.510055989 0.000000000 -0.860141202 50.449890137 0.860141202 0.000000000 -0.510055989 0.893925428 0.000000000 1.000000000 0.000000000 -49.128913879
0.000000000 0.384615385 0.666666667 0.384615385 0.500000000 0.000000000 0.000000000 -0.518608027 0.000000000 -0.855012114 50.782371521 0.855012114 0.000000000 -0.518608027 0.914086640 0.000000000 1.000000000 0.000000000 -49.313667297
0.000000000 0.384615385 0.666666667 0.384615385 0.500000000 0.000000000 0.000000000 -0.531819279 0.000000000 -0.846857871 51.063972473 0.846857871 0.000000000 -0.531819279 0.957962871 0.000000000 1.000000000 0.000000000 -49.446052551
0.000000000 0.384615385 0.666666667 0.384615385 0.500000000 0.000000000 0.000000000 -0.560083931 0.000000000 -0.828435870 51.266914368 0.828435870 0.000000000 -0.560083931 0.893785477 0.000000000 1.000000000 0.000000000 -49.558567047
0.000000000 0.384615385 0.666666667 0.384615385 0.500000000 0.000000000 0.000000000 -0.613381639 0.000000000 -0.789786658 51.591659546 0.789786658 0.000000000 -0.613381639 0.937717855 0.000000000 1.000000000 0.000000000 -49.721225739
0.000000000 0.384615385 0.666666667 0.384615385 0.500000000 0.000000000 0.000000000 -0.673358534 0.000000000 -0.739316093 51.989101410 0.739316093 0.000000000 -0.673358534 0.931769550 0.000000000 1.000000000 0.000000000 -49.780403137
0.000000000 0.384615385 0.666666667 0.384615385 0.500000000 0.000000000 0.000000000 -0.721255053 0.000000000 -0.692669581 52.384353638 0.692669581 0.000000000 -0.721255053 0.882430613 0.000000000 1.000000000 0.000000000 -49.790229797
0.000000000 0.384615385 0.666666667 0.384615385 0.500000000 0.000000000 0.000000000 -0.738089416 0.000000000 -0.674702908 52.610134125 0.674702908 0.000000000 -0.738089416 0.920111060 0.000000000 1.000000000 0.000000000 -49.807903290
0.000000000 0.384615385 0.666666667 0.384615385 0.500000000 0.000000000 0.000000000 -0.799386548 0.000000000 -0.600817067 53.036815643 0.600817067 0.000000000 -0.799386548 0.914190650 0.000000000 1.000000000 0.000000000 -49.914768219
0.000000000 0.384615385 0.666666667 0.384615385 0.500000000 0.000000000 0.000000000 -0.844525427 0.000000000 -0.535515456 53.346286774 0.535515456 0.000000000 -0.844525427 0.915171325 0.000000000 1.000000000 0.000000000 -49.858909607
0.000000000 0.384615385 0.666666667 0.384615385 0.500000000 0.000000000 0.000000000 -0.892975762 0.000000000 -0.450104753 53.733554840 0.450104753 0.000000000 -0.892975762 1.037385345 0.000000000 1.000000000 0.000000000 -49.956634521
0.000000000 0.384615385 0.666666667 0.384615385 0.500000000 0.000000000 0.000000000 -0.927725913 0.000000000 -0.373262147 54.131698608 0.373262147 0.000000000 -0.927725913 0.895274580 0.000000000 1.000000000 0.000000000 -49.936664581
0.000000000 0.384615385 0.666666667 0.384615385 0.500000000 0.000000000 0.000000000 -0.953225678 0.000000000 -0.302259502 54.489215851 0.302259502 0.000000000 -0.953225678 0.944155693 0.000000000 1.000000000 0.000000000 -50.058685303
0.000000000 0.384615385 0.666666667 0.384615385 0.500000000 0.000000000 0.000000000 -0.975396288 0.000000000 -0.220458798 54.898944855 0.220458798 0.000000000 -0.975396288 0.964196324 0.000000000 1.000000000 0.000000000 -49.970603943
0.000000000 0.384615385 0.666666667 0.384615385 0.500000000 0.000000000 0.000000000 -0.987731396 0.000000000 -0.156162382 55.285144806 0.156162382 0.000000000 -0.987731396 0.887193382 0.000000000 1.000000000 0.000000000 -50.031253815
0.000000000 0.384615385 0.666666667 0.384615385 0.500000000 0.000000000 0.000000000 -0.982885822 0.000000000 -0.184215801 55.735134125 0.184215801 0.000000000 -0.982885822 0.829689145 0.000000000 1.000000000 0.000000000 -50.209003448
0.000000000 0.384615385 0.666666667 0.384615385 0.500000000 0.000000000 0.000000000 -0.976796012 0.000000000 -0.214171777 56.062362671 0.214171777 0.000000000 -0.976796012 1.025680661 0.000000000 1.000000000 0.000000000 -50.209213257
0.000000000 0.384615385 0.666666667 0.384615385 0.500000000 0.000000000 0.000000000 -0.968524717 0.000000000 -0.248917401 56.482284546 0.248917401 0.000000000 -0.968524717 0.967189074 0.000000000 1.000000000 0.000000000 -50.403255463
0.000000000 0.384615385 0.666666667 0.384615385 0.500000000 0.000000000 0.000000000 -0.965063748 0.000000000 -0.262015195 57.002048492 0.262015195 0.000000000 -0.965063748 0.885827243 0.000000000 1.000000000 0.000000000 -50.529445648
0.000000000 0.384615385 0.666666667 0.384615385 0.500000000 0.000000000 0.000000000 -0.956974797 0.000000000 -0.290171051 57.282741547 0.290171051 0.000000000 -0.956974797 0.941015065 0.000000000 1.000000000 0.000000000 -50.750957489
0.000000000 0.384615385 0.666666667 0.384615385 0.500000000 0.000000000 0.000000000 -0.944466462 0.000000000 -0.328607826 57.785476685 0.328607826 0.000000000 -0.944466462 0.938597262 0.000000000 1.000000000 0.000000000 -50.707866669
0.000000000 0.384615385 0.666666667 0.384615385 0.500000000 0.000000000 0.000000000 -0.932283792 0.000000000 -0.361727704 58.198337555 0.361727704 0.000000000 -0.932283792 0.900267601 0.000000000 1.000000000 0.000000000 -50.967948914
0.000000000 0.384615385 0.666666667 0.384615385 0.500000000 0.000000000 0.000000000 -0.927572865 0.000000000 -0.373642316 58.535057068 0.373642316 0.000000000 -0.927572865 0.888492286 0.000000000 1.000000000 0.000000000 -50.996150970
0.000000000 0.384615385 0.666666667 0.384615385 0.500000000 0.000000000 0.000000000 -0.912347899 0.000000000 -0.409415817 58.809902191 0.409415817 0.000000000 -0.912347899 0.980681360 0.000000000 1.000000000 0.000000000 -51.515384674
0.000000000 0.384615385 0.666666667 0.384615385 0.500000000 0.000000000 0.000000000 -0.877366847 0.000000000 -0.479820191 58.697048187 0.479820191 0.000000000 -0.877366847 0.906150877 0.000000000 1.000000000 0.000000000 -51.893737793
0.000000000 0.384615385 0.666666667 0.384615385 0.500000000 0.000000000 0.000000000 -0.842518181 0.000000000 -0.538667907 58.847537994 0.538667907 0.000000000 -0.842518181 0.830560923 0.000000000 1.000000000 0.000000000 -52.151931763
0.000000000 0.384615385 0.666666667 0.384615385 0.500000000 0.000000000 0.000000000 -0.794883656 0.000000000 -0.606761875 58.863788605 0.606761875 0.000000000 -0.794883656 0.974615991 0.000000000 1.000000000 0.000000000 -52.552093506
0.000000000 0.384615385 0.666666667 0.384615385 0.500000000 0.000000000 0.000000000 -0.789440615 0.000000000 -0.613826943 58.908641815 0.613826943 0.000000000 -0.789440615 0.900486290 0.000000000 1.000000000 0.000000000 -52.996780396
0.000000000 0.384615385 0.666666667 0.384615385 0.500000000 0.000000000 0.000000000 -0.741371260 0.000000000 -0.671095117 58.960781097 0.671095117 0.000000000 -0.741371260 0.891494751 0.000000000 1.000000000 0.000000000 -53.298725128
0.000000000 0.384615385 0.666666667 0.384615385 0.500000000 0.000000000 0.000000000 -0.729626471 0.000000000 -0.683845898 58.940368652 0.683845898 0.000000000 -0.729626471 0.916950345 0.000000000 1.000000000 0.000000000 -53.768493652
0.000000000 0.384615385 0.666666667 0.384615385 0.500000000 0.000000000 0.000000000 -0.726338736 0.000000000 -0.687336920 58.996715546 0.687336920 0.000000000 -0.726338736 0.943012059 0.000000000 1.000000000 0.000000000 -54.209568024
0.000000000 0.384615385 0.666666667 0.384615385 0.500000000 0.000000000 0.000000000 -0.656601112 0.000000000 -0.754238013 59.009704590 0.754238013 0.000000000 -0.656601112 0.872906804 0.000000000 1.000000000 0.000000000 -54.657295227
0.000000000 0.384615385 0.666666667 0.384615385 0.500000000 0.000000000 0.000000000 -0.629668518 0.000000000 -0.776863924 58.915840149 0.776863924 0.000000000 -0.629668518 0.985365272 0.000000000 1.000000000 0.000000000 -55.031810760
0.000000000 0.384615385 0.666666667 0.384615385 0.500000000 0.000000000 0.000000000 -0.563612338 0.000000000 -0.826039426 59.054031372 0.826039426 0.000000000 -0.563612338 0.836683989 0.000000000 1.000000000 0.000000000 -55.461982727
0.000000000 0.384615385 0.666666667 0.384615385 0.500000000 0.000000000 0.000000000 -0.527259535 0.000000000 -0.849704291 58.988437653 0.849704291 0.000000000 -0.527259535 0.912067592 0.000000000 1.000000000 0.000000000 -55.826553345
0.000000000 0.384615385 0.666666667 0.384615385 0.500000000 0.000000000 0.000000000 -0.453286968 0.000000000 -0.891364642 58.956150055 0.891364642 0.000000000 -0.453286968 0.920185208 0.000000000 1.000000000 0.000000000 -56.382713318
0.000000000 0.384615385 0.666666667 0.384615385 0.500000000 0.000000000 0.000000000 -0.391568946 0.000000000 -0.920148771 58.985973358 0.920148771 0.000000000 -0.391568946 0.941809356 0.000000000 1.000000000 0.000000000 -56.765316010
0.000000000 0.384615385 0.666666667 0.384615385 0.500000000 0.000000000 0.000000000 -0.371743876 0.000000000 -0.928335333 58.906131744 0.928335333 0.000000000 -0.371743876 0.888464928 0.000000000 1.000000000 0.000000000 -57.301494598
0.000000000 0.384615385 0.666666667 0.384615385 0.500000000 0.000000000 0.000000000 -0.354441205 0.000000000 -0.935078303 58.942577362 0.935078303 0.000000000 -0.354441205 0.956967294 0.000000000 1.000000000 0.000000000 -57.716873169
0.000000000 0.384615385 0.666666667 0.384615385 0.500000000 0.000000000 0.000000000 -0.324313173 0.000000000 -0.945949769 58.932605743 0.945949769 0.000000000 -0.324313173 0.911481082 0.000000000 1.000000000 0.000000000 -58.138103485
0.000000000 0.384615385 0.666666667 0.384615385 0.500000000 0.000000000 0.000000000 -0.277084260 0.000000000 -0.960845624 58.949783325 0.960845624 0.000000000 -0.277084260 0.913069725 0.000000000 1.000000000 0.000000000 -58.594680786
0.000000000 0.384615385 0.666666667 0.384615385 0.500000000 0.000000000 0.000000000 -0.217699273 0.000000000 -0.976015895 58.728591919 0.976015895 0.000000000 -0.217699273 0.981160939 0.000000000 1.000000000 0.000000000 -59.048000336
0.000000000 0.384615385 0.666666667 0.384615385 0.500000000 0.000000000 0.000000000 -0.149949791 0.000000000 -0.988693613 58.678787231 0.988693613 0.000000000 -0.149949791 0.925504446 0.000000000 1.000000000 0.000000000 -59.538581848
0.000000000 0.384615385 0.666666667 0.384615385 0.500000000 0.000000000 0.000000000 -0.149481244 0.000000000 -0.988764561 58.411815643 0.988764561 0.000000000 -0.149481244 0.920421302 0.000000000 1.000000000 0.000000000 -59.933822632