0.000000000 0.500000000 0.666666667 0.500000000 0.500000000 0.000000000 0.000000000 -0.044176277 0.995856363 0.079489373 0.692915754 -0.026774288 0.720521266 0.719663959 0.086909386 -0.688861774 -35.299461365 3.294645309 66.211975098
0.000000000 0.500000000 0.666666667 0.500000000 0.500000000 0.000000000 0.000000000 -0.075644207 0.993024133 0.090449021 0.707106796 -0.010534974 0.707028283 0.703049026 0.117439711 -0.701377203 -35.535037994 3.301257134 66.241127014
0.000000000 0.500000000 0.666666667 0.500000000 0.500000000 0.000000000 0.000000000 -0.110577537 0.988848554 0.099755427 0.707106780 0.007742961 0.707064388 0.698407195 0.148723177 -0.700077715 -35.773887634 3.309416532 66.277893066
0.000000000 0.500000000 0.666666667 0.500000000 0.500000000 0.000000000 0.000000000 -0.147451947 0.983099099 0.108508452 0.707106796 0.028072146 0.706549314 0.691561929 0.180909136 -0.699295347 -36.016742706 3.318091392 66.316276550
0.000000000 0.500000000 0.666666667 0.500000000 0.500000000 0.000000000 0.000000000 -0.185404666 0.975673579 0.116987939 0.707106790 0.049794627 0.705351319 0.682367275 0.213498392 -0.699137568 -36.262798309 3.327689171 66.361099243
0.000000000 0.500000000 0.666666667 0.500000000 0.500000000 0.000000000 0.000000000 -0.223534309 0.966583673 0.125492695 0.707106794 0.072202449 0.703410825 0.670844539 0.245973189 -0.699617606 -36.512744904 3.337635517 66.407913208
0.000000000 0.500000000 0.666666667 0.500000000 0.500000000 0.000000000 0.000000000 -0.260972668 0.955959531 0.134293116 0.707106812 0.094595581 0.700750763 0.657185836 0.277836373 -0.700652358 -36.766296387 3.347869873 66.458114624
0.000000000 0.500000000 0.666666667 0.500000000 0.500000000 0.000000000 0.000000000 -0.296954146 0.944033171 0.143595289 0.707106802 0.116335666 0.697471134 0.641730633 0.308654151 -0.702078635 -37.023338318 3.358365297 66.512474060
0.000000000 0.500000000 0.666666667 0.500000000 0.500000000 0.000000000 0.000000000 -0.330861105 0.931109676 0.153511241 0.707106782 0.136889106 0.693730042 0.624924738 0.338077128 -0.703685248 -37.284534454 3.368840933 66.567504883
0.000000000 0.500000000 0.666666667 0.500000000 0.500000000 0.000000000 0.000000000 -0.363593933 0.917233016 0.162736124 0.704470714 0.156429616 0.692279415 0.609524787 0.366351428 -0.703040657 -37.549060822 3.379401207 66.627250671
0.000000000 0.500000000 0.666666667 0.500000000 0.500000000 0.000000000 0.000000000 -0.398608486 0.901704389 0.167452887 0.692764775 0.176386854 0.699260069 0.600989386 0.394736459 -0.694978335 -37.817348480 3.390174389 66.689392090
0.000000000 0.500000000 0.666666667 0.500000000 0.500000000 0.000000000 0.000000000 -0.432198980 0.885439028 0.170885249 0.679412994 0.195121450 0.707336979 0.592960390 0.421811980 -0.685910074 -38.089809418 3.400926351 66.752296448
0.000000000 0.500000000 0.666666667 0.500000000 0.500000000 0.000000000 0.000000000 -0.464044993 0.868748193 0.173028384 0.664748372 0.212426496 0.716229423 0.585467204 0.447383014 -0.676074398 -38.359439850 3.411388397 66.817840576
0.000000000 0.500000000 0.666666667 0.500000000 0.500000000 0.000000000 0.000000000 -0.493849657 0.851977826 0.173914634 0.649127180 0.228137100 0.725663398 0.578572745 0.471261336 -0.665707392 -38.626689911 3.421567202 66.884155273
0.000000000 0.500000000 0.666666667 0.500000000 0.500000000 0.000000000 0.000000000 -0.521341582 0.835501039 0.173611545 0.632924728 0.242130222 0.735376940 0.572371596 0.493265617 -0.655041821 -38.891952515 3.431468964 66.949783325
0.000000000 0.500000000 0.666666667 0.500000000 0.500000000 0.000000000 0.000000000 -0.546273927 0.819710525 0.172219198 0.616531569 0.254322153 0.745123524 0.566986438 0.513220126 -0.644306978 -39.155151367 3.441062450 67.015129089
0.000000000 0.500000000 0.666666667 0.500000000 0.500000000 0.000000000 0.000000000 -0.568423980 0.805008465 0.169869214 0.600349395 0.264664364 0.754674352 0.562560915 0.530955879 -0.633727916 -39.415622711 3.450205565 67.083160400
0.000000000 0.500000000 0.666666667 0.500000000 0.500000000 0.000000000 0.000000000 -0.587585975 0.791801113 0.166714484 0.584784685 0.273138389 0.763820851 0.559258074 0.546302497 -0.623525451 -39.674255371 3.459055185 67.150375366
0.000000000 0.500000000 0.666666667 0.500000000 0.500000000 0.000000000 0.000000000 -0.603568996 0.780486117 0.162929091 0.570244379 0.279748164 0.772374464 0.557248432 0.559090678 -0.613915139 -39.931102753 3.467609882 67.216773987
0.000000000 0.500000000 0.666666667 0.500000000 0.500000000 0.000000000 0.000000000 -0.616185623 0.771347166 0.159181746 0.557130890 0.284021955 0.780343963 0.556704993 0.569521799 -0.604751578 -40.186195374 3.475812912 67.282371521
0.000000000 0.500000000 0.666666667 0.500000000 0.500000000 0.000000000 0.000000000 -0.625245186 0.764869151 0.155060116 0.545836022 0.286575895 0.787360968 0.557791623 0.576931052 -0.596673334 -40.439048767 3.483591795 67.349227905
0.000000000 0.500000000 0.666666667 0.500000000 0.500000000 0.000000000 0.000000000 -0.630539145 0.761593355 0.149652756 0.536737968 0.288579078 0.792864723 0.560653850 0.580256561 -0.590736476 -40.690196991 3.491219521 67.415390015
0.000000000 0.500000000 0.666666667 0.500000000 0.500000000 0.000000000 0.000000000 -0.631940067 0.761296844 0.145185628 0.530107593 0.287935038 0.797545832 0.565365096 0.580965170 -0.585526924 -40.939697266 3.498456240 67.480690002
0.000000000 0.500000000 0.666666667 0.500000000 0.500000000 0.000000000 0.000000000 -0.629713292 0.763945051 0.140886933 0.525844258 0.285697921 0.801164474 0.571794531 0.578588503 -0.581623897 -41.187541962 3.505436420 67.545074463
0.000000000 0.500000000 0.666666667 0.500000000 0.500000000 0.000000000 0.000000000 -0.624194183 0.769200422 0.136793031 0.523736900 0.282052493 0.803832103 0.579725178 0.573390881 -0.578914170 -41.433696747 3.512176514 67.608619690
0.000000000 0.500000000 0.666666667 0.500000000 0.500000000 0.000000000 0.000000000 -0.615694720 0.776693581 0.132917620 0.523554589 0.277154857 0.805652392 0.588906278 0.565625554 -0.577284271 -41.677848816 3.518532038 67.673011780
0.000000000 0.500000000 0.666666667 0.500000000 0.500000000 0.000000000 0.000000000 -0.604512510 0.786038912 0.129257316 0.525055343 0.271141675 0.806721190 0.599067202 0.555540296 -0.576622465 -41.920417786 3.524696588 67.736640930
0.000000000 0.500000000 0.666666667 0.500000000 0.500000000 0.000000000 0.000000000 -0.590942448 0.796844640 0.125800006 0.527993650 0.264138453 0.807126746 0.609926003 0.543387060 -0.576819534 -42.161331177 3.530684710 67.799507141
0.000000000 0.500000000 0.666666667 0.500000000 0.500000000 0.000000000 0.000000000 -0.575288982 0.808720738 0.122529000 0.532122622 0.256267948 0.806952449 0.621198924 0.529431305 -0.577766726 -42.400554657 3.536511660 67.861663818
0.000000000 0.500000000 0.666666667 0.500000000 0.500000000 0.000000000 0.000000000 -0.557867799 0.821292620 0.119423414 0.537199866 0.247656120 0.806277093 0.632613486 0.513950269 -0.579357660 -42.638046265 3.542193413 67.923126221
0.000000000 0.500000000 0.666666667 0.500000000 0.500000000 0.000000000 0.000000000 -0.539014898 0.834205363 0.116466100 0.542991887 0.238436550 0.805175647 0.643912068 0.497241817 -0.581487596 -42.873523712 3.547614574 67.984786987
0.000000000 0.500000000 0.666666667 0.500000000 0.500000000 0.000000000 0.000000000 -0.519088957 0.847131463 0.113643912 0.549276383 0.228754764 0.803720544 0.654860375 0.479624376 -0.584053378 -43.107078552 3.552863121 68.046211243
0.000000000 0.500000000 0.666666667 0.500000000 0.500000000 0.000000000 0.000000000 -0.498472223 0.859776299 0.110951157 0.555846567 0.218770049 0.801981458 0.665251860 0.461437299 -0.586954497 -43.338768005 3.558022976 68.107063293
0.000000000 0.500000000 0.666666667 0.500000000 0.500000000 0.000000000 0.000000000 -0.477569617 0.871882447 0.108389387 0.562512576 0.208657230 0.800026101 0.674912485 0.443038552 -0.590093195 -43.568569183 3.563115835 68.167388916
0.000000000 0.500000000 0.666666667 0.500000000 0.500000000 0.000000000 0.000000000 -0.456808696 0.883230513 0.105970170 0.569102324 0.198606197 0.797921126 0.683701953 0.424805179 -0.593373575 -43.796455383 3.568166971 68.227226257
0.000000000 0.500000000 0.666666667 0.500000000 0.500000000 0.000000000 0.000000000 -0.436634654 0.893640659 0.103713801 0.575463230 0.188821830 0.795731354 0.691514462 0.407127363 -0.596703494 -44.022392273 3.573198795 68.286643982
0.000000000 0.500000000 0.666666667 0.500000000 0.500000000 0.000000000 0.000000000 -0.417507976 0.902969636 0.101651003 0.581461531 0.179521756 0.793520275 0.698276147 0.390407192 -0.599993872 -44.246143341 3.578019857 68.346542358
0.000000000 0.500000000 0.666666667 0.500000000 0.500000000 0.000000000 0.000000000 -0.399900652 0.911106644 0.099820600 0.586979110 0.170935181 0.791351179 0.703942465 0.375054459 -0.603157657 -44.467903137 3.582875967 68.406127930
0.000000000 0.500000000 0.666666667 0.500000000 0.500000000 0.000000000 0.000000000 -0.384290884 0.917967145 0.098269207 0.591912114 0.163299820 0.789286525 0.708491754 0.361482350 -0.606110506 -44.687690735 3.587801456 68.465431213
0.000000000 0.500000000 0.666666667 0.500000000 0.500000000 0.000000000 0.000000000 -0.371158584 0.923484043 0.097049096 0.596166383 0.156859143 0.787388629 0.711917797 0.350103457 -0.608769759 -44.905483246 3.592827797 68.524497986
0.000000000 0.500000000 0.666666667 0.500000000 0.500000000 0.000000000 0.000000000 -0.360982457 0.927595769 0.096217229 0.599651839 0.151859209 0.785720340 0.714219391 0.341328097 -0.611053019 -45.121276855 3.597985268 68.583381653
0.000000000 0.500000000 0.666666667 0.500000000 0.500000000 0.000000000 0.000000000 -0.354233410 0.930233927 0.095830745 0.602275582 0.148545090 0.784345893 0.715389974 0.335558038 -0.612876813 -45.335063934 3.603295803 68.642150879
0.000000000 0.500000000 0.666666667 0.500000000 0.500000000 0.000000000 0.000000000 -0.351229099 0.931362843 0.095923794 0.603973740 0.147090630 0.783313519 0.715439615 0.333057953 -0.614181209 -45.546657562 3.608524084 68.701469421
0.000000000 0.500000000 0.666666667 0.500000000 0.500000000 0.000000000 0.000000000 -0.351697968 0.931132657 0.096439178 0.604824528 0.147392815 0.782599928 0.714489909 0.333567584 -0.615009624 -45.756263733 3.613924980 68.760665894
0.000000000 0.500000000 0.666666667 0.500000000 0.500000000 0.000000000 0.000000000 -0.355208520 0.929710514 0.097289603 0.604925932 0.149270409 0.782165559 0.712665086 0.336684874 -0.615428120 -45.963901520 3.619476795 68.819656372
0.000000000 0.500000000 0.666666667 0.500000000 0.500000000 0.000000000 0.000000000 -0.361322813 0.927235886 0.098384128 0.604361226 0.152534907 0.781972257 0.710065725 0.342003968 -0.615499758 -46.169578552 3.625154972 68.878417969
0.000000000 0.500000000 0.666666667 0.500000000 0.500000000 0.000000000 0.000000000 -0.369594189 0.923836887 0.099627012 0.603207247 0.156992495 0.781981057 0.706782252 0.349111390 -0.615288619 -46.373325348 3.630936146 68.936889648
0.000000000 0.500000000 0.666666667 0.500000000 0.500000000 0.000000000 0.000000000 -0.379576973 0.919639089 0.100922084 0.601537606 0.162447769 0.782152946 0.702903856 0.357595676 -0.614858928 -46.575149536 3.636795044 68.995010376
0.000000000 0.500000000 0.666666667 0.500000000 0.500000000 0.000000000 0.000000000 -0.390826621 0.914775981 0.102173664 0.599429343 0.168705225 0.782446810 0.698526317 0.367046935 -0.614278058 -46.774929047 3.642360687 69.053253174
0.000000000 0.500000000 0.666666667 0.500000000 0.500000000 0.000000000 0.000000000 -0.402903556 0.909395677 0.103287114 0.596964843 0.175571551 0.782820290 0.693759109 0.377059854 -0.613615650 -46.972831726 3.647957563 69.111061096
0.000000000 0.500000000 0.666666667 0.500000000 0.500000000 0.000000000 0.000000000 -0.415375502 0.903665657 0.104170882 0.594236042 0.182856889 0.783228501 0.688728334 0.387236024 -0.612944975 -47.168861389 3.653563738 69.168357849
0.000000000 0.500000000 0.666666667 0.500000000 0.500000000 0.000000000 0.000000000 -0.427819602 0.897775501 0.104735563 0.591344885 0.190376705 0.783624870 0.683579999 0.397184919 -0.612341837 -47.363056183 3.659155846 69.225112915
0.000000000 0.500000000 0.666666667 0.500000000 0.500000000 0.000000000 0.000000000 -0.439822703 0.891937758 0.104895312 0.588406044 0.197951701 0.783960108 0.678479415 0.406524490 -0.611885220 -47.555438995 3.664711237 69.281272888
0.000000000 0.500000000 0.666666667 0.500000000 0.500000000 0.000000000 0.000000000 -0.450984198 0.886385354 0.104566996 0.585544446 0.205408974 0.784184197 0.673610388 0.414883305 -0.611654223 -47.746025085 3.670174360 69.336814880
0.000000000 0.500000000 0.666666667 0.500000000 0.500000000 0.000000000 0.000000000 -0.460912703 0.881369451 0.103669532 0.582896709 0.212580709 0.784245413 0.669171807 0.421897302 -0.611728502 -47.934764862 3.675122023 69.392051697
0.000000000 0.500000000 0.666666667 0.500000000 0.500000000 0.000000000 0.000000000 -0.469224618 0.877154019 0.102122888 0.580609765 0.219303310 0.784090785 0.665372497 0.427208245 -0.612186701 -48.121784210 3.679973602 69.446533203
0.000000000 0.500000000 0.666666667 0.500000000 0.500000000 0.000000000 0.000000000 -0.475541545 0.874008758 0.099844530 0.578836368 0.225416219 0.783668289 0.662426371 0.430460474 -0.613102832 -48.307121277 3.684710503 69.500244141
0.000000000 0.500000000 0.666666667 0.500000000 0.500000000 0.000000000 0.000000000 -0.479486752 0.872199366 0.096750816 0.577734414 0.230758299 0.782926277 0.660541748 0.431299054 -0.614545137 -48.490802765 3.689312697 69.553131104
0.000000000 0.500000000 0.666666667 0.500000000 0.500000000 0.000000000 0.000000000 -0.480677413 0.871978404 0.092751748 0.577462738 0.235164780 0.781814756 0.659913639 0.429361373 -0.616573435 -48.672870636 3.693758488 69.605148315
0.000000000 0.500000000 0.666666667 0.500000000 0.500000000 0.000000000 0.000000000 -0.478718274 0.873572610 0.087747983 0.578175964 0.238463041 0.780287084 0.660712773 0.424271461 -0.619235301 -48.853305817 3.697687387 69.656394958
0.000000000 0.500000000 0.666666667 0.500000000 0.500000000 0.000000000 0.000000000 -0.473195499 0.877167357 0.081629940 0.580020180 0.240467569 0.778300674 0.663070592 0.415635389 -0.622562939 -49.032131195 3.701061249 69.706832886
0.000000000 0.500000000 0.666666667 0.500000000 0.500000000 0.000000000 0.000000000 -0.463667412 0.882890760 0.074272717 0.583126027 0.240974711 0.775819067 0.667065640 0.403032373 -0.626568702 -49.209407806 3.704216242 69.756240845
0.000000000 0.500000000 0.666666667 0.500000000 0.500000000 0.000000000 0.000000000 -0.449797788 0.890720135 0.065571266 0.587557315 0.239813316 0.772829849 0.672650245 0.386144034 -0.631216630 -49.385131836 3.707129955 69.804588318
0.000000000 0.500000000 0.666666667 0.500000000 0.500000000 0.000000000 0.000000000 -0.431774169 0.900269460 0.055551475 0.593179581 0.237016668 0.769390072 0.679491759 0.365154760 -0.636359136 -49.559253693 3.709807634 69.851905823
0.000000000 0.500000000 0.666666667 0.500000000 0.500000000 0.000000000 0.000000000 -0.409918591 0.911046779 0.044277715 0.599798934 0.232667264 0.765576373 0.687173914 0.340381714 -0.641819524 -49.731636047 3.711940765 69.898490906
0.000000000 0.500000000 0.666666667 0.500000000 0.500000000 0.000000000 0.000000000 -0.384562812 0.922550256 0.031819326 0.607210719 0.226850792 0.761468227 0.695274469 0.312153398 -0.647420782 -49.902225494 3.713578463 69.944335938
0.000000000 0.500000000 0.666666667 0.500000000 0.500000000 0.000000000 0.000000000 -0.356059570 0.934284867 0.018258445 0.615207592 0.219661335 0.757144977 0.703378420 0.280821449 -0.652991663 -50.064739227 3.714931488 69.987434387
0.000000000 0.500000000 0.666666667 0.500000000 0.500000000 0.000000000 0.000000000 -0.324788721 0.945779397 0.003690409 0.623583341 0.211206883 0.752685505 0.711095003 0.246765040 -0.658369890 -50.219120026 3.716012478 70.027824402
0.000000000 0.500000000 0.666666667 0.500000000 0.500000000 0.000000000 0.000000000 -0.291161950 0.956601325 -0.011773828 0.632139660 0.201613548 0.748165374 0.718069752 0.210394586 -0.663407831 -50.365310669 3.716838360 70.065559387
0.000000000 0.500000000 0.666666667 0.500000000 0.500000000 0.000000000 0.000000000 -0.255623192 0.966370732 -0.028006994 0.640691269 0.191027204 0.743655368 0.723996880 0.172151722 -0.667976274 -50.503093719 3.717106819 70.101272583
0.000000000 0.500000000 0.666666667 0.500000000 0.500000000 0.000000000 0.000000000 -0.218649405 0.974771524 -0.044865494 0.649069289 0.179615545 0.739220748 0.728629876 0.132509362 -0.671967092 -50.632595062 3.717152595 70.134452820
0.000000000 0.500000000 0.666666667 0.500000000 0.500000000 0.000000000 0.000000000 -0.180742409 0.981562122 -0.062193112 0.657127596 0.167567250 0.734918050 0.731789249 0.091962048 -0.675298065 -50.753807068 3.717025042 70.165138245
0.000000000 0.500000000 0.666666667 0.500000000 0.500000000 0.000000000 0.000000000 -0.142425801 0.986581766 -0.079820488 0.664745602 0.155090319 0.730794279 0.733367695 0.051023642 -0.677914753 -50.866691589 3.716752291 70.193359375
0.000000000 0.500000000 0.666666667 0.500000000 0.500000000 0.000000000 0.000000000 -0.104237271 0.989754903 -0.097569579 0.671828823 0.142410708 0.726887352 0.733335274 0.010218699 -0.679790375 -50.971263885 3.716361046 70.219184875
0.000000000 0.500000000 0.666666667 0.500000000 0.500000000 0.000000000 0.000000000 -0.066718081 0.991092522 -0.115257583 0.678313629 0.129768567 0.723222469 0.731737192 -0.029928774 -0.680929476 -51.067340851 3.715841532 70.243232727
0.000000000 0.500000000 0.666666667 0.500000000 0.500000000 0.000000000 0.000000000 -0.030406666 0.990689838 -0.132699207 0.684164686 0.117415085 0.719814129 0.728693432 -0.068900963 -0.681365203 -51.155086517 3.715260506 70.265098572
0.000000000 0.500000000 0.666666667 0.500000000 0.500000000 0.000000000 0.000000000 0.004169755 0.988721017 -0.149710935 0.689375026 0.105609232 0.716665029 0.724392633 -0.106195298 -0.681159212 -51.234554291 3.714658737 70.284713745
0.000000000 0.500000000 0.666666667 0.500000000 0.500000000 0.000000000 0.000000000 0.036501376 0.985430898 -0.166113198 0.693963460 0.094613890 0.713766718 0.719084394 -0.141329957 -0.680399498 -51.305786133 3.714070320 70.302131653
0.000000000 0.500000000 0.666666667 0.500000000 0.500000000 0.000000000 0.000000000 0.066100375 0.981123603 -0.181733914 0.697969793 0.084693880 0.711101339 0.713070059 -0.173848848 -0.679196341 -51.368808746 3.713527203 70.317420959
0.000000000 0.500000000 0.666666667 0.500000000 0.500000000 0.000000000 0.000000000 0.092501290 0.976149323 -0.196407767 0.701450817 0.076113045 0.708642050 0.706689650 -0.203320692 -0.677680186 -51.423660278 3.713062763 70.330635071
0.000000000 0.500000000 0.666666667 0.500000000 0.500000000 0.000000000 0.000000000 0.115263946 0.970887493 -0.209980233 0.704473428 0.069132899 0.706355315 0.700308083 -0.229342796 -0.675995910 -51.470409393 3.712709904 70.341827393
