0.000000000 0.384615385 0.666666667 0.384615385 0.500000000 0.000000000 0.000000000 0.098442237 0.000000000 -0.995142767 9.528371811 0.995142767 0.000000000 0.098442237 0.834750652 0.000000000 1.000000000 0.000000000 -9.697182655
0.000000000 0.384615385 0.666666667 0.384615385 0.500000000 0.000000000 0.000000000 0.151833846 0.000000000 -0.988406032 9.504346848 0.988406032 0.000000000 0.151833846 0.825447977 0.000000000 1.000000000 0.000000000 -9.943441391
0.000000000 0.384615385 0.666666667 0.384615385 0.500000000 0.000000000 0.000000000 0.161612026 0.000000000 -0.986854373 9.410751343 0.986854373 0.000000000 0.161612026 0.753384054 0.000000000 1.000000000 0.000000000 -10.168711662
0.000000000 0.384615385 0.666666667 0.384615385 0.500000000 0.000000000 0.000000000 0.184962844 0.000000000 -0.982745515 9.335131645 0.982745515 0.000000000 0.184962844 0.722800910 0.000000000 1.000000000 0.000000000 -10.430111885
0.000000000 0.384615385 0.666666667 0.384615385 0.500000000 0.000000000 0.000000000 0.214329449 0.000000000 -0.976761428 9.242633820 0.976761428 0.000000000 0.214329449 0.687011540 0.000000000 1.000000000 0.000000000 -10.642748833
0.000000000 0.384615385 0.666666667 0.384615385 0.500000000 0.000000000 0.000000000 0.306722366 0.000000000 -0.951799028 9.077057838 0.951799028 0.000000000 0.306722366 0.671403468 0.000000000 1.000000000 0.000000000 -10.872690201
0.000000000 0.384615385 0.666666667 0.384615385 0.500000000 0.000000000 0.000000000 0.327211466 0.000000000 -0.944951140 9.006226540 0.944951140 0.000000000 0.327211466 0.675032020 0.000000000 1.000000000 0.000000000 -11.085865021
0.000000000 0.384615385 0.666666667 0.384615385 0.500000000 0.000000000 0.000000000 0.385345526 0.000000000 -0.922772358 8.884119987 0.922772358 0.000000000 0.385345526 0.620418370 0.000000000 1.000000000 0.000000000 -11.308734894
0.000000000 0.384615385 0.666666667 0.384615385 0.500000000 0.000000000 0.000000000 0.408745275 0.000000000 -0.912648508 8.809421539 0.912648508 0.000000000 0.408745275 0.670429826 0.000000000 1.000000000 0.000000000 -11.473137856
0.000000000 0.384615385 0.666666667 0.384615385 0.500000000 0.000000000 0.000000000 0.470314581 0.000000000 -0.882498835 8.727543831 0.882498835 0.000000000 0.470314581 0.685148895 0.000000000 1.000000000 0.000000000 -11.604380608
0.000000000 0.384615385 0.666666667 0.384615385 0.500000000 0.000000000 0.000000000 0.475949262 0.000000000 -0.879472740 8.592277527 0.879472740 0.000000000 0.475949262 0.682945371 0.000000000 1.000000000 0.000000000 -11.858691216
0.000000000 0.384615385 0.666666667 0.384615385 0.500000000 0.000000000 0.000000000 0.480771096 0.000000000 -0.876846140 8.517513275 0.876846140 0.000000000 0.480771096 0.668294191 0.000000000 1.000000000 0.000000000 -11.990641594
0.000000000 0.384615385 0.666666667 0.384615385 0.500000000 0.000000000 0.000000000 0.485451445 0.000000000 -0.874263630 8.417260170 0.874263630 0.000000000 0.485451445 0.654342949 0.000000000 1.000000000 0.000000000 -12.193069458
0.000000000 0.384615385 0.666666667 0.384615385 0.500000000 0.000000000 0.000000000 0.490574165 0.000000000 -0.871399443 8.308736801 0.871399443 0.000000000 0.490574165 0.676889002 0.000000000 1.000000000 0.000000000 -12.386856079
0.000000000 0.384615385 0.666666667 0.384615385 0.500000000 0.000000000 0.000000000 0.496489320 0.000000000 -0.868042830 8.202778816 0.868042830 0.000000000 0.496489320 0.673366070 0.000000000 1.000000000 0.000000000 -12.555855751
0.000000000 0.384615385 0.666666667 0.384615385 0.500000000 0.000000000 0.000000000 0.504106591 0.000000000 -0.863641444 8.085388184 0.863641444 0.000000000 0.504106591 0.728710294 0.000000000 1.000000000 0.000000000 -12.720517159
0.000000000 0.384615385 0.666666667 0.384615385 0.500000000 0.000000000 0.000000000 0.513445167 0.000000000 -0.858122404 7.988681316 0.858122404 0.000000000 0.513445167 0.752414823 0.000000000 1.000000000 0.000000000 -12.894145966
0.000000000 0.384615385 0.666666667 0.384615385 0.500000000 0.000000000 0.000000000 0.524530729 0.000000000 -0.851391517 7.874800682 0.851391517 0.000000000 0.524530729 0.695671201 0.000000000 1.000000000 0.000000000 -13.092168808
0.000000000 0.384615385 0.666666667 0.384615385 0.500000000 0.000000000 0.000000000 0.538385381 0.000000000 -0.842698749 7.794046402 0.842698749 0.000000000 0.538385381 0.756469429 0.000000000 1.000000000 0.000000000 -13.257193565
0.000000000 0.384615385 0.666666667 0.384615385 0.500000000 0.000000000 0.000000000 0.540567178 0.000000000 -0.841300854 7.691162586 0.841300854 0.000000000 0.540567178 0.749637723 0.000000000 1.000000000 0.000000000 -13.402715683
0.000000000 0.384615385 0.666666667 0.384615385 0.500000000 0.000000000 0.000000000 0.547073049 0.000000000 -0.837084870 7.592317104 0.837084870 0.000000000 0.547073049 0.747121871 0.000000000 1.000000000 0.000000000 -13.529412270
0.000000000 0.384615385 0.666666667 0.384615385 0.500000000 0.000000000 0.000000000 0.556246736 0.000000000 -0.831017189 7.488941669 0.831017189 0.000000000 0.556246736 0.740753472 0.000000000 1.000000000 0.000000000 -13.668395996
0.000000000 0.384615385 0.666666667 0.384615385 0.500000000 0.000000000 0.000000000 0.561716085 0.000000000 -0.827330067 7.385248184 0.827330067 0.000000000 0.561716085 0.746869504 0.000000000 1.000000000 0.000000000 -13.833793640
0.000000000 0.384615385 0.666666667 0.384615385 0.500000000 0.000000000 0.000000000 0.591356469 0.000000000 -0.806410272 7.286253929 0.806410272 0.000000000 0.591356469 0.726912081 0.000000000 1.000000000 0.000000000 -13.984106064
0.000000000 0.384615385 0.666666667 0.384615385 0.500000000 0.000000000 0.000000000 0.607670609 0.000000000 -0.794189165 7.183690071 0.794189165 0.000000000 0.607670609 0.747618973 0.000000000 1.000000000 0.000000000 -14.101002693
0.000000000 0.384615385 0.666666667 0.384615385 0.500000000 0.000000000 0.000000000 0.616523234 0.000000000 -0.787336715 7.030552864 0.787336715 0.000000000 0.616523234 0.734457850 0.000000000 1.000000000 0.000000000 -14.238057137
0.000000000 0.384615385 0.666666667 0.384615385 0.500000000 0.000000000 0.000000000 0.624040766 0.000000000 -0.781391786 6.959739208 0.781391786 0.000000000 0.624040766 0.735757113 0.000000000 1.000000000 0.000000000 -14.410275459
0.000000000 0.384615385 0.666666667 0.384615385 0.500000000 0.000000000 0.000000000 0.630191718 0.000000000 -0.776439565 6.826900482 0.776439565 0.000000000 0.630191718 0.753224194 0.000000000 1.000000000 0.000000000 -14.543008804
0.000000000 0.384615385 0.666666667 0.384615385 0.500000000 0.000000000 0.000000000 0.634919734 0.000000000 -0.772578107 6.719890594 0.772578107 0.000000000 0.634919734 0.718725264 0.000000000 1.000000000 0.000000000 -14.677302361
0.000000000 0.384615385 0.666666667 0.384615385 0.500000000 0.000000000 0.000000000 0.638197325 0.000000000 -0.769872830 6.623427391 0.769872830 0.000000000 0.638197325 0.723178089 0.000000000 1.000000000 0.000000000 -14.798319817
0.000000000 0.384615385 0.666666667 0.384615385 0.500000000 0.000000000 0.000000000 0.640032567 0.000000000 -0.768347781 6.483231068 0.768347781 0.000000000 0.640032567 0.731743157 0.000000000 1.000000000 0.000000000 -14.961680412
0.000000000 0.384615385 0.666666667 0.384615385 0.500000000 0.000000000 0.000000000 0.640436842 0.000000000 -0.768010841 6.370096684 0.768010841 0.000000000 0.640436842 0.740036428 0.000000000 1.000000000 0.000000000 -15.094928741
0.000000000 0.384615385 0.666666667 0.384615385 0.500000000 0.000000000 0.000000000 0.639419754 0.000000000 -0.768857840 6.275161743 0.768857840 0.000000000 0.639419754 0.710134268 0.000000000 1.000000000 0.000000000 -15.208615303
0.000000000 0.384615385 0.666666667 0.384615385 0.500000000 0.000000000 0.000000000 0.637167959 0.000000000 -0.770724978 6.169561863 0.770724978 0.000000000 0.637167959 0.721758127 0.000000000 1.000000000 0.000000000 -15.339336395
0.000000000 0.384615385 0.666666667 0.384615385 0.500000000 0.000000000 0.000000000 0.634646473 0.000000000 -0.772802597 6.059279442 0.772802597 0.000000000 0.634646473 0.707027435 0.000000000 1.000000000 0.000000000 -15.428300858
0.000000000 0.384615385 0.666666667 0.384615385 0.500000000 0.000000000 0.000000000 0.631930421 0.000000000 -0.775025124 5.986165524 0.775025124 0.000000000 0.631930421 0.711283863 0.000000000 1.000000000 0.000000000 -15.569724083
0.000000000 0.384615385 0.666666667 0.384615385 0.500000000 0.000000000 0.000000000 0.628066160 0.000000000 -0.778159944 5.892831326 0.778159944 0.000000000 0.628066160 0.709848285 0.000000000 1.000000000 0.000000000 -15.700746536
0.000000000 0.384615385 0.666666667 0.384615385 0.500000000 0.000000000 0.000000000 0.623710642 0.000000000 -0.781655317 5.725244999 0.781655317 0.000000000 0.623710642 0.742157876 0.000000000 1.000000000 0.000000000 -15.863961220
0.000000000 0.384615385 0.666666667 0.384615385 0.500000000 0.000000000 0.000000000 0.617952246 0.000000000 -0.786215633 5.611954212 0.786215633 0.000000000 0.617952246 0.714372993 0.000000000 1.000000000 0.000000000 -16.007066727
0.000000000 0.384615385 0.666666667 0.384615385 0.500000000 0.000000000 0.000000000 0.612298979 0.000000000 -0.790626309 5.496477127 0.790626309 0.000000000 0.612298979 0.725089252 0.000000000 1.000000000 0.000000000 -16.140733719
0.000000000 0.384615385 0.666666667 0.384615385 0.500000000 0.000000000 0.000000000 0.607135819 0.000000000 -0.794598073 5.387481689 0.794598073 0.000000000 0.607135819 0.659716189 0.000000000 1.000000000 0.000000000 -16.281332016
0.000000000 0.384615385 0.666666667 0.384615385 0.500000000 0.000000000 0.000000000 0.601392969 0.000000000 -0.798953376 5.291922092 0.798953376 0.000000000 0.601392969 0.685286880 0.000000000 1.000000000 0.000000000 -16.469564438
0.000000000 0.384615385 0.666666667 0.384615385 0.500000000 0.000000000 0.000000000 0.594973048 0.000000000 -0.803745652 5.148961544 0.803745652 0.000000000 0.594973048 0.711776733 0.000000000 1.000000000 0.000000000 -16.620302200
0.000000000 0.384615385 0.666666667 0.384615385 0.500000000 0.000000000 0.000000000 0.591057065 0.000000000 -0.806629745 5.056108952 0.806629745 0.000000000 0.591057065 0.735896409 0.000000000 1.000000000 0.000000000 -16.746986389
0.000000000 0.384615385 0.666666667 0.384615385 0.500000000 0.000000000 0.000000000 0.586515066 0.000000000 -0.809938317 4.947361946 0.809938317 0.000000000 0.586515066 0.771321535 0.000000000 1.000000000 0.000000000 -16.889612198
0.000000000 0.384615385 0.666666667 0.384615385 0.500000000 0.000000000 0.000000000 0.579010555 0.000000000 -0.815320046 4.835294724 0.815320046 0.000000000 0.579010555 0.773363948 0.000000000 1.000000000 0.000000000 -17.063236237
0.000000000 0.384615385 0.666666667 0.384615385 0.500000000 0.000000000 0.000000000 0.607503955 0.000000000 -0.794316653 4.737857342 0.794316653 0.000000000 0.607503955 0.760059178 0.000000000 1.000000000 0.000000000 -17.229396820
0.000000000 0.384615385 0.666666667 0.384615385 0.500000000 0.000000000 0.000000000 0.616451935 0.000000000 -0.787392540 4.565081120 0.787392540 0.000000000 0.616451935 0.782048166 0.000000000 1.000000000 0.000000000 -17.374927521
0.000000000 0.384615385 0.666666667 0.384615385 0.500000000 0.000000000 0.000000000 0.608182338 0.000000000 -0.793797357 4.468856812 0.793797357 0.000000000 0.608182338 0.786367476 0.000000000 1.000000000 0.000000000 -17.579410553
0.000000000 0.384615385 0.666666667 0.384615385 0.500000000 0.000000000 0.000000000 0.646864358 0.000000000 -0.762605076 4.354571342 0.762605076 0.000000000 0.646864358 0.731973529 0.000000000 1.000000000 0.000000000 -17.668287277
0.000000000 0.384615385 0.666666667 0.384615385 0.500000000 0.000000000 0.000000000 0.682657939 0.000000000 -0.730738078 4.227894306 0.730738078 0.000000000 0.682657939 0.769018531 0.000000000 1.000000000 0.000000000 -17.811590195
0.000000000 0.384615385 0.666666667 0.384615385 0.500000000 0.000000000 0.000000000 0.704671092 0.000000000 -0.709534110 4.050683022 0.709534110 0.000000000 0.704671092 0.803416908 0.000000000 1.000000000 0.000000000 -17.997287750
0.000000000 0.384615385 0.666666667 0.384615385 0.500000000 0.000000000 0.000000000 0.748702277 0.000000000 -0.662906404 3.906363964 0.662906404 0.000000000 0.748702277 0.824229419 0.000000000 1.000000000 0.000000000 -18.093763351
0.000000000 0.384615385 0.666666667 0.384615385 0.500000000 0.000000000 0.000000000 0.753764615 0.000000000 -0.657144509 3.746207237 0.657144509 0.000000000 0.753764615 0.821220815 0.000000000 1.000000000 0.000000000 -18.218282700
0.000000000 0.384615385 0.666666667 0.384615385 0.500000000 0.000000000 0.000000000 0.757524647 0.000000000 -0.652806564 3.613082170 0.652806564 0.000000000 0.757524647 0.848594964 0.000000000 1.000000000 0.000000000 -18.316741943
0.000000000 0.384615385 0.666666667 0.384615385 0.500000000 0.000000000 0.000000000 0.786415434 0.000000000 -0.617697956 3.459847450 0.617697956 0.000000000 0.786415434 0.802534163 0.000000000 1.000000000 0.000000000 -18.468086243
0.000000000 0.384615385 0.666666667 0.384615385 0.500000000 0.000000000 0.000000000 0.791938767 0.000000000 -0.610600516 3.301455021 0.610600516 0.000000000 0.791938767 0.777236462 0.000000000 1.000000000 0.000000000 -18.576171875
0.000000000 0.384615385 0.666666667 0.384615385 0.500000000 0.000000000 0.000000000 0.794885759 0.000000000 -0.606759121 3.185352802 0.606759121 0.000000000 0.794885759 0.808735192 0.000000000 1.000000000 0.000000000 -18.708810806
0.000000000 0.384615385 0.666666667 0.384615385 0.500000000 0.000000000 0.000000000 0.796237953 0.000000000 -0.604983572 3.034473419 0.604983572 0.000000000 0.796237953 0.815938711 0.000000000 1.000000000 0.000000000 -18.782342911
0.000000000 0.384615385 0.666666667 0.384615385 0.500000000 0.000000000 0.000000000 0.796181861 0.000000000 -0.605057389 2.876723289 0.605057389 0.000000000 0.796181861 0.767842710 0.000000000 1.000000000 0.000000000 -18.886032104
0.000000000 0.384615385 0.666666667 0.384615385 0.500000000 0.000000000 0.000000000 0.794973704 0.000000000 -0.606643890 2.719824791 0.606643890 0.000000000 0.794973704 0.802701116 0.000000000 1.000000000 0.000000000 -19.020698547
0.000000000 0.384615385 0.666666667 0.384615385 0.500000000 0.000000000 0.000000000 0.792903720 0.000000000 -0.609346938 2.595460176 0.609346938 0.000000000 0.792903720 0.760459602 0.000000000 1.000000000 0.000000000 -19.155281067
0.000000000 0.384615385 0.666666667 0.384615385 0.500000000 0.000000000 0.000000000 0.789495231 0.000000000 -0.613756695 2.440650463 0.613756695 0.000000000 0.789495231 0.777911186 0.000000000 1.000000000 0.000000000 -19.266216278
0.000000000 0.384615385 0.666666667 0.384615385 0.500000000 0.000000000 0.000000000 0.785467921 0.000000000 -0.618902372 2.237300396 0.618902372 0.000000000 0.785467921 0.734810174 0.000000000 1.000000000 0.000000000 -19.426992416
0.000000000 0.384615385 0.666666667 0.384615385 0.500000000 0.000000000 0.000000000 0.780306364 0.000000000 -0.625397456 2.128126860 0.625397456 0.000000000 0.780306364 0.720727503 0.000000000 1.000000000 0.000000000 -19.489801407
0.000000000 0.384615385 0.666666667 0.384615385 0.500000000 0.000000000 0.000000000 0.774950709 0.000000000 -0.632021676 1.957042456 0.632021676 0.000000000 0.774950709 0.718935251 0.000000000 1.000000000 0.000000000 -19.629465103
0.000000000 0.384615385 0.666666667 0.384615385 0.500000000 0.000000000 0.000000000 0.768966145 0.000000000 -0.639289502 1.750556350 0.639289502 0.000000000 0.768966145 0.729114056 0.000000000 1.000000000 0.000000000 -19.791820526
0.000000000 0.384615385 0.666666667 0.384615385 0.500000000 0.000000000 0.000000000 0.760663268 0.000000000 -0.649146665 1.625290751 0.649146665 0.000000000 0.760663268 0.692947388 0.000000000 1.000000000 0.000000000 -19.885871887
0.000000000 0.384615385 0.666666667 0.384615385 0.500000000 0.000000000 0.000000000 0.753720897 0.000000000 -0.657194652 1.457135558 0.657194652 0.000000000 0.753720897 0.776282966 0.000000000 1.000000000 0.000000000 -20.060390472
0.000000000 0.384615385 0.666666667 0.384615385 0.500000000 0.000000000 0.000000000 0.745551380 0.000000000 -0.666448152 1.295100093 0.666448152 0.000000000 0.745551380 0.755321622 0.000000000 1.000000000 0.000000000 -20.227769852
0.000000000 0.384615385 0.666666667 0.384615385 0.500000000 0.000000000 0.000000000 0.736985462 0.000000000 -0.675908595 1.163919687 0.675908595 0.000000000 0.736985462 0.781182826 0.000000000 1.000000000 0.000000000 -20.315662384
0.000000000 0.384615385 0.666666667 0.384615385 0.500000000 0.000000000 0.000000000 0.733535242 0.000000000 -0.679651417 0.991556048 0.679651417 0.000000000 0.733535242 0.818445086 0.000000000 1.000000000 0.000000000 -20.432323456
0.000000000 0.384615385 0.666666667 0.384615385 0.500000000 0.000000000 0.000000000 0.721842578 0.000000000 -0.692057290 0.855865180 0.692057290 0.000000000 0.721842578 0.786689103 0.000000000 1.000000000 0.000000000 -20.615062714
0.000000000 0.384615385 0.666666667 0.384615385 0.500000000 0.000000000 0.000000000 0.710330085 0.000000000 -0.703868717 0.676782846 0.703868717 0.000000000 0.710330085 0.789837301 0.000000000 1.000000000 0.000000000 -20.778001785
0.000000000 0.384615385 0.666666667 0.384615385 0.500000000 0.000000000 0.000000000 0.699781592 0.000000000 -0.714356860 0.576237798 0.714356860 0.000000000 0.699781592 0.791187704 0.000000000 1.000000000 0.000000000 -20.900384903
0.000000000 0.384615385 0.666666667 0.384615385 0.500000000 0.000000000 0.000000000 0.691876161 0.000000000 -0.722016189 0.441400290 0.722016189 0.000000000 0.691876161 0.766182065 0.000000000 1.000000000 0.000000000 -21.024784088
0.000000000 0.384615385 0.666666667 0.384615385 0.500000000 0.000000000 0.000000000 0.683782000 0.000000000 -0.729686355 0.310537875 0.729686355 0.000000000 0.683782000 0.760537863 0.000000000 1.000000000 0.000000000 -21.201913834
0.000000000 0.384615385 0.666666667 0.384615385 0.500000000 0.000000000 0.000000000 0.683618717 0.000000000 -0.729839332 0.169966578 0.729839332 0.000000000 0.683618717 0.753536820 0.000000000 1.000000000 0.000000000 -21.300762177
0.000000000 0.384615385 0.666666667 0.384615385 0.500000000 0.000000000 0.000000000 0.665917441 0.000000000 -0.746025443 0.025643921 0.746025443 0.000000000 0.665917441 0.733857691 0.000000000 1.000000000 0.000000000 -21.455430984
0.000000000 0.384615385 0.666666667 0.384615385 0.500000000 0.000000000 0.000000000 0.657525006 0.000000000 -0.753432722 -0.092436060 0.753432722 0.000000000 0.657525006 0.734011531 0.000000000 1.000000000 0.000000000 -21.597398758
0.000000000 0.384615385 0.666666667 0.384615385 0.500000000 0.000000000 0.000000000 0.650021770 0.000000000 -0.759915586 -0.221575767 0.759915586 0.000000000 0.650021770 0.683766782 0.000000000 1.000000000 0.000000000 -21.779903412