0.000000000 0.500000000 0.666666667 0.500000000 0.500000000 0.000000000 0.000000000 0.329583211 0.903937663 0.272528178 0.158980153 -0.337670257 0.927741402 0.930645055 -0.262441418 -0.254998595 -49.126575470 11.515280724 -2.697906494
0.000000000 0.500000000 0.666666667 0.500000000 0.500000000 0.000000000 0.000000000 0.373980274 0.888882747 0.264624672 0.146407512 -0.338334658 0.929566835 0.915807619 -0.308896620 -0.256669599 -49.108894348 11.565682411 -2.996734619
0.000000000 0.500000000 0.666666667 0.500000000 0.500000000 0.000000000 0.000000000 0.417475021 0.871246986 0.258153628 0.131546887 -0.339047970 0.931526645 0.899116246 -0.354929800 -0.256153887 -49.079788208 11.628646851 -3.284177065
0.000000000 0.500000000 0.666666667 0.500000000 0.500000000 0.000000000 0.000000000 0.459814587 0.851047430 0.253552398 0.114109182 -0.339786130 0.933554755 0.880652962 -0.400329437 -0.253350945 -49.037944794 11.703042030 -3.559048891
0.000000000 0.500000000 0.666666667 0.500000000 0.500000000 0.000000000 0.000000000 0.500730916 0.828325345 0.251288026 0.093787926 -0.340512568 0.935550649 0.860507045 -0.444891351 -0.248192087 -48.981479645 11.788233757 -3.819699526
0.000000000 0.500000000 0.666666667 0.500000000 0.500000000 0.000000000 0.000000000 0.539936401 0.803144043 0.251849815 0.070260189 -0.341174897 0.937370362 0.838768257 -0.488425364 -0.240641798 -48.912448883 11.882003784 -4.065616131
0.000000000 0.500000000 0.666666667 0.500000000 0.500000000 0.000000000 0.000000000 0.577120127 0.776056428 0.254300568 0.043311812 -0.340039036 0.939413402 0.815509930 -0.531140164 -0.229855782 -48.833518982 11.981950760 -4.297194958
0.000000000 0.500000000 0.666666667 0.500000000 0.500000000 0.000000000 0.000000000 0.611975154 0.746656658 0.260749394 0.013209416 -0.339300381 0.940585330 0.790766667 -0.572170505 -0.217506301 -48.747627258 12.084939957 -4.515612602
0.000000000 0.500000000 0.666666667 0.500000000 0.500000000 0.000000000 0.000000000 0.644213630 0.715294581 0.270818135 -0.019616187 -0.338513723 0.940756964 0.764594013 -0.611360877 -0.204043802 -48.658134460 12.188063622 -4.723038197
0.000000000 0.500000000 0.666666667 0.500000000 0.500000000 0.000000000 0.000000000 0.673580428 0.682337522 0.284086100 -0.054691783 -0.337292850 0.939809737 0.737087658 -0.648574621 -0.189875607 -48.568050385 12.288772583 -4.921840668
0.000000000 0.500000000 0.666666667 0.500000000 0.500000000 0.000000000 0.000000000 0.699867938 0.648173891 0.300092447 -0.091505130 -0.335312685 0.937652502 0.708386675 -0.683692921 -0.175363362 -48.480243683 12.384688377 -5.114450455
0.000000000 0.500000000 0.666666667 0.500000000 0.500000000 0.000000000 0.000000000 0.722932401 0.613207636 0.318347512 -0.129515797 -0.332317309 0.934232768 0.678671055 -0.716618170 -0.160822874 -48.397407532 12.473607063 -5.303073406
0.000000000 0.500000000 0.666666667 0.500000000 0.500000000 0.000000000 0.000000000 0.742700952 0.577859075 0.338340340 -0.168164839 -0.328119977 0.929547130 0.648163469 -0.747272487 -0.146519441 -48.322002411 12.553529739 -5.489358902
0.000000000 0.500000000 0.666666667 0.500000000 0.500000000 0.000000000 0.000000000 0.759182267 0.542557001 0.359547196 -0.206885924 -0.322603577 0.923647739 0.617122759 -0.775602239 -0.132667508 -48.254734039 12.626071930 -5.672508240
0.000000000 0.500000000 0.666666667 0.500000000 0.500000000 0.000000000 0.000000000 0.772468227 0.507734088 0.381443225 -0.245117216 -0.315721620 0.916644647 0.585841607 -0.801577167 -0.119430554 -48.195537567 12.693561554 -5.851218224
0.000000000 0.500000000 0.666666667 0.500000000 0.500000000 0.000000000 0.000000000 0.782735756 0.473819237 0.403509685 -0.282312518 -0.307492534 0.908706764 0.554638962 -0.825193112 -0.106920300 -48.143989563 12.757802010 -6.024425983
0.000000000 0.500000000 0.666666667 0.500000000 0.500000000 0.000000000 0.000000000 0.790243221 0.441230980 0.425242135 -0.317950365 -0.297995592 0.900058994 0.523854194 -0.846471411 -0.095199446 -48.099842072 12.820118904 -6.191391468
0.000000000 0.500000000 0.666666667 0.500000000 0.500000000 0.000000000 0.000000000 0.795323677 0.410370558 0.446157207 -0.351542651 -0.287363659 0.890976931 0.493840068 -0.865458337 -0.084284368 -48.064014435 12.882512093 -6.351287842
0.000000000 0.500000000 0.666666667 0.500000000 0.500000000 0.000000000 0.000000000 0.798375128 0.381617369 0.465795383 -0.382638972 -0.275773063 0.881780378 0.464956527 -0.882222989 -0.074148677 -48.033691406 12.944647789 -6.503415585
0.000000000 0.500000000 0.666666667 0.500000000 0.500000000 0.000000000 0.000000000 0.799846628 0.355326801 0.483723305 -0.410829181 -0.263433728 0.872824184 0.437566859 -0.896853129 -0.064727960 -48.008083344 13.006081581 -6.647780418
0.000000000 0.500000000 0.666666667 0.500000000 0.500000000 0.000000000 0.000000000 0.800225937 0.331822423 0.499532110 -0.435742261 -0.250577604 0.864488026 0.412028070 -0.909452992 -0.055929645 -47.989421844 13.069472313 -6.783275127
0.000000000 0.500000000 0.666666667 0.500000000 0.500000000 0.000000000 0.000000000 0.800020477 0.311399893 0.512832666 -0.457040871 -0.237445685 0.857165788 0.388691238 -0.920135671 -0.047638932 -47.973098755 13.130764008 -6.911000729
0.000000000 0.500000000 0.666666667 0.500000000 0.500000000 0.000000000 0.000000000 0.799740066 0.294325055 0.523248115 -0.474413865 -0.224273070 0.851253825 0.367895790 -0.929017950 -0.039728273 -47.961338043 13.200822830 -7.043486118
0.000000000 0.500000000 0.666666667 0.500000000 0.500000000 0.000000000 0.000000000 0.799876261 0.280836752 0.530404267 -0.487564322 -0.211277536 0.847138026 0.349969998 -0.936211793 -0.032069905 -47.951316833 13.276828766 -7.181643963
0.000000000 0.500000000 0.666666667 0.500000000 0.500000000 0.000000000 0.000000000 0.800881531 0.271148988 0.533916660 -0.496196665 -0.198641177 0.845180781 0.335227747 -0.941817344 -0.024544827 -47.945339203 13.361600876 -7.324029446
0.000000000 0.500000000 0.666666667 0.500000000 0.500000000 0.000000000 0.000000000 0.803146723 0.265452981 0.533376093 -0.499999805 -0.186497280 0.845706190 0.323968419 -0.945914097 -0.017058241 -47.942008972 13.453244209 -7.471376896
0.000000000 0.500000000 0.666666667 0.500000000 0.500000000 0.000000000 0.000000000 0.806916731 0.263828702 0.528469304 -0.498772016 -0.174921742 0.848898616 0.316404591 -0.948576197 -0.009556907 -47.940959930 13.551269531 -7.623971939
0.000000000 0.500000000 0.666666667 0.500000000 0.500000000 0.000000000 0.000000000 0.812100031 0.265974349 0.519375766 -0.492826769 -0.163942672 0.854543490 0.312434499 -0.949937075 -0.002058570 -47.942825317 13.656420708 -7.781228065
0.000000000 0.500000000 0.666666667 0.500000000 0.500000000 0.000000000 0.000000000 0.818451104 0.271501174 0.506384145 -0.482577369 -0.153534091 0.862291347 0.311860342 -0.950112833 0.005360176 -47.948112488 13.766750336 -7.944303036
0.000000000 0.500000000 0.666666667 0.500000000 0.500000000 0.000000000 0.000000000 0.825655370 0.280026148 0.489773995 -0.468409264 -0.143629856 0.871758697 0.314461398 -0.949186926 0.012578080 -47.961845398 13.882729530 -8.112653732
0.000000000 0.500000000 0.666666667 0.500000000 0.500000000 0.000000000 0.000000000 0.833354118 0.291173692 0.469828473 -0.450692938 -0.134137313 0.882543516 0.319994983 -0.947219648 0.019446045 -47.989936829 14.002629280 -8.286036491
0.000000000 0.500000000 0.666666667 0.500000000 0.500000000 0.000000000 0.000000000 0.841167115 0.304573746 0.446847534 -0.429795528 -0.124955764 0.894238145 0.328197637 -0.944256793 0.025795754 -48.027503967 14.126537323 -8.464813232
0.000000000 0.500000000 0.666666667 0.500000000 0.500000000 0.000000000 0.000000000 0.848713796 0.319862598 0.421156515 -0.406090328 -0.115986243 0.906442407 0.338785385 -0.940337764 0.031453982 -48.074024200 14.254306793 -8.648757935
0.000000000 0.500000000 0.666666667 0.500000000 0.500000000 0.000000000 0.000000000 0.855632222 0.336683178 0.393113137 -0.379963999 -0.107142703 0.918775163 0.351455346 -0.935502474 0.036252738 -48.122295380 14.386476517 -8.839030266
0.000000000 0.500000000 0.666666667 0.500000000 0.500000000 0.000000000 0.000000000 0.861596254 0.354685975 0.363111215 -0.351820972 -0.098360823 0.930885145 0.365887823 -0.929797294 0.040038648 -48.172275543 14.523068428 -9.035637855
0.000000000 0.500000000 0.666666667 0.500000000 0.500000000 0.000000000 0.000000000 0.866329362 0.373532072 0.331582911 -0.322086359 -0.089606237 0.942460132 0.381750983 -0.923279217 0.042681071 -48.248798370 14.646340370 -9.237244606
0.000000000 0.500000000 0.666666667 0.500000000 0.500000000 0.000000000 0.000000000 0.869617877 0.392895673 0.298994546 -0.291203657 -0.080877742 0.953236183 0.398704375 -0.916019531 0.044079927 -48.386283875 14.731162071 -9.442129135
0.000000000 0.500000000 0.666666667 0.500000000 0.500000000 0.000000000 0.000000000 0.871319526 0.412467360 0.265843864 -0.259633542 -0.072211350 0.963003606 0.416404499 -0.908105830 0.044171202 -48.529270172 14.814943314 -9.653781891
0.000000000 0.500000000 0.666666667 0.500000000 0.500000000 0.000000000 0.000000000 0.871369967 0.431957060 0.232653131 -0.227848705 -0.063682289 0.971611822 0.434510470 -0.899643076 0.042930023 -48.678825378 14.894420624 -9.872585297
0.000000000 0.500000000 0.666666667 0.500000000 0.500000000 0.000000000 0.000000000 0.869785132 0.451097844 0.199961395 -0.196328399 -0.055404856 0.978971635 0.452690826 -0.890753073 0.040372997 -48.835971832 14.966022491 -10.098743439
0.000000000 0.500000000 0.666666667 0.500000000 0.500000000 0.000000000 0.000000000 0.866660332 0.469647770 0.168317679 -0.165553282 -0.047532766 0.985054692 0.470629345 -0.881573371 0.036556967 -48.999145508 15.028569221 -10.333214760
0.000000000 0.500000000 0.666666667 0.500000000 0.500000000 0.000000000 0.000000000 0.862167394 0.487389814 0.138269862 -0.135998307 -0.040252758 0.989890992 0.488028530 -0.872256204 0.031579574 -49.162902832 15.085070610 -10.578439713
0.000000000 0.500000000 0.666666667 0.500000000 0.500000000 0.000000000 0.000000000 0.856545846 0.504132547 0.110361175 -0.108129623 -0.033786248 0.993562516 0.504615892 -0.862965159 0.025572192 -49.317520142 15.137248039 -10.828974724
0.000000000 0.500000000 0.666666667 0.500000000 0.500000000 0.000000000 0.000000000 0.850092955 0.519708047 0.085120589 -0.082399892 -0.028379690 0.996195187 0.520146351 -0.853872437 0.018698513 -49.459342957 15.188195229 -11.085732460
0.000000000 0.500000000 0.666666667 0.500000000 0.500000000 0.000000000 0.000000000 0.843152053 0.533964257 0.063061782 -0.059247699 -0.024304105 0.997947404 0.534400904 -0.845157668 0.011144098 -49.588916779 15.238969803 -11.347608566
0.000000000 0.500000000 0.666666667 0.500000000 0.500000000 0.000000000 0.000000000 0.836095324 0.546761789 0.044678353 -0.039097112 -0.021846093 0.998996579 0.547189204 -0.837003163 0.003111391 -49.708713531 15.289357185 -11.612893105
0.000000000 0.500000000 0.666666667 0.500000000 0.500000000 0.000000000 0.000000000 0.829269302 0.558027008 0.030303169 -0.022229273 -0.021244110 0.999527162 0.558406916 -0.829550810 -0.005212553 -49.820449829 15.339222908 -11.880543709
0.000000000 0.500000000 0.666666667 0.500000000 0.500000000 0.000000000 0.000000000 0.822844432 0.567925650 0.019684942 -0.008392236 -0.022491967 0.999711799 0.568204727 -0.822772488 -0.013741224 -49.925327301 15.388461113 -12.149876595
0.000000000 0.500000000 0.666666667 0.500000000 0.500000000 0.000000000 0.000000000 0.816890954 0.576658281 0.012425593 0.002793653 -0.025497968 0.999670970 0.576785371 -0.816587460 -0.022440043 -50.024219513 15.436977386 -12.420416832
0.000000000 0.500000000 0.666666667 0.500000000 0.500000000 0.000000000 0.000000000 0.811425053 0.584399997 0.008125688 0.011703259 -0.030146741 0.999476967 0.584339299 -0.810905554 -0.031301206 -50.117820740 15.484614372 -12.691825867
0.000000000 0.500000000 0.666666667 0.500000000 0.500000000 0.000000000 0.000000000 0.806420317 0.591308262 0.006388397 0.018704421 -0.036303725 0.999165744 0.591046882 -0.805628065 -0.040336140 -50.206745148 15.531120300 -12.963851929
0.000000000 0.500000000 0.666666667 0.500000000 0.500000000 0.000000000 0.000000000 0.801820763 0.597525702 0.006819067 0.024160510 -0.043818906 0.998747302 0.597075986 -0.800651572 -0.049571434 -50.291629791 15.575951576 -13.236303329
0.000000000 0.500000000 0.666666667 0.500000000 0.500000000 0.000000000 0.000000000 0.797548106 0.603187825 0.009025813 0.028432340 -0.052530663 0.998214472 0.602584948 -0.795867437 -0.059045771 -50.369697571 15.609763145 -13.511118889
0.000000000 0.500000000 0.666666667 0.500000000 0.500000000 0.000000000 0.000000000 0.793509218 0.608427350 0.012620659 0.031877426 -0.062266719 0.997550342 0.607722759 -0.791163077 -0.068804313 -50.434665680 15.609345436 -13.790000916
0.000000000 0.500000000 0.666666667 0.500000000 0.500000000 0.000000000 0.000000000 0.789602636 0.613376854 0.017219538 0.034853180 -0.072848297 0.996733857 0.612627892 -0.786423525 -0.078899341 -50.486835480 15.568534851 -14.067976952
0.000000000 0.500000000 0.666666667 0.500000000 0.500000000 0.000000000 0.000000000 0.785721376 0.618173374 0.022441021 0.037717920 -0.084088533 0.995744183 0.617429573 -0.781531061 -0.089386372 -50.532409668 15.502585411 -14.341454506
0.000000000 0.500000000 0.666666667 0.500000000 0.500000000 0.000000000 0.000000000 0.781756473 0.622958920 0.027910584 0.040828758 -0.095796024 0.994563288 0.622245795 -0.776366734 -0.100323801 -50.576435089 15.428053856 -14.611927032
0.000000000 0.500000000 0.666666667 0.500000000 0.500000000 0.000000000 0.000000000 0.777596307 0.627883726 0.033256714 0.044545802 -0.107772276 0.993177128 0.627183908 -0.770809421 -0.111772908 -50.620048523 15.349340439 -14.880167007
0.000000000 0.500000000 0.666666667 0.500000000 0.500000000 0.000000000 0.000000000 0.773127453 0.633104419 0.038114781 0.049228865 -0.119812558 0.991575247 0.632337300 -0.764737697 -0.123797390 -50.663398743 15.267292023 -15.146311760
0.000000000 0.500000000 0.666666667 0.500000000 0.500000000 0.000000000 0.000000000 0.768229843 0.638786560 0.042126467 0.055238849 -0.131704013 0.989748818 0.637786467 -0.758027562 -0.136464787 -50.706562042 15.181080818 -15.410004616
0.000000000 0.500000000 0.666666667 0.500000000 0.500000000 0.000000000 0.000000000 0.762775581 0.645099630 0.044943083 0.062934687 -0.143225540 0.987687030 0.643593535 -0.750555069 -0.149848087 -50.749607086 15.091969490 -15.671540260
0.000000000 0.500000000 0.666666667 0.500000000 0.500000000 0.000000000 0.000000000 0.756621206 0.652217552 0.046223540 0.072673725 -0.154141643 0.985372459 0.649802186 -0.742194462 -0.164025915 -50.792587280 15.000145912 -15.930928230
0.000000000 0.500000000 0.666666667 0.500000000 0.500000000 0.000000000 0.000000000 0.749602581 0.660312921 0.045637894 0.084808636 -0.164201726 0.982774281 0.656432377 -0.732819650 -0.179086276 -50.835510254 14.903043747 -16.187164307
0.000000000 0.500000000 0.666666667 0.500000000 0.500000000 0.000000000 0.000000000 0.741525342 0.669553809 0.042870308 0.099683526 -0.173136074 0.979840341 0.663478230 -0.722302981 -0.195128271 -50.878417969 14.800983429 -16.440153122
0.000000000 0.500000000 0.666666667 0.500000000 0.500000000 0.000000000 0.000000000 0.732157664 0.680095621 0.037617829 0.117631023 -0.180647867 0.976488244 0.670900960 -0.710518328 -0.212263064 -50.921306610 14.693835258 -16.689683914
0.000000000 0.500000000 0.666666667 0.500000000 0.500000000 0.000000000 0.000000000 0.721218267 0.692075209 0.029599257 0.138964209 -0.186412671 0.972594090 0.678625935 -0.697339387 -0.230617907 -50.964199066 14.579172134 -16.934545517
0.000000000 0.500000000 0.666666667 0.500000000 0.500000000 0.000000000 0.000000000 0.708435215 0.705528702 0.018676131 0.163830843 -0.190129614 0.967992864 0.686497634 -0.682700506 -0.250281875 -51.006961823 14.450036049 -17.170692444
0.000000000 0.500000000 0.666666667 0.500000000 0.500000000 0.000000000 0.000000000 0.693777197 0.720170843 0.005211419 0.191789245 -0.191725530 0.962526990 0.694183036 -0.666779783 -0.271135823 -51.049255371 14.301381111 -17.393442154
0.000000000 0.500000000 0.666666667 0.500000000 0.500000000 0.000000000 0.000000000 0.677301010 0.735633681 -0.010316456 0.222239543 -0.191209199 0.956058904 0.701336530 -0.649832385 -0.292993077 -51.087871552 14.122782707 -17.591808319
0.000000000 0.500000000 0.666666667 0.500000000 0.500000000 0.000000000 0.000000000 0.659105054 0.751550010 -0.027442876 0.254573088 -0.188625383 0.948479313 0.707653214 -0.632133726 -0.315648350 -51.111911774 13.898983955 -17.737096786
0.000000000 0.500000000 0.666666667 0.500000000 0.500000000 0.000000000 0.000000000 0.639338656 0.767564844 -0.045719722 0.288178890 -0.184062839 0.939720064 0.712880782 -0.613974822 -0.338874473 -51.107479095 13.642868042 -17.808914185
0.000000000 0.500000000 0.666666667 0.500000000 0.500000000 0.000000000 0.000000000 0.618211347 0.783342616 -0.064723076 0.322456571 -0.177660727 0.929762564 0.716823890 -0.595660149 -0.362425851 -51.065967560 13.379530907 -17.811544418
0.000000000 0.500000000 0.666666667 0.500000000 0.500000000 0.000000000 0.000000000 0.595997918 0.798574245 -0.084057465 0.356823453 -0.169611085 0.918645255 0.719349363 -0.577504334 -0.386037872 -50.990283966 13.126332283 -17.782438278
0.000000000 0.500000000 0.666666667 0.500000000 0.500000000 0.000000000 0.000000000 0.573036729 0.812985368 -0.103361980 0.390726232 -0.160158185 0.906466970 0.720390116 -0.559825104 -0.409431232 -50.892829895 12.882709503 -17.747278214
0.000000000 0.500000000 0.666666667 0.500000000 0.500000000 0.000000000 0.000000000 0.549727208 0.826340979 -0.122313462 0.423649547 -0.149597241 0.893387781 0.719945177 -0.542937613 -0.432316655 -50.779216766 12.648071289 -17.708122253
0.000000000 0.500000000 0.666666667 0.500000000 0.500000000 0.000000000 0.000000000 0.526523041 0.838448743 -0.140631410 0.455126229 -0.138268927 0.879625954 0.718076321 -0.527148376 -0.454401790 -50.653728485 12.421304703 -17.666168213
0.000000000 0.500000000 0.666666667 0.500000000 0.500000000 0.000000000 0.000000000 0.503927251 0.849157554 -0.158078378 0.484737382 -0.126551870 0.865456120 0.714903487 -0.512753423 -0.475391345 -50.519813538 12.200985909 -17.622379303
0.000000000 0.500000000 0.666666667 0.500000000 0.500000000 0.000000000 0.000000000 0.482479565 0.858357291 -0.174459827 0.512120459 -0.114856046 0.851199579 0.710595599 -0.500030850 -0.494998025 -50.378871918 11.986564636 -17.577175140
0.000000000 0.500000000 0.666666667 0.500000000 0.500000000 0.000000000 0.000000000 0.462748836 0.865972161 -0.189619963 0.536962174 -0.103612021 0.837219310 0.705361708 -0.489241009 -0.512940636 -50.231830597 11.777659416 -17.530853271
0.000000000 0.500000000 0.666666667 0.500000000 0.500000000 0.000000000 0.000000000 0.445322433 0.871952715 -0.203436459 0.558996406 -0.093262657 0.823908426 0.699436165 -0.480625155 -0.528950387 -50.079704285 11.575719833 -17.484098434
0.000000000 0.500000000 0.666666667 0.500000000 0.500000000 0.000000000 0.000000000 0.430794659 0.876265692 -0.215811025 0.577992225 -0.084250882 0.811681450 0.693066339 -0.474405128 -0.542769587 -49.922664642 11.380017281 -17.440855026
