0.000000000 0.500000000 0.666666667 0.500000000 0.500000000 0.000000000 0.000000000 -0.975910985 0.142964873 -0.164799257 -0.123506876 0.260649449 0.957500870 0.179843826 0.954789458 -0.236713515 -23.938652039 1.435947180 21.095197678
0.000000000 0.500000000 0.666666667 0.500000000 0.500000000 0.000000000 0.000000000 -0.976534265 0.131786473 -0.170332484 -0.129964617 0.270045892 0.954035856 0.171726608 0.953785899 -0.246581488 -23.890468597 1.438408136 21.086652756
0.000000000 0.500000000 0.666666667 0.500000000 0.500000000 0.000000000 0.000000000 -0.976972060 0.122250927 -0.174872255 -0.135445687 0.277932500 0.951003676 0.164863764 0.952789712 -0.254973926 -23.837793350 1.440859318 21.077157974
0.000000000 0.500000000 0.666666667 0.500000000 0.500000000 0.000000000 0.000000000 -0.977274185 0.114404054 -0.178456944 -0.139911488 0.284326065 0.948463739 0.159248057 0.951877304 -0.261858082 -23.780624390 1.443251967 21.066810608
0.000000000 0.500000000 0.666666667 0.500000000 0.500000000 0.000000000 0.000000000 -0.977481622 0.108287040 -0.181117629 -0.143328530 0.289237926 0.946466246 0.154876116 0.951112685 -0.267204135 -23.718963623 1.445703149 21.055446625
0.000000000 0.500000000 0.666666667 0.500000000 0.500000000 0.000000000 0.000000000 -0.977626698 0.103933607 -0.182876583 -0.145668475 0.292672522 0.945052110 0.151745625 0.950547526 -0.270984622 -23.652889252 1.448290944 21.042858124
0.000000000 0.500000000 0.666666667 0.500000000 0.500000000 0.000000000 0.000000000 -0.977732091 0.101373329 -0.183748213 -0.146908701 0.294627229 0.944252418 0.149859238 0.950220103 -0.273173873 -23.582344055 1.450849533 21.029399872
0.000000000 0.500000000 0.666666667 0.500000000 0.500000000 0.000000000 0.000000000 -0.977810662 0.100631745 -0.183737753 -0.147031695 0.295091047 0.944088425 0.149224632 0.950155001 -0.273747116 -23.507324219 1.453544855 21.014911652
0.000000000 0.500000000 0.666666667 0.500000000 0.500000000 0.000000000 0.000000000 -0.977865479 0.101728103 -0.182840091 -0.146024995 0.294044951 0.944570944 0.149852616 0.950362541 -0.272681560 -23.427869797 1.456445336 20.999349594
0.000000000 0.500000000 0.666666667 0.500000000 0.500000000 0.000000000 0.000000000 -0.977889018 0.104677171 -0.181040763 -0.143882305 0.291460995 0.945699937 0.151759515 0.950838145 -0.269955314 -23.343963623 1.459326148 20.982896805
0.000000000 0.500000000 0.666666667 0.500000000 0.500000000 0.000000000 0.000000000 -0.977863170 0.109488114 -0.178314255 -0.140602683 0.287302227 0.947464150 0.154966146 0.951561760 -0.265547944 -23.255605698 1.462636709 20.965410233
0.000000000 0.500000000 0.666666667 0.500000000 0.500000000 0.000000000 0.000000000 -0.977758683 0.116164417 -0.174624701 -0.136191777 0.281522593 0.949840423 0.159498458 0.952497169 -0.259440521 -23.162792206 1.466025352 20.946998596
0.000000000 0.500000000 0.666666667 0.500000000 0.500000000 0.000000000 0.000000000 -0.977534801 0.124703449 -0.169925755 -0.130662300 0.274067214 0.952793013 0.165387653 0.953591219 -0.251616200 -23.065546036 1.469794869 20.927555084
0.000000000 0.500000000 0.666666667 0.500000000 0.500000000 0.000000000 0.000000000 -0.977139370 0.135094029 -0.164159238 -0.124033867 0.264872437 0.956273074 0.172668040 0.954773374 -0.242061051 -22.964023590 1.473876953 20.907114029
0.000000000 0.500000000 0.666666667 0.500000000 0.500000000 0.000000000 0.000000000 -0.976507949 0.147317398 -0.157257147 -0.116335060 0.253866645 0.960217621 0.181379106 0.955954659 -0.230764619 -22.858182907 1.478271484 20.885665894
0.000000000 0.500000000 0.666666667 0.500000000 0.500000000 0.000000000 0.000000000 -0.975564072 0.161344212 -0.149140154 -0.107603190 0.240970424 0.964549018 0.191562768 0.957027325 -0.217720936 -22.748104095 1.483232379 20.863117218
0.000000000 0.500000000 0.666666667 0.500000000 0.500000000 0.000000000 0.000000000 -0.974218562 0.177134364 -0.139719760 -0.097886555 0.226098529 0.969173709 0.203264400 0.957863702 -0.202930311 -22.633710861 1.488496065 20.839525223
0.000000000 0.500000000 0.666666667 0.500000000 0.500000000 0.000000000 0.000000000 -0.972369940 0.194633574 -0.128897137 -0.087244420 0.209160237 0.973981728 0.216529700 0.958316110 -0.186400433 -22.515077591 1.494492173 20.814741135
0.000000000 0.500000000 0.666666667 0.500000000 0.500000000 0.000000000 0.000000000 -0.969908216 0.213741916 -0.116586645 -0.075767781 0.190096412 0.978837370 0.231381278 0.958215919 -0.168181321 -22.392147064 1.500830054 20.788852692
0.000000000 0.500000000 0.666666667 0.500000000 0.500000000 0.000000000 0.000000000 -0.966733397 0.234225147 -0.102786771 -0.063632266 0.168989883 0.983561566 0.247744777 0.957382369 -0.148463887 -22.264940262 1.508027315 20.761688232
0.000000000 0.500000000 0.666666667 0.500000000 0.500000000 0.000000000 0.000000000 -0.962755597 0.255813650 -0.087527349 -0.051033968 0.145970731 0.987971700 0.265513077 0.955642152 -0.127478953 -22.133398056 1.515663981 20.733367920
0.000000000 0.500000000 0.666666667 0.500000000 0.500000000 0.000000000 0.000000000 -0.957895719 0.278236730 -0.070852763 -0.038167499 0.121184864 0.991895897 0.284568153 0.952837106 -0.105462862 -21.997518539 1.524121046 20.703746796
0.000000000 0.500000000 0.666666667 0.500000000 0.500000000 0.000000000 0.000000000 -0.952088547 0.301225720 -0.052824837 -0.025223678 0.094795676 0.995177143 0.304780518 0.948829197 -0.082655857 -21.857206345 1.533154249 20.672903061
0.000000000 0.500000000 0.666666667 0.500000000 0.500000000 0.000000000 0.000000000 -0.945285842 0.324516317 -0.033523684 -0.012385886 0.066984643 0.997677126 0.326008078 0.943505282 -0.059300213 -21.712499619 1.542958975 20.640756607
0.000000000 0.500000000 0.666666667 0.500000000 0.500000000 0.000000000 0.000000000 -0.937457953 0.347853842 -0.013049574 0.000172040 0.037951150 0.999279581 0.348098488 0.936780345 -0.035637452 -21.563358307 1.553583980 20.607307434
0.000000000 0.500000000 0.666666667 0.500000000 0.500000000 0.000000000 0.000000000 -0.928596206 0.370994927 0.008476445 0.012288049 0.007911418 0.999893201 0.370888245 0.928601192 -0.011905317 -21.409706116 1.564872980 20.572587967
0.000000000 0.500000000 0.666666667 0.500000000 0.500000000 0.000000000 0.000000000 -0.918713225 0.393713423 0.030915226 0.023817058 -0.022903203 0.999453946 0.394206492 0.918947868 0.011664380 -21.251640320 1.577324152 20.536468506
0.000000000 0.500000000 0.666666667 0.500000000 0.500000000 0.000000000 0.000000000 -0.907844508 0.415801398 0.054106804 0.034629081 -0.054248995 0.997926788 0.417874593 0.907836023 0.034850832 -21.093652725 1.589990258 20.500106812
0.000000000 0.500000000 0.666666667 0.500000000 0.500000000 0.000000000 0.000000000 -0.896047420 0.437074669 0.077876531 0.044616571 -0.085871981 0.995306669 0.441710745 0.895316557 0.057444594 -20.935838699 1.603378892 20.463375092
0.000000000 0.500000000 0.666666667 0.500000000 0.500000000 0.000000000 0.000000000 -0.883401540 0.457374014 0.102032988 0.053691196 -0.117512056 0.991618965 0.465530853 0.881475994 0.079253373 -20.778144836 1.617265582 20.426355362
0.000000000 0.500000000 0.666666667 0.500000000 0.500000000 0.000000000 0.000000000 -0.870006649 0.476568902 0.126374489 0.061789095 -0.148906991 0.986918850 0.489152878 0.866434527 0.100103311 -20.620527267 1.631621003 20.389085770
0.000000000 0.500000000 0.666666667 0.500000000 0.500000000 0.000000000 0.000000000 -0.855982409 0.494557666 0.150687860 0.068868589 -0.179793575 0.981290674 0.512397535 0.850345215 0.119840649 -20.463066101 1.647031188 20.351428986
0.000000000 0.500000000 0.666666667 0.500000000 0.500000000 0.000000000 0.000000000 -0.841465049 0.511270155 0.174755258 0.074912653 -0.209914502 0.974845627 0.535093138 0.833389903 0.138335113 -20.305702209 1.663076162 20.313531876
0.000000000 0.500000000 0.666666667 0.500000000 0.500000000 0.000000000 0.000000000 -0.826605873 0.526667198 0.198354211 0.079927198 -0.239018191 0.967719974 0.557076631 0.815776910 0.155478807 -20.148456573 1.679931641 20.275386810
0.000000000 0.500000000 0.666666667 0.500000000 0.500000000 0.000000000 0.000000000 -0.811569582 0.540738888 0.221260635 0.083939809 -0.266862906 0.960072028 0.578194537 0.797737830 0.171188298 -19.991210938 1.697294831 20.237249374
0.000000000 0.500000000 0.666666667 0.500000000 0.500000000 0.000000000 0.000000000 -0.796530227 0.553504610 0.243253458 0.086999752 -0.293219654 0.952078399 0.598306478 0.779522213 0.185403553 -19.833808899 1.714462876 20.199405670
0.000000000 0.500000000 0.666666667 0.500000000 0.500000000 0.000000000 0.000000000 -0.781669028 0.565010657 0.264114537 0.089174523 -0.317871705 0.943930868 0.617285538 0.761393812 0.198085911 -19.676229477 1.731171846 20.162012100
0.000000000 0.500000000 0.666666667 0.500000000 0.500000000 0.000000000 0.000000000 -0.767172673 0.575326060 0.283630067 0.090547374 -0.340615144 0.935832515 0.635017530 0.743627090 0.209216367 -19.518398285 1.747060537 20.125259399
0.000000000 0.500000000 0.666666667 0.500000000 0.500000000 0.000000000 0.000000000 -0.753210650 0.591100553 0.288572093 0.091226887 -0.340593942 0.935774236 0.651422575 0.731160655 0.202614722 -19.360918045 1.763652325 20.090267181
0.000000000 0.500000000 0.666666667 0.500000000 0.500000000 0.000000000 0.000000000 -0.739870561 0.605730587 0.292714893 0.091375370 -0.340589310 0.935761435 0.666514887 0.719089270 0.196643147 -19.210330963 1.778076172 20.057525635
0.000000000 0.500000000 0.666666667 0.500000000 0.500000000 0.000000000 0.000000000 -0.727210803 0.619208628 0.296218034 0.091163230 -0.340595936 0.935779714 0.680333531 0.707513310 0.191235986 -19.066679001 1.790527344 20.026956558
0.000000000 0.500000000 0.666666667 0.500000000 0.500000000 0.000000000 0.000000000 -0.715279296 0.631537730 0.299225041 0.090750548 -0.340608838 0.935815130 0.692921256 0.696524024 0.186318055 -18.929862976 1.800312519 19.998880386
0.000000000 0.500000000 0.666666667 0.500000000 0.500000000 0.000000000 0.000000000 -0.704113883 0.642728411 0.301867239 0.090291706 -0.340623064 0.935854335 0.704323113 0.686204137 0.181804383 -18.800155640 1.809101582 19.972520828
0.000000000 0.500000000 0.666666667 0.500000000 0.500000000 0.000000000 0.000000000 -0.693746235 0.652794605 0.304262000 0.089932072 -0.340634212 0.935884905 0.714582664 0.676629542 0.177606531 -18.677440643 1.815683603 19.948446274
0.000000000 0.500000000 0.666666667 0.500000000 0.500000000 0.000000000 0.000000000 -0.684202666 0.661752552 0.306513085 0.089806864 -0.340638092 0.935895516 0.723741279 0.667869186 0.173635569 -18.561874390 1.821396470 19.926052094
0.000000000 0.500000000 0.666666667 0.500000000 0.500000000 0.000000000 0.000000000 -0.675501868 0.669621151 0.308714658 0.090043985 -0.340630776 0.935875395 0.731839673 0.659983476 0.169801369 -18.453516006 1.826425791 19.905258179
0.000000000 0.500000000 0.666666667 0.500000000 0.500000000 0.000000000 0.000000000 -0.667660171 0.676417060 0.310949926 0.090761694 -0.340608474 0.935814181 0.738912857 0.653028199 0.166017954 -18.352207184 1.829716802 19.886547089
0.000000000 0.500000000 0.666666667 0.500000000 0.500000000 0.000000000 0.000000000 -0.660690809 0.682154397 0.313293844 0.092070187 -0.340567377 0.935701310 0.744990426 0.647054279 0.162203653 -18.258182526 1.832773447 19.869247437
0.000000000 0.500000000 0.666666667 0.500000000 0.500000000 0.000000000 0.000000000 -0.654604749 0.686844086 0.315812958 0.094069503 -0.340503467 0.935525690 0.750095695 0.642107928 0.158284105 -18.171386719 1.835595608 19.853366852
0.000000000 0.500000000 0.666666667 0.500000000 0.500000000 0.000000000 0.000000000 -0.649410852 0.690492489 0.318568153 0.096851978 -0.340412224 0.935274939 0.754244814 0.638231651 0.154191830 -18.091796875 1.837665915 19.839141846
0.000000000 0.500000000 0.666666667 0.500000000 0.500000000 0.000000000 0.000000000 -0.645119216 0.693098908 0.321613277 0.100499144 -0.340288534 0.934935097 0.757443806 0.635466456 0.149870826 -18.019453049 1.839140534 19.826505661
0.000000000 0.500000000 0.666666667 0.500000000 0.500000000 0.000000000 0.000000000 -0.641737732 0.694657094 0.324998778 0.105084655 -0.340126460 0.934489811 0.759690660 0.633849756 0.145274182 -17.954336166 1.840478420 19.815259933
0.000000000 0.500000000 0.666666667 0.500000000 0.500000000 0.000000000 0.000000000 -0.639277269 0.695150951 0.328770025 0.110671646 -0.339919086 0.933920126 0.760970670 0.633419427 0.140369045 -17.896503448 1.841679692 19.805416107
0.000000000 0.500000000 0.666666667 0.500000000 0.500000000 0.000000000 0.000000000 -0.637747343 0.694557506 0.332968764 0.117312055 -0.339658524 0.933204141 0.761259619 0.634209711 0.135136353 -17.845916748 1.842724562 19.796977997
0.000000000 0.500000000 0.666666667 0.500000000 0.500000000 0.000000000 0.000000000 -0.637160414 0.692841727 0.337634342 0.125049133 -0.339335414 0.932316572 0.760519113 0.636256095 0.129571835 -17.802616119 1.843642592 19.789943695
0.000000000 0.500000000 0.666666667 0.500000000 0.500000000 0.000000000 0.000000000 -0.637529094 0.689958985 0.342802062 0.133911976 -0.338939641 0.931229028 0.758699043 0.639590900 0.123690111 -17.766542435 1.844413996 19.784322739
0.000000000 0.500000000 0.666666667 0.500000000 0.500000000 0.000000000 0.000000000 -0.638867977 0.685851632 0.348504299 0.143917974 -0.338459599 0.929910058 0.755734956 0.644245791 0.117524622 -17.737674713 1.844785094 19.780233383
0.000000000 0.500000000 0.666666667 0.500000000 0.500000000 0.000000000 0.000000000 -0.641192129 0.680449130 0.354769834 0.155070212 -0.337882882 0.928325582 0.751548989 0.650249291 0.111130454 -17.716073990 1.845078111 19.777530670
0.000000000 0.500000000 0.666666667 0.500000000 0.500000000 0.000000000 0.000000000 -0.644497370 0.683262994 0.343183363 0.167313949 -0.311931288 0.935256603 0.746075855 0.660189785 0.086719465 -17.702909470 1.848466754 19.776542664
0.000000000 0.500000000 0.666666667 0.500000000 0.500000000 0.000000000 0.000000000 -0.648694373 0.685552106 0.330475294 0.180423155 -0.283326193 0.941899014 0.739353161 0.670629985 0.060102633 -17.697069168 1.852109313 19.776838303
0.000000000 0.500000000 0.666666667 0.500000000 0.500000000 0.000000000 0.000000000 -0.653665154 0.687256868 0.316859374 0.194131097 -0.252407995 0.947946898 0.731460855 0.681152113 0.031572381 -17.693319321 1.856015563 19.777503967
0.000000000 0.500000000 0.666666667 0.500000000 0.500000000 0.000000000 0.000000000 -0.659284503 0.688335151 0.302553573 0.208182590 -0.219546714 0.953131287 0.722498411 0.691371073 0.001444352 -17.691698074 1.860146403 19.778490067
0.000000000 0.500000000 0.666666667 0.500000000 0.500000000 0.000000000 0.000000000 -0.665417641 0.688770651 0.287774831 0.222337184 -0.185140848 0.957229880 0.712590724 0.700940694 -0.029943340 -17.689334869 1.864472628 19.779287338
0.000000000 0.500000000 0.666666667 0.500000000 0.500000000 0.000000000 0.000000000 -0.671922682 0.688574151 0.272737141 0.236374642 -0.149616880 0.960073861 0.701888124 0.709563547 -0.062230493 -17.686191559 1.868945241 19.779853821
0.000000000 0.500000000 0.666666667 0.500000000 0.500000000 0.000000000 0.000000000 -0.678650845 0.687786747 0.257647862 0.250099498 -0.113424636 0.961553479 0.690567354 0.716996682 -0.095039395 -17.682323456 1.873515606 19.780155182
0.000000000 0.500000000 0.666666667 0.500000000 0.500000000 0.000000000 0.000000000 -0.685447325 0.686480386 0.242706911 0.263345683 -0.077034172 0.961620917 0.678830624 0.723056302 -0.127978778 -17.677675247 1.878115177 19.780179977
0.000000000 0.500000000 0.666666667 0.500000000 0.500000000 0.000000000 0.000000000 -0.692151505 0.684760241 0.228100212 0.275976783 -0.040927012 0.960292557 0.666905623 0.727618301 -0.160650235 -17.672323227 1.882675767 19.779901505
0.000000000 0.500000000 0.666666667 0.500000000 0.500000000 0.000000000 0.000000000 -0.698600451 0.682759797 0.214001099 0.287890221 -0.005590976 0.957647097 0.655039412 0.730621517 -0.192654010 -17.666269302 1.887158155 19.779317856
0.000000000 0.500000000 0.666666667 0.500000000 0.500000000 0.000000000 0.000000000 -0.704630230 0.680638841 0.200566713 0.299014269 0.028486886 0.953823340 0.643495692 0.732065069 -0.223593447 -17.659492493 1.891494155 19.778425217
0.000000000 0.500000000 0.666666667 0.500000000 0.500000000 0.000000000 0.000000000 -0.710073524 0.678582779 0.187938824 0.309308741 0.060825736 0.949014401 0.632553312 0.732001121 -0.253082330 -17.652069092 1.895615220 19.777235031
0.000000000 0.500000000 0.666666667 0.500000000 0.500000000 0.000000000 0.000000000 -0.714763525 0.676794723 0.176244165 0.318759999 0.090955918 0.943461225 0.622499129 0.730531261 -0.280747058 -17.643983841 1.899462819 19.775756836
0.000000000 0.500000000 0.666666667 0.500000000 0.500000000 0.000000000 0.000000000 -0.718531161 0.675492964 0.165596574 0.327377528 0.118422469 0.937443371 0.613626046 0.727794871 -0.306231451 -17.635292053 1.902988195 19.774007797
0.000000000 0.500000000 0.666666667 0.500000000 0.500000000 0.000000000 0.000000000 -0.721205379 0.674904391 0.156098891 0.335185232 0.142786532 0.931269492 0.606229050 0.723958610 -0.329196400 -17.625995636 1.906142592 19.772010803
0.000000000 0.500000000 0.666666667 0.500000000 0.500000000 0.000000000 0.000000000 -0.722611505 0.675257810 0.147849592 0.342215820 0.163624981 0.925264934 0.600600487 0.719203556 -0.349321199 -17.616170883 1.908847570 19.769786835
0.000000000 0.500000000 0.666666667 0.500000000 0.500000000 0.000000000 0.000000000 -0.722569834 0.676776836 0.140946616 0.348498549 0.180528485 0.919759875 0.597027299 0.713710432 -0.366300183 -17.605781555 1.911074161 19.767358780
0.000000000 0.500000000 0.666666667 0.500000000 0.500000000 0.000000000 0.000000000 -0.720890631 0.679674750 0.135495139 0.354050439 0.193097470 0.915074671 0.595789380 0.707640870 -0.379841300 -17.594921112 1.912773371 19.764747620
0.000000000 0.500000000 0.666666667 0.500000000 0.500000000 0.000000000 0.000000000 -0.717374272 0.684142922 0.131615406 0.358861683 0.200937490 0.911505578 0.597153620 0.701122377 -0.389660066 -17.583555222 1.913876891 19.761966705
0.000000000 0.500000000 0.666666667 0.500000000 0.500000000 0.000000000 0.000000000 -0.711806128 0.690343699 0.129451200 0.362882737 0.203653819 0.909308111 0.601371894 0.694226692 -0.395475847 -17.571718216 1.914355397 19.759027481
0.000000000 0.500000000 0.666666667 0.500000000 0.500000000 0.000000000 0.000000000 -0.704018205 0.698343991 0.129127990 0.366034377 0.200996255 0.908635978 0.608586233 0.686961553 -0.397122930 -17.559432983 1.914169908 19.755931854
0.000000000 0.500000000 0.666666667 0.500000000 0.500000000 0.000000000 0.000000000 -0.694084596 0.707946639 0.130606777 0.368287532 0.193305083 0.909393995 0.618555468 0.679297212 -0.394898001 -17.546699524 1.913359284 19.752672195
0.000000000 0.500000000 0.666666667 0.500000000 0.500000000 0.000000000 0.000000000 -0.682147387 0.718865358 0.133819052 0.369597519 0.181063042 0.911380189 0.630929962 0.671154804 -0.389202534 -17.543592453 1.911884665 19.750919342
