0.000000000 0.500000000 0.666666667 0.500000000 0.500000000 0.000000000 0.000000000 0.444975395 -0.734001339 0.513068155 -0.460875320 0.303530844 0.833944222 -0.767848186 -0.607545110 -0.203219345 27.821552277 0.162046507 -15.744490623
0.000000000 0.500000000 0.666666667 0.500000000 0.500000000 0.000000000 0.000000000 0.435773617 -0.742269145 0.509055863 -0.457949504 0.304048449 0.835366262 -0.774844247 -0.597152458 -0.207425495 27.883678436 0.158997804 -15.991380692
0.000000000 0.500000000 0.666666667 0.500000000 0.500000000 0.000000000 0.000000000 0.426318492 -0.750618684 0.504801084 -0.454672199 0.304623202 0.836945575 -0.782001109 -0.586324394 -0.211418944 27.956546783 0.154257506 -16.244001389
0.000000000 0.500000000 0.666666667 0.500000000 0.500000000 0.000000000 0.000000000 0.416399105 -0.759217306 0.500200827 -0.450927327 0.305273669 0.838732695 -0.789478519 -0.574801765 -0.215236148 28.041507721 0.147693783 -16.501747131
0.000000000 0.500000000 0.666666667 0.500000000 0.500000000 0.000000000 0.000000000 0.405794975 -0.768214391 0.495153601 -0.446596069 0.306017562 0.840776548 -0.797422341 -0.562316550 -0.218901138 28.140497208 0.139263302 -16.763505936
0.000000000 0.500000000 0.666666667 0.500000000 0.500000000 0.000000000 0.000000000 0.394275723 -0.777737918 0.489561421 -0.441556289 0.306871932 0.843123752 -0.805961971 -0.548592151 -0.222422916 28.255167007 0.129432678 -17.027971268
0.000000000 0.500000000 0.666666667 0.500000000 0.500000000 0.000000000 0.000000000 0.381599804 -0.787891287 0.483331056 -0.435681324 0.307852551 0.845818296 -0.815207564 -0.533342411 -0.225793046 28.384544373 0.119490966 -17.294931412
0.000000000 0.500000000 0.666666667 0.500000000 0.500000000 0.000000000 0.000000000 0.367514296 -0.798922820 0.476083575 -0.428839820 0.308661562 0.849013810 -0.825245206 -0.516188307 -0.229172382 28.526069641 0.112456664 -17.557863235
0.000000000 0.500000000 0.666666667 0.500000000 0.500000000 0.000000000 0.000000000 0.351752802 -0.810555068 0.468263225 -0.420893276 0.309867358 0.852543882 -0.836133253 -0.496973542 -0.232160467 28.673318863 0.114976190 -17.813825607
0.000000000 0.500000000 0.666666667 0.500000000 0.500000000 0.000000000 0.000000000 0.334035731 -0.822680225 0.460018889 -0.411696276 0.311690136 0.856361743 -0.847895222 -0.475443484 -0.234578743 28.710296631 0.223605648 -17.959278107
0.000000000 0.500000000 0.666666667 0.500000000 0.500000000 0.000000000 0.000000000 0.314138018 -0.835658853 0.450545877 -0.401130054 0.313297604 0.860778305 -0.860471955 -0.451130683 -0.236789192 28.553344727 0.291118771 -17.726125717
0.000000000 0.500000000 0.666666667 0.500000000 0.500000000 0.000000000 0.000000000 0.292104986 -0.848981008 0.440347505 -0.389211795 0.315051171 0.865596291 -0.873606808 -0.424233435 -0.238405404 28.450962067 0.256699532 -17.459880829
0.000000000 0.500000000 0.666666667 0.500000000 0.500000000 0.000000000 0.000000000 0.268061754 -0.862310915 0.429607708 -0.375995581 0.316923166 0.870739358 -0.887000687 -0.394942519 -0.239270114 28.410814285 0.157898858 -17.194196701
0.000000000 0.500000000 0.666666667 0.500000000 0.500000000 0.000000000 0.000000000 0.242151485 -0.875330752 0.418519693 -0.361540148 0.318884692 0.876128572 -0.900361805 -0.363467506 -0.239248808 28.407188416 0.045681763 -16.933385849
0.000000000 0.500000000 0.666666667 0.500000000 0.500000000 0.000000000 0.000000000 0.214536034 -0.887747382 0.407282304 -0.345910062 0.320906387 0.881683231 -0.913411473 -0.330035871 -0.238234769 28.423246384 -0.057768248 -16.672452927
0.000000000 0.500000000 0.666666667 0.500000000 0.500000000 0.000000000 0.000000000 0.185396796 -0.899297723 0.396095484 -0.329176246 0.322958767 0.887322170 -0.925889317 -0.294891912 -0.236151928 28.449010849 -0.144588932 -16.409292221
0.000000000 0.500000000 0.666666667 0.500000000 0.500000000 0.000000000 0.000000000 0.154935013 -0.909752791 0.385155815 -0.311417515 0.325012549 0.892964710 -0.937557611 -0.258295765 -0.232957130 28.476747513 -0.211745292 -16.143701553
0.000000000 0.500000000 0.666666667 0.500000000 0.500000000 0.000000000 0.000000000 0.123371607 -0.918921014 0.374651327 -0.292720148 0.327038979 0.898532371 -0.948205865 -0.220521374 -0.228639371 28.500089645 -0.257543325 -15.876370430
0.000000000 0.500000000 0.666666667 0.500000000 0.500000000 0.000000000 0.000000000 0.090944100 -0.926650704 0.364756964 -0.273178227 0.329010809 0.903949967 -0.957654858 -0.181852577 -0.223219205 28.512840271 -0.275317997 -15.608185768
0.000000000 0.500000000 0.666666667 0.500000000 0.500000000 0.000000000 0.000000000 0.057905473 -0.932831324 0.355629972 -0.252892173 0.330902522 0.909147441 -0.965760066 -0.142580649 -0.216744673 28.503147125 -0.248434439 -15.344122887
0.000000000 0.500000000 0.666666667 0.500000000 0.500000000 0.000000000 0.000000000 0.024520721 -0.937394058 0.347406266 -0.231968516 0.332690885 0.914060929 -0.972414182 -0.103000749 -0.209288088 28.467830658 -0.174922183 -15.094755173
0.000000000 0.500000000 0.666666667 0.500000000 0.500000000 0.000000000 0.000000000 -0.008935174 -0.940311492 0.340197680 -0.210518352 0.334355363 0.918634048 -0.977549071 -0.063409700 -0.200940349 28.418907166 -0.076800533 -14.859832764
0.000000000 0.500000000 0.666666667 0.500000000 0.500000000 0.000000000 0.000000000 -0.042182777 -0.941596928 0.334089566 -0.188656283 0.335878497 0.922818748 -0.981136800 -0.024101038 -0.191806464 28.371183395 0.019130860 -14.627312660
0.000000000 0.500000000 0.666666667 0.500000000 0.500000000 0.000000000 0.000000000 -0.074939451 -0.941302744 0.329140127 -0.166498298 0.337246107 0.926576160 -0.983189908 0.014635838 -0.181998343 28.342123032 0.081275329 -14.384291649
0.000000000 0.500000000 0.666666667 0.500000000 0.500000000 0.000000000 0.000000000 -0.106924653 -0.939518507 0.325379923 -0.144160817 0.338447417 0.929876876 -0.983760528 0.052519727 -0.171630128 28.334629059 0.106234737 -14.135970116
0.000000000 0.500000000 0.666666667 0.500000000 0.500000000 0.000000000 0.000000000 -0.137861831 -0.936368443 0.322813033 -0.121759212 0.339475337 0.932701018 -0.982938864 0.089278410 -0.160812176 28.338239670 0.116412960 -13.889709473
0.000000000 0.500000000 0.666666667 0.500000000 0.500000000 0.000000000 0.000000000 -0.167481770 -0.932008726 0.321418095 -0.099405468 0.340326053 0.935038358 -0.980850860 0.124651163 -0.149645173 28.343589783 0.132237241 -13.647251129
0.000000000 0.500000000 0.666666667 0.500000000 0.500000000 0.000000000 0.000000000 -0.195525758 -0.926624061 0.321150319 -0.077208498 0.340999144 0.936887630 -0.977654604 0.158390131 -0.138217368 28.342098236 0.172366336 -13.411320686
0.000000000 0.500000000 0.666666667 0.500000000 0.500000000 0.000000000 0.000000000 -0.221745433 -0.920424350 0.321944063 -0.055272174 0.341497218 0.938256168 -0.973536825 0.190259472 -0.126599304 28.326650620 0.247778311 -13.188698769
0.000000000 0.500000000 0.666666667 0.500000000 0.500000000 0.000000000 0.000000000 -0.245905812 -0.913640396 0.323715244 -0.033695270 0.341825906 0.939159027 -0.968707882 0.220036991 -0.114842337 28.294731140 0.357277811 -12.986735344
0.000000000 0.500000000 0.666666667 0.500000000 0.500000000 0.000000000 0.000000000 -0.267822755 -0.907098461 0.324720425 -0.012578156 0.340296000 0.940234238 -0.963386092 0.247731740 -0.102548638 28.247703552 0.493356317 -12.809592247
0.000000000 0.500000000 0.666666667 0.500000000 0.500000000 0.000000000 0.000000000 -0.287483414 -0.900354320 0.326673208 0.007952644 0.338815679 0.940819160 -0.957752600 0.273067819 -0.090243691 28.190547943 0.644649923 -12.653635025
0.000000000 0.500000000 0.666666667 0.500000000 0.500000000 0.000000000 0.000000000 -0.304925526 -0.893587447 0.329426621 0.027762018 0.337412710 0.940947360 -0.951971477 0.296064417 -0.078077957 28.125688553 0.805968583 -12.516908646
0.000000000 0.500000000 0.666666667 0.500000000 0.500000000 0.000000000 0.000000000 -0.320195128 -0.886960611 0.332830220 0.046715085 0.336116916 0.940661001 -0.946199123 0.316743261 -0.066188559 28.057811737 0.970695198 -12.391793251
0.000000000 0.500000000 0.666666667 0.500000000 0.500000000 0.000000000 0.000000000 -0.333346806 -0.880620226 0.336731235 0.064674950 0.334959017 0.940010430 -0.940583361 0.335127550 -0.054703450 27.988639832 1.136718988 -12.275333405
0.000000000 0.500000000 0.666666667 0.500000000 0.500000000 0.000000000 0.000000000 -0.344441847 -0.874696669 0.340977346 0.081506632 0.333969086 0.939053416 -0.935262788 0.351241208 -0.043739349 27.919242859 1.302896142 -12.165649414
0.000000000 0.500000000 0.666666667 0.500000000 0.500000000 0.000000000 0.000000000 -0.353545476 -0.869305983 0.345416711 0.097072000 0.333175302 0.937854597 -0.930366929 0.365104541 -0.033407350 27.850454330 1.468569636 -12.061440468
0.000000000 0.500000000 0.666666667 0.500000000 0.500000000 0.000000000 0.000000000 -0.360726692 -0.864549223 0.349901263 0.111236455 0.332602192 0.936483974 -0.926014419 0.376736542 -0.023809098 27.783075333 1.633356333 -11.961676598
0.000000000 0.500000000 0.666666667 0.500000000 0.500000000 0.000000000 0.000000000 -0.366056041 -0.860514045 0.354285976 0.123862681 0.332269317 0.935016116 -0.922312860 0.386151109 -0.015043614 27.715257645 1.804778457 -11.860884666
0.000000000 0.500000000 0.666666667 0.500000000 0.500000000 0.000000000 0.000000000 -0.369604133 -0.857274746 0.358431019 0.134814526 0.332189340 0.933528407 -0.919357291 0.393357666 -0.007205464 27.651336670 1.982630253 -11.756074905
0.000000000 0.500000000 0.666666667 0.500000000 0.500000000 0.000000000 0.000000000 -0.371438947 -0.854893475 0.362201953 0.143954875 0.332366363 0.932099563 -0.917229580 0.398358817 -0.000387729 27.602752686 2.154662371 -11.625361443
0.000000000 0.500000000 0.666666667 0.500000000 0.500000000 0.000000000 0.000000000 -0.371625462 -0.853420021 0.365470633 0.151145717 0.332794254 0.930807691 -0.915996446 0.401151158 0.005315962 27.582946777 2.277570248 -11.435317039
0.000000000 0.500000000 0.666666667 0.500000000 0.500000000 0.000000000 0.000000000 -0.370223140 -0.852892657 0.368115392 0.156247711 0.333454391 0.929728359 -0.915708185 0.401724140 0.009809993 27.571308136 2.366108894 -11.218903542
0.000000000 0.500000000 0.666666667 0.500000000 0.500000000 0.000000000 0.000000000 -0.367283570 -0.853338532 0.370021797 0.159119487 0.334314195 0.928932187 -0.916397167 0.400059208 0.012994678 27.557355881 2.445280075 -10.992609978
0.000000000 0.500000000 0.666666667 0.500000000 0.500000000 0.000000000 0.000000000 -0.362850401 -0.854773035 0.371083071 0.159618513 0.335324588 0.928482284 -0.918074897 0.396131897 0.014764939 27.538036346 2.521287680 -10.759379387
0.000000000 0.500000000 0.666666667 0.500000000 0.500000000 0.000000000 0.000000000 -0.356956517 -0.857200409 0.371200086 0.157600116 0.336417832 0.928431605 -0.920730280 0.389910889 0.015008346 27.509944916 2.595236063 -10.520175934
0.000000000 0.500000000 0.666666667 0.500000000 0.500000000 0.000000000 0.000000000 -0.349620997 -0.860614151 0.370281571 0.152916711 0.337505511 0.928819955 -0.924327668 0.381357199 0.013603272 27.470878601 2.668025494 -10.275983810
0.000000000 0.500000000 0.666666667 0.500000000 0.500000000 0.000000000 0.000000000 -0.340850723 -0.865031194 0.368160045 0.145420547 0.338384375 0.929703652 -0.928802266 0.370428197 0.010454750 27.416494370 2.739426851 -10.028143883
0.000000000 0.500000000 0.666666667 0.500000000 0.500000000 0.000000000 0.000000000 -0.330636162 -0.870429266 0.364736372 0.134963317 0.338890795 0.931095018 -0.934058152 0.357079714 0.005426469 27.340087891 2.808588266 -9.779264450
0.000000000 0.500000000 0.666666667 0.500000000 0.500000000 0.000000000 0.000000000 -0.318951301 -0.876517234 0.360537940 0.121397220 0.339490550 0.932742666 -0.939964245 0.341267791 -0.001874197 27.223480225 2.871172428 -9.538245201
0.000000000 0.500000000 0.666666667 0.500000000 0.500000000 0.000000000 0.000000000 -0.305773411 -0.883528595 0.354795493 0.104668312 0.339191220 0.934876388 -0.946333538 0.322996188 -0.011238209 27.066184998 2.919647217 -9.310828209
0.000000000 0.500000000 0.666666667 0.500000000 0.500000000 0.000000000 0.000000000 -0.291158853 -0.891147596 0.347969086 0.085089919 0.338163240 0.937232804 -0.952883113 0.302492290 -0.022631544 26.867477417 2.941157103 -9.104970932
0.000000000 0.500000000 0.666666667 0.500000000 0.500000000 0.000000000 0.000000000 -0.275190429 -0.899154748 0.340280718 0.063075026 0.336298122 0.939640950 -0.959318388 0.280043411 -0.035831815 26.642543793 2.930623770 -8.917439461
0.000000000 0.500000000 0.666666667 0.500000000 0.500000000 0.000000000 0.000000000 -0.257967714 -0.907338411 0.331948290 0.039046404 0.333505545 0.941939186 -0.965364199 0.255951285 -0.050605361 26.409423828 2.891376972 -8.743652344
0.000000000 0.500000000 0.666666667 0.500000000 0.500000000 0.000000000 0.000000000 -0.239609234 -0.915500111 0.323182551 0.013433662 0.329721331 0.943982723 -0.970776469 0.230528502 -0.066705757 26.176733017 2.825169086 -8.577129364
0.000000000 0.500000000 0.666666667 0.500000000 0.500000000 0.000000000 0.000000000 -0.220256094 -0.923458137 0.314185171 -0.013323742 0.324913296 0.945649950 -0.975351081 0.204099042 -0.083868051 25.944965363 2.745823860 -8.414713860
0.000000000 0.500000000 0.666666667 0.500000000 0.500000000 0.000000000 0.000000000 -0.200073568 -0.931051686 0.305144762 -0.040785794 0.319086222 0.946847666 -0.978931605 0.176993619 -0.101814401 25.713302612 2.658210993 -8.255985260
0.000000000 0.500000000 0.666666667 0.500000000 0.500000000 0.000000000 0.000000000 -0.179251568 -0.938143699 0.296235168 -0.068511538 0.312284801 0.947514840 -0.981414818 0.149547993 -0.120251208 25.480360031 2.567393065 -8.100482941
0.000000000 0.500000000 0.666666667 0.500000000 0.500000000 0.000000000 0.000000000 -0.158002612 -0.944623821 0.287612608 -0.096065675 0.304594857 0.947625115 -0.982754578 0.122097544 -0.138872708 25.243900299 2.479873657 -7.947998047
0.000000000 0.500000000 0.666666667 0.500000000 0.500000000 0.000000000 0.000000000 -0.136559353 -0.950410051 0.279414171 -0.123022314 0.296143263 0.947187773 -0.982963404 0.094973172 -0.157362776 24.998004913 2.411784649 -7.800629616
0.000000000 0.500000000 0.666666667 0.500000000 0.500000000 0.000000000 0.000000000 -0.115173738 -0.955449314 0.271756544 -0.148970741 0.287096662 0.946246915 -0.982111363 0.068499021 -0.175399988 24.737745285 2.382045269 -7.665162563
0.000000000 0.500000000 0.666666667 0.500000000 0.500000000 0.000000000 0.000000000 -0.094109332 -0.959717965 0.264735457 -0.173517692 0.277657443 0.944879863 -0.980323949 0.042985727 -0.192658203 24.474155426 2.352268696 -7.535285473
0.000000000 0.500000000 0.666666667 0.500000000 0.500000000 0.000000000 0.000000000 -0.073640711 -0.963220053 0.258426344 -0.196290429 0.268060228 0.943193396 -0.977776617 0.018730814 -0.208811024 24.218132019 2.291802406 -7.400047302
0.000000000 0.500000000 0.666666667 0.500000000 0.500000000 0.000000000 0.000000000 -0.054047717 -0.965985294 0.252885855 -0.216938242 0.258566308 0.941318896 -0.974687972 -0.003984475 -0.223534070 23.968008041 2.213796377 -7.261829853
0.000000000 0.500000000 0.666666667 0.500000000 0.500000000 0.000000000 0.000000000 -0.035612320 -0.968065801 0.248153918 -0.235130748 0.249457180 0.939406540 -0.971311121 -0.024894170 -0.236505785 23.720548630 2.127901554 -7.122751713
0.000000000 0.500000000 0.666666667 0.500000000 0.500000000 0.000000000 0.000000000 -0.018613466 -0.969531687 0.244257748 -0.250556152 0.241027849 0.937617828 -0.967923113 -0.043747964 -0.247408492 23.475563049 2.034346580 -6.983520508
0.000000000 0.500000000 0.666666667 0.500000000 0.500000000 0.000000000 0.000000000 -0.003325974 -0.970465762 0.241215968 -0.262916533 0.233579477 0.936117260 -0.964812849 -0.060306164 -0.255928373 23.232553482 1.934083819 -6.844812870
0.000000000 0.500000000 0.666666667 0.500000000 0.500000000 0.000000000 0.000000000 0.009983493 -0.970957359 0.239044216 -0.271921938 0.227411264 0.935062873 -0.962267525 -0.074336561 -0.261754248 22.992971420 1.821844459 -6.708714008
0.000000000 0.500000000 0.666666667 0.500000000 0.500000000 0.000000000 0.000000000 0.021057486 -0.971095387 0.237761079 -0.277281303 0.222812027 0.934596105 -0.960557995 -0.085606947 -0.264574733 22.756320953 1.688304424 -6.587128639
0.000000000 0.500000000 0.666666667 0.500000000 0.500000000 0.000000000 0.000000000 0.029650503 -0.970960428 0.237395649 -0.278695054 0.220051243 0.934829673 -0.959921827 -0.093879163 -0.264077239 22.490541458 1.569850087 -6.537780762
0.000000000 0.500000000 0.666666667 0.500000000 0.500000000 0.000000000 0.000000000 0.035597787 -0.970620551 0.237967524 -0.275945887 0.219314528 0.935817827 -0.960513751 -0.098979203 -0.260031637 22.195011139 1.528294682 -6.535023212
0.000000000 0.500000000 0.666666667 0.500000000 0.500000000 0.000000000 0.000000000 0.039019015 -0.970133849 0.239411428 -0.269196776 0.220529957 0.937496471 -0.962294452 -0.101028974 -0.252552043 21.903287888 1.483458161 -6.494636059
0.000000000 0.500000000 0.666666667 0.500000000 0.500000000 0.000000000 0.000000000 0.040111291 -0.969531665 0.241659751 -0.258685610 0.223532267 0.939742029 -0.965128406 -0.100208166 -0.241837723 21.654537201 1.389063716 -6.364870548
0.000000000 0.500000000 0.666666667 0.500000000 0.500000000 0.000000000 0.000000000 0.039078084 -0.968819852 0.244665074 -0.244631786 0.228125139 0.942398117 -0.968828258 -0.096679966 -0.228089437 21.460903168 1.278054833 -6.166257381
0.000000000 0.500000000 0.666666667 0.500000000 0.500000000 0.000000000 0.000000000 0.036129151 -0.967985010 0.248394252 -0.227242627 0.234087596 0.945285029 -0.973167752 -0.090598108 -0.211510071 21.265951157 1.223178983 -5.953186035
0.000000000 0.500000000 0.666666667 0.500000000 0.500000000 0.000000000 0.000000000 0.031477208 -0.967000327 0.252823166 -0.206721705 0.241180755 0.948207773 -0.977893308 -0.082110969 -0.192308259 21.039745331 1.271092773 -5.778019905
0.000000000 0.500000000 0.666666667 0.500000000 0.500000000 0.000000000 0.000000000 0.025338456 -0.965830747 0.257932028 -0.183275373 0.249153564 0.950964058 -0.982735010 -0.071368550 -0.170699823 20.798715591 1.359611511 -5.649919510
0.000000000 0.500000000 0.666666667 0.500000000 0.500000000 0.000000000 0.000000000 0.017931107 -0.964437761 0.263701118 -0.157118327 0.257748720 0.953351681 -0.987416987 -0.058526930 -0.146909128 20.541913986 1.430026770 -5.556302547
0.000000000 0.500000000 0.666666667 0.500000000 0.500000000 0.000000000 0.000000000 0.009473487 -0.962783803 0.270106648 -0.128479069 0.266707930 0.955175381 -0.991666971 -0.043751892 -0.121170913 20.272748947 1.458754897 -5.492205620
0.000000000 0.500000000 0.666666667 0.500000000 0.500000000 0.000000000 0.000000000 0.000183986 -0.960835919 0.277117850 -0.097602435 0.275777497 0.956253385 -0.995225467 -0.027223315 -0.093729186 20.005474091 1.497319937 -5.446768761
0.000000000 0.500000000 0.666666667 0.500000000 0.500000000 0.000000000 0.000000000 -0.009722572 -0.958569097 0.284694148 -0.064752665 0.284713581 0.956423164 -0.997853979 -0.009135812 -0.064838052 19.752742767 1.581799626 -5.407268524
