0.000000000 0.500000000 0.666666667 0.500000000 0.500000000 0.000000000 0.000000000 -0.250910322 0.968010336 0.000000000 -0.000000000 0.000000000 1.000000000 0.968010336 0.250910322 0.000000000 -23.278427124 3.299210072 49.621131897
0.000000000 0.500000000 0.666666667 0.500000000 0.500000000 0.000000000 0.000000000 -0.240724159 0.970579453 0.005234999 -0.000529647 -0.005524965 0.999984597 0.970593426 0.240717679 0.001844057 -23.142370224 3.318536282 49.543144226
0.000000000 0.500000000 0.666666667 0.500000000 0.500000000 0.000000000 0.000000000 -0.230275590 0.973071172 0.010278516 0.000074036 -0.010544857 0.999944399 0.973125453 0.230263547 0.002356181 -22.999469757 3.338723183 49.461532593
0.000000000 0.500000000 0.666666667 0.500000000 0.500000000 0.000000000 0.000000000 -0.219597766 0.975472904 0.015147090 0.001606419 -0.015164504 0.999883722 0.975589176 0.219596565 0.001763073 -22.849639893 3.359615326 49.376445770
0.000000000 0.500000000 0.666666667 0.500000000 0.500000000 0.000000000 0.000000000 -0.208726888 0.977772240 0.019862839 0.003861574 -0.019486036 0.999802672 0.977966346 0.208762402 0.000291520 -22.692464828 3.380598783 49.288475037
0.000000000 0.500000000 0.666666667 0.500000000 0.500000000 0.000000000 0.000000000 -0.197702936 0.979956961 0.024452061 0.006631755 -0.023606742 0.999699326 0.980239547 0.197805652 -0.001831712 -22.527982712 3.401694775 49.197586060
0.000000000 0.500000000 0.666666667 0.500000000 0.500000000 0.000000000 0.000000000 -0.186567340 0.982015660 0.028946008 0.009708135 -0.027619092 0.999571377 0.982394208 0.186768384 -0.004380720 -22.356031418 3.422650099 49.104030609
0.000000000 0.500000000 0.666666667 0.500000000 0.500000000 0.000000000 0.000000000 -0.175364735 0.983937450 0.033381206 0.012880285 -0.031610755 0.999417259 0.984419274 0.175692503 -0.007129983 -22.175897598 3.442288637 49.008972168
0.000000000 0.500000000 0.666666667 0.500000000 0.500000000 0.000000000 0.000000000 -0.164140916 0.985712412 0.037799480 0.015934613 -0.035664670 0.999236768 0.986308191 0.164617958 -0.009852914 -21.987718582 3.460761070 48.912265778
0.000000000 0.500000000 0.666666667 0.500000000 0.500000000 0.000000000 0.000000000 -0.152943701 0.987331450 0.042247265 0.018659152 -0.039857470 0.999031140 0.988058733 0.153583818 -0.012326819 -21.791381836 3.477794647 48.814197540
0.000000000 0.500000000 0.666666667 0.500000000 0.500000000 0.000000000 0.000000000 -0.141823404 0.988786134 0.046777172 0.020838259 -0.044262158 0.998802597 0.989672617 0.142628339 -0.014327172 -21.586727142 3.493042469 48.715137482
0.000000000 0.500000000 0.666666667 0.500000000 0.500000000 0.000000000 0.000000000 -0.130831654 0.990068847 0.051446646 0.022256330 -0.048946486 0.998553402 0.991154748 0.131787407 -0.015631549 -21.374189377 3.505244732 48.616771698
0.000000000 0.500000000 0.666666667 0.500000000 0.500000000 0.000000000 0.000000000 -0.120023346 0.991172416 0.056317303 0.022696707 -0.053973002 0.998284416 0.992511590 0.121095653 -0.016018329 -21.153964996 3.514542103 48.519016266
0.000000000 0.500000000 0.666666667 0.500000000 0.500000000 0.000000000 0.000000000 -0.109454242 0.992090208 0.061455579 0.021942156 -0.059400424 0.997993052 0.993749622 0.110583041 -0.015266970 -20.926479340 3.521543503 48.421108246
0.000000000 0.500000000 0.666666667 0.500000000 0.500000000 0.000000000 0.000000000 -0.099185394 0.992815464 0.066930648 0.019774281 -0.065282462 0.997670877 0.994872472 0.100277884 -0.013157145 -20.691919327 3.526429892 48.322738647
0.000000000 0.500000000 0.666666667 0.500000000 0.500000000 0.000000000 0.000000000 -0.089279839 0.993341242 0.072816803 0.015975627 -0.071671164 0.997300368 0.995878451 0.090202110 -0.009470459 -20.450386047 3.529122353 48.223762512
0.000000000 0.500000000 0.666666667 0.500000000 0.500000000 0.000000000 0.000000000 -0.079805515 0.993660092 0.079187754 0.010328089 -0.078612608 0.996851738 0.996756946 0.080372125 -0.003988890 -20.202169418 3.529900551 48.123573303
0.000000000 0.500000000 0.666666667 0.500000000 0.500000000 0.000000000 0.000000000 -0.070835893 0.993763283 0.086120926 0.002614155 -0.086152562 0.996278526 0.997484557 0.070797413 0.003504843 -19.947580338 3.529381037 48.021423340
0.000000000 0.500000000 0.666666667 0.500000000 0.500000000 0.000000000 0.000000000 -0.062450404 0.993640599 0.093692624 -0.007381251 -0.094333119 0.995513325 0.998020773 0.061478641 0.013225452 -19.686782837 3.527728796 47.916919708
0.000000000 0.500000000 0.666666667 0.500000000 0.500000000 0.000000000 0.000000000 -0.054737632 0.993279643 0.101977167 -0.019872427 -0.103193761 0.994462737 0.998302999 0.052408001 0.025387459 -19.419982910 3.525150776 47.809528351
0.000000000 0.500000000 0.666666667 0.500000000 0.500000000 0.000000000 0.000000000 -0.047792885 0.992665379 0.111046324 -0.035068109 -0.112772351 0.993001825 0.998241488 0.043564237 0.040200613 -19.147474289 3.521907806 47.698535919
0.000000000 0.500000000 0.666666667 0.500000000 0.500000000 0.000000000 0.000000000 -0.041707567 0.991783342 0.120939161 -0.053083595 -0.123073147 0.990976858 0.997718703 0.034911349 0.057780507 -18.870521545 3.518441677 47.583034515
0.000000000 0.500000000 0.666666667 0.500000000 0.500000000 0.000000000 0.000000000 -0.036515021 0.990633656 0.131573604 -0.073676886 -0.133971769 0.988242522 0.996613450 0.026391763 0.077878785 -18.601205826 3.515326977 47.467323303
0.000000000 0.500000000 0.666666667 0.500000000 0.500000000 0.000000000 0.000000000 -0.032230943 0.989222170 0.142830895 -0.096509447 -0.145317640 0.984666802 0.994810079 0.017952209 0.100153010 -18.338914871 3.512108803 47.352859497
0.000000000 0.500000000 0.666666667 0.500000000 0.500000000 0.000000000 0.000000000 -0.028860369 0.987558122 0.154583425 -0.121235254 -0.156964417 0.980134779 0.992204159 0.009546090 0.124256910 -18.083028793 3.508332491 47.241142273
0.000000000 0.500000000 0.666666667 0.500000000 0.500000000 0.000000000 0.000000000 -0.026399896 0.985654617 0.166697396 -0.147501805 -0.168771078 0.974556074 0.988709393 0.001140013 0.149841374 -17.832988739 3.503601074 47.133449554
0.000000000 0.500000000 0.666666667 0.500000000 0.500000000 0.000000000 0.000000000 -0.024831693 0.983528977 0.179036698 -0.174952282 -0.180603496 0.967870899 0.984263728 -0.007289006 0.176555330 -17.588340759 3.497591496 47.030925751
0.000000000 0.500000000 0.666666667 0.500000000 0.500000000 0.000000000 0.000000000 -0.024125975 0.981203674 0.191460931 -0.203229218 -0.192331343 0.960055488 0.978833909 -0.015748180 0.204049437 -17.348381042 3.489633083 46.935478210
0.000000000 0.500000000 0.666666667 0.500000000 0.500000000 0.000000000 0.000000000 -0.024237351 0.978705815 0.203831987 -0.231975933 -0.203832700 0.951125332 0.972419517 -0.024231357 0.231976559 -17.112787247 3.479404926 46.848377228
0.000000000 0.500000000 0.666666667 0.500000000 0.500000000 0.000000000 0.000000000 -0.025105755 0.976067494 0.216013770 -0.260842246 -0.214992580 0.941137351 0.965054933 -0.032717553 0.259997188 -16.881772995 3.467072725 46.769638062
0.000000000 0.500000000 0.666666667 0.500000000 0.500000000 0.000000000 0.000000000 -0.026655397 0.973325354 0.227875504 -0.289486589 -0.225704668 0.930190796 0.956810851 -0.041172298 0.287780885 -16.655496597 3.452708721 46.699310303
0.000000000 0.500000000 0.666666667 0.500000000 0.500000000 0.000000000 0.000000000 -0.028795644 0.970520476 0.239292323 -0.317579507 -0.235870804 0.918427036 0.947794317 -0.049547640 0.315009466 -16.433807373 3.435938597 46.638660431
0.000000000 0.500000000 0.666666667 0.500000000 0.500000000 0.000000000 0.000000000 -0.031422147 0.967697667 0.250147703 -0.344808067 -0.245402275 0.906027108 0.938147134 -0.057783629 0.341381028 -16.216732025 3.416182756 46.589782715
0.000000000 0.500000000 0.666666667 0.500000000 0.500000000 0.000000000 0.000000000 -0.034418369 0.964904640 0.260335190 -0.370876229 -0.254220706 0.893209189 0.928044287 -0.065809330 0.366610056 -16.005319595 3.395469904 46.548923492
0.000000000 0.500000000 0.666666667 0.500000000 0.500000000 0.000000000 0.000000000 -0.037659074 0.962191981 0.269756161 -0.395507949 -0.262255844 0.880224593 0.917690175 -0.073542263 0.390430889 -15.799561501 3.373896360 46.516708374
0.000000000 0.500000000 0.666666667 0.500000000 0.500000000 0.000000000 0.000000000 -0.041006901 0.959611632 0.278323463 -0.418446783 -0.269446351 0.867352843 0.907315118 -0.080896105 0.412595560 -15.599523544 3.351957321 46.496364594
0.000000000 0.500000000 0.666666667 0.500000000 0.500000000 0.000000000 0.000000000 -0.044319478 0.957216287 0.285959374 -0.439456558 -0.275738945 0.854895297 0.897169838 -0.087778208 0.432875581 -15.406090736 3.330605984 46.480979919
0.000000000 0.500000000 0.666666667 0.500000000 0.500000000 0.000000000 0.000000000 -0.047452017 0.955058849 0.292593406 -0.458317313 -0.281086413 0.843170012 0.887521012 -0.094090506 0.451058123 -15.219066620 3.309926748 46.476882935
0.000000000 0.500000000 0.666666667 0.500000000 0.500000000 0.000000000 0.000000000 -0.050256293 0.953191624 0.298161087 -0.474824324 -0.285444473 0.832504243 0.878644505 -0.099735560 0.466943949 -15.039079666 3.290390015 46.477592468
0.000000000 0.500000000 0.666666667 0.500000000 0.500000000 0.000000000 0.000000000 -0.052586517 0.951664852 0.302603151 -0.488782253 -0.288772253 0.823226880 0.870819481 -0.104616416 0.480342417 -14.866172791 3.272200346 46.486476898
0.000000000 0.500000000 0.666666667 0.500000000 0.500000000 0.000000000 0.000000000 -0.054299476 0.950526369 0.305861389 -0.500000044 -0.291027169 0.815661169 0.864321423 -0.108640734 0.491065849 -14.700600624 3.255413055 46.499458313
0.000000000 0.500000000 0.666666667 0.500000000 0.500000000 0.000000000 0.000000000 -0.055601910 0.949626948 0.308410581 -0.500000006 -0.293849333 0.814648736 0.864238637 -0.108909267 0.491152065 -14.542600632 3.240228176 46.520088196
0.000000000 0.500000000 0.666666667 0.500000000 0.500000000 0.000000000 0.000000000 -0.056111442 0.949184079 0.309679011 -0.500000023 -0.295185801 0.814165413 0.864205695 -0.109155518 0.491155362 -14.391729355 3.226094246 46.540973663
0.000000000 0.500000000 0.666666667 0.500000000 0.500000000 0.000000000 0.000000000 -0.055886731 0.949167557 0.309770274 -0.499999997 -0.295154550 0.814176759 0.864220271 -0.109383459 0.491078998 -14.249316216 3.214622021 46.570804596
0.000000000 0.500000000 0.666666667 0.500000000 0.500000000 0.000000000 0.000000000 -0.055007689 0.949536883 0.308794207 -0.499999969 -0.293888809 0.814634519 0.864276683 -0.109585931 0.490934556 -14.113762856 3.203853607 46.599208832
0.000000000 0.500000000 0.666666667 0.500000000 0.500000000 0.000000000 0.000000000 -0.053566571 0.950244999 0.306863267 -0.500000026 -0.291529725 0.815481694 0.864367165 -0.109749083 0.490738772 -13.986166954 3.194927216 46.630928040
0.000000000 0.500000000 0.666666667 0.500000000 0.500000000 0.000000000 0.000000000 -0.051668792 0.951240997 0.304090285 -0.499999973 -0.288224994 0.816655607 0.864482714 -0.109849526 0.490512710 -13.866474152 3.187774658 46.665771484
0.000000000 0.500000000 0.666666667 0.500000000 0.500000000 0.000000000 0.000000000 -0.049422595 0.952471253 0.300592613 -0.500000005 -0.284127395 0.818090226 0.864614019 -0.109864166 0.490277944 -13.753502846 3.181143045 46.698680878
0.000000000 0.500000000 0.666666667 0.500000000 0.500000000 0.000000000 0.000000000 -0.046939996 0.953883633 0.296483812 -0.499999830 -0.279388338 0.819720883 0.864752454 -0.109764160 0.490056142 -13.648024559 3.175746441 46.732112885
0.000000000 0.500000000 0.666666667 0.500000000 0.500000000 0.000000000 0.000000000 -0.044354814 0.955413571 0.291920466 -0.499149685 -0.274314315 0.821949663 0.865379825 -0.109254584 0.489061544 -13.550830841 3.172297955 46.768642426
0.000000000 0.500000000 0.666666667 0.500000000 0.500000000 0.000000000 0.000000000 -0.041922460 0.956931339 0.287271507 -0.491737531 -0.270051317 0.827808243 0.869733700 -0.106558424 0.481880269 -13.460170746 3.169022083 46.802993774
0.000000000 0.500000000 0.666666667 0.500000000 0.500000000 0.000000000 0.000000000 -0.039552265 0.958497963 0.282342474 -0.483635359 -0.265623857 0.833990891 0.874375467 -0.103564575 0.474069532 -13.376048088 3.166041136 46.834941864
0.000000000 0.500000000 0.666666667 0.500000000 0.500000000 0.000000000 0.000000000 -0.037328023 0.960077116 0.277233748 -0.475063314 -0.261121747 0.840315584 0.879159523 -0.100336263 0.465844574 -13.298624992 3.163462400 46.864871979
0.000000000 0.500000000 0.666666667 0.500000000 0.500000000 0.000000000 0.000000000 -0.035328332 0.961634815 0.272048508 -0.466247496 -0.256637018 0.846611312 0.883948631 -0.096932570 0.457426382 -13.229389191 3.162377358 46.896503448
0.000000000 0.500000000 0.666666667 0.500000000 0.500000000 0.000000000 0.000000000 -0.033628247 0.963138833 0.266894604 -0.457420741 -0.252266895 0.852717819 0.888614318 -0.093407722 0.449042972 -13.166513443 3.161429405 46.925292969
0.000000000 0.500000000 0.666666667 0.500000000 0.500000000 0.000000000 0.000000000 -0.032296717 0.964559572 0.261881185 -0.448821940 -0.248110239 0.858487143 0.893037395 -0.089811705 0.440928645 -13.111746788 3.160646200 46.950439453
0.000000000 0.500000000 0.666666667 0.500000000 0.500000000 0.000000000 0.000000000 -0.031397483 0.965868617 0.257122563 -0.440695533 -0.244271816 0.863781643 0.897107377 -0.086192196 0.433323505 -13.065081596 3.160016298 46.971942902
0.000000000 0.500000000 0.666666667 0.500000000 0.500000000 0.000000000 0.000000000 -0.030990795 0.967039798 0.252732270 -0.433289628 -0.240858181 0.868474200 0.900721749 -0.082591566 0.426472700 -13.026517868 3.159525156 46.989784241
0.000000000 0.500000000 0.666666667 0.500000000 0.500000000 0.000000000 0.000000000 -0.031133908 0.968048096 0.248824365 -0.426855502 -0.237979144 0.872445017 0.903783746 -0.079049426 0.420625877 -12.996051788 3.159160137 47.003982544
0.000000000 0.500000000 0.666666667 0.500000000 0.500000000 0.000000000 0.000000000 -0.031879933 0.968868662 0.245514126 -0.421645097 -0.235748135 0.875578797 0.906200354 -0.075606434 0.416034356 -12.973680496 3.158906221 47.014518738
0.000000000 0.500000000 0.666666667 0.500000000 0.500000000 0.000000000 0.000000000 -0.033283264 0.969476999 0.242912686 -0.417909471 -0.234279640 0.877761200 0.907878791 -0.072300754 0.412951211 -12.959399223 3.158749819 47.021381378
0.000000000 0.500000000 0.666666667 0.500000000 0.500000000 0.000000000 0.000000000 -0.035383192 0.969855970 0.241096301 -0.415831392 -0.233659477 0.878912682 0.908753147 -0.069156674 0.411564177 -12.953207970 3.158679247 47.024578094
0.000000000 0.500000000 0.666666667 0.500000000 0.500000000 0.000000000 0.000000000 -0.038164100 0.970020178 0.240009076 -0.415330644 -0.233853079 0.879097943 0.908869604 -0.066133142 0.411803897 -12.948077202 3.158532619 47.027275085
0.000000000 0.500000000 0.666666667 0.500000000 0.500000000 0.000000000 0.000000000 -0.041599576 0.969990327 0.239558430 -0.416256572 -0.234792502 0.878409328 0.908295074 -0.063176315 0.413532117 -12.947793007 3.158408165 47.027770996
0.000000000 0.500000000 0.666666667 0.500000000 0.500000000 0.000000000 0.000000000 -0.045666203 0.969784648 0.239650442 -0.418454280 -0.236409135 0.876930292 0.907089088 -0.060236676 0.416606444 -12.941367149 3.158054829 47.031013489
0.000000000 0.500000000 0.666666667 0.500000000 0.500000000 0.000000000 0.000000000 -0.050343764 0.969420059 0.240187958 -0.421765638 -0.238632409 0.874739001 0.905306165 -0.057265373 0.420881724 -12.928813934 3.157485247 47.037025452
0.000000000 0.500000000 0.666666667 0.500000000 0.500000000 0.000000000 0.000000000 -0.055612065 0.968911984 0.241074399 -0.426030941 -0.241392103 0.871910253 0.902997749 -0.054216423 0.426210798 -12.910628319 3.157007456 47.046848297
0.000000000 0.500000000 0.666666667 0.500000000 0.500000000 0.000000000 0.000000000 -0.061450592 0.968275418 0.242211768 -0.431089810 -0.244616477 0.868518483 0.900214086 -0.051044050 0.432445493 -12.886475563 3.156427622 47.059783936
0.000000000 0.500000000 0.666666667 0.500000000 0.500000000 0.000000000 0.000000000 -0.067840505 0.967525148 0.243501033 -0.436782431 -0.248233467 0.864639378 0.897005448 -0.047699401 0.439438270 -12.856360435 3.155755520 47.075839996
0.000000000 0.500000000 0.666666667 0.500000000 0.500000000 0.000000000 0.000000000 -0.074758666 0.966675186 0.244847355 -0.442949807 -0.252172690 0.860351325 0.893424093 -0.044136372 0.447040681 -12.820282936 3.154999256 47.095020294
0.000000000 0.500000000 0.666666667 0.500000000 0.500000000 0.000000000 0.000000000 -0.082182099 0.965740038 0.246154995 -0.449435945 -0.256362467 0.855736885 0.889524274 -0.040304649 0.455106692 -12.778244019 3.154168129 47.117332458
0.000000000 0.500000000 0.666666667 0.500000000 0.500000000 0.000000000 0.000000000 -0.090084320 0.964734237 0.247331090 -0.456086568 -0.260731299 0.850884382 0.885364251 -0.036153047 0.463490129 -12.730247498 3.153270721 47.142791748
0.000000000 0.500000000 0.666666667 0.500000000 0.500000000 0.000000000 0.000000000 -0.098439475 0.963672129 0.248285516 -0.462751973 -0.265209026 0.845886981 0.881005268 -0.031625942 0.472048216 -12.676295280 3.152316332 47.171386719
0.000000000 0.500000000 0.666666667 0.500000000 0.500000000 0.000000000 0.000000000 -0.107216004 0.962568348 0.248931525 -0.469285749 -0.269723920 0.840844749 0.876513328 -0.026668003 0.480638329 -12.616386414 3.151314020 47.203144073
0.000000000 0.500000000 0.666666667 0.500000000 0.500000000 0.000000000 0.000000000 -0.116383941 0.961437141 0.249185477 -0.475546013 -0.274205063 0.835863370 0.871958008 -0.021218087 0.489120665 -12.550757408 3.150389910 47.238471985
0.000000000 0.500000000 0.666666667 0.500000000 0.500000000 0.000000000 0.000000000 -0.125909439 0.960292556 0.248967908 -0.481395647 -0.278579838 0.831054453 0.867412845 -0.015214467 0.497356488 -12.481107712 3.150409460 47.280437469
0.000000000 0.500000000 0.666666667 0.500000000 0.500000000 0.000000000 0.000000000 -0.135759931 0.959147953 0.248202428 -0.486702280 -0.282774484 0.826534622 0.862954305 -0.008590404 0.505208940 -12.405688286 3.150499105 47.325908661
0.000000000 0.500000000 0.666666667 0.500000000 0.500000000 0.000000000 0.000000000 -0.145899400 0.958015349 0.246819685 -0.491337823 -0.286714059 0.822424581 0.858662046 -0.001280594 0.512540585 -12.324499130 3.150666952 47.374881744
0.000000000 0.500000000 0.666666667 0.500000000 0.500000000 0.000000000 0.000000000 -0.156296137 0.956905593 0.244751308 -0.495178788 -0.290319858 0.818848184 0.854616572 0.006787152 0.519215225 -12.237542152 3.150923967 47.427371979
0.000000000 0.500000000 0.666666667 0.500000000 0.500000000 0.000000000 0.000000000 -0.166916490 0.955827348 0.241935872 -0.498105148 -0.293510018 0.815930837 0.850899610 0.015682808 0.525094185 -12.146826744 3.152130604 47.486541748
0.000000000 0.500000000 0.666666667 0.500000000 0.500000000 0.000000000 0.000000000 -0.177730266 0.954786619 0.238315893 -0.499999887 -0.296198168 0.813797738 0.847591922 0.025478569 0.530036581 -12.051757812 3.154046059 47.551467896
