0.000000000 0.500000000 0.666666667 0.500000000 0.500000000 0.000000000 0.000000000 -0.327141258 0.944975448 0.000000000 -0.000000000 -0.000000000 1.000000000 0.944975448 0.327141258 0.000000000 -7.570842266 -0.220975488 -16.777580261
0.000000000 0.500000000 0.666666667 0.500000000 0.500000000 0.000000000 0.000000000 -0.328776807 0.944340750 -0.011240927 -0.000520587 0.011721401 0.999931167 0.944407508 0.328760028 -0.003362113 -7.528722763 -0.221003413 -16.715009689
0.000000000 0.500000000 0.666666667 0.500000000 0.500000000 0.000000000 0.000000000 -0.330532601 0.943494649 -0.023791744 -0.000860333 0.024907386 0.999689393 0.943794183 0.330450404 -0.007420983 -7.486603737 -0.220963895 -16.652141571
0.000000000 0.500000000 0.666666667 0.500000000 0.500000000 0.000000000 0.000000000 -0.332388394 0.942400193 -0.037414325 -0.001060962 0.039296207 0.999227042 0.943141999 0.332171167 -0.012061752 -7.444502831 -0.220907360 -16.588962555
0.000000000 0.500000000 0.666666667 0.500000000 0.500000000 0.000000000 0.000000000 -0.334324232 0.941029653 -0.051870033 -0.001163244 0.054624902 0.998506268 0.942457402 0.333885178 -0.017167781 -7.402847767 -0.221174538 -16.525207520
0.000000000 0.500000000 0.666666667 0.500000000 0.500000000 0.000000000 0.000000000 -0.336318509 0.939367648 -0.066919976 -0.001205920 0.070629671 0.997501877 0.941747528 0.335559044 -0.022621263 -7.361439228 -0.221652746 -16.461011887
0.000000000 0.500000000 0.666666667 0.500000000 0.500000000 0.000000000 0.000000000 -0.338349286 0.937412501 -0.082325962 -0.001226663 0.087046387 0.996203504 0.941019796 0.337165731 -0.028302193 -7.320479393 -0.222518384 -16.396261215
0.000000000 0.500000000 0.666666667 0.500000000 0.500000000 0.000000000 0.000000000 -0.340393767 0.935177689 -0.097850772 -0.001260639 0.103611255 0.994617071 0.940282135 0.338684806 -0.034089704 -7.280351162 -0.224063486 -16.330751419
0.000000000 0.500000000 0.666666667 0.500000000 0.500000000 0.000000000 0.000000000 -0.342427794 0.932692602 -0.113259504 -0.001342176 0.120061566 0.992765541 0.939543189 0.340102528 -0.039860580 -7.240595341 -0.225994334 -16.264768600
0.000000000 0.500000000 0.666666667 0.500000000 0.500000000 0.000000000 0.000000000 -0.344426362 0.930002501 -0.128319251 -0.001502032 0.136136330 0.990688974 0.938812135 0.341412139 -0.045492047 -7.201935768 -0.228833154 -16.197923660
0.000000000 0.500000000 0.666666667 0.500000000 0.500000000 0.000000000 0.000000000 -0.346364284 0.927167578 -0.142800789 -0.001770494 0.151577051 0.988443859 0.938098421 0.342614477 -0.050859332 -7.164011002 -0.232345805 -16.130458832
0.000000000 0.500000000 0.666666667 0.500000000 0.500000000 0.000000000 0.000000000 -0.348215100 0.924262342 -0.156478006 -0.002175094 0.166127987 0.986101800 0.937412136 0.343715892 -0.055837916 -7.126809120 -0.236550212 -16.062381744
0.000000000 0.500000000 0.666666667 0.500000000 0.500000000 0.000000000 0.000000000 -0.349951952 0.921373478 -0.169128784 -0.002742164 0.179536733 0.983747448 0.936763637 0.344728119 -0.060302673 -7.090959549 -0.241870493 -15.993441582
0.000000000 0.500000000 0.666666667 0.500000000 0.500000000 0.000000000 0.000000000 -0.351549569 0.918596958 -0.180534013 -0.003496281 0.191553724 0.981475902 0.936162740 0.345668628 -0.064128956 -7.055429459 -0.247654259 -15.924118042
0.000000000 0.500000000 0.666666667 0.500000000 0.500000000 0.000000000 0.000000000 -0.352980648 0.916036487 -0.190477864 -0.004461273 0.201932183 0.979389346 0.935619986 0.346555260 -0.067191464 -7.021770954 -0.254908532 -15.853781700
0.000000000 0.500000000 0.666666667 0.500000000 0.500000000 0.000000000 0.000000000 -0.354220121 0.913798610 -0.198746589 -0.005660386 0.210427406 0.977593099 0.935144944 0.347408128 -0.069365169 -6.988233566 -0.262535155 -15.783178329
0.000000000 0.500000000 0.666666667 0.500000000 0.500000000 0.000000000 0.000000000 -0.355243980 0.911989357 -0.205127101 -0.007116497 0.216795469 0.976191108 0.934746527 0.348245801 -0.070525116 -6.955974102 -0.271276534 -15.711864471
0.000000000 0.500000000 0.666666667 0.500000000 0.500000000 0.000000000 0.000000000 -0.356030258 0.910709422 -0.209405838 -0.008853565 0.220791987 0.975280735 0.934432486 0.349083440 -0.070545603 -6.923857212 -0.280445546 -15.640280724
0.000000000 0.500000000 0.666666667 0.500000000 0.500000000 0.000000000 0.000000000 -0.356558011 0.910049711 -0.211366760 -0.010896114 0.222170584 0.974946925 0.934209644 0.349928213 -0.069300696 -6.892603397 -0.290503979 -15.568176270
0.000000000 0.500000000 0.666666667 0.500000000 0.500000000 0.000000000 0.000000000 -0.356810933 0.910084464 -0.210789533 -0.013270952 0.220681139 0.975255719 0.934082352 0.350779280 -0.066663756 -6.861495018 -0.301037580 -15.495810509
0.000000000 0.500000000 0.666666667 0.500000000 0.500000000 0.000000000 0.000000000 -0.356774330 0.910866394 -0.207447558 -0.016007103 0.216068076 0.976247079 0.934053451 0.351620532 -0.062507211 -6.830933571 -0.312313229 -15.423051834
0.000000000 0.500000000 0.666666667 0.500000000 0.500000000 0.000000000 0.000000000 -0.356451337 0.912394769 -0.201192022 -0.019121678 0.208167555 0.977906248 0.934118197 0.352423118 -0.056755084 -6.800479412 -0.324086905 -15.350053787
0.000000000 0.500000000 0.666666667 0.500000000 0.500000000 0.000000000 0.000000000 -0.355895529 0.914545721 -0.192209511 -0.022572998 0.197203299 0.980102708 0.934253088 0.353152916 -0.049539734 -6.770274639 -0.336416543 -15.276772499
0.000000000 0.500000000 0.666666667 0.500000000 0.500000000 0.000000000 0.000000000 -0.355171491 0.917156167 -0.180769957 -0.026305131 0.183495591 0.982668514 0.934430978 0.353771019 -0.041046490 -6.740047455 -0.349113375 -15.203288078
0.000000000 0.500000000 0.666666667 0.500000000 0.500000000 0.000000000 0.000000000 -0.354344236 0.920055914 -0.167144479 -0.030261422 0.167366205 0.985430261 0.934625277 0.354239563 -0.031463050 -6.709778786 -0.362134159 -15.129606247
0.000000000 0.500000000 0.666666667 0.500000000 0.500000000 0.000000000 0.000000000 -0.353475286 0.923076494 -0.151608072 -0.034383903 0.149140372 0.988218041 0.934811729 0.354523532 -0.020978463 -6.679203987 -0.375280857 -15.055812836
0.000000000 0.500000000 0.666666667 0.500000000 0.500000000 0.000000000 0.000000000 -0.352622938 0.926057486 -0.134441793 -0.038612296 0.129148772 0.990873193 0.934968531 0.354595722 -0.009783614 -6.648394585 -0.388579041 -14.981882095
0.000000000 0.500000000 0.666666667 0.500000000 0.500000000 0.000000000 0.000000000 -0.351842165 0.928852232 -0.115933694 -0.042883953 0.107727951 0.993255081 0.935076498 0.354440713 0.001929620 -6.616621017 -0.401511222 -14.908053398
0.000000000 0.500000000 0.666666667 0.500000000 0.500000000 0.000000000 0.000000000 -0.351182776 0.931333321 -0.096378957 -0.047132424 0.085220556 0.995246699 0.935119881 0.354056072 0.013968006 -6.583945274 -0.414088666 -14.834322929
0.000000000 0.500000000 0.666666667 0.500000000 0.500000000 0.000000000 0.000000000 -0.350690441 0.933395965 -0.076080132 -0.051289571 0.061974551 0.996759015 0.935085875 0.353455976 0.026139596 -6.550048828 -0.425982416 -14.760795593
0.000000000 0.500000000 0.666666667 0.500000000 0.500000000 0.000000000 0.000000000 -0.350403157 0.934962305 -0.055345427 -0.055283956 0.038342031 0.997734220 0.934965942 0.352668934 0.038253247 -6.514804363 -0.436622947 -14.687492371
0.000000000 0.500000000 0.666666667 0.500000000 0.500000000 0.000000000 0.000000000 -0.350356273 0.935981346 -0.034487698 -0.059042309 0.014677609 0.998147571 0.934753704 0.351743496 0.050120107 -6.478631496 -0.445587695 -14.614220619
0.000000000 0.500000000 0.666666667 0.500000000 0.500000000 0.000000000 0.000000000 -0.350577386 0.936431760 -0.013822299 -0.062489180 -0.008663234 0.998008041 0.934446681 0.350742794 0.061553987 -6.442186356 -0.453018725 -14.540695190
0.000000000 0.500000000 0.666666667 0.500000000 0.500000000 0.000000000 0.000000000 -0.351090605 0.936320061 0.006334817 -0.065548834 -0.031326529 0.997357508 0.934044291 0.349747611 0.072373138 -6.405916691 -0.459102571 -14.466725349
0.000000000 0.500000000 0.666666667 0.500000000 0.500000000 0.000000000 0.000000000 -0.351914268 0.935680205 0.025669078 -0.068144992 -0.052960931 0.996268739 0.933548396 0.348851965 0.082399627 -6.370054722 -0.464140624 -14.392226219
0.000000000 0.500000000 0.666666667 0.500000000 0.500000000 0.000000000 0.000000000 -0.353064650 0.934569920 0.043868177 -0.070201538 -0.073218269 0.994842113 0.932961466 0.348163969 0.091459028 -6.334856033 -0.468246102 -14.317079544
0.000000000 0.500000000 0.666666667 0.500000000 0.500000000 0.000000000 0.000000000 -0.354554287 0.933067956 0.060625466 -0.071643902 -0.091756357 0.993200847 0.932286656 0.347800173 0.099381239 -6.300535679 -0.471675932 -14.241212845
0.000000000 0.500000000 0.666666667 0.500000000 0.500000000 0.000000000 0.000000000 -0.356395154 0.931268666 0.075638395 -0.072399270 -0.108236339 0.991485371 0.931526081 0.347884416 0.105998078 -6.266456127 -0.474708557 -14.164912224
0.000000000 0.500000000 0.666666667 0.500000000 0.500000000 0.000000000 0.000000000 -0.358598856 0.929276615 0.088610571 -0.072397260 -0.122323551 0.989846243 0.930680126 0.348542568 0.111142166 -6.233458042 -0.477219313 -14.087804794
0.000000000 0.500000000 0.666666667 0.500000000 0.500000000 0.000000000 0.000000000 -0.361180598 0.927198847 0.099251565 -0.071571253 -0.133686486 0.988435875 0.929745197 0.349900301 0.114645748 -6.200416088 -0.479391098 -14.010375977
0.000000000 0.500000000 0.666666667 0.500000000 0.500000000 0.000000000 0.000000000 -0.364158615 0.925138017 0.107276057 -0.069857743 -0.141993540 0.987399479 0.928713303 0.352075963 0.116336225 -6.168410301 -0.481174231 -13.932168007
0.000000000 0.500000000 0.666666667 0.500000000 0.500000000 0.000000000 0.000000000 -0.367538418 0.923180006 0.112490835 -0.067224778 -0.147012496 0.986847585 0.927575517 0.355142229 0.116093311 -6.136330605 -0.482548475 -13.853634834
0.000000000 0.500000000 0.666666667 0.500000000 0.500000000 0.000000000 0.000000000 -0.371255190 0.921373906 0.115063937 -0.063747068 -0.148919617 0.986792409 0.926340054 0.359016815 0.114022066 -6.104681492 -0.483531803 -13.774589539
0.000000000 0.500000000 0.666666667 0.500000000 0.500000000 0.000000000 0.000000000 -0.375231700 0.919738152 0.115251480 -0.059528066 -0.147990572 0.987195624 0.925017611 0.363566395 0.110280987 -6.073235989 -0.484160483 -13.695138931
0.000000000 0.500000000 0.666666667 0.500000000 0.500000000 0.000000000 0.000000000 -0.379393941 0.918271254 0.113305523 -0.054670600 -0.144496366 0.987993889 0.923618624 0.368644414 0.105023486 -6.041727066 -0.484470576 -13.615406990
0.000000000 0.500000000 0.666666667 0.500000000 0.500000000 0.000000000 0.000000000 -0.383671302 0.916957787 0.109474873 -0.049276651 -0.138706903 0.989106772 0.922154078 0.374097328 0.098402467 -6.010646820 -0.484491915 -13.535226822
0.000000000 0.500000000 0.666666667 0.500000000 0.500000000 0.000000000 0.000000000 -0.387992927 0.915775130 0.104006731 -0.043445979 -0.130894107 0.990443931 0.920637787 0.379766566 0.090572735 -5.979534626 -0.484262049 -13.454790115
0.000000000 0.500000000 0.666666667 0.500000000 0.500000000 0.000000000 0.000000000 -0.392288118 0.914698283 0.097144654 -0.037275256 -0.121331353 0.991911921 0.919086823 0.385494169 0.081692461 -5.948353291 -0.483815402 -13.374133110
0.000000000 0.500000000 0.666666667 0.500000000 0.500000000 0.000000000 0.000000000 -0.396484268 0.913704638 0.089129457 -0.030856715 -0.110295124 0.993419775 0.917522800 0.391125070 0.071924205 -5.917452335 -0.483183771 -13.293139458
0.000000000 0.500000000 0.666666667 0.500000000 0.500000000 0.000000000 0.000000000 -0.400505843 0.912777675 0.080199666 -0.024278635 -0.098066675 0.994883649 0.915972498 0.396509576 0.061437272 -5.886991978 -0.482392937 -13.213249207
0.000000000 0.500000000 0.666666667 0.500000000 0.500000000 0.000000000 0.000000000 -0.404274586 0.911909526 0.070590906 -0.017623706 -0.084931299 0.996230937 0.914467859 0.401506776 0.050406791 -5.856954098 -0.481478631 -13.134489059
0.000000000 0.500000000 0.666666667 0.500000000 0.500000000 0.000000000 0.000000000 -0.407708457 0.911103218 0.060537090 -0.010969298 -0.071179819 0.997403182 0.913046268 0.405985663 0.039014777 -5.827512264 -0.480475873 -13.056811333
0.000000000 0.500000000 0.666666667 0.500000000 0.500000000 0.000000000 0.000000000 -0.410720623 0.910374448 0.050268626 -0.004387843 -0.057106486 0.998358451 0.911750688 0.409825834 0.027449392 -5.798565388 -0.479422212 -12.980265617
0.000000000 0.500000000 0.666666667 0.500000000 0.500000000 0.000000000 0.000000000 -0.413220420 0.909751540 0.040012754 0.002053830 -0.043008404 0.999072599 0.910628720 0.412919378 0.015903476 -5.770042419 -0.478355467 -12.904899597
0.000000000 0.500000000 0.666666667 0.500000000 0.500000000 0.000000000 0.000000000 -0.415113383 0.909275110 0.029994223 0.008292987 -0.029185758 0.999539603 0.909731887 0.415171008 0.004574792 -5.741713524 -0.477305353 -12.830810547
0.000000000 0.500000000 0.666666667 0.500000000 0.500000000 0.000000000 0.000000000 -0.416300357 0.908997478 0.020435206 0.014271395 -0.015939914 0.999771097 0.909115141 0.416496704 -0.006336871 -5.711514950 -0.476242244 -12.758842468
0.000000000 0.500000000 0.666666667 0.500000000 0.500000000 0.000000000 0.000000000 -0.416677086 0.908981114 0.011555996 0.019932973 -0.003573246 0.999794933 0.908836004 0.416821984 -0.016629807 -5.681797981 -0.475280225 -12.688068390
0.000000000 0.500000000 0.666666667 0.500000000 0.500000000 0.000000000 0.000000000 -0.416136032 0.909295347 0.003574199 0.025222788 0.007613755 0.999652861 0.908952482 0.416081726 -0.026103322 -5.652570725 -0.474456847 -12.618497849
0.000000000 0.500000000 0.666666667 0.500000000 0.500000000 0.000000000 0.000000000 -0.414566070 0.910013265 -0.003291090 0.030085452 0.017320093 0.999397258 0.909521764 0.414217180 -0.034558483 -5.622581482 -0.473769248 -12.550717354
0.000000000 0.500000000 0.666666667 0.500000000 0.500000000 0.000000000 0.000000000 -0.411851340 0.911208352 -0.008821173 0.034460872 0.025247657 0.999087085 0.910599211 0.411171369 -0.041799316 -5.589224815 -0.473170429 -12.485963821
0.000000000 0.500000000 0.666666667 0.500000000 0.500000000 0.000000000 0.000000000 -0.407873231 0.912948944 -0.012792696 0.038286367 0.031100434 0.998782718 0.912235486 0.406886949 -0.047638533 -5.556464672 -0.472824812 -12.422394753
0.000000000 0.500000000 0.666666667 0.500000000 0.500000000 0.000000000 0.000000000 -0.402553375 0.915272787 -0.015050127 0.041507820 0.034675139 0.998536297 0.914454964 0.401339458 -0.051949572 -5.524309158 -0.472757757 -12.360012054
0.000000000 0.500000000 0.666666667 0.500000000 0.500000000 0.000000000 0.000000000 -0.395987395 0.918121413 -0.015717936 0.044145116 0.036131658 0.998371530 0.917194195 0.394648671 -0.054838258 -5.490402698 -0.472869188 -12.300219536
0.000000000 0.500000000 0.666666667 0.500000000 0.500000000 0.000000000 0.000000000 -0.388319310 0.921402988 -0.014988226 0.046229840 0.035722224 0.998291903 0.920364556 0.386963120 -0.056467942 -5.451517105 -0.473017842 -12.244929314
0.000000000 0.500000000 0.666666667 0.500000000 0.500000000 0.000000000 0.000000000 -0.379695584 0.925019450 -0.013049140 0.047793520 0.033700692 0.998288557 0.923876097 0.378422092 -0.057005939 -5.416873455 -0.473357677 -12.195758820
0.000000000 0.500000000 0.666666667 0.500000000 0.500000000 0.000000000 0.000000000 -0.370267406 0.928870425 -0.010088653 0.048865514 0.030322059 0.998344998 0.927639051 0.369161626 -0.056617001 -5.386457443 -0.473856688 -12.152688026
0.000000000 0.500000000 0.666666667 0.500000000 0.500000000 0.000000000 0.000000000 -0.360190155 0.932857666 -0.006294964 0.049478897 0.025842056 0.998440798 0.931565827 0.359317078 -0.055464823 -5.360260963 -0.474482954 -12.115705490
0.000000000 0.500000000 0.666666667 0.500000000 0.500000000 0.000000000 0.000000000 -0.349622973 0.936888639 -0.001859005 0.049669345 0.020516699 0.998554967 0.935572944 0.349025420 -0.053707754 -5.333989143 -0.475038558 -12.088529587
0.000000000 0.500000000 0.666666667 0.500000000 0.500000000 0.000000000 0.000000000 -0.338728381 0.940879337 0.003026159 0.049481025 0.014601765 0.998668322 0.939582201 0.338427041 -0.051501707 -5.310950756 -0.475620121 -12.068249702
0.000000000 0.500000000 0.666666667 0.500000000 0.500000000 0.000000000 0.000000000 -0.327671138 0.944756579 0.008162853 0.048962873 0.008352356 0.998765676 0.943522264 0.327666362 -0.048994822 -5.293299675 -0.476279706 -12.052941322
0.000000000 0.500000000 0.666666667 0.500000000 0.500000000 0.000000000 0.000000000 -0.316618878 0.948458888 0.013350033 0.048173379 0.002022328 0.998836942 0.947328777 0.316893748 -0.046330777 -5.281027794 -0.476985604 -12.042599678
0.000000000 0.500000000 0.666666667 0.500000000 0.500000000 0.000000000 0.000000000 -0.305740884 0.951937293 0.018382127 0.047177952 -0.004136062 0.998877937 0.950945189 0.306265055 -0.043645889 -5.274130821 -0.477706254 -12.037199020
0.000000000 0.500000000 0.666666667 0.500000000 0.500000000 0.000000000 0.000000000 -0.295206947 0.955155245 0.023050305 0.046051070 -0.009872877 0.998890297 0.954322879 0.295940846 -0.041071379 -5.272602558 -0.478410393 -12.036718369
0.000000000 0.500000000 0.666666667 0.500000000 0.500000000 0.000000000 0.000000000 -0.285188496 0.958087095 0.027141112 0.044873037 -0.014939630 0.998880983 0.957420457 0.286087269 -0.038731667 -5.265032768 -0.478990555 -12.030663490
0.000000000 0.500000000 0.666666667 0.500000000 0.500000000 0.000000000 0.000000000 -0.275856096 0.960716843 0.030439462 0.043730610 -0.019091404 0.998860927 0.960203649 0.276873013 -0.036746254 -5.251419544 -0.479416072 -12.019018173
0.000000000 0.500000000 0.666666667 0.500000000 0.500000000 0.000000000 0.000000000 -0.267382049 0.963034672 0.032727056 0.042714762 -0.022084393 0.998843195 0.962643386 0.268470668 -0.035230826 -5.231763840 -0.479656488 -12.001757622
0.000000000 0.500000000 0.666666667 0.500000000 0.500000000 0.000000000 0.000000000 -0.259937338 0.965034285 0.033784749 0.041919715 -0.023676954 0.998840397 0.964715148 0.261052161 -0.034299437 -5.206061840 -0.479681581 -11.978861809
0.000000000 0.500000000 0.666666667 0.500000000 0.500000000 0.000000000 0.000000000 -0.253694062 0.966707984 0.033391561 0.041438635 -0.023627418 0.998861644 0.966396483 0.254788969 -0.034064924 -5.173635006 -0.479414970 -11.951203346
0.000000000 0.500000000 0.666666667 0.500000000 0.500000000 0.000000000 0.000000000 -0.248824390 0.968041802 0.031328770 0.041363602 -0.021695659 0.998908580 0.967664960 0.249848689 -0.034643287 -5.130085468 -0.478527516 -11.924540520
0.000000000 0.500000000 0.666666667 0.500000000 0.500000000 0.000000000 0.000000000 -0.245501017 0.969009655 0.027377723 0.041779230 -0.017639361 0.998971145 0.968495610 0.246392252 -0.036153996 -5.079575062 -0.477272332 -11.893376350
0.000000000 0.500000000 0.666666667 0.500000000 0.500000000 0.000000000 0.000000000 -0.243899512 0.969566029 0.021324696 0.042763181 -0.011215252 0.999022286 0.968857233 0.244572960 -0.038726334 -5.022098064 -0.475618929 -11.857692719
