0.000000000 0.500000000 0.666666667 0.500000000 0.500000000 0.000000000 0.000000000 0.987523626 -0.134678378 0.081601603 -0.112015798 -0.236576589 0.965134176 -0.110677677 -0.962233471 -0.248711077 11.527089119 3.482367992 -2.548025846
0.000000000 0.500000000 0.666666667 0.500000000 0.500000000 0.000000000 0.000000000 0.993025506 -0.106953591 0.049611232 -0.075593060 -0.254662749 0.964070834 -0.090476705 -0.961097193 -0.260971555 11.391968727 3.459963799 -2.651446581
0.000000000 0.500000000 0.666666667 0.500000000 0.500000000 0.000000000 0.000000000 0.996647730 -0.079638885 0.018733691 -0.039759047 -0.271354391 0.961657950 -0.071501898 -0.959179046 -0.273611104 11.263541222 3.438779831 -2.751549244
0.000000000 0.500000000 0.666666667 0.500000000 0.500000000 0.000000000 0.000000000 0.998529195 -0.053142164 -0.010740402 -0.004944542 -0.286536724 0.958056500 -0.053990716 -0.956594280 -0.286378048 11.142067909 3.418869019 -2.848589182
0.000000000 0.500000000 0.666666667 0.500000000 0.500000000 0.000000000 0.000000000 0.998867702 -0.027879991 -0.038548938 0.028419560 -0.300141025 0.953471391 -0.038152892 -0.953487321 -0.299008838 11.027360916 3.399871111 -2.942178965
0.000000000 0.500000000 0.666666667 0.500000000 0.500000000 0.000000000 0.000000000 0.997911247 -0.004272323 -0.064458445 0.059907592 -0.312138269 0.948145970 -0.024170733 -0.950027078 -0.311230345 10.919040680 3.381701469 -3.031796694
0.000000000 0.500000000 0.666666667 0.500000000 0.500000000 0.000000000 0.000000000 0.995947458 0.017262741 -0.088264712 0.089105542 -0.322536455 0.942353669 -0.012200980 -0.946399616 -0.322767569 10.817249298 3.364176512 -3.117524385
0.000000000 0.500000000 0.666666667 0.500000000 0.500000000 0.000000000 0.000000000 0.993291252 0.036312892 -0.109790083 0.115615017 -0.331371897 0.936389787 -0.002378327 -0.942801167 -0.333347122 10.721908569 3.346947670 -3.199150085
0.000000000 0.500000000 0.666666667 0.500000000 0.500000000 0.000000000 0.000000000 0.990271273 0.052473066 -0.128877393 0.139053882 -0.338697320 0.930563347 0.005179084 -0.939431053 -0.342698810 10.632634163 3.330419302 -3.276271820
0.000000000 0.500000000 0.666666667 0.500000000 0.500000000 0.000000000 0.000000000 0.987199843 0.064362144 -0.145924586 0.159146299 -0.337661074 0.927716257 0.010436755 -0.939064701 -0.343581956 10.549817085 3.314772367 -3.349343538
0.000000000 0.500000000 0.666666667 0.500000000 0.500000000 0.000000000 0.000000000 0.984296625 0.073216559 -0.160622197 0.175993948 -0.336681595 0.925025207 0.013648625 -0.938767724 -0.344280229 10.472887993 3.299562216 -3.417640209
0.000000000 0.500000000 0.666666667 0.500000000 0.500000000 0.000000000 0.000000000 0.981706332 0.079381849 -0.173064150 0.189799813 -0.335803173 0.922611652 0.015123128 -0.938581244 -0.344726761 10.401883125 3.284475088 -3.481186390
0.000000000 0.500000000 0.666666667 0.500000000 0.500000000 0.000000000 0.000000000 0.979520338 0.083194402 -0.183353754 0.200774346 -0.335055746 0.920558151 0.015151556 -0.938518161 -0.344897220 10.336573601 3.269911528 -3.539848566
0.000000000 0.500000000 0.666666667 0.500000000 0.500000000 0.000000000 0.000000000 0.977787271 0.084980006 -0.191599716 0.209131169 -0.334457256 0.918913760 0.014007382 -0.938571650 -0.344800016 10.276951790 3.255547524 -3.593587160
0.000000000 0.500000000 0.666666667 0.500000000 0.500000000 0.000000000 0.000000000 0.976522373 0.085056583 -0.197912688 0.215084261 -0.334015326 0.917699582 0.011950520 -0.938722078 -0.344467772 10.222854614 3.242457151 -3.642532826
0.000000000 0.500000000 0.666666667 0.500000000 0.500000000 0.000000000 0.000000000 0.975715395 0.083734885 -0.202405376 0.218847645 -0.333729251 0.916913570 0.009229057 -0.938942627 -0.343949950 10.174279213 3.229218006 -3.686313391
0.000000000 0.500000000 0.666666667 0.500000000 0.500000000 0.000000000 0.000000000 0.975337810 0.081320081 -0.205190644 0.220633531 -0.333591645 0.916535575 0.006082863 -0.939203737 -0.343306481 10.131146431 3.217368603 -3.725324392
0.000000000 0.500000000 0.666666667 0.500000000 0.500000000 0.000000000 0.000000000 0.975348921 0.078112039 -0.206380696 0.220651182 -0.333590256 0.916531831 0.002745581 -0.939476477 -0.342602410 10.093422890 3.206952333 -3.759573221
0.000000000 0.500000000 0.666666667 0.500000000 0.500000000 0.000000000 0.000000000 0.975700343 0.074406777 -0.206088504 0.219108499 -0.333709197 0.916858570 -0.000553138 -0.939734964 -0.341903335 10.061035156 3.197226524 -3.788779736
0.000000000 0.500000000 0.666666667 0.500000000 0.500000000 0.000000000 0.000000000 0.976340119 0.070495856 -0.204426774 0.216210793 -0.333930221 0.917465804 -0.003586741 -0.939957947 -0.341271436 10.033975601 3.188776255 -3.813158274
0.000000000 0.500000000 0.666666667 0.500000000 0.500000000 0.000000000 0.000000000 0.977215727 0.066668374 -0.201506205 0.212159993 -0.334234011 0.918300475 -0.006128628 -0.940129222 -0.340763094 10.012221336 3.181939602 -3.832831621
0.000000000 0.500000000 0.666666667 0.500000000 0.500000000 0.000000000 0.000000000 0.978275126 0.063211969 -0.197438662 0.207158264 -0.334600827 0.919308295 -0.007951852 -0.940237488 -0.340426548 9.995733261 3.176721096 -3.847799540
0.000000000 0.500000000 0.666666667 0.500000000 0.500000000 0.000000000 0.000000000 0.979468560 0.060412183 -0.192332283 0.201403591 -0.335011572 0.920436766 -0.008827946 -0.940275287 -0.340300533 9.984479904 3.173121214 -3.858060121
0.000000000 0.500000000 0.666666667 0.500000000 0.500000000 0.000000000 0.000000000 0.980747702 0.058554216 -0.186293718 0.195092926 -0.335448128 0.921636210 -0.008526193 -0.940237181 -0.340413494 9.978425026 3.171143770 -3.863613129
0.000000000 0.500000000 0.666666667 0.500000000 0.500000000 0.000000000 0.000000000 0.982064392 0.057923674 -0.179427916 0.188422686 -0.335893889 0.922860871 -0.006813248 -0.940117090 -0.340783563 9.977530479 3.170790911 -3.864458322
0.000000000 0.500000000 0.666666667 0.500000000 0.500000000 0.000000000 0.000000000 0.983368604 0.058806907 -0.171836947 0.181588178 -0.336333931 0.924069922 -0.003452902 -0.939904907 -0.341418867 9.971932411 3.169058085 -3.869282722
0.000000000 0.500000000 0.666666667 0.500000000 0.500000000 0.000000000 0.000000000 0.984605412 0.061490824 -0.163618646 0.174782625 -0.336755430 0.925227980 0.001793563 -0.939582172 -0.342318747 9.961592674 3.165946007 -3.878084660
0.000000000 0.500000000 0.666666667 0.500000000 0.500000000 0.000000000 0.000000000 0.985709934 0.066265722 -0.154870203 0.168201873 -0.337147200 0.926304429 0.009168176 -0.939116936 -0.343475363 9.946477890 3.161457539 -3.890859842
0.000000000 0.500000000 0.666666667 0.500000000 0.500000000 0.000000000 0.000000000 0.986602619 0.073421202 -0.145686644 0.162041958 -0.337499963 0.927273519 0.018912299 -0.938457832 -0.344875663 9.926437378 3.155214071 -3.907338142
0.000000000 0.500000000 0.666666667 0.500000000 0.500000000 0.000000000 0.000000000 0.987187867 0.082798507 -0.136398396 0.156484443 -0.335292623 0.929027166 0.031188686 -0.938468574 -0.343953488 9.901551247 3.147725820 -3.927762270
0.000000000 0.500000000 0.666666667 0.500000000 0.500000000 0.000000000 0.000000000 0.987371409 0.094742644 -0.126970593 0.151646951 -0.333346040 0.930528678 0.045835603 -0.938032115 -0.343503782 9.871798515 3.138716459 -3.952047110
0.000000000 0.500000000 0.666666667 0.500000000 0.500000000 0.000000000 0.000000000 0.987058592 0.109045848 -0.117576952 0.147633990 -0.331688463 0.931765512 0.062606241 -0.937065508 -0.343494821 9.837202072 3.128180981 -3.980181217
0.000000000 0.500000000 0.666666667 0.500000000 0.500000000 0.000000000 0.000000000 0.986155405 0.125496709 -0.108388624 0.144554699 -0.330338073 0.932727557 0.081249350 -0.935482407 -0.343905815 9.797792435 3.116119385 -4.012154579
0.000000000 0.500000000 0.666666667 0.500000000 0.500000000 0.000000000 0.000000000 0.984572608 0.143881116 -0.099574108 0.142522115 -0.329301215 0.933406748 0.101509730 -0.933198229 -0.344727197 9.753138542 3.101967096 -4.047196388
0.000000000 0.500000000 0.666666667 0.500000000 0.500000000 0.000000000 0.000000000 0.982229871 0.163979154 -0.091297962 0.141650077 -0.328574054 0.933795666 0.123124882 -0.930134360 -0.345962910 9.703596115 3.086130381 -4.085844994
0.000000000 0.500000000 0.666666667 0.500000000 0.500000000 0.000000000 0.000000000 0.979057832 0.185570371 -0.083722158 0.142055014 -0.328139979 0.933886785 0.145829130 -0.926222323 -0.347629218 9.649265289 3.068698168 -4.128208637
0.000000000 0.500000000 0.666666667 0.500000000 0.500000000 0.000000000 0.000000000 0.975000451 0.208432829 -0.077005690 0.143854221 -0.327971276 0.933670609 0.169351952 -0.921406858 -0.349756084 9.589351654 3.049335241 -4.173127651
0.000000000 0.500000000 0.666666667 0.500000000 0.500000000 0.000000000 0.000000000 0.970016516 0.232344186 -0.071303139 0.147163560 -0.328029183 0.933134364 0.193418834 -0.915648969 -0.352386322 9.524430275 3.028272629 -4.221364498
0.000000000 0.500000000 0.666666667 0.500000000 0.500000000 0.000000000 0.000000000 0.964080112 0.257083005 -0.066767251 0.152099175 -0.328265118 0.932259542 0.217750725 -0.908928127 -0.355575984 9.454109192 3.005604744 -4.272396088
0.000000000 0.500000000 0.666666667 0.500000000 0.500000000 0.000000000 0.000000000 0.957180112 0.282432927 -0.063544269 0.158772953 -0.328620609 0.931020754 0.242068961 -0.901243661 -0.359391821 9.377986908 2.981348753 -4.325664043
0.000000000 0.500000000 0.666666667 0.500000000 0.500000000 0.000000000 0.000000000 0.949320171 0.308179822 -0.061777099 0.167293465 -0.329030308 0.929382565 0.266090416 -0.892616521 -0.363911579 9.296280861 2.955715895 -4.381446838
0.000000000 0.500000000 0.666666667 0.500000000 0.500000000 0.000000000 0.000000000 0.940515624 0.334118540 -0.061604892 0.177765868 -0.329420474 0.927297928 0.289533517 -0.883089436 -0.369219975 9.208194733 2.928958654 -4.438709736
0.000000000 0.500000000 0.666666667 0.500000000 0.500000000 0.000000000 0.000000000 0.930792893 0.360049009 -0.063160917 0.190287161 -0.329712570 0.924705584 0.312114381 -0.872728098 -0.375406821 9.113651276 2.901442766 -4.497293472
0.000000000 0.500000000 0.666666667 0.500000000 0.500000000 0.000000000 0.000000000 0.920184621 0.385782359 -0.066575038 0.204949435 -0.329824960 0.921526573 0.333550586 -0.861619096 -0.382565733 9.012709618 2.873159170 -4.557259083
0.000000000 0.500000000 0.666666667 0.500000000 0.500000000 0.000000000 0.000000000 0.908727604 0.411137637 -0.071972116 0.221834986 -0.329674211 0.917662331 0.353558172 -0.849871024 -0.390788768 8.903458595 2.845727444 -4.615877152
0.000000000 0.500000000 0.666666667 0.500000000 0.500000000 0.000000000 0.000000000 0.896456869 0.435946274 -0.079472818 0.241017379 -0.329177508 0.912991123 0.371854414 -0.837611494 -0.400164066 8.786888123 2.818837881 -4.674229145
0.000000000 0.500000000 0.666666667 0.500000000 0.500000000 0.000000000 0.000000000 0.883402473 0.460048562 -0.089193000 0.262557872 -0.328255907 0.907365099 0.388153880 -0.824986897 -0.410771452 8.662353516 2.793287992 -4.731242180
0.000000000 0.500000000 0.666666667 0.500000000 0.500000000 0.000000000 0.000000000 0.869582898 0.483296083 -0.101244653 0.286504561 -0.326834303 0.900607836 0.402170014 -0.812160227 -0.422676053 8.528877258 2.771379232 -4.784998417
0.000000000 0.500000000 0.666666667 0.500000000 0.500000000 0.000000000 0.000000000 0.854999313 0.505551038 -0.115733845 0.312889651 -0.324847127 0.892510174 0.413613638 -0.799307508 -0.435925758 8.387251854 2.753690720 -4.836322308
0.000000000 0.500000000 0.666666667 0.500000000 0.500000000 0.000000000 0.000000000 0.839639544 0.526573646 -0.133137643 0.341628165 -0.321442562 0.883156201 0.422250676 -0.787016439 -0.449788275 8.237871170 2.741091967 -4.885542393
0.000000000 0.500000000 0.666666667 0.500000000 0.500000000 0.000000000 0.000000000 0.823517631 0.546380378 -0.152601419 0.372230429 -0.317442686 0.872166640 0.428092535 -0.775047497 -0.464799052 8.081026077 2.734584808 -4.932717323
0.000000000 0.500000000 0.666666667 0.500000000 0.500000000 0.000000000 0.000000000 0.806677387 0.564906112 -0.173645264 0.404110322 -0.312849299 0.859546487 0.431238265 -0.763548558 -0.480652846 7.917186737 2.735131741 -4.978229046
0.000000000 0.500000000 0.666666667 0.500000000 0.500000000 0.000000000 0.000000000 0.789197944 0.582083857 -0.195818766 0.436691007 -0.307685246 0.845358358 0.431818908 -0.752667372 -0.497015349 7.746917725 2.743476391 -5.022663593
0.000000000 0.500000000 0.666666667 0.500000000 0.500000000 0.000000000 0.000000000 0.771197656 0.597848345 -0.218704209 0.469416079 -0.301995952 0.829727058 0.430003163 -0.742546835 -0.513538196 7.570840836 2.760355711 -5.066692352
0.000000000 0.500000000 0.666666667 0.500000000 0.500000000 0.000000000 0.000000000 0.752839415 0.612134593 -0.241917454 0.501755531 -0.295850666 0.812843017 0.425997889 -0.733323683 -0.529869960 7.389755249 2.786995888 -5.111116886
0.000000000 0.500000000 0.666666667 0.500000000 0.500000000 0.000000000 0.000000000 0.734331858 0.624879675 -0.265107741 0.533212604 -0.289342623 0.794962368 0.420048857 -0.725124981 -0.545667224 7.204185009 2.822294950 -5.156951904
0.000000000 0.500000000 0.666666667 0.500000000 0.500000000 0.000000000 0.000000000 0.715927580 0.636023372 -0.287961749 0.563333578 -0.282587127 0.776401826 0.412435425 -0.718066004 -0.560605240 7.026295662 2.861896992 -5.200998306
0.000000000 0.500000000 0.666666667 0.500000000 0.500000000 0.000000000 0.000000000 0.697921626 0.645510354 -0.310196368 0.591707313 -0.275720505 0.757535913 0.403469776 -0.712246155 -0.574384500 6.855767727 2.903736591 -5.243263245
0.000000000 0.500000000 0.666666667 0.500000000 0.500000000 0.000000000 0.000000000 0.680646298 0.653291105 -0.331558969 0.617970598 -0.268896645 0.738787476 0.393488192 -0.707746655 -0.586738200 6.692448139 2.946867704 -5.283725262
0.000000000 0.500000000 0.666666667 0.500000000 0.500000000 0.000000000 0.000000000 0.664464833 0.659324756 -0.351820056 0.641806993 -0.262283688 0.720618520 0.382844968 -0.704626237 -0.597437526 6.536155701 2.990480900 -5.322244644
0.000000000 0.500000000 0.666666667 0.500000000 0.500000000 0.000000000 0.000000000 0.649766187 0.663580375 -0.370762711 0.662940732 -0.256060844 0.703521450 0.371905215 -0.702918153 -0.606294138 6.386538029 3.032995462 -5.359040260
0.000000000 0.500000000 0.666666667 0.500000000 0.500000000 0.000000000 0.000000000 0.636957002 0.666037427 -0.388175119 0.681131891 -0.250413702 0.688006050 0.361033411 -0.702628724 -0.613162093 6.243569374 3.074335337 -5.394045353
0.000000000 0.500000000 0.666666667 0.500000000 0.500000000 0.000000000 0.000000000 0.626451402 0.666690945 -0.403833908 0.696165593 -0.245529846 0.674587698 0.350588232 -0.703731681 -0.617939813 6.106997490 3.113724947 -5.427087784
0.000000000 0.500000000 0.666666667 0.500000000 0.500000000 0.000000000 0.000000000 0.619305607 0.665328529 -0.416891489 0.707106781 -0.241844751 0.664463029 0.341263191 -0.706292478 -0.620234125 5.976906776 3.150998354 -5.458526611
0.000000000 0.500000000 0.666666667 0.500000000 0.500000000 0.000000000 0.000000000 0.621868598 0.659968375 -0.421569912 0.707106785 -0.241844748 0.664463026 0.336570114 -0.711303636 -0.617063770 5.853204250 3.185014486 -5.488024712
0.000000000 0.500000000 0.666666667 0.500000000 0.500000000 0.000000000 0.000000000 0.624668866 0.653980872 -0.426729219 0.707106810 -0.241844734 0.664463004 0.331343880 -0.716812488 -0.613507204 5.735606670 3.216353655 -5.515697956
0.000000000 0.500000000 0.666666667 0.500000000 0.500000000 0.000000000 0.000000000 0.627633968 0.647484673 -0.432249002 0.707106796 -0.241844752 0.664463013 0.325692464 -0.722685765 -0.609630794 5.623967648 3.244653940 -5.541372776
0.000000000 0.500000000 0.666666667 0.500000000 0.500000000 0.000000000 0.000000000 0.630692859 0.640605561 -0.438008028 0.707106807 -0.241844736 0.664463007 0.319728761 -0.728790532 -0.605506301 5.518086910 3.269057512 -5.564867973
0.000000000 0.500000000 0.666666667 0.500000000 0.500000000 0.000000000 0.000000000 0.633783035 0.633462957 -0.443896098 0.707106748 -0.241844770 0.664463057 0.313558783 -0.735007339 -0.601203044 5.418295384 3.290692568 -5.586557388
0.000000000 0.500000000 0.666666667 0.500000000 0.500000000 0.000000000 0.000000000 0.649532528 0.619666562 -0.440591475 0.692741734 -0.243458128 0.678849784 0.313394936 -0.746151119 -0.587402862 5.325119495 3.307439566 -5.607233524
0.000000000 0.500000000 0.666666667 0.500000000 0.500000000 0.000000000 0.000000000 0.669116994 0.603701990 -0.433389381 0.673215220 -0.245412082 0.697534356 0.314743888 -0.758496419 -0.570630763 5.238611221 3.322357178 -5.626680851
0.000000000 0.500000000 0.666666667 0.500000000 0.500000000 0.000000000 0.000000000 0.691740529 0.585857432 -0.422215715 0.648749529 -0.247335255 0.719686960 0.317205122 -0.771748885 -0.551166553 5.158417702 3.332276583 -5.645465374
0.000000000 0.500000000 0.666666667 0.500000000 0.500000000 0.000000000 0.000000000 0.716571797 0.566447091 -0.407016649 0.619578588 -0.248876268 0.744434669 0.320386068 -0.785619690 -0.529296203 5.084979057 3.341312170 -5.662979603
0.000000000 0.500000000 0.666666667 0.500000000 0.500000000 0.000000000 0.000000000 0.742767370 0.545816529 -0.387789828 0.585978210 -0.249723275 0.770887685 0.323923095 -0.799826608 -0.505322893 5.018201351 3.346123695 -5.680397987
0.000000000 0.500000000 0.666666667 0.500000000 0.500000000 0.000000000 0.000000000 0.769492613 0.524344862 -0.364614296 0.548293661 -0.249618478 0.798163315 0.327498367 -0.814096481 -0.479574539 4.958105564 3.350371122 -5.696414471
0.000000000 0.500000000 0.666666667 0.500000000 0.500000000 0.000000000 0.000000000 0.795946776 0.502444286 -0.337666209 0.506954501 -0.248375116 0.825413191 0.330856257 -0.828166373 -0.452409765 4.904810905 3.352555990 -5.711892128
0.000000000 0.500000000 0.666666667 0.500000000 0.500000000 0.000000000 0.000000000 0.821387247 0.480553889 -0.307231101 0.462481706 -0.245885666 0.851851460 0.333816808 -0.841788690 -0.424214733 4.858194351 3.353420973 -5.726391315
0.000000000 0.500000000 0.666666667 0.500000000 0.500000000 0.000000000 0.000000000 0.845153115 0.459129971 -0.273707659 0.415487484 -0.242129982 0.876780031 0.336283159 -0.854735480 -0.395399665 4.818064690 3.354371309 -5.739110470
0.000000000 0.500000000 0.666666667 0.500000000 0.500000000 0.000000000 0.000000000 0.866684318 0.438638140 -0.237602347 0.366667754 -0.237178014 0.899611776 0.338249983 -0.866800537 -0.366392927 4.784507751 3.354773998 -5.750500202
0.000000000 0.500000000 0.666666667 0.500000000 0.500000000 0.000000000 0.000000000 0.885538589 0.419540165 -0.199518061 0.316787335 -0.231188159 0.919890113 0.339804637 -0.877802988 -0.337631047 4.757555962 3.354235172 -5.760828018
0.000000000 0.500000000 0.666666667 0.500000000 0.500000000 0.000000000 0.000000000 0.901401423 0.402282337 -0.160138680 0.266662990 -0.224399721 0.937302307 0.341125087 -0.887588692 -0.309548038 4.736834526 3.354079485 -5.769032002
