0.000000000 0.500000000 0.666666667 0.500000000 0.500000000 0.000000000 0.000000000 -0.699897981 0.616536391 0.360590758 0.466668179 0.012544300 0.884343514 0.540706600 0.787226472 -0.296497646 -12.840269089 8.343176842 13.279059410
0.000000000 0.500000000 0.666666667 0.500000000 0.500000000 0.000000000 0.000000000 -0.698877368 0.616721918 0.362249226 0.467243747 0.010203185 0.884069667 0.541529044 0.787114967 -0.295290235 -12.820837975 8.337738037 13.418087959
0.000000000 0.500000000 0.666666667 0.500000000 0.500000000 0.000000000 0.000000000 -0.697849998 0.616682771 0.364290737 0.467685419 0.007118661 0.883866321 0.542471870 0.787179576 -0.293381298 -12.802895546 8.332447052 13.548773766
0.000000000 0.500000000 0.666666667 0.500000000 0.500000000 0.000000000 0.000000000 -0.696871509 0.616368331 0.366688124 0.467952344 0.003314494 0.883747485 0.543498577 0.787451011 -0.290740782 -12.786726952 8.327274322 13.671156883
0.000000000 0.500000000 0.666666667 0.500000000 0.500000000 0.000000000 0.000000000 -0.695995873 0.615730477 0.369412675 0.468004547 -0.001185714 0.883725262 0.544574594 0.787955947 -0.287339411 -12.771707535 8.322330475 13.785153389
0.000000000 0.500000000 0.666666667 0.500000000 0.500000000 0.000000000 0.000000000 -0.695279210 0.614717853 0.372436278 0.467803553 -0.006358481 0.883809598 0.545661668 0.788721453 -0.283146276 -12.758171082 8.317588806 13.890822411
0.000000000 0.500000000 0.666666667 0.500000000 0.500000000 0.000000000 0.000000000 -0.694777170 0.613280488 0.375728262 0.467310622 -0.012181241 0.884009276 0.546722477 0.789771271 -0.278129238 -12.745651245 8.313094139 13.988098145
0.000000000 0.500000000 0.666666667 0.500000000 0.500000000 0.000000000 0.000000000 -0.694546175 0.611368031 0.379255511 0.466487758 -0.018630803 0.884331422 0.547717795 0.791127059 -0.272255749 -12.734354973 8.308855057 14.077015877
0.000000000 0.500000000 0.666666667 0.500000000 0.500000000 0.000000000 0.000000000 -0.694620671 0.608961488 0.382972623 0.465311872 -0.025665363 0.884774633 0.548622809 0.792784457 -0.265529318 -12.724144936 8.304872513 14.157555580
0.000000000 0.500000000 0.666666667 0.500000000 0.500000000 0.000000000 0.000000000 -0.694945841 0.606170565 0.386791319 0.463817661 -0.033162267 0.885309800 0.549475618 0.794643008 -0.258106634 -12.713300705 8.300649643 14.242863655
0.000000000 0.500000000 0.666666667 0.500000000 0.500000000 0.000000000 0.000000000 -0.695445163 0.603139021 0.390614064 0.462051385 -0.040978780 0.885905896 0.550331303 0.796582740 -0.250182725 -12.701989174 8.296235084 14.332946777
0.000000000 0.500000000 0.666666667 0.500000000 0.500000000 0.000000000 0.000000000 -0.696040799 0.600015005 0.394346549 0.460059276 -0.048969913 0.886536751 0.551246469 0.798488536 -0.241957411 -12.690190315 8.291639328 14.427784920
0.000000000 0.500000000 0.666666667 0.500000000 0.500000000 0.000000000 0.000000000 -0.696654931 0.596948535 0.397899929 0.457886192 -0.056991591 0.887182165 0.552279044 0.800252713 -0.233631019 -12.677826881 8.286860466 14.527350426
0.000000000 0.500000000 0.666666667 0.500000000 0.500000000 0.000000000 0.000000000 -0.697209606 0.594093611 0.401187670 0.455574857 -0.064896834 0.887828784 0.553489218 0.801773773 -0.225407416 -12.665082932 8.282003403 14.631654739
0.000000000 0.500000000 0.666666667 0.500000000 0.500000000 0.000000000 0.000000000 -0.697625528 0.591606008 0.404129872 0.453168348 -0.072539649 0.888468597 0.554938799 0.802957241 -0.217491607 -12.651857376 8.277023315 14.740668297
0.000000000 0.500000000 0.666666667 0.500000000 0.500000000 0.000000000 0.000000000 -0.697822768 0.589644593 0.406648053 0.450707153 -0.079772155 0.889100368 0.556692416 0.803713666 -0.210090210 -12.638183594 8.271968842 14.854387283
0.000000000 0.500000000 0.666666667 0.500000000 0.500000000 0.000000000 0.000000000 -0.697720136 0.588368035 0.408668162 0.448232953 -0.086445868 0.889727111 0.558814666 0.803959058 -0.203410919 -12.625708580 8.267410278 14.959399223
0.000000000 0.500000000 0.666666667 0.500000000 0.500000000 0.000000000 0.000000000 -0.697233952 0.587936965 0.410115766 0.445786395 -0.092410976 0.890356503 0.561372699 0.803610811 -0.197662230 -12.614357948 8.263246536 15.055675507
0.000000000 0.500000000 0.666666667 0.500000000 0.500000000 0.000000000 0.000000000 -0.696278790 0.588508200 0.410918416 0.443410012 -0.097518698 0.890998129 0.564431934 0.802588439 -0.193050227 -12.604434967 8.259350777 15.143239021
0.000000000 0.500000000 0.666666667 0.500000000 0.500000000 0.000000000 0.000000000 -0.694765548 0.590237653 0.410999204 0.441146562 -0.101619123 0.891663201 0.568058574 0.800807759 -0.189779846 -12.595861435 8.255786896 15.222063065
0.000000000 0.500000000 0.666666667 0.500000000 0.500000000 0.000000000 0.000000000 -0.692601536 0.593275421 0.410277208 0.439042668 -0.104561576 0.892361145 0.572315165 0.798179899 -0.188053716 -12.588415146 8.252703667 15.292120934
0.000000000 0.500000000 0.666666667 0.500000000 0.500000000 0.000000000 0.000000000 -0.689688842 0.597765127 0.408663864 0.437148103 -0.106196657 0.893097870 0.577261498 0.794606269 -0.188069242 -12.582114220 8.250117302 15.353395462
0.000000000 0.500000000 0.666666667 0.500000000 0.500000000 0.000000000 0.000000000 -0.685924000 0.603841101 0.406059344 0.435517638 -0.106374758 0.893872920 0.582951673 0.789974895 -0.190018451 -12.577198982 8.247886658 15.405890465
0.000000000 0.500000000 0.666666667 0.500000000 0.500000000 0.000000000 0.000000000 -0.681196713 0.611625278 0.402350044 0.434213047 -0.104947292 0.894675972 0.589431987 0.784155970 -0.194085925 -12.573666573 8.246046066 15.449591637
0.000000000 0.500000000 0.666666667 0.500000000 0.500000000 0.000000000 0.000000000 -0.675389491 0.621223913 0.397403933 0.433303584 -0.101767086 0.895483927 0.596738669 0.776996982 -0.200446128 -12.571240425 8.244820595 15.484453201
0.000000000 0.500000000 0.666666667 0.500000000 0.500000000 0.000000000 0.000000000 -0.668376227 0.632724041 0.391067139 0.432867689 -0.096690147 0.896256983 0.604895679 0.768317190 -0.209260398 -12.569931030 8.244223595 15.510454178
0.000000000 0.500000000 0.666666667 0.500000000 0.500000000 0.000000000 0.000000000 -0.660022399 0.646187600 0.383160564 0.432995876 -0.089575831 0.896934079 0.613909606 0.757903527 -0.220674511 -12.569746017 8.244276047 15.527565956
0.000000000 0.500000000 0.666666667 0.500000000 0.500000000 0.000000000 0.000000000 -0.650183887 0.661646725 0.373476270 0.433791673 -0.080290514 0.897428670 0.623767342 0.745504557 -0.234813241 -12.570691109 8.244994163 15.535761833
0.000000000 0.500000000 0.666666667 0.500000000 0.500000000 0.000000000 0.000000000 -0.638750644 0.679029409 0.361824096 0.435358942 -0.068770323 0.897626445 0.634397514 0.730882826 -0.251694437 -12.572754860 8.246383667 15.535009384
0.000000000 0.500000000 0.666666667 0.500000000 0.500000000 0.000000000 0.000000000 -0.625782837 0.697964230 0.348197896 0.437759187 -0.055202281 0.897396012 0.645571634 0.714001850 -0.270995614 -12.574110985 8.247628212 15.542868614
0.000000000 0.500000000 0.666666667 0.500000000 0.500000000 0.000000000 0.000000000 -0.611396643 0.718008893 0.332652032 0.441037158 -0.039844204 0.896603962 0.657023874 0.694892559 -0.292307989 -12.574703217 8.248691559 15.559335709
0.000000000 0.500000000 0.666666667 0.500000000 0.500000000 0.000000000 0.000000000 -0.595726575 0.738729239 0.315260147 0.445226092 -0.022963499 0.895123681 0.668493512 0.673611008 -0.315221565 -12.574477196 8.249539375 15.584430695
0.000000000 0.500000000 0.666666667 0.500000000 0.500000000 0.000000000 0.000000000 -0.578926619 0.759706396 0.296125248 0.450347660 -0.004836437 0.892840184 0.679728589 0.650248261 -0.339332056 -12.573383331 8.250140190 15.618156433
0.000000000 0.500000000 0.666666667 0.500000000 0.500000000 0.000000000 0.000000000 -0.561172488 0.780544785 0.275382057 0.456406805 0.014255895 0.889657011 0.690491323 0.624937283 -0.364245968 -12.571369171 8.250457764 15.660529137
0.000000000 0.500000000 0.666666667 0.500000000 0.500000000 0.000000000 0.000000000 -0.542659827 0.800880076 0.253202321 0.463390059 0.034027940 0.885500849 0.700564034 0.597857176 -0.389585461 -12.568900108 8.250053406 15.711601257
0.000000000 0.500000000 0.666666667 0.500000000 0.500000000 0.000000000 0.000000000 -0.523602016 0.820387460 0.229794136 0.471264725 0.054195859 0.880325149 0.709753822 0.569233893 -0.414996731 -12.565669060 8.249103546 15.771386147
0.000000000 0.500000000 0.666666667 0.500000000 0.500000000 0.000000000 0.000000000 -0.504229127 0.838786370 0.205403049 0.479977906 0.074480619 0.874113178 0.717895673 0.539342250 -0.440154223 -12.561502457 8.247679710 15.839911461
0.000000000 0.500000000 0.666666667 0.500000000 0.500000000 0.000000000 0.000000000 -0.484783016 0.855846936 0.180309316 0.489457509 0.094613033 0.866879300 0.724856382 0.508502111 -0.464767501 -12.556372643 8.245748520 15.917219162
0.000000000 0.500000000 0.666666667 0.500000000 0.500000000 0.000000000 0.000000000 -0.465513353 0.871393495 0.154824721 0.499612969 0.114337786 0.858669757 0.730536925 0.477074676 -0.488585258 -12.550366402 8.243187904 16.003351212
0.000000000 0.500000000 0.666666667 0.500000000 0.500000000 0.000000000 0.000000000 -0.446674575 0.885305661 0.129289255 0.510337939 0.133418105 0.849561532 0.734872106 0.445458748 -0.511399542 -12.545656204 8.240082741 16.083415985
0.000000000 0.500000000 0.666666667 0.500000000 0.500000000 0.000000000 0.000000000 -0.428519998 0.897519492 0.104064268 0.521510461 0.151638865 0.839662131 0.737832942 0.414082619 -0.533046090 -12.541202545 8.237267494 16.157428741
0.000000000 0.500000000 0.666666667 0.500000000 0.500000000 0.000000000 0.000000000 -0.411299198 0.908024220 0.079529774 0.532999083 0.168809989 0.829105039 0.739422036 0.383399534 -0.553407490 -12.537000656 8.234717369 16.225448608
0.000000000 0.500000000 0.666666667 0.500000000 0.500000000 0.000000000 0.000000000 -0.395252820 0.916859074 0.056077149 0.544663548 0.184767769 0.818047976 0.739673460 0.353878948 -0.572409698 -12.533055305 8.232412338 16.287536621
0.000000000 0.500000000 0.666666667 0.500000000 0.500000000 0.000000000 0.000000000 -0.380609594 0.924106688 0.034105219 0.556359621 0.199375484 0.806668078 0.738647622 0.326000376 -0.590019869 -12.529380798 8.230337143 16.343744278
0.000000000 0.500000000 0.666666667 0.500000000 0.500000000 0.000000000 0.000000000 -0.367584237 0.929884621 0.014015005 0.567941168 0.212523220 0.795158293 0.736426954 0.300247353 -0.606239943 -12.526489258 8.228043556 16.394147873
0.000000000 0.500000000 0.666666667 0.500000000 0.500000000 0.000000000 0.000000000 -0.356376393 0.934334783 -0.003791996 0.579264640 0.224125354 0.783722082 0.733108684 0.277103480 -0.621100087 -12.523991585 8.225874901 16.438793182
0.000000000 0.500000000 0.666666667 0.500000000 0.500000000 0.000000000 0.000000000 -0.347168890 0.937611804 -0.018917375 0.590193119 0.234117834 0.772567746 0.728797533 0.257046582 -0.634650464 -12.521735191 8.223968506 16.477741241
0.000000000 0.500000000 0.666666667 0.500000000 0.500000000 0.000000000 0.000000000 -0.340128887 0.939868805 -0.030967230 0.600596851 0.242453452 0.761905339 0.723599172 0.240547194 -0.646947668 -12.519744873 8.222317696 16.511058807
0.000000000 0.500000000 0.666666667 0.500000000 0.500000000 0.000000000 0.000000000 -0.335355049 0.941257310 -0.039644265 0.610374837 0.249136269 0.751913345 0.717620756 0.227960075 -0.658068883 -12.518035889 8.220923424 16.538784027
0.000000000 0.500000000 0.666666667 0.500000000 0.500000000 0.000000000 0.000000000 -0.332728687 0.941947278 -0.045021617 0.619509668 0.254328265 0.742647228 0.710984804 0.219208710 -0.668167755 -12.516628265 8.219804764 16.560899734
0.000000000 0.500000000 0.666666667 0.500000000 0.500000000 0.000000000 0.000000000 -0.332075187 0.942067360 -0.047277476 0.628013955 0.258213946 0.734114453 0.703792968 0.214090280 -0.677377893 -12.515543938 8.218986511 16.577394485
0.000000000 0.500000000 0.666666667 0.500000000 0.500000000 0.000000000 0.000000000 -0.333222035 0.941696101 -0.046599654 0.635909268 0.260959518 0.726305400 0.696119586 0.212387812 -0.685790740 -12.514787674 8.218488693 16.588237762
0.000000000 0.500000000 0.666666667 0.500000000 0.500000000 0.000000000 0.000000000 -0.335996995 0.940922120 -0.042090184 0.643225361 0.261876846 0.719500975 0.688016827 0.214676691 -0.693214804 -12.514369965 8.218224526 16.593492508
0.000000000 0.500000000 0.666666667 0.500000000 0.500000000 0.000000000 0.000000000 -0.340232955 0.939783987 -0.032366547 0.649995473 0.259914088 0.714108221 0.679519993 0.221925041 -0.699286676 -12.514221191 8.217971802 16.594499588
0.000000000 0.500000000 0.666666667 0.500000000 0.500000000 0.000000000 0.000000000 -0.345764190 0.938077274 -0.021404494 0.656257216 0.258066949 0.709033085 0.670651616 0.231111397 -0.704850290 -12.513602257 8.217260361 16.601957321
0.000000000 0.500000000 0.666666667 0.500000000 0.500000000 0.000000000 0.000000000 -0.352430311 0.935791899 -0.009295046 0.662048607 0.256330657 0.704262903 0.661426125 0.242049822 -0.709878416 -12.512512207 8.216091156 16.615844727
0.000000000 0.500000000 0.666666667 0.500000000 0.500000000 0.000000000 0.000000000 -0.360074032 0.932915732 0.003863747 0.667409355 0.254699320 0.699780687 0.651852318 0.254551554 -0.714347298 -12.510949135 8.214461327 16.636137009
0.000000000 0.500000000 0.666666667 0.500000000 0.500000000 0.000000000 0.000000000 -0.368544141 0.929436560 0.017969320 0.672377394 0.253166129 0.695568509 0.641937579 0.268429864 -0.718235026 -12.508911133 8.212371826 16.662811279
0.000000000 0.500000000 0.666666667 0.500000000 0.500000000 0.000000000 0.000000000 -0.377692160 0.925346153 0.032910938 0.676989339 0.251724318 0.691607043 0.631691433 0.283494912 -0.721523782 -12.506397247 8.209819794 16.695846558
0.000000000 0.500000000 0.666666667 0.500000000 0.500000000 0.000000000 0.000000000 -0.387376604 0.920640952 0.048575756 0.681279732 0.250366542 0.687876822 0.621125828 0.299561065 -0.724200162 -12.503409386 8.206806183 16.735216141
0.000000000 0.500000000 0.666666667 0.500000000 0.500000000 0.000000000 0.000000000 -0.397460894 0.915325079 0.064844711 0.685279993 0.249086294 0.684359080 0.610259100 0.316442755 -0.726256025 -12.499942780 8.203330040 16.780897141
0.000000000 0.500000000 0.666666667 0.500000000 0.500000000 0.000000000 0.000000000 -0.407814712 0.909411508 0.081595774 0.689018453 0.247876971 0.681036401 0.599116627 0.333957658 -0.727689185 -12.496521950 8.198932648 16.832862854
0.000000000 0.500000000 0.666666667 0.500000000 0.500000000 0.000000000 0.000000000 -0.418313946 0.902923642 0.098703293 0.692520483 0.246732652 0.677892601 0.587731931 0.351925981 -0.728504826 -12.492762566 8.193952560 16.891090393
0.000000000 0.500000000 0.666666667 0.500000000 0.500000000 0.000000000 0.000000000 -0.428842908 0.895895371 0.116039843 0.695807668 0.245648441 0.674913723 0.576147073 0.370173376 -0.728715460 -12.488608360 8.188444138 16.955566406
0.000000000 0.500000000 0.666666667 0.500000000 0.500000000 0.000000000 0.000000000 -0.439293455 0.888372434 0.133475390 0.698897580 0.244620197 0.672088634 0.564414239 0.388529765 -0.728341396 -12.484065056 8.182405472 17.026264191
0.000000000 0.500000000 0.666666667 0.500000000 0.500000000 0.000000000 0.000000000 -0.449566233 0.880412290 0.150878766 0.701804134 0.243644785 0.669408825 0.552594932 0.406830945 -0.727411453 -12.479140282 8.175835609 17.103162766
0.000000000 0.500000000 0.666666667 0.500000000 0.500000000 0.000000000 0.000000000 -0.459570703 0.872084300 0.168118238 0.704538053 0.242720059 0.666868132 0.540759559 0.424918752 -0.725963603 -12.473842621 8.168738365 17.186244965
0.000000000 0.500000000 0.666666667 0.500000000 0.500000000 0.000000000 0.000000000 -0.469224576 0.863470137 0.185061123 0.707106797 0.241844620 0.664463059 0.528987972 0.442640375 -0.724045042 -12.468182564 8.161108971 17.275489807
0.000000000 0.500000000 0.666666667 0.500000000 0.500000000 0.000000000 0.000000000 -0.480112120 0.854088745 0.200061911 0.707106814 0.241844669 0.664463023 0.519126483 0.460481891 -0.720044528 -12.462916374 8.152317047 17.370935440
0.000000000 0.500000000 0.666666667 0.500000000 0.500000000 0.000000000 0.000000000 -0.490575094 0.844542827 0.214670656 0.707106772 0.241844758 0.664463036 0.509250518 0.477764091 -0.715824967 -12.457523346 8.142786980 17.472509384
0.000000000 0.500000000 0.666666667 0.500000000 0.500000000 0.000000000 0.000000000 -0.500630289 0.834849987 0.228899130 0.707106736 0.241844674 0.664463105 0.499368980 0.494506473 -0.711402818 -12.451849937 8.132662773 17.580221176
0.000000000 0.500000000 0.666666667 0.500000000 0.500000000 0.000000000 0.000000000 -0.510291037 0.825029302 0.242754419 0.707106829 0.241844678 0.664463004 0.489492585 0.510722823 -0.706795025 -12.445899010 8.121942520 17.694078445
0.000000000 0.500000000 0.666666667 0.500000000 0.500000000 0.000000000 0.000000000 -0.519570343 0.815098655 0.256243716 0.707106840 0.241844685 0.664462990 0.479631708 0.526426947 -0.702017160 -12.439671516 8.110628128 17.814073563
0.000000000 0.500000000 0.666666667 0.500000000 0.500000000 0.000000000 0.000000000 -0.528481604 0.805073900 0.269375593 0.707106798 0.241844639 0.664463051 0.469794817 0.541633812 -0.697083670 -12.433916092 8.098035812 17.940179825
0.000000000 0.500000000 0.666666667 0.500000000 0.500000000 0.000000000 0.000000000 -0.537035692 0.794972376 0.282155252 0.707106786 0.241844685 0.664463048 0.459992020 0.556354266 -0.692009590 -12.428340912 8.084431648 18.072401047
0.000000000 0.500000000 0.666666667 0.500000000 0.500000000 0.000000000 0.000000000 -0.545244284 0.784809264 0.294589698 0.707106781 0.241844702 0.664463046 0.450231796 0.570601051 -0.686808394 -12.422554970 8.070179939 18.210773468
0.000000000 0.500000000 0.666666667 0.500000000 0.500000000 0.000000000 0.000000000 -0.553118162 0.774599687 0.306684893 0.707106775 0.241844684 0.664463060 0.440522767 0.584385552 -0.681493374 -12.416557312 8.055280685 18.355289459
0.000000000 0.500000000 0.666666667 0.500000000 0.500000000 0.000000000 0.000000000 -0.560667761 0.764358200 0.318446547 0.707106745 0.241844700 0.664463086 0.430873199 0.597718732 -0.676077365 -12.410388947 8.039695740 18.505949020
0.000000000 0.500000000 0.666666667 0.500000000 0.500000000 0.000000000 0.000000000 -0.567903733 0.754097857 0.329881452 0.707106814 0.241844708 0.664463010 0.421290048 0.610612446 -0.670572245 -12.405297279 8.024251938 18.647663116
0.000000000 0.500000000 0.666666667 0.500000000 0.500000000 0.000000000 0.000000000 -0.574837305 0.743829946 0.340997191 0.707106791 0.241844705 0.664463035 0.411779139 0.623079570 -0.664988564 -12.400444031 8.009780884 18.780502319
0.000000000 0.500000000 0.666666667 0.500000000 0.500000000 0.000000000 0.000000000 -0.581478881 0.733565566 0.351800898 0.707106776 0.241844723 0.664463045 0.402346019 0.635132026 -0.659336781 -12.395831108 7.996282577 18.904460907
