0.000000000 0.384615385 0.666666667 0.384615385 0.500000000 0.000000000 0.000000000 -0.119039089 0.000000000 0.992889569 -6.826904297 -0.992889569 0.000000000 -0.119039089 0.288018793 0.000000000 1.000000000 0.000000000 -77.010726929
0.000000000 0.384615385 0.666666667 0.384615385 0.500000000 0.000000000 0.000000000 -0.119508146 0.000000000 0.992833220 -6.800463676 -0.992833220 0.000000000 -0.119508146 0.283706665 0.000000000 1.000000000 0.000000000 -76.777740479
0.000000000 0.384615385 0.666666667 0.384615385 0.500000000 0.000000000 0.000000000 -0.118385736 0.000000000 0.992967682 -6.771862507 -0.992967682 0.000000000 -0.118385736 0.278422236 0.000000000 1.000000000 0.000000000 -76.550071716
0.000000000 0.384615385 0.666666667 0.384615385 0.500000000 0.000000000 0.000000000 -0.116231168 0.000000000 0.993222188 -6.744904518 -0.993222188 0.000000000 -0.116231168 0.273948669 0.000000000 1.000000000 0.000000000 -76.319175720
0.000000000 0.384615385 0.666666667 0.384615385 0.500000000 0.000000000 0.000000000 -0.110872888 0.000000000 0.993834595 -6.721076488 -0.993834595 0.000000000 -0.110872888 0.270546257 0.000000000 1.000000000 0.000000000 -76.086723328
0.000000000 0.384615385 0.666666667 0.384615385 0.500000000 0.000000000 0.000000000 -0.103279517 0.000000000 0.994652372 -6.696328163 -0.994652372 0.000000000 -0.103279517 0.267640084 0.000000000 1.000000000 0.000000000 -75.862007141
0.000000000 0.384615385 0.666666667 0.384615385 0.500000000 0.000000000 0.000000000 -0.096549199 0.000000000 0.995328213 -6.674580097 -0.995328213 0.000000000 -0.096549199 0.266799450 0.000000000 1.000000000 0.000000000 -75.635444641
0.000000000 0.384615385 0.666666667 0.384615385 0.500000000 0.000000000 0.000000000 -0.087826397 0.000000000 0.996135796 -6.655080318 -0.996135796 0.000000000 -0.087826397 0.259107649 0.000000000 1.000000000 0.000000000 -75.403465271
0.000000000 0.384615385 0.666666667 0.384615385 0.500000000 0.000000000 0.000000000 -0.072199277 0.000000000 0.997390227 -6.638114929 -0.997390227 0.000000000 -0.072199277 0.260655820 0.000000000 1.000000000 0.000000000 -75.169441223
0.000000000 0.384615385 0.666666667 0.384615385 0.500000000 0.000000000 0.000000000 -0.054622042 0.000000000 0.998507102 -6.622827053 -0.998507102 0.000000000 -0.054622042 0.257958382 0.000000000 1.000000000 0.000000000 -74.933647156
0.000000000 0.384615385 0.666666667 0.384615385 0.500000000 0.000000000 0.000000000 -0.040705708 0.000000000 0.999171179 -6.615861893 -0.999171179 0.000000000 -0.040705708 0.256698757 0.000000000 1.000000000 0.000000000 -74.702423096
0.000000000 0.384615385 0.666666667 0.384615385 0.500000000 0.000000000 0.000000000 -0.016767033 0.000000000 0.999859423 -6.611716270 -0.999859423 0.000000000 -0.016767033 0.258261710 0.000000000 1.000000000 0.000000000 -74.463890076
0.000000000 0.384615385 0.666666667 0.384615385 0.500000000 0.000000000 0.000000000 0.001356125 0.000000000 0.999999080 -6.610949516 -0.999999080 0.000000000 0.001356125 0.255685866 0.000000000 1.000000000 0.000000000 -74.231132507
0.000000000 0.384615385 0.666666667 0.384615385 0.500000000 0.000000000 0.000000000 0.031499533 0.000000000 0.999503767 -6.618249416 -0.999503767 0.000000000 0.031499533 0.259379715 0.000000000 1.000000000 0.000000000 -73.994140625
0.000000000 0.384615385 0.666666667 0.384615385 0.500000000 0.000000000 0.000000000 0.041639480 0.000000000 0.999132701 -6.631017685 -0.999132701 0.000000000 0.041639480 0.261405647 0.000000000 1.000000000 0.000000000 -73.758186340
0.000000000 0.384615385 0.666666667 0.384615385 0.500000000 0.000000000 0.000000000 0.070904302 0.000000000 0.997483123 -6.653137207 -0.997483123 0.000000000 0.070904302 0.264543295 0.000000000 1.000000000 0.000000000 -73.525871277
0.000000000 0.384615385 0.666666667 0.384615385 0.500000000 0.000000000 0.000000000 0.096164793 0.000000000 0.995365427 -6.682065487 -0.995365427 0.000000000 0.096164793 0.262671798 0.000000000 1.000000000 0.000000000 -73.292137146
0.000000000 0.384615385 0.666666667 0.384615385 0.500000000 0.000000000 0.000000000 0.149623245 0.000000000 0.988743083 -6.718439579 -0.988743083 0.000000000 0.149623245 0.267318428 0.000000000 1.000000000 0.000000000 -73.059310913
0.000000000 0.384615385 0.666666667 0.384615385 0.500000000 0.000000000 0.000000000 0.192277183 0.000000000 0.981340657 -6.764352798 -0.981340657 0.000000000 0.192277183 0.270619959 0.000000000 1.000000000 0.000000000 -72.829551697
0.000000000 0.384615385 0.666666667 0.384615385 0.500000000 0.000000000 0.000000000 0.215940593 0.000000000 0.976406504 -6.813662052 -0.976406504 0.000000000 0.215940593 0.273906559 0.000000000 1.000000000 0.000000000 -72.600547791
0.000000000 0.384615385 0.666666667 0.384615385 0.500000000 0.000000000 0.000000000 0.247476266 0.000000000 0.968893956 -6.876479149 -0.968893956 0.000000000 0.247476266 0.279499501 0.000000000 1.000000000 0.000000000 -72.374382019
0.000000000 0.384615385 0.666666667 0.384615385 0.500000000 0.000000000 0.000000000 0.252143494 0.000000000 0.967689857 -6.945915222 -0.967689857 0.000000000 0.252143494 0.282539070 0.000000000 1.000000000 0.000000000 -72.151054382
0.000000000 0.384615385 0.666666667 0.384615385 0.500000000 0.000000000 0.000000000 0.264901365 0.000000000 0.964275514 -7.023656845 -0.964275514 0.000000000 0.264901365 0.288836211 0.000000000 1.000000000 0.000000000 -71.928382874
0.000000000 0.384615385 0.666666667 0.384615385 0.500000000 0.000000000 0.000000000 0.267632625 0.000000000 0.963521032 -7.108198166 -0.963521032 0.000000000 0.267632625 0.291550905 0.000000000 1.000000000 0.000000000 -71.709701538
0.000000000 0.384615385 0.666666667 0.384615385 0.500000000 0.000000000 0.000000000 0.302675479 0.000000000 0.953093676 -7.203637600 -0.953093676 0.000000000 0.302675479 0.296743155 0.000000000 1.000000000 0.000000000 -71.500190735
0.000000000 0.384615385 0.666666667 0.384615385 0.500000000 0.000000000 0.000000000 0.353145042 0.000000000 0.935568586 -7.308989048 -0.935568586 0.000000000 0.353145042 0.302770823 0.000000000 1.000000000 0.000000000 -71.283699036
0.000000000 0.384615385 0.666666667 0.384615385 0.500000000 0.000000000 0.000000000 0.427139905 0.000000000 0.904185546 -7.426000595 -0.904185546 0.000000000 0.427139905 0.309212804 0.000000000 1.000000000 0.000000000 -71.061119080
0.000000000 0.384615385 0.666666667 0.384615385 0.500000000 0.000000000 0.000000000 0.451106846 0.000000000 0.892469951 -7.566720963 -0.892469951 0.000000000 0.451106846 0.313763887 0.000000000 1.000000000 0.000000000 -70.817337036
0.000000000 0.384615385 0.666666667 0.384615385 0.500000000 0.000000000 0.000000000 0.455770510 0.000000000 0.890097322 -7.717534065 -0.890097322 0.000000000 0.455770510 0.320977151 0.000000000 1.000000000 0.000000000 -70.580604553
0.000000000 0.384615385 0.666666667 0.384615385 0.500000000 0.000000000 0.000000000 0.533534573 0.000000000 0.845778257 -7.873391151 -0.845778257 0.000000000 0.533534573 0.327626646 0.000000000 1.000000000 0.000000000 -70.340248108
0.000000000 0.384615385 0.666666667 0.384615385 0.500000000 0.000000000 0.000000000 0.584119594 0.000000000 0.811667604 -8.019777298 -0.811667604 0.000000000 0.584119594 0.330729961 0.000000000 1.000000000 0.000000000 -70.141731262
0.000000000 0.384615385 0.666666667 0.384615385 0.500000000 0.000000000 0.000000000 0.605194764 0.000000000 0.796077444 -8.168898582 -0.796077444 0.000000000 0.605194764 0.335741729 0.000000000 1.000000000 0.000000000 -69.952499390
0.000000000 0.384615385 0.666666667 0.384615385 0.500000000 0.000000000 0.000000000 0.623280146 0.000000000 0.781998631 -8.326791763 -0.781998631 0.000000000 0.623280146 0.339645386 0.000000000 1.000000000 0.000000000 -69.742866516
0.000000000 0.384615385 0.666666667 0.384615385 0.500000000 0.000000000 0.000000000 0.635049824 0.000000000 0.772471178 -8.493981361 -0.772471178 0.000000000 0.635049824 0.347296447 0.000000000 1.000000000 0.000000000 -69.545578003
0.000000000 0.384615385 0.666666667 0.384615385 0.500000000 0.000000000 0.000000000 0.645160091 0.000000000 0.764047418 -8.660893440 -0.764047418 0.000000000 0.645160091 0.346140742 0.000000000 1.000000000 0.000000000 -69.351554871
0.000000000 0.384615385 0.666666667 0.384615385 0.500000000 0.000000000 0.000000000 0.647875298 0.000000000 0.761746414 -8.832709312 -0.761746414 0.000000000 0.647875298 0.351391912 0.000000000 1.000000000 0.000000000 -69.158729553
0.000000000 0.384615385 0.666666667 0.384615385 0.500000000 0.000000000 0.000000000 0.677067012 0.000000000 0.735921369 -9.007416725 -0.735921369 0.000000000 0.677067012 0.356918335 0.000000000 1.000000000 0.000000000 -68.966300964
0.000000000 0.384615385 0.666666667 0.384615385 0.500000000 0.000000000 0.000000000 0.687003124 0.000000000 0.726654462 -9.202993393 -0.726654462 0.000000000 0.687003124 0.356839746 0.000000000 1.000000000 0.000000000 -68.760528564
0.000000000 0.384615385 0.666666667 0.384615385 0.500000000 0.000000000 0.000000000 0.695846010 0.000000000 0.718191013 -9.397107124 -0.718191013 0.000000000 0.695846010 0.358605325 0.000000000 1.000000000 0.000000000 -68.557571411
0.000000000 0.384615385 0.666666667 0.384615385 0.500000000 0.000000000 0.000000000 0.703569842 0.000000000 0.710626117 -9.595803261 -0.710626117 0.000000000 0.703569842 0.364141852 0.000000000 1.000000000 0.000000000 -68.362388611
0.000000000 0.384615385 0.666666667 0.384615385 0.500000000 0.000000000 0.000000000 0.710223288 0.000000000 0.703976478 -9.786588669 -0.703976478 0.000000000 0.710223288 0.366168827 0.000000000 1.000000000 0.000000000 -68.174873352
0.000000000 0.384615385 0.666666667 0.384615385 0.500000000 0.000000000 0.000000000 0.715746328 0.000000000 0.698360362 -9.974338531 -0.698360362 0.000000000 0.715746328 0.366809845 0.000000000 1.000000000 0.000000000 -67.984397888
0.000000000 0.384615385 0.666666667 0.384615385 0.500000000 0.000000000 0.000000000 0.720328857 0.000000000 0.693632711 -10.165624619 -0.693632711 0.000000000 0.720328857 0.365783691 0.000000000 1.000000000 0.000000000 -67.799911499
0.000000000 0.384615385 0.666666667 0.384615385 0.500000000 0.000000000 0.000000000 0.724107369 0.000000000 0.689687261 -10.353551865 -0.689687261 0.000000000 0.724107369 0.371784508 0.000000000 1.000000000 0.000000000 -67.624511719
0.000000000 0.384615385 0.666666667 0.384615385 0.500000000 0.000000000 0.000000000 0.726347181 0.000000000 0.687327995 -10.537060738 -0.687327995 0.000000000 0.726347181 0.372711182 0.000000000 1.000000000 0.000000000 -67.449272156
0.000000000 0.384615385 0.666666667 0.384615385 0.500000000 0.000000000 0.000000000 0.729247508 0.000000000 0.684250007 -10.723842621 -0.684250007 0.000000000 0.729247508 0.371214896 0.000000000 1.000000000 0.000000000 -67.272537231
0.000000000 0.384615385 0.666666667 0.384615385 0.500000000 0.000000000 0.000000000 0.731336856 0.000000000 0.682016424 -10.914555550 -0.682016424 0.000000000 0.731336856 0.373624861 0.000000000 1.000000000 0.000000000 -67.098823547
0.000000000 0.384615385 0.666666667 0.384615385 0.500000000 0.000000000 0.000000000 0.732813162 0.000000000 0.680429915 -11.102983475 -0.680429915 0.000000000 0.732813162 0.369470984 0.000000000 1.000000000 0.000000000 -66.924491882
0.000000000 0.384615385 0.666666667 0.384615385 0.500000000 0.000000000 0.000000000 0.733788623 0.000000000 0.679377846 -11.294040680 -0.679377846 0.000000000 0.733788623 0.372098386 0.000000000 1.000000000 0.000000000 -66.750473022
0.000000000 0.384615385 0.666666667 0.384615385 0.500000000 0.000000000 0.000000000 0.734225561 0.000000000 0.678905608 -11.481830597 -0.678905608 0.000000000 0.734225561 0.373523712 0.000000000 1.000000000 0.000000000 -66.570335388
0.000000000 0.384615385 0.666666667 0.384615385 0.500000000 0.000000000 0.000000000 0.734551943 0.000000000 0.678552462 -11.672128677 -0.678552462 0.000000000 0.734551943 0.371996909 0.000000000 1.000000000 0.000000000 -66.397048950
0.000000000 0.384615385 0.666666667 0.384615385 0.500000000 0.000000000 0.000000000 0.734465254 0.000000000 0.678646293 -11.862650871 -0.678646293 0.000000000 0.734465254 0.371747136 0.000000000 1.000000000 0.000000000 -66.222206116
0.000000000 0.384615385 0.666666667 0.384615385 0.500000000 0.000000000 0.000000000 0.734041503 0.000000000 0.679104610 -12.053842545 -0.679104610 0.000000000 0.734041503 0.372645706 0.000000000 1.000000000 0.000000000 -66.043914795
0.000000000 0.384615385 0.666666667 0.384615385 0.500000000 0.000000000 0.000000000 0.733334674 0.000000000 0.679867822 -12.241325378 -0.679867822 0.000000000 0.733334674 0.369082332 0.000000000 1.000000000 0.000000000 -65.869552612
0.000000000 0.384615385 0.666666667 0.384615385 0.500000000 0.000000000 0.000000000 0.732677838 0.000000000 0.680575628 -12.431620598 -0.680575628 0.000000000 0.732677838 0.373927921 0.000000000 1.000000000 0.000000000 -65.692497253
0.000000000 0.384615385 0.666666667 0.384615385 0.500000000 0.000000000 0.000000000 0.731454822 0.000000000 0.681889905 -12.620878220 -0.681889905 0.000000000 0.731454822 0.369508803 0.000000000 1.000000000 0.000000000 -65.517318726
0.000000000 0.384615385 0.666666667 0.384615385 0.500000000 0.000000000 0.000000000 0.730104299 0.000000000 0.683335725 -12.812680244 -0.683335725 0.000000000 0.730104299 0.370688766 0.000000000 1.000000000 0.000000000 -65.336578369
0.000000000 0.384615385 0.666666667 0.384615385 0.500000000 0.000000000 0.000000000 0.728647660 0.000000000 0.684888741 -12.999303818 -0.684888741 0.000000000 0.728647660 0.370519847 0.000000000 1.000000000 0.000000000 -65.161567688
0.000000000 0.384615385 0.666666667 0.384615385 0.500000000 0.000000000 0.000000000 0.727112408 0.000000000 0.686518424 -13.185856819 -0.686518424 0.000000000 0.727112408 0.370161742 0.000000000 1.000000000 0.000000000 -64.986557007
0.000000000 0.384615385 0.666666667 0.384615385 0.500000000 0.000000000 0.000000000 0.725522262 0.000000000 0.688198698 -13.377111435 -0.688198698 0.000000000 0.725522262 0.368802011 0.000000000 1.000000000 0.000000000 -64.806602478
0.000000000 0.384615385 0.666666667 0.384615385 0.500000000 0.000000000 0.000000000 0.724361978 0.000000000 0.689419846 -13.565649033 -0.689419846 0.000000000 0.724361978 0.367652118 0.000000000 1.000000000 0.000000000 -64.628738403
0.000000000 0.384615385 0.666666667 0.384615385 0.500000000 0.000000000 0.000000000 0.722535182 0.000000000 0.691334153 -13.749867439 -0.691334153 0.000000000 0.722535182 0.371344745 0.000000000 1.000000000 0.000000000 -64.447540283
0.000000000 0.384615385 0.666666667 0.384615385 0.500000000 0.000000000 0.000000000 0.720824793 0.000000000 0.693117319 -13.939198494 -0.693117319 0.000000000 0.720824793 0.366184533 0.000000000 1.000000000 0.000000000 -64.267425537
0.000000000 0.384615385 0.666666667 0.384615385 0.500000000 0.000000000 0.000000000 0.719203927 0.000000000 0.694799044 -14.122211456 -0.694799044 0.000000000 0.719203927 0.367768556 0.000000000 1.000000000 0.000000000 -64.087081909
0.000000000 0.384615385 0.666666667 0.384615385 0.500000000 0.000000000 0.000000000 0.717671138 0.000000000 0.696382178 -14.307091713 -0.696382178 0.000000000 0.717671138 0.364493996 0.000000000 1.000000000 0.000000000 -63.908798218
0.000000000 0.384615385 0.666666667 0.384615385 0.500000000 0.000000000 0.000000000 0.716234008 0.000000000 0.697860191 -14.489142418 -0.697860191 0.000000000 0.716234008 0.364921570 0.000000000 1.000000000 0.000000000 -63.732143402
0.000000000 0.384615385 0.666666667 0.384615385 0.500000000 0.000000000 0.000000000 0.715278273 0.000000000 0.698839747 -14.669128418 -0.698839747 0.000000000 0.715278273 0.366282046 0.000000000 1.000000000 0.000000000 -63.552021027
0.000000000 0.384615385 0.666666667 0.384615385 0.500000000 0.000000000 0.000000000 0.713898022 0.000000000 0.700249680 -14.850853920 -0.700249680 0.000000000 0.713898022 0.366687626 0.000000000 1.000000000 0.000000000 -63.380657196
0.000000000 0.384615385 0.666666667 0.384615385 0.500000000 0.000000000 0.000000000 0.712734692 0.000000000 0.701433716 -15.016293526 -0.701433716 0.000000000 0.712734692 0.362939596 0.000000000 1.000000000 0.000000000 -63.218235016
0.000000000 0.384615385 0.666666667 0.384615385 0.500000000 0.000000000 0.000000000 0.712038676 0.000000000 0.702140245 -15.179985046 -0.702140245 0.000000000 0.712038676 0.367338240 0.000000000 1.000000000 0.000000000 -63.052219391
0.000000000 0.384615385 0.666666667 0.384615385 0.500000000 0.000000000 0.000000000 0.711118822 0.000000000 0.703071846 -15.343080521 -0.703071846 0.000000000 0.711118822 0.364867538 0.000000000 1.000000000 0.000000000 -62.892501831
0.000000000 0.384615385 0.666666667 0.384615385 0.500000000 0.000000000 0.000000000 0.710599305 0.000000000 0.703596921 -15.481533051 -0.703596921 0.000000000 0.710599305 0.364917129 0.000000000 1.000000000 0.000000000 -62.758693695
0.000000000 0.384615385 0.666666667 0.384615385 0.500000000 0.000000000 0.000000000 0.710146806 0.000000000 0.704053630 -15.616000175 -0.704053630 0.000000000 0.710146806 0.367574751 0.000000000 1.000000000 0.000000000 -62.622600555
0.000000000 0.384615385 0.666666667 0.384615385 0.500000000 0.000000000 0.000000000 0.709642122 0.000000000 0.704562317 -15.753806114 -0.704562317 0.000000000 0.709642122 0.364223927 0.000000000 1.000000000 0.000000000 -62.484867096
0.000000000 0.384615385 0.666666667 0.384615385 0.500000000 0.000000000 0.000000000 0.709402916 0.000000000 0.704803166 -15.911821365 -0.704803166 0.000000000 0.709402916 0.365232527 0.000000000 1.000000000 0.000000000 -62.330608368
0.000000000 0.384615385 0.666666667 0.384615385 0.500000000 0.000000000 0.000000000 0.709208126 0.000000000 0.704999173 -16.068384171 -0.704999173 0.000000000 0.709208126 0.364002377 0.000000000 1.000000000 0.000000000 -62.173950195
0.000000000 0.384615385 0.666666667 0.384615385 0.500000000 0.000000000 0.000000000 0.709066222 0.000000000 0.705141896 -16.224439621 -0.705141896 0.000000000 0.709066222 0.365229636 0.000000000 1.000000000 0.000000000 -62.022518158
0.000000000 0.384615385 0.666666667 0.384615385 0.500000000 0.000000000 0.000000000 0.708972690 0.000000000 0.705235936 -16.375661850 -0.705235936 0.000000000 0.708972690 0.365841359 0.000000000 1.000000000 0.000000000 -61.864543915
0.000000000 0.384615385 0.666666667 0.384615385 0.500000000 0.000000000 0.000000000 0.708981840 0.000000000 0.705226737 -16.535848618 -0.705226737 0.000000000 0.708981840 0.363115519 0.000000000 1.000000000 0.000000000 -61.709396362
0.000000000 0.384615385 0.666666667 0.384615385 0.500000000 0.000000000 0.000000000 0.709078288 0.000000000 0.705129763 -16.690151215 -0.705129763 0.000000000 0.709078288 0.365978092 0.000000000 1.000000000 0.000000000 -61.553649902
0.000000000 0.384615385 0.666666667 0.384615385 0.500000000 0.000000000 0.000000000 0.709191472 0.000000000 0.705015926 -16.848949432 -0.705015926 0.000000000 0.709191472 0.364646137 0.000000000 1.000000000 0.000000000 -61.395702362