0.000000000 0.500000000 0.666666667 0.500000000 0.500000000 0.000000000 0.000000000 0.880808795 -0.131065568 -0.454969981 0.398502376 -0.313689672 0.861855351 -0.255678945 -0.940436391 -0.224070682 -11.036356926 0.025372848 -11.793857574
0.000000000 0.500000000 0.666666667 0.500000000 0.500000000 0.000000000 0.000000000 0.881793406 -0.135558546 -0.451734734 0.394110006 -0.314338131 0.863636985 -0.259070826 -0.939582577 -0.223756312 -11.027433395 0.022317963 -11.810684204
0.000000000 0.500000000 0.666666667 0.500000000 0.500000000 0.000000000 0.000000000 0.882878658 -0.141317905 -0.447833143 0.388724871 -0.315121562 0.865789452 -0.263473432 -0.938470911 -0.223280318 -11.022632599 0.020768203 -11.818813324
0.000000000 0.500000000 0.666666667 0.500000000 0.500000000 0.000000000 0.000000000 0.884016971 -0.153831766 -0.441417924 0.382325648 -0.305393092 0.872102149 -0.268962998 -0.939718493 -0.211158847 -11.013497353 0.019291382 -11.834303856
0.000000000 0.500000000 0.666666667 0.500000000 0.500000000 0.000000000 0.000000000 0.885137261 -0.168197448 -0.433868237 0.375014979 -0.294163294 0.879108481 -0.275491913 -0.940838761 -0.197298330 -11.000641823 0.016761169 -11.856846809
0.000000000 0.500000000 0.666666667 0.500000000 0.500000000 0.000000000 0.000000000 0.886164745 -0.184139570 -0.425211316 0.366926393 -0.281546963 0.886620736 -0.282978916 -0.941713293 -0.181931325 -10.984098434 0.013163147 -11.886423111
0.000000000 0.500000000 0.666666667 0.500000000 0.500000000 0.000000000 0.000000000 0.887027994 -0.201382120 -0.415483548 0.358194395 -0.267666568 0.894455915 -0.291338484 -0.942231314 -0.165293792 -10.963904381 0.008482208 -11.923024178
0.000000000 0.500000000 0.666666667 0.500000000 0.500000000 0.000000000 0.000000000 0.887662399 -0.219650060 -0.404733636 0.348952363 -0.252655565 0.902439701 -0.300479140 -0.942294549 -0.147625437 -10.940093994 0.002701492 -11.966635704
0.000000000 0.500000000 0.666666667 0.500000000 0.500000000 0.000000000 0.000000000 0.888012118 -0.238672868 -0.393026387 0.339332461 -0.236657984 0.910410061 -0.310303013 -0.941821778 -0.129165706 -10.893433571 0.002455521 -11.999762535
0.000000000 0.500000000 0.666666667 0.500000000 0.500000000 0.000000000 0.000000000 0.888032434 -0.258184477 -0.380446017 0.329464348 -0.219834098 0.918219044 -0.320704911 -0.940751692 -0.110157229 -10.834291458 0.004155655 -12.031779289
0.000000000 0.500000000 0.666666667 0.500000000 0.500000000 0.000000000 0.000000000 0.887691900 -0.277928291 -0.367095295 0.319472273 -0.202357100 0.925737042 -0.331572853 -0.939046042 -0.090840376 -10.768178940 0.005888138 -12.067649841
0.000000000 0.500000000 0.666666667 0.500000000 0.500000000 0.000000000 0.000000000 0.886972961 -0.297657508 -0.353099099 0.309476447 -0.184414834 0.932853417 -0.342787535 -0.936691613 -0.071452983 -10.695129395 0.007629470 -12.107375145
0.000000000 0.500000000 0.666666667 0.500000000 0.500000000 0.000000000 0.000000000 0.885873229 -0.317138578 -0.338602634 0.299590090 -0.166208624 0.939478830 -0.354223658 -0.933701138 -0.052228195 -10.615169525 0.009354553 -12.150957108
0.000000000 0.500000000 0.666666667 0.500000000 0.500000000 0.000000000 0.000000000 0.884406259 -0.336152704 -0.323769869 0.289917665 -0.147951908 0.945546393 -0.365750347 -0.930113752 -0.033392986 -10.528326035 0.011036606 -12.198398590
0.000000000 0.500000000 0.666666667 0.500000000 0.500000000 0.000000000 0.000000000 0.882600319 -0.354496538 -0.308786141 0.280557588 -0.129870558 0.951010556 -0.377232178 -0.925994515 -0.015167102 -10.434628487 0.012647400 -12.249708176
0.000000000 0.500000000 0.666666667 0.500000000 0.500000000 0.000000000 0.000000000 0.880498917 -0.371984885 -0.293851838 0.271598395 -0.112197308 0.955848354 -0.388530525 -0.921433128 0.002240889 -10.331485748 0.015777970 -12.299580574
0.000000000 0.500000000 0.666666667 0.500000000 0.500000000 0.000000000 0.000000000 0.878159748 -0.388449550 -0.279181668 0.263119090 -0.095172896 0.960057532 -0.399504444 -0.916541907 0.018631486 -10.218095779 0.020909270 -12.346356392
0.000000000 0.500000000 0.666666667 0.500000000 0.500000000 0.000000000 0.000000000 0.875652750 -0.403739543 -0.265003100 0.255190645 -0.079043581 0.963654423 -0.410012190 -0.911452958 0.033815825 -10.097510338 0.026126556 -12.396229744
0.000000000 0.500000000 0.666666667 0.500000000 0.500000000 0.000000000 0.000000000 0.873058772 -0.417719329 -0.251553061 0.247876611 -0.064058129 0.966671476 -0.419911378 -0.906315132 0.047616340 -9.969754219 0.031398926 -12.449220657
0.000000000 0.500000000 0.666666667 0.500000000 0.500000000 0.000000000 0.000000000 0.870467523 -0.430267640 -0.239073313 0.241231910 -0.050467208 0.969154387 -0.429061133 -0.901289531 0.059864219 -9.834835053 0.036695022 -12.505350113
0.000000000 0.500000000 0.666666667 0.500000000 0.500000000 0.000000000 0.000000000 0.867975039 -0.441273277 -0.227809626 0.235306835 -0.038521605 0.971157443 -0.437321420 -0.896545582 0.070398827 -9.695783615 0.041902006 -12.563355446
0.000000000 0.500000000 0.666666667 0.500000000 0.500000000 0.000000000 0.000000000 0.865680746 -0.450632501 -0.218007329 0.230148008 -0.028470100 0.972739095 -0.444554542 -0.892255458 0.079066156 -9.561755180 0.046717528 -12.619693756
0.000000000 0.500000000 0.666666667 0.500000000 0.500000000 0.000000000 0.000000000 0.863684794 -0.458243290 -0.209908701 0.225800532 -0.020559981 0.973956573 -0.450624784 -0.888588979 0.085714236 -9.432706833 0.051125031 -12.674242973
0.000000000 0.500000000 0.666666667 0.500000000 0.500000000 0.000000000 0.000000000 0.862070227 -0.464054325 -0.203687277 0.222287854 -0.014955439 0.974866373 -0.455437189 -0.885680483 0.090261002 -9.308577537 0.055118941 -12.726869583
0.000000000 0.500000000 0.666666667 0.500000000 0.500000000 0.000000000 0.000000000 0.860854480 -0.468216474 -0.199255859 0.219545041 -0.011500341 0.975534580 -0.459052872 -0.883538950 0.092894484 -9.189350128 0.058718871 -12.777575493
0.000000000 0.500000000 0.666666667 0.500000000 0.500000000 0.000000000 0.000000000 0.860026923 -0.470915910 -0.196448203 0.217493016 -0.009950372 0.976011157 -0.461573915 -0.882121985 0.093863333 -9.074999809 0.061955411 -12.826356888
0.000000000 0.500000000 0.666666667 0.500000000 0.500000000 0.000000000 0.000000000 0.859565302 -0.472322265 -0.195087596 0.216061030 -0.010058657 0.976328047 -0.463103793 -0.881368539 0.093404363 -8.965508461 0.064859316 -12.873204231
0.000000000 0.500000000 0.666666667 0.500000000 0.500000000 0.000000000 0.000000000 0.859438381 -0.472593817 -0.194989112 0.215185152 -0.011573159 0.976504691 -0.463746719 -0.881204373 0.091748755 -8.861040115 0.067418210 -12.918543816
0.000000000 0.500000000 0.666666667 0.500000000 0.500000000 0.000000000 0.000000000 0.859608578 -0.471881662 -0.195961194 0.214804418 -0.014238378 0.976553291 -0.463607759 -0.881546916 0.089122834 -8.761426926 0.069699556 -12.962011337
0.000000000 0.500000000 0.666666667 0.500000000 0.500000000 0.000000000 0.000000000 0.860034201 -0.470331929 -0.197810640 0.214860595 -0.017798440 0.976482535 -0.462791635 -0.882310089 0.085748531 -8.666602135 0.071746290 -13.003490448
0.000000000 0.500000000 0.666666667 0.500000000 0.500000000 0.000000000 0.000000000 0.860670621 -0.468090393 -0.200343371 0.215297002 -0.021994911 0.976300889 -0.461403601 -0.883406819 0.081848084 -8.576551437 0.073590621 -13.042972565
0.000000000 0.500000000 0.666666667 0.500000000 0.500000000 0.000000000 0.000000000 0.861472819 -0.465303255 -0.203365345 0.216055305 -0.026569301 0.976019558 -0.459548352 -0.884752481 0.077642506 -8.491250992 0.075264737 -13.080444336
0.000000000 0.500000000 0.666666667 0.500000000 0.500000000 0.000000000 0.000000000 0.862395768 -0.462119598 -0.206685793 0.217077089 -0.031263326 0.975653700 -0.457330381 -0.886266372 0.073354217 -8.410687447 0.076801069 -13.115895271
0.000000000 0.500000000 0.666666667 0.500000000 0.500000000 0.000000000 0.000000000 0.863395987 -0.458692344 -0.210115927 0.218300842 -0.035819238 0.975223936 -0.454853946 -0.887872916 0.069206738 -8.334837913 0.078231886 -13.149318695
0.000000000 0.500000000 0.666666667 0.500000000 0.500000000 0.000000000 0.000000000 0.864432133 -0.455178422 -0.213470585 0.219662986 -0.039980027 0.974756262 -0.452222577 -0.889502221 0.065425831 -8.263732910 0.079577938 -13.180813789
0.000000000 0.500000000 0.666666667 0.500000000 0.500000000 0.000000000 0.000000000 0.865464941 -0.451739545 -0.216568280 0.221098462 -0.043488504 0.974281387 -0.449539661 -0.891089296 0.062241143 -8.197479248 0.080841824 -13.210666656
0.000000000 0.500000000 0.666666667 0.500000000 0.500000000 0.000000000 0.000000000 0.866458221 -0.448539906 -0.219230710 0.222538639 -0.046091389 0.973833732 -0.446907938 -0.892573547 0.059881197 -8.135865212 0.082099840 -13.238427162
0.000000000 0.500000000 0.666666667 0.500000000 0.500000000 0.000000000 0.000000000 0.867377937 -0.445746612 -0.221281434 0.223914003 -0.047534033 0.973449041 -0.444430011 -0.893896232 0.058578937 -8.078869820 0.083383560 -13.264091492
0.000000000 0.500000000 0.666666667 0.500000000 0.500000000 0.000000000 0.000000000 0.868192224 -0.443526776 -0.222544966 0.225153455 -0.047563646 0.973161663 -0.442208305 -0.894998156 0.058567199 -8.026472092 0.084724732 -13.287653923
0.000000000 0.500000000 0.666666667 0.500000000 0.500000000 0.000000000 0.000000000 0.868870424 -0.442045715 -0.222844728 0.226185530 -0.045927833 0.973000894 -0.440345651 -0.895815952 0.060079009 -7.978651047 0.086154863 -13.309101105
0.000000000 0.500000000 0.666666667 0.500000000 0.500000000 0.000000000 0.000000000 0.869382096 -0.441463822 -0.222001046 0.226939829 -0.042374025 0.972986514 -0.438945424 -0.896277934 0.063346505 -7.935388088 0.087705456 -13.328431129
0.000000000 0.500000000 0.666666667 0.500000000 0.500000000 0.000000000 0.000000000 0.869695282 -0.441933491 -0.219829265 0.227349600 -0.036648314 0.973123353 -0.438112173 -0.896298885 0.068600536 -7.896662235 0.089408338 -13.345626831
0.000000000 0.500000000 0.666666667 0.500000000 0.500000000 0.000000000 0.000000000 0.869775610 -0.443594790 -0.216134335 0.227350643 -0.028495030 0.973395972 -0.437952136 -0.895774355 0.076067278 -7.850409985 0.091603160 -13.366037369
0.000000000 0.500000000 0.666666667 0.500000000 0.500000000 0.000000000 0.000000000 0.869594341 -0.446521164 -0.210771282 0.226904566 -0.017747694 0.973755276 -0.438543043 -0.894597043 0.085884397 -7.796619892 0.094310530 -13.389645576
0.000000000 0.500000000 0.666666667 0.500000000 0.500000000 0.000000000 0.000000000 0.869160387 -0.450573170 -0.203823553 0.226050083 -0.004597989 0.974104829 -0.439842679 -0.892727661 0.097855713 -7.735311031 0.097506635 -13.416449547
0.000000000 0.500000000 0.666666667 0.500000000 0.500000000 0.000000000 0.000000000 0.868490093 -0.455555736 -0.195432671 0.224848274 0.010671666 0.974335347 -0.441778464 -0.890143296 0.111699158 -7.666507244 0.101156004 -13.446445465
0.000000000 0.500000000 0.666666667 0.500000000 0.500000000 0.000000000 0.000000000 0.867598740 -0.461272949 -0.185740928 0.223360085 0.027775480 0.974340185 -0.444277726 -0.886823426 0.127127937 -7.590531826 0.105155028 -13.480295181
0.000000000 0.500000000 0.666666667 0.500000000 0.500000000 0.000000000 0.000000000 0.866501769 -0.467531939 -0.174895884 0.221646975 0.046425051 0.974021218 -0.447266478 -0.882756252 0.143854429 -7.507222652 0.109510116 -13.517581940
0.000000000 0.500000000 0.666666667 0.500000000 0.500000000 0.000000000 0.000000000 0.865216148 -0.474146769 -0.163051705 0.219767954 0.066328453 0.973294705 -0.450669573 -0.877943835 0.161590714 -7.416524410 0.114201963 -13.558136940
0.000000000 0.500000000 0.666666667 0.500000000 0.500000000 0.000000000 0.000000000 0.863761463 -0.480941462 -0.150371025 0.217778402 0.087190526 0.972095870 -0.454410280 -0.872406512 0.180050480 -7.318465233 0.119193643 -13.601964951
0.000000000 0.500000000 0.666666667 0.500000000 0.500000000 0.000000000 0.000000000 0.862160292 -0.487753112 -0.137027487 0.215730768 0.108713755 0.970382170 -0.458410151 -0.866186020 0.198952036 -7.213058948 0.124448009 -13.649069786
0.000000000 0.500000000 0.666666667 0.500000000 0.500000000 0.000000000 0.000000000 0.860439384 -0.494433967 -0.123203569 0.213670757 0.130599531 0.968136649 -0.462589315 -0.859347901 0.218019060 -7.100329399 0.129927740 -13.699460030
0.000000000 0.500000000 0.666666667 0.500000000 0.500000000 0.000000000 0.000000000 0.858629469 -0.500853445 -0.109092902 0.211639447 0.152549525 0.965369042 -0.466866340 -0.851982669 0.236983864 -6.980967998 0.135445014 -13.754603386
0.000000000 0.500000000 0.666666667 0.500000000 0.500000000 0.000000000 0.000000000 0.856765778 -0.506899399 -0.094896793 0.209669730 0.174267344 0.962117195 -0.471159216 -0.844206072 0.255587757 -6.854575157 0.141054451 -13.813627243
0.000000000 0.500000000 0.666666667 0.500000000 0.500000000 0.000000000 0.000000000 0.854887645 -0.512478424 -0.080826843 0.207790289 0.195460322 0.958445856 -0.475384381 -0.836158554 0.273584655 -6.720952034 0.146766126 -13.876098633
0.000000000 0.500000000 0.666666667 0.500000000 0.500000000 0.000000000 0.000000000 0.853038380 -0.517516374 -0.067099374 0.206021126 0.215840839 0.954446451 -0.479458881 -0.828003342 0.290739826 -6.588246822 0.152356714 -13.938149452
0.000000000 0.500000000 0.666666667 0.500000000 0.500000000 0.000000000 0.000000000 0.851264890 -0.521956705 -0.053937793 0.204378011 0.235127351 0.950234054 -0.483298786 -0.819924586 0.306832131 -6.457651138 0.157537073 -14.002228737
0.000000000 0.500000000 0.666666667 0.500000000 0.500000000 0.000000000 0.000000000 0.849617176 -0.525759229 -0.041567858 0.202869907 0.253045202 0.945944991 -0.486820762 -0.812123980 0.321652276 -6.328327656 0.162452772 -14.066645622
0.000000000 0.500000000 0.666666667 0.500000000 0.500000000 0.000000000 0.000000000 0.848147512 -0.528897599 -0.030218011 0.201502195 0.269326814 0.941732410 -0.489941490 -0.804816996 0.335002894 -6.199926853 0.167146534 -14.130695343
0.000000000 0.500000000 0.666666667 0.500000000 0.500000000 0.000000000 0.000000000 0.846909807 -0.531355933 -0.020115957 0.200275509 0.283710595 0.937762240 -0.492578419 -0.798228771 0.346694865 -6.073384762 0.171396255 -14.196178436
0.000000000 0.500000000 0.666666667 0.500000000 0.500000000 0.000000000 0.000000000 0.845958754 -0.533124556 -0.011488865 0.199189458 0.295940385 0.934207069 -0.494648710 -0.792589109 0.356546151 -5.949389458 0.175030977 -14.264418602
0.000000000 0.500000000 0.666666667 0.500000000 0.500000000 0.000000000 0.000000000 0.845348716 -0.534195407 -0.004562358 0.198244578 0.305762921 0.931240100 -0.496069184 -0.788127086 0.364377636 -5.826301098 0.178350747 -14.332347870
0.000000000 0.500000000 0.666666667 0.500000000 0.500000000 0.000000000 0.000000000 0.845132652 -0.534556455 0.000442457 0.197442637 0.312925366 0.929028589 -0.496756686 -0.785065036 0.370007681 -5.705877781 0.180950239 -14.402976036
0.000000000 0.500000000 0.666666667 0.500000000 0.500000000 0.000000000 0.000000000 0.845348168 -0.534205124 0.003370604 0.196783668 0.317251960 0.927700050 -0.496651450 -0.783566257 0.373311207 -5.588116169 0.182807997 -14.476322174
0.000000000 0.500000000 0.666666667 0.500000000 0.500000000 0.000000000 0.000000000 0.845976825 -0.533202205 0.004315015 0.196253560 0.318879176 0.927254340 -0.495790027 -0.783588846 0.374407224 -5.471735954 0.184208453 -14.550109863
0.000000000 0.500000000 0.666666667 0.500000000 0.500000000 0.000000000 0.000000000 0.846983532 -0.531608025 0.003435728 0.195838857 0.318015139 0.927638676 -0.494232778 -0.785021833 0.373463094 -5.360496521 0.184345320 -14.629972458
0.000000000 0.500000000 0.666666667 0.500000000 0.500000000 0.000000000 0.000000000 0.848329920 -0.529467224 0.000897238 0.195531747 0.314861353 0.928778587 -0.492040326 -0.787735226 0.370633958 -5.250770092 0.184039384 -14.710329056
0.000000000 0.500000000 0.666666667 0.500000000 0.500000000 0.000000000 0.000000000 0.849975869 -0.526812300 -0.003134197 0.195329062 0.309613797 0.930583609 -0.489272501 -0.791585812 0.366066009 -5.147386551 0.182213888 -14.797407150
0.000000000 0.500000000 0.666666667 0.500000000 0.500000000 0.000000000 0.000000000 0.851879832 -0.523668497 -0.008488647 0.195228767 0.302466058 0.932952310 -0.485990207 -0.796420485 0.359899890 -5.047888279 0.179418102 -14.887409210
0.000000000 0.500000000 0.666666667 0.500000000 0.500000000 0.000000000 0.000000000 0.854000018 -0.520056805 -0.014996276 0.195230850 0.293610204 0.935776663 -0.482253962 -0.802081023 0.352274252 -4.953298092 0.175430834 -14.981451988
0.000000000 0.500000000 0.666666667 0.500000000 0.500000000 0.000000000 0.000000000 0.856294368 -0.515998348 -0.022486908 0.195335339 0.283238411 0.938946275 -0.478125571 -0.808406895 0.343328168 -4.866169453 0.169477150 -15.081229210
0.000000000 0.500000000 0.666666667 0.500000000 0.500000000 0.000000000 0.000000000 0.858722172 -0.511515646 -0.030789199 0.195539032 0.271544829 0.942352319 -0.473667307 -0.815239321 0.333202839 -4.782869816 0.162272185 -15.182983398
0.000000000 0.500000000 0.666666667 0.500000000 0.500000000 0.000000000 0.000000000 0.861243356 -0.506637011 -0.039734385 0.195838333 0.258725863 0.945890202 -0.468942672 -0.822423168 0.322044879 -4.702060223 0.153972626 -15.285544395
0.000000000 0.500000000 0.666666667 0.500000000 0.500000000 0.000000000 0.000000000 0.863820066 -0.501396759 -0.049154687 0.196225353 0.244981335 0.949462878 -0.464015628 -0.829810482 0.310006549 -4.622098446 0.144874722 -15.387514114
0.000000000 0.500000000 0.666666667 0.500000000 0.500000000 0.000000000 0.000000000 0.866416334 -0.495837974 -0.058884980 0.196688613 0.230514495 0.952983031 -0.458951333 -0.837262069 0.297247207 -4.539628983 0.135330662 -15.486151695
0.000000000 0.500000000 0.666666667 0.500000000 0.500000000 0.000000000 0.000000000 0.868998703 -0.490013039 -0.068763912 0.197212888 0.215532360 0.956374863 -0.453815305 -0.844649645 0.283934228 -4.456335545 0.125585929 -15.582769394
0.000000000 0.500000000 0.666666667 0.500000000 0.500000000 0.000000000 0.000000000 0.871536427 -0.483984508 -0.078633658 0.197777846 0.200245339 0.959575806 -0.448673801 -0.851857265 0.270242521 -4.372647762 0.115724258 -15.677740097
0.000000000 0.500000000 0.666666667 0.500000000 0.500000000 0.000000000 0.000000000 0.874001683 -0.477825281 -0.088340588 0.198357873 0.184866705 0.962537509 -0.443593522 -0.858782453 0.256354217 -4.287930965 0.105688624 -15.770431519
0.000000000 0.500000000 0.666666667 0.500000000 0.500000000 0.000000000 0.000000000 0.876369247 -0.471618616 -0.097738546 0.198925314 0.169612226 0.965225576 -0.438640697 -0.865336683 0.242459820 -4.203333855 0.095659561 -15.861886978
0.000000000 0.500000000 0.666666667 0.500000000 0.500000000 0.000000000 0.000000000 0.878616918 -0.465457638 -0.106684106 0.199445174 0.154699718 0.967620597 -0.433882397 -0.871445457 0.228755069 -4.118592262 0.085630342 -15.951858521
0.000000000 0.500000000 0.666666667 0.500000000 0.500000000 0.000000000 0.000000000 0.880725091 -0.459444194 -0.115040632 0.199879423 0.140347811 0.969716819 -0.429385061 -0.877048188 0.215441278 -4.033868313 0.075651318 -16.040485382
