0.000000000 0.384615385 0.666666667 0.384615385 0.500000000 0.000000000 0.000000000 -0.070325075 0.000000000 0.997524127 -4.744279861 -0.997524127 0.000000000 -0.070325075 0.531601548 0.000000000 1.000000000 0.000000000 16.419324875
0.000000000 0.384615385 0.666666667 0.384615385 0.500000000 0.000000000 0.000000000 -0.103326531 0.000000000 0.994647489 -4.692025661 -0.994647489 0.000000000 -0.103326531 0.518120110 0.000000000 1.000000000 0.000000000 16.663740158
0.000000000 0.384615385 0.666666667 0.384615385 0.500000000 0.000000000 0.000000000 -0.107153829 0.000000000 0.994242454 -4.655584812 -0.994242454 0.000000000 -0.107153829 0.515732408 0.000000000 1.000000000 0.000000000 16.840078354
0.000000000 0.384615385 0.666666667 0.384615385 0.500000000 0.000000000 0.000000000 -0.106906336 0.000000000 0.994269096 -4.682592869 -0.994269096 0.000000000 -0.106906336 0.500659168 0.000000000 1.000000000 0.000000000 17.087030411
0.000000000 0.384615385 0.666666667 0.384615385 0.500000000 0.000000000 0.000000000 -0.101726072 0.000000000 0.994812448 -4.653510571 -0.994812448 0.000000000 -0.101726072 0.470068336 0.000000000 1.000000000 0.000000000 17.271064758
0.000000000 0.384615385 0.666666667 0.384615385 0.500000000 0.000000000 0.000000000 -0.080209659 0.000000000 0.996778015 -4.641047955 -0.996778015 0.000000000 -0.080209659 0.481328100 0.000000000 1.000000000 0.000000000 17.521005630
0.000000000 0.384615385 0.666666667 0.384615385 0.500000000 0.000000000 0.000000000 -0.049284383 0.000000000 0.998784786 -4.602141857 -0.998784786 0.000000000 -0.049284383 0.543833017 0.000000000 1.000000000 0.000000000 17.755430222
0.000000000 0.384615385 0.666666667 0.384615385 0.500000000 0.000000000 0.000000000 -0.029423389 0.000000000 0.999567038 -4.615622044 -0.999567038 0.000000000 -0.029423389 0.469516605 0.000000000 1.000000000 0.000000000 17.949998856
0.000000000 0.384615385 0.666666667 0.384615385 0.500000000 0.000000000 0.000000000 -0.017191610 0.000000000 0.999852213 -4.623645306 -0.999852213 0.000000000 -0.017191610 0.453295887 0.000000000 1.000000000 0.000000000 18.145429611
0.000000000 0.384615385 0.666666667 0.384615385 0.500000000 0.000000000 0.000000000 -0.009938118 0.000000000 0.999950616 -4.632757664 -0.999950616 0.000000000 -0.009938118 0.465429664 0.000000000 1.000000000 0.000000000 18.362079620
0.000000000 0.384615385 0.666666667 0.384615385 0.500000000 0.000000000 0.000000000 -0.007341336 0.000000000 0.999973052 -4.611286640 -0.999973052 0.000000000 -0.007341336 0.505419910 0.000000000 1.000000000 0.000000000 18.604276657
0.000000000 0.384615385 0.666666667 0.384615385 0.500000000 0.000000000 0.000000000 -0.002737281 0.000000000 0.999996254 -4.563361645 -0.999996254 0.000000000 -0.002737281 0.444389641 0.000000000 1.000000000 0.000000000 18.849365234
0.000000000 0.384615385 0.666666667 0.384615385 0.500000000 0.000000000 0.000000000 -0.001671910 0.000000000 0.999998602 -4.582290173 -0.999998602 0.000000000 -0.001671910 0.464379877 0.000000000 1.000000000 0.000000000 19.065389633
0.000000000 0.384615385 0.666666667 0.384615385 0.500000000 0.000000000 0.000000000 -0.001592397 0.000000000 0.999998732 -4.616071701 -0.999998732 0.000000000 -0.001592397 0.403847635 0.000000000 1.000000000 0.000000000 19.325223923
0.000000000 0.384615385 0.666666667 0.384615385 0.500000000 0.000000000 0.000000000 -0.003533954 0.000000000 0.999993756 -4.614052773 -0.999993756 0.000000000 -0.003533954 0.396674782 0.000000000 1.000000000 0.000000000 19.526191711
0.000000000 0.384615385 0.666666667 0.384615385 0.500000000 0.000000000 0.000000000 -0.027594919 0.000000000 0.999619188 -4.607117653 -0.999619188 0.000000000 -0.027594919 0.423286110 0.000000000 1.000000000 0.000000000 19.773641586
0.000000000 0.384615385 0.666666667 0.384615385 0.500000000 0.000000000 0.000000000 -0.089563134 0.000000000 0.995981147 -4.597185135 -0.995981147 0.000000000 -0.089563134 0.396621078 0.000000000 1.000000000 0.000000000 20.001014709
0.000000000 0.384615385 0.666666667 0.384615385 0.500000000 0.000000000 0.000000000 -0.103266230 0.000000000 0.994653752 -4.538044930 -0.994653752 0.000000000 -0.103266230 0.371225566 0.000000000 1.000000000 0.000000000 20.243799210
0.000000000 0.384615385 0.666666667 0.384615385 0.500000000 0.000000000 0.000000000 -0.115957308 0.000000000 0.993254198 -4.470702648 -0.993254198 0.000000000 -0.115957308 0.388945311 0.000000000 1.000000000 0.000000000 20.470361710
0.000000000 0.384615385 0.666666667 0.384615385 0.500000000 0.000000000 0.000000000 -0.166748774 0.000000000 0.985999415 -4.427025795 -0.985999415 0.000000000 -0.166748774 0.361269534 0.000000000 1.000000000 0.000000000 20.719295502
0.000000000 0.384615385 0.666666667 0.384615385 0.500000000 0.000000000 0.000000000 -0.201908496 0.000000000 0.979404390 -4.432938099 -0.979404390 0.000000000 -0.201908496 0.336650372 0.000000000 1.000000000 0.000000000 20.998115540
0.000000000 0.384615385 0.666666667 0.384615385 0.500000000 0.000000000 0.000000000 -0.211494795 0.000000000 0.977379124 -4.367521763 -0.977379124 0.000000000 -0.211494795 0.317714840 0.000000000 1.000000000 0.000000000 21.285087585
0.000000000 0.384615385 0.666666667 0.384615385 0.500000000 0.000000000 0.000000000 -0.204392051 0.000000000 0.978889110 -4.306866169 -0.978889110 0.000000000 -0.204392051 0.363891602 0.000000000 1.000000000 0.000000000 21.463359833
0.000000000 0.384615385 0.666666667 0.384615385 0.500000000 0.000000000 0.000000000 -0.175817584 0.000000000 0.984422763 -4.267024040 -0.984422763 0.000000000 -0.175817584 0.344277322 0.000000000 1.000000000 0.000000000 21.712518692
0.000000000 0.384615385 0.666666667 0.384615385 0.500000000 0.000000000 0.000000000 -0.124642685 0.000000000 0.992201694 -4.242580414 -0.992201694 0.000000000 -0.124642685 0.348247051 0.000000000 1.000000000 0.000000000 21.947011948
0.000000000 0.384615385 0.666666667 0.384615385 0.500000000 0.000000000 0.000000000 -0.110283026 0.000000000 0.993900224 -4.186716080 -0.993900224 0.000000000 -0.110283026 0.331567377 0.000000000 1.000000000 0.000000000 22.163700104
0.000000000 0.384615385 0.666666667 0.384615385 0.500000000 0.000000000 0.000000000 -0.105666028 0.000000000 0.994401675 -4.160490036 -0.994401675 0.000000000 -0.105666028 0.337509751 0.000000000 1.000000000 0.000000000 22.437978745
0.000000000 0.384615385 0.666666667 0.384615385 0.500000000 0.000000000 0.000000000 -0.110122820 0.000000000 0.993917987 -4.144546032 -0.993917987 0.000000000 -0.110122820 0.306884766 0.000000000 1.000000000 0.000000000 22.730155945
0.000000000 0.384615385 0.666666667 0.384615385 0.500000000 0.000000000 0.000000000 -0.115194656 0.000000000 0.993342937 -4.107825756 -0.993342937 0.000000000 -0.115194656 0.369892567 0.000000000 1.000000000 0.000000000 22.916025162
0.000000000 0.384615385 0.666666667 0.384615385 0.500000000 0.000000000 0.000000000 -0.120880715 0.000000000 0.992667040 -4.079442024 -0.992667040 0.000000000 -0.120880715 0.386049807 0.000000000 1.000000000 0.000000000 23.197900772
0.000000000 0.384615385 0.666666667 0.384615385 0.500000000 0.000000000 0.000000000 -0.130518922 0.000000000 0.991445818 -4.028581619 -0.991445818 0.000000000 -0.130518922 0.321391582 0.000000000 1.000000000 0.000000000 23.424140930
0.000000000 0.384615385 0.666666667 0.384615385 0.500000000 0.000000000 0.000000000 -0.146506450 0.000000000 0.989209715 -3.998779297 -0.989209715 0.000000000 -0.146506450 0.326816410 0.000000000 1.000000000 0.000000000 23.662948608
0.000000000 0.384615385 0.666666667 0.384615385 0.500000000 0.000000000 0.000000000 -0.157646116 0.000000000 0.987495672 -3.996279240 -0.987495672 0.000000000 -0.157646116 0.350400388 0.000000000 1.000000000 0.000000000 23.853046417
0.000000000 0.384615385 0.666666667 0.384615385 0.500000000 0.000000000 0.000000000 -0.101521839 0.000000000 0.994833311 -4.000112057 -0.994833311 0.000000000 -0.101521839 0.284189433 0.000000000 1.000000000 0.000000000 24.132381439
0.000000000 0.384615385 0.666666667 0.384615385 0.500000000 0.000000000 0.000000000 -0.071672332 0.000000000 0.997428231 -4.050720215 -0.997428231 0.000000000 -0.071672332 0.285620123 0.000000000 1.000000000 0.000000000 24.314550400
0.000000000 0.384615385 0.666666667 0.384615385 0.500000000 0.000000000 0.000000000 -0.061210533 0.000000000 0.998124877 -4.076909065 -0.998124877 0.000000000 -0.061210533 0.305048823 0.000000000 1.000000000 0.000000000 24.532909393
0.000000000 0.384615385 0.666666667 0.384615385 0.500000000 0.000000000 0.000000000 0.029801160 0.000000000 0.999555847 -4.194150448 -0.999555847 0.000000000 0.029801160 0.316166997 0.000000000 1.000000000 0.000000000 24.732362747
0.000000000 0.384615385 0.666666667 0.384615385 0.500000000 0.000000000 0.000000000 0.121499908 0.000000000 0.992591443 -4.322677135 -0.992591443 0.000000000 0.121499908 0.331274420 0.000000000 1.000000000 0.000000000 24.934238434
0.000000000 0.384615385 0.666666667 0.384615385 0.500000000 0.000000000 0.000000000 0.189961946 0.000000000 0.981791454 -4.425225735 -0.981791454 0.000000000 0.189961946 0.318383783 0.000000000 1.000000000 0.000000000 25.140478134
0.000000000 0.384615385 0.666666667 0.384615385 0.500000000 0.000000000 0.000000000 0.210843007 0.000000000 0.977519937 -4.572256565 -0.977519937 0.000000000 0.210843007 0.337026358 0.000000000 1.000000000 0.000000000 25.321756363
0.000000000 0.384615385 0.666666667 0.384615385 0.500000000 0.000000000 0.000000000 0.285254363 0.000000000 0.958451850 -4.651763439 -0.958451850 0.000000000 0.285254363 0.389414042 0.000000000 1.000000000 0.000000000 25.494462967
0.000000000 0.384615385 0.666666667 0.384615385 0.500000000 0.000000000 0.000000000 0.361614126 0.000000000 0.932327852 -4.782707214 -0.932327852 0.000000000 0.361614126 0.345654279 0.000000000 1.000000000 0.000000000 25.686229706
0.000000000 0.384615385 0.666666667 0.384615385 0.500000000 0.000000000 0.000000000 0.398636442 0.000000000 0.917109038 -4.852539539 -0.917109038 0.000000000 0.398636442 0.352451175 0.000000000 1.000000000 0.000000000 25.864999771
0.000000000 0.384615385 0.666666667 0.384615385 0.500000000 0.000000000 0.000000000 0.399253357 0.000000000 0.916840639 -4.959161282 -0.916840639 0.000000000 0.399253357 0.385356426 0.000000000 1.000000000 0.000000000 26.012147903
0.000000000 0.384615385 0.666666667 0.384615385 0.500000000 0.000000000 0.000000000 0.431803158 0.000000000 0.901967867 -5.118098736 -0.901967867 0.000000000 0.431803158 0.327485353 0.000000000 1.000000000 0.000000000 26.131307602
0.000000000 0.384615385 0.666666667 0.384615385 0.500000000 0.000000000 0.000000000 0.444603168 0.000000000 0.895727650 -5.234899044 -0.895727650 0.000000000 0.444603168 0.337280273 0.000000000 1.000000000 0.000000000 26.275800705
0.000000000 0.384615385 0.666666667 0.384615385 0.500000000 0.000000000 0.000000000 0.500230581 0.000000000 0.865892237 -5.348124504 -0.865892237 0.000000000 0.500230581 0.328491211 0.000000000 1.000000000 0.000000000 26.405038834
0.000000000 0.384615385 0.666666667 0.384615385 0.500000000 0.000000000 0.000000000 0.531064223 0.000000000 0.847331571 -5.491994381 -0.847331571 0.000000000 0.531064223 0.307519525 0.000000000 1.000000000 0.000000000 26.534355164
0.000000000 0.384615385 0.666666667 0.384615385 0.500000000 0.000000000 0.000000000 0.547830363 0.000000000 0.836589441 -5.647036552 -0.836589441 0.000000000 0.547830363 0.317192376 0.000000000 1.000000000 0.000000000 26.655683517
0.000000000 0.384615385 0.666666667 0.384615385 0.500000000 0.000000000 0.000000000 0.566014258 0.000000000 0.824395451 -5.760774612 -0.824395451 0.000000000 0.566014258 0.348618150 0.000000000 1.000000000 0.000000000 26.838075638
0.000000000 0.384615385 0.666666667 0.384615385 0.500000000 0.000000000 0.000000000 0.580295182 0.000000000 0.814406227 -5.907574177 -0.814406227 0.000000000 0.580295182 0.373193353 0.000000000 1.000000000 0.000000000 26.914022446
0.000000000 0.384615385 0.666666667 0.384615385 0.500000000 0.000000000 0.000000000 0.600148999 0.000000000 0.799888229 -6.061213970 -0.799888229 0.000000000 0.600148999 0.356669903 0.000000000 1.000000000 0.000000000 27.037099838
0.000000000 0.384615385 0.666666667 0.384615385 0.500000000 0.000000000 0.000000000 0.620880920 0.000000000 0.783904894 -6.193598270 -0.783904894 0.000000000 0.620880920 0.372778326 0.000000000 1.000000000 0.000000000 27.178134918
0.000000000 0.384615385 0.666666667 0.384615385 0.500000000 0.000000000 0.000000000 0.683838775 0.000000000 0.729633147 -6.389090538 -0.729633147 0.000000000 0.683838775 0.395073235 0.000000000 1.000000000 0.000000000 27.328475952
0.000000000 0.384615385 0.666666667 0.384615385 0.500000000 0.000000000 0.000000000 0.730120172 0.000000000 0.683318765 -6.523409367 -0.683318765 0.000000000 0.730120172 0.351772457 0.000000000 1.000000000 0.000000000 27.440448761
0.000000000 0.384615385 0.666666667 0.384615385 0.500000000 0.000000000 0.000000000 0.716985331 0.000000000 0.697088255 -6.652420998 -0.697088255 0.000000000 0.716985331 0.395180643 0.000000000 1.000000000 0.000000000 27.615623474
0.000000000 0.384615385 0.666666667 0.384615385 0.500000000 0.000000000 0.000000000 0.684448861 0.000000000 0.729060873 -6.794022083 -0.729060873 0.000000000 0.684448861 0.367680669 0.000000000 1.000000000 0.000000000 27.691562653
0.000000000 0.384615385 0.666666667 0.384615385 0.500000000 0.000000000 0.000000000 0.656833985 0.000000000 0.754035222 -6.619703770 -0.754035222 0.000000000 0.656833985 0.384931624 0.000000000 1.000000000 0.000000000 27.642402649
0.000000000 0.384615385 0.666666667 0.384615385 0.500000000 0.000000000 0.000000000 0.616208258 0.000000000 0.787583255 -6.438930035 -0.787583255 0.000000000 0.616208258 0.385668933 0.000000000 1.000000000 0.000000000 27.475067139
0.000000000 0.384615385 0.666666667 0.384615385 0.500000000 0.000000000 0.000000000 0.565961880 0.000000000 0.824431411 -6.316278934 -0.824431411 0.000000000 0.565961880 0.369370103 0.000000000 1.000000000 0.000000000 27.285682678
0.000000000 0.384615385 0.666666667 0.384615385 0.500000000 0.000000000 0.000000000 0.505968845 0.000000000 0.862551754 -6.112483978 -0.862551754 0.000000000 0.505968845 0.355927736 0.000000000 1.000000000 0.000000000 27.082010269
0.000000000 0.384615385 0.666666667 0.384615385 0.500000000 0.000000000 0.000000000 0.427958091 0.000000000 0.903798579 -5.968748093 -0.903798579 0.000000000 0.427958091 0.311166972 0.000000000 1.000000000 0.000000000 26.920135498
0.000000000 0.384615385 0.666666667 0.384615385 0.500000000 0.000000000 0.000000000 0.410742357 0.000000000 0.911751455 -5.791902542 -0.911751455 0.000000000 0.410742357 0.348007798 0.000000000 1.000000000 0.000000000 26.811542511
0.000000000 0.384615385 0.666666667 0.384615385 0.500000000 0.000000000 0.000000000 0.381550569 0.000000000 0.924347967 -5.597153664 -0.924347967 0.000000000 0.381550569 0.351215810 0.000000000 1.000000000 0.000000000 26.584589005
0.000000000 0.384615385 0.666666667 0.384615385 0.500000000 0.000000000 0.000000000 0.322016797 0.000000000 0.946733956 -5.458598614 -0.946733956 0.000000000 0.322016797 0.347187489 0.000000000 1.000000000 0.000000000 26.440370560
0.000000000 0.384615385 0.666666667 0.384615385 0.500000000 0.000000000 0.000000000 0.248906735 0.000000000 0.968527458 -5.280867100 -0.968527458 0.000000000 0.248906735 0.325214833 0.000000000 1.000000000 0.000000000 26.287216187
0.000000000 0.384615385 0.666666667 0.384615385 0.500000000 0.000000000 0.000000000 0.165344654 0.000000000 0.986235847 -5.085347176 -0.986235847 0.000000000 0.165344654 0.355039060 0.000000000 1.000000000 0.000000000 26.063280106
0.000000000 0.384615385 0.666666667 0.384615385 0.500000000 0.000000000 0.000000000 0.150674940 0.000000000 0.988583361 -4.902385712 -0.988583361 0.000000000 0.150674940 0.348154277 0.000000000 1.000000000 0.000000000 25.902187347
0.000000000 0.384615385 0.666666667 0.384615385 0.500000000 0.000000000 0.000000000 0.088190234 0.000000000 0.996103651 -4.776297092 -0.996103651 0.000000000 0.088190234 0.353105456 0.000000000 1.000000000 0.000000000 25.680839539
0.000000000 0.384615385 0.666666667 0.384615385 0.500000000 0.000000000 0.000000000 0.075586803 0.000000000 0.997139226 -4.634585857 -0.997139226 0.000000000 0.075586803 0.372875959 0.000000000 1.000000000 0.000000000 25.477685928
0.000000000 0.384615385 0.666666667 0.384615385 0.500000000 0.000000000 0.000000000 0.017249777 0.000000000 0.999851212 -4.534302711 -0.999851212 0.000000000 0.017249777 0.347412109 0.000000000 1.000000000 0.000000000 25.256444931
0.000000000 0.384615385 0.666666667 0.384615385 0.500000000 0.000000000 0.000000000 -0.055450677 0.000000000 0.998461428 -4.399170399 -0.998461428 0.000000000 -0.055450677 0.323164046 0.000000000 1.000000000 0.000000000 25.053632736
0.000000000 0.384615385 0.666666667 0.384615385 0.500000000 0.000000000 0.000000000 -0.134173294 0.000000000 0.990957884 -4.252704144 -0.990957884 0.000000000 -0.134173294 0.358564436 0.000000000 1.000000000 0.000000000 24.889677048
0.000000000 0.384615385 0.666666667 0.384615385 0.500000000 0.000000000 0.000000000 -0.150745847 0.000000000 0.988572552 -4.167365551 -0.988572552 0.000000000 -0.150745847 0.345351547 0.000000000 1.000000000 0.000000000 24.594676971
0.000000000 0.384615385 0.666666667 0.384615385 0.500000000 0.000000000 0.000000000 -0.237280124 0.000000000 0.971441271 -4.035147667 -0.971441271 0.000000000 -0.237280124 0.284838855 0.000000000 1.000000000 0.000000000 24.434473038
0.000000000 0.384615385 0.666666667 0.384615385 0.500000000 0.000000000 0.000000000 -0.273463174 0.000000000 0.961882473 -3.938369036 -0.961882473 0.000000000 -0.273463174 0.270937502 0.000000000 1.000000000 0.000000000 24.231962204
0.000000000 0.384615385 0.666666667 0.384615385 0.500000000 0.000000000 0.000000000 -0.290635728 0.000000000 0.956833775 -3.845280647 -0.956833775 0.000000000 -0.290635728 0.307514638 0.000000000 1.000000000 0.000000000 24.017236710
0.000000000 0.384615385 0.666666667 0.384615385 0.500000000 0.000000000 0.000000000 -0.340490597 0.000000000 0.940247921 -3.824052572 -0.940247921 0.000000000 -0.340490597 0.318764627 0.000000000 1.000000000 0.000000000 23.713582993
0.000000000 0.384615385 0.666666667 0.384615385 0.500000000 0.000000000 0.000000000 -0.428663773 0.000000000 0.903464094 -3.754445791 -0.903464094 0.000000000 -0.428663773 0.313168943 0.000000000 1.000000000 0.000000000 23.531503677
0.000000000 0.384615385 0.666666667 0.384615385 0.500000000 0.000000000 0.000000000 -0.480419017 0.000000000 0.877039092 -3.795804262 -0.877039092 0.000000000 -0.480419017 0.312412113 0.000000000 1.000000000 0.000000000 23.252441406
0.000000000 0.384615385 0.666666667 0.384615385 0.500000000 0.000000000 0.000000000 -0.548187304 0.000000000 0.836355594 -3.747008085 -0.836355594 0.000000000 -0.548187304 0.324111313 0.000000000 1.000000000 0.000000000 22.979530334