0.000000000 0.384615385 0.666666667 0.384615385 0.500000000 0.000000000 0.000000000 0.083794925 0.000000000 -0.996483021 4.074803352 0.996483021 0.000000000 0.083794925 0.390729815 0.000000000 1.000000000 0.000000000 -11.562040329
0.000000000 0.384615385 0.666666667 0.384615385 0.500000000 0.000000000 0.000000000 0.094766780 0.000000000 -0.995499502 3.995465040 0.995499502 0.000000000 0.094766780 0.395629048 0.000000000 1.000000000 0.000000000 -11.929816246
0.000000000 0.384615385 0.666666667 0.384615385 0.500000000 0.000000000 0.000000000 0.106437886 0.000000000 -0.994319353 4.003256798 0.994319353 0.000000000 0.106437886 0.397864670 0.000000000 1.000000000 0.000000000 -12.201020241
0.000000000 0.384615385 0.666666667 0.384615385 0.500000000 0.000000000 0.000000000 0.116698458 0.000000000 -0.993167393 3.975355148 0.993167393 0.000000000 0.116698458 0.430671692 0.000000000 1.000000000 0.000000000 -12.544396400
0.000000000 0.384615385 0.666666667 0.384615385 0.500000000 0.000000000 0.000000000 0.128128880 0.000000000 -0.991757526 3.954244375 0.991757526 0.000000000 0.128128880 0.182570800 0.000000000 1.000000000 0.000000000 -12.844074249
0.000000000 0.384615385 0.666666667 0.384615385 0.500000000 0.000000000 0.000000000 0.141499290 0.000000000 -0.989938357 3.816490412 0.989938357 0.000000000 0.141499290 0.140123293 0.000000000 1.000000000 0.000000000 -13.134758949
0.000000000 0.384615385 0.666666667 0.384615385 0.500000000 0.000000000 0.000000000 0.153240904 0.000000000 -0.988188861 3.768685102 0.988188861 0.000000000 0.153240904 0.102453917 0.000000000 1.000000000 0.000000000 -13.405565262
0.000000000 0.384615385 0.666666667 0.384615385 0.500000000 0.000000000 0.000000000 0.165714216 0.000000000 -0.986173818 3.842917442 0.986173818 0.000000000 0.165714216 0.033185270 0.000000000 1.000000000 0.000000000 -13.835114479
0.000000000 0.384615385 0.666666667 0.384615385 0.500000000 0.000000000 0.000000000 0.178121739 0.000000000 -0.984008458 3.582462072 0.984008458 0.000000000 0.178121739 0.096094660 0.000000000 1.000000000 0.000000000 -14.148455620
0.000000000 0.384615385 0.666666667 0.384615385 0.500000000 0.000000000 0.000000000 0.192428510 0.000000000 -0.981310995 3.688246965 0.981310995 0.000000000 0.192428510 0.011552276 0.000000000 1.000000000 0.000000000 -14.417042732
0.000000000 0.384615385 0.666666667 0.384615385 0.500000000 0.000000000 0.000000000 0.202139141 0.000000000 -0.979356813 3.578538656 0.979356813 0.000000000 0.202139141 0.214421377 0.000000000 1.000000000 0.000000000 -14.734676361
0.000000000 0.384615385 0.666666667 0.384615385 0.500000000 0.000000000 0.000000000 0.215780721 0.000000000 -0.976441847 3.514692307 0.976441847 0.000000000 0.215780721 0.249095991 0.000000000 1.000000000 0.000000000 -15.085414886
0.000000000 0.384615385 0.666666667 0.384615385 0.500000000 0.000000000 0.000000000 0.229923034 0.000000000 -0.973208815 3.430836678 0.973208815 0.000000000 0.229923034 0.328132778 0.000000000 1.000000000 0.000000000 -15.375873566
0.000000000 0.384615385 0.666666667 0.384615385 0.500000000 0.000000000 0.000000000 0.241339407 0.000000000 -0.970440771 3.463010073 0.970440771 0.000000000 0.241339407 0.245025396 0.000000000 1.000000000 0.000000000 -15.618586540
0.000000000 0.384615385 0.666666667 0.384615385 0.500000000 0.000000000 0.000000000 0.254861531 0.000000000 -0.966977559 3.309014320 0.966977559 0.000000000 0.254861531 0.188400105 0.000000000 1.000000000 0.000000000 -15.944957733
0.000000000 0.384615385 0.666666667 0.384615385 0.500000000 0.000000000 0.000000000 0.264926404 0.000000000 -0.964268635 3.276757717 0.964268635 0.000000000 0.264926404 0.382576734 0.000000000 1.000000000 0.000000000 -16.293254852
0.000000000 0.384615385 0.666666667 0.384615385 0.500000000 0.000000000 0.000000000 0.279644398 0.000000000 -0.960103646 3.105666399 0.960103646 0.000000000 0.279644398 0.443378597 0.000000000 1.000000000 0.000000000 -16.536153793
0.000000000 0.384615385 0.666666667 0.384615385 0.500000000 0.000000000 0.000000000 0.293282307 0.000000000 -0.956025883 2.955477238 0.956025883 0.000000000 0.293282307 0.201556996 0.000000000 1.000000000 0.000000000 -16.856641769
0.000000000 0.384615385 0.666666667 0.384615385 0.500000000 0.000000000 0.000000000 0.305040303 0.000000000 -0.952339442 2.890794516 0.952339442 0.000000000 0.305040303 0.300457597 0.000000000 1.000000000 0.000000000 -17.127870560
0.000000000 0.384615385 0.666666667 0.384615385 0.500000000 0.000000000 0.000000000 0.318681762 0.000000000 -0.947861770 2.794250488 0.947861770 0.000000000 0.318681762 0.349840373 0.000000000 1.000000000 0.000000000 -17.462808609
0.000000000 0.384615385 0.666666667 0.384615385 0.500000000 0.000000000 0.000000000 0.332303701 0.000000000 -0.943172439 2.749721527 0.943172439 0.000000000 0.332303701 0.371607363 0.000000000 1.000000000 0.000000000 -17.698860168
0.000000000 0.384615385 0.666666667 0.384615385 0.500000000 0.000000000 0.000000000 0.345754263 0.000000000 -0.938325098 2.607430458 0.938325098 0.000000000 0.345754263 0.414133608 0.000000000 1.000000000 0.000000000 -18.167242050
0.000000000 0.384615385 0.666666667 0.384615385 0.500000000 0.000000000 0.000000000 0.358678738 0.000000000 -0.933461066 2.400629759 0.933461066 0.000000000 0.358678738 0.433225244 0.000000000 1.000000000 0.000000000 -18.292018890
0.000000000 0.384615385 0.666666667 0.384615385 0.500000000 0.000000000 0.000000000 0.371094641 0.000000000 -0.928595050 2.375334501 0.928595050 0.000000000 0.371094641 0.336647779 0.000000000 1.000000000 0.000000000 -18.740301132
0.000000000 0.384615385 0.666666667 0.384615385 0.500000000 0.000000000 0.000000000 0.382240990 0.000000000 -0.924062674 2.288491249 0.924062674 0.000000000 0.382240990 0.399792314 0.000000000 1.000000000 0.000000000 -18.965463638
0.000000000 0.384615385 0.666666667 0.384615385 0.500000000 0.000000000 0.000000000 0.393908333 0.000000000 -0.919149730 2.192725897 0.919149730 0.000000000 0.393908333 0.328726947 0.000000000 1.000000000 0.000000000 -19.340812683
0.000000000 0.384615385 0.666666667 0.384615385 0.500000000 0.000000000 0.000000000 0.406022709 0.000000000 -0.913862987 1.918082237 0.913862987 0.000000000 0.406022709 0.333390027 0.000000000 1.000000000 0.000000000 -19.637456894
0.000000000 0.384615385 0.666666667 0.384615385 0.500000000 0.000000000 0.000000000 0.417553188 0.000000000 -0.908652483 1.912885666 0.908652483 0.000000000 0.417553188 0.211976469 0.000000000 1.000000000 0.000000000 -19.987573624
0.000000000 0.384615385 0.666666667 0.384615385 0.500000000 0.000000000 0.000000000 0.428657871 0.000000000 -0.903466895 1.821923733 0.903466895 0.000000000 0.428657871 0.284469903 0.000000000 1.000000000 0.000000000 -20.074514389
0.000000000 0.384615385 0.666666667 0.384615385 0.500000000 0.000000000 0.000000000 0.438744966 0.000000000 -0.898611626 1.589052677 0.898611626 0.000000000 0.438744966 0.381229609 0.000000000 1.000000000 0.000000000 -20.375064850
0.000000000 0.384615385 0.666666667 0.384615385 0.500000000 0.000000000 0.000000000 0.449298705 0.000000000 -0.893381595 1.476506352 0.893381595 0.000000000 0.449298705 0.442656547 0.000000000 1.000000000 0.000000000 -20.782457352
0.000000000 0.384615385 0.666666667 0.384615385 0.500000000 0.000000000 0.000000000 0.457681647 0.000000000 -0.889116140 1.295852065 0.889116140 0.000000000 0.457681647 0.359967947 0.000000000 1.000000000 0.000000000 -20.914962769
0.000000000 0.384615385 0.666666667 0.384615385 0.500000000 0.000000000 0.000000000 0.465879402 0.000000000 -0.884848226 1.189439654 0.884848226 0.000000000 0.465879402 0.399818093 0.000000000 1.000000000 0.000000000 -21.123073578
0.000000000 0.384615385 0.666666667 0.384615385 0.500000000 0.000000000 0.000000000 0.473996072 0.000000000 -0.880526958 1.008081079 0.880526958 0.000000000 0.473996072 0.358153462 0.000000000 1.000000000 0.000000000 -21.367696762
0.000000000 0.384615385 0.666666667 0.384615385 0.500000000 0.000000000 0.000000000 0.481913087 0.000000000 -0.876219023 0.962933302 0.876219023 0.000000000 0.481913087 0.434599459 0.000000000 1.000000000 0.000000000 -21.700643539
0.000000000 0.384615385 0.666666667 0.384615385 0.500000000 0.000000000 0.000000000 0.489573591 0.000000000 -0.871961983 0.791444063 0.871961983 0.000000000 0.489573591 0.438570708 0.000000000 1.000000000 0.000000000 -21.908372879
0.000000000 0.384615385 0.666666667 0.384615385 0.500000000 0.000000000 0.000000000 0.496801357 0.000000000 -0.867864282 0.588713348 0.867864282 0.000000000 0.496801357 0.323286206 0.000000000 1.000000000 0.000000000 -22.160558701
0.000000000 0.384615385 0.666666667 0.384615385 0.500000000 0.000000000 0.000000000 0.504536143 0.000000000 -0.863390572 0.509766817 0.863390572 0.000000000 0.504536143 0.382413179 0.000000000 1.000000000 0.000000000 -22.411310196
0.000000000 0.384615385 0.666666667 0.384615385 0.500000000 0.000000000 0.000000000 0.510778934 0.000000000 -0.859712092 0.337426752 0.859712092 0.000000000 0.510778934 0.538824081 0.000000000 1.000000000 0.000000000 -22.682401657
0.000000000 0.384615385 0.666666667 0.384615385 0.500000000 0.000000000 0.000000000 0.516731338 0.000000000 -0.856147606 0.178184807 0.856147606 0.000000000 0.516731338 0.403685689 0.000000000 1.000000000 0.000000000 -22.973127365
0.000000000 0.384615385 0.666666667 0.384615385 0.500000000 0.000000000 0.000000000 0.522317802 0.000000000 -0.852750909 0.038983155 0.852750909 0.000000000 0.522317802 0.387775034 0.000000000 1.000000000 0.000000000 -23.199649811
0.000000000 0.384615385 0.666666667 0.384615385 0.500000000 0.000000000 0.000000000 0.527683800 0.000000000 -0.849440879 0.090664059 0.849440879 0.000000000 0.527683800 0.463878393 0.000000000 1.000000000 0.000000000 -23.362806320
0.000000000 0.384615385 0.666666667 0.384615385 0.500000000 0.000000000 0.000000000 0.533209502 0.000000000 -0.845983231 -0.250296623 0.845983231 0.000000000 0.533209502 0.448042601 0.000000000 1.000000000 0.000000000 -23.742794037
0.000000000 0.384615385 0.666666667 0.384615385 0.500000000 0.000000000 0.000000000 0.537349938 0.000000000 -0.843359380 -0.514908433 0.843359380 0.000000000 0.537349938 0.378734261 0.000000000 1.000000000 0.000000000 -24.040971756
0.000000000 0.384615385 0.666666667 0.384615385 0.500000000 0.000000000 0.000000000 0.541526656 0.000000000 -0.840683580 -0.652569592 0.840683580 0.000000000 0.541526656 0.382859945 0.000000000 1.000000000 0.000000000 -24.235725403
0.000000000 0.384615385 0.666666667 0.384615385 0.500000000 0.000000000 0.000000000 0.544519754 0.000000000 -0.838748018 -0.902556121 0.838748018 0.000000000 0.544519754 0.312073499 0.000000000 1.000000000 0.000000000 -24.552761078
0.000000000 0.384615385 0.666666667 0.384615385 0.500000000 0.000000000 0.000000000 0.547332972 0.000000000 -0.836914941 -1.079354167 0.836914941 0.000000000 0.547332972 0.278935760 0.000000000 1.000000000 0.000000000 -24.739564896
0.000000000 0.384615385 0.666666667 0.384615385 0.500000000 0.000000000 0.000000000 0.549119277 0.000000000 -0.835743991 -1.126299977 0.835743991 0.000000000 0.549119277 0.417544991 0.000000000 1.000000000 0.000000000 -24.953477859
0.000000000 0.384615385 0.666666667 0.384615385 0.500000000 0.000000000 0.000000000 0.550474406 0.000000000 -0.834852040 -1.350236773 0.834852040 0.000000000 0.550474406 0.310399234 0.000000000 1.000000000 0.000000000 -25.265670776
0.000000000 0.384615385 0.666666667 0.384615385 0.500000000 0.000000000 0.000000000 0.550961289 0.000000000 -0.834530801 -1.443004131 0.834530801 0.000000000 0.550961289 0.352802664 0.000000000 1.000000000 0.000000000 -25.589288712
0.000000000 0.384615385 0.666666667 0.384615385 0.500000000 0.000000000 0.000000000 0.550740783 0.000000000 -0.834676339 -1.622600079 0.834676339 0.000000000 0.550740783 0.410976857 0.000000000 1.000000000 0.000000000 -25.832542419
0.000000000 0.384615385 0.666666667 0.384615385 0.500000000 0.000000000 0.000000000 0.549821024 0.000000000 -0.835282492 -1.814147949 0.835282492 0.000000000 0.549821024 0.302905649 0.000000000 1.000000000 0.000000000 -26.030006409
0.000000000 0.384615385 0.666666667 0.384615385 0.500000000 0.000000000 0.000000000 0.547960011 0.000000000 -0.836504529 -1.938328862 0.836504529 0.000000000 0.547960011 0.494706780 0.000000000 1.000000000 0.000000000 -26.235347748
0.000000000 0.384615385 0.666666667 0.384615385 0.500000000 0.000000000 0.000000000 0.545636584 0.000000000 -0.838021908 -2.219110012 0.838021908 0.000000000 0.545636584 0.381732792 0.000000000 1.000000000 0.000000000 -26.639390945
0.000000000 0.384615385 0.666666667 0.384615385 0.500000000 0.000000000 0.000000000 0.542522595 0.000000000 -0.840041210 -2.211987257 0.840041210 0.000000000 0.542522595 0.442333072 0.000000000 1.000000000 0.000000000 -26.815277100
0.000000000 0.384615385 0.666666667 0.384615385 0.500000000 0.000000000 0.000000000 0.538627265 0.000000000 -0.842544165 -2.419210196 0.842544165 0.000000000 0.538627265 0.368753493 0.000000000 1.000000000 0.000000000 -27.019266129
0.000000000 0.384615385 0.666666667 0.384615385 0.500000000 0.000000000 0.000000000 0.533941961 0.000000000 -0.845521131 -2.548281193 0.845521131 0.000000000 0.533941961 0.411445767 0.000000000 1.000000000 0.000000000 -27.343589783
0.000000000 0.384615385 0.666666667 0.384615385 0.500000000 0.000000000 0.000000000 0.528445032 0.000000000 -0.848967519 -2.833337307 0.848967519 0.000000000 0.528445032 0.372661740 0.000000000 1.000000000 0.000000000 -27.545488358
0.000000000 0.384615385 0.666666667 0.384615385 0.500000000 0.000000000 0.000000000 0.522120189 0.000000000 -0.852871918 -3.029804707 0.852871918 0.000000000 0.522120189 0.385804296 0.000000000 1.000000000 0.000000000 -27.804338455
0.000000000 0.384615385 0.666666667 0.384615385 0.500000000 0.000000000 0.000000000 0.514954042 0.000000000 -0.857217787 -3.054272413 0.857217787 0.000000000 0.514954042 0.413862228 0.000000000 1.000000000 0.000000000 -28.085435867
0.000000000 0.384615385 0.666666667 0.384615385 0.500000000 0.000000000 0.000000000 0.506939360 0.000000000 -0.861981720 -3.212759972 0.861981720 0.000000000 0.506939360 0.355639488 0.000000000 1.000000000 0.000000000 -28.255971909
0.000000000 0.384615385 0.666666667 0.384615385 0.500000000 0.000000000 0.000000000 0.496950690 0.000000000 -0.867778780 -3.358220100 0.867778780 0.000000000 0.496950690 0.431057870 0.000000000 1.000000000 0.000000000 -28.456214905
0.000000000 0.384615385 0.666666667 0.384615385 0.500000000 0.000000000 0.000000000 0.487697171 0.000000000 -0.873012869 -3.468127251 0.873012869 0.000000000 0.487697171 0.407986969 0.000000000 1.000000000 0.000000000 -28.842733383
0.000000000 0.384615385 0.666666667 0.384615385 0.500000000 0.000000000 0.000000000 0.479796159 0.000000000 -0.877379989 -3.587785482 0.877379989 0.000000000 0.479796159 0.365050793 0.000000000 1.000000000 0.000000000 -29.025108337
0.000000000 0.384615385 0.666666667 0.384615385 0.500000000 0.000000000 0.000000000 0.466202232 0.000000000 -0.884678178 -3.794926643 0.884678178 0.000000000 0.466202232 0.375875086 0.000000000 1.000000000 0.000000000 -29.342380524
0.000000000 0.384615385 0.666666667 0.384615385 0.500000000 0.000000000 0.000000000 0.454170827 0.000000000 -0.890914620 -3.795961857 0.890914620 0.000000000 0.454170827 0.412816465 0.000000000 1.000000000 0.000000000 -29.583124161
0.000000000 0.384615385 0.666666667 0.384615385 0.500000000 0.000000000 0.000000000 0.441384175 0.000000000 -0.897318232 -4.078588963 0.897318232 0.000000000 0.441384175 0.463859618 0.000000000 1.000000000 0.000000000 -29.886348724
0.000000000 0.384615385 0.666666667 0.384615385 0.500000000 0.000000000 0.000000000 0.427911355 0.000000000 -0.903820708 -4.201724529 0.903820708 0.000000000 0.427911355 0.401354045 0.000000000 1.000000000 0.000000000 -30.037162781
0.000000000 0.384615385 0.666666667 0.384615385 0.500000000 0.000000000 0.000000000 0.413824519 0.000000000 -0.910356670 -4.193161488 0.910356670 0.000000000 0.413824519 0.409281671 0.000000000 1.000000000 0.000000000 -30.200466156
0.000000000 0.384615385 0.666666667 0.384615385 0.500000000 0.000000000 0.000000000 0.399200860 0.000000000 -0.916863498 -4.309262753 0.916863498 0.000000000 0.399200860 0.344133914 0.000000000 1.000000000 0.000000000 -30.601266861
0.000000000 0.384615385 0.666666667 0.384615385 0.500000000 0.000000000 0.000000000 0.384124768 0.000000000 -0.923281194 -4.598024845 0.923281194 0.000000000 0.384124768 0.385473847 0.000000000 1.000000000 0.000000000 -30.785417557
0.000000000 0.384615385 0.666666667 0.384615385 0.500000000 0.000000000 0.000000000 0.365996658 0.000000000 -0.930616165 -4.520462513 0.930616165 0.000000000 0.365996658 0.317476124 0.000000000 1.000000000 0.000000000 -31.101434708
0.000000000 0.384615385 0.666666667 0.384615385 0.500000000 0.000000000 0.000000000 0.350131037 0.000000000 -0.936700730 -4.740710258 0.936700730 0.000000000 0.350131037 0.341499031 0.000000000 1.000000000 0.000000000 -31.406558990
0.000000000 0.384615385 0.666666667 0.384615385 0.500000000 0.000000000 0.000000000 0.331408345 0.000000000 -0.943487418 -4.841372967 0.943487418 0.000000000 0.331408345 0.292945623 0.000000000 1.000000000 0.000000000 -31.943159103
0.000000000 0.384615385 0.666666667 0.384615385 0.500000000 0.000000000 0.000000000 0.313399508 0.000000000 -0.949621371 -4.943237305 0.949621371 0.000000000 0.313399508 0.301802814 0.000000000 1.000000000 0.000000000 -32.128044128
0.000000000 0.384615385 0.666666667 0.384615385 0.500000000 0.000000000 0.000000000 0.297658933 0.000000000 -0.954672279 -5.029531002 0.954672279 0.000000000 0.297658933 0.339124054 0.000000000 1.000000000 0.000000000 -32.353565216
0.000000000 0.384615385 0.666666667 0.384615385 0.500000000 0.000000000 0.000000000 0.276759486 0.000000000 -0.960939221 -5.176971436 0.960939221 0.000000000 0.276759486 0.354156882 0.000000000 1.000000000 0.000000000 -32.680770874
0.000000000 0.384615385 0.666666667 0.384615385 0.500000000 0.000000000 0.000000000 0.259918346 0.000000000 -0.965630599 -5.227644920 0.965630599 0.000000000 0.259918346 0.283064574 0.000000000 1.000000000 0.000000000 -33.052730560
0.000000000 0.384615385 0.666666667 0.384615385 0.500000000 0.000000000 0.000000000 0.257214541 0.000000000 -0.966354324 -5.195217133 0.966354324 0.000000000 0.257214541 0.348032832 0.000000000 1.000000000 0.000000000 -33.315372467
0.000000000 0.384615385 0.666666667 0.384615385 0.500000000 0.000000000 0.000000000 0.241865050 0.000000000 -0.970309898 -5.191523552 0.970309898 0.000000000 0.241865050 0.273015290 0.000000000 1.000000000 0.000000000 -33.652702332
0.000000000 0.384615385 0.666666667 0.384615385 0.500000000 0.000000000 0.000000000 0.212479024 0.000000000 -0.977165628 -5.450844765 0.977165628 0.000000000 0.212479024 0.384610891 0.000000000 1.000000000 0.000000000 -33.959182739