0.000000000 0.384615385 0.666666667 0.384615385 0.500000000 0.000000000 0.000000000 -0.517656872 0.000000000 -0.855588314 88.471313477 0.855588314 0.000000000 -0.517656872 1.094067097 0.000000000 1.000000000 0.000000000 -24.850746155
0.000000000 0.384615385 0.666666667 0.384615385 0.500000000 0.000000000 0.000000000 -0.498007222 0.000000000 -0.867172882 88.517852783 0.867172882 0.000000000 -0.498007222 1.101174474 0.000000000 1.000000000 0.000000000 -24.918004990
0.000000000 0.384615385 0.666666667 0.384615385 0.500000000 0.000000000 0.000000000 -0.479032313 0.000000000 -0.877797268 88.580650330 0.877797268 0.000000000 -0.479032313 1.096058726 0.000000000 1.000000000 0.000000000 -25.025480270
0.000000000 0.384615385 0.666666667 0.384615385 0.500000000 0.000000000 0.000000000 -0.446718858 0.000000000 -0.894674389 88.606803894 0.894674389 0.000000000 -0.446718858 1.101374149 0.000000000 1.000000000 0.000000000 -25.105863571
0.000000000 0.384615385 0.666666667 0.384615385 0.500000000 0.000000000 0.000000000 -0.438651235 0.000000000 -0.898657384 88.653923035 0.898657384 0.000000000 -0.438651235 1.094966650 0.000000000 1.000000000 0.000000000 -25.213964462
0.000000000 0.384615385 0.666666667 0.384615385 0.500000000 0.000000000 0.000000000 -0.411657453 0.000000000 -0.911338653 88.706153870 0.911338653 0.000000000 -0.411657453 1.107188582 0.000000000 1.000000000 0.000000000 -25.305398941
0.000000000 0.384615385 0.666666667 0.384615385 0.500000000 0.000000000 0.000000000 -0.380237351 0.000000000 -0.924888943 88.769828796 0.924888943 0.000000000 -0.380237351 1.101594329 0.000000000 1.000000000 0.000000000 -25.436798096
0.000000000 0.384615385 0.666666667 0.384615385 0.500000000 0.000000000 0.000000000 -0.366412153 0.000000000 -0.930452650 88.794662476 0.930452650 0.000000000 -0.366412153 1.100616097 0.000000000 1.000000000 0.000000000 -25.580331802
0.000000000 0.384615385 0.666666667 0.384615385 0.500000000 0.000000000 0.000000000 -0.334871123 0.000000000 -0.942263939 88.864379883 0.942263939 0.000000000 -0.334871123 1.104642272 0.000000000 1.000000000 0.000000000 -25.700710297
0.000000000 0.384615385 0.666666667 0.384615385 0.500000000 0.000000000 0.000000000 -0.320331175 0.000000000 -0.947305620 88.909301758 0.947305620 0.000000000 -0.320331175 1.091566682 0.000000000 1.000000000 0.000000000 -25.835538864
0.000000000 0.384615385 0.666666667 0.384615385 0.500000000 0.000000000 0.000000000 -0.304502772 0.000000000 -0.952511450 88.958389282 0.952511450 0.000000000 -0.304502772 1.089155078 0.000000000 1.000000000 0.000000000 -25.983957291
0.000000000 0.384615385 0.666666667 0.384615385 0.500000000 0.000000000 0.000000000 -0.267442856 0.000000000 -0.963573723 88.982780457 0.963573723 0.000000000 -0.267442856 1.091911077 0.000000000 1.000000000 0.000000000 -26.112140656
0.000000000 0.384615385 0.666666667 0.384615385 0.500000000 0.000000000 0.000000000 -0.244684063 0.000000000 -0.969602862 89.017593384 0.969602862 0.000000000 -0.244684063 1.089909911 0.000000000 1.000000000 0.000000000 -26.277706146
0.000000000 0.384615385 0.666666667 0.384615385 0.500000000 0.000000000 0.000000000 -0.233212185 0.000000000 -0.972425872 89.054420471 0.972425872 0.000000000 -0.233212185 1.098906398 0.000000000 1.000000000 0.000000000 -26.421033859
0.000000000 0.384615385 0.666666667 0.384615385 0.500000000 0.000000000 0.000000000 -0.210340005 0.000000000 -0.977628294 89.072906494 0.977628294 0.000000000 -0.210340005 1.102053165 0.000000000 1.000000000 0.000000000 -26.574897766
0.000000000 0.384615385 0.666666667 0.384615385 0.500000000 0.000000000 0.000000000 -0.189873883 0.000000000 -0.981808489 89.114822388 0.981808489 0.000000000 -0.189873883 1.112546802 0.000000000 1.000000000 0.000000000 -26.765699387
0.000000000 0.384615385 0.666666667 0.384615385 0.500000000 0.000000000 0.000000000 -0.173360702 0.000000000 -0.984858400 89.167495728 0.984858400 0.000000000 -0.173360702 1.096639633 0.000000000 1.000000000 0.000000000 -26.894906998
0.000000000 0.384615385 0.666666667 0.384615385 0.500000000 0.000000000 0.000000000 -0.154386473 0.000000000 -0.988010535 89.166160583 0.988010535 0.000000000 -0.154386473 1.091957927 0.000000000 1.000000000 0.000000000 -27.016275406
0.000000000 0.384615385 0.666666667 0.384615385 0.500000000 0.000000000 0.000000000 -0.146769573 0.000000000 -0.989170709 89.194908142 0.989170709 0.000000000 -0.146769573 1.095598817 0.000000000 1.000000000 0.000000000 -27.174974442
0.000000000 0.384615385 0.666666667 0.384615385 0.500000000 0.000000000 0.000000000 -0.130699612 0.000000000 -0.991422015 89.223815918 0.991422015 0.000000000 -0.130699612 1.100240350 0.000000000 1.000000000 0.000000000 -27.279935837
0.000000000 0.384615385 0.666666667 0.384615385 0.500000000 0.000000000 0.000000000 -0.123283702 0.000000000 -0.992371467 89.224349976 0.992371467 0.000000000 -0.123283702 1.092095613 0.000000000 1.000000000 0.000000000 -27.414075851
0.000000000 0.384615385 0.666666667 0.384615385 0.500000000 0.000000000 0.000000000 -0.109149403 0.000000000 -0.994025356 89.237670898 0.994025356 0.000000000 -0.109149403 1.097813487 0.000000000 1.000000000 0.000000000 -27.566093445
0.000000000 0.384615385 0.666666667 0.384615385 0.500000000 0.000000000 0.000000000 -0.102451607 0.000000000 -0.994737990 89.248321533 0.994737990 0.000000000 -0.102451607 1.107827902 0.000000000 1.000000000 0.000000000 -27.701633453
0.000000000 0.384615385 0.666666667 0.384615385 0.500000000 0.000000000 0.000000000 -0.101581522 0.000000000 -0.994827218 89.268180847 0.994827218 0.000000000 -0.101581522 1.092439175 0.000000000 1.000000000 0.000000000 -27.823722839
0.000000000 0.384615385 0.666666667 0.384615385 0.500000000 0.000000000 0.000000000 -0.083766813 0.000000000 -0.996485384 89.295486450 0.996485384 0.000000000 -0.083766813 1.091079354 0.000000000 1.000000000 0.000000000 -27.956588745
0.000000000 0.384615385 0.666666667 0.384615385 0.500000000 0.000000000 0.000000000 -0.081702106 0.000000000 -0.996656794 89.289703369 0.996656794 0.000000000 -0.081702106 1.104068756 0.000000000 1.000000000 0.000000000 -28.096735001
0.000000000 0.384615385 0.666666667 0.384615385 0.500000000 0.000000000 0.000000000 -0.076034801 0.000000000 -0.997105164 89.310249329 0.997105164 0.000000000 -0.076034801 1.102610230 0.000000000 1.000000000 0.000000000 -28.228525162
0.000000000 0.384615385 0.666666667 0.384615385 0.500000000 0.000000000 0.000000000 -0.071213486 0.000000000 -0.997461097 89.299194336 0.997461097 0.000000000 -0.071213486 1.093085647 0.000000000 1.000000000 0.000000000 -28.398336411
0.000000000 0.384615385 0.666666667 0.384615385 0.500000000 0.000000000 0.000000000 -0.058012114 0.000000000 -0.998315879 89.305770874 0.998315879 0.000000000 -0.058012114 1.099114537 0.000000000 1.000000000 0.000000000 -28.539119720
0.000000000 0.384615385 0.666666667 0.384615385 0.500000000 0.000000000 0.000000000 -0.040970488 0.000000000 -0.999160357 89.324478149 0.999160357 0.000000000 -0.040970488 1.104749441 0.000000000 1.000000000 0.000000000 -28.649423599
0.000000000 0.384615385 0.666666667 0.384615385 0.500000000 0.000000000 0.000000000 -0.037357411 0.000000000 -0.999301968 89.326675415 0.999301968 0.000000000 -0.037357411 1.094468236 0.000000000 1.000000000 0.000000000 -28.825710297
0.000000000 0.384615385 0.666666667 0.384615385 0.500000000 0.000000000 0.000000000 -0.030524531 0.000000000 -0.999534018 89.318794250 0.999534018 0.000000000 -0.030524531 1.108794808 0.000000000 1.000000000 0.000000000 -28.957172394
0.000000000 0.384615385 0.666666667 0.384615385 0.500000000 0.000000000 0.000000000 -0.024802529 0.000000000 -0.999692370 89.323257446 0.999692370 0.000000000 -0.024802529 1.124025941 0.000000000 1.000000000 0.000000000 -29.091630936
0.000000000 0.384615385 0.666666667 0.384615385 0.500000000 0.000000000 0.000000000 -0.022147741 0.000000000 -0.999754709 89.339401245 0.999754709 0.000000000 -0.022147741 1.092659116 0.000000000 1.000000000 0.000000000 -29.228004456
0.000000000 0.384615385 0.666666667 0.384615385 0.500000000 0.000000000 0.000000000 -0.017290626 0.000000000 -0.999850506 89.337074280 0.999850506 0.000000000 -0.017290626 1.107264757 0.000000000 1.000000000 0.000000000 -29.393766403
0.000000000 0.384615385 0.666666667 0.384615385 0.500000000 0.000000000 0.000000000 -0.013449333 0.000000000 -0.999909554 89.366889954 0.999909554 0.000000000 -0.013449333 1.081359744 0.000000000 1.000000000 0.000000000 -29.532897949
0.000000000 0.384615385 0.666666667 0.384615385 0.500000000 0.000000000 0.000000000 -0.011761684 0.000000000 -0.999930829 89.334312439 0.999930829 0.000000000 -0.011761684 1.090906858 0.000000000 1.000000000 0.000000000 -29.678897858
0.000000000 0.384615385 0.666666667 0.384615385 0.500000000 0.000000000 0.000000000 -0.008868654 0.000000000 -0.999960673 89.344345093 0.999960673 0.000000000 -0.008868654 1.084629655 0.000000000 1.000000000 0.000000000 -29.816026688
0.000000000 0.384615385 0.666666667 0.384615385 0.500000000 0.000000000 0.000000000 -0.006897589 0.000000000 -0.999976211 89.337615967 0.999976211 0.000000000 -0.006897589 1.090448022 0.000000000 1.000000000 0.000000000 -29.942287445
0.000000000 0.384615385 0.666666667 0.384615385 0.500000000 0.000000000 0.000000000 -0.006165471 0.000000000 -0.999980993 89.357894897 0.999980993 0.000000000 -0.006165471 1.100888014 0.000000000 1.000000000 0.000000000 -30.069292068
0.000000000 0.384615385 0.666666667 0.384615385 0.500000000 0.000000000 0.000000000 -0.005569301 0.000000000 -0.999984491 89.344741821 0.999984491 0.000000000 -0.005569301 1.084474921 0.000000000 1.000000000 0.000000000 -30.192646027
0.000000000 0.384615385 0.666666667 0.384615385 0.500000000 0.000000000 0.000000000 -0.004912092 0.000000000 -0.999987936 89.351997375 0.999987936 0.000000000 -0.004912092 1.102377057 0.000000000 1.000000000 0.000000000 -30.303239822
0.000000000 0.384615385 0.666666667 0.384615385 0.500000000 0.000000000 0.000000000 -0.004843118 0.000000000 -0.999988272 89.336990356 0.999988272 0.000000000 -0.004843118 1.103802204 0.000000000 1.000000000 0.000000000 -30.418521881
0.000000000 0.384615385 0.666666667 0.384615385 0.500000000 0.000000000 0.000000000 -0.005152132 0.000000000 -0.999986728 89.355865479 0.999986728 0.000000000 -0.005152132 1.126966119 0.000000000 1.000000000 0.000000000 -30.541547775
0.000000000 0.384615385 0.666666667 0.384615385 0.500000000 0.000000000 0.000000000 -0.005524089 0.000000000 -0.999984742 89.359939575 0.999984742 0.000000000 -0.005524089 1.113941789 0.000000000 1.000000000 0.000000000 -30.674800873
0.000000000 0.384615385 0.666666667 0.384615385 0.500000000 0.000000000 0.000000000 -0.006061357 0.000000000 -0.999981630 89.347145081 0.999981630 0.000000000 -0.006061357 1.100956559 0.000000000 1.000000000 0.000000000 -30.770277023
0.000000000 0.384615385 0.666666667 0.384615385 0.500000000 0.000000000 0.000000000 -0.007498149 0.000000000 -0.999971888 89.354545593 0.999971888 0.000000000 -0.007498149 1.097097516 0.000000000 1.000000000 0.000000000 -30.889484406
0.000000000 0.384615385 0.666666667 0.384615385 0.500000000 0.000000000 0.000000000 -0.008383689 0.000000000 -0.999964856 89.349372864 0.999964856 0.000000000 -0.008383689 1.093484402 0.000000000 1.000000000 0.000000000 -30.975212097
0.000000000 0.384615385 0.666666667 0.384615385 0.500000000 0.000000000 0.000000000 -0.009391109 0.000000000 -0.999955903 89.347846985 0.999955903 0.000000000 -0.009391109 1.092266798 0.000000000 1.000000000 0.000000000 -31.073137283
0.000000000 0.384615385 0.666666667 0.384615385 0.500000000 0.000000000 0.000000000 -0.010526231 0.000000000 -0.999944598 89.354324341 0.999944598 0.000000000 -0.010526231 1.100744605 0.000000000 1.000000000 0.000000000 -31.158931732
0.000000000 0.384615385 0.666666667 0.384615385 0.500000000 0.000000000 0.000000000 -0.011734146 0.000000000 -0.999931153 89.357925415 0.999931153 0.000000000 -0.011734146 1.088820338 0.000000000 1.000000000 0.000000000 -31.250888824
0.000000000 0.384615385 0.666666667 0.384615385 0.500000000 0.000000000 0.000000000 -0.013047187 0.000000000 -0.999914882 89.362525940 0.999914882 0.000000000 -0.013047187 1.086176395 0.000000000 1.000000000 0.000000000 -31.320518494
0.000000000 0.384615385 0.666666667 0.384615385 0.500000000 0.000000000 0.000000000 -0.014446896 0.000000000 -0.999895638 89.357055664 0.999895638 0.000000000 -0.014446896 1.102911472 0.000000000 1.000000000 0.000000000 -31.410278320
0.000000000 0.384615385 0.666666667 0.384615385 0.500000000 0.000000000 0.000000000 -0.015925823 0.000000000 -0.999873176 89.363571167 0.999873176 0.000000000 -0.015925823 1.094020844 0.000000000 1.000000000 0.000000000 -31.519046783
0.000000000 0.384615385 0.666666667 0.384615385 0.500000000 0.000000000 0.000000000 -0.017475482 0.000000000 -0.999847292 89.358886719 0.999847292 0.000000000 -0.017475482 1.100467205 0.000000000 1.000000000 0.000000000 -31.589008331
0.000000000 0.384615385 0.666666667 0.384615385 0.500000000 0.000000000 0.000000000 -0.019088220 0.000000000 -0.999817803 89.361518860 0.999817803 0.000000000 -0.019088220 1.091828823 0.000000000 1.000000000 0.000000000 -31.683807373
0.000000000 0.384615385 0.666666667 0.384615385 0.500000000 0.000000000 0.000000000 -0.020755550 0.000000000 -0.999784580 89.346084595 0.999784580 0.000000000 -0.020755550 1.091914654 0.000000000 1.000000000 0.000000000 -31.764858246
0.000000000 0.384615385 0.666666667 0.384615385 0.500000000 0.000000000 0.000000000 -0.022468920 0.000000000 -0.999747542 89.350105286 0.999747542 0.000000000 -0.022468920 1.087649941 0.000000000 1.000000000 0.000000000 -31.851779938
0.000000000 0.384615385 0.666666667 0.384615385 0.500000000 0.000000000 0.000000000 -0.024220303 0.000000000 -0.999706645 89.369995117 0.999706645 0.000000000 -0.024220303 1.096937537 0.000000000 1.000000000 0.000000000 -31.926227570
0.000000000 0.384615385 0.666666667 0.384615385 0.500000000 0.000000000 0.000000000 -0.026000621 0.000000000 -0.999661927 89.373962402 0.999661927 0.000000000 -0.026000621 1.094933271 0.000000000 1.000000000 0.000000000 -32.032772064
0.000000000 0.384615385 0.666666667 0.384615385 0.500000000 0.000000000 0.000000000 -0.027801629 0.000000000 -0.999613460 89.371635437 0.999613460 0.000000000 -0.027801629 1.093247533 0.000000000 1.000000000 0.000000000 -32.128059387
0.000000000 0.384615385 0.666666667 0.384615385 0.500000000 0.000000000 0.000000000 -0.029614679 0.000000000 -0.999561389 89.379302979 0.999561389 0.000000000 -0.029614679 1.091120839 0.000000000 1.000000000 0.000000000 -32.202930450
0.000000000 0.384615385 0.666666667 0.384615385 0.500000000 0.000000000 0.000000000 -0.031430868 0.000000000 -0.999505928 89.382301331 0.999505928 0.000000000 -0.031430868 1.095656395 0.000000000 1.000000000 0.000000000 -32.285751343
0.000000000 0.384615385 0.666666667 0.384615385 0.500000000 0.000000000 0.000000000 -0.033242116 0.000000000 -0.999447328 89.383903503 0.999447328 0.000000000 -0.033242116 1.105312824 0.000000000 1.000000000 0.000000000 -32.372421265
0.000000000 0.384615385 0.666666667 0.384615385 0.500000000 0.000000000 0.000000000 -0.035039547 0.000000000 -0.999385927 89.390434265 0.999385927 0.000000000 -0.035039547 1.093602657 0.000000000 1.000000000 0.000000000 -32.467979431
0.000000000 0.384615385 0.666666667 0.384615385 0.500000000 0.000000000 0.000000000 -0.036815017 0.000000000 -0.999322097 89.389091492 0.999322097 0.000000000 -0.036815017 1.091486931 0.000000000 1.000000000 0.000000000 -32.546306610
0.000000000 0.384615385 0.666666667 0.384615385 0.500000000 0.000000000 0.000000000 -0.038560603 0.000000000 -0.999256263 89.395156860 0.999256263 0.000000000 -0.038560603 1.100614905 0.000000000 1.000000000 0.000000000 -32.693462372
0.000000000 0.384615385 0.666666667 0.384615385 0.500000000 0.000000000 0.000000000 -0.041915193 0.000000000 -0.999121172 89.402763367 0.999121172 0.000000000 -0.041915193 1.077502131 0.000000000 1.000000000 0.000000000 -32.801784515
0.000000000 0.384615385 0.666666667 0.384615385 0.500000000 0.000000000 0.000000000 -0.043508503 0.000000000 -0.999053057 89.420875549 0.999053057 0.000000000 -0.043508503 1.091197491 0.000000000 1.000000000 0.000000000 -32.934925079
0.000000000 0.384615385 0.666666667 0.384615385 0.500000000 0.000000000 0.000000000 -0.046538467 0.000000000 -0.998916499 89.400085449 0.998916499 0.000000000 -0.046538467 1.096148849 0.000000000 1.000000000 0.000000000 -33.058120728
0.000000000 0.384615385 0.666666667 0.384615385 0.500000000 0.000000000 0.000000000 -0.047954957 0.000000000 -0.998849499 89.418846130 0.998849499 0.000000000 -0.047954957 1.085827947 0.000000000 1.000000000 0.000000000 -33.155067444
0.000000000 0.384615385 0.666666667 0.384615385 0.500000000 0.000000000 0.000000000 -0.049308863 0.000000000 -0.998783578 89.418685913 0.998783578 0.000000000 -0.049308863 1.102408051 0.000000000 1.000000000 0.000000000 -33.261772156
0.000000000 0.384615385 0.666666667 0.384615385 0.500000000 0.000000000 0.000000000 -0.050591202 0.000000000 -0.998719445 89.420440674 0.998719445 0.000000000 -0.050591202 1.094671130 0.000000000 1.000000000 0.000000000 -33.321575165
0.000000000 0.384615385 0.666666667 0.384615385 0.500000000 0.000000000 0.000000000 -0.051762551 0.000000000 -0.998659421 89.425392151 0.998659421 0.000000000 -0.051762551 1.093466520 0.000000000 1.000000000 0.000000000 -33.415504456
0.000000000 0.384615385 0.666666667 0.384615385 0.500000000 0.000000000 0.000000000 -0.052825438 0.000000000 -0.998603762 89.424720764 0.998603762 0.000000000 -0.052825438 1.098178983 0.000000000 1.000000000 0.000000000 -33.490283966
0.000000000 0.384615385 0.666666667 0.384615385 0.500000000 0.000000000 0.000000000 -0.053781488 0.000000000 -0.998552728 89.433746338 0.998552728 0.000000000 -0.053781488 1.093147278 0.000000000 1.000000000 0.000000000 -33.562168121
0.000000000 0.384615385 0.666666667 0.384615385 0.500000000 0.000000000 0.000000000 -0.054632021 0.000000000 -0.998506556 89.432731628 0.998506556 0.000000000 -0.054632021 1.101452708 0.000000000 1.000000000 0.000000000 -33.641227722
0.000000000 0.384615385 0.666666667 0.384615385 0.500000000 0.000000000 0.000000000 -0.055377946 0.000000000 -0.998465464 89.440826416 0.998465464 0.000000000 -0.055377946 1.088886142 0.000000000 1.000000000 0.000000000 -33.728080750
0.000000000 0.384615385 0.666666667 0.384615385 0.500000000 0.000000000 0.000000000 -0.056019992 0.000000000 -0.998429647 89.452919006 0.998429647 0.000000000 -0.056019992 1.094957113 0.000000000 1.000000000 0.000000000 -33.807800293
0.000000000 0.384615385 0.666666667 0.384615385 0.500000000 0.000000000 0.000000000 -0.056558737 0.000000000 -0.998399273 89.458877563 0.998399273 0.000000000 -0.056558737 1.095228434 0.000000000 1.000000000 0.000000000 -33.872638702
0.000000000 0.384615385 0.666666667 0.384615385 0.500000000 0.000000000 0.000000000 -0.056994820 0.000000000 -0.998374474 89.445312500 0.998374474 0.000000000 -0.056994820 1.092320323 0.000000000 1.000000000 0.000000000 -33.963462830