0.000000000 0.384615385 0.666666667 0.384615385 0.500000000 0.000000000 0.000000000 0.844236390 0.000000000 0.535971004 -1.798902512 -0.535971004 0.000000000 0.844236390 0.820922852 0.000000000 1.000000000 0.000000000 -0.868984342
0.000000000 0.384615385 0.666666667 0.384615385 0.500000000 0.000000000 0.000000000 0.842905147 0.000000000 0.538062183 -1.867939353 -0.538062183 0.000000000 0.842905147 0.826411128 0.000000000 1.000000000 0.000000000 -0.824199200
0.000000000 0.384615385 0.666666667 0.384615385 0.500000000 0.000000000 0.000000000 0.841333340 0.000000000 0.540516615 -1.941826105 -0.540516615 0.000000000 0.841333340 0.828007817 0.000000000 1.000000000 0.000000000 -0.778203130
0.000000000 0.384615385 0.666666667 0.384615385 0.500000000 0.000000000 0.000000000 0.839969149 0.000000000 0.542634158 -2.010770321 -0.542634158 0.000000000 0.839969149 0.830322266 0.000000000 1.000000000 0.000000000 -0.733984351
0.000000000 0.384615385 0.666666667 0.384615385 0.500000000 0.000000000 0.000000000 0.838357636 0.000000000 0.545120605 -2.069631338 -0.545120605 0.000000000 0.838357636 0.830078125 0.000000000 1.000000000 0.000000000 -0.694199204
0.000000000 0.384615385 0.666666667 0.384615385 0.500000000 0.000000000 0.000000000 0.837213377 0.000000000 0.546876368 -2.143296480 -0.546876368 0.000000000 0.837213377 0.832499981 0.000000000 1.000000000 0.000000000 -0.646132827
0.000000000 0.384615385 0.666666667 0.384615385 0.500000000 0.000000000 0.000000000 0.835551819 0.000000000 0.549411648 -2.209396839 -0.549411648 0.000000000 0.835551819 0.836572230 0.000000000 1.000000000 0.000000000 -0.599375010
0.000000000 0.384615385 0.666666667 0.384615385 0.500000000 0.000000000 0.000000000 0.833893788 0.000000000 0.551924951 -2.279530525 -0.551924951 0.000000000 0.833893788 0.835449219 0.000000000 1.000000000 0.000000000 -0.555410147
0.000000000 0.384615385 0.666666667 0.384615385 0.500000000 0.000000000 0.000000000 0.832467588 0.000000000 0.554073745 -2.344352484 -0.554073745 0.000000000 0.832467588 0.839414060 0.000000000 1.000000000 0.000000000 -0.513183594
0.000000000 0.384615385 0.666666667 0.384615385 0.500000000 0.000000000 0.000000000 0.831017691 0.000000000 0.556245987 -2.407579184 -0.556245987 0.000000000 0.831017691 0.840078115 0.000000000 1.000000000 0.000000000 -0.468476564
0.000000000 0.384615385 0.666666667 0.384615385 0.500000000 0.000000000 0.000000000 0.829544011 0.000000000 0.558441343 -2.474500656 -0.558441343 0.000000000 0.829544011 0.841733396 0.000000000 1.000000000 0.000000000 -0.423652321
0.000000000 0.384615385 0.666666667 0.384615385 0.500000000 0.000000000 0.000000000 0.828046819 0.000000000 0.560658956 -2.539630175 -0.560658956 0.000000000 0.828046819 0.843168914 0.000000000 1.000000000 0.000000000 -0.381523430
0.000000000 0.384615385 0.666666667 0.384615385 0.500000000 0.000000000 0.000000000 0.826525439 0.000000000 0.562899368 -2.602251530 -0.562899368 0.000000000 0.826525439 0.846630812 0.000000000 1.000000000 0.000000000 -0.338496089
0.000000000 0.384615385 0.666666667 0.384615385 0.500000000 0.000000000 0.000000000 0.824984726 0.000000000 0.565155025 -2.666099787 -0.565155025 0.000000000 0.824984726 0.847236335 0.000000000 1.000000000 0.000000000 -0.295957029
0.000000000 0.384615385 0.666666667 0.384615385 0.500000000 0.000000000 0.000000000 0.823425042 0.000000000 0.567425062 -2.730689526 -0.567425062 0.000000000 0.823425042 0.850322247 0.000000000 1.000000000 0.000000000 -0.250722647
0.000000000 0.384615385 0.666666667 0.384615385 0.500000000 0.000000000 0.000000000 0.821847277 0.000000000 0.569707867 -2.776911497 -0.569707867 0.000000000 0.821847277 0.851914048 0.000000000 1.000000000 0.000000000 -0.218730465
0.000000000 0.384615385 0.666666667 0.384615385 0.500000000 0.000000000 0.000000000 0.820554226 0.000000000 0.571568685 -2.823603392 -0.571568685 0.000000000 0.820554226 0.854692340 0.000000000 1.000000000 0.000000000 -0.185937494
0.000000000 0.384615385 0.666666667 0.384615385 0.500000000 0.000000000 0.000000000 0.819509364 0.000000000 0.573065793 -2.879878998 -0.573065793 0.000000000 0.819509364 0.857250929 0.000000000 1.000000000 0.000000000 -0.146347657
0.000000000 0.384615385 0.666666667 0.384615385 0.500000000 0.000000000 0.000000000 0.817906210 0.000000000 0.575351572 -2.936161518 -0.575351572 0.000000000 0.817906210 0.858574212 0.000000000 1.000000000 0.000000000 -0.107421875
0.000000000 0.384615385 0.666666667 0.384615385 0.500000000 0.000000000 0.000000000 0.816556075 0.000000000 0.577266123 -2.976646662 -0.577266123 0.000000000 0.816556075 0.862124026 0.000000000 1.000000000 0.000000000 -0.078105465
0.000000000 0.384615385 0.666666667 0.384615385 0.500000000 0.000000000 0.000000000 0.815479829 0.000000000 0.578785494 -3.017628193 -0.578785494 0.000000000 0.815479829 0.863149405 0.000000000 1.000000000 0.000000000 -0.048105467
0.000000000 0.384615385 0.666666667 0.384615385 0.500000000 0.000000000 0.000000000 0.814393869 0.000000000 0.580312524 -3.058409452 -0.580312524 0.000000000 0.814393869 0.867172837 0.000000000 1.000000000 0.000000000 -0.021054687
0.000000000 0.384615385 0.666666667 0.384615385 0.500000000 0.000000000 0.000000000 0.813297585 0.000000000 0.581847951 -3.098347664 -0.581847951 0.000000000 0.813297585 0.869736314 0.000000000 1.000000000 0.000000000 0.008417969
0.000000000 0.384615385 0.666666667 0.384615385 0.500000000 0.000000000 0.000000000 0.812192137 0.000000000 0.583390034 -3.141155958 -0.583390034 0.000000000 0.812192137 0.872582972 0.000000000 1.000000000 0.000000000 0.039218750
0.000000000 0.384615385 0.666666667 0.384615385 0.500000000 0.000000000 0.000000000 0.811077694 0.000000000 0.584938436 -3.180059195 -0.584938436 0.000000000 0.811077694 0.874472618 0.000000000 1.000000000 0.000000000 0.066874996
0.000000000 0.384615385 0.666666667 0.384615385 0.500000000 0.000000000 0.000000000 0.810083017 0.000000000 0.586315193 -3.220865488 -0.586315193 0.000000000 0.810083017 0.878110349 0.000000000 1.000000000 0.000000000 0.096894532
0.000000000 0.384615385 0.666666667 0.384615385 0.500000000 0.000000000 0.000000000 0.809095660 0.000000000 0.587676962 -3.262018919 -0.587676962 0.000000000 0.809095660 0.880180657 0.000000000 1.000000000 0.000000000 0.125976562
0.000000000 0.384615385 0.666666667 0.384615385 0.500000000 0.000000000 0.000000000 0.807929591 0.000000000 0.589279030 -3.300120831 -0.589279030 0.000000000 0.807929591 0.883183599 0.000000000 1.000000000 0.000000000 0.155371085
0.000000000 0.384615385 0.666666667 0.384615385 0.500000000 0.000000000 0.000000000 0.806757208 0.000000000 0.590883074 -3.341639280 -0.590883074 0.000000000 0.806757208 0.884277344 0.000000000 1.000000000 0.000000000 0.183300778
0.000000000 0.384615385 0.666666667 0.384615385 0.500000000 0.000000000 0.000000000 0.805578615 0.000000000 0.592488899 -3.381711245 -0.592488899 0.000000000 0.805578615 0.885585904 0.000000000 1.000000000 0.000000000 0.214999989
0.000000000 0.384615385 0.666666667 0.384615385 0.500000000 0.000000000 0.000000000 0.804393505 0.000000000 0.594096869 -3.421869993 -0.594096869 0.000000000 0.804393505 0.888901353 0.000000000 1.000000000 0.000000000 0.244374990
0.000000000 0.384615385 0.666666667 0.384615385 0.500000000 0.000000000 0.000000000 0.803201791 0.000000000 0.595707044 -3.463046074 -0.595707044 0.000000000 0.803201791 0.889731407 0.000000000 1.000000000 0.000000000 0.275175780
0.000000000 0.384615385 0.666666667 0.384615385 0.500000000 0.000000000 0.000000000 0.802003578 0.000000000 0.597319229 -3.502318144 -0.597319229 0.000000000 0.802003578 0.892163038 0.000000000 1.000000000 0.000000000 0.303632796
0.000000000 0.384615385 0.666666667 0.384615385 0.500000000 0.000000000 0.000000000 0.800798171 0.000000000 0.598934294 -3.549678802 -0.598934294 0.000000000 0.800798171 0.891503870 0.000000000 1.000000000 0.000000000 0.339882791
0.000000000 0.384615385 0.666666667 0.384615385 0.500000000 0.000000000 0.000000000 0.799561850 0.000000000 0.600583756 -3.598248720 -0.600583756 0.000000000 0.799561850 0.893540025 0.000000000 1.000000000 0.000000000 0.376718730
0.000000000 0.384615385 0.666666667 0.384615385 0.500000000 0.000000000 0.000000000 0.797997807 0.000000000 0.602660352 -3.645756245 -0.602660352 0.000000000 0.797997807 0.894789994 0.000000000 1.000000000 0.000000000 0.411601543
0.000000000 0.384615385 0.666666667 0.384615385 0.500000000 0.000000000 0.000000000 0.796435170 0.000000000 0.604723920 -3.693885326 -0.604723920 0.000000000 0.796435170 0.896152318 0.000000000 1.000000000 0.000000000 0.448710918
0.000000000 0.384615385 0.666666667 0.384615385 0.500000000 0.000000000 0.000000000 0.795169265 0.000000000 0.606387532 -3.742094755 -0.606387532 0.000000000 0.795169265 0.896474600 0.000000000 1.000000000 0.000000000 0.484257787
0.000000000 0.384615385 0.666666667 0.384615385 0.500000000 0.000000000 0.000000000 0.793568788 0.000000000 0.608480549 -3.788989782 -0.608480549 0.000000000 0.793568788 0.897739232 0.000000000 1.000000000 0.000000000 0.522363245
0.000000000 0.384615385 0.666666667 0.384615385 0.500000000 0.000000000 0.000000000 0.792830815 0.000000000 0.609441792 -3.838516712 -0.609441792 0.000000000 0.792830815 0.898520470 0.000000000 1.000000000 0.000000000 0.557441413
0.000000000 0.384615385 0.666666667 0.384615385 0.500000000 0.000000000 0.000000000 0.790373882 0.000000000 0.612624784 -3.883221388 -0.612624784 0.000000000 0.790373882 0.899750948 0.000000000 1.000000000 0.000000000 0.594765604
0.000000000 0.384615385 0.666666667 0.384615385 0.500000000 0.000000000 0.000000000 0.789081840 0.000000000 0.614288084 -3.932100773 -0.614288084 0.000000000 0.789081840 0.900620103 0.000000000 1.000000000 0.000000000 0.632285118
0.000000000 0.384615385 0.666666667 0.384615385 0.500000000 0.000000000 0.000000000 0.787449961 0.000000000 0.616378584 -3.980587006 -0.616378584 0.000000000 0.787449961 0.903212845 0.000000000 1.000000000 0.000000000 0.668496072
0.000000000 0.384615385 0.666666667 0.384615385 0.500000000 0.000000000 0.000000000 0.785821753 0.000000000 0.618453048 -4.026892185 -0.618453048 0.000000000 0.785821753 0.902890623 0.000000000 1.000000000 0.000000000 0.707363248
0.000000000 0.384615385 0.666666667 0.384615385 0.500000000 0.000000000 0.000000000 0.784504337 0.000000000 0.620123331 -4.074252605 -0.620123331 0.000000000 0.784504337 0.903256834 0.000000000 1.000000000 0.000000000 0.742890596
0.000000000 0.384615385 0.666666667 0.384615385 0.500000000 0.000000000 0.000000000 0.782838184 0.000000000 0.622225344 -4.121497631 -0.622225344 0.000000000 0.782838184 0.904052734 0.000000000 1.000000000 0.000000000 0.781640589
0.000000000 0.384615385 0.666666667 0.384615385 0.500000000 0.000000000 0.000000000 0.781172527 0.000000000 0.624315211 -4.168265343 -0.624315211 0.000000000 0.781172527 0.906044900 0.000000000 1.000000000 0.000000000 0.820039034
0.000000000 0.384615385 0.666666667 0.384615385 0.500000000 0.000000000 0.000000000 0.779822454 0.000000000 0.626000750 -4.207933903 -0.626000750 0.000000000 0.779822454 0.905161142 0.000000000 1.000000000 0.000000000 0.849257767
0.000000000 0.384615385 0.666666667 0.384615385 0.500000000 0.000000000 0.000000000 0.778467347 0.000000000 0.627685104 -4.245531559 -0.627685104 0.000000000 0.778467347 0.905507803 0.000000000 1.000000000 0.000000000 0.880898416
0.000000000 0.384615385 0.666666667 0.384615385 0.500000000 0.000000000 0.000000000 0.777111093 0.000000000 0.629363447 -4.285181999 -0.629363447 0.000000000 0.777111093 0.907031238 0.000000000 1.000000000 0.000000000 0.913554668
0.000000000 0.384615385 0.666666667 0.384615385 0.500000000 0.000000000 0.000000000 0.775757319 0.000000000 0.631031364 -4.323604107 -0.631031364 0.000000000 0.775757319 0.907890618 0.000000000 1.000000000 0.000000000 0.945019484
0.000000000 0.384615385 0.666666667 0.384615385 0.500000000 0.000000000 0.000000000 0.774863044 0.000000000 0.632129150 -4.361768723 -0.632129150 0.000000000 0.774863044 0.907714844 0.000000000 1.000000000 0.000000000 0.976796865
0.000000000 0.384615385 0.666666667 0.384615385 0.500000000 0.000000000 0.000000000 0.773068511 0.000000000 0.634322534 -4.401487827 -0.634322534 0.000000000 0.773068511 0.910058558 0.000000000 1.000000000 0.000000000 1.007773399
0.000000000 0.384615385 0.666666667 0.384615385 0.500000000 0.000000000 0.000000000 0.771736831 0.000000000 0.635942029 -4.439221859 -0.635942029 0.000000000 0.771736831 0.910742164 0.000000000 1.000000000 0.000000000 1.040331960
0.000000000 0.384615385 0.666666667 0.384615385 0.500000000 0.000000000 0.000000000 0.770411277 0.000000000 0.637547225 -4.477687836 -0.637547225 0.000000000 0.770411277 0.913457036 0.000000000 1.000000000 0.000000000 1.071249962
0.000000000 0.384615385 0.666666667 0.384615385 0.500000000 0.000000000 0.000000000 0.769080682 0.000000000 0.639151707 -4.517858982 -0.639151707 0.000000000 0.769080682 0.914667964 0.000000000 1.000000000 0.000000000 1.104413986
0.000000000 0.384615385 0.666666667 0.384615385 0.500000000 0.000000000 0.000000000 0.767735369 0.000000000 0.640767043 -4.555855751 -0.640767043 0.000000000 0.767735369 0.915517569 0.000000000 1.000000000 0.000000000 1.135800719
0.000000000 0.384615385 0.666666667 0.384615385 0.500000000 0.000000000 0.000000000 0.767665550 0.000000000 0.640850688 -4.593051434 -0.640850688 0.000000000 0.767665550 0.918945312 0.000000000 1.000000000 0.000000000 1.167490244
0.000000000 0.384615385 0.666666667 0.384615385 0.500000000 0.000000000 0.000000000 0.765311207 0.000000000 0.643660435 -4.631917000 -0.643660435 0.000000000 0.765311207 0.921494126 0.000000000 1.000000000 0.000000000 1.199589849
0.000000000 0.384615385 0.666666667 0.384615385 0.500000000 0.000000000 0.000000000 0.763861389 0.000000000 0.645380336 -4.668863297 -0.645380336 0.000000000 0.763861389 0.925112307 0.000000000 1.000000000 0.000000000 1.231679678
0.000000000 0.384615385 0.666666667 0.384615385 0.500000000 0.000000000 0.000000000 0.762390403 0.000000000 0.647117357 -4.707498074 -0.647117357 0.000000000 0.762390403 0.929462850 0.000000000 1.000000000 0.000000000 1.263954997
0.000000000 0.384615385 0.666666667 0.384615385 0.500000000 0.000000000 0.000000000 0.760926663 0.000000000 0.648837895 -4.745041370 -0.648837895 0.000000000 0.760926663 0.934208989 0.000000000 1.000000000 0.000000000 1.294404268
0.000000000 0.384615385 0.666666667 0.384615385 0.500000000 0.000000000 0.000000000 0.759497885 0.000000000 0.650509771 -4.783218861 -0.650509771 0.000000000 0.759497885 0.936469734 0.000000000 1.000000000 0.000000000 1.328261733
0.000000000 0.384615385 0.666666667 0.384615385 0.500000000 0.000000000 0.000000000 0.758447092 0.000000000 0.651734615 -4.821012974 -0.651734615 0.000000000 0.758447092 0.942734361 0.000000000 1.000000000 0.000000000 1.361679673
0.000000000 0.384615385 0.666666667 0.384615385 0.500000000 0.000000000 0.000000000 0.757085465 0.000000000 0.653315849 -4.858488560 -0.653315849 0.000000000 0.757085465 0.945410132 0.000000000 1.000000000 0.000000000 1.394169927
0.000000000 0.384615385 0.666666667 0.384615385 0.500000000 0.000000000 0.000000000 0.755795534 0.000000000 0.654807690 -4.901461124 -0.654807690 0.000000000 0.755795534 0.948017538 0.000000000 1.000000000 0.000000000 1.431357384
0.000000000 0.384615385 0.666666667 0.384615385 0.500000000 0.000000000 0.000000000 0.754275311 0.000000000 0.656558264 -4.944778919 -0.656558264 0.000000000 0.754275311 0.948383749 0.000000000 1.000000000 0.000000000 1.468574166
0.000000000 0.384615385 0.666666667 0.384615385 0.500000000 0.000000000 0.000000000 0.752546779 0.000000000 0.658538795 -4.986403465 -0.658538795 0.000000000 0.752546779 0.943408191 0.000000000 1.000000000 0.000000000 1.506806612
0.000000000 0.384615385 0.666666667 0.384615385 0.500000000 0.000000000 0.000000000 0.751105942 0.000000000 0.660181690 -5.023220062 -0.660181690 0.000000000 0.751105942 0.936718702 0.000000000 1.000000000 0.000000000 1.537509680
0.000000000 0.384615385 0.666666667 0.384615385 0.500000000 0.000000000 0.000000000 0.749913131 0.000000000 0.661536314 -5.067485809 -0.661536314 0.000000000 0.749913131 0.923789024 0.000000000 1.000000000 0.000000000 1.575497985
0.000000000 0.384615385 0.666666667 0.384615385 0.500000000 0.000000000 0.000000000 0.748326843 0.000000000 0.663330186 -5.110692024 -0.663330186 0.000000000 0.748326843 0.910151362 0.000000000 1.000000000 0.000000000 1.613603473
0.000000000 0.384615385 0.666666667 0.384615385 0.500000000 0.000000000 0.000000000 0.746979278 0.000000000 0.664847320 -5.152286053 -0.664847320 0.000000000 0.746979278 0.894589841 0.000000000 1.000000000 0.000000000 1.653359294
0.000000000 0.384615385 0.666666667 0.384615385 0.500000000 0.000000000 0.000000000 0.745215928 0.000000000 0.666823230 -5.194841385 -0.666823230 0.000000000 0.745215928 0.879223585 0.000000000 1.000000000 0.000000000 1.690800786
0.000000000 0.384615385 0.666666667 0.384615385 0.500000000 0.000000000 0.000000000 0.743435150 0.000000000 0.668808028 -5.232126236 -0.668808028 0.000000000 0.743435150 0.866601527 0.000000000 1.000000000 0.000000000 1.721806645
0.000000000 0.384615385 0.666666667 0.384615385 0.500000000 0.000000000 0.000000000 0.742030363 0.000000000 0.670366273 -5.269525528 -0.670366273 0.000000000 0.742030363 0.857529283 0.000000000 1.000000000 0.000000000 1.755595684
0.000000000 0.384615385 0.666666667 0.384615385 0.500000000 0.000000000 0.000000000 0.740637128 0.000000000 0.671905235 -5.305756569 -0.671905235 0.000000000 0.740637128 0.849399388 0.000000000 1.000000000 0.000000000 1.788857341
0.000000000 0.384615385 0.666666667 0.384615385 0.500000000 0.000000000 0.000000000 0.739258852 0.000000000 0.673421376 -5.342847347 -0.673421376 0.000000000 0.739258852 0.840234339 0.000000000 1.000000000 0.000000000 1.823427677
0.000000000 0.384615385 0.666666667 0.384615385 0.500000000 0.000000000 0.000000000 0.737892902 0.000000000 0.674917822 -5.379827023 -0.674917822 0.000000000 0.737892902 0.833886683 0.000000000 1.000000000 0.000000000 1.856533170
0.000000000 0.384615385 0.666666667 0.384615385 0.500000000 0.000000000 0.000000000 0.736535764 0.000000000 0.676398602 -5.415558815 -0.676398602 0.000000000 0.736535764 0.830766559 0.000000000 1.000000000 0.000000000 1.892353415
0.000000000 0.384615385 0.666666667 0.384615385 0.500000000 0.000000000 0.000000000 0.735183370 0.000000000 0.677868286 -5.466361523 -0.677868286 0.000000000 0.735183370 0.823046863 0.000000000 1.000000000 0.000000000 1.937841773
0.000000000 0.384615385 0.666666667 0.384615385 0.500000000 0.000000000 0.000000000 0.733450407 0.000000000 0.679742966 -5.504379272 -0.679742966 0.000000000 0.733450407 0.819365203 0.000000000 1.000000000 0.000000000 1.972451091