0.000000000 0.384615385 0.666666667 0.384615385 0.500000000 0.000000000 0.000000000 -0.814635718 0.000000000 -0.579972971 133.740188599 0.579972971 0.000000000 -0.814635718 0.066195063 0.000000000 1.000000000 0.000000000 -13.386576653
0.000000000 0.384615385 0.666666667 0.384615385 0.500000000 0.000000000 0.000000000 -0.817182426 0.000000000 -0.576379114 133.875274658 0.576379114 0.000000000 -0.817182426 -0.007563476 0.000000000 1.000000000 0.000000000 -13.532167435
0.000000000 0.384615385 0.666666667 0.384615385 0.500000000 0.000000000 0.000000000 -0.818676018 0.000000000 -0.574255672 133.992721558 0.574255672 0.000000000 -0.818676018 0.010991058 0.000000000 1.000000000 0.000000000 -13.614049911
0.000000000 0.384615385 0.666666667 0.384615385 0.500000000 0.000000000 0.000000000 -0.822075923 0.000000000 -0.569377885 134.086532593 0.569377885 0.000000000 -0.822075923 0.003553162 0.000000000 1.000000000 0.000000000 -13.656483650
0.000000000 0.384615385 0.666666667 0.384615385 0.500000000 0.000000000 0.000000000 -0.825756087 0.000000000 -0.564027379 134.282211304 0.564027379 0.000000000 -0.825756087 0.035340574 0.000000000 1.000000000 0.000000000 -13.760085106
0.000000000 0.384615385 0.666666667 0.384615385 0.500000000 0.000000000 0.000000000 -0.829892171 0.000000000 -0.557923816 134.367889404 0.557923816 0.000000000 -0.829892171 0.040592194 0.000000000 1.000000000 0.000000000 -13.887561798
0.000000000 0.384615385 0.666666667 0.384615385 0.500000000 0.000000000 0.000000000 -0.834722771 0.000000000 -0.550670406 134.571166992 0.550670406 0.000000000 -0.834722771 0.025362244 0.000000000 1.000000000 0.000000000 -14.000849724
0.000000000 0.384615385 0.666666667 0.384615385 0.500000000 0.000000000 0.000000000 -0.840398310 0.000000000 -0.541969262 134.621688843 0.541969262 0.000000000 -0.840398310 0.016195679 0.000000000 1.000000000 0.000000000 -14.078598022
0.000000000 0.384615385 0.666666667 0.384615385 0.500000000 0.000000000 0.000000000 -0.843891016 0.000000000 -0.536514634 134.700286865 0.536514634 0.000000000 -0.843891016 0.027100524 0.000000000 1.000000000 0.000000000 -14.090571404
0.000000000 0.384615385 0.666666667 0.384615385 0.500000000 0.000000000 0.000000000 -0.851977663 0.000000000 -0.523578134 134.827835083 0.523578134 0.000000000 -0.851977663 0.015206146 0.000000000 1.000000000 0.000000000 -14.140547752
0.000000000 0.384615385 0.666666667 0.384615385 0.500000000 0.000000000 0.000000000 -0.856706790 0.000000000 -0.515803719 134.944381714 0.515803719 0.000000000 -0.856706790 0.049358062 0.000000000 1.000000000 0.000000000 -14.223299026
0.000000000 0.384615385 0.666666667 0.384615385 0.500000000 0.000000000 0.000000000 -0.868161724 0.000000000 -0.496281393 135.070892334 0.496281393 0.000000000 -0.868161724 0.045310516 0.000000000 1.000000000 0.000000000 -14.331374168
0.000000000 0.384615385 0.666666667 0.384615385 0.500000000 0.000000000 0.000000000 -0.875959677 0.000000000 -0.482384332 135.132141113 0.482384332 0.000000000 -0.875959677 -0.007111206 0.000000000 1.000000000 0.000000000 -14.350722313
0.000000000 0.384615385 0.666666667 0.384615385 0.500000000 0.000000000 0.000000000 -0.886283430 0.000000000 -0.463143264 135.281692505 0.463143264 0.000000000 -0.886283430 0.030010680 0.000000000 1.000000000 0.000000000 -14.431492805
0.000000000 0.384615385 0.666666667 0.384615385 0.500000000 0.000000000 0.000000000 -0.910818408 0.000000000 -0.412807252 135.354415894 0.412807252 0.000000000 -0.910818408 0.024557799 0.000000000 1.000000000 0.000000000 -14.444643021
0.000000000 0.384615385 0.666666667 0.384615385 0.500000000 0.000000000 0.000000000 -0.922548055 0.000000000 -0.385882219 135.488250732 0.385882219 0.000000000 -0.922548055 0.027380219 0.000000000 1.000000000 0.000000000 -14.499698639
0.000000000 0.384615385 0.666666667 0.384615385 0.500000000 0.000000000 0.000000000 -0.941383030 0.000000000 -0.337339577 135.627319336 0.337339577 0.000000000 -0.941383030 0.067196958 0.000000000 1.000000000 0.000000000 -14.551836014
0.000000000 0.384615385 0.666666667 0.384615385 0.500000000 0.000000000 0.000000000 -0.948052749 0.000000000 -0.318113165 135.721115112 0.318113165 0.000000000 -0.948052749 0.033929288 0.000000000 1.000000000 0.000000000 -14.587277412
0.000000000 0.384615385 0.666666667 0.384615385 0.500000000 0.000000000 0.000000000 -0.957486107 0.000000000 -0.288479384 135.874114990 0.288479384 0.000000000 -0.957486107 0.058566894 0.000000000 1.000000000 0.000000000 -14.632555008
0.000000000 0.384615385 0.666666667 0.384615385 0.500000000 0.000000000 0.000000000 -0.960807488 0.000000000 -0.277216471 136.019668579 0.277216471 0.000000000 -0.960807488 0.066043854 0.000000000 1.000000000 0.000000000 -14.682348251
0.000000000 0.384615385 0.666666667 0.384615385 0.500000000 0.000000000 0.000000000 -0.965716534 0.000000000 -0.259598874 136.125930786 0.259598874 0.000000000 -0.965716534 0.011997680 0.000000000 1.000000000 0.000000000 -14.695956230
0.000000000 0.384615385 0.666666667 0.384615385 0.500000000 0.000000000 0.000000000 -0.967493460 0.000000000 -0.252896035 136.226821899 0.252896035 0.000000000 -0.967493460 0.033657227 0.000000000 1.000000000 0.000000000 -14.686842918
0.000000000 0.384615385 0.666666667 0.384615385 0.500000000 0.000000000 0.000000000 -0.969851339 0.000000000 -0.243697311 136.372589111 0.243697311 0.000000000 -0.969851339 0.020948181 0.000000000 1.000000000 0.000000000 -14.749887466
0.000000000 0.384615385 0.666666667 0.384615385 0.500000000 0.000000000 0.000000000 -0.971117297 0.000000000 -0.238602588 136.515243530 0.238602588 0.000000000 -0.971117297 0.037336424 0.000000000 1.000000000 0.000000000 -14.788842201
0.000000000 0.384615385 0.666666667 0.384615385 0.500000000 0.000000000 0.000000000 -0.972563313 0.000000000 -0.232638351 136.603286743 0.232638351 0.000000000 -0.972563313 0.079133146 0.000000000 1.000000000 0.000000000 -14.824711800
0.000000000 0.384615385 0.666666667 0.384615385 0.500000000 0.000000000 0.000000000 -0.973105316 0.000000000 -0.230360681 136.698028564 0.230360681 0.000000000 -0.973105316 0.039462585 0.000000000 1.000000000 0.000000000 -14.862812042
0.000000000 0.384615385 0.666666667 0.384615385 0.500000000 0.000000000 0.000000000 -0.973597305 0.000000000 -0.228272399 136.830047607 0.228272399 0.000000000 -0.973597305 0.071031950 0.000000000 1.000000000 0.000000000 -14.888294220
0.000000000 0.384615385 0.666666667 0.384615385 0.500000000 0.000000000 0.000000000 -0.974389635 0.000000000 -0.224866270 136.959487915 0.224866270 0.000000000 -0.974389635 0.038008574 0.000000000 1.000000000 0.000000000 -14.877665520
0.000000000 0.384615385 0.666666667 0.384615385 0.500000000 0.000000000 0.000000000 -0.974717661 0.000000000 -0.223440105 137.065521240 0.223440105 0.000000000 -0.974717661 0.080303498 0.000000000 1.000000000 0.000000000 -14.896089554
0.000000000 0.384615385 0.666666667 0.384615385 0.500000000 0.000000000 0.000000000 -0.975036304 0.000000000 -0.222045503 137.127716064 0.222045503 0.000000000 -0.975036304 0.043109436 0.000000000 1.000000000 0.000000000 -14.938930511
0.000000000 0.384615385 0.666666667 0.384615385 0.500000000 0.000000000 0.000000000 -0.975610573 0.000000000 -0.219508562 137.294570923 0.219508562 0.000000000 -0.975610573 0.054751281 0.000000000 1.000000000 0.000000000 -14.962238312
0.000000000 0.384615385 0.666666667 0.384615385 0.500000000 0.000000000 0.000000000 -0.975887051 0.000000000 -0.218276117 137.342712402 0.218276117 0.000000000 -0.975887051 0.038907774 0.000000000 1.000000000 0.000000000 -14.980325699
0.000000000 0.384615385 0.666666667 0.384615385 0.500000000 0.000000000 0.000000000 -0.976187067 0.000000000 -0.216930427 137.419723511 0.216930427 0.000000000 -0.976187067 0.061105497 0.000000000 1.000000000 0.000000000 -14.999138832
0.000000000 0.384615385 0.666666667 0.384615385 0.500000000 0.000000000 0.000000000 -0.976517037 0.000000000 -0.215440193 137.556579590 0.215440193 0.000000000 -0.976517037 0.038914490 0.000000000 1.000000000 0.000000000 -15.045606613
0.000000000 0.384615385 0.666666667 0.384615385 0.500000000 0.000000000 0.000000000 -0.976867558 0.000000000 -0.213845209 137.620574951 0.213845209 0.000000000 -0.976867558 0.057062376 0.000000000 1.000000000 0.000000000 -15.039897919
0.000000000 0.384615385 0.666666667 0.384615385 0.500000000 0.000000000 0.000000000 -0.977097141 0.000000000 -0.212793744 137.720611572 0.212793744 0.000000000 -0.977097141 0.074140929 0.000000000 1.000000000 0.000000000 -15.080592155
0.000000000 0.384615385 0.666666667 0.384615385 0.500000000 0.000000000 0.000000000 -0.977663111 0.000000000 -0.210178120 137.809188843 0.210178120 0.000000000 -0.977663111 0.055117797 0.000000000 1.000000000 0.000000000 -15.117830276
0.000000000 0.384615385 0.666666667 0.384615385 0.500000000 0.000000000 0.000000000 -0.978127251 0.000000000 -0.208007406 137.899398804 0.208007406 0.000000000 -0.978127251 0.067396998 0.000000000 1.000000000 0.000000000 -15.089318275
0.000000000 0.384615385 0.666666667 0.384615385 0.500000000 0.000000000 0.000000000 -0.978648994 0.000000000 -0.205538673 137.966110229 0.205538673 0.000000000 -0.978648994 0.045206450 0.000000000 1.000000000 0.000000000 -15.130966187
0.000000000 0.384615385 0.666666667 0.384615385 0.500000000 0.000000000 0.000000000 -0.979239858 0.000000000 -0.202704958 138.110427856 0.202704958 0.000000000 -0.979239858 0.064328611 0.000000000 1.000000000 0.000000000 -15.137468338
0.000000000 0.384615385 0.666666667 0.384615385 0.500000000 0.000000000 0.000000000 -0.980757660 0.000000000 -0.195229129 138.135620117 0.195229129 0.000000000 -0.980757660 0.035346221 0.000000000 1.000000000 0.000000000 -15.180108070
0.000000000 0.384615385 0.666666667 0.384615385 0.500000000 0.000000000 0.000000000 -0.981772556 0.000000000 -0.190059592 138.286270142 0.190059592 0.000000000 -0.981772556 0.055331420 0.000000000 1.000000000 0.000000000 -15.177182198
0.000000000 0.384615385 0.666666667 0.384615385 0.500000000 0.000000000 0.000000000 -0.982902176 0.000000000 -0.184128519 138.386367798 0.184128519 0.000000000 -0.982902176 0.033884428 0.000000000 1.000000000 0.000000000 -15.197716713
0.000000000 0.384615385 0.666666667 0.384615385 0.500000000 0.000000000 0.000000000 -0.983898094 0.000000000 -0.178730357 138.465270996 0.178730357 0.000000000 -0.983898094 0.055619504 0.000000000 1.000000000 0.000000000 -15.206623077
0.000000000 0.384615385 0.666666667 0.384615385 0.500000000 0.000000000 0.000000000 -0.984554162 0.000000000 -0.175080273 138.527709961 0.175080273 0.000000000 -0.984554162 0.069306791 0.000000000 1.000000000 0.000000000 -15.228321075
0.000000000 0.384615385 0.666666667 0.384615385 0.500000000 0.000000000 0.000000000 -0.984554162 0.000000000 -0.175080273 138.599121094 0.175080273 0.000000000 -0.984554162 0.050112609 0.000000000 1.000000000 0.000000000 -15.250111580
0.000000000 0.384615385 0.666666667 0.384615385 0.500000000 0.000000000 0.000000000 -0.983895644 0.000000000 -0.178743842 138.681930542 0.178743842 0.000000000 -0.983895644 0.053950347 0.000000000 1.000000000 0.000000000 -15.263216019
0.000000000 0.384615385 0.666666667 0.384615385 0.500000000 0.000000000 0.000000000 -0.982588988 0.000000000 -0.185792575 138.743423462 0.185792575 0.000000000 -0.982588988 0.079517975 0.000000000 1.000000000 0.000000000 -15.291617393
0.000000000 0.384615385 0.666666667 0.384615385 0.500000000 0.000000000 0.000000000 -0.982588988 0.000000000 -0.185792575 138.805953979 0.185792575 0.000000000 -0.982588988 0.070567012 0.000000000 1.000000000 0.000000000 -15.286517143
0.000000000 0.384615385 0.666666667 0.384615385 0.500000000 0.000000000 0.000000000 -0.980659276 0.000000000 -0.195722722 138.841323853 0.195722722 0.000000000 -0.980659276 0.054823149 0.000000000 1.000000000 0.000000000 -15.295189857
0.000000000 0.384615385 0.666666667 0.384615385 0.500000000 0.000000000 0.000000000 -0.978480100 0.000000000 -0.206341208 138.921127319 0.206341208 0.000000000 -0.978480100 0.060512237 0.000000000 1.000000000 0.000000000 -15.301802635
0.000000000 0.384615385 0.666666667 0.384615385 0.500000000 0.000000000 0.000000000 -0.976220443 0.000000000 -0.216780180 138.961318970 0.216780180 0.000000000 -0.976220443 0.089935608 0.000000000 1.000000000 0.000000000 -15.308961868
0.000000000 0.384615385 0.666666667 0.384615385 0.500000000 0.000000000 0.000000000 -0.976220443 0.000000000 -0.216780180 139.036300659 0.216780180 0.000000000 -0.976220443 0.039319608 0.000000000 1.000000000 0.000000000 -15.322750092
0.000000000 0.384615385 0.666666667 0.384615385 0.500000000 0.000000000 0.000000000 -0.973641048 0.000000000 -0.228085751 139.126022339 0.228085751 0.000000000 -0.973641048 0.066621855 0.000000000 1.000000000 0.000000000 -15.372533798
0.000000000 0.384615385 0.666666667 0.384615385 0.500000000 0.000000000 0.000000000 -0.971053141 0.000000000 -0.238863553 139.156600952 0.238863553 0.000000000 -0.971053141 0.056537323 0.000000000 1.000000000 0.000000000 -15.395003319
0.000000000 0.384615385 0.666666667 0.384615385 0.500000000 0.000000000 0.000000000 -0.968489112 0.000000000 -0.249055896 139.282135010 0.249055896 0.000000000 -0.968489112 0.087187648 0.000000000 1.000000000 0.000000000 -15.418323517
0.000000000 0.384615385 0.666666667 0.384615385 0.500000000 0.000000000 0.000000000 -0.965889562 0.000000000 -0.258954347 139.358474731 0.258954347 0.000000000 -0.965889562 0.068903655 0.000000000 1.000000000 0.000000000 -15.437017441
0.000000000 0.384615385 0.666666667 0.384615385 0.500000000 0.000000000 0.000000000 -0.963289843 0.000000000 -0.268463550 139.456909180 0.268463550 0.000000000 -0.963289843 0.092953339 0.000000000 1.000000000 0.000000000 -15.457360268
0.000000000 0.384615385 0.666666667 0.384615385 0.500000000 0.000000000 0.000000000 -0.960703627 0.000000000 -0.277576190 139.556961060 0.277576190 0.000000000 -0.960703627 0.111706845 0.000000000 1.000000000 0.000000000 -15.463589668
0.000000000 0.384615385 0.666666667 0.384615385 0.500000000 0.000000000 0.000000000 -0.958139798 0.000000000 -0.286300763 139.645065308 0.286300763 0.000000000 -0.958139798 0.051874693 0.000000000 1.000000000 0.000000000 -15.520219803
0.000000000 0.384615385 0.666666667 0.384615385 0.500000000 0.000000000 0.000000000 -0.955606751 0.000000000 -0.294645103 139.771545410 0.294645103 0.000000000 -0.955606751 0.055714566 0.000000000 1.000000000 0.000000000 -15.552687645
0.000000000 0.384615385 0.666666667 0.384615385 0.500000000 0.000000000 0.000000000 -0.951040055 0.000000000 -0.309067654 139.822463989 0.309067654 0.000000000 -0.951040055 0.069445953 0.000000000 1.000000000 0.000000000 -15.558385849
0.000000000 0.384615385 0.666666667 0.384615385 0.500000000 0.000000000 0.000000000 -0.948975197 0.000000000 -0.315350718 139.929031372 0.315350718 0.000000000 -0.948975197 0.078012541 0.000000000 1.000000000 0.000000000 -15.593132019
0.000000000 0.384615385 0.666666667 0.384615385 0.500000000 0.000000000 0.000000000 -0.946931867 0.000000000 -0.321434347 140.045837402 0.321434347 0.000000000 -0.946931867 0.065312348 0.000000000 1.000000000 0.000000000 -15.619621277
0.000000000 0.384615385 0.666666667 0.384615385 0.500000000 0.000000000 0.000000000 -0.944923873 0.000000000 -0.327290200 140.113952637 0.327290200 0.000000000 -0.944923873 0.066295624 0.000000000 1.000000000 0.000000000 -15.639452934
0.000000000 0.384615385 0.666666667 0.384615385 0.500000000 0.000000000 0.000000000 -0.942937441 0.000000000 -0.332969943 140.220550537 0.332969943 0.000000000 -0.942937441 0.072828822 0.000000000 1.000000000 0.000000000 -15.690606117
0.000000000 0.384615385 0.666666667 0.384615385 0.500000000 0.000000000 0.000000000 -0.939230485 0.000000000 -0.343287192 140.370788574 0.343287192 0.000000000 -0.939230485 0.088835597 0.000000000 1.000000000 0.000000000 -15.771338463
0.000000000 0.384615385 0.666666667 0.384615385 0.500000000 0.000000000 0.000000000 -0.937494520 0.000000000 -0.348000036 140.515060425 0.348000036 0.000000000 -0.937494520 0.044364013 0.000000000 1.000000000 0.000000000 -15.767639160
0.000000000 0.384615385 0.666666667 0.384615385 0.500000000 0.000000000 0.000000000 -0.936118379 0.000000000 -0.351685057 140.602050781 0.351685057 0.000000000 -0.936118379 0.074693143 0.000000000 1.000000000 0.000000000 -15.853649139
0.000000000 0.384615385 0.666666667 0.384615385 0.500000000 0.000000000 0.000000000 -0.931667181 0.000000000 -0.363312901 140.748886108 0.363312901 0.000000000 -0.931667181 0.049740296 0.000000000 1.000000000 0.000000000 -15.873109818
0.000000000 0.384615385 0.666666667 0.384615385 0.500000000 0.000000000 0.000000000 -0.929078841 0.000000000 -0.369881748 140.826751709 0.369881748 0.000000000 -0.929078841 0.063254237 0.000000000 1.000000000 0.000000000 -15.946646690
0.000000000 0.384615385 0.666666667 0.384615385 0.500000000 0.000000000 0.000000000 -0.922901837 0.000000000 -0.385035323 140.944198608 0.385035323 0.000000000 -0.922901837 0.031995542 0.000000000 1.000000000 0.000000000 -15.954958916
0.000000000 0.384615385 0.666666667 0.384615385 0.500000000 0.000000000 0.000000000 -0.919885801 0.000000000 -0.392186324 141.121902466 0.392186324 0.000000000 -0.919885801 0.069473721 0.000000000 1.000000000 0.000000000 -16.072689056
0.000000000 0.384615385 0.666666667 0.384615385 0.500000000 0.000000000 0.000000000 -0.915644839 0.000000000 -0.401988220 141.255554199 0.401988220 0.000000000 -0.915644839 0.076197505 0.000000000 1.000000000 0.000000000 -16.056190491
0.000000000 0.384615385 0.666666667 0.384615385 0.500000000 0.000000000 0.000000000 -0.911166312 0.000000000 -0.412038774 141.324432373 0.412038774 0.000000000 -0.911166312 0.042759400 0.000000000 1.000000000 0.000000000 -16.117143631
0.000000000 0.384615385 0.666666667 0.384615385 0.500000000 0.000000000 0.000000000 -0.901405445 0.000000000 -0.432976007 141.435165405 0.432976007 0.000000000 -0.901405445 0.025158843 0.000000000 1.000000000 0.000000000 -16.114967346
0.000000000 0.384615385 0.666666667 0.384615385 0.500000000 0.000000000 0.000000000 -0.874520311 0.000000000 -0.484988892 141.550460815 0.484988892 0.000000000 -0.874520311 0.050796051 0.000000000 1.000000000 0.000000000 -16.277185440
0.000000000 0.384615385 0.666666667 0.384615385 0.500000000 0.000000000 0.000000000 -0.896382615 0.000000000 -0.443281184 141.701095581 0.443281184 0.000000000 -0.896382615 0.046725005 0.000000000 1.000000000 0.000000000 -16.334512711
0.000000000 0.384615385 0.666666667 0.384615385 0.500000000 0.000000000 0.000000000 -0.924419786 0.000000000 -0.381376532 141.752487183 0.381376532 0.000000000 -0.924419786 0.075115964 0.000000000 1.000000000 0.000000000 -16.343639374
0.000000000 0.384615385 0.666666667 0.384615385 0.500000000 0.000000000 0.000000000 -0.949412908 0.000000000 -0.314030460 141.941390991 0.314030460 0.000000000 -0.949412908 0.090474397 0.000000000 1.000000000 0.000000000 -16.271768570
0.000000000 0.384615385 0.666666667 0.384615385 0.500000000 0.000000000 0.000000000 -0.958434301 0.000000000 -0.285313319 142.034530640 0.285313319 0.000000000 -0.958434301 0.061710510 0.000000000 1.000000000 0.000000000 -16.215852737