0.000000000 0.384615385 0.666666667 0.384615385 0.500000000 0.000000000 0.000000000 -0.828487658 0.000000000 -0.560007321 -10.242646217 0.560007321 0.000000000 -0.828487658 0.356126398 0.000000000 1.000000000 0.000000000 -60.061367035
0.000000000 0.384615385 0.666666667 0.384615385 0.500000000 0.000000000 0.000000000 -0.825783005 0.000000000 -0.563987968 -10.094787598 0.563987968 0.000000000 -0.825783005 0.353028864 0.000000000 1.000000000 0.000000000 -60.161762238
0.000000000 0.384615385 0.666666667 0.384615385 0.500000000 0.000000000 0.000000000 -0.826346826 0.000000000 -0.563161543 -9.945034027 0.563161543 0.000000000 -0.826346826 0.349783331 0.000000000 1.000000000 0.000000000 -60.261676788
0.000000000 0.384615385 0.666666667 0.384615385 0.500000000 0.000000000 0.000000000 -0.830378544 0.000000000 -0.557199671 -9.771635056 0.557199671 0.000000000 -0.830378544 0.346867681 0.000000000 1.000000000 0.000000000 -60.380187988
0.000000000 0.384615385 0.666666667 0.384615385 0.500000000 0.000000000 0.000000000 -0.838625892 0.000000000 -0.544707823 -9.592199326 0.544707823 0.000000000 -0.838625892 0.341697991 0.000000000 1.000000000 0.000000000 -60.496585846
0.000000000 0.384615385 0.666666667 0.384615385 0.500000000 0.000000000 0.000000000 -0.858786823 0.000000000 -0.512333088 -9.411735535 0.512333088 0.000000000 -0.858786823 0.340107709 0.000000000 1.000000000 0.000000000 -60.605175018
0.000000000 0.384615385 0.666666667 0.384615385 0.500000000 0.000000000 0.000000000 -0.878102763 0.000000000 -0.478472086 -9.206793785 0.478472086 0.000000000 -0.878102763 0.330758810 0.000000000 1.000000000 0.000000000 -60.715900421
0.000000000 0.384615385 0.666666667 0.384615385 0.500000000 0.000000000 0.000000000 -0.900764679 0.000000000 -0.434307487 -8.996193886 0.434307487 0.000000000 -0.900764679 0.328564435 0.000000000 1.000000000 0.000000000 -60.807258606
0.000000000 0.384615385 0.666666667 0.384615385 0.500000000 0.000000000 0.000000000 -0.924516861 0.000000000 -0.381141147 -8.778669357 0.381141147 0.000000000 -0.924516861 0.322121412 0.000000000 1.000000000 0.000000000 -60.888137817
0.000000000 0.384615385 0.666666667 0.384615385 0.500000000 0.000000000 0.000000000 -0.951495605 0.000000000 -0.307662338 -8.561928749 0.307662338 0.000000000 -0.951495605 0.317282856 0.000000000 1.000000000 0.000000000 -60.930706024
0.000000000 0.384615385 0.666666667 0.384615385 0.500000000 0.000000000 0.000000000 -0.973586768 0.000000000 -0.228317333 -8.364824295 0.228317333 0.000000000 -0.973586768 0.313104391 0.000000000 1.000000000 0.000000000 -60.953308105
0.000000000 0.384615385 0.666666667 0.384615385 0.500000000 0.000000000 0.000000000 -0.980247821 0.000000000 -0.197773128 -8.145766258 0.197773128 0.000000000 -0.980247821 0.305465847 0.000000000 1.000000000 0.000000000 -60.952812195
0.000000000 0.384615385 0.666666667 0.384615385 0.500000000 0.000000000 0.000000000 -0.990924382 0.000000000 -0.134420496 -7.952199459 0.134420496 0.000000000 -0.990924382 0.303450614 0.000000000 1.000000000 0.000000000 -60.918930054
0.000000000 0.384615385 0.666666667 0.384615385 0.500000000 0.000000000 0.000000000 -0.998497140 0.000000000 -0.054803850 -7.768557072 0.054803850 0.000000000 -0.998497140 0.298826277 0.000000000 1.000000000 0.000000000 -60.867439270
0.000000000 0.384615385 0.666666667 0.384615385 0.500000000 0.000000000 0.000000000 -0.999544962 0.000000000 0.030164018 -7.550903320 -0.030164018 0.000000000 -0.999544962 0.294596702 0.000000000 1.000000000 0.000000000 -60.789852142
0.000000000 0.384615385 0.666666667 0.384615385 0.500000000 0.000000000 0.000000000 -0.997518181 0.000000000 0.070409366 -7.342429161 -0.070409366 0.000000000 -0.997518181 0.291939229 0.000000000 1.000000000 0.000000000 -60.689723969
0.000000000 0.384615385 0.666666667 0.384615385 0.500000000 0.000000000 0.000000000 -0.996174016 0.000000000 0.087391822 -7.156347275 -0.087391822 0.000000000 -0.996174016 0.287843466 0.000000000 1.000000000 0.000000000 -60.589740753
0.000000000 0.384615385 0.666666667 0.384615385 0.500000000 0.000000000 0.000000000 -0.992064481 0.000000000 0.125730129 -6.965961933 -0.125730129 0.000000000 -0.992064481 0.288055271 0.000000000 1.000000000 0.000000000 -60.469352722
0.000000000 0.384615385 0.666666667 0.384615385 0.500000000 0.000000000 0.000000000 -0.987163496 0.000000000 0.159712971 -6.783713341 -0.159712971 0.000000000 -0.987163496 0.287670583 0.000000000 1.000000000 0.000000000 -60.344310760
0.000000000 0.384615385 0.666666667 0.384615385 0.500000000 0.000000000 0.000000000 -0.981971787 0.000000000 0.189027535 -6.603129864 -0.189027535 0.000000000 -0.981971787 0.280993193 0.000000000 1.000000000 0.000000000 -60.211147308
0.000000000 0.384615385 0.666666667 0.384615385 0.500000000 0.000000000 0.000000000 -0.974651693 0.000000000 0.223727684 -6.395546913 -0.223727684 0.000000000 -0.974651693 0.285829455 0.000000000 1.000000000 0.000000000 -60.048923492
0.000000000 0.384615385 0.666666667 0.384615385 0.500000000 0.000000000 0.000000000 -0.956925774 0.000000000 0.290332678 -6.193234921 -0.290332678 0.000000000 -0.956925774 0.284789562 0.000000000 1.000000000 0.000000000 -59.884407043
0.000000000 0.384615385 0.666666667 0.384615385 0.500000000 0.000000000 0.000000000 -0.930651549 0.000000000 0.365906675 -5.997585297 -0.365906675 0.000000000 -0.930651549 0.286472917 0.000000000 1.000000000 0.000000000 -59.707527161
0.000000000 0.384615385 0.666666667 0.384615385 0.500000000 0.000000000 0.000000000 -0.917640243 0.000000000 0.397412109 -5.808075905 -0.397412109 0.000000000 -0.917640243 0.286215961 0.000000000 1.000000000 0.000000000 -59.541992188
0.000000000 0.384615385 0.666666667 0.384615385 0.500000000 0.000000000 0.000000000 -0.895948576 0.000000000 0.444157798 -5.639382362 -0.444157798 0.000000000 -0.895948576 0.284807593 0.000000000 1.000000000 0.000000000 -59.385322571
0.000000000 0.384615385 0.666666667 0.384615385 0.500000000 0.000000000 0.000000000 -0.866373344 0.000000000 0.499396865 -5.472739220 -0.499396865 0.000000000 -0.866373344 0.290920407 0.000000000 1.000000000 0.000000000 -59.231758118
0.000000000 0.384615385 0.666666667 0.384615385 0.500000000 0.000000000 0.000000000 -0.836642586 0.000000000 0.547749197 -5.309995174 -0.547749197 0.000000000 -0.836642586 0.290079176 0.000000000 1.000000000 0.000000000 -59.082435608
0.000000000 0.384615385 0.666666667 0.384615385 0.500000000 0.000000000 0.000000000 -0.789434823 0.000000000 0.613834392 -5.151498795 -0.613834392 0.000000000 -0.789434823 0.293561846 0.000000000 1.000000000 0.000000000 -58.928039551
0.000000000 0.384615385 0.666666667 0.384615385 0.500000000 0.000000000 0.000000000 -0.753031442 0.000000000 0.657984534 -4.990776062 -0.657984534 0.000000000 -0.753031442 0.297274470 0.000000000 1.000000000 0.000000000 -58.774047852
0.000000000 0.384615385 0.666666667 0.384615385 0.500000000 0.000000000 0.000000000 -0.718768409 0.000000000 0.695249577 -4.835781097 -0.695249577 0.000000000 -0.718768409 0.300871879 0.000000000 1.000000000 0.000000000 -58.621650696
0.000000000 0.384615385 0.666666667 0.384615385 0.500000000 0.000000000 0.000000000 -0.715411695 0.000000000 0.698703161 -4.693871975 -0.698703161 0.000000000 -0.715411695 0.303725570 0.000000000 1.000000000 0.000000000 -58.485359192
0.000000000 0.384615385 0.666666667 0.384615385 0.500000000 0.000000000 0.000000000 -0.713982803 0.000000000 0.700163236 -4.542802811 -0.700163236 0.000000000 -0.713982803 0.306367785 0.000000000 1.000000000 0.000000000 -58.334793091
0.000000000 0.384615385 0.666666667 0.384615385 0.500000000 0.000000000 0.000000000 -0.712732924 0.000000000 0.701435513 -4.395150185 -0.701435513 0.000000000 -0.712732924 0.308508754 0.000000000 1.000000000 0.000000000 -58.187904358
0.000000000 0.384615385 0.666666667 0.384615385 0.500000000 0.000000000 0.000000000 -0.711321252 0.000000000 0.702867040 -4.216420650 -0.702867040 0.000000000 -0.711321252 0.314809263 0.000000000 1.000000000 0.000000000 -58.010902405
0.000000000 0.384615385 0.666666667 0.384615385 0.500000000 0.000000000 0.000000000 -0.710570658 0.000000000 0.703625852 -4.035571098 -0.703625852 0.000000000 -0.710570658 0.316499621 0.000000000 1.000000000 0.000000000 -57.835891724
0.000000000 0.384615385 0.666666667 0.384615385 0.500000000 0.000000000 0.000000000 -0.709687715 0.000000000 0.704516393 -3.871953011 -0.704516393 0.000000000 -0.709687715 0.321659982 0.000000000 1.000000000 0.000000000 -57.671806335
0.000000000 0.384615385 0.666666667 0.384615385 0.500000000 0.000000000 0.000000000 -0.709146035 0.000000000 0.705061629 -3.708937883 -0.705061629 0.000000000 -0.709146035 0.323415965 0.000000000 1.000000000 0.000000000 -57.509078979
0.000000000 0.384615385 0.666666667 0.384615385 0.500000000 0.000000000 0.000000000 -0.708899713 0.000000000 0.705309292 -3.546928644 -0.705309292 0.000000000 -0.708899713 0.327591687 0.000000000 1.000000000 0.000000000 -57.346927643
0.000000000 0.384615385 0.666666667 0.384615385 0.500000000 0.000000000 0.000000000 -0.708678918 0.000000000 0.705531142 -3.382296085 -0.705531142 0.000000000 -0.708678918 0.332908154 0.000000000 1.000000000 0.000000000 -57.183864594
0.000000000 0.384615385 0.666666667 0.384615385 0.500000000 0.000000000 0.000000000 -0.708632496 0.000000000 0.705577767 -3.218183517 -0.705577767 0.000000000 -0.708632496 0.334976196 0.000000000 1.000000000 0.000000000 -57.022327423
0.000000000 0.384615385 0.666666667 0.384615385 0.500000000 0.000000000 0.000000000 -0.708697615 0.000000000 0.705512361 -3.054949999 -0.705512361 0.000000000 -0.708697615 0.340510249 0.000000000 1.000000000 0.000000000 -56.860637665
0.000000000 0.384615385 0.666666667 0.384615385 0.500000000 0.000000000 0.000000000 -0.708831113 0.000000000 0.705378234 -2.893751144 -0.705378234 0.000000000 -0.708831113 0.340347290 0.000000000 1.000000000 0.000000000 -56.693813324
0.000000000 0.384615385 0.666666667 0.384615385 0.500000000 0.000000000 0.000000000 -0.709136498 0.000000000 0.705071221 -2.725893497 -0.705071221 0.000000000 -0.709136498 0.348657668 0.000000000 1.000000000 0.000000000 -56.533329010
0.000000000 0.384615385 0.666666667 0.384615385 0.500000000 0.000000000 0.000000000 -0.709393163 0.000000000 0.704812983 -2.561475754 -0.704812983 0.000000000 -0.709393163 0.347537518 0.000000000 1.000000000 0.000000000 -56.369140625
0.000000000 0.384615385 0.666666667 0.384615385 0.500000000 0.000000000 0.000000000 -0.709823021 0.000000000 0.704380067 -2.396873713 -0.704380067 0.000000000 -0.709823021 0.351621687 0.000000000 1.000000000 0.000000000 -56.206336975
0.000000000 0.384615385 0.666666667 0.384615385 0.500000000 0.000000000 0.000000000 -0.710124313 0.000000000 0.704076317 -2.234035492 -0.704076317 0.000000000 -0.710124313 0.354655147 0.000000000 1.000000000 0.000000000 -56.045276642
0.000000000 0.384615385 0.666666667 0.384615385 0.500000000 0.000000000 0.000000000 -0.710490446 0.000000000 0.703706847 -2.071161985 -0.703706847 0.000000000 -0.710490446 0.360901177 0.000000000 1.000000000 0.000000000 -55.881370544
0.000000000 0.384615385 0.666666667 0.384615385 0.500000000 0.000000000 0.000000000 -0.710598512 0.000000000 0.703597722 -1.904935241 -0.703597722 0.000000000 -0.710598512 0.361968994 0.000000000 1.000000000 0.000000000 -55.718822479
0.000000000 0.384615385 0.666666667 0.384615385 0.500000000 0.000000000 0.000000000 -0.710486581 0.000000000 0.703710749 -1.740590811 -0.703710749 0.000000000 -0.710486581 0.362923265 0.000000000 1.000000000 0.000000000 -55.556591034
0.000000000 0.384615385 0.666666667 0.384615385 0.500000000 0.000000000 0.000000000 -0.710183825 0.000000000 0.704016289 -1.575158715 -0.704016289 0.000000000 -0.710183825 0.362860411 0.000000000 1.000000000 0.000000000 -55.393241882
0.000000000 0.384615385 0.666666667 0.384615385 0.500000000 0.000000000 0.000000000 -0.709368648 0.000000000 0.704837656 -1.395328283 -0.704837656 0.000000000 -0.709368648 0.367771298 0.000000000 1.000000000 0.000000000 -55.213939667
0.000000000 0.384615385 0.666666667 0.384615385 0.500000000 0.000000000 0.000000000 -0.708111705 0.000000000 0.706100427 -1.217801452 -0.706100427 0.000000000 -0.708111705 0.368968487 0.000000000 1.000000000 0.000000000 -55.035053253
0.000000000 0.384615385 0.666666667 0.384615385 0.500000000 0.000000000 0.000000000 -0.706914397 0.000000000 0.707299113 -1.029683828 -0.707299113 0.000000000 -0.706914397 0.369297624 0.000000000 1.000000000 0.000000000 -54.848011017
0.000000000 0.384615385 0.666666667 0.384615385 0.500000000 0.000000000 0.000000000 -0.704490008 0.000000000 0.709713907 -0.843311727 -0.709713907 0.000000000 -0.704490008 0.371037424 0.000000000 1.000000000 0.000000000 -54.656810760
0.000000000 0.384615385 0.666666667 0.384615385 0.500000000 0.000000000 0.000000000 -0.701438755 0.000000000 0.712729733 -0.658483863 -0.712729733 0.000000000 -0.701438755 0.372842848 0.000000000 1.000000000 0.000000000 -54.470565796
0.000000000 0.384615385 0.666666667 0.384615385 0.500000000 0.000000000 0.000000000 -0.697553904 0.000000000 0.716532310 -0.470942378 -0.716532310 0.000000000 -0.697553904 0.373444349 0.000000000 1.000000000 0.000000000 -54.278896332
0.000000000 0.384615385 0.666666667 0.384615385 0.500000000 0.000000000 0.000000000 -0.692591677 0.000000000 0.721329862 -0.289328605 -0.721329862 0.000000000 -0.692591677 0.373826444 0.000000000 1.000000000 0.000000000 -54.086643219
0.000000000 0.384615385 0.666666667 0.384615385 0.500000000 0.000000000 0.000000000 -0.686234535 0.000000000 0.727380342 -0.105817869 -0.727380342 0.000000000 -0.686234535 0.376306146 0.000000000 1.000000000 0.000000000 -53.894638062
0.000000000 0.384615385 0.666666667 0.384615385 0.500000000 0.000000000 0.000000000 -0.678184729 0.000000000 0.734891471 0.071798094 -0.734891471 0.000000000 -0.678184729 0.375512838 0.000000000 1.000000000 0.000000000 -53.698093414
0.000000000 0.384615385 0.666666667 0.384615385 0.500000000 0.000000000 0.000000000 -0.668413111 0.000000000 0.743790235 0.248952627 -0.743790235 0.000000000 -0.668413111 0.375878125 0.000000000 1.000000000 0.000000000 -53.503128052
0.000000000 0.384615385 0.666666667 0.384615385 0.500000000 0.000000000 0.000000000 -0.657960732 0.000000000 0.753052240 0.420080543 -0.753052240 0.000000000 -0.657960732 0.373611748 0.000000000 1.000000000 0.000000000 -53.307727814
0.000000000 0.384615385 0.666666667 0.384615385 0.500000000 0.000000000 0.000000000 -0.649289548 0.000000000 0.760541309 0.593918443 -0.760541309 0.000000000 -0.649289548 0.372848183 0.000000000 1.000000000 0.000000000 -53.107288361
0.000000000 0.384615385 0.666666667 0.384615385 0.500000000 0.000000000 0.000000000 -0.634707053 0.000000000 0.772752843 0.759405494 -0.772752843 0.000000000 -0.634707053 0.375439286 0.000000000 1.000000000 0.000000000 -52.905048370
0.000000000 0.384615385 0.666666667 0.384615385 0.500000000 0.000000000 0.000000000 -0.620524231 0.000000000 0.784187273 0.923767090 -0.784187273 0.000000000 -0.620524231 0.373213649 0.000000000 1.000000000 0.000000000 -52.690925598
0.000000000 0.384615385 0.666666667 0.384615385 0.500000000 0.000000000 0.000000000 -0.607852114 0.000000000 0.794050255 1.082662344 -0.794050255 0.000000000 -0.607852114 0.374225140 0.000000000 1.000000000 0.000000000 -52.490756989
0.000000000 0.384615385 0.666666667 0.384615385 0.500000000 0.000000000 0.000000000 -0.597996609 0.000000000 0.801498631 1.236249924 -0.801498631 0.000000000 -0.597996609 0.373835444 0.000000000 1.000000000 0.000000000 -52.286380768
0.000000000 0.384615385 0.666666667 0.384615385 0.500000000 0.000000000 0.000000000 -0.591257726 0.000000000 0.806482673 1.387390137 -0.806482673 0.000000000 -0.591257726 0.369728833 0.000000000 1.000000000 0.000000000 -52.079982758
0.000000000 0.384615385 0.666666667 0.384615385 0.500000000 0.000000000 0.000000000 -0.588389936 0.000000000 0.808577321 1.539611816 -0.808577321 0.000000000 -0.588389936 0.372054428 0.000000000 1.000000000 0.000000000 -51.868320465
0.000000000 0.384615385 0.666666667 0.384615385 0.500000000 0.000000000 0.000000000 -0.586900013 0.000000000 0.809659419 1.688791513 -0.809659419 0.000000000 -0.586900013 0.367936552 0.000000000 1.000000000 0.000000000 -51.661731720
0.000000000 0.384615385 0.666666667 0.384615385 0.500000000 0.000000000 0.000000000 -0.589196226 0.000000000 0.807989980 1.858110309 -0.807989980 0.000000000 -0.589196226 0.364977270 0.000000000 1.000000000 0.000000000 -51.432632446
0.000000000 0.384615385 0.666666667 0.384615385 0.500000000 0.000000000 0.000000000 -0.595327944 0.000000000 0.803482818 2.019811869 -0.803482818 0.000000000 -0.595327944 0.364714950 0.000000000 1.000000000 0.000000000 -51.211303711
0.000000000 0.384615385 0.666666667 0.384615385 0.500000000 0.000000000 0.000000000 -0.605414055 0.000000000 0.795910687 2.193456888 -0.795910687 0.000000000 -0.605414055 0.360329270 0.000000000 1.000000000 0.000000000 -50.984760284
0.000000000 0.384615385 0.666666667 0.384615385 0.500000000 0.000000000 0.000000000 -0.619408180 0.000000000 0.785069109 2.367877245 -0.785069109 0.000000000 -0.619408180 0.358968347 0.000000000 1.000000000 0.000000000 -50.765354156
0.000000000 0.384615385 0.666666667 0.384615385 0.500000000 0.000000000 0.000000000 -0.631898365 0.000000000 0.775051261 2.546107054 -0.775051261 0.000000000 -0.631898365 0.354723513 0.000000000 1.000000000 0.000000000 -50.546932220
0.000000000 0.384615385 0.666666667 0.384615385 0.500000000 0.000000000 0.000000000 -0.651021216 0.000000000 0.759059534 2.729868174 -0.759059534 0.000000000 -0.651021216 0.352089524 0.000000000 1.000000000 0.000000000 -50.336029053
0.000000000 0.384615385 0.666666667 0.384615385 0.500000000 0.000000000 0.000000000 -0.658070721 0.000000000 0.752956125 2.891839504 -0.752956125 0.000000000 -0.658070721 0.347805023 0.000000000 1.000000000 0.000000000 -50.155033112
0.000000000 0.384615385 0.666666667 0.384615385 0.500000000 0.000000000 0.000000000 -0.685434522 0.000000000 0.728134271 3.059838772 -0.728134271 0.000000000 -0.685434522 0.341406852 0.000000000 1.000000000 0.000000000 -49.980407715
0.000000000 0.384615385 0.666666667 0.384615385 0.500000000 0.000000000 0.000000000 -0.696409031 0.000000000 0.717645080 3.225030422 -0.717645080 0.000000000 -0.696409031 0.338435978 0.000000000 1.000000000 0.000000000 -49.805358887
0.000000000 0.384615385 0.666666667 0.384615385 0.500000000 0.000000000 0.000000000 -0.702343483 0.000000000 0.711838207 3.396740675 -0.711838207 0.000000000 -0.702343483 0.335192710 0.000000000 1.000000000 0.000000000 -49.636547089
0.000000000 0.384615385 0.666666667 0.384615385 0.500000000 0.000000000 0.000000000 -0.708731883 0.000000000 0.705477936 3.563933134 -0.705477936 0.000000000 -0.708731883 0.328053594 0.000000000 1.000000000 0.000000000 -49.464687347
0.000000000 0.384615385 0.666666667 0.384615385 0.500000000 0.000000000 0.000000000 -0.711495233 0.000000000 0.702690923 3.736774921 -0.702690923 0.000000000 -0.711495233 0.324228674 0.000000000 1.000000000 0.000000000 -49.298477173