0.000000000 0.384615385 0.666666667 0.384615385 0.500000000 0.000000000 0.000000000 0.985347403 0.000000000 0.170559361 -7.782822132 -0.170559361 0.000000000 0.985347403 0.524538636 0.000000000 1.000000000 0.000000000 6.751894474
0.000000000 0.384615385 0.666666667 0.384615385 0.500000000 0.000000000 0.000000000 0.979127701 0.000000000 0.203246020 -7.960155964 -0.203246020 0.000000000 0.979127701 0.520397604 0.000000000 1.000000000 0.000000000 6.778185844
0.000000000 0.384615385 0.666666667 0.384615385 0.500000000 0.000000000 0.000000000 0.973176001 0.000000000 0.230061886 -8.118403435 -0.230061886 0.000000000 0.973176001 0.536318958 0.000000000 1.000000000 0.000000000 6.827959061
0.000000000 0.384615385 0.666666667 0.384615385 0.500000000 0.000000000 0.000000000 0.959085848 0.000000000 0.283115410 -8.309980392 -0.283115410 0.000000000 0.959085848 0.536866128 0.000000000 1.000000000 0.000000000 6.895888329
0.000000000 0.384615385 0.666666667 0.384615385 0.500000000 0.000000000 0.000000000 0.942969441 0.000000000 0.332879307 -8.466430664 -0.332879307 0.000000000 0.942969441 0.523689091 0.000000000 1.000000000 0.000000000 6.930834770
0.000000000 0.384615385 0.666666667 0.384615385 0.500000000 0.000000000 0.000000000 0.925093104 0.000000000 0.379740370 -8.599208832 -0.379740370 0.000000000 0.925093104 0.533002436 0.000000000 1.000000000 0.000000000 7.018744946
0.000000000 0.384615385 0.666666667 0.384615385 0.500000000 0.000000000 0.000000000 0.906719436 0.000000000 0.421734352 -8.745117188 -0.421734352 0.000000000 0.906719436 0.527917147 0.000000000 1.000000000 0.000000000 7.060944557
0.000000000 0.384615385 0.666666667 0.384615385 0.500000000 0.000000000 0.000000000 0.890370860 0.000000000 0.455235908 -8.896703720 -0.455235908 0.000000000 0.890370860 0.546923637 0.000000000 1.000000000 0.000000000 7.154838562
0.000000000 0.384615385 0.666666667 0.384615385 0.500000000 0.000000000 0.000000000 0.841727207 0.000000000 0.539903055 -9.042632103 -0.539903055 0.000000000 0.841727207 0.524131536 0.000000000 1.000000000 0.000000000 7.254511356
0.000000000 0.384615385 0.666666667 0.384615385 0.500000000 0.000000000 0.000000000 0.790895620 0.000000000 0.611951075 -9.174853325 -0.611951075 0.000000000 0.790895620 0.532229125 0.000000000 1.000000000 0.000000000 7.359613895
0.000000000 0.384615385 0.666666667 0.384615385 0.500000000 0.000000000 0.000000000 0.727206977 0.000000000 0.686418249 -9.276528358 -0.686418249 0.000000000 0.727206977 0.526097119 0.000000000 1.000000000 0.000000000 7.483102798
0.000000000 0.384615385 0.666666667 0.384615385 0.500000000 0.000000000 0.000000000 0.660511879 0.000000000 0.750815595 -9.392719269 -0.750815595 0.000000000 0.660511879 0.518845975 0.000000000 1.000000000 0.000000000 7.607292175
0.000000000 0.384615385 0.666666667 0.384615385 0.500000000 0.000000000 0.000000000 0.628207405 0.000000000 0.778045922 -9.490262985 -0.778045922 0.000000000 0.628207405 0.519656897 0.000000000 1.000000000 0.000000000 7.715932369
0.000000000 0.384615385 0.666666667 0.384615385 0.500000000 0.000000000 0.000000000 0.551541814 0.000000000 0.834147246 -9.570409775 -0.834147246 0.000000000 0.551541814 0.524498284 0.000000000 1.000000000 0.000000000 7.861337662
0.000000000 0.384615385 0.666666667 0.384615385 0.500000000 0.000000000 0.000000000 0.495944555 0.000000000 0.868354190 -9.632426262 -0.868354190 0.000000000 0.495944555 0.527289748 0.000000000 1.000000000 0.000000000 8.018537521
0.000000000 0.384615385 0.666666667 0.384615385 0.500000000 0.000000000 0.000000000 0.421624510 0.000000000 0.906770518 -9.697694778 -0.906770518 0.000000000 0.421624510 0.518829763 0.000000000 1.000000000 0.000000000 8.170402527
0.000000000 0.384615385 0.666666667 0.384615385 0.500000000 0.000000000 0.000000000 0.411039082 0.000000000 0.911617723 -9.761200905 -0.911617723 0.000000000 0.411039082 0.528873861 0.000000000 1.000000000 0.000000000 8.302338600
0.000000000 0.384615385 0.666666667 0.384615385 0.500000000 0.000000000 0.000000000 0.387110622 0.000000000 0.922033278 -9.790771484 -0.922033278 0.000000000 0.387110622 0.539106131 0.000000000 1.000000000 0.000000000 8.432363510
0.000000000 0.384615385 0.666666667 0.384615385 0.500000000 0.000000000 0.000000000 0.339224558 0.000000000 0.940705426 -9.834443092 -0.940705426 0.000000000 0.339224558 0.527596056 0.000000000 1.000000000 0.000000000 8.582943916
0.000000000 0.384615385 0.666666667 0.384615385 0.500000000 0.000000000 0.000000000 0.316196251 0.000000000 0.948693803 -9.850800514 -0.948693803 0.000000000 0.316196251 0.531479478 0.000000000 1.000000000 0.000000000 8.742865562
0.000000000 0.384615385 0.666666667 0.384615385 0.500000000 0.000000000 0.000000000 0.280479897 0.000000000 0.959859900 -9.873139381 -0.959859900 0.000000000 0.280479897 0.523975432 0.000000000 1.000000000 0.000000000 8.905163765
0.000000000 0.384615385 0.666666667 0.384615385 0.500000000 0.000000000 0.000000000 0.238284986 0.000000000 0.971195277 -9.903427124 -0.971195277 0.000000000 0.238284986 0.535285473 0.000000000 1.000000000 0.000000000 9.055485725
0.000000000 0.384615385 0.666666667 0.384615385 0.500000000 0.000000000 0.000000000 0.162050801 0.000000000 0.986782417 -9.907138824 -0.986782417 0.000000000 0.162050801 0.538510144 0.000000000 1.000000000 0.000000000 9.199223518
0.000000000 0.384615385 0.666666667 0.384615385 0.500000000 0.000000000 0.000000000 0.095478734 0.000000000 0.995431470 -9.919291496 -0.995431470 0.000000000 0.095478734 0.534437537 0.000000000 1.000000000 0.000000000 9.353149414
0.000000000 0.384615385 0.666666667 0.384615385 0.500000000 0.000000000 0.000000000 0.049112876 0.000000000 0.998793235 -9.928623199 -0.998793235 0.000000000 0.049112876 0.529998541 0.000000000 1.000000000 0.000000000 9.484525681
0.000000000 0.384615385 0.666666667 0.384615385 0.500000000 0.000000000 0.000000000 0.032797692 0.000000000 0.999462011 -9.928134918 -0.999462011 0.000000000 0.032797692 0.535555243 0.000000000 1.000000000 0.000000000 9.649126053
0.000000000 0.384615385 0.666666667 0.384615385 0.500000000 0.000000000 0.000000000 0.030926583 0.000000000 0.999521659 -9.943041801 -0.999521659 0.000000000 0.030926583 0.530880392 0.000000000 1.000000000 0.000000000 9.775519371
0.000000000 0.384615385 0.666666667 0.384615385 0.500000000 0.000000000 0.000000000 0.017953744 0.000000000 0.999838819 -9.935688019 -0.999838819 0.000000000 0.017953744 0.530532300 0.000000000 1.000000000 0.000000000 9.931064606
0.000000000 0.384615385 0.666666667 0.384615385 0.500000000 0.000000000 0.000000000 -0.013630074 0.000000000 0.999907106 -9.946503639 -0.999907106 0.000000000 -0.013630074 0.533579171 0.000000000 1.000000000 0.000000000 10.056183815
0.000000000 0.384615385 0.666666667 0.384615385 0.500000000 0.000000000 0.000000000 -0.026742095 0.000000000 0.999642366 -9.923851967 -0.999642366 0.000000000 -0.026742095 0.532657146 0.000000000 1.000000000 0.000000000 10.193078041
0.000000000 0.384615385 0.666666667 0.384615385 0.500000000 0.000000000 0.000000000 -0.028549029 0.000000000 0.999592393 -9.929922104 -0.999592393 0.000000000 -0.028549029 0.539249718 0.000000000 1.000000000 0.000000000 10.336894035
0.000000000 0.384615385 0.666666667 0.384615385 0.500000000 0.000000000 0.000000000 -0.034917871 0.000000000 0.999390185 -9.908486366 -0.999390185 0.000000000 -0.034917871 0.528913856 0.000000000 1.000000000 0.000000000 10.477529526
0.000000000 0.384615385 0.666666667 0.384615385 0.500000000 0.000000000 0.000000000 -0.054403418 0.000000000 0.998519037 -9.914779663 -0.998519037 0.000000000 -0.054403418 0.539305329 0.000000000 1.000000000 0.000000000 10.590726852
0.000000000 0.384615385 0.666666667 0.384615385 0.500000000 0.000000000 0.000000000 -0.061210533 0.000000000 0.998124877 -9.907646179 -0.998124877 0.000000000 -0.061210533 0.531436145 0.000000000 1.000000000 0.000000000 10.707094193
0.000000000 0.384615385 0.666666667 0.384615385 0.500000000 0.000000000 0.000000000 -0.067308743 0.000000000 0.997732195 -9.891406059 -0.997732195 0.000000000 -0.067308743 0.526126862 0.000000000 1.000000000 0.000000000 10.823065758
0.000000000 0.384615385 0.666666667 0.384615385 0.500000000 0.000000000 0.000000000 -0.072777374 0.000000000 0.997348211 -9.888462067 -0.997348211 0.000000000 -0.072777374 0.527296066 0.000000000 1.000000000 0.000000000 10.940536499
0.000000000 0.384615385 0.666666667 0.384615385 0.500000000 0.000000000 0.000000000 -0.076600016 0.000000000 0.997061903 -9.875820160 -0.997061903 0.000000000 -0.076600016 0.538757741 0.000000000 1.000000000 0.000000000 11.078217506
0.000000000 0.384615385 0.666666667 0.384615385 0.500000000 0.000000000 0.000000000 -0.082576728 0.000000000 0.996584710 -9.863471031 -0.996584710 0.000000000 -0.082576728 0.533129394 0.000000000 1.000000000 0.000000000 11.218725204
0.000000000 0.384615385 0.666666667 0.384615385 0.500000000 0.000000000 0.000000000 -0.087653697 0.000000000 0.996151007 -9.851357460 -0.996151007 0.000000000 -0.087653697 0.535012066 0.000000000 1.000000000 0.000000000 11.350614548
0.000000000 0.384615385 0.666666667 0.384615385 0.500000000 0.000000000 0.000000000 -0.091188436 0.000000000 0.995833655 -9.844535828 -0.995833655 0.000000000 -0.091188436 0.533918321 0.000000000 1.000000000 0.000000000 11.502040863
0.000000000 0.384615385 0.666666667 0.384615385 0.500000000 0.000000000 0.000000000 -0.095103674 0.000000000 0.995467373 -9.835634232 -0.995467373 0.000000000 -0.095103674 0.522134006 0.000000000 1.000000000 0.000000000 11.650609970
0.000000000 0.384615385 0.666666667 0.384615385 0.500000000 0.000000000 0.000000000 -0.098363732 0.000000000 0.995150529 -9.818735123 -0.995150529 0.000000000 -0.098363732 0.530054927 0.000000000 1.000000000 0.000000000 11.800397873
0.000000000 0.384615385 0.666666667 0.384615385 0.500000000 0.000000000 0.000000000 -0.101040305 0.000000000 0.994882333 -9.803803444 -0.994882333 0.000000000 -0.101040305 0.514554501 0.000000000 1.000000000 0.000000000 11.953869820
0.000000000 0.384615385 0.666666667 0.384615385 0.500000000 0.000000000 0.000000000 -0.102841279 0.000000000 0.994697779 -9.784995079 -0.994697779 0.000000000 -0.102841279 0.524114549 0.000000000 1.000000000 0.000000000 12.076535225
0.000000000 0.384615385 0.666666667 0.384615385 0.500000000 0.000000000 0.000000000 -0.104676074 0.000000000 0.994506370 -9.767807007 -0.994506370 0.000000000 -0.104676074 0.537023485 0.000000000 1.000000000 0.000000000 12.226102829
0.000000000 0.384615385 0.666666667 0.384615385 0.500000000 0.000000000 0.000000000 -0.106004808 0.000000000 0.994365617 -9.757089615 -0.994365617 0.000000000 -0.106004808 0.542352259 0.000000000 1.000000000 0.000000000 12.371386528
0.000000000 0.384615385 0.666666667 0.384615385 0.500000000 0.000000000 0.000000000 -0.106860406 0.000000000 0.994274034 -9.740727425 -0.994274034 0.000000000 -0.106860406 0.539572358 0.000000000 1.000000000 0.000000000 12.510033607
0.000000000 0.384615385 0.666666667 0.384615385 0.500000000 0.000000000 0.000000000 -0.107240112 0.000000000 0.994233151 -9.722729683 -0.994233151 0.000000000 -0.107240112 0.539178431 0.000000000 1.000000000 0.000000000 12.650846481
0.000000000 0.384615385 0.666666667 0.384615385 0.500000000 0.000000000 0.000000000 -0.107345743 0.000000000 0.994221752 -9.724667549 -0.994221752 0.000000000 -0.107345743 0.523381650 0.000000000 1.000000000 0.000000000 12.794735909
0.000000000 0.384615385 0.666666667 0.384615385 0.500000000 0.000000000 0.000000000 -0.107129964 0.000000000 0.994245026 -9.686581612 -0.994245026 0.000000000 -0.107129964 0.518822312 0.000000000 1.000000000 0.000000000 12.914403915
0.000000000 0.384615385 0.666666667 0.384615385 0.500000000 0.000000000 0.000000000 -0.106654352 0.000000000 0.994296158 -9.686698914 -0.994296158 0.000000000 -0.106654352 0.535616219 0.000000000 1.000000000 0.000000000 13.032167435
0.000000000 0.384615385 0.666666667 0.384615385 0.500000000 0.000000000 0.000000000 -0.105919690 0.000000000 0.994374688 -9.672031403 -0.994374688 0.000000000 -0.105919690 0.535905540 0.000000000 1.000000000 0.000000000 13.144658089
0.000000000 0.384615385 0.666666667 0.384615385 0.500000000 0.000000000 0.000000000 -0.104926329 0.000000000 0.994479997 -9.653339386 -0.994479997 0.000000000 -0.104926329 0.539196789 0.000000000 1.000000000 0.000000000 13.270586014
0.000000000 0.384615385 0.666666667 0.384615385 0.500000000 0.000000000 0.000000000 -0.103671925 0.000000000 0.994611548 -9.649184227 -0.994611548 0.000000000 -0.103671925 0.533722520 0.000000000 1.000000000 0.000000000 13.397301674
0.000000000 0.384615385 0.666666667 0.384615385 0.500000000 0.000000000 0.000000000 -0.102146068 0.000000000 0.994769411 -9.636484146 -0.994769411 0.000000000 -0.102146068 0.539146543 0.000000000 1.000000000 0.000000000 13.525229454
0.000000000 0.384615385 0.666666667 0.384615385 0.500000000 0.000000000 0.000000000 -0.100367923 0.000000000 0.994950391 -9.627651215 -0.994950391 0.000000000 -0.100367923 0.536154330 0.000000000 1.000000000 0.000000000 13.629745483
0.000000000 0.384615385 0.666666667 0.384615385 0.500000000 0.000000000 0.000000000 -0.098330361 0.000000000 0.995153827 -9.611215591 -0.995153827 0.000000000 -0.098330361 0.526970029 0.000000000 1.000000000 0.000000000 13.755405426
0.000000000 0.384615385 0.666666667 0.384615385 0.500000000 0.000000000 0.000000000 -0.096025449 0.000000000 0.995378879 -9.593422890 -0.995378879 0.000000000 -0.096025449 0.528525352 0.000000000 1.000000000 0.000000000 13.865024567
0.000000000 0.384615385 0.666666667 0.384615385 0.500000000 0.000000000 0.000000000 -0.093398742 0.000000000 0.995628784 -9.603075981 -0.995628784 0.000000000 -0.093398742 0.530237973 0.000000000 1.000000000 0.000000000 13.971122742
0.000000000 0.384615385 0.666666667 0.384615385 0.500000000 0.000000000 0.000000000 -0.091235015 0.000000000 0.995829389 -9.578242302 -0.995829389 0.000000000 -0.091235015 0.538019538 0.000000000 1.000000000 0.000000000 14.079220772
0.000000000 0.384615385 0.666666667 0.384615385 0.500000000 0.000000000 0.000000000 -0.088082551 0.000000000 0.996113178 -9.573901176 -0.996113178 0.000000000 -0.088082551 0.534609497 0.000000000 1.000000000 0.000000000 14.181285858
0.000000000 0.384615385 0.666666667 0.384615385 0.500000000 0.000000000 0.000000000 -0.085503509 0.000000000 0.996337869 -9.568510056 -0.996337869 0.000000000 -0.085503509 0.536581993 0.000000000 1.000000000 0.000000000 14.275180817
0.000000000 0.384615385 0.666666667 0.384615385 0.500000000 0.000000000 0.000000000 -0.082657582 0.000000000 0.996578007 -9.556674957 -0.996578007 0.000000000 -0.082657582 0.535314620 0.000000000 1.000000000 0.000000000 14.390897751
0.000000000 0.384615385 0.666666667 0.384615385 0.500000000 0.000000000 0.000000000 -0.078556093 0.000000000 0.996909695 -9.544984818 -0.996909695 0.000000000 -0.078556093 0.533712745 0.000000000 1.000000000 0.000000000 14.452663422
0.000000000 0.384615385 0.666666667 0.384615385 0.500000000 0.000000000 0.000000000 -0.076413037 0.000000000 0.997076250 -9.541621208 -0.997076250 0.000000000 -0.076413037 0.527089655 0.000000000 1.000000000 0.000000000 14.553307533
0.000000000 0.384615385 0.666666667 0.384615385 0.500000000 0.000000000 0.000000000 -0.072876009 0.000000000 0.997341009 -9.543314934 -0.997341009 0.000000000 -0.072876009 0.524363399 0.000000000 1.000000000 0.000000000 14.650800705
0.000000000 0.384615385 0.666666667 0.384615385 0.500000000 0.000000000 0.000000000 -0.067742991 0.000000000 0.997702805 -9.527812004 -0.997702805 0.000000000 -0.067742991 0.520857692 0.000000000 1.000000000 0.000000000 14.770958900
0.000000000 0.384615385 0.666666667 0.384615385 0.500000000 0.000000000 0.000000000 -0.063547189 0.000000000 0.997978835 -9.517490387 -0.997978835 0.000000000 -0.063547189 0.529843152 0.000000000 1.000000000 0.000000000 14.900156021
0.000000000 0.384615385 0.666666667 0.384615385 0.500000000 0.000000000 0.000000000 -0.055652261 0.000000000 0.998450212 -9.503056526 -0.998450212 0.000000000 -0.055652261 0.531822801 0.000000000 1.000000000 0.000000000 15.027057648
0.000000000 0.384615385 0.666666667 0.384615385 0.500000000 0.000000000 0.000000000 -0.048844775 0.000000000 0.998806382 -9.498452187 -0.998806382 0.000000000 -0.048844775 0.525058508 0.000000000 1.000000000 0.000000000 15.132304192
0.000000000 0.384615385 0.666666667 0.384615385 0.500000000 0.000000000 0.000000000 -0.041271478 0.000000000 0.999147970 -9.498510361 -0.999147970 0.000000000 -0.041271478 0.526981473 0.000000000 1.000000000 0.000000000 15.272201538
0.000000000 0.384615385 0.666666667 0.384615385 0.500000000 0.000000000 0.000000000 -0.032827128 0.000000000 0.999461045 -9.486728668 -0.999461045 0.000000000 -0.032827128 0.535856664 0.000000000 1.000000000 0.000000000 15.397423744
0.000000000 0.384615385 0.666666667 0.384615385 0.500000000 0.000000000 0.000000000 -0.023378206 0.000000000 0.999726692 -9.496112823 -0.999726692 0.000000000 -0.023378206 0.540754616 0.000000000 1.000000000 0.000000000 15.519494057
0.000000000 0.384615385 0.666666667 0.384615385 0.500000000 0.000000000 0.000000000 -0.012753942 0.000000000 0.999918665 -9.487524033 -0.999918665 0.000000000 -0.012753942 0.536623061 0.000000000 1.000000000 0.000000000 15.643551826
0.000000000 0.384615385 0.666666667 0.384615385 0.500000000 0.000000000 0.000000000 -0.000734806 0.000000000 0.999999730 -9.465981483 -0.999999730 0.000000000 -0.000734806 0.522912145 0.000000000 1.000000000 0.000000000 15.789037704
0.000000000 0.384615385 0.666666667 0.384615385 0.500000000 0.000000000 0.000000000 0.017125575 0.000000000 0.999853347 -9.487993240 -0.999853347 0.000000000 0.017125575 0.536402106 0.000000000 1.000000000 0.000000000 15.924945831
0.000000000 0.384615385 0.666666667 0.384615385 0.500000000 0.000000000 0.000000000 0.033373236 0.000000000 0.999442958 -9.491250038 -0.999442958 0.000000000 0.033373236 0.529843688 0.000000000 1.000000000 0.000000000 16.054950714
0.000000000 0.384615385 0.666666667 0.384615385 0.500000000 0.000000000 0.000000000 0.052405467 0.000000000 0.998625889 -9.499423981 -0.998625889 0.000000000 0.052405467 0.544483960 0.000000000 1.000000000 0.000000000 16.170057297
0.000000000 0.384615385 0.666666667 0.384615385 0.500000000 0.000000000 0.000000000 0.075030451 0.000000000 0.997181243 -9.516611099 -0.997181243 0.000000000 0.075030451 0.538113415 0.000000000 1.000000000 0.000000000 16.302177429
0.000000000 0.384615385 0.666666667 0.384615385 0.500000000 0.000000000 0.000000000 0.102435431 0.000000000 0.994739656 -9.521635056 -0.994739656 0.000000000 0.102435431 0.536775172 0.000000000 1.000000000 0.000000000 16.413389206
0.000000000 0.384615385 0.666666667 0.384615385 0.500000000 0.000000000 0.000000000 0.136427692 0.000000000 0.990650031 -9.543203354 -0.990650031 0.000000000 0.136427692 0.531740129 0.000000000 1.000000000 0.000000000 16.529159546