0.000000000 0.500000000 0.666666667 0.500000000 0.500000000 0.000000000 0.000000000 0.131851105 -0.977079060 0.167128085 0.587487445 0.212823602 0.780746192 -0.798419556 -0.004756597 0.602082708 53.603717804 -0.168612674 7.228162765
0.000000000 0.500000000 0.666666667 0.500000000 0.500000000 0.000000000 0.000000000 0.133348554 -0.978329407 0.158397394 0.585718031 0.206721965 0.783709396 -0.799470169 -0.011730305 0.600591249 53.561874390 -0.162133783 7.184113502
0.000000000 0.500000000 0.666666667 0.500000000 0.500000000 0.000000000 0.000000000 0.134654080 -0.979547303 0.149517089 0.583887342 0.200349282 0.786724690 -0.800589689 -0.018634554 0.598923119 53.520420074 -0.154141843 7.147301674
0.000000000 0.500000000 0.666666667 0.500000000 0.500000000 0.000000000 0.000000000 0.135749825 -0.980728471 0.140512101 0.581971474 0.193712180 0.789800478 -0.801798720 -0.025441242 0.597052389 53.482704163 -0.146973878 7.113735199
0.000000000 0.500000000 0.666666667 0.500000000 0.500000000 0.000000000 0.000000000 0.136620039 -0.981869355 0.131405995 0.579947303 0.186817158 0.792944181 -0.803116486 -0.032123512 0.594955452 53.448722839 -0.140627444 7.083415985
0.000000000 0.500000000 0.666666667 0.500000000 0.500000000 0.000000000 0.000000000 0.137248635 -0.982967124 0.122222931 0.577790536 0.179670724 0.796163631 -0.804562557 -0.038653119 0.592608663 53.416740417 -0.134136349 7.058876991
0.000000000 0.500000000 0.666666667 0.500000000 0.500000000 0.000000000 0.000000000 0.137619401 -0.984019726 0.112987078 0.575475852 0.172279147 0.799466972 -0.806156588 -0.045000831 0.589988543 53.388084412 -0.128236085 7.038195133
0.000000000 0.500000000 0.666666667 0.500000000 0.500000000 0.000000000 0.000000000 0.137717906 -0.985025662 0.103721861 0.572977674 0.164649129 0.802861912 -0.807917300 -0.051138151 0.587072845 53.363456726 -0.123324580 7.020333290
0.000000000 0.500000000 0.666666667 0.500000000 0.500000000 0.000000000 0.000000000 0.137536764 -0.985983517 0.094446505 0.570274664 0.156788520 0.806352384 -0.809858287 -0.057042649 0.583845605 53.342876434 -0.119400024 7.005293369
0.000000000 0.500000000 0.666666667 0.500000000 0.500000000 0.000000000 0.000000000 0.137099471 -0.986889692 0.085161440 0.567369753 0.148710022 0.809924004 -0.811970011 -0.062722127 0.580319426 53.326328278 -0.116460569 6.993074417
0.000000000 0.500000000 0.666666667 0.500000000 0.500000000 0.000000000 0.000000000 0.136435929 -0.987739848 0.075863227 0.564271478 0.140427757 0.813558692 -0.814237641 -0.068191181 0.576512815 53.313816071 -0.114505000 6.983675003
0.000000000 0.500000000 0.666666667 0.500000000 0.500000000 0.000000000 0.000000000 0.135577203 -0.988529307 0.066547964 0.560987843 0.131956409 0.817239344 -0.816646473 -0.073466426 0.572443204 53.305271149 -0.113504633 6.977212906
0.000000000 0.500000000 0.666666667 0.500000000 0.500000000 0.000000000 0.000000000 0.134552875 -0.989253384 0.057212464 0.557529292 0.123310798 0.820947949 -0.819180452 -0.078563282 0.568129561 53.300525665 -0.113387451 6.973993778
0.000000000 0.500000000 0.666666667 0.500000000 0.500000000 0.000000000 0.000000000 0.133392655 -0.989907292 0.047853446 0.553904831 0.114505731 0.824668343 -0.821824700 -0.083498445 0.563588655 53.300086975 -0.114359736 6.973100662
0.000000000 0.500000000 0.666666667 0.500000000 0.500000000 0.000000000 0.000000000 0.132125839 -0.990486230 0.038468041 0.550126200 0.105556411 0.828383371 -0.824562870 -0.088288570 0.558839155 53.295654297 -0.114360347 6.970093727
0.000000000 0.500000000 0.666666667 0.500000000 0.500000000 0.000000000 0.000000000 0.130781395 -0.990985414 0.029054018 0.546204204 0.096478253 0.832077469 -0.827379716 -0.092950825 0.553897960 53.287216187 -0.113388672 6.964972973
0.000000000 0.500000000 0.666666667 0.500000000 0.500000000 0.000000000 0.000000000 0.129388095 -0.991400125 0.019608985 0.542151625 0.087286530 0.835734813 -0.830259198 -0.097503092 0.548783027 53.274780273 -0.111442260 6.957735062
0.000000000 0.500000000 0.666666667 0.500000000 0.500000000 0.000000000 0.000000000 0.127974690 -0.991725687 0.010131141 0.537980477 0.077996738 0.839341120 -0.833186345 -0.101964064 0.543510666 53.258338928 -0.108519286 6.948378086
0.000000000 0.500000000 0.666666667 0.500000000 0.500000000 0.000000000 0.000000000 0.126569086 -0.991957601 0.000619330 0.533705536 0.068624550 0.842881411 -0.836145124 -0.106352189 0.538099010 53.237899780 -0.104617305 6.936899662
0.000000000 0.500000000 0.666666667 0.500000000 0.500000000 0.000000000 0.000000000 0.125198814 -0.992091509 -0.008927146 0.529340049 0.059185387 0.846342840 -0.839121189 -0.110686616 0.532563708 53.213455200 -0.099735104 6.923297405
0.000000000 0.500000000 0.666666667 0.500000000 0.500000000 0.000000000 0.000000000 0.123891524 -0.992123130 -0.018509051 0.524900695 0.049694833 0.849711530 -0.842098659 -0.114987470 0.526922889 53.187381744 -0.094456784 6.908833027
0.000000000 0.500000000 0.666666667 0.500000000 0.500000000 0.000000000 0.000000000 0.122673962 -0.992048400 -0.028126003 0.520402456 0.040168433 0.852975838 -0.845063538 -0.119274766 0.521192045 53.159656525 -0.088780515 6.893503189
0.000000000 0.500000000 0.666666667 0.500000000 0.500000000 0.000000000 0.000000000 0.121572730 -0.991863353 -0.037777777 0.515863286 0.030621625 0.856123465 -0.848000673 -0.123569435 0.515388643 53.128906250 -0.082396239 6.880456924
0.000000000 0.500000000 0.666666667 0.500000000 0.500000000 0.000000000 0.000000000 0.120614678 -0.991564071 -0.047463582 0.511300387 0.021070037 0.859143741 -0.850896006 -0.127893494 0.509528449 53.096385956 -0.075579219 6.866850376
0.000000000 0.500000000 0.666666667 0.500000000 0.500000000 0.000000000 0.000000000 0.119824812 -0.991146932 -0.057181941 0.506732291 0.011528826 0.862026375 -0.853735556 -0.132268085 0.503627595 53.062149048 -0.068341061 6.852552414
0.000000000 0.500000000 0.666666667 0.500000000 0.500000000 0.000000000 0.000000000 0.119228963 -0.990608216 -0.066931433 0.502178844 0.002013451 0.864761444 -0.856505028 -0.136716160 0.497702551 53.019130707 -0.058938596 6.834721088
0.000000000 0.500000000 0.666666667 0.500000000 0.500000000 0.000000000 0.000000000 0.118852041 -0.989944353 -0.076709646 0.497659101 -0.007460614 0.867340624 -0.859191255 -0.141260457 0.491768107 52.966522217 -0.047414549 6.815649033
0.000000000 0.500000000 0.666666667 0.500000000 0.500000000 0.000000000 0.000000000 0.118718024 -0.989151772 -0.086514757 0.493194360 -0.016878720 0.869755387 -0.861780340 -0.145924231 0.485840266 52.903915405 -0.033787232 6.796463966
0.000000000 0.500000000 0.666666667 0.500000000 0.500000000 0.000000000 0.000000000 0.118839203 -0.988229290 -0.096333353 0.488809862 -0.026221185 0.871996197 -0.864258157 -0.150716026 0.479940118 52.832244873 -0.018005980 6.774568558
0.000000000 0.500000000 0.666666667 0.500000000 0.500000000 0.000000000 0.000000000 0.119177826 -0.987186820 -0.106107626 0.484551467 -0.035449180 0.874044182 -0.866606325 -0.155581291 0.474118066 52.750419617 -0.000573120 6.753722191
0.000000000 0.500000000 0.666666667 0.500000000 0.500000000 0.000000000 0.000000000 0.119682064 -0.986039134 -0.115771459 0.480467556 -0.044520303 0.875881767 -0.868807879 -0.160451768 0.468431531 52.670886993 0.015913695 6.735798359
0.000000000 0.500000000 0.666666667 0.500000000 0.500000000 0.000000000 0.000000000 0.120299107 -0.984803720 -0.125258765 0.476606775 -0.053389757 0.877493884 -0.870846776 -0.165260906 0.462941385 52.594314575 0.031767577 6.718528271
0.000000000 0.500000000 0.666666667 0.500000000 0.500000000 0.000000000 0.000000000 0.120974813 -0.983500676 -0.134504702 0.473016487 -0.062012026 0.878868541 -0.872708713 -0.169943899 0.457710142 52.519813538 0.046055298 6.705496788
0.000000000 0.500000000 0.666666667 0.500000000 0.500000000 0.000000000 0.000000000 0.121653769 -0.982152539 -0.143445985 0.469744746 -0.070341006 0.879995464 -0.874379914 -0.174437763 0.452803747 52.448181152 0.059619751 6.693521976
0.000000000 0.500000000 0.666666667 0.500000000 0.500000000 0.000000000 0.000000000 0.122279318 -0.980784258 -0.152019758 0.466837766 -0.078329773 0.880867156 -0.875848314 -0.178680399 0.448289021 52.379554749 0.072613522 6.682059288
0.000000000 0.500000000 0.666666667 0.500000000 0.500000000 0.000000000 0.000000000 0.122794084 -0.979422656 -0.160165146 0.464340369 -0.085932077 0.881478134 -0.877102979 -0.182611443 0.444233526 52.313766479 0.084805906 6.671936989
0.000000000 0.500000000 0.666666667 0.500000000 0.500000000 0.000000000 0.000000000 0.123140407 -0.978096367 -0.167821148 0.462297972 -0.093100328 0.881823630 -0.878132692 -0.186171497 0.440707555 52.250671387 0.095977172 6.663954735
0.000000000 0.500000000 0.666666667 0.500000000 0.500000000 0.000000000 0.000000000 0.123259661 -0.976835333 -0.174927951 0.460754721 -0.099788028 0.881899902 -0.878926699 -0.189301562 0.437781653 52.190620422 0.106627807 6.656389713
0.000000000 0.500000000 0.666666667 0.500000000 0.500000000 0.000000000 0.000000000 0.123094115 -0.975670333 -0.181425576 0.459753732 -0.105948315 0.881703726 -0.879473902 -0.191943626 0.435526463 52.133602142 0.116764523 6.649248600
0.000000000 0.500000000 0.666666667 0.500000000 0.500000000 0.000000000 0.000000000 0.122585995 -0.974632493 -0.187254311 0.459337395 -0.111535447 0.881231526 -0.879762372 -0.194039550 0.434012466 52.079635620 0.126391605 6.642537594
0.000000000 0.500000000 0.666666667 0.500000000 0.500000000 0.000000000 0.000000000 0.121677117 -0.973753054 -0.192352981 0.459547937 -0.116504084 0.880478558 -0.879778593 -0.195529508 0.433310326 52.028556824 0.135226443 6.637186050
0.000000000 0.500000000 0.666666667 0.500000000 0.500000000 0.000000000 0.000000000 0.120311834 -0.973061764 -0.196661808 0.460427599 -0.120811406 0.879437906 -0.879506389 -0.196355312 0.433489450 51.980468750 0.143422842 6.632730007
0.000000000 0.500000000 0.666666667 0.500000000 0.500000000 0.000000000 0.000000000 0.118434648 -0.972587635 -0.200116284 0.462015998 -0.124414204 0.878101545 -0.878928013 -0.196454572 0.434616094 51.935440063 0.151153564 6.628641128
0.000000000 0.500000000 0.666666667 0.500000000 0.500000000 0.000000000 0.000000000 0.115992346 -0.972356573 -0.202653574 0.464355001 -0.127273680 0.876456413 -0.878020620 -0.195765436 0.436755864 51.893486023 0.158423454 6.624926567
0.000000000 0.500000000 0.666666667 0.500000000 0.500000000 0.000000000 0.000000000 0.112933450 -0.972392125 -0.204204778 0.467483916 -0.129350912 0.874486781 -0.876758133 -0.194221258 0.439969633 51.854602814 0.165238038 6.621594906
0.000000000 0.500000000 0.666666667 0.500000000 0.500000000 0.000000000 0.000000000 0.109209761 -0.972713222 -0.204700305 0.471443701 -0.130611292 0.872170583 -0.875108030 -0.191754210 0.444315494 51.818805695 0.171600953 6.618654251
0.000000000 0.500000000 0.666666667 0.500000000 0.500000000 0.000000000 0.000000000 0.104774958 -0.973334287 -0.204065123 0.476273348 -0.131022986 0.869480693 -0.873032592 -0.188290582 0.449845251 51.786083221 0.177515864 6.616113663
0.000000000 0.500000000 0.666666667 0.500000000 0.500000000 0.000000000 0.000000000 0.099588268 -0.974263140 -0.202221439 0.482012448 -0.130558479 0.866382412 -0.870486173 -0.183754774 0.456604868 51.756401062 0.182884514 6.614279747
0.000000000 0.500000000 0.666666667 0.500000000 0.500000000 0.000000000 0.000000000 0.093640947 -0.975490425 -0.199122585 0.488663519 -0.129221133 0.862849850 -0.867432613 -0.178102020 0.464586194 51.729755402 0.187705070 6.613153458
0.000000000 0.500000000 0.666666667 0.500000000 0.500000000 0.000000000 0.000000000 0.087044056 -0.976958819 -0.194871236 0.496078655 -0.127127386 0.858920599 -0.863903525 -0.171435394 0.473582733 51.706199646 0.192090452 6.612362385
0.000000000 0.500000000 0.666666667 0.500000000 0.500000000 0.000000000 0.000000000 0.079937733 -0.978599865 -0.189610821 0.504074355 -0.124419169 0.854651341 -0.859952908 -0.163896843 0.483341309 51.685707092 0.196022943 6.611890316
0.000000000 0.500000000 0.666666667 0.500000000 0.500000000 0.000000000 0.000000000 0.072459318 -0.980347416 -0.183490029 0.512469921 -0.121234951 0.850103915 -0.855642581 -0.155631070 0.493613961 51.668289185 0.199484244 6.611716747
0.000000000 0.500000000 0.666666667 0.500000000 0.500000000 0.000000000 0.000000000 0.064743420 -0.982139814 -0.176662602 0.521084556 -0.117707132 0.845349582 -0.851045930 -0.146786977 0.504157127 51.653919220 0.202459097 6.611824989
0.000000000 0.500000000 0.666666667 0.500000000 0.500000000 0.000000000 0.000000000 0.056918584 -0.983921134 -0.169291102 0.529740346 -0.113964186 0.840468518 -0.846247860 -0.137518605 0.514736042 51.642604828 0.204930410 6.612194061
0.000000000 0.500000000 0.666666667 0.500000000 0.500000000 0.000000000 0.000000000 0.049108933 -0.985642775 -0.161544520 0.538260554 -0.110126612 0.835552336 -0.841346474 -0.127986127 0.525124426 51.634334564 0.206883535 6.612804890
0.000000000 0.500000000 0.666666667 0.500000000 0.500000000 0.000000000 0.000000000 0.041431334 -0.987264236 -0.153599389 0.546472323 -0.106308228 0.830702451 -0.836451699 -0.118354926 0.535108088 51.629104614 0.208304435 6.613637447
0.000000000 0.500000000 0.666666667 0.500000000 0.500000000 0.000000000 0.000000000 0.033996025 -0.988753547 -0.145638916 0.554203694 -0.102615694 0.826031649 -0.831686561 -0.108795418 0.544482342 51.626911163 0.209179685 6.614669800
0.000000000 0.500000000 0.666666667 0.500000000 0.500000000 0.000000000 0.000000000 0.026906468 -0.990087187 -0.137852835 0.561285453 -0.099149045 0.821661796 -0.827184793 -0.099482808 0.553053785 51.616592407 0.211434320 6.615116596
0.000000000 0.500000000 0.666666667 0.500000000 0.500000000 0.000000000 0.000000000 0.020260421 -0.991249558 -0.130437068 0.567550407 -0.096002576 0.817722472 -0.823089334 -0.090597012 0.560639038 51.598148346 0.215056151 6.614955902
0.000000000 0.500000000 0.666666667 0.500000000 0.500000000 0.000000000 0.000000000 0.014149787 -0.992232459 -0.123590172 0.572832702 -0.093264518 0.814349080 -0.819550168 -0.082319358 0.567063528 51.571575165 0.220034182 6.614164829
0.000000000 0.500000000 0.666666667 0.500000000 0.500000000 0.000000000 0.000000000 0.008663409 -0.993033489 -0.117513556 0.576965515 -0.091019137 0.811681163 -0.816722560 -0.074833195 0.572157543 51.536872864 0.226358637 6.612720966
0.000000000 0.500000000 0.666666667 0.500000000 0.500000000 0.000000000 0.000000000 0.003887497 -0.993654309 -0.112409974 0.579782382 -0.089349137 0.809857470 -0.814762098 -0.068321641 0.575755918 51.494052887 0.234017938 6.610600948
0.000000000 0.500000000 0.666666667 0.500000000 0.500000000 0.000000000 0.000000000 -0.000090828 -0.994098400 -0.108482083 0.581114450 -0.088337559 0.809013271 -0.813821841 -0.062967025 0.577692968 51.443035126 0.242805168 6.608273983
0.000000000 0.500000000 0.666666667 0.500000000 0.500000000 0.000000000 0.000000000 -0.003180881 -0.994368556 -0.105929494 0.580787455 -0.088069704 0.809277245 -0.814049025 -0.058948307 0.577796922 51.383827209 0.252687365 6.605772495
0.000000000 0.500000000 0.666666667 0.500000000 0.500000000 0.000000000 0.000000000 -0.005286440 -0.994463676 -0.104947844 0.578622686 -0.088637573 0.810764558 -0.815578225 -0.056439146 0.575887821 51.316474915 0.263815910 6.602672100
0.000000000 0.500000000 0.666666667 0.500000000 0.500000000 0.000000000 0.000000000 -0.006299887 -0.994375477 -0.105724751 0.574432598 -0.090140715 0.813573501 -0.818527643 -0.055606322 0.571769565 51.240970612 0.276177377 6.598948956
0.000000000 0.500000000 0.666666667 0.500000000 0.500000000 0.000000000 0.000000000 -0.006099808 -0.994084316 -0.108439681 0.568019644 -0.092692795 0.817778534 -0.822992392 -0.056607577 0.565224827 51.157302856 0.289692998 6.594722271
0.000000000 0.500000000 0.666666667 0.500000000 0.500000000 0.000000000 0.000000000 -0.004546070 -0.993555178 -0.113258294 0.559174765 -0.096423013 0.823423454 -0.829037342 -0.059587840 0.556009329 51.065341949 0.303845823 6.591026306
0.000000000 0.500000000 0.666666667 0.500000000 0.500000000 0.000000000 0.000000000 -0.001521603 -0.992742976 -0.120245866 0.547749226 -0.101430287 0.830471362 -0.836641184 -0.064600932 0.543928533 50.965202332 0.319132686 6.586783409
0.000000000 0.500000000 0.666666667 0.500000000 0.500000000 0.000000000 0.000000000 0.002926469 -0.991625165 -0.129116104 0.533877103 -0.107626660 0.838684530 -0.845557020 -0.071386516 0.529091004 50.856884003 0.335498661 6.582138538
0.000000000 0.500000000 0.666666667 0.500000000 0.500000000 0.000000000 0.000000000 0.008707848 -0.990184748 -0.139493146 0.517767444 -0.114877515 0.847773573 -0.855477088 -0.079607293 0.511685090 50.740222931 0.352258891 6.578335285
0.000000000 0.500000000 0.666666667 0.500000000 0.500000000 0.000000000 0.000000000 0.015724527 -0.988409272 -0.150996190 0.499634565 -0.123041795 0.857453216 -0.866093552 -0.088925962 0.491908663 50.615371704 0.370140970 6.574202061
0.000000000 0.500000000 0.666666667 0.500000000 0.500000000 0.000000000 0.000000000 0.023864426 -0.986296423 -0.163247831 0.479703580 -0.131969839 0.867449386 -0.877106017 -0.099011751 0.469980541 50.482196808 0.388401479 6.570797443
0.000000000 0.500000000 0.666666667 0.500000000 0.500000000 0.000000000 0.000000000 0.032997114 -0.983859378 -0.175874711 0.458209163 -0.141496016 0.877509681 -0.888231700 -0.109542691 0.446144422 50.340774536 0.407445669 6.567648888
0.000000000 0.500000000 0.666666667 0.500000000 0.500000000 0.000000000 0.000000000 0.042969534 -0.981129411 -0.188517104 0.435398221 -0.151440626 0.887408658 -0.899211882 -0.120211548 0.420674667 50.190986633 0.426475823 6.565514564
0.000000000 0.500000000 0.666666667 0.500000000 0.500000000 0.000000000 0.000000000 0.053605782 -0.978158782 -0.200827830 0.411527225 -0.161603066 0.896955847 -0.909819632 -0.130728139 0.393876111 50.032905579 0.445889264 6.564065456
0.000000000 0.500000000 0.666666667 0.500000000 0.500000000 0.000000000 0.000000000 0.064704030 -0.975020672 -0.212480770 0.386863751 -0.171766165 0.905998246 -0.919864026 -0.140822845 0.366086192 49.866413116 0.464718610 6.564374924
0.000000000 0.500000000 0.666666667 0.500000000 0.500000000 0.000000000 0.000000000 0.076038532 -0.971809176 -0.223170487 0.361682389 -0.181693002 0.914425231 -0.929195346 -0.150248387 0.337670596 49.691543579 0.482451767 6.567084312
0.000000000 0.500000000 0.666666667 0.500000000 0.500000000 0.000000000 0.000000000 0.087361878 -0.968636548 -0.232618013 0.336263935 -0.191130980 0.922168919 -0.937707027 -0.158783458 0.309019976 49.508300781 0.498565048 6.572857380
0.000000000 0.500000000 0.666666667 0.500000000 0.500000000 0.000000000 0.000000000 0.098405820 -0.965630934 -0.240568480 0.310891719 -0.199811191 0.929204944 -0.945337312 -0.166229923 0.280544077 49.316764832 0.512028158 6.582930565
0.000000000 0.500000000 0.666666667 0.500000000 0.500000000 0.000000000 0.000000000 0.108886139 -0.962931310 -0.246793638 0.285851809 -0.207452274 0.935549196 -0.952067514 -0.172414748 0.252666980 49.117122650 0.521756589 6.598642349
