0.000000000 0.384615385 0.666666667 0.384615385 0.500000000 0.000000000 0.000000000 -0.259787227 0.000000000 -0.965665883 43.423522949 0.965665883 0.000000000 -0.259787227 -0.006958008 0.000000000 1.000000000 0.000000000 -21.751998901
0.000000000 0.384615385 0.666666667 0.384615385 0.500000000 0.000000000 0.000000000 -0.286572785 0.000000000 -0.958058474 43.494628906 0.958058474 0.000000000 -0.286572785 -0.044755552 0.000000000 1.000000000 0.000000000 -21.989376068
0.000000000 0.384615385 0.666666667 0.384615385 0.500000000 0.000000000 0.000000000 -0.246865794 0.000000000 -0.969049679 43.509841919 0.969049679 0.000000000 -0.246865794 -0.042111814 0.000000000 1.000000000 0.000000000 -22.208549500
0.000000000 0.384615385 0.666666667 0.384615385 0.500000000 0.000000000 0.000000000 -0.187278351 0.000000000 -0.982306887 43.506782532 0.982306887 0.000000000 -0.187278351 -0.064078368 0.000000000 1.000000000 0.000000000 -22.356149673
0.000000000 0.384615385 0.666666667 0.384615385 0.500000000 0.000000000 0.000000000 -0.169567368 0.000000000 -0.985518598 43.557060242 0.985518598 0.000000000 -0.169567368 -0.059480436 0.000000000 1.000000000 0.000000000 -22.521869659
0.000000000 0.384615385 0.666666667 0.384615385 0.500000000 0.000000000 0.000000000 -0.075289333 0.000000000 -0.997161730 43.515552521 0.997161730 0.000000000 -0.075289333 0.056343839 0.000000000 1.000000000 0.000000000 -22.658334732
0.000000000 0.384615385 0.666666667 0.384615385 0.500000000 0.000000000 0.000000000 0.002897515 0.000000000 -0.999995802 43.438968658 0.999995802 0.000000000 0.002897515 -0.000214081 0.000000000 1.000000000 0.000000000 -22.933273315
0.000000000 0.384615385 0.666666667 0.384615385 0.500000000 0.000000000 0.000000000 0.003354511 0.000000000 -0.999994374 43.509662628 0.999994374 0.000000000 0.003354511 -0.035153806 0.000000000 1.000000000 0.000000000 -23.096752167
0.000000000 0.384615385 0.666666667 0.384615385 0.500000000 0.000000000 0.000000000 0.015104875 0.000000000 -0.999885915 43.497234344 0.999885915 0.000000000 0.015104875 -0.077106170 0.000000000 1.000000000 0.000000000 -23.273239136
0.000000000 0.384615385 0.666666667 0.384615385 0.500000000 0.000000000 0.000000000 0.024671151 0.000000000 -0.999695621 43.458362579 0.999695621 0.000000000 0.024671151 -0.035892181 0.000000000 1.000000000 0.000000000 -23.471706390
0.000000000 0.384615385 0.666666667 0.384615385 0.500000000 0.000000000 0.000000000 0.100616249 0.000000000 -0.994925309 43.452678680 0.994925309 0.000000000 0.100616249 -0.026460724 0.000000000 1.000000000 0.000000000 -23.601531982
0.000000000 0.384615385 0.666666667 0.384615385 0.500000000 0.000000000 0.000000000 0.122406442 0.000000000 -0.992480057 43.426952362 0.992480057 0.000000000 0.122406442 -0.049479216 0.000000000 1.000000000 0.000000000 -23.815372467
0.000000000 0.384615385 0.666666667 0.384615385 0.500000000 0.000000000 0.000000000 0.156682769 0.000000000 -0.987648981 43.431316376 0.987648981 0.000000000 0.156682769 0.006353302 0.000000000 1.000000000 0.000000000 -23.949745178
0.000000000 0.384615385 0.666666667 0.384615385 0.500000000 0.000000000 0.000000000 0.153758270 0.000000000 -0.988108493 43.363845825 0.988108493 0.000000000 0.153758270 -0.012667846 0.000000000 1.000000000 0.000000000 -24.113451004
0.000000000 0.384615385 0.666666667 0.384615385 0.500000000 0.000000000 0.000000000 0.148463109 0.000000000 -0.988917947 43.285469055 0.988917947 0.000000000 0.148463109 -0.035145264 0.000000000 1.000000000 0.000000000 -24.320930481
0.000000000 0.384615385 0.666666667 0.384615385 0.500000000 0.000000000 0.000000000 0.140899757 0.000000000 -0.990023868 43.246532440 0.990023868 0.000000000 0.140899757 -0.093516082 0.000000000 1.000000000 0.000000000 -24.561222076
0.000000000 0.384615385 0.666666667 0.384615385 0.500000000 0.000000000 0.000000000 0.128476453 0.000000000 -0.991712560 43.248142242 0.991712560 0.000000000 0.128476453 -0.055390015 0.000000000 1.000000000 0.000000000 -24.727506638
0.000000000 0.384615385 0.666666667 0.384615385 0.500000000 0.000000000 0.000000000 0.117728875 0.000000000 -0.993045775 43.219829559 0.993045775 0.000000000 0.117728875 -0.086377561 0.000000000 1.000000000 0.000000000 -24.913171768
0.000000000 0.384615385 0.666666667 0.384615385 0.500000000 0.000000000 0.000000000 0.109364562 0.000000000 -0.994001707 43.216457367 0.994001707 0.000000000 0.109364562 -0.026713867 0.000000000 1.000000000 0.000000000 -25.049198151
0.000000000 0.384615385 0.666666667 0.384615385 0.500000000 0.000000000 0.000000000 0.095147478 0.000000000 -0.995463187 43.215904236 0.995463187 0.000000000 0.095147478 -0.018292693 0.000000000 1.000000000 0.000000000 -25.206323624
0.000000000 0.384615385 0.666666667 0.384615385 0.500000000 0.000000000 0.000000000 0.079868266 0.000000000 -0.996805427 43.148551941 0.996805427 0.000000000 0.079868266 0.000550842 0.000000000 1.000000000 0.000000000 -25.388696671
0.000000000 0.384615385 0.666666667 0.384615385 0.500000000 0.000000000 0.000000000 0.063899464 0.000000000 -0.997956341 43.157825470 0.997956341 0.000000000 0.063899464 -0.067514949 0.000000000 1.000000000 0.000000000 -25.591396332
0.000000000 0.384615385 0.666666667 0.384615385 0.500000000 0.000000000 0.000000000 0.052276382 0.000000000 -0.998632655 43.180637360 0.998632655 0.000000000 0.052276382 -0.062814482 0.000000000 1.000000000 0.000000000 -25.784193039
0.000000000 0.384615385 0.666666667 0.384615385 0.500000000 0.000000000 0.000000000 0.033423903 0.000000000 -0.999441265 43.182182312 0.999441265 0.000000000 0.033423903 -0.019244995 0.000000000 1.000000000 0.000000000 -25.874298096
0.000000000 0.384615385 0.666666667 0.384615385 0.500000000 0.000000000 0.000000000 0.013887405 0.000000000 -0.999903565 43.164680481 0.999903565 0.000000000 0.013887405 -0.021960601 0.000000000 1.000000000 0.000000000 -26.045797348
0.000000000 0.384615385 0.666666667 0.384615385 0.500000000 0.000000000 0.000000000 -0.000532476 0.000000000 -0.999999858 43.226840973 0.999999858 0.000000000 -0.000532476 0.040778961 0.000000000 1.000000000 0.000000000 -26.199666977
0.000000000 0.384615385 0.666666667 0.384615385 0.500000000 0.000000000 0.000000000 -0.024302851 0.000000000 -0.999704642 43.178821564 0.999704642 0.000000000 -0.024302851 0.052464444 0.000000000 1.000000000 0.000000000 -26.337659836
0.000000000 0.384615385 0.666666667 0.384615385 0.500000000 0.000000000 0.000000000 -0.041145920 0.000000000 -0.999153148 43.198764801 0.999153148 0.000000000 -0.041145920 0.073738247 0.000000000 1.000000000 0.000000000 -26.513359070
0.000000000 0.384615385 0.666666667 0.384615385 0.500000000 0.000000000 0.000000000 -0.067923446 0.000000000 -0.997690536 43.166633606 0.997690536 0.000000000 -0.067923446 0.057534941 0.000000000 1.000000000 0.000000000 -26.678087234
0.000000000 0.384615385 0.666666667 0.384615385 0.500000000 0.000000000 0.000000000 -0.087167994 0.000000000 -0.996193626 43.190700531 0.996193626 0.000000000 -0.087167994 0.056051482 0.000000000 1.000000000 0.000000000 -26.860597610
0.000000000 0.384615385 0.666666667 0.384615385 0.500000000 0.000000000 0.000000000 -0.118130695 0.000000000 -0.992998056 43.209125519 0.992998056 0.000000000 -0.118130695 0.050232545 0.000000000 1.000000000 0.000000000 -26.971996307
0.000000000 0.384615385 0.666666667 0.384615385 0.500000000 0.000000000 0.000000000 -0.140320827 0.000000000 -0.990106088 43.199626923 0.990106088 0.000000000 -0.140320827 0.049488068 0.000000000 1.000000000 0.000000000 -27.153331757
0.000000000 0.384615385 0.666666667 0.384615385 0.500000000 0.000000000 0.000000000 -0.175977703 0.000000000 -0.984394153 43.314510345 0.984394153 0.000000000 -0.175977703 0.045012053 0.000000000 1.000000000 0.000000000 -27.329278946
0.000000000 0.384615385 0.666666667 0.384615385 0.500000000 0.000000000 0.000000000 -0.201478249 0.000000000 -0.979492989 43.289207458 0.979492989 0.000000000 -0.201478249 0.035209808 0.000000000 1.000000000 0.000000000 -27.475982666
0.000000000 0.384615385 0.666666667 0.384615385 0.500000000 0.000000000 0.000000000 -0.242812992 0.000000000 -0.970073116 43.279026031 0.970073116 0.000000000 -0.242812992 0.045067746 0.000000000 1.000000000 0.000000000 -27.628444672
0.000000000 0.384615385 0.666666667 0.384615385 0.500000000 0.000000000 0.000000000 -0.285494528 0.000000000 -0.958380339 43.405120850 0.958380339 0.000000000 -0.285494528 0.081286311 0.000000000 1.000000000 0.000000000 -27.783231735
0.000000000 0.384615385 0.666666667 0.384615385 0.500000000 0.000000000 0.000000000 -0.297662815 0.000000000 -0.954671068 43.430732727 0.954671068 0.000000000 -0.297662815 0.018892821 0.000000000 1.000000000 0.000000000 -27.977767944
0.000000000 0.384615385 0.666666667 0.384615385 0.500000000 0.000000000 0.000000000 -0.303352220 0.000000000 -0.952878497 43.542018890 0.952878497 0.000000000 -0.303352220 0.053869322 0.000000000 1.000000000 0.000000000 -28.041706085
0.000000000 0.384615385 0.666666667 0.384615385 0.500000000 0.000000000 0.000000000 -0.383306260 0.000000000 -0.923621303 43.552471161 0.923621303 0.000000000 -0.383306260 0.059663236 0.000000000 1.000000000 0.000000000 -28.288570404
0.000000000 0.384615385 0.666666667 0.384615385 0.500000000 0.000000000 0.000000000 -0.399061812 0.000000000 -0.916924026 43.632259369 0.916924026 0.000000000 -0.399061812 0.088831477 0.000000000 1.000000000 0.000000000 -28.401098251
0.000000000 0.384615385 0.666666667 0.384615385 0.500000000 0.000000000 0.000000000 -0.478665865 0.000000000 -0.877997147 43.714359283 0.877997147 0.000000000 -0.478665865 0.041730650 0.000000000 1.000000000 0.000000000 -28.552625656
0.000000000 0.384615385 0.666666667 0.384615385 0.500000000 0.000000000 0.000000000 -0.546425063 0.000000000 -0.837508001 43.826946259 0.837508001 0.000000000 -0.546425063 0.053273465 0.000000000 1.000000000 0.000000000 -28.671424866
0.000000000 0.384615385 0.666666667 0.384615385 0.500000000 0.000000000 0.000000000 -0.596587274 0.000000000 -0.802548207 43.930759430 0.802548207 0.000000000 -0.596587274 0.102405392 0.000000000 1.000000000 0.000000000 -28.839691162
0.000000000 0.384615385 0.666666667 0.384615385 0.500000000 0.000000000 0.000000000 -0.655562006 0.000000000 -0.755141349 44.005023956 0.755141349 0.000000000 -0.655562006 0.076406702 0.000000000 1.000000000 0.000000000 -28.874340057
0.000000000 0.384615385 0.666666667 0.384615385 0.500000000 0.000000000 0.000000000 -0.662067556 0.000000000 -0.749444162 44.120986938 0.749444162 0.000000000 -0.662067556 -0.009010925 0.000000000 1.000000000 0.000000000 -29.035369873
0.000000000 0.384615385 0.666666667 0.384615385 0.500000000 0.000000000 0.000000000 -0.697924233 0.000000000 -0.716171603 44.214725494 0.716171603 0.000000000 -0.697924233 0.070691071 0.000000000 1.000000000 0.000000000 -29.108646393
0.000000000 0.384615385 0.666666667 0.384615385 0.500000000 0.000000000 0.000000000 -0.739046005 0.000000000 -0.673654959 44.355781555 0.673654959 0.000000000 -0.739046005 0.061698150 0.000000000 1.000000000 0.000000000 -29.181034088
0.000000000 0.384615385 0.666666667 0.384615385 0.500000000 0.000000000 0.000000000 -0.757562219 0.000000000 -0.652762961 44.450115204 0.652762961 0.000000000 -0.757562219 0.077174678 0.000000000 1.000000000 0.000000000 -29.286251068
0.000000000 0.384615385 0.666666667 0.384615385 0.500000000 0.000000000 0.000000000 -0.803522086 0.000000000 -0.595274942 44.597370148 0.595274942 0.000000000 -0.803522086 0.077817380 0.000000000 1.000000000 0.000000000 -29.390417099
0.000000000 0.384615385 0.666666667 0.384615385 0.500000000 0.000000000 0.000000000 -0.822571121 0.000000000 -0.568662246 44.742622375 0.568662246 0.000000000 -0.822571121 0.087626949 0.000000000 1.000000000 0.000000000 -29.485719681
0.000000000 0.384615385 0.666666667 0.384615385 0.500000000 0.000000000 0.000000000 -0.869949583 0.000000000 -0.493140673 44.868549347 0.493140673 0.000000000 -0.869949583 0.073800355 0.000000000 1.000000000 0.000000000 -29.527471542
0.000000000 0.384615385 0.666666667 0.384615385 0.500000000 0.000000000 0.000000000 -0.877199224 0.000000000 -0.480126567 45.008979797 0.480126567 0.000000000 -0.877199224 0.060719907 0.000000000 1.000000000 0.000000000 -29.572572708
0.000000000 0.384615385 0.666666667 0.384615385 0.500000000 0.000000000 0.000000000 -0.877442900 0.000000000 -0.479681099 45.137622833 0.479681099 0.000000000 -0.877442900 0.033612821 0.000000000 1.000000000 0.000000000 -29.652015686
0.000000000 0.384615385 0.666666667 0.384615385 0.500000000 0.000000000 0.000000000 -0.879357369 0.000000000 -0.476162386 45.292186737 0.476162386 0.000000000 -0.879357369 0.124591060 0.000000000 1.000000000 0.000000000 -29.686269760
0.000000000 0.384615385 0.666666667 0.384615385 0.500000000 0.000000000 0.000000000 -0.913323354 0.000000000 -0.407235131 45.424072266 0.407235131 0.000000000 -0.913323354 0.041667022 0.000000000 1.000000000 0.000000000 -29.734910965
0.000000000 0.384615385 0.666666667 0.384615385 0.500000000 0.000000000 0.000000000 -0.933654430 0.000000000 -0.358175105 45.570529938 0.358175105 0.000000000 -0.933654430 0.043938596 0.000000000 1.000000000 0.000000000 -29.789457321
0.000000000 0.384615385 0.666666667 0.384615385 0.500000000 0.000000000 0.000000000 -0.959235618 0.000000000 -0.282607553 45.720752716 0.282607553 0.000000000 -0.959235618 0.065742947 0.000000000 1.000000000 0.000000000 -29.818365097
0.000000000 0.384615385 0.666666667 0.384615385 0.500000000 0.000000000 0.000000000 -0.971036021 0.000000000 -0.238933140 45.866680145 0.238933140 0.000000000 -0.971036021 0.048620757 0.000000000 1.000000000 0.000000000 -29.784259796
0.000000000 0.384615385 0.666666667 0.384615385 0.500000000 0.000000000 0.000000000 -0.981172316 0.000000000 -0.193134372 45.981105804 0.193134372 0.000000000 -0.981172316 0.075588837 0.000000000 1.000000000 0.000000000 -29.893896103
0.000000000 0.384615385 0.666666667 0.384615385 0.500000000 0.000000000 0.000000000 -0.984940854 0.000000000 -0.172891626 46.134353638 0.172891626 0.000000000 -0.984940854 0.044328917 0.000000000 1.000000000 0.000000000 -29.867361069
0.000000000 0.384615385 0.666666667 0.384615385 0.500000000 0.000000000 0.000000000 -0.987148528 0.000000000 -0.159805459 46.202026367 0.159805459 0.000000000 -0.987148528 0.038141936 0.000000000 1.000000000 0.000000000 -29.951686859
0.000000000 0.384615385 0.666666667 0.384615385 0.500000000 0.000000000 0.000000000 -0.991565146 0.000000000 -0.129609266 46.343181610 0.129609266 0.000000000 -0.991565146 0.023137970 0.000000000 1.000000000 0.000000000 -29.947198868
0.000000000 0.384615385 0.666666667 0.384615385 0.500000000 0.000000000 0.000000000 -0.992483220 0.000000000 -0.122380790 46.430854797 0.122380790 0.000000000 -0.992483220 0.050778959 0.000000000 1.000000000 0.000000000 -29.928493500
0.000000000 0.384615385 0.666666667 0.384615385 0.500000000 0.000000000 0.000000000 -0.994124856 0.000000000 -0.108239415 46.496448517 0.108239415 0.000000000 -0.994124856 0.034807585 0.000000000 1.000000000 0.000000000 -29.932374954
0.000000000 0.384615385 0.666666667 0.384615385 0.500000000 0.000000000 0.000000000 -0.994851674 0.000000000 -0.101341731 46.621196747 0.101341731 0.000000000 -0.994851674 0.044642486 0.000000000 1.000000000 0.000000000 -29.948270798
0.000000000 0.384615385 0.666666667 0.384615385 0.500000000 0.000000000 0.000000000 -0.996121424 0.000000000 -0.087989248 46.750267029 0.087989248 0.000000000 -0.996121424 0.080319516 0.000000000 1.000000000 0.000000000 -29.971117020
0.000000000 0.384615385 0.666666667 0.384615385 0.500000000 0.000000000 0.000000000 -0.997104426 0.000000000 -0.076044482 46.834270477 0.076044482 0.000000000 -0.997104426 0.057710264 0.000000000 1.000000000 0.000000000 -30.022909164
0.000000000 0.384615385 0.666666667 0.384615385 0.500000000 0.000000000 0.000000000 -0.997528764 0.000000000 -0.070259268 46.962951660 0.070259268 0.000000000 -0.997528764 0.061586913 0.000000000 1.000000000 0.000000000 -29.982242584
0.000000000 0.384615385 0.666666667 0.384615385 0.500000000 0.000000000 0.000000000 -0.998256762 0.000000000 -0.059020647 47.038043976 0.059020647 0.000000000 -0.998256762 0.082156524 0.000000000 1.000000000 0.000000000 -30.005025864
0.000000000 0.384615385 0.666666667 0.384615385 0.500000000 0.000000000 0.000000000 -0.998649081 0.000000000 -0.051961644 47.125904083 0.051961644 0.000000000 -0.998649081 0.061230313 0.000000000 1.000000000 0.000000000 -29.999521255
0.000000000 0.384615385 0.666666667 0.384615385 0.500000000 0.000000000 0.000000000 -0.999035337 0.000000000 -0.043913502 47.246276855 0.043913502 0.000000000 -0.999035337 0.066813961 0.000000000 1.000000000 0.000000000 -29.990373611
0.000000000 0.384615385 0.666666667 0.384615385 0.500000000 0.000000000 0.000000000 -0.999409737 0.000000000 -0.034353716 47.331977844 0.034353716 0.000000000 -0.999409737 0.072417602 0.000000000 1.000000000 0.000000000 -29.983785629
0.000000000 0.384615385 0.666666667 0.384615385 0.500000000 0.000000000 0.000000000 -0.999551166 0.000000000 -0.029957738 47.385791779 0.029957738 0.000000000 -0.999551166 0.078050837 0.000000000 1.000000000 0.000000000 -30.029066086
0.000000000 0.384615385 0.666666667 0.384615385 0.500000000 0.000000000 0.000000000 -0.999673012 0.000000000 -0.025570847 47.449634552 0.025570847 0.000000000 -0.999673012 0.060890350 0.000000000 1.000000000 0.000000000 -30.033082962
0.000000000 0.384615385 0.666666667 0.384615385 0.500000000 0.000000000 0.000000000 -0.999776334 0.000000000 -0.021149034 47.544204712 0.021149034 0.000000000 -0.999776334 0.044589691 0.000000000 1.000000000 0.000000000 -30.013578415
0.000000000 0.384615385 0.666666667 0.384615385 0.500000000 0.000000000 0.000000000 -0.999918416 0.000000000 -0.012773438 47.609676361 0.012773438 0.000000000 -0.999918416 0.036268309 0.000000000 1.000000000 0.000000000 -30.009243011
0.000000000 0.384615385 0.666666667 0.384615385 0.500000000 0.000000000 0.000000000 -0.999961326 0.000000000 -0.008794698 47.673377991 0.008794698 0.000000000 -0.999961326 0.043340757 0.000000000 1.000000000 0.000000000 -30.009450912
0.000000000 0.384615385 0.666666667 0.384615385 0.500000000 0.000000000 0.000000000 -0.999988647 0.000000000 -0.004765025 47.755954742 0.004765025 0.000000000 -0.999988647 0.045973968 0.000000000 1.000000000 0.000000000 -30.031715393
0.000000000 0.384615385 0.666666667 0.384615385 0.500000000 0.000000000 0.000000000 -0.999999763 0.000000000 -0.000688258 47.853591919 0.000688258 0.000000000 -0.999999763 0.045270689 0.000000000 1.000000000 0.000000000 -30.010560989
0.000000000 0.384615385 0.666666667 0.384615385 0.500000000 0.000000000 0.000000000 -0.999972446 0.000000000 0.007423358 47.977596283 -0.007423358 0.000000000 -0.999972446 0.020750578 0.000000000 1.000000000 0.000000000 -30.033905029
0.000000000 0.384615385 0.666666667 0.384615385 0.500000000 0.000000000 0.000000000 -0.999934340 0.000000000 0.011459287 48.059333801 -0.011459287 0.000000000 -0.999934340 0.064220272 0.000000000 1.000000000 0.000000000 -29.968263626