0.000000000 0.500000000 0.666666667 0.500000000 0.500000000 0.000000000 0.000000000 0.635117827 0.647510257 0.421136335 -0.278109496 -0.316956565 0.906748942 0.720611167 -0.693014432 -0.021226013 -33.022399902 3.441185951 10.523180962
0.000000000 0.500000000 0.666666667 0.500000000 0.500000000 0.000000000 0.000000000 0.641323091 0.635285623 0.430252100 -0.297244034 -0.311253999 0.902644411 0.707354704 -0.706776573 -0.010779515 -32.974021912 3.452689171 10.257339478
0.000000000 0.500000000 0.666666667 0.500000000 0.500000000 0.000000000 0.000000000 0.647117889 0.623967838 0.438066860 -0.313532160 -0.305950471 0.898939316 0.694935984 -0.719067762 -0.002352039 -32.929817200 3.461407423 9.991151810
0.000000000 0.500000000 0.666666667 0.500000000 0.500000000 0.000000000 0.000000000 0.652482521 0.613683708 0.444588423 -0.327053804 -0.301184711 0.895725169 0.683595179 -0.729849352 0.004189831 -32.885848999 3.470038414 9.725815773
0.000000000 0.500000000 0.666666667 0.500000000 0.500000000 0.000000000 0.000000000 0.657389011 0.604561637 0.449827650 -0.337886507 -0.297082751 0.893070293 0.673552074 -0.739085290 0.008974284 -32.842136383 3.478566170 9.461335182
0.000000000 0.500000000 0.666666667 0.500000000 0.500000000 0.000000000 0.000000000 0.661798834 0.596731266 0.453799625 -0.346103542 -0.293757371 0.891021293 0.665007249 -0.746738510 0.012122519 -32.815269470 3.475947142 9.195501328
0.000000000 0.500000000 0.666666667 0.500000000 0.500000000 0.000000000 0.000000000 0.665660224 0.590324835 0.456522788 -0.351771370 -0.291305662 0.889605483 0.658143883 -0.752766631 0.013748784 -32.789428711 3.472707987 8.930431366
0.000000000 0.500000000 0.666666667 0.500000000 0.500000000 0.000000000 0.000000000 0.668908380 0.585473890 0.458019546 -0.354947841 -0.289808125 0.888832538 0.653126029 -0.757120582 0.013957610 -32.763843536 3.469357252 8.666241646
0.000000000 0.500000000 0.666666667 0.500000000 0.500000000 0.000000000 0.000000000 0.671462013 0.582308844 0.458317767 -0.355681808 -0.289327835 0.888695592 0.650099390 -0.759740623 0.012844012 -32.738529205 3.465889215 8.402935982
0.000000000 0.500000000 0.666666667 0.500000000 0.500000000 0.000000000 0.000000000 0.673223459 0.580955218 0.457450772 -0.354010349 -0.289910189 0.889173074 0.649189377 -0.760554480 0.010489819 -32.713508606 3.462296724 8.140524864
0.000000000 0.500000000 0.666666667 0.500000000 0.500000000 0.000000000 0.000000000 0.674073747 0.581535579 0.455456864 -0.349959198 -0.291578585 0.890230582 0.650502224 -0.759472382 0.006968255 -32.688781738 3.458575964 7.878882885
0.000000000 0.500000000 0.666666667 0.500000000 0.500000000 0.000000000 0.000000000 0.673872585 0.584163123 0.452381680 -0.343541219 -0.294336686 0.891821364 0.654121678 -0.756385722 0.002338688 -32.664356232 3.454726458 7.618023395
0.000000000 0.500000000 0.666666667 0.500000000 0.500000000 0.000000000 0.000000000 0.672454787 0.588941568 0.448277134 -0.334756748 -0.298163591 0.893888356 0.660107930 -0.751163300 -0.003349370 -32.647327423 3.446131468 7.357517719
0.000000000 0.500000000 0.666666667 0.500000000 0.500000000 0.000000000 0.000000000 0.669627646 0.595961017 0.443203432 -0.323593823 -0.303013973 0.896364641 0.668495216 -0.743648437 -0.010057229 -32.631896973 3.436589956 7.097749710
0.000000000 0.500000000 0.666666667 0.500000000 0.500000000 0.000000000 0.000000000 0.665171178 0.605291632 0.437229166 -0.310028584 -0.308815391 0.899174806 0.679286082 -0.733658704 -0.017757390 -32.616790771 3.426947594 6.838824749
0.000000000 0.500000000 0.666666667 0.500000000 0.500000000 0.000000000 0.000000000 0.658834628 0.616980448 0.430432410 -0.294026163 -0.315466844 0.902235715 0.692448950 -0.720982522 -0.026432087 -32.602012634 3.417216778 6.580768108
0.000000000 0.500000000 0.666666667 0.500000000 0.500000000 0.000000000 0.000000000 0.650333129 0.631047117 0.422902303 -0.275543920 -0.322835748 0.905457137 0.707914098 -0.705376931 -0.036069586 -32.587562561 3.407415152 6.323611736
0.000000000 0.500000000 0.666666667 0.500000000 0.500000000 0.000000000 0.000000000 0.639350204 0.647474475 0.414738619 -0.254532155 -0.330755457 0.908743203 0.725565090 -0.686569466 -0.046665496 -32.573440552 3.397562742 6.067389011
0.000000000 0.500000000 0.666666667 0.500000000 0.500000000 0.000000000 0.000000000 0.625606425 0.668885041 0.401508907 -0.230986009 -0.332770889 0.914280591 0.745159087 -0.664722752 -0.053680520 -32.559978485 3.388467312 5.812078953
0.000000000 0.500000000 0.666666667 0.500000000 0.500000000 0.000000000 0.000000000 0.609086623 0.691905277 0.387660383 -0.205098455 -0.334749211 0.919716037 0.766125387 -0.639695281 -0.061982563 -32.546749115 3.379393816 5.557698727
0.000000000 0.500000000 0.666666667 0.500000000 0.500000000 0.000000000 0.000000000 0.589875647 0.715898183 0.373545863 -0.177135398 -0.336611566 0.924832798 0.787825978 -0.611704540 -0.071748056 -32.533672333 3.370353937 5.304222107
0.000000000 0.500000000 0.666666667 0.500000000 0.500000000 0.000000000 0.000000000 0.568102999 0.740269020 0.359528525 -0.147393561 -0.338284579 0.929429224 0.809650616 -0.581003719 -0.083069597 -32.520679474 3.361354828 5.051618576
0.000000000 0.500000000 0.666666667 0.500000000 0.500000000 0.000000000 0.000000000 0.543952495 0.764474619 0.345968555 -0.116200079 -0.339703194 0.933326996 0.831031423 -0.547887121 -0.095950389 -32.507694244 3.352406502 4.799849510
0.000000000 0.500000000 0.666666667 0.500000000 0.500000000 0.000000000 0.000000000 0.517668199 0.788029967 0.333209254 -0.083911693 -0.340813903 0.936378509 0.851456671 -0.512693529 -0.110303591 -32.495800018 3.342759371 4.548839092
0.000000000 0.500000000 0.666666667 0.500000000 0.500000000 0.000000000 0.000000000 0.489554698 0.810515311 0.321560459 -0.050909672 -0.341576631 0.938474086 0.870485154 -0.475804935 -0.125957376 -32.485759735 3.331870556 4.298512936
0.000000000 0.500000000 0.666666667 0.500000000 0.500000000 0.000000000 0.000000000 0.459976260 0.831579487 0.311283466 -0.017593570 -0.341967167 0.939547190 0.887756896 -0.437645990 -0.142666327 -32.475563049 3.321051598 4.048879147
0.000000000 0.500000000 0.666666667 0.500000000 0.500000000 0.000000000 0.000000000 0.429351654 0.850943078 0.302577321 0.015626242 -0.341978357 0.939577897 0.903002202 -0.398681178 -0.160126015 -32.465183258 3.310303211 3.799879074
0.000000000 0.500000000 0.666666667 0.500000000 0.500000000 0.000000000 0.000000000 0.398145810 0.868400726 0.295567408 0.048337787 -0.341620319 0.938594170 0.916047691 -0.359410261 -0.177991268 -32.454589844 3.299622774 3.551450014
0.000000000 0.500000000 0.666666667 0.500000000 0.500000000 0.000000000 0.000000000 0.366863442 0.883820195 0.290298258 0.080134254 -0.340920231 0.936670645 0.926816981 -0.320367383 -0.195895441 -32.443775177 3.289008141 3.303526640
0.000000000 0.500000000 0.666666667 0.500000000 0.500000000 0.000000000 0.000000000 0.336035643 0.897143112 0.286730332 0.110622411 -0.339920990 0.933925266 0.935330278 -0.282113377 -0.213469702 -32.432720184 3.278452635 3.056038856
0.000000000 0.500000000 0.666666667 0.500000000 0.500000000 0.000000000 0.000000000 0.306213322 0.908381088 0.284740583 0.139428349 -0.338679309 0.930513869 0.941696945 -0.245234834 -0.230362192 -32.420982361 3.267568827 2.799897432
0.000000000 0.500000000 0.666666667 0.500000000 0.500000000 0.000000000 0.000000000 0.277955246 0.917612329 0.284127602 0.166205304 -0.337263010 0.926622609 0.946106061 -0.210336101 -0.246256059 -32.408557892 3.256348133 2.535029173
0.000000000 0.500000000 0.666666667 0.500000000 0.500000000 0.000000000 0.000000000 0.251821073 0.924973476 0.284622937 0.190630177 -0.335748121 0.922460479 0.948813092 -0.178037267 -0.260876309 -32.395481110 3.244780779 2.261356115
0.000000000 0.500000000 0.666666667 0.500000000 0.500000000 0.000000000 0.000000000 0.228363314 0.930649826 0.285904001 0.212408792 -0.334215539 0.918249682 0.950122467 -0.148966017 -0.274000773 -32.381755829 3.232856989 1.978798747
0.000000000 0.500000000 0.666666667 0.500000000 0.500000000 0.000000000 0.000000000 0.208122519 0.934860401 0.287612669 0.231269007 -0.332747865 0.914217428 0.950368173 -0.123753337 -0.285456560 -32.367427826 3.220564604 1.687280178
0.000000000 0.500000000 0.666666667 0.500000000 0.500000000 0.000000000 0.000000000 0.191625103 0.937838933 0.289375111 0.246958552 -0.331426385 0.910586638 0.949890148 -0.103027600 -0.295116960 -32.352806091 3.208140850 1.392482877
0.000000000 0.500000000 0.666666667 0.500000000 0.500000000 0.000000000 0.000000000 0.179381956 0.939810158 0.290824655 0.259235739 -0.330327853 0.907568367 0.949009455 -0.087409245 -0.302887237 -32.338027954 3.195662737 1.096455097
0.000000000 0.500000000 0.666666667 0.500000000 0.500000000 0.000000000 0.000000000 0.171887957 0.940961386 0.291626816 0.267859882 -0.329521991 0.905354263 0.948000851 -0.077504370 -0.308686668 -32.324203491 3.182357073 0.799105227
0.000000000 0.500000000 0.666666667 0.500000000 0.500000000 0.000000000 0.000000000 0.169481579 0.942123664 0.289273221 0.272679754 -0.326887979 0.904870157 0.947059526 -0.074479873 -0.312299540 -32.311084747 3.168739557 0.500290513
0.000000000 0.500000000 0.666666667 0.500000000 0.500000000 0.000000000 0.000000000 0.171917738 0.942398190 0.286931948 0.273923246 -0.325513016 0.904990239 0.946261246 -0.076986545 -0.314106233 -32.298156738 3.155282497 0.207595214
0.000000000 0.500000000 0.666666667 0.500000000 0.500000000 0.000000000 0.000000000 0.178795912 0.941823182 0.284606950 0.271888448 -0.325300320 0.905680061 0.945573209 -0.084550550 -0.314233210 -32.285423279 3.141997099 -0.078927003
0.000000000 0.500000000 0.666666667 0.500000000 0.500000000 0.000000000 0.000000000 0.189698998 0.940376332 0.282323652 0.266854461 -0.326101430 0.906888391 0.944882525 -0.096696493 -0.312804734 -32.272884369 3.128902435 -0.359211415
0.000000000 0.500000000 0.666666667 0.500000000 0.500000000 0.000000000 0.000000000 0.204199246 0.937993641 0.280126039 0.259086565 -0.327735552 0.908550251 0.944021620 -0.112948383 -0.309944903 -32.260528564 3.116021633 -0.633200645
0.000000000 0.500000000 0.666666667 0.500000000 0.500000000 0.000000000 0.000000000 0.221857622 0.934589469 0.278067834 0.248842481 -0.329999387 0.910592018 0.942791926 -0.132826690 -0.305778442 -32.248348236 3.103378296 -0.900834918
0.000000000 0.500000000 0.666666667 0.500000000 0.500000000 0.000000000 0.000000000 0.242225068 0.930179779 0.275848863 0.236379851 -0.332327537 0.913062415 0.940984369 -0.155961493 -0.300373818 -32.236343384 3.091045141 -1.162069082
0.000000000 0.500000000 0.666666667 0.500000000 0.500000000 0.000000000 0.000000000 0.264842975 0.924984919 0.272508895 0.221961701 -0.333488585 0.916252349 0.938398211 -0.182176460 -0.293633335 -32.224544525 3.079174519 -1.416878581
0.000000000 0.500000000 0.666666667 0.500000000 0.500000000 0.000000000 0.000000000 0.289248106 0.918516688 0.269560061 0.205859044 -0.334694623 0.919565965 0.934856988 -0.210491337 -0.285894753 -32.212886810 3.067616224 -1.665142775
0.000000000 0.500000000 0.666666667 0.500000000 0.500000000 0.000000000 0.000000000 0.314974628 0.910714808 0.267188179 0.188354176 -0.335898353 0.922873231 0.930222386 -0.240355643 -0.277336396 -32.201362610 3.056375742 -1.906791925
0.000000000 0.500000000 0.666666667 0.500000000 0.500000000 0.000000000 0.000000000 0.341558275 0.901569349 0.265538421 0.169741616 -0.337056934 0.926056373 0.924405608 -0.271229297 -0.268158424 -32.189971924 3.045458078 -2.141758919
0.000000000 0.500000000 0.666666667 0.500000000 0.500000000 0.000000000 0.000000000 0.368544519 0.891125561 0.264707712 0.150326942 -0.338133512 0.929014283 0.917374922 -0.302590421 -0.258577433 -32.178726196 3.034867763 -2.369977951
0.000000000 0.500000000 0.666666667 0.500000000 0.500000000 0.000000000 0.000000000 0.395489293 0.879488369 0.264742192 0.130425844 -0.339098607 0.931665838 0.909162977 -0.333934639 -0.248817881 -32.167625427 3.024608612 -2.591387987
0.000000000 0.500000000 0.666666667 0.500000000 0.500000000 0.000000000 0.000000000 0.421971249 0.866820932 0.265634593 0.110360908 -0.339930929 0.933952586 0.899867065 -0.364785465 -0.239104224 -32.156703949 3.014683723 -2.805926561
0.000000000 0.500000000 0.666666667 0.500000000 0.500000000 0.000000000 0.000000000 0.447591315 0.853345111 0.267327771 0.090458801 -0.340617896 0.935840079 0.889651179 -0.394691742 -0.229650188 -32.145977020 3.005094528 -3.013537645
0.000000000 0.500000000 0.666666667 0.500000000 0.500000000 0.000000000 0.000000000 0.471978461 0.839337881 0.269718841 0.071047027 -0.341155807 0.937318001 0.878742654 -0.423231186 -0.220650654 -32.135555267 2.995787382 -3.214172363
0.000000000 0.500000000 0.666666667 0.500000000 0.500000000 0.000000000 0.000000000 0.494794932 0.825125310 0.272664991 0.052450846 -0.341549343 0.938399145 0.867425434 -0.450013632 -0.212275405 -32.125972748 2.986363411 -3.407779455
0.000000000 0.500000000 0.666666667 0.500000000 0.500000000 0.000000000 0.000000000 0.515731563 0.811078647 0.275993449 0.034989479 -0.341810725 0.939117226 0.856035450 -0.474675528 -0.204661798 -32.116687775 2.977292061 -3.594313860
0.000000000 0.500000000 0.666666667 0.500000000 0.500000000 0.000000000 0.000000000 0.534513511 0.797602769 0.279508729 0.018974403 -0.341958545 0.939523457 0.844946909 -0.496884470 -0.197915499 -32.107753754 2.968570232 -3.773731709
0.000000000 0.500000000 0.666666667 0.500000000 0.500000000 0.000000000 0.000000000 0.550888521 0.785131441 0.283002575 0.004711117 -0.342016340 0.939682196 0.834565541 -0.516326877 -0.192111722 -32.099227905 2.960194826 -3.945997238
0.000000000 0.500000000 0.666666667 0.500000000 0.500000000 0.000000000 0.000000000 0.564704593 0.774540772 0.284947915 -0.007572000 -0.340391708 0.940253237 0.825258376 -0.533122948 -0.186355938 -32.091213226 2.952365637 -4.111121654
0.000000000 0.500000000 0.666666667 0.500000000 0.500000000 0.000000000 0.000000000 0.576117593 0.765414737 0.286755643 -0.017923714 -0.338913754 0.940646697 0.817170276 -0.547062837 -0.181535101 -32.083663940 2.944853544 -4.269080639
0.000000000 0.500000000 0.666666667 0.500000000 0.500000000 0.000000000 0.000000000 0.585344965 0.757761617 0.288389674 -0.026460180 -0.337649105 0.940900069 0.810352473 -0.558381961 -0.177590695 -32.076572418 2.937649727 -4.419904709
0.000000000 0.500000000 0.666666667 0.500000000 0.500000000 0.000000000 0.000000000 0.592585338 0.751562020 0.289822612 -0.033296620 -0.336638904 0.941044942 0.804819205 -0.567299548 -0.174462804 -32.069961548 2.930762529 -4.563364029
0.000000000 0.500000000 0.666666667 0.500000000 0.500000000 0.000000000 0.000000000 0.598019798 0.746773101 0.291036520 -0.038545592 -0.335905719 0.941106575 0.800553907 -0.574018539 -0.172093459 -32.063808441 2.924188852 -4.699484825
0.000000000 0.500000000 0.666666667 0.500000000 0.500000000 0.000000000 0.000000000 0.601815008 0.743332123 0.292020633 -0.042318198 -0.335454941 0.941105283 0.797513552 -0.578729071 -0.170425342 -32.058120728 2.917927742 -4.828288555
0.000000000 0.500000000 0.666666667 0.500000000 0.500000000 0.000000000 0.000000000 0.604124482 0.741160824 0.292769948 -0.044722532 -0.335278423 0.941056998 0.795634027 -0.581608985 -0.169403315 -32.052871704 2.911980629 -4.949799538
0.000000000 0.500000000 0.666666667 0.500000000 0.500000000 0.000000000 0.000000000 0.605090228 0.740169296 0.293283532 -0.045864705 -0.335355751 0.940974468 0.794834728 -0.582825818 -0.168972842 -32.048069000 2.906349420 -5.064040184
0.000000000 0.500000000 0.666666667 0.500000000 0.500000000 0.000000000 0.000000000 0.604845422 0.740257925 0.293564678 -0.045849328 -0.335658234 0.940867360 0.795021921 -0.582539058 -0.169081018 -32.043689728 2.901038408 -5.171025276
0.000000000 0.500000000 0.666666667 0.500000000 0.500000000 0.000000000 0.000000000 0.603516714 0.741320390 0.293618213 -0.044779696 -0.336149081 0.940743628 0.796091926 -0.580902637 -0.169675487 -32.039718628 2.896052122 -5.270778656
0.000000000 0.500000000 0.666666667 0.500000000 0.500000000 0.000000000 0.000000000 0.601225944 0.743245049 0.293452144 -0.042758646 -0.336788172 0.940609071 0.797934247 -0.578066193 -0.170705635 -32.036148071 2.891395569 -5.363317967
0.000000000 0.500000000 0.666666667 0.500000000 0.500000000 0.000000000 0.000000000 0.598091913 0.745917517 0.293075281 -0.039888511 -0.337532061 0.940468508 0.800434238 -0.574176946 -0.172121657 -32.032958984 2.887073517 -5.448661804
0.000000000 0.500000000 0.666666667 0.500000000 0.500000000 0.000000000 0.000000000 0.594231936 0.749222549 0.292496118 -0.036272070 -0.338334522 0.940326586 0.803475415 -0.569381527 -0.173873325 -32.030139923 2.883092165 -5.526825905
0.000000000 0.500000000 0.666666667 0.500000000 0.500000000 0.000000000 0.000000000 0.589763526 0.753044413 0.291724349 -0.032012243 -0.339151064 0.940187094 0.806941261 -0.563826807 -0.175912287 -32.027675629 2.879457712 -5.597834110
0.000000000 0.500000000 0.666666667 0.500000000 0.500000000 0.000000000 0.000000000 0.584805190 0.757269552 0.290767461 -0.027212828 -0.339935947 0.940054793 0.810717184 -0.557661526 -0.178188860 -32.025550842 2.876174450 -5.661699295
0.000000000 0.500000000 0.666666667 0.500000000 0.500000000 0.000000000 0.000000000 0.579477562 0.761786100 0.289633724 -0.021978266 -0.340647719 0.939934087 0.814691789 -0.551036360 -0.180654972 -32.023754120 2.873248816 -5.718442440
0.000000000 0.500000000 0.666666667 0.500000000 0.500000000 0.000000000 0.000000000 0.573904009 0.766485732 0.288329343 -0.016414389 -0.341246336 0.939830573 0.818758057 -0.544105284 -0.183261246 -32.022388458 2.870829105 -5.765175819
0.000000000 0.500000000 0.666666667 0.500000000 0.500000000 0.000000000 0.000000000 0.568211067 0.771263890 0.286859189 -0.010627524 -0.341695529 0.939750616 0.822814219 -0.537025304 -0.185958556 -32.021442413 2.868919373 -5.801913738
0.000000000 0.500000000 0.666666667 0.500000000 0.500000000 0.000000000 0.000000000 0.562529168 0.776019843 0.285226469 -0.004724835 -0.341962797 0.939701613 0.826763939 -0.529957214 -0.188697482 -32.020900726 2.867523432 -5.828676701
0.000000000 0.500000000 0.666666667 0.500000000 0.500000000 0.000000000 0.000000000 0.556991898 0.780657192 0.283433192 0.001185632 -0.342019883 0.939691968 0.830517080 -0.523064765 -0.191427875 -32.020755768 2.866645813 -5.845490456
0.000000000 0.500000000 0.666666667 0.500000000 0.500000000 0.000000000 0.000000000 0.551724001 0.785088685 0.281489579 0.006996594 -0.341851575 0.939727912 0.833997407 -0.516500975 -0.194100665 -32.020992279 2.866287231 -5.852367878
0.000000000 0.500000000 0.666666667 0.500000000 0.500000000 0.000000000 0.000000000 0.546806258 0.789247280 0.279448829 0.012597467 -0.341483942 0.939803182 0.837164393 -0.510369914 -0.196668073 -32.020832062 2.865517139 -5.868158817
0.000000000 0.500000000 0.666666667 0.500000000 0.500000000 0.000000000 0.000000000 0.542307900 0.793073808 0.277373533 0.017880589 -0.340955378 0.939909418 0.839989540 -0.504760700 -0.199083422 -32.020267487 2.864331245 -5.892873287
