0.000000000 0.500000000 0.666666667 0.500000000 0.500000000 0.000000000 0.000000000 -0.504090967 0.863650564 0.000000000 -0.000000000 -0.000000000 1.000000000 0.863650564 0.504090967 0.000000000 2.067958832 2.798284769 -3.326301098
0.000000000 0.500000000 0.666666667 0.500000000 0.500000000 0.000000000 0.000000000 -0.502117236 0.864794626 0.002921589 -0.000725865 -0.003799788 0.999992517 0.864799257 0.502111358 0.002535663 2.079265118 2.778315306 -3.465314865
0.000000000 0.500000000 0.666666667 0.500000000 0.500000000 0.000000000 0.000000000 -0.500876010 0.865498561 0.005955145 -0.000546813 -0.007196864 0.999973953 0.865518876 0.500859707 0.004078002 2.089858293 2.759699106 -3.594953537
0.000000000 0.500000000 0.666666667 0.500000000 0.500000000 0.000000000 0.000000000 -0.500235813 0.865841634 0.009077211 0.000380832 -0.010263108 0.999947260 0.865889131 0.500212887 0.004804234 2.099958420 2.742373705 -3.715207338
0.000000000 0.500000000 0.666666667 0.500000000 0.500000000 0.000000000 0.000000000 -0.500064973 0.865900986 0.012268086 0.001899365 -0.013069866 0.999912782 0.865985806 0.500044659 0.004891120 2.109326124 2.726384878 -3.826120615
0.000000000 0.500000000 0.666666667 0.500000000 0.500000000 0.000000000 0.000000000 -0.500231947 0.865752559 0.015508249 0.003848792 -0.015686858 0.999869546 0.865882894 0.500226378 0.004514966 2.118088245 2.711689949 -3.927687883
0.000000000 0.500000000 0.666666667 0.500000000 0.500000000 0.000000000 0.000000000 -0.500606388 0.865471286 0.018780258 0.006069307 -0.018184859 0.999816220 0.865653746 0.500628369 0.003850646 2.126279354 2.698272705 -4.019926548
0.000000000 0.500000000 0.666666667 0.500000000 0.500000000 0.000000000 0.000000000 -0.501058554 0.865132065 0.022064360 0.008398447 -0.020633579 0.999751830 0.865372632 0.501119512 0.003072866 2.133654833 2.686177254 -4.102878094
0.000000000 0.500000000 0.666666667 0.500000000 0.500000000 0.000000000 0.000000000 -0.501460719 0.864809172 0.025342516 0.010674812 -0.023104875 0.999676054 0.865114557 0.501568799 0.002354512 2.140209913 2.675396681 -4.176559925
0.000000000 0.500000000 0.666666667 0.500000000 0.500000000 0.000000000 0.000000000 -0.501685297 0.864577433 0.028595895 0.012735959 -0.025671163 0.999589309 0.864956448 0.501843456 0.001867622 2.146240234 2.665847063 -4.240947247
0.000000000 0.500000000 0.666666667 0.500000000 0.500000000 0.000000000 0.000000000 -0.501607048 0.864510778 0.031803844 0.014417321 -0.028404360 0.999492538 0.864975439 0.501811028 0.001783898 2.151406288 2.657599449 -4.296096325
0.000000000 0.500000000 0.666666667 0.500000000 0.500000000 0.000000000 0.000000000 -0.501100737 0.864682976 0.034948568 0.015555962 -0.031378002 0.999386528 0.865249134 0.501336984 0.002272565 2.155673742 2.650650501 -4.342036247
0.000000000 0.500000000 0.666666667 0.500000000 0.500000000 0.000000000 0.000000000 -0.500042722 0.865166108 0.038011609 0.015985210 -0.034664576 0.999271155 0.865853191 0.500285892 0.003503907 2.159038067 2.644991398 -4.378774166
0.000000000 0.500000000 0.666666667 0.500000000 0.500000000 0.000000000 0.000000000 -0.498307771 0.866031332 0.040976782 0.015538386 -0.038334425 0.999144149 0.866860960 0.498518007 0.005645612 2.161486864 2.640613318 -4.406332970
0.000000000 0.500000000 0.666666667 0.500000000 0.500000000 0.000000000 0.000000000 -0.495771862 0.867345978 0.043831669 0.014045048 -0.042456736 0.998999581 0.868339218 0.495891500 0.008866939 2.163012743 2.637507916 -4.424728870
0.000000000 0.500000000 0.666666667 0.500000000 0.500000000 0.000000000 0.000000000 -0.492308093 0.869174391 0.046568445 0.011334169 -0.047095123 0.998826104 0.870347217 0.492257989 0.013333941 2.163605928 2.635667086 -4.433979511
0.000000000 0.500000000 0.666666667 0.500000000 0.500000000 0.000000000 0.000000000 -0.487787215 0.871575829 0.049185444 0.007230418 -0.052307460 0.998604852 0.872932617 0.487462311 0.019213052 2.164736271 2.632823944 -4.449862957
0.000000000 0.500000000 0.666666667 0.500000000 0.500000000 0.000000000 0.000000000 -0.482078362 0.874602051 0.051688533 0.001553156 -0.058143339 0.998307037 0.876126726 0.481342501 0.026671252 2.166391611 2.628974438 -4.472392559
0.000000000 0.500000000 0.666666667 0.500000000 0.500000000 0.000000000 0.000000000 -0.475044263 0.878297597 0.054095087 -0.005881275 -0.064641959 0.997891190 0.879942247 0.473724337 0.035873301 2.168596029 2.624106407 -4.501589298
0.000000000 0.500000000 0.666666667 0.500000000 0.500000000 0.000000000 0.000000000 -0.466545532 0.882694921 0.056435292 -0.015260815 -0.071828662 0.997300231 0.884365520 0.464424719 0.046981985 2.171503782 2.618178129 -4.537458420
0.000000000 0.500000000 0.666666667 0.500000000 0.500000000 0.000000000 0.000000000 -0.456435418 0.887814490 0.058754924 -0.026778958 -0.079712247 0.996458150 0.889353471 0.453245397 0.060158240 2.174963236 2.611223698 -4.580041408
0.000000000 0.500000000 0.666666667 0.500000000 0.500000000 0.000000000 0.000000000 -0.444609097 0.893636695 0.061124525 -0.040571986 -0.088261955 0.995270687 0.894805378 0.440026458 0.075498684 2.178981781 2.603246927 -4.629355431
0.000000000 0.500000000 0.666666667 0.500000000 0.500000000 0.000000000 0.000000000 -0.431144900 0.900034238 0.063658823 -0.056529761 -0.097359224 0.993642575 0.900510112 0.424805311 0.092854653 2.183571816 2.594263315 -4.685400486
0.000000000 0.500000000 0.666666667 0.500000000 0.500000000 0.000000000 0.000000000 -0.416170706 0.906852872 0.066481667 -0.074475165 -0.106863707 0.991480508 0.906231424 0.407673910 0.112011562 2.188754797 2.584289551 -4.748161316
0.000000000 0.500000000 0.666666667 0.500000000 0.500000000 0.000000000 0.000000000 -0.399822749 0.913937668 0.069711607 -0.094224060 -0.116634274 0.988695238 0.911736583 0.388734337 0.132747953 2.194548369 2.573342800 -4.817626953
0.000000000 0.500000000 0.666666667 0.500000000 0.500000000 0.000000000 0.000000000 -0.382244390 0.921136666 0.073460658 -0.115583658 -0.126533926 0.985205351 0.916804038 0.368098367 0.154835229 2.201267004 2.561370850 -4.893742561
0.000000000 0.500000000 0.666666667 0.500000000 0.500000000 0.000000000 0.000000000 -0.363589367 0.928302259 0.077831153 -0.138352049 -0.136433023 0.980940743 0.921228247 0.345891524 0.178038116 2.208847523 2.548407555 -4.976503849
0.000000000 0.500000000 0.666666667 0.500000000 0.500000000 0.000000000 0.000000000 -0.344021405 0.935294033 0.082911666 -0.162319126 -0.146210969 0.975845712 0.924825267 0.322253664 0.202115813 2.217136145 2.534509182 -5.065920353
0.000000000 0.500000000 0.666666667 0.500000000 0.500000000 0.000000000 0.000000000 -0.323714289 0.941980688 0.088777487 -0.187266384 -0.155761605 0.969881242 0.927437524 0.297339378 0.226823575 2.226152182 2.519690990 -5.161965370
0.000000000 0.500000000 0.666666667 0.500000000 0.500000000 0.000000000 0.000000000 -0.302850333 0.948242629 0.095486088 -0.212969131 -0.164993083 0.963027223 0.928938009 0.271317526 0.251914618 2.236142635 2.503905058 -5.264589787
0.000000000 0.500000000 0.666666667 0.500000000 0.500000000 0.000000000 0.000000000 -0.281619871 0.953973433 0.103077336 -0.239197786 -0.173831829 0.955283683 0.929233376 0.244370997 0.277142831 2.247321844 2.487114191 -5.373737812
0.000000000 0.500000000 0.666666667 0.500000000 0.500000000 0.000000000 0.000000000 -0.260220003 0.959081415 0.111572350 -0.265719746 -0.182224342 0.946671699 0.928266431 0.216695936 0.302265289 2.259301662 2.469420195 -5.489445686
0.000000000 0.500000000 0.666666667 0.500000000 0.500000000 0.000000000 0.000000000 -0.238849845 0.963491814 0.120972211 -0.292301998 -0.190137107 0.937233921 0.926018517 0.188497758 0.327044801 2.272097111 2.450827599 -5.611684322
0.000000000 0.500000000 0.666666667 0.500000000 0.500000000 0.000000000 0.000000000 -0.217712112 0.967146418 0.131260211 -0.318714114 -0.197561112 0.927033398 0.922508943 0.159991917 0.351254660 2.286301136 2.431193829 -5.740339279
0.000000000 0.500000000 0.666666667 0.500000000 0.500000000 0.000000000 0.000000000 -0.197006558 0.970005516 0.142399842 -0.344728927 -0.204508178 0.916154120 0.917796482 0.131399025 0.374678413 2.301550150 2.410609722 -5.875439167
0.000000000 0.500000000 0.666666667 0.500000000 0.500000000 0.000000000 0.000000000 -0.176930471 0.972047014 0.154337979 -0.370127409 -0.211014572 0.904698045 0.911976595 0.102943935 0.397116150 2.317663431 2.389111280 -6.016984940
0.000000000 0.500000000 0.666666667 0.500000000 0.500000000 0.000000000 0.000000000 -0.157674670 0.973266717 0.167004781 -0.394697794 -0.217137990 0.892784826 0.905180838 0.074853134 0.418383387 2.335016966 2.366603374 -6.164889813
0.000000000 0.500000000 0.666666667 0.500000000 0.500000000 0.000000000 0.000000000 -0.139420965 0.973677143 0.180318094 -0.418238361 -0.222958971 0.880548676 0.897573656 0.047351002 0.438314288 2.353725433 2.343046904 -6.319101334
0.000000000 0.500000000 0.666666667 0.500000000 0.500000000 0.000000000 0.000000000 -0.122342826 0.973306539 0.194181908 -0.440558712 -0.228577064 0.868136249 0.889348219 0.020661710 0.456763439 2.373334885 2.318537474 -6.479667664
0.000000000 0.500000000 0.666666667 0.500000000 0.500000000 0.000000000 0.000000000 -0.106599753 0.972196790 0.208494350 -0.461478765 -0.234111987 0.855703761 0.880723476 -0.004997905 0.473604454 2.393969774 2.293060780 -6.646545410
0.000000000 0.500000000 0.666666667 0.500000000 0.500000000 0.000000000 0.000000000 -0.092339804 0.970402003 0.223144153 -0.480829700 -0.239697293 0.843414493 0.871938163 -0.029413608 0.488731705 2.415878773 2.266597748 -6.819672585
0.000000000 0.500000000 0.666666667 0.500000000 0.500000000 0.000000000 0.000000000 -0.079681210 0.967993161 0.237991899 -0.498479118 -0.245448725 0.831428585 0.863231993 -0.052384756 0.502082029 2.438691378 2.239136934 -6.999069691
0.000000000 0.500000000 0.666666667 0.500000000 0.500000000 0.000000000 0.000000000 -0.069336230 0.964743893 0.253893103 -0.499999975 -0.253838219 0.827989242 0.863245337 -0.069536893 0.499972107 2.462477922 2.210415602 -7.184194088
0.000000000 0.500000000 0.666666667 0.500000000 0.500000000 0.000000000 0.000000000 -0.060471545 0.961189581 0.269179832 -0.500000003 -0.262570047 0.825261757 0.863911563 -0.084685063 0.496472810 2.487292528 2.180830002 -7.375527382
0.000000000 0.500000000 0.666666667 0.500000000 0.500000000 0.000000000 0.000000000 -0.053057886 0.957477728 0.283586426 -0.499999972 -0.271296309 0.822434399 0.864398570 -0.098156575 0.493133246 2.512956381 2.150275230 -7.573100567
0.000000000 0.500000000 0.666666667 0.500000000 0.500000000 0.000000000 0.000000000 -0.047138172 0.953720241 0.296977598 -0.500000037 -0.279909146 0.819543063 0.864741554 -0.109857049 0.490054562 2.539413929 2.118940592 -7.776938438
0.000000000 0.500000000 0.666666667 0.500000000 0.500000000 0.000000000 0.000000000 -0.042745209 0.950031246 0.309214292 -0.500000031 -0.288292433 0.816631767 0.864969835 -0.119700060 0.487338773 2.566630840 2.086931467 -7.987043381
0.000000000 0.500000000 0.666666667 0.500000000 0.500000000 0.000000000 0.000000000 -0.039905794 0.946574482 0.320006685 -0.500000025 -0.296198130 0.813797667 0.865105487 -0.127528108 0.485107286 2.594648361 2.054024696 -8.203349113
0.000000000 0.500000000 0.666666667 0.500000000 0.500000000 0.000000000 0.000000000 -0.038636261 0.946386333 0.320718175 -0.499999819 -0.296198134 0.813797792 0.865163233 -0.128916925 0.484636984 2.622722149 2.021726370 -8.425441742
0.000000000 0.500000000 0.666666667 0.500000000 0.500000000 0.000000000 0.000000000 -0.038947685 0.946432672 0.320543719 -0.500000030 -0.296198117 0.813797669 0.865149147 -0.128576334 0.484752596 2.651479483 1.988649249 -8.653810501
0.000000000 0.500000000 0.666666667 0.500000000 0.500000000 0.000000000 0.000000000 -0.040845744 0.946712504 0.319479356 -0.499999986 -0.296198093 0.813797704 0.865061639 -0.126499501 0.485454671 2.680668831 1.955068588 -8.888527870
0.000000000 0.500000000 0.666666667 0.500000000 0.500000000 0.000000000 0.000000000 -0.044333306 0.947214841 0.317519453 -0.499999817 -0.296198141 0.813797791 0.864890017 -0.122681322 0.486738690 2.710056066 1.921280146 -9.129662514
0.000000000 0.500000000 0.666666667 0.500000000 0.500000000 0.000000000 0.000000000 -0.049412350 0.947919047 0.314655207 -0.500000015 -0.296198131 0.813797673 0.864614599 -0.117115953 0.488595383 2.739870548 1.886952162 -9.377138138
0.000000000 0.500000000 0.666666667 0.500000000 0.500000000 0.000000000 0.000000000 -0.056085183 0.948794880 0.310874134 -0.500000011 -0.296198102 0.813797686 0.864207406 -0.109795079 0.491009776 2.769174814 1.853114247 -9.631205559
0.000000000 0.500000000 0.666666667 0.500000000 0.500000000 0.000000000 0.000000000 -0.064359126 0.949802888 0.306157437 -0.500000008 -0.296198069 0.813797700 0.863630647 -0.100703412 0.493964501 2.798447132 1.819202542 -9.891711235
0.000000000 0.500000000 0.666666667 0.500000000 0.500000000 0.000000000 0.000000000 -0.074249315 0.950894269 0.300478165 -0.499999789 -0.296198140 0.813797808 0.862836746 -0.089815089 0.497439443 2.826567411 1.786376357 -10.158930779
0.000000000 0.500000000 0.666666667 0.500000000 0.500000000 0.000000000 0.000000000 -0.085778356 0.952010056 0.293800829 -0.499999999 -0.296198143 0.813797679 0.861766833 -0.077094187 0.501412416 2.852526903 1.755577326 -10.433010101
0.000000000 0.500000000 0.666666667 0.500000000 0.500000000 0.000000000 0.000000000 -0.098981721 0.953080225 0.286078144 -0.500000024 -0.296198138 0.813797665 0.860350275 -0.062487986 0.505858336 2.876545429 1.727159023 -10.713923454
0.000000000 0.500000000 0.666666667 0.500000000 0.500000000 0.000000000 0.000000000 -0.113908823 0.954021738 0.277249532 -0.499999970 -0.296198116 0.813797706 0.858501491 -0.045926019 0.510750419 2.898459434 1.702813387 -11.001774788
0.000000000 0.500000000 0.666666667 0.500000000 0.500000000 0.000000000 0.000000000 -0.130623334 0.954735745 0.267239969 -0.499999980 -0.296198123 0.813797697 0.856117728 -0.027319011 0.516058240 2.919951200 1.684007168 -11.296427727
0.000000000 0.500000000 0.666666667 0.500000000 0.500000000 0.000000000 0.000000000 -0.149204729 0.955104024 0.255957521 -0.500000031 -0.296198107 0.813797672 0.853075564 -0.006556308 0.521746200 2.943212748 1.671513319 -11.581879616
0.000000000 0.500000000 0.666666667 0.500000000 0.500000000 0.000000000 0.000000000 -0.171727807 0.958003474 0.229649526 -0.481491478 -0.284992651 0.828821540 0.859462342 0.031757416 0.510211671 2.971000910 1.664949656 -11.855727196
0.000000000 0.500000000 0.666666667 0.500000000 0.500000000 0.000000000 0.000000000 -0.196543579 0.959830150 0.200241617 -0.461426597 -0.270741746 0.844857622 0.865133583 0.073654533 0.496103712 3.005087852 1.661104679 -12.119333267
0.000000000 0.500000000 0.666666667 0.500000000 0.500000000 0.000000000 0.000000000 -0.223385539 0.960069931 0.168418018 -0.440128788 -0.253517205 0.861403318 0.869704290 0.118299426 0.479186492 3.046171904 1.658175588 -12.372458458
0.000000000 0.500000000 0.666666667 0.500000000 0.500000000 0.000000000 0.000000000 -0.251944246 0.958295207 0.134886594 -0.417926266 -0.233457096 0.877972335 0.872846913 0.164827427 0.459314909 3.092658520 1.654858112 -12.615197182
0.000000000 0.500000000 0.666666667 0.500000000 0.500000000 0.000000000 0.000000000 -0.281865573 0.954189522 0.100370088 -0.395143436 -0.210775098 0.894111583 0.874307419 0.212358692 0.436451971 3.141489267 1.651193500 -12.848129272
0.000000000 0.500000000 0.666666667 0.500000000 0.500000000 0.000000000 0.000000000 -0.312755605 0.947566092 0.065592929 -0.372091985 -0.185765572 0.909416685 0.873917322 0.260018563 0.410680972 3.192885637 1.646881103 -13.071271896
0.000000000 0.500000000 0.666666667 0.500000000 0.500000000 0.000000000 0.000000000 -0.344186743 0.938380500 0.031265349 -0.349060188 -0.158802218 0.923546881 0.871603391 0.306959105 0.382208892 3.245654106 1.642262220 -13.284896851
0.000000000 0.500000000 0.666666667 0.500000000 0.500000000 0.000000000 0.000000000 -0.375708027 0.926736064 -0.001935467 -0.326304523 -0.130331794 0.936236606 0.867391974 0.352383159 0.351364870 3.298986673 1.637502432 -13.489301682
0.000000000 0.500000000 0.666666667 0.500000000 0.500000000 0.000000000 0.000000000 -0.406857482 0.912881576 -0.033379878 -0.304039611 -0.100867282 0.947304442 0.861409835 0.395566706 0.318590768 3.352045775 1.632778645 -13.684723854
0.000000000 0.500000000 0.666666667 0.500000000 0.500000000 0.000000000 0.000000000 -0.437172101 0.897203320 -0.062504063 -0.282432113 -0.070972108 0.956658278 0.853880938 0.435877464 0.284426055 3.406061888 1.627676964 -13.870900154
0.000000000 0.500000000 0.666666667 0.500000000 0.500000000 0.000000000 0.000000000 -0.466198975 0.880209956 -0.088819756 -0.261595861 -0.041248357 0.964295691 0.845118998 0.472788543 0.249489223 3.457858801 1.622959256 -14.048737526
0.000000000 0.500000000 0.666666667 0.500000000 0.500000000 0.000000000 0.000000000 -0.493504295 0.862512222 -0.111920407 -0.241589819 -0.012323557 0.970300206 0.835516529 0.505886150 0.214455900 3.509953499 1.617869854 -14.217521667
0.000000000 0.500000000 0.666666667 0.500000000 0.500000000 0.000000000 0.000000000 -0.518677707 0.844799141 -0.131483261 -0.222420367 0.015163046 0.974832941 0.825531718 0.534868669 0.180035801 3.560942411 1.612672687 -14.377673149
0.000000000 0.500000000 0.666666667 0.500000000 0.500000000 0.000000000 0.000000000 -0.541335126 0.827810193 -0.147263592 -0.204044984 0.040570675 0.978120476 0.815672683 0.559539368 0.146948186 3.609250307 1.607674241 -14.529664993
0.000000000 0.500000000 0.666666667 0.500000000 0.500000000 0.000000000 0.000000000 -0.561114660 0.812307287 -0.159082404 -0.186382196 0.063262660 0.980438429 0.806481256 0.579788503 0.115902010 3.655605316 1.602584839 -14.673239708
0.000000000 0.500000000 0.666666667 0.500000000 0.500000000 0.000000000 0.000000000 -0.577670303 0.799044443 -0.166808273 -0.169321993 0.082609758 0.982092506 0.798515550 0.595569984 0.087574594 3.701594114 1.596899629 -14.807858467
0.000000000 0.500000000 0.666666667 0.500000000 0.500000000 0.000000000 0.000000000 -0.590658074 0.788738936 -0.170334761 -0.152743054 0.097988835 0.983396028 0.792333641 0.606868256 0.062596497 3.744411469 1.591229796 -14.934404373
0.000000000 0.500000000 0.666666667 0.500000000 0.500000000 0.000000000 0.000000000 -0.599722038 0.782039418 -0.169551840 -0.136529528 0.108778036 0.984645635 0.788475215 0.613662520 0.041534887 3.783974409 1.585498929 -15.052880287
0.000000000 0.500000000 0.666666667 0.500000000 0.500000000 0.000000000 0.000000000 -0.604474222 0.779494015 -0.164316754 -0.120595413 0.114349700 0.986093754 0.787443751 0.615884102 0.024881957 3.820214748 1.579628229 -15.163297653
0.000000000 0.500000000 0.666666667 0.500000000 0.500000000 0.000000000 0.000000000 -0.604475557 0.781513417 -0.154421760 -0.104909026 0.114062333 0.987918965 0.789685632 0.613373102 0.013039920 3.854640961 1.573148727 -15.265119553
