0.000000000 0.500000000 0.666666667 0.500000000 0.500000000 0.000000000 0.000000000 -0.676975027 0.736005987 0.000000000 -0.000000000 -0.000000000 1.000000000 0.736005987 0.676975027 0.000000000 6.496838093 -0.087148286 1.102550387
0.000000000 0.500000000 0.666666667 0.500000000 0.500000000 0.000000000 0.000000000 -0.659189765 0.751699978 0.020396019 0.013111432 -0.015629709 0.999791880 0.751862317 0.659319995 0.000447081 6.433351994 -0.028008269 0.981004000
0.000000000 0.500000000 0.666666667 0.500000000 0.500000000 0.000000000 0.000000000 -0.639516499 0.767627284 0.042035708 0.026385668 -0.032730042 0.999115880 0.768324439 0.640060230 0.000677044 6.390959263 0.024785461 0.849565744
0.000000000 0.500000000 0.666666667 0.500000000 0.500000000 0.000000000 0.000000000 -0.618085094 0.783445619 0.064682133 0.039631297 -0.051121812 0.997905767 0.785111570 0.619354117 0.000548664 6.342524052 0.073349454 0.720641911
0.000000000 0.500000000 0.666666667 0.500000000 0.500000000 0.000000000 0.000000000 -0.595055688 0.798842014 0.088091797 0.052670518 -0.070611504 0.996112359 0.801956697 0.597382166 -0.000057646 6.286281586 0.119006343 0.595952272
0.000000000 0.500000000 0.666666667 0.500000000 0.500000000 0.000000000 0.000000000 -0.570622655 0.813537027 0.112014693 0.065344659 -0.090988489 0.993705777 0.818608491 0.574350590 -0.001240206 6.224538326 0.162412405 0.475312650
0.000000000 0.500000000 0.666666667 0.500000000 0.500000000 0.000000000 0.000000000 -0.545012733 0.827291952 0.136195251 0.077513363 -0.112027886 0.990677259 0.834836990 0.550488672 -0.003069557 6.159601688 0.204107210 0.358108044
0.000000000 0.500000000 0.666666667 0.500000000 0.500000000 0.000000000 0.000000000 -0.518484818 0.839912176 0.160377774 0.089063108 -0.133491800 0.987039869 0.850435921 0.526048930 -0.005591717 6.092070103 0.244415581 0.244351953
0.000000000 0.500000000 0.666666667 0.500000000 0.500000000 0.000000000 0.000000000 -0.491326480 0.851251388 0.184307797 0.099905594 -0.155132525 0.982828964 0.865226654 0.501303275 -0.008824058 6.019662857 0.284963369 0.130836174
0.000000000 0.500000000 0.666666667 0.500000000 0.500000000 0.000000000 0.000000000 -0.463851232 0.861212958 0.207736073 0.109980792 -0.176695305 0.978101730 0.879059873 0.476540671 -0.012756548 5.942158222 0.325850070 0.017933959
0.000000000 0.500000000 0.666666667 0.500000000 0.500000000 0.000000000 0.000000000 -0.436394003 0.869750794 0.230420983 0.119256278 -0.197921314 0.972936326 0.891817366 0.452062727 -0.017351568 5.857350826 0.366936028 -0.092462160
0.000000000 0.500000000 0.666666667 0.500000000 0.500000000 0.000000000 0.000000000 -0.409305784 0.876867866 0.252133934 0.127729497 -0.218552219 0.967429637 0.903412393 0.428179486 -0.022547204 5.766179085 0.408301681 -0.200486898
0.000000000 0.500000000 0.666666667 0.500000000 0.500000000 0.000000000 0.000000000 -0.382949871 0.882613928 0.272657387 0.135422984 -0.238329957 0.961696130 0.913788822 0.405205486 -0.028257786 5.668368816 0.449882179 -0.305491924
0.000000000 0.500000000 0.666666667 0.500000000 0.500000000 0.000000000 0.000000000 -0.357697320 0.887080264 0.291789705 0.142386092 -0.257000733 0.955864438 0.922918647 0.383456943 -0.034379418 5.563542366 0.491594225 -0.406744987
0.000000000 0.500000000 0.666666667 0.500000000 0.500000000 0.000000000 0.000000000 -0.333920937 0.890394816 0.309344272 0.148688028 -0.274316699 0.950074849 0.930800020 0.363245674 -0.040790961 5.449169636 0.532908916 -0.500799239
0.000000000 0.500000000 0.666666667 0.500000000 0.500000000 0.000000000 0.000000000 -0.311995511 0.892712882 0.325149982 0.154417726 -0.290035733 0.944475748 0.937450781 0.344881115 -0.047360847 5.325783730 0.573546112 -0.586621225
0.000000000 0.500000000 0.666666667 0.500000000 0.500000000 0.000000000 0.000000000 -0.292289856 0.894210473 0.339049068 0.159674770 -0.303922326 0.939220521 0.942905408 0.328662213 -0.053949439 5.194116116 0.613321185 -0.663721144
0.000000000 0.500000000 0.666666667 0.500000000 0.500000000 0.000000000 0.000000000 -0.275169757 0.895072381 0.350894624 0.164567450 -0.315744724 0.934463923 0.947205975 0.314882044 -0.060416380 5.054384708 0.651912510 -0.731351614
0.000000000 0.500000000 0.666666667 0.500000000 0.500000000 0.000000000 0.000000000 -0.260992495 0.895481766 0.360548643 0.169203017 -0.325275845 0.930357976 0.950396368 0.303822367 -0.066623662 4.906721115 0.688340127 -0.787858486
0.000000000 0.500000000 0.666666667 0.500000000 0.500000000 0.000000000 0.000000000 -0.250108417 0.895607388 0.367876591 0.173683321 -0.332288163 0.927048370 0.952512406 0.295756628 -0.072444000 4.752783298 0.722182930 -0.834632099
0.000000000 0.500000000 0.666666667 0.500000000 0.500000000 0.000000000 0.000000000 -0.242859608 0.895589921 0.372743750 0.178095025 -0.336552347 0.924670038 0.953572951 0.290948810 -0.077765139 4.594221115 0.754125655 -0.874925137
0.000000000 0.500000000 0.666666667 0.500000000 0.500000000 0.000000000 0.000000000 -0.239479072 0.896189004 0.373490353 0.182499994 -0.336276192 0.923911292 0.953595054 0.289419406 -0.083023377 4.431391716 0.784503460 -0.909586489
0.000000000 0.500000000 0.666666667 0.500000000 0.500000000 0.000000000 0.000000000 -0.239784339 0.895664853 0.374550320 0.186928522 -0.335991511 0.923129152 0.952660064 0.291366052 -0.086859805 4.264326096 0.811191678 -0.937057853
0.000000000 0.500000000 0.666666667 0.500000000 0.500000000 0.000000000 0.000000000 -0.243481915 0.895379171 0.372844065 0.191376785 -0.332504231 0.923480299 0.950837254 0.296204450 -0.090396020 4.094025612 0.836025655 -0.961152375
0.000000000 0.500000000 0.666666667 0.500000000 0.500000000 0.000000000 0.000000000 -0.250268798 0.895221174 0.368706628 0.195813796 -0.326152947 0.924814150 0.948167963 0.303649970 -0.093670750 3.920712709 0.859459221 -0.982707143
0.000000000 0.500000000 0.666666667 0.500000000 0.500000000 0.000000000 0.000000000 -0.259834008 0.894902394 0.362816750 0.200192496 -0.317638590 0.926838007 0.944674151 0.313457225 -0.096619436 3.744216204 0.879625559 -1.000912547
0.000000000 0.500000000 0.666666667 0.500000000 0.500000000 0.000000000 0.000000000 -0.271860465 0.894320188 0.355363600 0.204453631 -0.307165443 0.929434292 0.940367269 0.325331817 -0.099340869 3.565099955 0.898200333 -1.018113852
0.000000000 0.500000000 0.666666667 0.500000000 0.500000000 0.000000000 0.000000000 -0.286025178 0.893366775 0.346533407 0.208534251 -0.294940739 0.932482400 0.935255614 0.338977529 -0.101937094 3.383386135 0.915235698 -1.034385562
0.000000000 0.500000000 0.666666667 0.500000000 0.500000000 0.000000000 0.000000000 -0.302002113 0.891937862 0.336513854 0.212372844 -0.281178001 0.935861478 0.929350579 0.354098548 -0.104507030 3.199079514 0.929206371 -1.050327182
0.000000000 0.500000000 0.666666667 0.500000000 0.500000000 0.000000000 0.000000000 -0.319461548 0.889942628 0.325494144 0.215914371 -0.266096283 0.939453965 0.922672913 0.370398281 -0.107143872 3.012414455 0.942444146 -1.066319108
0.000000000 0.500000000 0.666666667 0.500000000 0.500000000 0.000000000 0.000000000 -0.338071799 0.887310013 0.313669253 0.219117320 -0.249922608 0.943147014 0.915256827 0.387581773 -0.109933206 2.823334932 0.953416705 -1.082521915
0.000000000 0.500000000 0.666666667 0.500000000 0.500000000 0.000000000 0.000000000 -0.357504763 0.883994796 0.301236692 0.221952396 -0.232889282 0.946836689 0.907153503 0.405358832 -0.112945735 2.631960392 0.963467062 -1.099162936
0.000000000 0.500000000 0.666666667 0.500000000 0.500000000 0.000000000 0.000000000 -0.377433513 0.879982165 0.288401339 0.224411270 -0.215236510 0.950427707 0.898433929 0.423443779 -0.116240443 2.438291073 0.972331226 -1.116335869
0.000000000 0.500000000 0.666666667 0.500000000 0.500000000 0.000000000 0.000000000 -0.397538080 0.875291129 0.275370505 0.226505114 -0.197207647 0.953836767 0.889190030 0.441559264 -0.119860367 2.242385149 0.979903996 -1.134545088
0.000000000 0.500000000 0.666666667 0.500000000 0.500000000 0.000000000 0.000000000 -0.417505982 0.869975776 0.262356446 0.228266538 -0.179051587 0.956992642 0.879535754 0.459437350 -0.123831250 2.044209003 0.986982882 -1.153354883
0.000000000 0.500000000 0.666666667 0.500000000 0.500000000 0.000000000 0.000000000 -0.437034276 0.864126786 0.249571512 0.229750934 -0.161016957 0.959837511 0.869606549 0.476821180 -0.128164007 1.843889117 0.992586493 -1.174100041
0.000000000 0.500000000 0.666666667 0.500000000 0.500000000 0.000000000 0.000000000 -0.455833095 0.857867972 0.237231388 0.231036355 -0.143355313 0.962326066 0.859557091 0.493469144 -0.132852594 1.641328096 0.997842252 -1.195834279
0.000000000 0.500000000 0.666666667 0.500000000 0.500000000 0.000000000 0.000000000 -0.473624101 0.851356402 0.225549300 0.232219773 -0.126316998 0.964426251 0.849561174 0.509152524 -0.137875016 1.436633229 1.002190709 -1.219650984
0.000000000 0.500000000 0.666666667 0.500000000 0.500000000 0.000000000 0.000000000 -0.490142784 0.844777017 0.214736680 0.233419466 -0.110149691 0.966117176 0.839806766 0.523659084 -0.143198324 1.229809523 1.005996585 -1.245644689
0.000000000 0.500000000 0.666666667 0.500000000 0.500000000 0.000000000 0.000000000 -0.505134372 0.838339984 0.205000824 0.234769485 -0.095098882 0.967387974 0.830495367 0.536788855 -0.148778932 1.020781279 1.009353161 -1.273370504
0.000000000 0.500000000 0.666666667 0.500000000 0.500000000 0.000000000 0.000000000 -0.518357180 0.832271712 0.196544220 0.236415044 -0.081408176 0.968235837 0.821835604 0.548358009 -0.154563041 0.809902310 1.012164235 -1.305323005
0.000000000 0.500000000 0.666666667 0.500000000 0.500000000 0.000000000 0.000000000 -0.529651853 0.826774513 0.189506780 0.238485155 -0.069252436 0.968673800 0.813998616 0.558254426 -0.160493767 0.596970201 1.014785171 -1.340032339
0.000000000 0.500000000 0.666666667 0.500000000 0.500000000 0.000000000 0.000000000 -0.539174020 0.821895425 0.183791423 0.240998746 -0.058534536 0.968758645 0.806976444 0.566622995 -0.166515466 0.382114261 1.017243504 -1.378215909
0.000000000 0.500000000 0.666666667 0.500000000 0.500000000 0.000000000 0.000000000 -0.547145545 0.817621107 0.179241395 0.243932816 -0.049090339 0.968548873 0.800705023 0.573660060 -0.172585059 0.165864259 1.019417286 -1.422219515
0.000000000 0.500000000 0.666666667 0.500000000 0.500000000 0.000000000 0.000000000 -0.553781882 0.813913312 0.175700736 0.247248075 -0.040757942 0.968094613 0.795106293 0.579554925 -0.178667490 -0.051970214 1.021276236 -1.470530033
0.000000000 0.500000000 0.666666667 0.500000000 0.500000000 0.000000000 0.000000000 -0.559290084 0.810716263 0.173013708 0.250894602 -0.033374598 0.967438905 0.790092717 0.584487192 -0.184738252 -0.271188945 1.022761464 -1.523753643
0.000000000 0.500000000 0.666666667 0.500000000 0.500000000 0.000000000 0.000000000 -0.563871664 0.807959867 0.171025144 0.254811586 -0.026777658 0.966619891 0.785569731 0.588628754 -0.190778372 -0.491469711 1.023757577 -1.582758427
0.000000000 0.500000000 0.666666667 0.500000000 0.500000000 0.000000000 0.000000000 -0.567724206 0.805562401 0.169583148 0.258931200 -0.020805503 0.965671665 0.781437048 0.592145547 -0.196773452 -0.718710899 1.023944974 -1.651552558
0.000000000 0.500000000 0.666666667 0.500000000 0.500000000 0.000000000 0.000000000 -0.571041918 0.803434092 0.168537201 0.263180208 -0.015294773 0.964625445 0.777590706 0.595197220 -0.202713994 -0.952700198 1.023207545 -1.729951739
0.000000000 0.500000000 0.666666667 0.500000000 0.500000000 0.000000000 0.000000000 -0.574019249 0.801477030 0.167739296 0.267479606 -0.010081608 0.963510779 0.773922840 0.597940575 -0.208591723 -1.192673325 1.021231771 -1.819411755
0.000000000 0.500000000 0.666666667 0.500000000 0.500000000 0.000000000 0.000000000 -0.576846549 0.799589969 0.167044725 0.271747502 -0.005002333 0.962355585 0.770325486 0.600525485 -0.214400999 -1.437712312 1.017633915 -1.921391249
0.000000000 0.500000000 0.666666667 0.500000000 0.500000000 0.000000000 0.000000000 -0.579716111 0.797665569 0.166309566 0.275897946 0.000110201 0.961186928 0.766687390 0.603100015 -0.220138177 -1.686762690 1.011969924 -2.037276030
0.000000000 0.500000000 0.666666667 0.500000000 0.500000000 0.000000000 0.000000000 -0.582817466 0.795593386 0.165393367 0.279841271 0.005421897 0.960030971 0.762897545 0.605806708 -0.225799841 -1.939140558 1.004455209 -2.167422056
0.000000000 0.500000000 0.666666667 0.500000000 0.500000000 0.000000000 0.000000000 -0.586340447 0.793257245 0.164157921 0.283484701 0.011100386 0.958912512 0.758842081 0.608785450 -0.231384899 -2.194509268 0.995761871 -2.311523676
0.000000000 0.500000000 0.666666667 0.500000000 0.500000000 0.000000000 0.000000000 -0.590471601 0.790536271 0.162467513 0.286732101 0.017313500 0.957854344 0.754405721 0.612170439 -0.236895256 -2.447819710 0.987030149 -2.465596437
0.000000000 0.500000000 0.666666667 0.500000000 0.500000000 0.000000000 0.000000000 -0.595395677 0.787301616 0.160187867 0.289480289 0.024228557 0.956877285 0.749469912 0.616091829 -0.242333878 -2.699256420 0.979228973 -2.626243591
0.000000000 0.500000000 0.666666667 0.500000000 0.500000000 0.000000000 0.000000000 -0.601291895 0.783415814 0.157186894 0.291620311 0.032011759 0.955998348 0.743912395 0.620672949 -0.247708374 -2.940041542 0.973340154 -2.785013437
0.000000000 0.500000000 0.666666667 0.500000000 0.500000000 0.000000000 0.000000000 -0.608332686 0.778729628 0.153334631 0.293035327 0.040827008 0.955229529 0.737605341 0.626029809 -0.253031694 -3.171310902 0.969698906 -2.940064907
0.000000000 0.500000000 0.666666667 0.500000000 0.500000000 0.000000000 0.000000000 -0.616682040 0.773078509 0.148502123 0.293596453 0.050834382 0.954576864 0.730413845 0.632270104 -0.258321758 -3.393902540 0.968398392 -3.090065479
0.000000000 0.500000000 0.666666667 0.500000000 0.500000000 0.000000000 0.000000000 -0.626490155 0.766280619 0.142562609 0.293163144 0.062188336 0.954037725 0.722194888 0.639489346 -0.263605616 -3.608209133 0.969317436 -3.234356642
0.000000000 0.500000000 0.666666667 0.500000000 0.500000000 0.000000000 0.000000000 -0.637891564 0.758131749 0.135390560 0.291577972 0.075035455 0.953599479 0.712794949 0.647769968 -0.268919002 -3.813931704 0.972524703 -3.373304367
0.000000000 0.500000000 0.666666667 0.500000000 0.500000000 0.000000000 0.000000000 -0.650915902 0.748465146 0.126918922 0.288709316 0.089439782 0.953230012 0.702107840 0.657115249 -0.274306637 -4.010786056 0.977994800 -3.507256985
0.000000000 0.500000000 0.666666667 0.500000000 0.500000000 0.000000000 0.000000000 -0.665245978 0.737351932 0.117302672 0.284586785 0.105169211 0.952863998 0.690259481 0.667271733 -0.279804010 -4.198789120 0.985087097 -3.636214018
0.000000000 0.500000000 0.666666667 0.500000000 0.500000000 0.000000000 0.000000000 -0.680487349 0.724942055 0.106751977 0.279296650 0.121918286 0.952433364 0.677443982 0.677934325 -0.285437738 -4.378038406 0.993406653 -3.760103464
0.000000000 0.500000000 0.666666667 0.500000000 0.500000000 0.000000000 0.000000000 -0.696256592 0.711415209 0.095473339 0.272944182 0.139384322 0.951878923 0.663873656 0.688810867 -0.291223895 -4.547947884 1.004093051 -3.879728079
0.000000000 0.500000000 0.666666667 0.500000000 0.500000000 0.000000000 0.000000000 -0.712190854 0.696981434 0.083672388 0.265659229 0.157270866 0.951152484 0.649776393 0.699630442 -0.297166423 -4.709087849 1.015602946 -3.994388342
0.000000000 0.500000000 0.666666667 0.500000000 0.500000000 0.000000000 0.000000000 -0.727952183 0.681884224 0.071550853 0.257595895 0.175291448 0.950219587 0.635397493 0.710145628 -0.303254369 -4.861339092 1.028202057 -4.104299068
0.000000000 0.500000000 0.666666667 0.500000000 0.500000000 0.000000000 0.000000000 -0.743228472 0.666403870 0.059306998 0.248936398 0.193172213 0.949060148 0.621000892 0.720132195 -0.309463268 -5.015136719 1.043112278 -4.217725277
0.000000000 0.500000000 0.666666667 0.500000000 0.500000000 0.000000000 0.000000000 -0.757738496 0.650854009 0.047132067 0.239886677 0.210655097 0.947670202 0.606866340 0.729392548 -0.315752681 -5.171137810 1.059191227 -4.333954334
0.000000000 0.500000000 0.666666667 0.500000000 0.500000000 0.000000000 0.000000000 -0.771231987 0.635579477 0.035212927 0.230679257 0.227498923 0.946060950 0.593286021 0.737755358 -0.322069448 -5.327764988 1.078899264 -4.454786777
0.000000000 0.500000000 0.666666667 0.500000000 0.500000000 0.000000000 0.000000000 -0.783488943 0.620952555 0.023727630 0.221566469 0.243480509 0.944259255 0.580562982 0.745073933 -0.328346552 -5.486010551 1.100532174 -4.579100132
0.000000000 0.500000000 0.666666667 0.500000000 0.500000000 0.000000000 0.000000000 -0.794316792 0.607367912 0.012847346 0.212819943 0.258394168 0.942305750 0.569006596 0.751223451 -0.334506831 -5.645397663 1.124816895 -4.707454205
0.000000000 0.500000000 0.666666667 0.500000000 0.500000000 0.000000000 0.000000000 -0.803545851 0.595236580 0.002734702 0.204724205 0.272049766 0.940253649 0.558929391 0.756096779 -0.340463796 -5.805898189 1.152872324 -4.839617252
0.000000000 0.500000000 0.666666667 0.500000000 0.500000000 0.000000000 0.000000000 -0.811022156 0.584979831 -0.006454436 0.197573703 0.284269600 0.938165991 0.550642983 0.759598178 -0.346125575 -5.968652248 1.183341622 -4.974448681
0.000000000 0.500000000 0.666666667 0.500000000 0.500000000 0.000000000 0.000000000 -0.816599329 0.577021018 -0.014569812 0.191666895 0.294883621 0.936112948 0.544453245 0.761636655 -0.351397595 -6.133819580 1.216574073 -5.111729145
0.000000000 0.500000000 0.666666667 0.500000000 0.500000000 0.000000000 0.000000000 -0.820126585 0.571779323 -0.021466049 0.187300007 0.303723162 0.934168587 0.540658018 0.762115901 -0.356185711 -6.302270412 1.253816247 -5.250098705
0.000000000 0.500000000 0.666666667 0.500000000 0.500000000 0.000000000 0.000000000 -0.821436303 0.569660830 -0.026998879 0.184762353 0.310613662 0.932406578 0.539541726 0.760924235 -0.360401213 -6.475162029 1.294479966 -5.388226032
0.000000000 0.500000000 0.666666667 0.500000000 0.500000000 0.000000000 0.000000000 -0.820329847 0.571048629 -0.031022651 0.184328409 0.315365371 0.930896192 0.541370464 0.757923575 -0.363964112 -6.653686523 1.338829279 -5.524399280
0.000000000 0.500000000 0.666666667 0.500000000 0.500000000 0.000000000 0.000000000 -0.816561730 0.576291772 -0.033387644 0.186249827 0.317764177 0.929697225 0.546386258 0.752936731 -0.366808309 -6.839737415 1.387429118 -5.655533314
0.000000000 0.500000000 0.666666667 0.500000000 0.500000000 0.000000000 0.000000000 -0.809822613 0.585692469 -0.033936242 0.190746762 0.317560642 0.928854623 0.554799972 0.745734250 -0.368886731 -7.036082745 1.440935373 -5.776249886
0.000000000 0.500000000 0.666666667 0.500000000 0.500000000 0.000000000 0.000000000 -0.799722590 0.599489441 -0.032499064 0.197998166 0.314460044 0.928391947 0.566780826 0.736021257 -0.370178611 -7.246247292 1.499941111 -5.876983643
