0.000000000 0.384615385 0.666666667 0.384615385 0.500000000 0.000000000 0.000000000 -0.654093150 0.000000000 -0.756414007 50.298698425 0.756414007 0.000000000 -0.654093150 0.388876647 0.000000000 1.000000000 0.000000000 39.403327942
0.000000000 0.384615385 0.666666667 0.384615385 0.500000000 0.000000000 0.000000000 -0.714053309 0.000000000 -0.700091331 50.698932648 0.700091331 0.000000000 -0.714053309 0.386141121 0.000000000 1.000000000 0.000000000 39.234916687
0.000000000 0.384615385 0.666666667 0.384615385 0.500000000 0.000000000 0.000000000 -0.763160639 0.000000000 -0.646208820 51.005813599 0.646208820 0.000000000 -0.763160639 0.376817167 0.000000000 1.000000000 0.000000000 39.084449768
0.000000000 0.384615385 0.666666667 0.384615385 0.500000000 0.000000000 0.000000000 -0.789695643 0.000000000 -0.613498812 51.315189362 0.613498812 0.000000000 -0.789695643 0.389863640 0.000000000 1.000000000 0.000000000 38.870754242
0.000000000 0.384615385 0.666666667 0.384615385 0.500000000 0.000000000 0.000000000 -0.836411352 0.000000000 -0.548102226 51.642112732 0.548102226 0.000000000 -0.836411352 0.370809942 0.000000000 1.000000000 0.000000000 38.722976685
0.000000000 0.384615385 0.666666667 0.384615385 0.500000000 0.000000000 0.000000000 -0.843587755 0.000000000 -0.536991340 51.981784821 0.536991340 0.000000000 -0.843587755 0.402340680 0.000000000 1.000000000 0.000000000 38.517116547
0.000000000 0.384615385 0.666666667 0.384615385 0.500000000 0.000000000 0.000000000 -0.856654583 0.000000000 -0.515890419 52.302978516 0.515890419 0.000000000 -0.856654583 0.369089127 0.000000000 1.000000000 0.000000000 38.364276886
0.000000000 0.384615385 0.666666667 0.384615385 0.500000000 0.000000000 0.000000000 -0.851852427 0.000000000 -0.523781866 52.625442505 0.523781866 0.000000000 -0.851852427 0.373577505 0.000000000 1.000000000 0.000000000 38.162761688
0.000000000 0.384615385 0.666666667 0.384615385 0.500000000 0.000000000 0.000000000 -0.846004369 0.000000000 -0.533175963 52.943347931 0.533175963 0.000000000 -0.846004369 0.407826602 0.000000000 1.000000000 0.000000000 37.923229218
0.000000000 0.384615385 0.666666667 0.384615385 0.500000000 0.000000000 0.000000000 -0.842354801 0.000000000 -0.538923362 53.260784149 0.538923362 0.000000000 -0.842354801 0.406070769 0.000000000 1.000000000 0.000000000 37.738071442
0.000000000 0.384615385 0.666666667 0.384615385 0.500000000 0.000000000 0.000000000 -0.841306379 0.000000000 -0.540558578 53.566551208 0.540558578 0.000000000 -0.841306379 0.388788283 0.000000000 1.000000000 0.000000000 37.523437500
0.000000000 0.384615385 0.666666667 0.384615385 0.500000000 0.000000000 0.000000000 -0.843215889 0.000000000 -0.537575078 53.848983765 0.537575078 0.000000000 -0.843215889 0.403412938 0.000000000 1.000000000 0.000000000 37.354045868
0.000000000 0.384615385 0.666666667 0.384615385 0.500000000 0.000000000 0.000000000 -0.848053988 0.000000000 -0.529909835 54.167675018 0.529909835 0.000000000 -0.848053988 0.336291492 0.000000000 1.000000000 0.000000000 37.161830902
0.000000000 0.384615385 0.666666667 0.384615385 0.500000000 0.000000000 0.000000000 -0.855509053 0.000000000 -0.517787852 54.488510132 0.517787852 0.000000000 -0.855509053 0.329999387 0.000000000 1.000000000 0.000000000 36.991199493
0.000000000 0.384615385 0.666666667 0.384615385 0.500000000 0.000000000 0.000000000 -0.866638986 0.000000000 -0.498935734 54.775009155 0.498935734 0.000000000 -0.866638986 0.382667065 0.000000000 1.000000000 0.000000000 36.805324554
0.000000000 0.384615385 0.666666667 0.384615385 0.500000000 0.000000000 0.000000000 -0.879569569 0.000000000 -0.475770295 55.052009583 0.475770295 0.000000000 -0.879569569 0.402354270 0.000000000 1.000000000 0.000000000 36.634056091
0.000000000 0.384615385 0.666666667 0.384615385 0.500000000 0.000000000 0.000000000 -0.881537884 0.000000000 -0.472113290 55.412761688 0.472113290 0.000000000 -0.881537884 0.384160072 0.000000000 1.000000000 0.000000000 36.482433319
0.000000000 0.384615385 0.666666667 0.384615385 0.500000000 0.000000000 0.000000000 -0.901189956 0.000000000 -0.433424346 55.744430542 0.433424346 0.000000000 -0.901189956 0.361844629 0.000000000 1.000000000 0.000000000 36.334705353
0.000000000 0.384615385 0.666666667 0.384615385 0.500000000 0.000000000 0.000000000 -0.903089023 0.000000000 -0.429453394 56.036052704 0.429453394 0.000000000 -0.903089023 0.379874259 0.000000000 1.000000000 0.000000000 36.232147217
0.000000000 0.384615385 0.666666667 0.384615385 0.500000000 0.000000000 0.000000000 -0.937584666 0.000000000 -0.347757090 56.357463837 0.347757090 0.000000000 -0.937584666 0.398544312 0.000000000 1.000000000 0.000000000 36.114292145
0.000000000 0.384615385 0.666666667 0.384615385 0.500000000 0.000000000 0.000000000 -0.955709295 0.000000000 -0.294312323 56.647102356 0.294312323 0.000000000 -0.955709295 0.373580247 0.000000000 1.000000000 0.000000000 36.016525269
0.000000000 0.384615385 0.666666667 0.384615385 0.500000000 0.000000000 0.000000000 -0.955944883 0.000000000 -0.293546215 56.977439880 0.293546215 0.000000000 -0.955944883 0.384284884 0.000000000 1.000000000 0.000000000 35.900264740
0.000000000 0.384615385 0.666666667 0.384615385 0.500000000 0.000000000 0.000000000 -0.975520311 0.000000000 -0.219909353 57.290298462 0.219909353 0.000000000 -0.975520311 0.386619568 0.000000000 1.000000000 0.000000000 35.834651947
0.000000000 0.384615385 0.666666667 0.384615385 0.500000000 0.000000000 0.000000000 -0.982668380 0.000000000 -0.185372208 57.596267700 0.185372208 0.000000000 -0.982668380 0.339860827 0.000000000 1.000000000 0.000000000 35.789558411
0.000000000 0.384615385 0.666666667 0.384615385 0.500000000 0.000000000 0.000000000 -0.983739600 0.000000000 -0.179600666 57.903598785 0.179600666 0.000000000 -0.983739600 0.314901650 0.000000000 1.000000000 0.000000000 35.767578125
0.000000000 0.384615385 0.666666667 0.384615385 0.500000000 0.000000000 0.000000000 -0.991259218 0.000000000 -0.131928631 58.267116547 0.131928631 0.000000000 -0.991259218 0.341001123 0.000000000 1.000000000 0.000000000 35.687984467
0.000000000 0.384615385 0.666666667 0.384615385 0.500000000 0.000000000 0.000000000 -0.992952910 0.000000000 -0.118509569 58.571971893 0.118509569 0.000000000 -0.992952910 0.349136204 0.000000000 1.000000000 0.000000000 35.661708832
0.000000000 0.384615385 0.666666667 0.384615385 0.500000000 0.000000000 0.000000000 -0.995508200 0.000000000 -0.094675360 58.870735168 0.094675360 0.000000000 -0.995508200 0.369995415 0.000000000 1.000000000 0.000000000 35.603359222
0.000000000 0.384615385 0.666666667 0.384615385 0.500000000 0.000000000 0.000000000 -0.996352343 0.000000000 -0.085334687 59.196418762 0.085334687 0.000000000 -0.996352343 0.359646380 0.000000000 1.000000000 0.000000000 35.614578247
0.000000000 0.384615385 0.666666667 0.384615385 0.500000000 0.000000000 0.000000000 -0.996845267 0.000000000 -0.079369472 59.486316681 0.079369472 0.000000000 -0.996845267 0.316745132 0.000000000 1.000000000 0.000000000 35.566677094
0.000000000 0.384615385 0.666666667 0.384615385 0.500000000 0.000000000 0.000000000 -0.996974107 0.000000000 -0.077734350 59.814529419 0.077734350 0.000000000 -0.996974107 0.323686659 0.000000000 1.000000000 0.000000000 35.550350189
0.000000000 0.384615385 0.666666667 0.384615385 0.500000000 0.000000000 0.000000000 -0.996814426 0.000000000 -0.079755879 60.099685669 0.079755879 0.000000000 -0.996814426 0.325550139 0.000000000 1.000000000 0.000000000 35.519763947
0.000000000 0.384615385 0.666666667 0.384615385 0.500000000 0.000000000 0.000000000 -0.996389127 0.000000000 -0.084904112 60.436923981 0.084904112 0.000000000 -0.996389127 0.357941210 0.000000000 1.000000000 0.000000000 35.524188995
0.000000000 0.384615385 0.666666667 0.384615385 0.500000000 0.000000000 0.000000000 -0.995956305 0.000000000 -0.089838954 60.717407227 0.089838954 0.000000000 -0.995956305 0.363168716 0.000000000 1.000000000 0.000000000 35.437614441
0.000000000 0.384615385 0.666666667 0.384615385 0.500000000 0.000000000 0.000000000 -0.994231376 0.000000000 -0.107256566 61.040847778 0.107256566 0.000000000 -0.994231376 0.375387877 0.000000000 1.000000000 0.000000000 35.414596558
0.000000000 0.384615385 0.666666667 0.384615385 0.500000000 0.000000000 0.000000000 -0.997120242 0.000000000 -0.075836815 61.328197479 0.075836815 0.000000000 -0.997120242 0.341058105 0.000000000 1.000000000 0.000000000 35.415092468
0.000000000 0.384615385 0.666666667 0.384615385 0.500000000 0.000000000 0.000000000 -0.999938972 0.000000000 -0.011047701 61.645740509 0.011047701 0.000000000 -0.999938972 0.336228549 0.000000000 1.000000000 0.000000000 35.406032562
0.000000000 0.384615385 0.666666667 0.384615385 0.500000000 0.000000000 0.000000000 -0.999829261 0.000000000 0.018478329 61.937122345 -0.018478329 0.000000000 -0.999829261 0.353121489 0.000000000 1.000000000 0.000000000 35.430164337
0.000000000 0.384615385 0.666666667 0.384615385 0.500000000 0.000000000 0.000000000 -0.998902289 0.000000000 0.046842466 62.232269287 -0.046842466 0.000000000 -0.998902289 0.377725363 0.000000000 1.000000000 0.000000000 35.452514648
0.000000000 0.384615385 0.666666667 0.384615385 0.500000000 0.000000000 0.000000000 -0.998648801 0.000000000 0.051967034 62.483562469 -0.051967034 0.000000000 -0.998648801 0.360004812 0.000000000 1.000000000 0.000000000 35.446880341
0.000000000 0.384615385 0.666666667 0.384615385 0.500000000 0.000000000 0.000000000 -0.998752250 0.000000000 0.049939389 62.755336761 -0.049939389 0.000000000 -0.998752250 0.363251626 0.000000000 1.000000000 0.000000000 35.453601837
0.000000000 0.384615385 0.666666667 0.384615385 0.500000000 0.000000000 0.000000000 -0.999040735 0.000000000 0.043790522 63.027770996 -0.043790522 0.000000000 -0.999040735 0.363345772 0.000000000 1.000000000 0.000000000 35.479286194
0.000000000 0.384615385 0.666666667 0.384615385 0.500000000 0.000000000 0.000000000 -0.999401865 0.000000000 0.034581966 63.304134369 -0.034581966 0.000000000 -0.999401865 0.341155529 0.000000000 1.000000000 0.000000000 35.490364075
0.000000000 0.384615385 0.666666667 0.384615385 0.500000000 0.000000000 0.000000000 -0.999736510 0.000000000 0.022954527 63.544071198 -0.022954527 0.000000000 -0.999736510 0.355335832 0.000000000 1.000000000 0.000000000 35.505290985
0.000000000 0.384615385 0.666666667 0.384615385 0.500000000 0.000000000 0.000000000 -0.999772578 0.000000000 0.021325852 63.825462341 -0.021325852 0.000000000 -0.999772578 0.384973913 0.000000000 1.000000000 0.000000000 35.481658936
0.000000000 0.384615385 0.666666667 0.384615385 0.500000000 0.000000000 0.000000000 -0.999971814 0.000000000 -0.007508071 64.068969727 0.007508071 0.000000000 -0.999971814 0.373353809 0.000000000 1.000000000 0.000000000 35.490524292
0.000000000 0.384615385 0.666666667 0.384615385 0.500000000 0.000000000 0.000000000 -0.999663019 0.000000000 -0.025958585 64.350563049 0.025958585 0.000000000 -0.999663019 0.389465481 0.000000000 1.000000000 0.000000000 35.486457825
0.000000000 0.384615385 0.666666667 0.384615385 0.500000000 0.000000000 0.000000000 -0.998916215 0.000000000 -0.046544563 64.607681274 0.046544563 0.000000000 -0.998916215 0.375030667 0.000000000 1.000000000 0.000000000 35.474494934
0.000000000 0.384615385 0.666666667 0.384615385 0.500000000 0.000000000 0.000000000 -0.997590953 0.000000000 -0.069370672 64.861373901 0.069370672 0.000000000 -0.997590953 0.380851418 0.000000000 1.000000000 0.000000000 35.456958771
0.000000000 0.384615385 0.666666667 0.384615385 0.500000000 0.000000000 0.000000000 -0.995526509 0.000000000 -0.094482643 65.148078918 0.094482643 0.000000000 -0.995526509 0.394954056 0.000000000 1.000000000 0.000000000 35.419944763
0.000000000 0.384615385 0.666666667 0.384615385 0.500000000 0.000000000 0.000000000 -0.992540451 0.000000000 -0.121915760 65.370948792 0.121915760 0.000000000 -0.992540451 0.382836282 0.000000000 1.000000000 0.000000000 35.390319824
0.000000000 0.384615385 0.666666667 0.384615385 0.500000000 0.000000000 0.000000000 -0.989401290 0.000000000 -0.145207051 65.613578796 0.145207051 0.000000000 -0.989401290 0.404967338 0.000000000 1.000000000 0.000000000 35.355018616
0.000000000 0.384615385 0.666666667 0.384615385 0.500000000 0.000000000 0.000000000 -0.984717660 0.000000000 -0.174158349 65.860382080 0.174158349 0.000000000 -0.984717660 0.390121222 0.000000000 1.000000000 0.000000000 35.315368652
0.000000000 0.384615385 0.666666667 0.384615385 0.500000000 0.000000000 0.000000000 -0.978746186 0.000000000 -0.205075361 66.121688843 0.205075361 0.000000000 -0.978746186 0.413449407 0.000000000 1.000000000 0.000000000 35.256736755
0.000000000 0.384615385 0.666666667 0.384615385 0.500000000 0.000000000 0.000000000 -0.978497898 0.000000000 -0.206256789 66.360153198 0.206256789 0.000000000 -0.978497898 0.350267947 0.000000000 1.000000000 0.000000000 35.220542908
0.000000000 0.384615385 0.666666667 0.384615385 0.500000000 0.000000000 0.000000000 -0.969261089 0.000000000 -0.246034429 66.583023071 0.246034429 0.000000000 -0.969261089 0.323261797 0.000000000 1.000000000 0.000000000 35.152286530
0.000000000 0.384615385 0.666666667 0.384615385 0.500000000 0.000000000 0.000000000 -0.948999431 0.000000000 -0.315277783 66.855667114 0.315277783 0.000000000 -0.948999431 0.322550267 0.000000000 1.000000000 0.000000000 35.047439575
0.000000000 0.384615385 0.666666667 0.384615385 0.500000000 0.000000000 0.000000000 -0.936099096 0.000000000 -0.351736381 67.076622009 0.351736381 0.000000000 -0.936099096 0.347476333 0.000000000 1.000000000 0.000000000 34.988861084
0.000000000 0.384615385 0.666666667 0.384615385 0.500000000 0.000000000 0.000000000 -0.925266584 0.000000000 -0.379317477 67.324760437 0.379317477 0.000000000 -0.925266584 0.329638362 0.000000000 1.000000000 0.000000000 34.851696014
0.000000000 0.384615385 0.666666667 0.384615385 0.500000000 0.000000000 0.000000000 -0.919305203 0.000000000 -0.393545351 67.577857971 0.393545351 0.000000000 -0.919305203 0.334825277 0.000000000 1.000000000 0.000000000 34.755180359
0.000000000 0.384615385 0.666666667 0.384615385 0.500000000 0.000000000 0.000000000 -0.891525674 0.000000000 -0.452970168 67.795623779 0.452970168 0.000000000 -0.891525674 0.351390839 0.000000000 1.000000000 0.000000000 34.640163422
0.000000000 0.384615385 0.666666667 0.384615385 0.500000000 0.000000000 0.000000000 -0.882442004 0.000000000 -0.470421204 68.020614624 0.470421204 0.000000000 -0.882442004 0.370511770 0.000000000 1.000000000 0.000000000 34.504657745
0.000000000 0.384615385 0.666666667 0.384615385 0.500000000 0.000000000 0.000000000 -0.879466133 0.000000000 -0.475961470 68.211547852 0.475961470 0.000000000 -0.879466133 0.373800337 0.000000000 1.000000000 0.000000000 34.374885559
0.000000000 0.384615385 0.666666667 0.384615385 0.500000000 0.000000000 0.000000000 -0.878169557 0.000000000 -0.478349485 68.459228516 0.478349485 0.000000000 -0.878169557 0.367730707 0.000000000 1.000000000 0.000000000 34.251174927
0.000000000 0.384615385 0.666666667 0.384615385 0.500000000 0.000000000 0.000000000 -0.868474703 0.000000000 -0.495733488 68.675460815 0.495733488 0.000000000 -0.868474703 0.380816936 0.000000000 1.000000000 0.000000000 34.106292725
0.000000000 0.384615385 0.666666667 0.384615385 0.500000000 0.000000000 0.000000000 -0.845763697 0.000000000 -0.533557653 68.849731445 0.533557653 0.000000000 -0.845763697 0.380510777 0.000000000 1.000000000 0.000000000 33.960929871
0.000000000 0.384615385 0.666666667 0.384615385 0.500000000 0.000000000 0.000000000 -0.810212408 0.000000000 -0.586136378 69.064735413 0.586136378 0.000000000 -0.810212408 0.378713071 0.000000000 1.000000000 0.000000000 33.814907074
0.000000000 0.384615385 0.666666667 0.384615385 0.500000000 0.000000000 0.000000000 -0.801497507 0.000000000 -0.597998116 69.276969910 0.597998116 0.000000000 -0.801497507 0.383771122 0.000000000 1.000000000 0.000000000 33.652713776
0.000000000 0.384615385 0.666666667 0.384615385 0.500000000 0.000000000 0.000000000 -0.796692334 0.000000000 -0.604385080 69.461555481 0.604385080 0.000000000 -0.796692334 0.378037095 0.000000000 1.000000000 0.000000000 33.499561310
0.000000000 0.384615385 0.666666667 0.384615385 0.500000000 0.000000000 0.000000000 -0.793937223 0.000000000 -0.607999742 69.690917969 0.607999742 0.000000000 -0.793937223 0.320654124 0.000000000 1.000000000 0.000000000 33.345188141
0.000000000 0.384615385 0.666666667 0.384615385 0.500000000 0.000000000 0.000000000 -0.794017862 0.000000000 -0.607894427 69.880821228 0.607894427 0.000000000 -0.794017862 0.348329455 0.000000000 1.000000000 0.000000000 33.200717926
0.000000000 0.384615385 0.666666667 0.384615385 0.500000000 0.000000000 0.000000000 -0.796876956 0.000000000 -0.604141636 70.106399536 0.604141636 0.000000000 -0.796876956 0.349136949 0.000000000 1.000000000 0.000000000 33.032562256
0.000000000 0.384615385 0.666666667 0.384615385 0.500000000 0.000000000 0.000000000 -0.802296131 0.000000000 -0.596926225 70.292877197 0.596926225 0.000000000 -0.802296131 0.337114483 0.000000000 1.000000000 0.000000000 32.911693573
0.000000000 0.384615385 0.666666667 0.384615385 0.500000000 0.000000000 0.000000000 -0.810357443 0.000000000 -0.585935846 70.487510681 0.585935846 0.000000000 -0.810357443 0.357930303 0.000000000 1.000000000 0.000000000 32.727416992
0.000000000 0.384615385 0.666666667 0.384615385 0.500000000 0.000000000 0.000000000 -0.819936364 0.000000000 -0.572454679 70.695678711 0.572454679 0.000000000 -0.819936364 0.319625378 0.000000000 1.000000000 0.000000000 32.598358154
0.000000000 0.384615385 0.666666667 0.384615385 0.500000000 0.000000000 0.000000000 -0.825454601 0.000000000 -0.564468513 70.916633606 0.564468513 0.000000000 -0.825454601 0.315353543 0.000000000 1.000000000 0.000000000 32.460411072
0.000000000 0.384615385 0.666666667 0.384615385 0.500000000 0.000000000 0.000000000 -0.846533148 0.000000000 -0.532336011 71.157577515 0.532336011 0.000000000 -0.846533148 0.331777960 0.000000000 1.000000000 0.000000000 32.312366486
0.000000000 0.384615385 0.666666667 0.384615385 0.500000000 0.000000000 0.000000000 -0.861884309 0.000000000 -0.507104957 71.380935669 0.507104957 0.000000000 -0.861884309 0.321073145 0.000000000 1.000000000 0.000000000 32.171554565
0.000000000 0.384615385 0.666666667 0.384615385 0.500000000 0.000000000 0.000000000 -0.877654515 0.000000000 -0.479293806 71.635505676 0.479293806 0.000000000 -0.877654515 0.344909132 0.000000000 1.000000000 0.000000000 32.063243866
0.000000000 0.384615385 0.666666667 0.384615385 0.500000000 0.000000000 0.000000000 -0.893960522 0.000000000 -0.448145719 71.845794678 0.448145719 0.000000000 -0.893960522 0.386470318 0.000000000 1.000000000 0.000000000 31.917837143
0.000000000 0.384615385 0.666666667 0.384615385 0.500000000 0.000000000 0.000000000 -0.909801720 0.000000000 -0.415043167 72.070144653 0.415043167 0.000000000 -0.909801720 0.380648643 0.000000000 1.000000000 0.000000000 31.806354523