0.000000000 0.500000000 0.666666667 0.500000000 0.500000000 0.000000000 0.000000000 0.981723784 -0.190311358 0.000000000 0.000000000 0.000000000 1.000000000 -0.190311358 -0.981723784 0.000000000 -5.045292854 0.389461666 -6.398795128
0.000000000 0.500000000 0.666666667 0.500000000 0.500000000 0.000000000 0.000000000 0.983790491 -0.179320309 -0.000704606 -0.000508428 -0.006718571 0.999977301 -0.179320972 -0.983767802 -0.006700837 -5.008163929 0.493422836 -6.298480034
0.000000000 0.500000000 0.666666667 0.500000000 0.500000000 0.000000000 0.000000000 0.985914898 -0.167238810 -0.001730453 -0.000760794 -0.014831128 0.999889723 -0.167246033 -0.985804858 -0.014749464 -4.980722427 0.597670257 -6.195166111
0.000000000 0.500000000 0.666666667 0.500000000 0.500000000 0.000000000 0.000000000 0.988028288 -0.154244180 -0.002972434 -0.000752807 -0.024087553 0.999709569 -0.154270981 -0.987739097 -0.023915299 -4.970424652 0.701311648 -6.087853908
0.000000000 0.500000000 0.666666667 0.500000000 0.500000000 0.000000000 0.000000000 0.990068763 -0.140517205 -0.004331217 -0.000487089 -0.034237292 0.999413613 -0.140583096 -0.989486090 -0.033965718 -4.980165958 0.802587867 -5.977654934
0.000000000 0.500000000 0.666666667 0.500000000 0.500000000 0.000000000 0.000000000 0.991982949 -0.126242457 -0.005715858 0.000025567 -0.045030006 0.998985634 -0.126371787 -0.990976862 -0.044665771 -5.011347771 0.899302363 -5.866538048
0.000000000 0.500000000 0.666666667 0.500000000 0.500000000 0.000000000 0.000000000 0.993727251 -0.111608797 -0.007044670 0.000764327 -0.056214166 0.998418441 -0.111828291 -0.992160997 -0.055776243 -5.055056095 0.985606670 -5.750516415
0.000000000 0.500000000 0.666666667 0.500000000 0.500000000 0.000000000 0.000000000 0.995268808 -0.096809023 -0.008246948 0.001697498 -0.067541607 0.997715014 -0.097144828 -0.993008633 -0.067057722 -5.102109432 1.057929635 -5.625905514
0.000000000 0.500000000 0.666666667 0.500000000 0.500000000 0.000000000 0.000000000 0.996586035 -0.082039509 -0.009262443 0.002781402 -0.078763579 0.996889443 -0.082513863 -0.993511861 -0.078266498 -5.148781776 1.121870756 -5.496183872
0.000000000 0.500000000 0.666666667 0.500000000 0.500000000 0.000000000 0.000000000 0.997668765 -0.067499295 -0.010043944 0.003962240 -0.089636936 0.995966626 -0.068127353 -0.993684590 -0.089160523 -5.194789886 1.180870295 -5.363358021
0.000000000 0.500000000 0.666666667 0.500000000 0.500000000 0.000000000 0.000000000 0.998517995 -0.053389418 -0.010553878 0.005173966 -0.099919089 0.994982113 -0.054176050 -0.993562150 -0.099494773 -5.241425514 1.237189293 -5.219350338
0.000000000 0.500000000 0.666666667 0.500000000 0.500000000 0.000000000 0.000000000 0.999145201 -0.039911742 -0.010766640 0.006342009 -0.109372408 0.993980611 -0.040849071 -0.993199239 -0.109025796 -5.289958477 1.295060992 -5.066337585
0.000000000 0.500000000 0.666666667 0.500000000 0.500000000 0.000000000 0.000000000 0.999571272 -0.027268290 -0.010663650 0.007381150 -0.117762161 0.993014397 -0.028333579 -0.992667373 -0.117510401 -5.339135647 1.352231979 -4.903251648
0.000000000 0.500000000 0.666666667 0.500000000 0.500000000 0.000000000 0.000000000 0.999824979 -0.015659883 -0.010236176 0.008201912 -0.124857346 0.992140802 -0.016814871 -0.992051113 -0.124707052 -5.389548302 1.410133004 -4.730791092
0.000000000 0.500000000 0.666666667 0.500000000 0.500000000 0.000000000 0.000000000 0.999941110 -0.005285914 -0.009478144 0.008707893 -0.130428833 0.991419433 -0.006476781 -0.991443583 -0.130375123 -5.441931248 1.470634103 -4.549879074
0.000000000 0.500000000 0.666666667 0.500000000 0.500000000 0.000000000 0.000000000 0.999958146 0.003656546 -0.008386626 0.008801633 -0.134248286 0.990908638 0.002497413 -0.990940981 -0.134274851 -5.493942738 1.529537320 -4.358515739
0.000000000 0.500000000 0.666666667 0.500000000 0.500000000 0.000000000 0.000000000 0.999915575 0.010973955 -0.006958111 0.008387262 -0.136087884 0.990661265 0.009924557 -0.990635988 -0.136168436 -5.547978401 1.591282964 -4.158814430
0.000000000 0.500000000 0.666666667 0.500000000 0.500000000 0.000000000 0.000000000 0.999850840 0.016475235 -0.005183134 0.007372096 -0.135716417 0.990720297 0.015618914 -0.990610731 -0.135817630 -5.603603363 1.655272841 -3.950491905
0.000000000 0.500000000 0.666666667 0.500000000 0.500000000 0.000000000 0.000000000 0.999795876 0.019973569 -0.003043412 0.005671970 -0.132897903 0.991113503 0.019391611 -0.990928455 -0.132984065 -5.658949852 1.718680978 -3.732220411
0.000000000 0.500000000 0.666666667 0.500000000 0.500000000 0.000000000 0.000000000 0.999773296 0.021286115 -0.000507270 0.003215495 -0.127389690 0.991847532 0.021047959 -0.991624308 -0.127429255 -5.716145039 1.784861445 -3.505558968
0.000000000 0.500000000 0.666666667 0.500000000 0.500000000 0.000000000 0.000000000 0.999792169 0.020235797 0.002476302 -0.000051856 -0.118941614 0.992901249 0.020386683 -0.992695021 -0.118915845 -5.775166035 1.853846431 -3.270509005
0.000000000 0.500000000 0.666666667 0.500000000 0.500000000 0.000000000 0.000000000 0.999842235 0.016732180 0.005961465 -0.004130828 -0.107383863 0.994209054 0.017275450 -0.994076828 -0.107297804 -5.833791256 1.922663570 -3.025675058
0.000000000 0.500000000 0.666666667 0.500000000 0.500000000 0.000000000 0.000000000 0.999889924 0.011012361 0.009943244 -0.008877637 -0.092911903 0.995634755 0.011888135 -0.995613432 -0.092803912 -5.893877029 1.993764043 -2.772185087
0.000000000 0.500000000 0.666666667 0.500000000 0.500000000 0.000000000 0.000000000 0.999890469 0.003395342 0.014405644 -0.014106878 -0.075813852 0.997022194 0.004477379 -0.997116208 -0.075757650 -5.955763817 2.067512274 -2.510198832
0.000000000 0.500000000 0.666666667 0.500000000 0.500000000 0.000000000 0.000000000 0.999796279 -0.005798526 0.019333305 -0.019629768 -0.056385720 0.998216070 -0.004698060 -0.998392221 -0.056488057 -6.018999100 2.143253088 -2.239410400
0.000000000 0.500000000 0.666666667 0.500000000 0.500000000 0.000000000 0.000000000 0.999562703 -0.016251385 0.024704146 -0.025259904 -0.034930929 0.999070452 -0.015373340 -0.999257586 -0.035326162 -6.082841873 2.219953537 -1.959345698
0.000000000 0.500000000 0.666666667 0.500000000 0.500000000 0.000000000 0.000000000 0.999152777 -0.027646763 0.030485809 -0.030820614 -0.011765842 0.999455679 -0.027273023 -0.999548509 -0.012607964 -6.146173954 2.296422005 -1.680900812
0.000000000 0.500000000 0.666666667 0.500000000 0.500000000 0.000000000 0.000000000 0.998541121 -0.039672338 0.036629705 -0.036148415 0.012781991 0.999264686 -0.040111367 -0.999130986 0.011329251 -6.209035397 2.372617245 -1.404056311
0.000000000 0.500000000 0.666666667 0.500000000 0.500000000 0.000000000 0.000000000 0.997716820 -0.052021790 0.043068312 -0.041097740 0.038373724 0.998417965 -0.053592181 -0.997908408 0.036148131 -6.270907879 2.447865009 -1.128509522
0.000000000 0.500000000 0.666666667 0.500000000 0.500000000 0.000000000 0.000000000 0.996685296 -0.064396896 0.049713786 -0.045545075 0.064660688 0.996867414 -0.067409695 -0.995827312 0.061513395 -6.331726074 2.521999359 -0.854196787
0.000000000 0.500000000 0.666666667 0.500000000 0.500000000 0.000000000 0.000000000 0.995469226 -0.076509740 0.056456002 -0.049390478 0.091287492 0.994599002 -0.081250238 -0.992881087 0.087095036 -6.392192364 2.595739603 -0.581469715
0.000000000 0.500000000 0.666666667 0.500000000 0.500000000 0.000000000 0.000000000 0.994108400 -0.088084372 0.063163544 -0.052560054 0.117895281 0.991634077 -0.094794149 -0.989111645 0.112570970 -6.452338695 2.669038057 -0.310333252
0.000000000 0.500000000 0.666666667 0.500000000 0.500000000 0.000000000 0.000000000 0.992658623 -0.098858385 0.069684134 -0.055005784 0.144125469 0.988029459 -0.107718255 -0.984608993 0.137629607 -6.512011528 2.741669893 -0.040711060
0.000000000 0.500000000 0.666666667 0.500000000 0.500000000 0.000000000 0.000000000 0.991189644 -0.108583453 0.075846712 -0.056705082 0.169623339 0.983876240 -0.119698052 -0.979508834 0.161971664 -6.570690632 2.813055277 0.227644652
0.000000000 0.500000000 0.666666667 0.500000000 0.500000000 0.000000000 0.000000000 0.989782234 -0.117025363 0.081462838 -0.057657673 0.194041741 0.979297399 -0.130409824 -0.973988125 0.185311658 -6.629145145 2.883874416 0.494354844
0.000000000 0.500000000 0.666666667 0.500000000 0.500000000 0.000000000 0.000000000 0.988524243 -0.123962606 0.086331305 -0.057884024 0.217043527 0.974444225 -0.139532296 -0.968258942 0.207377334 -6.687409401 2.954083204 0.759395719
0.000000000 0.500000000 0.666666667 0.500000000 0.500000000 0.000000000 0.000000000 0.987505996 -0.129183968 0.090240848 -0.057420124 0.238303862 0.969491722 -0.146747530 -0.962560529 0.227908733 -6.745512485 3.023642540 1.022735000
0.000000000 0.500000000 0.666666667 0.500000000 0.500000000 0.000000000 0.000000000 0.986814842 -0.132485424 0.092973544 -0.056311370 0.257511082 0.964633128 -0.151741547 -0.957149756 0.246655322 -6.802956581 3.092132568 1.284551978
0.000000000 0.500000000 0.666666667 0.500000000 0.500000000 0.000000000 0.000000000 0.986528908 -0.133665146 0.094309820 -0.054606677 0.274366847 0.960073405 -0.154203840 -0.952290114 0.263371817 -6.860016823 3.159698486 1.544713736
0.000000000 0.500000000 0.666666667 0.500000000 0.500000000 0.000000000 0.000000000 0.986710057 -0.132517982 0.094033231 -0.052350897 0.288584872 0.956022047 -0.153826681 -0.948239293 0.277812160 -6.916994572 3.226505041 1.803076148
0.000000000 0.500000000 0.666666667 0.500000000 0.500000000 0.000000000 0.000000000 0.987396094 -0.128828955 0.091935051 -0.049575615 0.299888969 0.952685082 -0.150303732 -0.945235265 0.289722422 -6.973916054 3.292520762 2.059608221
0.000000000 0.500000000 0.666666667 0.500000000 0.500000000 0.000000000 0.000000000 0.988578744 -0.122443898 0.087861018 -0.046291137 0.308103448 0.950225971 -0.143419654 -0.943440383 0.298916453 -7.030797958 3.357719660 2.314290047
0.000000000 0.500000000 0.666666667 0.500000000 0.500000000 0.000000000 0.000000000 0.990161993 -0.113497823 0.081838079 -0.042481627 0.313424637 0.948662378 -0.133321186 -0.942806046 0.305519591 -7.086921215 3.421799183 2.567366362
0.000000000 0.500000000 0.666666667 0.500000000 0.500000000 0.000000000 0.000000000 0.992012497 -0.102186104 0.073954078 -0.038104243 0.316136432 0.947948218 -0.120246714 -0.943194443 0.309717567 -7.142939091 3.485109806 2.818624735
0.000000000 0.500000000 0.666666667 0.500000000 0.500000000 0.000000000 0.000000000 0.993980681 -0.088692316 0.064312356 -0.033095154 0.316518308 0.948008898 -0.104437143 -0.944430958 0.311677798 -7.198859692 3.547704935 3.068076134
0.000000000 0.500000000 0.666666667 0.500000000 0.500000000 0.000000000 0.000000000 0.995906974 -0.073193258 0.053028724 -0.027378237 0.314847150 0.948747440 -0.086137858 -0.946316025 0.311554570 -7.254662991 3.609616518 3.315745831
0.000000000 0.500000000 0.666666667 0.500000000 0.500000000 0.000000000 0.000000000 0.997627678 -0.055864111 0.040227078 -0.020871193 0.311399409 0.950049894 -0.065600381 -0.948635657 0.309494719 -7.310102463 3.670840979 3.561717987
0.000000000 0.500000000 0.666666667 0.500000000 0.500000000 0.000000000 0.000000000 0.998980390 -0.036882888 0.026035241 -0.013490982 0.306452752 0.951790263 -0.043083345 -0.951171048 0.305642703 -7.364826679 3.731353760 3.806107044
0.000000000 0.500000000 0.666666667 0.500000000 0.500000000 0.000000000 0.000000000 0.999808949 -0.016433596 0.010583164 -0.005160785 0.300286834 0.953834988 -0.018852924 -0.953707373 0.300144654 -7.419372559 3.791287661 4.048794270
0.000000000 0.500000000 0.666666667 0.500000000 0.500000000 0.000000000 0.000000000 0.999967997 0.005290646 -0.006001254 0.004186477 0.293184521 0.956046709 0.006817580 -0.956041237 0.293152988 -7.473710537 3.850679874 4.289803982
0.000000000 0.500000000 0.666666667 0.500000000 0.500000000 0.000000000 0.000000000 0.999327040 0.028085050 -0.023594419 0.014603724 0.285431242 0.958287920 0.033648149 -0.957987597 0.284829012 -7.527819634 3.909565449 4.529160023
0.000000000 0.500000000 0.666666667 0.500000000 0.500000000 0.000000000 0.000000000 0.997774007 0.051733101 -0.042079897 0.026126365 0.277314378 0.960423942 0.061355069 -0.959385440 0.275345481 -7.580905438 3.968052864 4.767026901
0.000000000 0.500000000 0.666666667 0.500000000 0.500000000 0.000000000 0.000000000 0.995218199 0.076005664 -0.061350435 0.038769635 0.269122451 0.962325320 0.089652954 -0.960102206 0.264888849 -7.633547306 4.026120663 5.003307343
0.000000000 0.500000000 0.666666667 0.500000000 0.500000000 0.000000000 0.000000000 0.991592719 0.100659717 -0.081311137 0.052528499 0.261142148 0.963870082 0.118256655 -0.960037707 0.253659149 -7.685878754 4.083788872 5.237982273
0.000000000 0.500000000 0.666666667 0.500000000 0.500000000 0.000000000 0.000000000 0.986855966 0.125442252 -0.101880046 0.067374837 0.253657467 0.964944828 0.146887486 -0.959125712 0.241871734 -7.736496448 4.139459133 5.464517593
0.000000000 0.500000000 0.666666667 0.500000000 0.500000000 0.000000000 0.000000000 0.980992689 0.150088197 -0.122991374 0.083260437 0.246945626 0.965445782 0.175274198 -0.957335569 0.229755445 -7.784440517 4.193460465 5.683034420
0.000000000 0.500000000 0.666666667 0.500000000 0.500000000 0.000000000 0.000000000 0.974014465 0.174322875 -0.144593769 0.100114930 0.241275824 0.965278704 0.203157140 -0.954671416 0.217553820 -7.830319881 4.245623589 5.893450737
0.000000000 0.500000000 0.666666667 0.500000000 0.500000000 0.000000000 0.000000000 0.965958650 0.197864240 -0.166654219 0.117851043 0.236905571 0.964358275 0.230293330 -0.951170591 0.205522478 -7.874435902 4.295870304 6.095720291
0.000000000 0.500000000 0.666666667 0.500000000 0.500000000 0.000000000 0.000000000 0.956887503 0.220424259 -0.189154573 0.136363888 0.234078600 0.962606929 0.256458956 -0.946900394 0.193928978 -7.916740417 4.344234467 6.289834976
0.000000000 0.500000000 0.666666667 0.500000000 0.500000000 0.000000000 0.000000000 0.946886208 0.241708568 -0.212093088 0.155536922 0.233022455 0.959952500 0.281451196 -0.941954088 0.183051142 -7.955949306 4.391250133 6.475906849
0.000000000 0.500000000 0.666666667 0.500000000 0.500000000 0.000000000 0.000000000 0.936060568 0.261418756 -0.235480034 0.175242559 0.233946454 0.956325835 0.305091229 -0.936445028 0.173176359 -7.993290901 4.436431885 6.653796196
0.000000000 0.500000000 0.666666667 0.500000000 0.500000000 0.000000000 0.000000000 0.924521846 0.279307142 -0.259320029 0.195349942 0.236956787 0.951677404 0.327257937 -0.930504702 0.164509092 -8.028777122 4.479775429 6.823482513
0.000000000 0.500000000 0.666666667 0.500000000 0.500000000 0.000000000 0.000000000 0.912343642 0.295354058 -0.283540226 0.215730261 0.241810554 0.946038112 0.347979215 -0.924280064 0.156897514 -8.061847687 4.521534443 6.984983921
0.000000000 0.500000000 0.666666667 0.500000000 0.500000000 0.000000000 0.000000000 0.899587067 0.309606859 -0.308036851 0.236276324 0.248175243 0.939458646 0.367309961 -0.917906663 0.150102468 -8.092324257 4.561763763 7.138290882
0.000000000 0.500000000 0.666666667 0.500000000 0.500000000 0.000000000 0.000000000 0.886311727 0.322130984 -0.332690775 0.256897966 0.255716170 0.931993925 0.385298531 -0.911504728 0.143889445 -8.121027946 4.600004673 7.283341885
0.000000000 0.500000000 0.666666667 0.500000000 0.500000000 0.000000000 0.000000000 0.872577113 0.333007125 -0.357372966 0.277523534 0.264098883 0.923705834 0.401982425 -0.905183979 0.138029326 -8.147875786 4.636278153 7.420121670
0.000000000 0.500000000 0.666666667 0.500000000 0.500000000 0.000000000 0.000000000 0.858442601 0.342333331 -0.381947891 0.298098748 0.272990980 0.914665546 0.417388832 -0.899046059 0.132297950 -8.171770096 4.671273231 7.548631191
0.000000000 0.500000000 0.666666667 0.500000000 0.500000000 0.000000000 0.000000000 0.843968332 0.350226019 -0.406274773 0.318583327 0.282064468 0.904955413 0.431534609 -0.893186079 0.126477309 -8.194018364 4.704100132 7.668842792
0.000000000 0.500000000 0.666666667 0.500000000 0.500000000 0.000000000 0.000000000 0.829215839 0.356819737 -0.430210143 0.338949693 0.290997096 0.894669657 0.444425695 -0.887693846 0.120355461 -8.214629173 4.734717846 7.780745506
0.000000000 0.500000000 0.666666667 0.500000000 0.500000000 0.000000000 0.000000000 0.814247876 0.362265354 -0.453612401 0.359184289 0.299473500 0.883913044 0.456055965 -0.882654766 0.113725638 -8.232606888 4.764006138 7.884258270
0.000000000 0.500000000 0.666666667 0.500000000 0.500000000 0.000000000 0.000000000 0.799128540 0.366731919 -0.476341553 0.379283458 0.307186051 0.872800543 0.466409299 -0.878148296 0.106385790 -8.251540184 4.795323372 7.994952202
0.000000000 0.500000000 0.666666667 0.500000000 0.500000000 0.000000000 0.000000000 0.783925041 0.370551253 -0.498149876 0.399252113 0.313578092 0.861548913 0.475456917 -0.874277158 0.097878348 -8.271347046 4.828830242 8.112764358
0.000000000 0.500000000 0.666666667 0.500000000 0.500000000 0.000000000 0.000000000 0.768706207 0.378695892 -0.515441741 0.419104656 0.310533002 0.853182596 0.483158416 -0.871870791 0.079995435 -8.291892052 4.864598274 8.237409592
0.000000000 0.500000000 0.666666667 0.500000000 0.500000000 0.000000000 0.000000000 0.753543694 0.385996701 -0.532145138 0.438858925 0.307324185 0.844366442 0.489463732 -0.869803651 0.062184105 -8.313249588 4.903364181 8.369009972
0.000000000 0.500000000 0.666666667 0.500000000 0.500000000 0.000000000 0.000000000 0.738512943 0.392357419 -0.548319513 0.458538117 0.303944633 0.835081107 0.494309041 -0.868143603 0.044556213 -8.335263252 4.945801735 8.507380486
0.000000000 0.500000000 0.666666667 0.500000000 0.500000000 0.000000000 0.000000000 0.723692058 0.397663095 -0.564033569 0.478167633 0.300385476 0.825302539 0.497619854 -0.866967490 0.027236962 -8.359343529 4.992865086 8.651952744
0.000000000 0.500000000 0.666666667 0.500000000 0.500000000 0.000000000 0.000000000 0.709164629 0.401777794 -0.579361832 0.497769039 0.296637318 0.815004470 0.499311038 -0.866360725 0.010372147 -8.387075424 5.043398380 8.802776337
0.000000000 0.500000000 0.666666667 0.500000000 0.500000000 0.000000000 0.000000000 0.695018587 0.404540766 -0.594387023 0.517361866 0.292689396 0.804157707 0.499285353 -0.866417732 -0.005869395 -8.418452263 5.097034931 8.959911346
0.000000000 0.500000000 0.666666667 0.500000000 0.500000000 0.000000000 0.000000000 0.681347461 0.405764174 -0.609197072 0.536958141 0.288531149 0.792733077 0.497435013 -0.867239996 -0.021288411 -8.453618050 5.153347015 9.123417854
0.000000000 0.500000000 0.666666667 0.500000000 0.500000000 0.000000000 0.000000000 0.668251573 0.405227739 -0.623883254 0.556559176 0.284153027 0.780704131 0.493641284 -0.868934714 -0.035647509 -8.492846489 5.211712360 9.293387413
0.000000000 0.500000000 0.666666667 0.500000000 0.500000000 0.000000000 0.000000000 0.655840078 0.402673845 -0.638535485 0.576149567 0.279548173 0.768052404 0.487776043 -0.871611492 -0.048661466 -8.536635399 5.271166801 9.469960213
