0.000000000 0.500000000 0.666666667 0.500000000 0.500000000 0.000000000 0.000000000 -0.902483559 -0.430724304 0.000000000 0.000000000 -0.000000000 1.000000000 -0.430724304 0.902483559 -0.000000000 -24.964242935 1.941426039 32.345130920
0.000000000 0.500000000 0.666666667 0.500000000 0.500000000 0.000000000 0.000000000 -0.903161117 -0.429032000 0.015216434 0.019152284 -0.004857760 0.999804777 -0.428874326 0.903276228 0.012604283 -25.034536362 1.995083571 32.221599579
0.000000000 0.500000000 0.666666667 0.500000000 0.500000000 0.000000000 0.000000000 -0.903920169 -0.426495982 0.032085918 0.040166173 -0.009961600 0.999143356 -0.425810999 0.904434599 0.026135202 -25.104116440 2.046477556 32.103607178
0.000000000 0.500000000 0.666666667 0.500000000 0.500000000 0.000000000 0.000000000 -0.904594021 -0.423292167 0.050332889 0.062689088 -0.015309035 0.997915684 -0.421639344 0.905863883 0.040384261 -25.174152374 2.095428705 31.991857529
0.000000000 0.500000000 0.666666667 0.500000000 0.500000000 0.000000000 0.000000000 -0.905034016 -0.419593930 0.069673258 0.086365111 -0.020890907 0.996044496 -0.416478687 0.907471489 0.055145258 -25.245412827 2.141777039 31.886901855
0.000000000 0.500000000 0.666666667 0.500000000 0.500000000 0.000000000 0.000000000 -0.905114227 -0.415573205 0.089817297 0.110839460 -0.026687693 0.993479935 -0.410466624 0.909168124 0.070217320 -25.318223953 2.185385466 31.789154053
0.000000000 0.500000000 0.666666667 0.500000000 0.500000000 0.000000000 0.000000000 -0.904736895 -0.411398103 0.110466068 0.135757043 -0.032670387 0.990203348 -0.403758810 0.910870049 0.085408295 -25.392503738 2.226161957 31.698837280
0.000000000 0.500000000 0.666666667 0.500000000 0.500000000 0.000000000 0.000000000 -0.903834685 -0.407233151 0.131316496 0.160768341 -0.038797984 0.986229313 -0.396530455 0.912499796 0.100537162 -25.467794418 2.264085531 31.615911484
0.000000000 0.500000000 0.666666667 0.500000000 0.500000000 0.000000000 0.000000000 -0.902372013 -0.403239593 0.152061113 0.185529697 -0.045016809 0.981606957 -0.388977483 0.913986498 0.115434828 -25.543348312 2.299226046 31.540069580
0.000000000 0.500000000 0.666666667 0.500000000 0.500000000 0.000000000 0.000000000 -0.900345869 -0.399573688 0.172389631 0.209706163 -0.051263255 0.976419686 -0.381314362 0.915266599 0.129947724 -25.619663239 2.331299067 31.472146988
0.000000000 0.500000000 0.666666667 0.500000000 0.500000000 0.000000000 0.000000000 -0.897784021 -0.396387087 0.191992525 0.232974030 -0.057461818 0.970783828 -0.373773934 0.916283481 0.143936199 -25.693946838 2.361416578 31.410007477
0.000000000 0.500000000 0.666666667 0.500000000 0.500000000 0.000000000 0.000000000 -0.894743469 -0.393824437 0.210562194 0.255022261 -0.063529392 0.964845927 -0.366603016 0.916987639 0.157276506 -25.765180588 2.389821053 31.352613449
0.000000000 0.500000000 0.666666667 0.500000000 0.500000000 0.000000000 0.000000000 -0.891305740 -0.392025555 0.227793859 0.275551822 -0.069375120 0.958779582 -0.360062872 0.917334757 0.169857798 -25.833374023 2.416956663 31.300306320
0.000000000 0.500000000 0.666666667 0.500000000 0.500000000 0.000000000 0.000000000 -0.887571939 -0.391124168 0.243388452 0.294277614 -0.074904253 0.952780163 -0.354424518 0.917284710 0.181582000 -25.908399582 2.447582006 31.243551254
0.000000000 0.500000000 0.666666667 0.500000000 0.500000000 0.000000000 0.000000000 -0.883656355 -0.391249213 0.257051550 0.310925097 -0.080019919 0.947059870 -0.349967184 0.916799251 0.192359309 -25.990282059 2.481817007 31.182439804
0.000000000 0.500000000 0.666666667 0.500000000 0.500000000 0.000000000 0.000000000 -0.879679184 -0.392524919 0.268493428 0.325228140 -0.084627093 0.941841235 -0.346974336 0.915839747 0.202104842 -26.078197479 2.521547794 31.117048264
0.000000000 0.500000000 0.666666667 0.500000000 0.500000000 0.000000000 0.000000000 -0.875757302 -0.395071254 0.277430806 0.336927942 -0.088636193 0.937349021 -0.345729243 0.914364440 0.210734338 -26.171447754 2.566867352 31.046621323
0.000000000 0.500000000 0.666666667 0.500000000 0.500000000 0.000000000 0.000000000 -0.871995256 -0.399005272 0.283582557 0.345764690 -0.091965614 0.933803569 -0.346512703 0.912325117 0.218155513 -26.269124985 2.618861675 30.970829010
0.000000000 0.500000000 0.666666667 0.500000000 0.500000000 0.000000000 0.000000000 -0.868473446 -0.404443979 0.286668695 0.351473738 -0.094547457 0.931411289 -0.349599892 0.909662490 0.224263393 -26.369819641 2.678951263 30.889099121
0.000000000 0.500000000 0.666666667 0.500000000 0.500000000 0.000000000 0.000000000 -0.865236220 -0.411503103 0.286411381 0.353781469 -0.096330982 0.930354241 -0.355253368 0.906303226 0.228931227 -26.471519470 2.748796940 30.800695419
0.000000000 0.500000000 0.666666667 0.500000000 0.500000000 0.000000000 0.000000000 -0.862279115 -0.420299570 0.282529644 0.352396089 -0.097289649 0.930780168 -0.363719295 0.902154640 0.232002757 -26.571693420 2.830031633 30.704860687
0.000000000 0.500000000 0.666666667 0.500000000 0.500000000 0.000000000 0.000000000 -0.859526439 -0.430890588 0.274859241 0.347122284 -0.097443644 0.932743725 -0.375127206 0.897127659 0.233327114 -26.670000076 2.920729637 30.600595474
0.000000000 0.500000000 0.666666667 0.500000000 0.500000000 0.000000000 0.000000000 -0.856810772 -0.443099641 0.263700603 0.338214454 -0.096919258 0.936064977 -0.389212388 0.891217911 0.232904168 -26.766510010 3.018430948 30.486520767
0.000000000 0.500000000 0.666666667 0.500000000 0.500000000 0.000000000 0.000000000 -0.853929547 -0.456691977 0.249472979 0.326032943 -0.095871356 0.940484558 -0.405594439 0.884443962 0.230764013 -26.861557007 3.120102405 30.360918045
0.000000000 0.500000000 0.666666667 0.500000000 0.500000000 0.000000000 0.000000000 -0.850672947 -0.471436806 0.232600247 0.310935687 -0.094452690 0.945726011 -0.423880331 0.876827251 0.226934875 -26.955619812 3.221981049 30.221807480
0.000000000 0.500000000 0.666666667 0.500000000 0.500000000 0.000000000 0.000000000 -0.846842526 -0.487103689 0.213512839 0.293286899 -0.092810790 0.951508777 -0.443667140 0.868398614 0.221457255 -27.049194336 3.319387198 30.067144394
0.000000000 0.500000000 0.666666667 0.500000000 0.500000000 0.000000000 0.000000000 -0.842265720 -0.503463303 0.192647761 0.273460663 -0.091078059 0.957561514 -0.464551099 0.859202822 0.214389336 -27.142652512 3.406595468 29.895212173
0.000000000 0.500000000 0.666666667 0.500000000 0.500000000 0.000000000 0.000000000 -0.836806746 -0.520289628 0.170449913 0.251848851 -0.089369352 0.963631296 -0.486134370 0.849300784 0.205819222 -27.236091614 3.476947546 29.705141068
0.000000000 0.500000000 0.666666667 0.500000000 0.500000000 0.000000000 0.000000000 -0.830378472 -0.537358920 0.147366833 0.228858716 -0.087777603 0.969494085 -0.508030787 0.838773202 0.195867904 -27.323673248 3.521850586 29.494855881
0.000000000 0.500000000 0.666666667 0.500000000 0.500000000 0.000000000 0.000000000 -0.822947771 -0.554453367 0.123848418 0.204916025 -0.086369314 0.974961417 -0.529873937 0.827720850 0.184693814 -27.399774551 3.540733576 29.266502380
0.000000000 0.500000000 0.666666667 0.500000000 0.500000000 0.000000000 0.000000000 -0.814540269 -0.571363144 0.100340959 0.180460876 -0.085182047 0.979886673 -0.551323882 0.816264771 0.172492901 -27.465667725 3.541465282 29.024835587
0.000000000 0.500000000 0.666666667 0.500000000 0.500000000 0.000000000 0.000000000 -0.805243118 -0.587886780 0.077282952 0.155945703 -0.084225026 0.984168219 -0.572070326 0.804546630 0.159500040 -27.525398254 3.531698465 28.772542953
0.000000000 0.500000000 0.666666667 0.500000000 0.500000000 0.000000000 0.000000000 -0.795201257 -0.603836692 0.055101823 0.131832537 -0.083477084 0.987750859 -0.591840471 0.792724937 0.145986405 -27.582221985 3.515743256 28.510620117
0.000000000 0.500000000 0.666666667 0.500000000 0.500000000 0.000000000 0.000000000 -0.784616386 -0.619037100 0.034208122 0.108585703 -0.082887902 0.990625429 -0.610398453 0.780975457 0.132253785 -27.633216858 3.491381168 28.238981247
0.000000000 0.500000000 0.666666667 0.500000000 0.500000000 0.000000000 0.000000000 -0.773738746 -0.633327354 0.014993850 0.086671297 -0.082381840 0.992824918 -0.627547958 0.769486644 0.118633325 -27.684135437 3.464630127 27.958522797
0.000000000 0.500000000 0.666666667 0.500000000 0.500000000 0.000000000 0.000000000 -0.762859951 -0.646560121 -0.002169261 0.066550576 -0.081857700 0.994419598 -0.643129627 0.758458520 0.105474910 -27.731874466 3.432868481 27.668958664
0.000000000 0.500000000 0.666666667 0.500000000 0.500000000 0.000000000 0.000000000 -0.752302345 -0.658600475 -0.016929132 0.048681449 -0.081196818 0.995508510 -0.657016969 0.748099252 0.093146182 -27.778818130 3.401129723 27.382341385
0.000000000 0.500000000 0.666666667 0.500000000 0.500000000 0.000000000 0.000000000 -0.742406924 -0.669323381 -0.028951165 0.033514930 -0.080264873 0.996209968 -0.669110386 0.738622882 0.082021524 -27.820934296 3.366588116 27.098365784
0.000000000 0.500000000 0.666666667 0.500000000 0.500000000 0.000000000 0.000000000 -0.733519136 -0.678610451 -0.037914825 0.021495911 -0.078919272 0.996649223 -0.679328789 0.730246263 0.072476146 -27.862785339 3.332453012 26.817426682
0.000000000 0.500000000 0.666666667 0.500000000 0.500000000 0.000000000 0.000000000 -0.725974836 -0.686343743 -0.043506361 0.013067228 -0.077016644 0.996944173 -0.687597109 0.723187875 0.064880756 -27.903194427 3.298073053 26.539459229
0.000000000 0.500000000 0.666666667 0.500000000 0.500000000 0.000000000 0.000000000 -0.720083031 -0.692400237 -0.045412998 0.008669545 -0.074419601 0.997189331 -0.693833746 0.717665406 0.059591087 -27.941015244 3.262806416 26.264408112
0.000000000 0.500000000 0.666666667 0.500000000 0.500000000 0.000000000 0.000000000 -0.716049238 -0.696696282 -0.043448592 0.008590186 -0.071032716 0.997436996 -0.697996918 0.713840770 0.056847673 -27.978649139 3.228014946 25.992471695
0.000000000 0.500000000 0.666666667 0.500000000 0.500000000 0.000000000 0.000000000 -0.713785028 -0.699335506 -0.037957658 0.012484042 -0.066892923 0.997682056 -0.700253584 0.711656650 0.056477701 -28.016080856 3.193693876 25.723642349
0.000000000 0.500000000 0.666666667 0.500000000 0.500000000 0.000000000 0.000000000 -0.713092391 -0.700453405 -0.029398442 0.019852564 -0.062092099 0.997872961 -0.700788925 0.710991982 0.058183200 -28.051532745 3.158740282 25.457807541
0.000000000 0.500000000 0.666666667 0.500000000 0.500000000 0.000000000 0.000000000 -0.713739772 -0.700174028 -0.018217239 0.030197252 -0.056746667 0.997931832 -0.699759718 0.711713528 0.061645685 -28.086521149 3.124090433 25.195035934
0.000000000 0.500000000 0.666666667 0.500000000 0.500000000 0.000000000 0.000000000 -0.715481233 -0.698615114 -0.004850643 0.043020205 -0.050986567 0.997772335 -0.697306151 0.713678704 0.066534497 -28.121286392 3.089883566 24.935321808
0.000000000 0.500000000 0.666666667 0.500000000 0.500000000 0.000000000 0.000000000 -0.718071306 -0.695893806 0.010266923 0.057820119 -0.044948835 0.997314612 -0.693563575 0.716736641 0.072513131 -28.155807495 3.056101322 24.678651810
0.000000000 0.500000000 0.666666667 0.500000000 0.500000000 0.000000000 0.000000000 -0.721277546 -0.692131415 0.026698440 0.074091492 -0.038772410 0.996497442 -0.688672021 0.720729356 0.079246718 -28.189090729 3.022013426 24.424966812
0.000000000 0.500000000 0.666666667 0.500000000 0.500000000 0.000000000 0.000000000 -0.724889580 -0.687458192 0.044003758 0.091324459 -0.032589247 0.995287790 -0.682784696 0.725492367 0.086405353 -28.221879959 2.988157988 24.174276352
0.000000000 0.500000000 0.666666667 0.500000000 0.500000000 0.000000000 0.000000000 -0.728729328 -0.682013392 0.061735725 0.109005587 -0.026523773 0.993687210 -0.676070521 0.730858551 0.093671921 -28.254396439 2.954687834 23.926567078
0.000000000 0.500000000 0.666666667 0.500000000 0.500000000 0.000000000 0.000000000 -0.732653460 -0.675949406 0.079443741 0.126621132 -0.020685329 0.991735452 -0.668719670 0.736657666 0.100744657 -28.286611557 2.921589613 23.681816101
0.000000000 0.500000000 0.666666667 0.500000000 0.500000000 0.000000000 0.000000000 -0.736557256 -0.669431442 0.096669298 0.143653912 -0.015167985 0.989511741 -0.660943993 0.742718976 0.107338535 -28.318351746 2.888698101 23.439998627
0.000000000 0.500000000 0.666666667 0.500000000 0.500000000 0.000000000 0.000000000 -0.740374323 -0.662636919 0.112952096 0.159590626 -0.010047971 0.987132144 -0.652975263 0.748873388 0.113189901 -28.349172592 2.855619192 23.201101303
0.000000000 0.500000000 0.666666667 0.500000000 0.500000000 0.000000000 0.000000000 -0.744073228 -0.655755163 0.127828778 0.173919365 -0.005383061 0.984745184 -0.645063629 0.754954428 0.118053913 -28.379640579 2.822892427 22.965099335
0.000000000 0.500000000 0.666666667 0.500000000 0.500000000 0.000000000 0.000000000 -0.747652554 -0.648985029 0.140833558 0.186131025 -0.001215683 0.982524180 -0.637472274 0.760800207 0.121705157 -28.409732819 2.790512085 22.731969833
0.000000000 0.500000000 0.666666667 0.500000000 0.500000000 0.000000000 0.000000000 -0.751131430 -0.642532923 0.151502535 0.195720290 0.002428394 0.980656755 -0.630472159 0.766254230 0.123932687 -28.439420700 2.758474350 22.501693726
0.000000000 0.500000000 0.666666667 0.500000000 0.500000000 0.000000000 0.000000000 -0.754538523 -0.636610747 0.159368676 0.202180888 0.005531900 0.979332572 -0.624335251 0.771165453 0.124536494 -28.468587875 2.726650953 22.274267197
0.000000000 0.500000000 0.666666667 0.500000000 0.500000000 0.000000000 0.000000000 -0.757897057 -0.631432845 0.163965280 0.205005196 0.008083984 0.978727500 -0.619326182 0.775388426 0.123320186 -28.496959686 2.694691658 22.049678802
0.000000000 0.500000000 0.666666667 0.500000000 0.500000000 0.000000000 0.000000000 -0.761207535 -0.627213054 0.164823762 0.203679824 0.010072329 0.978985739 -0.615692795 0.778782596 0.120083512 -28.524854660 2.663078546 21.827892303
0.000000000 0.500000000 0.666666667 0.500000000 0.500000000 0.000000000 0.000000000 -0.764428220 -0.624160624 0.161471394 0.197679157 0.011475684 0.980199602 -0.613654990 0.781211766 0.114611209 -28.552242279 2.631808042 21.608886719
0.000000000 0.500000000 0.666666667 0.500000000 0.500000000 0.000000000 0.000000000 -0.767449515 -0.622478021 0.153435183 0.186467007 0.012254852 0.982384789 -0.613393265 0.782541329 0.106666633 -28.579105377 2.600877047 21.392648697
0.000000000 0.500000000 0.666666667 0.500000000 0.500000000 0.000000000 0.000000000 -0.770088911 -0.622295987 0.140395061 0.169664981 0.012360006 0.985424286 -0.614960863 0.782684441 0.096063534 -28.605419159 2.570276976 21.179166794
0.000000000 0.500000000 0.666666667 0.500000000 0.500000000 0.000000000 0.000000000 -0.772140343 -0.623501120 0.122660684 0.147595536 0.011778981 0.988977661 -0.618073497 0.781733720 0.082930956 -28.631032944 2.539484501 20.968507767
0.000000000 0.500000000 0.666666667 0.500000000 0.500000000 0.000000000 0.000000000 -0.773366869 -0.625908639 0.100707801 0.120763824 0.010497407 0.992625762 -0.622350211 0.779825737 0.067468774 -28.656112671 2.508967161 20.760633469
0.000000000 0.500000000 0.666666667 0.500000000 0.500000000 0.000000000 0.000000000 -0.773514467 -0.629321898 0.075028779 0.089693346 0.008492558 0.995933221 -0.627399771 0.777098337 0.049876870 -28.680719376 2.478784084 20.555562973
0.000000000 0.500000000 0.666666667 0.500000000 0.500000000 0.000000000 0.000000000 -0.772334724 -0.633538288 0.046133627 0.054930933 0.005742579 0.998473643 -0.632836208 0.773690029 0.030365656 -28.704868317 2.448931932 20.353309631
0.000000000 0.500000000 0.666666667 0.500000000 0.500000000 0.000000000 0.000000000 -0.769607772 -0.638351095 0.014551897 0.017051928 0.002234583 0.999852108 -0.638289205 0.769742091 0.009165364 -28.728584290 2.419409514 20.153894424
0.000000000 0.500000000 0.666666667 0.500000000 0.500000000 0.000000000 0.000000000 -0.765160873 -0.643553684 -0.019170117 -0.023340489 -0.002028775 0.999725515 -0.643415931 0.765398288 -0.013468519 -28.751909256 2.389943838 19.957366943
0.000000000 0.500000000 0.666666667 0.500000000 0.500000000 0.000000000 0.000000000 -0.758884737 -0.648942522 -0.054475311 -0.065620444 -0.007024040 0.997819934 -0.647910421 0.760805012 -0.037253460 -28.774864197 2.360456228 19.763771057
0.000000000 0.500000000 0.666666667 0.500000000 0.500000000 0.000000000 0.000000000 -0.750743925 -0.654322930 -0.090802321 -0.109144727 -0.012704344 0.993944681 -0.651514380 0.756108526 -0.061878188 -28.797470093 2.331316471 19.573062897
0.000000000 0.500000000 0.666666667 0.500000000 0.500000000 0.000000000 0.000000000 -0.740786506 -0.659511424 -0.127593241 -0.153262466 -0.018995471 0.988002930 -0.654022912 0.751454492 -0.087006758 -28.819738388 2.302534342 19.385257721
0.000000000 0.500000000 0.666666667 0.500000000 0.500000000 0.000000000 0.000000000 -0.729147771 -0.664339573 -0.164305994 -0.197327107 -0.025798487 0.979998189 -0.655290425 0.746985521 -0.112281297 -28.841701508 2.274122477 19.200380325
0.000000000 0.500000000 0.666666667 0.500000000 0.500000000 0.000000000 0.000000000 -0.716051479 -0.668656327 -0.200422044 -0.240708383 -0.032987285 0.970036759 -0.655232595 0.742839522 -0.137330589 -28.863372803 2.246084213 19.018445969
0.000000000 0.500000000 0.666666667 0.500000000 0.500000000 0.000000000 0.000000000 -0.701805577 -0.672330991 -0.235456941 -0.282803189 -0.040414162 0.958326172 -0.653828180 0.739146626 -0.161774464 -28.885032654 2.217681885 18.839618683
0.000000000 0.500000000 0.666666667 0.500000000 0.500000000 0.000000000 0.000000000 -0.686795912 -0.675253381 -0.268968858 -0.323047040 -0.047913433 0.945169251 -0.651115953 0.736027971 -0.185231856 -28.906425476 2.189717770 18.663759232
0.000000000 0.500000000 0.666666667 0.500000000 0.500000000 0.000000000 0.000000000 -0.671478074 -0.677333228 -0.300560967 -0.360920751 -0.055302854 0.930955319 -0.647188851 0.733594774 -0.207328964 -28.927562714 2.162213087 18.490892410
0.000000000 0.500000000 0.666666667 0.500000000 0.500000000 0.000000000 0.000000000 -0.656363648 -0.678500119 -0.329885359 -0.395955498 -0.062391879 0.916147639 -0.642188450 0.731945928 -0.227704091 -28.948455811 2.135192871 18.321020126
0.000000000 0.500000000 0.666666667 0.500000000 0.500000000 0.000000000 0.000000000 -0.642009277 -0.678697702 -0.356642002 -0.427733876 -0.068986563 0.901268321 -0.636292244 0.731170489 -0.246011985 -28.968854904 2.109002352 18.156240463
0.000000000 0.500000000 0.666666667 0.500000000 0.500000000 0.000000000 0.000000000 -0.629001084 -0.677881687 -0.380570696 -0.455884511 -0.074894406 0.886882258 -0.629703857 0.731346188 -0.261927099 -28.989336014 2.082650661 17.996795654
0.000000000 0.500000000 0.666666667 0.500000000 0.500000000 0.000000000 0.000000000 -0.617940712 -0.676012393 -0.401443049 -0.480075595 -0.079929877 0.873578066 -0.622636892 0.732542463 -0.275145127 -29.009365082 2.057113409 17.842489243
0.000000000 0.500000000 0.666666667 0.500000000 0.500000000 0.000000000 0.000000000 -0.609428809 -0.673049615 -0.419047424 -0.499999836 -0.083921750 0.861949711 -0.615302114 0.734820628 -0.285380365 -29.028892517 2.032509804 17.693296432
