0.000000000 0.384615385 0.666666667 0.384615385 0.500000000 0.000000000 0.000000000 0.053473127 0.000000000 -0.998569289 4.494221687 0.998569289 0.000000000 0.053473127 0.771979332 0.000000000 1.000000000 0.000000000 18.598602295
0.000000000 0.384615385 0.666666667 0.384615385 0.500000000 0.000000000 0.000000000 0.054271447 0.000000000 -0.998526219 4.486669064 0.998526219 0.000000000 0.054271447 0.765214503 0.000000000 1.000000000 0.000000000 18.514062881
0.000000000 0.384615385 0.666666667 0.384615385 0.500000000 0.000000000 0.000000000 0.055133552 0.000000000 -0.998478989 4.482940197 0.998478989 0.000000000 0.055133552 0.767460525 0.000000000 1.000000000 0.000000000 18.426984787
0.000000000 0.384615385 0.666666667 0.384615385 0.500000000 0.000000000 0.000000000 0.055868516 0.000000000 -0.998438135 4.477607250 0.998438135 0.000000000 0.055868516 0.769762397 0.000000000 1.000000000 0.000000000 18.333314896
0.000000000 0.384615385 0.666666667 0.384615385 0.500000000 0.000000000 0.000000000 0.056583775 0.000000000 -0.998397855 4.474321842 0.998397855 0.000000000 0.056583775 0.767304063 0.000000000 1.000000000 0.000000000 18.243320465
0.000000000 0.384615385 0.666666667 0.384615385 0.500000000 0.000000000 0.000000000 0.057278261 0.000000000 -0.998358253 4.469145298 0.998358253 0.000000000 0.057278261 0.764761627 0.000000000 1.000000000 0.000000000 18.159126282
0.000000000 0.384615385 0.666666667 0.384615385 0.500000000 0.000000000 0.000000000 0.058025897 0.000000000 -0.998315078 4.464726925 0.998315078 0.000000000 0.058025897 0.766609311 0.000000000 1.000000000 0.000000000 18.086757660
0.000000000 0.384615385 0.666666667 0.384615385 0.500000000 0.000000000 0.000000000 0.058496474 0.000000000 -0.998287615 4.462225914 0.998287615 0.000000000 0.058496474 0.765212297 0.000000000 1.000000000 0.000000000 18.024604797
0.000000000 0.384615385 0.666666667 0.384615385 0.500000000 0.000000000 0.000000000 0.058953222 0.000000000 -0.998260746 4.457281113 0.998260746 0.000000000 0.058953222 0.768522322 0.000000000 1.000000000 0.000000000 17.962863922
0.000000000 0.384615385 0.666666667 0.384615385 0.500000000 0.000000000 0.000000000 0.059396654 0.000000000 -0.998234460 4.453952312 0.998234460 0.000000000 0.059396654 0.766622901 0.000000000 1.000000000 0.000000000 17.902050018
0.000000000 0.384615385 0.666666667 0.384615385 0.500000000 0.000000000 0.000000000 0.059759799 0.000000000 -0.998212786 4.448726177 0.998212786 0.000000000 0.059759799 0.766777873 0.000000000 1.000000000 0.000000000 17.838310242
0.000000000 0.384615385 0.666666667 0.384615385 0.500000000 0.000000000 0.000000000 0.060188324 0.000000000 -0.998187039 4.446502686 0.998187039 0.000000000 0.060188324 0.767513573 0.000000000 1.000000000 0.000000000 17.783378601
0.000000000 0.384615385 0.666666667 0.384615385 0.500000000 0.000000000 0.000000000 0.060598768 0.000000000 -0.998162206 4.442671299 0.998162206 0.000000000 0.060598768 0.765782833 0.000000000 1.000000000 0.000000000 17.723016739
0.000000000 0.384615385 0.666666667 0.384615385 0.500000000 0.000000000 0.000000000 0.060931582 0.000000000 -0.998141945 4.440359116 0.998141945 0.000000000 0.060931582 0.767359734 0.000000000 1.000000000 0.000000000 17.671873093
0.000000000 0.384615385 0.666666667 0.384615385 0.500000000 0.000000000 0.000000000 0.061254283 0.000000000 -0.998122193 4.436459064 0.998122193 0.000000000 0.061254283 0.766983926 0.000000000 1.000000000 0.000000000 17.623388290
0.000000000 0.384615385 0.666666667 0.384615385 0.500000000 0.000000000 0.000000000 0.061507864 0.000000000 -0.998106599 4.434373379 0.998106599 0.000000000 0.061507864 0.767178237 0.000000000 1.000000000 0.000000000 17.573484421
0.000000000 0.384615385 0.666666667 0.384615385 0.500000000 0.000000000 0.000000000 0.061818863 0.000000000 -0.998087385 4.430525303 0.998087385 0.000000000 0.061818863 0.768086851 0.000000000 1.000000000 0.000000000 17.524272919
0.000000000 0.384615385 0.666666667 0.384615385 0.500000000 0.000000000 0.000000000 0.062119754 0.000000000 -0.998068703 4.427873611 0.998068703 0.000000000 0.062119754 0.765987277 0.000000000 1.000000000 0.000000000 17.474906921
0.000000000 0.384615385 0.666666667 0.384615385 0.500000000 0.000000000 0.000000000 0.062356313 0.000000000 -0.998053952 4.425172806 0.998053952 0.000000000 0.062356313 0.766391039 0.000000000 1.000000000 0.000000000 17.424032211
0.000000000 0.384615385 0.666666667 0.384615385 0.500000000 0.000000000 0.000000000 0.062645496 0.000000000 -0.998035842 4.420952797 0.998035842 0.000000000 0.062645496 0.767089963 0.000000000 1.000000000 0.000000000 17.375682831
0.000000000 0.384615385 0.666666667 0.384615385 0.500000000 0.000000000 0.000000000 0.062925112 0.000000000 -0.998018251 4.418192387 0.998018251 0.000000000 0.062925112 0.767236173 0.000000000 1.000000000 0.000000000 17.326213837
0.000000000 0.384615385 0.666666667 0.384615385 0.500000000 0.000000000 0.000000000 0.063144122 0.000000000 -0.998004419 4.415174961 0.998004419 0.000000000 0.063144122 0.765714884 0.000000000 1.000000000 0.000000000 17.275726318
0.000000000 0.384615385 0.666666667 0.384615385 0.500000000 0.000000000 0.000000000 0.063411500 0.000000000 -0.997987466 4.411785126 0.997987466 0.000000000 0.063411500 0.767534792 0.000000000 1.000000000 0.000000000 17.225839615
0.000000000 0.384615385 0.666666667 0.384615385 0.500000000 0.000000000 0.000000000 0.063620404 0.000000000 -0.997974170 4.408154488 0.997974170 0.000000000 0.063620404 0.768155396 0.000000000 1.000000000 0.000000000 17.174543381
0.000000000 0.384615385 0.666666667 0.384615385 0.500000000 0.000000000 0.000000000 0.063875545 0.000000000 -0.997957872 4.405411720 0.997957872 0.000000000 0.063875545 0.765915275 0.000000000 1.000000000 0.000000000 17.126106262
0.000000000 0.384615385 0.666666667 0.384615385 0.500000000 0.000000000 0.000000000 0.064121121 0.000000000 -0.997942123 4.403600693 0.997942123 0.000000000 0.064121121 0.768154263 0.000000000 1.000000000 0.000000000 17.074115753
0.000000000 0.384615385 0.666666667 0.384615385 0.500000000 0.000000000 0.000000000 0.064311938 0.000000000 -0.997929845 4.401429176 0.997929845 0.000000000 0.064311938 0.767941415 0.000000000 1.000000000 0.000000000 17.024833679
0.000000000 0.384615385 0.666666667 0.384615385 0.500000000 0.000000000 0.000000000 0.064544740 0.000000000 -0.997914814 4.395464897 0.997914814 0.000000000 0.064544740 0.767519653 0.000000000 1.000000000 0.000000000 16.976352692
0.000000000 0.384615385 0.666666667 0.384615385 0.500000000 0.000000000 0.000000000 0.064767989 0.000000000 -0.997900350 4.393496990 0.997900350 0.000000000 0.064767989 0.767851174 0.000000000 1.000000000 0.000000000 16.925319672
0.000000000 0.384615385 0.666666667 0.384615385 0.500000000 0.000000000 0.000000000 0.064941253 0.000000000 -0.997889089 4.391041756 0.997889089 0.000000000 0.064941253 0.768147767 0.000000000 1.000000000 0.000000000 16.874818802
0.000000000 0.384615385 0.666666667 0.384615385 0.500000000 0.000000000 0.000000000 0.065151734 0.000000000 -0.997875369 4.387022018 0.997875369 0.000000000 0.065151734 0.768477678 0.000000000 1.000000000 0.000000000 16.825403214
0.000000000 0.384615385 0.666666667 0.384615385 0.500000000 0.000000000 0.000000000 0.065353172 0.000000000 -0.997862196 4.384263992 0.997862196 0.000000000 0.065353172 0.769493639 0.000000000 1.000000000 0.000000000 16.775741577
0.000000000 0.384615385 0.666666667 0.384615385 0.500000000 0.000000000 0.000000000 0.065509427 0.000000000 -0.997851950 4.381655216 0.997851950 0.000000000 0.065509427 0.768941760 0.000000000 1.000000000 0.000000000 16.723737717
0.000000000 0.384615385 0.666666667 0.384615385 0.500000000 0.000000000 0.000000000 0.065698106 0.000000000 -0.997839546 4.378391743 0.997839546 0.000000000 0.065698106 0.769891024 0.000000000 1.000000000 0.000000000 16.675136566
0.000000000 0.384615385 0.666666667 0.384615385 0.500000000 0.000000000 0.000000000 0.065877746 0.000000000 -0.997827702 4.372759342 0.997827702 0.000000000 0.065877746 0.766494572 0.000000000 1.000000000 0.000000000 16.626111984
0.000000000 0.384615385 0.666666667 0.384615385 0.500000000 0.000000000 0.000000000 0.066016455 0.000000000 -0.997818534 4.369135380 0.997818534 0.000000000 0.066016455 0.768437326 0.000000000 1.000000000 0.000000000 16.575155258
0.000000000 0.384615385 0.666666667 0.384615385 0.500000000 0.000000000 0.000000000 0.066183872 0.000000000 -0.997807444 4.365878582 0.997807444 0.000000000 0.066183872 0.766735196 0.000000000 1.000000000 0.000000000 16.526092529
0.000000000 0.384615385 0.666666667 0.384615385 0.500000000 0.000000000 0.000000000 0.066342248 0.000000000 -0.997796926 4.361134529 0.997796926 0.000000000 0.066342248 0.766689956 0.000000000 1.000000000 0.000000000 16.465723038
0.000000000 0.384615385 0.666666667 0.384615385 0.500000000 0.000000000 0.000000000 0.066495305 0.000000000 -0.997786738 4.357732296 0.997786738 0.000000000 0.066495305 0.767418206 0.000000000 1.000000000 0.000000000 16.416147232
0.000000000 0.384615385 0.666666667 0.384615385 0.500000000 0.000000000 0.000000000 0.066639322 0.000000000 -0.997777130 4.355079651 0.997777130 0.000000000 0.066639322 0.764880598 0.000000000 1.000000000 0.000000000 16.366115570
0.000000000 0.384615385 0.666666667 0.384615385 0.500000000 0.000000000 0.000000000 0.066749868 0.000000000 -0.997769741 4.353683472 0.997769741 0.000000000 0.066749868 0.766876578 0.000000000 1.000000000 0.000000000 16.315454483
0.000000000 0.384615385 0.666666667 0.384615385 0.500000000 0.000000000 0.000000000 0.066881663 0.000000000 -0.997760915 4.350927830 0.997760915 0.000000000 0.066881663 0.766900897 0.000000000 1.000000000 0.000000000 16.266801834
0.000000000 0.384615385 0.666666667 0.384615385 0.500000000 0.000000000 0.000000000 0.067004965 0.000000000 -0.997752642 4.346027851 0.997752642 0.000000000 0.067004965 0.765641987 0.000000000 1.000000000 0.000000000 16.217260361
0.000000000 0.384615385 0.666666667 0.384615385 0.500000000 0.000000000 0.000000000 0.067098496 0.000000000 -0.997746356 4.342434406 0.997746356 0.000000000 0.067098496 0.765486538 0.000000000 1.000000000 0.000000000 16.166904449
0.000000000 0.384615385 0.666666667 0.384615385 0.500000000 0.000000000 0.000000000 0.067209569 0.000000000 -0.997738881 4.337978840 0.997738881 0.000000000 0.067209569 0.767542958 0.000000000 1.000000000 0.000000000 16.117712021
0.000000000 0.384615385 0.666666667 0.384615385 0.500000000 0.000000000 0.000000000 0.067312131 0.000000000 -0.997731967 4.335670471 0.997731967 0.000000000 0.067312131 0.766827464 0.000000000 1.000000000 0.000000000 16.066957474
0.000000000 0.384615385 0.666666667 0.384615385 0.500000000 0.000000000 0.000000000 0.067389184 0.000000000 -0.997726765 4.331892967 0.997726765 0.000000000 0.067389184 0.763921022 0.000000000 1.000000000 0.000000000 15.997616768
0.000000000 0.384615385 0.666666667 0.384615385 0.500000000 0.000000000 0.000000000 0.067515658 0.000000000 -0.997718215 4.326232433 0.997718215 0.000000000 0.067515658 0.766919911 0.000000000 1.000000000 0.000000000 15.942675591
0.000000000 0.384615385 0.666666667 0.384615385 0.500000000 0.000000000 0.000000000 0.067595378 0.000000000 -0.997712817 4.322145462 0.997712817 0.000000000 0.067595378 0.764363766 0.000000000 1.000000000 0.000000000 15.888554573
0.000000000 0.384615385 0.666666667 0.384615385 0.500000000 0.000000000 0.000000000 0.067668172 0.000000000 -0.997707882 4.319474697 0.997707882 0.000000000 0.067668172 0.768185735 0.000000000 1.000000000 0.000000000 15.819877625
0.000000000 0.384615385 0.666666667 0.384615385 0.500000000 0.000000000 0.000000000 0.067747352 0.000000000 -0.997702509 4.316213608 0.997702509 0.000000000 0.067747352 0.764773607 0.000000000 1.000000000 0.000000000 15.751029968
0.000000000 0.384615385 0.666666667 0.384615385 0.500000000 0.000000000 0.000000000 0.067826009 0.000000000 -0.997697165 4.310181618 0.997697165 0.000000000 0.067826009 0.768123865 0.000000000 1.000000000 0.000000000 15.683141708
0.000000000 0.384615385 0.666666667 0.384615385 0.500000000 0.000000000 0.000000000 0.067881802 0.000000000 -0.997693370 4.303773403 0.997693370 0.000000000 0.067881802 0.769796789 0.000000000 1.000000000 0.000000000 15.615214348
0.000000000 0.384615385 0.666666667 0.384615385 0.500000000 0.000000000 0.000000000 0.067927503 0.000000000 -0.997690260 4.297528744 0.997690260 0.000000000 0.067927503 0.769257486 0.000000000 1.000000000 0.000000000 15.534120560
0.000000000 0.384615385 0.666666667 0.384615385 0.500000000 0.000000000 0.000000000 0.067973200 0.000000000 -0.997687147 4.295306683 0.997687147 0.000000000 0.067973200 0.770484805 0.000000000 1.000000000 0.000000000 15.456337929
0.000000000 0.384615385 0.666666667 0.384615385 0.500000000 0.000000000 0.000000000 0.067998182 0.000000000 -0.997685445 4.290327072 0.997685445 0.000000000 0.067998182 0.769525588 0.000000000 1.000000000 0.000000000 15.381620407
0.000000000 0.384615385 0.666666667 0.384615385 0.500000000 0.000000000 0.000000000 0.068008811 0.000000000 -0.997684721 4.285665035 0.997684721 0.000000000 0.068008811 0.769539773 0.000000000 1.000000000 0.000000000 15.325488091
0.000000000 0.384615385 0.666666667 0.384615385 0.500000000 0.000000000 0.000000000 0.068008811 0.000000000 -0.997684721 4.281465054 0.997684721 0.000000000 0.068008811 0.768783033 0.000000000 1.000000000 0.000000000 15.268437386
0.000000000 0.384615385 0.666666667 0.384615385 0.500000000 0.000000000 0.000000000 0.067998710 0.000000000 -0.997685409 4.275643826 0.997685409 0.000000000 0.067998710 0.768810153 0.000000000 1.000000000 0.000000000 15.213808060
0.000000000 0.384615385 0.666666667 0.384615385 0.500000000 0.000000000 0.000000000 0.067983297 0.000000000 -0.997686459 4.274492264 0.997686459 0.000000000 0.067983297 0.769404709 0.000000000 1.000000000 0.000000000 15.158576012
0.000000000 0.384615385 0.666666667 0.384615385 0.500000000 0.000000000 0.000000000 0.067960985 0.000000000 -0.997687980 4.271465302 0.997687980 0.000000000 0.067960985 0.767187893 0.000000000 1.000000000 0.000000000 15.098994255
0.000000000 0.384615385 0.666666667 0.384615385 0.500000000 0.000000000 0.000000000 0.067925375 0.000000000 -0.997690405 4.266887665 0.997690405 0.000000000 0.067925375 0.768167317 0.000000000 1.000000000 0.000000000 15.037987709
0.000000000 0.384615385 0.666666667 0.384615385 0.500000000 0.000000000 0.000000000 0.067888705 0.000000000 -0.997692901 4.262404919 0.997692901 0.000000000 0.067888705 0.768672466 0.000000000 1.000000000 0.000000000 14.989276886
0.000000000 0.384615385 0.666666667 0.384615385 0.500000000 0.000000000 0.000000000 0.067845136 0.000000000 -0.997695864 4.258454323 0.997695864 0.000000000 0.067845136 0.768052876 0.000000000 1.000000000 0.000000000 14.940609932
0.000000000 0.384615385 0.666666667 0.384615385 0.500000000 0.000000000 0.000000000 0.067805814 0.000000000 -0.997698537 4.255314827 0.997698537 0.000000000 0.067805814 0.766911685 0.000000000 1.000000000 0.000000000 14.890736580
0.000000000 0.384615385 0.666666667 0.384615385 0.500000000 0.000000000 0.000000000 0.067750543 0.000000000 -0.997702292 4.251574039 0.997702292 0.000000000 0.067750543 0.767915249 0.000000000 1.000000000 0.000000000 14.841088295
0.000000000 0.384615385 0.666666667 0.384615385 0.500000000 0.000000000 0.000000000 0.067689429 0.000000000 -0.997706440 4.247335434 0.997706440 0.000000000 0.067689429 0.768386424 0.000000000 1.000000000 0.000000000 14.790678024
0.000000000 0.384615385 0.666666667 0.384615385 0.500000000 0.000000000 0.000000000 0.067635228 0.000000000 -0.997710116 4.247308254 0.997710116 0.000000000 0.067635228 0.768443942 0.000000000 1.000000000 0.000000000 14.742267609
0.000000000 0.384615385 0.666666667 0.384615385 0.500000000 0.000000000 0.000000000 0.067561891 0.000000000 -0.997715085 4.244181156 0.997715085 0.000000000 0.067561891 0.769233525 0.000000000 1.000000000 0.000000000 14.690165520
0.000000000 0.384615385 0.666666667 0.384615385 0.500000000 0.000000000 0.000000000 0.067482182 0.000000000 -0.997720479 4.239821911 0.997720479 0.000000000 0.067482182 0.768477142 0.000000000 1.000000000 0.000000000 14.640853882
0.000000000 0.384615385 0.666666667 0.384615385 0.500000000 0.000000000 0.000000000 0.067413625 0.000000000 -0.997725114 4.235907555 0.997725114 0.000000000 0.067413625 0.768962324 0.000000000 1.000000000 0.000000000 14.590834618
0.000000000 0.384615385 0.666666667 0.384615385 0.500000000 0.000000000 0.000000000 0.067322221 0.000000000 -0.997731286 4.230661392 0.997731286 0.000000000 0.067322221 0.768050611 0.000000000 1.000000000 0.000000000 14.541156769
0.000000000 0.384615385 0.666666667 0.384615385 0.500000000 0.000000000 0.000000000 0.067224972 0.000000000 -0.997737843 4.228386879 0.997737843 0.000000000 0.067224972 0.769288003 0.000000000 1.000000000 0.000000000 14.490566254
0.000000000 0.384615385 0.666666667 0.384615385 0.500000000 0.000000000 0.000000000 0.067142605 0.000000000 -0.997743389 4.226163864 0.997743389 0.000000000 0.067142605 0.768170536 0.000000000 1.000000000 0.000000000 14.440426826
0.000000000 0.384615385 0.666666667 0.384615385 0.500000000 0.000000000 0.000000000 0.067033125 0.000000000 -0.997750751 4.222167492 0.997750751 0.000000000 0.067033125 0.769550741 0.000000000 1.000000000 0.000000000 14.391058922
0.000000000 0.384615385 0.666666667 0.384615385 0.500000000 0.000000000 0.000000000 0.066918331 0.000000000 -0.997758456 4.218803406 0.997758456 0.000000000 0.066918331 0.769872129 0.000000000 1.000000000 0.000000000 14.342653275
0.000000000 0.384615385 0.666666667 0.384615385 0.500000000 0.000000000 0.000000000 0.066822143 0.000000000 -0.997764903 4.214900494 0.997764903 0.000000000 0.066822143 0.769411206 0.000000000 1.000000000 0.000000000 14.290605545
0.000000000 0.384615385 0.666666667 0.384615385 0.500000000 0.000000000 0.000000000 0.066695132 0.000000000 -0.997773401 4.211963177 0.997773401 0.000000000 0.066695132 0.769505441 0.000000000 1.000000000 0.000000000 14.241547585
0.000000000 0.384615385 0.666666667 0.384615385 0.500000000 0.000000000 0.000000000 0.066562800 0.000000000 -0.997782238 4.209241867 0.997782238 0.000000000 0.066562800 0.768319249 0.000000000 1.000000000 0.000000000 14.191210747
0.000000000 0.384615385 0.666666667 0.384615385 0.500000000 0.000000000 0.000000000 0.066452261 0.000000000 -0.997789606 4.204532146 0.997789606 0.000000000 0.066452261 0.769613862 0.000000000 1.000000000 0.000000000 14.143412590
0.000000000 0.384615385 0.666666667 0.384615385 0.500000000 0.000000000 0.000000000 0.066308231 0.000000000 -0.997799187 4.200792789 0.997799187 0.000000000 0.066308231 0.769423306 0.000000000 1.000000000 0.000000000 14.076325417