0.000000000 0.384615385 0.666666667 0.384615385 0.500000000 0.000000000 0.000000000 0.963916283 0.000000000 -0.266205560 -56.633270264 0.266205560 0.000000000 0.963916283 -0.482179552 0.000000000 1.000000000 0.000000000 27.055982590
0.000000000 0.384615385 0.666666667 0.384615385 0.500000000 0.000000000 0.000000000 0.961354715 0.000000000 -0.275312752 -56.807903290 0.275312752 0.000000000 0.961354715 -0.501066267 0.000000000 1.000000000 0.000000000 26.988521576
0.000000000 0.384615385 0.666666667 0.384615385 0.500000000 0.000000000 0.000000000 0.957381086 0.000000000 -0.288827727 -57.155506134 0.288827727 0.000000000 0.957381086 -0.447873831 0.000000000 1.000000000 0.000000000 26.927421570
0.000000000 0.384615385 0.666666667 0.384615385 0.500000000 0.000000000 0.000000000 0.952939576 0.000000000 -0.303160294 -57.398979187 0.303160294 0.000000000 0.952939576 -0.503559887 0.000000000 1.000000000 0.000000000 26.803329468
0.000000000 0.384615385 0.666666667 0.384615385 0.500000000 0.000000000 0.000000000 0.947835433 0.000000000 -0.318760084 -57.681735992 0.318760084 0.000000000 0.947835433 -0.486625671 0.000000000 1.000000000 0.000000000 26.720298767
0.000000000 0.384615385 0.666666667 0.384615385 0.500000000 0.000000000 0.000000000 0.943842190 0.000000000 -0.330396611 -57.950332642 0.330396611 0.000000000 0.943842190 -0.498986185 0.000000000 1.000000000 0.000000000 26.644124985
0.000000000 0.384615385 0.666666667 0.384615385 0.500000000 0.000000000 0.000000000 0.935564758 0.000000000 -0.353155184 -58.184364319 0.353155184 0.000000000 0.935564758 -0.467138350 0.000000000 1.000000000 0.000000000 26.549600601
0.000000000 0.384615385 0.666666667 0.384615385 0.500000000 0.000000000 0.000000000 0.926681795 0.000000000 -0.375846845 -58.445247650 0.375846845 0.000000000 0.926681795 -0.498291761 0.000000000 1.000000000 0.000000000 26.417440414
0.000000000 0.384615385 0.666666667 0.384615385 0.500000000 0.000000000 0.000000000 0.915986150 0.000000000 -0.401209886 -58.704547882 0.401209886 0.000000000 0.915986150 -0.468220353 0.000000000 1.000000000 0.000000000 26.291854858
0.000000000 0.384615385 0.666666667 0.384615385 0.500000000 0.000000000 0.000000000 0.903256493 0.000000000 -0.429101046 -58.909500122 0.429101046 0.000000000 0.903256493 -0.460322708 0.000000000 1.000000000 0.000000000 26.167022705
0.000000000 0.384615385 0.666666667 0.384615385 0.500000000 0.000000000 0.000000000 0.900927697 0.000000000 -0.433969221 -59.150924683 0.433969221 0.000000000 0.900927697 -0.463634938 0.000000000 1.000000000 0.000000000 26.126037598
0.000000000 0.384615385 0.666666667 0.384615385 0.500000000 0.000000000 0.000000000 0.872661247 0.000000000 -0.488326067 -59.373386383 0.488326067 0.000000000 0.872661247 -0.495504439 0.000000000 1.000000000 0.000000000 25.964086533
0.000000000 0.384615385 0.666666667 0.384615385 0.500000000 0.000000000 0.000000000 0.857542329 0.000000000 -0.514413408 -59.598361969 0.514413408 0.000000000 0.857542329 -0.505446613 0.000000000 1.000000000 0.000000000 25.846321106
0.000000000 0.384615385 0.666666667 0.384615385 0.500000000 0.000000000 0.000000000 0.826251436 0.000000000 -0.563301487 -59.806579590 0.563301487 0.000000000 0.826251436 -0.491685480 0.000000000 1.000000000 0.000000000 25.699750900
0.000000000 0.384615385 0.666666667 0.384615385 0.500000000 0.000000000 0.000000000 0.802028193 0.000000000 -0.597286178 -59.606349945 0.597286178 0.000000000 0.802028193 -0.387276918 0.000000000 1.000000000 0.000000000 25.546922684
0.000000000 0.384615385 0.666666667 0.384615385 0.500000000 0.000000000 0.000000000 0.784142298 0.000000000 -0.620581063 -59.312221527 0.620581063 0.000000000 0.784142298 -0.434358507 0.000000000 1.000000000 0.000000000 25.486047745
0.000000000 0.384615385 0.666666667 0.384615385 0.500000000 0.000000000 0.000000000 0.778601001 0.000000000 -0.627519307 -59.057952881 0.627519307 0.000000000 0.778601001 -0.443071902 0.000000000 1.000000000 0.000000000 25.479940414
0.000000000 0.384615385 0.666666667 0.384615385 0.500000000 0.000000000 0.000000000 0.734129405 0.000000000 -0.679009585 -58.700973511 0.679009585 0.000000000 0.734129405 -0.464899272 0.000000000 1.000000000 0.000000000 25.439117432
0.000000000 0.384615385 0.666666667 0.384615385 0.500000000 0.000000000 0.000000000 0.680018966 0.000000000 -0.733194521 -58.378284454 0.733194521 0.000000000 0.680018966 -0.469858706 0.000000000 1.000000000 0.000000000 25.410247803
0.000000000 0.384615385 0.666666667 0.384615385 0.500000000 0.000000000 0.000000000 0.625652620 0.000000000 -0.780101788 -58.052482605 0.780101788 0.000000000 0.625652620 -0.517222583 0.000000000 1.000000000 0.000000000 25.417881012
0.000000000 0.384615385 0.666666667 0.384615385 0.500000000 0.000000000 0.000000000 0.607426098 0.000000000 -0.794376193 -57.770629883 0.794376193 0.000000000 0.607426098 -0.485813588 0.000000000 1.000000000 0.000000000 25.452741623
0.000000000 0.384615385 0.666666667 0.384615385 0.500000000 0.000000000 0.000000000 0.576505599 0.000000000 -0.817093198 -57.480678558 0.817093198 0.000000000 0.576505599 -0.452477396 0.000000000 1.000000000 0.000000000 25.494945526
0.000000000 0.384615385 0.666666667 0.384615385 0.500000000 0.000000000 0.000000000 0.497429029 0.000000000 -0.867504675 -57.189476013 0.867504675 0.000000000 0.497429029 -0.451526791 0.000000000 1.000000000 0.000000000 25.481508255
0.000000000 0.384615385 0.666666667 0.384615385 0.500000000 0.000000000 0.000000000 0.476241529 0.000000000 -0.879314509 -56.920066833 0.879314509 0.000000000 0.476241529 -0.518682539 0.000000000 1.000000000 0.000000000 25.509517670
0.000000000 0.384615385 0.666666667 0.384615385 0.500000000 0.000000000 0.000000000 0.415395884 0.000000000 -0.909640731 -56.583877563 0.909640731 0.000000000 0.415395884 -0.424711287 0.000000000 1.000000000 0.000000000 25.524730682
0.000000000 0.384615385 0.666666667 0.384615385 0.500000000 0.000000000 0.000000000 0.362364055 0.000000000 -0.932036637 -56.312179565 0.932036637 0.000000000 0.362364055 -0.503108799 0.000000000 1.000000000 0.000000000 25.463762283
0.000000000 0.384615385 0.666666667 0.384615385 0.500000000 0.000000000 0.000000000 0.313652912 0.000000000 -0.949537704 -56.021865845 0.949537704 0.000000000 0.313652912 -0.468733191 0.000000000 1.000000000 0.000000000 25.450092316
0.000000000 0.384615385 0.666666667 0.384615385 0.500000000 0.000000000 0.000000000 0.280208934 0.000000000 -0.959939036 -55.771369934 0.959939036 0.000000000 0.280208934 -0.460693032 0.000000000 1.000000000 0.000000000 25.446178436
0.000000000 0.384615385 0.666666667 0.384615385 0.500000000 0.000000000 0.000000000 0.184988487 0.000000000 -0.982740688 -55.416618347 0.982740688 0.000000000 0.184988487 -0.426721483 0.000000000 1.000000000 0.000000000 25.438001633
0.000000000 0.384615385 0.666666667 0.384615385 0.500000000 0.000000000 0.000000000 0.148329849 0.000000000 -0.988937943 -55.169040680 0.988937943 0.000000000 0.148329849 -0.427009583 0.000000000 1.000000000 0.000000000 25.444477081
0.000000000 0.384615385 0.666666667 0.384615385 0.500000000 0.000000000 0.000000000 0.139143040 0.000000000 -0.990272293 -54.862258911 0.990272293 0.000000000 0.139143040 -0.459947944 0.000000000 1.000000000 0.000000000 25.336986542
0.000000000 0.384615385 0.666666667 0.384615385 0.500000000 0.000000000 0.000000000 0.118853288 0.000000000 -0.992911827 -54.601673126 0.992911827 0.000000000 0.118853288 -0.465212405 0.000000000 1.000000000 0.000000000 25.342401505
0.000000000 0.384615385 0.666666667 0.384615385 0.500000000 0.000000000 0.000000000 0.078464412 0.000000000 -0.996916915 -54.267745972 0.996916915 0.000000000 0.078464412 -0.455313265 0.000000000 1.000000000 0.000000000 25.311832428
0.000000000 0.384615385 0.666666667 0.384615385 0.500000000 0.000000000 0.000000000 0.017435363 0.000000000 -0.999847992 -54.010391235 0.999847992 0.000000000 0.017435363 -0.423081338 0.000000000 1.000000000 0.000000000 25.277511597
0.000000000 0.384615385 0.666666667 0.384615385 0.500000000 0.000000000 0.000000000 -0.050329094 0.000000000 -0.998732688 -53.794544220 0.998732688 0.000000000 -0.050329094 -0.430445999 0.000000000 1.000000000 0.000000000 25.165023804
0.000000000 0.384615385 0.666666667 0.384615385 0.500000000 0.000000000 0.000000000 -0.072001386 0.000000000 -0.997404532 -53.477626801 0.997404532 0.000000000 -0.072001386 -0.494636685 0.000000000 1.000000000 0.000000000 25.097465515
0.000000000 0.384615385 0.666666667 0.384615385 0.500000000 0.000000000 0.000000000 -0.096214087 0.000000000 -0.995360663 -53.096942902 0.995360663 0.000000000 -0.096214087 -0.461159647 0.000000000 1.000000000 0.000000000 25.097999573
0.000000000 0.384615385 0.666666667 0.384615385 0.500000000 0.000000000 0.000000000 -0.114604901 0.000000000 -0.993411152 -52.862777710 0.993411152 0.000000000 -0.114604901 -0.462323129 0.000000000 1.000000000 0.000000000 24.983026505
0.000000000 0.384615385 0.666666667 0.384615385 0.500000000 0.000000000 0.000000000 -0.180769272 0.000000000 -0.983525531 -52.625366211 0.983525531 0.000000000 -0.180769272 -0.470751792 0.000000000 1.000000000 0.000000000 24.833368301
0.000000000 0.384615385 0.666666667 0.384615385 0.500000000 0.000000000 0.000000000 -0.235584841 0.000000000 -0.971853787 -52.360080719 0.971853787 0.000000000 -0.235584841 -0.468209535 0.000000000 1.000000000 0.000000000 24.692560196
0.000000000 0.384615385 0.666666667 0.384615385 0.500000000 0.000000000 0.000000000 -0.252028868 0.000000000 -0.967719717 -52.082313538 0.967719717 0.000000000 -0.252028868 -0.475040287 0.000000000 1.000000000 0.000000000 24.585634232
0.000000000 0.384615385 0.666666667 0.384615385 0.500000000 0.000000000 0.000000000 -0.342880803 0.000000000 -0.939378920 -51.786262512 0.939378920 0.000000000 -0.342880803 -0.500014961 0.000000000 1.000000000 0.000000000 24.385833740
0.000000000 0.384615385 0.666666667 0.384615385 0.500000000 0.000000000 0.000000000 -0.399962068 0.000000000 -0.916531693 -51.514202118 0.916531693 0.000000000 -0.399962068 -0.502706885 0.000000000 1.000000000 0.000000000 24.246772766
0.000000000 0.384615385 0.666666667 0.384615385 0.500000000 0.000000000 0.000000000 -0.425765794 0.000000000 -0.904833404 -51.232078552 0.904833404 0.000000000 -0.425765794 -0.458946377 0.000000000 1.000000000 0.000000000 24.009347916
0.000000000 0.384615385 0.666666667 0.384615385 0.500000000 0.000000000 0.000000000 -0.472197146 0.000000000 -0.881492969 -51.025817871 0.881492969 0.000000000 -0.472197146 -0.439333171 0.000000000 1.000000000 0.000000000 23.901220322
0.000000000 0.384615385 0.666666667 0.384615385 0.500000000 0.000000000 0.000000000 -0.508122321 0.000000000 -0.861284916 -50.744609833 0.861284916 0.000000000 -0.508122321 -0.438796371 0.000000000 1.000000000 0.000000000 23.648742676
0.000000000 0.384615385 0.666666667 0.384615385 0.500000000 0.000000000 0.000000000 -0.542509541 0.000000000 -0.840049640 -50.486106873 0.840049640 0.000000000 -0.542509541 -0.428693384 0.000000000 1.000000000 0.000000000 23.456937790
0.000000000 0.384615385 0.666666667 0.384615385 0.500000000 0.000000000 0.000000000 -0.565235170 0.000000000 -0.824929817 -50.224510193 0.824929817 0.000000000 -0.565235170 -0.465657949 0.000000000 1.000000000 0.000000000 23.286205292
0.000000000 0.384615385 0.666666667 0.384615385 0.500000000 0.000000000 0.000000000 -0.576329194 0.000000000 -0.817217633 -49.964168549 0.817217633 0.000000000 -0.576329194 -0.510744333 0.000000000 1.000000000 0.000000000 23.019775391
0.000000000 0.384615385 0.666666667 0.384615385 0.500000000 0.000000000 0.000000000 -0.595178684 0.000000000 -0.803593389 -49.640151978 0.803593389 0.000000000 -0.595178684 -0.455580115 0.000000000 1.000000000 0.000000000 22.844102859
0.000000000 0.384615385 0.666666667 0.384615385 0.500000000 0.000000000 0.000000000 -0.602602646 0.000000000 -0.798041384 -49.444442749 0.798041384 0.000000000 -0.602602646 -0.503000915 0.000000000 1.000000000 0.000000000 22.643756866
0.000000000 0.384615385 0.666666667 0.384615385 0.500000000 0.000000000 0.000000000 -0.660169643 0.000000000 -0.751116531 -49.247703552 0.751116531 0.000000000 -0.660169643 -0.472637028 0.000000000 1.000000000 0.000000000 22.329174042
0.000000000 0.384615385 0.666666667 0.384615385 0.500000000 0.000000000 0.000000000 -0.680799791 0.000000000 -0.732469552 -48.877624512 0.732469552 0.000000000 -0.680799791 -0.445229799 0.000000000 1.000000000 0.000000000 22.215667725
0.000000000 0.384615385 0.666666667 0.384615385 0.500000000 0.000000000 0.000000000 -0.710463788 0.000000000 -0.703733760 -48.671775818 0.703733760 0.000000000 -0.710463788 -0.508202493 0.000000000 1.000000000 0.000000000 21.878273010
0.000000000 0.384615385 0.666666667 0.384615385 0.500000000 0.000000000 0.000000000 -0.712570808 0.000000000 -0.701600202 -48.437576294 0.701600202 0.000000000 -0.712570808 -0.520161569 0.000000000 1.000000000 0.000000000 21.713216782
0.000000000 0.384615385 0.666666667 0.384615385 0.500000000 0.000000000 0.000000000 -0.750643639 0.000000000 -0.660707293 -48.089988708 0.660707293 0.000000000 -0.750643639 -0.455161721 0.000000000 1.000000000 0.000000000 21.515367508
0.000000000 0.384615385 0.666666667 0.384615385 0.500000000 0.000000000 0.000000000 -0.772000363 0.000000000 -0.635622089 -47.738338470 0.635622089 0.000000000 -0.772000363 -0.488658577 0.000000000 1.000000000 0.000000000 21.237985611
0.000000000 0.384615385 0.666666667 0.384615385 0.500000000 0.000000000 0.000000000 -0.780136374 0.000000000 -0.625609494 -47.536273956 0.625609494 0.000000000 -0.780136374 -0.424821019 0.000000000 1.000000000 0.000000000 21.005180359
0.000000000 0.384615385 0.666666667 0.384615385 0.500000000 0.000000000 0.000000000 -0.787856819 0.000000000 -0.615858452 -47.254695892 0.615858452 0.000000000 -0.787856819 -0.527162910 0.000000000 1.000000000 0.000000000 20.858833313
0.000000000 0.384615385 0.666666667 0.384615385 0.500000000 0.000000000 0.000000000 -0.799348942 0.000000000 -0.600867098 -46.940143585 0.600867098 0.000000000 -0.799348942 -0.460379332 0.000000000 1.000000000 0.000000000 20.656616211
0.000000000 0.384615385 0.666666667 0.384615385 0.500000000 0.000000000 0.000000000 -0.811677404 0.000000000 -0.584105977 -46.667732239 0.584105977 0.000000000 -0.811677404 -0.463627458 0.000000000 1.000000000 0.000000000 20.440546036
0.000000000 0.384615385 0.666666667 0.384615385 0.500000000 0.000000000 0.000000000 -0.825038123 0.000000000 -0.565077071 -46.441589355 0.565077071 0.000000000 -0.825038123 -0.497067869 0.000000000 1.000000000 0.000000000 20.206949234
0.000000000 0.384615385 0.666666667 0.384615385 0.500000000 0.000000000 0.000000000 -0.839128469 0.000000000 -0.543933280 -46.097648621 0.543933280 0.000000000 -0.839128469 -0.549212456 0.000000000 1.000000000 0.000000000 20.013196945
0.000000000 0.384615385 0.666666667 0.384615385 0.500000000 0.000000000 0.000000000 -0.853581950 0.000000000 -0.520958591 -45.744155884 0.520958591 0.000000000 -0.853581950 -0.594605982 0.000000000 1.000000000 0.000000000 19.778743744
0.000000000 0.384615385 0.666666667 0.384615385 0.500000000 0.000000000 0.000000000 -0.867959550 0.000000000 -0.496634896 -45.458015442 0.496634896 0.000000000 -0.867959550 -0.606070220 0.000000000 1.000000000 0.000000000 19.668449402
0.000000000 0.384615385 0.666666667 0.384615385 0.500000000 0.000000000 0.000000000 -0.881818322 0.000000000 -0.471589278 -45.122688293 0.471589278 0.000000000 -0.881818322 -0.614093304 0.000000000 1.000000000 0.000000000 19.463392258
0.000000000 0.384615385 0.666666667 0.384615385 0.500000000 0.000000000 0.000000000 -0.894757630 0.000000000 -0.446552107 -44.781658173 0.446552107 0.000000000 -0.894757630 -0.677273870 0.000000000 1.000000000 0.000000000 19.386322021
0.000000000 0.384615385 0.666666667 0.384615385 0.500000000 0.000000000 0.000000000 -0.906449273 0.000000000 -0.422314712 -44.421421051 0.422314712 0.000000000 -0.906449273 -0.690502286 0.000000000 1.000000000 0.000000000 19.145593643
0.000000000 0.384615385 0.666666667 0.384615385 0.500000000 0.000000000 0.000000000 -0.916561475 0.000000000 -0.399893813 -44.117179871 0.399893813 0.000000000 -0.916561475 -0.667605579 0.000000000 1.000000000 0.000000000 18.927812576
0.000000000 0.384615385 0.666666667 0.384615385 0.500000000 0.000000000 0.000000000 -0.925056501 0.000000000 -0.379829528 -43.824478149 0.379829528 0.000000000 -0.925056501 -0.749078989 0.000000000 1.000000000 0.000000000 18.808946609
0.000000000 0.384615385 0.666666667 0.384615385 0.500000000 0.000000000 0.000000000 -0.931943185 0.000000000 -0.362604330 -43.515438080 0.362604330 0.000000000 -0.931943185 -0.698664844 0.000000000 1.000000000 0.000000000 18.727891922
0.000000000 0.384615385 0.666666667 0.384615385 0.500000000 0.000000000 0.000000000 -0.937318731 0.000000000 -0.348473237 -43.083049774 0.348473237 0.000000000 -0.937318731 -0.717639446 0.000000000 1.000000000 0.000000000 18.580940247
0.000000000 0.384615385 0.666666667 0.384615385 0.500000000 0.000000000 0.000000000 -0.941343016 0.000000000 -0.337451222 -42.755153656 0.337451222 0.000000000 -0.941343016 -0.803773463 0.000000000 1.000000000 0.000000000 18.460611343
0.000000000 0.384615385 0.666666667 0.384615385 0.500000000 0.000000000 0.000000000 -0.944216974 0.000000000 -0.329324013 -42.467361450 0.329324013 0.000000000 -0.944216974 -0.667150855 0.000000000 1.000000000 0.000000000 18.371364594
0.000000000 0.384615385 0.666666667 0.384615385 0.500000000 0.000000000 0.000000000 -0.946172875 0.000000000 -0.323661690 -42.052829742 0.323661690 0.000000000 -0.946172875 -0.736725748 0.000000000 1.000000000 0.000000000 18.236463547
0.000000000 0.384615385 0.666666667 0.384615385 0.500000000 0.000000000 0.000000000 -0.947476044 0.000000000 -0.319826743 -41.728565216 0.319826743 0.000000000 -0.947476044 -0.710628033 0.000000000 1.000000000 0.000000000 18.111156464
0.000000000 0.384615385 0.666666667 0.384615385 0.500000000 0.000000000 0.000000000 -0.948437113 0.000000000 -0.316965366 -41.404315948 0.316965366 0.000000000 -0.948437113 -0.715800762 0.000000000 1.000000000 0.000000000 18.041727066
0.000000000 0.384615385 0.666666667 0.384615385 0.500000000 0.000000000 0.000000000 -0.949363512 0.000000000 -0.314179762 -41.147911072 0.314179762 0.000000000 -0.949363512 -0.744051516 0.000000000 1.000000000 0.000000000 17.916160583
0.000000000 0.384615385 0.666666667 0.384615385 0.500000000 0.000000000 0.000000000 -0.950518187 0.000000000 -0.310668917 -40.713184357 0.310668917 0.000000000 -0.950518187 -0.759169281 0.000000000 1.000000000 0.000000000 17.782278061
0.000000000 0.384615385 0.666666667 0.384615385 0.500000000 0.000000000 0.000000000 -0.952115734 0.000000000 -0.305737844 -40.344165802 0.305737844 0.000000000 -0.952115734 -0.726456583 0.000000000 1.000000000 0.000000000 17.622552872
0.000000000 0.384615385 0.666666667 0.384615385 0.500000000 0.000000000 0.000000000 -0.954319294 0.000000000 -0.298788696 -40.088665009 0.298788696 0.000000000 -0.954319294 -0.775651217 0.000000000 1.000000000 0.000000000 17.497920990