0.000000000 0.500000000 0.666666667 0.500000000 0.500000000 0.000000000 0.000000000 -0.575853624 0.817552814 0.000000000 -0.000000000 -0.000000000 1.000000000 0.817552814 0.575853624 0.000000000 28.118997574 -6.576028347 -40.094829559
0.000000000 0.500000000 0.666666667 0.500000000 0.500000000 0.000000000 0.000000000 -0.576187973 0.817317194 -0.000157209 0.000815992 0.000767602 0.999999372 0.817316802 0.576187483 -0.001109208 28.142934799 -6.544473648 -39.944217682
0.000000000 0.500000000 0.666666667 0.500000000 0.500000000 0.000000000 0.000000000 -0.576178866 0.817323533 0.000395306 0.001832254 0.000808003 0.999997995 0.817321575 0.576178435 -0.001963099 28.173725128 -6.506883621 -39.790405273
0.000000000 0.500000000 0.666666667 0.500000000 0.500000000 0.000000000 0.000000000 -0.575884849 0.817529383 0.001532551 0.003014694 0.000249009 0.999995425 0.817525261 0.575886835 -0.002608001 28.214262009 -6.460908890 -39.635147095
0.000000000 0.500000000 0.666666667 0.500000000 0.500000000 0.000000000 0.000000000 -0.575365939 0.817890121 0.003128148 0.004326026 -0.000781364 0.999990337 0.817884663 0.575373912 -0.003088643 28.265174866 -6.406091213 -39.479656219
0.000000000 0.500000000 0.666666667 0.500000000 0.500000000 0.000000000 0.000000000 -0.574681628 0.818361437 0.005058082 0.005731091 -0.002156058 0.999981253 0.818357001 0.574699843 -0.003451057 28.324316025 -6.344324589 -39.323329926
0.000000000 0.500000000 0.666666667 0.500000000 0.500000000 0.000000000 0.000000000 -0.573892236 0.818899217 0.007195398 0.007193137 -0.003745364 0.999967115 0.818899237 0.573925121 -0.003741019 28.390180588 -6.278918743 -39.164627075
0.000000000 0.500000000 0.666666667 0.500000000 0.500000000 0.000000000 0.000000000 -0.573058096 0.819460645 0.009416443 0.008677003 -0.005422498 0.999947652 0.819468808 0.573109804 -0.004003056 28.460794449 -6.213245869 -39.001472473
0.000000000 0.500000000 0.666666667 0.500000000 0.500000000 0.000000000 0.000000000 -0.572240880 0.820003608 0.011595626 0.010148067 -0.007058019 0.999923598 0.820022800 0.572314832 -0.004282564 28.535463333 -6.149695873 -38.832683563
0.000000000 0.500000000 0.666666667 0.500000000 0.500000000 0.000000000 0.000000000 -0.571502122 0.820487764 0.013607103 0.011570644 -0.008523040 0.999896734 0.820519009 0.571600548 -0.004622637 28.613710403 -6.092448711 -38.656745911
0.000000000 0.500000000 0.666666667 0.500000000 0.500000000 0.000000000 0.000000000 -0.570904549 0.820873378 0.015326231 0.012911177 -0.009688686 0.999869707 0.820914915 0.571028044 -0.005067127 28.694580078 -6.044165611 -38.472919464
0.000000000 0.500000000 0.666666667 0.500000000 0.500000000 0.000000000 0.000000000 -0.570511324 0.821121405 0.016627305 0.014135587 -0.010425045 0.999845740 0.821168079 0.570658353 -0.005659427 28.777122498 -6.009264469 -38.280521393
0.000000000 0.500000000 0.666666667 0.500000000 0.500000000 0.000000000 0.000000000 -0.570386227 0.821192600 0.017385780 0.015209791 -0.010603281 0.999828102 0.821235785 0.570552612 -0.006442203 28.862440109 -5.990627289 -38.080757141
0.000000000 0.500000000 0.666666667 0.500000000 0.500000000 0.000000000 0.000000000 -0.570592040 0.821047676 0.017476766 0.016099711 -0.010093498 0.999819444 0.821075833 0.570770387 -0.007459361 28.952768326 -5.981096745 -37.876247406
0.000000000 0.500000000 0.666666667 0.500000000 0.500000000 0.000000000 0.000000000 -0.571191443 0.820645438 0.016774990 0.016769138 -0.008765781 0.999820963 0.820645558 0.571370481 -0.008754577 29.049692154 -5.975737095 -37.668277740
0.000000000 0.500000000 0.666666667 0.500000000 0.500000000 0.000000000 0.000000000 -0.572247544 0.819940849 0.015157587 0.017182403 -0.006491251 0.999831300 0.819900917 0.572411449 -0.010373952 29.154706955 -5.970218182 -37.457836151
0.000000000 0.500000000 0.666666667 0.500000000 0.500000000 0.000000000 0.000000000 -0.573820429 0.818885721 0.012501629 0.017300097 -0.003141522 0.999845407 0.818798401 0.573948000 -0.012364132 29.267456055 -5.961578369 -37.245002747
0.000000000 0.500000000 0.666666667 0.500000000 0.500000000 0.000000000 0.000000000 -0.575969119 0.817425319 0.008684517 0.017080684 0.001412613 0.999853117 0.817292985 0.576032856 -0.014775805 29.387479782 -5.948457718 -37.029781342
0.000000000 0.500000000 0.666666667 0.500000000 0.500000000 0.000000000 0.000000000 -0.578749593 0.815497423 0.003586328 0.016478896 0.007297888 0.999837580 0.815338797 0.578714692 -0.017662147 29.514345169 -5.930433273 -36.812126160
0.000000000 0.500000000 0.666666667 0.500000000 0.500000000 0.000000000 0.000000000 -0.582214785 0.813029806 -0.002911843 0.015444121 0.014640273 0.999773545 0.812888321 0.582037969 -0.021080314 29.648382187 -5.908484459 -36.592323303
0.000000000 0.500000000 0.666666667 0.500000000 0.500000000 0.000000000 0.000000000 -0.586412513 0.809938890 -0.010925146 0.013922023 0.023563632 0.999625396 0.809892920 0.586040741 -0.025093997 29.790252686 -5.883279800 -36.370876312
0.000000000 0.500000000 0.666666667 0.500000000 0.500000000 0.000000000 0.000000000 -0.591367792 0.806140752 -0.020523719 0.011859845 0.034142722 0.999346596 0.806314752 0.590737982 -0.029751611 29.939998627 -5.855556488 -36.147918701
0.000000000 0.500000000 0.666666667 0.500000000 0.500000000 0.000000000 0.000000000 -0.597027103 0.801598404 -0.031601216 0.009244231 0.046263919 0.998886477 0.802167802 0.596070170 -0.035030974 30.098279953 -5.825615883 -35.924045563
0.000000000 0.500000000 0.666666667 0.500000000 0.500000000 0.000000000 0.000000000 -0.603317659 0.796285888 -0.044006673 0.006070904 0.059764818 0.998194025 0.797477866 0.601960922 -0.040891345 30.266057968 -5.793699264 -35.700130463
0.000000000 0.500000000 0.666666667 0.500000000 0.500000000 0.000000000 0.000000000 -0.610163834 0.790179515 -0.057588450 0.002335058 0.074480678 0.997219723 0.792271824 0.608332937 -0.047290532 30.444702148 -5.760034084 -35.477519989
0.000000000 0.500000000 0.666666667 0.500000000 0.500000000 0.000000000 0.000000000 -0.617488680 0.783259856 -0.072192295 -0.001963735 0.090244635 0.995917692 0.786577316 0.615109668 -0.054186926 30.636196136 -5.724882603 -35.258270264
0.000000000 0.500000000 0.666666667 0.500000000 0.500000000 0.000000000 0.000000000 -0.625216970 0.775511804 -0.087665172 -0.006826352 0.106888043 0.994247629 0.780421131 0.622218923 -0.061534302 30.832265854 -5.690346718 -35.055904388
0.000000000 0.500000000 0.666666667 0.500000000 0.500000000 0.000000000 0.000000000 -0.633270675 0.766930772 -0.103852988 -0.012247854 0.124241050 0.992176472 0.773833472 0.629588241 -0.069284958 31.034437180 -5.656910419 -34.873157501
0.000000000 0.500000000 0.666666667 0.500000000 0.500000000 0.000000000 0.000000000 -0.641576364 0.757518846 -0.120602517 -0.018219891 0.142133007 0.989679869 0.766842751 0.637152577 -0.077387267 31.242118835 -5.624836922 -34.711364746
0.000000000 0.500000000 0.666666667 0.500000000 0.500000000 0.000000000 0.000000000 -0.650060147 0.747290693 -0.137762207 -0.024729115 0.160393443 0.986743338 0.759480267 0.644849256 -0.085785548 31.452875137 -5.594340801 -34.569648743
0.000000000 0.500000000 0.666666667 0.500000000 0.500000000 0.000000000 0.000000000 -0.658651441 0.736272170 -0.155182378 -0.031756427 0.178852651 0.983363238 0.751777765 0.652621652 -0.094420183 31.664651871 -5.565586567 -34.447036743
0.000000000 0.500000000 0.666666667 0.500000000 0.500000000 0.000000000 0.000000000 -0.667283298 0.724501113 -0.172716930 -0.039277575 0.197342893 0.979547372 0.743767620 0.660419503 -0.103226970 31.875228882 -5.538662434 -34.341728210
0.000000000 0.500000000 0.666666667 0.500000000 0.500000000 0.000000000 0.000000000 -0.675892374 0.712028519 -0.190223257 -0.047261745 0.215698990 0.975315474 0.735483396 0.668198574 -0.112137592 32.082557678 -5.513567925 -34.251338959
0.000000000 0.500000000 0.666666667 0.500000000 0.500000000 0.000000000 0.000000000 -0.684420571 0.698917580 -0.207563721 -0.055672456 0.233759439 0.970699285 0.726958774 0.675922141 -0.121079311 32.284934998 -5.490224361 -34.173255920
0.000000000 0.500000000 0.666666667 0.500000000 0.500000000 0.000000000 0.000000000 -0.692814739 0.685244268 -0.224606392 -0.064467404 0.251367236 0.965742443 0.718228161 0.683560390 -0.129975007 32.481063843 -5.468510151 -34.105041504
0.000000000 0.500000000 0.666666667 0.500000000 0.500000000 0.000000000 0.000000000 -0.701027859 0.671096343 -0.241225289 -0.073598048 0.268370759 0.960500111 0.709325925 0.691091047 -0.138743997 32.670295715 -5.448405743 -34.045570374
0.000000000 0.500000000 0.666666667 0.500000000 0.500000000 0.000000000 0.000000000 -0.709019526 0.656572395 -0.257301383 -0.083010879 0.284624149 0.955038370 0.700286017 0.698499666 -0.147301428 32.851943970 -5.429870605 -33.993301392
0.000000000 0.500000000 0.666666667 0.500000000 0.500000000 0.000000000 0.000000000 -0.716754390 0.641782811 -0.272723244 -0.092647044 0.299988318 0.949433270 0.691143741 0.705777466 -0.155558664 33.025207520 -5.412414551 -33.945983887
0.000000000 0.500000000 0.666666667 0.500000000 0.500000000 0.000000000 0.000000000 -0.724205504 0.626845785 -0.287386064 -0.102442612 0.314330636 0.943769973 0.681932474 0.712923988 -0.163424257 33.190341949 -5.395972252 -33.904670715
0.000000000 0.500000000 0.666666667 0.500000000 0.500000000 0.000000000 0.000000000 -0.731352135 0.611887665 -0.301193525 -0.112330202 0.327525944 0.938141078 0.672685647 0.719944610 -0.170803333 33.346961975 -5.380263329 -33.868518829
0.000000000 0.500000000 0.666666667 0.500000000 0.500000000 0.000000000 0.000000000 -0.738180477 0.597041711 -0.314055375 -0.122237679 0.339455247 0.932645745 0.663436156 0.726850281 -0.177598243 33.494842529 -5.365379333 -33.836563110
0.000000000 0.500000000 0.666666667 0.500000000 0.500000000 0.000000000 0.000000000 -0.744671667 0.586272434 -0.318980785 -0.132081833 0.339023591 0.931459819 0.654231226 0.735763303 -0.175025325 33.633518219 -5.352426529 -33.809207916
0.000000000 0.500000000 0.666666667 0.500000000 0.500000000 0.000000000 0.000000000 -0.750764536 0.575690747 -0.323933288 -0.141741629 0.338566927 0.930205218 0.645183634 0.744279921 -0.172584697 33.763252258 -5.340060711 -33.785522461
0.000000000 0.500000000 0.666666667 0.500000000 0.500000000 0.000000000 0.000000000 -0.756396592 0.565449055 -0.328833639 -0.151085395 0.338094007 0.928905617 0.636425486 0.752303004 -0.170302061 33.883842468 -5.328303337 -33.764862061
0.000000000 0.500000000 0.666666667 0.500000000 0.500000000 0.000000000 0.000000000 -0.761515400 0.555704298 -0.333597105 -0.159979904 0.337614929 0.927589667 0.628092927 0.759742650 -0.168197447 33.995487213 -5.316800594 -33.748836517
0.000000000 0.500000000 0.666666667 0.500000000 0.500000000 0.000000000 0.000000000 -0.766076542 0.546616976 -0.338136975 -0.168293068 0.337141857 0.926289809 0.620325862 0.766515003 -0.166284620 34.097728729 -5.306274414 -33.734165192
0.000000000 0.500000000 0.666666667 0.500000000 0.500000000 0.000000000 0.000000000 -0.770042129 0.538350670 -0.342364829 -0.175893998 0.336687711 0.925041992 0.613267006 0.772541223 -0.164571070 34.190677643 -5.296285152 -33.722484589
0.000000000 0.500000000 0.666666667 0.500000000 0.500000000 0.000000000 0.000000000 -0.773377862 0.531071676 -0.346192948 -0.182654224 0.336266343 0.923884398 0.607061872 0.777745345 -0.163058461 34.274341583 -5.286769867 -33.714046478
0.000000000 0.500000000 0.666666667 0.500000000 0.500000000 0.000000000 0.000000000 -0.776049188 0.524948926 -0.349537241 -0.188449871 0.335892044 0.922855991 0.601859040 0.782051891 -0.161742190 34.348495483 -5.278331280 -33.706604004
0.000000000 0.500000000 0.666666667 0.500000000 0.500000000 0.000000000 0.000000000 -0.778019971 0.520150966 -0.352317892 -0.193161904 0.335578780 0.921995315 0.597807162 0.785385163 -0.160613642 34.413127899 -5.270966530 -33.700164795
0.000000000 0.500000000 0.666666667 0.500000000 0.500000000 0.000000000 0.000000000 -0.779246531 0.516847717 -0.354461961 -0.196677081 0.335339870 0.921338861 0.595057115 0.787664655 -0.159660330 34.468235016 -5.264511585 -33.695266724
0.000000000 0.500000000 0.666666667 0.500000000 0.500000000 0.000000000 0.000000000 -0.779674677 0.515207406 -0.355905502 -0.198889827 0.335187139 0.920919333 0.593759408 0.788803468 -0.158867413 34.513832092 -5.258648395 -33.692966461
0.000000000 0.500000000 0.666666667 0.500000000 0.500000000 0.000000000 0.000000000 -0.779235641 0.515394436 -0.356595558 -0.199703239 0.335130564 0.920763879 0.594062650 0.788705319 -0.158219741 34.549823761 -5.253987789 -33.691268921
0.000000000 0.500000000 0.666666667 0.500000000 0.500000000 0.000000000 0.000000000 -0.777841120 0.517567946 -0.356492095 -0.199030138 0.335177424 0.920892555 0.596112571 0.787260767 -0.157703163 34.576187134 -5.250529766 -33.690181732
0.000000000 0.500000000 0.666666667 0.500000000 0.500000000 0.000000000 0.000000000 -0.775377287 0.521880445 -0.355571181 -0.196795233 0.335331736 0.921316592 0.600051414 0.784342673 -0.157305028 34.592918396 -5.248271942 -33.689720154
0.000000000 0.500000000 0.666666667 0.500000000 0.500000000 0.000000000 0.000000000 -0.771700980 0.528472730 -0.353827883 -0.192937555 0.335593898 0.922036786 0.606013776 0.779803379 -0.157015904 34.599983215 -5.247216702 -33.689914703
0.000000000 0.500000000 0.666666667 0.500000000 0.500000000 0.000000000 0.000000000 -0.766634331 0.538166572 -0.350212140 -0.187412068 0.334128705 0.923707056 0.614124189 0.773779522 -0.155295626 34.602302551 -5.246942043 -33.690502167
0.000000000 0.500000000 0.666666667 0.500000000 0.500000000 0.000000000 0.000000000 -0.759960237 0.555008155 -0.338269695 -0.180193555 0.320134265 0.930077596 0.624492371 0.767776009 -0.143280419 34.605476379 -5.248007774 -33.691001892
0.000000000 0.500000000 0.666666667 0.500000000 0.500000000 0.000000000 0.000000000 -0.751417117 0.574891700 -0.323839236 -0.171280190 0.304022758 0.937141003 0.637209081 0.759651036 -0.129980345 34.610012054 -5.249110699 -33.691677094
0.000000000 0.500000000 0.666666667 0.500000000 0.500000000 0.000000000 0.000000000 -0.740694609 0.597757767 -0.306687379 -0.160698474 0.285605636 0.944777975 0.652340016 0.749076146 -0.115487794 34.615932465 -5.250275612 -33.692588806
0.000000000 0.500000000 0.666666667 0.500000000 0.500000000 0.000000000 0.000000000 -0.727432718 0.623478025 -0.286560279 -0.148508742 0.264668120 0.952835736 0.669915513 0.735680595 -0.099936313 34.623241425 -5.251528740 -33.693759918
0.000000000 0.500000000 0.666666667 0.500000000 0.500000000 0.000000000 0.000000000 -0.711280197 0.651747839 -0.263258876 -0.134854771 0.241041914 0.961099884 0.689851196 0.719113030 -0.083557035 34.631977081 -5.252891541 -33.695247650
0.000000000 0.500000000 0.666666667 0.500000000 0.500000000 0.000000000 0.000000000 -0.692114661 0.681810725 -0.236878517 -0.120082517 0.214841058 0.969238623 0.711728520 0.699269229 -0.066821098 34.642238617 -5.254350662 -33.697059631
0.000000000 0.500000000 0.666666667 0.500000000 0.500000000 0.000000000 0.000000000 -0.669915922 0.712810869 -0.207637481 -0.104576118 0.186286150 0.976914175 0.735035029 0.676164282 -0.050253065 34.654129028 -5.255875111 -33.699199677
0.000000000 0.500000000 0.666666667 0.500000000 0.500000000 0.000000000 0.000000000 -0.644720545 0.743923786 -0.175820417 -0.088701578 0.155645428 0.983822408 0.759254535 0.649886067 -0.034360592 34.667762756 -5.257435799 -33.701648712
0.000000000 0.500000000 0.666666667 0.500000000 0.500000000 0.000000000 0.000000000 -0.616640773 0.774372220 -0.141780899 -0.072795669 0.123238256 0.989703553 0.783871768 0.620612599 -0.019622790 34.683223724 -5.258989334 -33.704395294
0.000000000 0.500000000 0.666666667 0.500000000 0.500000000 0.000000000 0.000000000 -0.585866463 0.803453217 -0.105940618 -0.057155792 0.089434626 0.994351378 0.808389574 0.588612245 -0.006474743 34.700603485 -5.260491371 -33.707393646
0.000000000 0.500000000 0.666666667 0.500000000 0.500000000 0.000000000 0.000000000 -0.552669780 0.830557013 -0.068783444 -0.042030943 0.054650725 0.997620518 0.832339783 0.554245745 0.004705290 34.719978333 -5.261888504 -33.710605621
0.000000000 0.500000000 0.666666667 0.500000000 0.500000000 0.000000000 0.000000000 -0.517401131 0.855186912 -0.030845028 -0.027612750 0.019341534 0.999431559 0.855297379 0.517958735 0.013606731 34.741371155 -5.262712479 -33.715213776
0.000000000 0.500000000 0.666666667 0.500000000 0.500000000 0.000000000 0.000000000 -0.480485643 0.876972204 0.007300752 -0.014028564 -0.016009197 0.999773427 0.876890385 0.480274358 0.019994850 34.764881134 -5.263278484 -33.720016479
0.000000000 0.500000000 0.666666667 0.500000000 0.500000000 0.000000000 0.000000000 -0.442410889 0.895679937 0.045056139 -0.001337409 -0.050899188 0.998702901 0.896811472 0.441776780 0.023716246 34.790523529 -5.263532162 -33.724929810
0.000000000 0.500000000 0.666666667 0.500000000 0.500000000 0.000000000 0.000000000 -0.403716136 0.911218561 0.081816969 0.010471888 -0.084820429 0.996341224 0.914824366 0.403095807 0.024701197 34.818294525 -5.263406753 -33.729873657
0.000000000 0.500000000 0.666666667 0.500000000 0.500000000 0.000000000 0.000000000 -0.364977419 0.923637031 0.116987687 0.021479940 -0.117268606 0.992867910 0.930768551 0.364887256 0.022960725 34.848205566 -5.262841702 -33.734756470
0.000000000 0.500000000 0.666666667 0.500000000 0.500000000 0.000000000 0.000000000 -0.326794147 0.933116733 0.149995830 0.031834834 -0.147751341 0.988512056 0.944559225 0.327815046 0.018578657 34.880233765 -5.261773586 -33.739509583
0.000000000 0.500000000 0.666666667 0.500000000 0.500000000 0.000000000 0.000000000 -0.289777854 0.939956929 0.180304651 0.041743569 -0.175796019 0.983541171 0.956183178 0.292535010 0.011704636 34.914340973 -5.260145187 -33.744045258
0.000000000 0.500000000 0.666666667 0.500000000 0.500000000 0.000000000 0.000000000 -0.254540329 0.944556360 0.207418668 0.051464680 -0.200948583 0.978248973 0.965691777 0.259678551 0.002538227 34.950473785 -5.257897854 -33.748279572
0.000000000 0.500000000 0.666666667 0.500000000 0.500000000 0.000000000 0.000000000 -0.221686378 0.947387873 0.230892548 0.061298940 -0.222776299 0.972940471 0.973189391 0.229841117 -0.008687401 34.988567352 -5.254979134 -33.752147675
0.000000000 0.500000000 0.666666667 0.500000000 0.500000000 0.000000000 0.000000000 -0.191810970 0.948970680 0.250326187 0.071572457 -0.240857606 0.967917867 0.978818643 0.203573725 -0.021721032 35.028465271 -5.250909328 -33.756774902
0.000000000 0.500000000 0.666666667 0.500000000 0.500000000 0.000000000 0.000000000 -0.165497702 0.949837556 0.265366025 0.082625614 -0.254776349 0.963463554 0.982742855 0.181377035 -0.036316011 35.070095062 -5.245648861 -33.762065887
0.000000000 0.500000000 0.666666667 0.500000000 0.500000000 0.000000000 0.000000000 -0.143323468 0.950499626 0.275697017 0.094794348 -0.264107653 0.959823515 0.985125583 0.163699754 -0.052249168 35.113487244 -5.239522457 -33.766895294
0.000000000 0.500000000 0.666666667 0.500000000 0.500000000 0.000000000 0.000000000 -0.125863460 0.951409166 0.281032005 0.108391912 -0.268400209 0.957189909 0.986108302 0.150936830 -0.069343279 35.158588409 -5.232475281 -33.771217346
