0.000000000 0.500000000 0.666666667 0.500000000 0.500000000 0.000000000 0.000000000 -0.328303585 -0.933991768 -0.140982743 -0.470927713 0.032463343 0.881574285 -0.818806354 0.355816679 -0.450500439 7.008041859 3.011430502 -30.132446289
0.000000000 0.500000000 0.666666667 0.500000000 0.500000000 0.000000000 0.000000000 -0.304464351 -0.942603465 -0.137113699 -0.486522475 0.030138002 0.873148087 -0.818900080 0.332551362 -0.467773718 6.770843506 3.038398266 -30.101535797
0.000000000 0.500000000 0.666666667 0.500000000 0.500000000 0.000000000 0.000000000 -0.281531271 -0.950310514 -0.132853567 -0.499999973 0.027114788 0.865600841 -0.818987284 0.310120485 -0.482788892 6.537992954 3.064401150 -30.063034058
0.000000000 0.500000000 0.666666667 0.500000000 0.500000000 0.000000000 0.000000000 -0.261587445 -0.957058223 -0.124946257 -0.500000008 0.023642682 0.865702614 -0.825573740 0.288930064 -0.484713748 6.309350491 3.089481115 -30.019004822
0.000000000 0.500000000 0.666666667 0.500000000 0.500000000 0.000000000 0.000000000 -0.242020484 -0.963068868 -0.118001868 -0.499999974 0.019566310 0.865804357 -0.831520361 0.268543320 -0.486269857 6.084839821 3.113459349 -29.970825195
0.000000000 0.500000000 0.666666667 0.500000000 0.500000000 0.000000000 0.000000000 -0.222867330 -0.968403368 -0.111915463 -0.500000005 0.015000539 0.865895478 -0.836857305 0.248937546 -0.487544818 5.863804817 3.136723041 -29.921834946
0.000000000 0.500000000 0.666666667 0.500000000 0.500000000 0.000000000 0.000000000 -0.204163567 -0.973116933 -0.106586454 -0.500000020 0.010051649 0.865967057 -0.841615837 0.230092153 -0.488610667 5.646391869 3.159004450 -29.871376038
0.000000000 0.500000000 0.666666667 0.500000000 0.500000000 0.000000000 0.000000000 -0.185939693 -0.977260976 -0.101918670 -0.499999842 0.004816538 0.866012101 -0.845828936 0.211985343 -0.489525919 5.432224750 3.180485249 -29.821176529
0.000000000 0.500000000 0.666666667 0.500000000 0.500000000 0.000000000 0.000000000 -0.168221635 -0.980883409 -0.097822385 -0.500000032 -0.000617631 0.866025165 -0.849530134 0.194595365 -0.490337837 5.221303463 3.201212168 -29.771276474
0.000000000 0.500000000 0.666666667 0.500000000 0.500000000 0.000000000 0.000000000 -0.151027461 -0.984029739 -0.094213478 -0.499999976 -0.006174068 0.866003409 -0.852754789 0.177897033 -0.491082392 5.013374329 3.220998526 -29.722669601
0.000000000 0.500000000 0.666666667 0.500000000 0.500000000 0.000000000 0.000000000 -0.134367807 -0.986742883 -0.091015244 -0.500000031 -0.011786559 0.865945175 -0.855537995 0.161862779 -0.491787738 4.808551311 3.240173817 -29.675050735
0.000000000 0.500000000 0.666666667 0.500000000 0.500000000 0.000000000 0.000000000 -0.118244100 -0.989063495 -0.088157446 -0.500000013 -0.017399414 0.865850592 -0.857915101 0.146460448 -0.492474382 4.606432915 3.258301258 -29.629974365
0.000000000 0.500000000 0.666666667 0.500000000 0.500000000 0.000000000 0.000000000 -0.102650437 -0.991029471 -0.085577304 -0.499999982 -0.022966862 0.865720822 -0.859920290 0.131655271 -0.493157159 4.407374382 3.275894642 -29.586174011
0.000000000 0.500000000 0.666666667 0.500000000 0.500000000 0.000000000 0.000000000 -0.087571474 -0.992676138 -0.083218521 -0.499999978 -0.028453098 0.865557880 -0.861586478 0.117407438 -0.493846367 4.210788250 3.292344332 -29.546171188
0.000000000 0.500000000 0.666666667 0.500000000 0.500000000 0.000000000 0.000000000 -0.072984298 -0.994035904 -0.081030321 -0.500000037 -0.033830367 0.865364356 -0.862944526 0.103673174 -0.494548904 4.017226696 3.308274984 -29.507696152
0.000000000 0.500000000 0.666666667 0.500000000 0.500000000 0.000000000 0.000000000 -0.058858414 -0.995138034 -0.078968223 -0.500000018 -0.039079618 0.865143205 -0.864022956 0.090405070 -0.495268871 3.825995922 3.322962523 -29.474233627
0.000000000 0.500000000 0.666666667 0.500000000 0.500000000 0.000000000 0.000000000 -0.045157666 -0.996008453 -0.076993160 -0.500000002 -0.044188725 0.864897309 -0.864847260 0.077553324 -0.496008768 3.637746573 3.337094545 -29.442705154
0.000000000 0.500000000 0.666666667 0.500000000 0.500000000 0.000000000 0.000000000 -0.031838656 -0.996669803 -0.075070653 -0.500000029 -0.049152652 0.864629393 -0.865439929 0.065063967 -0.496769976 3.452070236 3.350107431 -29.415687561
0.000000000 0.500000000 0.666666667 0.500000000 0.500000000 0.000000000 0.000000000 -0.018853436 -0.997141202 -0.073170842 -0.499999972 -0.053972207 0.864341963 -0.865820175 0.052881235 -0.497553012 3.269433498 3.362578154 -29.390567780
0.000000000 0.500000000 0.666666667 0.500000000 0.500000000 0.000000000 0.000000000 -0.006149614 -0.997438300 -0.071267238 -0.499999998 -0.058652971 0.864036938 -0.866003571 0.040947112 -0.498358455 3.089575052 3.374047279 -29.369480133
0.000000000 0.500000000 0.666666667 0.500000000 0.500000000 0.000000000 0.000000000 0.006328999 -0.997573205 -0.069337184 -0.499999998 -0.063205511 0.863715847 -0.866002278 0.029202135 -0.499186628 2.912810087 3.384982109 -29.350275040
0.000000000 0.500000000 0.666666667 0.500000000 0.500000000 0.000000000 0.000000000 0.018642864 -0.997554477 -0.067361033 -0.499999976 -0.067644995 0.863379510 -0.865824733 0.017584648 -0.500038311 2.733166456 3.395361900 -29.334146500
0.000000000 0.500000000 0.666666667 0.500000000 0.500000000 0.000000000 0.000000000 0.030854972 -0.997387128 -0.065321420 -0.500000015 -0.071989806 0.863028072 -0.865475566 0.006032004 -0.500914822 2.550849438 3.405560255 -29.319362640
0.000000000 0.500000000 0.666666667 0.500000000 0.500000000 0.000000000 0.000000000 0.043080654 -0.997060511 -0.063359245 -0.497134280 -0.076403056 0.864303234 -0.866603465 -0.005736696 -0.498964453 2.365701914 3.415072441 -29.308267593
0.000000000 0.500000000 0.666666667 0.500000000 0.500000000 0.000000000 0.000000000 0.055171845 -0.996586086 -0.061418574 -0.494820046 -0.080717418 0.865238592 -0.867242290 -0.017345667 -0.497584101 2.177958965 3.424489021 -29.298131943
0.000000000 0.500000000 0.666666667 0.500000000 0.500000000 0.000000000 0.000000000 0.066991071 -0.995975915 -0.059532956 -0.493013151 -0.084916865 0.865867865 -0.867438891 -0.028654885 -0.496717896 1.987423062 3.433001518 -29.292869568
0.000000000 0.500000000 0.666666667 0.500000000 0.500000000 0.000000000 0.000000000 0.078403223 -0.995248436 -0.057736347 -0.491669528 -0.088983862 0.866223382 -0.867245069 -0.039527503 -0.496309950 1.794332266 3.441273689 -29.289329529
0.000000000 0.500000000 0.666666667 0.500000000 0.500000000 0.000000000 0.000000000 0.089272625 -0.994427988 -0.056065808 -0.490746866 -0.092899698 0.866335478 -0.866716743 -0.049825923 -0.496305818 1.598646164 3.449007511 -29.288980484
0.000000000 0.500000000 0.666666667 0.500000000 0.500000000 0.000000000 0.000000000 0.099465918 -0.993544091 -0.054558876 -0.490203180 -0.096643169 0.866233768 -0.865914184 -0.059415803 -0.496651174 1.400456548 3.455988646 -29.293046951
0.000000000 0.500000000 0.666666667 0.500000000 0.500000000 0.000000000 0.000000000 0.108850680 -0.992630488 -0.053256394 -0.489997633 -0.100192146 0.865946796 -0.864901063 -0.068163391 -0.497292572 1.199842453 3.462451696 -29.300437927
0.000000000 0.500000000 0.666666667 0.500000000 0.500000000 0.000000000 0.000000000 0.117295249 -0.991724187 -0.052201169 -0.490090210 -0.103522231 0.865502590 -0.863743834 -0.075936060 -0.498176981 0.996884763 3.468249321 -29.311899185
0.000000000 0.500000000 0.666666667 0.500000000 0.500000000 0.000000000 0.000000000 0.124669359 -0.990864082 -0.051438532 -0.490441743 -0.106607680 0.864928725 -0.862510549 -0.082602507 -0.499251818 0.791700423 3.473238945 -29.327919006
0.000000000 0.500000000 0.666666667 0.500000000 0.500000000 0.000000000 0.000000000 0.130844111 -0.990089555 -0.051014632 -0.491013423 -0.109420160 0.864252884 -0.861269782 -0.088033531 -0.500464245 0.584426284 3.477295399 -29.348678589
0.000000000 0.500000000 0.666666667 0.500000000 0.500000000 0.000000000 0.000000000 0.135690343 -0.989438849 -0.050979355 -0.491766774 -0.111930932 0.863502696 -0.860089281 -0.092099024 -0.501761097 0.379558086 3.480317831 -29.373170853
0.000000000 0.500000000 0.666666667 0.500000000 0.500000000 0.000000000 0.000000000 0.139079939 -0.988947267 -0.051381638 -0.492663393 -0.114108062 0.862706283 -0.859034081 -0.094671285 -0.503088259 0.177049562 3.482350349 -29.400348663
0.000000000 0.500000000 0.666666667 0.500000000 0.500000000 0.000000000 0.000000000 0.140883538 -0.988645151 -0.052274224 -0.493664588 -0.115920204 0.861891977 -0.858164963 -0.095620457 -0.504390350 -0.023289794 3.483542442 -29.428445816
0.000000000 0.500000000 0.666666667 0.500000000 0.500000000 0.000000000 0.000000000 0.140972483 -0.988555652 -0.053707381 -0.494730362 -0.117333021 0.861089328 -0.857536371 -0.094819229 -0.505609223 -0.221777335 3.484137535 -29.455045700
0.000000000 0.500000000 0.666666667 0.500000000 0.500000000 0.000000000 0.000000000 0.139214962 -0.988692478 -0.055734900 -0.495819745 -0.118313669 0.860328226 -0.857194246 -0.092136097 -0.506684285 -0.418770731 3.484485388 -29.477054596
0.000000000 0.500000000 0.666666667 0.500000000 0.500000000 0.000000000 0.000000000 0.135479202 -0.989057131 -0.058406993 -0.496889512 -0.118827492 0.859639948 -0.857173377 -0.087441512 -0.507550770 -0.614346921 3.484762430 -29.492696762
0.000000000 0.500000000 0.666666667 0.500000000 0.500000000 0.000000000 0.000000000 0.129629680 -0.989636341 -0.061774258 -0.497894007 -0.118841058 0.859056669 -0.857495017 -0.080602208 -0.508139332 -0.808319092 3.484976769 -29.502101898
0.000000000 0.500000000 0.666666667 0.500000000 0.500000000 0.000000000 0.000000000 0.121529382 -0.990398882 -0.065883712 -0.498783642 -0.118321445 0.858612202 -0.858164021 -0.071484893 -0.508374294 -1.000473619 3.485164166 -29.506761551
0.000000000 0.500000000 0.666666667 0.500000000 0.500000000 0.000000000 0.000000000 0.111038149 -0.991292410 -0.070780558 -0.499505164 -0.117238867 0.858341213 -0.859165362 -0.059953365 -0.508173665 -1.190712810 3.485338688 -29.507228851
0.000000000 0.500000000 0.666666667 0.500000000 0.500000000 0.000000000 0.000000000 0.098013258 -0.992240244 -0.076502942 -0.499999983 -0.115564339 0.858280199 -0.860461166 -0.045871369 -0.507446942 -1.378973365 3.485554218 -29.505733490
0.000000000 0.500000000 0.666666667 0.500000000 0.500000000 0.000000000 0.000000000 0.082408386 -0.993129832 -0.083078243 -0.499999994 -0.113312020 0.858580452 -0.862095623 -0.029215109 -0.505902771 -1.565258741 3.485836029 -29.503652573
0.000000000 0.500000000 0.666666667 0.500000000 0.500000000 0.000000000 0.000000000 0.064480311 -0.993820343 -0.090351620 -0.499999975 -0.110530086 0.858943028 -0.863621627 -0.010209106 -0.504037161 -1.749588609 3.486183405 -29.501276016
0.000000000 0.500000000 0.666666667 0.500000000 0.500000000 0.000000000 0.000000000 0.044622641 -0.994163961 -0.098218318 -0.499822302 -0.107343627 0.859450413 -0.864977737 0.010740758 -0.501695276 -1.931981206 3.486582041 -29.498657227
0.000000000 0.500000000 0.666666667 0.500000000 0.500000000 0.000000000 0.000000000 0.023226315 -0.994034886 -0.106560705 -0.499239151 -0.103880219 0.860214607 -0.866152878 0.033219660 -0.498673888 -2.112449884 3.487014771 -29.495845795
0.000000000 0.500000000 0.666666667 0.500000000 0.500000000 0.000000000 0.000000000 0.000673721 -0.993337787 -0.115237087 -0.498425803 -0.100236338 0.861118108 -0.866932099 0.056856985 -0.495172716 -2.291007042 3.487470627 -29.492893219
0.000000000 0.500000000 0.666666667 0.500000000 0.500000000 0.000000000 0.000000000 -0.022639702 -0.992008560 -0.124122764 -0.497410439 -0.096519968 0.862129196 -0.867219868 0.081258306 -0.491250230 -2.467662334 3.487935066 -29.489843369
0.000000000 0.500000000 0.666666667 0.500000000 0.500000000 0.000000000 0.000000000 -0.046316188 -0.990019984 -0.133098619 -0.496229309 -0.092835613 0.863213775 -0.866955180 0.106028207 -0.486977141 -2.642419338 3.488395214 -29.486745834
0.000000000 0.500000000 0.666666667 0.500000000 0.500000000 0.000000000 0.000000000 -0.069955969 -0.987384039 -0.142052532 -0.494926145 -0.089284461 0.864335812 -0.866114469 0.130770961 -0.482436195 -2.815274477 3.488839626 -29.483654022
0.000000000 0.500000000 0.666666667 0.500000000 0.500000000 0.000000000 0.000000000 -0.093160156 -0.984152564 -0.150880467 -0.493552504 -0.085963462 0.865457225 -0.864712155 0.155093563 -0.477722593 -2.986222982 3.489254713 -29.480611801
0.000000000 0.500000000 0.666666667 0.500000000 0.500000000 0.000000000 0.000000000 -0.115532639 -0.980416053 -0.159488469 -0.492167137 -0.082966258 0.866538002 -0.862799930 0.178608405 -0.472943251 -3.155252695 3.489629507 -29.477672577
0.000000000 0.500000000 0.666666667 0.500000000 0.500000000 0.000000000 0.000000000 -0.136682548 -0.976301468 -0.167789522 -0.490834458 -0.080380016 0.867537082 -0.860464651 0.200934058 -0.468215856 -3.322322846 3.489213228 -29.473699570
0.000000000 0.500000000 0.666666667 0.500000000 0.500000000 0.000000000 0.000000000 -0.156226252 -0.971967095 -0.175708068 -0.489624409 -0.078289418 0.868411599 -0.857823581 0.221699648 -0.463667952 -3.484158754 3.473311186 -29.445261002
0.000000000 0.500000000 0.666666667 0.500000000 0.500000000 0.000000000 0.000000000 -0.173786463 -0.967597545 -0.183175478 -0.488609866 -0.076775013 0.869117942 -0.855019687 0.240542278 -0.459435249 -3.640657902 3.449070931 -29.403844833
0.000000000 0.500000000 0.666666667 0.500000000 0.500000000 0.000000000 0.000000000 -0.188993374 -0.963396398 -0.190128601 -0.487864759 -0.075913625 0.869612039 -0.852214457 0.257107958 -0.455659980 -3.794942617 3.424662352 -29.362270355
0.000000000 0.500000000 0.666666667 0.500000000 0.500000000 0.000000000 0.000000000 -0.201483056 -0.959577244 -0.196509773 -0.487462636 -0.075781676 0.869849019 -0.849579165 0.271051011 -0.452489329 -3.946595430 3.399779081 -29.319341660
0.000000000 0.500000000 0.666666667 0.500000000 0.500000000 0.000000000 0.000000000 -0.210895053 -0.956354064 -0.202262654 -0.487472989 -0.076456220 0.869784187 -0.847285879 0.282030763 -0.450072536 -4.095400333 3.374277353 -29.274669647
0.000000000 0.500000000 0.666666667 0.500000000 0.500000000 0.000000000 0.000000000 -0.216869669 -0.953929892 -0.207328985 -0.487960042 -0.078016603 0.869372421 -0.845495443 0.289708769 -0.448560236 -4.240955830 3.347884417 -29.227436066
0.000000000 0.500000000 0.666666667 0.500000000 0.500000000 0.000000000 0.000000000 -0.219043728 -0.952484406 -0.211644281 -0.488977739 -0.080547510 0.868569438 -0.844346265 0.293744030 -0.448100245 -4.382594109 3.320200682 -29.176395416
0.000000000 0.500000000 0.666666667 0.500000000 0.500000000 0.000000000 0.000000000 -0.217047325 -0.952160077 -0.215131697 -0.490567680 -0.084139313 0.867331498 -0.843939459 0.293788639 -0.448836747 -4.518940449 3.290499210 -29.119197845
0.000000000 0.500000000 0.666666667 0.500000000 0.500000000 0.000000000 0.000000000 -0.210497852 -0.953046188 -0.217700754 -0.492754752 -0.088895327 0.865615605 -0.844324232 0.289483306 -0.450905763 -4.643564224 3.255574942 -29.046970367
0.000000000 0.500000000 0.666666667 0.500000000 0.500000000 0.000000000 0.000000000 -0.199151345 -0.955126217 -0.219254766 -0.495515519 -0.094879936 0.863401511 -0.845460296 0.280591711 -0.454384396 -4.743012428 3.209835052 -28.951677322
0.000000000 0.500000000 0.666666667 0.500000000 0.500000000 0.000000000 0.000000000 -0.183353794 -0.958171367 -0.219747622 -0.498700761 -0.101975605 0.860754627 -0.847159334 0.267410933 -0.459143176 -4.803920746 3.152075767 -28.835775375
0.000000000 0.500000000 0.666666667 0.500000000 0.500000000 0.000000000 0.000000000 -0.163833348 -0.961930615 -0.218742145 -0.500000017 -0.110174627 0.858988669 -0.850387333 0.250102065 -0.462915046 -4.839976788 3.089278460 -28.714775085
0.000000000 0.500000000 0.666666667 0.500000000 0.500000000 0.000000000 0.000000000 -0.140924486 -0.966059940 -0.216491298 -0.500000010 -0.119286257 0.857770820 -0.854482463 0.229126563 -0.466219625 -4.861814976 3.024440765 -28.593925476
0.000000000 0.500000000 0.666666667 0.500000000 0.500000000 0.000000000 0.000000000 -0.114941388 -0.970201203 -0.213302844 -0.500000018 -0.129038097 0.856358074 -0.858363827 0.205082412 -0.470268801 -4.876715183 2.957997322 -28.472929001
0.000000000 0.500000000 0.666666667 0.500000000 0.500000000 0.000000000 0.000000000 -0.086387630 -0.974051478 -0.209191052 -0.499999995 -0.139227208 0.854760662 -0.861705972 0.178436273 -0.474998225 -4.888016224 2.890605450 -28.352085114
0.000000000 0.500000000 0.666666667 0.500000000 0.500000000 0.000000000 0.000000000 -0.055800340 -0.977346337 -0.204157930 -0.500000019 -0.149636349 0.852999968 -0.864225841 0.149676657 -0.480323427 -4.895734787 2.822083712 -28.231594086
0.000000000 0.500000000 0.666666667 0.500000000 0.500000000 0.000000000 0.000000000 -0.023748779 -0.979875002 -0.198194287 -0.500000017 -0.160031576 0.851110967 -0.865699705 0.119309993 -0.486136963 -4.902681828 2.753338575 -28.111173630
0.000000000 0.500000000 0.666666667 0.500000000 0.500000000 0.000000000 0.000000000 0.009170986 -0.981491404 -0.191286480 -0.499999999 -0.170164596 0.849143104 -0.865976844 0.087855760 -0.492306278 -4.908063889 2.684268713 -27.990791321
0.000000000 0.500000000 0.666666667 0.500000000 0.500000000 0.000000000 0.000000000 0.042344822 -0.982120843 -0.183427276 -0.499999960 -0.179778904 0.847159717 -0.864989570 0.055840803 -0.498673088 -4.912866116 2.615176916 -27.870290756
0.000000000 0.500000000 0.666666667 0.500000000 0.500000000 0.000000000 0.000000000 0.075152804 -0.981763524 -0.174620842 -0.499999981 -0.188612009 0.845236966 -0.862758411 0.023788490 -0.505056465 -4.916646481 2.546094894 -27.749595642
0.000000000 0.500000000 0.666666667 0.500000000 0.500000000 0.000000000 0.000000000 0.106981075 -0.980492487 -0.164892488 -0.499999987 -0.196402211 0.843460838 -0.859392264 -0.007788106 -0.511257550 -4.920163631 2.477138519 -27.628635406
0.000000000 0.500000000 0.666666667 0.500000000 0.500000000 0.000000000 0.000000000 0.137232269 -0.978448492 -0.154291455 -0.500000016 -0.202890360 0.841923682 -0.855083206 -0.038393367 -0.517067366 -4.922685623 2.408487558 -27.507240295
0.000000000 0.500000000 0.666666667 0.500000000 0.500000000 0.000000000 0.000000000 0.165334754 -0.975830779 -0.142894051 -0.499999839 -0.207824114 0.840719513 -0.850096807 -0.067553151 -0.522275781 -4.925225735 2.339972496 -27.385494232
0.000000000 0.500000000 0.666666667 0.500000000 0.500000000 0.000000000 0.000000000 0.190749428 -0.972884953 -0.130803381 -0.500000048 -0.210961633 0.839937582 -0.844757129 -0.094815917 -0.526683334 -4.926590443 2.272174597 -27.263027191
0.000000000 0.500000000 0.666666667 0.500000000 0.500000000 0.000000000 0.000000000 0.212971378 -0.969889578 -0.118141437 -0.499999982 -0.212069660 0.839658548 -0.839430289 -0.119752522 -0.530109539 -4.927961350 2.204545736 -27.140106201
0.000000000 0.500000000 0.666666667 0.500000000 0.500000000 0.000000000 0.000000000 0.231525480 -0.967141041 -0.105043609 -0.499999992 -0.210924556 0.839946927 -0.834503421 -0.141947311 -0.532404921 -4.928350925 2.137867928 -27.016288757
0.000000000 0.500000000 0.666666667 0.500000000 0.500000000 0.000000000 0.000000000 0.245963491 -0.964936783 -0.091645868 -0.500000012 -0.207310806 0.840846132 -0.830362541 -0.160994514 -0.533459293 -4.928427696 2.071605682 -26.891813278
