0.000000000 0.500000000 0.666666667 0.500000000 0.500000000 0.000000000 0.000000000 -0.999381331 -0.035170363 0.000000000 0.000000000 -0.000000000 1.000000000 -0.035170363 0.999381331 -0.000000000 -14.781376839 3.775573731 -0.052543946
0.000000000 0.500000000 0.666666667 0.500000000 0.500000000 0.000000000 0.000000000 -0.999377304 -0.035271799 0.000950778 0.001000283 -0.001385908 0.999998539 -0.035270430 0.999376796 0.001420327 -14.704611778 3.747507334 0.064355470
0.000000000 0.500000000 0.666666667 0.500000000 0.500000000 0.000000000 0.000000000 -0.999314545 -0.036994351 0.001363492 0.001476989 -0.003040789 0.999994286 -0.036989994 0.999310848 0.003093345 -14.632164955 3.721085072 0.175581053
0.000000000 0.500000000 0.666666667 0.500000000 0.500000000 0.000000000 0.000000000 -0.999196766 -0.040050686 0.001328355 0.001526523 -0.004917768 0.999986743 -0.040043623 0.999185547 0.004974956 -14.564407349 3.696456194 0.281381816
0.000000000 0.500000000 0.666666667 0.500000000 0.500000000 0.000000000 0.000000000 -0.999024324 -0.044153393 0.000936863 0.001245826 -0.006970496 0.999974930 -0.044145755 0.999000446 0.007018703 -14.501466751 3.673666954 0.381806642
0.000000000 0.500000000 0.666666667 0.500000000 0.500000000 0.000000000 0.000000000 -0.998797965 -0.049015782 0.000280750 0.000730239 -0.009152622 0.999957847 -0.049011146 0.998756068 0.009177413 -14.443237305 3.652659893 0.476728499
0.000000000 0.500000000 0.666666667 0.500000000 0.500000000 0.000000000 0.000000000 -0.998521771 -0.054350466 -0.000546729 0.000074036 -0.011418852 0.999934800 -0.054353165 0.998456627 0.011405996 -14.388983727 3.633165121 0.567475557
0.000000000 0.500000000 0.666666667 0.500000000 0.500000000 0.000000000 0.000000000 -0.998205023 -0.059871769 -0.001450510 -0.000630021 -0.013720706 0.999905668 -0.059886023 0.998111774 0.013658357 -14.339003563 3.615300179 0.654189467
0.000000000 0.500000000 0.666666667 0.500000000 0.500000000 0.000000000 0.000000000 -0.997863323 -0.065294251 -0.002334549 -0.001291632 -0.016010229 0.999870994 -0.065323204 0.997737607 0.015891684 -14.292311668 3.598635197 0.736176729
0.000000000 0.500000000 0.666666667 0.500000000 0.500000000 0.000000000 0.000000000 -0.997518712 -0.070333550 -0.003100059 -0.001821398 -0.018236818 0.999832036 -0.070378271 0.997356812 0.018063461 -14.250017166 3.583632708 0.814116180
0.000000000 0.500000000 0.666666667 0.500000000 0.500000000 0.000000000 0.000000000 -0.997198936 -0.074705939 -0.003647423 -0.002132414 -0.020349360 0.999790656 -0.074764523 0.996997957 0.020133056 -14.210520744 3.569603205 0.886982381
0.000000000 0.500000000 0.666666667 0.500000000 0.500000000 0.000000000 0.000000000 -0.996935755 -0.078128631 -0.003875284 -0.002138851 -0.022296749 0.999749109 -0.078195435 0.996693921 0.022061321 -14.175371170 3.557198524 0.955678701
0.000000000 0.500000000 0.666666667 0.500000000 0.500000000 0.000000000 0.000000000 -0.996762319 -0.080320166 -0.003681173 -0.001755952 -0.024026819 0.999709772 -0.080385302 0.996479494 0.023807990 -14.142974854 3.545729876 1.019238234
0.000000000 0.500000000 0.666666667 0.500000000 0.500000000 0.000000000 0.000000000 -0.996709851 -0.080998131 -0.002962313 -0.000899791 -0.025488475 0.999674711 -0.081047288 0.996388298 0.025331733 -14.113862038 3.535413742 1.077944279
0.000000000 0.500000000 0.666666667 0.500000000 0.500000000 0.000000000 0.000000000 -0.996803250 -0.079879102 -0.001615794 0.000513990 -0.026634848 0.999645097 -0.079893789 0.996448651 0.026590760 -14.088278770 3.526347637 1.131914020
0.000000000 0.500000000 0.666666667 0.500000000 0.500000000 0.000000000 0.000000000 -0.997055666 -0.076679772 0.000460519 0.002570480 -0.027420105 0.999620693 -0.076638059 0.996678660 0.027536475 -14.065440178 3.518188477 1.180698156
0.000000000 0.500000000 0.666666667 0.500000000 0.500000000 0.000000000 0.000000000 -0.997462509 -0.071113988 0.003368057 0.005357722 -0.027806342 0.999598971 -0.070991815 0.997080542 0.028116792 -14.045383453 3.510941029 1.224287033
0.000000000 0.500000000 0.666666667 0.500000000 0.500000000 0.000000000 0.000000000 -0.997994247 -0.062893361 0.007204718 0.008965678 -0.027761966 0.999574354 -0.062666574 0.997634050 0.028270164 -14.028814316 3.504785061 1.263017535
0.000000000 0.500000000 0.666666667 0.500000000 0.500000000 0.000000000 0.000000000 -0.998588366 -0.051727459 0.012064196 0.013487970 -0.027264377 0.999537257 -0.051374600 0.998288998 0.027923588 -14.015348434 3.499616623 1.296679616
0.000000000 0.500000000 0.666666667 0.500000000 0.500000000 0.000000000 0.000000000 -0.999140497 -0.037322586 0.018035847 0.019024474 -0.026305298 0.999472911 -0.036828476 0.998956984 0.026992731 -14.004630089 3.495326996 1.325053692
0.000000000 0.500000000 0.666666667 0.500000000 0.500000000 0.000000000 0.000000000 -0.999494484 -0.019384946 0.025199214 0.025678574 -0.024890304 0.999360337 -0.018745330 0.999502224 0.025375500 -13.996690750 3.491919994 1.348124981
0.000000000 0.500000000 0.666666667 0.500000000 0.500000000 0.000000000 0.000000000 -0.999433308 0.002278842 0.033583775 0.033522383 -0.023069256 0.999171687 0.003051707 0.999731272 0.022979790 -13.991557121 3.489387035 1.365874052
0.000000000 0.500000000 0.666666667 0.500000000 0.500000000 0.000000000 0.000000000 -0.998695976 0.027457082 0.043040165 0.042470499 -0.021004076 0.998876912 0.028330264 0.999402290 0.019810570 -13.989202499 3.487708569 1.378266573
0.000000000 0.500000000 0.666666667 0.500000000 0.500000000 0.000000000 0.000000000 -0.997012766 0.055825558 0.053376511 0.052396061 -0.018882410 0.998447849 0.056746786 0.998261970 0.015900964 -13.989738464 3.486912727 1.384931564
0.000000000 0.500000000 0.666666667 0.500000000 0.500000000 0.000000000 0.000000000 -0.994120979 0.087042982 0.064397196 0.063160599 -0.016889792 0.997860448 0.087944404 0.996061371 0.011292809 -13.993121147 3.486979961 1.385825157
0.000000000 0.500000000 0.666666667 0.500000000 0.500000000 0.000000000 0.000000000 -0.989776361 0.120749448 0.075909990 0.074616810 -0.015201912 0.997096401 0.121552818 0.992566609 0.006036554 -13.992968559 3.485652924 1.395253897
0.000000000 0.500000000 0.666666667 0.500000000 0.500000000 0.000000000 0.000000000 -0.983763767 0.156566239 0.087726075 0.086604432 -0.013984850 0.996144616 0.157189452 0.987568447 0.000198459 -13.989232063 3.482913733 1.413188457
0.000000000 0.500000000 0.666666667 0.500000000 0.500000000 0.000000000 0.000000000 -0.975906485 0.194097548 0.099662806 0.098950021 -0.013388918 0.995002327 0.194461889 0.980890860 -0.006139624 -13.982067108 3.478777885 1.439702153
0.000000000 0.500000000 0.666666667 0.500000000 0.500000000 0.000000000 0.000000000 -0.966073718 0.232934053 0.111549531 0.111470414 -0.013546281 0.993675422 0.232971924 0.972398183 -0.012878549 -13.972185135 3.473362923 1.475112319
0.000000000 0.500000000 0.666666667 0.500000000 0.500000000 0.000000000 0.000000000 -0.954187200 0.272657580 0.123225935 0.123969445 -0.014568228 0.992179088 0.272320332 0.962000837 -0.019900392 -13.958849907 3.466533184 1.519106388
0.000000000 0.500000000 0.666666667 0.500000000 0.500000000 0.000000000 0.000000000 -0.940225692 0.312845188 0.134549380 0.136244643 -0.016543128 0.990537088 0.312110629 0.949660052 -0.027069207 -13.942006111 3.458279848 1.571684480
0.000000000 0.500000000 0.666666667 0.500000000 0.500000000 0.000000000 0.000000000 -0.924227193 0.353079346 0.145392821 0.148084908 -0.019535719 0.988781682 0.351958743 0.935389401 -0.034230279 -13.921606064 3.448594809 1.632841706
0.000000000 0.500000000 0.666666667 0.500000000 0.500000000 0.000000000 0.000000000 -0.906290959 0.392949999 0.155650237 0.159277768 -0.023583975 0.986952070 0.391493666 0.919257360 -0.041214255 -13.900016785 3.437763691 1.703554630
0.000000000 0.500000000 0.666666667 0.500000000 0.500000000 0.000000000 0.000000000 -0.886575617 0.432065947 0.165235263 0.169608800 -0.028701970 0.985093423 0.430367901 0.901385164 -0.047835720 -13.875305176 3.425557852 1.783081055
0.000000000 0.500000000 0.666666667 0.500000000 0.500000000 0.000000000 0.000000000 -0.865296729 0.470060042 0.174083679 0.178866988 -0.034879784 0.983254800 0.468260794 0.881944986 -0.053896861 -13.847776413 3.412000656 1.871572256
0.000000000 0.500000000 0.666666667 0.500000000 0.500000000 0.000000000 0.000000000 -0.842723273 0.506594958 0.182151132 0.186845841 -0.042084321 0.981487413 0.504882281 0.861156466 -0.059189724 -13.820274353 3.397343636 1.970053673
0.000000000 0.500000000 0.666666667 0.500000000 0.500000000 0.000000000 0.000000000 -0.819172441 0.541367585 0.189413963 0.193347296 -0.050263419 0.979842034 0.539975309 0.839282269 -0.063497551 -13.789669991 3.381328106 2.077470541
0.000000000 0.500000000 0.666666667 0.500000000 0.500000000 0.000000000 0.000000000 -0.795001811 0.574115421 0.195866290 0.198183496 -0.059348320 0.978366536 0.573319651 0.816620634 -0.066598179 -13.760481834 3.364243030 2.195239305
0.000000000 0.500000000 0.666666667 0.500000000 0.500000000 0.000000000 0.000000000 -0.770602692 0.604617907 0.201515949 0.201176097 -0.069258803 0.977103575 0.604731072 0.793498837 -0.068263651 -13.729154587 3.345881224 2.322348595
0.000000000 0.500000000 0.666666667 0.500000000 0.500000000 0.000000000 0.000000000 -0.746392294 0.632696483 0.206382420 0.202160565 -0.079905840 0.976087170 0.634058080 0.770266329 -0.068265175 -13.700601578 3.326468468 2.460029125
0.000000000 0.500000000 0.666666667 0.500000000 0.500000000 0.000000000 0.000000000 -0.722806433 0.658212862 0.210491538 0.200984092 -0.091198807 0.975340029 0.661177930 0.747287498 -0.066371230 -13.670643806 3.305825233 2.607290030
0.000000000 0.500000000 0.666666667 0.500000000 0.500000000 0.000000000 0.000000000 -0.700232172 0.681119639 0.213894698 0.197556448 -0.103039541 0.974861171 0.686036701 0.724885432 -0.062407975 -13.645893097 3.284183264 2.765449047
0.000000000 0.500000000 0.666666667 0.500000000 0.500000000 0.000000000 0.000000000 -0.678804555 0.701605546 0.216734937 0.191998869 -0.115306504 0.974597786 0.708774160 0.703174280 -0.056436892 -13.621693611 3.261380434 2.933456898
0.000000000 0.500000000 0.666666667 0.500000000 0.500000000 0.000000000 0.000000000 -0.658569805 0.719899584 0.219158391 0.184489098 -0.127887576 0.974478599 0.729554374 0.682194515 -0.048590729 -13.602173805 3.237539053 3.111933470
0.000000000 0.500000000 0.666666667 0.500000000 0.500000000 0.000000000 0.000000000 -0.639541166 0.736218214 0.221291298 0.175206884 -0.140692293 0.974427127 0.748524979 0.661958020 -0.039011986 -13.585960388 3.212841749 3.300478458
0.000000000 0.500000000 0.666666667 0.500000000 0.500000000 0.000000000 0.000000000 -0.621706924 0.750761922 0.223242105 0.164334178 -0.153646044 0.974365009 0.765816413 0.642455780 -0.027853034 -13.571827888 3.187233925 3.498945236
0.000000000 0.500000000 0.666666667 0.500000000 0.500000000 0.000000000 0.000000000 -0.605034378 0.763715430 0.225104738 0.152054925 -0.166687632 0.974214829 0.781545073 0.623661747 -0.015274945 -13.562672615 3.161276817 3.707494974
0.000000000 0.500000000 0.666666667 0.500000000 0.500000000 0.000000000 0.000000000 -0.589471608 0.775249623 0.226960889 0.138552799 -0.179767781 0.973902801 0.795818035 0.605534117 -0.001445003 -13.555897713 3.134924173 3.925854445
0.000000000 0.500000000 0.666666667 0.500000000 0.500000000 0.000000000 0.000000000 -0.574953684 0.785519566 0.228882660 0.124011726 -0.192846163 0.973360904 0.808733178 0.588021571 0.013463974 -13.551654816 3.108356953 4.154018402
0.000000000 0.500000000 0.666666667 0.500000000 0.500000000 0.000000000 0.000000000 -0.561401641 0.794668024 0.230934900 0.108615396 -0.205889703 0.972528728 0.820384601 0.571062310 0.029273635 -13.550388336 3.082097054 4.392006874
0.000000000 0.500000000 0.666666667 0.500000000 0.500000000 0.000000000 0.000000000 -0.548727328 0.802824168 0.233177346 0.092546450 -0.218871349 0.971354975 0.830863090 0.554588756 0.045802164 -13.551833153 3.057006836 4.639829159
0.000000000 0.500000000 0.666666667 0.500000000 0.500000000 0.000000000 0.000000000 -0.536835122 0.810105020 0.235664822 0.075986036 -0.231766925 0.969799059 0.840258397 0.538529431 0.062863956 -13.554914474 3.033619404 4.897480488
0.000000000 0.500000000 0.666666667 0.500000000 0.500000000 0.000000000 0.000000000 -0.525621405 0.816616620 0.238452165 0.059114336 -0.244557446 0.967831158 0.848662262 0.522808714 0.080270879 -13.558822632 3.013426542 5.165039062
0.000000000 0.500000000 0.666666667 0.500000000 0.500000000 0.000000000 0.000000000 -0.514978094 0.822454610 0.241590514 0.042107040 -0.257224483 0.965433873 0.856168534 0.507349957 0.097833845 -13.561244011 2.999191761 5.442553520
0.000000000 0.500000000 0.666666667 0.500000000 0.500000000 0.000000000 0.000000000 -0.504791855 0.827704686 0.245132895 0.025139197 -0.269752296 0.962601537 0.862874964 0.492075860 0.115360931 -13.494539261 2.987801552 5.719775200
0.000000000 0.500000000 0.666666667 0.500000000 0.500000000 0.000000000 0.000000000 -0.494945916 0.832443342 0.249131737 0.008380335 -0.282126560 0.959340593 0.868883370 0.476909517 0.132661235 -13.344034195 2.972921133 5.973232269
0.000000000 0.500000000 0.666666667 0.500000000 0.500000000 0.000000000 0.000000000 -0.485319520 0.836739068 0.253638907 -0.008003741 -0.294332340 0.955669615 0.874300236 0.461775059 0.149542273 -13.153232574 2.955193996 6.193959713
0.000000000 0.500000000 0.666666667 0.500000000 0.500000000 0.000000000 0.000000000 -0.475787524 0.840651751 0.258710004 -0.023851543 -0.306358916 0.951617212 0.879236792 0.446596965 0.165812591 -12.940309525 2.935081720 6.387626648
0.000000000 0.500000000 0.666666667 0.500000000 0.500000000 0.000000000 0.000000000 -0.466223060 0.844233003 0.264398742 -0.039006810 -0.318194554 0.947222622 0.883806838 0.431303677 0.181280475 -12.723096848 2.914082050 6.569155216
0.000000000 0.500000000 0.666666667 0.500000000 0.500000000 0.000000000 0.000000000 -0.456493760 0.847527131 0.270760428 -0.053318960 -0.329830692 0.942533184 0.888127545 0.415823853 0.195754918 -12.501298904 2.892145872 6.738188267
0.000000000 0.500000000 0.666666667 0.500000000 0.500000000 0.000000000 0.000000000 -0.446462856 0.850570907 0.277848970 -0.066642565 -0.341259766 0.937603616 0.892317033 0.400088620 0.209044037 -12.282951355 2.870550394 6.904399395
0.000000000 0.500000000 0.666666667 0.500000000 0.500000000 0.000000000 0.000000000 -0.436032538 0.856836270 0.275149474 -0.078874449 -0.340954571 0.936765073 0.896467761 0.386757789 0.216249775 -12.060752869 2.848978281 7.057299614
0.000000000 0.500000000 0.666666667 0.500000000 0.500000000 0.000000000 0.000000000 -0.425276661 0.862866082 0.273133458 -0.090058574 -0.340630325 0.935874155 0.900571605 0.373407426 0.222570616 -11.842185974 2.827762365 7.207661152
0.000000000 0.500000000 0.666666667 0.500000000 0.500000000 0.000000000 0.000000000 -0.414308596 0.868628315 0.271722724 -0.100268499 -0.340296477 0.934956970 0.904596383 0.360115480 0.228083812 -11.627249718 2.806904316 7.355488300
0.000000000 0.500000000 0.666666667 0.500000000 0.500000000 0.000000000 0.000000000 -0.403242134 0.874094619 0.270840133 -0.109571430 -0.339960784 0.934034671 0.908509704 0.346965793 0.232862310 -11.413889885 2.785756826 7.497651100
0.000000000 0.500000000 0.666666667 0.500000000 0.500000000 0.000000000 0.000000000 -0.392189364 0.879241357 0.270411057 -0.118027505 -0.339629509 0.933124485 0.912281213 0.334045556 0.236973744 -11.202122688 2.764327288 7.634189129
0.000000000 0.500000000 0.666666667 0.500000000 0.500000000 0.000000000 0.000000000 -0.381262518 0.884048947 0.270363367 -0.125690345 -0.339307766 0.932240407 0.915882541 0.321446261 0.240481750 -10.994049072 2.743273974 7.768334866
0.000000000 0.500000000 0.666666667 0.500000000 0.500000000 0.000000000 0.000000000 -0.370574749 0.888501614 0.270627489 -0.132607303 -0.338999616 0.931393882 0.919287582 0.309263873 0.243446500 -10.789666176 2.722596407 7.900107384
0.000000000 0.500000000 0.666666667 0.500000000 0.500000000 0.000000000 0.000000000 -0.360240387 0.892587193 0.271136436 -0.138820976 -0.338708507 0.930594049 0.922472547 0.297598136 0.245926309 -10.588969231 2.702293634 8.029516220
0.000000000 0.500000000 0.666666667 0.500000000 0.500000000 0.000000000 0.000000000 -0.350374908 0.896296890 0.271825881 -0.144369019 -0.338437103 0.929848328 0.925416128 0.286552287 0.247977372 -10.390730858 2.681844473 8.154560089
0.000000000 0.500000000 0.666666667 0.500000000 0.500000000 0.000000000 0.000000000 -0.341094893 0.899624997 0.272633708 -0.149286495 -0.338187421 0.929162424 0.928099034 0.276232027 0.249655865 -10.195244789 2.661371946 8.275732040
0.000000000 0.500000000 0.666666667 0.500000000 0.500000000 0.000000000 0.000000000 -0.332518639 0.902568049 0.273500040 -0.153606458 -0.337961067 0.928540453 0.930503311 0.266745635 0.251018635 -10.003487587 2.641292572 8.394653320
0.000000000 0.500000000 0.666666667 0.500000000 0.500000000 0.000000000 0.000000000 -0.324766494 0.905124208 0.274366347 -0.157362042 -0.337758909 0.927984971 0.932611340 0.258203577 0.252124970 -9.815456390 2.621603966 8.511327744
0.000000000 0.500000000 0.666666667 0.500000000 0.500000000 0.000000000 0.000000000 -0.317958805 0.907292945 0.275175783 -0.160588099 -0.337581229 0.927496834 0.934405512 0.250715828 0.253037374 -9.631155014 2.602309465 8.625771522
0.000000000 0.500000000 0.666666667 0.500000000 0.500000000 0.000000000 0.000000000 -0.312217671 0.909073540 0.275872116 -0.163323361 -0.337427683 0.927074991 0.935866233 0.244392833 0.253823831 -9.450579643 2.583404541 8.738007546
0.000000000 0.500000000 0.666666667 0.500000000 0.500000000 0.000000000 0.000000000 -0.307666102 0.910464305 0.276398841 -0.165613483 -0.337297058 0.926716175 0.936970514 0.239343778 0.254560036 -9.273731232 2.564894915 8.848036766
0.000000000 0.500000000 0.666666667 0.500000000 0.500000000 0.000000000 0.000000000 -0.304426045 0.911461607 0.276699336 -0.167512032 -0.337187415 0.926414792 0.937691048 0.235674323 0.255329417 -9.099971771 2.546553850 8.954804421
0.000000000 0.500000000 0.666666667 0.500000000 0.500000000 0.000000000 0.000000000 -0.302617180 0.912059067 0.276714835 -0.169085388 -0.337095506 0.926162379 0.937994122 0.233484212 0.256226753 -8.929390907 2.528414249 9.058481216
0.000000000 0.500000000 0.666666667 0.500000000 0.500000000 0.000000000 0.000000000 -0.302359501 0.912245164 0.276382875 -0.170414204 -0.337017220 0.925947294 0.937836730 0.232869394 0.257359892 -8.762560844 2.510678768 9.160034180
0.000000000 0.500000000 0.666666667 0.500000000 0.500000000 0.000000000 0.000000000 -0.303766206 0.912003767 0.275636031 -0.171598084 -0.336946976 0.925754197 0.937166042 0.233914226 0.258851204 -8.599480629 2.493348360 9.259482384
0.000000000 0.500000000 0.666666667 0.500000000 0.500000000 0.000000000 0.000000000 -0.306941598 0.911313126 0.274399786 -0.172757720 -0.336877646 0.925563732 0.935917531 0.236689329 0.260838141 -8.440145493 2.476419687 9.356830597
