0.000000000 0.500000000 0.666666667 0.500000000 0.500000000 0.000000000 0.000000000 0.850051635 0.526699363 0.000000000 -0.000000000 0.000000000 1.000000000 0.526699363 -0.850051635 0.000000000 18.773239136 1.127547264 -28.099945068
0.000000000 0.500000000 0.666666667 0.500000000 0.500000000 0.000000000 0.000000000 0.829518692 0.558375208 -0.010764157 0.016606175 -0.005395326 0.999847551 0.558232008 -0.829570984 -0.013748000 18.621791840 1.153911710 -28.139623642
0.000000000 0.500000000 0.666666667 0.500000000 0.500000000 0.000000000 0.000000000 0.807398442 0.589653782 -0.020400327 0.033017196 -0.010633328 0.999398217 0.589082015 -0.807586125 -0.028054047 18.464094162 1.182353139 -28.176870346
0.000000000 0.500000000 0.666666667 0.500000000 0.500000000 0.000000000 0.000000000 0.783752982 0.620396159 -0.028980482 0.049300686 -0.015631727 0.998661650 0.619112837 -0.784132804 -0.042837369 18.299409866 1.214248300 -28.206396103
0.000000000 0.500000000 0.666666667 0.500000000 0.500000000 0.000000000 0.000000000 0.758651628 0.650468580 -0.036583240 0.065517932 -0.020305680 0.997644766 0.648193727 -0.759261684 -0.058022293 18.127683640 1.251381159 -28.220315933
0.000000000 0.500000000 0.666666667 0.500000000 0.500000000 0.000000000 0.000000000 0.732172577 0.679741950 -0.043292024 0.081721613 -0.024568463 0.996352332 0.676198858 -0.733039748 -0.073537964 17.951431274 1.295490980 -28.208129883
0.000000000 0.500000000 0.666666667 0.500000000 0.500000000 0.000000000 0.000000000 0.704400608 0.708095575 -0.049197967 0.097958291 -0.028330033 0.994787205 0.703010638 -0.705548060 -0.089319525 17.777030945 1.347079396 -28.160053253
0.000000000 0.500000000 0.666666667 0.500000000 0.500000000 0.000000000 0.000000000 0.675426814 0.735418068 -0.054395628 0.114265797 -0.031500460 0.992950678 0.728520382 -0.676881072 -0.105309387 17.617195129 1.402461767 -28.064466476
0.000000000 0.500000000 0.666666667 0.500000000 0.500000000 0.000000000 0.000000000 0.645349299 0.761606914 -0.058984673 0.130673525 -0.033988052 0.990842693 0.752627871 -0.647147372 -0.121456026 17.480041504 1.455154419 -27.928422928
0.000000000 0.500000000 0.666666667 0.500000000 0.500000000 0.000000000 0.000000000 0.614271954 0.786569837 -0.063070264 0.147204639 -0.035700771 0.988461557 0.775242388 -0.616468448 -0.137716711 17.366474152 1.502159119 -27.762577057
0.000000000 0.500000000 0.666666667 0.500000000 0.500000000 0.000000000 0.000000000 0.582303298 0.810225833 -0.066760531 0.163872840 -0.036546451 0.985804265 0.796284222 -0.584977312 -0.154055127 17.270631790 1.543760657 -27.577762604
0.000000000 0.500000000 0.666666667 0.500000000 0.500000000 0.000000000 0.000000000 0.549553940 0.832506627 -0.070165402 0.180684576 -0.036435427 0.982865985 0.815685939 -0.552815680 -0.170444339 17.188690186 1.580579758 -27.378993988
0.000000000 0.500000000 0.666666667 0.500000000 0.500000000 0.000000000 0.000000000 0.516137995 0.853354708 -0.073398311 0.197638442 -0.035278165 0.979639984 0.833391035 -0.520135745 -0.186864096 17.117156982 1.613526583 -27.169368744
0.000000000 0.500000000 0.666666667 0.500000000 0.500000000 0.000000000 0.000000000 0.482170509 0.872724422 -0.076574696 0.214727397 -0.032987931 0.976116766 0.849354900 -0.487097403 -0.203303651 17.053108215 1.643792033 -26.950828552
0.000000000 0.500000000 0.666666667 0.500000000 0.500000000 0.000000000 0.000000000 0.447765462 0.890581994 -0.079811047 0.231936902 -0.029479969 0.972284014 0.863545809 -0.453866328 -0.219758941 16.994758606 1.672340989 -26.724433899
0.000000000 0.500000000 0.666666667 0.500000000 0.500000000 0.000000000 0.000000000 0.413037039 0.906903773 -0.083222293 0.249244839 -0.024674807 0.968126110 0.875943728 -0.420614669 -0.236232694 16.943632126 1.699075580 -26.490194321
0.000000000 0.500000000 0.666666667 0.500000000 0.500000000 0.000000000 0.000000000 0.378094579 0.921676960 -0.086925663 0.266626021 -0.018494897 0.963622594 0.886541062 -0.387517123 -0.252735881 16.896471024 1.725316763 -26.249227524
0.000000000 0.500000000 0.666666667 0.500000000 0.500000000 0.000000000 0.000000000 0.343044583 0.934897254 -0.091035916 0.284048521 -0.010868334 0.958748307 0.895341751 -0.354752031 -0.269284506 16.853118896 1.751216412 -26.001678467
0.000000000 0.500000000 0.666666667 0.500000000 0.500000000 0.000000000 0.000000000 0.307987339 0.946568254 -0.095667862 0.301476829 -0.001726684 0.953471940 0.902361081 -0.322498929 -0.285900192 16.815130234 1.776640892 -25.747411728
0.000000000 0.500000000 0.666666667 0.500000000 0.500000000 0.000000000 0.000000000 0.273017420 0.956699534 -0.100933095 0.318871586 0.008991721 0.947755275 0.907624592 -0.290938396 -0.302609401 16.782861710 1.801871657 -25.486610413
0.000000000 0.500000000 0.666666667 0.500000000 0.500000000 0.000000000 0.000000000 0.238221493 0.965305200 -0.106941061 0.336188667 0.021343805 0.941552772 0.911168316 -0.260250480 -0.319440116 16.755170822 1.827252150 -25.219598770
0.000000000 0.500000000 0.666666667 0.500000000 0.500000000 0.000000000 0.000000000 0.203691935 0.972404326 -0.113751586 0.353349987 0.035338298 0.934823508 0.913046211 -0.230610131 -0.336400929 16.732690811 1.852817059 -24.946414948
0.000000000 0.500000000 0.666666667 0.500000000 0.500000000 0.000000000 0.000000000 0.169579969 0.978030624 -0.121238328 0.370144815 0.050805725 0.927583740 0.913364905 -0.202175360 -0.353397331 16.719196320 1.878533840 -24.666999817
0.000000000 0.500000000 0.666666667 0.500000000 0.500000000 0.000000000 0.000000000 0.136055366 0.982235164 -0.129240164 0.386351383 0.067519350 0.919877028 0.912261775 -0.175086322 -0.370301544 16.714006424 1.904699087 -24.381757736
0.000000000 0.500000000 0.666666667 0.500000000 0.500000000 0.000000000 0.000000000 0.103292403 0.985085867 -0.137610008 0.401772887 0.085238975 0.911763601 0.909895174 -0.149466223 -0.386976254 16.717657089 1.931167602 -24.088991165
0.000000000 0.500000000 0.666666667 0.500000000 0.500000000 0.000000000 0.000000000 0.071469614 0.986667656 -0.146215701 0.416239716 0.103713897 0.903320500 0.906441721 -0.125420750 -0.403277873 16.731185913 1.957502723 -23.788961411
0.000000000 0.500000000 0.666666667 0.500000000 0.500000000 0.000000000 0.000000000 0.040767959 0.987082316 -0.154940229 0.429608052 0.122686672 0.894642332 0.902094726 -0.103036312 -0.419056826 16.754171371 1.982315302 -23.493419647
0.000000000 0.500000000 0.666666667 0.500000000 0.500000000 0.000000000 0.000000000 0.011368380 0.986447881 -0.163680598 0.441760727 0.141895756 0.885840310 0.897060879 -0.082378229 -0.434160808 16.785966873 2.005199194 -23.202606201
0.000000000 0.500000000 0.666666667 0.500000000 0.500000000 0.000000000 0.000000000 -0.016546881 0.984896975 -0.172348919 0.452606543 0.161079069 0.877040963 0.891556795 -0.063493956 -0.448436171 16.826276779 2.025614500 -22.916751862
0.000000000 0.500000000 0.666666667 0.500000000 0.500000000 0.000000000 0.000000000 -0.042797390 0.982575373 -0.180870171 0.462076436 0.179976765 0.868385704 0.885806836 -0.046411202 -0.461727463 16.874336243 2.043025255 -22.636034012
0.000000000 0.500000000 0.666666667 0.500000000 0.500000000 0.000000000 0.000000000 -0.067205545 0.979639780 -0.189180645 0.470124165 0.198333597 0.860027356 0.880037888 -0.031139786 -0.473881451 16.928438187 2.057310343 -22.360395432
0.000000000 0.500000000 0.666666667 0.500000000 0.500000000 0.000000000 0.000000000 -0.089594117 0.976255231 -0.197227325 0.476719131 0.215901078 0.852130034 0.874477995 -0.017676201 -0.484743012 16.987627029 2.068207979 -22.089817047
0.000000000 0.500000000 0.666666667 0.500000000 0.500000000 0.000000000 0.000000000 -0.109791683 0.972592395 -0.204962973 0.481845891 0.232439275 0.844864794 0.869350518 -0.006001439 -0.494159548 17.050941467 2.075513601 -21.824228287
0.000000000 0.500000000 0.666666667 0.500000000 0.500000000 0.000000000 0.000000000 -0.127627272 0.968824394 -0.212345411 0.485498487 0.247717589 0.838407548 0.864871377 0.003910292 -0.501978297 17.116985321 2.079474211 -21.563405991
0.000000000 0.500000000 0.666666667 0.500000000 0.500000000 0.000000000 0.000000000 -0.142934509 0.965123403 -0.219332037 0.487673845 0.261515923 0.832936758 0.861245579 0.012092909 -0.508045091 17.184049606 2.080667973 -21.307001114
0.000000000 0.500000000 0.666666667 0.500000000 0.500000000 0.000000000 0.000000000 -0.155548199 0.961657097 -0.225876925 0.488367894 0.273624530 0.828629240 0.858662657 0.018580748 -0.512204254 17.250455856 2.079516649 -21.054611206
0.000000000 0.500000000 0.666666667 0.500000000 0.500000000 0.000000000 0.000000000 -0.165304406 0.958584912 -0.231925460 0.487568748 0.283843557 0.825657042 0.857292931 0.023405141 -0.514296636 17.313816071 2.076455116 -20.805629730
0.000000000 0.500000000 0.666666667 0.500000000 0.500000000 0.000000000 0.000000000 -0.172041898 0.956053732 -0.237408609 0.485249304 0.291983114 0.824183823 0.857283325 0.026591787 -0.514157737 17.372186661 2.072265625 -20.559614182
0.000000000 0.500000000 0.666666667 0.500000000 0.500000000 0.000000000 0.000000000 -0.175597630 0.954193674 -0.242239353 0.481361372 0.297862307 0.824359919 0.858752993 0.028150980 -0.511615891 17.423154831 2.067431688 -20.316122055
0.000000000 0.500000000 0.666666667 0.500000000 0.500000000 0.000000000 0.000000000 -0.175812582 0.953258624 -0.245739560 0.475826970 0.300819932 0.826496257 0.861788043 0.028378931 -0.506474092 17.463340759 2.062510729 -20.074735641
0.000000000 0.500000000 0.666666667 0.500000000 0.500000000 0.000000000 0.000000000 -0.172527114 0.952894208 -0.249453449 0.468533553 0.302156176 0.830167426 0.866435632 0.026349079 -0.498593042 17.487800598 2.058561325 -19.835460663
0.000000000 0.500000000 0.666666667 0.500000000 0.500000000 0.000000000 0.000000000 -0.165652017 0.953566396 -0.251536356 0.459360613 0.300308753 0.835944065 0.872666739 0.022929926 -0.487777594 17.488759995 2.056744337 -19.599079132
0.000000000 0.500000000 0.666666667 0.500000000 0.500000000 0.000000000 0.000000000 -0.155369149 0.955046973 -0.252479122 0.448290595 0.295915566 0.843486526 0.880281756 0.017867768 -0.474114725 17.461530685 2.057987928 -19.368253708
0.000000000 0.500000000 0.666666667 0.500000000 0.500000000 0.000000000 0.000000000 -0.141932631 0.957206002 -0.252213794 0.435315267 0.289190084 0.852566545 0.889019542 0.011214498 -0.457731896 17.404937744 2.062631130 -19.146911621
0.000000000 0.500000000 0.666666667 0.500000000 0.500000000 0.000000000 0.000000000 -0.125605107 0.959893262 -0.250655707 0.420409449 0.280349530 0.862936867 0.898598493 0.003011249 -0.438761530 17.324895859 2.070194244 -18.937126160
0.000000000 0.500000000 0.666666667 0.500000000 0.500000000 0.000000000 0.000000000 -0.106659269 0.962944705 -0.247712123 0.403541187 0.269615511 0.874335168 0.908723451 -0.006706094 -0.417344843 17.231494904 2.079620838 -18.737295151
0.000000000 0.500000000 0.666666667 0.500000000 0.500000000 0.000000000 0.000000000 -0.085381971 0.966188688 -0.243288590 0.384679431 0.257214080 0.886488947 0.919092843 -0.017897943 -0.393634360 17.132837296 2.090071917 -18.544454575
0.000000000 0.500000000 0.666666667 0.500000000 0.500000000 0.000000000 0.000000000 -0.062067951 0.969451835 -0.237298775 0.363805745 0.243375042 0.899118440 0.929404621 -0.030524219 -0.367797938 17.037689209 2.100709200 -18.354356766
0.000000000 0.500000000 0.666666667 0.500000000 0.500000000 0.000000000 0.000000000 -0.037029989 0.972564465 -0.229667457 0.340916262 0.228332230 0.911943252 0.939364084 -0.044528122 -0.340018182 16.951789856 2.111037254 -18.164335251
0.000000000 0.500000000 0.666666667 0.500000000 0.500000000 0.000000000 0.000000000 -0.010589640 0.975365827 -0.220339201 0.316029995 0.212321630 0.924686200 0.948690098 -0.059841702 -0.310493267 16.876359940 2.121860504 -17.974328995
0.000000000 0.500000000 0.666666667 0.500000000 0.500000000 0.000000000 0.000000000 0.016921757 0.977708838 -0.209282303 0.289194202 0.195579876 0.937078025 0.957120874 -0.076380235 -0.279438172 16.812864304 2.133908033 -17.784381866
0.000000000 0.500000000 0.666666667 0.500000000 0.500000000 0.000000000 0.000000000 0.045164321 0.979464590 -0.196492497 0.260485573 0.178342171 0.948863181 0.964420785 -0.094038222 -0.247081692 16.763074875 2.147882938 -17.594738007
0.000000000 0.500000000 0.666666667 0.500000000 0.500000000 0.000000000 0.000000000 0.073796631 0.980526002 -0.181996750 0.230014253 0.160839160 0.959804255 0.970385233 -0.112692167 -0.213665568 16.729152679 2.164484501 -17.405956268
0.000000000 0.500000000 0.666666667 0.500000000 0.500000000 0.000000000 0.000000000 0.102477752 0.980811122 -0.165854915 0.197922470 0.143294410 0.969687273 0.974846145 -0.132197786 -0.179440071 16.714973450 2.184692383 -17.219110489
0.000000000 0.500000000 0.666666667 0.500000000 0.500000000 0.000000000 0.000000000 0.130872386 0.980265689 -0.148160716 0.164385142 0.125920944 0.978325836 0.977675787 -0.152391257 -0.144661541 16.722953796 2.208724260 -17.038949966
0.000000000 0.500000000 0.666666667 0.500000000 0.500000000 0.000000000 0.000000000 0.158655854 0.978864933 -0.129041712 0.129607280 0.108918061 0.985565223 0.978790209 -0.173090437 -0.109587534 16.752204895 2.236184835 -16.868001938
0.000000000 0.500000000 0.666666667 0.500000000 0.500000000 0.000000000 0.000000000 0.185521538 0.976614135 -0.108658133 0.093821322 0.092467813 0.991285662 0.978150969 -0.194099290 -0.074472458 16.796661377 2.265269995 -16.707172394
0.000000000 0.500000000 0.666666667 0.500000000 0.500000000 0.000000000 0.000000000 0.211182085 0.973549243 -0.087200904 0.057283577 0.076732567 0.995404795 0.975766734 -0.215206840 -0.039563839 16.850872040 2.294548511 -16.556037903
0.000000000 0.500000000 0.666666667 0.500000000 0.500000000 0.000000000 0.000000000 0.235376921 0.969735622 -0.064888592 0.020268465 0.061852184 0.997879500 0.971692798 -0.236192996 -0.005096475 16.910333633 2.322943449 -16.413463593
0.000000000 0.500000000 0.666666667 0.500000000 0.500000000 0.000000000 0.000000000 0.257874496 0.965266682 -0.041964003 -0.016935368 0.047942112 0.998706537 0.966029988 -0.256830270 0.028710194 16.971433640 2.349636555 -16.278089523
0.000000000 0.500000000 0.666666667 0.500000000 0.500000000 0.000000000 0.000000000 0.278474072 0.960261883 -0.018689746 -0.054032697 0.035092115 0.997922347 0.958922655 -0.276885642 0.061657784 17.031204224 2.373961926 -16.148551941
0.000000000 0.500000000 0.666666667 0.500000000 0.500000000 0.000000000 0.000000000 0.297038176 0.954854116 0.004683878 -0.090737290 0.023343005 0.995601250 0.950544616 -0.296156582 0.093574638 17.087057114 2.395309687 -16.023597717
0.000000000 0.500000000 0.666666667 0.500000000 0.500000000 0.000000000 0.000000000 0.313572061 0.949151139 0.028012087 -0.126816694 0.012624439 0.991845830 0.941057962 -0.314567542 0.124326881 17.136547089 2.413041592 -15.902216911
0.000000000 0.500000000 0.666666667 0.500000000 0.500000000 0.000000000 0.000000000 0.328123449 0.943247366 0.051180164 -0.162063658 0.002834376 0.986776234 0.930629020 -0.332078866 0.153796144 17.177583694 2.426596642 -15.783802986
0.000000000 0.500000000 0.666666667 0.500000000 0.500000000 0.000000000 0.000000000 0.340751626 0.937230393 0.074077796 -0.196286212 -0.006135596 0.980527449 0.919434638 -0.348656772 0.181874689 17.210550308 2.436280250 -15.668995857
0.000000000 0.500000000 0.666666667 0.500000000 0.500000000 0.000000000 0.000000000 0.351528741 0.931179847 0.096600400 -0.229308057 -0.014398631 0.973247396 0.907659275 -0.364275682 0.208465509 17.235412598 2.442195892 -15.558307648
0.000000000 0.500000000 0.666666667 0.500000000 0.500000000 0.000000000 0.000000000 0.360533616 0.925169122 0.118649096 -0.260967900 -0.022071601 0.965095125 0.895494984 -0.378912841 0.233481888 17.254365921 2.445545196 -15.452694893
0.000000000 0.500000000 0.666666667 0.500000000 0.500000000 0.000000000 0.000000000 0.367856731 0.919262753 0.140133568 -0.291120837 -0.029273814 0.956238308 0.883136503 -0.392554500 0.256847972 17.269186020 2.447241068 -15.352670670
0.000000000 0.500000000 0.666666667 0.500000000 0.500000000 0.000000000 0.000000000 0.373592392 0.913519031 0.160971127 -0.319635624 -0.036126593 0.946851592 0.870782288 -0.405188658 0.278496606 17.280895233 2.447774887 -15.258441925
0.000000000 0.500000000 0.666666667 0.500000000 0.500000000 0.000000000 0.000000000 0.377840308 0.907989193 0.181086520 -0.346395948 -0.042749768 0.937113816 0.858630624 -0.416807010 0.298371192 17.289178848 2.447060585 -15.170094490
0.000000000 0.500000000 0.666666667 0.500000000 0.500000000 0.000000000 0.000000000 0.380705592 0.902716593 0.200414581 -0.371296879 -0.049263400 0.927206420 0.846877724 -0.427405978 0.316421002 17.296625137 2.446230412 -15.087882996
0.000000000 0.500000000 0.666666667 0.500000000 0.500000000 0.000000000 0.000000000 0.382293722 0.897738713 0.218898865 -0.394245383 -0.055785379 0.917310509 0.835716512 -0.436981915 0.332602942 17.301784515 2.444699049 -15.011728287
0.000000000 0.500000000 0.666666667 0.500000000 0.500000000 0.000000000 0.000000000 0.382711592 0.893086420 0.236492039 -0.415156738 -0.062430822 0.907605242 0.825334309 -0.445532310 0.346877845 17.306495667 2.443196297 -14.941750526
0.000000000 0.500000000 0.666666667 0.500000000 0.500000000 0.000000000 0.000000000 0.382064766 0.888784864 0.253156039 -0.433953083 -0.069311612 0.898265341 0.815911292 -0.453053381 0.359209407 17.310398102 2.441589832 -14.877931595
0.000000000 0.500000000 0.666666667 0.500000000 0.500000000 0.000000000 0.000000000 0.380457797 0.884853173 0.268861910 -0.450560887 -0.076535001 0.889458982 0.807617949 -0.459540265 0.369561892 17.313455582 2.439854622 -14.820273399
0.000000000 0.500000000 0.666666667 0.500000000 0.500000000 0.000000000 0.000000000 0.377991799 0.881305605 0.283588839 -0.464908479 -0.084202549 0.881345583 0.800613706 -0.464984259 0.377898576 17.316186905 2.438154221 -14.768795967
0.000000000 0.500000000 0.666666667 0.500000000 0.500000000 0.000000000 0.000000000 0.374762921 0.878151763 0.297325133 -0.476923060 -0.092411086 0.874073558 0.795045374 -0.469371572 0.384178578 17.318593979 2.436475277 -14.723500252
0.000000000 0.500000000 0.666666667 0.500000000 0.500000000 0.000000000 0.000000000 0.370862348 0.875397059 0.310066295 -0.486527626 -0.101250104 0.867778362 0.791044871 -0.472682140 0.388355002 17.320533752 2.434782028 -14.684371948
0.000000000 0.500000000 0.666666667 0.500000000 0.500000000 0.000000000 0.000000000 0.366375962 0.873042270 0.321816483 -0.493639262 -0.110801864 0.862579403 0.788726146 -0.474889610 0.390372803 17.322048187 2.433073044 -14.651420593
0.000000000 0.500000000 0.666666667 0.500000000 0.500000000 0.000000000 0.000000000 0.361380632 0.871086130 0.332585318 -0.498164902 -0.121140046 0.858578371 0.788185111 -0.475955927 0.390166870 17.323280334 2.431362629 -14.624635696
0.000000000 0.500000000 0.666666667 0.500000000 0.500000000 0.000000000 0.000000000 0.355947447 0.869522437 0.342391804 -0.499999984 -0.132330343 0.855855535 0.789494415 -0.475835489 0.387658557 17.324234009 2.429644346 -14.604021072
