0.000000000 0.500000000 0.666666667 0.500000000 0.500000000 0.000000000 0.000000000 0.994440869 0.105296520 0.000000000 -0.000000000 0.000000000 1.000000000 0.105296520 -0.994440869 0.000000000 5.942145824 1.993132234 26.285408020
0.000000000 0.500000000 0.666666667 0.500000000 0.500000000 0.000000000 0.000000000 0.994488831 0.104842519 -0.000108012 -0.000011802 0.001142175 0.999999348 0.104842574 -0.994488181 0.001137118 5.985136509 1.990363121 26.140550613
0.000000000 0.500000000 0.666666667 0.500000000 0.500000000 0.000000000 0.000000000 0.994455592 0.105153695 -0.000880669 0.000697215 0.001781369 0.999998170 0.105155072 -0.994454387 0.001698177 6.010800838 1.988236308 25.990558624
0.000000000 0.500000000 0.666666667 0.500000000 0.500000000 0.000000000 0.000000000 0.994353534 0.106095256 -0.002201183 0.001999500 0.002007294 0.999995986 0.106099249 -0.994353945 0.001783823 6.026203632 1.984402776 25.837945938
0.000000000 0.500000000 0.666666667 0.500000000 0.500000000 0.000000000 0.000000000 0.994193821 0.107531524 -0.003951945 0.003768364 0.001910379 0.999991075 0.107538114 -0.994199840 0.001494069 6.048552036 1.974252224 25.685365677
0.000000000 0.500000000 0.666666667 0.500000000 0.500000000 0.000000000 0.000000000 0.993987456 0.109328715 -0.006014129 0.005876497 0.001581044 0.999981483 0.109336200 -0.994004392 0.000929068 6.079967976 1.958641887 25.533668518
0.000000000 0.500000000 0.666666667 0.500000000 0.500000000 0.000000000 0.000000000 0.993746586 0.111352269 -0.008270177 0.008197650 0.001109157 0.999965784 0.111357632 -0.993780379 0.000189394 6.120180607 1.938326359 25.383434296
0.000000000 0.500000000 0.666666667 0.500000000 0.500000000 0.000000000 0.000000000 0.993485317 0.113465877 -0.010602777 0.010605041 0.000583661 0.999943595 0.113465666 -0.993541722 -0.000623452 6.165234089 1.915136933 25.233772278
0.000000000 0.500000000 0.666666667 0.500000000 0.500000000 0.000000000 0.000000000 0.993219650 0.115535512 -0.012894638 0.012970829 0.000092362 0.999915871 0.115526984 -0.993303346 -0.001406855 6.208600998 1.891671062 25.093936920
0.000000000 0.500000000 0.666666667 0.500000000 0.500000000 0.000000000 0.000000000 0.992968062 0.117424679 -0.015029086 0.015166652 -0.000278002 0.999884941 0.117406990 -0.993081753 -0.002056986 6.248571873 1.868684292 24.963294983
0.000000000 0.500000000 0.666666667 0.500000000 0.500000000 0.000000000 0.000000000 0.992750833 0.118997746 -0.016891395 0.017065241 -0.000442020 0.999854280 0.118972939 -0.992894426 -0.002469541 6.284657955 1.846667767 24.841621399
0.000000000 0.500000000 0.666666667 0.500000000 0.500000000 0.000000000 0.000000000 0.992589713 0.120118201 -0.018365190 0.018537204 -0.000314731 0.999828122 0.120091775 -0.992759547 -0.002539055 6.316899300 1.825890183 24.728876114
0.000000000 0.500000000 0.666666667 0.500000000 0.500000000 0.000000000 0.000000000 0.992506824 0.120649685 -0.019335405 0.019454762 0.000188650 0.999810720 0.120630496 -0.992695128 -0.002159974 6.344531059 1.806394577 24.624868393
0.000000000 0.500000000 0.666666667 0.500000000 0.500000000 0.000000000 0.000000000 0.992523310 0.120457265 -0.019685674 0.019690141 0.001153276 0.999805465 0.120456534 -0.992717844 -0.001227167 6.369352818 1.788614512 24.530008316
0.000000000 0.500000000 0.666666667 0.500000000 0.500000000 0.000000000 0.000000000 0.992658054 0.119405155 -0.019297604 0.019116072 0.002665598 0.999813718 0.119434352 -0.992842034 0.000363470 6.389689922 1.772336364 24.443925858
0.000000000 0.500000000 0.666666667 0.500000000 0.500000000 0.000000000 0.000000000 0.992925370 0.117359786 -0.018052426 0.017608976 0.004814418 0.999833359 0.117427141 -0.993077793 0.002713772 6.407963753 1.757921457 24.367155075
0.000000000 0.500000000 0.666666667 0.500000000 0.500000000 0.000000000 0.000000000 0.993333006 0.114188700 -0.015826581 0.015046293 0.007692021 0.999857211 0.114294133 -0.993429300 0.005922621 6.422749042 1.745243788 24.299404144
0.000000000 0.500000000 0.666666667 0.500000000 0.500000000 0.000000000 0.000000000 0.993879219 0.109763504 -0.012492864 0.011309672 0.011395462 0.999871109 0.109891719 -0.993892407 0.010084323 6.435090065 1.734413385 24.240879059
0.000000000 0.500000000 0.666666667 0.500000000 0.500000000 0.000000000 0.000000000 0.994550249 0.103957223 -0.007918162 0.006285019 0.016027954 0.999851791 0.104068728 -0.994452613 0.015287233 6.447228908 1.724056959 24.184190750
0.000000000 0.500000000 0.666666667 0.500000000 0.500000000 0.000000000 0.000000000 0.995316619 0.096648693 -0.001964167 -0.000134230 0.021700298 0.999764512 0.096668557 -0.995081970 0.021611641 6.458813190 1.714165568 24.129285812
0.000000000 0.500000000 0.666666667 0.500000000 0.500000000 0.000000000 0.000000000 0.996129691 0.087722382 0.005515729 -0.008047375 0.028532335 0.999560476 0.087526449 -0.995736255 0.029127841 6.468706131 1.704685688 24.075965881
0.000000000 0.500000000 0.666666667 0.500000000 0.500000000 0.000000000 0.000000000 0.996914064 0.077125834 0.014627174 -0.017493428 0.036619659 0.999176151 0.076526652 -0.996348637 0.037855848 6.478498459 1.695723891 24.024518967
0.000000000 0.500000000 0.666666667 0.500000000 0.500000000 0.000000000 0.000000000 0.997562837 0.065031950 0.025283047 -0.028301869 0.045926066 0.998543840 0.063776103 -0.996825783 0.047654663 6.488171101 1.687276602 23.974950790
0.000000000 0.500000000 0.666666667 0.500000000 0.500000000 0.000000000 0.000000000 0.997965568 0.051673137 0.037344492 -0.040249918 0.056378393 0.997597825 0.049443587 -0.997071394 0.058343534 6.497697830 1.679334402 23.927274704
0.000000000 0.500000000 0.666666667 0.500000000 0.500000000 0.000000000 0.000000000 0.998019571 0.037280423 0.050666620 -0.053114443 0.067897355 0.996277474 0.033701517 -0.996995546 0.069743018 6.505829811 1.671772718 23.881341934
0.000000000 0.500000000 0.666666667 0.500000000 0.500000000 0.000000000 0.000000000 0.997634468 0.022086668 0.065097212 -0.066674554 0.080395324 0.994530591 0.016732356 -0.996518324 0.081677765 6.513659477 1.664686203 23.837308884
0.000000000 0.500000000 0.666666667 0.500000000 0.500000000 0.000000000 0.000000000 0.996736523 0.006322134 0.080475673 -0.080713585 0.093774618 0.992316299 -0.001273019 -0.995573378 0.093978869 6.521308422 1.658076763 23.795209885
0.000000000 0.500000000 0.666666667 0.500000000 0.500000000 0.000000000 0.000000000 0.995272095 -0.009786943 0.096631638 -0.095020370 0.107926489 0.989607499 -0.020114345 -0.994110702 0.106486264 6.528747559 1.651931167 23.755043030
0.000000000 0.500000000 0.666666667 0.500000000 0.500000000 0.000000000 0.000000000 0.993210202 -0.026019972 0.113386312 -0.109392732 0.122730582 0.986392637 -0.039581877 -0.992098869 0.119050871 6.535952091 1.646233439 23.716817856
0.000000000 0.500000000 0.666666667 0.500000000 0.500000000 0.000000000 0.000000000 0.990544510 -0.042164149 0.130551743 -0.123638295 0.138055160 0.982677132 -0.059457087 -0.989526633 0.131536677 6.542421818 1.640903235 23.680484772
0.000000000 0.500000000 0.666666667 0.500000000 0.500000000 0.000000000 0.000000000 0.987294353 -0.058016339 0.147932296 -0.137576953 0.153757620 0.978484122 -0.079513784 -0.986403923 0.143822319 6.548154354 1.635925889 23.646051407
0.000000000 0.500000000 0.666666667 0.500000000 0.500000000 0.000000000 0.000000000 0.983505047 -0.073384704 0.165325462 -0.151042114 0.169685386 0.973854789 -0.099519361 -0.982762207 0.155802252 6.553627968 1.631350398 23.613561630
0.000000000 0.500000000 0.666666667 0.500000000 0.500000000 0.000000000 0.000000000 0.979247232 -0.088090164 0.182523923 -0.163882583 0.185677527 0.968847952 -0.119236565 -0.978654167 0.167387761 6.558813095 1.627156973 23.583002090
0.000000000 0.500000000 0.666666667 0.500000000 0.500000000 0.000000000 0.000000000 0.974615739 -0.101967298 0.199315908 -0.175962271 0.201566126 0.963539504 -0.138424855 -0.974152846 0.178507122 6.563698769 1.623323917 23.554367065
0.000000000 0.500000000 0.666666667 0.500000000 0.500000000 0.000000000 0.000000000 0.969727349 -0.114864990 0.215487592 -0.187161338 0.217178209 0.958021012 -0.156842283 -0.969350122 0.189105364 6.568254471 1.619830251 23.527645111
0.000000000 0.500000000 0.666666667 0.500000000 0.500000000 0.000000000 0.000000000 0.964718137 -0.126646131 0.230823902 -0.197375375 0.232337550 0.952398144 -0.174246600 -0.964354717 0.199143421 6.572468281 1.616653681 23.502826691
0.000000000 0.500000000 0.666666667 0.500000000 0.500000000 0.000000000 0.000000000 0.959740014 -0.137187058 0.245109805 -0.206514539 0.246866583 0.946788591 -0.190396562 -0.959289634 0.208596616 6.576327801 1.613772869 23.479887009
0.000000000 0.500000000 0.666666667 0.500000000 0.500000000 0.000000000 0.000000000 0.954956830 -0.146376094 0.258130764 -0.214501585 0.260587966 0.941319809 -0.205052487 -0.954289239 0.217452354 6.579384804 1.611082435 23.458793640
0.000000000 0.500000000 0.666666667 0.500000000 0.500000000 0.000000000 0.000000000 0.950539654 -0.154111499 0.269673900 -0.221270041 0.273326877 0.936126053 -0.217976915 -0.949495689 0.225707777 6.581994533 1.608631253 23.439544678
0.000000000 0.500000000 0.666666667 0.500000000 0.500000000 0.000000000 0.000000000 0.946661870 -0.160298828 0.279527438 -0.226760709 0.284911550 0.931345795 -0.228934235 -0.945055392 0.233365425 6.584255219 1.606418371 23.422130585
0.000000000 0.500000000 0.666666667 0.500000000 0.500000000 0.000000000 0.000000000 0.943493640 -0.164847227 0.287480684 -0.230918153 0.295175165 0.927118347 -0.237690047 -0.941114772 0.240429673 6.586154461 1.604422927 23.406534195
0.000000000 0.500000000 0.666666667 0.500000000 0.500000000 0.000000000 0.000000000 0.941162845 -0.167724361 0.293395703 -0.233731029 0.303999613 0.923555110 -0.244094871 -0.937791434 0.246910753 6.587690353 1.602630019 23.392736435
0.000000000 0.500000000 0.666666667 0.500000000 0.500000000 0.000000000 0.000000000 0.939646420 -0.169123839 0.297425172 -0.235358976 0.311442733 0.920657144 -0.248335979 -0.935093873 0.252841236 6.588886738 1.601047635 23.380737305
0.000000000 0.500000000 0.666666667 0.500000000 0.500000000 0.000000000 0.000000000 0.938863981 -0.169282647 0.299796281 -0.235990004 0.317611068 0.918385501 -0.250685345 -0.932987993 0.258244579 6.589772701 1.599687815 23.370544434
0.000000000 0.500000000 0.666666667 0.500000000 0.500000000 0.000000000 0.000000000 0.938716950 -0.168425557 0.300737958 -0.235797264 0.322614121 0.916689576 -0.251416264 -0.931425231 0.263129059 6.590373516 1.598565698 23.362159729
0.000000000 0.500000000 0.666666667 0.500000000 0.500000000 0.000000000 0.000000000 0.939095178 -0.166766671 0.300481487 -0.234943039 0.326563281 0.915509799 -0.250802742 -0.930346871 0.267493334 6.590722561 1.597694039 23.355592728
0.000000000 0.500000000 0.666666667 0.500000000 0.500000000 0.000000000 0.000000000 0.939882228 -0.164513520 0.299260254 -0.233581157 0.329569857 0.914780603 -0.249120937 -0.929687588 0.271329593 6.590839863 1.597087383 23.350854874
0.000000000 0.500000000 0.666666667 0.500000000 0.500000000 0.000000000 0.000000000 0.940959698 -0.161868610 0.297310276 -0.231860354 0.331743901 0.914432480 -0.246648785 -0.929378576 0.274626727 6.590856552 1.596505761 23.346706390
0.000000000 0.500000000 0.666666667 0.500000000 0.500000000 0.000000000 0.000000000 0.942210583 -0.159140276 0.294811110 -0.229925991 0.332856773 0.914516488 -0.243666281 -0.929451850 0.277030688 6.590810299 1.595920324 23.343139648
0.000000000 0.500000000 0.666666667 0.500000000 0.500000000 0.000000000 0.000000000 0.943521456 -0.156522656 0.292006712 -0.227922139 0.333017867 0.914959343 -0.240455319 -0.929838566 0.278534525 6.590722561 1.595345378 23.340167999
0.000000000 0.500000000 0.666666667 0.500000000 0.500000000 0.000000000 0.000000000 0.944783650 -0.153945336 0.289283059 -0.225992722 0.333171702 0.915381837 -0.237299694 -0.930213659 0.279984651 6.590590477 1.594898343 23.337833405
0.000000000 0.500000000 0.666666667 0.500000000 0.500000000 0.000000000 0.000000000 0.945893449 -0.151648032 0.286859649 -0.224282463 0.333306852 0.915753198 -0.234484457 -0.930542539 0.281260773 6.590439320 1.594578266 23.336139679
0.000000000 0.500000000 0.666666667 0.500000000 0.500000000 0.000000000 0.000000000 0.946751182 -0.149868925 0.284958776 -0.222937530 0.333412411 0.916043133 -0.232295192 -0.930792925 0.282247186 6.590302467 1.594383478 23.335086823
0.000000000 0.500000000 0.666666667 0.500000000 0.500000000 0.000000000 0.000000000 0.947259145 -0.148925477 0.283762779 -0.222106072 0.333216661 0.916316294 -0.231017326 -0.931014425 0.282565276 6.590217113 1.594280362 23.334672928
0.000000000 0.500000000 0.666666667 0.500000000 0.500000000 0.000000000 0.000000000 0.947318777 -0.149123457 0.283459571 -0.221936972 0.332481768 0.916624162 -0.230935303 -0.931245439 0.281870213 6.590981484 1.592367768 23.325708389
0.000000000 0.500000000 0.666666667 0.500000000 0.500000000 0.000000000 0.000000000 0.946826531 -0.150533437 0.284357530 -0.222579674 0.331735212 0.916738806 -0.232331248 -0.931284830 0.280590016 6.592604637 1.588711858 23.308214188
0.000000000 0.500000000 0.666666667 0.500000000 0.500000000 0.000000000 0.000000000 0.945668565 -0.153357463 0.286692262 -0.224183821 0.331082261 0.916583957 -0.235483713 -0.931056403 0.278713824 6.595112324 1.583326101 23.282211304
0.000000000 0.500000000 0.666666667 0.500000000 0.500000000 0.000000000 0.000000000 0.943714882 -0.157795711 0.290693541 -0.226896322 0.330633790 0.916078248 -0.240666326 -0.930473971 0.276220762 6.598337174 1.576176167 23.247697830
0.000000000 0.500000000 0.666666667 0.500000000 0.500000000 0.000000000 0.000000000 0.940812099 -0.164043732 0.296584302 -0.230860141 0.330508904 0.915132482 -0.248145500 -0.929437205 0.273075617 6.601606369 1.567105055 23.204671860
0.000000000 0.500000000 0.666666667 0.500000000 0.500000000 0.000000000 0.000000000 0.936775527 -0.172290160 0.304577926 -0.236211047 0.330837296 0.913647101 -0.258178143 -0.927826915 0.269223443 6.605619907 1.556295395 23.153163910
0.000000000 0.500000000 0.666666667 0.500000000 0.500000000 0.000000000 0.000000000 0.931380290 -0.182712853 0.314875799 -0.243074632 0.331762099 0.911508987 -0.271008263 -0.925499823 0.264583821 6.610400200 1.543765783 23.093194962
0.000000000 0.500000000 0.666666667 0.500000000 0.500000000 0.000000000 0.000000000 0.924407752 -0.196243128 0.327045781 -0.251494015 0.331027141 0.909489853 -0.286742163 -0.922989527 0.256650084 6.615620136 1.529097557 23.024705887
0.000000000 0.500000000 0.666666667 0.500000000 0.500000000 0.000000000 0.000000000 0.915827593 -0.212137439 0.340965580 -0.261229819 0.330144004 0.907063348 -0.304989838 -0.919784020 0.246938364 6.619970322 1.512107253 22.947784424
0.000000000 0.500000000 0.666666667 0.500000000 0.500000000 0.000000000 0.000000000 0.905676810 -0.230047547 0.356128688 -0.271975195 0.329127380 0.904270237 -0.325236852 -0.915834752 0.235515809 6.624838829 1.493233919 22.862409592
0.000000000 0.500000000 0.666666667 0.500000000 0.500000000 0.000000000 0.000000000 0.894024495 -0.249616469 0.372037391 -0.283428364 0.327995025 0.901159046 -0.346970552 -0.911104210 0.222487200 6.627875805 1.471644521 22.768733978
0.000000000 0.500000000 0.666666667 0.500000000 0.500000000 0.000000000 0.000000000 0.880983489 -0.270474213 0.388216166 -0.295298619 0.326767711 0.897787051 -0.369684754 -0.905575266 0.208006296 6.630356312 1.447820425 22.666681290
0.000000000 0.500000000 0.666666667 0.500000000 0.500000000 0.000000000 0.000000000 0.866718807 -0.292236159 0.404223375 -0.307309424 0.325469647 0.894220570 -0.392886024 -0.899259438 0.192283739 6.628686428 1.420280099 22.556703568
0.000000000 0.500000000 0.666666667 0.500000000 0.500000000 0.000000000 0.000000000 0.851452585 -0.314501494 0.419663324 -0.319202517 0.324127802 0.890534065 -0.416098845 -0.892205121 0.175589787 6.622597694 1.388816237 22.439086914
0.000000000 0.500000000 0.666666667 0.500000000 0.500000000 0.000000000 0.000000000 0.835465587 -0.336854092 0.434196468 -0.330740248 0.322771813 0.886808460 -0.438871440 -0.884504199 0.158253536 6.609189510 1.353479862 22.314212799
0.000000000 0.500000000 0.666666667 0.500000000 0.500000000 0.000000000 0.000000000 0.819095586 -0.358864996 0.447547021 -0.341707267 0.321432660 0.883129203 -0.460780388 -0.876297301 0.140657295 6.589633465 1.317636132 22.181257248
0.000000000 0.500000000 0.666666667 0.500000000 0.500000000 0.000000000 0.000000000 0.802732975 -0.380096307 0.459506875 -0.351910271 0.320142346 0.879584015 -0.481434245 -0.867776282 0.123229024 6.568107605 1.284041405 22.038965225
0.000000000 0.500000000 0.666666667 0.500000000 0.500000000 0.000000000 0.000000000 0.786814268 -0.400105820 0.469934720 -0.361176229 0.318932901 0.876261112 -0.500474814 -0.859183995 0.106432246 6.546828270 1.252591252 21.887069702
0.000000000 0.500000000 0.666666667 0.500000000 0.500000000 0.000000000 0.000000000 0.771812570 -0.418452717 0.478751168 -0.369349873 0.317835967 0.873247370 -0.517577075 -0.850809980 0.090754336 6.527048111 1.223393202 21.725448608
0.000000000 0.500000000 0.666666667 0.500000000 0.500000000 0.000000000 0.000000000 0.758227707 -0.434703359 0.485925647 -0.376286294 0.316882778 0.870628468 -0.532446589 -0.842981788 0.076696386 6.508691311 1.195379973 21.554412842
0.000000000 0.500000000 0.666666667 0.500000000 0.500000000 0.000000000 0.000000000 0.746573747 -0.448434971 0.491460799 -0.381845710 0.316103899 0.868488445 -0.544813265 -0.836052870 0.064761902 6.490400314 1.167321086 21.374298096
0.000000000 0.500000000 0.666666667 0.500000000 0.500000000 0.000000000 0.000000000 0.737365982 -0.459240320 0.495368284 -0.385882230 0.315529976 0.866911610 -0.554424308 -0.830384949 0.055448392 6.473783970 1.140261769 21.184787750
0.000000000 0.500000000 0.666666667 0.500000000 0.500000000 0.000000000 0.000000000 0.731106947 -0.466729308 0.497640819 -0.388232706 0.315192501 0.865984441 -0.561032974 -0.826327683 0.049239845 6.456896782 1.112746239 20.986242294
0.000000000 0.500000000 0.666666667 0.500000000 0.500000000 0.000000000 0.000000000 0.728269666 -0.470531555 0.498220182 -0.388704621 0.315124453 0.865797492 -0.564386402 -0.824194537 0.046597790 6.440343857 1.085107684 20.778556824
0.000000000 0.500000000 0.666666667 0.500000000 0.500000000 0.000000000 0.000000000 0.729279736 -0.470300091 0.496959648 -0.387060280 0.315361100 0.866447757 -0.564212201 -0.824236132 0.047951975 6.424516678 1.057635427 20.561622620
0.000000000 0.500000000 0.666666667 0.500000000 0.500000000 0.000000000 0.000000000 0.734494588 -0.465716232 0.493584938 -0.383001373 0.315940308 0.868038980 -0.560203220 -0.826613642 0.053686490 6.407514572 1.029107690 20.335735321
0.000000000 0.500000000 0.666666667 0.500000000 0.500000000 0.000000000 0.000000000 0.744177901 -0.456500246 0.487654362 -0.376153354 0.316901238 0.870679194 -0.552003538 -0.831373039 0.064116799 6.391608715 1.000868201 20.100576401
