0.000000000 0.500000000 0.666666667 0.500000000 0.500000000 0.000000000 0.000000000 -0.987321404 -0.158733881 0.000000000 0.000000000 -0.000000000 1.000000000 -0.158733881 0.987321404 0.000000000 -11.682501793 3.973924398 -20.920803070
0.000000000 0.500000000 0.666666667 0.500000000 0.500000000 0.000000000 0.000000000 -0.987000225 -0.155588708 0.040282878 0.039742002 0.006586686 0.999188265 -0.155727742 0.987799964 -0.000317654 -11.558637619 3.884026289 -20.924110413
0.000000000 0.500000000 0.666666667 0.500000000 0.500000000 0.000000000 0.000000000 -0.984664708 -0.154201143 0.081593016 0.080556858 0.012966586 0.996665671 -0.154744969 0.987954389 -0.000345780 -11.430563927 3.792974234 -20.927011490
0.000000000 0.500000000 0.666666667 0.500000000 0.500000000 0.000000000 0.000000000 -0.980268859 -0.154212862 0.123658231 0.122149532 0.019257509 0.992324866 -0.155410607 0.987849959 -0.000040507 -11.297404289 3.702113628 -20.928903580
0.000000000 0.500000000 0.666666667 0.500000000 0.500000000 0.000000000 0.000000000 -0.973792356 -0.155259827 0.166201184 0.164226459 0.025551571 0.986091673 -0.157347123 0.987543165 0.000615847 -11.158251762 3.613047361 -20.929080963
0.000000000 0.500000000 0.666666667 0.500000000 0.500000000 0.000000000 0.000000000 -0.965247653 -0.156976019 0.208938982 0.206493836 0.031912230 0.977927352 -0.160178851 0.987086693 0.001611375 -11.012194633 3.527690411 -20.926759720
0.000000000 0.500000000 0.666666667 0.500000000 0.500000000 0.000000000 0.000000000 -0.954684957 -0.158996508 0.251588441 0.248661910 0.038372193 0.967829959 -0.163535584 0.986533165 0.002903020 -10.858451843 3.448304892 -20.921058655
0.000000000 0.500000000 0.666666667 0.500000000 0.500000000 0.000000000 0.000000000 -0.942195011 -0.160958883 0.293872079 0.290450315 0.044932286 0.955834559 -0.167054407 0.985937791 0.004415582 -10.696486473 3.377504826 -20.911046982
0.000000000 0.500000000 0.666666667 0.500000000 0.500000000 0.000000000 0.000000000 -0.927909682 -0.162506890 0.335522179 0.331591740 0.051561169 0.942012932 -0.170383508 0.985359303 0.006041835 -10.525761604 3.319691181 -20.895179749
0.000000000 0.500000000 0.666666667 0.500000000 0.500000000 0.000000000 0.000000000 -0.912001288 -0.163292545 0.376283398 0.371834417 0.058196017 0.926473092 -0.173184344 0.984859771 0.007642946 -10.348254204 3.272722721 -20.874111176
0.000000000 0.500000000 0.666666667 0.500000000 0.500000000 0.000000000 0.000000000 -0.894678387 -0.162978542 0.415918958 0.410948563 0.064743919 0.909356643 -0.175133843 0.984503032 0.009050813 -10.165419579 3.234017372 -20.848505020
0.000000000 0.500000000 0.666666667 0.500000000 0.500000000 0.000000000 0.000000000 -0.876181920 -0.161239174 0.454210493 0.448726653 0.071084180 0.890837488 -0.175925081 0.984352055 0.010069642 -9.981916428 3.201921940 -20.819465637
0.000000000 0.500000000 0.666666667 0.500000000 0.500000000 0.000000000 0.000000000 -0.856777937 -0.157760734 0.490961421 0.484987574 0.077071266 0.871118289 -0.175267279 0.984465119 0.010479035 -9.798396111 3.174015999 -20.787347794
0.000000000 0.500000000 0.666666667 0.500000000 0.500000000 0.000000000 0.000000000 -0.836749118 -0.152242614 0.525997243 0.519578026 0.082538115 0.850427030 -0.172886055 0.984890677 0.010038222 -9.615309715 3.147268534 -20.753021240
0.000000000 0.500000000 0.666666667 0.500000000 0.500000000 0.000000000 0.000000000 -0.816386470 -0.144396249 0.559162637 0.552370844 0.087300483 0.829014521 -0.168521755 0.985661376 0.008489345 -9.432949066 3.119501352 -20.717035294
0.000000000 0.500000000 0.666666667 0.500000000 0.500000000 0.000000000 0.000000000 -0.795978621 -0.133942259 0.590319834 0.583265050 0.091160953 0.807150272 -0.161925650 0.986787288 0.005561669 -9.251408577 3.089763641 -20.679897308
0.000000000 0.500000000 0.666666667 0.500000000 0.500000000 0.000000000 0.000000000 -0.775800452 -0.120609199 0.619344073 0.612183156 0.093913883 0.785119078 -0.152857590 0.988247744 0.000976487 -9.070592880 3.058289051 -20.642162323
0.000000000 0.500000000 0.666666667 0.500000000 0.500000000 0.000000000 0.000000000 -0.756101211 -0.104131247 0.646117359 0.639067069 0.095350405 0.763217912 -0.141082385 0.989982315 -0.005547706 -8.890404701 3.025233030 -20.604362488
0.000000000 0.500000000 0.666666667 0.500000000 0.500000000 0.000000000 0.000000000 -0.737091899 -0.084245521 0.670520861 0.663872921 0.095263674 0.741753043 -0.126365652 0.991880802 -0.014289763 -8.710763931 2.990683556 -20.567035675
0.000000000 0.500000000 0.666666667 0.500000000 0.500000000 0.000000000 0.000000000 -0.718932145 -0.060690093 0.692425652 0.686564488 0.093454524 0.721037763 -0.108470159 0.993772089 -0.025519799 -8.531561851 2.954540253 -20.531036377
0.000000000 0.500000000 0.666666667 0.500000000 0.500000000 0.000000000 0.000000000 -0.701715315 -0.033202711 0.711683355 0.707106806 0.089737393 0.701389454 -0.087152640 0.995411865 -0.039492240 -8.352673531 2.916933537 -20.497192383
0.000000000 0.500000000 0.666666667 0.500000000 0.500000000 0.000000000 0.000000000 -0.704204576 -0.003892263 0.709986454 0.707106822 0.086293495 0.701821470 -0.063998886 0.996262156 -0.058016028 -8.173674583 2.878094912 -20.466785431
0.000000000 0.500000000 0.666666667 0.500000000 0.500000000 0.000000000 0.000000000 -0.706182933 0.029580563 0.707411235 0.707106802 0.080454433 0.702514808 -0.036133586 0.996319263 -0.077732165 -7.994128227 2.838118315 -20.445579529
0.000000000 0.500000000 0.666666667 0.500000000 0.500000000 0.000000000 0.000000000 -0.707095966 0.066763724 0.703958735 0.707106825 0.072255530 0.703405343 -0.003902952 0.995149106 -0.098300679 -7.813788891 2.798533201 -20.440347672
0.000000000 0.500000000 0.666666667 0.500000000 0.500000000 0.000000000 0.000000000 -0.706373266 0.107142392 0.699683727 0.707106767 0.061843586 0.704397183 0.032199849 0.992318436 -0.119445766 -7.634243011 2.761823654 -20.460115433
0.000000000 0.500000000 0.666666667 0.500000000 0.500000000 0.000000000 0.000000000 -0.703480999 0.150125511 0.694677490 0.707106814 0.049489359 0.705372779 0.071515305 0.987427534 -0.140969595 -7.457895279 2.729075909 -20.502388000
0.000000000 0.500000000 0.666666667 0.500000000 0.500000000 0.000000000 0.000000000 -0.697984061 0.195042262 0.689040468 0.707106767 0.035590223 0.706210561 0.113217801 0.980148893 -0.162757111 -7.286769867 2.701074123 -20.565204620
0.000000000 0.500000000 0.666666667 0.500000000 0.500000000 0.000000000 0.000000000 -0.689607184 0.241151221 0.682852854 0.707106789 0.020660007 0.706804890 0.156339118 0.970267619 -0.184766955 -7.120280743 2.677368641 -20.641595840
0.000000000 0.500000000 0.666666667 0.500000000 0.500000000 0.000000000 0.000000000 -0.678285188 0.287670764 0.676146977 0.707106838 0.005302817 0.707086840 0.199822728 0.957714682 -0.207010787 -6.955808163 2.658469200 -20.723924637
0.000000000 0.500000000 0.666666667 0.500000000 0.500000000 0.000000000 0.000000000 -0.664189532 0.333817894 0.668893026 0.707106788 -0.009826291 0.707038495 0.242594839 0.942586366 -0.229518379 -6.791572094 2.645359993 -20.808202744
0.000000000 0.500000000 0.666666667 0.500000000 0.500000000 0.000000000 0.000000000 -0.647723744 0.378853476 0.661002265 0.707106779 -0.024068649 0.706697037 0.283644061 0.925143634 -0.252300026 -6.626140118 2.639424324 -20.891220093
0.000000000 0.500000000 0.666666667 0.500000000 0.500000000 0.000000000 0.000000000 -0.629488902 0.422120740 0.652347916 0.707106805 -0.036810048 0.706147992 0.322092671 0.905791975 -0.275312931 -6.458305359 2.642717123 -20.969554901
0.000000000 0.500000000 0.666666667 0.500000000 0.500000000 0.000000000 0.000000000 -0.610226199 0.463072515 0.642796882 0.707106776 -0.047516450 0.705508465 0.357245005 0.885045780 -0.298445931 -6.287184715 2.658369780 -21.038618088
0.000000000 0.500000000 0.666666667 0.500000000 0.500000000 0.000000000 0.000000000 -0.590749118 0.501276416 0.632247922 0.707106791 -0.055761313 0.704904719 0.388607085 0.863488640 -0.321515011 -6.112948894 2.691081524 -21.091390610
0.000000000 0.500000000 0.666666667 0.500000000 0.500000000 0.000000000 0.000000000 -0.571879956 0.536407136 0.620661502 0.707106771 -0.061231831 0.704450621 0.415876580 0.841735141 -0.344279861 -5.938915729 2.747157574 -21.116962433
0.000000000 0.500000000 0.666666667 0.500000000 0.500000000 0.000000000 0.000000000 -0.554396731 0.568227954 0.608079975 0.707106786 -0.063724694 0.704229477 0.438912585 0.820399997 -0.366469080 -5.772294998 2.826013803 -21.104549408
0.000000000 0.500000000 0.666666667 0.500000000 0.500000000 0.000000000 0.000000000 -0.538998350 0.596563218 0.594636953 0.707106780 -0.063133538 0.704282726 0.457690704 0.800079048 -0.387805024 -5.620558739 2.916802883 -21.049602509
0.000000000 0.500000000 0.666666667 0.500000000 0.500000000 0.000000000 0.000000000 -0.526285078 0.621271014 0.580556925 0.707106753 -0.059432096 0.704604758 0.472254228 0.781338693 -0.408026704 -5.485432148 3.006017923 -20.958871841
0.000000000 0.500000000 0.666666667 0.500000000 0.500000000 0.000000000 0.000000000 -0.516747879 0.642223836 0.566145011 0.707106793 -0.052656863 0.705143417 0.482671331 0.764706348 -0.426910515 -5.367892742 3.083459377 -20.836723328
0.000000000 0.500000000 0.666666667 0.500000000 0.500000000 0.000000000 0.000000000 -0.510766753 0.659287018 0.551777085 0.707106822 -0.042894950 0.705804481 0.488996182 0.750666804 -0.444277034 -5.270269871 3.136883974 -20.686527252
0.000000000 0.500000000 0.666666667 0.500000000 0.500000000 0.000000000 0.000000000 -0.508610376 0.672304177 0.537887144 0.707106816 -0.030273536 0.706458395 0.491238675 0.739655735 -0.459993432 -5.188293457 3.164577484 -20.520433426
0.000000000 0.500000000 0.666666667 0.500000000 0.500000000 0.000000000 0.000000000 -0.520888266 0.681432906 0.514125091 0.692146083 -0.015348427 0.721594225 0.499609061 0.731719633 -0.463656301 -5.119729042 3.167878866 -20.345548630
0.000000000 0.500000000 0.666666667 0.500000000 0.500000000 0.000000000 0.000000000 -0.537060197 0.686259127 0.490524979 0.676016548 0.002334670 0.736882743 0.504547294 0.727353394 -0.465176384 -5.061299801 3.153874397 -20.166904449
0.000000000 0.500000000 0.666666667 0.500000000 0.500000000 0.000000000 0.000000000 -0.556600006 0.687042599 0.467085540 0.658661153 0.022285794 0.752109586 0.506321952 0.726275300 -0.464932543 -5.010369778 3.127349854 -19.986898422
0.000000000 0.500000000 0.666666667 0.500000000 0.500000000 0.000000000 0.000000000 -0.578936295 0.684014118 0.443798888 0.640033396 0.044015087 0.767085343 0.505163358 0.728139656 -0.463273810 -4.965003490 3.091428041 -19.806634903
0.000000000 0.500000000 0.666666667 0.500000000 0.500000000 0.000000000 0.000000000 -0.603468659 0.677400220 0.420659624 0.620112356 0.067039484 0.781643380 0.501284593 0.732553513 -0.460520474 -4.924042702 3.048215151 -19.627393723
0.000000000 0.500000000 0.666666667 0.500000000 0.500000000 0.000000000 0.000000000 -0.629584980 0.667441349 0.397674236 0.598914590 0.090888438 0.795638490 0.494898037 0.739094945 -0.456962357 -4.886786938 2.998384952 -19.449649811
0.000000000 0.500000000 0.666666667 0.500000000 0.500000000 0.000000000 0.000000000 -0.656675959 0.654409188 0.374867043 0.576503895 0.115110282 0.808945537 0.486230341 0.747327396 -0.452859600 -4.851637840 2.944130898 -19.273389816
0.000000000 0.500000000 0.666666667 0.500000000 0.500000000 0.000000000 0.000000000 -0.684150643 0.638618042 0.352285246 0.552998090 0.139279207 0.821458712 0.475532344 0.756814573 -0.448442517 -4.817936897 2.886063099 -19.098709106
0.000000000 0.500000000 0.666666667 0.500000000 0.500000000 0.000000000 0.000000000 -0.711449139 0.620435577 0.329999724 0.528572132 0.163001826 0.833091775 0.463089218 0.767131084 -0.443912465 -4.785074234 2.824599028 -18.925714493
0.000000000 0.500000000 0.666666667 0.500000000 0.500000000 0.000000000 0.000000000 -0.738057861 0.600284581 0.308105528 0.503456966 0.185924043 0.843779197 0.449223416 0.777875744 -0.439440155 -4.752371788 2.760870218 -18.754201889
0.000000000 0.500000000 0.666666667 0.500000000 0.500000000 0.000000000 0.000000000 -0.763518299 0.578645971 0.286720504 0.477938398 0.207736297 0.853475552 0.434297934 0.788678940 -0.435167593 -4.719078064 2.697322846 -18.583423615
0.000000000 0.500000000 0.666666667 0.500000000 0.500000000 0.000000000 0.000000000 -0.787437235 0.556053137 0.265984040 0.452351948 0.228178018 0.862155733 0.418712689 0.799211925 -0.431207587 -4.684554577 2.636243343 -18.412664413
0.000000000 0.500000000 0.666666667 0.500000000 0.500000000 0.000000000 0.000000000 -0.809490812 0.533088229 0.246051956 0.427075457 0.247039802 0.869814860 0.402903437 0.809189889 -0.427645349 -4.647949219 2.580601692 -18.241128922
0.000000000 0.500000000 0.666666667 0.500000000 0.500000000 0.000000000 0.000000000 -0.829426802 0.510372202 0.227093363 0.402520944 0.264163719 0.876467010 0.387334571 0.818375064 -0.424539969 -4.609343052 2.531125546 -18.068868637
0.000000000 0.500000000 0.666666667 0.500000000 0.500000000 0.000000000 0.000000000 -0.847060152 0.488557258 0.209286655 0.379126769 0.279439982 0.882142953 0.372494283 0.826574317 -0.421927608 -4.569205284 2.487064838 -17.896274567
0.000000000 0.500000000 0.666666667 0.500000000 0.500000000 0.000000000 0.000000000 -0.862266562 0.468314899 0.192814759 0.357347378 0.292802277 0.886887635 0.358886093 0.833635401 -0.419824714 -4.527943134 2.447563410 -17.723608017
0.000000000 0.500000000 0.666666667 0.500000000 0.500000000 0.000000000 0.000000000 -0.874970035 0.450325309 0.177861052 0.337644013 0.304218930 0.890756624 0.347021553 0.839439074 -0.418232093 -4.484693527 2.416269541 -17.550579071
0.000000000 0.500000000 0.666666667 0.500000000 0.500000000 0.000000000 0.000000000 -0.885124670 0.435269098 0.164605986 0.320477528 0.313681672 0.893810921 0.337414392 0.843886616 -0.417141351 -4.441340446 2.387194872 -17.378173828
0.000000000 0.500000000 0.666666667 0.500000000 0.500000000 0.000000000 0.000000000 -0.892693443 0.423817261 0.153223189 0.306299540 0.321191391 0.896111981 0.330573756 0.846885482 -0.416540480 -4.396946907 2.364145994 -17.206045151
0.000000000 0.500000000 0.666666667 0.500000000 0.500000000 0.000000000 0.000000000 -0.897623302 0.416619968 0.143875677 0.295543430 0.326741869 0.897715897 0.326996161 0.848332219 -0.416420409 -4.352783203 2.342859983 -17.034706116
0.000000000 0.500000000 0.666666667 0.500000000 0.500000000 0.000000000 0.000000000 -0.899899139 0.413688947 0.137996360 0.288513512 0.327475957 0.899732989 0.327019103 0.849482756 -0.414050182 -4.308002949 2.326362371 -16.863813400
0.000000000 0.500000000 0.666666667 0.500000000 0.500000000 0.000000000 0.000000000 -0.899771784 0.415416807 0.133565016 0.285059568 0.327829615 0.900704605 0.330381263 0.848502575 -0.413390373 -4.263985634 2.309885263 -16.693889618
0.000000000 0.500000000 0.666666667 0.500000000 0.500000000 0.000000000 0.000000000 -0.897495429 0.421262059 0.130538243 0.284894655 0.327846378 0.900750680 0.336655596 0.845609266 -0.414255934 -4.219373703 2.298152447 -16.524856567
0.000000000 0.500000000 0.666666667 0.500000000 0.500000000 0.000000000 0.000000000 -0.893266620 0.430676660 0.128811339 0.287705053 0.327559113 0.899961571 0.345399115 0.840965304 -0.416505473 -4.175360203 2.286560059 -16.356742859
0.000000000 0.500000000 0.666666667 0.500000000 0.500000000 0.000000000 0.000000000 -0.887247346 0.443110179 0.128240077 0.293160053 0.326992846 0.898405733 0.356159137 0.834702970 -0.420025738 -4.131454945 2.276416063 -16.189573288
0.000000000 0.500000000 0.666666667 0.500000000 0.500000000 0.000000000 0.000000000 -0.879584836 0.457764645 0.129545539 0.300918617 0.324426476 0.896769450 0.368481346 0.827767474 -0.423110513 -4.087381363 2.268062115 -16.023244858
0.000000000 0.500000000 0.666666667 0.500000000 0.500000000 0.000000000 0.000000000 -0.870430824 0.473974626 0.133034711 0.310632470 0.319155888 0.895347412 0.381913143 0.820662887 -0.425035031 -4.043696404 2.259403706 -15.857636452
0.000000000 0.500000000 0.666666667 0.500000000 0.500000000 0.000000000 0.000000000 -0.859954017 0.491397637 0.137867516 0.321955376 0.312711482 0.893619754 0.396009880 0.812859085 -0.427125606 -3.999714374 2.252270460 -15.692930222
0.000000000 0.500000000 0.666666667 0.500000000 0.500000000 0.000000000 0.000000000 -0.848352690 0.509494783 0.143919353 0.334543823 0.305191818 0.891593172 0.410339060 0.804532796 -0.429358632 -3.955580950 2.245897770 -15.528737068
0.000000000 0.500000000 0.666666667 0.500000000 0.500000000 0.000000000 0.000000000 -0.835860599 0.527744956 0.151070582 0.348065657 0.296717495 0.889274438 0.424484815 0.795891946 -0.431704358 -3.911575794 2.239418983 -15.364971161
0.000000000 0.500000000 0.666666667 0.500000000 0.500000000 0.000000000 0.000000000 -0.822752597 0.545648196 0.159204933 0.362200737 0.287435500 0.886674382 0.438051128 0.787177794 -0.434122483 -3.866927385 2.234245062 -15.201766968
0.000000000 0.500000000 0.666666667 0.500000000 0.500000000 0.000000000 0.000000000 -0.809345319 0.562729572 0.168212911 0.376647219 0.277521482 0.883809199 0.450662875 0.778663763 -0.436561241 -3.822033644 2.229501963 -15.038982391
0.000000000 0.500000000 0.666666667 0.500000000 0.500000000 0.000000000 0.000000000 -0.795994365 0.578542640 0.177992653 0.391124785 0.267179225 0.880702370 0.461967935 0.770651462 -0.438955523 -3.777092218 2.224714279 -14.876523972
0.000000000 0.500000000 0.666666667 0.500000000 0.500000000 0.000000000 0.000000000 -0.783091075 0.592668467 0.188447492 0.405373288 0.256640632 0.877387077 0.471636370 0.763465569 -0.441224953 -3.731302500 2.220973969 -14.714550018
0.000000000 0.500000000 0.666666667 0.500000000 0.500000000 0.000000000 0.000000000 -0.771055508 0.604712216 0.199490699 0.419156970 0.246162004 0.873906003 0.479354605 0.757447954 -0.443273910 -3.685107231 2.217617035 -14.552885056
0.000000000 0.500000000 0.666666667 0.500000000 0.500000000 0.000000000 0.000000000 -0.760326371 0.614301101 0.211040203 0.432260160 0.236020538 0.870313426 0.484824673 0.752946521 -0.444990532 -3.638716936 2.214307785 -14.391418457
0.000000000 0.500000000 0.666666667 0.500000000 0.500000000 0.000000000 0.000000000 -0.751351426 0.621073339 0.223022291 0.444487679 0.226509105 0.866674292 0.487751717 0.750307626 -0.446247386 -3.591268301 2.211866379 -14.230343819
0.000000000 0.500000000 0.666666667 0.500000000 0.500000000 0.000000000 0.000000000 -0.744573584 0.624670989 0.235364256 0.455656440 0.217930361 0.863066374 0.487839509 0.749861662 -0.446900549 -3.543238401 2.209831476 -14.069467545
0.000000000 0.500000000 0.666666667 0.500000000 0.500000000 0.000000000 0.000000000 -0.740417813 0.624723797 0.247995241 0.465591408 0.210590041 0.859579243 0.484774281 0.751912237 -0.446790650 -3.494882822 2.207954168 -13.908664703
0.000000000 0.500000000 0.666666667 0.500000000 0.500000000 0.000000000 0.000000000 -0.739273098 0.620836550 0.260839539 0.474116187 0.204789086 0.856314937 0.478214520 0.756718844 -0.445743720 -3.445131779 2.206858396 -13.748213768
