0.000000000 0.500000000 0.666666667 0.500000000 0.500000000 0.000000000 0.000000000 0.511999294 -0.473010594 -0.717020015 0.707106768 -0.241844757 0.664463040 -0.487705588 -0.847214313 0.210644647 -13.848258972 0.758229971 -16.316947937
0.000000000 0.500000000 0.666666667 0.500000000 0.500000000 0.000000000 0.000000000 0.512110214 -0.472817857 -0.717067920 0.707106786 -0.241844743 0.664463027 -0.487589091 -0.847321895 0.210481552 -13.786436081 0.758572400 -16.324554443
0.000000000 0.500000000 0.666666667 0.500000000 0.500000000 0.000000000 0.000000000 0.512500578 -0.472139021 -0.717236295 0.707106811 -0.241844730 0.664463004 -0.487178730 -0.847700343 0.209907154 -13.722517967 0.758889139 -16.332357407
0.000000000 0.500000000 0.666666667 0.500000000 0.500000000 0.000000000 0.000000000 0.513148495 -0.471010412 -0.717515027 0.707106793 -0.241844773 0.664463008 -0.486496254 -0.848327942 0.208952380 -13.656482697 0.759140015 -16.340253830
0.000000000 0.500000000 0.666666667 0.500000000 0.500000000 0.000000000 0.000000000 0.514030427 -0.469470410 -0.717892927 0.707106748 -0.241844745 0.664463066 -0.485564380 -0.849181166 0.207650137 -13.588352203 0.759399414 -16.348432541
0.000000000 0.500000000 0.666666667 0.500000000 0.500000000 0.000000000 0.000000000 0.515120150 -0.467561157 -0.718357707 0.707106782 -0.241844716 0.664463041 -0.484408123 -0.850233908 0.206036579 -13.518119812 0.759666741 -16.356884003
0.000000000 0.500000000 0.666666667 0.500000000 0.500000000 0.000000000 0.000000000 0.516388753 -0.465329811 -0.718895557 0.707106754 -0.241844740 0.664463061 -0.483055580 -0.851457156 0.204151948 -13.445779800 0.759941995 -16.365610123
0.000000000 0.500000000 0.666666667 0.500000000 0.500000000 0.000000000 0.000000000 0.517804048 -0.462829087 -0.719491629 0.707106795 -0.241844793 0.664462999 -0.481538107 -0.852819050 0.202041379 -13.371326447 0.760225832 -16.374614716
0.000000000 0.500000000 0.666666667 0.500000000 0.500000000 0.000000000 0.000000000 0.519329470 -0.460120524 -0.720129158 0.707106843 -0.241844749 0.664462964 -0.479892502 -0.854283455 0.199757266 -13.294752121 0.760517538 -16.383880615
0.000000000 0.500000000 0.666666667 0.500000000 0.500000000 0.000000000 0.000000000 0.520923596 -0.457275202 -0.720789842 0.707106767 -0.241844758 0.664463041 -0.478161716 -0.855809852 0.197359748 -13.216045380 0.760817230 -16.393407822
0.000000000 0.500000000 0.666666667 0.500000000 0.500000000 0.000000000 0.000000000 0.522539510 -0.454375051 -0.721453930 0.707106794 -0.241844744 0.664463017 -0.476395258 -0.857353155 0.194918251 -13.133097649 0.761133432 -16.403436661
0.000000000 0.500000000 0.666666667 0.500000000 0.500000000 0.000000000 0.000000000 0.526092101 -0.471489981 -0.707760058 0.704443616 -0.224636833 0.673273708 -0.476430786 -0.852781033 0.213958443 -13.043395996 0.763616621 -16.413208008
0.000000000 0.500000000 0.666666667 0.500000000 0.500000000 0.000000000 0.000000000 0.529928238 -0.490925845 -0.691496838 0.701277714 -0.204816081 0.682832293 -0.476849693 -0.846783436 0.235737530 -12.949154854 0.766442537 -16.423299789
0.000000000 0.500000000 0.666666667 0.500000000 0.500000000 0.000000000 0.000000000 0.534007222 -0.512138013 -0.672719066 0.697583660 -0.182685525 0.692822514 -0.477716782 -0.839250055 0.259703720 -12.850441933 0.769573331 -16.433706284
0.000000000 0.500000000 0.666666667 0.500000000 0.500000000 0.000000000 0.000000000 0.538281246 -0.534586239 -0.651514277 0.693341054 -0.158566821 0.702947186 -0.479094440 -0.830104883 0.285297040 -12.747321129 0.772968709 -16.444408417
0.000000000 0.500000000 0.666666667 0.500000000 0.500000000 0.000000000 0.000000000 0.542697425 -0.557746403 -0.628011508 0.688533807 -0.132801661 0.712941033 -0.481041268 -0.819318417 0.311956134 -12.639865875 0.776585698 -16.455410004
0.000000000 0.500000000 0.666666667 0.500000000 0.500000000 0.000000000 0.000000000 0.547199126 -0.581119133 -0.602389964 0.683149751 -0.105754886 0.722580322 -0.483610932 -0.806917875 0.339122410 -12.528129578 0.780379593 -16.466709137
0.000000000 0.500000000 0.666666667 0.500000000 0.500000000 0.000000000 0.000000000 0.551726997 -0.604241026 -0.574882687 0.677181444 -0.077811332 0.731690295 -0.486849682 -0.792993177 0.366250198 -12.412176132 0.784301102 -16.478324890
0.000000000 0.500000000 0.666666667 0.500000000 0.500000000 0.000000000 0.000000000 0.556220937 -0.626692346 -0.545779235 0.670625522 -0.049375244 0.740150995 -0.490794946 -0.777700964 0.392812337 -12.292055130 0.788301051 -16.490262985
0.000000000 0.500000000 0.666666667 0.500000000 0.500000000 0.000000000 0.000000000 0.560623634 -0.648107232 -0.515420369 0.663479667 -0.020864198 0.747903347 -0.495475400 -0.761263228 0.418309008 -12.167814255 0.792326033 -16.502563477
0.000000000 0.500000000 0.666666667 0.500000000 0.500000000 0.000000000 0.000000000 0.564880989 -0.668178911 -0.484196666 0.655743446 0.007293597 0.754948566 -0.500909175 -0.743964883 0.442273956 -12.039334297 0.796196878 -16.513881683
0.000000000 0.500000000 0.666666667 0.500000000 0.500000000 0.000000000 0.000000000 0.568945628 -0.686664162 -0.452540828 0.647416518 0.034666057 0.761347566 -0.507102283 -0.726147776 0.464280823 -11.906772614 0.799959064 -16.525331497
0.000000000 0.500000000 0.666666667 0.500000000 0.500000000 0.000000000 0.000000000 0.572778700 -0.703385954 -0.420918947 0.638495405 0.060819618 0.767218738 -0.514050755 -0.708201365 0.483944881 -11.770172119 0.803579986 -16.537216187
0.000000000 0.500000000 0.666666667 0.500000000 0.500000000 0.000000000 0.000000000 0.576352951 -0.718230978 -0.389822445 0.628972570 0.085323909 0.772731089 -0.521738231 -0.690553469 0.500924271 -11.629551888 0.807005882 -16.549589157
0.000000000 0.500000000 0.666666667 0.500000000 0.500000000 0.000000000 0.000000000 0.579654805 -0.731146010 -0.359758000 0.618833260 0.107752904 0.778096850 -0.530137438 -0.673657794 0.514916958 -11.484915733 0.810183406 -16.562503815
0.000000000 0.500000000 0.666666667 0.500000000 0.500000000 0.000000000 0.000000000 0.582686034 -0.742130289 -0.331239521 0.608054652 0.127685072 0.783559865 -0.539209167 -0.657981122 0.525656083 -11.336264610 0.813059986 -16.576015472
0.000000000 0.500000000 0.666666667 0.500000000 0.500000000 0.000000000 0.000000000 0.585465778 -0.751225547 -0.304778609 0.596602899 0.144701332 0.789383623 -0.548903273 -0.643988899 0.532901017 -11.183591843 0.815583169 -16.590185165
0.000000000 0.500000000 0.666666667 0.500000000 0.500000000 0.000000000 0.000000000 0.588033756 -0.758501463 -0.280876899 0.584430266 0.158381344 0.795837053 -0.559157908 -0.632132012 0.536424788 -11.026890755 0.817700505 -16.605068207
0.000000000 0.500000000 0.666666667 0.500000000 0.500000000 0.000000000 0.000000000 0.590449511 -0.764040849 -0.260021068 0.571476372 0.168296452 0.803175610 -0.569898352 -0.622830543 0.536001850 -10.866149902 0.819358170 -16.620712280
0.000000000 0.500000000 0.666666667 0.500000000 0.500000000 0.000000000 0.000000000 0.592796188 -0.767920059 -0.242675631 0.557664997 0.174003063 0.811623487 -0.581035653 -0.616459014 0.531390490 -10.701361656 0.820501089 -16.637176514
0.000000000 0.500000000 0.666666667 0.500000000 0.500000000 0.000000000 0.000000000 0.595180719 -0.770189586 -0.229276936 0.542904212 0.175033756 0.821351448 -0.592465128 -0.613327960 0.522315887 -10.532516479 0.821070552 -16.654497147
0.000000000 0.500000000 0.666666667 0.500000000 0.500000000 0.000000000 0.000000000 0.597723293 -0.770895942 -0.220105229 0.527111330 0.171034306 0.832406699 -0.604053401 -0.613568833 0.508579173 -10.359350204 0.820921302 -16.669916153
0.000000000 0.500000000 0.666666667 0.500000000 0.500000000 0.000000000 0.000000000 0.600509227 -0.770195425 -0.214913182 0.510295777 0.162204880 0.844563672 -0.615619110 -0.616837567 0.490433000 -10.182008743 0.820142210 -16.685171127
0.000000000 0.500000000 0.666666667 0.500000000 0.500000000 0.000000000 0.000000000 0.603606927 -0.768218462 -0.213305117 0.492505659 0.148883379 0.857479979 -0.626974364 -0.622634833 0.468218979 -10.000561714 0.818809509 -16.701087952
0.000000000 0.500000000 0.666666667 0.500000000 0.500000000 0.000000000 0.000000000 0.607077180 -0.765042394 -0.214866081 0.473804685 0.131413872 0.870769496 -0.637939196 -0.630428846 0.442259033 -9.815000534 0.816966236 -16.717620850
0.000000000 0.500000000 0.666666667 0.500000000 0.500000000 0.000000000 0.000000000 0.610968338 -0.760711724 -0.219169713 0.454277115 0.110157016 0.884023605 -0.648344039 -0.639674217 0.412876377 -9.625318527 0.814656973 -16.734691620
0.000000000 0.500000000 0.666666667 0.500000000 0.500000000 0.000000000 0.000000000 0.615313690 -0.755256098 -0.225781509 0.434025885 0.085498816 0.896834145 -0.658035405 -0.649829346 0.380409288 -9.431511879 0.811930835 -16.752231598
0.000000000 0.500000000 0.666666667 0.500000000 0.500000000 0.000000000 0.000000000 0.620129371 -0.748704967 -0.234265737 0.413173680 0.057856580 0.908812481 -0.666878604 -0.660373749 0.345223751 -9.233577728 0.808839381 -16.770175934
0.000000000 0.500000000 0.666666667 0.500000000 0.500000000 0.000000000 0.000000000 0.625411987 -0.741101475 -0.244189371 0.391859947 0.027682213 0.919608328 -0.674763386 -0.670822106 0.307720773 -9.031508446 0.805439115 -16.788461685
0.000000000 0.500000000 0.666666667 0.500000000 0.500000000 0.000000000 0.000000000 0.631138732 -0.732511342 -0.255129446 0.370238788 -0.004538111 0.928925533 -0.681606295 -0.680739700 0.268339934 -8.825299263 0.801791072 -16.807041168
0.000000000 0.500000000 0.666666667 0.500000000 0.500000000 0.000000000 0.000000000 0.637266261 -0.723031266 -0.266678647 0.348475573 -0.038286476 0.936535595 -0.687354703 -0.689753531 0.227560055 -8.614490509 0.797860682 -16.819335938
0.000000000 0.500000000 0.666666667 0.500000000 0.500000000 0.000000000 0.000000000 0.643731629 -0.712793401 -0.278451355 0.326740839 -0.073020074 0.942288965 -0.691989895 -0.697562639 0.185893382 -8.399500847 0.793812573 -16.831665039
0.000000000 0.500000000 0.666666667 0.500000000 0.500000000 0.000000000 0.000000000 0.650453470 -0.701967628 -0.290089180 0.305208234 -0.108175734 0.946121527 -0.695527294 -0.703945637 0.143883019 -8.180311203 0.789717078 -16.844047546
0.000000000 0.500000000 0.666666667 0.500000000 0.500000000 0.000000000 0.000000000 0.657333272 -0.690760642 -0.301268494 0.284049535 -0.143182589 0.948058336 -0.698017788 -0.708765463 0.102091559 -7.956892967 0.785646319 -16.856454849
0.000000000 0.500000000 0.666666667 0.500000000 0.500000000 0.000000000 0.000000000 0.664258374 -0.679414464 -0.311699853 0.263427909 -0.177467753 0.948214603 -0.699547389 -0.711969931 0.061092290 -7.729219913 0.781671405 -16.868886948
0.000000000 0.500000000 0.666666667 0.500000000 0.500000000 0.000000000 0.000000000 0.671103235 -0.668201916 -0.321133380 0.243497827 -0.210466237 0.946790775 -0.700235144 -0.713589632 0.021461142 -7.497255802 0.777863443 -16.881341934
0.000000000 0.500000000 0.666666667 0.500000000 0.500000000 0.000000000 0.000000000 0.677733346 -0.657420471 -0.329356700 0.224398816 -0.241629066 0.944065976 -0.700230450 -0.713732246 -0.016235700 -7.260964394 0.774290740 -16.893842697
0.000000000 0.500000000 0.666666667 0.500000000 0.500000000 0.000000000 0.000000000 0.684005961 -0.647386670 -0.336193910 0.206257754 -0.270426843 0.940386655 -0.699709643 -0.712572679 -0.051445052 -7.020085335 0.770987809 -16.899183273
0.000000000 0.500000000 0.666666667 0.500000000 0.500000000 0.000000000 0.000000000 0.689774253 -0.638427492 -0.341499366 0.189184220 -0.296355245 0.936153246 -0.698871097 -0.710340697 -0.083637811 -6.774686337 0.768034339 -16.901025772
0.000000000 0.500000000 0.666666667 0.500000000 0.500000000 0.000000000 0.000000000 0.694887626 -0.630874396 -0.345150234 0.173275769 -0.318930664 0.931804024 -0.697930294 -0.707305258 -0.112305726 -6.521413326 0.765508711 -16.902826309
0.000000000 0.500000000 0.666666667 0.500000000 0.500000000 0.000000000 0.000000000 0.699193957 -0.625054796 -0.347036472 0.158617292 -0.337690209 0.927796248 -0.697114313 -0.703755515 -0.136966455 -6.260224342 0.763469219 -16.904638290
0.000000000 0.500000000 0.666666667 0.500000000 0.500000000 0.000000000 0.000000000 0.702568374 -0.626359871 -0.337743974 0.145258235 -0.338392569 0.929726043 -0.696633135 -0.702256208 -0.146759988 -5.990447998 0.763695657 -16.906766891
0.000000000 0.500000000 0.666666667 0.500000000 0.500000000 0.000000000 0.000000000 0.705000523 -0.628077319 -0.329382975 0.133135485 -0.338975433 0.931327332 -0.696598310 -0.700438818 -0.155358479 -5.712921143 0.763946235 -16.908920288
0.000000000 0.500000000 0.666666667 0.500000000 0.500000000 0.000000000 0.000000000 0.706516706 -0.630233874 -0.321930750 0.122165391 -0.339458336 0.932654092 -0.697072278 -0.698264493 -0.162840218 -5.427885532 0.764237046 -16.900215149
0.000000000 0.500000000 0.666666667 0.500000000 0.500000000 0.000000000 0.000000000 0.707150394 -0.632838253 -0.315363387 0.112276006 -0.339857551 0.933751007 -0.698091985 -0.695710134 -0.169277850 -5.135262489 0.764559925 -16.884140015
0.000000000 0.500000000 0.666666667 0.500000000 0.500000000 0.000000000 0.000000000 0.706941225 -0.635883726 -0.309654634 0.103404858 -0.340186683 0.934655260 -0.699672452 -0.692766128 -0.174738524 -4.848167419 0.764885247 -16.868320465
0.000000000 0.500000000 0.666666667 0.500000000 0.500000000 0.000000000 0.000000000 0.705934104 -0.639350806 -0.304774651 0.095496363 -0.340457014 0.935398025 -0.701810149 -0.689434238 -0.179284540 -4.566600323 0.765209973 -16.852752686
0.000000000 0.500000000 0.666666667 0.500000000 0.500000000 0.000000000 0.000000000 0.704178007 -0.643209522 -0.300690614 0.088501272 -0.340678056 0.936005335 -0.704486238 -0.685725873 -0.182973134 -4.290566444 0.765534043 -16.837436676
0.000000000 0.500000000 0.666666667 0.500000000 0.500000000 0.000000000 0.000000000 0.701726060 -0.647421410 -0.297365187 0.082373469 -0.340857779 0.936499112 -0.707668813 -0.681660834 -0.185858439 -4.021035194 0.765907586 -16.812713623
0.000000000 0.500000000 0.666666667 0.500000000 0.500000000 0.000000000 0.000000000 0.698634389 -0.651941693 -0.294757560 0.077069939 -0.341002840 0.936897693 -0.711315834 -0.677265895 -0.187991204 -3.758483887 0.766354680 -16.773866653
0.000000000 0.500000000 0.666666667 0.500000000 0.500000000 0.000000000 0.000000000 0.694962377 -0.656721383 -0.292821311 0.072546240 -0.341118911 0.937216587 -0.715377060 -0.672573352 -0.189422142 -3.501428127 0.766795933 -16.735795975
0.000000000 0.500000000 0.666666667 0.500000000 0.500000000 0.000000000 0.000000000 0.690771410 -0.664126529 -0.285955963 0.068756456 -0.333350949 0.940292345 -0.719796783 -0.669188388 -0.184606319 -3.249577522 0.768212557 -16.698690414
0.000000000 0.500000000 0.666666667 0.500000000 0.500000000 0.000000000 0.000000000 0.686125329 -0.672828463 -0.276647596 0.065651861 -0.321461040 0.944644183 -0.724514917 -0.666306731 -0.176390121 -3.003093243 0.770134866 -16.662460327
0.000000000 0.500000000 0.666666667 0.500000000 0.500000000 0.000000000 0.000000000 0.681089315 -0.681680015 -0.267263356 0.063178691 -0.308939003 0.948981109 -0.729469532 -0.663226243 -0.167347403 -2.762927294 0.772141993 -16.622909546
0.000000000 0.500000000 0.666666667 0.500000000 0.500000000 0.000000000 0.000000000 0.675730143 -0.690544600 -0.257947532 0.061276612 -0.296094985 0.953190923 -0.734597815 -0.659905990 -0.157766073 -2.531855345 0.774248660 -16.565917969
0.000000000 0.500000000 0.666666667 0.500000000 0.500000000 0.000000000 0.000000000 0.670115286 -0.699297623 -0.248854049 0.059879430 -0.283243130 0.957176986 -0.739837791 -0.656320169 -0.147932008 -2.306223154 0.776344895 -16.510223389
0.000000000 0.500000000 0.666666667 0.500000000 0.500000000 0.000000000 0.000000000 0.664313110 -0.707825772 -0.240147390 0.058914404 -0.270702330 0.960858648 -0.745128972 -0.652459137 -0.138129973 -2.086047411 0.778389871 -16.455829620
0.000000000 0.500000000 0.666666667 0.500000000 0.500000000 0.000000000 0.000000000 0.658392050 -0.716027315 -0.232001709 0.058300271 -0.258795845 0.964171037 -0.750413878 -0.648328308 -0.128644540 -1.871342778 0.780344248 -16.402738571
0.000000000 0.500000000 0.666666667 0.500000000 0.500000000 0.000000000 0.000000000 0.652420608 -0.723810867 -0.224600044 0.057950391 -0.247847426 0.967064323 -0.755638209 -0.643948354 -0.119755646 -1.662116647 0.782167017 -16.350952148
0.000000000 0.500000000 0.666666667 0.500000000 0.500000000 0.000000000 0.000000000 0.646466961 -0.731094109 -0.218132692 0.057770127 -0.238181873 0.969500907 -0.760751655 -0.639351858 -0.111741312 -1.463471651 0.783849180 -16.283481598
0.000000000 0.500000000 0.666666667 0.500000000 0.500000000 0.000000000 0.000000000 0.640599707 -0.737800162 -0.212797877 0.057658987 -0.230125271 0.971451389 -0.765707161 -0.634581185 -0.104877371 -1.271039963 0.785323143 -16.214946747
0.000000000 0.500000000 0.666666667 0.500000000 0.500000000 0.000000000 0.000000000 0.634869310 -0.743888263 -0.208737181 0.057527132 -0.223905422 0.972911605 -0.770474911 -0.629679771 -0.099356923 -1.083952665 0.786554217 -16.148256302
0.000000000 0.500000000 0.666666667 0.500000000 0.500000000 0.000000000 0.000000000 0.629253906 -0.749441541 -0.205856502 0.057351631 -0.219371459 0.973954287 -0.775080843 -0.624670745 -0.095058653 -0.902202129 0.787562251 -16.083427429
0.000000000 0.500000000 0.666666667 0.500000000 0.500000000 0.000000000 0.000000000 0.623713301 -0.754564868 -0.203994063 0.057128831 -0.216274065 0.974659851 -0.779562707 -0.619562256 -0.091785602 -0.725771487 0.788377643 -16.020454407
0.000000000 0.500000000 0.666666667 0.500000000 0.500000000 0.000000000 0.000000000 0.618205489 -0.759354990 -0.202982691 0.056860823 -0.214361321 0.975097980 -0.783957155 -0.614352686 -0.089341796 -0.556596696 0.789028943 -15.954618454
0.000000000 0.500000000 0.666666667 0.500000000 0.500000000 0.000000000 0.000000000 0.612687644 -0.763902194 -0.202650659 0.056554523 -0.213379706 0.975331065 -0.788299078 -0.609034104 -0.087532985 -0.397546381 0.789542854 -15.878950119
0.000000000 0.500000000 0.666666667 0.500000000 0.500000000 0.000000000 0.000000000 0.607115810 -0.768292457 -0.202822813 0.056220569 -0.213075622 0.975416848 -0.792622004 -0.603593803 -0.086167740 -0.243569329 0.789959371 -15.805653572
0.000000000 0.500000000 0.666666667 0.500000000 0.500000000 0.000000000 0.000000000 0.601444793 -0.772609575 -0.203318974 0.055871703 -0.213194120 0.975411000 -0.796958288 -0.598015645 -0.085057481 -0.094653316 0.790310979 -15.734730721
0.000000000 0.500000000 0.666666667 0.500000000 0.500000000 0.000000000 0.000000000 0.595628384 -0.776935214 -0.203957106 0.055526035 -0.213480324 0.975368141 -0.801338685 -0.592281879 -0.084014808 0.049211424 0.790628672 -15.666181564
0.000000000 0.500000000 0.666666667 0.500000000 0.500000000 0.000000000 0.000000000 0.589618958 -0.781349794 -0.204553133 0.055205348 -0.213680539 0.975342502 -0.805792687 -0.586372856 -0.082855409 0.201755360 0.790978670 -15.593510628
0.000000000 0.500000000 0.666666667 0.500000000 0.500000000 0.000000000 0.000000000 0.583367929 -0.785932741 -0.204918485 0.054934115 -0.213540330 0.975388523 -0.810348136 -0.580267398 -0.081398061 0.359284669 0.791363180 -15.509809494
