0.000000000 0.500000000 0.666666667 0.500000000 0.500000000 0.000000000 0.000000000 -0.143916408 0.989589848 -0.000000000 -0.000000000 0.000000000 1.000000000 0.989589848 0.143916408 0.000000000 -46.951362610 1.727525234 -44.016304016
0.000000000 0.500000000 0.666666667 0.500000000 0.500000000 0.000000000 0.000000000 -0.153905155 0.988029779 -0.010505192 0.026016149 0.014680249 0.999553726 0.987743065 0.153563166 -0.027964096 -46.884677887 1.826546907 -44.109638214
0.000000000 0.500000000 0.666666667 0.500000000 0.500000000 0.000000000 0.000000000 -0.165990034 0.985893742 -0.021467152 0.053646514 0.030764826 0.998085957 0.984667132 0.164520684 -0.057996417 -46.818191528 1.924778104 -44.205554962
0.000000000 0.500000000 0.666666667 0.500000000 0.500000000 0.000000000 0.000000000 -0.179879440 0.983147361 -0.032629027 0.082475920 0.048126707 0.995430330 0.980225030 0.176366342 -0.089742988 -46.752521515 2.020833015 -44.305706024
0.000000000 0.500000000 0.666666667 0.500000000 0.500000000 0.000000000 0.000000000 -0.195263841 0.979774378 -0.043751574 0.112092331 0.066612915 0.991462571 0.974324044 0.188692573 -0.122832288 -46.688274384 2.113426685 -44.411334991
0.000000000 0.500000000 0.666666667 0.500000000 0.500000000 0.000000000 0.000000000 -0.211815429 0.975782191 -0.054619953 0.142091928 0.086042122 0.986106808 0.966925079 0.201111583 -0.156875821 -46.625976562 2.201537132 -44.523151398
0.000000000 0.500000000 0.666666667 0.500000000 0.500000000 0.000000000 0.000000000 -0.229191889 0.971205257 -0.065049424 0.172085373 0.106204213 0.979340232 0.958048904 0.213262784 -0.191471363 -46.565933228 2.284556150 -44.641307831
0.000000000 0.500000000 0.666666667 0.500000000 0.500000000 0.000000000 0.000000000 -0.247039092 0.966107277 -0.074889359 0.201707210 0.126861441 0.971195334 0.947779452 0.224817489 -0.226210538 -46.509216309 2.360435963 -44.766967773
0.000000000 0.500000000 0.666666667 0.500000000 0.500000000 0.000000000 0.000000000 -0.264992797 0.960582207 -0.084027620 0.230619155 0.147750929 0.961761128 0.936265786 0.235481393 -0.260681589 -46.455986023 2.429087162 -44.899208069
0.000000000 0.500000000 0.666666667 0.500000000 0.500000000 0.000000000 0.000000000 -0.282686424 0.954752443 -0.092391330 0.258518050 0.168588695 0.951181513 0.923719007 0.245001274 -0.294478475 -46.405326843 2.492380858 -45.036205292
0.000000000 0.500000000 0.666666667 0.500000000 0.500000000 0.000000000 0.000000000 -0.299750184 0.948767651 -0.099948844 0.285137690 0.189073998 0.939652873 0.910409976 0.253161939 -0.327204382 -46.357494354 2.549872160 -45.178012848
0.000000000 0.500000000 0.666666667 0.500000000 0.500000000 0.000000000 0.000000000 -0.315818918 0.942800133 -0.106706705 0.310253257 0.208894408 0.927419022 0.896661211 0.259790369 -0.358479618 -46.313762665 2.599302054 -45.325122833
0.000000000 0.500000000 0.666666667 0.500000000 0.500000000 0.000000000 0.000000000 -0.330532480 0.937040749 -0.112707201 0.333681360 0.227730922 0.914765203 0.882839186 0.264751319 -0.387945498 -46.271278381 2.646180630 -45.474658966
0.000000000 0.500000000 0.666666667 0.500000000 0.500000000 0.000000000 0.000000000 -0.343536994 0.931693385 -0.118024444 0.355275576 0.245262826 0.902011869 0.869345500 0.267943244 -0.415264758 -46.232200623 2.686847687 -45.628070831
0.000000000 0.500000000 0.666666667 0.500000000 0.500000000 0.000000000 0.000000000 -0.354485946 0.926968431 -0.122756843 0.374924140 0.261172103 0.889506055 0.856604695 0.269292891 -0.440124682 -46.194316864 2.725397825 -45.783466339
0.000000000 0.500000000 0.666666667 0.500000000 0.500000000 0.000000000 0.000000000 -0.363037742 0.923076133 -0.127019881 0.392541485 0.275147101 0.877613386 0.845053123 0.268746210 -0.462234458 -46.158710480 2.760084867 -45.941516876
0.000000000 0.500000000 0.666666667 0.500000000 0.500000000 0.000000000 0.000000000 -0.368852457 0.920219360 -0.130935845 0.408059722 0.286884957 0.866708881 0.835125816 0.266258055 -0.481322677 -46.124626160 2.792396545 -46.101554871
0.000000000 0.500000000 0.666666667 0.500000000 0.500000000 0.000000000 0.000000000 -0.371588549 0.918584967 -0.134623955 0.421413972 0.296094604 0.857168741 0.827243746 0.261781672 -0.497129903 -46.092304230 2.821968079 -46.263694763
0.000000000 0.500000000 0.666666667 0.500000000 0.500000000 0.000000000 0.000000000 -0.370896023 0.918335710 -0.138187057 0.432530591 0.302497696 0.849360013 0.821798897 0.255254122 -0.509403481 -46.061653137 2.849203110 -46.427738190
0.000000000 0.500000000 0.666666667 0.500000000 0.500000000 0.000000000 0.000000000 -0.366409508 0.919600767 -0.141698633 0.441310091 0.305830085 0.843631059 0.819139473 0.246581405 -0.517888149 -46.032573700 2.874235869 -46.593647003
0.000000000 0.500000000 0.666666667 0.500000000 0.500000000 0.000000000 0.000000000 -0.357743697 0.922464040 -0.145187956 0.447608189 0.305844566 0.840301143 0.819552534 0.235625120 -0.522316424 -46.005290985 2.897025585 -46.761394501
0.000000000 0.500000000 0.666666667 0.500000000 0.500000000 0.000000000 0.000000000 -0.344612376 0.926905352 -0.148622942 0.451282819 0.302402676 0.839581109 0.823156199 0.222259061 -0.522508165 -45.979492188 2.917912722 -46.930892944
0.000000000 0.500000000 0.666666667 0.500000000 0.500000000 0.000000000 0.000000000 -0.327205738 0.932663026 -0.151908145 0.452378526 0.295745033 0.841361126 0.829632493 0.206578205 -0.518686197 -45.956268311 2.936178923 -47.097827911
0.000000000 0.500000000 0.666666667 0.500000000 0.500000000 0.000000000 0.000000000 -0.305838613 0.939398360 -0.154898238 0.450949152 0.286216000 0.845414256 0.838515119 0.188709095 -0.511156798 -45.935009003 2.952417135 -47.262023926
0.000000000 0.500000000 0.666666667 0.500000000 0.500000000 0.000000000 0.000000000 -0.280835403 0.946758460 -0.157416308 0.447017976 0.274171397 0.851472239 0.849297595 0.168755630 -0.500215086 -45.916137695 2.966486454 -47.423511505
0.000000000 0.500000000 0.666666667 0.500000000 0.500000000 0.000000000 0.000000000 -0.252541345 0.954387724 -0.159270027 0.440593011 0.259976937 0.859237913 0.861452650 0.146819837 -0.486151486 -45.899192810 2.978769541 -47.582172394
0.000000000 0.500000000 0.666666667 0.500000000 0.500000000 0.000000000 0.000000000 -0.221325550 0.961940519 -0.160266775 0.431689497 0.244005103 0.868392589 0.874447928 0.123011984 -0.469264183 -45.884380341 2.989344358 -47.737972260
0.000000000 0.500000000 0.666666667 0.500000000 0.500000000 0.000000000 0.000000000 -0.187586803 0.969091327 -0.160228563 0.420341313 0.226633378 0.878607132 0.887763692 0.097464418 -0.449862551 -45.871688843 2.998232126 -47.890895844
0.000000000 0.500000000 0.666666667 0.500000000 0.500000000 0.000000000 0.000000000 -0.151755736 0.975545320 -0.159001654 0.406617455 0.208238834 0.889549793 0.900906456 0.070341436 -0.428275192 -45.860343933 3.005942583 -48.040775299
0.000000000 0.500000000 0.666666667 0.500000000 0.500000000 0.000000000 0.000000000 -0.114290277 0.981047769 -0.156470469 0.390628160 0.189194408 0.900896840 0.913426173 0.041841978 -0.404847967 -45.850784302 3.012184620 -48.187644958
0.000000000 0.500000000 0.666666667 0.500000000 0.500000000 0.000000000 0.000000000 -0.075673027 0.985392347 -0.152563153 0.372536449 0.169861653 0.912339637 0.924927125 0.012204167 -0.379948512 -45.841815948 3.017799377 -48.331314087
0.000000000 0.500000000 0.666666667 0.500000000 0.500000000 0.000000000 0.000000000 -0.036404298 0.988427668 -0.147259877 0.352557590 0.150585675 0.923594662 0.935081746 -0.018294772 -0.353959643 -45.834140778 3.022272587 -48.473007202
0.000000000 0.500000000 0.666666667 0.500000000 0.500000000 0.000000000 0.000000000 0.003005599 0.990062572 -0.140595413 0.330962546 0.131687664 0.934410056 0.943639104 -0.049340278 -0.327277830 -45.826473236 3.026624680 -48.612564087
0.000000000 0.500000000 0.666666667 0.500000000 0.500000000 0.000000000 0.000000000 0.042049617 0.990268851 -0.132662855 0.308075649 0.113459253 0.944572068 0.950432125 -0.080589089 -0.300306801 -45.819530487 3.030174255 -48.750003815
0.000000000 0.500000000 0.666666667 0.500000000 0.500000000 0.000000000 0.000000000 0.080228593 0.989082288 -0.123610677 0.284268644 0.096156859 0.953910476 0.955381971 -0.111669535 -0.273450552 -45.812522888 3.033742189 -48.885200500
0.000000000 0.500000000 0.666666667 0.500000000 0.500000000 0.000000000 0.000000000 0.117064868 0.986600893 -0.113641954 0.259955335 0.079998050 0.962301167 0.958498326 -0.142193492 -0.247107204 -45.805404663 3.037150860 -49.018115997
0.000000000 0.500000000 0.666666667 0.500000000 0.500000000 0.000000000 0.000000000 0.152108214 0.982981379 -0.103008250 0.235583253 0.065158503 0.969667417 0.959876879 -0.171761397 -0.221662807 -45.798236847 3.040565968 -49.148685455
0.000000000 0.500000000 0.666666667 0.500000000 0.500000000 0.000000000 0.000000000 0.184943421 0.978433013 -0.092004188 0.211625362 0.051771972 0.975978672 0.959692991 -0.199971254 -0.197486355 -45.790809631 3.044137001 -49.276847839
0.000000000 0.500000000 0.666666667 0.500000000 0.500000000 0.000000000 0.000000000 0.215191382 0.973210332 -0.080958748 0.188569686 0.039931767 0.981247638 0.958193166 -0.226422401 -0.174924995 -45.782802582 3.047966480 -49.402534485
0.000000000 0.500000000 0.666666667 0.500000000 0.500000000 0.000000000 0.000000000 0.242513817 0.967602772 -0.070227667 0.166911699 0.029694726 0.985524585 0.955681711 -0.250725148 -0.154302842 -45.774883270 3.051900148 -49.525730133
0.000000000 0.500000000 0.666666667 0.500000000 0.500000000 0.000000000 0.000000000 0.266607061 0.961924394 -0.060184173 0.147148784 0.021087515 0.988889555 0.952506121 -0.272500966 -0.135923925 -45.766189575 3.056315661 -49.646312714
0.000000000 0.500000000 0.666666667 0.500000000 0.500000000 0.000000000 0.000000000 0.287279036 0.956479695 -0.051160038 0.129690735 0.014078106 0.991454548 0.949026379 -0.291459089 -0.120002210 -45.757106781 3.061068058 -49.764270782
0.000000000 0.500000000 0.666666667 0.500000000 0.500000000 0.000000000 0.000000000 0.304686814 0.951468592 -0.043283536 0.114621366 0.008484860 0.993373016 0.945530480 -0.307628878 -0.106473404 -45.748245239 3.065889597 -49.879665375
0.000000000 0.500000000 0.666666667 0.500000000 0.500000000 0.000000000 0.000000000 0.319059165 0.947027705 -0.036602954 0.101919261 0.004111564 0.994784177 0.942238671 -0.321125555 -0.095208531 -45.738471985 3.071300030 -49.992397308
0.000000000 0.500000000 0.666666667 0.500000000 0.500000000 0.000000000 0.000000000 0.330607852 0.943254444 -0.031136840 0.091540867 0.000786603 0.995801010 0.939318220 -0.332069926 -0.086086272 -45.728279114 3.077055216 -50.102512360
0.000000000 0.500000000 0.666666667 0.500000000 0.500000000 0.000000000 0.000000000 0.339527777 0.940211905 -0.026878662 0.083426055 -0.001638500 0.996512623 0.936888991 -0.340586096 -0.078994486 -45.718372345 3.082797766 -50.210109711
0.000000000 0.500000000 0.666666667 0.500000000 0.500000000 0.000000000 0.000000000 0.345999515 0.937932772 -0.023800223 0.077501686 -0.003291321 0.996986788 0.935028248 -0.346801502 -0.073830167 -45.708312988 3.088738441 -50.315155029
0.000000000 0.500000000 0.666666667 0.500000000 0.500000000 0.000000000 0.000000000 0.350184076 0.936425917 -0.021854384 0.073682482 -0.004279735 0.997272568 0.933778349 -0.350839258 -0.070496881 -45.697029114 3.095416784 -50.417503357
0.000000000 0.500000000 0.666666667 0.500000000 0.500000000 0.000000000 0.000000000 0.352230691 0.935678048 -0.020979285 0.071878997 -0.004695207 0.997402308 0.933148943 -0.352823674 -0.068909395 -45.686073303 3.102019310 -50.517395020
0.000000000 0.500000000 0.666666667 0.500000000 0.500000000 0.000000000 0.000000000 0.352275125 0.935658635 -0.021098675 0.071992683 -0.004614428 0.997394486 0.933123405 -0.352876218 -0.068986124 -45.675453186 3.108536720 -50.614841461
0.000000000 0.500000000 0.666666667 0.500000000 0.500000000 0.000000000 0.000000000 0.350440993 0.936323416 -0.022126253 0.073924182 -0.004101721 0.997255429 0.933662854 -0.351114848 -0.070654354 -45.664813995 3.115124464 -50.709796906
0.000000000 0.500000000 0.666666667 0.500000000 0.500000000 0.000000000 0.000000000 0.346846355 0.937615726 -0.023965737 0.077568066 -0.003211118 0.996981887 0.934708939 -0.347658510 -0.073842804 -45.653568268 3.122050047 -50.802192688
0.000000000 0.500000000 0.666666667 0.500000000 0.500000000 0.000000000 0.000000000 0.341599234 0.939471674 -0.026512963 0.082818833 -0.001989439 0.996562634 0.936189620 -0.342620805 -0.078485538 -45.642669678 3.128856659 -50.892192841
0.000000000 0.500000000 0.666666667 0.500000000 0.500000000 0.000000000 0.000000000 0.334806821 0.941819910 -0.029658899 0.089567616 -0.000475845 0.995980630 0.938020274 -0.336117585 -0.084515881 -45.632102966 3.135536432 -50.979804993
0.000000000 0.500000000 0.666666667 0.500000000 0.500000000 0.000000000 0.000000000 0.326573428 0.944585444 -0.033288668 0.097707037 0.001292460 0.995214381 0.940108042 -0.328263109 -0.091870561 -45.621849060 3.142087221 -51.065036774
0.000000000 0.500000000 0.666666667 0.500000000 0.500000000 0.000000000 0.000000000 0.317002393 0.947691574 -0.037284898 0.107125816 0.003282712 0.994240053 0.942355316 -0.319170651 -0.100481606 -45.611396790 3.148719311 -51.147830963
0.000000000 0.500000000 0.666666667 0.500000000 0.500000000 0.000000000 0.000000000 0.306199348 0.951061171 -0.041528392 0.117715650 0.005461878 0.993032323 0.944661307 -0.308954392 -0.110282361 -45.600994110 3.155318022 -51.228244781
0.000000000 0.500000000 0.666666667 0.500000000 0.500000000 0.000000000 0.000000000 0.294272750 0.954618700 -0.045898645 0.129365409 0.007796659 0.991566338 0.946925625 -0.297728650 -0.121200294 -45.590908051 3.161764383 -51.306335449
0.000000000 0.500000000 0.666666667 0.500000000 0.500000000 0.000000000 0.000000000 0.281335759 0.958291415 -0.050276780 0.141967496 0.010251934 0.989818230 0.949049746 -0.285608931 -0.133161997 -45.581127167 3.168055296 -51.382114410
0.000000000 0.500000000 0.666666667 0.500000000 0.500000000 0.000000000 0.000000000 0.267506787 0.962010906 -0.054544799 0.155412216 0.012789590 0.987766911 0.950940146 -0.272711281 -0.146086944 -45.571640015 3.174186230 -51.455585480
0.000000000 0.500000000 0.666666667 0.500000000 0.500000000 0.000000000 0.000000000 0.252909141 0.965714424 -0.058588545 0.169594113 0.015367803 0.985394169 0.952509739 -0.259151465 -0.159892823 -45.562343597 3.180182457 -51.526760101
0.000000000 0.500000000 0.666666667 0.500000000 0.500000000 0.000000000 0.000000000 0.237697427 0.969338783 -0.062307757 0.184379701 0.017953164 0.982691106 0.953679222 -0.245071433 -0.174458974 -45.552150726 3.186586142 -51.601711273
0.000000000 0.500000000 0.666666667 0.500000000 0.500000000 0.000000000 0.000000000 0.222128914 0.972804420 -0.065652926 0.199529210 0.020556449 0.979676236 0.954382963 -0.230714095 -0.189536716 -45.541404724 3.193300724 -51.680515289
0.000000000 0.500000000 0.666666667 0.500000000 0.500000000 0.000000000 0.000000000 0.206490454 0.976040842 -0.068600057 0.214776840 0.023186424 0.976387883 0.954585041 -0.216348481 -0.204843192 -45.530086517 3.200327635 -51.763210297
0.000000000 0.500000000 0.666666667 0.500000000 0.500000000 0.000000000 0.000000000 0.191075777 0.978993664 -0.071143890 0.229863450 0.025835839 0.972879902 0.954281322 -0.202247163 -0.220098258 -45.518188477 3.207664013 -51.849834442
0.000000000 0.500000000 0.666666667 0.500000000 0.500000000 0.000000000 0.000000000 0.176182323 0.981624902 -0.073296254 0.244532996 0.028481341 0.969222589 0.953500605 -0.188683239 -0.235021770 -45.505691528 3.215308189 -51.940399170
0.000000000 0.500000000 0.666666667 0.500000000 0.500000000 0.000000000 0.000000000 0.162110911 0.983911610 -0.075086589 0.258537102 0.031084598 0.965501069 0.952301748 -0.175930927 -0.249338504 -45.492317200 3.223238468 -52.034927368
0.000000000 0.500000000 0.666666667 0.500000000 0.500000000 0.000000000 0.000000000 0.149163653 0.985844201 -0.076559889 0.271634215 0.033593976 0.961814066 0.950770770 -0.164263985 -0.262778015 -45.478351593 3.231464863 -52.133476257
0.000000000 0.500000000 0.666666667 0.500000000 0.500000000 0.000000000 0.000000000 0.137641650 0.987423938 -0.077773660 0.283587891 0.035946907 0.958272262 0.949016693 -0.153953843 -0.275073681 -45.463783264 3.239979267 -52.236083984
0.000000000 0.500000000 0.666666667 0.500000000 0.500000000 0.000000000 0.000000000 0.127844656 0.988659232 -0.078795093 0.294168171 0.038072870 0.954995049 0.947164627 -0.145270022 -0.285964665 -45.448627472 3.248772621 -52.342788696
0.000000000 0.500000000 0.666666667 0.500000000 0.500000000 0.000000000 0.000000000 0.120070612 0.989561266 -0.079696606 0.303148188 0.039897052 0.952107873 0.945348732 -0.138480056 -0.295193241 -45.432815552 3.257630587 -52.453617096
0.000000000 0.500000000 0.666666667 0.500000000 0.500000000 0.000000000 0.000000000 0.114616554 0.990138601 -0.080551830 0.310304949 0.041344732 0.949737570 0.943702222 -0.133851279 -0.302506118 -45.416400909 3.266705751 -52.568618774
0.000000000 0.500000000 0.666666667 0.500000000 0.500000000 0.000000000 0.000000000 0.111775684 0.990391661 -0.081428218 0.315412418 0.042346153 0.948009393 0.942348769 -0.131647869 -0.307648558 -45.399387360 3.276024818 -52.687797546
0.000000000 0.500000000 0.666666667 0.500000000 0.500000000 0.000000000 0.000000000 0.111840926 0.990305402 -0.082382151 0.318241478 0.042842202 0.947041133 0.941389382 -0.132135375 -0.310364743 -45.382770538 3.284973144 -52.804653168
0.000000000 0.500000000 0.666666667 0.500000000 0.500000000 0.000000000 0.000000000 0.115101520 0.989842247 -0.083450385 0.318556081 0.042790682 0.946937686 0.940889825 -0.135577595 -0.310394994 -45.366691589 3.293252468 -52.919242859
0.000000000 0.500000000 0.666666667 0.500000000 0.500000000 0.000000000 0.000000000 0.121845536 0.988933401 -0.084642738 0.316107794 0.042173549 0.947785447 0.940866371 -0.142239655 -0.307470898 -45.350936890 3.301265717 -53.031539917
0.000000000 0.500000000 0.666666667 0.500000000 0.500000000 0.000000000 0.000000000 0.132357403 0.987470056 -0.085932567 0.310633507 0.041004565 0.949644907 0.941269537 -0.152386069 -0.301314029 -45.335491180 3.309015512 -53.141590118
0.000000000 0.500000000 0.666666667 0.500000000 0.500000000 0.000000000 0.000000000 0.146916320 0.985293583 -0.087247633 0.301853091 0.039338460 0.952542491 0.941966192 -0.166280005 -0.291634452 -45.320629120 3.316130876 -53.249485016
0.000000000 0.500000000 0.666666667 0.500000000 0.500000000 0.000000000 0.000000000 0.165787117 0.982186221 -0.088458229 0.289469572 0.037280624 0.956460936 0.942720531 -0.184174867 -0.278132378 -45.306301117 3.322655678 -53.355247498
0.000000000 0.500000000 0.666666667 0.500000000 0.500000000 0.000000000 0.000000000 0.189217920 0.977859985 -0.089366825 0.273166577 0.034997842 0.961329898 0.943173685 -0.206312873 -0.260496446 -45.292175293 3.328976870 -53.458850861
0.000000000 0.500000000 0.666666667 0.500000000 0.500000000 0.000000000 0.000000000 0.217424139 0.971947243 -0.089695601 0.252616314 0.032730078 0.967012792 0.942821161 -0.232910495 -0.238413421 -45.278224945 3.335122585 -53.560321808
