0.000000000 0.500000000 0.666666667 0.500000000 0.500000000 0.000000000 0.000000000 0.998646182 0.052017344 0.000000000 -0.000000000 0.000000000 1.000000000 0.052017344 -0.998646182 0.000000000 21.609186172 1.502684236 2.056992054
0.000000000 0.500000000 0.666666667 0.500000000 0.500000000 0.000000000 0.000000000 0.998915424 0.046546316 0.001189677 -0.001343965 0.003283558 0.999993706 0.046542117 -0.998910736 0.003342553 21.550434113 1.453384995 2.181181669
0.000000000 0.500000000 0.666666667 0.500000000 0.500000000 0.000000000 0.000000000 0.999214439 0.039534566 0.002742930 -0.003052111 0.007762290 0.999965215 0.039511899 -0.999188053 0.007876856 21.494419098 1.408905029 2.304150343
0.000000000 0.500000000 0.666666667 0.500000000 0.500000000 0.000000000 0.000000000 0.999500662 0.031258283 0.004620145 -0.005035855 0.013233545 0.999899752 0.031194008 -0.999423730 0.013384349 21.441825867 1.371282935 2.426757812
0.000000000 0.500000000 0.666666667 0.500000000 0.500000000 0.000000000 0.000000000 0.999735111 0.021994350 0.006779095 -0.007208285 0.019493396 0.999784001 0.021857451 -0.999568035 0.019646774 21.393321991 1.342220426 2.549370050
0.000000000 0.500000000 0.666666667 0.500000000 0.500000000 0.000000000 0.000000000 0.999885695 0.012018793 0.009173113 -0.009487129 0.026335929 0.999608130 0.011772501 -0.999580896 0.026446943 21.348554611 1.320399165 2.671040058
0.000000000 0.500000000 0.666666667 0.500000000 0.500000000 0.000000000 0.000000000 0.999929683 0.001607956 0.011749211 -0.011796559 0.033552841 0.999367324 0.001212719 -0.999435651 0.033569450 21.307210922 1.304820538 2.791122913
0.000000000 0.500000000 0.666666667 0.500000000 0.500000000 0.000000000 0.000000000 0.999855460 -0.008964858 0.014446128 -0.014067662 0.040933305 0.999062844 -0.009547785 -0.999121662 0.040801274 21.269405365 1.295587182 2.909331083
0.000000000 0.500000000 0.666666667 0.500000000 0.500000000 0.000000000 0.000000000 0.999663416 -0.019426396 0.017195038 -0.016240597 0.048264122 0.998702567 -0.020231095 -0.998645678 0.047932381 21.234375000 1.290664077 3.024946213
0.000000000 0.500000000 0.666666667 0.500000000 0.500000000 0.000000000 0.000000000 0.999366100 -0.029506709 0.019918624 -0.018263754 0.055330005 0.998301070 -0.030558676 -0.998032036 0.054756028 21.201995850 1.288187265 3.137753725
0.000000000 0.500000000 0.666666667 0.500000000 0.500000000 0.000000000 0.000000000 0.998987538 -0.038938360 0.022532270 -0.020093996 0.061914044 0.997879192 -0.040250843 -0.997321641 0.061068931 21.173225403 1.288132310 3.247973442
0.000000000 0.500000000 0.666666667 0.500000000 0.500000000 0.000000000 0.000000000 0.998561785 -0.047456626 0.024944538 -0.021694987 0.067798171 0.997463150 -0.049027429 -0.996569755 0.066671092 21.148210526 1.289182067 3.355453968
0.000000000 0.500000000 0.666666667 0.500000000 0.500000000 0.000000000 0.000000000 0.998130671 -0.054799209 0.027059368 -0.023036110 0.072763683 0.997083138 -0.056608307 -0.995842605 0.071365303 21.125753403 1.290847182 3.459907055
0.000000000 0.500000000 0.666666667 0.500000000 0.500000000 0.000000000 0.000000000 0.997740769 -0.060705548 0.028778365 -0.024090342 0.076591622 0.996771478 -0.062713740 -0.995212821 0.074956167 21.107723236 1.292941809 3.561591625
0.000000000 0.500000000 0.666666667 0.500000000 0.500000000 0.000000000 0.000000000 0.997439628 -0.064915798 0.030002133 -0.024830052 0.079063302 0.996560316 -0.067064576 -0.994753705 0.077249008 21.091810226 1.295076847 3.660048723
0.000000000 0.500000000 0.666666667 0.500000000 0.500000000 0.000000000 0.000000000 0.997271154 -0.067169323 0.030635402 -0.025225465 0.079960617 0.996478788 -0.069382431 -0.994532343 0.078048039 21.079471588 1.296953082 3.752431631
0.000000000 0.500000000 0.666666667 0.500000000 0.500000000 0.000000000 0.000000000 0.997270305 -0.067202968 0.030589202 -0.025239053 0.079066515 0.996549786 -0.069389685 -0.994601552 0.077154548 21.070613861 1.298539996 3.838715792
0.000000000 0.500000000 0.666666667 0.500000000 0.500000000 0.000000000 0.000000000 0.997456952 -0.064749211 0.029785373 -0.024821115 0.076165484 0.996786201 -0.066809738 -0.994990632 0.074364643 21.062108994 1.299749732 3.918495893
0.000000000 0.500000000 0.666666667 0.500000000 0.500000000 0.000000000 0.000000000 0.997828948 -0.059534102 0.028161688 -0.023904786 0.071044523 0.997186661 -0.061367346 -0.995694916 0.069467132 21.057468414 1.300319791 3.992465735
0.000000000 0.500000000 0.666666667 0.500000000 0.500000000 0.000000000 0.000000000 0.998354382 -0.051275825 0.025677191 -0.022400054 0.063494466 0.997730771 -0.052789828 -0.996664057 0.062241397 21.054264069 1.300385714 4.060468674
0.000000000 0.500000000 0.666666667 0.500000000 0.500000000 0.000000000 0.000000000 0.998963007 -0.039683663 0.022318539 -0.020187555 0.053312217 0.998373813 -0.040808981 -0.997789063 0.052455816 21.050836563 1.300032973 4.122412205
0.000000000 0.500000000 0.666666667 0.500000000 0.500000000 0.000000000 0.000000000 0.999534073 -0.024557493 0.018126395 -0.017125246 0.040382055 0.999037545 -0.025265839 -0.998882485 0.039942687 21.047161102 1.299246788 4.178310394
0.000000000 0.500000000 0.666666667 0.500000000 0.500000000 0.000000000 0.000000000 0.999893650 -0.006090328 0.013251298 -0.013095719 0.024912019 0.999603868 -0.006418032 -0.999671096 0.024829612 21.046283722 1.297664762 4.228178501
0.000000000 0.500000000 0.666666667 0.500000000 0.500000000 0.000000000 0.000000000 0.999850095 0.015420268 0.007874216 -0.007985984 0.007199973 0.999942191 0.015362682 -0.999855177 0.007322040 21.045560837 1.295667648 4.272089958
0.000000000 0.500000000 0.666666667 0.500000000 0.500000000 0.000000000 0.000000000 0.999210584 0.039666860 0.002179387 -0.001686930 -0.012444080 0.999921146 0.039690853 -0.999135469 -0.012367341 21.044225693 1.293400884 4.310063362
0.000000000 0.500000000 0.666666667 0.500000000 0.500000000 0.000000000 0.000000000 0.997791212 0.066327627 -0.003652868 0.005898868 -0.033698002 0.999414653 0.066165707 -0.997228705 -0.034014828 21.042318344 1.290900826 4.342143536
0.000000000 0.500000000 0.666666667 0.500000000 0.500000000 0.000000000 0.000000000 0.995426041 0.095066509 -0.009452861 0.014850305 -0.056229256 0.998307437 0.094374075 -0.993881597 -0.057383833 21.039882660 1.288212895 4.368364334
0.000000000 0.500000000 0.666666667 0.500000000 0.500000000 0.000000000 0.000000000 0.991975202 0.125531616 -0.015066915 0.025221188 -0.079697960 0.996499938 0.123891445 -0.988883233 -0.082224456 21.036960602 1.285377145 4.388750076
0.000000000 0.500000000 0.666666667 0.500000000 0.500000000 0.000000000 0.000000000 0.987331494 0.157358948 -0.020363739 0.037036636 -0.103760622 0.993912481 0.154288068 -0.982075300 -0.108274176 21.033594131 1.282437682 4.403315544
0.000000000 0.500000000 0.666666667 0.500000000 0.500000000 0.000000000 0.000000000 0.981426186 0.190172852 -0.025237431 0.050287500 -0.128073339 0.990488964 0.185131869 -0.973360933 -0.135257846 21.029836655 1.279435992 4.412079811
0.000000000 0.500000000 0.666666667 0.500000000 0.500000000 0.000000000 0.000000000 0.974233005 0.223591503 -0.029612352 0.064929555 -0.152299325 0.986199305 0.215995843 -0.962710629 -0.162892726 21.025732040 1.276417255 4.415043831
0.000000000 0.500000000 0.666666667 0.500000000 0.500000000 0.000000000 0.000000000 0.965770205 0.257233685 -0.033447597 0.080884417 -0.176113369 0.981041178 0.246466269 -0.950165729 -0.190891241 21.021945953 1.273486257 4.425956726
0.000000000 0.500000000 0.666666667 0.500000000 0.500000000 0.000000000 0.000000000 0.956102338 0.290721132 -0.036736114 0.098036749 -0.199207900 0.975041029 0.276146908 -0.935840497 -0.218964494 21.018522263 1.270683527 4.444804668
0.000000000 0.500000000 0.666666667 0.500000000 0.500000000 0.000000000 0.000000000 0.945338743 0.323687801 -0.039507826 0.116239271 -0.221299323 0.968253604 0.304668824 -0.919920006 -0.246828058 21.016361237 1.267896652 4.471494198
0.000000000 0.500000000 0.666666667 0.500000000 0.500000000 0.000000000 0.000000000 0.933631899 0.355783163 -0.041830834 0.135316396 -0.242131372 0.960761090 0.331694062 -0.902657598 -0.274204868 21.016439438 1.264997482 4.505912781
0.000000000 0.500000000 0.666666667 0.500000000 0.500000000 0.000000000 0.000000000 0.921174143 0.386677060 -0.043806968 0.155065463 -0.261480877 0.952671220 0.356921422 -0.884369042 -0.300829680 21.017639160 1.262210607 4.548115253
0.000000000 0.500000000 0.666666667 0.500000000 0.500000000 0.000000000 0.000000000 0.908192518 0.416064189 -0.045573470 0.175265103 -0.279158538 0.944114746 0.380090113 -0.865425388 -0.326451228 21.019994736 1.259564161 4.598066330
0.000000000 0.500000000 0.666666667 0.500000000 0.500000000 0.000000000 0.000000000 0.894943685 0.443665119 -0.047297608 0.195679036 -0.295013103 0.935241671 0.400980693 -0.846243778 -0.350836077 21.023544312 1.257076383 4.655703068
0.000000000 0.500000000 0.666666667 0.500000000 0.500000000 0.000000000 0.000000000 0.881707377 0.469226946 -0.049174940 0.216063092 -0.308928780 0.926217982 0.419414881 -0.827278117 -0.373767409 21.028322220 1.254759550 4.720971584
0.000000000 0.500000000 0.666666667 0.500000000 0.500000000 0.000000000 0.000000000 0.868779752 0.492521356 -0.051424284 0.236169722 -0.320822582 0.917222292 0.435253495 -0.809009014 -0.395042794 21.037927628 1.251879811 4.793193340
0.000000000 0.500000000 0.666666667 0.500000000 0.500000000 0.000000000 0.000000000 0.856465706 0.513341844 -0.054283022 0.255756574 -0.330644951 0.908439591 0.448391648 -0.791930595 -0.414476613 21.051799774 1.248566866 4.872406960
0.000000000 0.500000000 0.666666667 0.500000000 0.500000000 0.000000000 0.000000000 0.845034872 0.530917306 -0.063583645 0.274610613 -0.328871337 0.903566630 0.458808322 -0.781006055 -0.423703275 21.067689896 1.246500254 4.958398342
0.000000000 0.500000000 0.666666667 0.500000000 0.500000000 0.000000000 0.000000000 0.834592452 0.546000762 -0.073065772 0.292625351 -0.327048913 0.898559632 0.466718163 -0.771311983 -0.432726219 21.085868835 1.244168639 5.051689148
0.000000000 0.500000000 0.666666667 0.500000000 0.500000000 0.000000000 0.000000000 0.825179191 0.558787240 -0.082680848 0.309740307 -0.325199980 0.893479667 0.472377227 -0.762890421 -0.441427187 21.111501694 1.240649343 5.150986195
0.000000000 0.500000000 0.666666667 0.500000000 0.500000000 0.000000000 0.000000000 0.816814332 0.569454224 -0.092391747 0.325912627 -0.323345805 0.888385305 0.476020280 -0.755757486 -0.449705810 21.139459610 1.236844420 5.257553577
0.000000000 0.500000000 0.666666667 0.500000000 0.500000000 0.000000000 0.000000000 0.809496025 0.578168015 -0.102166200 0.341115032 -0.321506298 0.883331328 0.477866844 -0.749903625 -0.457479871 21.170732498 1.232634306 5.371083736
0.000000000 0.500000000 0.666666667 0.500000000 0.500000000 0.000000000 0.000000000 0.803207831 0.585079755 -0.111977055 0.355333780 -0.319699723 0.878367800 0.478116184 -0.745301125 -0.464683922 21.208208084 1.227659941 5.490703106
0.000000000 0.500000000 0.666666667 0.500000000 0.500000000 0.000000000 0.000000000 0.797920937 0.590328662 -0.121795931 0.368563392 -0.317942788 0.873540732 0.476951994 -0.741905960 -0.471266741 21.248256683 1.222357154 5.617514610
0.000000000 0.500000000 0.666666667 0.500000000 0.500000000 0.000000000 0.000000000 0.793597063 0.594042691 -0.131594008 0.380806801 -0.316250490 0.868891137 0.474541759 -0.739661347 -0.477190957 21.293504715 1.216730952 5.750644207
0.000000000 0.500000000 0.666666667 0.500000000 0.500000000 0.000000000 0.000000000 0.790190103 0.596341457 -0.141338132 0.392071682 -0.314636167 0.864455828 0.471040760 -0.738499119 -0.482430984 21.342355728 1.210771441 5.890678406
0.000000000 0.500000000 0.666666667 0.500000000 0.500000000 0.000000000 0.000000000 0.787649426 0.597335543 -0.150992155 0.402369766 -0.313111647 0.860267208 0.466590777 -0.738343650 -0.486971971 21.395072937 1.204912066 6.037539005
0.000000000 0.500000000 0.666666667 0.500000000 0.500000000 0.000000000 0.000000000 0.785920710 0.597129869 -0.160513414 0.411713633 -0.311687487 0.856354363 0.461324746 -0.739112190 -0.490808159 21.451416016 1.199058771 6.191313267
0.000000000 0.500000000 0.666666667 0.500000000 0.500000000 0.000000000 0.000000000 0.784947684 0.595823960 -0.169855650 0.420118032 -0.310372827 0.852742369 0.455365757 -0.740717569 -0.493942821 21.510597229 1.194022179 6.352309227
0.000000000 0.500000000 0.666666667 0.500000000 0.500000000 0.000000000 0.000000000 0.784673917 0.593513072 -0.178966692 0.427596493 -0.309175839 0.849453671 0.448829681 -0.743069670 -0.496386325 21.572595596 1.189350605 6.520532131
0.000000000 0.500000000 0.666666667 0.500000000 0.500000000 0.000000000 0.000000000 0.785042291 0.590291014 -0.187790095 0.434163108 -0.308103471 0.846507322 0.441826885 -0.746075580 -0.498156836 21.635040283 1.187342524 6.696869850
0.000000000 0.500000000 0.666666667 0.500000000 0.500000000 0.000000000 0.000000000 0.785998132 0.586248536 -0.196264084 0.439828791 -0.307162026 0.843920686 0.434462393 -0.749642678 -0.499277763 21.697362900 1.187601328 6.881415844
0.000000000 0.500000000 0.666666667 0.500000000 0.500000000 0.000000000 0.000000000 0.787488179 0.581476351 -0.204322347 0.444602606 -0.306357007 0.841708921 0.426838249 -0.753678073 -0.499778422 21.757165909 1.191812754 7.074843407
0.000000000 0.500000000 0.666666667 0.500000000 0.500000000 0.000000000 0.000000000 0.789461551 0.576065230 -0.211894573 0.448491009 -0.305693252 0.839885379 0.419054023 -0.758090025 -0.499693145 21.808423996 1.203591228 7.278427601
0.000000000 0.500000000 0.666666667 0.500000000 0.500000000 0.000000000 0.000000000 0.791869757 0.570106885 -0.218907350 0.451498170 -0.305175003 0.838461460 0.411207600 -0.762788541 -0.499061071 21.847076416 1.224981666 7.491850376
0.000000000 0.500000000 0.666666667 0.500000000 0.500000000 0.000000000 0.000000000 0.794668710 0.563692266 -0.225283534 0.453623146 -0.304806134 0.837448065 0.403395194 -0.767687599 -0.497923757 21.869901657 1.256951928 7.713989258
0.000000000 0.500000000 0.666666667 0.500000000 0.500000000 0.000000000 0.000000000 0.797815610 0.556915728 -0.230943984 0.454863519 -0.304589848 0.836853753 0.395713824 -0.772702981 -0.496327183 21.875848770 1.298646212 7.943451881
0.000000000 0.500000000 0.666666667 0.500000000 0.500000000 0.000000000 0.000000000 0.801277525 0.548719238 -0.238456548 0.455217292 -0.300511926 0.838134714 0.388241606 -0.780128054 -0.490579938 21.866197586 1.347335219 8.179155350
0.000000000 0.500000000 0.666666667 0.500000000 0.500000000 0.000000000 0.000000000 0.805046204 0.540224759 -0.245066968 0.454701297 -0.296635325 0.839794150 0.380982073 -0.787505361 -0.484446041 21.850355148 1.394395709 8.422797203
0.000000000 0.500000000 0.666666667 0.500000000 0.500000000 0.000000000 0.000000000 0.809117977 0.531454738 -0.250766745 0.453334505 -0.292972281 0.841816529 0.373919678 -0.794810106 -0.477975910 21.845502853 1.429123521 8.676772118
0.000000000 0.500000000 0.666666667 0.500000000 0.500000000 0.000000000 0.000000000 0.813486101 0.522432525 -0.255547686 0.451134986 -0.289535597 0.844183844 0.367038945 -0.802018326 -0.471220774 21.868947983 1.454212666 8.938637734
0.000000000 0.500000000 0.666666667 0.500000000 0.500000000 0.000000000 0.000000000 0.818141080 0.513181975 -0.259402071 0.448120180 -0.286339540 0.846875417 0.360324129 -0.809106871 -0.464233339 21.929433823 1.475023150 9.202934265
0.000000000 0.500000000 0.666666667 0.500000000 0.500000000 0.000000000 0.000000000 0.823072194 0.503725016 -0.262322838 0.444304416 -0.283397079 0.849870391 0.353759451 -0.816055883 -0.457063504 22.027990341 1.495557785 9.464267731
0.000000000 0.500000000 0.666666667 0.500000000 0.500000000 0.000000000 0.000000000 0.828265472 0.494085019 -0.264303428 0.439702488 -0.280723547 0.853144778 0.347329858 -0.822845237 -0.449764033 22.160392761 1.518469214 9.719072342
0.000000000 0.500000000 0.666666667 0.500000000 0.500000000 0.000000000 0.000000000 0.833705590 0.484283492 -0.265338442 0.434326736 -0.278332749 0.856674482 0.341020932 -0.829457883 -0.442384837 22.319187164 1.544528723 9.967690468
0.000000000 0.500000000 0.666666667 0.500000000 0.500000000 0.000000000 0.000000000 0.839374596 0.474343699 -0.265421068 0.428188646 -0.276241975 0.860432946 0.334820506 -0.835875844 -0.434979082 22.491830826 1.572340012 10.210986137
0.000000000 0.500000000 0.666666667 0.500000000 0.500000000 0.000000000 0.000000000 0.845253095 0.464285311 -0.264549344 0.421299969 -0.274466124 0.864392667 0.328714986 -0.842085208 -0.427596728 22.667736053 1.600479722 10.443261147
0.000000000 0.500000000 0.666666667 0.500000000 0.500000000 0.000000000 0.000000000 0.851319695 0.454129599 -0.262718639 0.413670315 -0.273023567 0.868524612 0.322694354 -0.848071010 -0.420290275 22.843746185 1.628658414 10.666649818
0.000000000 0.500000000 0.666666667 0.500000000 0.500000000 0.000000000 0.000000000 0.857551764 0.443895180 -0.259926991 0.405308972 -0.271932474 0.872798583 0.316748495 -0.853820706 -0.413110872 23.017597198 1.656723619 10.882856369
0.000000000 0.500000000 0.666666667 0.500000000 0.500000000 0.000000000 0.000000000 0.863924050 0.433601381 -0.256173921 0.396225670 -0.271211118 0.877182848 0.310870478 -0.859322042 -0.406109805 23.187015533 1.684630036 11.093651772
0.000000000 0.500000000 0.666666667 0.500000000 0.500000000 0.000000000 0.000000000 0.870411114 0.423264770 -0.251458601 0.386428027 -0.270880409 0.881644590 0.305053886 -0.864563901 -0.399338689 23.347238541 1.712517023 11.302690506
0.000000000 0.500000000 0.666666667 0.500000000 0.500000000 0.000000000 0.000000000 0.876985378 0.412900817 -0.245783567 0.375924811 -0.270959804 0.886149717 0.299294475 -0.869536486 -0.392847447 23.488798141 1.742907643 11.515790939
0.000000000 0.500000000 0.666666667 0.500000000 0.500000000 0.000000000 0.000000000 0.883618425 0.402524367 -0.239149770 0.364722953 -0.271472111 0.890662709 0.293590950 -0.874229390 -0.386687635 23.595584869 1.791545391 11.736718178
0.000000000 0.500000000 0.666666667 0.500000000 0.500000000 0.000000000 0.000000000 0.890280349 0.392147413 -0.231562749 0.352831218 -0.272438637 0.895146536 0.287942758 -0.878633937 -0.380908614 23.688890457 1.866860270 11.948627472
0.000000000 0.500000000 0.666666667 0.500000000 0.500000000 0.000000000 0.000000000 0.896940407 0.381781298 -0.223026785 0.340256700 -0.273882825 0.899562992 0.282353121 -0.882740754 -0.375560217 23.792831421 1.946843266 12.145673752
0.000000000 0.500000000 0.666666667 0.500000000 0.500000000 0.000000000 0.000000000 0.903567014 0.371434668 -0.213548447 0.327007127 -0.275828758 0.903872134 0.276826643 -0.886540909 -0.370691551 23.898195267 2.024034262 12.334701538
0.000000000 0.500000000 0.666666667 0.500000000 0.500000000 0.000000000 0.000000000 0.910127503 0.361113830 -0.203137220 0.313091455 -0.278299957 0.908032419 0.271369985 -0.890025806 -0.366350100 24.001216888 2.097108126 12.518217087
