0.000000000 0.384615385 0.666666667 0.384615385 0.500000000 0.000000000 0.000000000 -0.993774295 0.000000000 -0.111412078 85.746475220 0.111412078 0.000000000 -0.993774295 1.466065764 0.000000000 1.000000000 0.000000000 -20.634454727
0.000000000 0.384615385 0.666666667 0.384615385 0.500000000 0.000000000 0.000000000 -0.992006682 0.000000000 -0.126185354 85.945587158 0.126185354 0.000000000 -0.992006682 1.477159977 0.000000000 1.000000000 0.000000000 -20.661046982
0.000000000 0.384615385 0.666666667 0.384615385 0.500000000 0.000000000 0.000000000 -0.990542173 0.000000000 -0.137208610 86.122673035 0.137208610 0.000000000 -0.990542173 1.470076442 0.000000000 1.000000000 0.000000000 -20.694265366
0.000000000 0.384615385 0.666666667 0.384615385 0.500000000 0.000000000 0.000000000 -0.987890304 0.000000000 -0.155153944 86.315689087 0.155153944 0.000000000 -0.987890304 1.480365396 0.000000000 1.000000000 0.000000000 -20.732910156
0.000000000 0.384615385 0.666666667 0.384615385 0.500000000 0.000000000 0.000000000 -0.984866946 0.000000000 -0.173312140 86.501335144 0.173312140 0.000000000 -0.984866946 1.476247191 0.000000000 1.000000000 0.000000000 -20.742168427
0.000000000 0.384615385 0.666666667 0.384615385 0.500000000 0.000000000 0.000000000 -0.983236764 0.000000000 -0.182333391 86.737823486 0.182333391 0.000000000 -0.983236764 1.465126753 0.000000000 1.000000000 0.000000000 -20.799709320
0.000000000 0.384615385 0.666666667 0.384615385 0.500000000 0.000000000 0.000000000 -0.978463378 0.000000000 -0.206420488 86.893943787 0.206420488 0.000000000 -0.978463378 1.478931546 0.000000000 1.000000000 0.000000000 -20.829357147
0.000000000 0.384615385 0.666666667 0.384615385 0.500000000 0.000000000 0.000000000 -0.977406802 0.000000000 -0.211366844 87.080757141 0.211366844 0.000000000 -0.977406802 1.461682677 0.000000000 1.000000000 0.000000000 -20.887556076
0.000000000 0.384615385 0.666666667 0.384615385 0.500000000 0.000000000 0.000000000 -0.970478980 0.000000000 -0.241185715 87.274078369 0.241185715 0.000000000 -0.970478980 1.475006580 0.000000000 1.000000000 0.000000000 -20.913757324
0.000000000 0.384615385 0.666666667 0.384615385 0.500000000 0.000000000 0.000000000 -0.966902143 0.000000000 -0.255147497 87.470443726 0.255147497 0.000000000 -0.966902143 1.471477985 0.000000000 1.000000000 0.000000000 -20.985332489
0.000000000 0.384615385 0.666666667 0.384615385 0.500000000 0.000000000 0.000000000 -0.961199022 0.000000000 -0.275855833 87.649955750 0.275855833 0.000000000 -0.961199022 1.456868052 0.000000000 1.000000000 0.000000000 -21.022796631
0.000000000 0.384615385 0.666666667 0.384615385 0.500000000 0.000000000 0.000000000 -0.955565371 0.000000000 -0.294779276 87.824714661 0.294779276 0.000000000 -0.955565371 1.473394752 0.000000000 1.000000000 0.000000000 -21.088695526
0.000000000 0.384615385 0.666666667 0.384615385 0.500000000 0.000000000 0.000000000 -0.951755384 0.000000000 -0.306857767 87.975044250 0.306857767 0.000000000 -0.951755384 1.471768141 0.000000000 1.000000000 0.000000000 -21.131290436
0.000000000 0.384615385 0.666666667 0.384615385 0.500000000 0.000000000 0.000000000 -0.947677313 0.000000000 -0.319229870 88.145088196 0.319229870 0.000000000 -0.947677313 1.458950758 0.000000000 1.000000000 0.000000000 -21.192260742
0.000000000 0.384615385 0.666666667 0.384615385 0.500000000 0.000000000 0.000000000 -0.941642353 0.000000000 -0.336615032 88.311424255 0.336615032 0.000000000 -0.941642353 1.448126912 0.000000000 1.000000000 0.000000000 -21.247005463
0.000000000 0.384615385 0.666666667 0.384615385 0.500000000 0.000000000 0.000000000 -0.937689964 0.000000000 -0.347473066 88.465103149 0.347473066 0.000000000 -0.937689964 1.457854748 0.000000000 1.000000000 0.000000000 -21.322406769
0.000000000 0.384615385 0.666666667 0.384615385 0.500000000 0.000000000 0.000000000 -0.933558773 0.000000000 -0.358424353 88.646522522 0.358424353 0.000000000 -0.933558773 1.456963778 0.000000000 1.000000000 0.000000000 -21.382989883
0.000000000 0.384615385 0.666666667 0.384615385 0.500000000 0.000000000 0.000000000 -0.929307896 0.000000000 -0.369305883 88.811012268 0.369305883 0.000000000 -0.929307896 1.471709371 0.000000000 1.000000000 0.000000000 -21.452308655
0.000000000 0.384615385 0.666666667 0.384615385 0.500000000 0.000000000 0.000000000 -0.923174276 0.000000000 -0.384381655 88.981422424 0.384381655 0.000000000 -0.923174276 1.481869459 0.000000000 1.000000000 0.000000000 -21.482563019
0.000000000 0.384615385 0.666666667 0.384615385 0.500000000 0.000000000 0.000000000 -0.919267114 0.000000000 -0.393634315 89.158081055 0.393634315 0.000000000 -0.919267114 1.468610048 0.000000000 1.000000000 0.000000000 -21.582792282
0.000000000 0.384615385 0.666666667 0.384615385 0.500000000 0.000000000 0.000000000 -0.913666635 0.000000000 -0.406464365 89.326400757 0.406464365 0.000000000 -0.913666635 1.471160889 0.000000000 1.000000000 0.000000000 -21.673334122
0.000000000 0.384615385 0.666666667 0.384615385 0.500000000 0.000000000 0.000000000 -0.911064876 0.000000000 -0.412263013 89.482048035 0.412263013 0.000000000 -0.911064876 1.467871785 0.000000000 1.000000000 0.000000000 -21.742822647
0.000000000 0.384615385 0.666666667 0.384615385 0.500000000 0.000000000 0.000000000 -0.905104104 0.000000000 -0.425190029 89.687332153 0.425190029 0.000000000 -0.905104104 1.471825480 0.000000000 1.000000000 0.000000000 -21.843492508
0.000000000 0.384615385 0.666666667 0.384615385 0.500000000 0.000000000 0.000000000 -0.900582080 0.000000000 -0.434685998 89.851478577 0.434685998 0.000000000 -0.900582080 1.480556250 0.000000000 1.000000000 0.000000000 -21.904953003
0.000000000 0.384615385 0.666666667 0.384615385 0.500000000 0.000000000 0.000000000 -0.897648518 0.000000000 -0.440712080 90.046737671 0.440712080 0.000000000 -0.897648518 1.468772888 0.000000000 1.000000000 0.000000000 -22.024059296
0.000000000 0.384615385 0.666666667 0.384615385 0.500000000 0.000000000 0.000000000 -0.893439433 0.000000000 -0.449183682 90.222572327 0.449183682 0.000000000 -0.893439433 1.477837682 0.000000000 1.000000000 0.000000000 -22.091257095
0.000000000 0.384615385 0.666666667 0.384615385 0.500000000 0.000000000 0.000000000 -0.889874403 0.000000000 -0.456205598 90.371246338 0.456205598 0.000000000 -0.889874403 1.490952253 0.000000000 1.000000000 0.000000000 -22.157733917
0.000000000 0.384615385 0.666666667 0.384615385 0.500000000 0.000000000 0.000000000 -0.888448939 0.000000000 -0.458975472 90.508094788 0.458975472 0.000000000 -0.888448939 1.467269540 0.000000000 1.000000000 0.000000000 -22.265445709
0.000000000 0.384615385 0.666666667 0.384615385 0.500000000 0.000000000 0.000000000 -0.885760830 0.000000000 -0.464141952 90.642524719 0.464141952 0.000000000 -0.885760830 1.465139747 0.000000000 1.000000000 0.000000000 -22.317543030
0.000000000 0.384615385 0.666666667 0.384615385 0.500000000 0.000000000 0.000000000 -0.883849547 0.000000000 -0.467771288 90.799545288 0.467771288 0.000000000 -0.883849547 1.463131189 0.000000000 1.000000000 0.000000000 -22.403270721
0.000000000 0.384615385 0.666666667 0.384615385 0.500000000 0.000000000 0.000000000 -0.882060221 0.000000000 -0.471136675 90.949615479 0.471136675 0.000000000 -0.882060221 1.458206415 0.000000000 1.000000000 0.000000000 -22.472269058
0.000000000 0.384615385 0.666666667 0.384615385 0.500000000 0.000000000 0.000000000 -0.879780913 0.000000000 -0.475379369 91.107536316 0.475379369 0.000000000 -0.879780913 1.480394602 0.000000000 1.000000000 0.000000000 -22.546016693
0.000000000 0.384615385 0.666666667 0.384615385 0.500000000 0.000000000 0.000000000 -0.878501869 0.000000000 -0.477738909 91.251617432 0.477738909 0.000000000 -0.878501869 1.460224152 0.000000000 1.000000000 0.000000000 -22.627182007
0.000000000 0.384615385 0.666666667 0.384615385 0.500000000 0.000000000 0.000000000 -0.877264424 0.000000000 -0.480007428 91.428695679 0.480007428 0.000000000 -0.877264424 1.468143463 0.000000000 1.000000000 0.000000000 -22.713224411
0.000000000 0.384615385 0.666666667 0.384615385 0.500000000 0.000000000 0.000000000 -0.875660309 0.000000000 -0.482927555 91.588920593 0.482927555 0.000000000 -0.875660309 1.467513204 0.000000000 1.000000000 0.000000000 -22.801906586
0.000000000 0.384615385 0.666666667 0.384615385 0.500000000 0.000000000 0.000000000 -0.874878400 0.000000000 -0.484342632 91.740974426 0.484342632 0.000000000 -0.874878400 1.479885936 0.000000000 1.000000000 0.000000000 -22.908170700
0.000000000 0.384615385 0.666666667 0.384615385 0.500000000 0.000000000 0.000000000 -0.873418255 0.000000000 -0.486970792 91.903121948 0.486970792 0.000000000 -0.873418255 1.463370323 0.000000000 1.000000000 0.000000000 -22.995023727
0.000000000 0.384615385 0.666666667 0.384615385 0.500000000 0.000000000 0.000000000 -0.873312201 0.000000000 -0.487160959 92.056198120 0.487160959 0.000000000 -0.873312201 1.449667811 0.000000000 1.000000000 0.000000000 -23.094963074
0.000000000 0.384615385 0.666666667 0.384615385 0.500000000 0.000000000 0.000000000 -0.871924937 0.000000000 -0.489639566 92.228202820 0.489639566 0.000000000 -0.871924937 1.469701409 0.000000000 1.000000000 0.000000000 -23.184007645
0.000000000 0.384615385 0.666666667 0.384615385 0.500000000 0.000000000 0.000000000 -0.868795515 0.000000000 -0.495171035 92.385543823 0.495171035 0.000000000 -0.868795515 1.465591550 0.000000000 1.000000000 0.000000000 -23.248697281
0.000000000 0.384615385 0.666666667 0.384615385 0.500000000 0.000000000 0.000000000 -0.909289741 0.000000000 -0.416163631 92.278091431 0.416163631 0.000000000 -0.909289741 1.462002873 0.000000000 1.000000000 0.000000000 -23.146049500
0.000000000 0.384615385 0.666666667 0.384615385 0.500000000 0.000000000 0.000000000 -0.940573716 0.000000000 -0.339589583 92.141265869 0.339589583 0.000000000 -0.940573716 1.470995784 0.000000000 1.000000000 0.000000000 -23.006177902
0.000000000 0.384615385 0.666666667 0.384615385 0.500000000 0.000000000 0.000000000 -0.962826146 0.000000000 -0.270121849 92.010643005 0.270121849 0.000000000 -0.962826146 1.473246217 0.000000000 1.000000000 0.000000000 -22.899257660
0.000000000 0.384615385 0.666666667 0.384615385 0.500000000 0.000000000 0.000000000 -0.969397772 0.000000000 -0.245495336 91.840057373 0.245495336 0.000000000 -0.969397772 1.471739888 0.000000000 1.000000000 0.000000000 -22.736087799
0.000000000 0.384615385 0.666666667 0.384615385 0.500000000 0.000000000 0.000000000 -0.983960146 0.000000000 -0.178388429 91.678321838 0.178388429 0.000000000 -0.983960146 1.463504553 0.000000000 1.000000000 0.000000000 -22.641134262
0.000000000 0.384615385 0.666666667 0.384615385 0.500000000 0.000000000 0.000000000 -0.985546505 0.000000000 -0.169405094 91.482391357 0.169405094 0.000000000 -0.985546505 1.475714803 0.000000000 1.000000000 0.000000000 -22.481351852
0.000000000 0.384615385 0.666666667 0.384615385 0.500000000 0.000000000 0.000000000 -0.991941504 0.000000000 -0.126696694 91.292976379 0.126696694 0.000000000 -0.991941504 1.466747999 0.000000000 1.000000000 0.000000000 -22.378761292
0.000000000 0.384615385 0.666666667 0.384615385 0.500000000 0.000000000 0.000000000 -0.995973087 0.000000000 -0.089652724 91.091255188 0.089652724 0.000000000 -0.995973087 1.460742950 0.000000000 1.000000000 0.000000000 -22.256490707
0.000000000 0.384615385 0.666666667 0.384615385 0.500000000 0.000000000 0.000000000 -0.996492898 0.000000000 -0.083677384 90.866844177 0.083677384 0.000000000 -0.996492898 1.448964477 0.000000000 1.000000000 0.000000000 -22.118568420
0.000000000 0.384615385 0.666666667 0.384615385 0.500000000 0.000000000 0.000000000 -0.999618952 0.000000000 -0.027603473 90.644233704 0.027603473 0.000000000 -0.999618952 1.471576333 0.000000000 1.000000000 0.000000000 -22.027536392
0.000000000 0.384615385 0.666666667 0.384615385 0.500000000 0.000000000 0.000000000 -0.999909230 0.000000000 0.013473367 90.420738220 -0.013473367 0.000000000 -0.999909230 1.458097935 0.000000000 1.000000000 0.000000000 -21.896444321
0.000000000 0.384615385 0.666666667 0.384615385 0.500000000 0.000000000 0.000000000 -0.994218113 0.000000000 0.107379442 90.212684631 -0.107379442 0.000000000 -0.994218113 1.473166585 0.000000000 1.000000000 0.000000000 -21.795787811
0.000000000 0.384615385 0.666666667 0.384615385 0.500000000 0.000000000 0.000000000 -0.980230812 0.000000000 0.197857409 89.994331360 -0.197857409 0.000000000 -0.980230812 1.473380208 0.000000000 1.000000000 0.000000000 -21.688472748
0.000000000 0.384615385 0.666666667 0.384615385 0.500000000 0.000000000 0.000000000 -0.974135199 0.000000000 0.225965958 89.787979126 -0.225965958 0.000000000 -0.974135199 1.457483172 0.000000000 1.000000000 0.000000000 -21.584794998
0.000000000 0.384615385 0.666666667 0.384615385 0.500000000 0.000000000 0.000000000 -0.971741911 0.000000000 0.236045882 89.580947876 -0.236045882 0.000000000 -0.971741911 1.487803578 0.000000000 1.000000000 0.000000000 -21.495033264
0.000000000 0.384615385 0.666666667 0.384615385 0.500000000 0.000000000 0.000000000 -0.967973436 0.000000000 0.251052640 89.333160400 -0.251052640 0.000000000 -0.967973436 1.475938201 0.000000000 1.000000000 0.000000000 -21.384548187
0.000000000 0.384615385 0.666666667 0.384615385 0.500000000 0.000000000 0.000000000 -0.943255533 0.000000000 0.332067765 89.109489441 -0.332067765 0.000000000 -0.943255533 1.483174086 0.000000000 1.000000000 0.000000000 -21.333837509
0.000000000 0.384615385 0.666666667 0.384615385 0.500000000 0.000000000 0.000000000 -0.923334478 0.000000000 0.383996670 88.912567139 -0.383996670 0.000000000 -0.923334478 1.458219886 0.000000000 1.000000000 0.000000000 -21.228353500
0.000000000 0.384615385 0.666666667 0.384615385 0.500000000 0.000000000 0.000000000 -0.912280686 0.000000000 0.409565563 88.660995483 -0.409565563 0.000000000 -0.912280686 1.459992766 0.000000000 1.000000000 0.000000000 -21.139638901
0.000000000 0.384615385 0.666666667 0.384615385 0.500000000 0.000000000 0.000000000 -0.893871251 0.000000000 0.448323753 88.477134705 -0.448323753 0.000000000 -0.893871251 1.484298944 0.000000000 1.000000000 0.000000000 -21.113790512
0.000000000 0.384615385 0.666666667 0.384615385 0.500000000 0.000000000 0.000000000 -0.856868157 0.000000000 0.515535606 88.249351501 -0.515535606 0.000000000 -0.856868157 1.471762300 0.000000000 1.000000000 0.000000000 -21.018894196
0.000000000 0.384615385 0.666666667 0.384615385 0.500000000 0.000000000 0.000000000 -0.820145728 0.000000000 0.572154686 88.056411743 -0.572154686 0.000000000 -0.820145728 1.457577467 0.000000000 1.000000000 0.000000000 -20.921739578
0.000000000 0.384615385 0.666666667 0.384615385 0.500000000 0.000000000 0.000000000 -0.783803302 0.000000000 0.621009166 87.877250671 -0.621009166 0.000000000 -0.783803302 1.454098582 0.000000000 1.000000000 0.000000000 -20.872394562
0.000000000 0.384615385 0.666666667 0.384615385 0.500000000 0.000000000 0.000000000 -0.738888211 0.000000000 0.673828028 87.696220398 -0.673828028 0.000000000 -0.738888211 1.478093982 0.000000000 1.000000000 0.000000000 -20.805213928
0.000000000 0.384615385 0.666666667 0.384615385 0.500000000 0.000000000 0.000000000 -0.720201509 0.000000000 0.693764936 87.529220581 -0.693764936 0.000000000 -0.720201509 1.465971231 0.000000000 1.000000000 0.000000000 -20.735141754
0.000000000 0.384615385 0.666666667 0.384615385 0.500000000 0.000000000 0.000000000 -0.653302608 0.000000000 0.757096891 87.339645386 -0.757096891 0.000000000 -0.653302608 1.463122487 0.000000000 1.000000000 0.000000000 -20.667118073
0.000000000 0.384615385 0.666666667 0.384615385 0.500000000 0.000000000 0.000000000 -0.639461795 0.000000000 0.768822875 87.181304932 -0.768822875 0.000000000 -0.639461795 1.475062013 0.000000000 1.000000000 0.000000000 -20.610548019
0.000000000 0.384615385 0.666666667 0.384615385 0.500000000 0.000000000 0.000000000 -0.587578788 0.000000000 0.809166959 86.961212158 -0.809166959 0.000000000 -0.587578788 1.479606748 0.000000000 1.000000000 0.000000000 -20.520921707
0.000000000 0.384615385 0.666666667 0.384615385 0.500000000 0.000000000 0.000000000 -0.526065192 0.000000000 0.850444245 86.771690369 -0.850444245 0.000000000 -0.526065192 1.478664637 0.000000000 1.000000000 0.000000000 -20.457675934
0.000000000 0.384615385 0.666666667 0.384615385 0.500000000 0.000000000 0.000000000 -0.518239479 0.000000000 0.855235548 86.604820251 -0.855235548 0.000000000 -0.518239479 1.462063074 0.000000000 1.000000000 0.000000000 -20.374929428
0.000000000 0.384615385 0.666666667 0.384615385 0.500000000 0.000000000 0.000000000 -0.485706480 0.000000000 0.874121968 86.434341431 -0.874121968 0.000000000 -0.485706480 1.473612785 0.000000000 1.000000000 0.000000000 -20.331161499
0.000000000 0.384615385 0.666666667 0.384615385 0.500000000 0.000000000 0.000000000 -0.471887562 0.000000000 0.881658737 86.240478516 -0.881658737 0.000000000 -0.471887562 1.461404681 0.000000000 1.000000000 0.000000000 -20.245090485
0.000000000 0.384615385 0.666666667 0.384615385 0.500000000 0.000000000 0.000000000 -0.443044622 0.000000000 0.896499561 86.045829773 -0.896499561 0.000000000 -0.443044622 1.484394908 0.000000000 1.000000000 0.000000000 -20.176836014
0.000000000 0.384615385 0.666666667 0.384615385 0.500000000 0.000000000 0.000000000 -0.388837579 0.000000000 0.921306321 85.866355896 -0.921306321 0.000000000 -0.388837579 1.464370370 0.000000000 1.000000000 0.000000000 -20.108226776
0.000000000 0.384615385 0.666666667 0.384615385 0.500000000 0.000000000 0.000000000 -0.374457790 0.000000000 0.927243961 85.674888611 -0.927243961 0.000000000 -0.374457790 1.455312133 0.000000000 1.000000000 0.000000000 -20.005418777
0.000000000 0.384615385 0.666666667 0.384615385 0.500000000 0.000000000 0.000000000 -0.369838793 0.000000000 0.929095941 85.487525940 -0.929095941 0.000000000 -0.369838793 1.461674452 0.000000000 1.000000000 0.000000000 -19.975131989
0.000000000 0.384615385 0.666666667 0.384615385 0.500000000 0.000000000 0.000000000 -0.328320125 0.000000000 0.944566512 85.295265198 -0.944566512 0.000000000 -0.328320125 1.472932458 0.000000000 1.000000000 0.000000000 -19.895771027
0.000000000 0.384615385 0.666666667 0.384615385 0.500000000 0.000000000 0.000000000 -0.270408390 0.000000000 0.962745710 85.109039307 -0.962745710 0.000000000 -0.270408390 1.458612084 0.000000000 1.000000000 0.000000000 -19.846651077
0.000000000 0.384615385 0.666666667 0.384615385 0.500000000 0.000000000 0.000000000 -0.249593095 0.000000000 0.968350808 84.923019409 -0.968350808 0.000000000 -0.249593095 1.493138194 0.000000000 1.000000000 0.000000000 -19.791469574
0.000000000 0.384615385 0.666666667 0.384615385 0.500000000 0.000000000 0.000000000 -0.216026418 0.000000000 0.976387519 84.724761963 -0.976387519 0.000000000 -0.216026418 1.470272779 0.000000000 1.000000000 0.000000000 -19.742076874
0.000000000 0.384615385 0.666666667 0.384615385 0.500000000 0.000000000 0.000000000 -0.157767641 0.000000000 0.987476264 84.543083191 -0.987476264 0.000000000 -0.157767641 1.462179661 0.000000000 1.000000000 0.000000000 -19.689828873