0.000000000 0.500000000 0.666666667 0.500000000 0.500000000 0.000000000 0.000000000 -0.932177572 -0.362001346 0.000000000 0.000000000 -0.000000000 1.000000000 -0.362001346 0.932177572 0.000000000 57.134994507 -0.479552597 -34.987983704
0.000000000 0.500000000 0.666666667 0.500000000 0.500000000 0.000000000 0.000000000 -0.930488589 -0.366054493 -0.013967625 -0.019506884 0.011437858 0.999744296 -0.365801132 0.930523123 -0.017783379 56.994216919 -0.467228979 -34.991680145
0.000000000 0.500000000 0.666666667 0.500000000 0.500000000 0.000000000 0.000000000 -0.927987370 -0.371421073 -0.029762850 -0.041635395 0.023985309 0.998844932 -0.370278185 0.928154670 -0.037722327 56.861797333 -0.455819696 -34.995021820
0.000000000 0.500000000 0.666666667 0.500000000 0.500000000 0.000000000 0.000000000 -0.924634412 -0.377946775 -0.046983390 -0.065938643 0.037362072 0.997123950 -0.375104384 0.925073138 -0.059467555 56.737686157 -0.445624977 -34.997871399
0.000000000 0.500000000 0.666666667 0.500000000 0.500000000 0.000000000 0.000000000 -0.920414962 -0.385462503 -0.065230022 -0.091957290 0.051292816 0.994441001 -0.379973886 0.921296752 -0.082656762 56.621860504 -0.436951905 -35.000053406
0.000000000 0.500000000 0.666666667 0.500000000 0.500000000 0.000000000 0.000000000 -0.915346492 -0.393784351 -0.084111142 -0.119219493 0.065512717 0.990704192 -0.384613458 0.916865295 -0.106913607 56.514301300 -0.429943830 -35.001506805
0.000000000 0.500000000 0.666666667 0.500000000 0.500000000 0.000000000 0.000000000 -0.909484315 -0.402713407 -0.103248205 -0.147243455 0.079772523 0.985878141 -0.388789975 0.911843329 -0.131848772 56.415008545 -0.424572140 -35.002265930
0.000000000 0.500000000 0.666666667 0.500000000 0.500000000 0.000000000 0.000000000 -0.902925739 -0.412034581 -0.122280879 -0.175541070 0.093843121 0.979989184 -0.392314214 0.906322775 -0.157062360 56.323978424 -0.420696408 -35.002403259
0.000000000 0.500000000 0.666666667 0.500000000 0.500000000 0.000000000 0.000000000 -0.895811008 -0.421518511 -0.140871512 -0.203622508 0.107519155 0.973127692 -0.395044950 0.900423110 -0.182147499 56.241203308 -0.418067604 -35.002063751
0.000000000 0.500000000 0.666666667 0.500000000 0.500000000 0.000000000 0.000000000 -0.888322314 -0.430923465 -0.158708645 -0.231001225 0.120621601 0.965447494 -0.396890288 0.894290443 -0.206694708 56.166698456 -0.417407215 -35.000843048
0.000000000 0.500000000 0.666666667 0.500000000 0.500000000 0.000000000 0.000000000 -0.880680704 -0.439997719 -0.175509272 -0.257198856 0.132998814 0.957162507 -0.397806794 0.888095334 -0.230296399 56.100429535 -0.417411476 -34.999454498
0.000000000 0.500000000 0.666666667 0.500000000 0.500000000 0.000000000 0.000000000 -0.873142186 -0.448480080 -0.191019214 -0.281748679 0.144526192 0.948540912 -0.397794425 0.882030497 -0.252550585 56.042392731 -0.418533325 -34.997642517
0.000000000 0.500000000 0.666666667 0.500000000 0.500000000 0.000000000 0.000000000 -0.865989648 -0.456105456 -0.205011567 -0.304199127 0.155103615 0.939896675 -0.396893966 0.876305130 -0.273065007 55.992500305 -0.419586182 -34.995979309
0.000000000 0.500000000 0.666666667 0.500000000 0.500000000 0.000000000 0.000000000 -0.859526830 -0.462603209 -0.217282993 -0.324113997 0.164651559 0.931579294 -0.395175587 0.871141857 -0.291458608 55.950729370 -0.420710444 -34.994323730
0.000000000 0.500000000 0.666666667 0.500000000 0.500000000 0.000000000 0.000000000 -0.854068137 -0.467701248 -0.227647005 -0.341071587 0.173104729 0.923961539 -0.392731192 0.866770036 -0.307362841 55.917026520 -0.421523422 -34.993011475
0.000000000 0.500000000 0.666666667 0.500000000 0.500000000 0.000000000 0.000000000 -0.849929286 -0.471125459 -0.235925858 -0.354661556 0.180403822 0.917425551 -0.389660607 0.863420676 -0.320420580 55.891330719 -0.421976924 -34.992000580
0.000000000 0.500000000 0.666666667 0.500000000 0.500000000 0.000000000 0.000000000 -0.847416169 -0.472600271 -0.241939704 -0.364480051 0.186485913 0.912347136 -0.386057157 0.861319910 -0.330284549 55.873622894 -0.422021478 -34.991233826
0.000000000 0.500000000 0.666666667 0.500000000 0.500000000 0.000000000 0.000000000 -0.846811985 -0.471849975 -0.245493510 -0.370122992 0.191271972 0.909078656 -0.381992713 0.860681494 -0.336613923 55.863864899 -0.421857893 -34.990756989
0.000000000 0.500000000 0.666666667 0.500000000 0.500000000 0.000000000 0.000000000 -0.848364622 -0.468596997 -0.246362180 -0.371177491 0.194653832 0.907930149 -0.377497999 0.861699913 -0.339070082 55.862030029 -0.421499610 -34.990547180
0.000000000 0.500000000 0.666666667 0.500000000 0.500000000 0.000000000 0.000000000 -0.852269622 -0.462564552 -0.244275512 -0.367215491 0.196478924 0.909147302 -0.372544325 0.864540379 -0.337313887 55.856914520 -0.421467274 -34.989944458
0.000000000 0.500000000 0.666666667 0.500000000 0.500000000 0.000000000 0.000000000 -0.858652714 -0.453477389 -0.238901181 -0.357785880 0.196534452 0.912887438 -0.367021499 0.869328745 -0.331002647 55.848495483 -0.421788335 -34.988922119
0.000000000 0.500000000 0.666666667 0.500000000 0.500000000 0.000000000 0.000000000 -0.867467996 -0.441165689 -0.229939364 -0.342586835 0.194580800 0.919115103 -0.360740262 0.876077135 -0.319930174 55.836742401 -0.422492057 -34.987495422
0.000000000 0.500000000 0.666666667 0.500000000 0.500000000 0.000000000 0.000000000 -0.878264159 -0.425865479 -0.217464158 -0.322001594 0.190511079 0.927372903 -0.353506774 0.884502189 -0.304448416 55.821681976 -0.423591912 -34.985687256
0.000000000 0.500000000 0.666666667 0.500000000 0.500000000 0.000000000 0.000000000 -0.890467560 -0.407933545 -0.201637666 -0.296592639 0.184243000 0.937063137 -0.345109159 0.894228572 -0.285052502 55.803367615 -0.425098270 -34.983547211
0.000000000 0.500000000 0.666666667 0.500000000 0.500000000 0.000000000 0.000000000 -0.903490992 -0.387750036 -0.182630604 -0.266942779 0.175697606 0.947561029 -0.335329063 0.904864775 -0.262248276 55.781845093 -0.427021474 -34.981124878
0.000000000 0.500000000 0.666666667 0.500000000 0.500000000 0.000000000 0.000000000 -0.916757735 -0.365716425 -0.160644801 -0.233665799 0.164821096 0.958245428 -0.323968440 0.916016104 -0.236556435 55.757137299 -0.428815901 -34.978542328
0.000000000 0.500000000 0.666666667 0.500000000 0.500000000 0.000000000 0.000000000 -0.929723156 -0.342253819 -0.135930775 -0.197413131 0.151603701 0.968526909 -0.310874425 0.927296415 -0.208514869 55.729316711 -0.430800766 -34.975811005
0.000000000 0.500000000 0.666666667 0.500000000 0.500000000 0.000000000 0.000000000 -0.941896195 -0.317795980 -0.108799235 -0.158873178 0.136093876 0.977874108 -0.295957551 0.938341181 -0.178675561 55.698436737 -0.433110952 -34.972957611
0.000000000 0.500000000 0.666666667 0.500000000 0.500000000 0.000000000 0.000000000 -0.952857969 -0.292781697 -0.079627694 -0.118766651 0.118408531 0.985836651 -0.279206329 0.948819423 -0.147599214 55.664566040 -0.435732424 -34.970005035
0.000000000 0.500000000 0.666666667 0.500000000 0.500000000 0.000000000 0.000000000 -0.962277991 -0.267644556 -0.048861644 -0.077836739 0.098737937 0.992064646 -0.260696204 0.958445205 -0.115845923 55.627742767 -0.437113017 -34.967365265
0.000000000 0.500000000 0.666666667 0.500000000 0.500000000 0.000000000 0.000000000 -0.969926816 -0.242801739 -0.017008446 -0.036833532 0.077346703 0.996323631 -0.240593563 0.966987489 -0.083963887 55.588027954 -0.438259274 -34.964805603
0.000000000 0.500000000 0.666666667 0.500000000 0.500000000 0.000000000 0.000000000 -0.975683452 -0.218644925 0.015368745 0.003499386 0.054570016 0.998503815 -0.219156464 0.974277430 -0.052477939 55.545467377 -0.439456791 -34.962287903
0.000000000 0.500000000 0.666666667 0.500000000 0.500000000 0.000000000 0.000000000 -0.979539065 -0.195528293 0.047664526 0.042443890 0.030806188 0.998623801 -0.196727570 0.980214092 -0.021876883 55.500350952 -0.437371194 -34.960704803
0.000000000 0.500000000 0.666666667 0.500000000 0.500000000 0.000000000 0.000000000 -0.981594560 -0.173760209 0.079243360 0.079321397 0.006506302 0.996827861 -0.173724599 0.984766499 0.007396352 55.452487946 -0.434938341 -34.959259033
0.000000000 0.500000000 0.666666667 0.500000000 0.500000000 0.000000000 0.000000000 -0.982052775 -0.153599471 0.109451127 0.113503267 -0.017838042 0.993377477 -0.150629861 0.987972169 0.034951940 55.402454376 -0.428961158 -34.958869934
0.000000000 0.500000000 0.666666667 0.500000000 0.500000000 0.000000000 0.000000000 -0.981205555 -0.135252107 0.137631851 0.144423436 -0.041708761 0.988636561 -0.127974724 0.989932951 0.060458442 55.350067139 -0.420651227 -34.959156036
0.000000000 0.500000000 0.666666667 0.500000000 0.500000000 0.000000000 0.000000000 -0.979416736 -0.118872482 0.163132435 0.171575346 -0.064573591 0.983052467 -0.106323839 0.990807542 0.083640043 55.296211243 -0.407723367 -34.960830688
0.000000000 0.500000000 0.666666667 0.500000000 0.500000000 0.000000000 0.000000000 -0.977099890 -0.104571218 0.185312347 0.194511459 -0.085898610 0.977131885 -0.086261798 0.990800832 0.104271822 55.240547180 -0.391292721 -34.963497162
0.000000000 0.500000000 0.666666667 0.500000000 0.500000000 0.000000000 0.000000000 -0.974693132 -0.092422766 0.203546874 0.212833476 -0.105160885 0.971412940 -0.068375501 0.990151110 0.122170251 55.184753418 -0.368392944 -34.968154907
0.000000000 0.500000000 0.666666667 0.500000000 0.500000000 0.000000000 0.000000000 -0.972631081 -0.082480255 0.217222900 0.226172546 -0.121853555 0.966435560 -0.053242469 0.989115119 0.137173324 55.127449036 -0.342036724 -34.973728180
0.000000000 0.500000000 0.666666667 0.500000000 0.500000000 0.000000000 0.000000000 -0.971312980 -0.074792467 0.225736977 0.234170368 -0.135496797 0.962707046 -0.041416598 0.987950760 0.149123977 55.070938110 -0.308850706 -34.981262207
0.000000000 0.500000000 0.666666667 0.500000000 0.500000000 0.000000000 0.000000000 -0.971031422 -0.069360823 0.228663627 0.236619929 -0.145747428 0.960608503 -0.033301461 0.986887412 0.157937486 55.013008118 -0.272576898 -34.989456177
0.000000000 0.500000000 0.666666667 0.500000000 0.500000000 0.000000000 0.000000000 -0.971827295 -0.065966053 0.226274587 0.233930108 -0.152723037 0.960183513 -0.028782175 0.986064985 0.163851862 54.955368042 -0.230919793 -34.998985291
0.000000000 0.500000000 0.666666667 0.500000000 0.500000000 0.000000000 0.000000000 -0.973594095 -0.064381970 0.219019408 0.226614576 -0.156678042 0.961300070 -0.027574860 0.985549062 0.167130710 54.896804810 -0.185720205 -35.009216309
0.000000000 0.500000000 0.666666667 0.500000000 0.500000000 0.000000000 0.000000000 -0.976142319 -0.064429871 0.207352273 0.215138365 -0.157892328 0.963735180 -0.029354000 0.985352122 0.167986720 54.837440491 -0.136829227 -35.020195007
0.000000000 0.500000000 0.666666667 0.500000000 0.500000000 0.000000000 0.000000000 -0.979227642 -0.065963147 0.191734423 0.199933178 -0.156657963 0.967204739 -0.033763144 0.985447688 0.166592029 54.777526855 -0.084069826 -35.031780243
0.000000000 0.500000000 0.666666667 0.500000000 0.500000000 0.000000000 0.000000000 -0.982576005 -0.068856780 0.172635856 0.181411677 -0.153279007 0.971388362 -0.040425222 0.985781056 0.163099698 54.716159821 -0.028485106 -35.043746948
0.000000000 0.500000000 0.666666667 0.500000000 0.500000000 0.000000000 0.000000000 -0.985905169 -0.072995439 0.150541235 0.159983914 -0.148063194 0.975952067 -0.048950433 0.986280364 0.157654365 54.653545380 0.030144652 -35.055961609
0.000000000 0.500000000 0.666666667 0.500000000 0.500000000 0.000000000 0.000000000 -0.988944807 -0.078263911 0.125948117 0.136065224 -0.141319385 0.980568756 -0.058944236 0.986865539 0.150406069 54.589080811 0.091202393 -35.068035126
0.000000000 0.500000000 0.666666667 0.500000000 0.500000000 0.000000000 0.000000000 -0.991452954 -0.084538038 0.099369814 0.110087210 -0.133353539 0.984935348 -0.070013186 0.987456406 0.141520317 54.522373199 0.154259637 -35.079860687
0.000000000 0.500000000 0.666666667 0.500000000 0.500000000 0.000000000 0.000000000 -0.993230635 -0.091678162 0.071330367 0.082499812 -0.124464854 0.988788289 -0.081772169 0.987979562 0.131185737 54.453044891 0.218945920 -35.091114044
0.000000000 0.500000000 0.666666667 0.500000000 0.500000000 0.000000000 0.000000000 -0.994132840 -0.099525435 0.042362529 0.053775226 -0.114942130 0.991915587 -0.093851591 0.988373914 0.119619749 54.379856110 0.283978879 -35.100708008
0.000000000 0.500000000 0.666666667 0.500000000 0.500000000 0.000000000 0.000000000 -0.994076760 -0.107899570 0.013002964 0.024407577 -0.105059693 0.994166350 -0.105904035 0.988595035 0.107070966 54.302253723 0.348526597 -35.108364105
0.000000000 0.500000000 0.666666667 0.500000000 0.500000000 0.000000000 0.000000000 -0.993046925 -0.116597050 -0.016215214 -0.005091526 -0.095074671 0.995457123 -0.117609020 0.988618195 0.093819952 54.219451904 0.411318958 -35.113441467
0.000000000 0.500000000 0.666666667 0.500000000 0.500000000 0.000000000 0.000000000 -0.991096876 -0.125390577 -0.044768125 -0.034197328 -0.085222593 0.995774900 -0.128676045 0.988440344 0.080175824 54.130493164 0.470436394 -35.115016937
0.000000000 0.500000000 0.666666667 0.500000000 0.500000000 0.000000000 0.000000000 -0.988347120 -0.134032790 -0.072146938 -0.062376989 -0.075718795 0.995176253 -0.138849129 0.988079893 0.066475891 54.034561157 0.523337364 -35.112041473
0.000000000 0.500000000 0.666666667 0.500000000 0.500000000 0.000000000 0.000000000 -0.984980069 -0.142258289 -0.097861345 -0.089094605 -0.066755951 0.993783575 -0.147906778 0.987575932 0.053078835 53.931365967 0.566976309 -35.103492737
0.000000000 0.500000000 0.666666667 0.500000000 0.500000000 0.000000000 0.000000000 -0.981231752 -0.149785793 -0.121443262 -0.113817618 -0.058505146 0.991777545 -0.155659242 0.986986000 0.040358845 53.821472168 0.598242760 -35.088600159
0.000000000 0.500000000 0.666666667 0.500000000 0.500000000 0.000000000 0.000000000 -0.977380155 -0.156323676 -0.142446271 -0.136019928 -0.051119693 0.989386353 -0.161946322 0.986382119 0.028700238 53.706428528 0.613403916 -35.066677094
0.000000000 0.500000000 0.666666667 0.500000000 0.500000000 0.000000000 0.000000000 -0.973731184 -0.161572035 -0.160443319 -0.155184789 -0.044739951 0.986871835 -0.166629117 0.985846243 0.018491164 53.588615417 0.613153696 -35.038745880
0.000000000 0.500000000 0.666666667 0.500000000 0.500000000 0.000000000 0.000000000 -0.970601791 -0.165227526 -0.175020078 -0.170804486 -0.039499364 0.984512889 -0.169581810 0.985464188 0.010116551 53.469543457 0.600619495 -35.005855560
0.000000000 0.500000000 0.666666667 0.500000000 0.500000000 0.000000000 0.000000000 -0.968259234 -0.167071144 -0.185906667 -0.182529983 -0.035482368 0.982559824 -0.170753803 0.985306163 0.003860638 53.349838257 0.578213513 -34.968681335
0.000000000 0.500000000 0.666666667 0.500000000 0.500000000 0.000000000 0.000000000 -0.966767832 -0.167225782 -0.193379153 -0.190614357 -0.032585319 0.981124031 -0.170370554 0.985379995 -0.000373196 53.229724884 0.547872305 -34.927642822
0.000000000 0.500000000 0.666666667 0.500000000 0.500000000 0.000000000 0.000000000 -0.966092690 -0.165913477 -0.197832336 -0.195459824 -0.030674165 0.980231887 -0.168702022 0.985663134 -0.002795333 53.109245300 0.511113286 -34.882984161
0.000000000 0.500000000 0.666666667 0.500000000 0.500000000 0.000000000 0.000000000 -0.966153870 -0.163365983 -0.199645324 -0.197467258 -0.029632926 0.979861506 -0.165992113 0.986120401 -0.003629467 52.988338470 0.469152808 -34.834804535
0.000000000 0.500000000 0.666666667 0.500000000 0.500000000 0.000000000 0.000000000 -0.966840956 -0.159824867 -0.199184783 -0.197034121 -0.029356312 0.979957021 -0.162468831 0.986708781 -0.003108067 52.866893768 0.423000485 -34.783088684
0.000000000 0.500000000 0.666666667 0.500000000 0.500000000 0.000000000 0.000000000 -0.968025546 -0.155537047 -0.196811506 -0.194556382 -0.029744511 0.980440247 -0.158348843 0.987382140 -0.001467279 52.744804382 0.373555303 -34.727718353
0.000000000 0.500000000 0.666666667 0.500000000 0.500000000 0.000000000 0.000000000 -0.969571572 -0.150753925 -0.192883957 -0.190428171 -0.030699361 0.981221005 -0.153844332 0.988094532 0.001057434 52.628593445 0.324649036 -34.672054291
0.000000000 0.500000000 0.666666667 0.500000000 0.500000000 0.000000000 0.000000000 -0.971343708 -0.145729153 -0.187761589 -0.185042662 -0.032117419 0.982205521 -0.149166396 0.988803057 0.004230942 52.517391205 0.277459115 -34.617088318
0.000000000 0.500000000 0.666666667 0.500000000 0.500000000 0.000000000 0.000000000 -0.973213666 -0.140715790 -0.181808213 -0.178792448 -0.033893022 0.983302865 -0.144528270 0.989469721 0.007826232 52.410388947 0.233092651 -34.563591003
0.000000000 0.500000000 0.666666667 0.500000000 0.500000000 0.000000000 0.000000000 -0.975064214 -0.135967766 -0.175392547 -0.172069621 -0.035911129 0.984430006 -0.140149293 0.990062199 0.011619734 52.306892395 0.192467034 -34.512355804
0.000000000 0.500000000 0.666666667 0.500000000 0.500000000 0.000000000 0.000000000 -0.976791680 -0.131736192 -0.168889283 -0.165265916 -0.038049644 0.985514790 -0.136254142 0.990554289 0.015395073 52.206523895 0.156108394 -34.463943481
0.000000000 0.500000000 0.666666667 0.500000000 0.500000000 0.000000000 0.000000000 -0.978305938 -0.128269140 -0.162679190 -0.158772996 -0.040181066 0.986497145 -0.133073764 0.990925078 0.018943699 52.109130859 0.124397583 -34.418743134
0.000000000 0.500000000 0.666666667 0.500000000 0.500000000 0.000000000 0.000000000 -0.979528427 -0.125812670 -0.157147171 -0.152982207 -0.042169888 0.987328793 -0.130845350 0.991157340 0.022059504 52.014690399 0.097503051 -34.377014160
0.000000000 0.500000000 0.666666667 0.500000000 0.500000000 0.000000000 0.000000000 -0.980388253 -0.124609415 -0.152680608 -0.148284278 -0.043879681 0.987970823 -0.129810043 0.991235122 0.024541507 51.922897339 0.076405637 -34.339397430
0.000000000 0.500000000 0.666666667 0.500000000 0.500000000 0.000000000 0.000000000 -0.980815836 -0.124899839 -0.149667384 -0.145070599 -0.045173293 0.988389546 -0.130210664 0.991140456 0.026187386 51.833786011 0.061986081 -34.306621552
0.000000000 0.500000000 0.666666667 0.500000000 0.500000000 0.000000000 0.000000000 -0.980734631 -0.126923464 -0.148492485 -0.143733296 -0.045918308 0.988550580 -0.132288787 0.990849102 0.026790547 51.748325348 0.052655026 -34.278034210
0.000000000 0.500000000 0.666666667 0.500000000 0.500000000 0.000000000 0.000000000 -0.980050758 -0.130919919 -0.149534234 -0.144665928 -0.045992547 0.988411076 -0.136280158 0.990325533 0.026135379 51.666728973 0.048159178 -34.253536224
0.000000000 0.500000000 0.666666667 0.500000000 0.500000000 0.000000000 0.000000000 -0.978640392 -0.137131839 -0.153159531 -0.148264245 -0.045288479 0.987910253 -0.142410312 0.989516959 0.023989386 51.589469910 0.049171753 -34.233325958
0.000000000 0.500000000 0.666666667 0.500000000 0.500000000 0.000000000 0.000000000 -0.976335540 -0.145804465 -0.159718414 -0.154926524 -0.043723556 0.986957964 -0.150886335 0.988346755 0.020099883 51.517341614 0.051792603 -34.215202332
0.000000000 0.500000000 0.666666667 0.500000000 0.500000000 0.000000000 0.000000000 -0.972907590 -0.157189112 -0.169535850 -0.165052667 -0.041245577 0.985421950 -0.161890205 0.986706839 0.014183653 51.450363159 0.057249144 -34.199687958
