0.000000000 0.384615385 0.666666667 0.384615385 0.500000000 0.000000000 0.000000000 -0.886312534 0.000000000 -0.463087563 25.172689438 0.463087563 0.000000000 -0.886312534 0.882689178 0.000000000 1.000000000 0.000000000 -9.953779221
0.000000000 0.384615385 0.666666667 0.384615385 0.500000000 0.000000000 0.000000000 -0.858823910 0.000000000 -0.512270916 24.944509506 0.512270916 0.000000000 -0.858823910 0.865064859 0.000000000 1.000000000 0.000000000 -9.941919327
0.000000000 0.384615385 0.666666667 0.384615385 0.500000000 0.000000000 0.000000000 -0.807612956 0.000000000 -0.589712908 24.654544830 0.589712908 0.000000000 -0.807612956 0.862248600 0.000000000 1.000000000 0.000000000 -9.932675362
0.000000000 0.384615385 0.666666667 0.384615385 0.500000000 0.000000000 0.000000000 -0.747270920 0.000000000 -0.664519505 24.424222946 0.664519505 0.000000000 -0.747270920 0.872078061 0.000000000 1.000000000 0.000000000 -9.938899040
0.000000000 0.384615385 0.666666667 0.384615385 0.500000000 0.000000000 0.000000000 -0.695215965 0.000000000 -0.718800920 24.174560547 0.718800920 0.000000000 -0.695215965 0.889226615 0.000000000 1.000000000 0.000000000 -9.953671455
0.000000000 0.384615385 0.666666667 0.384615385 0.500000000 0.000000000 0.000000000 -0.666042974 0.000000000 -0.745913371 23.926242828 0.745913371 0.000000000 -0.666042974 0.865919530 0.000000000 1.000000000 0.000000000 -9.979168892
0.000000000 0.384615385 0.666666667 0.384615385 0.500000000 0.000000000 0.000000000 -0.653838080 0.000000000 -0.756634499 23.701503754 0.756634499 0.000000000 -0.653838080 0.868822753 0.000000000 1.000000000 0.000000000 -9.987915993
0.000000000 0.384615385 0.666666667 0.384615385 0.500000000 0.000000000 0.000000000 -0.588482613 0.000000000 -0.808509873 23.437093735 0.808509873 0.000000000 -0.588482613 0.896107137 0.000000000 1.000000000 0.000000000 -10.005881310
0.000000000 0.384615385 0.666666667 0.384615385 0.500000000 0.000000000 0.000000000 -0.513731539 0.000000000 -0.857950993 23.244480133 0.857950993 0.000000000 -0.513731539 0.876540422 0.000000000 1.000000000 0.000000000 -10.005211830
0.000000000 0.384615385 0.666666667 0.384615385 0.500000000 0.000000000 0.000000000 -0.447499275 0.000000000 -0.894284294 23.009609222 0.894284294 0.000000000 -0.447499275 0.876091897 0.000000000 1.000000000 0.000000000 -10.016229630
0.000000000 0.384615385 0.666666667 0.384615385 0.500000000 0.000000000 0.000000000 -0.357060875 0.000000000 -0.934081116 22.748060226 0.934081116 0.000000000 -0.357060875 0.868552923 0.000000000 1.000000000 0.000000000 -9.999524117
0.000000000 0.384615385 0.666666667 0.384615385 0.500000000 0.000000000 0.000000000 -0.309854901 0.000000000 -0.950783856 22.529159546 0.950783856 0.000000000 -0.309854901 0.860672414 0.000000000 1.000000000 0.000000000 -10.025240898
0.000000000 0.384615385 0.666666667 0.384615385 0.500000000 0.000000000 0.000000000 -0.304745076 0.000000000 -0.952433955 22.317173004 0.952433955 0.000000000 -0.304745076 0.884563029 0.000000000 1.000000000 0.000000000 -10.039028168
0.000000000 0.384615385 0.666666667 0.384615385 0.500000000 0.000000000 0.000000000 -0.223889561 0.000000000 -0.974614521 22.085067749 0.974614521 0.000000000 -0.223889561 0.877117395 0.000000000 1.000000000 0.000000000 -10.063188553
0.000000000 0.384615385 0.666666667 0.384615385 0.500000000 0.000000000 0.000000000 -0.148353141 0.000000000 -0.988934450 21.858350754 0.988934450 0.000000000 -0.148353141 0.883641720 0.000000000 1.000000000 0.000000000 -10.066260338
0.000000000 0.384615385 0.666666667 0.384615385 0.500000000 0.000000000 0.000000000 -0.109015291 0.000000000 -0.994040073 21.645183563 0.994040073 0.000000000 -0.109015291 0.864760280 0.000000000 1.000000000 0.000000000 -10.076467514
0.000000000 0.384615385 0.666666667 0.384615385 0.500000000 0.000000000 0.000000000 -0.106069909 0.000000000 -0.994358675 21.419191360 0.994358675 0.000000000 -0.106069909 0.894454777 0.000000000 1.000000000 0.000000000 -10.088528633
0.000000000 0.384615385 0.666666667 0.384615385 0.500000000 0.000000000 0.000000000 -0.007011094 0.000000000 -0.999975422 21.216278076 0.999975422 0.000000000 -0.007011094 0.964676559 0.000000000 1.000000000 0.000000000 -10.097162247
0.000000000 0.384615385 0.666666667 0.384615385 0.500000000 0.000000000 0.000000000 0.028565972 0.000000000 -0.999591909 20.983732224 0.999591909 0.000000000 0.028565972 0.987024009 0.000000000 1.000000000 0.000000000 -10.103504181
0.000000000 0.384615385 0.666666667 0.384615385 0.500000000 0.000000000 0.000000000 0.071693051 0.000000000 -0.997426742 20.772994995 0.997426742 0.000000000 0.071693051 1.007564425 0.000000000 1.000000000 0.000000000 -10.113388062
0.000000000 0.384615385 0.666666667 0.384615385 0.500000000 0.000000000 0.000000000 0.137386418 0.000000000 -0.990517527 20.542699814 0.990517527 0.000000000 0.137386418 1.045122266 0.000000000 1.000000000 0.000000000 -10.123850822
0.000000000 0.384615385 0.666666667 0.384615385 0.500000000 0.000000000 0.000000000 0.198359437 0.000000000 -0.980129345 20.344186783 0.980129345 0.000000000 0.198359437 1.038107395 0.000000000 1.000000000 0.000000000 -10.136173248
0.000000000 0.384615385 0.666666667 0.384615385 0.500000000 0.000000000 0.000000000 0.267689999 0.000000000 -0.963505093 20.094530106 0.963505093 0.000000000 0.267689999 1.048133969 0.000000000 1.000000000 0.000000000 -10.154893875
0.000000000 0.384615385 0.666666667 0.384615385 0.500000000 0.000000000 0.000000000 0.282516622 0.000000000 -0.959262403 19.903827667 0.959262403 0.000000000 0.282516622 1.034145594 0.000000000 1.000000000 0.000000000 -10.148713112
0.000000000 0.384615385 0.666666667 0.384615385 0.500000000 0.000000000 0.000000000 0.342716242 0.000000000 -0.939438969 19.720844269 0.939438969 0.000000000 0.342716242 1.062217832 0.000000000 1.000000000 0.000000000 -10.160975456
0.000000000 0.384615385 0.666666667 0.384615385 0.500000000 0.000000000 0.000000000 0.372289264 0.000000000 -0.928116751 19.492059708 0.928116751 0.000000000 0.372289264 1.058842301 0.000000000 1.000000000 0.000000000 -10.171315193
0.000000000 0.384615385 0.666666667 0.384615385 0.500000000 0.000000000 0.000000000 0.372771241 0.000000000 -0.927923274 19.264926910 0.927923274 0.000000000 0.372771241 1.058217764 0.000000000 1.000000000 0.000000000 -10.170438766
0.000000000 0.384615385 0.666666667 0.384615385 0.500000000 0.000000000 0.000000000 0.405919992 0.000000000 -0.913908617 19.035673141 0.913908617 0.000000000 0.405919992 1.040941119 0.000000000 1.000000000 0.000000000 -10.177549362
0.000000000 0.384615385 0.666666667 0.384615385 0.500000000 0.000000000 0.000000000 0.417994034 0.000000000 -0.908449771 18.841655731 0.908449771 0.000000000 0.417994034 1.050619125 0.000000000 1.000000000 0.000000000 -10.187624931
0.000000000 0.384615385 0.666666667 0.384615385 0.500000000 0.000000000 0.000000000 0.458334589 0.000000000 -0.888779728 18.675283432 0.888779728 0.000000000 0.458334589 1.046107411 0.000000000 1.000000000 0.000000000 -10.187851906
0.000000000 0.384615385 0.666666667 0.384615385 0.500000000 0.000000000 0.000000000 0.494209580 0.000000000 -0.869342793 18.496263504 0.869342793 0.000000000 0.494209580 1.057007670 0.000000000 1.000000000 0.000000000 -10.184736252
0.000000000 0.384615385 0.666666667 0.384615385 0.500000000 0.000000000 0.000000000 0.524660906 0.000000000 -0.851311302 18.293920517 0.851311302 0.000000000 0.524660906 1.035251856 0.000000000 1.000000000 0.000000000 -10.195943832
0.000000000 0.384615385 0.666666667 0.384615385 0.500000000 0.000000000 0.000000000 0.574604778 0.000000000 -0.818431029 18.125818253 0.818431029 0.000000000 0.574604778 1.055796623 0.000000000 1.000000000 0.000000000 -10.194292068
0.000000000 0.384615385 0.666666667 0.384615385 0.500000000 0.000000000 0.000000000 0.605699248 0.000000000 -0.795693673 17.939758301 0.795693673 0.000000000 0.605699248 1.043434620 0.000000000 1.000000000 0.000000000 -10.182517052
0.000000000 0.384615385 0.666666667 0.384615385 0.500000000 0.000000000 0.000000000 0.636093001 0.000000000 -0.771612399 17.723056793 0.771612399 0.000000000 0.636093001 1.042698622 0.000000000 1.000000000 0.000000000 -10.196352959
0.000000000 0.384615385 0.666666667 0.384615385 0.500000000 0.000000000 0.000000000 0.702950986 0.000000000 -0.711238294 17.532821655 0.711238294 0.000000000 0.702950986 1.039833069 0.000000000 1.000000000 0.000000000 -10.186102867
0.000000000 0.384615385 0.666666667 0.384615385 0.500000000 0.000000000 0.000000000 0.769051574 0.000000000 -0.639186730 17.349159241 0.639186730 0.000000000 0.769051574 1.044828534 0.000000000 1.000000000 0.000000000 -10.162578583
0.000000000 0.384615385 0.666666667 0.384615385 0.500000000 0.000000000 0.000000000 0.779780128 0.000000000 -0.626053474 17.147827148 0.626053474 0.000000000 0.779780128 1.040086269 0.000000000 1.000000000 0.000000000 -10.159764290
0.000000000 0.384615385 0.666666667 0.384615385 0.500000000 0.000000000 0.000000000 0.788396541 0.000000000 -0.615167371 16.950609207 0.615167371 0.000000000 0.788396541 1.039850235 0.000000000 1.000000000 0.000000000 -10.155919075
0.000000000 0.384615385 0.666666667 0.384615385 0.500000000 0.000000000 0.000000000 0.817761145 0.000000000 -0.575557738 16.744016647 0.575557738 0.000000000 0.817761145 1.044926524 0.000000000 1.000000000 0.000000000 -10.127836227
0.000000000 0.384615385 0.666666667 0.384615385 0.500000000 0.000000000 0.000000000 0.841998596 0.000000000 -0.539479716 16.570634842 0.539479716 0.000000000 0.841998596 0.975549519 0.000000000 1.000000000 0.000000000 -10.114553452
0.000000000 0.384615385 0.666666667 0.384615385 0.500000000 0.000000000 0.000000000 0.867125019 0.000000000 -0.498090555 16.372434616 0.498090555 0.000000000 0.867125019 0.953737974 0.000000000 1.000000000 0.000000000 -10.103440285
0.000000000 0.384615385 0.666666667 0.384615385 0.500000000 0.000000000 0.000000000 0.879386027 0.000000000 -0.476109458 16.191040039 0.476109458 0.000000000 0.879386027 0.916983366 0.000000000 1.000000000 0.000000000 -10.069203377
0.000000000 0.384615385 0.666666667 0.384615385 0.500000000 0.000000000 0.000000000 0.907408139 0.000000000 -0.420250485 15.986239433 0.420250485 0.000000000 0.907408139 0.901697457 0.000000000 1.000000000 0.000000000 -10.054018021
0.000000000 0.384615385 0.666666667 0.384615385 0.500000000 0.000000000 0.000000000 0.915451875 0.000000000 -0.402427465 15.784311295 0.402427465 0.000000000 0.915451875 0.892985880 0.000000000 1.000000000 0.000000000 -10.013165474
0.000000000 0.384615385 0.666666667 0.384615385 0.500000000 0.000000000 0.000000000 0.949460193 0.000000000 -0.313887466 15.600790977 0.313887466 0.000000000 0.949460193 0.889734030 0.000000000 1.000000000 0.000000000 -9.976530075
0.000000000 0.384615385 0.666666667 0.384615385 0.500000000 0.000000000 0.000000000 0.967089327 0.000000000 -0.254437091 15.415717125 0.254437091 0.000000000 0.967089327 0.883821487 0.000000000 1.000000000 0.000000000 -9.944251060
0.000000000 0.384615385 0.666666667 0.384615385 0.500000000 0.000000000 0.000000000 0.974947455 0.000000000 -0.222435294 15.210783005 0.222435294 0.000000000 0.974947455 0.866453230 0.000000000 1.000000000 0.000000000 -9.892060280
0.000000000 0.384615385 0.666666667 0.384615385 0.500000000 0.000000000 0.000000000 0.989826515 0.000000000 -0.142279549 15.013102531 0.142279549 0.000000000 0.989826515 0.865921915 0.000000000 1.000000000 0.000000000 -9.843312263
0.000000000 0.384615385 0.666666667 0.384615385 0.500000000 0.000000000 0.000000000 0.998972250 0.000000000 -0.045325968 14.832485199 0.045325968 0.000000000 0.998972250 0.863947332 0.000000000 1.000000000 0.000000000 -9.808881760
0.000000000 0.384615385 0.666666667 0.384615385 0.500000000 0.000000000 0.000000000 0.999911891 0.000000000 -0.013274447 14.637700081 0.013274447 0.000000000 0.999911891 0.880224228 0.000000000 1.000000000 0.000000000 -9.745481491
0.000000000 0.384615385 0.666666667 0.384615385 0.500000000 0.000000000 0.000000000 0.999976810 0.000000000 0.006810217 14.447010994 -0.006810217 0.000000000 0.999976810 0.873965263 0.000000000 1.000000000 0.000000000 -9.672219276
0.000000000 0.384615385 0.666666667 0.384615385 0.500000000 0.000000000 0.000000000 0.994672616 0.000000000 0.103084364 14.268608093 -0.103084364 0.000000000 0.994672616 0.865845561 0.000000000 1.000000000 0.000000000 -9.615383148
0.000000000 0.384615385 0.666666667 0.384615385 0.500000000 0.000000000 0.000000000 0.991246229 0.000000000 0.132026187 14.097255707 -0.132026187 0.000000000 0.991246229 0.863107681 0.000000000 1.000000000 0.000000000 -9.529715538
0.000000000 0.384615385 0.666666667 0.384615385 0.500000000 0.000000000 0.000000000 0.983571592 0.000000000 0.180518485 13.894906998 -0.180518485 0.000000000 0.983571592 0.866910994 0.000000000 1.000000000 0.000000000 -9.462277412
0.000000000 0.384615385 0.666666667 0.384615385 0.500000000 0.000000000 0.000000000 0.978906865 0.000000000 0.204306996 13.716781616 -0.204306996 0.000000000 0.978906865 0.865767956 0.000000000 1.000000000 0.000000000 -9.388046265
0.000000000 0.384615385 0.666666667 0.384615385 0.500000000 0.000000000 0.000000000 0.958982503 0.000000000 0.283465270 13.549061775 -0.283465270 0.000000000 0.958982503 0.872161746 0.000000000 1.000000000 0.000000000 -9.314240456
0.000000000 0.384615385 0.666666667 0.384615385 0.500000000 0.000000000 0.000000000 0.955692059 0.000000000 0.294368286 13.363475800 -0.294368286 0.000000000 0.955692059 0.873920262 0.000000000 1.000000000 0.000000000 -9.218096733
0.000000000 0.384615385 0.666666667 0.384615385 0.500000000 0.000000000 0.000000000 0.936593601 0.000000000 0.350417503 13.217128754 -0.350417503 0.000000000 0.936593601 0.869982839 0.000000000 1.000000000 0.000000000 -9.153123856
0.000000000 0.384615385 0.666666667 0.384615385 0.500000000 0.000000000 0.000000000 0.910548432 0.000000000 0.413402410 13.066434860 -0.413402410 0.000000000 0.910548432 0.876216173 0.000000000 1.000000000 0.000000000 -9.063136101
0.000000000 0.384615385 0.666666667 0.384615385 0.500000000 0.000000000 0.000000000 0.872365921 0.000000000 0.488853454 12.913691521 -0.488853454 0.000000000 0.872365921 0.873696208 0.000000000 1.000000000 0.000000000 -8.987404823
0.000000000 0.384615385 0.666666667 0.384615385 0.500000000 0.000000000 0.000000000 0.865126791 0.000000000 0.501553224 12.764492035 -0.501553224 0.000000000 0.865126791 0.870644510 0.000000000 1.000000000 0.000000000 -8.892226219
0.000000000 0.384615385 0.666666667 0.384615385 0.500000000 0.000000000 0.000000000 0.857916917 0.000000000 0.513788442 12.640028954 -0.513788442 0.000000000 0.857916917 0.856232345 0.000000000 1.000000000 0.000000000 -8.806781769
0.000000000 0.384615385 0.666666667 0.384615385 0.500000000 0.000000000 0.000000000 0.850787484 0.000000000 0.525509902 12.494067192 -0.525509902 0.000000000 0.850787484 0.867337704 0.000000000 1.000000000 0.000000000 -8.727784157
0.000000000 0.384615385 0.666666667 0.384615385 0.500000000 0.000000000 0.000000000 0.843866226 0.000000000 0.536553626 12.358798981 -0.536553626 0.000000000 0.843866226 0.861409068 0.000000000 1.000000000 0.000000000 -8.643593788
0.000000000 0.384615385 0.666666667 0.384615385 0.500000000 0.000000000 0.000000000 0.837160661 0.000000000 0.546957061 12.229887009 -0.546957061 0.000000000 0.837160661 0.869269848 0.000000000 1.000000000 0.000000000 -8.558894157
0.000000000 0.384615385 0.666666667 0.384615385 0.500000000 0.000000000 0.000000000 0.828670773 0.000000000 0.559736322 12.074892044 -0.559736322 0.000000000 0.828670773 0.866597474 0.000000000 1.000000000 0.000000000 -8.446620941
0.000000000 0.384615385 0.666666667 0.384615385 0.500000000 0.000000000 0.000000000 0.824508128 0.000000000 0.565850110 11.933066368 -0.565850110 0.000000000 0.824508128 0.860969126 0.000000000 1.000000000 0.000000000 -8.361408234
0.000000000 0.384615385 0.666666667 0.384615385 0.500000000 0.000000000 0.000000000 0.816573280 0.000000000 0.577241785 11.776005745 -0.577241785 0.000000000 0.816573280 0.858130872 0.000000000 1.000000000 0.000000000 -8.252057076
0.000000000 0.384615385 0.666666667 0.384615385 0.500000000 0.000000000 0.000000000 0.808993414 0.000000000 0.587817706 11.651000977 -0.587817706 0.000000000 0.808993414 0.873895764 0.000000000 1.000000000 0.000000000 -8.142185211
0.000000000 0.384615385 0.666666667 0.384615385 0.500000000 0.000000000 0.000000000 0.803650691 0.000000000 0.595101308 11.495029449 -0.595101308 0.000000000 0.803650691 0.871245146 0.000000000 1.000000000 0.000000000 -8.051576614
0.000000000 0.384615385 0.666666667 0.384615385 0.500000000 0.000000000 0.000000000 0.796919179 0.000000000 0.604085939 11.386074066 -0.604085939 0.000000000 0.796919179 0.867474556 0.000000000 1.000000000 0.000000000 -7.965886116
0.000000000 0.384615385 0.666666667 0.384615385 0.500000000 0.000000000 0.000000000 0.793709944 0.000000000 0.608296412 11.253393173 -0.608296412 0.000000000 0.793709944 0.873069584 0.000000000 1.000000000 0.000000000 -7.856559753
0.000000000 0.384615385 0.666666667 0.384615385 0.500000000 0.000000000 0.000000000 0.788860070 0.000000000 0.614572852 11.153032303 -0.614572852 0.000000000 0.788860070 0.864914775 0.000000000 1.000000000 0.000000000 -7.771012783
0.000000000 0.384615385 0.666666667 0.384615385 0.500000000 0.000000000 0.000000000 0.784286207 0.000000000 0.620399182 11.019462585 -0.620399182 0.000000000 0.784286207 0.871364176 0.000000000 1.000000000 0.000000000 -7.661532879
0.000000000 0.384615385 0.666666667 0.384615385 0.500000000 0.000000000 0.000000000 0.778596317 0.000000000 0.627525119 10.859287262 -0.627525119 0.000000000 0.778596317 0.877858698 0.000000000 1.000000000 0.000000000 -7.545274258
0.000000000 0.384615385 0.666666667 0.384615385 0.500000000 0.000000000 0.000000000 0.775808730 0.000000000 0.630968157 10.753222466 -0.630968157 0.000000000 0.775808730 0.887780130 0.000000000 1.000000000 0.000000000 -7.439342976
0.000000000 0.384615385 0.666666667 0.384615385 0.500000000 0.000000000 0.000000000 0.770662026 0.000000000 0.637244100 10.607792854 -0.637244100 0.000000000 0.770662026 0.869154096 0.000000000 1.000000000 0.000000000 -7.341667175
0.000000000 0.384615385 0.666666667 0.384615385 0.500000000 0.000000000 0.000000000 0.765780612 0.000000000 0.643101901 10.451015472 -0.643101901 0.000000000 0.765780612 0.869629264 0.000000000 1.000000000 0.000000000 -7.184636116
0.000000000 0.384615385 0.666666667 0.384615385 0.500000000 0.000000000 0.000000000 0.762167252 0.000000000 0.647380167 10.275307655 -0.647380167 0.000000000 0.762167252 0.862603188 0.000000000 1.000000000 0.000000000 -7.071675777
0.000000000 0.384615385 0.666666667 0.384615385 0.500000000 0.000000000 0.000000000 0.757550518 0.000000000 0.652776541 10.147587776 -0.652776541 0.000000000 0.757550518 0.865915418 0.000000000 1.000000000 0.000000000 -6.930865288