0.000000000 0.384615385 0.666666667 0.384615385 0.500000000 0.000000000 0.000000000 -0.945481534 0.000000000 0.325675712 -50.202049255 -0.325675712 0.000000000 -0.945481534 0.888399780 0.000000000 1.000000000 0.000000000 6.704772949
0.000000000 0.384615385 0.666666667 0.384615385 0.500000000 0.000000000 0.000000000 -0.950570651 0.000000000 0.310508354 -49.949626923 -0.310508354 0.000000000 -0.950570651 0.868764400 0.000000000 1.000000000 0.000000000 6.740031719
0.000000000 0.384615385 0.666666667 0.384615385 0.500000000 0.000000000 0.000000000 -0.973469755 0.000000000 0.228815727 -49.641071320 -0.228815727 0.000000000 -0.973469755 0.868396282 0.000000000 1.000000000 0.000000000 6.804604530
0.000000000 0.384615385 0.666666667 0.384615385 0.500000000 0.000000000 0.000000000 -0.974986123 0.000000000 0.222265743 -49.345878601 -0.222265743 0.000000000 -0.974986123 0.875403106 0.000000000 1.000000000 0.000000000 6.784755707
0.000000000 0.384615385 0.666666667 0.384615385 0.500000000 0.000000000 0.000000000 -0.982472439 0.000000000 0.186407901 -49.034755707 -0.186407901 0.000000000 -0.982472439 0.867520034 0.000000000 1.000000000 0.000000000 6.767629147
0.000000000 0.384615385 0.666666667 0.384615385 0.500000000 0.000000000 0.000000000 -0.991460465 0.000000000 0.130407618 -48.748649597 -0.130407618 0.000000000 -0.991460465 0.876605570 0.000000000 1.000000000 0.000000000 6.723901272
0.000000000 0.384615385 0.666666667 0.384615385 0.500000000 0.000000000 0.000000000 -0.998024093 0.000000000 0.062832397 -48.439079285 -0.062832397 0.000000000 -0.998024093 0.864767671 0.000000000 1.000000000 0.000000000 6.655854225
0.000000000 0.384615385 0.666666667 0.384615385 0.500000000 0.000000000 0.000000000 -0.999670481 0.000000000 0.025669616 -48.150485992 -0.025669616 0.000000000 -0.999670481 0.862368166 0.000000000 1.000000000 0.000000000 6.659574986
0.000000000 0.384615385 0.666666667 0.384615385 0.500000000 0.000000000 0.000000000 -0.999763207 0.000000000 0.021760732 -47.806171417 -0.021760732 0.000000000 -0.999763207 0.876649439 0.000000000 1.000000000 0.000000000 6.632734299
0.000000000 0.384615385 0.666666667 0.384615385 0.500000000 0.000000000 0.000000000 -0.998105420 0.000000000 0.061526983 -47.547927856 -0.061526983 0.000000000 -0.998105420 0.852075934 0.000000000 1.000000000 0.000000000 6.681782246
0.000000000 0.384615385 0.666666667 0.384615385 0.500000000 0.000000000 0.000000000 -0.996258868 0.000000000 0.086419144 -47.272216797 -0.086419144 0.000000000 -0.996258868 0.871154666 0.000000000 1.000000000 0.000000000 6.690429688
0.000000000 0.384615385 0.666666667 0.384615385 0.500000000 0.000000000 0.000000000 -0.995086582 0.000000000 0.099008556 -47.028877258 -0.099008556 0.000000000 -0.995086582 0.857301712 0.000000000 1.000000000 0.000000000 6.713017464
0.000000000 0.384615385 0.666666667 0.384615385 0.500000000 0.000000000 0.000000000 -0.995591975 0.000000000 0.093790294 -46.758495331 -0.093790294 0.000000000 -0.995591975 0.859698832 0.000000000 1.000000000 0.000000000 6.735451698
0.000000000 0.384615385 0.666666667 0.384615385 0.500000000 0.000000000 0.000000000 -0.996566779 0.000000000 0.082792839 -46.478008270 -0.082792839 0.000000000 -0.996566779 0.845111549 0.000000000 1.000000000 0.000000000 6.741757870
0.000000000 0.384615385 0.666666667 0.384615385 0.500000000 0.000000000 0.000000000 -0.997733340 0.000000000 0.067291762 -46.221092224 -0.067291762 0.000000000 -0.997733340 0.861267745 0.000000000 1.000000000 0.000000000 6.772622108
0.000000000 0.384615385 0.666666667 0.384615385 0.500000000 0.000000000 0.000000000 -0.998838080 0.000000000 0.048192214 -45.934432983 -0.048192214 0.000000000 -0.998838080 0.854244351 0.000000000 1.000000000 0.000000000 6.775583267
0.000000000 0.384615385 0.666666667 0.384615385 0.500000000 0.000000000 0.000000000 -0.999745673 0.000000000 0.022551935 -45.665058136 -0.022551935 0.000000000 -0.999745673 0.868129551 0.000000000 1.000000000 0.000000000 6.798178673
0.000000000 0.384615385 0.666666667 0.384615385 0.500000000 0.000000000 0.000000000 -0.999999601 0.000000000 -0.000893850 -45.393573761 0.000893850 0.000000000 -0.999999601 0.887550056 0.000000000 1.000000000 0.000000000 6.781960487
0.000000000 0.384615385 0.666666667 0.384615385 0.500000000 0.000000000 0.000000000 -0.999633028 0.000000000 -0.027088919 -45.115173340 0.027088919 0.000000000 -0.999633028 0.877308607 0.000000000 1.000000000 0.000000000 6.789428711
0.000000000 0.384615385 0.666666667 0.384615385 0.500000000 0.000000000 0.000000000 -0.999356690 0.000000000 -0.035863728 -44.850524902 0.035863728 0.000000000 -0.999356690 0.872879446 0.000000000 1.000000000 0.000000000 6.758503437
0.000000000 0.384615385 0.666666667 0.384615385 0.500000000 0.000000000 0.000000000 -0.995916501 0.000000000 -0.090279137 -44.521659851 0.090279137 0.000000000 -0.995916501 0.862929344 0.000000000 1.000000000 0.000000000 6.731962681
0.000000000 0.384615385 0.666666667 0.384615385 0.500000000 0.000000000 0.000000000 -0.992179599 0.000000000 -0.124818442 -44.213161469 0.124818442 0.000000000 -0.992179599 0.876500905 0.000000000 1.000000000 0.000000000 6.701281548
0.000000000 0.384615385 0.666666667 0.384615385 0.500000000 0.000000000 0.000000000 -0.987374265 0.000000000 -0.158404735 -43.911289215 0.158404735 0.000000000 -0.987374265 0.871055722 0.000000000 1.000000000 0.000000000 6.671430588
0.000000000 0.384615385 0.666666667 0.384615385 0.500000000 0.000000000 0.000000000 -0.980139054 0.000000000 -0.198311457 -43.585430145 0.198311457 0.000000000 -0.980139054 0.870597005 0.000000000 1.000000000 0.000000000 6.598510742
0.000000000 0.384615385 0.666666667 0.384615385 0.500000000 0.000000000 0.000000000 -0.969943627 0.000000000 -0.243329734 -43.244159698 0.243329734 0.000000000 -0.969943627 0.876489460 0.000000000 1.000000000 0.000000000 6.480824947
0.000000000 0.384615385 0.666666667 0.384615385 0.500000000 0.000000000 0.000000000 -0.958186591 0.000000000 -0.286144118 -42.908271790 0.286144118 0.000000000 -0.958186591 0.869015455 0.000000000 1.000000000 0.000000000 6.412602425
0.000000000 0.384615385 0.666666667 0.384615385 0.500000000 0.000000000 0.000000000 -0.954643414 0.000000000 -0.297751494 -42.615711212 0.297751494 0.000000000 -0.954643414 0.872901976 0.000000000 1.000000000 0.000000000 6.285283089
0.000000000 0.384615385 0.666666667 0.384615385 0.500000000 0.000000000 0.000000000 -0.950416389 0.000000000 -0.310980204 -42.330379486 0.310980204 0.000000000 -0.950416389 0.873836100 0.000000000 1.000000000 0.000000000 6.181491375
0.000000000 0.384615385 0.666666667 0.384615385 0.500000000 0.000000000 0.000000000 -0.949595707 0.000000000 -0.313477261 -42.052753448 0.313477261 0.000000000 -0.949595707 0.855493307 0.000000000 1.000000000 0.000000000 6.076088905
0.000000000 0.384615385 0.666666667 0.384615385 0.500000000 0.000000000 0.000000000 -0.937387832 0.000000000 -0.348287314 -41.796455383 0.348287314 0.000000000 -0.937387832 0.874897897 0.000000000 1.000000000 0.000000000 5.962306976
0.000000000 0.384615385 0.666666667 0.384615385 0.500000000 0.000000000 0.000000000 -0.916758531 0.000000000 -0.399441856 -41.535381317 0.399441856 0.000000000 -0.916758531 0.861957908 0.000000000 1.000000000 0.000000000 5.835231781
0.000000000 0.384615385 0.666666667 0.384615385 0.500000000 0.000000000 0.000000000 -0.913280704 0.000000000 -0.407330770 -41.239833832 0.407330770 0.000000000 -0.913280704 0.874980271 0.000000000 1.000000000 0.000000000 5.709054947
0.000000000 0.384615385 0.666666667 0.384615385 0.500000000 0.000000000 0.000000000 -0.884714117 0.000000000 -0.466134027 -40.996150970 0.466134027 0.000000000 -0.884714117 0.880244792 0.000000000 1.000000000 0.000000000 5.599215984
0.000000000 0.384615385 0.666666667 0.384615385 0.500000000 0.000000000 0.000000000 -0.878421288 0.000000000 -0.477887058 -40.742275238 0.477887058 0.000000000 -0.878421288 0.882057190 0.000000000 1.000000000 0.000000000 5.441230297
0.000000000 0.384615385 0.666666667 0.384615385 0.500000000 0.000000000 0.000000000 -0.872290920 0.000000000 -0.488987270 -40.485019684 0.488987270 0.000000000 -0.872290920 0.873126030 0.000000000 1.000000000 0.000000000 5.283024788
0.000000000 0.384615385 0.666666667 0.384615385 0.500000000 0.000000000 0.000000000 -0.868158355 0.000000000 -0.496287286 -40.241748810 0.496287286 0.000000000 -0.868158355 0.878113627 0.000000000 1.000000000 0.000000000 5.136315823
0.000000000 0.384615385 0.666666667 0.384615385 0.500000000 0.000000000 0.000000000 -0.866060364 0.000000000 -0.499939442 -39.953105927 0.499939442 0.000000000 -0.866060364 0.860062003 0.000000000 1.000000000 0.000000000 4.984948635
0.000000000 0.384615385 0.666666667 0.384615385 0.500000000 0.000000000 0.000000000 -0.865261998 0.000000000 -0.501319932 -39.704677582 0.501319932 0.000000000 -0.865261998 0.871300399 0.000000000 1.000000000 0.000000000 4.825160980
0.000000000 0.384615385 0.666666667 0.384615385 0.500000000 0.000000000 0.000000000 -0.866422415 0.000000000 -0.499311725 -39.435371399 0.499311725 0.000000000 -0.866422415 0.855090916 0.000000000 1.000000000 0.000000000 4.696374416
0.000000000 0.384615385 0.666666667 0.384615385 0.500000000 0.000000000 0.000000000 -0.869481140 0.000000000 -0.493966139 -39.169120789 0.493966139 0.000000000 -0.869481140 0.852459610 0.000000000 1.000000000 0.000000000 4.519006252
0.000000000 0.384615385 0.666666667 0.384615385 0.500000000 0.000000000 0.000000000 -0.874383541 0.000000000 -0.485235431 -38.903728485 0.485235431 0.000000000 -0.874383541 0.856703460 0.000000000 1.000000000 0.000000000 4.367597580
0.000000000 0.384615385 0.666666667 0.384615385 0.500000000 0.000000000 0.000000000 -0.879918844 0.000000000 -0.475124013 -38.663406372 0.475124013 0.000000000 -0.879918844 0.864674747 0.000000000 1.000000000 0.000000000 4.224931717
0.000000000 0.384615385 0.666666667 0.384615385 0.500000000 0.000000000 0.000000000 -0.888252205 0.000000000 -0.459356093 -38.331813812 0.459356093 0.000000000 -0.888252205 0.893434107 0.000000000 1.000000000 0.000000000 4.093786716
0.000000000 0.384615385 0.666666667 0.384615385 0.500000000 0.000000000 0.000000000 -0.898259226 0.000000000 -0.439465997 -38.055381775 0.439465997 0.000000000 -0.898259226 0.854677022 0.000000000 1.000000000 0.000000000 3.922436476
0.000000000 0.384615385 0.666666667 0.384615385 0.500000000 0.000000000 0.000000000 -0.910378178 0.000000000 -0.413777201 -37.734600067 0.413777201 0.000000000 -0.910378178 0.876829982 0.000000000 1.000000000 0.000000000 3.792673349
0.000000000 0.384615385 0.666666667 0.384615385 0.500000000 0.000000000 0.000000000 -0.918324708 0.000000000 -0.395827906 -37.433719635 0.395827906 0.000000000 -0.918324708 0.873739839 0.000000000 1.000000000 0.000000000 3.662729502
0.000000000 0.384615385 0.666666667 0.384615385 0.500000000 0.000000000 0.000000000 -0.928841014 0.000000000 -0.370478569 -37.149188995 0.370478569 0.000000000 -0.928841014 0.846462071 0.000000000 1.000000000 0.000000000 3.540339231
0.000000000 0.384615385 0.666666667 0.384615385 0.500000000 0.000000000 0.000000000 -0.946648938 0.000000000 -0.322266642 -36.834697723 0.322266642 0.000000000 -0.946648938 0.854816139 0.000000000 1.000000000 0.000000000 3.468615532
0.000000000 0.384615385 0.666666667 0.384615385 0.500000000 0.000000000 0.000000000 -0.957420549 0.000000000 -0.288696886 -36.513790131 0.288696886 0.000000000 -0.957420549 0.849435687 0.000000000 1.000000000 0.000000000 3.366535664
0.000000000 0.384615385 0.666666667 0.384615385 0.500000000 0.000000000 0.000000000 -0.968020225 0.000000000 -0.250872166 -36.185798645 0.250872166 0.000000000 -0.968020225 0.871419072 0.000000000 1.000000000 0.000000000 3.254382133
0.000000000 0.384615385 0.666666667 0.384615385 0.500000000 0.000000000 0.000000000 -0.975805143 0.000000000 -0.218641996 -35.850486755 0.218641996 0.000000000 -0.975805143 0.895328343 0.000000000 1.000000000 0.000000000 3.225353956
0.000000000 0.384615385 0.666666667 0.384615385 0.500000000 0.000000000 0.000000000 -0.982583954 0.000000000 -0.185819195 -35.533573151 0.185819195 0.000000000 -0.982583954 0.871192098 0.000000000 1.000000000 0.000000000 3.139445782
0.000000000 0.384615385 0.666666667 0.384615385 0.500000000 0.000000000 0.000000000 -0.983341062 0.000000000 -0.181770061 -35.209434509 0.181770061 0.000000000 -0.983341062 0.853794158 0.000000000 1.000000000 0.000000000 3.102890491
0.000000000 0.384615385 0.666666667 0.384615385 0.500000000 0.000000000 0.000000000 -0.984784977 0.000000000 -0.173777295 -34.901950836 0.173777295 0.000000000 -0.984784977 0.840968668 0.000000000 1.000000000 0.000000000 3.062128782
0.000000000 0.384615385 0.666666667 0.384615385 0.500000000 0.000000000 0.000000000 -0.995244656 0.000000000 -0.097406745 -34.566375732 0.097406745 0.000000000 -0.995244656 0.869834483 0.000000000 1.000000000 0.000000000 3.036166906
0.000000000 0.384615385 0.666666667 0.384615385 0.500000000 0.000000000 0.000000000 -0.997076790 0.000000000 -0.076405985 -34.222663879 0.076405985 0.000000000 -0.997076790 0.840431452 0.000000000 1.000000000 0.000000000 3.004143000
0.000000000 0.384615385 0.666666667 0.384615385 0.500000000 0.000000000 0.000000000 -0.998904070 0.000000000 -0.046804480 -33.872509003 0.046804480 0.000000000 -0.998904070 0.852431536 0.000000000 1.000000000 0.000000000 2.970322132
0.000000000 0.384615385 0.666666667 0.384615385 0.500000000 0.000000000 0.000000000 -0.999700105 0.000000000 -0.024488771 -33.522243500 0.024488771 0.000000000 -0.999700105 0.858200431 0.000000000 1.000000000 0.000000000 2.967006683
0.000000000 0.384615385 0.666666667 0.384615385 0.500000000 0.000000000 0.000000000 -0.999969561 0.000000000 -0.007802334 -33.170398712 0.007802334 0.000000000 -0.999969561 0.866831481 0.000000000 1.000000000 0.000000000 2.978857279
0.000000000 0.384615385 0.666666667 0.384615385 0.500000000 0.000000000 0.000000000 -0.999959276 0.000000000 0.009024813 -32.811199188 -0.009024813 0.000000000 -0.999959276 0.895514369 0.000000000 1.000000000 0.000000000 2.949206591
0.000000000 0.384615385 0.666666667 0.384615385 0.500000000 0.000000000 0.000000000 -0.999748066 0.000000000 0.022445577 -32.479549408 -0.022445577 0.000000000 -0.999748066 0.870680511 0.000000000 1.000000000 0.000000000 2.970412493
0.000000000 0.384615385 0.666666667 0.384615385 0.500000000 0.000000000 0.000000000 -0.999472422 0.000000000 0.032478881 -32.105518341 -0.032478881 0.000000000 -0.999472422 0.863387108 0.000000000 1.000000000 0.000000000 2.998432636
0.000000000 0.384615385 0.666666667 0.384615385 0.500000000 0.000000000 0.000000000 -0.999112788 0.000000000 0.042114575 -31.787137985 -0.042114575 0.000000000 -0.999112788 0.865598261 0.000000000 1.000000000 0.000000000 2.980800629
0.000000000 0.384615385 0.666666667 0.384615385 0.500000000 0.000000000 0.000000000 -0.998812405 0.000000000 0.048721448 -31.469247818 -0.048721448 0.000000000 -0.998812405 0.866092503 0.000000000 1.000000000 0.000000000 3.007900238
0.000000000 0.384615385 0.666666667 0.384615385 0.500000000 0.000000000 0.000000000 -0.998612892 0.000000000 0.052652564 -31.068172455 -0.052652564 0.000000000 -0.998612892 0.846353412 0.000000000 1.000000000 0.000000000 3.046223164
0.000000000 0.384615385 0.666666667 0.384615385 0.500000000 0.000000000 0.000000000 -0.998476723 0.000000000 0.055174574 -30.755126953 -0.055174574 0.000000000 -0.998476723 0.863688231 0.000000000 1.000000000 0.000000000 3.061437845
0.000000000 0.384615385 0.666666667 0.384615385 0.500000000 0.000000000 0.000000000 -0.998465709 0.000000000 0.055373531 -30.425682068 -0.055373531 0.000000000 -0.998465709 0.884170592 0.000000000 1.000000000 0.000000000 3.053781748
0.000000000 0.384615385 0.666666667 0.384615385 0.500000000 0.000000000 0.000000000 -0.998581015 0.000000000 0.053253703 -30.103094101 -0.053253703 0.000000000 -0.998581015 0.851702273 0.000000000 1.000000000 0.000000000 3.104140520
0.000000000 0.384615385 0.666666667 0.384615385 0.500000000 0.000000000 0.000000000 -0.998794658 0.000000000 0.049083920 -29.738798141 -0.049083920 0.000000000 -0.998794658 0.864491642 0.000000000 1.000000000 0.000000000 3.101042509
0.000000000 0.384615385 0.666666667 0.384615385 0.500000000 0.000000000 0.000000000 -0.999112788 0.000000000 0.042114575 -29.431308746 -0.042114575 0.000000000 -0.999112788 0.856154978 0.000000000 1.000000000 0.000000000 3.134013653
0.000000000 0.384615385 0.666666667 0.384615385 0.500000000 0.000000000 0.000000000 -0.999544693 0.000000000 0.030172950 -29.082069397 -0.030172950 0.000000000 -0.999544693 0.883822978 0.000000000 1.000000000 0.000000000 3.105600595
0.000000000 0.384615385 0.666666667 0.384615385 0.500000000 0.000000000 0.000000000 -0.999881458 0.000000000 0.015397052 -28.713397980 -0.015397052 0.000000000 -0.999881458 0.852649927 0.000000000 1.000000000 0.000000000 3.141765118
0.000000000 0.384615385 0.666666667 0.384615385 0.500000000 0.000000000 0.000000000 -0.999954198 0.000000000 -0.009570850 -28.372802734 0.009570850 0.000000000 -0.999954198 0.851238847 0.000000000 1.000000000 0.000000000 3.132663488
0.000000000 0.384615385 0.666666667 0.384615385 0.500000000 0.000000000 0.000000000 -0.998908702 0.000000000 -0.046705517 -28.047685623 0.046705517 0.000000000 -0.998908702 0.857316256 0.000000000 1.000000000 0.000000000 3.096103430
0.000000000 0.384615385 0.666666667 0.384615385 0.500000000 0.000000000 0.000000000 -0.997842152 0.000000000 -0.065658510 -27.639648438 0.065658510 0.000000000 -0.997842152 0.876602292 0.000000000 1.000000000 0.000000000 3.093075991
0.000000000 0.384615385 0.666666667 0.384615385 0.500000000 0.000000000 0.000000000 -0.986368532 0.000000000 -0.164551265 -27.257968903 0.164551265 0.000000000 -0.986368532 0.854547739 0.000000000 1.000000000 0.000000000 3.000405312
0.000000000 0.384615385 0.666666667 0.384615385 0.500000000 0.000000000 0.000000000 -0.968113082 0.000000000 -0.250513592 -27.140058517 0.250513592 0.000000000 -0.968113082 0.916759849 0.000000000 1.000000000 0.000000000 2.649245501
0.000000000 0.384615385 0.666666667 0.384615385 0.500000000 0.000000000 0.000000000 -0.965818033 0.000000000 -0.259221000 -27.168407440 0.259221000 0.000000000 -0.965818033 0.993493795 0.000000000 1.000000000 0.000000000 2.294504404
0.000000000 0.384615385 0.666666667 0.384615385 0.500000000 0.000000000 0.000000000 -0.952960443 0.000000000 -0.303094696 -27.221366882 0.303094696 0.000000000 -0.952960443 1.035878062 0.000000000 1.000000000 0.000000000 1.934565425
0.000000000 0.384615385 0.666666667 0.384615385 0.500000000 0.000000000 0.000000000 -0.933668795 0.000000000 -0.358137656 -27.321865082 0.358137656 0.000000000 -0.933668795 1.027150631 0.000000000 1.000000000 0.000000000 1.569133282
0.000000000 0.384615385 0.666666667 0.384615385 0.500000000 0.000000000 0.000000000 -0.923224201 0.000000000 -0.384261728 -27.447538376 0.384261728 0.000000000 -0.923224201 1.050457120 0.000000000 1.000000000 0.000000000 1.231579542