0.000000000 0.500000000 0.666666667 0.500000000 0.500000000 0.000000000 0.000000000 0.823169259 -0.203976172 0.529892530 -0.473405175 0.268713958 0.838856573 -0.313496271 -0.941374808 0.124633695 16.967451096 3.664367676 -48.317630768
0.000000000 0.500000000 0.666666667 0.500000000 0.500000000 0.000000000 0.000000000 0.811715409 -0.233841249 0.535197501 -0.474749145 0.269575710 0.837819901 -0.340193099 -0.934155879 0.107802824 16.732147217 3.656545878 -48.469554901
0.000000000 0.500000000 0.666666667 0.500000000 0.500000000 0.000000000 0.000000000 0.798803505 -0.264229204 0.540458960 -0.476422109 0.270706953 0.836504465 -0.367334907 -0.925689296 0.090357028 16.503522873 3.648978710 -48.617099762
0.000000000 0.500000000 0.666666667 0.500000000 0.500000000 0.000000000 0.000000000 0.784519906 -0.294816629 0.545537966 -0.478353263 0.272098071 0.834949577 -0.394596847 -0.915994430 0.072439856 16.280866623 3.641854048 -48.759212494
0.000000000 0.500000000 0.666666667 0.500000000 0.500000000 0.000000000 0.000000000 0.768986993 -0.325287596 0.550315350 -0.480473677 0.273733981 0.833195507 -0.421668175 -0.905128548 0.054205744 16.064823151 3.634976625 -48.896972656
0.000000000 0.500000000 0.666666667 0.500000000 0.500000000 0.000000000 0.000000000 0.752363361 -0.355336467 0.554693941 -0.482717702 0.275593962 0.831283098 -0.448255500 -0.893187530 0.035819597 15.855358124 3.628340483 -49.030403137
0.000000000 0.500000000 0.666666667 0.500000000 0.500000000 0.000000000 0.000000000 0.734842355 -0.384672736 0.558599677 -0.485023934 0.277650916 0.829253732 -0.474087014 -0.880304978 0.017454169 15.652441025 3.621942759 -49.159519196
0.000000000 0.500000000 0.666666667 0.500000000 0.500000000 0.000000000 0.000000000 0.716650730 -0.413022930 0.561982020 -0.487335433 0.279872240 0.827149143 -0.498914729 -0.866650788 -0.000710064 15.456033707 3.615778685 -49.284339905
0.000000000 0.500000000 0.666666667 0.500000000 0.500000000 0.000000000 0.000000000 0.698045200 -0.440134667 0.564813575 -0.489600441 0.282219073 0.825011396 -0.522517279 -0.852428220 -0.018488457 15.266104698 3.609843731 -49.404891968
0.000000000 0.500000000 0.666666667 0.500000000 0.500000000 0.000000000 0.000000000 0.679309095 -0.465776978 0.567089904 -0.491772854 0.284647822 0.822882177 -0.544700480 -0.837870768 -0.035692619 15.082625389 3.604133844 -49.521198273
0.000000000 0.500000000 0.666666667 0.500000000 0.500000000 0.000000000 0.000000000 0.660748068 -0.489742420 0.568827173 -0.493811949 0.287109750 0.820803113 -0.565297930 -0.823237726 -0.052133447 14.905570984 3.598641396 -49.633308411
0.000000000 0.500000000 0.666666667 0.500000000 0.500000000 0.000000000 0.000000000 0.642685999 -0.511845434 0.570060487 -0.495682318 0.289552502 0.818815235 -0.584169279 -0.808809990 -0.067621392 14.734915733 3.593359947 -49.741245270
0.000000000 0.500000000 0.666666667 0.500000000 0.500000000 0.000000000 0.000000000 0.625460468 -0.531920864 0.570840956 -0.497353712 0.291920311 0.816958883 -0.601197545 -0.794885354 -0.081968202 14.570643425 3.588283062 -49.845043182
0.000000000 0.500000000 0.666666667 0.500000000 0.500000000 0.000000000 0.000000000 0.609414931 -0.549824878 0.571232041 -0.498800490 0.294155201 0.815273444 -0.616288498 -0.781770632 -0.094990347 14.412730217 3.583403826 -49.944740295
0.000000000 0.500000000 0.666666667 0.500000000 0.500000000 0.000000000 0.000000000 0.594898702 -0.565425054 0.571305560 -0.499999998 0.296198063 0.813797708 -0.629361213 -0.769779979 -0.106504683 14.261165619 3.578712702 -50.040386200
0.000000000 0.500000000 0.666666667 0.500000000 0.500000000 0.000000000 0.000000000 0.582553474 -0.580280363 0.569127534 -0.499999991 0.296198106 0.813797697 -0.640805321 -0.758644437 -0.117588940 14.116138458 3.573981285 -50.131938934
0.000000000 0.500000000 0.666666667 0.500000000 0.500000000 0.000000000 0.000000000 0.571894043 -0.592726839 0.567108541 -0.500000033 0.296198109 0.813797670 -0.650336198 -0.748960329 -0.126969505 13.977445602 3.569463491 -50.219474792
0.000000000 0.500000000 0.666666667 0.500000000 0.500000000 0.000000000 0.000000000 0.562826406 -0.603049471 0.565294412 -0.500000022 0.296198049 0.813797699 -0.658199374 -0.740674052 -0.134816665 13.845120430 3.565159321 -50.302993774
0.000000000 0.500000000 0.666666667 0.500000000 0.500000000 0.000000000 0.000000000 0.555230338 -0.611515753 0.563708928 -0.500000072 0.296198084 0.813797655 -0.664619590 -0.733699651 -0.141299758 13.719197273 3.561068535 -50.382472992
0.000000000 0.500000000 0.666666667 0.500000000 0.500000000 0.000000000 0.000000000 0.548966062 -0.618377318 0.562357320 -0.499999843 0.296198116 0.813797784 -0.669803270 -0.727925936 -0.146585849 13.599707603 3.557191610 -50.457908630
0.000000000 0.500000000 0.666666667 0.500000000 0.500000000 0.000000000 0.000000000 0.543877504 -0.623872597 0.561231007 -0.499999841 0.296198113 0.813797786 -0.673941704 -0.723221723 -0.150840709 13.486680984 3.553528309 -50.529270172
0.000000000 0.500000000 0.666666667 0.500000000 0.500000000 0.000000000 0.000000000 0.539796821 -0.628229540 0.560309769 -0.500000006 0.296198083 0.813797696 -0.677214432 -0.719440297 -0.154227990 13.379699707 3.550207376 -50.595863342
0.000000000 0.500000000 0.666666667 0.500000000 0.500000000 0.000000000 0.000000000 0.536547994 -0.631667160 0.559564875 -0.500000026 0.296198067 0.813797690 -0.679791310 -0.716423970 -0.156909117 13.279239655 3.547100067 -50.658344269
0.000000000 0.500000000 0.666666667 0.500000000 0.500000000 0.000000000 0.000000000 0.533947824 -0.634398747 0.558961493 -0.499999979 0.296198072 0.813797717 -0.681835568 -0.714006255 -0.159045045 13.185353279 3.544197321 -50.716754913
0.000000000 0.500000000 0.666666667 0.500000000 0.500000000 0.000000000 0.000000000 0.531809405 -0.636632283 0.558460467 -0.499999832 0.296198114 0.813797791 -0.683504883 -0.712015459 -0.160795092 13.098070145 3.541499615 -50.771072388
0.000000000 0.500000000 0.666666667 0.500000000 0.500000000 0.000000000 0.000000000 0.529942148 -0.638572887 0.558019701 -0.499999992 0.296198102 0.813797697 -0.684953522 -0.710275546 -0.162318580 13.017413139 3.539008141 -50.821262360
0.000000000 0.500000000 0.666666667 0.500000000 0.500000000 0.000000000 0.000000000 0.528153923 -0.640423174 0.557594469 -0.500000028 0.296198076 0.813797685 -0.686333305 -0.708607690 -0.163773429 12.943405151 3.536720514 -50.867309570
0.000000000 0.500000000 0.666666667 0.500000000 0.500000000 0.000000000 0.000000000 0.526250876 -0.642383434 0.557138707 -0.500000001 0.296198103 0.813797691 -0.687793584 -0.706831102 -0.165317207 12.876076698 3.534639120 -50.909198761
0.000000000 0.500000000 0.666666667 0.500000000 0.500000000 0.000000000 0.000000000 0.524037615 -0.644651955 0.556604379 -0.499999834 0.296198114 0.813797790 -0.689481504 -0.704762750 -0.167106917 12.815447807 3.532763004 -50.946891785
0.000000000 0.500000000 0.666666667 0.500000000 0.500000000 0.000000000 0.000000000 0.521316239 -0.647424437 0.555941523 -0.499999997 0.296198010 0.813797728 -0.691541309 -0.702216731 -0.169299384 12.761545181 3.531091928 -50.980381012
0.000000000 0.500000000 0.666666667 0.500000000 0.500000000 0.000000000 0.000000000 0.517886549 -0.650892617 0.555096679 -0.499999998 0.296198063 0.813797708 -0.694113481 -0.699003225 -0.172049315 12.714391708 3.529625893 -51.009624481
0.000000000 0.500000000 0.666666667 0.500000000 0.500000000 0.000000000 0.000000000 0.513548714 -0.655246183 0.554003752 -0.499985326 0.296200987 0.813805658 -0.697339510 -0.694922596 -0.175499841 12.674013138 3.528366566 -51.034614563
0.000000000 0.500000000 0.666666667 0.500000000 0.500000000 0.000000000 0.000000000 0.508117619 -0.660678737 0.552557773 -0.499881456 0.296221444 0.813862019 -0.701380792 -0.689751015 -0.179745714 12.640431404 3.527313232 -51.055316925
0.000000000 0.500000000 0.666666667 0.500000000 0.500000000 0.000000000 0.000000000 0.501309421 -0.667320489 0.550792365 -0.499879994 0.296221780 0.813862795 -0.706264013 -0.683327171 -0.185081394 12.611811638 3.526406288 -51.072864532
0.000000000 0.500000000 0.666666667 0.500000000 0.500000000 0.000000000 0.000000000 0.492891215 -0.675323401 0.548631530 -0.499999998 0.296198053 0.813797711 -0.712080229 -0.675429506 -0.191668281 12.588170052 3.525643825 -51.087230682
0.000000000 0.500000000 0.666666667 0.500000000 0.500000000 0.000000000 0.000000000 0.482753350 -0.685493566 0.545020893 -0.500000029 0.295199957 0.814160276 -0.718991776 -0.665549063 -0.200238035 12.569610596 3.524908304 -51.098354340
0.000000000 0.500000000 0.666666667 0.500000000 0.500000000 0.000000000 0.000000000 0.470861787 -0.696979067 0.540841342 -0.499999975 0.294250593 0.814503906 -0.726835059 -0.653939422 -0.209938156 12.556022644 3.524327278 -51.106262207
0.000000000 0.500000000 0.666666667 0.500000000 0.500000000 0.000000000 0.000000000 0.457271794 -0.709588294 0.536084843 -0.500000019 0.293376221 0.814819228 -0.735460731 -0.640636282 -0.220641489 12.547386169 3.523903132 -51.110961914
0.000000000 0.500000000 0.666666667 0.500000000 0.500000000 0.000000000 0.000000000 0.442041274 -0.723126292 0.530742761 -0.499999828 0.292600290 0.815098302 -0.744714499 -0.625678381 -0.232221616 12.543675423 3.523640156 -51.112461090
0.000000000 0.500000000 0.666666667 0.500000000 0.500000000 0.000000000 0.000000000 0.425232260 -0.737396213 0.524808871 -0.500000003 0.291943693 0.815333599 -0.754438548 -0.609110585 -0.244554232 12.544865608 3.523539305 -51.110759735
0.000000000 0.500000000 0.666666667 0.500000000 0.500000000 0.000000000 0.000000000 0.406913652 -0.752202609 0.518278414 -0.499999982 0.291423409 0.815519721 -0.764474524 -0.590985305 -0.257517127 12.537673950 3.523195744 -51.114128113
0.000000000 0.500000000 0.666666667 0.500000000 0.500000000 0.000000000 0.000000000 0.387163041 -0.767352524 0.511150549 -0.500000003 0.291052137 0.815652286 -0.774664300 -0.571365695 -0.270991634 12.522073746 3.522610426 -51.122577667
0.000000000 0.500000000 0.666666667 0.500000000 0.500000000 0.000000000 0.000000000 0.366067970 -0.782658782 0.503427723 -0.499999819 0.290837634 0.815728908 -0.784853122 -0.550325996 -0.284862907 12.498043060 3.521784544 -51.136112213
0.000000000 0.500000000 0.666666667 0.500000000 0.500000000 0.000000000 0.000000000 0.343765673 -0.797963823 0.495054441 -0.499832531 0.290814844 0.815839548 -0.794979624 -0.527901945 -0.298876117 12.465560913 3.520721912 -51.154739380
0.000000000 0.500000000 0.666666667 0.500000000 0.500000000 0.000000000 0.000000000 0.320574003 -0.813219087 0.485702609 -0.498487942 0.291176104 0.816533066 -0.805445268 -0.503876168 -0.312036420 12.424626350 3.519447565 -51.178436279
0.000000000 0.500000000 0.666666667 0.500000000 0.500000000 0.000000000 0.000000000 0.296428578 -0.828157508 0.475694482 -0.496623440 0.291784767 0.817451411 -0.815778927 -0.478556989 -0.324789087 12.375197411 3.517944336 -51.207229614
0.000000000 0.500000000 0.666666667 0.500000000 0.500000000 0.000000000 0.000000000 0.271447976 -0.842627378 0.465075368 -0.494165686 0.292639895 0.818634331 -0.825903306 -0.452040920 -0.336961029 12.317261696 3.516210318 -51.241142273
0.000000000 0.500000000 0.666666667 0.500000000 0.500000000 0.000000000 0.000000000 0.245758366 -0.856488395 0.453905778 -0.491041259 0.293734493 0.820121046 -0.835751941 -0.424438073 -0.348383431 12.250799179 3.514246225 -51.280185699
0.000000000 0.500000000 0.666666667 0.500000000 0.500000000 0.000000000 0.000000000 0.219490079 -0.869614883 0.442260174 -0.487175917 0.295056313 0.821949754 -0.845271395 -0.395868322 -0.358893494 12.175795555 3.512050629 -51.324375153
0.000000000 0.500000000 0.666666667 0.500000000 0.500000000 0.000000000 0.000000000 0.192778572 -0.881896676 0.430226307 -0.482494604 0.296587389 0.824157071 -0.854421078 -0.366461695 -0.368334694 12.100975990 3.509889364 -51.368270874
0.000000000 0.500000000 0.666666667 0.500000000 0.500000000 0.000000000 0.000000000 0.165763560 -0.893240169 0.417904824 -0.476921675 0.298304771 0.826776862 -0.863173307 -0.336357345 -0.376557537 12.026332855 3.507761717 -51.411907196
0.000000000 0.500000000 0.666666667 0.500000000 0.500000000 0.000000000 0.000000000 0.138587630 -0.903569636 0.405407673 -0.470381197 0.300180693 0.829839190 -0.871513051 -0.305701593 -0.383420836 11.951852798 3.505662203 -51.455287933
0.000000000 0.500000000 0.666666667 0.500000000 0.500000000 0.000000000 0.000000000 0.111395849 -0.912827543 0.392857279 -0.462796248 0.302183767 0.833369428 -0.879437660 -0.274646770 -0.388791145 11.877529144 3.503587008 -51.498435974
0.000000000 0.500000000 0.666666667 0.500000000 0.500000000 0.000000000 0.000000000 0.084334569 -0.920975399 0.380384010 -0.454088897 0.304278897 0.837387381 -0.886956005 -0.243348859 -0.392543474 11.803358078 3.501533032 -51.541374207
0.000000000 0.500000000 0.666666667 0.500000000 0.500000000 0.000000000 0.000000000 0.057551478 -0.927993269 0.368125413 -0.444180475 0.306428567 0.841905719 -0.894086983 -0.211967040 -0.394561074 11.729337692 3.499494553 -51.584121704
0.000000000 0.500000000 0.666666667 0.500000000 0.500000000 0.000000000 0.000000000 0.031175290 -0.934008109 0.355888964 -0.433024891 0.308290790 0.847021979 -0.900842686 -0.180514936 -0.394837704 11.659935951 3.497565746 -51.623901367
0.000000000 0.500000000 0.666666667 0.500000000 0.500000000 0.000000000 0.000000000 0.005262249 -0.938842152 0.344307599 -0.420713915 0.310278403 0.852482911 -0.907178103 -0.149340975 -0.393351196 11.595135689 3.495800018 -51.660758972
0.000000000 0.500000000 0.666666667 0.500000000 0.500000000 0.000000000 0.000000000 -0.020147079 -0.942537669 0.333491885 -0.407376361 0.312353412 0.858184040 -0.913038113 -0.118566809 -0.390260574 11.534937859 3.494190693 -51.694705963
0.000000000 0.500000000 0.666666667 0.500000000 0.500000000 0.000000000 0.000000000 -0.045007252 -0.945148037 0.323526717 -0.393144879 0.314479465 0.864025330 -0.918374353 -0.088305466 -0.385733967 11.479350090 3.492733717 -51.725769043
0.000000000 0.500000000 0.666666667 0.500000000 0.500000000 0.000000000 0.000000000 -0.069269831 -0.946878003 0.314044166 -0.378155196 0.316229518 0.870056055 -0.923146975 -0.058488798 -0.379972002 11.428398132 3.491376877 -51.753921509
0.000000000 0.500000000 0.666666667 0.500000000 0.500000000 0.000000000 0.000000000 -0.092883059 -0.947733452 0.305244233 -0.362546405 0.317716198 0.876137273 -0.927325639 -0.029286890 -0.373107808 11.382084846 3.490132332 -51.779197693
0.000000000 0.500000000 0.666666667 0.500000000 0.500000000 0.000000000 0.000000000 -0.115793624 -0.947750805 0.297254518 -0.346460620 0.319010513 0.882154936 -0.930890367 -0.000839068 -0.365297715 11.341773033 3.489052057 -51.800762177
0.000000000 0.500000000 0.666666667 0.500000000 0.500000000 0.000000000 0.000000000 -0.137947123 -0.946997840 0.290113223 -0.330042761 0.320124153 0.888027197 -0.933832087 0.026751028 -0.356709988 11.307471275 3.488137722 -51.818626404
0.000000000 0.500000000 0.666666667 0.500000000 0.500000000 0.000000000 0.000000000 -0.159288569 -0.945546175 0.283847815 -0.313439739 0.321080375 0.893679429 -0.936153129 0.053383733 -0.347516180 11.279189110 3.487391949 -51.832805634
0.000000000 0.500000000 0.666666667 0.500000000 0.500000000 0.000000000 0.000000000 -0.179763249 -0.943470123 0.278476752 -0.296800249 0.321914503 0.899044306 -0.937867147 0.078963156 -0.337890565 11.256936073 3.486818790 -51.843318939
0.000000000 0.500000000 0.666666667 0.500000000 0.500000000 0.000000000 0.000000000 -0.199318075 -0.940846022 0.274009248 -0.280274227 0.322672537 0.904062383 -0.938998755 0.103398243 -0.328009361 11.240720749 3.486423969 -51.850158691
0.000000000 0.500000000 0.666666667 0.500000000 0.500000000 0.000000000 0.000000000 -0.217900953 -0.937751569 0.270446241 -0.264012527 0.323410033 0.908682198 -0.939583184 0.126601522 -0.318049515 11.230555534 3.486214638 -51.853351593
0.000000000 0.500000000 0.666666667 0.500000000 0.500000000 0.000000000 0.000000000 -0.235463925 -0.934264553 0.267780665 -0.248165949 0.324191288 0.912860159 -0.939665048 0.148491593 -0.308188003 11.226446152 3.486199379 -51.852909088
0.000000000 0.500000000 0.666666667 0.500000000 0.500000000 0.000000000 0.000000000 -0.251959773 -0.930462441 0.265999848 -0.232885526 0.325088405 0.916559796 -0.939297932 0.168988684 -0.298600436 11.214152336 3.485947132 -51.857707977
0.000000000 0.500000000 0.666666667 0.500000000 0.500000000 0.000000000 0.000000000 -0.267346704 -0.926421003 0.265084637 -0.218321999 0.326179563 0.919751269 -0.938542085 0.188018662 -0.289461116 11.193686485 3.485469341 -51.867767334
0.000000000 0.500000000 0.666666667 0.500000000 0.500000000 0.000000000 0.000000000 -0.281585045 -0.922214033 0.265011583 -0.204625439 0.327547520 0.922410457 -0.937463755 0.205508878 -0.280940935 11.165053368 3.484774113 -51.883094788
0.000000000 0.500000000 0.666666667 0.500000000 0.500000000 0.000000000 0.000000000 -0.294640490 -0.917911752 0.265753640 -0.191945450 0.329278687 0.924517437 -0.936132429 0.221390069 -0.273207818 11.128263474 3.483873844 -51.903694153
0.000000000 0.500000000 0.666666667 0.500000000 0.500000000 0.000000000 0.000000000 -0.306481865 -0.913580559 0.267281553 -0.180431448 0.331461093 0.926055094 -0.934619366 0.235593094 -0.266425477 11.083327293 3.482778788 -51.929584503
0.000000000 0.500000000 0.666666667 0.500000000 0.500000000 0.000000000 0.000000000 -0.317082503 -0.909281812 0.269564970 -0.170232218 0.334182857 0.927007449 -0.932995004 0.248049200 -0.260752596 11.030248642 3.481501341 -51.960769653
0.000000000 0.500000000 0.666666667 0.500000000 0.500000000 0.000000000 0.000000000 -0.326420196 -0.905071019 0.272573489 -0.161497260 0.337530443 0.927357447 -0.931326200 0.258688328 -0.256343243 10.969038010 3.480050087 -51.997249603
0.000000000 0.500000000 0.666666667 0.500000000 0.500000000 0.000000000 0.000000000 -0.334482626 -0.902077043 0.272724003 -0.154344620 0.337921678 0.928432376 -0.929676885 0.268451016 -0.252259669 10.899834633 3.477978468 -52.038921356
0.000000000 0.500000000 0.666666667 0.500000000 0.500000000 0.000000000 0.000000000 -0.341282694 -0.899516225 0.272757555 -0.148771032 0.338213981 0.929235429 -0.928112764 0.276553548 -0.249248536 10.822540283 3.475644350 -52.085868835
0.000000000 0.500000000 0.666666667 0.500000000 0.500000000 0.000000000 0.000000000 -0.346842358 -0.897422666 0.272640676 -0.144745311 0.338418245 0.929796691 -0.926687204 0.283029417 -0.247275505 10.737158775 3.473047495 -52.138095856
0.000000000 0.500000000 0.666666667 0.500000000 0.500000000 0.000000000 0.000000000 -0.351183724 -0.895821543 0.272348590 -0.142238659 0.338542575 0.930138210 -0.925439439 0.287910902 -0.246311097 10.643695831 3.470190287 -52.195598602
0.000000000 0.500000000 0.666666667 0.500000000 0.500000000 0.000000000 0.000000000 -0.354328122 -0.894729710 0.271864539 -0.141224562 0.338592225 0.930274652 -0.924395589 0.291228520 -0.246330559 10.545022011 3.467161179 -52.256584167
0.000000000 0.500000000 0.666666667 0.500000000 0.500000000 0.000000000 0.000000000 -0.356295879 -0.894155820 0.271180044 -0.141677077 0.338570079 0.930213904 -0.923569625 0.293011385 -0.247312506 10.441137314 3.463960409 -52.321048737
