0.000000000 0.500000000 0.666666667 0.500000000 0.500000000 0.000000000 0.000000000 0.606189956 0.779372900 0.158466464 0.190528206 -0.335754915 0.922479073 0.772161084 -0.529005218 -0.352023777 -6.064482212 2.017306089 -27.727457047
0.000000000 0.500000000 0.666666667 0.500000000 0.500000000 0.000000000 0.000000000 0.591153238 0.788357840 0.170381234 0.182178426 -0.336296598 0.923967326 0.785715515 -0.515166491 -0.342424613 -6.197006702 2.022355556 -27.956781387
0.000000000 0.500000000 0.666666667 0.500000000 0.500000000 0.000000000 0.000000000 0.578790510 0.795420785 0.179742374 0.175447597 -0.336714988 0.925116834 0.796379110 -0.503913477 -0.334442105 -6.325092792 2.027256966 -28.179046631
0.000000000 0.500000000 0.666666667 0.500000000 0.500000000 0.000000000 0.000000000 0.569235208 0.800639850 0.186941460 0.169946337 -0.337044889 0.926023210 0.804418747 -0.495354998 -0.327923627 -6.448752403 2.032005548 -28.394273758
0.000000000 0.500000000 0.666666667 0.500000000 0.500000000 0.000000000 0.000000000 0.562557840 0.804079547 0.192314218 0.165312371 -0.337314380 0.926763632 0.810062032 -0.489566228 -0.322683145 -6.567995548 2.036599159 -28.602470398
0.000000000 0.500000000 0.666666667 0.500000000 0.500000000 0.000000000 0.000000000 0.558780441 0.805784835 0.196151009 0.161206770 -0.337546734 0.927402059 0.813496648 -0.486593261 -0.318512483 -6.702006817 2.040825367 -28.791273117
0.000000000 0.500000000 0.666666667 0.500000000 0.500000000 0.000000000 0.000000000 0.557884112 0.805779762 0.198706549 0.157314524 -0.337761497 0.927992086 0.814872663 -0.486452615 -0.315192632 -6.833324909 2.044872046 -28.971942902
0.000000000 0.500000000 0.666666667 0.500000000 0.500000000 0.000000000 0.000000000 0.559818912 0.804063533 0.200211442 0.153337737 -0.337975333 0.928579675 0.814303582 -0.489136494 -0.312498266 -6.959443092 2.048763990 -29.146104813
0.000000000 0.500000000 0.666666667 0.500000000 0.500000000 0.000000000 0.000000000 0.564507701 0.800610926 0.200881059 0.148995633 -0.338202470 0.929203633 0.811869051 -0.494612206 -0.310205431 -7.080351353 2.052499294 -29.313747406
0.000000000 0.500000000 0.666666667 0.500000000 0.500000000 0.000000000 0.000000000 0.571853990 0.795369227 0.200924879 0.144017626 -0.338454615 0.929896444 0.807614969 -0.502828268 -0.308093810 -7.210270882 2.055703402 -29.463047028
0.000000000 0.500000000 0.666666667 0.500000000 0.500000000 0.000000000 0.000000000 0.581740065 0.788261335 0.200555640 0.138141863 -0.338741004 0.930683275 0.801558060 -0.513710619 -0.305951103 -7.339748383 2.058622360 -29.601835251
0.000000000 0.500000000 0.666666667 0.500000000 0.500000000 0.000000000 0.000000000 0.594031133 0.779185061 0.199994136 0.131113893 -0.339067567 0.931580556 0.793685177 -0.527165843 -0.303578678 -7.463139534 2.061403751 -29.734788895
0.000000000 0.500000000 0.666666667 0.500000000 0.500000000 0.000000000 0.000000000 0.608574852 0.768013927 0.199477463 0.122680806 -0.339436566 0.932594359 0.783955400 -0.543081418 -0.300793125 -7.580427170 2.064047575 -29.861890793
0.000000000 0.500000000 0.666666667 0.500000000 0.500000000 0.000000000 0.000000000 0.625197881 0.754600331 0.199263520 0.112590887 -0.339845366 0.933717527 0.772302338 -0.561322963 -0.297431723 -7.712167740 2.066330910 -29.984331131
0.000000000 0.500000000 0.666666667 0.500000000 0.500000000 0.000000000 0.000000000 0.643705751 0.738775600 0.199633464 0.100592404 -0.340285296 0.934926246 0.758633030 -0.581735791 -0.293358815 -7.857631683 2.068289995 -30.102861404
0.000000000 0.500000000 0.666666667 0.500000000 0.500000000 0.000000000 0.000000000 0.663876474 0.720353878 0.200893796 0.086434091 -0.340740150 0.936175891 0.742830516 -0.604141077 -0.288472502 -8.008715630 2.070328712 -30.226312637
0.000000000 0.500000000 0.666666667 0.500000000 0.500000000 0.000000000 0.000000000 0.685456944 0.699132414 0.203378086 0.069861687 -0.341184464 0.937396664 0.724753836 -0.628336717 -0.282709830 -8.167267799 2.072280884 -30.351888657
0.000000000 0.500000000 0.666666667 0.500000000 0.500000000 0.000000000 0.000000000 0.708157110 0.674893693 0.207441584 0.050624217 -0.341581614 0.938487714 0.704237671 -0.654095179 -0.276059413 -8.347002029 2.072913885 -30.459129333
0.000000000 0.500000000 0.666666667 0.500000000 0.500000000 0.000000000 0.000000000 0.731641874 0.647406837 0.213458559 0.028473342 -0.341881462 0.939311628 0.681094294 -0.681161841 -0.268568630 -8.532902718 2.073583365 -30.570272446
0.000000000 0.500000000 0.666666667 0.500000000 0.500000000 0.000000000 0.000000000 0.755502013 0.618981322 0.214659804 0.003283134 -0.331224631 0.943546218 0.655138100 -0.712146309 -0.252273074 -8.730849266 2.074690580 -30.674055099
0.000000000 0.500000000 0.666666667 0.500000000 0.500000000 0.000000000 0.000000000 0.779204192 0.587547268 0.218240773 -0.024607434 -0.319252925 0.947350012 0.626286916 -0.743549446 -0.234305187 -8.943232536 2.074575663 -30.764526367
0.000000000 0.500000000 0.666666667 0.500000000 0.500000000 0.000000000 0.000000000 0.802201064 0.553369086 0.224178740 -0.054728443 -0.305741221 0.950540427 0.594540369 -0.774793496 -0.214980904 -9.164652824 2.074050188 -30.853771210
0.000000000 0.500000000 0.666666667 0.500000000 0.500000000 0.000000000 0.000000000 0.823974571 0.516766708 0.232417892 -0.086594232 -0.290517271 0.952943416 0.559970843 -0.805327191 -0.194629828 -9.400791168 2.071054697 -30.925027847
0.000000000 0.500000000 0.666666667 0.500000000 0.500000000 0.000000000 0.000000000 0.844051098 0.478116202 0.242863421 -0.119709369 -0.273466633 0.954403305 0.522730725 -0.834638184 -0.173584823 -9.645864487 2.067094564 -30.994293213
0.000000000 0.500000000 0.666666667 0.500000000 0.500000000 0.000000000 0.000000000 0.862016930 0.437844656 0.255379853 -0.153575434 -0.254541050 0.954789736 0.483054239 -0.862264989 -0.152176512 -9.901869774 2.060163021 -31.053396225
0.000000000 0.500000000 0.666666667 0.500000000 0.500000000 0.000000000 0.000000000 0.877530680 0.396423393 0.269793253 -0.187701547 -0.233764651 0.954003258 0.441257334 -0.887807739 -0.130726369 -10.166120529 2.050255776 -31.113101959
0.000000000 0.500000000 0.666666667 0.500000000 0.500000000 0.000000000 0.000000000 0.890335729 0.354358397 0.285888817 -0.221612800 -0.211230188 0.951981919 0.397731135 -0.910940138 -0.109535427 -10.438666344 2.037566423 -31.173423767
0.000000000 0.500000000 0.666666667 0.500000000 0.500000000 0.000000000 0.000000000 0.900268082 0.312176996 0.303418694 -0.254862782 -0.187103410 0.948702944 0.352933908 -0.931417112 -0.088880931 -10.719552994 2.019990683 -31.233602524
0.000000000 0.500000000 0.666666667 0.500000000 0.500000000 0.000000000 0.000000000 0.907261536 0.270416699 0.322104508 -0.287043576 -0.161613372 0.944185948 0.307380043 -0.949081623 -0.069004220 -10.997370720 1.999134779 -31.291500092
0.000000000 0.500000000 0.666666667 0.500000000 0.500000000 0.000000000 0.000000000 0.911349385 0.229611259 0.341644506 -0.317794277 -0.135050752 0.938492457 0.261627782 -0.963867192 -0.050109276 -11.284879684 1.973818064 -31.349506378
0.000000000 0.500000000 0.666666667 0.500000000 0.500000000 0.000000000 0.000000000 0.912661980 0.190278317 0.361721264 -0.346810876 -0.107755547 0.931724722 0.216264485 -0.975798598 -0.032353801 -11.566606522 1.945112586 -31.404352188
0.000000000 0.500000000 0.666666667 0.500000000 0.500000000 0.000000000 0.000000000 0.911421533 0.152908236 0.382007671 -0.373849311 -0.080111087 0.924023217 0.171893810 -0.984987962 -0.015850331 -11.842595100 1.913096309 -31.455848694
0.000000000 0.500000000 0.666666667 0.500000000 0.500000000 0.000000000 0.000000000 0.907932490 0.117955944 0.402175321 -0.398730514 -0.052530022 0.915562436 0.129122310 -0.991628455 -0.000661079 -12.112929344 1.878078580 -31.503715515
0.000000000 0.500000000 0.666666667 0.500000000 0.500000000 0.000000000 0.000000000 0.902570268 0.085832423 0.421900115 -0.421338767 -0.025446418 0.906546261 0.088546909 -0.995984576 0.013197347 -12.377926826 1.840710998 -31.546546936
0.000000000 0.500000000 0.666666667 0.500000000 0.500000000 0.000000000 0.000000000 0.895766569 0.056904598 0.440867463 -0.441618434 0.000695075 0.897202695 0.050748523 -0.998379379 0.025752745 -12.548964500 1.811121464 -31.492361069
0.000000000 0.500000000 0.666666667 0.500000000 0.500000000 0.000000000 0.000000000 0.887993414 0.031492304 0.458776559 -0.459567813 0.025449517 0.887777983 0.016282532 -0.999179942 0.037071853 -12.351518631 1.834110618 -31.316087723
0.000000000 0.500000000 0.666666667 0.500000000 0.500000000 0.000000000 0.000000000 0.879745438 0.009873860 0.475342477 -0.475229258 0.048378516 0.878530973 -0.014321872 -0.998780269 0.047253126 -12.151469231 1.858605623 -31.152257919
0.000000000 0.500000000 0.666666667 0.500000000 0.500000000 0.000000000 0.000000000 0.871521646 -0.007708002 0.490296448 -0.488676487 0.069057360 0.869727758 -0.040562441 -0.997582913 0.056418265 -11.956233025 1.882534742 -30.992509842
0.000000000 0.500000000 0.666666667 0.500000000 0.500000000 0.000000000 0.000000000 0.863806177 -0.021036382 0.503384901 -0.499999788 0.087080010 0.861636399 -0.061960475 -0.995979188 0.064702064 -11.766013145 1.905718327 -30.836679459
0.000000000 0.500000000 0.666666667 0.500000000 0.500000000 0.000000000 0.000000000 0.862440771 -0.031143416 0.505198974 -0.499999817 0.102801097 0.859902389 -0.078715306 -0.994214274 0.073088155 -11.580734253 1.928156376 -30.684722900
0.000000000 0.500000000 0.666666667 0.500000000 0.500000000 0.000000000 0.000000000 0.861256379 -0.037421065 0.506790995 -0.500000071 0.115714365 0.858259934 -0.090759999 -0.992577377 0.080949200 -11.399564743 1.948957801 -30.537670135
0.000000000 0.500000000 0.666666667 0.500000000 0.500000000 0.000000000 0.000000000 0.860400865 -0.040316516 0.508020601 -0.499999881 0.125975139 0.856814089 -0.098541724 -0.991213823 0.088230865 -11.213937759 1.969007254 -30.388595581
0.000000000 0.500000000 0.666666667 0.500000000 0.500000000 0.000000000 0.000000000 0.859932851 -0.040288873 0.508814602 -0.500000097 0.133785995 0.855629131 -0.102544601 -0.990190948 0.094902532 -11.023674011 1.988218665 -30.237644196
0.000000000 0.500000000 0.666666667 0.500000000 0.500000000 0.000000000 0.000000000 0.859844893 -0.037803520 0.509153861 -0.499999839 0.139385772 0.854734911 -0.103280792 -0.989516296 0.100948391 -10.828439713 2.006310463 -30.085174561
0.000000000 0.500000000 0.666666667 0.500000000 0.500000000 0.000000000 0.000000000 0.860082263 -0.033329154 0.509065486 -0.499999995 0.143040195 0.854130849 -0.101284285 -0.989155534 0.106361758 -10.628873825 2.023912668 -29.930379868
0.000000000 0.500000000 0.666666667 0.500000000 0.500000000 0.000000000 0.000000000 0.860563862 -0.027337781 0.508608381 -0.500000088 0.145035094 0.853794315 -0.097106906 -0.989048769 0.111143068 -10.424750328 2.040892363 -29.773448944
0.000000000 0.500000000 0.666666667 0.500000000 0.500000000 0.000000000 0.000000000 0.861197790 -0.020304767 0.507864237 -0.499999988 0.145670472 0.853686199 -0.091314723 -0.989124780 0.115298705 -10.214950562 2.056210041 -29.615682602
0.000000000 0.500000000 0.666666667 0.500000000 0.500000000 0.000000000 0.000000000 0.861894687 -0.012709557 0.506928019 -0.499999850 0.145255398 0.853757002 -0.084484905 -0.989312558 0.118840079 -9.998854637 2.069274902 -29.457885742
0.000000000 0.500000000 0.666666667 0.500000000 0.500000000 0.000000000 0.000000000 0.862577397 -0.005035409 0.505900068 -0.500000100 0.144103378 0.853952058 -0.077201906 -0.989549828 0.121782612 -9.775919914 2.079760075 -29.300819397
0.000000000 0.500000000 0.666666667 0.500000000 0.500000000 0.000000000 0.000000000 0.863187400 0.002230921 0.504878734 -0.499999979 0.142528243 0.854216437 -0.070053790 -0.989788221 0.124144044 -9.545455933 2.087257147 -29.145568848
0.000000000 0.500000000 0.666666667 0.500000000 0.500000000 0.000000000 0.000000000 0.863684791 0.008600824 0.503958935 -0.500000026 0.140840129 0.854496362 -0.063628269 -0.989994992 0.125941890 -9.306919098 2.091593504 -28.993148804
0.000000000 0.500000000 0.666666667 0.500000000 0.500000000 0.000000000 0.000000000 0.864046802 0.013585233 0.503228144 -0.499999801 0.139342429 0.854742000 -0.058509163 -0.990151064 0.127190994 -9.060058594 2.092947721 -28.844249725
0.000000000 0.500000000 0.666666667 0.500000000 0.500000000 0.000000000 0.000000000 0.864259791 0.016696653 0.502768570 -0.499999853 0.138329220 0.854906529 -0.055273506 -0.990245550 0.127900707 -8.804953575 2.091886520 -28.699020386
0.000000000 0.500000000 0.666666667 0.500000000 0.500000000 0.000000000 0.000000000 0.864309529 0.017450584 0.502657453 -0.499999952 0.138083364 0.854946217 -0.054489321 -0.990266864 0.128072058 -8.541982651 2.089280129 -28.557043076
0.000000000 0.500000000 0.666666667 0.500000000 0.500000000 0.000000000 0.000000000 0.864166358 0.015367153 0.502971526 -0.499999970 0.138875893 0.854817826 -0.056714504 -0.990190556 0.127695451 -8.281638145 2.086313486 -28.422386169
0.000000000 0.500000000 0.666666667 0.500000000 0.500000000 0.000000000 0.000000000 0.863767455 0.009973248 0.503791940 -0.500000097 0.140965716 0.854475611 -0.062495494 -0.989964242 0.126748223 -8.024894714 2.083842754 -28.293148041
0.000000000 0.500000000 0.666666667 0.500000000 0.500000000 0.000000000 0.000000000 0.862996621 0.000804792 0.505209051 -0.500000018 0.144599588 0.853868222 -0.072365835 -0.989489925 0.125191352 -7.772067547 2.081828594 -28.168634415
0.000000000 0.500000000 0.666666667 0.500000000 0.500000000 0.000000000 0.000000000 0.861660205 -0.012588630 0.507329496 -0.499999991 0.150012352 0.852933938 -0.086842961 -0.988603976 0.122965359 -7.523381233 2.080246925 -28.048299789
0.000000000 0.500000000 0.666666667 0.500000000 0.500000000 0.000000000 0.000000000 0.859461762 -0.030636153 0.510281202 -0.500000028 0.157425857 0.851596778 -0.106421104 -0.987055483 0.119983427 -7.279055119 2.079070330 -27.931575775
0.000000000 0.500000000 0.666666667 0.500000000 0.500000000 0.000000000 0.000000000 0.858960973 -0.054557785 0.509126207 -0.494784472 0.167521485 0.852716177 -0.131811884 -0.984357659 0.116900073 -7.039086819 2.078353167 -27.818098068
0.000000000 0.500000000 0.666666667 0.500000000 0.500000000 0.000000000 0.000000000 0.856988770 -0.083079109 0.508594249 -0.489137621 0.179528847 0.853530188 -0.162217867 -0.980238366 0.113217088 -6.804601669 2.077287912 -27.705883026
0.000000000 0.500000000 0.666666667 0.500000000 0.500000000 0.000000000 0.000000000 0.853246093 -0.115579022 0.508539668 -0.482908716 0.193068832 0.854121536 -0.196901692 -0.974354102 0.108921109 -6.578207970 2.073838949 -27.589860916
0.000000000 0.500000000 0.666666667 0.500000000 0.500000000 0.000000000 0.000000000 0.847457308 -0.151410650 0.508813252 -0.475965871 0.207757890 0.854571910 -0.235101256 -0.966390953 0.103999640 -6.365498066 2.064434767 -27.461524963
0.000000000 0.500000000 0.666666667 0.500000000 0.500000000 0.000000000 0.000000000 0.839397585 -0.189904958 0.509262016 -0.468206275 0.223209432 0.854962241 -0.276033653 -0.956092912 0.098446765 -6.171418190 2.047358275 -27.317749023
0.000000000 0.500000000 0.666666667 0.500000000 0.500000000 0.000000000 0.000000000 0.828913365 -0.230377916 0.509733900 -0.459568457 0.239036722 0.855370258 -0.318903538 -0.943285461 0.092266310 -6.007717133 2.018716574 -27.151855469
0.000000000 0.500000000 0.666666667 0.500000000 0.500000000 0.000000000 0.000000000 0.815940599 -0.272140755 0.510078767 -0.450037863 0.254857203 0.855870158 -0.362914399 -0.927893968 0.085474695 -5.887057781 1.976166964 -26.961805344
0.000000000 0.500000000 0.666666667 0.500000000 0.500000000 0.000000000 0.000000000 0.800516333 -0.314512946 0.510152141 -0.439652040 0.270298381 0.856530717 -0.407283297 -0.909956258 0.078102010 -5.805749416 1.924793005 -26.760189056
0.000000000 0.500000000 0.666666667 0.500000000 0.500000000 0.000000000 0.000000000 0.782786182 -0.356835424 0.509817883 -0.428502153 0.285003736 0.857414005 -0.451255692 -0.889629895 0.070192239 -5.752177715 1.869839430 -26.556877136
0.000000000 0.500000000 0.666666667 0.500000000 0.500000000 0.000000000 0.000000000 0.763006582 -0.398485428 0.508950213 -0.416730831 0.298639025 0.858574486 -0.494121817 -0.867193229 0.061802378 -5.712543964 1.815370440 -26.356689453
0.000000000 0.500000000 0.666666667 0.500000000 0.500000000 0.000000000 0.000000000 0.741540604 -0.438890540 0.507437313 -0.404529466 0.310897818 0.860057241 -0.535232141 -0.843040711 0.052999200 -5.673032284 1.763903141 -26.161769867
0.000000000 0.500000000 0.666666667 0.500000000 0.500000000 0.000000000 0.000000000 0.718850807 -0.481550389 0.501360889 -0.392130708 0.314627545 0.864432193 -0.574009604 -0.817996779 0.037339569 -5.632731914 1.714522004 -25.972347260
0.000000000 0.500000000 0.666666667 0.500000000 0.500000000 0.000000000 0.000000000 0.695487148 -0.521939554 0.493838767 -0.379800909 0.316391879 0.869279845 -0.609958110 -0.792133373 0.021813369 -5.592102051 1.668164611 -25.788446426
0.000000000 0.500000000 0.666666667 0.500000000 0.500000000 0.000000000 0.000000000 0.672074640 -0.558511441 0.486189930 -0.367830054 0.318042085 0.873813643 -0.642663777 -0.766103258 0.008310726 -5.550783634 1.625649333 -25.610160828
0.000000000 0.500000000 0.666666667 0.500000000 0.500000000 0.000000000 0.000000000 0.649294057 -0.590941066 0.478754513 -0.356520867 0.319545023 0.877942965 -0.671796174 -0.740729124 -0.003204136 -5.510153770 1.585607886 -25.437686920
0.000000000 0.500000000 0.666666667 0.500000000 0.500000000 0.000000000 0.000000000 0.627868078 -0.618989655 0.471840527 -0.346176789 0.320872739 0.881590787 -0.697096340 -0.716862952 -0.012814101 -5.469290733 1.549033761 -25.271120071
0.000000000 0.500000000 0.666666667 0.500000000 0.500000000 0.000000000 0.000000000 0.608539108 -0.642487161 0.465714936 -0.337090948 0.322002344 0.884694401 -0.718366095 -0.695359432 -0.020625587 -5.429127216 1.514988422 -25.110622406
0.000000000 0.500000000 0.666666667 0.500000000 0.500000000 0.000000000 0.000000000 0.592057348 -0.661298548 0.460599963 -0.329533280 0.322916244 0.887205115 -0.735442665 -0.677059325 -0.026734945 -5.389504433 1.483660221 -24.956306458
0.000000000 0.500000000 0.666666667 0.500000000 0.500000000 0.000000000 0.000000000 0.579160591 -0.675294167 0.456673623 -0.323738567 0.323601124 0.889086977 -0.748175348 -0.662767003 -0.031201747 -5.351187706 1.454414964 -24.808254242
0.000000000 0.500000000 0.666666667 0.500000000 0.500000000 0.000000000 0.000000000 0.570557463 -0.684311953 0.454071946 -0.319892681 0.324048216 0.890315352 -0.756394641 -0.653230361 -0.034018258 -5.314015865 1.427487135 -24.666547775
0.000000000 0.500000000 0.666666667 0.500000000 0.500000000 0.000000000 0.000000000 0.566766406 -0.694423250 0.443342069 -0.318069596 0.311969994 0.895268929 -0.760004982 -0.648421986 -0.044060811 -5.278043270 1.400363445 -24.531196594
0.000000000 0.500000000 0.666666667 0.500000000 0.500000000 0.000000000 0.000000000 0.567657362 -0.700928562 0.431815089 -0.318077984 0.297055219 0.900324715 -0.759336234 -0.648426825 -0.054324361 -5.243234634 1.375365615 -24.402153015
