0.000000000 0.384615385 0.666666667 0.384615385 0.500000000 0.000000000 0.000000000 -0.801774972 0.000000000 0.597626048 1.871743083 -0.597626048 0.000000000 -0.801774972 1.084432364 0.000000000 1.000000000 0.000000000 19.902490616
0.000000000 0.384615385 0.666666667 0.384615385 0.500000000 0.000000000 0.000000000 -0.801231066 0.000000000 0.598355061 1.996030211 -0.598355061 0.000000000 -0.801231066 1.083016992 0.000000000 1.000000000 0.000000000 19.996263504
0.000000000 0.384615385 0.666666667 0.384615385 0.500000000 0.000000000 0.000000000 -0.800522080 0.000000000 0.599303262 2.116503954 -0.599303262 0.000000000 -0.800522080 1.082195997 0.000000000 1.000000000 0.000000000 20.088989258
0.000000000 0.384615385 0.666666667 0.384615385 0.500000000 0.000000000 0.000000000 -0.800001695 0.000000000 0.599997740 2.239262581 -0.599997740 0.000000000 -0.800001695 1.084182262 0.000000000 1.000000000 0.000000000 20.179037094
0.000000000 0.384615385 0.666666667 0.384615385 0.500000000 0.000000000 0.000000000 -0.799321040 0.000000000 0.600904215 2.347065449 -0.600904215 0.000000000 -0.799321040 1.083262444 0.000000000 1.000000000 0.000000000 20.261133194
0.000000000 0.384615385 0.666666667 0.384615385 0.500000000 0.000000000 0.000000000 -0.798835699 0.000000000 0.601549271 2.453691244 -0.601549271 0.000000000 -0.798835699 1.083549500 0.000000000 1.000000000 0.000000000 20.343055725
0.000000000 0.384615385 0.666666667 0.384615385 0.500000000 0.000000000 0.000000000 -0.798351090 0.000000000 0.602192276 2.561582088 -0.602192276 0.000000000 -0.798351090 1.083627939 0.000000000 1.000000000 0.000000000 20.422191620
0.000000000 0.384615385 0.666666667 0.384615385 0.500000000 0.000000000 0.000000000 -0.797868148 0.000000000 0.602831999 2.645507812 -0.602831999 0.000000000 -0.797868148 1.083187580 0.000000000 1.000000000 0.000000000 20.485820770
0.000000000 0.384615385 0.666666667 0.384615385 0.500000000 0.000000000 0.000000000 -0.797552055 0.000000000 0.603250130 2.730419874 -0.603250130 0.000000000 -0.797552055 1.083445907 0.000000000 1.000000000 0.000000000 20.549110413
0.000000000 0.384615385 0.666666667 0.384615385 0.500000000 0.000000000 0.000000000 -0.797227922 0.000000000 0.603678424 2.813183546 -0.603678424 0.000000000 -0.797227922 1.084308147 0.000000000 1.000000000 0.000000000 20.612157822
0.000000000 0.384615385 0.666666667 0.384615385 0.500000000 0.000000000 0.000000000 -0.796752262 0.000000000 0.604306076 2.896967649 -0.604306076 0.000000000 -0.796752262 1.084258080 0.000000000 1.000000000 0.000000000 20.674629211
0.000000000 0.384615385 0.666666667 0.384615385 0.500000000 0.000000000 0.000000000 -0.796441166 0.000000000 0.604716023 2.977148294 -0.604716023 0.000000000 -0.796441166 1.085278273 0.000000000 1.000000000 0.000000000 20.737367630
0.000000000 0.384615385 0.666666667 0.384615385 0.500000000 0.000000000 0.000000000 -0.796123892 0.000000000 0.605133662 3.055581093 -0.605133662 0.000000000 -0.796123892 1.083993793 0.000000000 1.000000000 0.000000000 20.794755936
0.000000000 0.384615385 0.666666667 0.384615385 0.500000000 0.000000000 0.000000000 -0.795664846 0.000000000 0.605737115 3.123330116 -0.605737115 0.000000000 -0.795664846 1.084689021 0.000000000 1.000000000 0.000000000 20.847860336
0.000000000 0.384615385 0.666666667 0.384615385 0.500000000 0.000000000 0.000000000 -0.795373210 0.000000000 0.606120002 3.193369150 -0.606120002 0.000000000 -0.795373210 1.084713817 0.000000000 1.000000000 0.000000000 20.902046204
0.000000000 0.384615385 0.666666667 0.384615385 0.500000000 0.000000000 0.000000000 -0.795081907 0.000000000 0.606502070 3.261786938 -0.606502070 0.000000000 -0.795081907 1.084334970 0.000000000 1.000000000 0.000000000 20.953203201
0.000000000 0.384615385 0.666666667 0.384615385 0.500000000 0.000000000 0.000000000 -0.794791423 0.000000000 0.606882686 3.331704140 -0.606882686 0.000000000 -0.794791423 1.084098935 0.000000000 1.000000000 0.000000000 21.006395340
0.000000000 0.384615385 0.666666667 0.384615385 0.500000000 0.000000000 0.000000000 -0.794640659 0.000000000 0.607080080 3.393808603 -0.607080080 0.000000000 -0.794640659 1.083901644 0.000000000 1.000000000 0.000000000 21.053857803
0.000000000 0.384615385 0.666666667 0.384615385 0.500000000 0.000000000 0.000000000 -0.794333414 0.000000000 0.607482039 3.457695246 -0.607482039 0.000000000 -0.794333414 1.082449913 0.000000000 1.000000000 0.000000000 21.102489471
0.000000000 0.384615385 0.666666667 0.384615385 0.500000000 0.000000000 0.000000000 -0.794034001 0.000000000 0.607873346 3.519399405 -0.607873346 0.000000000 -0.794034001 1.082406163 0.000000000 1.000000000 0.000000000 21.150770187
0.000000000 0.384615385 0.666666667 0.384615385 0.500000000 0.000000000 0.000000000 -0.793740654 0.000000000 0.608256339 3.583032131 -0.608256339 0.000000000 -0.793740654 1.082752824 0.000000000 1.000000000 0.000000000 21.198568344
0.000000000 0.384615385 0.666666667 0.384615385 0.500000000 0.000000000 0.000000000 -0.793452996 0.000000000 0.608631533 3.646108389 -0.608631533 0.000000000 -0.793452996 1.082606673 0.000000000 1.000000000 0.000000000 21.248382568
0.000000000 0.384615385 0.666666667 0.384615385 0.500000000 0.000000000 0.000000000 -0.793305692 0.000000000 0.608823521 3.709389448 -0.608823521 0.000000000 -0.793305692 1.081116557 0.000000000 1.000000000 0.000000000 21.297899246
0.000000000 0.384615385 0.666666667 0.384615385 0.500000000 0.000000000 0.000000000 -0.793005488 0.000000000 0.609214492 3.773207903 -0.609214492 0.000000000 -0.793005488 1.083321214 0.000000000 1.000000000 0.000000000 21.344150543
0.000000000 0.384615385 0.666666667 0.384615385 0.500000000 0.000000000 0.000000000 -0.792712110 0.000000000 0.609596187 3.834682465 -0.609596187 0.000000000 -0.792712110 1.081496835 0.000000000 1.000000000 0.000000000 21.392225266
0.000000000 0.384615385 0.666666667 0.384615385 0.500000000 0.000000000 0.000000000 -0.792424825 0.000000000 0.609969587 3.898964643 -0.609969587 0.000000000 -0.792424825 1.082673669 0.000000000 1.000000000 0.000000000 21.441268921
0.000000000 0.384615385 0.666666667 0.384615385 0.500000000 0.000000000 0.000000000 -0.792142310 0.000000000 0.610336433 3.961498976 -0.610336433 0.000000000 -0.792142310 1.081802011 0.000000000 1.000000000 0.000000000 21.490926743
0.000000000 0.384615385 0.666666667 0.384615385 0.500000000 0.000000000 0.000000000 -0.791997814 0.000000000 0.610523924 4.024482250 -0.610523924 0.000000000 -0.791997814 1.083288550 0.000000000 1.000000000 0.000000000 21.537841797
0.000000000 0.384615385 0.666666667 0.384615385 0.500000000 0.000000000 0.000000000 -0.791702535 0.000000000 0.610906782 4.087123871 -0.610906782 0.000000000 -0.791702535 1.083032846 0.000000000 1.000000000 0.000000000 21.586717606
0.000000000 0.384615385 0.666666667 0.384615385 0.500000000 0.000000000 0.000000000 -0.791413881 0.000000000 0.611280679 4.149887562 -0.611280679 0.000000000 -0.791413881 1.083272576 0.000000000 1.000000000 0.000000000 21.634412766
0.000000000 0.384615385 0.666666667 0.384615385 0.500000000 0.000000000 0.000000000 -0.791130561 0.000000000 0.611647313 4.212104321 -0.611647313 0.000000000 -0.791130561 1.083751678 0.000000000 1.000000000 0.000000000 21.683807373
0.000000000 0.384615385 0.666666667 0.384615385 0.500000000 0.000000000 0.000000000 -0.790985657 0.000000000 0.611834692 4.276992321 -0.611834692 0.000000000 -0.790985657 1.083008409 0.000000000 1.000000000 0.000000000 21.732992172
0.000000000 0.384615385 0.666666667 0.384615385 0.500000000 0.000000000 0.000000000 -0.790689840 0.000000000 0.612216936 4.338764668 -0.612216936 0.000000000 -0.790689840 1.083521962 0.000000000 1.000000000 0.000000000 21.781415939
0.000000000 0.384615385 0.666666667 0.384615385 0.500000000 0.000000000 0.000000000 -0.790401055 0.000000000 0.612589725 4.401923656 -0.612589725 0.000000000 -0.790401055 1.083476543 0.000000000 1.000000000 0.000000000 21.829872131
0.000000000 0.384615385 0.666666667 0.384615385 0.500000000 0.000000000 0.000000000 -0.790117618 0.000000000 0.612955259 4.463759899 -0.612955259 0.000000000 -0.790117618 1.083651304 0.000000000 1.000000000 0.000000000 21.879276276
0.000000000 0.384615385 0.666666667 0.384615385 0.500000000 0.000000000 0.000000000 -0.789838882 0.000000000 0.613314389 4.527553558 -0.613314389 0.000000000 -0.789838882 1.082831740 0.000000000 1.000000000 0.000000000 21.927812576
0.000000000 0.384615385 0.666666667 0.384615385 0.500000000 0.000000000 0.000000000 -0.789696003 0.000000000 0.613498348 4.581879616 -0.613498348 0.000000000 -0.789696003 1.082781315 0.000000000 1.000000000 0.000000000 21.970058441
0.000000000 0.384615385 0.666666667 0.384615385 0.500000000 0.000000000 0.000000000 -0.789409067 0.000000000 0.613867514 4.635610104 -0.613867514 0.000000000 -0.789409067 1.082952261 0.000000000 1.000000000 0.000000000 22.012865067
0.000000000 0.384615385 0.666666667 0.384615385 0.500000000 0.000000000 0.000000000 -0.789132339 0.000000000 0.614223210 4.689917088 -0.614223210 0.000000000 -0.789132339 1.083193302 0.000000000 1.000000000 0.000000000 22.054960251
0.000000000 0.384615385 0.666666667 0.384615385 0.500000000 0.000000000 0.000000000 -0.788993144 0.000000000 0.614402001 4.730039120 -0.614402001 0.000000000 -0.788993144 1.083225846 0.000000000 1.000000000 0.000000000 22.085458755
0.000000000 0.384615385 0.666666667 0.384615385 0.500000000 0.000000000 0.000000000 -0.788852009 0.000000000 0.614583199 4.770014763 -0.614583199 0.000000000 -0.788852009 1.082890272 0.000000000 1.000000000 0.000000000 22.116317749
0.000000000 0.384615385 0.666666667 0.384615385 0.500000000 0.000000000 0.000000000 -0.788709390 0.000000000 0.614766215 4.808608055 -0.614766215 0.000000000 -0.788709390 1.083585024 0.000000000 1.000000000 0.000000000 22.146196365
0.000000000 0.384615385 0.666666667 0.384615385 0.500000000 0.000000000 0.000000000 -0.788565416 0.000000000 0.614950879 4.847978592 -0.614950879 0.000000000 -0.788565416 1.082390428 0.000000000 1.000000000 0.000000000 22.178192139
0.000000000 0.384615385 0.666666667 0.384615385 0.500000000 0.000000000 0.000000000 -0.788285705 0.000000000 0.615309392 4.887290001 -0.615309392 0.000000000 -0.788285705 1.083135009 0.000000000 1.000000000 0.000000000 22.208211899
0.000000000 0.384615385 0.666666667 0.384615385 0.500000000 0.000000000 0.000000000 -0.788149579 0.000000000 0.615483746 4.927026272 -0.615483746 0.000000000 -0.788149579 1.082868218 0.000000000 1.000000000 0.000000000 22.238573074
0.000000000 0.384615385 0.666666667 0.384615385 0.500000000 0.000000000 0.000000000 -0.788011214 0.000000000 0.615660886 4.965898514 -0.615660886 0.000000000 -0.788011214 1.083042860 0.000000000 1.000000000 0.000000000 22.270111084
0.000000000 0.384615385 0.666666667 0.384615385 0.500000000 0.000000000 0.000000000 -0.787871397 0.000000000 0.615839802 5.006445408 -0.615839802 0.000000000 -0.787871397 1.082262397 0.000000000 1.000000000 0.000000000 22.301473618
0.000000000 0.384615385 0.666666667 0.384615385 0.500000000 0.000000000 0.000000000 -0.787729864 0.000000000 0.616020828 5.044736385 -0.616020828 0.000000000 -0.787729864 1.082771540 0.000000000 1.000000000 0.000000000 22.331396103
0.000000000 0.384615385 0.666666667 0.384615385 0.500000000 0.000000000 0.000000000 -0.787586353 0.000000000 0.616204298 5.084414005 -0.616204298 0.000000000 -0.787586353 1.082407832 0.000000000 1.000000000 0.000000000 22.362518311
0.000000000 0.384615385 0.666666667 0.384615385 0.500000000 0.000000000 0.000000000 -0.787441614 0.000000000 0.616389247 5.123954773 -0.616389247 0.000000000 -0.787441614 1.083333731 0.000000000 1.000000000 0.000000000 22.393934250
0.000000000 0.384615385 0.666666667 0.384615385 0.500000000 0.000000000 0.000000000 -0.787295385 0.000000000 0.616576010 5.180498123 -0.616576010 0.000000000 -0.787295385 1.082353354 0.000000000 1.000000000 0.000000000 22.437118530
0.000000000 0.384615385 0.666666667 0.384615385 0.500000000 0.000000000 0.000000000 -0.787000690 0.000000000 0.616952117 5.235522270 -0.616952117 0.000000000 -0.787000690 1.082523823 0.000000000 1.000000000 0.000000000 22.480112076
0.000000000 0.384615385 0.666666667 0.384615385 0.500000000 0.000000000 0.000000000 -0.786715227 0.000000000 0.617316087 5.291635513 -0.617316087 0.000000000 -0.786715227 1.084004164 0.000000000 1.000000000 0.000000000 22.524013519
0.000000000 0.384615385 0.666666667 0.384615385 0.500000000 0.000000000 0.000000000 -0.786570984 0.000000000 0.617499868 5.346860409 -0.617499868 0.000000000 -0.786570984 1.083880544 0.000000000 1.000000000 0.000000000 22.567617416
0.000000000 0.384615385 0.666666667 0.384615385 0.500000000 0.000000000 0.000000000 -0.786279732 0.000000000 0.617870685 5.386450291 -0.617870685 0.000000000 -0.786279732 1.083112478 0.000000000 1.000000000 0.000000000 22.598241806
0.000000000 0.384615385 0.666666667 0.384615385 0.500000000 0.000000000 0.000000000 -0.786137995 0.000000000 0.618051011 5.425087929 -0.618051011 0.000000000 -0.786137995 1.082019925 0.000000000 1.000000000 0.000000000 22.630136490
0.000000000 0.384615385 0.666666667 0.384615385 0.500000000 0.000000000 0.000000000 -0.785994305 0.000000000 0.618233736 5.464462757 -0.618233736 0.000000000 -0.785994305 1.082631826 0.000000000 1.000000000 0.000000000 22.660839081
0.000000000 0.384615385 0.666666667 0.384615385 0.500000000 0.000000000 0.000000000 -0.785848626 0.000000000 0.618418901 5.503793716 -0.618418901 0.000000000 -0.785848626 1.082798719 0.000000000 1.000000000 0.000000000 22.692314148
0.000000000 0.384615385 0.666666667 0.384615385 0.500000000 0.000000000 0.000000000 -0.785701419 0.000000000 0.618605916 5.543832779 -0.618605916 0.000000000 -0.785701419 1.083027005 0.000000000 1.000000000 0.000000000 22.722660065
0.000000000 0.384615385 0.666666667 0.384615385 0.500000000 0.000000000 0.000000000 -0.785552287 0.000000000 0.618795284 5.582861423 -0.618795284 0.000000000 -0.785552287 1.083193898 0.000000000 1.000000000 0.000000000 22.753320694
0.000000000 0.384615385 0.666666667 0.384615385 0.500000000 0.000000000 0.000000000 -0.785262205 0.000000000 0.619163362 5.622470379 -0.619163362 0.000000000 -0.785262205 1.083166480 0.000000000 1.000000000 0.000000000 22.784502029
0.000000000 0.384615385 0.666666667 0.384615385 0.500000000 0.000000000 0.000000000 -0.785120203 0.000000000 0.619343416 5.661396503 -0.619343416 0.000000000 -0.785120203 1.082805753 0.000000000 1.000000000 0.000000000 22.815849304
0.000000000 0.384615385 0.666666667 0.384615385 0.500000000 0.000000000 0.000000000 -0.784976178 0.000000000 0.619525948 5.700527191 -0.619525948 0.000000000 -0.784976178 1.082970500 0.000000000 1.000000000 0.000000000 22.846220016
0.000000000 0.384615385 0.666666667 0.384615385 0.500000000 0.000000000 0.000000000 -0.784830424 0.000000000 0.619710582 5.740341663 -0.619710582 0.000000000 -0.784830424 1.082752943 0.000000000 1.000000000 0.000000000 22.877870560
0.000000000 0.384615385 0.666666667 0.384615385 0.500000000 0.000000000 0.000000000 -0.784682116 0.000000000 0.619898360 5.790048599 -0.619898360 0.000000000 -0.784682116 1.082872272 0.000000000 1.000000000 0.000000000 22.917537689
0.000000000 0.384615385 0.666666667 0.384615385 0.500000000 0.000000000 0.000000000 -0.784385726 0.000000000 0.620273353 5.840483189 -0.620273353 0.000000000 -0.784385726 1.084674358 0.000000000 1.000000000 0.000000000 22.957401276
0.000000000 0.384615385 0.666666667 0.384615385 0.500000000 0.000000000 0.000000000 -0.784237415 0.000000000 0.620460859 5.891020298 -0.620460859 0.000000000 -0.784237415 1.083568096 0.000000000 1.000000000 0.000000000 22.996063232
0.000000000 0.384615385 0.666666667 0.384615385 0.500000000 0.000000000 0.000000000 -0.784082904 0.000000000 0.620656105 5.940644264 -0.620656105 0.000000000 -0.784082904 1.082691908 0.000000000 1.000000000 0.000000000 23.036327362
0.000000000 0.384615385 0.666666667 0.384615385 0.500000000 0.000000000 0.000000000 -0.783774859 0.000000000 0.621045063 5.990454197 -0.621045063 0.000000000 -0.783774859 1.084345579 0.000000000 1.000000000 0.000000000 23.075687408
0.000000000 0.384615385 0.666666667 0.384615385 0.500000000 0.000000000 0.000000000 -0.783620996 0.000000000 0.621239193 6.029619217 -0.621239193 0.000000000 -0.783620996 1.083801866 0.000000000 1.000000000 0.000000000 23.107080460
0.000000000 0.384615385 0.666666667 0.384615385 0.500000000 0.000000000 0.000000000 -0.783465164 0.000000000 0.621435707 6.068603516 -0.621435707 0.000000000 -0.783465164 1.083661437 0.000000000 1.000000000 0.000000000 23.137353897
0.000000000 0.384615385 0.666666667 0.384615385 0.500000000 0.000000000 0.000000000 -0.783160908 0.000000000 0.621819099 6.107646465 -0.621819099 0.000000000 -0.783160908 1.084099054 0.000000000 1.000000000 0.000000000 23.169036865
0.000000000 0.384615385 0.666666667 0.384615385 0.500000000 0.000000000 0.000000000 -0.783011926 0.000000000 0.622006691 6.147324085 -0.622006691 0.000000000 -0.783011926 1.084201932 0.000000000 1.000000000 0.000000000 23.200101852
0.000000000 0.384615385 0.666666667 0.384615385 0.500000000 0.000000000 0.000000000 -0.782860178 0.000000000 0.622197671 6.185888767 -0.622197671 0.000000000 -0.782860178 1.083725810 0.000000000 1.000000000 0.000000000 23.231103897
0.000000000 0.384615385 0.666666667 0.384615385 0.500000000 0.000000000 0.000000000 -0.782706029 0.000000000 0.622391574 6.225263596 -0.622391574 0.000000000 -0.782706029 1.083614230 0.000000000 1.000000000 0.000000000 23.262460709
0.000000000 0.384615385 0.666666667 0.384615385 0.500000000 0.000000000 0.000000000 -0.782549242 0.000000000 0.622588696 6.263925552 -0.622588696 0.000000000 -0.782549242 1.083720684 0.000000000 1.000000000 0.000000000 23.293348312
0.000000000 0.384615385 0.666666667 0.384615385 0.500000000 0.000000000 0.000000000 -0.782390445 0.000000000 0.622788239 6.303105354 -0.622788239 0.000000000 -0.782390445 1.084156752 0.000000000 1.000000000 0.000000000 23.325292587
0.000000000 0.384615385 0.666666667 0.384615385 0.500000000 0.000000000 0.000000000 -0.782228973 0.000000000 0.622991038 6.342905045 -0.622991038 0.000000000 -0.782228973 1.083361387 0.000000000 1.000000000 0.000000000 23.355468750
0.000000000 0.384615385 0.666666667 0.384615385 0.500000000 0.000000000 0.000000000 -0.782065554 0.000000000 0.623196172 6.381606102 -0.623196172 0.000000000 -0.782065554 1.083633661 0.000000000 1.000000000 0.000000000 23.386493683
0.000000000 0.384615385 0.666666667 0.384615385 0.500000000 0.000000000 0.000000000 -0.781745837 0.000000000 0.623597183 6.420688152 -0.623597183 0.000000000 -0.781745837 1.083683729 0.000000000 1.000000000 0.000000000 23.417968750
0.000000000 0.384615385 0.666666667 0.384615385 0.500000000 0.000000000 0.000000000 -0.781588810 0.000000000 0.623793982 6.459907055 -0.623793982 0.000000000 -0.781588810 1.083276391 0.000000000 1.000000000 0.000000000 23.449197769