0.000000000 0.384615385 0.666666667 0.384615385 0.500000000 0.000000000 0.000000000 -0.098267580 0.000000000 -0.995160029 7.789510250 0.995160029 0.000000000 -0.098267580 0.259225905 0.000000000 1.000000000 0.000000000 -12.510238647
0.000000000 0.384615385 0.666666667 0.384615385 0.500000000 0.000000000 0.000000000 -0.109302265 0.000000000 -0.994008559 7.854738712 0.994008559 0.000000000 -0.109302265 0.263177872 0.000000000 1.000000000 0.000000000 -12.515864372
0.000000000 0.384615385 0.666666667 0.384615385 0.500000000 0.000000000 0.000000000 -0.158877689 0.000000000 -0.987298273 7.919057369 0.987298273 0.000000000 -0.158877689 0.254604727 0.000000000 1.000000000 0.000000000 -12.524370193
0.000000000 0.384615385 0.666666667 0.384615385 0.500000000 0.000000000 0.000000000 -0.177977580 0.000000000 -0.984034543 8.004416466 0.984034543 0.000000000 -0.177977580 0.252922654 0.000000000 1.000000000 0.000000000 -12.531840324
0.000000000 0.384615385 0.666666667 0.384615385 0.500000000 0.000000000 0.000000000 -0.243670358 0.000000000 -0.969858112 8.089972496 0.969858112 0.000000000 -0.243670358 0.264298707 0.000000000 1.000000000 0.000000000 -12.537065506
0.000000000 0.384615385 0.666666667 0.384615385 0.500000000 0.000000000 0.000000000 -0.260655758 0.000000000 -0.965431808 8.165086746 0.965431808 0.000000000 -0.260655758 0.259240955 0.000000000 1.000000000 0.000000000 -12.546586990
0.000000000 0.384615385 0.666666667 0.384615385 0.500000000 0.000000000 0.000000000 -0.272936807 0.000000000 -0.962031964 8.213481903 0.962031964 0.000000000 -0.272936807 0.260567546 0.000000000 1.000000000 0.000000000 -12.546576500
0.000000000 0.384615385 0.666666667 0.384615385 0.500000000 0.000000000 0.000000000 -0.354137796 0.000000000 -0.935193254 8.267063141 0.935193254 0.000000000 -0.354137796 0.255969167 0.000000000 1.000000000 0.000000000 -12.557836533
0.000000000 0.384615385 0.666666667 0.384615385 0.500000000 0.000000000 0.000000000 -0.421302942 0.000000000 -0.906919969 8.314919472 0.906919969 0.000000000 -0.421302942 0.254394382 0.000000000 1.000000000 0.000000000 -12.562924385
0.000000000 0.384615385 0.666666667 0.384615385 0.500000000 0.000000000 0.000000000 -0.496575235 0.000000000 -0.867993685 8.363524437 0.867993685 0.000000000 -0.496575235 0.255003512 0.000000000 1.000000000 0.000000000 -12.571972847
0.000000000 0.384615385 0.666666667 0.384615385 0.500000000 0.000000000 0.000000000 -0.578288907 0.000000000 -0.815832054 8.433985710 0.815832054 0.000000000 -0.578288907 0.258575141 0.000000000 1.000000000 0.000000000 -12.568678856
0.000000000 0.384615385 0.666666667 0.384615385 0.500000000 0.000000000 0.000000000 -0.627294998 0.000000000 -0.778781732 8.520550728 0.778781732 0.000000000 -0.627294998 0.260773629 0.000000000 1.000000000 0.000000000 -12.597313881
0.000000000 0.384615385 0.666666667 0.384615385 0.500000000 0.000000000 0.000000000 -0.693535716 0.000000000 -0.720422245 8.589019775 0.720422245 0.000000000 -0.693535716 0.254122913 0.000000000 1.000000000 0.000000000 -12.593049049
0.000000000 0.384615385 0.666666667 0.384615385 0.500000000 0.000000000 0.000000000 -0.723664313 0.000000000 -0.690152130 8.649865150 0.690152130 0.000000000 -0.723664313 0.259144962 0.000000000 1.000000000 0.000000000 -12.610876083
0.000000000 0.384615385 0.666666667 0.384615385 0.500000000 0.000000000 0.000000000 -0.766966415 0.000000000 -0.641687244 8.715329170 0.641687244 0.000000000 -0.766966415 0.260272145 0.000000000 1.000000000 0.000000000 -12.616557121
0.000000000 0.384615385 0.666666667 0.384615385 0.500000000 0.000000000 0.000000000 -0.787289304 0.000000000 -0.616583775 8.781328201 0.616583775 0.000000000 -0.787289304 0.261515647 0.000000000 1.000000000 0.000000000 -12.638725281
0.000000000 0.384615385 0.666666667 0.384615385 0.500000000 0.000000000 0.000000000 -0.811717886 0.000000000 -0.584049719 8.845694542 0.584049719 0.000000000 -0.811717886 0.258477092 0.000000000 1.000000000 0.000000000 -12.637543678
0.000000000 0.384615385 0.666666667 0.384615385 0.500000000 0.000000000 0.000000000 -0.840885162 0.000000000 -0.541213584 8.914391518 0.541213584 0.000000000 -0.840885162 0.265426099 0.000000000 1.000000000 0.000000000 -12.643139839
0.000000000 0.384615385 0.666666667 0.384615385 0.500000000 0.000000000 0.000000000 -0.867742660 0.000000000 -0.497013759 8.982722282 0.497013759 0.000000000 -0.867742660 0.255775839 0.000000000 1.000000000 0.000000000 -12.649745941
0.000000000 0.384615385 0.666666667 0.384615385 0.500000000 0.000000000 0.000000000 -0.901301670 0.000000000 -0.433191990 9.066464424 0.433191990 0.000000000 -0.901301670 0.250701278 0.000000000 1.000000000 0.000000000 -12.676205635
0.000000000 0.384615385 0.666666667 0.384615385 0.500000000 0.000000000 0.000000000 -0.937231341 0.000000000 -0.348708207 9.133481026 0.348708207 0.000000000 -0.937231341 0.264838398 0.000000000 1.000000000 0.000000000 -12.679584503
0.000000000 0.384615385 0.666666667 0.384615385 0.500000000 0.000000000 0.000000000 -0.947788484 0.000000000 -0.318899653 9.207380295 0.318899653 0.000000000 -0.947788484 0.265899181 0.000000000 1.000000000 0.000000000 -12.682365417
0.000000000 0.384615385 0.666666667 0.384615385 0.500000000 0.000000000 0.000000000 -0.957929293 0.000000000 -0.287004303 9.297705650 0.287004303 0.000000000 -0.957929293 0.263312310 0.000000000 1.000000000 0.000000000 -12.709818840
0.000000000 0.384615385 0.666666667 0.384615385 0.500000000 0.000000000 0.000000000 -0.977961954 0.000000000 -0.208783179 9.402955055 0.208783179 0.000000000 -0.977961954 0.257761210 0.000000000 1.000000000 0.000000000 -12.719017982
0.000000000 0.384615385 0.666666667 0.384615385 0.500000000 0.000000000 0.000000000 -0.985929753 0.000000000 -0.167160171 9.472038269 0.167160171 0.000000000 -0.985929753 0.265341789 0.000000000 1.000000000 0.000000000 -12.731637955
0.000000000 0.384615385 0.666666667 0.384615385 0.500000000 0.000000000 0.000000000 -0.987153594 0.000000000 -0.159774162 9.556760788 0.159774162 0.000000000 -0.987153594 0.267678142 0.000000000 1.000000000 0.000000000 -12.741821289
0.000000000 0.384615385 0.666666667 0.384615385 0.500000000 0.000000000 0.000000000 -0.986926240 0.000000000 -0.161172571 9.646986008 0.161172571 0.000000000 -0.986926240 0.251930624 0.000000000 1.000000000 0.000000000 -12.757944107
0.000000000 0.384615385 0.666666667 0.384615385 0.500000000 0.000000000 0.000000000 -0.986749075 0.000000000 -0.162253700 9.728017807 0.162253700 0.000000000 -0.986749075 0.269444883 0.000000000 1.000000000 0.000000000 -12.777533531
0.000000000 0.384615385 0.666666667 0.384615385 0.500000000 0.000000000 0.000000000 -0.986584391 0.000000000 -0.163252076 9.832986832 0.163252076 0.000000000 -0.986584391 0.250643373 0.000000000 1.000000000 0.000000000 -12.793862343
0.000000000 0.384615385 0.666666667 0.384615385 0.500000000 0.000000000 0.000000000 -0.986431537 0.000000000 -0.164173146 9.905810356 0.164173146 0.000000000 -0.986431537 0.272674859 0.000000000 1.000000000 0.000000000 -12.807728767
0.000000000 0.384615385 0.666666667 0.384615385 0.500000000 0.000000000 0.000000000 -0.986269730 0.000000000 -0.165142423 10.022070885 0.165142423 0.000000000 -0.986269730 0.251524359 0.000000000 1.000000000 0.000000000 -12.831547737
0.000000000 0.384615385 0.666666667 0.384615385 0.500000000 0.000000000 0.000000000 -0.986120142 0.000000000 -0.166033329 10.120580673 0.166033329 0.000000000 -0.986120142 0.251825094 0.000000000 1.000000000 0.000000000 -12.857899666
0.000000000 0.384615385 0.666666667 0.384615385 0.500000000 0.000000000 0.000000000 -0.985966946 0.000000000 -0.166940651 10.223645210 0.166940651 0.000000000 -0.985966946 0.265248716 0.000000000 1.000000000 0.000000000 -12.859447479
0.000000000 0.384615385 0.666666667 0.384615385 0.500000000 0.000000000 0.000000000 -0.985832867 0.000000000 -0.167730611 10.320056915 0.167730611 0.000000000 -0.985832867 0.249571607 0.000000000 1.000000000 0.000000000 -12.872323990
0.000000000 0.384615385 0.666666667 0.384615385 0.500000000 0.000000000 0.000000000 -0.985727944 0.000000000 -0.168346131 10.443081856 0.168346131 0.000000000 -0.985727944 0.258687049 0.000000000 1.000000000 0.000000000 -12.899531364
0.000000000 0.384615385 0.666666667 0.384615385 0.500000000 0.000000000 0.000000000 -0.985621020 0.000000000 -0.168971017 10.524741173 0.168971017 0.000000000 -0.985621020 0.262608409 0.000000000 1.000000000 0.000000000 -12.898942947
0.000000000 0.384615385 0.666666667 0.384615385 0.500000000 0.000000000 0.000000000 -0.985538121 0.000000000 -0.169453863 10.656964302 0.169453863 0.000000000 -0.985538121 0.263383567 0.000000000 1.000000000 0.000000000 -12.939489365
0.000000000 0.384615385 0.666666667 0.384615385 0.500000000 0.000000000 0.000000000 -0.985454566 0.000000000 -0.169939103 10.755529404 0.169939103 0.000000000 -0.985454566 0.254838467 0.000000000 1.000000000 0.000000000 -12.947514534
0.000000000 0.384615385 0.666666667 0.384615385 0.500000000 0.000000000 0.000000000 -0.985390805 0.000000000 -0.170308432 10.857962608 0.170308432 0.000000000 -0.985390805 0.257159561 0.000000000 1.000000000 0.000000000 -12.966835976
0.000000000 0.384615385 0.666666667 0.384615385 0.500000000 0.000000000 0.000000000 -0.985327814 0.000000000 -0.170672488 10.998855591 0.170672488 0.000000000 -0.985327814 0.263944834 0.000000000 1.000000000 0.000000000 -12.990822792
0.000000000 0.384615385 0.666666667 0.384615385 0.500000000 0.000000000 0.000000000 -0.985268365 0.000000000 -0.171015347 11.105484009 0.171015347 0.000000000 -0.985268365 0.262123555 0.000000000 1.000000000 0.000000000 -12.999389648
0.000000000 0.384615385 0.666666667 0.384615385 0.500000000 0.000000000 0.000000000 -0.985221374 0.000000000 -0.171285853 11.208963394 0.171285853 0.000000000 -0.985221374 0.259588301 0.000000000 1.000000000 0.000000000 -13.037485123
0.000000000 0.384615385 0.666666667 0.384615385 0.500000000 0.000000000 0.000000000 -0.985186195 0.000000000 -0.171488077 11.337611198 0.171488077 0.000000000 -0.985186195 0.249290839 0.000000000 1.000000000 0.000000000 -13.050219536
0.000000000 0.384615385 0.666666667 0.384615385 0.500000000 0.000000000 0.000000000 -0.985162320 0.000000000 -0.171625185 11.457695007 0.171625185 0.000000000 -0.985162320 0.257459253 0.000000000 1.000000000 0.000000000 -13.046811104
0.000000000 0.384615385 0.666666667 0.384615385 0.500000000 0.000000000 0.000000000 -0.985150207 0.000000000 -0.171694700 11.603914261 0.171694700 0.000000000 -0.985150207 0.256596744 0.000000000 1.000000000 0.000000000 -13.087929726
0.000000000 0.384615385 0.666666667 0.384615385 0.500000000 0.000000000 0.000000000 -0.985146619 0.000000000 -0.171715285 11.710520744 0.171715285 0.000000000 -0.985146619 0.258441389 0.000000000 1.000000000 0.000000000 -13.124101639
0.000000000 0.384615385 0.666666667 0.384615385 0.500000000 0.000000000 0.000000000 -0.985153532 0.000000000 -0.171675618 11.861913681 0.171675618 0.000000000 -0.985153532 0.266884148 0.000000000 1.000000000 0.000000000 -13.132900238
0.000000000 0.384615385 0.666666667 0.384615385 0.500000000 0.000000000 0.000000000 -0.985173760 0.000000000 -0.171559503 12.002395630 0.171559503 0.000000000 -0.985173760 0.240329668 0.000000000 1.000000000 0.000000000 -13.170912743
0.000000000 0.384615385 0.666666667 0.384615385 0.500000000 0.000000000 0.000000000 -0.985207212 0.000000000 -0.171367296 12.124857903 0.171367296 0.000000000 -0.985207212 0.256347954 0.000000000 1.000000000 0.000000000 -13.176840782
0.000000000 0.384615385 0.666666667 0.384615385 0.500000000 0.000000000 0.000000000 -0.985243380 0.000000000 -0.171159233 12.234944344 0.171159233 0.000000000 -0.985243380 0.251211911 0.000000000 1.000000000 0.000000000 -13.201904297
0.000000000 0.384615385 0.666666667 0.384615385 0.500000000 0.000000000 0.000000000 -0.985294670 0.000000000 -0.170863726 12.364262581 0.170863726 0.000000000 -0.985294670 0.262546450 0.000000000 1.000000000 0.000000000 -13.239364624
0.000000000 0.384615385 0.666666667 0.384615385 0.500000000 0.000000000 0.000000000 -0.985356794 0.000000000 -0.170505097 12.498401642 0.170505097 0.000000000 -0.985356794 0.257749021 0.000000000 1.000000000 0.000000000 -13.247624397
0.000000000 0.384615385 0.666666667 0.384615385 0.500000000 0.000000000 0.000000000 -0.985441134 0.000000000 -0.170016972 12.631628990 0.170016972 0.000000000 -0.985441134 0.258347839 0.000000000 1.000000000 0.000000000 -13.263473511
0.000000000 0.384615385 0.666666667 0.384615385 0.500000000 0.000000000 0.000000000 -0.985528485 0.000000000 -0.169509896 12.758339882 0.169509896 0.000000000 -0.985528485 0.262424380 0.000000000 1.000000000 0.000000000 -13.304845810
0.000000000 0.384615385 0.666666667 0.384615385 0.500000000 0.000000000 0.000000000 -0.985618204 0.000000000 -0.168987445 12.860918999 0.168987445 0.000000000 -0.985618204 0.258797526 0.000000000 1.000000000 0.000000000 -13.319389343
0.000000000 0.384615385 0.666666667 0.384615385 0.500000000 0.000000000 0.000000000 -0.985733371 0.000000000 -0.168314355 12.966720581 0.168314355 0.000000000 -0.985733371 0.249348909 0.000000000 1.000000000 0.000000000 -13.345844269
0.000000000 0.384615385 0.666666667 0.384615385 0.500000000 0.000000000 0.000000000 -0.985831702 0.000000000 -0.167737457 13.067737579 0.167737457 0.000000000 -0.985831702 0.255541056 0.000000000 1.000000000 0.000000000 -13.349584579
0.000000000 0.384615385 0.666666667 0.384615385 0.500000000 0.000000000 0.000000000 -0.985955801 0.000000000 -0.167006461 13.180294037 0.167006461 0.000000000 -0.985955801 0.279958785 0.000000000 1.000000000 0.000000000 -13.358813286
0.000000000 0.384615385 0.666666667 0.384615385 0.500000000 0.000000000 0.000000000 -0.986075528 0.000000000 -0.166298083 13.276020050 0.166298083 0.000000000 -0.986075528 0.256269217 0.000000000 1.000000000 0.000000000 -13.381958008
0.000000000 0.384615385 0.666666667 0.384615385 0.500000000 0.000000000 0.000000000 -0.986226030 0.000000000 -0.165403199 13.374574661 0.165403199 0.000000000 -0.986226030 0.252055436 0.000000000 1.000000000 0.000000000 -13.404752731
0.000000000 0.384615385 0.666666667 0.384615385 0.500000000 0.000000000 0.000000000 -0.986370941 0.000000000 -0.164536827 13.492028236 0.164536827 0.000000000 -0.986370941 0.259964436 0.000000000 1.000000000 0.000000000 -13.430866241
0.000000000 0.384615385 0.666666667 0.384615385 0.500000000 0.000000000 0.000000000 -0.986582071 0.000000000 -0.163266096 13.622132301 0.163266096 0.000000000 -0.986582071 0.280126035 0.000000000 1.000000000 0.000000000 -13.446901321
0.000000000 0.384615385 0.666666667 0.384615385 0.500000000 0.000000000 0.000000000 -0.986792512 0.000000000 -0.161989318 13.762556076 0.161989318 0.000000000 -0.986792512 0.259866029 0.000000000 1.000000000 0.000000000 -13.461765289
0.000000000 0.384615385 0.666666667 0.384615385 0.500000000 0.000000000 0.000000000 -0.987057958 0.000000000 -0.160363921 13.877659798 0.160363921 0.000000000 -0.987057958 0.269938797 0.000000000 1.000000000 0.000000000 -13.487509727
0.000000000 0.384615385 0.666666667 0.384615385 0.500000000 0.000000000 0.000000000 -0.987353925 0.000000000 -0.158531470 13.987152100 0.158531470 0.000000000 -0.987353925 0.253544837 0.000000000 1.000000000 0.000000000 -13.496132851
0.000000000 0.384615385 0.666666667 0.384615385 0.500000000 0.000000000 0.000000000 -0.987686064 0.000000000 -0.156448839 14.110143661 0.156448839 0.000000000 -0.987686064 0.255178988 0.000000000 1.000000000 0.000000000 -13.527045250
0.000000000 0.384615385 0.666666667 0.384615385 0.500000000 0.000000000 0.000000000 -0.988061245 0.000000000 -0.154061601 14.234873772 0.154061601 0.000000000 -0.988061245 0.268659651 0.000000000 1.000000000 0.000000000 -13.541059494
0.000000000 0.384615385 0.666666667 0.384615385 0.500000000 0.000000000 0.000000000 -0.988490217 0.000000000 -0.151284800 14.354558945 0.151284800 0.000000000 -0.988490217 0.260617048 0.000000000 1.000000000 0.000000000 -13.562033653
0.000000000 0.384615385 0.666666667 0.384615385 0.500000000 0.000000000 0.000000000 -0.988930365 0.000000000 -0.148380365 14.498715401 0.148380365 0.000000000 -0.988930365 0.256031245 0.000000000 1.000000000 0.000000000 -13.581674576
0.000000000 0.384615385 0.666666667 0.384615385 0.500000000 0.000000000 0.000000000 -0.989583351 0.000000000 -0.143961077 14.643156052 0.143961077 0.000000000 -0.989583351 0.266756117 0.000000000 1.000000000 0.000000000 -13.606650352
0.000000000 0.384615385 0.666666667 0.384615385 0.500000000 0.000000000 0.000000000 -0.990390721 0.000000000 -0.138297579 14.780663490 0.138297579 0.000000000 -0.990390721 0.260333866 0.000000000 1.000000000 0.000000000 -13.623976707
0.000000000 0.384615385 0.666666667 0.384615385 0.500000000 0.000000000 0.000000000 -0.991574843 0.000000000 -0.129535053 14.897260666 0.129535053 0.000000000 -0.991574843 0.254942864 0.000000000 1.000000000 0.000000000 -13.627738953
0.000000000 0.384615385 0.666666667 0.384615385 0.500000000 0.000000000 0.000000000 -0.997874557 0.000000000 -0.065164160 15.043309212 0.065164160 0.000000000 -0.997874557 0.249100789 0.000000000 1.000000000 0.000000000 -13.619172096
0.000000000 0.384615385 0.666666667 0.384615385 0.500000000 0.000000000 0.000000000 -0.999484969 0.000000000 -0.032090440 15.025697708 0.032090440 0.000000000 -0.999484969 0.267917782 0.000000000 1.000000000 0.000000000 -13.505908012
0.000000000 0.384615385 0.666666667 0.384615385 0.500000000 0.000000000 0.000000000 -0.997939211 0.000000000 0.064166430 14.978816986 -0.064166430 0.000000000 -0.997939211 0.260543734 0.000000000 1.000000000 0.000000000 -13.371073723
0.000000000 0.384615385 0.666666667 0.384615385 0.500000000 0.000000000 0.000000000 -0.994378747 0.000000000 0.105881569 14.916708946 -0.105881569 0.000000000 -0.994378747 0.264506519 0.000000000 1.000000000 0.000000000 -13.248588562
0.000000000 0.384615385 0.666666667 0.384615385 0.500000000 0.000000000 0.000000000 -0.988544227 0.000000000 0.150931478 14.857672691 -0.150931478 0.000000000 -0.988544227 0.256322622 0.000000000 1.000000000 0.000000000 -13.138930321
0.000000000 0.384615385 0.666666667 0.384615385 0.500000000 0.000000000 0.000000000 -0.987898580 0.000000000 0.155101241 14.769393921 -0.155101241 0.000000000 -0.987898580 0.259092867 0.000000000 1.000000000 0.000000000 -12.994152069
0.000000000 0.384615385 0.666666667 0.384615385 0.500000000 0.000000000 0.000000000 -0.987841205 0.000000000 0.155466249 14.670126915 -0.155466249 0.000000000 -0.987841205 0.248000026 0.000000000 1.000000000 0.000000000 -12.843166351
0.000000000 0.384615385 0.666666667 0.384615385 0.500000000 0.000000000 0.000000000 -0.983999602 0.000000000 0.178170658 14.575898170 -0.178170658 0.000000000 -0.983999602 0.279036105 0.000000000 1.000000000 0.000000000 -12.743696213
0.000000000 0.384615385 0.666666667 0.384615385 0.500000000 0.000000000 0.000000000 -0.979460344 0.000000000 0.201636886 14.474951744 -0.201636886 0.000000000 -0.979460344 0.287046194 0.000000000 1.000000000 0.000000000 -12.601952553