0.000000000 0.500000000 0.666666667 0.500000000 0.500000000 0.000000000 0.000000000 -0.898012362 -0.439376212 0.022854785 0.187852990 -0.335931197 0.922963426 -0.397850539 0.833125906 0.384208503 -12.048819542 -0.670474827 31.611331940
0.000000000 0.500000000 0.666666667 0.500000000 0.500000000 0.000000000 0.000000000 -0.892873595 -0.450282086 0.004773551 0.174774775 -0.336755906 0.925229289 -0.415006653 0.826947098 0.379378407 -11.921961784 -0.647107542 31.667337418
0.000000000 0.500000000 0.666666667 0.500000000 0.500000000 0.000000000 0.000000000 -0.888250715 -0.459236414 -0.010610525 0.163378394 -0.337424542 0.927066437 -0.429322918 0.821733895 0.374746899 -11.862005234 -0.632359624 31.797880173
0.000000000 0.500000000 0.666666667 0.500000000 0.500000000 0.000000000 0.000000000 -0.884490842 -0.465998778 -0.022827366 0.154080866 -0.337935787 0.928471050 -0.440380559 0.817706881 0.370702604 -11.800612450 -0.617124319 31.933383942
0.000000000 0.500000000 0.666666667 0.500000000 0.500000000 0.000000000 0.000000000 -0.881929387 -0.470334037 -0.031407810 0.147310023 -0.338288811 0.929440927 -0.447772614 0.815074582 0.367631761 -11.738004684 -0.601567686 32.073818207
0.000000000 0.500000000 0.666666667 0.500000000 0.500000000 0.000000000 0.000000000 -0.880863773 -0.472009113 -0.035866566 0.143507919 -0.338479937 0.929966026 -0.451092552 0.814026246 0.365891760 -11.674268723 -0.585714400 32.219234467
0.000000000 0.500000000 0.666666667 0.500000000 0.500000000 0.000000000 0.000000000 -0.881523020 -0.470790400 -0.035687035 0.143129954 -0.338498650 0.930017462 -0.449923307 0.814723918 0.365778561 -11.609267235 -0.569492757 32.369564056
0.000000000 0.500000000 0.666666667 0.500000000 0.500000000 0.000000000 0.000000000 -0.884033036 -0.466537895 -0.028774719 0.146650910 -0.335284558 0.930632998 -0.443823278 0.818490475 0.364820832 -11.544542313 -0.553159475 32.525691986
0.000000000 0.500000000 0.666666667 0.500000000 0.500000000 0.000000000 0.000000000 -0.888378775 -0.458922015 -0.013180933 0.154559772 -0.325983249 0.932655455 -0.432312884 0.826514069 0.360527481 -11.478323936 -0.535598159 32.686904907
0.000000000 0.500000000 0.666666667 0.500000000 0.500000000 0.000000000 0.000000000 -0.894302219 -0.447374573 0.008918131 0.167216793 -0.315647308 0.934026403 -0.415044679 0.836793146 0.357092629 -11.414210320 -0.518914759 32.854541779
0.000000000 0.500000000 0.666666667 0.500000000 0.500000000 0.000000000 0.000000000 -0.901143115 -0.431934494 0.037063189 0.184412706 -0.304554791 0.934472222 -0.392343014 0.848928132 0.354101661 -11.348807335 -0.501727879 33.027034760
0.000000000 0.500000000 0.666666667 0.500000000 0.500000000 0.000000000 0.000000000 -0.908101067 -0.412759668 0.070582633 0.205769392 -0.293044235 0.933693758 -0.364707292 0.862412044 0.351047088 -11.286831856 -0.486049801 33.206268311
0.000000000 0.500000000 0.666666667 0.500000000 0.500000000 0.000000000 0.000000000 -0.914351208 -0.390039276 0.108771460 0.230867398 -0.281474496 0.931381959 -0.332659153 0.876722003 0.347413898 -11.223912239 -0.470115662 33.390388489
0.000000000 0.500000000 0.666666667 0.500000000 0.500000000 0.000000000 0.000000000 -0.919089302 -0.364017497 0.150884451 0.259241942 -0.270206027 0.927244476 -0.296763325 0.891336056 0.342712071 -11.162967682 -0.456303686 33.575542450
0.000000000 0.500000000 0.666666667 0.500000000 0.500000000 0.000000000 0.000000000 -0.921577152 -0.335004373 0.196131647 0.290377971 -0.259586654 0.921029534 -0.257635764 0.905752085 0.336507019 -11.102022171 -0.442869246 33.760833740
0.000000000 0.500000000 0.666666667 0.500000000 0.500000000 0.000000000 0.000000000 -0.921180548 -0.303387706 0.243684832 0.323716246 -0.249936152 0.912545731 -0.215949507 0.919504116 0.328447851 -11.039493561 -0.431483150 33.945770264
0.000000000 0.500000000 0.666666667 0.500000000 0.500000000 0.000000000 0.000000000 -0.917404154 -0.269631707 0.292691580 0.358661348 -0.241526696 0.901680039 -0.172428698 0.932182170 0.318284066 -10.974413872 -0.421301246 34.129829407
0.000000000 0.500000000 0.666666667 0.500000000 0.500000000 0.000000000 0.000000000 -0.909918731 -0.234272607 0.342292637 0.394595568 -0.234574017 0.888408334 -0.127836778 0.943446541 0.305886224 -10.905273438 -0.412915647 34.312435150
0.000000000 0.500000000 0.666666667 0.500000000 0.500000000 0.000000000 0.000000000 -0.898580954 -0.197907911 0.391643624 0.430894262 -0.229224899 0.872803575 -0.082960262 0.953041659 0.291254512 -10.824527740 -0.407748699 34.489921570
0.000000000 0.500000000 0.666666667 0.500000000 0.500000000 0.000000000 0.000000000 -0.883442753 -0.161179976 0.439943085 0.466947509 -0.225547859 0.855036951 -0.038586614 0.960806525 0.274521210 -10.733259201 -0.405279845 34.661846161
0.000000000 0.500000000 0.666666667 0.500000000 0.500000000 0.000000000 0.000000000 -0.864752786 -0.124758998 0.486454326 0.502177471 -0.223531478 0.835375045 0.004517301 0.966679301 0.255950627 -10.627175331 -0.406225264 34.824619293
0.000000000 0.500000000 0.666666667 0.500000000 0.500000000 0.000000000 0.000000000 -0.842946756 -0.089322803 0.530530115 0.536058699 -0.223081166 0.814171889 0.045627162 0.970698836 0.235927811 -10.502193451 -0.410852641 34.972782135
0.000000000 0.500000000 0.666666667 0.500000000 0.500000000 0.000000000 0.000000000 -0.818629247 -0.055536493 0.571630872 0.568134034 -0.224024777 0.791856438 0.084082549 0.972999793 0.214945406 -10.356375694 -0.418457627 35.099849701
0.000000000 0.500000000 0.666666667 0.500000000 0.500000000 0.000000000 0.000000000 -0.792550075 -0.024038656 0.609332849 0.598023689 -0.226119332 0.768919837 0.119298137 0.973802953 0.193586579 -10.191554070 -0.427026063 35.201057434
0.000000000 0.500000000 0.666666667 0.500000000 0.500000000 0.000000000 0.000000000 -0.765572953 0.004572438 0.643332843 0.625432325 -0.229060745 0.745899177 0.150772878 0.973401391 0.172502960 -10.012136459 -0.432982773 35.274623871
0.000000000 0.500000000 0.666666667 0.500000000 0.500000000 0.000000000 0.000000000 -0.738640358 0.029744566 0.673443154 0.650149672 -0.232496718 0.723360685 0.178089373 0.972142241 0.152393040 -9.824966431 -0.432273239 35.328247070
0.000000000 0.500000000 0.666666667 0.500000000 0.500000000 0.000000000 0.000000000 -0.712739813 0.050972832 0.699573963 0.672040677 -0.236042227 0.701887025 0.200906165 0.970404986 0.133980877 -9.635014534 -0.426055580 35.373908997
0.000000000 0.500000000 0.666666667 0.500000000 0.500000000 0.000000000 0.000000000 -0.688864999 0.067794324 0.721712507 0.691035416 -0.239293120 0.682062208 0.218940784 0.968577685 0.117992376 -9.444293976 -0.419749141 35.419841766
0.000000000 0.500000000 0.666666667 0.500000000 0.500000000 0.000000000 0.000000000 -0.667982729 0.079775803 0.739888434 0.707106806 -0.241844742 0.664463006 0.231946197 0.967029959 0.105138098 -9.253952026 -0.416670203 35.471076965
0.000000000 0.500000000 0.666666667 0.500000000 0.500000000 0.000000000 0.000000000 -0.663495287 0.097976626 0.741737544 0.707106803 -0.241844735 0.664463011 0.244487164 0.965355740 0.091182903 -9.065954208 -0.417501211 35.528789520
0.000000000 0.500000000 0.666666667 0.500000000 0.500000000 0.000000000 0.000000000 -0.660721675 0.108758613 0.742710194 0.707106775 -0.241844744 0.664463038 0.251886635 0.964200541 0.082888112 -8.878564835 -0.421942443 35.592006683
0.000000000 0.500000000 0.666666667 0.500000000 0.500000000 0.000000000 0.000000000 -0.659739628 0.112497917 0.743026138 0.707106786 -0.241844739 0.664463027 0.254447670 0.963771415 0.080006517 -8.691320419 -0.428834528 35.659004211
0.000000000 0.500000000 0.666666667 0.500000000 0.500000000 0.000000000 0.000000000 -0.660481772 0.109675574 0.742788730 0.707106817 -0.241844741 0.664462994 0.252514908 0.964096670 0.082181697 -8.505608559 -0.440136105 35.732563019
0.000000000 0.500000000 0.666666667 0.500000000 0.500000000 0.000000000 0.000000000 -0.662760081 0.100867425 0.742007303 0.707106793 -0.241844748 0.664463017 0.246473243 0.965057967 0.088961004 -8.319645882 -0.452574760 35.807899475
0.000000000 0.500000000 0.666666667 0.500000000 0.500000000 0.000000000 0.000000000 -0.666295684 0.086735356 0.740626113 0.707106776 -0.241844725 0.664463043 0.236748957 0.966430601 0.099808938 -8.134813309 -0.468107909 35.887763977
0.000000000 0.500000000 0.666666667 0.500000000 0.500000000 0.000000000 0.000000000 -0.670752859 0.068014941 0.738555733 0.707106805 -0.241844729 0.664463011 0.223809223 0.967928249 0.114124216 -7.949520588 -0.484151602 35.968433380
0.000000000 0.500000000 0.666666667 0.500000000 0.500000000 0.000000000 0.000000000 -0.675772197 0.045505541 0.735704549 0.707106847 -0.241844743 0.664462961 0.208163024 0.969247319 0.131254673 -7.765822411 -0.503387451 36.053630829
0.000000000 0.500000000 0.666666667 0.500000000 0.500000000 0.000000000 0.000000000 -0.681002674 0.026252634 0.731810192 0.707106787 -0.236207131 0.666487947 0.190355850 0.971348027 0.142294272 -7.582289696 -0.521943986 36.139041901
0.000000000 0.500000000 0.666666667 0.500000000 0.500000000 0.000000000 0.000000000 -0.686128439 0.006226309 0.727453778 0.707106772 -0.229288190 0.668899797 0.170961337 0.973338666 0.152918482 -7.399567604 -0.541725457 36.226612091
0.000000000 0.500000000 0.666666667 0.500000000 0.500000000 0.000000000 0.000000000 -0.690889705 -0.014747250 0.722809749 0.707106760 -0.222009973 0.671350580 0.150570398 0.974932865 0.163812285 -7.217217922 -0.562354445 36.315570831
0.000000000 0.500000000 0.666666667 0.500000000 0.500000000 0.000000000 0.000000000 -0.695095727 -0.036120425 0.718009223 0.707106735 -0.214638765 0.673743472 0.129776712 0.976025366 0.174735485 -7.030384541 -0.583503127 36.406650543
0.000000000 0.500000000 0.666666667 0.500000000 0.500000000 0.000000000 0.000000000 -0.698629263 -0.057336930 0.713182746 0.707106781 -0.207416099 0.676001895 0.109165710 0.976571062 0.185450288 -6.840395451 -0.606456280 36.502048492
0.000000000 0.500000000 0.666666667 0.500000000 0.500000000 0.000000000 0.000000000 -0.701445251 -0.077842346 0.708459688 0.707106789 -0.200551834 0.678070019 0.089300328 0.976585650 0.195718983 -6.646347046 -0.630269468 36.600070953
0.000000000 0.500000000 0.666666667 0.500000000 0.500000000 0.000000000 0.000000000 -0.703561880 -0.097085021 0.703971008 0.707106777 -0.194219230 0.679910947 0.070715539 0.976142095 0.205294723 -6.448112011 -0.654758573 36.700378418
0.000000000 0.500000000 0.666666667 0.500000000 0.500000000 0.000000000 0.000000000 -0.705048380 -0.114523782 0.699850760 0.707106825 -0.188557730 0.681502693 0.053914004 0.975361618 0.213922870 -6.246987820 -0.680903316 36.805114746
0.000000000 0.500000000 0.666666667 0.500000000 0.500000000 0.000000000 0.000000000 -0.706010101 -0.129626492 0.696237539 0.707106798 -0.183672905 0.682835442 0.039366409 0.974403015 0.221334700 -6.041785717 -0.707734644 36.912136078
0.000000000 0.500000000 0.666666667 0.500000000 0.500000000 0.000000000 0.000000000 -0.706571211 -0.141872375 0.693274371 0.707106823 -0.179643560 0.683906524 0.027514833 0.973447698 0.227249892 -5.832994461 -0.735488236 37.022186279
0.000000000 0.500000000 0.666666667 0.500000000 0.500000000 0.000000000 0.000000000 -0.708248907 -0.150398779 0.689756256 0.705711934 -0.176877324 0.686064922 0.018818914 0.972673953 0.231411385 -5.621156692 -0.764447629 37.136062622
0.000000000 0.500000000 0.666666667 0.500000000 0.500000000 0.000000000 0.000000000 -0.712997266 -0.154243884 0.683991025 0.701033089 -0.175867360 0.691102944 0.013693294 0.972254851 0.233523014 -5.405560970 -0.794230342 37.252323151
0.000000000 0.500000000 0.666666667 0.500000000 0.500000000 0.000000000 0.000000000 -0.716751672 -0.154066269 0.680096042 0.697219093 -0.175608635 0.695015930 0.012352226 0.972329775 0.233285727 -5.187150002 -0.824969471 37.372810364
0.000000000 0.500000000 0.666666667 0.500000000 0.500000000 0.000000000 0.000000000 -0.719564869 -0.150049603 0.678020291 0.694270890 -0.176031295 0.697854508 0.014639997 0.972881339 0.230841007 -4.965188980 -0.856476426 37.496250153
0.000000000 0.500000000 0.666666667 0.500000000 0.500000000 0.000000000 0.000000000 -0.721485488 -0.142508553 0.677606083 0.692133050 -0.177060126 0.699715337 0.020261598 0.973828026 0.226381191 -4.740001202 -0.888642251 37.623294830
0.000000000 0.500000000 0.666666667 0.500000000 0.500000000 0.000000000 0.000000000 -0.722527137 -0.131756962 0.678671231 0.690737730 -0.178633794 0.700693482 0.028912372 0.975053881 0.220077269 -4.511760235 -0.921450198 37.754314423
0.000000000 0.500000000 0.666666667 0.500000000 0.500000000 0.000000000 0.000000000 -0.722678675 -0.118109962 0.681018039 0.690009449 -0.180701792 0.700880748 0.040280182 0.976420452 0.212086322 -4.280260086 -0.954717100 37.889003754
0.000000000 0.500000000 0.666666667 0.500000000 0.500000000 0.000000000 0.000000000 -0.721916364 -0.101883946 0.684438766 0.689866414 -0.183220679 0.700367413 0.054047140 0.977778014 0.202556319 -4.046062946 -0.988246143 38.028423309
0.000000000 0.500000000 0.666666667 0.500000000 0.500000000 0.000000000 0.000000000 -0.720211603 -0.083403362 0.688722822 0.690225368 -0.186150303 0.699240306 0.069886969 0.978974945 0.191634725 -3.809513569 -1.021549106 38.173210144
0.000000000 0.500000000 0.666666667 0.500000000 0.500000000 0.000000000 0.000000000 -0.717542870 -0.062994220 0.693659829 0.691000030 -0.189451645 0.697586577 0.087471073 0.979867237 0.179468685 -3.570718288 -1.054563880 38.323570251
0.000000000 0.500000000 0.666666667 0.500000000 0.500000000 0.000000000 0.000000000 -0.713899401 -0.040991217 0.699047470 0.692107295 -0.193084978 0.695489528 0.106466603 0.980325411 0.166213570 -3.331324339 -1.086520314 38.482170105
0.000000000 0.500000000 0.666666667 0.500000000 0.500000000 0.000000000 0.000000000 -0.709291352 -0.017731895 0.704692386 0.693464730 -0.197006657 0.693033221 0.126540299 0.980241785 0.152031561 -3.093527079 -1.116641879 38.652030945
0.000000000 0.500000000 0.666666667 0.500000000 0.500000000 0.000000000 0.000000000 -0.703751729 0.006440108 0.710416800 0.694995465 -0.201169026 0.690298723 0.147359454 0.979535374 0.137097204 -2.873122454 -1.142379999 38.829746246
0.000000000 0.500000000 0.666666667 0.500000000 0.500000000 0.000000000 0.000000000 -0.697341891 0.031180065 0.716060117 0.696627416 -0.205518547 0.687366256 0.168595759 0.978156394 0.121595804 -2.679090261 -1.162586689 39.023185730
0.000000000 0.500000000 0.666666667 0.500000000 0.500000000 0.000000000 0.000000000 -0.690152563 0.056143112 0.721482773 0.698295825 -0.209995051 0.684313538 0.189927304 0.976089150 0.105724122 -2.551489592 -1.191803813 39.237922668
0.000000000 0.500000000 0.666666667 0.500000000 0.500000000 0.000000000 0.000000000 -0.682306062 0.080985690 0.726567104 0.699942920 -0.214532599 0.681216318 0.211041102 0.973353524 0.089691533 -2.775940418 -1.228628159 39.117698669
0.000000000 0.500000000 0.666666667 0.500000000 0.500000000 0.000000000 0.000000000 -0.673956218 0.105371368 0.731218087 0.701517976 -0.219058004 0.678149040 0.231636667 0.970005395 0.073715595 -2.981033564 -1.250758052 38.972938538
0.000000000 0.500000000 0.666666667 0.500000000 0.500000000 0.000000000 0.000000000 -0.665285186 0.128967396 0.735365917 0.702979843 -0.223493446 0.675181472 0.251425859 0.966135648 0.058025399 -3.175369739 -1.269556522 38.828971863
0.000000000 0.500000000 0.666666667 0.500000000 0.500000000 0.000000000 0.000000000 -0.656503170 0.151453428 0.738962413 0.704293862 -0.227754355 0.672382413 0.270136529 0.961867877 0.042853736 -3.361096144 -1.286682129 38.689105988
0.000000000 0.500000000 0.666666667 0.500000000 0.500000000 0.000000000 0.000000000 -0.647844408 0.172516416 0.741980936 0.705432599 -0.231753012 0.669817430 0.287510819 0.957355017 0.028441189 -3.538785934 -1.302608967 38.554260254
0.000000000 0.500000000 0.666666667 0.500000000 0.500000000 0.000000000 0.000000000 -0.639561325 0.191855749 0.744414322 0.706375769 -0.235397146 0.667548842 0.303306090 0.952774661 0.015028658 -3.708795786 -1.317383409 38.424976349
0.000000000 0.500000000 0.666666667 0.500000000 0.500000000 0.000000000 0.000000000 -0.631921674 0.209181434 0.746269472 0.707106810 -0.238592231 0.665637819 0.317293172 0.948323191 0.002857986 -3.871134043 -1.331406236 38.301383972
0.000000000 0.500000000 0.666666667 0.500000000 0.500000000 0.000000000 0.000000000 -0.625614023 0.224437574 0.747151169 0.707106830 -0.241440196 0.664610084 0.329555800 0.944105083 -0.007652969 -4.026188374 -1.344479322 38.183994293
0.000000000 0.500000000 0.666666667 0.500000000 0.500000000 0.000000000 0.000000000 -0.620064767 0.239603287 0.747067567 0.707106775 -0.241844727 0.664463044 0.339881881 0.940266660 -0.019465713 -4.173815727 -1.356618285 38.072338104
0.000000000 0.500000000 0.666666667 0.500000000 0.500000000 0.000000000 0.000000000 -0.615298957 0.252600271 0.746726387 0.707106751 -0.241844760 0.664463058 0.348435412 0.936858695 -0.029808528 -4.314260960 -1.367984295 37.967086792
0.000000000 0.500000000 0.666666667 0.500000000 0.500000000 0.000000000 0.000000000 -0.611318252 0.263181301 0.746341475 0.707106800 -0.241844737 0.664463013 0.355372998 0.933941500 -0.038253186 -4.447154999 -1.378696203 37.867801666
0.000000000 0.500000000 0.666666667 0.500000000 0.500000000 0.000000000 0.000000000 -0.608104184 0.271552863 0.745968058 0.707106761 -0.241844746 0.664463052 0.360845300 0.931541819 -0.044950063 -4.572384357 -1.388795137 37.774314880
0.000000000 0.500000000 0.666666667 0.500000000 0.500000000 0.000000000 0.000000000 -0.605622035 0.277917415 0.745643254 0.707106812 -0.241844781 0.664462985 0.364995764 0.929662849 -0.050050769 -4.690786362 -1.398234487 37.687705994
0.000000000 0.500000000 0.666666667 0.500000000 0.500000000 0.000000000 0.000000000 -0.603824500 0.282474052 0.745388746 0.707106787 -0.241844735 0.664463029 0.367961908 0.928288497 -0.053707543 -4.801426411 -1.407069087 37.606697083
0.000000000 0.500000000 0.666666667 0.500000000 0.500000000 0.000000000 0.000000000 -0.602653123 0.285419980 0.745214498 0.707106815 -0.241844751 0.664462992 0.369877229 0.927386948 -0.056073918 -4.904330730 -1.415299058 37.531280518
0.000000000 0.500000000 0.666666667 0.500000000 0.500000000 0.000000000 0.000000000 -0.602250797 0.287020409 0.744925005 0.706861855 -0.241928463 0.664693115 0.370999051 0.926871029 -0.057182169 -5.000698566 -1.422942519 37.463066101
0.000000000 0.500000000 0.666666667 0.500000000 0.500000000 0.000000000 0.000000000 -0.602511860 0.287453553 0.744546783 0.706412360 -0.242082058 0.665114918 0.371431064 0.926696677 -0.057203432 -5.089294434 -1.429989576 37.400299072
0.000000000 0.500000000 0.666666667 0.500000000 0.500000000 0.000000000 0.000000000 -0.603221877 0.286862523 0.744199745 0.705922439 -0.242249154 0.665574081 0.371210019 0.926836145 -0.056372703 -5.170134068 -1.436432719 37.342979431
0.000000000 0.500000000 0.666666667 0.500000000 0.500000000 0.000000000 0.000000000 -0.604296734 0.285433016 0.743877308 0.705401280 -0.242426681 0.666061813 0.370451739 0.927230984 -0.054847164 -5.243460655 -1.442280531 37.291408539
