0.000000000 0.500000000 0.666666667 0.500000000 0.500000000 0.000000000 0.000000000 0.918075491 -0.396405592 0.000000000 0.000000000 0.000000000 1.000000000 -0.396405592 -0.918075491 0.000000000 74.611900330 0.418771356 -5.065320969
0.000000000 0.500000000 0.666666667 0.500000000 0.500000000 0.000000000 0.000000000 0.922663026 -0.385604134 -0.001546724 0.000455401 -0.002921484 0.999995629 -0.385606967 -0.922659697 -0.002519941 74.702514648 0.389568478 -5.181562424
0.000000000 0.500000000 0.666666667 0.500000000 0.500000000 0.000000000 0.000000000 0.927119733 -0.374742465 -0.004133368 0.001755022 -0.006687670 0.999976097 -0.374761150 -0.927104827 -0.005542589 74.793479919 0.360150754 -5.298222065
0.000000000 0.500000000 0.666666667 0.500000000 0.500000000 0.000000000 0.000000000 0.931440850 -0.363814188 -0.007561759 0.003768364 -0.011135433 0.999930898 -0.363873251 -0.931404981 -0.009001013 74.884803772 0.330516338 -5.415275097
0.000000000 0.500000000 0.666666667 0.500000000 0.500000000 0.000000000 0.000000000 0.935621232 -0.352813672 -0.011637105 0.006363846 -0.016102581 0.999850093 -0.352948171 -0.935555033 -0.012820665 74.976539612 0.300615847 -5.532656193
0.000000000 0.500000000 0.666666667 0.500000000 0.500000000 0.000000000 0.000000000 0.939656579 -0.341737013 -0.016165627 0.009404549 -0.021432130 0.999726072 -0.341989865 -0.939551211 -0.016924959 75.068618774 0.270560920 -5.650451660
0.000000000 0.500000000 0.666666667 0.500000000 0.500000000 0.000000000 0.000000000 0.943544167 -0.330583206 -0.020955888 0.012750870 -0.026969163 0.999554941 -0.331001240 -0.943391439 -0.021231373 75.161125183 0.240256339 -5.768553734
0.000000000 0.500000000 0.666666667 0.500000000 0.500000000 0.000000000 0.000000000 0.947283532 -0.319354547 -0.025818261 0.016259479 -0.032561989 0.999337454 -0.319983654 -0.947075705 -0.025652897 75.254081726 0.209704578 -5.886947632
0.000000000 0.500000000 0.666666667 0.500000000 0.500000000 0.000000000 0.000000000 0.950876935 -0.308056549 -0.030564975 0.019782802 -0.038063883 0.999079467 -0.308936394 -0.950606282 -0.030099847 75.347389221 0.179055169 -6.005755425
0.000000000 0.500000000 0.666666667 0.500000000 0.500000000 0.000000000 0.000000000 0.954329137 -0.296698619 -0.035011813 0.023171689 -0.043330510 0.998792040 -0.297857299 -0.953987629 -0.034476560 75.441299438 0.147998661 -6.124667168
0.000000000 0.500000000 0.666666667 0.500000000 0.500000000 0.000000000 0.000000000 0.957647535 -0.285293002 -0.038975666 0.026272255 -0.048221633 0.998491083 -0.286741988 -0.957226503 -0.038684037 75.535629272 0.116810910 -6.243927956
0.000000000 0.500000000 0.666666667 0.500000000 0.500000000 0.000000000 0.000000000 0.960841484 -0.273854612 -0.042276403 0.028928013 -0.052600626 0.998196546 -0.275584493 -0.960331623 -0.042618793 75.630455017 0.085398555 -6.363434315
0.000000000 0.500000000 0.666666667 0.500000000 0.500000000 0.000000000 0.000000000 0.963921625 -0.262399756 -0.044737785 0.030980389 -0.056336028 0.997931094 -0.264377225 -0.963313355 -0.046174269 75.725967407 0.053553466 -6.482970238
0.000000000 0.500000000 0.666666667 0.500000000 0.500000000 0.000000000 0.000000000 0.966898722 -0.250945860 -0.046184800 0.032266586 -0.059299302 0.997718628 -0.253112086 -0.966183092 -0.049239253 75.821830750 0.021691283 -6.602922440
0.000000000 0.500000000 0.666666667 0.500000000 0.500000000 0.000000000 0.000000000 0.969782519 -0.239509206 -0.046445739 0.032621667 -0.061365147 0.997582150 -0.241780258 -0.968952867 -0.051697657 75.918716431 -0.010938721 -6.722547531
0.000000000 0.500000000 0.666666667 0.500000000 0.500000000 0.000000000 0.000000000 0.972579957 -0.228104157 -0.045351090 0.031876899 -0.062413365 0.997541195 -0.230373808 -0.971634224 -0.053430735 76.015991211 -0.043612670 -6.842534542
0.000000000 0.500000000 0.666666667 0.500000000 0.500000000 0.000000000 0.000000000 0.975293383 -0.216740887 -0.042734111 0.029860785 -0.062327447 0.997608953 -0.218886157 -0.974237485 -0.054315493 76.114356995 -0.077115476 -6.962096214
0.000000000 0.500000000 0.666666667 0.500000000 0.500000000 0.000000000 0.000000000 0.977918275 -0.205423840 -0.038430372 0.026398981 -0.060992716 0.997789047 -0.207313630 -0.976770666 -0.054222911 76.213340759 -0.110888056 -7.081770420
0.000000000 0.500000000 0.666666667 0.500000000 0.500000000 0.000000000 0.000000000 0.980440776 -0.194149530 -0.032277614 0.021313260 -0.058300318 0.998071549 -0.195656917 -0.979237986 -0.053022050 76.313735962 -0.145845950 -7.200612068
0.000000000 0.500000000 0.666666667 0.500000000 0.500000000 0.000000000 0.000000000 0.982834884 -0.182904230 -0.024117089 0.014423712 -0.054143489 0.998428986 -0.183922669 -0.981638694 -0.050575952 76.414840698 -0.181176141 -7.319428444
0.000000000 0.500000000 0.666666667 0.500000000 0.500000000 0.000000000 0.000000000 0.985059449 -0.171661604 -0.013790420 0.005545205 -0.048418958 0.998811722 -0.172125340 -0.983965395 -0.046743653 76.518310547 -0.218854368 -7.436123371
0.000000000 0.500000000 0.666666667 0.500000000 0.500000000 0.000000000 0.000000000 0.987049475 -0.160411554 -0.001211453 -0.005449506 -0.041077740 0.999141092 -0.160323539 -0.986195089 -0.041419926 76.623214722 -0.257384032 -7.551926136
0.000000000 0.500000000 0.666666667 0.500000000 0.500000000 0.000000000 0.000000000 0.988706788 -0.149258285 0.013448110 -0.018463754 -0.032269068 0.999308660 -0.148721138 -0.988271558 -0.034660515 76.726432800 -0.295625597 -7.662724018
0.000000000 0.500000000 0.666666667 0.500000000 0.500000000 0.000000000 0.000000000 0.989932234 -0.138336804 0.029951634 -0.033332256 -0.022185420 0.999198062 -0.137561377 -0.990136726 -0.026573140 76.828315735 -0.333084106 -7.768324852
0.000000000 0.500000000 0.666666667 0.500000000 0.500000000 0.000000000 0.000000000 0.990636449 -0.127785034 0.048066737 -0.049877797 -0.011008881 0.998694653 -0.127089069 -0.991740788 -0.017279435 76.928535461 -0.368373394 -7.869514465
0.000000000 0.500000000 0.666666667 0.500000000 0.500000000 0.000000000 0.000000000 0.990742433 -0.117746581 0.067566074 -0.067910696 0.001087438 0.997690811 -0.117548156 -0.993043081 -0.006918882 77.026512146 -0.400428444 -7.967246532
0.000000000 0.500000000 0.666666667 0.500000000 0.500000000 0.000000000 0.000000000 0.990187599 -0.108371834 0.088227340 -0.087227331 0.013942970 0.996090852 -0.109178343 -0.994012645 0.004353170 77.121719360 -0.428438097 -8.062253952
0.000000000 0.500000000 0.666666667 0.500000000 0.500000000 0.000000000 0.000000000 0.988924887 -0.099819382 0.109834688 -0.107611262 0.027408737 0.993815163 -0.102212445 -0.994627997 0.016363492 77.213706970 -0.452181995 -8.155005455
0.000000000 0.500000000 0.666666667 0.500000000 0.500000000 0.000000000 0.000000000 0.986923067 -0.092256783 0.132179975 -0.128834443 0.041348964 0.990803689 -0.096873866 -0.994876349 0.028922395 77.302047729 -0.471301883 -8.245929718
0.000000000 0.500000000 0.666666667 0.500000000 0.500000000 0.000000000 0.000000000 0.984166301 -0.085860801 0.155063260 -0.150658415 0.055641396 0.987018783 -0.093374160 -0.994752209 0.041824734 77.386207581 -0.485678077 -8.335355759
0.000000000 0.500000000 0.666666667 0.500000000 0.500000000 0.000000000 0.000000000 0.980652768 -0.080817458 0.178293824 -0.172836628 0.070177434 0.982447265 -0.091911093 -0.994255333 0.054851478 77.466789246 -0.497825921 -8.422149658
0.000000000 0.500000000 0.666666667 0.500000000 0.500000000 0.000000000 0.000000000 0.976392582 -0.077322001 0.201689943 -0.195116122 0.084861944 0.977101914 -0.092667276 -0.993388020 0.067771804 77.543098450 -0.506181657 -8.507153511
0.000000000 0.500000000 0.666666667 0.500000000 0.500000000 0.000000000 0.000000000 0.971404777 -0.075578320 0.225079270 -0.217240438 0.099612534 0.971022109 -0.095808936 -0.992151833 0.080345424 77.616271973 -0.513565660 -8.588921547
0.000000000 0.500000000 0.666666667 0.500000000 0.500000000 0.000000000 0.000000000 0.965713454 -0.075798643 0.248298391 -0.238952272 0.114358387 0.964273805 -0.101485650 -0.990543651 0.092325175 77.685592651 -0.518394768 -8.668250084
0.000000000 0.500000000 0.666666667 0.500000000 0.500000000 0.000000000 0.000000000 0.959343456 -0.078202673 0.271190848 -0.259995183 0.129038533 0.956949090 -0.109830046 -0.988551161 0.103459954 77.750961304 -0.522824109 -8.742669105
0.000000000 0.500000000 0.666666667 0.500000000 0.500000000 0.000000000 0.000000000 0.952315112 -0.083016613 0.293605466 -0.280116183 0.143599505 0.949164952 -0.120958059 -0.986147770 0.113497682 77.811660767 -0.525405288 -8.812900543
0.000000000 0.500000000 0.666666667 0.500000000 0.500000000 0.000000000 0.000000000 0.944638087 -0.090472102 0.315394487 -0.299068668 0.157992266 0.941061303 -0.134969684 -0.983286958 0.122188141 77.868309021 -0.527299821 -8.878361702
0.000000000 0.500000000 0.666666667 0.500000000 0.500000000 0.000000000 0.000000000 0.936305074 -0.100804530 0.336409357 -0.316613568 0.172168714 0.932798897 -0.151949521 -0.979896107 0.129286359 77.921142578 -0.528945327 -8.938829422
0.000000000 0.500000000 0.666666667 0.500000000 0.500000000 0.000000000 0.000000000 0.927284687 -0.114250775 0.356496661 -0.332521211 0.186077479 0.924556551 -0.171967302 -0.975869834 0.134555991 77.969703674 -0.529464722 -8.994739533
0.000000000 0.500000000 0.666666667 0.500000000 0.500000000 0.000000000 0.000000000 0.917513523 -0.131046519 0.375494000 -0.346573665 0.199659008 0.916527673 -0.195078520 -0.971062866 0.137772567 78.014343262 -0.529454350 -9.045774460
0.000000000 0.500000000 0.666666667 0.500000000 0.500000000 0.000000000 0.000000000 0.906888368 -0.151421881 0.393223729 -0.358565626 0.212840172 0.908916802 -0.221323698 -0.965282588 0.138727595 78.055328369 -0.529330432 -9.091702461
0.000000000 0.500000000 0.666666667 0.500000000 0.500000000 0.000000000 0.000000000 0.895262297 -0.175489332 0.409522789 -0.368352673 0.225547269 0.901911713 -0.250642630 -0.958296365 0.137282002 78.092658997 -0.529103398 -9.132493973
0.000000000 0.500000000 0.666666667 0.500000000 0.500000000 0.000000000 0.000000000 0.882470193 -0.202916899 0.424347842 -0.375992090 0.237756118 0.895601461 -0.282623967 -0.949893026 0.133517538 78.126182556 -0.528577268 -9.168226242
0.000000000 0.500000000 0.666666667 0.500000000 0.500000000 0.000000000 0.000000000 0.868353327 -0.233247949 0.437673272 -0.381600654 0.249435936 0.890035199 -0.316770327 -0.939881433 0.127590955 78.155670166 -0.527475595 -9.199024200
0.000000000 0.500000000 0.666666667 0.500000000 0.500000000 0.000000000 0.000000000 0.852771936 -0.266010138 0.449464828 -0.385309036 0.260536869 0.885244309 -0.352586120 -0.928094363 0.119682421 78.181419373 -0.526389122 -9.224558830
0.000000000 0.500000000 0.666666667 0.500000000 0.500000000 0.000000000 0.000000000 0.835618028 -0.300718408 0.459685708 -0.387260431 0.270995703 0.881243830 -0.389579094 -0.914401317 0.109992555 78.203369141 -0.525327742 -9.244812965
0.000000000 0.500000000 0.666666667 0.500000000 0.500000000 0.000000000 0.000000000 0.816824798 -0.336880131 0.468304417 -0.387610733 0.280742504 0.878032782 -0.427264754 -0.898718768 0.098739085 78.221450806 -0.524298668 -9.259778023
0.000000000 0.500000000 0.666666667 0.500000000 0.500000000 0.000000000 0.000000000 0.796374857 -0.374000870 0.475300364 -0.386527024 0.289706206 0.875595325 -0.465170878 -0.881018538 0.086153296 78.235610962 -0.523310542 -9.269447327
0.000000000 0.500000000 0.666666667 0.500000000 0.500000000 0.000000000 0.000000000 0.774306055 -0.411591250 0.480669092 -0.384186164 0.297819607 0.873901867 -0.502843042 -0.861333922 0.072475862 78.245796204 -0.522373617 -9.273827553
0.000000000 0.500000000 0.666666667 0.500000000 0.500000000 0.000000000 0.000000000 0.750714406 -0.449175032 0.484427158 -0.380773415 0.305024137 0.872910008 -0.539851356 -0.839763102 0.057952103 78.251937866 -0.521492898 -9.272930145
0.000000000 0.500000000 0.666666667 0.500000000 0.500000000 0.000000000 0.000000000 0.725755169 -0.486297491 0.486615027 -0.376479782 0.311273739 0.872566120 -0.575797194 -0.816470091 0.042827351 78.257781982 -0.520728111 -9.271522522
0.000000000 0.500000000 0.666666667 0.500000000 0.500000000 0.000000000 0.000000000 0.699641168 -0.522534021 0.487299121 -0.371499468 0.316537753 0.872806964 -0.610319901 -0.791683048 0.027341732 78.263282776 -0.520083606 -9.269631386
0.000000000 0.500000000 0.666666667 0.500000000 0.500000000 0.000000000 0.000000000 0.672642481 -0.558892864 0.484964802 -0.366027324 0.318285294 0.874481829 -0.643098819 -0.765723996 0.009522150 78.268562317 -0.519875467 -9.267298698
0.000000000 0.500000000 0.666666667 0.500000000 0.500000000 0.000000000 0.000000000 0.645077527 -0.593598308 0.481161130 -0.360256524 0.319054533 0.876595370 -0.673862168 -0.738813409 -0.008032754 78.273391724 -0.519786358 -9.264550209
0.000000000 0.500000000 0.666666667 0.500000000 0.500000000 0.000000000 0.000000000 0.617310774 -0.625820283 0.476735128 -0.354374814 0.319824178 0.878709842 -0.702385862 -0.711379975 -0.024344035 78.281333923 -0.519744873 -9.266009331
0.000000000 0.500000000 0.666666667 0.500000000 0.500000000 0.000000000 0.000000000 0.589741962 -0.655357473 0.471922665 -0.348563338 0.320570380 0.880760031 -0.728497095 -0.683916087 -0.039379784 78.292373657 -0.519753993 -9.271735191
0.000000000 0.500000000 0.666666667 0.500000000 0.500000000 0.000000000 0.000000000 0.562801567 -0.682068120 0.466944832 -0.342993565 0.321272377 0.882688775 -0.752070350 -0.656937699 -0.053132378 78.306480408 -0.519816279 -9.281792641
0.000000000 0.500000000 0.666666667 0.500000000 0.500000000 0.000000000 0.000000000 0.536939834 -0.705865710 0.462005643 -0.337826577 0.321912174 0.884446582 -0.773025755 -0.630972386 -0.065612727 78.323638916 -0.519934058 -9.296248436
0.000000000 0.500000000 0.666666667 0.500000000 0.500000000 0.000000000 0.000000000 0.512618682 -0.726709768 0.457290936 -0.333211538 0.322474367 0.885991170 -0.791323043 -0.606550242 -0.076841695 78.343856812 -0.520109236 -9.315167427
0.000000000 0.500000000 0.666666667 0.500000000 0.500000000 0.000000000 0.000000000 0.490304979 -0.744593737 0.452969309 -0.329285095 0.322945813 0.887286497 -0.806952510 -0.584197029 -0.086841679 78.366867065 -0.519956052 -9.338828087
0.000000000 0.500000000 0.666666667 0.500000000 0.500000000 0.000000000 0.000000000 0.470462233 -0.759532358 0.449194707 -0.326172549 0.323315099 0.888301084 -0.819924847 -0.564427094 -0.095631062 78.392745972 -0.519595921 -9.367226601
0.000000000 0.500000000 0.666666667 0.500000000 0.500000000 0.000000000 0.000000000 0.453445258 -0.773006871 0.443675305 -0.323943683 0.320812452 0.890022393 -0.830329988 -0.547302246 -0.104939808 78.421806335 -0.519550741 -9.400275230
0.000000000 0.500000000 0.666666667 0.500000000 0.500000000 0.000000000 0.000000000 0.439188228 -0.784077863 0.438560834 -0.322482351 0.318038863 0.891547203 -0.838521815 -0.532985165 -0.113172348 78.453926086 -0.519495845 -9.437997818
0.000000000 0.500000000 0.666666667 0.500000000 0.500000000 0.000000000 0.000000000 0.427485045 -0.793098224 0.433879872 -0.321624272 0.315117308 0.892893560 -0.844875354 -0.521244942 -0.120371702 78.489151001 -0.519415259 -9.480361938
0.000000000 0.500000000 0.666666667 0.500000000 0.500000000 0.000000000 0.000000000 0.418094558 -0.800376710 0.429644112 -0.321203126 0.312158622 0.894083635 -0.849720832 -0.511814534 -0.126571680 78.527290344 -0.518997192 -9.527503014
0.000000000 0.500000000 0.666666667 0.500000000 0.500000000 0.000000000 0.000000000 0.410749775 -0.806186126 0.425850388 -0.321052243 0.309264597 0.895142930 -0.853352260 -0.504399979 -0.131797500 78.567901611 -0.517592132 -9.579732895
0.000000000 0.500000000 0.666666667 0.500000000 0.500000000 0.000000000 0.000000000 0.405164314 -0.810770522 0.422484366 -0.321007570 0.306531609 0.896098495 -0.856035057 -0.498687812 -0.136067806 78.611656189 -0.516021132 -9.636552811
0.000000000 0.500000000 0.666666667 0.500000000 0.500000000 0.000000000 0.000000000 0.401038735 -0.814352707 0.419520681 -0.320905956 0.304052055 0.896979217 -0.858013578 -0.494350095 -0.139393983 78.658554077 -0.514273047 -9.697923660
0.000000000 0.500000000 0.666666667 0.500000000 0.500000000 0.000000000 0.000000000 0.398063680 -0.817140065 0.416926158 -0.320587182 0.301916532 0.897814160 -0.859516821 -0.491048391 -0.141782625 78.707298279 -0.510687232 -9.764716148
0.000000000 0.500000000 0.666666667 0.500000000 0.500000000 0.000000000 0.000000000 0.395924179 -0.819328901 0.414661545 -0.319893825 0.300214451 0.898631862 -0.860762444 -0.488437750 -0.143236096 78.758956909 -0.506557584 -9.836163521
0.000000000 0.500000000 0.666666667 0.500000000 0.500000000 0.000000000 0.000000000 0.394301002 -0.821108827 0.412682703 -0.318669794 0.299034306 0.899459864 -0.861960719 -0.486167438 -0.143753055 78.812759399 -0.500980794 -9.912701607
0.000000000 0.500000000 0.666666667 0.500000000 0.500000000 0.000000000 0.000000000 0.392872149 -0.822664798 0.410942946 -0.316760242 0.298463416 0.900323574 -0.863315947 -0.483882445 -0.143329536 78.867988586 -0.493137211 -9.994720459
0.000000000 0.500000000 0.666666667 0.500000000 0.500000000 0.000000000 0.000000000 0.391314714 -0.824177629 0.409394713 -0.314010359 0.298586488 0.901245585 -0.865026179 -0.481224839 -0.141959026 78.924606323 -0.482592165 -10.082029343
0.000000000 0.500000000 0.666666667 0.500000000 0.500000000 0.000000000 0.000000000 0.389302079 -0.825825114 0.407991143 -0.310263737 0.299484183 0.902244777 -0.867283290 -0.477830624 -0.139633770 78.982391357 -0.469031960 -10.174692154
0.000000000 0.500000000 0.666666667 0.500000000 0.500000000 0.000000000 0.000000000 0.386506416 -0.827778707 0.406688089 -0.305360178 0.301230499 0.903335679 -0.870268897 -0.473331383 -0.136343133 79.039077759 -0.448596805 -10.273137093
0.000000000 0.500000000 0.666666667 0.500000000 0.500000000 0.000000000 0.000000000 0.382593773 -0.830202258 0.405445699 -0.299134342 0.303889561 0.904527380 -0.874151389 -0.467349275 -0.132075752 79.095306396 -0.421439797 -10.376470566
0.000000000 0.500000000 0.666666667 0.500000000 0.500000000 0.000000000 0.000000000 0.377224351 -0.833246342 0.404230533 -0.291412662 0.307512052 0.905822829 -0.879079319 -0.459496324 -0.126817500 79.150497437 -0.385557860 -10.483993530
0.000000000 0.500000000 0.666666667 0.500000000 0.500000000 0.000000000 0.000000000 0.370048480 -0.837043214 0.403017097 -0.282011708 0.312130009 0.907217865 -0.885174287 -0.449370132 -0.120552751 79.204994202 -0.339874268 -10.594530106
0.000000000 0.500000000 0.666666667 0.500000000 0.500000000 0.000000000 0.000000000 0.360704449 -0.841698771 0.401790342 -0.270735986 0.317751737 0.908700093 -0.892521331 -0.436551271 -0.113263682 79.260185242 -0.284799188 -10.706930161
0.000000000 0.500000000 0.666666667 0.500000000 0.500000000 0.000000000 0.000000000 0.348815518 -0.847283807 0.400546981 -0.257375349 0.324354908 0.910248221 -0.901157957 -0.420599624 -0.104929940 79.317932129 -0.221947014 -10.820585251
0.000000000 0.500000000 0.666666667 0.500000000 0.500000000 0.000000000 0.000000000 0.333987173 -0.853822922 0.399298118 -0.241704594 0.331879150 0.911830642 -0.911060622 -0.401051927 -0.095529544 79.379875183 -0.153343499 -10.935461044
