0.000000000 0.384615385 0.666666667 0.384615385 0.500000000 0.000000000 0.000000000 -0.109630000 0.000000000 0.993972466 -0.419480890 -0.993972466 0.000000000 -0.109630000 -3.716778517 0.000000000 1.000000000 0.000000000 7.285381317
0.000000000 0.384615385 0.666666667 0.384615385 0.500000000 0.000000000 0.000000000 -0.162552405 0.000000000 0.986699912 -0.310009450 -0.986699912 0.000000000 -0.162552405 -3.717043877 0.000000000 1.000000000 0.000000000 7.271301746
0.000000000 0.384615385 0.666666667 0.384615385 0.500000000 0.000000000 0.000000000 -0.185714727 0.000000000 0.982603705 -0.201796338 -0.982603705 0.000000000 -0.185714727 -3.719193697 0.000000000 1.000000000 0.000000000 7.257709980
0.000000000 0.384615385 0.666666667 0.384615385 0.500000000 0.000000000 0.000000000 -0.238659083 0.000000000 0.971103415 -0.091767579 -0.971103415 0.000000000 -0.238659083 -3.718973398 0.000000000 1.000000000 0.000000000 7.243483067
0.000000000 0.384615385 0.666666667 0.384615385 0.500000000 0.000000000 0.000000000 -0.321953898 0.000000000 0.946755347 0.017194824 -0.946755347 0.000000000 -0.321953898 -3.723879337 0.000000000 1.000000000 0.000000000 7.223944664
0.000000000 0.384615385 0.666666667 0.384615385 0.500000000 0.000000000 0.000000000 -0.333939086 0.000000000 0.942594657 0.134044185 -0.942594657 0.000000000 -0.333939086 -3.720512629 0.000000000 1.000000000 0.000000000 7.207611561
0.000000000 0.384615385 0.666666667 0.384615385 0.500000000 0.000000000 0.000000000 -0.412836879 0.000000000 0.910804980 0.271642059 -0.910804980 0.000000000 -0.412836879 -3.725626707 0.000000000 1.000000000 0.000000000 7.187387466
0.000000000 0.384615385 0.666666667 0.384615385 0.500000000 0.000000000 0.000000000 -0.497493345 0.000000000 0.867467793 0.405567020 -0.867467793 0.000000000 -0.497493345 -3.731750488 0.000000000 1.000000000 0.000000000 7.154432774
0.000000000 0.384615385 0.666666667 0.384615385 0.500000000 0.000000000 0.000000000 -0.517295109 0.000000000 0.855807087 0.541596949 -0.855807087 0.000000000 -0.517295109 -3.728766918 0.000000000 1.000000000 0.000000000 7.129663944
0.000000000 0.384615385 0.666666667 0.384615385 0.500000000 0.000000000 0.000000000 -0.553867544 0.000000000 0.832604795 0.676698565 -0.832604795 0.000000000 -0.553867544 -3.735510111 0.000000000 1.000000000 0.000000000 7.103693008
0.000000000 0.384615385 0.666666667 0.384615385 0.500000000 0.000000000 0.000000000 -0.612070898 0.000000000 0.790802893 0.818339825 -0.790802893 0.000000000 -0.612070898 -3.739168644 0.000000000 1.000000000 0.000000000 7.067855835
0.000000000 0.384615385 0.666666667 0.384615385 0.500000000 0.000000000 0.000000000 -0.685713757 0.000000000 0.727871310 0.946488619 -0.727871310 0.000000000 -0.685713757 -3.739100218 0.000000000 1.000000000 0.000000000 7.038732052
0.000000000 0.384615385 0.666666667 0.384615385 0.500000000 0.000000000 0.000000000 -0.707106263 0.000000000 0.707107299 1.079839468 -0.707107299 0.000000000 -0.707106263 -3.742601156 0.000000000 1.000000000 0.000000000 7.006429195
0.000000000 0.384615385 0.666666667 0.384615385 0.500000000 0.000000000 0.000000000 -0.764336052 0.000000000 0.644818114 1.219123244 -0.644818114 0.000000000 -0.764336052 -3.747261763 0.000000000 1.000000000 0.000000000 6.969240189
0.000000000 0.384615385 0.666666667 0.384615385 0.500000000 0.000000000 0.000000000 -0.798840606 0.000000000 0.601542755 1.351572871 -0.601542755 0.000000000 -0.798840606 -3.745295286 0.000000000 1.000000000 0.000000000 6.927286148
0.000000000 0.384615385 0.666666667 0.384615385 0.500000000 0.000000000 0.000000000 -0.803865996 0.000000000 0.594810441 1.482233524 -0.594810441 0.000000000 -0.803865996 -3.746938467 0.000000000 1.000000000 0.000000000 6.890265465
0.000000000 0.384615385 0.666666667 0.384615385 0.500000000 0.000000000 0.000000000 -0.839505728 0.000000000 0.543350838 1.597492695 -0.543350838 0.000000000 -0.839505728 -3.748511791 0.000000000 1.000000000 0.000000000 6.855987549
0.000000000 0.384615385 0.666666667 0.384615385 0.500000000 0.000000000 0.000000000 -0.887833837 0.000000000 0.460164185 1.705993891 -0.460164185 0.000000000 -0.887833837 -3.751122952 0.000000000 1.000000000 0.000000000 6.817130566
0.000000000 0.384615385 0.666666667 0.384615385 0.500000000 0.000000000 0.000000000 -0.889475546 0.000000000 0.456982771 1.823213458 -0.456982771 0.000000000 -0.889475546 -3.750825644 0.000000000 1.000000000 0.000000000 6.779053688
0.000000000 0.384615385 0.666666667 0.384615385 0.500000000 0.000000000 0.000000000 -0.893627056 0.000000000 0.448810299 1.943720341 -0.448810299 0.000000000 -0.893627056 -3.751602650 0.000000000 1.000000000 0.000000000 6.738127232
0.000000000 0.384615385 0.666666667 0.384615385 0.500000000 0.000000000 0.000000000 -0.903938462 0.000000000 0.427662551 2.055635214 -0.427662551 0.000000000 -0.903938462 -3.754420042 0.000000000 1.000000000 0.000000000 6.697488785
0.000000000 0.384615385 0.666666667 0.384615385 0.500000000 0.000000000 0.000000000 -0.922168087 0.000000000 0.386789374 2.175896645 -0.386789374 0.000000000 -0.922168087 -3.750130415 0.000000000 1.000000000 0.000000000 6.643202782
0.000000000 0.384615385 0.666666667 0.384615385 0.500000000 0.000000000 0.000000000 -0.941675702 0.000000000 0.336521727 2.284189701 -0.336521727 0.000000000 -0.941675702 -3.752088547 0.000000000 1.000000000 0.000000000 6.593299389
0.000000000 0.384615385 0.666666667 0.384615385 0.500000000 0.000000000 0.000000000 -0.947796081 0.000000000 0.318877075 2.402532816 -0.318877075 0.000000000 -0.947796081 -3.755842209 0.000000000 1.000000000 0.000000000 6.544735432
0.000000000 0.384615385 0.666666667 0.384615385 0.500000000 0.000000000 0.000000000 -0.961236416 0.000000000 0.275725502 2.512520075 -0.275725502 0.000000000 -0.961236416 -3.750334501 0.000000000 1.000000000 0.000000000 6.489456177
0.000000000 0.384615385 0.666666667 0.384615385 0.500000000 0.000000000 0.000000000 -0.963357623 0.000000000 0.268220228 2.623007774 -0.268220228 0.000000000 -0.963357623 -3.748530149 0.000000000 1.000000000 0.000000000 6.436009884
0.000000000 0.384615385 0.666666667 0.384615385 0.500000000 0.000000000 0.000000000 -0.980145120 0.000000000 0.198281475 2.730896950 -0.198281475 0.000000000 -0.980145120 -3.751122952 0.000000000 1.000000000 0.000000000 6.377952576
0.000000000 0.384615385 0.666666667 0.384615385 0.500000000 0.000000000 0.000000000 -0.988247530 0.000000000 0.152862093 2.837313890 -0.152862093 0.000000000 -0.988247530 -3.751372576 0.000000000 1.000000000 0.000000000 6.319063663
0.000000000 0.384615385 0.666666667 0.384615385 0.500000000 0.000000000 0.000000000 -0.994574404 0.000000000 0.104027668 2.945259094 -0.104027668 0.000000000 -0.994574404 -3.749129057 0.000000000 1.000000000 0.000000000 6.260755062
0.000000000 0.384615385 0.666666667 0.384615385 0.500000000 0.000000000 0.000000000 -0.999828622 0.000000000 0.018512885 3.058812141 -0.018512885 0.000000000 -0.999828622 -3.747352123 0.000000000 1.000000000 0.000000000 6.188577652
0.000000000 0.384615385 0.666666667 0.384615385 0.500000000 0.000000000 0.000000000 -0.999684193 0.000000000 -0.025129929 3.170423269 0.025129929 0.000000000 -0.999684193 -3.742894888 0.000000000 1.000000000 0.000000000 6.105508327
0.000000000 0.384615385 0.666666667 0.384615385 0.500000000 0.000000000 0.000000000 -0.993990786 0.000000000 -0.109463770 3.278314352 0.109463770 0.000000000 -0.993990786 -3.743728638 0.000000000 1.000000000 0.000000000 6.025731564
0.000000000 0.384615385 0.666666667 0.384615385 0.500000000 0.000000000 0.000000000 -0.992490060 0.000000000 -0.122325306 3.387718678 0.122325306 0.000000000 -0.992490060 -3.736974955 0.000000000 1.000000000 0.000000000 5.937671185
0.000000000 0.384615385 0.666666667 0.384615385 0.500000000 0.000000000 0.000000000 -0.989899801 0.000000000 -0.141768772 3.494554996 0.141768772 0.000000000 -0.989899801 -3.733581543 0.000000000 1.000000000 0.000000000 5.849071980
0.000000000 0.384615385 0.666666667 0.384615385 0.500000000 0.000000000 0.000000000 -0.989351319 0.000000000 -0.145547135 3.595557213 0.145547135 0.000000000 -0.989351319 -3.731946945 0.000000000 1.000000000 0.000000000 5.747226238
0.000000000 0.384615385 0.666666667 0.384615385 0.500000000 0.000000000 0.000000000 -0.984219015 0.000000000 -0.176954601 3.711616993 0.176954601 0.000000000 -0.984219015 -3.723354340 0.000000000 1.000000000 0.000000000 5.635623455
0.000000000 0.384615385 0.666666667 0.384615385 0.500000000 0.000000000 0.000000000 -0.976385803 0.000000000 -0.216034173 3.810357571 0.216034173 0.000000000 -0.976385803 -3.713265181 0.000000000 1.000000000 0.000000000 5.512609959
0.000000000 0.384615385 0.666666667 0.384615385 0.500000000 0.000000000 0.000000000 -0.960980617 0.000000000 -0.276615714 3.907857180 0.276615714 0.000000000 -0.960980617 -3.714322329 0.000000000 1.000000000 0.000000000 5.388450623
0.000000000 0.384615385 0.666666667 0.384615385 0.500000000 0.000000000 0.000000000 -0.959532779 0.000000000 -0.281596955 3.999143600 0.281596955 0.000000000 -0.959532779 -3.712491274 0.000000000 1.000000000 0.000000000 5.256716728
0.000000000 0.384615385 0.666666667 0.384615385 0.500000000 0.000000000 0.000000000 -0.931516339 0.000000000 -0.363699478 4.077386856 0.363699478 0.000000000 -0.931516339 -3.714921713 0.000000000 1.000000000 0.000000000 5.117684364
0.000000000 0.384615385 0.666666667 0.384615385 0.500000000 0.000000000 0.000000000 -0.916621202 0.000000000 -0.399756891 4.138800144 0.399756891 0.000000000 -0.916621202 -3.704807043 0.000000000 1.000000000 0.000000000 4.980315208
0.000000000 0.384615385 0.666666667 0.384615385 0.500000000 0.000000000 0.000000000 -0.902851847 0.000000000 -0.429951791 4.199122429 0.429951791 0.000000000 -0.902851847 -3.705771923 0.000000000 1.000000000 0.000000000 4.832844257
0.000000000 0.384615385 0.666666667 0.384615385 0.500000000 0.000000000 0.000000000 -0.901197782 0.000000000 -0.433408073 4.245261192 0.433408073 0.000000000 -0.901197782 -3.709957123 0.000000000 1.000000000 0.000000000 4.681584358
0.000000000 0.384615385 0.666666667 0.384615385 0.500000000 0.000000000 0.000000000 -0.893793369 0.000000000 -0.448479000 4.289324284 0.448479000 0.000000000 -0.893793369 -3.707093477 0.000000000 1.000000000 0.000000000 4.525903225
0.000000000 0.384615385 0.666666667 0.384615385 0.500000000 0.000000000 0.000000000 -0.885766438 0.000000000 -0.464131250 4.308359146 0.464131250 0.000000000 -0.885766438 -3.698651075 0.000000000 1.000000000 0.000000000 4.377128601
0.000000000 0.384615385 0.666666667 0.384615385 0.500000000 0.000000000 0.000000000 -0.843031113 0.000000000 -0.537864800 4.322952271 0.537864800 0.000000000 -0.843031113 -3.703652143 0.000000000 1.000000000 0.000000000 4.224820614
0.000000000 0.384615385 0.666666667 0.384615385 0.500000000 0.000000000 0.000000000 -0.833072083 0.000000000 -0.553164446 4.324293137 0.553164446 0.000000000 -0.833072083 -3.703456402 0.000000000 1.000000000 0.000000000 4.064273357
0.000000000 0.384615385 0.666666667 0.384615385 0.500000000 0.000000000 0.000000000 -0.806713955 0.000000000 -0.590942125 4.322185040 0.590942125 0.000000000 -0.806713955 -3.695609093 0.000000000 1.000000000 0.000000000 3.913864136
0.000000000 0.384615385 0.666666667 0.384615385 0.500000000 0.000000000 0.000000000 -0.798340784 0.000000000 -0.602205938 4.307179451 0.602205938 0.000000000 -0.798340784 -3.692756176 0.000000000 1.000000000 0.000000000 3.751105785
0.000000000 0.384615385 0.666666667 0.384615385 0.500000000 0.000000000 0.000000000 -0.760053814 0.000000000 -0.649860138 4.275192261 0.649860138 0.000000000 -0.760053814 -3.698730469 0.000000000 1.000000000 0.000000000 3.600963116
0.000000000 0.384615385 0.666666667 0.384615385 0.500000000 0.000000000 0.000000000 -0.694864674 0.000000000 -0.719140518 4.245084286 0.719140518 0.000000000 -0.694864674 -3.693759680 0.000000000 1.000000000 0.000000000 3.454886436
0.000000000 0.384615385 0.666666667 0.384615385 0.500000000 0.000000000 0.000000000 -0.639844362 0.000000000 -0.768504517 4.196509361 0.768504517 0.000000000 -0.639844362 -3.698099375 0.000000000 1.000000000 0.000000000 3.302413225
0.000000000 0.384615385 0.666666667 0.384615385 0.500000000 0.000000000 0.000000000 -0.577238272 0.000000000 -0.816575763 4.143498421 0.816575763 0.000000000 -0.577238272 -3.695392370 0.000000000 1.000000000 0.000000000 3.174256563
0.000000000 0.384615385 0.666666667 0.384615385 0.500000000 0.000000000 0.000000000 -0.558953308 0.000000000 -0.829199131 4.086162090 0.829199131 0.000000000 -0.558953308 -3.701868296 0.000000000 1.000000000 0.000000000 3.047400951
0.000000000 0.384615385 0.666666667 0.384615385 0.500000000 0.000000000 0.000000000 -0.512852865 0.000000000 -0.858476522 4.022969246 0.858476522 0.000000000 -0.512852865 -3.698314667 0.000000000 1.000000000 0.000000000 2.923370600
0.000000000 0.384615385 0.666666667 0.384615385 0.500000000 0.000000000 0.000000000 -0.462882954 0.000000000 -0.886419410 3.947958231 0.886419410 0.000000000 -0.462882954 -3.699260235 0.000000000 1.000000000 0.000000000 2.806152821
0.000000000 0.384615385 0.666666667 0.384615385 0.500000000 0.000000000 0.000000000 -0.426622064 0.000000000 -0.904429994 3.875516176 0.904429994 0.000000000 -0.426622064 -3.694512844 0.000000000 1.000000000 0.000000000 2.692183256
0.000000000 0.384615385 0.666666667 0.384615385 0.500000000 0.000000000 0.000000000 -0.363766163 0.000000000 -0.931490300 3.784197569 0.931490300 0.000000000 -0.363766163 -3.699808359 0.000000000 1.000000000 0.000000000 2.584260464
0.000000000 0.384615385 0.666666667 0.384615385 0.500000000 0.000000000 0.000000000 -0.346322122 0.000000000 -0.938115658 3.696737289 0.938115658 0.000000000 -0.346322122 -3.705710411 0.000000000 1.000000000 0.000000000 2.479836941
0.000000000 0.384615385 0.666666667 0.384615385 0.500000000 0.000000000 0.000000000 -0.277706656 0.000000000 -0.960665922 3.597777843 0.960665922 0.000000000 -0.277706656 -3.699475050 0.000000000 1.000000000 0.000000000 2.374027014
0.000000000 0.384615385 0.666666667 0.384615385 0.500000000 0.000000000 0.000000000 -0.260573574 0.000000000 -0.965453993 3.492001772 0.965453993 0.000000000 -0.260573574 -3.705239058 0.000000000 1.000000000 0.000000000 2.286087513
0.000000000 0.384615385 0.666666667 0.384615385 0.500000000 0.000000000 0.000000000 -0.222822281 0.000000000 -0.974859083 3.374197721 0.974859083 0.000000000 -0.222822281 -3.694924831 0.000000000 1.000000000 0.000000000 2.194942951
0.000000000 0.384615385 0.666666667 0.384615385 0.500000000 0.000000000 0.000000000 -0.206036527 0.000000000 -0.978544301 3.237285614 0.978544301 0.000000000 -0.206036527 -3.697340012 0.000000000 1.000000000 0.000000000 2.110690832
0.000000000 0.384615385 0.666666667 0.384615385 0.500000000 0.000000000 0.000000000 -0.184298043 0.000000000 -0.982870404 3.102363825 0.982870404 0.000000000 -0.184298043 -3.695532799 0.000000000 1.000000000 0.000000000 2.026702642
0.000000000 0.384615385 0.666666667 0.384615385 0.500000000 0.000000000 0.000000000 -0.150451542 0.000000000 -0.988617385 2.956729650 0.988617385 0.000000000 -0.150451542 -3.700126886 0.000000000 1.000000000 0.000000000 1.951611280
0.000000000 0.384615385 0.666666667 0.384615385 0.500000000 0.000000000 0.000000000 -0.082287954 0.000000000 -0.996608595 2.799278259 0.996608595 0.000000000 -0.082287954 -3.705776215 0.000000000 1.000000000 0.000000000 1.891170263
0.000000000 0.384615385 0.666666667 0.384615385 0.500000000 0.000000000 0.000000000 0.003663969 0.000000000 -0.999993288 2.623698950 0.999993288 0.000000000 0.003663969 -3.709511518 0.000000000 1.000000000 0.000000000 1.830105543
0.000000000 0.384615385 0.666666667 0.384615385 0.500000000 0.000000000 0.000000000 0.014284709 0.000000000 -0.999897968 2.417044401 0.999897968 0.000000000 0.014284709 -3.710626841 0.000000000 1.000000000 0.000000000 1.788876295
0.000000000 0.384615385 0.666666667 0.384615385 0.500000000 0.000000000 0.000000000 0.051185947 0.000000000 -0.998689140 2.211610079 0.998689140 0.000000000 0.051185947 -3.719316244 0.000000000 1.000000000 0.000000000 1.744120479
0.000000000 0.384615385 0.666666667 0.384615385 0.500000000 0.000000000 0.000000000 0.115531946 0.000000000 -0.993303765 2.001987934 0.993303765 0.000000000 0.115531946 -3.719266176 0.000000000 1.000000000 0.000000000 1.715819001
0.000000000 0.384615385 0.666666667 0.384615385 0.500000000 0.000000000 0.000000000 0.209845220 0.000000000 -0.977734618 1.801203251 0.977734618 0.000000000 0.209845220 -3.716501474 0.000000000 1.000000000 0.000000000 1.697093725
0.000000000 0.384615385 0.666666667 0.384615385 0.500000000 0.000000000 0.000000000 0.264113780 0.000000000 -0.964491530 1.586859107 0.964491530 0.000000000 0.264113780 -3.723653555 0.000000000 1.000000000 0.000000000 1.695271015
0.000000000 0.384615385 0.666666667 0.384615385 0.500000000 0.000000000 0.000000000 0.294879294 0.000000000 -0.955534511 1.383389354 0.955534511 0.000000000 0.294879294 -3.729422569 0.000000000 1.000000000 0.000000000 1.693039536
0.000000000 0.384615385 0.666666667 0.384615385 0.500000000 0.000000000 0.000000000 0.359133121 0.000000000 -0.933286345 1.171050429 0.933286345 0.000000000 0.359133121 -3.728800058 0.000000000 1.000000000 0.000000000 1.703308105
0.000000000 0.384615385 0.666666667 0.384615385 0.500000000 0.000000000 0.000000000 0.379965923 0.000000000 -0.925000485 0.962559938 0.925000485 0.000000000 0.379965923 -3.729859591 0.000000000 1.000000000 0.000000000 1.716956139
0.000000000 0.384615385 0.666666667 0.384615385 0.500000000 0.000000000 0.000000000 0.437280261 0.000000000 -0.899325288 0.750968277 0.899325288 0.000000000 0.437280261 -3.728389263 0.000000000 1.000000000 0.000000000 1.735326529
0.000000000 0.384615385 0.666666667 0.384615385 0.500000000 0.000000000 0.000000000 0.496980223 0.000000000 -0.867761867 0.522758782 0.867761867 0.000000000 0.496980223 -3.733753681 0.000000000 1.000000000 0.000000000 1.755380869
0.000000000 0.384615385 0.666666667 0.384615385 0.500000000 0.000000000 0.000000000 0.546192598 0.000000000 -0.837659624 0.314725190 0.837659624 0.000000000 0.546192598 -3.735910654 0.000000000 1.000000000 0.000000000 1.775156856
0.000000000 0.384615385 0.666666667 0.384615385 0.500000000 0.000000000 0.000000000 0.555639355 0.000000000 -0.831423423 0.092310481 0.831423423 0.000000000 0.555639355 -3.726689339 0.000000000 1.000000000 0.000000000 1.795434475
0.000000000 0.384615385 0.666666667 0.384615385 0.500000000 0.000000000 0.000000000 0.595233317 0.000000000 -0.803552922 -0.114929579 0.803552922 0.000000000 0.595233317 -3.734544516 0.000000000 1.000000000 0.000000000 1.821131587
0.000000000 0.384615385 0.666666667 0.384615385 0.500000000 0.000000000 0.000000000 0.636313707 0.000000000 -0.771430403 -0.314264357 0.771430403 0.000000000 0.636313707 -3.742982149 0.000000000 1.000000000 0.000000000 1.836237788