0.000000000 0.500000000 0.666666667 0.500000000 0.500000000 0.000000000 0.000000000 0.865573119 0.170339268 0.470922191 -0.500000006 0.241410561 0.831697622 0.027985174 -0.955356203 0.294128127 -6.054595947 -0.447477758 -14.311327934
0.000000000 0.500000000 0.666666667 0.500000000 0.500000000 0.000000000 0.000000000 0.865978397 0.152577618 0.476236797 -0.500000031 0.246992112 0.830057146 0.009021410 -0.956929970 0.290178647 -6.049335957 -0.446966738 -14.298361778
0.000000000 0.500000000 0.666666667 0.500000000 0.500000000 0.000000000 0.000000000 0.865968395 0.134822020 0.481582560 -0.499999849 0.252559461 0.828380269 -0.009944330 -0.958142339 0.286119501 -6.042563438 -0.446550637 -14.278791428
0.000000000 0.500000000 0.666666667 0.500000000 0.500000000 0.000000000 0.000000000 0.865543017 0.117081195 0.486957165 -0.500000025 0.258109231 0.826667769 -0.028900889 -0.958995109 0.281945242 -6.034276009 -0.446229696 -14.252619743
0.000000000 0.500000000 0.666666667 0.500000000 0.500000000 0.000000000 0.000000000 0.864703163 0.099363718 0.492356874 -0.500000078 0.263638160 0.824921113 -0.047836832 -0.959490371 0.277650617 -6.024429798 -0.445591420 -14.219853401
0.000000000 0.500000000 0.666666667 0.500000000 0.500000000 0.000000000 0.000000000 0.863449812 0.081678208 0.497778155 -0.500000076 0.269143194 0.823141461 -0.066740883 -0.959630456 0.273230751 -6.013041973 -0.444822252 -14.180490494
0.000000000 0.500000000 0.666666667 0.500000000 0.500000000 0.000000000 0.000000000 0.861784371 0.064032820 0.503217146 -0.500000027 0.274620824 0.821330248 -0.085601816 -0.959418157 0.268680346 -6.000133038 -0.444043070 -14.134526253
0.000000000 0.500000000 0.666666667 0.500000000 0.500000000 0.000000000 0.000000000 0.859708599 0.046435913 0.508669668 -0.499999991 0.280068211 0.819488747 -0.104408496 -0.958856352 0.263995005 -5.985702992 -0.443254143 -14.081965446
0.000000000 0.500000000 0.666666667 0.500000000 0.500000000 0.000000000 0.000000000 0.857224731 0.028895392 0.514131128 -0.499999853 0.285482323 0.817618487 -0.123149942 -0.957948276 0.259170200 -5.969751835 -0.442455977 -14.022805214
0.000000000 0.500000000 0.666666667 0.500000000 0.500000000 0.000000000 0.000000000 0.854335082 0.011419083 0.519597126 -0.500000026 0.290859871 0.815720853 -0.141815168 -0.956697518 0.254201333 -5.951474667 -0.441689759 -13.957238197
0.000000000 0.500000000 0.666666667 0.500000000 0.500000000 0.000000000 0.000000000 0.851042967 -0.005985626 0.525061940 -0.499999810 0.296198115 0.813797804 -0.160393447 -0.955107768 0.249084511 -5.931312084 -0.440933585 -13.885166168
0.000000000 0.500000000 0.666666667 0.500000000 0.500000000 0.000000000 0.000000000 0.851334539 -0.011480686 0.524497566 -0.498111039 0.296110814 0.814986980 -0.164666011 -0.955084593 0.246370707 -5.909760475 -0.440910935 -13.807079315
0.000000000 0.500000000 0.666666667 0.500000000 0.500000000 0.000000000 0.000000000 0.852195707 -0.014556606 0.523020633 -0.496096943 0.295203839 0.816543028 -0.166283794 -0.955323400 0.244349957 -5.886104584 -0.441022247 -13.722706795
0.000000000 0.500000000 0.666666667 0.500000000 0.500000000 0.000000000 0.000000000 0.853582894 -0.015404885 0.520729232 -0.493979802 0.293553661 0.818419332 -0.165469628 -0.955818465 0.242962682 -5.863502026 -0.441276222 -13.644955635
0.000000000 0.500000000 0.666666667 0.500000000 0.500000000 0.000000000 0.000000000 0.855434850 -0.014215477 0.517715306 -0.491775949 0.291237083 0.820571373 -0.162442709 -0.956545285 0.242143520 -5.842832088 -0.441616774 -13.573571205
0.000000000 0.500000000 0.666666667 0.500000000 0.500000000 0.000000000 0.000000000 0.857677115 -0.011177402 0.514067148 -0.489498620 0.288331065 0.822955830 -0.157420036 -0.957465541 0.241823633 -5.823195457 -0.442079663 -13.508808136
0.000000000 0.500000000 0.666666667 0.500000000 0.500000000 0.000000000 0.000000000 0.860226822 -0.006479322 0.509870407 -0.487159426 0.284912022 0.825530637 -0.150617088 -0.958531772 0.241932500 -5.805699348 -0.442597002 -13.450326920
0.000000000 0.500000000 0.666666667 0.500000000 0.500000000 0.000000000 0.000000000 0.862996281 -0.000310265 0.505210176 -0.484770675 0.281055581 0.828254281 -0.142249118 -0.959691442 0.242399514 -5.790318489 -0.443159431 -13.398117065
0.000000000 0.500000000 0.666666667 0.500000000 0.500000000 0.000000000 0.000000000 0.865897942 0.007138963 0.500169761 -0.482344244 0.276836612 0.831086952 -0.132532203 -0.960890486 0.243155690 -5.776900291 -0.443758905 -13.352218628
0.000000000 0.500000000 0.666666667 0.500000000 0.500000000 0.000000000 0.000000000 0.868845773 0.015676369 0.494834593 -0.479895993 0.272328078 0.833988761 -0.121683438 -0.962076748 0.244134126 -5.765301228 -0.444387645 -13.312656403
0.000000000 0.500000000 0.666666667 0.500000000 0.500000000 0.000000000 0.000000000 0.871759450 0.025107714 0.489290369 -0.477443833 0.267602199 0.836920814 -0.109922010 -0.963202298 0.245272268 -5.755806923 -0.445033282 -13.279331207
0.000000000 0.500000000 0.666666667 0.500000000 0.500000000 0.000000000 0.000000000 0.874566067 0.035236363 0.483624435 -0.475009475 0.262728698 0.839845003 -0.097468935 -0.964226130 0.246511210 -5.748388767 -0.445687175 -13.252231598
0.000000000 0.500000000 0.666666667 0.500000000 0.500000000 0.000000000 0.000000000 0.877201459 0.045863985 0.477926873 -0.472619654 0.257775930 0.842723106 -0.084547404 -0.965115571 0.247797642 -5.743024826 -0.446340710 -13.231362343
0.000000000 0.500000000 0.666666667 0.500000000 0.500000000 0.000000000 0.000000000 0.879612314 0.056789979 0.472289186 -0.470304921 0.252809981 0.845517827 -0.071382481 -0.965847820 0.249083379 -5.739691257 -0.446985573 -13.216715813
0.000000000 0.500000000 0.666666667 0.500000000 0.500000000 0.000000000 0.000000000 0.881756471 0.067812222 0.466805129 -0.468100628 0.247894790 0.848192181 -0.058200763 -0.966410718 0.250325779 -5.738359451 -0.447613925 -13.208292961
0.000000000 0.500000000 0.666666667 0.500000000 0.500000000 0.000000000 0.000000000 0.883603214 0.078727360 0.461570540 -0.466046773 0.243092307 0.850709431 -0.045230140 -0.966803048 0.251487776 -5.739007473 -0.448217958 -13.206090927
0.000000000 0.500000000 0.666666667 0.500000000 0.500000000 0.000000000 0.000000000 0.885133090 0.089331340 0.456682959 -0.464187655 0.238462475 0.853033100 -0.032699159 -0.967034415 0.252537533 -5.738398075 -0.448806643 -13.200056076
0.000000000 0.500000000 0.666666667 0.500000000 0.500000000 0.000000000 0.000000000 0.886337160 0.099419704 0.452241265 -0.462571372 0.234063351 0.855126934 -0.020836639 -0.967124640 0.253447755 -5.736508846 -0.449372709 -13.190190315
0.000000000 0.500000000 0.666666667 0.500000000 0.500000000 0.000000000 0.000000000 0.887215588 0.108788151 0.448345446 -0.461249454 0.229951662 0.856954593 -0.009871275 -0.967102565 0.254195174 -5.733313084 -0.449909151 -13.176496506
0.000000000 0.500000000 0.666666667 0.500000000 0.500000000 0.000000000 0.000000000 0.887775786 0.117232804 0.445096195 -0.460276169 0.226183032 0.858479519 -0.000031246 -0.967004502 0.254759285 -5.728785038 -0.450408936 -13.158976555
0.000000000 0.500000000 0.666666667 0.500000000 0.500000000 0.000000000 0.000000000 0.888030211 0.124550375 0.442594113 -0.459707344 0.222812773 0.859664834 0.008455956 -0.966872107 0.255121196 -5.725862980 -0.450849950 -13.146933556
0.000000000 0.500000000 0.666666667 0.500000000 0.500000000 0.000000000 0.000000000 0.887999401 0.130584234 0.440913621 -0.459586134 0.219883655 0.860483448 0.015415874 -0.966746573 0.255271257 -5.724526405 -0.451226830 -13.140363693
0.000000000 0.500000000 0.666666667 0.500000000 0.500000000 0.000000000 0.000000000 0.887724704 0.135363164 0.440024617 -0.459900757 0.217389471 0.860948960 0.020884056 -0.966653315 0.255235626 -5.724781513 -0.451540351 -13.139274597
0.000000000 0.500000000 0.666666667 0.500000000 0.500000000 0.000000000 0.000000000 0.887245165 0.138962027 0.439869949 -0.460623064 0.215313407 0.861084508 0.024948151 -0.966607310 0.255044894 -5.721915245 -0.451816916 -13.128871918
0.000000000 0.500000000 0.666666667 0.500000000 0.500000000 0.000000000 0.000000000 0.886592085 0.141456916 0.440391209 -0.461722180 0.213640477 0.860912525 0.027696643 -0.966616619 0.254725751 -5.715897083 -0.452055156 -13.109171867
0.000000000 0.500000000 0.666666667 0.500000000 0.500000000 0.000000000 0.000000000 0.885790819 0.142924052 0.441528414 -0.463164053 0.212357504 0.860455316 0.029217889 -0.966683509 0.254301610 -5.706669807 -0.452251375 -13.080189705
0.000000000 0.500000000 0.666666667 0.500000000 0.500000000 0.000000000 0.000000000 0.884861059 0.143439619 0.443222272 -0.464913724 0.211452326 0.859734344 0.029599587 -0.966805559 0.253792976 -5.694303989 -0.452411860 -13.041915894
0.000000000 0.500000000 0.666666667 0.500000000 0.500000000 0.000000000 0.000000000 0.883819261 0.143080355 0.445411636 -0.466933155 0.210913685 0.858771708 0.028929951 -0.966976437 0.253218538 -5.678809643 -0.452538013 -12.994342804
0.000000000 0.500000000 0.666666667 0.500000000 0.500000000 0.000000000 0.000000000 0.882678433 0.141923762 0.448036193 -0.469184023 0.210730848 0.857588982 0.027297208 -0.967186722 0.252595936 -5.660193920 -0.452631265 -12.937473297
0.000000000 0.500000000 0.666666667 0.500000000 0.500000000 0.000000000 0.000000000 0.881449939 0.140046867 0.451035342 -0.471626454 0.210893266 0.856208221 0.024788962 -0.967424884 0.251941664 -5.638467789 -0.452692777 -12.871300697
0.000000000 0.500000000 0.666666667 0.500000000 0.500000000 0.000000000 0.000000000 0.880143930 0.137526582 0.454349096 -0.474220140 0.211390287 0.854651628 0.021492332 -0.967677935 0.251271753 -5.613528729 -0.452685475 -12.795864105
0.000000000 0.500000000 0.666666667 0.500000000 0.500000000 0.000000000 0.000000000 0.878770353 0.134441456 0.457917200 -0.476924071 0.212211100 0.852941897 0.017495637 -0.967931787 0.250603190 -5.585408688 -0.452618450 -12.711152077
0.000000000 0.500000000 0.666666667 0.500000000 0.500000000 0.000000000 0.000000000 0.877339466 0.130868133 0.461680617 -0.479697227 0.213344128 0.851102140 0.012885299 -0.968172410 0.249952304 -5.554185867 -0.452516198 -12.617143631
0.000000000 0.500000000 0.666666667 0.500000000 0.500000000 0.000000000 0.000000000 0.875862709 0.126884831 0.465580019 -0.482498153 0.214777376 0.849156176 0.007748984 -0.968385728 0.249337191 -5.519856930 -0.452333450 -12.513837814
0.000000000 0.500000000 0.666666667 0.500000000 0.500000000 0.000000000 0.000000000 0.874352581 0.122569597 0.469557514 -0.485286347 0.216497875 0.847127990 0.002173932 -0.968558395 0.248776827 -5.482420444 -0.452027172 -12.401240349
0.000000000 0.500000000 0.666666667 0.500000000 0.500000000 0.000000000 0.000000000 0.872823672 0.117999334 0.473555693 -0.488021258 0.218491820 0.845042352 -0.003753610 -0.968678214 0.248291016 -5.441905498 -0.451679111 -12.279335976
0.000000000 0.500000000 0.666666667 0.500000000 0.500000000 0.000000000 0.000000000 0.871292823 0.113252063 0.477517316 -0.490662702 0.220744458 0.842924669 -0.009946343 -0.968734151 0.247901625 -5.398287296 -0.451140195 -12.148146629
0.000000000 0.500000000 0.666666667 0.500000000 0.500000000 0.000000000 0.000000000 0.869778720 0.108405151 0.481386851 -0.493172090 0.223239941 0.840800344 -0.016317684 -0.968716807 0.247631745 -5.351597786 -0.450511545 -12.007651329
0.000000000 0.500000000 0.666666667 0.500000000 0.500000000 0.000000000 0.000000000 0.868303112 0.103535493 0.485108346 -0.495510575 0.225961512 0.838695812 -0.022781031 -0.968618499 0.247506016 -5.307406902 -0.449762404 -11.874873161
0.000000000 0.500000000 0.666666667 0.500000000 0.500000000 0.000000000 0.000000000 0.866889648 0.098719871 0.488627390 -0.497641218 0.228891449 0.836637271 -0.029249908 -0.968433318 0.247550704 -5.265729904 -0.448913038 -11.749804497
0.000000000 0.500000000 0.666666667 0.500000000 0.500000000 0.000000000 0.000000000 0.865564612 0.094034536 0.491889631 -0.499527622 0.232011254 0.834651384 -0.035637875 -0.968157159 0.247793579 -5.226602554 -0.448069692 -11.632435799
0.000000000 0.500000000 0.666666667 0.500000000 0.500000000 0.000000000 0.000000000 0.865010533 0.089221174 0.493757390 -0.500000037 0.235480173 0.833396095 -0.041913498 -0.967775114 0.248303420 -5.189950943 -0.447043478 -11.522778511
0.000000000 0.500000000 0.666666667 0.500000000 0.500000000 0.000000000 0.000000000 0.864689230 0.084480164 0.495152135 -0.499999955 0.239132231 0.832355586 -0.048089298 -0.967304956 0.249015143 -5.155839920 -0.446017206 -11.420825005
0.000000000 0.500000000 0.666666667 0.500000000 0.500000000 0.000000000 0.000000000 0.864327657 0.079869568 0.496546627 -0.499999837 0.242868410 0.831273179 -0.054202060 -0.966765632 0.249852655 -5.124280930 -0.445023656 -11.326572418
0.000000000 0.500000000 0.666666667 0.500000000 0.500000000 0.000000000 0.000000000 0.863923571 0.075320996 0.497958645 -0.499999989 0.246663010 0.830155028 -0.060299874 -0.966169813 0.250758485 -5.095247746 -0.443987310 -11.240034103
0.000000000 0.500000000 0.666666667 0.500000000 0.500000000 0.000000000 0.000000000 0.863473842 0.070765709 0.499404785 -0.499999836 0.250491044 0.829008082 -0.066431081 -0.965529104 0.251675307 -5.068732738 -0.442926735 -11.161203384
0.000000000 0.500000000 0.666666667 0.500000000 0.500000000 0.000000000 0.000000000 0.862973204 0.066135437 0.500902538 -0.500000092 0.254327972 0.827838867 -0.072644042 -0.964854075 0.252545949 -5.044749737 -0.441922098 -11.090080261
0.000000000 0.500000000 0.666666667 0.500000000 0.500000000 0.000000000 0.000000000 0.862415814 0.061361196 0.502467679 -0.499999966 0.258149698 0.826655168 -0.078987330 -0.964154312 0.253312978 -5.023288250 -0.440976322 -11.026662827
0.000000000 0.500000000 0.666666667 0.500000000 0.500000000 0.000000000 0.000000000 0.861793560 0.056374363 0.504116842 -0.499999970 0.261932552 0.825464335 -0.085509585 -0.963438254 0.253918967 -5.004342079 -0.440092385 -10.970952034
0.000000000 0.500000000 0.666666667 0.500000000 0.500000000 0.000000000 0.000000000 0.861097060 0.051105964 0.505865628 -0.500000038 0.265653233 0.824274421 -0.092259501 -0.962713114 0.254306202 -4.987897873 -0.439264297 -10.922953606
0.000000000 0.500000000 0.666666667 0.500000000 0.500000000 0.000000000 0.000000000 0.860315215 0.045486899 0.507728937 -0.500000070 0.269288848 0.823093826 -0.099285755 -0.961984646 0.254416746 -4.973951340 -0.438460886 -10.882663727
0.000000000 0.500000000 0.666666667 0.500000000 0.500000000 0.000000000 0.000000000 0.859435003 0.039447806 0.509720851 -0.500000011 0.272816878 0.821931226 -0.106637068 -0.961256897 0.254192277 -4.962491512 -0.437737793 -10.850080490
0.000000000 0.500000000 0.666666667 0.500000000 0.500000000 0.000000000 0.000000000 0.858441233 0.032919254 0.511854444 -0.499999977 0.276215235 0.820795448 -0.114362022 -0.960531867 0.253574173 -4.953510761 -0.437097877 -10.825209618
0.000000000 0.500000000 0.666666667 0.500000000 0.500000000 0.000000000 0.000000000 0.857316471 0.025831544 0.514141226 -0.500000026 0.279462038 0.819695641 -0.122508951 -0.959809200 0.252503181 -4.947000503 -0.436543822 -10.808049202
0.000000000 0.500000000 0.666666667 0.500000000 0.500000000 0.000000000 0.000000000 0.856040860 0.018114505 0.516590660 -0.499999995 0.282535823 0.818641261 -0.131126087 -0.959085697 0.250919461 -4.942951679 -0.436078340 -10.798598289
0.000000000 0.500000000 0.666666667 0.500000000 0.500000000 0.000000000 0.000000000 0.854591604 0.009697965 0.519210112 -0.499999977 0.285415659 0.817641685 -0.140261236 -0.958354763 0.248762808 -4.941354752 -0.435704023 -10.796854973
0.000000000 0.500000000 0.666666667 0.500000000 0.500000000 0.000000000 0.000000000 0.852942854 0.000511458 0.522004047 -0.499999995 0.288080803 0.816706468 -0.149961634 -0.957605968 0.245972192 -4.938505650 -0.435326070 -10.791599274
0.000000000 0.500000000 0.666666667 0.500000000 0.500000000 0.000000000 0.000000000 0.851065339 -0.009515701 0.524973562 -0.500000043 0.290511076 0.815845127 -0.160273973 -0.956824313 0.242486057 -4.934395790 -0.434946954 -10.782827377
0.000000000 0.500000000 0.666666667 0.500000000 0.500000000 0.000000000 0.000000000 0.848926163 -0.020454321 0.528115509 -0.499999842 0.292686753 0.815067250 -0.171244061 -0.955989584 0.238242285 -4.929012299 -0.434569240 -10.770539284
0.000000000 0.500000000 0.666666667 0.500000000 0.500000000 0.000000000 0.000000000 0.846487834 -0.032374926 0.531422818 -0.499999836 0.294588647 0.814381786 -0.182916679 -0.955075595 0.233178249 -4.922352314 -0.434195280 -10.754728317
0.000000000 0.500000000 0.666666667 0.500000000 0.500000000 0.000000000 0.000000000 0.843708566 -0.045348002 0.534882617 -0.499999976 0.296198071 0.813797719 -0.195335300 -0.954049402 0.227230849 -4.914401531 -0.433827311 -10.735392570
0.000000000 0.500000000 0.666666667 0.500000000 0.500000000 0.000000000 0.000000000 0.840894177 -0.060479405 0.537809655 -0.499381778 0.296320082 0.814132820 -0.208602069 -0.953171889 0.218971519 -4.905025482 -0.433614850 -10.712565422
0.000000000 0.500000000 0.666666667 0.500000000 0.500000000 0.000000000 0.000000000 0.837648522 -0.076402617 0.540839712 -0.498816314 0.296431448 0.814438875 -0.222547161 -0.951993192 0.210194492 -4.894392014 -0.433373213 -10.686188698
0.000000000 0.500000000 0.666666667 0.500000000 0.500000000 0.000000000 0.000000000 0.833962720 -0.092995021 0.543928404 -0.498307655 0.296531528 0.814713774 -0.237056245 -0.950484602 0.200956109 -4.882519245 -0.433102548 -10.656262398
0.000000000 0.500000000 0.666666667 0.500000000 0.500000000 0.000000000 0.000000000 0.829833729 -0.110133315 0.547034400 -0.497859950 0.296619444 0.814955443 -0.252014784 -0.948624034 0.191313853 -4.869421482 -0.432802886 -10.622777939
0.000000000 0.500000000 0.666666667 0.500000000 0.500000000 0.000000000 0.000000000 0.825265127 -0.127694329 0.550119649 -0.497476944 0.296694642 0.815161934 -0.267309109 -0.946396559 0.181326757 -4.855113506 -0.432474315 -10.585737228
0.000000000 0.500000000 0.666666667 0.500000000 0.500000000 0.000000000 0.000000000 0.820267600 -0.145554786 0.553149951 -0.497162410 0.296756266 0.815331378 -0.282826098 -0.943795276 0.171055182 -4.839617729 -0.432101011 -10.545133591
0.000000000 0.500000000 0.666666667 0.500000000 0.500000000 0.000000000 0.000000000 0.814859735 -0.163592335 0.556094560 -0.496919056 0.296803956 0.815462362 -0.298454457 -0.940821428 0.160561444 -4.822954178 -0.431676090 -10.500971794
0.000000000 0.500000000 0.666666667 0.500000000 0.500000000 0.000000000 0.000000000 0.809067995 -0.181685674 0.558926914 -0.496749182 0.296837231 0.815553744 -0.314084748 -0.937484920 0.149909293 -4.805125713 -0.431219369 -10.453253746
0.000000000 0.500000000 0.666666667 0.500000000 0.500000000 0.000000000 0.000000000 0.802927135 -0.199714917 0.561624400 -0.496654116 0.296855811 0.815604878 -0.329609928 -0.933804358 0.139164351 -4.786152363 -0.430730850 -10.401979446
0.000000000 0.500000000 0.666666667 0.500000000 0.500000000 0.000000000 0.000000000 0.796480046 -0.217562283 0.564168582 -0.496634167 0.296859757 0.815615589 -0.344926138 -0.929806936 0.128394010 -4.766044617 -0.430210590 -10.347158432
