0.000000000 0.500000000 0.666666667 0.500000000 0.500000000 0.000000000 0.000000000 -0.827400107 -0.561612912 0.000000000 0.000000000 -0.000000000 1.000000000 -0.561612912 0.827400107 0.000000000 14.079543114 0.340548098 17.300199509
0.000000000 0.500000000 0.666666667 0.500000000 0.500000000 0.000000000 0.000000000 -0.838073261 -0.544214245 0.038263093 0.039542957 0.009355867 0.999174070 -0.544122747 0.838894107 0.013678939 14.124360085 0.362124324 17.167881012
0.000000000 0.500000000 0.666666667 0.500000000 0.500000000 0.000000000 0.000000000 -0.847729566 -0.524595445 0.078448723 0.081150404 0.017887686 0.996541340 -0.524184314 0.851163704 0.027407211 14.163632393 0.379318535 17.040452957
0.000000000 0.500000000 0.666666667 0.500000000 0.500000000 0.000000000 0.000000000 -0.855882292 -0.503004681 0.120215614 0.124394904 0.025398163 0.991907678 -0.501987461 0.863910426 0.040833381 14.199281693 0.394167483 16.918882370
0.000000000 0.500000000 0.666666667 0.500000000 0.500000000 0.000000000 0.000000000 -0.862110433 -0.479724471 0.163187113 0.168819823 0.031726955 0.985136167 -0.477771356 0.876845387 0.053634862 14.232172966 0.407548815 16.803501129
0.000000000 0.500000000 0.666666667 0.500000000 0.500000000 0.000000000 0.000000000 -0.866071358 -0.455069097 0.206960187 0.213951721 0.036757560 0.976152418 -0.451824151 0.889697139 0.065528146 14.263193130 0.419514447 16.694561005
0.000000000 0.500000000 0.666666667 0.500000000 0.500000000 0.000000000 0.000000000 -0.867509543 -0.429383982 0.251110709 0.259307753 0.040422875 0.964948434 -0.424484018 0.902216929 0.076275366 14.293163300 0.429953903 16.592260361
0.000000000 0.500000000 0.666666667 0.500000000 0.500000000 0.000000000 0.000000000 -0.866266408 -0.403035582 0.295203031 0.304406694 0.042709006 0.951584208 -0.396130123 0.914187213 0.085689352 14.322849274 0.438645303 16.496820450
0.000000000 0.500000000 0.666666667 0.500000000 0.500000000 0.000000000 0.000000000 -0.862281382 -0.376410350 0.338800924 0.348781603 0.043657193 0.936186649 -0.367181442 0.925423848 0.093640221 14.350666046 0.446444988 16.407749176
0.000000000 0.500000000 0.666666667 0.500000000 0.500000000 0.000000000 0.000000000 -0.855595856 -0.349901631 0.381476839 0.391988844 0.043363949 0.918947394 -0.338083535 0.935782248 0.100055521 14.377951622 0.452754498 16.325458527
0.000000000 0.500000000 0.666666667 0.500000000 0.500000000 0.000000000 0.000000000 -0.846347497 -0.323907423 0.422823716 0.433620395 0.041979252 0.900117267 -0.309304488 0.945156984 0.104923830 14.403366089 0.458265364 16.249492645
0.000000000 0.500000000 0.666666667 0.500000000 0.500000000 0.000000000 0.000000000 -0.834765884 -0.298817969 0.462464853 0.473312217 0.039703012 0.879999554 -0.281320927 0.953483871 0.108291476 14.426545143 0.463199139 16.179700851
0.000000000 0.500000000 0.666666667 0.500000000 0.500000000 0.000000000 0.000000000 -0.821163249 -0.275012731 0.500058912 0.510747794 0.036780209 0.858943483 -0.254612665 0.960736808 0.110259590 14.448674202 0.467060238 16.116493225
0.000000000 0.500000000 0.666666667 0.500000000 0.500000000 0.000000000 0.000000000 -0.805921279 -0.252855009 0.535308543 0.545664666 0.033494552 0.837333976 -0.229654010 0.966924226 0.110980071 14.468886375 0.470303029 16.059545517
0.000000000 0.500000000 0.666666667 0.500000000 0.500000000 0.000000000 0.000000000 -0.789478936 -0.232684414 0.567962123 0.577852668 0.030161348 0.815583587 -0.206904093 0.972084490 0.110645560 14.486857414 0.473143905 16.008726120
0.000000000 0.500000000 0.666666667 0.500000000 0.500000000 0.000000000 0.000000000 -0.772315091 -0.214820140 0.597814107 0.607151427 0.027119650 0.794123208 -0.186806168 0.976277026 0.109483439 14.502626419 0.475624979 15.964056969
0.000000000 0.500000000 0.666666667 0.500000000 0.500000000 0.000000000 0.000000000 -0.754932273 -0.199559153 0.624702655 0.633443770 0.024724049 0.773393633 -0.169782958 0.979573818 0.107744520 14.516222954 0.477790505 15.925526619
0.000000000 0.500000000 0.666666667 0.500000000 0.500000000 0.000000000 0.000000000 -0.737838070 -0.187179485 0.648505067 0.656646884 0.023336279 0.753837043 -0.156236525 0.982048501 0.105692431 14.527689934 0.479685664 15.893154144
0.000000000 0.500000000 0.666666667 0.500000000 0.500000000 0.000000000 0.000000000 -0.721528226 -0.177944578 0.669128348 0.676698004 0.023316708 0.735891393 -0.146549753 0.983764229 0.103591078 14.537472725 0.481163323 15.867118835
0.000000000 0.500000000 0.666666667 0.500000000 0.500000000 0.000000000 0.000000000 -0.706466467 -0.172108828 0.686501043 0.693541036 0.025015425 0.719982680 -0.141088491 0.984760265 0.101691976 14.545197487 0.482455730 15.847250938
0.000000000 0.500000000 0.666666667 0.500000000 0.500000000 0.000000000 0.000000000 -0.693066919 -0.169927521 0.700558979 0.707106783 0.028763322 0.706521527 -0.140207855 0.985036704 0.100221996 14.550751686 0.483669132 15.833505630
0.000000000 0.500000000 0.666666667 0.500000000 0.500000000 0.000000000 0.000000000 -0.691809055 -0.172068187 0.701279381 0.707106786 0.035320387 0.706224089 -0.146288158 0.984451629 0.097235619 14.554218292 0.484897763 15.825859070
0.000000000 0.500000000 0.666666667 0.500000000 0.500000000 0.000000000 0.000000000 -0.689555749 -0.177889164 0.702045806 0.707106816 0.044192233 0.705724449 -0.156565704 0.983057726 0.095313632 14.555521965 0.486080319 15.824325562
0.000000000 0.500000000 0.666666667 0.500000000 0.500000000 0.000000000 0.000000000 -0.686202981 -0.187073986 0.702942951 0.707106822 0.055173331 0.704950953 -0.170661689 0.980795202 0.094421187 14.559494019 0.487814009 15.817362785
0.000000000 0.500000000 0.666666667 0.500000000 0.500000000 0.000000000 0.000000000 -0.681630341 -0.199268382 0.704039907 0.707106806 0.067956416 0.703833709 -0.188095833 0.977585821 0.094582874 14.566093445 0.490060121 15.804965019
0.000000000 0.500000000 0.666666667 0.500000000 0.500000000 0.000000000 0.000000000 -0.675728404 -0.214083433 0.705378911 0.707106788 0.082155427 0.702317931 -0.208305339 0.973354391 0.095865093 14.575265884 0.492771000 15.787123680
0.000000000 0.500000000 0.666666667 0.500000000 0.500000000 0.000000000 0.000000000 -0.668420679 -0.231117494 0.706964284 0.707106823 0.097334449 0.700375575 -0.230681027 0.968044787 0.098364399 14.586964607 0.495891422 15.763827324
0.000000000 0.500000000 0.666666667 0.500000000 0.500000000 0.000000000 0.000000000 -0.659682070 -0.249965655 0.708757178 0.707106781 0.113039576 0.698012933 -0.254596871 0.961633623 0.102182228 14.601137161 0.499365538 15.735068321
0.000000000 0.500000000 0.666666667 0.500000000 0.500000000 0.000000000 0.000000000 -0.649545092 -0.270242067 0.710676015 0.707106771 0.128829898 0.695271797 -0.279448007 0.954134206 0.107409167 14.617738724 0.503137529 15.700863838
0.000000000 0.500000000 0.666666667 0.500000000 0.500000000 0.000000000 0.000000000 -0.644058019 -0.292818402 0.706715397 0.700441806 0.145651443 0.698689440 -0.307523243 0.945009545 0.111294270 14.636879921 0.507325411 15.661132812
0.000000000 0.500000000 0.666666667 0.500000000 0.500000000 0.000000000 0.000000000 -0.642204967 -0.317564583 0.697657162 0.687683902 0.163372912 0.707389668 -0.338620187 0.934056758 0.113465156 14.658536911 0.511913717 15.615859032
0.000000000 0.500000000 0.666666667 0.500000000 0.500000000 0.000000000 0.000000000 -0.640060379 -0.343523119 0.687251467 0.672954070 0.180972734 0.717204078 -0.370749959 0.921542585 0.115341805 14.682597160 0.516773999 15.565063477
0.000000000 0.500000000 0.666666667 0.500000000 0.500000000 0.000000000 0.000000000 -0.637402640 -0.370393762 0.675667326 0.656430417 0.198173412 0.727891755 -0.403505864 0.907488711 0.116821475 14.709601402 0.521607637 15.509003639
0.000000000 0.500000000 0.666666667 0.500000000 0.500000000 0.000000000 0.000000000 -0.634051103 -0.397868680 0.663083488 0.638324436 0.214719790 0.739213992 -0.436487243 0.891961841 0.117825981 14.739467621 0.526403785 15.447660446
0.000000000 0.500000000 0.666666667 0.500000000 0.500000000 0.000000000 0.000000000 -0.629870831 -0.425635096 0.649690312 0.618883147 0.230385193 0.750936957 -0.469304151 0.875075670 0.118305475 14.771718025 0.531332672 15.380868912
0.000000000 0.500000000 0.666666667 0.500000000 0.500000000 0.000000000 0.000000000 -0.624775022 -0.453383085 0.635688564 0.598388173 0.244975988 0.762835736 -0.501585253 0.856989232 0.118244197 14.806310654 0.536369324 15.308651924
0.000000000 0.500000000 0.666666667 0.500000000 0.500000000 0.000000000 0.000000000 -0.618729849 -0.480806160 0.621288025 0.577152119 0.258336274 0.774698523 -0.532981055 0.837906800 0.117657931 14.843214989 0.541494727 15.231029510
0.000000000 0.500000000 0.666666667 0.500000000 0.500000000 0.000000000 0.000000000 -0.611754100 -0.507605678 0.606707011 0.555516684 0.270350068 0.786328211 -0.563167946 0.818075374 0.116595660 14.882390022 0.546693742 15.148041725
0.000000000 0.500000000 0.666666667 0.500000000 0.500000000 0.000000000 0.000000000 -0.603916717 -0.533497985 0.592169316 0.533847347 0.280942759 0.797545094 -0.591854382 0.797778833 0.115140455 14.924870491 0.551476121 15.060180664
0.000000000 0.500000000 0.666666667 0.500000000 0.500000000 0.000000000 0.000000000 -0.595333127 -0.558218941 0.577901447 0.512527545 0.290080902 0.808188460 -0.618784278 0.777331773 0.113407813 14.969967842 0.556130946 14.967206955
0.000000000 0.500000000 0.666666667 0.500000000 0.500000000 0.000000000 0.000000000 -0.586165550 -0.581519404 0.564132192 0.491954403 0.297769812 0.818116131 -0.643731942 0.757078808 0.111538626 15.017323494 0.560808718 14.869013786
0.000000000 0.500000000 0.666666667 0.500000000 0.500000000 0.000000000 0.000000000 -0.576600278 -0.604970522 0.549129116 0.472467874 0.301438663 0.828196137 -0.666562996 0.736983989 0.112019520 15.067128181 0.565186739 14.765600204
0.000000000 0.500000000 0.666666667 0.500000000 0.500000000 0.000000000 0.000000000 -0.566797948 -0.626183709 0.535382153 0.454151819 0.304714014 0.837195016 -0.687376325 0.717665196 0.111671192 15.119093895 0.569719851 14.657045364
0.000000000 0.500000000 0.666666667 0.500000000 0.500000000 0.000000000 0.000000000 -0.556896408 -0.645376364 0.522834332 0.437007671 0.307632619 0.845213859 -0.706321942 0.699179176 0.110714921 15.174628258 0.573788464 14.543993950
0.000000000 0.500000000 0.666666667 0.500000000 0.500000000 0.000000000 0.000000000 -0.547014380 -0.662740672 0.511419661 0.421023626 0.310229189 0.852347908 -0.723542932 0.681566323 0.109329653 15.232641220 0.577900052 14.425931931
0.000000000 0.500000000 0.666666667 0.500000000 0.500000000 0.000000000 0.000000000 -0.537256506 -0.678446545 0.501064599 0.406172174 0.312536748 0.858687922 -0.739174954 0.664854170 0.107653707 15.292951584 0.582145691 14.302773476
0.000000000 0.500000000 0.666666667 0.500000000 0.500000000 0.000000000 0.000000000 -0.527711529 -0.692646319 0.491692606 0.392415153 0.314586052 0.864318207 -0.753346461 0.649058312 0.105794225 15.355583191 0.586528897 14.174530983
0.000000000 0.500000000 0.666666667 0.500000000 0.500000000 0.000000000 0.000000000 -0.518455291 -0.705476264 0.483225985 0.379704797 0.316405468 0.869316885 -0.766177772 0.634185163 0.103830633 15.420851707 0.591014683 14.041337967
0.000000000 0.500000000 0.666666667 0.500000000 0.500000000 0.000000000 0.000000000 -0.509551447 -0.717059112 0.475587587 0.367985483 0.318021063 0.873755851 -0.777781465 0.620232886 0.101819251 15.489137650 0.595556021 13.903373718
0.000000000 0.500000000 0.666666667 0.500000000 0.500000000 0.000000000 0.000000000 -0.501052915 -0.727505488 0.468702188 0.357195133 0.319456941 0.877700917 -0.788262401 0.607192744 0.099796588 15.559833527 0.600240767 13.760336876
0.000000000 0.500000000 0.666666667 0.500000000 0.500000000 0.000000000 0.000000000 -0.493002714 -0.736916445 0.462495921 0.347264584 0.320735160 0.881212952 -0.797719019 0.595048830 0.097781678 15.632941246 0.605070770 13.612221718
0.000000000 0.500000000 0.666666667 0.500000000 0.500000000 0.000000000 0.000000000 -0.485434994 -0.745383056 0.456899296 0.338122738 0.321875779 0.884346650 -0.806241825 0.583780852 0.095781192 15.708500862 0.610074162 13.459047318
0.000000000 0.500000000 0.666666667 0.500000000 0.500000000 0.000000000 0.000000000 -0.478375781 -0.753078765 0.451695679 0.329692647 0.322721820 0.887216651 -0.813916071 0.573343702 0.093902229 15.786884308 0.615640879 13.300981522
0.000000000 0.500000000 0.666666667 0.500000000 0.500000000 0.000000000 0.000000000 -0.471844752 -0.760345668 0.446359714 0.321895871 0.322752887 0.890063830 -0.820820064 0.563653297 0.092462875 15.867773056 0.621286273 13.137831688
0.000000000 0.500000000 0.666666667 0.500000000 0.500000000 0.000000000 0.000000000 -0.465854758 -0.766802069 0.441581171 0.314652056 0.322869294 0.892608258 -0.827026860 0.554770228 0.090865651 15.951115608 0.627122462 12.969594002
0.000000000 0.500000000 0.666666667 0.500000000 0.500000000 0.000000000 0.000000000 -0.460413374 -0.772494434 0.437346400 0.307877469 0.323132844 0.894872410 -0.832604942 0.546660328 0.089058948 16.036909103 0.633263826 12.796274185
0.000000000 0.500000000 0.666666667 0.500000000 0.500000000 0.000000000 0.000000000 -0.455524006 -0.777465045 0.433642692 0.301489564 0.323600457 0.896876127 -0.837616811 0.539287353 0.086989821 16.125019073 0.640631378 12.617826462
0.000000000 0.500000000 0.666666667 0.500000000 0.500000000 0.000000000 0.000000000 -0.451185630 -0.781754114 0.430455611 0.295401866 0.324325507 0.898638249 -0.842121882 0.532610055 0.084600616 16.215597153 0.648244619 12.434282303
0.000000000 0.500000000 0.666666667 0.500000000 0.500000000 0.000000000 0.000000000 -0.447392518 -0.785398835 0.427771674 0.289530222 0.325357759 0.900174749 -0.846175032 0.526584275 0.081834072 16.308647156 0.656109273 12.245639801
0.000000000 0.500000000 0.666666667 0.500000000 0.500000000 0.000000000 0.000000000 -0.444138364 -0.788432540 0.425576366 0.283788597 0.326744129 0.901500031 -0.849826539 0.521164469 0.078628561 16.401746750 0.664868474 12.055991173
0.000000000 0.500000000 0.666666667 0.500000000 0.500000000 0.000000000 0.000000000 -0.441413082 -0.790886859 0.423854300 0.278090450 0.328529047 0.902626372 -0.853123785 0.516300922 0.074921064 16.494787216 0.674797058 11.865287781
0.000000000 0.500000000 0.666666667 0.500000000 0.500000000 0.000000000 0.000000000 -0.439185546 -0.793576399 0.421132468 0.272359487 0.329090175 0.904168107 -0.856117028 0.511796987 0.071606412 16.588327408 0.684621274 11.673671722
0.000000000 0.500000000 0.666666667 0.500000000 0.500000000 0.000000000 0.000000000 -0.437347200 -0.796011260 0.418441752 0.266558263 0.329645388 0.905693442 -0.858879572 0.507641598 0.068013891 16.682294846 0.694493711 11.481157303
0.000000000 0.500000000 0.666666667 0.500000000 0.500000000 0.000000000 0.000000000 -0.435768413 -0.798281353 0.415755663 0.260659409 0.330196661 0.907208266 -0.861488574 0.503703332 0.064190271 16.775360107 0.706885636 11.287201881
0.000000000 0.500000000 0.666666667 0.500000000 0.500000000 0.000000000 0.000000000 -0.434315155 -0.800474921 0.413049932 0.254634920 0.330746174 0.908717792 -0.864020488 0.499846845 0.060180791 16.868705750 0.719645977 11.092236519
0.000000000 0.500000000 0.666666667 0.500000000 0.500000000 0.000000000 0.000000000 -0.432851452 -0.802677315 0.410303239 0.248458653 0.331295136 0.910226252 -0.866549432 0.495936145 0.056030543 16.962509155 0.732468247 10.896307945
0.000000000 0.500000000 0.666666667 0.500000000 0.500000000 0.000000000 0.000000000 -0.431238436 -0.804972008 0.407496598 0.242102286 0.331845218 0.911737481 -0.869148949 0.491832103 0.051781150 17.055553436 0.747347414 10.698979378
0.000000000 0.500000000 0.666666667 0.500000000 0.500000000 0.000000000 0.000000000 -0.429333141 -0.807440843 0.404613814 0.235537722 0.332397439 0.913254578 -0.871891642 0.487392272 0.047473540 17.147813797 0.764334083 10.500205040
0.000000000 0.500000000 0.666666667 0.500000000 0.500000000 0.000000000 0.000000000 -0.426990779 -0.810161829 0.401642485 0.228737858 0.332952467 0.914779562 -0.874847339 0.482473279 0.043147049 17.240550995 0.781403482 10.300415039
0.000000000 0.500000000 0.666666667 0.500000000 0.500000000 0.000000000 0.000000000 -0.424061034 -0.813210604 0.398573397 0.221675014 0.333510795 0.916313668 -0.878084522 0.476926685 0.038839540 17.332435608 0.800560594 10.099174500
0.000000000 0.500000000 0.666666667 0.500000000 0.500000000 0.000000000 0.000000000 -0.420389359 -0.816657786 0.395402133 0.214324224 0.334072412 0.917856607 -0.881667689 0.470601406 0.034589059 17.422178268 0.823753357 9.896083832
0.000000000 0.500000000 0.666666667 0.500000000 0.500000000 0.000000000 0.000000000 -0.415816014 -0.820568235 0.392128569 0.206662210 0.334636702 0.919406879 -0.885656691 0.463342260 0.030433145 17.512399673 0.847056568 9.691913605
0.000000000 0.500000000 0.666666667 0.500000000 0.500000000 0.000000000 0.000000000 -0.410174118 -0.824999672 0.388757938 0.198669536 0.335202457 0.920961307 -0.890105392 0.454988851 0.026410930 17.596830368 0.873888552 9.493281364
0.000000000 0.500000000 0.666666667 0.500000000 0.500000000 0.000000000 0.000000000 -0.403289739 -0.830000072 0.385301527 0.190332140 0.335767888 0.922514825 -0.895059251 0.445376027 0.022563946 17.675451279 0.904286146 9.300166130
0.000000000 0.500000000 0.666666667 0.500000000 0.500000000 0.000000000 0.000000000 -0.394979915 -0.835605764 0.381777257 0.181643692 0.336330374 0.924060306 -0.900553405 0.434332692 0.018938773 17.751529694 0.933666646 9.113300324
0.000000000 0.500000000 0.666666667 0.500000000 0.500000000 0.000000000 0.000000000 -0.385052121 -0.841838627 0.378209718 0.172606331 0.336886662 0.925588695 -0.906610125 0.421681281 0.015587753 17.819566727 0.969318509 8.931875229
0.000000000 0.500000000 0.666666667 0.500000000 0.500000000 0.000000000 0.000000000 -0.373303337 -0.849473181 0.372880590 0.163234424 0.335521002 0.927782399 -0.913235535 0.407211214 0.013412155 17.884199142 1.004995346 8.756513596
0.000000000 0.500000000 0.666666667 0.500000000 0.500000000 0.000000000 0.000000000 -0.359520034 -0.860176935 0.361719486 0.153556190 0.327816931 0.932178393 -0.920416124 0.390681073 0.014228739 17.944805145 1.041071177 8.587250709
0.000000000 0.500000000 0.666666667 0.500000000 0.500000000 0.000000000 0.000000000 -0.343476995 -0.872011409 0.348740098 0.143618086 0.318194464 0.937083843 -0.928114971 0.371952128 0.015944131 17.998249054 1.081690073 8.423915863
0.000000000 0.500000000 0.666666667 0.500000000 0.500000000 0.000000000 0.000000000 -0.324938416 -0.884886757 0.333752083 0.133489180 0.306455476 0.942478477 -0.936266877 0.350799756 0.018543651 18.049736023 1.120360136 8.266757965
0.000000000 0.500000000 0.666666667 0.500000000 0.500000000 0.000000000 0.000000000 -0.303659443 -0.898658172 0.316550836 0.123261204 0.292394070 0.948320823 -0.944773845 0.326985010 0.021981468 18.093048096 1.164220214 8.115976334
