0.000000000 0.500000000 0.666666667 0.500000000 0.500000000 0.000000000 0.000000000 -0.929727178 -0.190232351 0.315307828 0.242346159 0.328605830 0.912845303 -0.277264699 0.925110729 -0.259411691 -5.185414791 5.208292961 0.836308599
0.000000000 0.500000000 0.666666667 0.500000000 0.500000000 0.000000000 0.000000000 -0.930476268 -0.192208635 0.311880994 0.238688426 0.327766649 0.914109873 -0.277923999 0.924999927 -0.259101112 -5.309819698 5.209542751 0.903286099
0.000000000 0.500000000 0.666666667 0.500000000 0.500000000 0.000000000 0.000000000 -0.931319406 -0.193923940 0.308281802 0.234923752 0.326954938 0.915374950 -0.278307375 0.924929172 -0.258942140 -5.424151421 5.209799290 0.998587608
0.000000000 0.500000000 0.666666667 0.500000000 0.500000000 0.000000000 0.000000000 -0.932227157 -0.195535791 0.304496769 0.230982984 0.326211348 0.916642252 -0.278566670 0.924852372 -0.258937637 -5.535886764 5.210055828 1.091716290
0.000000000 0.500000000 0.666666667 0.500000000 0.500000000 0.000000000 0.000000000 -0.933169017 -0.197202473 0.300510848 0.226795620 0.325575121 0.917913170 -0.278853602 0.924722675 -0.259091959 -5.600930691 5.208556175 1.211387873
0.000000000 0.500000000 0.666666667 0.500000000 0.500000000 0.000000000 0.000000000 -0.934112299 -0.199082501 0.296311273 0.222293565 0.325083931 0.919187690 -0.279320218 0.924492615 -0.259410139 -5.638888359 5.206088543 1.344808340
0.000000000 0.500000000 0.666666667 0.500000000 0.500000000 0.000000000 0.000000000 -0.935023534 -0.201333270 0.291883375 0.217407230 0.324773223 0.920465344 -0.280116202 0.924114315 -0.259899298 -5.675864696 5.203703403 1.474946261
0.000000000 0.500000000 0.666666667 0.500000000 0.500000000 0.000000000 0.000000000 -0.935866575 -0.204113632 0.287213124 0.212066834 0.324676309 0.921744516 -0.281391918 0.923538261 -0.260567974 -5.711842060 5.201403141 1.601795673
0.000000000 0.500000000 0.666666667 0.500000000 0.500000000 0.000000000 0.000000000 -0.936602009 -0.207583174 0.282286915 0.206201987 0.324823727 0.923022365 -0.283297400 0.922712725 -0.261426492 -5.746798038 5.199192524 1.725350261
0.000000000 0.500000000 0.666666667 0.500000000 0.500000000 0.000000000 0.000000000 -0.937186859 -0.211899377 0.277091042 0.199741611 0.325242087 0.924294798 -0.285979161 0.921583550 -0.262487487 -5.780714512 5.197074413 1.845602989
0.000000000 0.500000000 0.666666667 0.500000000 0.500000000 0.000000000 0.000000000 -0.937571869 -0.217220685 0.271613999 0.192614573 0.325953895 0.925555879 -0.289583523 0.920091969 -0.263765334 -5.808384895 5.194904804 1.963702321
0.000000000 0.500000000 0.666666667 0.500000000 0.500000000 0.000000000 0.000000000 -0.937701321 -0.223704586 0.265842980 0.184746145 0.326976483 0.926798382 -0.294253451 0.918173533 -0.265277720 -5.826536655 5.192596912 2.080366135
0.000000000 0.500000000 0.666666667 0.500000000 0.500000000 0.000000000 0.000000000 -0.937510204 -0.231506497 0.259767896 0.176061623 0.328320695 0.928012837 -0.300128177 0.915756662 -0.267044592 -5.843979835 5.190398216 2.193615675
0.000000000 0.500000000 0.666666667 0.500000000 0.500000000 0.000000000 0.000000000 -0.936922349 -0.240781212 0.253379006 0.166482628 0.329990050 0.929187872 -0.307343533 0.912760086 -0.269089164 -5.860696316 5.188309669 2.303443670
0.000000000 0.500000000 0.666666667 0.500000000 0.500000000 0.000000000 0.000000000 -0.935848211 -0.251678959 0.246669469 0.155929931 0.331979232 0.930309436 -0.316028451 0.909091575 -0.271437888 -5.876665592 5.186331749 2.409833908
0.000000000 0.500000000 0.666666667 0.500000000 0.500000000 0.000000000 0.000000000 -0.934182236 -0.264347045 0.239633448 0.144320155 0.334272529 0.931361138 -0.326305443 0.904644967 -0.274120852 -5.891870022 5.184461117 2.512778282
0.000000000 0.500000000 0.666666667 0.500000000 0.500000000 0.000000000 0.000000000 -0.931799999 -0.278926338 0.232268939 0.131568528 0.336842386 0.932323404 -0.338287576 0.899298229 -0.277171807 -5.906291962 5.182695389 2.612258196
0.000000000 0.500000000 0.666666667 0.500000000 0.500000000 0.000000000 0.000000000 -0.928555303 -0.295550524 0.224577240 0.117587638 0.339647236 0.933173565 -0.352076975 0.892910770 -0.280628154 -5.919915199 5.181028843 2.708257914
0.000000000 0.500000000 0.666666667 0.500000000 0.500000000 0.000000000 0.000000000 -0.924295902 -0.314828522 0.215777865 0.102335192 0.340224433 0.934759244 -0.367701773 0.886075808 -0.282250012 -5.932662964 5.179153442 2.800850868
0.000000000 0.500000000 0.666666667 0.500000000 0.500000000 0.000000000 0.000000000 -0.918930142 -0.335948274 0.206654669 0.085966597 0.340753897 0.936213932 -0.384937838 0.878080599 -0.284248697 -5.944636822 5.177340984 2.889947414
0.000000000 0.500000000 0.666666667 0.500000000 0.500000000 0.000000000 0.000000000 -0.912396713 -0.358579346 0.197365374 0.068690583 0.341212251 0.937473095 -0.403501972 0.868904513 -0.286689912 -5.955919743 5.175600052 2.975539446
0.000000000 0.500000000 0.666666667 0.500000000 0.500000000 0.000000000 0.000000000 -0.904655638 -0.382395155 0.188074778 0.050722632 0.341579838 0.938483047 -0.423113922 0.858543627 -0.289616037 -5.966589451 5.173935413 3.057620764
0.000000000 0.500000000 0.666666667 0.500000000 0.500000000 0.000000000 0.000000000 -0.895691989 -0.407076651 0.178953794 0.032285754 0.341841778 0.939202762 -0.443501398 0.847014049 -0.293042166 -5.976602077 5.172326088 3.136204719
0.000000000 0.500000000 0.666666667 0.500000000 0.500000000 0.000000000 0.000000000 -0.885520268 -0.432312945 0.170174535 0.013608872 0.341988413 0.939605622 -0.464401393 0.834355705 -0.296954379 -5.985997677 5.170770645 3.211298704
0.000000000 0.500000000 0.666666667 0.500000000 0.500000000 0.000000000 0.000000000 -0.874186020 -0.457804313 0.161907426 -0.005073299 0.342015705 0.939680541 -0.485564687 0.820634187 -0.301307926 -5.994812965 5.169269085 3.282908916
0.000000000 0.500000000 0.666666667 0.500000000 0.500000000 0.000000000 0.000000000 -0.861768263 -0.483262194 0.154314981 -0.023522699 0.341925453 0.939432630 -0.506756494 0.805943321 -0.306028135 -6.003084183 5.167821407 3.351048469
0.000000000 0.500000000 0.666666667 0.500000000 0.500000000 0.000000000 0.000000000 -0.848378134 -0.508413152 0.147548664 -0.041498909 0.341725463 0.938883139 -0.527761671 0.790404817 -0.311011001 -6.010844708 5.166429520 3.415729999
0.000000000 0.500000000 0.666666667 0.500000000 0.500000000 0.000000000 0.000000000 -0.834160072 -0.532997235 0.141742450 -0.058761578 0.341429064 0.938068905 -0.548383125 0.774170615 -0.316126251 -6.018128395 5.165094376 3.476976156
0.000000000 0.500000000 0.666666667 0.500000000 0.500000000 0.000000000 0.000000000 -0.819287008 -0.556773410 0.137011561 -0.075071217 0.341054943 0.937041001 -0.568447984 0.757419894 -0.321219541 -6.024965286 5.163817406 3.534809589
0.000000000 0.500000000 0.666666667 0.500000000 0.500000000 0.000000000 0.000000000 -0.803961195 -0.579515740 0.133446261 -0.090191883 0.340626078 0.935862863 -0.587802536 0.740361656 -0.326117764 -6.031382084 5.162602425 3.589251518
0.000000000 0.500000000 0.666666667 0.500000000 0.500000000 0.000000000 0.000000000 -0.788407137 -0.601018673 0.131113466 -0.103891077 0.340169325 0.934607658 -0.606317434 0.723229829 -0.330632401 -6.037405491 5.161453247 3.640335560
0.000000000 0.500000000 0.666666667 0.500000000 0.500000000 0.000000000 0.000000000 -0.772869868 -0.621094427 0.130053373 -0.115942063 0.339713461 0.933355346 -0.623882686 0.706283567 -0.334565267 -6.043059349 5.160372734 3.688091993
0.000000000 0.500000000 0.666666667 0.500000000 0.500000000 0.000000000 0.000000000 -0.757609513 -0.639573389 0.130283178 -0.126122575 0.339288963 0.932188874 -0.640406841 0.689803509 -0.337713188 -6.048364639 5.159365177 3.732557297
0.000000000 0.500000000 0.666666667 0.500000000 0.500000000 0.000000000 0.000000000 -0.742895457 -0.656304325 0.131798991 -0.134215823 0.338925519 0.931190424 -0.655814344 0.674087625 -0.339872654 -6.053340435 5.158433914 3.773768187
0.000000000 0.500000000 0.666666667 0.500000000 0.500000000 0.000000000 0.000000000 -0.729001875 -0.671151353 0.134581305 -0.140009007 0.338651243 0.930436894 -0.670040107 0.659447645 -0.340844626 -6.058002949 5.157582760 3.811762571
0.000000000 0.500000000 0.666666667 0.500000000 0.500000000 0.000000000 0.000000000 -0.716201618 -0.683991839 0.138601610 -0.143291939 0.338490568 0.929995460 -0.683024642 0.646203760 -0.340438010 -6.062367439 5.156813622 3.846581936
0.000000000 0.500000000 0.666666667 0.500000000 0.500000000 0.000000000 0.000000000 -0.704758720 -0.694714178 0.143831003 -0.143855845 0.338462623 0.929918571 -0.694709034 0.634677291 -0.338473180 -6.066449642 5.156129837 3.878266573
0.000000000 0.500000000 0.666666667 0.500000000 0.500000000 0.000000000 0.000000000 -0.694923324 -0.703211720 0.150249292 -0.141490639 0.338579238 0.930238947 -0.705026221 0.625185873 -0.334784485 -6.070260048 5.155533791 3.906855345
0.000000000 0.500000000 0.666666667 0.500000000 0.500000000 0.000000000 0.000000000 -0.686874520 -0.709693087 0.156649662 -0.136070011 0.337305880 0.931509364 -0.713924608 0.618514726 -0.328254760 -6.073802948 5.154838562 3.932441235
0.000000000 0.500000000 0.666666667 0.500000000 0.500000000 0.000000000 0.000000000 -0.680552544 -0.714052341 0.164248254 -0.127810150 0.336424402 0.932996885 -0.721465730 0.613960810 -0.320217620 -6.077087879 5.154267311 3.954938889
0.000000000 0.500000000 0.666666667 0.500000000 0.500000000 0.000000000 0.000000000 -0.675821950 -0.716497507 0.172904639 -0.117010972 0.335905103 0.934599483 -0.727717750 0.611391106 -0.310850111 -6.080056190 5.153807640 3.974334717
0.000000000 0.500000000 0.666666667 0.500000000 0.500000000 0.000000000 0.000000000 -0.672528046 -0.717219925 0.182487279 -0.103969951 0.335698771 0.936213963 -0.732732063 0.610656954 -0.300336159 -6.082683563 5.153454304 3.990611553
0.000000000 0.500000000 0.666666667 0.500000000 0.500000000 0.000000000 0.000000000 -0.670506534 -0.716395772 0.192868051 -0.088984670 0.335743299 0.937740991 -0.736547837 0.611599162 -0.288866318 -6.084948540 5.153199196 4.003749847
0.000000000 0.500000000 0.666666667 0.500000000 0.500000000 0.000000000 0.000000000 -0.669587629 -0.714190981 0.203920697 -0.072353727 0.335970258 0.939089412 -0.739200477 0.614048230 -0.276635907 -6.086831093 5.153034687 4.013726711
0.000000000 0.500000000 0.666666667 0.500000000 0.500000000 0.000000000 0.000000000 -0.669600663 -0.710764931 0.215518365 -0.054377903 0.336310260 0.940180011 -0.740728017 0.617825722 -0.263843480 -6.088307858 5.152950287 4.020519733
0.000000000 0.500000000 0.666666667 0.500000000 0.500000000 0.000000000 0.000000000 -0.670381295 -0.706270993 0.227530668 -0.035360111 0.336697202 0.940948807 -0.741173787 0.622748970 -0.250689327 -6.089364529 5.152939320 4.024108887
0.000000000 0.500000000 0.666666667 0.500000000 0.500000000 0.000000000 0.000000000 -0.671773295 -0.700860446 0.239823423 -0.015605669 0.337072897 0.941349205 -0.740592400 0.628630652 -0.237373967 -6.090597630 5.152919292 4.028198242
0.000000000 0.500000000 0.666666667 0.500000000 0.500000000 0.000000000 0.000000000 -0.673631206 -0.694685025 0.252257238 0.004577955 0.337389596 0.941353973 -0.739053476 0.635280235 -0.224095923 -6.091989517 5.152884006 4.032762528
0.000000000 0.500000000 0.666666667 0.500000000 0.500000000 0.000000000 0.000000000 -0.675825099 -0.687896346 0.264686707 0.024881484 0.337613370 0.940955963 -0.736641940 0.642507455 -0.211051707 -6.093520165 5.152829647 4.037779331
0.000000000 0.500000000 0.666666667 0.500000000 0.500000000 0.000000000 0.000000000 -0.678238879 -0.680649637 0.276962261 0.044997021 0.337725138 0.940168601 -0.733462536 0.650121375 -0.198431114 -6.095172405 5.152753830 4.043224812
0.000000000 0.500000000 0.666666667 0.500000000 0.500000000 0.000000000 0.000000000 -0.680777002 -0.673100126 0.288927144 0.064615975 0.337722161 0.939025302 -0.729635148 0.657936139 -0.186420459 -6.096925736 5.152656078 4.049075604
0.000000000 0.500000000 0.666666667 0.500000000 0.500000000 0.000000000 0.000000000 -0.683358003 -0.665409040 0.300420786 0.083431888 0.337618148 0.937578320 -0.725300599 0.665766322 -0.175197731 -6.098759651 5.152537823 4.055307388
0.000000000 0.500000000 0.666666667 0.500000000 0.500000000 0.000000000 0.000000000 -0.685918958 -0.657738997 0.311278968 0.101142449 0.337442975 0.935896599 -0.720614591 0.673432737 -0.164933201 -6.100653648 5.152402878 4.061899185
0.000000000 0.500000000 0.666666667 0.500000000 0.500000000 0.000000000 0.000000000 -0.688412744 -0.650255981 0.321333243 0.117447478 0.337241433 0.934063331 -0.715747151 0.680760879 -0.155790375 -6.102587700 5.152257442 4.068830490
0.000000000 0.500000000 0.666666667 0.500000000 0.500000000 0.000000000 0.000000000 -0.690805922 -0.643128719 0.330412817 0.132051095 0.337071049 0.932172525 -0.710879516 0.687581674 -0.147924825 -6.104539871 5.152108669 4.076076508
0.000000000 0.500000000 0.666666667 0.500000000 0.500000000 0.000000000 0.000000000 -0.693074778 -0.636529257 0.338345765 0.144661141 0.337000124 0.930324713 -0.706201463 0.693730078 -0.141485238 -6.106060028 5.152016640 4.081032753
0.000000000 0.500000000 0.666666667 0.500000000 0.500000000 0.000000000 0.000000000 -0.695203164 -0.630631453 0.344958739 0.154988108 0.337103745 0.928622502 -0.701905441 0.699045804 -0.136615214 -6.107126713 5.151988983 4.083676815
0.000000000 0.500000000 0.666666667 0.500000000 0.500000000 0.000000000 0.000000000 -0.697176833 -0.625611521 0.350078117 0.162743595 0.337460414 0.927165029 -0.698182630 0.703370950 -0.133455315 -6.108468056 5.151947498 4.088518143
0.000000000 0.500000000 0.666666667 0.500000000 0.500000000 0.000000000 0.000000000 -0.698987237 -0.621980593 0.352926315 0.167711453 0.337175731 0.926382964 -0.695190414 0.706719653 -0.131368264 -6.110020637 5.151779652 4.095553875
0.000000000 0.500000000 0.666666667 0.500000000 0.500000000 0.000000000 0.000000000 -0.700650107 -0.619458817 0.354062427 0.169962600 0.337043856 0.926020601 -0.692966192 0.708993804 -0.130864982 -6.111819744 5.151585102 4.104776382
0.000000000 0.500000000 0.666666667 0.500000000 0.500000000 0.000000000 0.000000000 -0.702172989 -0.618017630 0.353563718 0.169637687 0.337063012 0.926073205 -0.691502819 0.710241322 -0.131837461 -6.113869667 5.151360989 4.116189003
0.000000000 0.500000000 0.666666667 0.500000000 0.500000000 0.000000000 0.000000000 -0.703548874 -0.617624165 0.351510132 0.166871267 0.337224493 0.926516930 -0.690777072 0.710506884 -0.134190185 -6.116172791 5.151110649 4.129797459
0.000000000 0.500000000 0.666666667 0.500000000 0.500000000 0.000000000 0.000000000 -0.704756155 -0.618242489 0.347987050 0.161796509 0.337513640 0.927311400 -0.690753684 0.709831507 -0.137835339 -6.118734837 5.150828362 4.145606518
0.000000000 0.500000000 0.666666667 0.500000000 0.500000000 0.000000000 0.000000000 -0.705762333 -0.619833403 0.343083200 0.154543455 0.337911083 0.928403156 -0.691386903 0.708253240 -0.142693719 -6.121559143 5.150513649 4.163621903
0.000000000 0.500000000 0.666666667 0.500000000 0.500000000 0.000000000 0.000000000 -0.706524567 -0.622356591 0.336890650 0.145239808 0.338393431 0.929728608 -0.692624310 0.705806035 -0.148692320 -6.124653339 5.150162697 4.183847427
0.000000000 0.500000000 0.666666667 0.500000000 0.500000000 0.000000000 0.000000000 -0.706991909 -0.625769397 0.329507364 0.134014892 0.338934874 0.931215958 -0.694407985 0.702521041 -0.155761795 -6.128021240 5.149774075 4.206286430
0.000000000 0.500000000 0.666666667 0.500000000 0.500000000 0.000000000 0.000000000 -0.707108414 -0.630027439 0.321034447 0.120997541 0.339507228 0.932788528 -0.696675882 0.698426995 -0.163836647 -6.131668091 5.149342060 4.230944634
0.000000000 0.500000000 0.666666667 0.500000000 0.500000000 0.000000000 0.000000000 -0.706812637 -0.635086370 0.311578559 0.106318720 0.340081569 0.934366553 -0.699365588 0.693548721 -0.172852381 -6.135599613 5.148863316 4.257822037
0.000000000 0.500000000 0.666666667 0.500000000 0.500000000 0.000000000 0.000000000 -0.706040154 -0.640902098 0.301250398 0.090110302 0.340628700 0.935869768 -0.702415429 0.687907399 -0.182745659 -6.139822483 5.148335457 4.286924839
0.000000000 0.500000000 0.666666667 0.500000000 0.500000000 0.000000000 0.000000000 -0.704725906 -0.647429217 0.290166859 0.072509052 0.341119803 0.937219140 -0.705764716 0.681522332 -0.193451484 -6.144340515 5.147754192 4.318252087
0.000000000 0.500000000 0.666666667 0.500000000 0.500000000 0.000000000 0.000000000 -0.702805736 -0.654622139 0.278449194 0.053653962 0.341527479 0.938339082 -0.709355588 0.674409992 -0.204904399 -6.149161339 5.147116184 4.351809025
0.000000000 0.500000000 0.666666667 0.500000000 0.500000000 0.000000000 0.000000000 -0.700215952 -0.662436386 0.266224821 0.033689003 0.341825918 0.939159248 -0.713135802 0.666583135 -0.217035139 -6.154289246 5.146417618 4.387593746
0.000000000 0.500000000 0.666666667 0.500000000 0.500000000 0.000000000 0.000000000 -0.696896022 -0.670827741 0.253625857 0.012760988 0.341992216 0.939616135 -0.717058638 0.658051264 -0.229772591 -6.159729958 5.145656586 4.425610065
0.000000000 0.500000000 0.666666667 0.500000000 0.500000000 0.000000000 0.000000000 -0.692790043 -0.679751515 0.240790021 -0.008977889 0.342006279 0.939654779 -0.721083459 0.648821688 -0.243041278 -6.165488720 5.144830227 4.465857983
0.000000000 0.500000000 0.666666667 0.500000000 0.500000000 0.000000000 0.000000000 -0.687846390 -0.689164308 0.227859389 -0.031372764 0.341851761 0.939230069 -0.725177974 0.638897433 -0.256762489 -6.171572208 5.143936157 4.508337498
0.000000000 0.500000000 0.666666667 0.500000000 0.500000000 0.000000000 0.000000000 -0.682020085 -0.699022154 0.214980538 -0.054264343 0.341516148 0.938308106 -0.729317479 0.628279197 -0.270852850 -6.177984714 5.142972469 4.553049087
0.000000000 0.500000000 0.666666667 0.500000000 0.500000000 0.000000000 0.000000000 -0.675273570 -0.709280493 0.202303702 -0.077490158 0.340991667 0.936867097 -0.733485434 0.616965043 -0.285224918 -6.184731960 5.141940117 4.599992752
0.000000000 0.500000000 0.666666667 0.500000000 0.500000000 0.000000000 0.000000000 -0.667575938 -0.719895250 0.189982095 -0.100885133 0.340275124 0.934898406 -0.737675102 0.604949312 -0.299786213 -6.191819191 5.140836239 4.649168491
0.000000000 0.500000000 0.666666667 0.500000000 0.500000000 0.000000000 0.000000000 -0.658916342 -0.731745647 0.174291603 -0.124292675 0.334432475 0.934187482 -0.741876395 0.593888228 -0.311313647 -6.199138164 5.139046669 4.700781345
0.000000000 0.500000000 0.666666667 0.500000000 0.500000000 0.000000000 0.000000000 -0.649339779 -0.743816708 0.158412612 -0.147597990 0.327600199 0.933216450 -0.746037992 0.582593180 -0.322509692 -6.206813812 5.137085438 4.754684925
0.000000000 0.500000000 0.666666667 0.500000000 0.500000000 0.000000000 0.000000000 -0.638911169 -0.755981844 0.142421799 -0.170698466 0.319840605 0.931967822 -0.750103027 0.571133468 -0.333394676 -6.214863777 5.134962559 4.810884953
