0.000000000 0.384615385 0.666666667 0.384615385 0.500000000 0.000000000 0.000000000 0.072476120 0.000000000 -0.997370148 22.910385132 0.997370148 0.000000000 0.072476120 -0.347687364 0.000000000 1.000000000 0.000000000 9.152401924
0.000000000 0.384615385 0.666666667 0.384615385 0.500000000 0.000000000 0.000000000 0.135793468 0.000000000 -0.990737167 22.664569855 0.990737167 0.000000000 0.135793468 -0.264816284 0.000000000 1.000000000 0.000000000 8.995090485
0.000000000 0.384615385 0.666666667 0.384615385 0.500000000 0.000000000 0.000000000 0.175376801 0.000000000 -0.984501385 22.501621246 0.984501385 0.000000000 0.175376801 -0.201998591 0.000000000 1.000000000 0.000000000 8.895315170
0.000000000 0.384615385 0.666666667 0.384615385 0.500000000 0.000000000 0.000000000 0.248338961 0.000000000 -0.968673196 22.269681931 0.968673196 0.000000000 0.248338961 -0.229138792 0.000000000 1.000000000 0.000000000 8.862343788
0.000000000 0.384615385 0.666666667 0.384615385 0.500000000 0.000000000 0.000000000 0.319529785 0.000000000 -0.947576233 22.113376617 0.947576233 0.000000000 0.319529785 -0.203639209 0.000000000 1.000000000 0.000000000 8.733537674
0.000000000 0.384615385 0.666666667 0.384615385 0.500000000 0.000000000 0.000000000 0.404532198 0.000000000 -0.914523756 21.911972046 0.914523756 0.000000000 0.404532198 -0.223667592 0.000000000 1.000000000 0.000000000 8.601737976
0.000000000 0.384615385 0.666666667 0.384615385 0.500000000 0.000000000 0.000000000 0.475763704 0.000000000 -0.879573134 21.681024551 0.879573134 0.000000000 0.475763704 -0.180530995 0.000000000 1.000000000 0.000000000 8.517630577
0.000000000 0.384615385 0.666666667 0.384615385 0.500000000 0.000000000 0.000000000 0.560777600 0.000000000 -0.827966475 21.536468506 0.827966475 0.000000000 0.560777600 -0.167037040 0.000000000 1.000000000 0.000000000 8.379952431
0.000000000 0.384615385 0.666666667 0.384615385 0.500000000 0.000000000 0.000000000 0.624659845 0.000000000 -0.780896970 21.358409882 0.780896970 0.000000000 0.624659845 -0.180725709 0.000000000 1.000000000 0.000000000 8.263941765
0.000000000 0.384615385 0.666666667 0.384615385 0.500000000 0.000000000 0.000000000 0.628465663 0.000000000 -0.777837329 21.195201874 0.777837329 0.000000000 0.628465663 -0.196215212 0.000000000 1.000000000 0.000000000 8.046876907
0.000000000 0.384615385 0.666666667 0.384615385 0.500000000 0.000000000 0.000000000 0.611581999 0.000000000 -0.791181053 21.081319809 0.791181053 0.000000000 0.611581999 -0.175556332 0.000000000 1.000000000 0.000000000 7.931274414
0.000000000 0.384615385 0.666666667 0.384615385 0.500000000 0.000000000 0.000000000 0.589613353 0.000000000 -0.807685640 20.932746887 0.807685640 0.000000000 0.589613353 -0.192429811 0.000000000 1.000000000 0.000000000 7.698422909
0.000000000 0.384615385 0.666666667 0.384615385 0.500000000 0.000000000 0.000000000 0.574512792 0.000000000 -0.818495603 20.887479782 0.818495603 0.000000000 0.574512792 -0.193581536 0.000000000 1.000000000 0.000000000 7.560370922
0.000000000 0.384615385 0.666666667 0.384615385 0.500000000 0.000000000 0.000000000 0.570762847 0.000000000 -0.821114957 20.796442032 0.821114957 0.000000000 0.570762847 -0.182149351 0.000000000 1.000000000 0.000000000 7.301247597
0.000000000 0.384615385 0.666666667 0.384615385 0.500000000 0.000000000 0.000000000 0.555786351 0.000000000 -0.831325166 20.850963593 0.831325166 0.000000000 0.555786351 -0.185526431 0.000000000 1.000000000 0.000000000 7.082150936
0.000000000 0.384615385 0.666666667 0.384615385 0.500000000 0.000000000 0.000000000 0.555366466 0.000000000 -0.831605729 20.815929413 0.831605729 0.000000000 0.555366466 -0.160951838 0.000000000 1.000000000 0.000000000 6.888453007
0.000000000 0.384615385 0.666666667 0.384615385 0.500000000 0.000000000 0.000000000 0.488699321 0.000000000 -0.872452276 20.896366119 0.872452276 0.000000000 0.488699321 -0.199404910 0.000000000 1.000000000 0.000000000 6.684518814
0.000000000 0.384615385 0.666666667 0.384615385 0.500000000 0.000000000 0.000000000 0.464545601 0.000000000 -0.885549200 20.886163712 0.885549200 0.000000000 0.464545601 -0.158733815 0.000000000 1.000000000 0.000000000 6.492150784
0.000000000 0.384615385 0.666666667 0.384615385 0.500000000 0.000000000 0.000000000 0.393187081 0.000000000 -0.919458493 20.930688858 0.919458493 0.000000000 0.393187081 -0.190108642 0.000000000 1.000000000 0.000000000 6.313835144
0.000000000 0.384615385 0.666666667 0.384615385 0.500000000 0.000000000 0.000000000 0.384236420 0.000000000 -0.923234734 21.015672684 0.923234734 0.000000000 0.384236420 -0.211277768 0.000000000 1.000000000 0.000000000 6.135923862
0.000000000 0.384615385 0.666666667 0.384615385 0.500000000 0.000000000 0.000000000 0.317867795 0.000000000 -0.948135046 21.049798965 0.948135046 0.000000000 0.317867795 -0.206611633 0.000000000 1.000000000 0.000000000 5.965540409
0.000000000 0.384615385 0.666666667 0.384615385 0.500000000 0.000000000 0.000000000 0.259342773 0.000000000 -0.965785342 21.122291565 0.965785342 0.000000000 0.259342773 -0.163025513 0.000000000 1.000000000 0.000000000 5.737405777
0.000000000 0.384615385 0.666666667 0.384615385 0.500000000 0.000000000 0.000000000 0.200051115 0.000000000 -0.979785462 21.194330215 0.979785462 0.000000000 0.200051115 -0.183735654 0.000000000 1.000000000 0.000000000 5.522322655
0.000000000 0.384615385 0.666666667 0.384615385 0.500000000 0.000000000 0.000000000 0.158659885 0.000000000 -0.987333298 21.263479233 0.987333298 0.000000000 0.158659885 -0.176555470 0.000000000 1.000000000 0.000000000 5.314987659
0.000000000 0.384615385 0.666666667 0.384615385 0.500000000 0.000000000 0.000000000 0.104993539 0.000000000 -0.994472904 21.307933807 0.994472904 0.000000000 0.104993539 -0.180889890 0.000000000 1.000000000 0.000000000 5.124711990
0.000000000 0.384615385 0.666666667 0.384615385 0.500000000 0.000000000 0.000000000 0.049401760 0.000000000 -0.998778988 21.354394913 0.998778988 0.000000000 0.049401760 -0.223917842 0.000000000 1.000000000 0.000000000 4.922272682
0.000000000 0.384615385 0.666666667 0.384615385 0.500000000 0.000000000 0.000000000 0.017456667 0.000000000 -0.999847621 21.422363281 0.999847621 0.000000000 0.017456667 -0.194995716 0.000000000 1.000000000 0.000000000 4.722715855
0.000000000 0.384615385 0.666666667 0.384615385 0.500000000 0.000000000 0.000000000 0.002279664 0.000000000 -0.999997402 21.473564148 0.999997402 0.000000000 0.002279664 -0.251624435 0.000000000 1.000000000 0.000000000 4.535701752
0.000000000 0.384615385 0.666666667 0.384615385 0.500000000 0.000000000 0.000000000 -0.047599910 0.000000000 -0.998866482 21.529109955 0.998866482 0.000000000 -0.047599910 -0.216700137 0.000000000 1.000000000 0.000000000 4.234340668
0.000000000 0.384615385 0.666666667 0.384615385 0.500000000 0.000000000 0.000000000 -0.064574287 0.000000000 -0.997912903 21.567604065 0.997912903 0.000000000 -0.064574287 -0.169541925 0.000000000 1.000000000 0.000000000 4.029633522
0.000000000 0.384615385 0.666666667 0.384615385 0.500000000 0.000000000 0.000000000 -0.101925704 0.000000000 -0.994792014 21.574306488 0.994792014 0.000000000 -0.101925704 -0.149481505 0.000000000 1.000000000 0.000000000 3.838143110
0.000000000 0.384615385 0.666666667 0.384615385 0.500000000 0.000000000 0.000000000 -0.064053058 0.000000000 -0.997946494 21.593166351 0.997946494 0.000000000 -0.064053058 -0.159794301 0.000000000 1.000000000 0.000000000 3.621712685
0.000000000 0.384615385 0.666666667 0.384615385 0.500000000 0.000000000 0.000000000 -0.031807507 0.000000000 -0.999494013 21.610980988 0.999494013 0.000000000 -0.031807507 -0.161255494 0.000000000 1.000000000 0.000000000 3.413008928
0.000000000 0.384615385 0.666666667 0.384615385 0.500000000 0.000000000 0.000000000 -0.023501502 0.000000000 -0.999723802 21.550495148 0.999723802 0.000000000 -0.023501502 -0.219856560 0.000000000 1.000000000 0.000000000 3.215634584
0.000000000 0.384615385 0.666666667 0.384615385 0.500000000 0.000000000 0.000000000 -0.001941931 0.000000000 -0.999998114 21.646192551 0.999998114 0.000000000 -0.001941931 -0.239292592 0.000000000 1.000000000 0.000000000 3.015336752
0.000000000 0.384615385 0.666666667 0.384615385 0.500000000 0.000000000 0.000000000 -0.002460713 0.000000000 -0.999996972 21.595514297 0.999996972 0.000000000 -0.002460713 -0.173742667 0.000000000 1.000000000 0.000000000 2.806517363
0.000000000 0.384615385 0.666666667 0.384615385 0.500000000 0.000000000 0.000000000 -0.011734689 0.000000000 -0.999931146 21.604717255 0.999931146 0.000000000 -0.011734689 -0.172613516 0.000000000 1.000000000 0.000000000 2.577097178
0.000000000 0.384615385 0.666666667 0.384615385 0.500000000 0.000000000 0.000000000 -0.029209156 0.000000000 -0.999573322 21.633512497 0.999573322 0.000000000 -0.029209156 -0.159767151 0.000000000 1.000000000 0.000000000 2.400140285
0.000000000 0.384615385 0.666666667 0.384615385 0.500000000 0.000000000 0.000000000 -0.054111810 0.000000000 -0.998534883 21.610229492 0.998534883 0.000000000 -0.054111810 -0.181188956 0.000000000 1.000000000 0.000000000 2.214355469
0.000000000 0.384615385 0.666666667 0.384615385 0.500000000 0.000000000 0.000000000 -0.085678093 0.000000000 -0.996322872 21.629596710 0.996322872 0.000000000 -0.085678093 -0.159465939 0.000000000 1.000000000 0.000000000 2.072791815
0.000000000 0.384615385 0.666666667 0.384615385 0.500000000 0.000000000 0.000000000 -0.113924197 0.000000000 -0.993489445 21.641077042 0.993489445 0.000000000 -0.113924197 -0.171349481 0.000000000 1.000000000 0.000000000 1.838817120
0.000000000 0.384615385 0.666666667 0.384615385 0.500000000 0.000000000 0.000000000 -0.161275320 0.000000000 -0.986909454 21.691602707 0.986909454 0.000000000 -0.161275320 -0.207823783 0.000000000 1.000000000 0.000000000 1.689832687
0.000000000 0.384615385 0.666666667 0.384615385 0.500000000 0.000000000 0.000000000 -0.205898490 0.000000000 -0.978573355 21.754594803 0.978573355 0.000000000 -0.205898490 -0.201257318 0.000000000 1.000000000 0.000000000 1.432194829
0.000000000 0.384615385 0.666666667 0.384615385 0.500000000 0.000000000 0.000000000 -0.253448151 0.000000000 -0.967348973 21.721290588 0.967348973 0.000000000 -0.253448151 -0.195171803 0.000000000 1.000000000 0.000000000 1.274315119
0.000000000 0.384615385 0.666666667 0.384615385 0.500000000 0.000000000 0.000000000 -0.291522404 0.000000000 -0.956564001 21.838369370 0.956564001 0.000000000 -0.291522404 -0.162700191 0.000000000 1.000000000 0.000000000 1.128516793
0.000000000 0.384615385 0.666666667 0.384615385 0.500000000 0.000000000 0.000000000 -0.302087054 0.000000000 -0.953280343 21.879175186 0.953280343 0.000000000 -0.302087054 -0.176929921 0.000000000 1.000000000 0.000000000 0.960081756
0.000000000 0.384615385 0.666666667 0.384615385 0.500000000 0.000000000 0.000000000 -0.383303243 0.000000000 -0.923622555 21.933353424 0.923622555 0.000000000 -0.383303243 -0.168697804 0.000000000 1.000000000 0.000000000 0.760527313
0.000000000 0.384615385 0.666666667 0.384615385 0.500000000 0.000000000 0.000000000 -0.430151802 0.000000000 -0.902756572 22.023359299 0.902756572 0.000000000 -0.430151802 -0.173986197 0.000000000 1.000000000 0.000000000 0.655404031
0.000000000 0.384615385 0.666666667 0.384615385 0.500000000 0.000000000 0.000000000 -0.469262279 0.000000000 -0.883058839 22.120233536 0.883058839 0.000000000 -0.469262279 -0.179477528 0.000000000 1.000000000 0.000000000 0.467183828
0.000000000 0.384615385 0.666666667 0.384615385 0.500000000 0.000000000 0.000000000 -0.488378537 0.000000000 -0.872631884 22.186733246 0.872631884 0.000000000 -0.488378537 -0.208909303 0.000000000 1.000000000 0.000000000 0.352714837
0.000000000 0.384615385 0.666666667 0.384615385 0.500000000 0.000000000 0.000000000 -0.519741476 0.000000000 -0.854323591 22.246093750 0.854323591 0.000000000 -0.519741476 -0.219767451 0.000000000 1.000000000 0.000000000 0.156550899
0.000000000 0.384615385 0.666666667 0.384615385 0.500000000 0.000000000 0.000000000 -0.579735571 0.000000000 -0.814804681 22.385150909 0.814804681 0.000000000 -0.579735571 -0.233209834 0.000000000 1.000000000 0.000000000 0.058085937
0.000000000 0.384615385 0.666666667 0.384615385 0.500000000 0.000000000 0.000000000 -0.608384413 0.000000000 -0.793642493 22.511562347 0.793642493 0.000000000 -0.608384413 -0.272113323 0.000000000 1.000000000 0.000000000 -0.130661622
0.000000000 0.384615385 0.666666667 0.384615385 0.500000000 0.000000000 0.000000000 -0.650001476 0.000000000 -0.759932945 22.665584564 0.759932945 0.000000000 -0.650001476 -0.307128280 0.000000000 1.000000000 0.000000000 -0.248398438
0.000000000 0.384615385 0.666666667 0.384615385 0.500000000 0.000000000 0.000000000 -0.683066080 0.000000000 -0.730356577 22.793405533 0.730356577 0.000000000 -0.683066080 -0.362435907 0.000000000 1.000000000 0.000000000 -0.463802487
0.000000000 0.384615385 0.666666667 0.384615385 0.500000000 0.000000000 0.000000000 -0.711412930 0.000000000 -0.702774248 22.913602829 0.702774248 0.000000000 -0.711412930 -0.373837888 0.000000000 1.000000000 0.000000000 -0.540429056
0.000000000 0.384615385 0.666666667 0.384615385 0.500000000 0.000000000 0.000000000 -0.738492977 0.000000000 -0.674261168 23.089506149 0.674261168 0.000000000 -0.738492977 -0.351216733 0.000000000 1.000000000 0.000000000 -0.668834209
0.000000000 0.384615385 0.666666667 0.384615385 0.500000000 0.000000000 0.000000000 -0.750352570 0.000000000 -0.661037836 23.192403793 0.661037836 0.000000000 -0.750352570 -0.339922488 0.000000000 1.000000000 0.000000000 -0.804782689
0.000000000 0.384615385 0.666666667 0.384615385 0.500000000 0.000000000 0.000000000 -0.780241837 0.000000000 -0.625477958 23.374061584 0.625477958 0.000000000 -0.780241837 -0.360947251 0.000000000 1.000000000 0.000000000 -0.928461909
0.000000000 0.384615385 0.666666667 0.384615385 0.500000000 0.000000000 0.000000000 -0.797778055 0.000000000 -0.602951221 23.631860733 0.602951221 0.000000000 -0.797778055 -0.415318608 0.000000000 1.000000000 0.000000000 -1.096364141
0.000000000 0.384615385 0.666666667 0.384615385 0.500000000 0.000000000 0.000000000 -0.816085175 0.000000000 -0.577931646 23.723590851 0.577931646 0.000000000 -0.816085175 -0.367468268 0.000000000 1.000000000 0.000000000 -1.167371750
0.000000000 0.384615385 0.666666667 0.384615385 0.500000000 0.000000000 0.000000000 -0.829132804 0.000000000 -0.559051691 23.891227722 0.559051691 0.000000000 -0.829132804 -0.394165933 0.000000000 1.000000000 0.000000000 -1.254644156
0.000000000 0.384615385 0.666666667 0.384615385 0.500000000 0.000000000 0.000000000 -0.840586965 0.000000000 -0.541676614 24.051229477 0.541676614 0.000000000 -0.840586965 -0.338222355 0.000000000 1.000000000 0.000000000 -1.395839214
0.000000000 0.384615385 0.666666667 0.384615385 0.500000000 0.000000000 0.000000000 -0.850599391 0.000000000 -0.525814298 24.189147949 0.525814298 0.000000000 -0.850599391 -0.362515241 0.000000000 1.000000000 0.000000000 -1.467235088
0.000000000 0.384615385 0.666666667 0.384615385 0.500000000 0.000000000 0.000000000 -0.859166642 0.000000000 -0.511695888 24.388906479 0.511695888 0.000000000 -0.859166642 -0.377183825 0.000000000 1.000000000 0.000000000 -1.615619421
0.000000000 0.384615385 0.666666667 0.384615385 0.500000000 0.000000000 0.000000000 -0.867173218 0.000000000 -0.498006636 24.532291412 0.498006636 0.000000000 -0.867173218 -0.405218810 0.000000000 1.000000000 0.000000000 -1.710640788
0.000000000 0.384615385 0.666666667 0.384615385 0.500000000 0.000000000 0.000000000 -0.872987617 0.000000000 -0.487742371 24.740716934 0.487742371 0.000000000 -0.872987617 -0.421985775 0.000000000 1.000000000 0.000000000 -1.765860558
0.000000000 0.384615385 0.666666667 0.384615385 0.500000000 0.000000000 0.000000000 -0.878446601 0.000000000 -0.477840526 24.881856918 0.477840526 0.000000000 -0.878446601 -0.436948836 0.000000000 1.000000000 0.000000000 -1.835748911
0.000000000 0.384615385 0.666666667 0.384615385 0.500000000 0.000000000 0.000000000 -0.882852907 0.000000000 -0.469649597 25.056344986 0.469649597 0.000000000 -0.882852907 -0.449602038 0.000000000 1.000000000 0.000000000 -1.951021075
0.000000000 0.384615385 0.666666667 0.384615385 0.500000000 0.000000000 0.000000000 -0.887026818 0.000000000 -0.461717905 25.208621979 0.461717905 0.000000000 -0.887026818 -0.446119994 0.000000000 1.000000000 0.000000000 -2.033137798
0.000000000 0.384615385 0.666666667 0.384615385 0.500000000 0.000000000 0.000000000 -0.890358313 0.000000000 -0.455260447 25.397739410 0.455260447 0.000000000 -0.890358313 -0.403025806 0.000000000 1.000000000 0.000000000 -2.098616362
0.000000000 0.384615385 0.666666667 0.384615385 0.500000000 0.000000000 0.000000000 -0.894203963 0.000000000 -0.447659772 25.516761780 0.447659772 0.000000000 -0.894203963 -0.449315190 0.000000000 1.000000000 0.000000000 -2.250488281
0.000000000 0.384615385 0.666666667 0.384615385 0.500000000 0.000000000 0.000000000 -0.900955196 0.000000000 -0.433912128 25.721282959 0.433912128 0.000000000 -0.900955196 -0.437926918 0.000000000 1.000000000 0.000000000 -2.262792826
0.000000000 0.384615385 0.666666667 0.384615385 0.500000000 0.000000000 0.000000000 -0.884331065 0.000000000 -0.466860330 25.823463440 0.466860330 0.000000000 -0.884331065 -0.425693661 0.000000000 1.000000000 0.000000000 -2.457122087
0.000000000 0.384615385 0.666666667 0.384615385 0.500000000 0.000000000 0.000000000 -0.876015876 0.000000000 -0.482282267 25.812692642 0.482282267 0.000000000 -0.876015876 -0.427792966 0.000000000 1.000000000 0.000000000 -2.613613844
0.000000000 0.384615385 0.666666667 0.384615385 0.500000000 0.000000000 0.000000000 -0.827925831 0.000000000 -0.560837604 25.768224716 0.560837604 0.000000000 -0.827925831 -0.413917840 0.000000000 1.000000000 0.000000000 -2.835540056
0.000000000 0.384615385 0.666666667 0.384615385 0.500000000 0.000000000 0.000000000 -0.811141463 0.000000000 -0.584850003 25.729284286 0.584850003 0.000000000 -0.811141463 -0.435039669 0.000000000 1.000000000 0.000000000 -2.984959602
0.000000000 0.384615385 0.666666667 0.384615385 0.500000000 0.000000000 0.000000000 -0.783440246 0.000000000 -0.621467119 25.650814056 0.621467119 0.000000000 -0.783440246 -0.389923990 0.000000000 1.000000000 0.000000000 -3.104973793
0.000000000 0.384615385 0.666666667 0.384615385 0.500000000 0.000000000 0.000000000 -0.755106449 0.000000000 -0.655602205 25.542688370 0.655602205 0.000000000 -0.755106449 -0.410834342 0.000000000 1.000000000 0.000000000 -3.283378839
0.000000000 0.384615385 0.666666667 0.384615385 0.500000000 0.000000000 0.000000000 -0.743392713 0.000000000 -0.668855197 25.472196579 0.668855197 0.000000000 -0.743392713 -0.416182250 0.000000000 1.000000000 0.000000000 -3.379003763
0.000000000 0.384615385 0.666666667 0.384615385 0.500000000 0.000000000 0.000000000 -0.698994502 0.000000000 -0.715127042 25.327627182 0.715127042 0.000000000 -0.698994502 -0.399530023 0.000000000 1.000000000 0.000000000 -3.560786009