0.000000000 0.500000000 0.666666667 0.500000000 0.500000000 0.000000000 0.000000000 -0.557968161 -0.828841799 -0.041143689 -0.499999847 0.296198083 0.813797793 -0.662322945 0.474645097 -0.579689873 12.750468254 0.619670987 -3.467294931
0.000000000 0.500000000 0.666666667 0.500000000 0.500000000 0.000000000 0.000000000 -0.557459805 -0.829205741 -0.040698964 -0.499999971 0.296198097 0.813797712 -0.662750779 0.474008995 -0.579721380 12.565422058 0.561399519 -3.352788687
0.000000000 0.500000000 0.666666667 0.500000000 0.500000000 0.000000000 0.000000000 -0.556348814 -0.829998611 -0.039727850 -0.500000020 0.296198069 0.813797692 -0.663683642 0.472619306 -0.579788767 12.377786636 0.495429069 -3.239815712
0.000000000 0.500000000 0.666666667 0.500000000 0.500000000 0.000000000 0.000000000 -0.554803153 -0.831095982 -0.038378768 -0.500000021 0.296198082 0.813797687 -0.664976270 0.470686908 -0.579879638 12.187493324 0.416506350 -3.132710457
0.000000000 0.500000000 0.666666667 0.500000000 0.500000000 0.000000000 0.000000000 -0.553001279 -0.832366912 -0.036809100 -0.499999958 0.296198048 0.813797738 -0.666475527 0.468435738 -0.579981320 12.000385284 0.318010241 -3.041901827
0.000000000 0.500000000 0.666666667 0.500000000 0.500000000 0.000000000 0.000000000 -0.551131285 -0.833676451 -0.035183546 -0.499999970 0.296198047 0.813797731 -0.668022706 0.466101162 -0.580082211 11.819645882 0.196685791 -2.972697735
0.000000000 0.500000000 0.666666667 0.500000000 0.500000000 0.000000000 0.000000000 -0.549387226 -0.834889194 -0.033670602 -0.499999995 0.296198050 0.813797715 -0.669457752 0.463925370 -0.580172018 11.644052505 0.065571286 -2.914818764
0.000000000 0.500000000 0.666666667 0.500000000 0.500000000 0.000000000 0.000000000 -0.547969025 -0.835869266 -0.032442521 -0.500000018 0.296198083 0.813797689 -0.670619064 0.462157187 -0.580242023 11.468375206 -0.061290894 -2.855178833
0.000000000 0.500000000 0.666666667 0.500000000 0.500000000 0.000000000 0.000000000 -0.547076932 -0.836482980 -0.031671034 -0.500000012 0.296198086 0.813797691 -0.671347018 0.461045461 -0.580284641 11.286436081 -0.165287778 -2.780068398
0.000000000 0.500000000 0.666666667 0.500000000 0.500000000 0.000000000 0.000000000 -0.546909223 -0.836598114 -0.031526136 -0.499999991 0.296198024 0.813797727 -0.671483664 0.460836550 -0.580292480 11.092700005 -0.242510974 -2.683748722
0.000000000 0.500000000 0.666666667 0.500000000 0.500000000 0.000000000 0.000000000 -0.547657777 -0.836083631 -0.032173310 -0.499999989 0.296198020 0.813797729 -0.670873289 0.461769310 -0.580256956 10.891699791 -0.299770802 -2.571738243
0.000000000 0.500000000 0.666666667 0.500000000 0.500000000 0.000000000 0.000000000 -0.549504703 -0.834807765 -0.033772427 -0.500000012 0.296198053 0.813797703 -0.669361315 0.464071879 -0.580166115 10.685927391 -0.346556097 -2.448431969
0.000000000 0.500000000 0.666666667 0.500000000 0.500000000 0.000000000 0.000000000 -0.552618053 -0.832522935 -0.038972431 -0.500000000 0.293756324 0.814682283 -0.666793287 0.469694352 -0.578596515 10.476381302 -0.388600141 -2.315188646
0.000000000 0.500000000 0.666666667 0.500000000 0.500000000 0.000000000 0.000000000 -0.557148518 -0.829131722 -0.046109829 -0.500000022 0.290614240 0.815808397 -0.663012449 0.477581355 -0.576481173 10.263969421 -0.429732651 -2.172481537
0.000000000 0.500000000 0.666666667 0.500000000 0.500000000 0.000000000 0.000000000 -0.563224688 -0.824546628 -0.053859168 -0.499999996 0.288191481 0.816667420 -0.657858613 0.486896836 -0.574589867 10.050045013 -0.471456587 -2.019255876
0.000000000 0.500000000 0.666666667 0.500000000 0.500000000 0.000000000 0.000000000 -0.574356709 -0.816647341 -0.056581723 -0.490941100 0.288324667 0.822098366 -0.655050538 0.499956005 -0.566526950 9.836242676 -0.513330698 -1.853049874
0.000000000 0.500000000 0.666666667 0.500000000 0.500000000 0.000000000 0.000000000 -0.588644604 -0.806357246 -0.057319476 -0.478060616 0.290053807 0.829051770 -0.651886169 0.515419035 -0.556226250 9.625139237 -0.555180669 -1.671641827
0.000000000 0.500000000 0.666666667 0.500000000 0.500000000 0.000000000 0.000000000 -0.605095958 -0.794066468 -0.057596229 -0.463969258 0.292915271 0.836022232 -0.646986406 0.532596553 -0.545664277 9.420957565 -0.596516073 -1.471580744
0.000000000 0.500000000 0.666666667 0.500000000 0.500000000 0.000000000 0.000000000 -0.623386144 -0.779806404 -0.057373233 -0.448749891 0.296716043 0.842960927 -0.640322771 0.551236394 -0.534906709 9.223815918 -0.636887193 -1.254265666
0.000000000 0.500000000 0.666666667 0.500000000 0.500000000 0.000000000 0.000000000 -0.643114248 -0.763673356 -0.056630986 -0.432512591 0.301213275 0.849825524 -0.631931105 0.571028518 -0.524012891 9.036966324 -0.674986839 -1.027152062
0.000000000 0.500000000 0.666666667 0.500000000 0.500000000 0.000000000 0.000000000 -0.663883428 -0.745784119 -0.055361011 -0.415375806 0.306174770 0.856574544 -0.621869547 0.591661269 -0.513045036 8.860641479 -0.709816277 -0.790859997
0.000000000 0.500000000 0.666666667 0.500000000 0.500000000 0.000000000 0.000000000 -0.685309337 -0.726279259 -0.053568195 -0.397469529 0.311383319 0.863167656 -0.610220523 0.612828579 -0.502067771 8.694234848 -0.739864767 -0.546485603
0.000000000 0.500000000 0.666666667 0.500000000 0.500000000 0.000000000 0.000000000 -0.707024792 -0.705320308 -0.051373200 -0.378937066 0.316513098 0.869612649 -0.597095171 0.634304912 -0.491054616 8.539995193 -0.758088648 -0.292960197
0.000000000 0.500000000 0.666666667 0.500000000 0.500000000 0.000000000 0.000000000 -0.728683103 -0.682980828 -0.050577891 -0.359935998 0.319096885 0.876711615 -0.582637977 0.657049744 -0.478349895 8.431209564 -0.745680213 -0.017702637
0.000000000 0.500000000 0.666666667 0.500000000 0.500000000 0.000000000 0.000000000 -0.749965752 -0.659654749 -0.049061010 -0.340638499 0.321565356 0.883493709 -0.567024499 0.679302093 -0.465866808 8.382514000 -0.716478586 0.273950189
0.000000000 0.500000000 0.666666667 0.500000000 0.500000000 0.000000000 0.000000000 -0.770585839 -0.635614249 -0.046818704 -0.321229431 0.323893531 0.889890236 -0.550462639 0.700776360 -0.453765772 8.344238281 -0.693061829 0.567761242
0.000000000 0.500000000 0.666666667 0.500000000 0.500000000 0.000000000 0.000000000 -0.790291850 -0.611156547 -0.043891536 -0.301906252 0.326060592 0.895844353 -0.533189842 0.721229620 -0.442195011 8.310277939 -0.673905313 0.862354696
0.000000000 0.500000000 0.666666667 0.500000000 0.500000000 0.000000000 0.000000000 -0.808868937 -0.586602359 -0.040357349 -0.282876382 0.328050757 0.901312184 -0.515472594 0.740459569 -0.431286020 8.282792091 -0.656147122 1.157597661
0.000000000 0.500000000 0.666666667 0.500000000 0.500000000 0.000000000 0.000000000 -0.826140133 -0.562292601 -0.036325083 -0.264354564 0.329852843 0.906263629 -0.497603401 0.758303457 -0.421149287 8.263604164 -0.639039576 1.453378916
0.000000000 0.500000000 0.666666667 0.500000000 0.500000000 0.000000000 0.000000000 -0.841967461 -0.538582694 -0.031929242 -0.246561214 0.331460970 0.910681719 -0.479894116 0.774636887 -0.411872955 8.254544258 -0.622106910 1.749465346
0.000000000 0.500000000 0.666666667 0.500000000 0.500000000 0.000000000 0.000000000 -0.856247537 -0.515842757 -0.027320417 -0.229719273 0.332873406 0.914562382 -0.462676141 0.789367813 -0.403521058 8.257724762 -0.604997516 2.045443058
0.000000000 0.500000000 0.666666667 0.500000000 0.500000000 0.000000000 0.000000000 -0.868911052 -0.494449283 -0.022660324 -0.214052007 0.334092819 0.917912701 -0.446290625 0.802434978 -0.396134805 8.275776863 -0.587411165 2.340617657
0.000000000 0.500000000 0.666666667 0.500000000 0.500000000 0.000000000 0.000000000 -0.879914324 -0.474786997 -0.018113249 -0.199781719 0.335125107 0.920748841 -0.431089372 0.813798790 -0.389735144 8.312132835 -0.569055140 2.633800030
0.000000000 0.500000000 0.666666667 0.500000000 0.500000000 0.000000000 0.000000000 -0.889234750 -0.457241739 -0.013840201 -0.187126325 0.335978574 0.923093785 -0.417426996 0.823436938 -0.384325790 8.366314888 -0.550241709 2.923986673
0.000000000 0.500000000 0.666666667 0.500000000 0.500000000 0.000000000 0.000000000 -0.896861203 -0.442199167 -0.009993968 -0.176299513 0.336662855 0.924973840 -0.405658064 0.831335082 -0.379899351 8.436790466 -0.531435549 3.210486889
0.000000000 0.500000000 0.666666667 0.500000000 0.500000000 0.000000000 0.000000000 -0.902784598 -0.430040563 -0.006714383 -0.167509077 0.337187514 0.926415290 -0.396132147 0.837478176 -0.376443392 8.521328926 -0.513116121 3.493076086
0.000000000 0.500000000 0.666666667 0.500000000 0.500000000 0.000000000 0.000000000 -0.906985889 -0.421140830 -0.004122869 -0.160955452 0.337560733 0.927440615 -0.389191392 0.841839149 -0.373947734 8.618447304 -0.495804131 3.771612406
0.000000000 0.500000000 0.666666667 0.500000000 0.500000000 0.000000000 0.000000000 -0.909478085 -0.415735170 -0.003725760 -0.156754993 0.334595536 0.929232855 -0.385068157 0.845700949 -0.369475871 8.726728439 -0.480518788 4.046284199
0.000000000 0.500000000 0.666666667 0.500000000 0.500000000 0.000000000 0.000000000 -0.910451181 -0.413595952 -0.004127320 -0.154708287 0.331272042 0.930765373 -0.383593525 0.848054964 -0.365593743 8.844740868 -0.467672408 4.317138672
0.000000000 0.500000000 0.666666667 0.500000000 0.500000000 0.000000000 0.000000000 -0.910106984 -0.414340556 -0.005213535 -0.154535668 0.327712789 0.932053140 -0.384478874 0.849073749 -0.362284093 8.972161293 -0.459041119 4.583995342
0.000000000 0.500000000 0.666666667 0.500000000 0.500000000 0.000000000 0.000000000 -0.908615881 -0.417576485 -0.006859964 -0.155956488 0.324020792 0.933106693 -0.387420642 0.848905416 -0.359534199 9.104864121 -0.454126894 4.848505974
0.000000000 0.500000000 0.666666667 0.500000000 0.500000000 0.000000000 0.000000000 -0.906130977 -0.422902842 -0.008935243 -0.158691694 0.320287591 0.933934048 -0.392101516 0.847684520 -0.357333676 9.238145828 -0.453252554 5.112901688
0.000000000 0.500000000 0.666666667 0.500000000 0.500000000 0.000000000 0.000000000 -0.902797271 -0.429917849 -0.011301825 -0.162465813 0.316599220 0.934542559 -0.398198378 0.845538631 -0.355671864 9.362781525 -0.455236197 5.381495476
0.000000000 0.500000000 0.666666667 0.500000000 0.500000000 0.000000000 0.000000000 -0.898761652 -0.438219790 -0.013816938 -0.167006798 0.313042215 0.934940266 -0.405384042 0.842595981 -0.354536023 9.463060379 -0.458297104 5.659845829
0.000000000 0.500000000 0.666666667 0.500000000 0.500000000 0.000000000 0.000000000 -0.894178486 -0.447412583 -0.016334492 -0.172048217 0.309707042 0.935136867 -0.413333094 0.838989588 -0.353909911 9.525425911 -0.460486442 5.948983192
0.000000000 0.500000000 0.666666667 0.500000000 0.500000000 0.000000000 0.000000000 -0.889216337 -0.457104324 -0.018706752 -0.177328769 0.306691757 0.935144199 -0.421721250 0.834862745 -0.353773068 9.550725937 -0.461913139 6.243655682
0.000000000 0.500000000 0.666666667 0.500000000 0.500000000 0.000000000 0.000000000 -0.884059604 -0.466911781 -0.020784720 -0.182592465 0.304103263 0.934976576 -0.430230877 0.830370155 -0.354099984 9.543135643 -0.463667601 6.539273739
0.000000000 0.500000000 0.666666667 0.500000000 0.500000000 0.000000000 0.000000000 -0.878910207 -0.476460042 -0.022420433 -0.187589109 0.302058319 0.934650254 -0.438551221 0.825679478 -0.354860854 9.497228622 -0.462430418 6.831362248
0.000000000 0.500000000 0.666666667 0.500000000 0.500000000 0.000000000 0.000000000 -0.873987275 -0.485381863 -0.023466797 -0.192071903 0.300683082 0.934183102 -0.446379466 0.820971456 -0.356021406 9.458700180 -0.452880532 7.124651909
0.000000000 0.500000000 0.666666667 0.500000000 0.500000000 0.000000000 0.000000000 -0.869524028 -0.493317832 -0.023779850 -0.195797909 0.300111347 0.933593251 -0.453421596 0.816437809 -0.357544627 9.416280747 -0.440572798 7.417435169
0.000000000 0.500000000 0.666666667 0.500000000 0.500000000 0.000000000 0.000000000 -0.865763843 -0.499913869 -0.023218369 -0.198525089 0.300482729 0.932897593 -0.459391726 0.812278433 -0.359392527 9.363799095 -0.425992727 7.708622932
0.000000000 0.500000000 0.666666667 0.500000000 0.500000000 0.000000000 0.000000000 -0.862955390 -0.504816311 -0.021644572 -0.200008780 0.301938594 0.932110280 -0.464009141 0.808698694 -0.361527231 9.348811150 -0.414614260 8.003622055
0.000000000 0.500000000 0.666666667 0.500000000 0.500000000 0.000000000 0.000000000 -0.861344180 -0.507669220 -0.018925296 -0.200000404 0.304618021 0.931239872 -0.466996833 0.805903111 -0.363915009 9.417401314 -0.412319332 8.291419029
0.000000000 0.500000000 0.666666667 0.500000000 0.500000000 0.000000000 0.000000000 -0.861163437 -0.508108860 -0.014930557 -0.198241739 0.308652034 0.930287125 -0.468078784 0.804089117 -0.366528230 9.544979096 -0.417060226 8.559020042
0.000000000 0.500000000 0.666666667 0.500000000 0.500000000 0.000000000 0.000000000 -0.862623963 -0.505755852 -0.009535051 -0.194461327 0.314156785 0.929241791 -0.466973973 0.803440435 -0.369349125 9.705295563 -0.425910950 8.808728218
0.000000000 0.500000000 0.666666667 0.500000000 0.500000000 0.000000000 0.000000000 -0.865901379 -0.500207904 -0.002618037 -0.188369233 0.321225297 0.928079383 -0.463391664 0.804118375 -0.372373207 9.883406639 -0.436738282 9.046111107
0.000000000 0.500000000 0.666666667 0.500000000 0.500000000 0.000000000 0.000000000 -0.871120226 -0.491033923 0.005936173 -0.179653202 0.329917999 0.926757164 -0.457027656 0.806250458 -0.375614059 10.072559357 -0.448196411 9.274719238
0.000000000 0.500000000 0.666666667 0.500000000 0.500000000 0.000000000 0.000000000 -0.878280284 -0.477922767 0.014614093 -0.168052268 0.337155822 0.926328444 -0.447640680 0.811120078 -0.376433316 10.269779205 -0.460032940 9.496441841
0.000000000 0.500000000 0.666666667 0.500000000 0.500000000 0.000000000 0.000000000 -0.887083289 -0.461127247 0.021092678 -0.153601963 0.337961278 0.928541120 -0.435304118 0.820453434 -0.370629853 10.473822594 -0.472490847 9.712166786
0.000000000 0.500000000 0.666666667 0.500000000 0.500000000 0.000000000 0.000000000 -0.897136404 -0.440802671 0.028970292 -0.136417689 0.338822690 0.930907836 -0.420162453 0.831199248 -0.364103452 10.686030388 -0.484160155 9.919656753
0.000000000 0.500000000 0.666666667 0.500000000 0.500000000 0.000000000 0.000000000 -0.908025736 -0.417154314 0.038360682 -0.116626893 0.339685995 0.933280018 -0.402352372 0.842968388 -0.357095037 10.904453278 -0.494812310 10.120278358
0.000000000 0.500000000 0.666666667 0.500000000 0.500000000 0.000000000 0.000000000 -0.919326704 -0.390389191 0.049342576 -0.094378930 0.340493444 0.935498173 -0.382009199 0.855371553 -0.349869230 11.129526138 -0.504097581 10.313054085
0.000000000 0.500000000 0.666666667 0.500000000 0.500000000 0.000000000 0.000000000 -0.930615856 -0.360717147 0.061945696 -0.069849906 0.341184688 0.937397461 -0.359270261 0.868030039 -0.342707939 11.362179756 -0.511496902 10.496193886
0.000000000 0.500000000 0.666666667 0.500000000 0.500000000 0.000000000 0.000000000 -0.941482045 -0.328351171 0.076138471 -0.043248628 0.341700089 0.938813403 -0.334277003 0.880583078 -0.335905236 11.604096413 -0.516138017 10.666405678
0.000000000 0.500000000 0.666666667 0.500000000 0.500000000 0.000000000 0.000000000 -0.951536556 -0.293508517 0.091820110 -0.014819794 0.341982518 0.939589448 -0.307178378 0.892692953 -0.329758603 11.857888222 -0.516515493 10.817617416
0.000000000 0.500000000 0.666666667 0.500000000 0.500000000 0.000000000 0.000000000 -0.960423348 -0.256409535 0.108817014 0.015155473 0.341980783 0.939584725 -0.278131810 0.904048281 -0.324560321 12.114428520 -0.512350142 10.943256378
0.000000000 0.500000000 0.666666667 0.500000000 0.500000000 0.000000000 0.000000000 -0.967828705 -0.217276105 0.126880623 0.046359132 0.341652379 0.938682312 -0.247302303 0.914365762 -0.320588247 12.371238708 -0.503914177 11.043954849
0.000000000 0.500000000 0.666666667 0.500000000 0.500000000 0.000000000 0.000000000 -0.973489127 -0.176331635 0.145691706 0.078439973 0.340966253 0.936797302 -0.214862955 0.923390041 -0.318095492 12.625463486 -0.491871923 11.122450829
0.000000000 0.500000000 0.666666667 0.500000000 0.500000000 0.000000000 0.000000000 -0.977198439 -0.133801686 0.164864548 0.111015718 0.339905951 0.933884069 -0.180993704 0.930892611 -0.317301475 12.874562263 -0.477149040 11.183129311
0.000000000 0.500000000 0.666666667 0.500000000 0.500000000 0.000000000 0.000000000 -0.978813136 -0.089914439 0.183957167 0.143680272 0.338471322 0.929942549 -0.145879488 0.936670998 -0.318381245 13.116672516 -0.460740656 11.231040001
0.000000000 0.500000000 0.666666667 0.500000000 0.500000000 0.000000000 0.000000000 -0.978256317 -0.044903877 0.202480171 0.176007583 0.336680729 0.925022928 -0.109708287 0.940547569 -0.321456627 13.350664139 -0.443480819 11.270692825
0.000000000 0.500000000 0.666666667 0.500000000 0.500000000 0.000000000 0.000000000 -0.975519583 0.000986168 0.219910368 0.207558952 0.334571724 0.919228504 -0.072669277 0.942369773 -0.326585957 13.575763702 -0.426236570 11.306737900
0.000000000 0.500000000 0.666666667 0.500000000 0.500000000 0.000000000 0.000000000 -0.970663044 0.047497721 0.235705793 0.237890229 0.332201399 0.912715985 -0.034949865 0.942011782 -0.333754865 13.791562080 -0.409609377 11.342221260
0.000000000 0.500000000 0.666666667 0.500000000 0.500000000 0.000000000 0.000000000 -0.963813285 0.094349684 0.249323260 0.266558248 0.329645396 0.905693443 0.003263625 0.939378545 -0.342866299 13.998280525 -0.393984675 11.376144409
0.000000000 0.500000000 0.666666667 0.500000000 0.500000000 0.000000000 0.000000000 -0.955160019 0.141230889 0.260236765 0.293126495 0.326996432 0.898415378 0.041787509 0.934412741 -0.353732433 14.196064949 -0.379471123 11.407890320
0.000000000 0.500000000 0.666666667 0.500000000 0.500000000 0.000000000 0.000000000 -0.944950528 0.187793687 0.267959011 0.317171342 0.324360965 0.891174677 0.080441534 0.927104900 -0.366067841 14.385358810 -0.366952509 11.435187340
0.000000000 0.500000000 0.666666667 0.500000000 0.500000000 0.000000000 0.000000000 -0.933483313 0.233645251 0.272063966 0.338285608 0.321855818 0.884291626 0.119045168 0.917506801 -0.379485861 14.565980911 -0.355822742 11.458989143
0.000000000 0.500000000 0.666666667 0.500000000 0.500000000 0.000000000 0.000000000 -0.921075711 0.269847738 0.280716462 0.356138188 0.292338349 0.887526834 0.157432922 0.917453262 -0.365368837 14.739137650 -0.349719226 11.480202675
0.000000000 0.500000000 0.666666667 0.500000000 0.500000000 0.000000000 0.000000000 -0.907967812 0.303518883 0.288913032 0.370648937 0.260074746 0.891616785 0.195483547 0.916644650 -0.348638450 14.903993607 -0.346027225 11.496305466
0.000000000 0.500000000 0.666666667 0.500000000 0.500000000 0.000000000 0.000000000 -0.894363852 0.334710461 0.296786469 0.381826538 0.225516069 0.896298498 0.233070366 0.914937927 -0.329494757 15.060256004 -0.343757004 11.509628296
0.000000000 0.500000000 0.666666667 0.500000000 0.500000000 0.000000000 0.000000000 -0.880450341 0.363490641 0.304436775 0.389719889 0.189103469 0.901309207 0.270047411 0.912203065 -0.308155746 15.208058357 -0.344024956 11.517050743
