0.000000000 0.500000000 0.666666667 0.500000000 0.500000000 0.000000000 0.000000000 -0.250083160 0.953710674 -0.167016059 -0.126075714 0.138952606 0.982240850 0.959980899 0.266698565 0.085490048 -6.588876724 -0.326938480 -6.417459011
0.000000000 0.500000000 0.666666667 0.500000000 0.500000000 0.000000000 0.000000000 -0.251481422 0.953897657 -0.163818054 -0.135700098 0.132835283 0.981804599 0.958301924 0.269135742 0.096038399 -6.655903339 -0.316657722 -6.482003212
0.000000000 0.500000000 0.666666667 0.500000000 0.500000000 0.000000000 0.000000000 -0.248755296 0.955655278 -0.157619138 -0.147220465 0.123537250 0.981358590 0.957312351 0.267322909 0.109961469 -6.729872704 -0.305410147 -6.553739548
0.000000000 0.500000000 0.666666667 0.500000000 0.500000000 0.000000000 0.000000000 -0.242386659 0.958727362 -0.148628911 -0.160449047 0.111474842 0.980729047 0.956820156 0.261563004 0.126806877 -6.810830116 -0.293359965 -6.632586479
0.000000000 0.500000000 0.666666667 0.500000000 0.500000000 0.000000000 0.000000000 -0.232852542 0.962808114 -0.137040979 -0.175213987 0.097074931 0.979732880 0.956598010 0.252144788 0.146093304 -6.899179459 -0.280136704 -6.717994213
0.000000000 0.500000000 0.666666667 0.500000000 0.500000000 0.000000000 0.000000000 -0.220626909 0.967565186 -0.123050303 -0.191347359 0.080770391 0.978193402 0.956404703 0.239361138 0.167320921 -6.994675159 -0.265830070 -6.810158730
0.000000000 0.500000000 0.666666667 0.500000000 0.500000000 0.000000000 0.000000000 -0.206181023 0.972660709 -0.106866883 -0.208673277 0.062994979 0.975954454 0.956004628 0.223523550 0.189979928 -7.097316742 -0.250415653 -6.909001827
0.000000000 0.500000000 0.666666667 0.500000000 0.500000000 0.000000000 0.000000000 -0.189981038 0.977770294 -0.088726871 -0.227001146 0.044177807 0.972891978 0.955184634 0.204972130 0.213562032 -7.207844257 -0.233463123 -7.013583183
0.000000000 0.500000000 0.666666667 0.500000000 0.500000000 0.000000000 0.000000000 -0.172488238 0.982598833 -0.068900950 -0.246120150 0.024737385 0.968923595 0.953767623 0.184085836 0.237570464 -7.325441837 -0.215310052 -7.124742985
0.000000000 0.500000000 0.666666667 0.500000000 0.500000000 0.000000000 0.000000000 -0.154152044 0.986895170 -0.047697691 -0.265795387 0.005074947 0.964016108 0.951624905 0.161282880 0.261529870 -7.451789379 -0.195269778 -7.240439415
0.000000000 0.500000000 0.666666667 0.500000000 0.500000000 0.000000000 0.000000000 -0.135408115 0.990462590 -0.025465652 -0.285768711 -0.014432116 0.958189938 0.948683765 0.137023980 0.284997444 -7.585932255 -0.173685908 -7.361660481
0.000000000 0.500000000 0.666666667 0.500000000 0.500000000 0.000000000 0.000000000 -0.116672588 0.993167053 -0.002590867 -0.305759283 -0.033436934 0.951521535 0.944933208 0.111808662 0.307571219 -7.729367733 -0.150036007 -7.486512661
0.000000000 0.500000000 0.666666667 0.500000000 0.500000000 0.000000000 0.000000000 -0.098338180 0.994941776 0.020505260 -0.325466623 -0.051626835 0.944143076 0.940426010 0.086171534 0.328897229 -7.883298397 -0.124002069 -7.613202572
0.000000000 0.500000000 0.666666667 0.500000000 0.500000000 0.000000000 0.000000000 -0.080769184 0.995788633 0.043374384 -0.344574929 -0.068729292 0.936239501 0.935277743 0.060673575 0.348675006 -8.048796654 -0.095294796 -7.739881515
0.000000000 0.500000000 0.666666667 0.500000000 0.500000000 0.000000000 0.000000000 -0.064299732 0.995775756 0.065545318 -0.362757335 -0.084511110 0.928043635 0.929662659 0.035895912 0.366659002 -8.229804039 -0.062874146 -7.859743595
0.000000000 0.500000000 0.666666667 0.500000000 0.500000000 0.000000000 0.000000000 -0.049232224 0.995031697 0.086533866 -0.379680920 -0.098779644 0.919828778 0.923806575 0.012429959 0.382657691 -8.434144974 -0.024622802 -7.952835083
0.000000000 0.500000000 0.666666667 0.500000000 0.500000000 0.000000000 0.000000000 -0.035841645 0.993736182 0.105847893 -0.395009505 -0.111378182 0.911900429 0.917977596 -0.009126912 0.396527214 -8.631501198 0.016893921 -7.880756855
0.000000000 0.500000000 0.666666667 0.500000000 0.500000000 0.000000000 0.000000000 -0.024377002 0.992107875 0.122994824 -0.408409028 -0.122179333 0.904585141 0.912473467 -0.028181123 0.408164179 -8.669238091 0.031936035 -7.641955376
0.000000000 0.500000000 0.666666667 0.500000000 0.500000000 0.000000000 0.000000000 -0.014992109 0.990375893 0.137589343 -0.419627481 -0.131132346 0.898174307 0.907572594 -0.044270743 0.417554892 -8.638806343 0.035160523 -7.389311790
0.000000000 0.500000000 0.666666667 0.500000000 0.500000000 0.000000000 0.000000000 -0.007534052 0.988707572 0.149668216 -0.428734771 -0.138411606 0.892764652 0.903398990 -0.057441833 0.424936115 -8.585051537 0.035189819 -7.130256176
0.000000000 0.500000000 0.666666667 0.500000000 0.500000000 0.000000000 0.000000000 -0.001792359 0.987214210 0.159389118 -0.435887235 -0.144221868 0.888370627 0.899999503 -0.067883402 0.430572570 -8.516462326 0.033746947 -6.864407062
0.000000000 0.500000000 0.666666667 0.500000000 0.500000000 0.000000000 0.000000000 0.002422792 0.985967117 0.166922061 -0.441245608 -0.148739867 0.884973879 0.897383109 -0.075797733 0.434693294 -8.437196732 0.031676635 -6.591210365
0.000000000 0.500000000 0.666666667 0.500000000 0.500000000 0.000000000 0.000000000 0.005282742 0.985004412 0.172448255 -0.444974256 -0.152121014 0.882528815 0.895527780 -0.081397206 0.437497989 -8.349306107 0.029443970 -6.310313702
0.000000000 0.500000000 0.666666667 0.500000000 0.500000000 0.000000000 0.000000000 0.006943986 0.984338053 0.176154419 -0.447238396 -0.154500842 0.880969527 0.894387834 -0.084900459 0.439160920 -8.258075714 0.027190551 -6.033452511
0.000000000 0.500000000 0.666666667 0.500000000 0.500000000 0.000000000 0.000000000 0.007550060 0.983959595 0.178231626 -0.448204780 -0.156000277 0.880213831 0.893899028 -0.086529934 0.439837582 -8.166115761 0.025018921 -5.759838104
0.000000000 0.500000000 0.666666667 0.500000000 0.500000000 0.000000000 0.000000000 0.007237294 0.983845127 0.178875340 -0.448040689 -0.156729660 0.880167799 0.893983872 -0.086513464 0.439668350 -8.074057579 0.022941284 -5.489291668
0.000000000 0.500000000 0.666666667 0.500000000 0.500000000 0.000000000 0.000000000 0.006134655 0.983960316 0.178281975 -0.446913828 -0.156791420 0.880729516 0.894555977 -0.085079652 0.438783610 -7.982228756 0.020975342 -5.221732616
0.000000000 0.500000000 0.666666667 0.500000000 0.500000000 0.000000000 0.000000000 0.004366904 0.984264286 0.176648652 -0.444992322 -0.156283380 0.881792117 0.895523737 -0.082457996 0.437307575 -7.891593933 0.019157104 -4.956860065
0.000000000 0.500000000 0.666666667 0.500000000 0.500000000 0.000000000 0.000000000 0.002057089 0.984712995 0.174172574 -0.442444784 -0.155301235 0.883246364 0.896793388 -0.078878664 0.435361660 -7.802262783 0.017465210 -4.694662571
0.000000000 0.500000000 0.666666667 0.500000000 0.500000000 0.000000000 0.000000000 -0.000669794 0.985261679 0.171052552 -0.439440157 -0.153941718 0.884982653 0.898271618 -0.074574604 0.433066656 -7.715114594 0.015963135 -4.434867859
0.000000000 0.500000000 0.666666667 0.500000000 0.500000000 0.000000000 0.000000000 -0.003690533 0.985867823 0.167484372 -0.436147861 -0.152302680 0.886892855 0.899867447 -0.069774844 0.430546221 -7.630483150 0.014642334 -4.177406311
0.000000000 0.500000000 0.666666667 0.500000000 0.500000000 0.000000000 0.000000000 -0.006878107 0.986492208 0.163663728 -0.432737179 -0.150485177 0.888871614 0.901493885 -0.064709626 0.427926908 -7.547966003 0.013458862 -3.922436237
0.000000000 0.500000000 0.666666667 0.500000000 0.500000000 0.000000000 0.000000000 -0.010101261 0.987100101 0.159785343 -0.429377598 -0.148593588 0.890816942 0.903068570 -0.059609872 0.425339653 -7.470336914 0.012602539 -3.669124365
0.000000000 0.500000000 0.666666667 0.500000000 0.500000000 0.000000000 0.000000000 -0.013228995 0.987661821 0.156042051 -0.426238464 -0.146737051 0.892630388 0.904514104 -0.054702521 0.422920641 -7.396450043 0.011962280 -3.417921782
0.000000000 0.500000000 0.666666667 0.500000000 0.500000000 0.000000000 0.000000000 -0.016125248 0.988152552 0.152625390 -0.423488642 -0.145027316 0.894217226 0.905757885 -0.050215645 0.420809984 -7.326520920 0.011549072 -3.168794393
0.000000000 0.500000000 0.666666667 0.500000000 0.500000000 0.000000000 0.000000000 -0.018652398 0.988551567 0.149726039 -0.421297024 -0.143579414 0.895485215 0.906730889 -0.046376188 0.419151933 -7.262565613 0.011847534 -2.921299934
0.000000000 0.500000000 0.666666667 0.500000000 0.500000000 0.000000000 0.000000000 -0.020672209 0.988840945 0.147533878 -0.419831728 -0.142510202 0.896343775 0.907366508 -0.043409997 0.418092803 -7.202229023 0.012807617 -2.676165819
0.000000000 0.500000000 0.666666667 0.500000000 0.500000000 0.000000000 0.000000000 -0.022045591 0.989003688 0.146238493 -0.419260516 -0.141935994 0.896702176 0.907598265 -0.041543696 0.417779260 -7.145385742 0.014572144 -2.433472157
0.000000000 0.500000000 0.666666667 0.500000000 0.500000000 0.000000000 0.000000000 -0.022678303 0.989029410 0.145967533 -0.419690411 -0.141935047 0.896501200 0.907383961 -0.040930048 0.418305006 -7.091884613 0.017379761 -2.193310499
0.000000000 0.500000000 0.666666667 0.500000000 0.500000000 0.000000000 0.000000000 -0.022646994 0.988937669 0.146592634 -0.420985897 -0.142429564 0.895815100 0.906784422 -0.041425913 0.419554414 -7.039648056 0.022310790 -1.946319222
0.000000000 0.500000000 0.666666667 0.500000000 0.500000000 0.000000000 0.000000000 -0.022072119 0.988752257 0.147924964 -0.422951580 -0.143303022 0.894749241 0.905883427 -0.042816085 0.421357331 -6.987279892 0.029707031 -1.692813993
0.000000000 0.500000000 0.666666667 0.500000000 0.500000000 0.000000000 0.000000000 -0.021074258 0.988495506 0.149774868 -0.425392664 -0.144436678 0.893408713 0.904763481 -0.044885204 0.423542632 -6.933679104 0.040531006 -1.433058143
0.000000000 0.500000000 0.666666667 0.500000000 0.500000000 0.000000000 0.000000000 -0.019775305 0.988189839 0.151953217 -0.428114631 -0.145714050 0.891899814 0.903508052 -0.047415805 0.425940068 -6.876931190 0.056085814 -1.167539716
0.000000000 0.500000000 0.666666667 0.500000000 0.500000000 0.000000000 0.000000000 -0.018293547 0.987859490 0.154269163 -0.430923023 -0.147018745 0.890331869 0.902203245 -0.050190806 0.428380892 -6.813910961 0.078294680 -0.897178173
0.000000000 0.500000000 0.666666667 0.500000000 0.500000000 0.000000000 0.000000000 -0.016745443 0.987530798 0.156532789 -0.433624248 -0.148238621 0.888816810 0.900938178 -0.052992782 0.430699621 -6.745673657 0.106678464 -0.621850669
0.000000000 0.500000000 0.666666667 0.500000000 0.500000000 0.000000000 0.000000000 -0.015245924 0.987233000 0.158551460 -0.436025004 -0.149262888 0.887469879 0.899805400 -0.055602103 0.432733923 -6.675768852 0.138317868 -0.340451181
0.000000000 0.500000000 0.666666667 0.500000000 0.500000000 0.000000000 0.000000000 -0.013908342 0.986997585 0.160132214 -0.437932178 -0.149983642 0.886408661 0.898900420 -0.057798574 0.434324026 -6.608122349 0.170017093 -0.051670399
0.000000000 0.500000000 0.666666667 0.500000000 0.500000000 0.000000000 0.000000000 -0.012845120 0.986857460 0.161081832 -0.439152609 -0.150294766 0.885751923 0.898320649 -0.059361917 0.435311583 -6.548595905 0.197180167 0.240529671
0.000000000 0.500000000 0.666666667 0.500000000 0.500000000 0.000000000 0.000000000 -0.012167177 0.986845609 0.161207021 -0.439493041 -0.150089543 0.885617861 0.898163585 -0.060073895 0.435537944 -6.499550819 0.217575073 0.527736247
0.000000000 0.500000000 0.666666667 0.500000000 0.500000000 0.000000000 0.000000000 -0.011990145 0.986993335 0.160313420 -0.438759965 -0.149259333 0.886121518 0.898524306 -0.059714385 0.434842803 -6.460859299 0.230800167 0.809544802
0.000000000 0.500000000 0.666666667 0.500000000 0.500000000 0.000000000 0.000000000 -0.012432430 0.987327418 0.158208737 -0.436758757 -0.147691602 0.887371951 0.899492758 -0.058066861 0.433060062 -6.430427074 0.238394156 1.085257173
0.000000000 0.500000000 0.666666667 0.500000000 0.500000000 0.000000000 0.000000000 -0.013617676 0.987867190 0.154702857 -0.433293484 -0.145266279 0.889468642 0.901149996 -0.054919244 0.430014605 -6.406108379 0.242127687 1.354370713
0.000000000 0.500000000 0.666666667 0.500000000 0.500000000 0.000000000 0.000000000 -0.015679978 0.988621004 0.149608319 -0.428166904 -0.141852766 0.892497000 0.903563634 -0.050062998 0.425519043 -6.386586666 0.243079826 1.616647959
0.000000000 0.500000000 0.666666667 0.500000000 0.500000000 0.000000000 0.000000000 -0.018765490 0.989581921 0.142742700 -0.421179839 -0.137306310 0.896523575 0.906782995 -0.043296643 0.419368574 -6.371042252 0.241944581 1.871969581
0.000000000 0.500000000 0.666666667 0.500000000 0.500000000 0.000000000 0.000000000 -0.023036921 0.990722991 0.133930040 -0.412131627 -0.131463839 0.901590140 0.910833038 -0.034426945 0.411336800 -6.359030724 0.239130244 2.120277405
0.000000000 0.500000000 0.666666667 0.500000000 0.500000000 0.000000000 0.000000000 -0.028674566 0.991991671 0.123005262 -0.400820966 -0.124140244 0.907706865 0.915707553 -0.023274987 0.401170728 -6.350888729 0.234628290 2.361541033
0.000000000 0.500000000 0.666666667 0.500000000 0.500000000 0.000000000 0.000000000 -0.035881831 0.993304104 0.109815529 -0.387047331 -0.115122987 0.914844829 0.921361415 -0.009677500 0.388586526 -6.345661640 0.229143068 2.595705271
0.000000000 0.500000000 0.666666667 0.500000000 0.500000000 0.000000000 0.000000000 -0.044887566 0.994538138 0.094228433 -0.370613422 -0.104170860 0.922926933 0.927701891 0.006505622 0.373265159 -6.343339920 0.222807616 2.822753906
0.000000000 0.500000000 0.666666667 0.500000000 0.500000000 0.000000000 0.000000000 -0.055890977 0.995523730 0.076214841 -0.351411654 -0.091063964 0.931781736 0.934551255 0.025295408 0.354928295 -6.344099045 0.215675652 3.042648792
0.000000000 0.500000000 0.666666667 0.500000000 0.500000000 0.000000000 0.000000000 -0.068875166 0.996047117 0.056092356 -0.329675883 -0.075791619 0.941046993 0.941578474 0.046322471 0.333592873 -6.348247051 0.207754508 3.255290508
0.000000000 0.500000000 0.666666667 0.500000000 0.500000000 0.000000000 0.000000000 -0.083751877 0.995897157 0.034270621 -0.305736698 -0.058413828 0.950322522 0.948425376 0.069113509 0.309374576 -6.355219364 0.199453726 3.460586071
0.000000000 0.500000000 0.666666667 0.500000000 0.500000000 0.000000000 0.000000000 -0.100410264 0.994883473 0.011164901 -0.279939142 -0.039018046 0.959224514 0.954752248 0.093190494 0.282424638 -6.364079475 0.191416010 3.658499479
0.000000000 0.500000000 0.666666667 0.500000000 0.500000000 0.000000000 0.000000000 -0.118711236 0.992846202 -0.012808633 -0.252641620 -0.017727176 0.967397519 0.960249892 0.118076949 0.252938687 -6.373371601 0.184497669 3.849066496
0.000000000 0.500000000 0.666666667 0.500000000 0.500000000 0.000000000 0.000000000 -0.138481952 0.989664566 -0.037239699 -0.224212021 0.005296478 0.974525996 0.964651086 0.143303850 0.221161226 -6.381457329 0.179638058 4.032350063
0.000000000 0.500000000 0.666666667 0.500000000 0.500000000 0.000000000 0.000000000 -0.159514486 0.985263592 -0.061731536 -0.195023608 0.029848931 0.980344242 0.967740110 0.168418215 0.187388324 -6.386372089 0.177959591 4.208383560
0.000000000 0.500000000 0.666666667 0.500000000 0.500000000 0.000000000 0.000000000 -0.181568656 0.979618577 -0.085908480 -0.165448648 0.055683997 0.984645133 0.969360391 0.192994135 0.151966100 -6.386405945 0.180264890 4.377043247
0.000000000 0.500000000 0.666666667 0.500000000 0.500000000 0.000000000 0.000000000 -0.204371458 0.972758341 -0.109423567 -0.135851172 0.082516237 0.987286954 0.969420841 0.216638594 0.115286397 -6.380441666 0.186973870 4.538024425
0.000000000 0.500000000 0.666666667 0.500000000 0.500000000 0.000000000 0.000000000 -0.227621626 0.964765980 -0.131965904 -0.106580216 0.110025097 0.988197923 0.967899299 0.239000173 0.077780875 -6.368014813 0.198089600 4.690895557
0.000000000 0.500000000 0.666666667 0.500000000 0.500000000 0.000000000 0.000000000 -0.250996224 0.955777208 -0.153267168 -0.077963313 0.137860784 0.987378411 0.964843312 0.259777469 0.039913022 -6.350615025 0.212109983 4.835428715
0.000000000 0.500000000 0.666666667 0.500000000 0.500000000 0.000000000 0.000000000 -0.274154815 0.945977520 -0.173105945 -0.050299401 0.165651256 0.984900823 0.960369256 0.278722428 0.002168013 -6.330097675 0.227476805 4.971690178
0.000000000 0.500000000 0.666666667 0.500000000 0.500000000 0.000000000 0.000000000 -0.296746000 0.935597180 -0.191310552 -0.023854353 0.193009508 0.980906876 0.954658463 0.295643782 -0.034956734 -6.307663441 0.243226930 5.099800110
0.000000000 0.500000000 0.666666667 0.500000000 0.500000000 0.000000000 0.000000000 -0.318412899 0.924904899 -0.207759848 0.001141953 0.219541118 0.975602580 0.947951434 0.310407194 -0.070960922 -6.284223556 0.258716434 5.219892979
0.000000000 0.500000000 0.666666667 0.500000000 0.500000000 0.000000000 0.000000000 -0.338798983 0.914200183 -0.222380924 0.024498624 0.244851255 0.969251092 0.940539774 0.322933257 -0.105352003 -6.260207176 0.273530871 5.332026959
0.000000000 0.500000000 0.666666667 0.500000000 0.500000000 0.000000000 0.000000000 -0.357551485 0.903804993 -0.235145635 0.046059594 0.268550507 0.962163780 0.932756908 0.333192375 -0.137649523 -6.235922813 0.287013531 5.436270237
0.000000000 0.500000000 0.666666667 0.500000000 0.500000000 0.000000000 0.000000000 -0.374323625 0.894055326 -0.246062793 0.065703950 0.290259605 0.954689663 0.924967467 0.341195597 -0.167393994 -6.212568283 0.299100935 5.532865047
0.000000000 0.500000000 0.666666667 0.500000000 0.500000000 0.000000000 0.000000000 -0.388777778 0.885291104 -0.255169551 0.083336880 0.309612404 0.947203845 0.917554796 0.346986772 -0.194147821 -6.190036297 0.309496462 5.621798515
0.000000000 0.500000000 0.666666667 0.500000000 0.500000000 0.000000000 0.000000000 -0.400582793 0.877847814 -0.262519791 0.098883236 0.326257467 0.940094767 0.910909179 0.350626981 -0.217497561 -6.168793678 0.317900389 5.703177929
0.000000000 0.500000000 0.666666667 0.500000000 0.500000000 0.000000000 0.000000000 -0.409413827 0.872046401 -0.268170455 0.112275469 0.339857577 0.933751062 0.905414014 0.352181633 -0.237051810 -6.149218559 0.324808329 5.777053833
0.000000000 0.500000000 0.666666667 0.500000000 0.500000000 0.000000000 0.000000000 -0.415037070 0.871223046 -0.262134763 0.123493212 0.339402008 0.932499707 0.901384300 0.354650083 -0.248454547 -6.131718636 0.328082889 5.843819618
0.000000000 0.500000000 0.666666667 0.500000000 0.500000000 0.000000000 0.000000000 -0.417578766 0.871346814 -0.257648412 0.132701551 0.338995276 0.931382038 0.898898366 0.354735019 -0.257186303 -6.116069317 0.330466926 5.903083324
0.000000000 0.500000000 0.666666667 0.500000000 0.500000000 0.000000000 0.000000000 -0.417253703 0.872369260 -0.254698295 0.140077093 0.338647960 0.930427841 0.897929705 0.352547065 -0.263501065 -6.102304459 0.331985474 5.954849720
