0.000000000 0.500000000 0.666666667 0.500000000 0.500000000 0.000000000 0.000000000 0.995082175 0.099052839 0.000000000 -0.000000000 0.000000000 1.000000000 0.099052839 -0.995082175 0.000000000 -5.779936314 3.876081467 -21.671150208
0.000000000 0.500000000 0.666666667 0.500000000 0.500000000 0.000000000 0.000000000 0.996523219 0.083145818 0.005314791 -0.006160697 0.009920517 0.999931812 0.083087423 -0.996488011 0.010398262 -5.724008560 3.856902361 -21.534513474
0.000000000 0.500000000 0.666666667 0.500000000 0.500000000 0.000000000 0.000000000 0.997712925 0.066265425 0.013334636 -0.014746012 0.020855554 0.999673747 0.065965704 -0.997584051 0.021785006 -5.673803806 3.828817606 -21.398881912
0.000000000 0.500000000 0.666666667 0.500000000 0.500000000 0.000000000 0.000000000 0.998536238 0.048642855 0.023648534 -0.025256450 0.032710865 0.999145691 0.047827735 -0.998280458 0.033891530 -5.626266956 3.797353983 -21.264648438
0.000000000 0.500000000 0.666666667 0.500000000 0.500000000 0.000000000 0.000000000 0.998892127 0.030504039 0.035833254 -0.037196874 0.045375720 0.998277234 0.028825528 -0.998504155 0.046460105 -5.580424786 3.764243126 -21.131820679
0.000000000 0.500000000 0.666666667 0.500000000 0.500000000 0.000000000 0.000000000 0.998703544 0.012068767 0.049452776 -0.050078890 0.058719993 0.997017586 0.009128906 -0.998201536 0.059248255 -5.535678387 3.730620146 -21.000324249
0.000000000 0.500000000 0.666666667 0.500000000 0.500000000 0.000000000 0.000000000 0.997925272 -0.006455780 0.064058363 -0.063422992 0.072592605 0.995343075 -0.011075879 -0.997340783 0.072032550 -5.491894245 3.696798086 -20.870128632
0.000000000 0.500000000 0.666666667 0.500000000 0.500000000 0.000000000 0.000000000 0.996549093 -0.024876511 0.079190056 -0.076761581 0.086821036 0.993262185 -0.031584260 -0.995913283 0.084611865 -5.449014664 3.662924051 -20.741218567
0.000000000 0.500000000 0.666666667 0.500000000 0.500000000 0.000000000 0.000000000 0.994606536 -0.043017867 0.094378502 -0.089641483 0.101212018 0.990818112 -0.052175121 -0.993934399 0.096809949 -5.404844761 3.627087355 -20.606561661
0.000000000 0.500000000 0.666666667 0.500000000 0.500000000 0.000000000 0.000000000 0.992169077 -0.060723711 0.109147395 -0.101626348 0.115552970 0.988088861 -0.072612728 -0.991443464 0.108476955 -5.359539509 3.589210749 -20.466152191
0.000000000 0.500000000 0.666666667 0.500000000 0.500000000 0.000000000 0.000000000 0.989345869 -0.077858495 0.123015475 -0.112297853 0.129614301 0.985184919 -0.092649580 -0.988503003 0.119490031 -5.313130856 3.549307823 -20.319976807
0.000000000 0.500000000 0.666666667 0.500000000 0.500000000 0.000000000 0.000000000 0.986278933 -0.094307074 0.135499236 -0.121256906 0.143152012 0.982244503 -0.112029593 -0.985197278 0.129752429 -5.265750408 3.507310629 -20.168024063
0.000000000 0.500000000 0.666666667 0.500000000 0.500000000 0.000000000 0.000000000 0.983136147 -0.109973479 0.146113487 -0.128122051 0.155910578 0.979426685 -0.130491598 -0.981630137 0.139191297 -5.217571735 3.463129282 -20.010284424
0.000000000 0.500000000 0.666666667 0.500000000 0.500000000 0.000000000 0.000000000 0.980101845 -0.124777883 0.154372448 -0.132527773 0.167626347 0.976902143 -0.147772671 -0.977922230 0.147754357 -5.168654442 3.416715622 -19.846765518
0.000000000 0.500000000 0.666666667 0.500000000 0.500000000 0.000000000 0.000000000 0.977365335 -0.138652465 0.159788911 -0.134120386 0.178030217 0.974842020 -0.163611504 -0.974207748 0.155404441 -5.118991375 3.368047476 -19.677490234
0.000000000 0.500000000 0.666666667 0.500000000 0.500000000 0.000000000 0.000000000 0.975107229 -0.151535478 0.161873073 -0.132553066 0.186850860 0.973404562 -0.177751448 -0.970630597 0.162113132 -5.068540096 3.317116737 -19.502487183
0.000000000 0.500000000 0.666666667 0.500000000 0.500000000 0.000000000 0.000000000 0.973483779 -0.163363765 0.160129989 -0.127479086 0.193817684 0.972719789 -0.189943190 -0.967340160 0.167852908 -5.017914772 3.264432192 -19.321498871
0.000000000 0.500000000 0.666666667 0.500000000 0.500000000 0.000000000 0.000000000 0.972608802 -0.174063978 0.154057943 -0.118545515 0.198663869 0.972871846 -0.199947691 -0.964486598 0.172587724 -4.981642723 3.221190691 -19.128301620
0.000000000 0.500000000 0.666666667 0.500000000 0.500000000 0.000000000 0.000000000 0.972533540 -0.183542652 0.143145408 -0.105384998 0.201129806 0.973879255 -0.207539189 -0.962215618 0.176262841 -4.957574368 3.186278582 -18.925493240
0.000000000 0.500000000 0.666666667 0.500000000 0.500000000 0.000000000 0.000000000 0.973223812 -0.191674401 0.126871333 -0.087610435 0.200967322 0.975672357 -0.212508407 -0.960662823 0.178793505 -4.935745716 3.152094603 -18.716039658
0.000000000 0.500000000 0.666666667 0.500000000 0.500000000 0.000000000 0.000000000 0.974534466 -0.198290265 0.104706947 -0.064810360 0.197945177 0.978068159 -0.214667630 -0.959947226 0.180053134 -4.922670841 3.123712778 -18.498901367
0.000000000 0.500000000 0.666666667 0.500000000 0.500000000 0.000000000 0.000000000 0.976157769 -0.203204522 0.076314696 -0.036714291 0.191945996 0.980718510 -0.213934737 -0.960137832 0.179909065 -4.909467697 3.094176531 -18.275815964
0.000000000 0.500000000 0.666666667 0.500000000 0.500000000 0.000000000 0.000000000 0.977572752 -0.206338509 0.042141824 -0.003701559 0.183239915 0.983061255 -0.210565458 -0.961169888 0.178366574 -4.898577690 3.065451622 -18.046438217
0.000000000 0.500000000 0.666666667 0.500000000 0.500000000 0.000000000 0.000000000 0.978202399 -0.207633935 0.002866163 0.033669834 0.172214644 0.984483854 -0.204905852 -0.962927965 0.175451778 -4.891165733 3.038502216 -17.810594559
0.000000000 0.500000000 0.666666667 0.500000000 0.500000000 0.000000000 0.000000000 0.977482534 -0.207036697 -0.040788498 0.074813861 0.159282292 0.984394249 -0.197308848 -0.965279730 0.171184873 -4.883803368 3.010654211 -17.568742752
0.000000000 0.500000000 0.666666667 0.500000000 0.500000000 0.000000000 0.000000000 0.974895592 -0.204514637 -0.088047414 0.119103970 0.144874153 0.982255427 -0.188129818 -0.968083283 0.165595679 -4.876496315 2.981964111 -17.320861816
0.000000000 0.500000000 0.666666667 0.500000000 0.500000000 0.000000000 0.000000000 0.970000360 -0.200073601 -0.138093651 0.165874946 0.129433548 0.977615701 -0.177721142 -0.971193859 0.158737785 -4.871305943 2.954385996 -17.066688538
0.000000000 0.500000000 0.666666667 0.500000000 0.500000000 0.000000000 0.000000000 0.962457638 -0.193768899 -0.190076060 0.214424131 0.113407179 0.970134580 -0.166425920 -0.974470331 0.150698333 -4.866750240 2.926614284 -16.806381226
0.000000000 0.500000000 0.666666667 0.500000000 0.500000000 0.000000000 0.000000000 0.952050829 -0.185713682 -0.243124756 0.264020793 0.097235260 0.959603212 -0.154571147 -0.977781025 0.141605183 -4.862288475 2.898222685 -16.539987564
0.000000000 0.500000000 0.666666667 0.500000000 0.500000000 0.000000000 0.000000000 0.938700036 -0.176083242 -0.296372964 0.313922492 0.081340515 0.945957922 -0.142460208 -0.981008875 0.131630834 -4.857899189 2.869263887 -16.267492294
0.000000000 0.500000000 0.666666667 0.500000000 0.500000000 0.000000000 0.000000000 0.922471006 -0.165115150 -0.348975974 0.363389502 0.066117687 0.929288180 -0.130366073 -0.984055607 0.120992762 -4.854403973 2.840853930 -15.988765717
0.000000000 0.500000000 0.666666667 0.500000000 0.500000000 0.000000000 0.000000000 0.903575597 -0.153106248 -0.400136999 0.411707397 0.051923693 0.909835671 -0.118524935 -0.986844672 0.109951957 -4.851355076 2.812519550 -15.703855515
0.000000000 0.500000000 0.666666667 0.500000000 0.500000000 0.000000000 0.000000000 0.882367016 -0.140405969 -0.449126499 0.458204407 0.039069681 0.887987771 -0.107131555 -0.989322861 0.098808432 -4.848293304 2.783783436 -15.412813187
0.000000000 0.500000000 0.666666667 0.500000000 0.500000000 0.000000000 0.000000000 0.859328791 -0.127407226 -0.495299332 0.502268178 0.027815708 0.864264406 -0.096336429 -0.991460380 0.087895434 -4.845173359 2.754682064 -15.115632057
0.000000000 0.500000000 0.666666667 0.500000000 0.500000000 0.000000000 0.000000000 0.835058431 -0.114535721 -0.538106853 0.543359104 0.018368425 0.839299401 -0.086245586 -0.993249299 0.077572735 -4.842299461 2.726835966 -14.824881554
0.000000000 0.500000000 0.666666667 0.500000000 0.500000000 0.000000000 0.000000000 0.810247012 -0.102238276 -0.577102343 0.581018626 0.010882596 0.813817502 -0.076922927 -0.994700409 0.068219934 -4.839730263 2.700577974 -14.540532112
0.000000000 0.500000000 0.666666667 0.500000000 0.500000000 0.000000000 0.000000000 0.785657055 -0.090971000 -0.611937308 0.614869927 0.005466161 0.788609596 -0.068395656 -0.995838540 0.060229861 -4.837126255 2.675158024 -14.262661934
0.000000000 0.500000000 0.666666667 0.500000000 0.500000000 0.000000000 0.000000000 0.762096224 -0.081188199 -0.642353346 0.644615709 0.002189168 0.764503627 -0.060662453 -0.996696385 0.054003545 -4.834389687 2.650337458 -13.988483429
0.000000000 0.500000000 0.666666667 0.500000000 0.500000000 0.000000000 0.000000000 0.740394723 -0.073331960 -0.668160219 0.670023477 0.001096272 0.742339099 -0.053704696 -0.997306985 0.049945808 -4.831465721 2.626122475 -13.718000412
0.000000000 0.500000000 0.666666667 0.500000000 0.500000000 0.000000000 0.000000000 0.721380880 -0.067823332 -0.689209418 0.690907607 0.002222249 0.722939652 -0.047500581 -0.997694872 0.048462744 -4.828206539 2.602987528 -13.451175690
0.000000000 0.500000000 0.666666667 0.500000000 0.500000000 0.000000000 0.000000000 0.705855906 -0.065054266 -0.705361881 0.707106738 0.005610170 0.707084569 -0.042041668 -0.997865957 0.049960281 -4.824571610 2.580886841 -13.188014984
0.000000000 0.500000000 0.666666667 0.500000000 0.500000000 0.000000000 0.000000000 0.706087590 -0.065099161 -0.705125815 0.707106829 0.011452453 0.707013984 -0.037950597 -0.997813079 0.054118496 -4.820641994 2.559412241 -12.928553581
0.000000000 0.500000000 0.666666667 0.500000000 0.500000000 0.000000000 0.000000000 0.706278477 -0.067838219 -0.704676301 0.707106782 0.019491171 0.706838095 -0.034215671 -0.997505925 0.061735060 -4.816431999 2.538531542 -12.672788620
0.000000000 0.500000000 0.666666667 0.500000000 0.500000000 0.000000000 0.000000000 0.706431522 -0.073044699 -0.704002114 0.707106818 0.029419577 0.706494471 -0.030894231 -0.996894659 0.072433321 -4.811970234 2.518204927 -12.420712471
0.000000000 0.500000000 0.666666667 0.500000000 0.500000000 0.000000000 0.000000000 0.706549261 -0.080517145 -0.703068368 0.707106788 0.040913751 0.705922131 -0.028073670 -0.995913176 0.085841801 -4.807233810 2.498620510 -12.172299385
0.000000000 0.500000000 0.666666667 0.500000000 0.500000000 0.000000000 0.000000000 0.706634003 -0.090066455 -0.701823638 0.707106821 0.053647350 0.705068724 -0.025852062 -0.994489817 0.101595646 -4.802137375 2.480280638 -11.927496910
0.000000000 0.500000000 0.666666667 0.500000000 0.500000000 0.000000000 0.000000000 0.706688382 -0.101504491 -0.700205947 0.707106800 0.067305586 0.703896251 -0.024320860 -0.992555689 0.119338591 -4.796864986 2.462359667 -11.686359406
0.000000000 0.500000000 0.666666667 0.500000000 0.500000000 0.000000000 0.000000000 0.706714446 -0.114635175 -0.698150033 0.707106797 0.081596204 0.702383113 -0.023551418 -0.990050926 0.138724527 -4.791439056 2.444821835 -11.448879242
0.000000000 0.500000000 0.666666667 0.500000000 0.500000000 0.000000000 0.000000000 0.713563976 -0.128306579 -0.688740789 0.700185189 0.097189298 0.707315305 -0.023814973 -0.986960821 0.159189148 -4.786005974 2.427750111 -11.215054512
0.000000000 0.500000000 0.666666667 0.500000000 0.500000000 0.000000000 0.000000000 0.725884707 -0.142015707 -0.672995491 0.687358297 0.114071293 0.717304895 -0.025099096 -0.983269688 0.180418282 -4.780627251 2.411143780 -10.984884262
0.000000000 0.500000000 0.666666667 0.500000000 0.500000000 0.000000000 0.000000000 0.739283323 -0.155897630 -0.655100067 0.672841747 0.131601708 0.727986932 -0.027279150 -0.978967272 0.202185382 -4.775214672 2.395274639 -10.758337021
0.000000000 0.500000000 0.666666667 0.500000000 0.500000000 0.000000000 0.000000000 0.753328484 -0.169657938 -0.635383647 0.656944580 0.149574936 0.738952744 -0.030331730 -0.974085993 0.224134923 -4.769734859 2.380450487 -10.535397530
0.000000000 0.500000000 0.666666667 0.500000000 0.500000000 0.000000000 0.000000000 0.767614231 -0.183030954 -0.614221509 0.639999060 0.167763850 0.749837645 -0.034199334 -0.968687236 0.245917557 -4.764369011 2.365939856 -10.316120148
0.000000000 0.500000000 0.666666667 0.500000000 0.500000000 0.000000000 0.000000000 0.781767228 -0.195783905 -0.592037721 0.622362813 0.185920017 0.760327743 -0.038788272 -0.962861574 0.267194798 -4.759141922 2.351711273 -10.100522041
0.000000000 0.500000000 0.666666667 0.500000000 0.500000000 0.000000000 0.000000000 0.795454933 -0.207719537 -0.569301364 0.604415600 0.203776376 0.770166846 -0.043968532 -0.956727643 0.287643853 -4.754080772 2.337732553 -9.888614654
0.000000000 0.500000000 0.666666667 0.500000000 0.500000000 0.000000000 0.000000000 0.808388329 -0.218677913 -0.546523814 0.586558249 0.221049910 0.779157467 -0.049575489 -0.950429854 0.306961501 -4.749202728 2.323966742 -9.680417061
0.000000000 0.500000000 0.666666667 0.500000000 0.500000000 0.000000000 0.000000000 0.820323260 -0.228535782 -0.524252940 0.569209238 0.237445063 0.787159886 -0.055412928 -0.944135180 0.324866387 -4.744528770 2.310377836 -9.475949287
0.000000000 0.500000000 0.666666667 0.500000000 0.500000000 0.000000000 0.000000000 0.831058956 -0.237204452 -0.503065661 0.552800597 0.252657739 0.794087884 -0.061257749 -0.938028845 0.341100239 -4.739931583 2.297576904 -9.275188446
0.000000000 0.500000000 0.666666667 0.500000000 0.500000000 0.000000000 0.000000000 0.840435014 -0.244624205 -0.483557635 0.537771274 0.266379147 0.799902624 -0.066865873 -0.932309578 0.355426232 -4.735478401 2.285241127 -9.078181267
0.000000000 0.500000000 0.666666667 0.500000000 0.500000000 0.000000000 0.000000000 0.848321539 -0.250758650 -0.466337503 0.524566095 0.278298927 0.804599353 -0.071979021 -0.927183804 0.367626460 -4.731253624 2.272947311 -8.884979248
0.000000000 0.500000000 0.666666667 0.500000000 0.500000000 0.000000000 0.000000000 0.854610793 -0.255584007 -0.452014611 0.513628003 0.288108404 0.808195411 -0.076332613 -0.922859883 0.377495655 -4.727259636 2.260656118 -8.695610046
0.000000000 0.500000000 0.666666667 0.500000000 0.500000000 0.000000000 0.000000000 0.859258898 -0.258880451 -0.441197301 0.505292408 0.295145610 0.810906068 -0.079710282 -0.919711901 0.384416818 -4.723524094 2.248285532 -8.510118484
0.000000000 0.500000000 0.666666667 0.500000000 0.500000000 0.000000000 0.000000000 0.862437514 -0.259104087 -0.434817899 0.499461569 0.296304323 0.814089607 -0.082095522 -0.919276248 0.384956498 -4.720239162 2.235447407 -8.328697205
0.000000000 0.500000000 0.666666667 0.500000000 0.500000000 0.000000000 0.000000000 0.864339979 -0.259234550 -0.430945297 0.495920038 0.296999379 0.815999194 -0.083544699 -0.919015134 0.385268045 -4.717032433 2.222817898 -8.151029587
0.000000000 0.500000000 0.666666667 0.500000000 0.500000000 0.000000000 0.000000000 0.865128678 -0.259274048 -0.429335927 0.494442545 0.297287379 0.816790539 -0.084136437 -0.918910867 0.385387957 -4.713903904 2.210405827 -7.977112770
0.000000000 0.500000000 0.666666667 0.500000000 0.500000000 0.000000000 0.000000000 0.864941181 -0.259235292 -0.429736916 0.494799430 0.297217942 0.816599669 -0.083965932 -0.918944263 0.385345513 -4.710713863 2.198897600 -7.806900501
0.000000000 0.500000000 0.666666667 0.500000000 0.500000000 0.000000000 0.000000000 0.863899062 -0.259137475 -0.431886767 0.496755608 0.296835987 0.815550282 -0.083140106 -0.919095297 0.385164325 -4.707551002 2.187874079 -7.640603542
0.000000000 0.500000000 0.666666667 0.500000000 0.500000000 0.000000000 0.000000000 0.862113265 -0.259004705 -0.435519553 0.500073832 0.296183509 0.813757637 -0.081773347 -0.919343185 0.384865207 -4.704468727 2.177075148 -7.478236675
0.000000000 0.500000000 0.666666667 0.500000000 0.500000000 0.000000000 0.000000000 0.859689915 -0.258863601 -0.440366763 0.504515446 0.295301075 0.811333125 -0.079983835 -0.919666739 0.384468041 -4.701459885 2.166507006 -7.319797993
0.000000000 0.500000000 0.666666667 0.500000000 0.500000000 0.000000000 0.000000000 0.856734807 -0.256739116 -0.447314762 0.509841693 0.290602618 0.809698442 -0.077890422 -0.921756554 0.379865683 -4.698776722 2.155719042 -7.165498733
0.000000000 0.500000000 0.666666667 0.500000000 0.500000000 0.000000000 0.000000000 0.853357508 -0.254044029 -0.455239054 0.515813993 0.284798590 0.807976292 -0.075610112 -0.924311308 0.374074479 -4.696237564 2.145052433 -7.015174389
0.000000000 0.500000000 0.666666667 0.500000000 0.500000000 0.000000000 0.000000000 0.849673920 -0.251086246 -0.463691628 0.522195164 0.278498465 0.806071223 -0.073255991 -0.927035221 0.367748906 -4.693807125 2.134581804 -6.868790627
0.000000000 0.500000000 0.666666667 0.500000000 0.500000000 0.000000000 0.000000000 0.845808682 -0.247956453 -0.472361377 0.528749300 0.271897316 0.804049767 -0.070935538 -0.929833021 0.361079912 -4.691470623 2.124332905 -6.726333618
0.000000000 0.500000000 0.666666667 0.500000000 0.500000000 0.000000000 0.000000000 0.841894398 -0.244754553 -0.480945976 0.535245109 0.265188161 0.801989970 -0.068749518 -0.932614845 0.354264104 -4.689220905 2.114328146 -6.587792873
0.000000000 0.500000000 0.666666667 0.500000000 0.500000000 0.000000000 0.000000000 0.838074696 -0.241588561 -0.489148005 0.541451438 0.258562619 0.799984820 -0.066791792 -0.935296926 0.347503262 -4.687039852 2.104593039 -6.453158379
0.000000000 0.500000000 0.666666667 0.500000000 0.500000000 0.000000000 0.000000000 0.834500794 -0.238575666 -0.496679048 0.547141680 0.252210078 0.798139122 -0.065149111 -0.937801540 0.341004201 -4.684368610 2.095512152 -6.322409153
0.000000000 0.500000000 0.666666667 0.500000000 0.500000000 0.000000000 0.000000000 0.831331445 -0.235840358 -0.503256747 0.552091098 0.246318280 0.796569347 -0.063901864 -0.940056716 0.334977494 -4.681536675 2.086881161 -6.195541859
0.000000000 0.500000000 0.666666667 0.500000000 0.500000000 0.000000000 0.000000000 0.828729387 -0.233513571 -0.508604969 0.556078035 0.241073520 0.795399759 -0.063125448 -0.941995207 0.329636478 -4.678750038 2.078574181 -6.072553635
0.000000000 0.500000000 0.666666667 0.500000000 0.500000000 0.000000000 0.000000000 0.826859984 -0.231729240 -0.512449144 0.558880256 0.236661630 0.794760425 -0.062892180 -0.943553301 0.325194929 -4.675994873 2.070614815 -5.953437328
0.000000000 0.500000000 0.666666667 0.500000000 0.500000000 0.000000000 0.000000000 0.825885687 -0.230622520 -0.514515389 0.560276045 0.233268894 0.794780710 -0.063273894 -0.944668660 0.321865714 -4.673250675 2.063025713 -5.838183880
0.000000000 0.500000000 0.666666667 0.500000000 0.500000000 0.000000000 0.000000000 0.825962431 -0.230325585 -0.514525206 0.560040883 0.231083884 0.795584344 -0.064344947 -0.945277929 0.319858351 -4.670505047 2.055831671 -5.726787090
