0.000000000 0.500000000 0.666666667 0.500000000 0.500000000 0.000000000 0.000000000 0.892562930 -0.414186724 0.178271628 -0.327315355 -0.323179984 0.887929815 -0.310154919 -0.850884279 -0.424028148 -14.323357582 4.814088821 32.029140472
0.000000000 0.500000000 0.666666667 0.500000000 0.500000000 0.000000000 0.000000000 0.889852989 -0.420234427 0.177664528 -0.329622657 -0.322905569 0.887175799 -0.315452948 -0.848018290 -0.425857274 -14.249400139 4.855342388 31.956779480
0.000000000 0.500000000 0.666666667 0.500000000 0.500000000 0.000000000 0.000000000 0.887140000 -0.426429971 0.176465577 -0.331460622 -0.322685406 0.886570914 -0.321117542 -0.845003911 -0.427611874 -14.179172516 4.894479752 31.888153076
0.000000000 0.500000000 0.666666667 0.500000000 0.500000000 0.000000000 0.000000000 0.884578216 -0.432184822 0.175321588 -0.332683778 -0.321248260 0.886634682 -0.326868297 -0.842624373 -0.427950092 -14.100522995 4.924539089 31.833835602
0.000000000 0.500000000 0.666666667 0.500000000 0.500000000 0.000000000 0.000000000 0.882329132 -0.437342486 0.173858714 -0.333147984 -0.319464180 0.887104875 -0.332427020 -0.840639154 -0.427572320 -14.026389122 4.952938080 31.782583237
0.000000000 0.500000000 0.666666667 0.500000000 0.500000000 0.000000000 0.000000000 0.880559499 -0.441671818 0.171874876 -0.332711178 -0.317817854 0.887859833 -0.337517763 -0.838998103 -0.426806681 -13.956800461 4.979616165 31.734395981
0.000000000 0.500000000 0.666666667 0.500000000 0.500000000 0.000000000 0.000000000 0.879439551 -0.444862630 0.169361495 -0.331231373 -0.316386477 0.888923717 -0.341865256 -0.837852516 -0.425595241 -13.889334679 5.002550125 31.692226410
0.000000000 0.500000000 0.666666667 0.500000000 0.500000000 0.000000000 0.000000000 0.879139007 -0.446605273 0.166307957 -0.328566963 -0.315242818 0.890317762 -0.345193218 -0.837356373 -0.423881996 -13.822873116 5.020781040 31.657436371
0.000000000 0.500000000 0.666666667 0.500000000 0.500000000 0.000000000 0.000000000 0.879822487 -0.446588470 0.162699509 -0.324575355 -0.314452922 0.892059526 -0.347222163 -0.837662282 -0.421614363 -13.761523247 5.037632942 31.625122070
0.000000000 0.500000000 0.666666667 0.500000000 0.500000000 0.000000000 0.000000000 0.881644065 -0.444495771 0.158515776 -0.319111221 -0.314071885 0.894162669 -0.347666177 -0.838917374 -0.418743202 -13.705322266 5.053098679 31.595254898
0.000000000 0.500000000 0.666666667 0.500000000 0.500000000 0.000000000 0.000000000 0.884739805 -0.440003367 0.153728704 -0.312026000 -0.314141292 0.896635391 -0.346230057 -0.841256373 -0.415225796 -13.654310226 5.067172527 31.567829132
0.000000000 0.500000000 0.666666667 0.500000000 0.500000000 0.000000000 0.000000000 0.889181641 -0.432853351 0.148303693 -0.303203737 -0.314675720 0.899470225 -0.342671129 -0.844758645 -0.411046627 -13.608520508 5.079853535 31.542829514
0.000000000 0.500000000 0.666666667 0.500000000 0.500000000 0.000000000 0.000000000 0.894858948 -0.423088608 0.142209325 -0.292675955 -0.315639651 0.902614201 -0.336998884 -0.849333645 -0.406280828 -13.565846443 5.091719151 31.519166946
0.000000000 0.500000000 0.666666667 0.500000000 0.500000000 0.000000000 0.000000000 0.901602698 -0.410823018 0.135414262 -0.280509371 -0.316979567 0.906001350 -0.329282655 -0.854838232 -0.401029339 -13.525255203 5.101658821 31.498474121
0.000000000 0.500000000 0.666666667 0.500000000 0.500000000 0.000000000 0.000000000 0.909229091 -0.396165745 0.127887308 -0.266768040 -0.318633028 0.909564625 -0.319589226 -0.861118863 -0.395394777 -13.486618042 5.109560013 31.480949402
0.000000000 0.500000000 0.666666667 0.500000000 0.500000000 0.000000000 0.000000000 0.917542372 -0.379225639 0.119598960 -0.251516478 -0.320535208 0.913234166 -0.307986132 -0.868012152 -0.389486132 -13.451211929 5.116839886 31.464565277
0.000000000 0.500000000 0.666666667 0.500000000 0.500000000 0.000000000 0.000000000 0.926338842 -0.360112157 0.110524135 -0.234819024 -0.322616122 0.916939946 -0.294544354 -0.875350257 -0.383413030 -13.419028282 5.123507500 31.449344635
0.000000000 0.500000000 0.666666667 0.500000000 0.500000000 0.000000000 0.000000000 0.935409779 -0.338938792 0.100643139 -0.216741798 -0.324805651 0.920610820 -0.279341259 -0.882961938 -0.377288586 -13.390046120 5.129570961 31.435306549
0.000000000 0.500000000 0.666666667 0.500000000 0.500000000 0.000000000 0.000000000 0.944545034 -0.315824194 0.089943078 -0.197353059 -0.327035425 0.924175092 -0.262462281 -0.890675536 -0.371228557 -13.364254951 5.135038376 31.422479630
0.000000000 0.500000000 0.666666667 0.500000000 0.500000000 0.000000000 0.000000000 0.953535951 -0.290894446 0.078419458 -0.176724169 -0.329239707 0.927561202 -0.244003603 -0.898321566 -0.365349976 -13.341633797 5.139919281 31.410881042
0.000000000 0.500000000 0.666666667 0.500000000 0.500000000 0.000000000 0.000000000 0.962178819 -0.264283219 0.066077986 -0.154930064 -0.331355612 0.930698734 -0.224072746 -0.905736076 -0.359768767 -13.322174072 5.144219875 31.400524139
0.000000000 0.500000000 0.666666667 0.500000000 0.500000000 0.000000000 0.000000000 0.970277826 -0.236133427 0.052933402 -0.132048993 -0.333328242 0.933517727 -0.202790542 -0.912761353 -0.354602184 -13.305852890 5.147948265 31.391439438
0.000000000 0.500000000 0.666666667 0.500000000 0.500000000 0.000000000 0.000000000 0.977648091 -0.206596926 0.039011809 -0.108163407 -0.335109786 0.935949843 -0.180291121 -0.919249227 -0.349965670 -13.292650223 5.151110649 31.383640289
0.000000000 0.500000000 0.666666667 0.500000000 0.500000000 0.000000000 0.000000000 0.984118582 -0.175834294 0.024349907 -0.083358841 -0.336660717 0.937929030 -0.156722432 -0.925063167 -0.345971410 -13.282549858 5.153710842 31.377141953
0.000000000 0.500000000 0.666666667 0.500000000 0.500000000 0.000000000 0.000000000 0.989534713 -0.144014335 0.008995722 -0.057724439 -0.337951282 0.939391729 -0.132245759 -0.930079998 -0.342727672 -13.275527000 5.155753612 31.371967316
0.000000000 0.500000000 0.666666667 0.500000000 0.500000000 0.000000000 0.000000000 0.993760777 -0.111313188 -0.006992338 -0.031351913 -0.338962868 0.940277210 -0.107035397 -0.934191387 -0.340337884 -13.271562576 5.157240391 31.368120193
0.000000000 0.500000000 0.666666667 0.500000000 0.500000000 0.000000000 0.000000000 0.996682100 -0.077912754 -0.023545560 -0.004335150 -0.339688025 0.940528177 -0.081277286 -0.937305526 -0.338898738 -13.270757675 5.158147335 31.365673065
0.000000000 0.500000000 0.666666667 0.500000000 0.500000000 0.000000000 0.000000000 0.998206805 -0.043999302 -0.040586162 0.023230797 -0.340131371 0.940090943 -0.055167972 -0.939348025 -0.338499310 -13.273090363 5.158473969 31.364627838
0.000000000 0.500000000 0.666666667 0.500000000 0.500000000 0.000000000 0.000000000 0.998267254 -0.009761670 -0.058027568 0.051249777 -0.340310733 0.938915366 -0.028912786 -0.940262365 -0.339220778 -13.268837929 5.160161018 31.360984802
0.000000000 0.500000000 0.666666667 0.500000000 0.500000000 0.000000000 0.000000000 0.996820989 0.024611153 -0.075777348 0.079627221 -0.340256024 0.936955358 -0.002724147 -0.940010707 -0.341134064 -13.257974625 5.163205624 31.354742050
0.000000000 0.500000000 0.666666667 0.500000000 0.500000000 0.000000000 0.000000000 0.993851446 0.058931146 -0.093735921 0.108268030 -0.340009664 0.934168862 0.023180522 -0.938573678 -0.344299456 -13.240478516 5.167601585 31.345912933
0.000000000 0.500000000 0.666666667 0.500000000 0.500000000 0.000000000 0.000000000 0.989366647 0.092932228 -0.111880469 0.137083032 -0.338791334 0.930821505 0.048599183 -0.936260665 -0.347928277 -13.216313362 5.173447132 31.334445953
0.000000000 0.500000000 0.666666667 0.500000000 0.500000000 0.000000000 0.000000000 0.983391127 0.126562328 -0.130091766 0.165993633 -0.337275210 0.926656110 0.073403027 -0.932859802 -0.352681990 -13.185474396 5.180657387 31.320375443
0.000000000 0.500000000 0.666666667 0.500000000 0.500000000 0.000000000 0.000000000 0.975962002 0.159737259 -0.148263882 0.194921068 -0.335459830 0.921668313 0.097488193 -0.928413006 -0.358532205 -13.147953033 5.189232826 31.303693771
0.000000000 0.500000000 0.666666667 0.500000000 0.500000000 0.000000000 0.000000000 0.967129120 0.192376208 -0.166290891 0.223783163 -0.333346124 0.915861047 0.120757451 -0.922968990 -0.365439300 -13.103677750 5.199090481 31.284515381
0.000000000 0.500000000 0.666666667 0.500000000 0.500000000 0.000000000 0.000000000 0.956954226 0.224403131 -0.184070217 0.252497236 -0.330937870 0.909244341 0.143121472 -0.916582436 -0.373353563 -13.050961494 5.207877636 31.266212463
0.000000000 0.500000000 0.666666667 0.500000000 0.500000000 0.000000000 0.000000000 0.945510540 0.255747161 -0.201502376 0.280979330 -0.328241467 0.901835991 0.164500559 -0.909313438 -0.382215433 -12.991316795 5.217725277 31.245714188
0.000000000 0.500000000 0.666666667 0.500000000 0.500000000 0.000000000 0.000000000 0.932882757 0.286340450 -0.218492354 0.309144113 -0.325266310 0.893661986 0.184823374 -0.901227482 -0.391955796 -12.924733162 5.228631496 31.223014832
0.000000000 0.500000000 0.666666667 0.500000000 0.500000000 0.000000000 0.000000000 0.919165210 0.316121800 -0.234951747 0.336907896 -0.322024805 0.884755952 0.204030354 -0.892393989 -0.402497929 -12.851206779 5.240594387 31.198102951
0.000000000 0.500000000 0.666666667 0.500000000 0.500000000 0.000000000 0.000000000 0.904461531 0.345033473 -0.250801199 0.364189222 -0.318531880 0.875159215 0.222071046 -0.882886937 -0.413757304 -12.770725250 5.253613949 31.170970917
0.000000000 0.500000000 0.666666667 0.500000000 0.500000000 0.000000000 0.000000000 0.888883517 0.373023284 -0.265969402 0.390908616 -0.314805435 0.864920801 0.238906985 -0.872783574 -0.425643378 -12.683285713 5.267685413 31.141607285
0.000000000 0.500000000 0.666666667 0.500000000 0.500000000 0.000000000 0.000000000 0.872550902 0.400042235 -0.280394602 0.416988751 -0.310866082 0.854097571 0.254509930 -0.862165001 -0.438059592 -12.588879585 5.282808781 31.110006332
0.000000000 0.500000000 0.666666667 0.500000000 0.500000000 0.000000000 0.000000000 0.855588888 0.426046344 -0.294027494 0.442357951 -0.306736846 0.842752604 0.268862600 -0.851115163 -0.450905625 -12.487504959 5.298978329 31.076154709
0.000000000 0.500000000 0.666666667 0.500000000 0.500000000 0.000000000 0.000000000 0.838128329 0.450995457 -0.306828946 0.466947508 -0.302443271 0.830956132 0.281959090 -0.839720886 -0.464077478 -12.377504349 5.313307285 31.044147491
0.000000000 0.500000000 0.666666667 0.500000000 0.500000000 0.000000000 0.000000000 0.820303486 0.474853636 -0.318772983 0.490694813 -0.298012905 0.818783799 0.293804001 -0.828071454 -0.477469241 -12.259821892 5.327445030 31.011625290
0.000000000 0.500000000 0.666666667 0.500000000 0.500000000 0.000000000 0.000000000 0.802252232 0.497587267 -0.329845825 0.513541637 -0.293475377 0.806317053 0.304411472 -0.816259220 -0.490973056 -12.135018349 5.342381477 30.977159500
0.000000000 0.500000000 0.666666667 0.500000000 0.500000000 0.000000000 0.000000000 0.784113460 0.519166287 -0.340047714 0.535436745 -0.288861737 0.793641222 0.313804993 -0.804378806 -0.504481083 -12.003090858 5.358113289 30.940734863
0.000000000 0.500000000 0.666666667 0.500000000 0.500000000 0.000000000 0.000000000 0.766027394 0.539562982 -0.349390641 0.556333491 -0.284204740 0.780846152 0.322017202 -0.792527258 -0.517885573 -11.864033699 5.374636173 30.902343750
0.000000000 0.500000000 0.666666667 0.500000000 0.500000000 0.000000000 0.000000000 0.748133997 0.558751507 -0.357899813 0.576191275 -0.279538150 0.768024764 0.329088342 -0.780804186 -0.531079737 -11.717847824 5.391946793 30.861967087
0.000000000 0.500000000 0.666666667 0.500000000 0.500000000 0.000000000 0.000000000 0.730572101 0.576707553 -0.365612916 0.594975219 -0.274896641 0.755272352 0.335065507 -0.769311534 -0.543958519 -11.564017296 5.408985615 30.821111679
0.000000000 0.500000000 0.666666667 0.500000000 0.500000000 0.000000000 0.000000000 0.713478458 0.593407929 -0.372579549 0.612656035 -0.270315507 0.742685740 0.340001577 -0.758153386 -0.556419240 -11.401988029 5.424617290 30.781400681
0.000000000 0.500000000 0.666666667 0.500000000 0.500000000 0.000000000 0.000000000 0.696986229 0.608045576 -0.380119421 0.629209091 -0.264315765 0.730912509 0.343956562 -0.748610549 -0.566812253 -11.243282318 5.440097332 30.742380142
0.000000000 0.500000000 0.666666667 0.500000000 0.500000000 0.000000000 0.000000000 0.681220733 0.621324469 -0.387161746 0.644614559 -0.258412366 0.719510333 0.347001993 -0.739715454 -0.576550660 -11.087985992 5.455237389 30.704175949
0.000000000 0.500000000 0.666666667 0.500000000 0.500000000 0.000000000 0.000000000 0.666302902 0.633260113 -0.393728424 0.658855911 -0.252688109 0.708560236 0.349212444 -0.731526041 -0.585593989 -10.936100006 5.470026970 30.666782379
0.000000000 0.500000000 0.666666667 0.500000000 0.500000000 0.000000000 0.000000000 0.652348159 0.643869575 -0.399842282 0.671921550 -0.247224468 0.698141456 0.350661247 -0.724093940 -0.593906269 -10.787626266 5.484454155 30.630184174
0.000000000 0.500000000 0.666666667 0.500000000 0.500000000 0.000000000 0.000000000 0.639468070 0.653168809 -0.405525701 0.683800645 -0.242098459 0.688334958 0.351421778 -0.717466963 -0.601451487 -10.642570496 5.498512268 30.594390869
0.000000000 0.500000000 0.666666667 0.500000000 0.500000000 0.000000000 0.000000000 0.627768818 0.661172503 -0.410800721 0.694484808 -0.237384200 0.679219842 0.351563882 -0.711687897 -0.608196657 -10.500237465 5.510591507 30.561706543
0.000000000 0.500000000 0.666666667 0.500000000 0.500000000 0.000000000 0.000000000 0.617351676 0.667893316 -0.415686692 0.703965504 -0.233151967 0.670874600 0.351154492 -0.706794651 -0.614110613 -10.361242294 5.522094727 30.530080795
0.000000000 0.500000000 0.666666667 0.500000000 0.500000000 0.000000000 0.000000000 0.612787229 0.671888917 -0.416001317 0.707106785 -0.231154528 0.668257120 0.352833964 -0.703656783 -0.616745755 -10.225506783 5.533037186 30.499063492
0.000000000 0.500000000 0.666666667 0.500000000 0.500000000 0.000000000 0.000000000 0.611448134 0.674092262 -0.414404153 0.707106811 -0.230422225 0.668509952 0.355149459 -0.701787162 -0.617546469 -10.093145370 5.543538094 30.468715668
0.000000000 0.500000000 0.666666667 0.500000000 0.500000000 0.000000000 0.000000000 0.610647610 0.675386748 -0.413475799 0.707106806 -0.229964980 0.668667386 0.356524137 -0.700691693 -0.617998132 -9.964270592 5.553722382 30.439105988
0.000000000 0.500000000 0.666666667 0.500000000 0.500000000 0.000000000 0.000000000 0.610410637 0.675758329 -0.413218508 0.707106809 -0.229813264 0.668719540 0.356929705 -0.700383141 -0.618113777 -9.838879585 5.563586235 30.410223007
0.000000000 0.500000000 0.666666667 0.500000000 0.500000000 0.000000000 0.000000000 0.610753971 0.675191645 -0.413637316 0.707106725 -0.229987477 0.668659734 0.356342063 -0.700872316 -0.617898318 -9.716971397 5.573126793 30.382074356
0.000000000 0.500000000 0.666666667 0.500000000 0.500000000 0.000000000 0.000000000 0.611685694 0.673670488 -0.414739298 0.707106735 -0.230499556 0.668483373 0.354740297 -0.702166667 -0.617350220 -9.598542213 5.582342625 30.354652405
0.000000000 0.500000000 0.666666667 0.500000000 0.500000000 0.000000000 0.000000000 0.613202521 0.671180108 -0.416533228 0.707106792 -0.231348167 0.668190101 0.352111706 -0.704269329 -0.616459292 -9.483443260 5.590867996 30.328496933
0.000000000 0.500000000 0.666666667 0.500000000 0.500000000 0.000000000 0.000000000 0.615291390 0.667705044 -0.419030403 0.707106769 -0.232520855 0.667782951 0.348448737 -0.707180335 -0.615206836 -9.371573448 5.598449707 30.303985596
0.000000000 0.500000000 0.666666667 0.500000000 0.500000000 0.000000000 0.000000000 0.617927880 0.663229755 -0.422245695 0.707106791 -0.233990331 0.667269445 0.343751540 -0.710897192 -0.613563412 -9.263188362 5.605742454 30.280157089
0.000000000 0.500000000 0.666666667 0.500000000 0.500000000 0.000000000 0.000000000 0.621076839 0.657739911 -0.426194520 0.707106796 -0.235716453 0.666661633 0.338028903 -0.715413141 -0.611490391 -9.158289909 5.612753868 30.257011414
0.000000000 0.500000000 0.666666667 0.500000000 0.500000000 0.000000000 0.000000000 0.624693818 0.651220292 -0.430894146 0.707106778 -0.237646124 0.665976219 0.331296904 -0.720719398 -0.608938347 -9.056873321 5.619489193 30.234548569
0.000000000 0.500000000 0.666666667 0.500000000 0.500000000 0.000000000 0.000000000 0.628726074 0.643654895 -0.436362119 0.707106794 -0.239714359 0.665234551 0.323579210 -0.726804927 -0.605847417 -8.958940506 5.625956058 30.212770462
0.000000000 0.500000000 0.666666667 0.500000000 0.500000000 0.000000000 0.000000000 0.633114884 0.635024391 -0.442616728 0.707106731 -0.241844761 0.664463079 0.314905725 -0.733658732 -0.602145539 -8.864485741 5.632165432 30.191679001
0.000000000 0.500000000 0.666666667 0.500000000 0.500000000 0.000000000 0.000000000 0.647425320 0.620562907 -0.442427545 0.696251266 -0.245501394 0.674509630 0.309959078 -0.744735352 -0.591011528 -8.772914887 5.637933254 30.170843124
0.000000000 0.500000000 0.666666667 0.500000000 0.500000000 0.000000000 0.000000000 0.663295038 0.604599322 -0.441020808 0.683572110 -0.249634691 0.685865651 0.304579815 -0.756400807 -0.578868686 -8.684768677 5.643391132 30.150716782
0.000000000 0.500000000 0.666666667 0.500000000 0.500000000 0.000000000 0.000000000 0.680372515 0.587393334 -0.438249145 0.669196748 -0.254150104 0.698271750 0.298779106 -0.768359809 -0.565998454 -8.600079536 5.648550510 30.131334305
0.000000000 0.500000000 0.666666667 0.500000000 0.500000000 0.000000000 0.000000000 0.698311471 0.569203991 -0.434013717 0.653266765 -0.258952949 0.711467430 0.292580968 -0.780352605 -0.552671864 -8.518878937 5.653422833 30.112733841
0.000000000 0.500000000 0.666666667 0.500000000 0.500000000 0.000000000 0.000000000 0.716777817 0.550289852 -0.428264685 0.635938037 -0.263950665 0.725198496 0.286028625 -0.792155998 -0.539144230 -8.441201210 5.658020973 30.094938278
0.000000000 0.500000000 0.666666667 0.500000000 0.500000000 0.000000000 0.000000000 0.735454405 0.530907861 -0.421003161 0.617383449 -0.269054355 0.739220827 0.279185414 -0.803583597 -0.525650936 -8.367075920 5.662355900 30.077972412
0.000000000 0.500000000 0.666666667 0.500000000 0.500000000 0.000000000 0.000000000 0.754043921 0.511315659 -0.412279107 0.597795219 -0.274180053 0.753303507 0.272137172 -0.814482410 -0.512405859 -8.296417236 5.666118622 30.062334061
0.000000000 0.500000000 0.666666667 0.500000000 0.500000000 0.000000000 0.000000000 0.772273168 0.491772920 -0.402185964 0.577383976 -0.279250105 0.767233421 0.264994147 -0.824729516 -0.499599167 -8.229338646 5.669541359 30.047702789
0.000000000 0.500000000 0.666666667 0.500000000 0.500000000 0.000000000 0.000000000 0.789896138 0.472541181 -0.390856654 0.556378666 -0.284194394 0.780817729 0.257889262 -0.834229213 -0.487395886 -8.165917396 5.672751904 30.033910751
0.000000000 0.500000000 0.666666667 0.500000000 0.500000000 0.000000000 0.000000000 0.806696240 0.453885788 -0.378455899 0.535024178 -0.288951158 0.793886867 0.250978696 -0.842908607 -0.475935683 -8.106193542 5.675759315 30.020973206
