0.000000000 0.384615385 0.666666667 0.384615385 0.500000000 0.000000000 0.000000000 0.822108104 0.000000000 -0.569331420 -27.622842789 0.569331420 0.000000000 0.822108104 1.007499933 0.000000000 1.000000000 0.000000000 9.926659584
0.000000000 0.384615385 0.666666667 0.384615385 0.500000000 0.000000000 0.000000000 0.807961886 0.000000000 -0.589234750 -27.757194519 0.589234750 0.000000000 0.807961886 0.994072258 0.000000000 1.000000000 0.000000000 9.822314262
0.000000000 0.384615385 0.666666667 0.384615385 0.500000000 0.000000000 0.000000000 0.793543939 0.000000000 -0.608512956 -27.898851395 0.608512956 0.000000000 0.793543939 0.988559544 0.000000000 1.000000000 0.000000000 9.716875076
0.000000000 0.384615385 0.666666667 0.384615385 0.500000000 0.000000000 0.000000000 0.776442538 0.000000000 -0.630188056 -28.031166077 0.630188056 0.000000000 0.776442538 0.984121084 0.000000000 1.000000000 0.000000000 9.609765053
0.000000000 0.384615385 0.666666667 0.384615385 0.500000000 0.000000000 0.000000000 0.757851427 0.000000000 -0.652427171 -28.160617828 0.652427171 0.000000000 0.757851427 0.986645460 0.000000000 1.000000000 0.000000000 9.501211166
0.000000000 0.384615385 0.666666667 0.384615385 0.500000000 0.000000000 0.000000000 0.738833507 0.000000000 -0.673888010 -28.288492203 0.673888010 0.000000000 0.738833507 0.980141580 0.000000000 1.000000000 0.000000000 9.376034737
0.000000000 0.384615385 0.666666667 0.384615385 0.500000000 0.000000000 0.000000000 0.716343570 0.000000000 -0.697747727 -28.417243958 0.697747727 0.000000000 0.716343570 0.984340787 0.000000000 1.000000000 0.000000000 9.261484146
0.000000000 0.384615385 0.666666667 0.384615385 0.500000000 0.000000000 0.000000000 0.704067299 0.000000000 -0.710133254 -28.554403305 0.710133254 0.000000000 0.704067299 0.980751932 0.000000000 1.000000000 0.000000000 9.118866920
0.000000000 0.384615385 0.666666667 0.384615385 0.500000000 0.000000000 0.000000000 0.684017861 0.000000000 -0.729465260 -28.674154282 0.729465260 0.000000000 0.684017861 0.978051722 0.000000000 1.000000000 0.000000000 8.986103058
0.000000000 0.384615385 0.666666667 0.384615385 0.500000000 0.000000000 0.000000000 0.639816470 0.000000000 -0.768527739 -28.789579391 0.768527739 0.000000000 0.639816470 0.977470696 0.000000000 1.000000000 0.000000000 8.842948914
0.000000000 0.384615385 0.666666667 0.384615385 0.500000000 0.000000000 0.000000000 0.600562777 0.000000000 -0.799577607 -28.883094788 0.799577607 0.000000000 0.600562777 0.978920877 0.000000000 1.000000000 0.000000000 8.710781097
0.000000000 0.384615385 0.666666667 0.384615385 0.500000000 0.000000000 0.000000000 0.582798066 0.000000000 -0.812617016 -28.975013733 0.812617016 0.000000000 0.582798066 0.979804695 0.000000000 1.000000000 0.000000000 8.580351830
0.000000000 0.384615385 0.666666667 0.384615385 0.500000000 0.000000000 0.000000000 0.561322534 0.000000000 -0.827597132 -29.060506821 0.827597132 0.000000000 0.561322534 0.980117142 0.000000000 1.000000000 0.000000000 8.445595741
0.000000000 0.384615385 0.666666667 0.384615385 0.500000000 0.000000000 0.000000000 0.535846909 0.000000000 -0.844315160 -29.147045135 0.844315160 0.000000000 0.535846909 0.981557608 0.000000000 1.000000000 0.000000000 8.292636871
0.000000000 0.384615385 0.666666667 0.384615385 0.500000000 0.000000000 0.000000000 0.481180660 0.000000000 -0.876621453 -29.222381592 0.876621453 0.000000000 0.481180660 0.982075155 0.000000000 1.000000000 0.000000000 8.150029182
0.000000000 0.384615385 0.666666667 0.384615385 0.500000000 0.000000000 0.000000000 0.455239137 0.000000000 -0.890369209 -29.287998199 0.890369209 0.000000000 0.455239137 0.975449204 0.000000000 1.000000000 0.000000000 7.994697094
0.000000000 0.384615385 0.666666667 0.384615385 0.500000000 0.000000000 0.000000000 0.377971149 0.000000000 -0.925817374 -29.358678818 0.925817374 0.000000000 0.377971149 0.979912102 0.000000000 1.000000000 0.000000000 7.845810413
0.000000000 0.384615385 0.666666667 0.384615385 0.500000000 0.000000000 0.000000000 0.352295920 0.000000000 -0.935888661 -29.410646439 0.935888661 0.000000000 0.352295920 0.978452146 0.000000000 1.000000000 0.000000000 7.685575962
0.000000000 0.384615385 0.666666667 0.384615385 0.500000000 0.000000000 0.000000000 0.314951419 0.000000000 -0.949107794 -29.453416824 0.949107794 0.000000000 0.314951419 0.973754883 0.000000000 1.000000000 0.000000000 7.546875000
0.000000000 0.384615385 0.666666667 0.384615385 0.500000000 0.000000000 0.000000000 0.263050214 0.000000000 -0.964782144 -29.489898682 0.964782144 0.000000000 0.263050214 0.975488245 0.000000000 1.000000000 0.000000000 7.406093597
0.000000000 0.384615385 0.666666667 0.384615385 0.500000000 0.000000000 0.000000000 0.199649253 0.000000000 -0.979867428 -29.518537521 0.979867428 0.000000000 0.199649253 0.981640577 0.000000000 1.000000000 0.000000000 7.242568016
0.000000000 0.384615385 0.666666667 0.384615385 0.500000000 0.000000000 0.000000000 0.166745226 0.000000000 -0.986000015 -29.552301407 0.986000015 0.000000000 0.166745226 0.982973635 0.000000000 1.000000000 0.000000000 7.075566292
0.000000000 0.384615385 0.666666667 0.384615385 0.500000000 0.000000000 0.000000000 0.125784190 0.000000000 -0.992057628 -29.480766296 0.992057628 0.000000000 0.125784190 0.980014622 0.000000000 1.000000000 0.000000000 7.226572037
0.000000000 0.384615385 0.666666667 0.384615385 0.500000000 0.000000000 0.000000000 0.058141814 0.000000000 -0.998308334 -29.422418594 0.998308334 0.000000000 0.058141814 0.980473638 0.000000000 1.000000000 0.000000000 7.385331631
0.000000000 0.384615385 0.666666667 0.384615385 0.500000000 0.000000000 0.000000000 0.034783453 0.000000000 -0.999394873 -29.370401382 0.999394873 0.000000000 0.034783453 0.978066385 0.000000000 1.000000000 0.000000000 7.544492245
0.000000000 0.384615385 0.666666667 0.384615385 0.500000000 0.000000000 0.000000000 -0.046106458 0.000000000 -0.998936532 -29.320140839 0.998936532 0.000000000 -0.046106458 0.976772428 0.000000000 1.000000000 0.000000000 7.704745770
0.000000000 0.384615385 0.666666667 0.384615385 0.500000000 0.000000000 0.000000000 -0.052812591 0.000000000 -0.998604441 -29.264762878 0.998604441 0.000000000 -0.052812591 0.978081048 0.000000000 1.000000000 0.000000000 7.863789082
0.000000000 0.384615385 0.666666667 0.384615385 0.500000000 0.000000000 0.000000000 -0.140596733 0.000000000 -0.990066947 -29.209325790 0.990066947 0.000000000 -0.140596733 0.979912102 0.000000000 1.000000000 0.000000000 8.012890816
0.000000000 0.384615385 0.666666667 0.384615385 0.500000000 0.000000000 0.000000000 -0.177397038 0.000000000 -0.984139366 -29.137863159 0.984139366 0.000000000 -0.177397038 0.976044893 0.000000000 1.000000000 0.000000000 8.185897827
0.000000000 0.384615385 0.666666667 0.384615385 0.500000000 0.000000000 0.000000000 -0.236958388 0.000000000 -0.971519800 -29.062301636 0.971519800 0.000000000 -0.236958388 0.975141585 0.000000000 1.000000000 0.000000000 8.364218712
0.000000000 0.384615385 0.666666667 0.384615385 0.500000000 0.000000000 0.000000000 -0.242764840 0.000000000 -0.970085168 -28.975475311 0.970085168 0.000000000 -0.242764840 0.976210892 0.000000000 1.000000000 0.000000000 8.524453163
0.000000000 0.384615385 0.666666667 0.384615385 0.500000000 0.000000000 0.000000000 -0.331284761 0.000000000 -0.943530819 -28.878807068 0.943530819 0.000000000 -0.331284761 0.978706062 0.000000000 1.000000000 0.000000000 8.685605049
0.000000000 0.384615385 0.666666667 0.384615385 0.500000000 0.000000000 0.000000000 -0.409564694 0.000000000 -0.912281076 -28.778680801 0.912281076 0.000000000 -0.409564694 0.977963865 0.000000000 1.000000000 0.000000000 8.842558861
0.000000000 0.384615385 0.666666667 0.384615385 0.500000000 0.000000000 0.000000000 -0.413302407 0.000000000 -0.910593829 -28.665311813 0.910593829 0.000000000 -0.413302407 0.977392554 0.000000000 1.000000000 0.000000000 8.989726067
0.000000000 0.384615385 0.666666667 0.384615385 0.500000000 0.000000000 0.000000000 -0.488355274 0.000000000 -0.872644903 -28.536943436 0.872644903 0.000000000 -0.488355274 0.979448199 0.000000000 1.000000000 0.000000000 9.123037338
0.000000000 0.384615385 0.666666667 0.384615385 0.500000000 0.000000000 0.000000000 -0.490137306 0.000000000 -0.871645238 -28.401817322 0.871645238 0.000000000 -0.490137306 0.976142585 0.000000000 1.000000000 0.000000000 9.258915901
0.000000000 0.384615385 0.666666667 0.384615385 0.500000000 0.000000000 0.000000000 -0.521477526 0.000000000 -0.853265017 -28.234693527 0.853265017 0.000000000 -0.521477526 0.977324188 0.000000000 1.000000000 0.000000000 9.397724152
0.000000000 0.384615385 0.666666667 0.384615385 0.500000000 0.000000000 0.000000000 -0.557542168 0.000000000 -0.830148620 -28.065687180 0.830148620 0.000000000 -0.557542168 0.981391609 0.000000000 1.000000000 0.000000000 9.519628525
0.000000000 0.384615385 0.666666667 0.384615385 0.500000000 0.000000000 0.000000000 -0.560568884 0.000000000 -0.828107799 -27.881299973 0.828107799 0.000000000 -0.560568884 0.977568328 0.000000000 1.000000000 0.000000000 9.631034851
0.000000000 0.384615385 0.666666667 0.384615385 0.500000000 0.000000000 0.000000000 -0.596788580 0.000000000 -0.802398524 -27.685226440 0.802398524 0.000000000 -0.596788580 0.994790018 0.000000000 1.000000000 0.000000000 9.733300209
0.000000000 0.384615385 0.666666667 0.384615385 0.500000000 0.000000000 0.000000000 -0.643228074 0.000000000 -0.765674633 -27.493129730 0.765674633 0.000000000 -0.643228074 1.026362300 0.000000000 1.000000000 0.000000000 9.810595512
0.000000000 0.384615385 0.666666667 0.384615385 0.500000000 0.000000000 0.000000000 -0.645296921 0.000000000 -0.763931858 -27.293634415 0.763931858 0.000000000 -0.645296921 1.034497023 0.000000000 1.000000000 0.000000000 9.875595093
0.000000000 0.384615385 0.666666667 0.384615385 0.500000000 0.000000000 0.000000000 -0.678277177 0.000000000 -0.734806145 -27.103750229 0.734806145 0.000000000 -0.678277177 1.049042940 0.000000000 1.000000000 0.000000000 9.933622360
0.000000000 0.384615385 0.666666667 0.384615385 0.500000000 0.000000000 0.000000000 -0.736009818 0.000000000 -0.676970862 -26.924581528 0.676970862 0.000000000 -0.736009818 1.042690396 0.000000000 1.000000000 0.000000000 9.970643997
0.000000000 0.384615385 0.666666667 0.384615385 0.500000000 0.000000000 0.000000000 -0.787229800 0.000000000 -0.616659745 -26.743530273 0.616659745 0.000000000 -0.787229800 1.040273428 0.000000000 1.000000000 0.000000000 10.008759499
0.000000000 0.384615385 0.666666667 0.384615385 0.500000000 0.000000000 0.000000000 -0.819823443 0.000000000 -0.572616384 -26.567182541 0.572616384 0.000000000 -0.819823443 1.042119145 0.000000000 1.000000000 0.000000000 10.030448914
0.000000000 0.384615385 0.666666667 0.384615385 0.500000000 0.000000000 0.000000000 -0.859654020 0.000000000 -0.510876664 -26.395586014 0.510876664 0.000000000 -0.859654020 1.038085938 0.000000000 1.000000000 0.000000000 10.052294731
0.000000000 0.384615385 0.666666667 0.384615385 0.500000000 0.000000000 0.000000000 -0.901566974 0.000000000 -0.432639563 -26.223358154 0.432639563 0.000000000 -0.901566974 1.041523457 0.000000000 1.000000000 0.000000000 10.067099571
0.000000000 0.384615385 0.666666667 0.384615385 0.500000000 0.000000000 0.000000000 -0.924926193 0.000000000 -0.380146732 -26.052961349 0.380146732 0.000000000 -0.924926193 1.040810466 0.000000000 1.000000000 0.000000000 10.071738243
0.000000000 0.384615385 0.666666667 0.384615385 0.500000000 0.000000000 0.000000000 -0.927985522 0.000000000 -0.372616252 -25.889249802 0.372616252 0.000000000 -0.927985522 1.048129916 0.000000000 1.000000000 0.000000000 10.080634117
0.000000000 0.384615385 0.666666667 0.384615385 0.500000000 0.000000000 0.000000000 -0.945835733 0.000000000 -0.324645601 -25.713075638 0.324645601 0.000000000 -0.945835733 1.051059604 0.000000000 1.000000000 0.000000000 10.083779335
0.000000000 0.384615385 0.666666667 0.384615385 0.500000000 0.000000000 0.000000000 -0.961074653 0.000000000 -0.276288818 -25.541479111 0.276288818 0.000000000 -0.961074653 1.052011728 0.000000000 1.000000000 0.000000000 10.085605621
0.000000000 0.384615385 0.666666667 0.384615385 0.500000000 0.000000000 0.000000000 -0.973736472 0.000000000 -0.227678023 -25.390401840 0.227678023 0.000000000 -0.973736472 1.050351501 0.000000000 1.000000000 0.000000000 10.081455231
0.000000000 0.384615385 0.666666667 0.384615385 0.500000000 0.000000000 0.000000000 -0.985599526 0.000000000 -0.169096346 -25.232395172 0.169096346 0.000000000 -0.985599526 1.050561547 0.000000000 1.000000000 0.000000000 10.072577477
0.000000000 0.384615385 0.666666667 0.384615385 0.500000000 0.000000000 0.000000000 -0.991406710 0.000000000 -0.130815656 -25.077013016 0.130815656 0.000000000 -0.991406710 1.039189458 0.000000000 1.000000000 0.000000000 10.066328049
0.000000000 0.384615385 0.666666667 0.384615385 0.500000000 0.000000000 0.000000000 -0.997268608 0.000000000 -0.073860166 -24.907604218 0.073860166 0.000000000 -0.997268608 1.035854459 0.000000000 1.000000000 0.000000000 10.061698914
0.000000000 0.384615385 0.666666667 0.384615385 0.500000000 0.000000000 0.000000000 -0.998089301 0.000000000 -0.061787922 -24.731950760 0.061787922 0.000000000 -0.998089301 1.023403287 0.000000000 1.000000000 0.000000000 10.052138329
0.000000000 0.384615385 0.666666667 0.384615385 0.500000000 0.000000000 0.000000000 -0.997588121 0.000000000 -0.069411394 -24.557098389 0.069411394 0.000000000 -0.997588121 1.012158155 0.000000000 1.000000000 0.000000000 10.034286499
0.000000000 0.384615385 0.666666667 0.384615385 0.500000000 0.000000000 0.000000000 -0.997190908 0.000000000 -0.074901892 -24.384052277 0.074901892 0.000000000 -0.997190908 0.997880816 0.000000000 1.000000000 0.000000000 10.025126457
0.000000000 0.384615385 0.666666667 0.384615385 0.500000000 0.000000000 0.000000000 -0.996856934 0.000000000 -0.079222808 -24.209117889 0.079222808 0.000000000 -0.996856934 0.992656231 0.000000000 1.000000000 0.000000000 10.011366844
0.000000000 0.384615385 0.666666667 0.384615385 0.500000000 0.000000000 0.000000000 -0.996646967 0.000000000 -0.081821894 -24.039306641 0.081821894 0.000000000 -0.996646967 0.988989234 0.000000000 1.000000000 0.000000000 10.000419617
0.000000000 0.384615385 0.666666667 0.384615385 0.500000000 0.000000000 0.000000000 -0.996533058 0.000000000 -0.083197745 -23.860729218 0.083197745 0.000000000 -0.996533058 0.980756819 0.000000000 1.000000000 0.000000000 9.980195045
0.000000000 0.384615385 0.666666667 0.384615385 0.500000000 0.000000000 0.000000000 -0.996531534 0.000000000 -0.083215989 -23.694400787 0.083215989 0.000000000 -0.996531534 0.987270474 0.000000000 1.000000000 0.000000000 9.965205193
0.000000000 0.384615385 0.666666667 0.384615385 0.500000000 0.000000000 0.000000000 -0.996634662 0.000000000 -0.081971642 -23.514467239 0.081971642 0.000000000 -0.996634662 0.992363274 0.000000000 1.000000000 0.000000000 9.952109337
0.000000000 0.384615385 0.666666667 0.384615385 0.500000000 0.000000000 0.000000000 -0.996832788 0.000000000 -0.079526054 -23.343034744 0.079526054 0.000000000 -0.996832788 0.997348607 0.000000000 1.000000000 0.000000000 9.938838005
0.000000000 0.384615385 0.666666667 0.384615385 0.500000000 0.000000000 0.000000000 -0.997089493 0.000000000 -0.076240039 -23.172101974 0.076240039 0.000000000 -0.997089493 0.997778296 0.000000000 1.000000000 0.000000000 9.925643921
0.000000000 0.384615385 0.666666667 0.384615385 0.500000000 0.000000000 0.000000000 -0.997423558 0.000000000 -0.071737334 -22.998022079 0.071737334 0.000000000 -0.997423558 0.999970675 0.000000000 1.000000000 0.000000000 9.911181450
0.000000000 0.384615385 0.666666667 0.384615385 0.500000000 0.000000000 0.000000000 -0.997768341 0.000000000 -0.066770783 -22.805416107 0.066770783 0.000000000 -0.997768341 0.999624014 0.000000000 1.000000000 0.000000000 9.898603439
0.000000000 0.384615385 0.666666667 0.384615385 0.500000000 0.000000000 0.000000000 -0.998187862 0.000000000 -0.060174689 -22.641735077 0.060174689 0.000000000 -0.998187862 0.997343719 0.000000000 1.000000000 0.000000000 9.893017769
0.000000000 0.384615385 0.666666667 0.384615385 0.500000000 0.000000000 0.000000000 -0.998535225 0.000000000 -0.054105497 -22.469818115 0.054105497 0.000000000 -0.998535225 0.994448245 0.000000000 1.000000000 0.000000000 9.882020950
0.000000000 0.384615385 0.666666667 0.384615385 0.500000000 0.000000000 0.000000000 -0.998882054 0.000000000 -0.047272007 -22.300811768 0.047272007 0.000000000 -0.998882054 0.995161116 0.000000000 1.000000000 0.000000000 9.872480392
0.000000000 0.384615385 0.666666667 0.384615385 0.500000000 0.000000000 0.000000000 -0.999166920 0.000000000 -0.040810129 -22.128797531 0.040810129 0.000000000 -0.999166920 0.994721651 0.000000000 1.000000000 0.000000000 9.865976334
0.000000000 0.384615385 0.666666667 0.384615385 0.500000000 0.000000000 0.000000000 -0.999411022 0.000000000 -0.034316306 -21.956466675 0.034316306 0.000000000 -0.999411022 0.994863272 0.000000000 1.000000000 0.000000000 9.863232613
0.000000000 0.384615385 0.666666667 0.384615385 0.500000000 0.000000000 0.000000000 -0.999608637 0.000000000 -0.027974508 -21.788326263 0.027974508 0.000000000 -0.999608637 0.991806626 0.000000000 1.000000000 0.000000000 9.854384422
0.000000000 0.384615385 0.666666667 0.384615385 0.500000000 0.000000000 0.000000000 -0.999766634 0.000000000 -0.021602708 -21.599775314 0.021602708 0.000000000 -0.999766634 0.997148395 0.000000000 1.000000000 0.000000000 9.850653648
0.000000000 0.384615385 0.666666667 0.384615385 0.500000000 0.000000000 0.000000000 -0.999881323 0.000000000 -0.015405817 -21.403972626 0.015405817 0.000000000 -0.999881323 0.999145508 0.000000000 1.000000000 0.000000000 9.848994255
0.000000000 0.384615385 0.666666667 0.384615385 0.500000000 0.000000000 0.000000000 -0.999945595 0.000000000 -0.010431034 -21.214773178 0.010431034 0.000000000 -0.999945595 1.007309556 0.000000000 1.000000000 0.000000000 9.845839500
0.000000000 0.384615385 0.666666667 0.384615385 0.500000000 0.000000000 0.000000000 -0.999980973 0.000000000 -0.006168836 -21.023971558 0.006168836 0.000000000 -0.999980973 1.007739186 0.000000000 1.000000000 0.000000000 9.846796989
0.000000000 0.384615385 0.666666667 0.384615385 0.500000000 0.000000000 0.000000000 -0.999994757 0.000000000 -0.003238307 -20.842153549 0.003238307 0.000000000 -0.999994757 1.011772394 0.000000000 1.000000000 0.000000000 9.843612671
0.000000000 0.384615385 0.666666667 0.384615385 0.500000000 0.000000000 0.000000000 -0.999998544 0.000000000 -0.001706272 -20.643728256 0.001706272 0.000000000 -0.999998544 1.009531260 0.000000000 1.000000000 0.000000000 9.842714310
0.000000000 0.384615385 0.666666667 0.384615385 0.500000000 0.000000000 0.000000000 -0.999998782 0.000000000 -0.001560529 -20.455356598 0.001560529 0.000000000 -0.999998782 1.006884694 0.000000000 1.000000000 0.000000000 9.841610909