0.000000000 0.500000000 0.666666667 0.500000000 0.500000000 0.000000000 0.000000000 0.730515471 0.682896146 0.000000000 -0.000000000 -0.000000000 1.000000000 0.682896146 -0.730515471 -0.000000000 9.558667183 0.746206045 -22.010131836
0.000000000 0.500000000 0.666666667 0.500000000 0.500000000 0.000000000 0.000000000 0.730660987 0.682740234 0.000543593 -0.000979304 0.000251848 0.999999489 0.682739748 -0.730661145 0.000852625 9.502133369 0.741889656 -21.968946457
0.000000000 0.500000000 0.666666667 0.500000000 0.500000000 0.000000000 0.000000000 0.730998721 0.682377052 0.001558583 -0.002653595 0.000558632 0.999996323 0.682373672 -0.731000169 0.002219112 9.449572563 0.737883568 -21.930664062
0.000000000 0.500000000 0.666666667 0.500000000 0.500000000 0.000000000 0.000000000 0.731493098 0.681842407 0.002963053 -0.004900555 0.000911803 0.999987577 0.681831234 -0.731498531 0.004008384 9.400980949 0.734186828 -21.895277023
0.000000000 0.500000000 0.666666667 0.500000000 0.500000000 0.000000000 0.000000000 0.732106910 0.681173709 0.004674395 -0.007596896 0.001302875 0.999970294 0.681147385 -0.732120673 0.006128650 9.356346130 0.730796516 -21.862796783
0.000000000 0.500000000 0.666666667 0.500000000 0.500000000 0.000000000 0.000000000 0.732804270 0.680407383 0.006610254 -0.010619917 0.001723158 0.999942122 0.680356612 -0.732832057 0.008488608 9.315635681 0.727705836 -21.833251953
0.000000000 0.500000000 0.666666667 0.500000000 0.500000000 0.000000000 0.000000000 0.733549989 0.679579970 0.008687842 -0.013846789 0.002163577 0.999901788 0.679494430 -0.733598244 0.010997092 9.278885841 0.724921882 -21.806581497
0.000000000 0.500000000 0.666666667 0.500000000 0.500000000 0.000000000 0.000000000 0.734309867 0.678728121 0.010823932 -0.017154685 0.002614526 0.999849429 0.678597625 -0.734384983 0.013563239 9.246090889 0.722443998 -21.782787323
0.000000000 0.500000000 0.666666667 0.500000000 0.500000000 0.000000000 0.000000000 0.735051119 0.677888294 0.012934989 -0.020421038 0.003065809 0.999786768 0.677704091 -0.735158528 0.016096709 9.217247009 0.720270514 -21.761861801
0.000000000 0.500000000 0.666666667 0.500000000 0.500000000 0.000000000 0.000000000 0.735741580 0.677097642 0.014936882 -0.023523188 0.003506630 0.999717142 0.676853741 -0.735884832 0.018507469 9.192349434 0.718400121 -21.743799210
0.000000000 0.500000000 0.666666667 0.500000000 0.500000000 0.000000000 0.000000000 0.736350678 0.676392845 0.016745131 -0.026338628 0.003925639 0.999645370 0.676087240 -0.736530589 0.020705907 9.171394348 0.716831326 -21.728597641
0.000000000 0.500000000 0.666666667 0.500000000 0.500000000 0.000000000 0.000000000 0.736848624 0.675810713 0.018275262 -0.028745382 0.004311053 0.999577470 0.675446377 -0.737062613 0.022603031 9.154339790 0.715555251 -21.716302872
0.000000000 0.500000000 0.666666667 0.500000000 0.500000000 0.000000000 0.000000000 0.737206354 0.675387887 0.019442059 -0.030620792 0.004650825 0.999520253 0.674973450 -0.737448013 0.024109530 9.141225815 0.714579463 -21.706850052
0.000000000 0.500000000 0.666666667 0.500000000 0.500000000 0.000000000 0.000000000 0.737394863 0.675160995 0.020160531 -0.031842574 0.004932880 0.999480724 0.674710951 -0.737653914 0.025136344 9.132046700 0.713902712 -21.700229645
0.000000000 0.500000000 0.666666667 0.500000000 0.500000000 0.000000000 0.000000000 0.737384772 0.675166451 0.020346031 -0.032288655 0.005145413 0.999465341 0.674700778 -0.737647469 0.025594366 9.126800537 0.713523686 -21.696445465
0.000000000 0.500000000 0.666666667 0.500000000 0.500000000 0.000000000 0.000000000 0.737144890 0.675441213 0.019914279 -0.031836847 0.005277236 0.999479147 0.674984316 -0.737394954 0.025394006 9.125481605 0.713440716 -21.695482254
0.000000000 0.500000000 0.666666667 0.500000000 0.500000000 0.000000000 0.000000000 0.736642384 0.676021642 0.018781302 -0.030364254 0.005318203 0.999524751 0.675600481 -0.736862576 0.024444506 9.122352600 0.713209510 -21.693212509
0.000000000 0.500000000 0.666666667 0.500000000 0.500000000 0.000000000 0.000000000 0.735841675 0.676943582 0.016864620 -0.027748359 0.005259679 0.999601103 0.676584849 -0.736016115 0.022654364 9.117409706 0.712828815 -21.689620972
0.000000000 0.500000000 0.666666667 0.500000000 0.500000000 0.000000000 0.000000000 0.734702938 0.678242773 0.014083125 -0.023866295 0.005095087 0.999702176 0.677969021 -0.734820238 0.019930518 9.110645294 0.712297678 -21.684709549
0.000000000 0.500000000 0.666666667 0.500000000 0.500000000 0.000000000 0.000000000 0.733180738 0.679954945 0.010357484 -0.018594741 0.004820515 0.999815482 0.679779553 -0.733238048 0.016177895 9.102057457 0.711616039 -21.678468704
0.000000000 0.500000000 0.666666667 0.500000000 0.500000000 0.000000000 0.000000000 0.731224233 0.682114096 0.005610881 -0.011810147 0.004435374 0.999920421 0.682034927 -0.731232308 0.011299120 9.091643333 0.710783243 -21.670898438
0.000000000 0.500000000 0.666666667 0.500000000 0.500000000 0.000000000 0.000000000 0.728787619 0.684739784 -0.000188217 -0.003451460 0.003948354 0.999986249 0.684731111 -0.728776948 0.005240864 9.079397202 0.709800720 -21.661991119
0.000000000 0.500000000 0.666666667 0.500000000 0.500000000 0.000000000 0.000000000 0.725877144 0.687789771 -0.006899493 0.006290877 0.003391898 0.999974460 0.687795607 -0.725902009 -0.001864700 9.065327644 0.708672643 -21.651752472
0.000000000 0.500000000 0.666666667 0.500000000 0.500000000 0.000000000 0.000000000 0.722515278 0.691206193 -0.014341235 0.017164297 0.002803215 0.999848753 0.691141852 -0.722652157 -0.009838702 9.049439430 0.707403243 -21.640190125
0.000000000 0.500000000 0.666666667 0.500000000 0.500000000 0.000000000 0.000000000 0.718729091 0.694931518 -0.022331120 0.028913105 0.002217541 0.999579469 0.694688798 -0.719072506 -0.018498817 9.031741142 0.705997467 -21.627304077
0.000000000 0.500000000 0.666666667 0.500000000 0.500000000 0.000000000 0.000000000 0.714552520 0.698908304 -0.030690048 0.041282708 0.001667142 0.999146115 0.698362681 -0.715209342 -0.027661567 9.012238503 0.704458892 -21.613109589
0.000000000 0.500000000 0.666666667 0.500000000 0.500000000 0.000000000 0.000000000 0.710029015 0.703078207 -0.039240713 0.054016691 0.001180491 0.998539335 0.702097568 -0.711111554 -0.037139775 8.990939140 0.702791274 -21.597604752
0.000000000 0.500000000 0.666666667 0.500000000 0.500000000 0.000000000 0.000000000 0.705210322 0.707384354 -0.047809814 0.066859351 0.000781636 0.997762104 0.705838671 -0.706828667 -0.046744041 8.967838287 0.700994730 -21.580814362
0.000000000 0.500000000 0.666666667 0.500000000 0.500000000 0.000000000 0.000000000 0.700159389 0.711769123 -0.056227632 0.079554488 0.000489753 0.996830399 0.709540636 -0.702413323 -0.056281522 8.942891121 0.699060321 -21.562822342
0.000000000 0.500000000 0.666666667 0.500000000 0.500000000 0.000000000 0.000000000 0.694947362 0.716177273 -0.064329446 0.091847429 0.000318915 0.995773040 0.713170537 -0.697918341 -0.065557412 8.916162491 0.697002828 -21.543544769
0.000000000 0.500000000 0.666666667 0.500000000 0.500000000 0.000000000 0.000000000 0.689655707 0.720553612 -0.071954835 0.103483809 0.000278004 0.994631099 0.716705035 -0.693399175 -0.074373905 8.887660027 0.694823444 -21.522996902
0.000000000 0.500000000 0.666666667 0.500000000 0.500000000 0.000000000 0.000000000 0.684373750 0.724844629 -0.078948297 0.114210768 0.000370900 0.993456473 0.720130871 -0.688912277 -0.082531228 8.857392311 0.692522407 -21.501180649
0.000000000 0.500000000 0.666666667 0.500000000 0.500000000 0.000000000 0.000000000 0.679197164 0.728998695 -0.085159357 0.123777593 0.000596811 0.992309806 0.723443377 -0.684514826 -0.089828351 8.825362205 0.690099597 -21.478109360
0.000000000 0.500000000 0.666666667 0.500000000 0.500000000 0.000000000 0.000000000 0.674226979 0.732965404 -0.090441681 0.131934964 0.000950823 0.991257919 0.726643755 -0.680265251 -0.096062694 8.791579246 0.687554777 -21.453783035
0.000000000 0.500000000 0.666666667 0.500000000 0.500000000 0.000000000 0.000000000 0.669567068 0.736695971 -0.094651930 0.138434111 0.001424699 0.990370621 0.729736897 -0.676222609 -0.101029920 8.755977631 0.684871376 -21.428310394
0.000000000 0.500000000 0.666666667 0.500000000 0.500000000 0.000000000 0.000000000 0.665321315 0.740143303 -0.097649569 0.143027688 0.002007767 0.989716651 0.732728209 -0.672446176 -0.104525175 8.718547821 0.682044506 -21.401723862
0.000000000 0.500000000 0.666666667 0.500000000 0.500000000 0.000000000 0.000000000 0.661590461 0.743262239 -0.099294037 0.145466947 0.002688082 0.989359460 0.735620438 -0.668994782 -0.106341679 8.679373741 0.679089665 -21.373914719
0.000000000 0.500000000 0.666666667 0.500000000 0.500000000 0.000000000 0.000000000 0.658470030 0.746007984 -0.099444997 0.145503290 0.003453750 0.989351739 0.738407755 -0.665928044 -0.106272425 8.638462067 0.676005721 -21.344902039
0.000000000 0.500000000 0.666666667 0.500000000 0.500000000 0.000000000 0.000000000 0.656044388 0.748337950 -0.097959549 0.142886398 0.004294401 0.989729779 0.741073032 -0.663303754 -0.104109996 8.595815659 0.672791302 -21.314674377
0.000000000 0.500000000 0.666666667 0.500000000 0.500000000 0.000000000 0.000000000 0.654384077 0.750210282 -0.094689026 0.137361084 0.005202905 0.990507376 0.743581476 -0.661178843 -0.099645000 8.551327705 0.669420004 -21.283422470
0.000000000 0.500000000 0.666666667 0.500000000 0.500000000 0.000000000 0.000000000 0.653541704 0.751582803 -0.089479223 0.128669777 0.006177150 0.991668257 0.745873534 -0.659609834 -0.092668967 8.504993439 0.665890038 -21.251155853
0.000000000 0.500000000 0.666666667 0.500000000 0.500000000 0.000000000 0.000000000 0.655116469 0.751657772 -0.076374121 0.105864292 0.008765361 0.994341953 0.748074304 -0.659495082 -0.073831386 8.457026482 0.662419856 -21.217826843
0.000000000 0.500000000 0.666666667 0.500000000 0.500000000 0.000000000 0.000000000 0.656389922 0.751766822 -0.063236971 0.083003010 0.011349706 0.996484663 0.749841830 -0.659331350 -0.054949077 8.407261848 0.658807337 -21.183244705
0.000000000 0.500000000 0.666666667 0.500000000 0.500000000 0.000000000 0.000000000 0.657361409 0.751909929 -0.050074313 0.060097408 0.013928823 0.998095331 0.751175265 -0.659118690 -0.036031567 8.355581284 0.655025899 -21.147579193
0.000000000 0.500000000 0.666666667 0.500000000 0.500000000 0.000000000 0.000000000 0.658030450 0.752086981 -0.036893082 0.037159583 0.016501332 0.999173094 0.752073861 -0.658857252 -0.017088860 8.301895142 0.651056051 -21.110971451
0.000000000 0.500000000 0.666666667 0.500000000 0.500000000 0.000000000 0.000000000 0.658396772 0.752297796 -0.023700560 0.014202160 0.019065861 0.999717356 0.752537035 -0.658547279 0.001868647 8.246398926 0.646940768 -21.073123932
0.000000000 0.500000000 0.666666667 0.500000000 0.500000000 0.000000000 0.000000000 0.658459993 0.752542430 -0.010503781 -0.008762604 0.021621035 0.999727837 0.752564718 -0.658188744 0.020830818 8.189093590 0.642679751 -21.034038544
0.000000000 0.500000000 0.666666667 0.500000000 0.500000000 0.000000000 0.000000000 0.658219546 0.752821221 0.002690425 -0.031722819 0.024165491 0.999204530 0.752157359 -0.657781299 0.039787810 8.129672050 0.638204038 -20.994184494
0.000000000 0.500000000 0.666666667 0.500000000 0.500000000 0.000000000 0.000000000 0.657676639 0.753133074 0.015874871 -0.054665957 0.026697881 0.998147713 0.751314230 -0.657326248 0.058729313 8.068327904 0.633557260 -20.953260422
0.000000000 0.500000000 0.666666667 0.500000000 0.500000000 0.000000000 0.000000000 0.656830589 0.753478673 0.029042480 -0.077579779 0.029216828 0.996557954 0.750036636 -0.656822857 0.077645215 8.005162239 0.628761590 -20.911123276
0.000000000 0.500000000 0.666666667 0.500000000 0.500000000 0.000000000 0.000000000 0.655682782 0.753857009 0.042186485 -0.100452345 0.031721017 0.994436073 0.748324405 -0.656272343 0.096525630 7.939929009 0.623761594 -20.868139267
0.000000000 0.500000000 0.666666667 0.500000000 0.500000000 0.000000000 0.000000000 0.654233194 0.754268449 0.055299499 -0.123270974 0.034209102 0.991783245 0.746179063 -0.655674343 0.115360136 7.872609138 0.618551910 -20.824354172
0.000000000 0.500000000 0.666666667 0.500000000 0.500000000 0.000000000 0.000000000 0.652482696 0.754712691 0.068374598 -0.146023555 0.036679725 0.988600890 0.743601676 -0.655029276 0.134138716 7.803452492 0.613189995 -20.779375076
0.000000000 0.500000000 0.666666667 0.500000000 0.500000000 0.000000000 0.000000000 0.650432129 0.755189569 0.081404918 -0.168698209 0.039131620 0.984890669 0.740593653 -0.654337399 0.152851590 7.732233524 0.607624173 -20.733554840
0.000000000 0.500000000 0.666666667 0.500000000 0.500000000 0.000000000 0.000000000 0.648083177 0.755698316 0.094383524 -0.191282630 0.041563434 0.980654596 0.737156124 -0.653599675 0.171488524 7.658934116 0.601850390 -20.686927795
0.000000000 0.500000000 0.666666667 0.500000000 0.500000000 0.000000000 0.000000000 0.645436095 0.756239530 0.107303406 -0.213764990 0.043973892 0.975894885 0.733291740 -0.652815495 0.190039872 7.583786964 0.595920980 -20.639125824
0.000000000 0.500000000 0.666666667 0.500000000 0.500000000 0.000000000 0.000000000 0.642493072 0.756812243 0.120157732 -0.236133084 0.046361670 0.970614116 0.729001934 -0.651986061 0.208495460 7.506478786 0.589766383 -20.590648651
0.000000000 0.500000000 0.666666667 0.500000000 0.500000000 0.000000000 0.000000000 0.639255362 0.757416463 0.132939400 -0.258374808 0.048725550 0.964815153 0.724289335 -0.651111451 0.226845403 7.427196503 0.583427846 -20.541206360
0.000000000 0.500000000 0.666666667 0.500000000 0.500000000 0.000000000 0.000000000 0.635724989 0.758051531 0.145642079 -0.280478840 0.051064256 0.958500945 0.719156004 -0.650192524 0.245080238 7.345982552 0.576915145 -20.490724564
0.000000000 0.500000000 0.666666667 0.500000000 0.500000000 0.000000000 0.000000000 0.631903659 0.758717360 0.158258438 -0.302432656 0.053376520 0.951675068 0.713605111 -0.649229478 0.263189725 7.262578964 0.570172250 -20.439626694
0.000000000 0.500000000 0.666666667 0.500000000 0.500000000 0.000000000 0.000000000 0.627793387 0.759413515 0.170782247 -0.324225202 0.055661066 0.944340968 0.707639372 -0.648222924 0.281164649 7.177308083 0.563268721 -20.387386322
0.000000000 0.500000000 0.666666667 0.500000000 0.500000000 0.000000000 0.000000000 0.621564824 0.763788169 0.174025294 -0.335761044 0.059043818 0.940094862 0.707758215 -0.642760812 0.293149873 7.089390278 0.556278825 -20.333993912
0.000000000 0.500000000 0.666666667 0.500000000 0.500000000 0.000000000 0.000000000 0.615108680 0.768748291 0.175121036 -0.344597361 0.062351850 0.936677589 0.709150175 -0.636504762 0.303261797 6.999473095 0.549109042 -20.279466629
0.000000000 0.500000000 0.666666667 0.500000000 0.500000000 0.000000000 0.000000000 0.608508544 0.774163957 0.174320161 -0.350992848 0.065558608 0.934080344 0.711703149 -0.629581001 0.311618985 6.907364368 0.541717649 -20.224178314
0.000000000 0.500000000 0.666666667 0.500000000 0.500000000 0.000000000 0.000000000 0.601831817 0.779908756 0.171874365 -0.355195444 0.068642487 0.932268419 0.715286419 -0.622117788 0.318331270 6.813239574 0.534131944 -20.167875290
0.000000000 0.500000000 0.666666667 0.500000000 0.500000000 0.000000000 0.000000000 0.595134772 0.785861784 0.168035294 -0.357444339 0.071584180 0.931187011 0.719755617 -0.614245034 0.323504081 6.716926098 0.526320040 -20.110893250
0.000000000 0.500000000 0.666666667 0.500000000 0.500000000 0.000000000 0.000000000 0.588467962 0.791908265 0.163054461 -0.357971419 0.074363486 0.930766639 0.724956496 -0.606095184 0.327241054 6.617789745 0.518239439 -20.052471161
0.000000000 0.500000000 0.666666667 0.500000000 0.500000000 0.000000000 0.000000000 0.581880378 0.797940529 0.157181862 -0.357002519 0.076957847 0.930927866 0.730728696 -0.597802979 0.329647040 6.515627861 0.509858847 -19.993001938
0.000000000 0.500000000 0.666666667 0.500000000 0.500000000 0.000000000 0.000000000 0.575423594 0.803857785 0.150666351 -0.354759141 0.079340189 0.931585255 0.736908162 -0.589506401 0.330830114 6.410532475 0.501196265 -19.932369232
0.000000000 0.500000000 0.666666667 0.500000000 0.500000000 0.000000000 0.000000000 0.569153101 0.809567358 0.143754794 -0.351460438 0.081477867 0.932650480 0.743330551 -0.581345036 0.330904279 6.302416801 0.492300719 -19.870758057
0.000000000 0.500000000 0.666666667 0.500000000 0.500000000 0.000000000 0.000000000 0.563132013 0.814983305 0.136691434 -0.347323185 0.083331948 0.934035541 0.749832609 -0.573461418 0.329989485 6.191115379 0.483312368 -19.808488846
0.000000000 0.500000000 0.666666667 0.500000000 0.500000000 0.000000000 0.000000000 0.557431997 0.820026035 0.129718427 -0.342563851 0.084856351 0.935654534 0.756253646 -0.566000620 0.328212922 6.076437950 0.474501342 -19.745925903
0.000000000 0.500000000 0.666666667 0.500000000 0.500000000 0.000000000 0.000000000 0.552131499 0.824623352 0.123073700 -0.337398787 0.085998153 0.937425398 0.762438763 -0.559107007 0.325709208 5.958233357 0.466240972 -19.683366776
0.000000000 0.500000000 0.666666667 0.500000000 0.500000000 0.000000000 0.000000000 0.547319731 0.828706082 0.116992914 -0.332045393 0.086697789 0.939270648 0.768236272 -0.552928316 0.322619447 5.836473465 0.458903044 -19.620910645
0.000000000 0.500000000 0.666666667 0.500000000 0.500000000 0.000000000 0.000000000 0.543091674 0.832209624 0.111707544 -0.326722573 0.086889598 0.941117717 0.773500998 -0.547610573 0.319090687 5.711253643 0.452780902 -19.558431625
0.000000000 0.500000000 0.666666667 0.500000000 0.500000000 0.000000000 0.000000000 0.539549461 0.835069875 0.107446182 -0.321651382 0.086502921 0.942898527 0.778091747 -0.543300605 0.315273984 5.582831383 0.447896868 -19.495504379
0.000000000 0.500000000 0.666666667 0.500000000 0.500000000 0.000000000 0.000000000 0.536798665 0.837222090 0.104433547 -0.317054746 0.085463575 0.944548710 0.781871781 -0.540143638 0.311321970 5.451474667 0.443746626 -19.431676865
0.000000000 0.500000000 0.666666667 0.500000000 0.500000000 0.000000000 0.000000000 0.534946009 0.838597588 0.102892432 -0.313159582 0.083695298 0.946005377 0.784706215 -0.538283552 0.307387336 5.317251682 0.439679414 -19.366895676
0.000000000 0.500000000 0.666666667 0.500000000 0.500000000 0.000000000 0.000000000 0.534095395 0.839121190 0.103042403 -0.310195031 0.081122262 0.947205480 0.786461157 -0.537861327 0.303618250 5.182713032 0.435258627 -19.302354813
0.000000000 0.500000000 0.666666667 0.500000000 0.500000000 0.000000000 0.000000000 0.534344943 0.838706656 0.105102931 -0.308395527 0.077671255 0.948081945 0.786999162 -0.539016067 0.300156624 5.047895431 0.430004567 -19.238050461
0.000000000 0.500000000 0.666666667 0.500000000 0.500000000 0.000000000 0.000000000 0.535781478 0.837253473 0.109292404 -0.307998704 0.073274715 0.948560812 0.786177465 -0.541883232 0.297132219 4.912837505 0.423352659 -19.174005508
