0.000000000 0.500000000 0.666666667 0.500000000 0.500000000 0.000000000 0.000000000 0.991732445 -0.128322864 0.000000000 0.000000000 0.000000000 1.000000000 -0.128322864 -0.991732445 0.000000000 -1.319909334 0.170446157 49.684783936
0.000000000 0.500000000 0.666666667 0.500000000 0.500000000 0.000000000 0.000000000 0.994503781 -0.104158510 -0.010641120 0.009246363 -0.013864445 0.999861131 -0.104291579 -0.994464068 -0.012825155 -1.328294039 0.161808461 49.541492462
0.000000000 0.500000000 0.666666667 0.500000000 0.500000000 0.000000000 0.000000000 0.996644404 -0.079112850 -0.021002114 0.018859920 -0.027728332 0.999437563 -0.079650708 -0.996479953 -0.026143225 -1.336534738 0.153497308 49.405056000
0.000000000 0.500000000 0.666666667 0.500000000 0.500000000 0.000000000 0.000000000 0.998094739 -0.053319168 -0.031047663 0.028848684 -0.041527778 0.998720780 -0.054540301 -0.997713641 -0.039910469 -1.344614744 0.145521536 49.275485992
0.000000000 0.500000000 0.666666667 0.500000000 0.500000000 0.000000000 0.000000000 0.998807032 -0.026915633 -0.040743861 0.039211389 -0.055200091 0.997705075 -0.029102928 -0.998112468 -0.054078840 -1.352517009 0.137888491 49.152782440
0.000000000 0.500000000 0.666666667 0.500000000 0.500000000 0.000000000 0.000000000 0.998746035 -0.000044290 -0.050063518 0.049942246 -0.068686056 0.996387474 -0.003482796 -0.997638323 -0.068597715 -1.360224128 0.130605459 49.036960602
0.000000000 0.500000000 0.666666667 0.500000000 0.500000000 0.000000000 0.000000000 0.997889614 0.027149483 -0.058984949 0.061029409 -0.081926927 0.994768008 0.022174981 -0.996268480 -0.083410947 -1.367717385 0.123680115 48.928016663
0.000000000 0.500000000 0.666666667 0.500000000 0.500000000 0.000000000 0.000000000 0.996229075 0.054519585 -0.067492560 0.072455388 -0.094868848 0.992849494 0.047726801 -0.993995733 -0.098461342 -1.374954224 0.117138974 48.825954437
0.000000000 0.500000000 0.666666667 0.500000000 0.500000000 0.000000000 0.000000000 0.993769458 0.081917158 -0.075576746 0.084196699 -0.107461473 0.990637647 0.073028632 -0.990828750 -0.113689084 -1.381937265 0.110970765 48.730773926
0.000000000 0.500000000 0.666666667 0.500000000 0.500000000 0.000000000 0.000000000 0.990529417 0.109195112 -0.083234017 0.096224290 -0.119657674 0.988141147 0.097940594 -0.986792009 -0.129031668 -1.388653398 0.105177611 48.642471313
0.000000000 0.500000000 0.666666667 0.500000000 0.500000000 0.000000000 0.000000000 0.986540864 0.136207490 -0.090469014 0.108505770 -0.131415799 0.985371192 0.122325879 -0.981925357 -0.144426354 -1.395084381 0.099764705 48.561035156
0.000000000 0.500000000 0.666666667 0.500000000 0.500000000 0.000000000 0.000000000 0.981848929 0.162809708 -0.097291722 0.121002807 -0.142698820 0.982341777 0.146051364 -0.976283794 -0.159809115 -1.401211977 0.094736323 48.486457825
0.000000000 0.500000000 0.666666667 0.500000000 0.500000000 0.000000000 0.000000000 0.976510611 0.188862741 -0.103720259 0.133674979 -0.153475115 0.979069144 0.168991203 -0.969936211 -0.175116302 -1.407019019 0.090096436 48.418750763
0.000000000 0.500000000 0.666666667 0.500000000 0.500000000 0.000000000 0.000000000 0.970594991 0.214229247 -0.109777922 0.146476504 -0.163717450 0.975572258 0.191023549 -0.962965434 -0.190282888 -1.412488580 0.085848689 48.357879639
0.000000000 0.500000000 0.666666667 0.500000000 0.500000000 0.000000000 0.000000000 0.964181309 0.238778752 -0.115495066 0.159360317 -0.173406832 0.971871576 0.212034649 -0.955465739 -0.205247484 -1.417603850 0.081995539 48.303848267
0.000000000 0.500000000 0.666666667 0.500000000 0.500000000 0.000000000 0.000000000 0.957358312 0.262385299 -0.120909130 0.172277371 -0.182526823 0.967989910 0.231917163 -0.947543093 -0.219946621 -1.422349215 0.078538515 48.256633759
0.000000000 0.500000000 0.666666667 0.500000000 0.500000000 0.000000000 0.000000000 0.950223003 0.284929000 -0.126062324 0.185176415 -0.191068365 0.963951542 0.250571227 -0.939312698 -0.234319686 -1.426709771 0.075479127 48.216220856
0.000000000 0.500000000 0.666666667 0.500000000 0.500000000 0.000000000 0.000000000 0.942878897 0.306297041 -0.131001940 0.198005472 -0.199028629 0.959781974 0.267905243 -0.930897270 -0.248308385 -1.430671454 0.072817989 48.182605743
0.000000000 0.500000000 0.666666667 0.500000000 0.500000000 0.000000000 0.000000000 0.935435398 0.326380522 -0.135780597 0.210711682 -0.206408381 0.955508329 0.283833055 -0.922426872 -0.261853895 -1.434220552 0.070554502 48.155769348
0.000000000 0.500000000 0.666666667 0.500000000 0.500000000 0.000000000 0.000000000 0.928005217 0.345077734 -0.140455240 0.223243270 -0.213215082 0.951158121 0.298276314 -0.914035386 -0.274900990 -1.437332272 0.068697810 48.135681152
0.000000000 0.500000000 0.666666667 0.500000000 0.500000000 0.000000000 0.000000000 0.920703480 0.362291107 -0.145087064 0.235549112 -0.219459682 0.946759771 0.311161885 -0.905860144 -0.287394642 -1.440010071 0.067233883 48.122337341
0.000000000 0.500000000 0.666666667 0.500000000 0.500000000 0.000000000 0.000000000 0.913639991 0.377947270 -0.149725844 0.247571679 -0.225158849 0.942343757 0.322444152 -0.898030820 -0.299283169 -1.442245126 0.066160277 48.115722656
0.000000000 0.500000000 0.666666667 0.500000000 0.500000000 0.000000000 0.000000000 0.906898638 0.392050267 -0.154374377 0.259234234 -0.230338918 0.937945411 0.332163322 -0.890640539 -0.310526902 -1.444038510 0.065473326 48.115818024
0.000000000 0.500000000 0.666666667 0.500000000 0.500000000 0.000000000 0.000000000 0.900551455 0.404622951 -0.159019949 0.270455540 -0.235027491 0.933603706 0.340383427 -0.883766002 -0.321086867 -1.445762753 0.064688720 48.112499237
0.000000000 0.500000000 0.666666667 0.500000000 0.500000000 0.000000000 0.000000000 0.894664303 0.415686022 -0.163648756 0.281158769 -0.239253475 0.929358661 0.347167872 -0.877475302 -0.330925314 -1.447421193 0.063802488 48.105762482
0.000000000 0.500000000 0.666666667 0.500000000 0.500000000 0.000000000 0.000000000 0.889296585 0.425258875 -0.168245275 0.291270799 -0.243044686 0.925251643 0.352580352 -0.871828062 -0.340004302 -1.449015975 0.062811583 48.095600128
0.000000000 0.500000000 0.666666667 0.500000000 0.500000000 0.000000000 0.000000000 0.884502316 0.433357312 -0.172792055 0.300721522 -0.246427643 0.921325123 0.356682240 -0.866876495 -0.348285691 -1.450549006 0.061712340 48.082000732
0.000000000 0.500000000 0.666666667 0.500000000 0.500000000 0.000000000 0.000000000 0.880329137 0.439996370 -0.177267607 0.309443496 -0.249428075 0.917622122 0.359534885 -0.862663799 -0.355732817 -1.452022076 0.060501706 48.064964294
0.000000000 0.500000000 0.666666667 0.500000000 0.500000000 0.000000000 0.000000000 0.876820025 0.445186164 -0.181647799 0.317370831 -0.252067737 0.914186858 0.361195791 -0.859227057 -0.362307142 -1.453436494 0.059176940 48.044483185
0.000000000 0.500000000 0.666666667 0.500000000 0.500000000 0.000000000 0.000000000 0.874011243 0.448935640 -0.185906265 0.324442315 -0.254366043 0.911062622 0.361720240 -0.856594833 -0.367972500 -1.454793811 0.057735596 48.020549774
0.000000000 0.500000000 0.666666667 0.500000000 0.500000000 0.000000000 0.000000000 0.871934474 0.451249456 -0.190011057 0.330596590 -0.256339032 0.908293012 0.361159477 -0.854788997 -0.372692370 -1.456094146 0.056175843 47.993171692
0.000000000 0.500000000 0.666666667 0.500000000 0.500000000 0.000000000 0.000000000 0.870615554 0.452129048 -0.193927516 0.335775274 -0.257997669 0.905920619 0.359560180 -0.853824646 -0.376430538 -1.457337499 0.054495849 47.962337494
0.000000000 0.500000000 0.666666667 0.500000000 0.500000000 0.000000000 0.000000000 0.870074437 0.451573346 -0.197615755 0.339921131 -0.259347993 0.903986860 0.356965121 -0.853709630 -0.379151381 -1.458524346 0.052695312 47.928050995
0.000000000 0.500000000 0.666666667 0.500000000 0.500000000 0.000000000 0.000000000 0.870325709 0.449577963 -0.201029388 0.342976942 -0.260391547 0.902531473 0.353411908 -0.854444789 -0.380820333 -1.459653616 0.050774232 47.890308380
0.000000000 0.500000000 0.666666667 0.500000000 0.500000000 0.000000000 0.000000000 0.871377366 0.446135392 -0.204119324 0.344888463 -0.261121965 0.901591519 0.348931847 -0.856024843 -0.381402719 -1.460724592 0.048732299 47.849113464
0.000000000 0.500000000 0.666666667 0.500000000 0.500000000 0.000000000 0.000000000 0.873231584 0.441235451 -0.206828135 0.345600280 -0.261527730 0.901201250 0.343550647 -0.858437257 -0.380865369 -1.461736083 0.046572264 47.804470062
0.000000000 0.500000000 0.666666667 0.500000000 0.500000000 0.000000000 0.000000000 0.875883997 0.434864890 -0.209092684 0.345057450 -0.261589181 0.901391400 0.337287088 -0.861663291 -0.379175148 -1.462686300 0.044295959 47.756374359
0.000000000 0.500000000 0.666666667 0.500000000 0.500000000 0.000000000 0.000000000 0.879322303 0.427009968 -0.210843010 0.343206077 -0.261279064 0.902187807 0.330154323 -0.865676463 -0.376300924 -1.463573694 0.041907042 47.704833984
0.000000000 0.500000000 0.666666667 0.500000000 0.500000000 0.000000000 0.000000000 0.883527608 0.417653014 -0.212002182 0.339991767 -0.260562227 0.903611047 0.322156117 -0.870444304 -0.372212507 -1.464395762 0.039409485 47.649852753
0.000000000 0.500000000 0.666666667 0.500000000 0.500000000 0.000000000 0.000000000 0.888471861 0.406777775 -0.212484337 0.335359849 -0.259394487 0.905675589 0.313291435 -0.875925991 -0.366881636 -1.465150595 0.036809079 47.591445923
0.000000000 0.500000000 0.666666667 0.500000000 0.500000000 0.000000000 0.000000000 0.894118443 0.394365801 -0.212197607 0.329256644 -0.257721572 0.908388492 0.303549454 -0.882074377 -0.360281171 -1.465835810 0.034112547 47.529590607
0.000000000 0.500000000 0.666666667 0.500000000 0.500000000 0.000000000 0.000000000 0.900405139 0.380428342 -0.211056536 0.321659868 -0.255493226 0.911733591 0.292925783 -0.888818028 -0.352415944 -1.466453314 0.031326294 47.464324951
0.000000000 0.500000000 0.666666667 0.500000000 0.500000000 0.000000000 0.000000000 0.907199378 0.365093873 -0.209035291 0.312676149 -0.252705291 0.915627469 0.281465656 -0.896017020 -0.343410229 -1.466884375 0.028618773 47.398960114
0.000000000 0.500000000 0.666666667 0.500000000 0.500000000 0.000000000 0.000000000 0.914354189 0.348523230 -0.206126113 0.302443106 -0.249367507 0.919969572 0.269229612 -0.903519455 -0.333418673 -1.467112541 0.026018675 47.333530426
0.000000000 0.500000000 0.666666667 0.500000000 0.500000000 0.000000000 0.000000000 0.921726077 0.330883933 -0.202328598 0.291100051 -0.245492618 0.924658929 0.256284606 -0.911180112 -0.322597278 -1.467208266 0.023484496 47.268047333
0.000000000 0.500000000 0.666666667 0.500000000 0.500000000 0.000000000 0.000000000 0.929179049 0.312348526 -0.197647902 0.278784627 -0.241102983 0.929595871 0.242704402 -0.918862204 -0.311105808 -1.467193007 0.021012878 47.202529907
0.000000000 0.500000000 0.666666667 0.500000000 0.500000000 0.000000000 0.000000000 0.936585593 0.293095680 -0.192099844 0.265635105 -0.236227758 0.934684138 0.228572568 -0.926440159 -0.299104016 -1.467089176 0.018600769 47.136989594
0.000000000 0.500000000 0.666666667 0.500000000 0.500000000 0.000000000 0.000000000 0.943829378 0.273308626 -0.185710795 0.251789039 -0.230907282 0.939831957 0.213982206 -0.933800954 -0.286753192 -1.467092395 0.016015930 47.066600800
0.000000000 0.500000000 0.666666667 0.500000000 0.500000000 0.000000000 0.000000000 0.950806628 0.253174464 -0.178520158 0.237383744 -0.225191465 0.944953841 0.199036967 -0.940846159 -0.274213040 -1.467226386 0.013252563 46.991374969
0.000000000 0.500000000 0.666666667 0.500000000 0.500000000 0.000000000 0.000000000 0.957428027 0.232884098 -0.170577167 0.222553230 -0.219144463 0.949971454 0.183852203 -0.947491795 -0.261644159 -1.467514753 0.010301819 46.911323547
0.000000000 0.500000000 0.666666667 0.500000000 0.500000000 0.000000000 0.000000000 0.963619427 0.212629322 -0.161945582 0.207430769 -0.212841298 0.954814672 0.168552888 -0.953670464 -0.249203873 -1.467981339 0.007155151 46.826442719
0.000000000 0.500000000 0.666666667 0.500000000 0.500000000 0.000000000 0.000000000 0.969322621 0.192603971 -0.152700252 0.192146246 -0.206369921 0.959422366 0.153275818 -0.959330582 -0.237047163 -1.468650460 0.003801575 46.736755371
0.000000000 0.500000000 0.666666667 0.500000000 0.500000000 0.000000000 0.000000000 0.974496100 0.172999344 -0.142928577 0.176826500 -0.199829132 0.963743071 0.138165626 -0.964437424 -0.225323579 -1.469485402 0.000277405 46.642253876
0.000000000 0.500000000 0.666666667 0.500000000 0.500000000 0.000000000 0.000000000 0.979114389 0.154007022 -0.132728481 0.161595209 -0.193330446 0.967734637 0.123377473 -0.968971195 -0.214179419 -1.470492363 -0.003416138 46.542938232
0.000000000 0.500000000 0.666666667 0.500000000 0.500000000 0.000000000 0.000000000 0.983168498 0.135813815 -0.122206021 0.146570297 -0.186996243 0.971364789 0.109072691 -0.972927034 -0.203755086 -1.471765995 -0.007352905 46.438816071
0.000000000 0.500000000 0.666666667 0.500000000 0.500000000 0.000000000 0.000000000 0.986664161 0.118603199 -0.111476968 0.131867379 -0.180958208 0.974610241 0.095419219 -0.976313171 -0.194184872 -1.473329544 -0.011549072 46.329891205
0.000000000 0.500000000 0.666666667 0.500000000 0.500000000 0.000000000 0.000000000 0.989621184 0.102553844 -0.100660921 0.117595578 -0.175355460 0.977456773 0.082590508 -0.979149208 -0.185595357 -1.475205183 -0.016022949 46.216152191
0.000000000 0.500000000 0.666666667 0.500000000 0.500000000 0.000000000 0.000000000 0.992071078 0.087839627 -0.089884238 0.103863128 -0.170336844 0.979896837 0.070763175 -0.981462969 -0.178109555 -1.477414846 -0.020791626 46.097595215
0.000000000 0.500000000 0.666666667 0.500000000 0.500000000 0.000000000 0.000000000 0.994055357 0.074630079 -0.079273563 0.090773362 -0.166054727 0.981929745 0.060117745 -0.983288452 -0.171842014 -1.479923964 -0.025830382 45.974224091
0.000000000 0.500000000 0.666666667 0.500000000 0.500000000 0.000000000 0.000000000 0.995622891 0.063087832 -0.068956395 0.078428295 -0.162667181 0.983559043 0.050833666 -0.984662030 -0.166903040 -1.482608437 -0.031040648 45.846015930
0.000000000 0.500000000 0.666666667 0.500000000 0.500000000 0.000000000 0.000000000 0.996826714 0.053373769 -0.059057125 0.066928965 -0.160334426 0.984791036 0.043093119 -0.985618645 -0.163397890 -1.485678315 -0.036597595 45.712970734
0.000000000 0.500000000 0.666666667 0.500000000 0.500000000 0.000000000 0.000000000 0.997725241 0.045563852 -0.049681782 0.056348728 -0.159162255 0.985643038 0.037002229 -0.986200442 -0.161367664 -1.489143848 -0.042514648 45.575107574
0.000000000 0.500000000 0.666666667 0.500000000 0.500000000 0.000000000 0.000000000 0.998386954 0.039413863 -0.040866098 0.046644311 -0.159033474 0.986170706 0.032369719 -0.986486139 -0.160615378 -1.492973924 -0.048776243 45.432392120
0.000000000 0.500000000 0.666666667 0.500000000 0.500000000 0.000000000 0.000000000 0.998868690 0.034603486 -0.032618085 0.037746668 -0.159764306 0.986433249 0.028922824 -0.986548511 -0.160889729 -1.496895552 -0.055170897 45.284812927
0.000000000 0.500000000 0.666666667 0.500000000 0.500000000 0.000000000 0.000000000 0.999213852 0.030815965 -0.024941034 0.029593517 -0.161160301 0.986484456 0.026379966 -0.986447025 -0.161945558 -1.500904798 -0.061703186 45.132358551
0.000000000 0.500000000 0.666666667 0.500000000 0.500000000 0.000000000 0.000000000 0.999456127 0.027739229 -0.017832117 0.022123206 -0.163019009 0.986374861 0.024454305 -0.986232902 -0.163544028 -1.505146623 -0.068497010 44.975036621
0.000000000 0.500000000 0.666666667 0.500000000 0.500000000 0.000000000 0.000000000 0.999622109 0.025065093 -0.011286252 0.015274766 -0.165130760 0.986153392 0.022854320 -0.985953129 -0.165451222 -1.509582043 -0.075525813 44.812850952
0.000000000 0.500000000 0.666666667 0.500000000 0.500000000 0.000000000 0.000000000 0.999733064 0.022488345 -0.005298633 0.008988048 -0.167281987 0.985868121 0.021284177 -0.985652581 -0.167439460 -1.513589621 -0.082289122 44.645751953
0.000000000 0.500000000 0.666666667 0.500000000 0.500000000 0.000000000 0.000000000 0.999805804 0.019706241 0.000137365 0.003200581 -0.169253087 0.985567425 0.019445078 -0.985375592 -0.169283290 -1.517597795 -0.089137875 44.473758698
0.000000000 0.500000000 0.666666667 0.500000000 0.500000000 0.000000000 0.000000000 0.999852549 0.016419398 0.005028332 -0.002149938 -0.170821882 0.985299580 0.017036975 -0.985165107 -0.170761393 -1.521666527 -0.096124269 44.296875000
0.000000000 0.500000000 0.666666667 0.500000000 0.500000000 0.000000000 0.000000000 0.999879995 0.012328876 0.009380583 -0.007124125 -0.171764088 0.985112351 0.013756576 -0.985060961 -0.171655643 -1.524771333 -0.102417909 44.115039825
0.000000000 0.500000000 0.666666667 0.500000000 0.500000000 0.000000000 0.000000000 0.999887342 0.007137513 0.013204538 -0.011781897 -0.171851461 0.985052416 0.009300043 -0.985097016 -0.171748007 -1.527702451 -0.108662106 43.928310394
0.000000000 0.500000000 0.666666667 0.500000000 0.500000000 0.000000000 0.000000000 0.999863475 0.000548076 0.016514588 -0.016178138 -0.170853984 0.985163532 0.003361528 -0.985296207 -0.170821792 -1.529757023 -0.114287719 43.736640930
0.000000000 0.500000000 0.666666667 0.500000000 0.500000000 0.000000000 0.000000000 0.999783169 -0.007735871 0.019333149 -0.020360734 -0.168539168 0.985484647 -0.004365189 -0.985664601 -0.168660132 -1.530930281 -0.119291991 43.540027618
0.000000000 0.500000000 0.666666667 0.500000000 0.500000000 0.000000000 0.000000000 0.999602431 -0.018010970 0.021692986 -0.024365870 -0.164669830 0.986047743 -0.014187496 -0.986184289 -0.165043216 -1.530652404 -0.123211667 43.338489532
0.000000000 0.500000000 0.666666667 0.500000000 0.500000000 0.000000000 0.000000000 0.999252855 -0.030573665 0.023642830 -0.028214999 -0.159006741 0.986874242 -0.026412994 -0.986803986 -0.159750576 -1.529161692 -0.126240239 43.132030487
0.000000000 0.500000000 0.666666667 0.500000000 0.500000000 0.000000000 0.000000000 0.998635155 -0.045718812 0.025251093 -0.031908453 -0.151306087 0.987971821 -0.041348254 -0.987429116 -0.152558394 -1.524862289 -0.127080992 42.920669556
0.000000000 0.500000000 0.666666667 0.500000000 0.500000000 0.000000000 0.000000000 0.997611790 -0.063737874 0.026612030 -0.035420165 -0.141320931 0.989329979 -0.059296953 -0.987909853 -0.143241033 -1.517669320 -0.125661314 42.704483032
0.000000000 0.500000000 0.666666667 0.500000000 0.500000000 0.000000000 0.000000000 0.995998814 -0.084915327 0.027852274 -0.038691274 -0.128801457 0.990915319 -0.080556485 -0.988028123 -0.131571580 -1.506754756 -0.121304929 42.483573914
0.000000000 0.500000000 0.666666667 0.500000000 0.500000000 0.000000000 0.000000000 0.993557092 -0.109523242 0.029136976 -0.041622176 -0.113498505 0.992665948 -0.105412990 -0.987483037 -0.117325840 -1.491404414 -0.113424987 42.258094788
0.000000000 0.500000000 0.666666667 0.500000000 0.500000000 0.000000000 0.000000000 0.989983019 -0.137813087 0.030678590 -0.044065622 -0.095163637 0.994485849 -0.134133678 -0.985875974 -0.100283204 -1.471556306 -0.101964414 42.028213501
