0.000000000 0.500000000 0.666666667 0.500000000 0.500000000 0.000000000 0.000000000 0.241305800 -0.970449128 0.000000000 0.000000000 0.000000000 1.000000000 -0.970449128 -0.241305800 0.000000000 18.797435760 0.284647197 -13.251362801
0.000000000 0.500000000 0.666666667 0.500000000 0.500000000 0.000000000 0.000000000 0.238908388 -0.971039214 0.002371979 0.000699346 0.002614776 0.999996337 -0.971041860 -0.238905854 0.001303784 18.646970749 0.287127078 -13.290398598
0.000000000 0.500000000 0.666666667 0.500000000 0.500000000 0.000000000 0.000000000 0.236419846 -0.971639701 0.004684965 0.001342233 0.005148235 0.999985847 -0.971650068 -0.236410211 0.002521312 18.491142273 0.289618522 -13.331073761
0.000000000 0.500000000 0.666666667 0.500000000 0.500000000 0.000000000 0.000000000 0.233856256 -0.972246344 0.006949645 0.001940378 0.007614531 0.999969126 -0.972269246 -0.233835551 0.003667231 18.329977036 0.292102039 -13.373491287
0.000000000 0.500000000 0.666666667 0.500000000 0.500000000 0.000000000 0.000000000 0.231233354 -0.972855034 0.009177086 0.002503901 0.010027785 0.999946586 -0.972895095 -0.231198024 0.004754691 18.163604736 0.294464111 -13.418144226
0.000000000 0.500000000 0.666666667 0.500000000 0.500000000 0.000000000 0.000000000 0.228567186 -0.973461649 0.011378014 0.003044520 0.012402095 0.999918456 -0.973523380 -0.228513908 0.005798436 17.992124557 0.296624124 -13.465377808
0.000000000 0.500000000 0.666666667 0.500000000 0.500000000 0.000000000 0.000000000 0.225873216 -0.974062281 0.013563312 0.003573422 0.014751510 0.999884805 -0.974150153 -0.225798729 0.006812707 17.815595627 0.298541248 -13.515378952
0.000000000 0.500000000 0.666666667 0.500000000 0.500000000 0.000000000 0.000000000 0.223168002 -0.974652845 0.015744023 0.004101256 0.017090044 0.999845543 -0.974771369 -0.223068961 0.007811252 17.634136200 0.300128162 -13.568523407
0.000000000 0.500000000 0.666666667 0.500000000 0.500000000 0.000000000 0.000000000 0.220467486 -0.975229495 0.017930994 0.004639742 0.019431659 0.999800422 -0.975383289 -0.220340291 0.008808862 17.447889328 0.301284164 -13.625247955
0.000000000 0.500000000 0.666666667 0.500000000 0.500000000 0.000000000 0.000000000 0.217788100 -0.975788351 0.020135464 0.005198999 0.021790269 0.999749046 -0.975982230 -0.217628761 0.009818784 17.257207870 0.301763296 -13.686582565
0.000000000 0.500000000 0.666666667 0.500000000 0.500000000 0.000000000 0.000000000 0.215146528 -0.976325572 0.022368486 0.005790215 0.024179757 0.999690859 -0.976564614 -0.214950499 0.010855325 17.062202454 0.301527709 -13.752678871
0.000000000 0.500000000 0.666666667 0.500000000 0.500000000 0.000000000 0.000000000 0.212558761 -0.976837547 0.024641022 0.006425098 0.026613940 0.999625138 -0.977127162 -0.212320760 0.011933303 16.863075256 0.300473630 -13.823967934
0.000000000 0.500000000 0.666666667 0.500000000 0.500000000 0.000000000 0.000000000 0.210042022 -0.977320460 0.026964176 0.007114841 0.029106609 0.999550991 -0.977666471 -0.209755865 0.013067091 16.659759521 0.298715800 -13.900122643
0.000000000 0.500000000 0.666666667 0.500000000 0.500000000 0.000000000 0.000000000 0.207612343 -0.977770798 0.029349309 0.007869561 0.031671527 0.999467350 -0.978179526 -0.207270792 0.014270027 16.451936722 0.296513677 -13.980226517
0.000000000 0.500000000 0.666666667 0.500000000 0.500000000 0.000000000 0.000000000 0.205286747 -0.978184870 0.031807419 0.008700971 0.034322416 0.999372936 -0.978663193 -0.204881263 0.015557095 16.239299774 0.294083238 -14.063438416
0.000000000 0.500000000 0.666666667 0.500000000 0.500000000 0.000000000 0.000000000 0.203082616 -0.978558910 0.034349832 0.009619190 0.037073004 0.999266263 -0.979114356 -0.202603189 0.016941827 16.034923553 0.291809678 -14.143827438
0.000000000 0.500000000 0.666666667 0.500000000 0.500000000 0.000000000 0.000000000 0.201016284 -0.978889359 0.036987508 0.010635934 0.039936997 0.999145592 -0.979530158 -0.200451137 0.018439389 15.838585854 0.289757699 -14.220829964
0.000000000 0.500000000 0.666666667 0.500000000 0.500000000 0.000000000 0.000000000 0.199105715 -0.979172258 0.039731644 0.011761313 0.042928108 0.999008933 -0.979907437 -0.198441092 0.020063583 15.650279999 0.287938237 -14.294435501
0.000000000 0.500000000 0.666666667 0.500000000 0.500000000 0.000000000 0.000000000 0.197367272 -0.979403890 0.042593186 0.013006510 0.046060092 0.998853993 -0.980243332 -0.196587099 0.021829381 15.469970703 0.286349475 -14.364552498
0.000000000 0.500000000 0.666666667 0.500000000 0.500000000 0.000000000 0.000000000 0.195818914 -0.979580085 0.045583013 0.014382171 0.049346716 0.998678154 -0.980534602 -0.194904488 0.023751509 15.297616005 0.285030514 -14.431078911
0.000000000 0.500000000 0.666666667 0.500000000 0.500000000 0.000000000 0.000000000 0.194478135 -0.979696579 0.048712095 0.015897868 0.052801822 0.998478455 -0.980778014 -0.193407810 0.025843887 15.133398056 0.283814698 -14.494478226
0.000000000 0.500000000 0.666666667 0.500000000 0.500000000 0.000000000 0.000000000 0.193359319 -0.979750386 0.051974562 0.017554125 0.056420497 0.998252764 -0.980970961 -0.192109107 0.028108090 14.977099419 0.282883286 -14.554195404
0.000000000 0.500000000 0.666666667 0.500000000 0.500000000 0.000000000 0.000000000 0.192462212 -0.979745014 0.055299224 0.019308314 0.060122766 0.998004229 -0.981114410 -0.191010367 0.030488585 14.828849792 0.282117307 -14.610561371
0.000000000 0.500000000 0.666666667 0.500000000 0.500000000 0.000000000 0.000000000 0.191783041 -0.979686427 0.058598387 0.021107179 0.063810095 0.997738823 -0.981210351 -0.190112539 0.032916111 14.688752174 0.281417847 -14.663842201
0.000000000 0.500000000 0.666666667 0.500000000 0.500000000 0.000000000 0.000000000 0.191316909 -0.979581824 0.061784233 0.022897990 0.067384203 0.997464311 -0.981261190 -0.189417054 0.035322193 14.556808472 0.280771464 -14.714038849
0.000000000 0.500000000 0.666666667 0.500000000 0.500000000 0.000000000 0.000000000 0.191058974 -0.979439354 0.064768978 0.024627486 0.070746896 0.997190234 -0.981269563 -0.188927046 0.037637958 14.432822227 0.280327767 -14.760634422
0.000000000 0.500000000 0.666666667 0.500000000 0.500000000 0.000000000 0.000000000 0.191002963 -0.979268264 0.067465065 0.026242443 0.073800184 0.996927714 -0.981238606 -0.188645700 0.039794445 14.316950798 0.279946893 -14.804034233
0.000000000 0.500000000 0.666666667 0.500000000 0.500000000 0.000000000 0.000000000 0.191142588 -0.979078431 0.069784936 0.027690671 0.076446126 0.996689127 -0.981171615 -0.188577348 0.041723449 14.209250450 0.279569685 -14.844395638
0.000000000 0.500000000 0.666666667 0.500000000 0.500000000 0.000000000 0.000000000 0.191470727 -0.978880209 0.071641447 0.028918961 0.078586693 0.996487745 -0.981072196 -0.188726436 0.043355250 14.109725952 0.279183358 -14.881718636
0.000000000 0.500000000 0.666666667 0.500000000 0.500000000 0.000000000 0.000000000 0.191980436 -0.978683888 0.072947644 0.029875155 0.080123818 0.996337116 -0.980943927 -0.189097912 0.044620539 14.018378258 0.278774410 -14.916003227
0.000000000 0.500000000 0.666666667 0.500000000 0.500000000 0.000000000 0.000000000 0.192665266 -0.978499209 0.073616532 0.030508700 0.080959151 0.996250388 -0.980790148 -0.189696901 0.045450755 13.935207367 0.278331280 -14.947250366
0.000000000 0.500000000 0.666666667 0.500000000 0.500000000 0.000000000 0.000000000 0.193518353 -0.978334953 0.073561997 0.030766906 0.080994076 0.996239608 -0.980614116 -0.190527373 0.045774180 13.860207558 0.277851552 -14.975435257
0.000000000 0.500000000 0.666666667 0.500000000 0.500000000 0.000000000 0.000000000 0.194534068 -0.978198127 0.072697466 0.030600798 0.080129419 0.996314643 -0.980418323 -0.191592540 0.045521545 13.793263435 0.277409047 -15.000261307
0.000000000 0.500000000 0.666666667 0.500000000 0.500000000 0.000000000 0.000000000 0.195707192 -0.978093346 0.070937308 0.029958745 0.078265448 0.996482310 -0.980204656 -0.192893562 0.044619560 13.734517097 0.276882321 -15.022091866
0.000000000 0.500000000 0.666666667 0.500000000 0.500000000 0.000000000 0.000000000 0.197034980 -0.978021761 0.068195678 0.028792248 0.075301784 0.996745026 -0.979973583 -0.194430130 0.042996530 13.683966637 0.276259750 -15.040932655
0.000000000 0.500000000 0.666666667 0.500000000 0.500000000 0.000000000 0.000000000 0.198515368 -0.977980549 0.064387064 0.027052819 0.071137118 0.997099622 -0.979724346 -0.196197747 0.040578942 13.641611099 0.275527328 -15.056777954
0.000000000 0.500000000 0.666666667 0.500000000 0.500000000 0.000000000 0.000000000 0.200149891 -0.977961418 0.059426312 0.024692455 0.065669330 0.997535875 -0.979454085 -0.198189315 0.037291978 13.607453346 0.274673462 -15.069628716
0.000000000 0.500000000 0.666666667 0.500000000 0.500000000 0.000000000 0.000000000 0.201942489 -0.977949870 0.053228584 0.021664719 0.058795461 0.998034936 -0.979157736 -0.200392477 0.033060311 13.581486702 0.273684084 -15.079484940
0.000000000 0.500000000 0.666666667 0.500000000 0.500000000 0.000000000 0.000000000 0.203900359 -0.977923952 0.045709817 0.017922646 0.050411671 0.998567695 -0.978827575 -0.202789071 0.027805943 13.563710213 0.272547603 -15.086339951
0.000000000 0.500000000 0.666666667 0.500000000 0.500000000 0.000000000 0.000000000 0.206035121 -0.977852892 0.036786546 0.013421928 0.040413610 0.999092885 -0.978452544 -0.205354477 0.021451294 13.554119110 0.271249980 -15.090196609
0.000000000 0.500000000 0.666666667 0.500000000 0.500000000 0.000000000 0.000000000 0.208362995 -0.977695837 0.026376356 0.008119889 0.028696561 0.999555188 -0.978017858 -0.208056140 0.013918083 13.552712440 0.269778430 -15.091045380
0.000000000 0.500000000 0.666666667 0.500000000 0.500000000 0.000000000 0.000000000 0.210917965 -0.977397018 0.014445789 0.001983520 0.015206154 0.999882412 -0.977501753 -0.210864511 0.005145938 13.544433594 0.268050522 -15.094438553
0.000000000 0.500000000 0.666666667 0.500000000 0.500000000 0.000000000 0.000000000 0.213789085 -0.976879163 0.001152708 -0.004985431 0.000088918 0.999987569 -0.976867121 -0.213792174 -0.004851154 13.529272079 0.266085804 -15.100373268
0.000000000 0.500000000 0.666666667 0.500000000 0.500000000 0.000000000 0.000000000 0.217078950 -0.976063518 -0.013294287 -0.012771856 -0.016457846 0.999782986 -0.976070494 -0.216862048 -0.016038795 13.507221222 0.263907462 -15.108856201
0.000000000 0.500000000 0.666666667 0.500000000 0.500000000 0.000000000 0.000000000 0.220889394 -0.974877060 -0.028680894 -0.021357818 -0.034235343 0.999185561 -0.975064982 -0.220096931 -0.028383472 13.478271484 0.261542350 -15.119886398
0.000000000 0.500000000 0.666666667 0.500000000 0.500000000 0.000000000 0.000000000 0.225320070 -0.973254754 -0.044788937 -0.030720883 -0.053045454 0.998119435 -0.973800335 -0.223520385 -0.041851451 13.442414284 0.259012431 -15.133468628
0.000000000 0.500000000 0.666666667 0.500000000 0.500000000 0.000000000 0.000000000 0.230467900 -0.971141213 -0.061394549 -0.040834398 -0.072689544 0.996518330 -0.972222762 -0.227158477 -0.056408574 13.399641037 0.256344587 -15.149607658
0.000000000 0.500000000 0.666666667 0.500000000 0.500000000 0.000000000 0.000000000 0.236425893 -0.968492036 -0.078268593 -0.051667440 -0.092969411 0.994327493 -0.970274844 -0.231040828 -0.072019880 13.349946022 0.253563225 -15.168305397
0.000000000 0.500000000 0.666666667 0.500000000 0.500000000 0.000000000 0.000000000 0.243282313 -0.965274542 -0.095177600 -0.063185645 -0.113688928 0.991505119 -0.967895289 -0.235201800 -0.088650000 13.293330193 0.250692755 -15.189564705
0.000000000 0.500000000 0.666666667 0.500000000 0.500000000 0.000000000 0.000000000 0.251117444 -0.961468677 -0.111883923 -0.075351281 -0.134654375 0.988023473 -0.965019281 -0.239679333 -0.106261959 13.229784966 0.247756958 -15.213394165
0.000000000 0.500000000 0.666666667 0.500000000 0.500000000 0.000000000 0.000000000 0.260005674 -0.957066106 -0.128146475 -0.088124247 -0.155675983 0.983869456 -0.961577437 -0.244518830 -0.124817369 13.159311295 0.244780272 -15.239796638
0.000000000 0.500000000 0.666666667 0.500000000 0.500000000 0.000000000 0.000000000 0.270011873 -0.952070130 -0.143722150 -0.101462705 -0.176569498 0.979044704 -0.957496166 -0.249771256 -0.144275471 13.081911087 0.241784662 -15.268778801
0.000000000 0.500000000 0.666666667 0.500000000 0.500000000 0.000000000 0.000000000 0.281191328 -0.946494680 -0.158364317 -0.115324690 -0.197155212 0.973565631 -0.952697041 -0.255494897 -0.164592542 12.997415543 0.238881215 -15.299884796
0.000000000 0.500000000 0.666666667 0.500000000 0.500000000 0.000000000 0.000000000 0.293587959 -0.940362779 -0.171825358 -0.129669128 -0.217260711 0.967462506 -0.947096631 -0.261754898 -0.185721150 12.905968666 0.236017451 -15.333513260
0.000000000 0.500000000 0.666666667 0.500000000 0.500000000 0.000000000 0.000000000 0.307235167 -0.933703807 -0.183857967 -0.144456779 -0.236722730 0.960778116 -0.940605545 -0.268625295 -0.207609392 12.807590485 0.233206779 -15.369704247
0.000000000 0.500000000 0.666666667 0.500000000 0.500000000 0.000000000 0.000000000 0.322151469 -0.926552445 -0.194213794 -0.159652386 -0.255385489 0.953566656 -0.933128901 -0.276186204 -0.230199119 12.702280045 0.230469972 -15.408471107
0.000000000 0.500000000 0.666666667 0.500000000 0.500000000 0.000000000 0.000000000 0.338342400 -0.918944736 -0.202644990 -0.175225501 -0.273102827 0.945891574 -0.924565003 -0.284526656 -0.253424818 12.594078064 0.227841184 -15.448364258
0.000000000 0.500000000 0.666666667 0.500000000 0.500000000 0.000000000 0.000000000 0.355798363 -0.910915144 -0.208904582 -0.191152294 -0.289738556 0.937823208 -0.914805075 -0.293743372 -0.277212023 12.482988358 0.225335687 -15.489391327
0.000000000 0.500000000 0.666666667 0.500000000 0.500000000 0.000000000 0.000000000 0.374492683 -0.902493240 -0.212746757 -0.207416906 -0.305166445 0.929436210 -0.903733068 -0.303939785 -0.301474956 12.369013786 0.222969964 -15.531569481
0.000000000 0.500000000 0.666666667 0.500000000 0.500000000 0.000000000 0.000000000 0.394381038 -0.893699594 -0.213926697 -0.224012675 -0.319270020 0.920806698 -0.891224954 -0.315226410 -0.326114079 12.252156258 0.220758662 -15.574909210
0.000000000 0.500000000 0.666666667 0.500000000 0.500000000 0.000000000 0.000000000 0.415399331 -0.884541467 -0.212202236 -0.240943937 -0.331943922 0.912008362 -0.877148457 -0.327718821 -0.351014186 12.132306099 0.218757316 -15.619108200
0.000000000 0.500000000 0.666666667 0.500000000 0.500000000 0.000000000 0.000000000 0.437415660 -0.877839681 -0.195102629 -0.258194948 -0.330423198 0.907830314 -0.861395907 -0.346724683 -0.371186052 12.009744644 0.218583986 -15.664643288
0.000000000 0.500000000 0.666666667 0.500000000 0.500000000 0.000000000 0.000000000 0.460098507 -0.870183767 -0.176322364 -0.275638133 -0.328770760 0.903290323 -0.843998213 -0.367001361 -0.391122764 11.884222031 0.218419179 -15.711343765
0.000000000 0.500000000 0.666666667 0.500000000 0.500000000 0.000000000 0.000000000 0.483074729 -0.861574782 -0.155973398 -0.293128345 -0.326996238 0.898414845 -0.825054289 -0.388281284 -0.410515609 11.755739212 0.218260497 -15.759179115
0.000000000 0.500000000 0.666666667 0.500000000 0.500000000 0.000000000 0.000000000 0.505986960 -0.852035776 -0.134209657 -0.310533063 -0.325111541 0.893236644 -0.804702686 -0.410289559 -0.429087480 11.624296188 0.218107298 -15.808112144
0.000000000 0.500000000 0.666666667 0.500000000 0.500000000 0.000000000 0.000000000 0.528497113 -0.841617031 -0.111227576 -0.327731374 -0.323130690 0.887794291 -0.783123839 -0.432743954 -0.446597943 11.489902496 0.217957765 -15.858110428
0.000000000 0.500000000 0.666666667 0.500000000 0.500000000 0.000000000 0.000000000 0.550292303 -0.830399592 -0.087263382 -0.344613688 -0.321069554 0.882131366 -0.760539142 -0.455357945 -0.462849171 11.352566719 0.217809439 -15.909135818
0.000000000 0.500000000 0.666666667 0.500000000 0.500000000 0.000000000 0.000000000 0.571090621 -0.818497448 -0.062589387 -0.361079979 -0.318945682 0.876296126 -0.737208757 -0.477844724 -0.477689929 11.212303162 0.217661127 -15.961152077
0.000000000 0.500000000 0.666666667 0.500000000 0.500000000 0.000000000 0.000000000 0.590644108 -0.806059939 -0.037508833 -0.377040187 -0.316777954 0.870340408 -0.713428507 -0.499919097 -0.491020022 11.068777084 0.217604980 -16.013116837
0.000000000 0.500000000 0.666666667 0.500000000 0.500000000 0.000000000 0.000000000 0.608740969 -0.793272878 -0.012352054 -0.392411430 -0.314586626 0.864319689 -0.689527158 -0.521299717 -0.502791112 10.922320366 0.217554927 -16.065879822
0.000000000 0.500000000 0.666666667 0.500000000 0.500000000 0.000000000 0.000000000 0.625207070 -0.780358320 0.012530443 -0.407118073 -0.312392793 0.858292268 -0.665861093 -0.541711764 -0.513008158 10.773000717 0.217499390 -16.119506836
0.000000000 0.500000000 0.666666667 0.500000000 0.500000000 0.000000000 0.000000000 0.639908302 -0.767570875 0.036773849 -0.421088581 -0.310218920 0.852319558 -0.642807725 -0.560891409 -0.521726993 10.620842934 0.217434689 -16.173961639
0.000000000 0.500000000 0.666666667 0.500000000 0.500000000 0.000000000 0.000000000 0.652748278 -0.755194837 0.060003697 -0.434253226 -0.308088608 0.846466506 -0.620760680 -0.578586353 -0.529050102 10.465889931 0.217357785 -16.229219437
0.000000000 0.500000000 0.666666667 0.500000000 0.500000000 0.000000000 0.000000000 0.663664434 -0.743540059 0.081839470 -0.446541945 -0.306026853 0.840801913 -0.600124829 -0.594555082 -0.535120962 10.308176041 0.217267454 -16.285245895
0.000000000 0.500000000 0.666666667 0.500000000 0.500000000 0.000000000 0.000000000 0.672627181 -0.732931925 0.101899305 -0.457879897 -0.304060693 0.835399961 -0.581307729 -0.608570364 -0.540114281 10.147727013 0.217160031 -16.341972351
0.000000000 0.500000000 0.666666667 0.500000000 0.500000000 0.000000000 0.000000000 0.679631626 -0.723704978 0.119799654 -0.468183756 -0.302219620 0.830341659 -0.564716587 -0.620414704 -0.544224927 9.984110832 0.217138663 -16.397970200
0.000000000 0.500000000 0.666666667 0.500000000 0.500000000 0.000000000 0.000000000 0.684693006 -0.716189985 0.135156917 -0.477356368 -0.300536438 0.825717111 -0.550750747 -0.629880746 -0.547653047 9.817849159 0.217092887 -16.454631805
0.000000000 0.500000000 0.666666667 0.500000000 0.500000000 0.000000000 0.000000000 0.687838348 -0.710701411 0.147586958 -0.485281692 -0.299047998 0.821627637 -0.539796337 -0.636768246 -0.550587065 9.648983002 0.217017815 -16.511928558
0.000000000 0.500000000 0.666666667 0.500000000 0.500000000 0.000000000 0.000000000 0.689097573 -0.707522543 0.156704774 -0.491819133 -0.297796052 0.818187907 -0.532220326 -0.640881707 -0.553183660 9.477545738 0.216909170 -16.569837570
0.000000000 0.500000000 0.666666667 0.500000000 0.500000000 0.000000000 0.000000000 0.688494306 -0.706888587 0.162123772 -0.496795719 -0.296828154 0.815528700 -0.528365030 -0.642029262 -0.555543718 9.303567886 0.216760859 -16.628335953
0.000000000 0.500000000 0.666666667 0.500000000 0.500000000 0.000000000 0.000000000 0.686035477 -0.708968600 0.163459013 -0.499999984 -0.296198110 0.813797699 -0.528540765 -0.640023596 -0.557686700 9.127071381 0.216565549 -16.687398911
