0.000000000 0.500000000 0.666666667 0.500000000 0.500000000 0.000000000 0.000000000 0.953869950 0.300220118 0.000000000 -0.000000000 0.000000000 1.000000000 0.300220118 -0.953869950 0.000000000 4.241468430 1.560155869 5.870275021
0.000000000 0.500000000 0.666666667 0.500000000 0.500000000 0.000000000 0.000000000 0.949670340 0.313196868 -0.005828105 0.010154990 -0.012185694 0.999874185 0.313086444 -0.949610041 -0.014752903 4.322169304 1.527956843 5.746414661
0.000000000 0.500000000 0.666666667 0.500000000 0.500000000 0.000000000 0.000000000 0.945418960 0.325675623 -0.010880225 0.019839247 -0.024200471 0.999510251 0.325252817 -0.945171797 -0.029340744 4.404175758 1.495594144 5.620654106
0.000000000 0.500000000 0.666666667 0.500000000 0.500000000 0.000000000 0.000000000 0.941116262 0.337737977 -0.015272230 0.029152693 -0.036064269 0.998924166 0.336823845 -0.940549003 -0.043786641 4.487617016 1.480565429 5.490211487
0.000000000 0.500000000 0.666666667 0.500000000 0.500000000 0.000000000 0.000000000 0.936754229 0.349465578 -0.019113443 0.038194820 -0.047791601 0.998126805 0.347897499 -0.935729540 -0.058116759 4.571948051 1.476892948 5.356801510
0.000000000 0.500000000 0.666666667 0.500000000 0.500000000 0.000000000 0.000000000 0.932316029 0.360943198 -0.022512894 0.047071015 -0.059391357 0.997124359 0.358568183 -0.930694727 -0.072361476 4.657325268 1.476632357 5.221330643
0.000000000 0.500000000 0.666666667 0.500000000 0.500000000 0.000000000 0.000000000 0.927777627 0.372256141 -0.025574221 0.055887658 -0.070869140 0.995918739 0.368924443 -0.925420407 -0.086555327 4.743831635 1.478087068 5.083903789
0.000000000 0.500000000 0.666666667 0.500000000 0.500000000 0.000000000 0.000000000 0.923108437 0.383489755 -0.028397551 0.064753633 -0.082226550 0.994507799 0.379048519 -0.919877385 -0.100736377 4.831480026 1.480854750 4.944550037
0.000000000 0.500000000 0.666666667 0.500000000 0.500000000 0.000000000 0.000000000 0.918271167 0.394730558 -0.031078143 0.073778101 -0.093459337 0.992885766 0.389017810 -0.914031257 -0.114943485 4.920289993 1.484471083 4.803290844
0.000000000 0.500000000 0.666666667 0.500000000 0.500000000 0.000000000 0.000000000 0.913221500 0.406066760 -0.033708732 0.083074138 -0.104559880 0.991042844 0.398904976 -0.907841956 -0.129219977 5.010287285 1.488505840 4.660137653
0.000000000 0.500000000 0.666666667 0.500000000 0.500000000 0.000000000 0.000000000 0.907909774 0.417584122 -0.036377798 0.092755403 -0.115514808 0.988965502 0.408774116 -0.901265682 -0.143610207 5.101840496 1.492956519 4.515341282
0.000000000 0.500000000 0.666666667 0.500000000 0.500000000 0.000000000 0.000000000 0.902278519 0.429370883 -0.039167831 0.102935474 -0.126305873 0.986636263 0.418685756 -0.894252465 -0.158160571 5.194634438 1.497544885 4.368700028
0.000000000 0.500000000 0.666666667 0.500000000 0.500000000 0.000000000 0.000000000 0.896264183 0.441512398 -0.042158236 0.113730284 -0.136909586 0.984033123 0.428690957 -0.886748312 -0.172920488 5.289278984 1.502159357 4.220618725
0.000000000 0.500000000 0.666666667 0.500000000 0.500000000 0.000000000 0.000000000 0.889795260 0.454093866 -0.045421972 0.125254707 -0.147295993 0.981129527 0.438834426 -0.878693719 -0.187940671 5.385217667 1.506865859 4.070754528
0.000000000 0.500000000 0.666666667 0.500000000 0.500000000 0.000000000 0.000000000 0.882791624 0.467199371 -0.049027512 0.137624860 -0.157428266 0.977893521 0.449152922 -0.870023614 -0.203274603 5.483150959 1.511356473 3.919567108
0.000000000 0.500000000 0.666666667 0.500000000 0.500000000 0.000000000 0.000000000 0.875165151 0.480908699 -0.053035673 0.150953549 -0.167261010 0.974287832 0.459672693 -0.860668681 -0.218975882 5.582605839 1.515820026 3.766772985
0.000000000 0.500000000 0.666666667 0.500000000 0.500000000 0.000000000 0.000000000 0.866816745 0.495300207 -0.057501620 0.165354379 -0.176741191 0.970268252 0.470411161 -0.850552912 -0.235102281 5.684075356 1.519960284 3.612708092
0.000000000 0.500000000 0.666666667 0.500000000 0.500000000 0.000000000 0.000000000 0.857637170 0.510446653 -0.062471586 0.180937077 -0.185806562 0.965783462 0.481373305 -0.839595221 -0.251713340 5.787523746 1.523797870 3.457366228
0.000000000 0.500000000 0.666666667 0.500000000 0.500000000 0.000000000 0.000000000 0.847504643 0.526416192 -0.067984363 0.197808123 -0.194381669 0.960774538 0.492552360 -0.827708741 -0.268868766 5.892990112 1.527259827 3.300806284
0.000000000 0.500000000 0.666666667 0.500000000 0.500000000 0.000000000 0.000000000 0.836285129 0.543269078 -0.074066809 0.216068296 -0.202382345 0.955173219 0.503926259 -0.814800647 -0.286632570 6.001111507 1.529977441 3.143469095
0.000000000 0.500000000 0.666666667 0.500000000 0.500000000 0.000000000 0.000000000 0.823830445 0.561056920 -0.080737413 0.235813080 -0.209707979 0.948901868 0.515456680 -0.800773186 -0.305068378 6.111529827 1.532120943 2.985167265
0.000000000 0.500000000 0.666666667 0.500000000 0.500000000 0.000000000 0.000000000 0.809997777 0.579797661 -0.087967453 0.257084327 -0.216252574 0.941882409 0.527078030 -0.785537711 -0.324220996 6.225378513 1.532984257 2.826704740
0.000000000 0.500000000 0.666666667 0.500000000 0.500000000 0.000000000 0.000000000 0.794721567 0.599399585 -0.095591677 0.279740012 -0.221931829 0.934072689 0.538667946 -0.769068528 -0.344050058 6.342873573 1.532359242 2.668348551
0.000000000 0.500000000 0.666666667 0.500000000 0.500000000 0.000000000 0.000000000 0.777964825 0.619738942 -0.103413614 0.303589729 -0.226673335 0.925447176 0.550094545 -0.751360661 -0.364490259 6.464252949 1.530106425 2.510267019
0.000000000 0.500000000 0.666666667 0.500000000 0.500000000 0.000000000 0.000000000 0.759701884 0.640686128 -0.111239978 0.328437726 -0.230409065 0.915991442 0.561232312 -0.732415830 -0.385467696 6.593967915 1.522976041 2.356385946
0.000000000 0.500000000 0.666666667 0.500000000 0.500000000 0.000000000 0.000000000 0.739921535 0.662105629 -0.118879173 0.354083823 -0.233082239 0.905702664 0.571962209 -0.712242098 -0.406903461 6.729021072 1.513026118 2.204470873
0.000000000 0.500000000 0.666666667 0.500000000 0.500000000 0.000000000 0.000000000 0.718628537 0.683856774 -0.126146496 0.380326045 -0.234645004 0.894591427 0.582172763 -0.690855726 -0.428711138 6.873108864 1.497199058 2.058956146
0.000000000 0.500000000 0.666666667 0.500000000 0.500000000 0.000000000 0.000000000 0.695843814 0.705796405 -0.132863922 0.406961388 -0.235060509 0.882682834 0.591763310 -0.668279876 -0.450797286 7.027322292 1.474512577 1.921426296
0.000000000 0.500000000 0.666666667 0.500000000 0.500000000 0.000000000 0.000000000 0.671606017 0.727779478 -0.138861044 0.433788330 -0.234306551 0.870016164 0.600643857 -0.644544391 -0.473063934 7.190997124 1.439302325 1.795596242
0.000000000 0.500000000 0.666666667 0.500000000 0.500000000 0.000000000 0.000000000 0.645972489 0.749659614 -0.143979185 0.460608196 -0.232373470 0.856646170 0.608736094 -0.619687852 -0.495406231 7.359186649 1.396930814 1.673184753
0.000000000 0.500000000 0.666666667 0.500000000 0.500000000 0.000000000 0.000000000 0.619017765 0.771292573 -0.148070164 0.487227346 -0.229267350 0.842642270 0.615976070 -0.593754368 -0.517715396 7.521324158 1.360126018 1.537845731
0.000000000 0.500000000 0.666666667 0.500000000 0.500000000 0.000000000 0.000000000 0.590832467 0.792538115 -0.150997791 0.513459324 -0.225009937 0.828088190 0.622315450 -0.566792611 -0.539879261 7.676531792 1.329143286 1.390073180
0.000000000 0.500000000 0.666666667 0.500000000 0.500000000 0.000000000 0.000000000 0.561525132 0.813258820 -0.152642126 0.539126659 -0.219638172 0.813081496 0.627719661 -0.538859134 -0.561781863 7.825924396 1.302967548 1.232381582
0.000000000 0.500000000 0.666666667 0.500000000 0.500000000 0.000000000 0.000000000 0.531218240 0.833324592 -0.152896388 0.564062590 -0.213206211 0.797732102 0.632171319 -0.510012976 -0.583306256 7.971763611 1.279984355 1.067855477
0.000000000 0.500000000 0.666666667 0.500000000 0.500000000 0.000000000 0.000000000 0.500048155 0.852612160 -0.151671841 0.588113517 -0.205783234 0.782160950 0.635668415 -0.480318400 -0.604334263 8.114848137 1.259619474 0.897605896
0.000000000 0.500000000 0.666666667 0.500000000 0.500000000 0.000000000 0.000000000 0.468162320 0.871007675 -0.148894833 0.611139459 -0.197454961 0.766498598 0.638226138 -0.449841270 -0.624748132 8.256052971 1.241287828 0.722642779
0.000000000 0.500000000 0.666666667 0.500000000 0.500000000 0.000000000 0.000000000 0.435717368 0.888407059 -0.144510460 0.633015894 -0.188320752 0.750883594 0.639875967 -0.418650442 -0.644430411 8.396651268 1.224188805 0.544146419
0.000000000 0.500000000 0.666666667 0.500000000 0.500000000 0.000000000 0.000000000 0.402877345 0.904717305 -0.138479033 0.653634012 -0.178496107 0.735460208 0.640665610 -0.386814862 -0.663266040 8.537005425 1.208090186 0.362431645
0.000000000 0.500000000 0.666666667 0.500000000 0.500000000 0.000000000 0.000000000 0.369808943 0.919857917 -0.130777516 0.672902409 -0.168108931 0.720376106 0.640658796 -0.354402032 -0.681142795 8.676360130 1.193438411 0.176924586
0.000000000 0.500000000 0.666666667 0.500000000 0.500000000 0.000000000 0.000000000 0.336682751 0.933759456 -0.121400180 0.690745869 -0.157299905 0.705781046 0.639933488 -0.321480977 -0.697950651 8.816017151 1.179428101 -0.011303558
0.000000000 0.500000000 0.666666667 0.500000000 0.500000000 0.000000000 0.000000000 0.303668154 0.946365173 -0.110356743 0.707106787 -0.146220989 0.691823254 0.638580961 -0.288118692 -0.713583895 8.953142166 1.166235685 -0.197908163
0.000000000 0.500000000 0.666666667 0.500000000 0.500000000 0.000000000 0.000000000 0.276898766 0.956484226 -0.092005429 0.707106782 -0.137995198 0.693510868 0.650635899 -0.257089967 -0.714547183 9.087129593 1.153939486 -0.383793622
0.000000000 0.500000000 0.666666667 0.500000000 0.500000000 0.000000000 0.000000000 0.249225033 0.965621544 -0.073904780 0.707106783 -0.129296204 0.695185219 0.661730217 -0.225516131 -0.715021395 9.219054222 1.142181993 -0.567625880
0.000000000 0.500000000 0.666666667 0.500000000 0.500000000 0.000000000 0.000000000 0.221045731 0.973643937 -0.056180683 0.707106770 -0.120327969 0.696793510 0.671668669 -0.193748972 -0.715068203 9.348482132 1.131217957 -0.749784231
0.000000000 0.500000000 0.666666667 0.500000000 0.500000000 0.000000000 0.000000000 0.192824605 0.980460830 -0.038925987 0.707106728 -0.111341633 0.698285841 0.680307832 -0.162171519 -0.714759856 9.478681564 1.121325374 -0.928010166
0.000000000 0.500000000 0.666666667 0.500000000 0.500000000 0.000000000 0.000000000 0.165083580 0.986029585 -0.022205138 0.707106731 -0.102630357 0.699619240 0.687566347 -0.131197052 -0.714170744 9.608866692 1.112151742 -1.102902055
0.000000000 0.500000000 0.666666667 0.500000000 0.500000000 0.000000000 0.000000000 0.138386383 0.990359788 -0.006058029 0.707106803 -0.094519914 0.700760983 0.693432894 -0.101259452 -0.713370412 9.743450165 1.104555368 -1.271088600
0.000000000 0.500000000 0.666666667 0.500000000 0.500000000 0.000000000 0.000000000 0.113320458 0.993513146 0.009492198 0.707106778 -0.087356915 0.701689941 0.697967391 -0.072803828 -0.712419205 9.878303528 1.097442865 -1.435734272
0.000000000 0.500000000 0.666666667 0.500000000 0.500000000 0.000000000 0.000000000 0.090477886 0.995598876 0.024426004 0.707106805 -0.081492895 0.702395099 0.701294317 -0.046279430 -0.711368045 10.019376755 1.092041254 -1.591647029
0.000000000 0.500000000 0.666666667 0.500000000 0.500000000 0.000000000 0.000000000 0.070430638 0.996764822 0.038722267 0.707106809 -0.077268772 0.702872320 0.703590425 -0.022122967 -0.710261281 10.161092758 1.087066293 -1.743603349
0.000000000 0.500000000 0.666666667 0.500000000 0.500000000 0.000000000 0.000000000 0.053716726 0.997183247 0.052345827 0.707106796 -0.075000013 0.703118039 0.705063467 -0.000755109 -0.709143806 10.307290077 1.083302617 -1.887532115
0.000000000 0.500000000 0.666666667 0.500000000 0.500000000 0.000000000 0.000000000 0.040820337 0.997034240 0.065241285 0.707106778 -0.074959257 0.703122403 0.705927549 0.017430861 -0.708069531 10.456343651 1.080368042 -2.025058031
0.000000000 0.500000000 0.666666667 0.500000000 0.500000000 0.000000000 0.000000000 0.032161961 0.996487077 0.077324731 0.707106823 -0.077362326 0.702862014 0.706374935 0.032071425 -0.707110935 10.604387283 1.077405095 -2.159817457
0.000000000 0.500000000 0.666666667 0.500000000 0.500000000 0.000000000 0.000000000 0.028090087 0.995681738 0.088480640 0.707106774 -0.082357777 0.702294246 0.706548624 0.042837753 -0.706366738 10.759882927 1.076283813 -2.282063961
0.000000000 0.500000000 0.666666667 0.500000000 0.500000000 0.000000000 0.000000000 0.028872885 0.994713090 0.098550618 0.707106735 -0.090011008 0.701354464 0.706517107 0.049435679 -0.705967203 10.913125038 1.074837565 -2.403022766
0.000000000 0.500000000 0.666666667 0.500000000 0.500000000 0.000000000 0.000000000 0.034690807 0.993618038 0.107330066 0.707106801 -0.100296684 0.699957532 0.706255279 0.051611728 -0.706073445 11.066601753 1.073655963 -2.519313812
0.000000000 0.500000000 0.666666667 0.500000000 0.500000000 0.000000000 0.000000000 0.045628340 0.992368063 0.114558643 0.707106761 -0.113089688 0.698004836 0.705633108 0.049156389 -0.706870261 11.224428177 1.073720694 -2.625334978
0.000000000 0.500000000 0.666666667 0.500000000 0.500000000 0.000000000 0.000000000 0.061666689 0.990868243 0.119905563 0.707106784 -0.128157096 0.695396114 0.704412674 0.041903261 -0.708552680 11.379872322 1.073475599 -2.730337381
0.000000000 0.500000000 0.666666667 0.500000000 0.500000000 0.000000000 0.000000000 0.082675016 0.988961491 0.122963456 0.707106823 -0.145158878 0.692046849 0.702256921 0.029733314 -0.711302430 11.532955170 1.072963595 -2.834337473
0.000000000 0.500000000 0.666666667 0.500000000 0.500000000 0.000000000 0.000000000 0.108404109 0.986438194 0.123240574 0.707106766 -0.163650945 0.687908708 0.698747860 0.012572113 -0.715257556 11.690716743 1.074015141 -2.925913095
0.000000000 0.500000000 0.666666667 0.500000000 0.500000000 0.000000000 0.000000000 0.138490748 0.983047332 0.120159293 0.707106764 -0.183099303 0.682989510 0.693412098 -0.009622279 -0.720476977 11.846322060 1.074959636 -3.016257048
0.000000000 0.500000000 0.666666667 0.500000000 0.500000000 0.000000000 0.000000000 0.177782113 0.976904069 0.118540964 0.683931219 -0.209270845 0.698887546 0.707553255 -0.043175838 -0.705339803 11.999742508 1.075008869 -3.106593609
0.000000000 0.500000000 0.666666667 0.500000000 0.500000000 0.000000000 0.000000000 0.222544154 0.967999404 0.115979536 0.656586654 -0.236752173 0.716130138 0.720671954 -0.083219960 -0.688263302 12.151062965 1.074862003 -3.196149588
0.000000000 0.500000000 0.666666667 0.500000000 0.500000000 0.000000000 0.000000000 0.271813123 0.955696900 0.112964869 0.625063232 -0.264579658 0.734366095 0.731719607 -0.129000155 -0.669287216 12.305634499 1.076095820 -3.274601459
0.000000000 0.500000000 0.666666667 0.500000000 0.500000000 0.000000000 0.000000000 0.324552254 0.941514610 0.090642555 0.589477888 -0.276278605 0.759069135 0.739717280 -0.192925817 -0.644668888 12.457817078 1.079264760 -3.354074717
0.000000000 0.500000000 0.666666667 0.500000000 0.500000000 0.000000000 0.000000000 0.379662457 0.922501649 0.069621310 0.550097752 -0.285621086 0.784737573 0.743807019 -0.259636869 -0.615905687 12.607981682 1.082648039 -3.432649374
0.000000000 0.500000000 0.666666667 0.500000000 0.500000000 0.000000000 0.000000000 0.436006539 0.898334103 0.053797187 0.507344628 -0.294733471 0.809773801 0.743303253 -0.325772959 -0.584270702 12.756168365 1.085978627 -3.509906530
0.000000000 0.500000000 0.666666667 0.500000000 0.500000000 0.000000000 0.000000000 0.492441111 0.869255689 0.043546523 0.461796798 -0.303367001 0.833493959 0.737729944 -0.390337047 -0.550809877 12.902898788 1.089471698 -3.584469318
0.000000000 0.500000000 0.666666667 0.500000000 0.500000000 0.000000000 0.000000000 0.547859032 0.835667311 0.038866777 0.414168284 -0.311306806 0.855308544 0.726852883 -0.452491124 -0.516659142 13.049818993 1.093712688 -3.652413845
0.000000000 0.500000000 0.666666667 0.500000000 0.500000000 0.000000000 0.000000000 0.601230872 0.798102559 0.039417543 0.365288756 -0.318384581 0.874754470 0.710693719 -0.511530608 -0.482960531 13.194560051 1.097963214 -3.718840838
0.000000000 0.500000000 0.666666667 0.500000000 0.500000000 0.000000000 0.000000000 0.651646194 0.757212093 0.044576722 0.316067860 -0.324487014 0.891520771 0.689534876 -0.566866849 -0.450781134 13.337042809 1.102237582 -3.783677340
0.000000000 0.500000000 0.666666667 0.500000000 0.500000000 0.000000000 0.000000000 0.698348471 0.713755532 0.053501901 0.267461616 -0.329559823 0.905458230 0.663907898 -0.618015666 -0.421049807 13.477172852 1.106542587 -3.846862078
0.000000000 0.500000000 0.666666667 0.500000000 0.500000000 0.000000000 0.000000000 0.740765063 0.668592763 0.065198459 0.220431444 -0.333607288 0.916578505 0.634568436 -0.664597544 -0.394503492 13.614835739 1.110877633 -3.908348322
0.000000000 0.500000000 0.666666667 0.500000000 0.500000000 0.000000000 0.000000000 0.778522914 0.622676657 0.078586602 0.175911635 -0.336686642 0.925039027 0.602459268 -0.706339781 -0.371654335 13.750630379 1.115522146 -3.966320038
0.000000000 0.500000000 0.666666667 0.500000000 0.500000000 0.000000000 0.000000000 0.811446618 0.577048259 0.092572636 0.134778102 -0.338899466 0.931118690 0.568673236 -0.743076348 -0.352772295 13.884500504 1.120495319 -4.020558357
0.000000000 0.500000000 0.666666667 0.500000000 0.500000000 0.000000000 0.000000000 0.839551432 0.532818163 0.106104656 0.097829486 -0.340379499 0.935185109 0.534399461 -0.774755834 -0.337891423 14.015033722 1.125430226 -4.072938919
0.000000000 0.500000000 0.666666667 0.500000000 0.500000000 0.000000000 0.000000000 0.863014432 0.491150489 0.118225579 0.065774636 -0.341279490 0.937657724 0.500879015 -0.801435904 -0.326834370 14.142086029 1.130308151 -4.123469353
0.000000000 0.500000000 0.666666667 0.500000000 0.500000000 0.000000000 0.000000000 0.882134351 0.453240986 0.128107750 0.039233201 -0.341756779 0.938969147 0.469360994 -0.823270862 -0.319257489 14.265502930 1.135109186 -4.172169208
0.000000000 0.500000000 0.666666667 0.500000000 0.500000000 0.000000000 0.000000000 0.897281541 0.420288572 0.135067953 0.018747550 -0.341960009 0.939527478 0.441060500 -0.840488470 -0.314713785 14.397217751 1.140310287 -4.223746300
0.000000000 0.500000000 0.666666667 0.500000000 0.500000000 0.000000000 0.000000000 0.908838519 0.393462285 0.138563980 0.004802189 -0.342016171 0.939681796 0.417120469 -0.853353601 -0.312726951 14.537085533 1.145894766 -4.278233528
0.000000000 0.500000000 0.666666667 0.500000000 0.500000000 0.000000000 0.000000000 0.917128666 0.373875311 0.138174754 -0.002146840 -0.342019299 0.939690476 0.398585501 -0.862113711 -0.312873053 14.685985565 1.152394652 -4.332890511
