0.000000000 0.500000000 0.666666667 0.500000000 0.500000000 0.000000000 0.000000000 0.714150183 -0.698383209 0.047438485 0.258184654 0.325792726 0.909505241 -0.650638302 -0.637275446 0.412976762 12.866495132 2.176980257 20.059486389
0.000000000 0.500000000 0.666666667 0.500000000 0.500000000 0.000000000 0.000000000 0.715516804 -0.696085664 0.059164611 0.243166701 0.327556521 0.913004207 -0.654908894 -0.638882989 0.403637049 12.701416016 2.179622650 20.279953003
0.000000000 0.500000000 0.666666667 0.500000000 0.500000000 0.000000000 0.000000000 0.716466596 -0.694067049 0.070331699 0.229033938 0.329250793 0.916044415 -0.658953012 -0.640206878 0.394862104 12.539734840 2.181909084 20.493673325
0.000000000 0.500000000 0.666666667 0.500000000 0.500000000 0.000000000 0.000000000 0.717044279 -0.692329517 0.080791961 0.215948185 0.330858519 0.918639767 -0.662732135 -0.641258513 0.386747511 12.382576942 2.184127092 20.701488495
0.000000000 0.500000000 0.666666667 0.500000000 0.500000000 0.000000000 0.000000000 0.717299960 -0.690875126 0.090400929 0.204068817 0.332362018 0.920810190 -0.666210691 -0.642049102 0.379389332 12.229936600 2.186273813 20.903392792
0.000000000 0.500000000 0.666666667 0.500000000 0.500000000 0.000000000 0.000000000 0.717286802 -0.689706970 0.099014843 0.193556311 0.333742317 0.922579005 -0.669354613 -0.642588796 0.372886097 12.081815720 2.188348055 21.099384308
0.000000000 0.500000000 0.666666667 0.500000000 0.500000000 0.000000000 0.000000000 0.717059935 -0.688828265 0.106492588 0.184569216 0.334979412 0.923971319 -0.672130385 -0.642887560 0.367336808 11.936803818 2.189880371 21.288391113
0.000000000 0.500000000 0.666666667 0.500000000 0.500000000 0.000000000 0.000000000 0.716673887 -0.688243057 0.112694427 0.177265280 0.336051410 0.925011606 -0.674503936 -0.642954854 0.362840868 11.796149254 2.191280127 21.471364975
0.000000000 0.500000000 0.666666667 0.500000000 0.500000000 0.000000000 0.000000000 0.716181378 -0.687954923 0.117483010 0.171799387 0.336934924 0.925721247 -0.676438618 -0.642800809 0.359496753 11.660069466 2.192616224 21.648456573
0.000000000 0.500000000 0.666666667 0.500000000 0.500000000 0.000000000 0.000000000 0.715628968 -0.688023217 0.120412764 0.168277994 0.337142716 0.926292236 -0.677906850 -0.642618738 0.357048261 11.528570175 2.193826914 21.819650650
0.000000000 0.500000000 0.666666667 0.500000000 0.500000000 0.000000000 0.000000000 0.715050993 -0.688350851 0.121963863 0.166607089 0.337239751 0.926558918 -0.678928682 -0.642216830 0.355827750 11.401637077 2.194982529 21.984970093
0.000000000 0.500000000 0.666666667 0.500000000 0.500000000 0.000000000 0.000000000 0.714470736 -0.688904083 0.122240467 0.166643878 0.337237732 0.926553037 -0.679530268 -0.641624404 0.355748138 11.278257370 2.195692301 22.143623352
0.000000000 0.500000000 0.666666667 0.500000000 0.500000000 0.000000000 0.000000000 0.713904377 -0.689648940 0.121346116 0.168242301 0.337144828 0.926297950 -0.679731615 -0.640872612 0.356717293 11.158915520 2.196146727 22.295986176
0.000000000 0.500000000 0.666666667 0.500000000 0.500000000 0.000000000 0.000000000 0.713361793 -0.690552512 0.119382495 0.171256825 0.336967256 0.925810007 -0.679548418 -0.639992419 0.358641397 11.044190407 2.196572781 22.442508698
0.000000000 0.500000000 0.666666667 0.500000000 0.500000000 0.000000000 0.000000000 0.712849460 -0.691581425 0.116450761 0.175539344 0.336709304 0.925101499 -0.678993068 -0.639016413 0.361422795 10.934072495 2.196970701 22.583185196
0.000000000 0.500000000 0.666666667 0.500000000 0.500000000 0.000000000 0.000000000 0.712370822 -0.692703136 0.112650687 0.180942326 0.336374611 0.924181798 -0.678076461 -0.637976870 0.364962775 10.828562737 2.197341204 22.718011856
0.000000000 0.500000000 0.666666667 0.500000000 0.500000000 0.000000000 0.000000000 0.711927992 -0.693885524 0.108080590 0.187318322 0.335966027 0.923059410 -0.676808969 -0.636906358 0.369161091 10.727654457 2.197685003 22.846986771
0.000000000 0.500000000 0.666666667 0.500000000 0.500000000 0.000000000 0.000000000 0.711523613 -0.695095919 0.102838766 0.194518781 0.335487023 0.921743403 -0.675201150 -0.635838125 0.373916149 10.630733490 2.197734356 22.969614029
0.000000000 0.500000000 0.666666667 0.500000000 0.500000000 0.000000000 0.000000000 0.711161211 -0.696301979 0.097022094 0.202396303 0.334941525 0.920244485 -0.673264784 -0.634805269 0.379126366 10.537523270 2.197374582 23.085678101
0.000000000 0.500000000 0.666666667 0.500000000 0.500000000 0.000000000 0.000000000 0.710846324 -0.697471156 0.090727559 0.210802812 0.334334403 0.918576443 -0.671013918 -0.633841063 0.384689263 10.448979378 2.197021484 23.195936203
0.000000000 0.500000000 0.666666667 0.500000000 0.500000000 0.000000000 0.000000000 0.710587341 -0.698570673 0.084051445 0.219591275 0.333672032 0.916756591 -0.668464885 -0.632978664 0.390503147 10.365096092 2.196676254 23.300380707
0.000000000 0.500000000 0.666666667 0.500000000 0.500000000 0.000000000 0.000000000 0.710395601 -0.699567995 0.077088978 0.228616573 0.332962192 0.914806341 -0.665636953 -0.632250582 0.396467714 10.285870552 2.196339369 23.399011612
0.000000000 0.500000000 0.666666667 0.500000000 0.500000000 0.000000000 0.000000000 0.710286530 -0.700429759 0.069937094 0.237731923 0.332214659 0.912752405 -0.662553075 -0.631689459 0.402482111 10.211297035 2.196012735 23.491821289
0.000000000 0.500000000 0.666666667 0.500000000 0.500000000 0.000000000 0.000000000 0.710279098 -0.701123050 0.062690279 0.246794936 0.331440637 0.910625809 -0.659238851 -0.631326835 0.408448975 10.141370773 2.195697069 23.578807831
0.000000000 0.500000000 0.666666667 0.500000000 0.500000000 0.000000000 0.000000000 0.710396717 -0.701614101 0.055445089 0.255661814 0.330653467 0.908463165 -0.655723678 -0.631194057 0.414271071 10.076090813 2.195394754 23.659967422
0.000000000 0.500000000 0.666666667 0.500000000 0.500000000 0.000000000 0.000000000 0.710666263 -0.701869495 0.048297769 0.264191352 0.329868191 0.906305636 -0.652040177 -0.631320987 0.419854045 10.015304565 2.195038319 23.735176086
0.000000000 0.500000000 0.666666667 0.500000000 0.500000000 0.000000000 0.000000000 0.711118624 -0.701855325 0.041344965 0.272243633 0.329101428 0.904198902 -0.648223501 -0.631736775 0.425105798 9.958052635 2.194179058 23.803640366
0.000000000 0.500000000 0.666666667 0.500000000 0.500000000 0.000000000 0.000000000 0.711787959 -0.701537539 0.034684037 0.279680244 0.328371178 0.902192513 -0.644311154 -0.632469328 0.429936840 9.905536652 2.193387747 23.866352081
0.000000000 0.500000000 0.666666667 0.500000000 0.500000000 0.000000000 0.000000000 0.712711198 -0.700881860 0.028414202 0.286363192 0.327696709 0.900339374 -0.640342775 -0.633545173 0.434259881 9.857750893 2.192666769 23.923309326
0.000000000 0.500000000 0.666666667 0.500000000 0.500000000 0.000000000 0.000000000 0.713922432 -0.699859762 0.022606977 0.292193441 0.327094065 0.898683741 -0.636347197 -0.634984871 0.438014222 9.814692497 2.192018986 23.974508286
0.000000000 0.500000000 0.666666667 0.500000000 0.500000000 0.000000000 0.000000000 0.715437584 -0.698465837 0.017162091 0.297223122 0.326491726 0.897252233 -0.632303313 -0.636826999 0.441184648 9.776363373 2.191434622 24.019941330
0.000000000 0.500000000 0.666666667 0.500000000 0.500000000 0.000000000 0.000000000 0.717263183 -0.696700783 0.011897266 0.301541300 0.325743006 0.896082774 -0.628177022 -0.639139666 0.443727525 9.742760658 2.190895557 24.059604645
0.000000000 0.500000000 0.666666667 0.500000000 0.500000000 0.000000000 0.000000000 0.719402049 -0.694562074 0.006649656 0.305237653 0.324724566 0.895200498 -0.623931621 -0.641979347 0.445614015 9.713884354 2.190386534 24.093488693
0.000000000 0.500000000 0.666666667 0.500000000 0.500000000 0.000000000 0.000000000 0.721853773 -0.692044480 0.001252499 0.308403006 0.323306379 0.894628734 -0.619527818 -0.645404852 0.446808527 9.689734459 2.189891577 24.121583939
0.000000000 0.500000000 0.666666667 0.500000000 0.500000000 0.000000000 0.000000000 0.724614718 -0.689139769 -0.004459814 0.311129619 0.321357600 0.894386747 -0.614924281 -0.649473381 0.447272240 9.670310974 2.189393759 24.143888474
0.000000000 0.500000000 0.666666667 0.500000000 0.500000000 0.000000000 0.000000000 0.727678253 -0.685835942 -0.010649909 0.313509781 0.318746804 0.894489850 -0.610078665 -0.654239662 0.446961393 9.655609131 2.188876867 24.160392761
0.000000000 0.500000000 0.666666667 0.500000000 0.500000000 0.000000000 0.000000000 0.731034918 -0.682116117 -0.017479999 0.315639328 0.315341742 0.894947708 -0.604946082 -0.659755400 0.445828498 9.645630837 2.188324451 24.171089172
0.000000000 0.500000000 0.666666667 0.500000000 0.500000000 0.000000000 0.000000000 0.734672367 -0.677957244 -0.025109515 0.317615277 0.311009227 0.895764365 -0.599480649 -0.666068492 0.443819462 9.640371323 2.187719345 24.175971985
0.000000000 0.500000000 0.666666667 0.500000000 0.500000000 0.000000000 0.000000000 0.738574183 -0.673329568 -0.033696730 0.319539381 0.305615171 0.896935868 -0.593635208 -0.673221108 0.440874789 9.634196281 2.186970472 24.181776047
0.000000000 0.500000000 0.666666667 0.500000000 0.500000000 0.000000000 0.000000000 0.742720784 -0.668193569 -0.043395749 0.321514587 0.299025113 0.898449972 -0.587362075 -0.681249834 0.436926146 9.627101898 2.186060667 24.188495636
0.000000000 0.500000000 0.666666667 0.500000000 0.500000000 0.000000000 0.000000000 0.747087367 -0.662499551 -0.054358173 0.323648746 0.291103793 0.900283328 -0.580613431 -0.690183255 0.431897115 9.619082451 2.184973001 24.196123123
0.000000000 0.500000000 0.666666667 0.500000000 0.500000000 0.000000000 0.000000000 0.751643371 -0.656185272 -0.066731788 0.326054111 0.281715670 0.902399578 -0.573341922 -0.700040834 0.425701621 9.610129356 2.183691025 24.204662323
0.000000000 0.500000000 0.666666667 0.500000000 0.500000000 0.000000000 0.000000000 0.756351797 -0.649173401 -0.080658884 0.328846733 0.270725696 0.904747160 -0.565501358 -0.710831550 0.418242419 9.600232124 2.182196617 24.214111328
0.000000000 0.500000000 0.666666667 0.500000000 0.500000000 0.000000000 0.000000000 0.761167593 -0.641369645 -0.096274991 0.332146959 0.258000032 0.907256513 -0.557047837 -0.722551702 0.409410241 9.589382172 2.180474281 24.224462509
0.000000000 0.500000000 0.666666667 0.500000000 0.500000000 0.000000000 0.000000000 0.766035466 -0.632660935 -0.113709308 0.336081825 0.243406410 0.909836429 -0.547940391 -0.735182604 0.399083784 9.577560425 2.178506613 24.235729218
0.000000000 0.500000000 0.666666667 0.500000000 0.500000000 0.000000000 0.000000000 0.770889360 -0.622912075 -0.133079455 0.340781557 0.226816847 0.912371661 -0.538142663 -0.748688630 0.387127641 9.564753532 2.176278591 24.247909546
0.000000000 0.500000000 0.666666667 0.500000000 0.500000000 0.000000000 0.000000000 0.775649750 -0.611964292 -0.154490034 0.346380908 0.208109022 0.914719029 -0.527624613 -0.763013985 0.373392458 9.550941467 2.173773766 24.261013031
0.000000000 0.500000000 0.666666667 0.500000000 0.500000000 0.000000000 0.000000000 0.780221931 -0.599632403 -0.178030110 0.353019053 0.187168618 0.916703582 -0.516363522 -0.778080259 0.357714723 9.536100388 2.170979023 24.275043488
0.000000000 0.500000000 0.666666667 0.500000000 0.500000000 0.000000000 0.000000000 0.784493432 -0.585703494 -0.203768184 0.360838525 0.163893328 0.918114664 -0.504346720 -0.793782335 0.339917624 9.520203590 2.167880773 24.290023804
0.000000000 0.500000000 0.666666667 0.500000000 0.500000000 0.000000000 0.000000000 0.788322479 -0.569986646 -0.231652526 0.369947887 0.138280672 0.918703987 -0.491615938 -0.809934367 0.319875117 9.503227234 2.164479017 24.305971146
0.000000000 0.500000000 0.666666667 0.500000000 0.500000000 0.000000000 0.000000000 0.791522653 -0.552493193 -0.261233922 0.380304882 0.110682245 0.918214374 -0.478393234 -0.826136013 0.297723363 9.485172272 2.160817146 24.322937012
0.000000000 0.500000000 0.666666667 0.500000000 0.500000000 0.000000000 0.000000000 0.793917560 -0.533333729 -0.291976096 0.391810462 0.081545557 0.916425056 -0.464951039 -0.841965234 0.273706185 9.466053963 2.156952381 24.340970993
0.000000000 0.500000000 0.666666667 0.500000000 0.500000000 0.000000000 0.000000000 0.795360670 -0.512678454 -0.323360802 0.404339333 0.051324405 0.913167843 -0.451565177 -0.857045278 0.248117477 9.445892334 2.152940035 24.360126495
0.000000000 0.500000000 0.666666667 0.500000000 0.500000000 0.000000000 0.000000000 0.795740115 -0.490761525 -0.354895470 0.417739035 0.020472763 0.908336372 -0.438510852 -0.871053380 0.221301245 9.424716950 2.148837805 24.380439758
0.000000000 0.500000000 0.666666667 0.500000000 0.500000000 0.000000000 0.000000000 0.794980350 -0.467881662 -0.386125618 0.431835575 -0.010562985 0.901890492 -0.426056662 -0.883727997 0.193650581 9.402332306 2.144583464 24.401741028
0.000000000 0.500000000 0.666666667 0.500000000 0.500000000 0.000000000 0.000000000 0.793045169 -0.444400046 -0.416638882 0.446432328 -0.041351093 0.893861434 -0.414460536 -0.894873559 0.165601263 9.378562927 2.140121698 24.423862457
0.000000000 0.500000000 0.666666667 0.500000000 0.500000000 0.000000000 0.000000000 0.789936805 -0.420734349 -0.446074491 0.461316710 -0.071483256 0.884351195 -0.403963782 -0.904363175 0.137624531 9.353886604 2.135714769 24.447191238
0.000000000 0.500000000 0.666666667 0.500000000 0.500000000 0.000000000 0.000000000 0.785693880 -0.397353130 -0.474126161 0.476264039 -0.100580735 0.873530813 -0.394788160 -0.912137054 0.110219338 9.328360558 2.131411791 24.471733093
0.000000000 0.500000000 0.666666667 0.500000000 0.500000000 0.000000000 0.000000000 0.780387204 -0.374765857 -0.500546066 0.491044762 -0.128300651 0.861634485 -0.387131572 -0.918199050 0.083902625 9.302047729 2.127254486 24.497489929
0.000000000 0.500000000 0.666666667 0.500000000 0.500000000 0.000000000 0.000000000 0.774115324 -0.353516375 -0.525139637 0.505427552 -0.154336071 0.848954278 -0.381167227 -0.922608557 0.059202998 9.275017738 2.123282433 24.524452209
0.000000000 0.500000000 0.666666667 0.500000000 0.500000000 0.000000000 0.000000000 0.766996282 -0.334170741 -0.547765113 0.519187582 -0.178420937 0.835829064 -0.377042383 -0.925470629 0.036649104 9.247341156 2.119527578 24.552604675
0.000000000 0.500000000 0.666666667 0.500000000 0.500000000 0.000000000 0.000000000 0.759161213 -0.317310545 -0.568320570 0.532108197 -0.200325193 0.822636422 -0.374880140 -0.926921698 0.016764425 9.219089508 2.116019487 24.581933975
0.000000000 0.500000000 0.666666667 0.500000000 0.500000000 0.000000000 0.000000000 0.750743472 -0.303523445 -0.586734828 0.543988462 -0.219850666 0.809779129 -0.374780994 -0.927113371 0.000061800 9.190337181 2.112782240 24.612421036
0.000000000 0.500000000 0.666666667 0.500000000 0.500000000 0.000000000 0.000000000 0.741869213 -0.293396614 -0.602949830 0.554645231 -0.236823024 0.797673820 -0.376827199 -0.926192897 -0.012960678 9.161156654 2.109838486 24.644044876
0.000000000 0.500000000 0.666666667 0.500000000 0.500000000 0.000000000 0.000000000 0.732646395 -0.287508302 -0.616902129 0.563917374 -0.251080982 0.786737272 -0.381085890 -0.924282055 -0.021822650 9.131621361 2.107208014 24.676792145
0.000000000 0.500000000 0.666666667 0.500000000 0.500000000 0.000000000 0.000000000 0.723153462 -0.286421817 -0.628499493 0.571667376 -0.262463983 0.777373185 -0.387615120 -0.921452766 -0.026063730 9.101799965 2.104910612 24.710649490
0.000000000 0.500000000 0.666666667 0.500000000 0.500000000 0.000000000 0.000000000 0.713428003 -0.290678617 -0.637594249 0.577783133 -0.270795757 0.769958642 -0.396468330 -0.917701258 -0.025244074 9.078057289 2.103153706 24.738521576
0.000000000 0.500000000 0.666666667 0.500000000 0.500000000 0.000000000 0.000000000 0.703452783 -0.300785539 -0.643958261 0.582182808 -0.275870458 0.764825907 -0.407697633 -0.912920341 -0.018949671 9.060452461 2.101963520 24.760419846
0.000000000 0.500000000 0.666666667 0.500000000 0.500000000 0.000000000 0.000000000 0.693144627 -0.317203073 -0.647250134 0.584814990 -0.277435349 0.762247371 -0.421357275 -0.906869251 -0.006797709 9.049043655 2.101371527 24.776367188
0.000000000 0.500000000 0.666666667 0.500000000 0.500000000 0.000000000 0.000000000 0.682357408 -0.340127901 -0.647071386 0.585702927 -0.275286647 0.762344636 -0.437424793 -0.899183114 0.011370025 9.043858528 2.101402760 24.786417007
0.000000000 0.500000000 0.666666667 0.500000000 0.500000000 0.000000000 0.000000000 0.670949406 -0.368890832 -0.643231256 0.585046857 -0.269604439 0.764874906 -0.455573342 -0.889512788 0.034927484 9.044809341 2.102035284 24.790609360
0.000000000 0.500000000 0.666666667 0.500000000 0.500000000 0.000000000 0.000000000 0.658780197 -0.402560909 -0.635573259 0.583089342 -0.260638453 0.769463720 -0.475410846 -0.877503454 0.063025524 9.045138359 2.103041410 24.796487808
0.000000000 0.500000000 0.666666667 0.500000000 0.500000000 0.000000000 0.000000000 0.645721291 -0.440155156 -0.623945072 0.580065397 -0.248624594 0.775699650 -0.496556291 -0.862814725 0.094776582 9.044722557 2.104392290 24.804101944
0.000000000 0.500000000 0.666666667 0.500000000 0.500000000 0.000000000 0.000000000 0.631672019 -0.480655053 -0.608244343 0.576199606 -0.233804846 0.783153439 -0.518637133 -0.845166264 0.129265273 9.043433189 2.106058359 24.813476562
0.000000000 0.500000000 0.666666667 0.500000000 0.500000000 0.000000000 0.000000000 0.616576429 -0.523026513 -0.588452865 0.571697442 -0.216444739 0.791399842 -0.541290626 -0.824375486 0.165558196 9.041141510 2.108004332 24.824638367
0.000000000 0.500000000 0.666666667 0.500000000 0.500000000 0.000000000 0.000000000 0.600432890 -0.566243108 -0.564667236 0.566742004 -0.196846032 0.800034462 -0.564166505 -0.800387645 0.202720921 9.037719727 2.110194683 24.837596893
0.000000000 0.500000000 0.666666667 0.500000000 0.500000000 0.000000000 0.000000000 0.583300947 -0.609317896 -0.537114240 0.561486928 -0.175351271 0.808692996 -0.586934780 -0.773294015 0.239841471 9.033043861 2.112584829 24.852338791
0.000000000 0.500000000 0.666666667 0.500000000 0.500000000 0.000000000 0.000000000 0.565305267 -0.651329316 -0.506162107 0.556053252 -0.152346235 0.817065117 -0.609290355 -0.743344299 0.276051655 9.026999474 2.115127802 24.868835449
0.000000000 0.500000000 0.666666667 0.500000000 0.500000000 0.000000000 0.000000000 0.546633854 -0.691452120 -0.472319167 0.550523816 -0.128258910 0.824907982 -0.630963515 -0.710945580 0.310550198 9.019482613 2.117769480 24.887031555
0.000000000 0.500000000 0.666666667 0.500000000 0.500000000 0.000000000 0.000000000 0.527536357 -0.728981404 -0.436224144 0.544941859 -0.103549843 0.832055167 -0.651723686 -0.676656148 0.342626174 9.010406494 2.120452166 24.906856537
0.000000000 0.500000000 0.666666667 0.500000000 0.500000000 0.000000000 0.000000000 0.508317203 -0.763353491 -0.398628987 0.539308407 -0.078704947 0.838422312 -0.671386672 -0.641168448 0.371675877 8.999698639 2.123115778 24.928226471
