0.000000000 0.384615385 0.666666667 0.384615385 0.500000000 0.000000000 0.000000000 -0.230866262 0.000000000 0.972985493 3.703107595 -0.972985493 0.000000000 -0.230866262 -0.219715118 0.000000000 1.000000000 0.000000000 6.283816814
0.000000000 0.384615385 0.666666667 0.384615385 0.500000000 0.000000000 0.000000000 -0.175844209 0.000000000 0.984418008 3.563734293 -0.984418008 0.000000000 -0.175844209 -0.231401056 0.000000000 1.000000000 0.000000000 6.310294151
0.000000000 0.384615385 0.666666667 0.384615385 0.500000000 0.000000000 0.000000000 -0.162473313 0.000000000 0.986712938 3.431406498 -0.986712938 0.000000000 -0.162473313 -0.238148645 0.000000000 1.000000000 0.000000000 6.341722488
0.000000000 0.384615385 0.666666667 0.384615385 0.500000000 0.000000000 0.000000000 -0.130281789 0.000000000 0.991477007 3.293957472 -0.991477007 0.000000000 -0.130281789 -0.238183901 0.000000000 1.000000000 0.000000000 6.361372471
0.000000000 0.384615385 0.666666667 0.384615385 0.500000000 0.000000000 0.000000000 -0.079476369 0.000000000 0.996836750 3.151970387 -0.996836750 0.000000000 -0.079476369 -0.241484672 0.000000000 1.000000000 0.000000000 6.379060745
0.000000000 0.384615385 0.666666667 0.384615385 0.500000000 0.000000000 0.000000000 -0.012581695 0.000000000 0.999920847 3.032494783 -0.999920847 0.000000000 -0.012581695 -0.238310084 0.000000000 1.000000000 0.000000000 6.387069702
0.000000000 0.384615385 0.666666667 0.384615385 0.500000000 0.000000000 0.000000000 0.077306187 0.000000000 0.997007399 2.906220913 -0.997007399 0.000000000 0.077306187 -0.244353637 0.000000000 1.000000000 0.000000000 6.399141312
0.000000000 0.384615385 0.666666667 0.384615385 0.500000000 0.000000000 0.000000000 0.149773606 0.000000000 0.988720318 2.782724142 -0.988720318 0.000000000 0.149773606 -0.246610567 0.000000000 1.000000000 0.000000000 6.405208111
0.000000000 0.384615385 0.666666667 0.384615385 0.500000000 0.000000000 0.000000000 0.203837956 0.000000000 0.979004641 2.659431696 -0.979004641 0.000000000 0.203837956 -0.245656118 0.000000000 1.000000000 0.000000000 6.408881187
0.000000000 0.384615385 0.666666667 0.384615385 0.500000000 0.000000000 0.000000000 0.246658054 0.000000000 0.969102577 2.550818920 -0.969102577 0.000000000 0.246658054 -0.245087281 0.000000000 1.000000000 0.000000000 6.424023151
0.000000000 0.384615385 0.666666667 0.384615385 0.500000000 0.000000000 0.000000000 0.291799450 0.000000000 0.956479525 2.446509361 -0.956479525 0.000000000 0.291799450 -0.248565972 0.000000000 1.000000000 0.000000000 6.433977127
0.000000000 0.384615385 0.666666667 0.384615385 0.500000000 0.000000000 0.000000000 0.356814236 0.000000000 0.934175359 2.342409611 -0.934175359 0.000000000 0.356814236 -0.244077444 0.000000000 1.000000000 0.000000000 6.447776794
0.000000000 0.384615385 0.666666667 0.384615385 0.500000000 0.000000000 0.000000000 0.429172533 0.000000000 0.903222529 2.237668991 -0.903222529 0.000000000 0.429172533 -0.248860627 0.000000000 1.000000000 0.000000000 6.471651554
0.000000000 0.384615385 0.666666667 0.384615385 0.500000000 0.000000000 0.000000000 0.510835400 0.000000000 0.859678541 2.147550106 -0.859678541 0.000000000 0.510835400 -0.246194303 0.000000000 1.000000000 0.000000000 6.483363628
0.000000000 0.384615385 0.666666667 0.384615385 0.500000000 0.000000000 0.000000000 0.591419487 0.000000000 0.806364056 2.060909748 -0.806364056 0.000000000 0.591419487 -0.248943478 0.000000000 1.000000000 0.000000000 6.500510693
0.000000000 0.384615385 0.666666667 0.384615385 0.500000000 0.000000000 0.000000000 0.663455327 0.000000000 0.748215897 1.964559555 -0.748215897 0.000000000 0.663455327 -0.247856900 0.000000000 1.000000000 0.000000000 6.530527115
0.000000000 0.384615385 0.666666667 0.384615385 0.500000000 0.000000000 0.000000000 0.676265969 0.000000000 0.736657545 1.855646610 -0.736657545 0.000000000 0.676265969 -0.250184774 0.000000000 1.000000000 0.000000000 6.559784412
0.000000000 0.384615385 0.666666667 0.384615385 0.500000000 0.000000000 0.000000000 0.716916616 0.000000000 0.697158924 1.746671081 -0.697158924 0.000000000 0.716916616 -0.249249727 0.000000000 1.000000000 0.000000000 6.594831944
0.000000000 0.384615385 0.666666667 0.384615385 0.500000000 0.000000000 0.000000000 0.766560938 0.000000000 0.642171573 1.641811490 -0.642171573 0.000000000 0.766560938 -0.246177360 0.000000000 1.000000000 0.000000000 6.629575729
0.000000000 0.384615385 0.666666667 0.384615385 0.500000000 0.000000000 0.000000000 0.824321279 0.000000000 0.566122273 1.526725292 -0.566122273 0.000000000 0.824321279 -0.245974272 0.000000000 1.000000000 0.000000000 6.663348675
0.000000000 0.384615385 0.666666667 0.384615385 0.500000000 0.000000000 0.000000000 0.866896748 0.000000000 0.498487741 1.420470357 -0.498487741 0.000000000 0.866896748 -0.246680140 0.000000000 1.000000000 0.000000000 6.708716393
0.000000000 0.384615385 0.666666667 0.384615385 0.500000000 0.000000000 0.000000000 0.894566653 0.000000000 0.446934562 1.311517954 -0.446934562 0.000000000 0.894566653 -0.249369800 0.000000000 1.000000000 0.000000000 6.747728825
0.000000000 0.384615385 0.666666667 0.384615385 0.500000000 0.000000000 0.000000000 0.904875969 0.000000000 0.425675323 1.208287597 -0.425675323 0.000000000 0.904875969 -0.244965822 0.000000000 1.000000000 0.000000000 6.783559799
0.000000000 0.384615385 0.666666667 0.384615385 0.500000000 0.000000000 0.000000000 0.914687476 0.000000000 0.404161874 1.094052434 -0.404161874 0.000000000 0.914687476 -0.249162138 0.000000000 1.000000000 0.000000000 6.819150925
0.000000000 0.384615385 0.666666667 0.384615385 0.500000000 0.000000000 0.000000000 0.939121678 0.000000000 0.343584741 0.986454427 -0.343584741 0.000000000 0.939121678 -0.247842714 0.000000000 1.000000000 0.000000000 6.860326290
0.000000000 0.384615385 0.666666667 0.384615385 0.500000000 0.000000000 0.000000000 0.947241429 0.000000000 0.320520943 0.877534747 -0.320520943 0.000000000 0.947241429 -0.249850452 0.000000000 1.000000000 0.000000000 6.888826370
0.000000000 0.384615385 0.666666667 0.384615385 0.500000000 0.000000000 0.000000000 0.967817343 0.000000000 0.251653710 0.768271327 -0.251653710 0.000000000 0.967817343 -0.251014411 0.000000000 1.000000000 0.000000000 6.920231342
0.000000000 0.384615385 0.666666667 0.384615385 0.500000000 0.000000000 0.000000000 0.977009632 0.000000000 0.213195167 0.651921809 -0.213195167 0.000000000 0.977009632 -0.247179717 0.000000000 1.000000000 0.000000000 6.944467545
0.000000000 0.384615385 0.666666667 0.384615385 0.500000000 0.000000000 0.000000000 0.984474099 0.000000000 0.175529907 0.553282619 -0.175529907 0.000000000 0.984474099 -0.251103818 0.000000000 1.000000000 0.000000000 6.957192421
0.000000000 0.384615385 0.666666667 0.384615385 0.500000000 0.000000000 0.000000000 0.990891235 0.000000000 0.134664622 0.453407586 -0.134664622 0.000000000 0.990891235 -0.245371997 0.000000000 1.000000000 0.000000000 6.974025249
0.000000000 0.384615385 0.666666667 0.384615385 0.500000000 0.000000000 0.000000000 0.995814580 0.000000000 0.091396511 0.351367176 -0.091396511 0.000000000 0.995814580 -0.245577991 0.000000000 1.000000000 0.000000000 6.981975079
0.000000000 0.384615385 0.666666667 0.384615385 0.500000000 0.000000000 0.000000000 0.998914094 0.000000000 0.046590043 0.251048058 -0.046590043 0.000000000 0.998914094 -0.246937245 0.000000000 1.000000000 0.000000000 6.991458416
0.000000000 0.384615385 0.666666667 0.384615385 0.500000000 0.000000000 0.000000000 0.999984563 0.000000000 -0.005556366 0.148851618 0.005556366 0.000000000 0.999984563 -0.248474881 0.000000000 1.000000000 0.000000000 6.986664772
0.000000000 0.384615385 0.666666667 0.384615385 0.500000000 0.000000000 0.000000000 0.999498840 0.000000000 -0.031655479 0.047776487 0.031655479 0.000000000 0.999498840 -0.251929611 0.000000000 1.000000000 0.000000000 6.981782913
0.000000000 0.384615385 0.666666667 0.384615385 0.500000000 0.000000000 0.000000000 0.995754480 0.000000000 -0.092048981 -0.072589569 0.092048981 0.000000000 0.995754480 -0.247285768 0.000000000 1.000000000 0.000000000 6.969973564
0.000000000 0.384615385 0.666666667 0.384615385 0.500000000 0.000000000 0.000000000 0.990063385 0.000000000 -0.140621812 -0.185689077 0.140621812 0.000000000 0.990063385 -0.246674195 0.000000000 1.000000000 0.000000000 6.953708172
0.000000000 0.384615385 0.666666667 0.384615385 0.500000000 0.000000000 0.000000000 0.987364621 0.000000000 -0.158464841 -0.304848105 0.158464841 0.000000000 0.987364621 -0.248935387 0.000000000 1.000000000 0.000000000 6.935259819
0.000000000 0.384615385 0.666666667 0.384615385 0.500000000 0.000000000 0.000000000 0.973274413 0.000000000 -0.229645200 -0.419879138 0.229645200 0.000000000 0.973274413 -0.250041038 0.000000000 1.000000000 0.000000000 6.907028198
0.000000000 0.384615385 0.666666667 0.384615385 0.500000000 0.000000000 0.000000000 0.962748301 0.000000000 -0.270399167 -0.529599786 0.270399167 0.000000000 0.962748301 -0.250882864 0.000000000 1.000000000 0.000000000 6.871793270
0.000000000 0.384615385 0.666666667 0.384615385 0.500000000 0.000000000 0.000000000 0.957888548 0.000000000 -0.287140260 -0.642209291 0.287140260 0.000000000 0.957888548 -0.246634975 0.000000000 1.000000000 0.000000000 6.841935158
0.000000000 0.384615385 0.666666667 0.384615385 0.500000000 0.000000000 0.000000000 0.956281847 0.000000000 -0.292446625 -0.734944046 0.292446625 0.000000000 0.956281847 -0.247624055 0.000000000 1.000000000 0.000000000 6.809176445
0.000000000 0.384615385 0.666666667 0.384615385 0.500000000 0.000000000 0.000000000 0.929061975 0.000000000 -0.369924109 -0.823712051 0.369924109 0.000000000 0.929061975 -0.249624178 0.000000000 1.000000000 0.000000000 6.767939091
0.000000000 0.384615385 0.666666667 0.384615385 0.500000000 0.000000000 0.000000000 0.917372863 0.000000000 -0.398028932 -0.907586873 0.398028932 0.000000000 0.917372863 -0.248737484 0.000000000 1.000000000 0.000000000 6.733052254
0.000000000 0.384615385 0.666666667 0.384615385 0.500000000 0.000000000 0.000000000 0.912836522 0.000000000 -0.408325217 -0.993529439 0.408325217 0.000000000 0.912836522 -0.249597162 0.000000000 1.000000000 0.000000000 6.691994667
0.000000000 0.384615385 0.666666667 0.384615385 0.500000000 0.000000000 0.000000000 0.895069529 0.000000000 -0.445926606 -1.066308737 0.445926606 0.000000000 0.895069529 -0.249165639 0.000000000 1.000000000 0.000000000 6.656097412
0.000000000 0.384615385 0.666666667 0.384615385 0.500000000 0.000000000 0.000000000 0.884738045 0.000000000 -0.466088609 -1.135678887 0.466088609 0.000000000 0.884738045 -0.247831270 0.000000000 1.000000000 0.000000000 6.620841980
0.000000000 0.384615385 0.666666667 0.384615385 0.500000000 0.000000000 0.000000000 0.876367057 0.000000000 -0.481643832 -1.202032566 0.481643832 0.000000000 0.876367057 -0.246941522 0.000000000 1.000000000 0.000000000 6.584265709
0.000000000 0.384615385 0.666666667 0.384615385 0.500000000 0.000000000 0.000000000 0.869081464 0.000000000 -0.494668990 -1.268716574 0.494668990 0.000000000 0.869081464 -0.248719484 0.000000000 1.000000000 0.000000000 6.547163963
0.000000000 0.384615385 0.666666667 0.384615385 0.500000000 0.000000000 0.000000000 0.857549468 0.000000000 -0.514401507 -1.332041025 0.514401507 0.000000000 0.857549468 -0.250628203 0.000000000 1.000000000 0.000000000 6.507752419
0.000000000 0.384615385 0.666666667 0.384615385 0.500000000 0.000000000 0.000000000 0.847282606 0.000000000 -0.531142340 -1.393307209 0.531142340 0.000000000 0.847282606 -0.247982174 0.000000000 1.000000000 0.000000000 6.467374802
0.000000000 0.384615385 0.666666667 0.384615385 0.500000000 0.000000000 0.000000000 0.839247354 0.000000000 -0.543749831 -1.461780787 0.543749831 0.000000000 0.839247354 -0.249312133 0.000000000 1.000000000 0.000000000 6.424204350
0.000000000 0.384615385 0.666666667 0.384615385 0.500000000 0.000000000 0.000000000 0.829700598 0.000000000 -0.558208669 -1.506212711 0.558208669 0.000000000 0.829700598 -0.249618679 0.000000000 1.000000000 0.000000000 6.394033909
0.000000000 0.384615385 0.666666667 0.384615385 0.500000000 0.000000000 0.000000000 0.823929731 0.000000000 -0.566691979 -1.566364765 0.566691979 0.000000000 0.823929731 -0.248040155 0.000000000 1.000000000 0.000000000 6.354581356
0.000000000 0.384615385 0.666666667 0.384615385 0.500000000 0.000000000 0.000000000 0.816567124 0.000000000 -0.577250493 -1.613637924 0.577250493 0.000000000 0.816567124 -0.249674678 0.000000000 1.000000000 0.000000000 6.319032669
0.000000000 0.384615385 0.666666667 0.384615385 0.500000000 0.000000000 0.000000000 0.809614534 0.000000000 -0.586961929 -1.660093784 0.586961929 0.000000000 0.809614534 -0.250050515 0.000000000 1.000000000 0.000000000 6.286751747
0.000000000 0.384615385 0.666666667 0.384615385 0.500000000 0.000000000 0.000000000 0.804574192 0.000000000 -0.593852145 -1.707983017 0.593852145 0.000000000 0.804574192 -0.247254178 0.000000000 1.000000000 0.000000000 6.249505997
0.000000000 0.384615385 0.666666667 0.384615385 0.500000000 0.000000000 0.000000000 0.798052712 0.000000000 -0.602587644 -1.771915078 0.602587644 0.000000000 0.798052712 -0.248013601 0.000000000 1.000000000 0.000000000 6.203178406
0.000000000 0.384615385 0.666666667 0.384615385 0.500000000 0.000000000 0.000000000 0.791625143 0.000000000 -0.611007064 -1.833789945 0.611007064 0.000000000 0.791625143 -0.250696719 0.000000000 1.000000000 0.000000000 6.156764984
0.000000000 0.384615385 0.666666667 0.384615385 0.500000000 0.000000000 0.000000000 0.784099283 0.000000000 -0.620635412 -1.898184657 0.620635412 0.000000000 0.784099283 -0.248690024 0.000000000 1.000000000 0.000000000 6.106431961
0.000000000 0.384615385 0.666666667 0.384615385 0.500000000 0.000000000 0.000000000 0.778655102 0.000000000 -0.627452175 -1.958408356 0.627452175 0.000000000 0.778655102 -0.244961232 0.000000000 1.000000000 0.000000000 6.054714680
0.000000000 0.384615385 0.666666667 0.384615385 0.500000000 0.000000000 0.000000000 0.772069572 0.000000000 -0.635538021 -2.022865534 0.635538021 0.000000000 0.772069572 -0.252301782 0.000000000 1.000000000 0.000000000 6.003945351
0.000000000 0.384615385 0.666666667 0.384615385 0.500000000 0.000000000 0.000000000 0.764630976 0.000000000 -0.644468363 -2.083801508 0.644468363 0.000000000 0.764630976 -0.249563903 0.000000000 1.000000000 0.000000000 5.952867985
0.000000000 0.384615385 0.666666667 0.384615385 0.500000000 0.000000000 0.000000000 0.758357529 0.000000000 -0.651838829 -2.142659664 0.651838829 0.000000000 0.758357529 -0.248138875 0.000000000 1.000000000 0.000000000 5.899204731
0.000000000 0.384615385 0.666666667 0.384615385 0.500000000 0.000000000 0.000000000 0.757604594 0.000000000 -0.652713781 -2.202742100 0.652713781 0.000000000 0.757604594 -0.248370811 0.000000000 1.000000000 0.000000000 5.850317478
0.000000000 0.384615385 0.666666667 0.384615385 0.500000000 0.000000000 0.000000000 0.753751295 0.000000000 -0.657159787 -2.264254808 0.657159787 0.000000000 0.753751295 -0.247049406 0.000000000 1.000000000 0.000000000 5.793981075
0.000000000 0.384615385 0.666666667 0.384615385 0.500000000 0.000000000 0.000000000 0.735301899 0.000000000 -0.677739712 -2.313125134 0.677739712 0.000000000 0.735301899 -0.245935366 0.000000000 1.000000000 0.000000000 5.750678539
0.000000000 0.384615385 0.666666667 0.384615385 0.500000000 0.000000000 0.000000000 0.731117149 0.000000000 -0.682251943 -2.353681803 0.682251943 0.000000000 0.731117149 -0.248345479 0.000000000 1.000000000 0.000000000 5.714000702
0.000000000 0.384615385 0.666666667 0.384615385 0.500000000 0.000000000 0.000000000 0.735631789 0.000000000 -0.677381629 -2.402941227 0.677381629 0.000000000 0.735631789 -0.247046649 0.000000000 1.000000000 0.000000000 5.709020138
0.000000000 0.384615385 0.666666667 0.384615385 0.500000000 0.000000000 0.000000000 0.746575002 0.000000000 -0.665301260 -2.452609301 0.665301260 0.000000000 0.746575002 -0.247756347 0.000000000 1.000000000 0.000000000 5.710523129
0.000000000 0.384615385 0.666666667 0.384615385 0.500000000 0.000000000 0.000000000 0.792986455 0.000000000 -0.609239266 -2.500257254 0.609239266 0.000000000 0.792986455 -0.248819426 0.000000000 1.000000000 0.000000000 5.724418640
0.000000000 0.384615385 0.666666667 0.384615385 0.500000000 0.000000000 0.000000000 0.842794470 0.000000000 -0.538235526 -2.549748182 0.538235526 0.000000000 0.842794470 -0.249412224 0.000000000 1.000000000 0.000000000 5.741866112
0.000000000 0.384615385 0.666666667 0.384615385 0.500000000 0.000000000 0.000000000 0.850731530 0.000000000 -0.525600479 -2.596065521 0.525600479 0.000000000 0.850731530 -0.247596130 0.000000000 1.000000000 0.000000000 5.759919167
0.000000000 0.384615385 0.666666667 0.384615385 0.500000000 0.000000000 0.000000000 0.889064978 0.000000000 -0.457781023 -2.640573978 0.457781023 0.000000000 0.889064978 -0.248346403 0.000000000 1.000000000 0.000000000 5.783619881
0.000000000 0.384615385 0.666666667 0.384615385 0.500000000 0.000000000 0.000000000 0.914385113 0.000000000 -0.404845484 -2.685009956 0.404845484 0.000000000 0.914385113 -0.248182982 0.000000000 1.000000000 0.000000000 5.809211731
0.000000000 0.384615385 0.666666667 0.384615385 0.500000000 0.000000000 0.000000000 0.915355207 0.000000000 -0.402647295 -2.727067471 0.402647295 0.000000000 0.915355207 -0.248363942 0.000000000 1.000000000 0.000000000 5.833862782
0.000000000 0.384615385 0.666666667 0.384615385 0.500000000 0.000000000 0.000000000 0.933547620 0.000000000 -0.358453401 -2.767872810 0.358453401 0.000000000 0.933547620 -0.249202564 0.000000000 1.000000000 0.000000000 5.862985611
0.000000000 0.384615385 0.666666667 0.384615385 0.500000000 0.000000000 0.000000000 0.957347413 0.000000000 -0.288939322 -2.806320429 0.288939322 0.000000000 0.957347413 -0.249196932 0.000000000 1.000000000 0.000000000 5.892929554
0.000000000 0.384615385 0.666666667 0.384615385 0.500000000 0.000000000 0.000000000 0.973229005 0.000000000 -0.229837558 -2.846603870 0.229837558 0.000000000 0.973229005 -0.248404682 0.000000000 1.000000000 0.000000000 5.923552513
0.000000000 0.384615385 0.666666667 0.384615385 0.500000000 0.000000000 0.000000000 0.973341760 0.000000000 -0.229359582 -2.884858608 0.229359582 0.000000000 0.973341760 -0.248662263 0.000000000 1.000000000 0.000000000 5.954247952
0.000000000 0.384615385 0.666666667 0.384615385 0.500000000 0.000000000 0.000000000 0.983044694 0.000000000 -0.183366110 -2.924933195 0.183366110 0.000000000 0.983044694 -0.247524709 0.000000000 1.000000000 0.000000000 5.987489700
0.000000000 0.384615385 0.666666667 0.384615385 0.500000000 0.000000000 0.000000000 0.992190054 0.000000000 -0.124735304 -2.960510731 0.124735304 0.000000000 0.992190054 -0.249254748 0.000000000 1.000000000 0.000000000 6.019085407