0.000000000 0.384615385 0.666666667 0.384615385 0.500000000 0.000000000 0.000000000 0.036803497 0.000000000 -0.999322522 6.953289509 0.999322522 0.000000000 0.036803497 0.357047707 0.000000000 1.000000000 0.000000000 -26.921234131
0.000000000 0.384615385 0.666666667 0.384615385 0.500000000 0.000000000 0.000000000 0.053204534 0.000000000 -0.998583636 6.908177376 0.998583636 0.000000000 0.053204534 0.355350643 0.000000000 1.000000000 0.000000000 -26.841268539
0.000000000 0.384615385 0.666666667 0.384615385 0.500000000 0.000000000 0.000000000 0.106649739 0.000000000 -0.994296652 6.864502907 0.994296652 0.000000000 0.106649739 0.355783224 0.000000000 1.000000000 0.000000000 -26.760526657
0.000000000 0.384615385 0.666666667 0.384615385 0.500000000 0.000000000 0.000000000 0.180286953 0.000000000 -0.983614058 6.822437763 0.983614058 0.000000000 0.180286953 0.356836379 0.000000000 1.000000000 0.000000000 -26.679010391
0.000000000 0.384615385 0.666666667 0.384615385 0.500000000 0.000000000 0.000000000 0.234694914 0.000000000 -0.972069081 6.781677723 0.972069081 0.000000000 0.234694914 0.358608246 0.000000000 1.000000000 0.000000000 -26.596916199
0.000000000 0.384615385 0.666666667 0.384615385 0.500000000 0.000000000 0.000000000 0.254241362 0.000000000 -0.967140801 6.734033585 0.967140801 0.000000000 0.254241362 0.360340267 0.000000000 1.000000000 0.000000000 -26.495676041
0.000000000 0.384615385 0.666666667 0.384615385 0.500000000 0.000000000 0.000000000 0.286442809 0.000000000 -0.958097342 6.688309669 0.958097342 0.000000000 0.286442809 0.361839890 0.000000000 1.000000000 0.000000000 -26.393772125
0.000000000 0.384615385 0.666666667 0.384615385 0.500000000 0.000000000 0.000000000 0.311286020 0.000000000 -0.950316270 6.644008636 0.950316270 0.000000000 0.311286020 0.363350362 0.000000000 1.000000000 0.000000000 -26.291088104
0.000000000 0.384615385 0.666666667 0.384615385 0.500000000 0.000000000 0.000000000 0.338275640 0.000000000 -0.941047072 6.601675034 0.941047072 0.000000000 0.338275640 0.364836127 0.000000000 1.000000000 0.000000000 -26.187753677
0.000000000 0.384615385 0.666666667 0.384615385 0.500000000 0.000000000 0.000000000 0.394405170 0.000000000 -0.918936647 6.560549736 0.918936647 0.000000000 0.394405170 0.365642995 0.000000000 1.000000000 0.000000000 -26.083909988
0.000000000 0.384615385 0.666666667 0.384615385 0.500000000 0.000000000 0.000000000 0.440899935 0.000000000 -0.897556264 6.520988464 0.897556264 0.000000000 0.440899935 0.366184831 0.000000000 1.000000000 0.000000000 -25.979188919
0.000000000 0.384615385 0.666666667 0.384615385 0.500000000 0.000000000 0.000000000 0.457413113 0.000000000 -0.889254319 6.489294052 0.889254319 0.000000000 0.457413113 0.366712034 0.000000000 1.000000000 0.000000000 -25.893154144
0.000000000 0.384615385 0.666666667 0.384615385 0.500000000 0.000000000 0.000000000 0.527409147 0.000000000 -0.849611436 6.458658218 0.849611436 0.000000000 0.527409147 0.367620230 0.000000000 1.000000000 0.000000000 -25.806667328
0.000000000 0.384615385 0.666666667 0.384615385 0.500000000 0.000000000 0.000000000 0.599576002 0.000000000 -0.800317823 6.428582668 0.800317823 0.000000000 0.599576002 0.367324829 0.000000000 1.000000000 0.000000000 -25.719858170
0.000000000 0.384615385 0.666666667 0.384615385 0.500000000 0.000000000 0.000000000 0.644211274 0.000000000 -0.764847589 6.405745506 0.764847589 0.000000000 0.644211274 0.365317971 0.000000000 1.000000000 0.000000000 -25.651935577
0.000000000 0.384615385 0.666666667 0.384615385 0.500000000 0.000000000 0.000000000 0.705610730 0.000000000 -0.708599674 6.383200169 0.708599674 0.000000000 0.705610730 0.361823112 0.000000000 1.000000000 0.000000000 -25.583810806
0.000000000 0.384615385 0.666666667 0.384615385 0.500000000 0.000000000 0.000000000 0.765585146 0.000000000 -0.643334581 6.361010551 0.643334581 0.000000000 0.765585146 0.357707053 0.000000000 1.000000000 0.000000000 -25.515794754
0.000000000 0.384615385 0.666666667 0.384615385 0.500000000 0.000000000 0.000000000 0.788301878 0.000000000 -0.615288671 6.339336395 0.615288671 0.000000000 0.788301878 0.354351193 0.000000000 1.000000000 0.000000000 -25.447519302
0.000000000 0.384615385 0.666666667 0.384615385 0.500000000 0.000000000 0.000000000 0.825256160 0.000000000 -0.564758595 6.318478107 0.564758595 0.000000000 0.825256160 0.352754056 0.000000000 1.000000000 0.000000000 -25.380863190
0.000000000 0.384615385 0.666666667 0.384615385 0.500000000 0.000000000 0.000000000 0.871912143 0.000000000 -0.489662348 6.292294979 0.489662348 0.000000000 0.871912143 0.352938384 0.000000000 1.000000000 0.000000000 -25.295141220
0.000000000 0.384615385 0.666666667 0.384615385 0.500000000 0.000000000 0.000000000 0.895789511 0.000000000 -0.444478516 6.266384602 0.444478516 0.000000000 0.895789511 0.354372412 0.000000000 1.000000000 0.000000000 -25.209262848
0.000000000 0.384615385 0.666666667 0.384615385 0.500000000 0.000000000 0.000000000 0.905198532 0.000000000 -0.424988961 6.241071224 0.424988961 0.000000000 0.905198532 0.354257971 0.000000000 1.000000000 0.000000000 -25.123237610
0.000000000 0.384615385 0.666666667 0.384615385 0.500000000 0.000000000 0.000000000 0.918882858 0.000000000 -0.394530473 6.216199875 0.394530473 0.000000000 0.918882858 0.351332843 0.000000000 1.000000000 0.000000000 -25.037025452
0.000000000 0.384615385 0.666666667 0.384615385 0.500000000 0.000000000 0.000000000 0.944881761 0.000000000 -0.327411754 6.192057133 0.327411754 0.000000000 0.944881761 0.346453995 0.000000000 1.000000000 0.000000000 -24.950819016
0.000000000 0.384615385 0.666666667 0.384615385 0.500000000 0.000000000 0.000000000 0.958877825 0.000000000 -0.283819162 6.168281078 0.283819162 0.000000000 0.958877825 0.341738284 0.000000000 1.000000000 0.000000000 -24.864488602
0.000000000 0.384615385 0.666666667 0.384615385 0.500000000 0.000000000 0.000000000 0.977530073 0.000000000 -0.210796007 6.144899845 0.210796007 0.000000000 0.977530073 0.339611202 0.000000000 1.000000000 0.000000000 -24.777923584
0.000000000 0.384615385 0.666666667 0.384615385 0.500000000 0.000000000 0.000000000 0.986521423 0.000000000 -0.163632152 6.116836548 0.163632152 0.000000000 0.986521423 0.344049841 0.000000000 1.000000000 0.000000000 -24.671937943
0.000000000 0.384615385 0.666666667 0.384615385 0.500000000 0.000000000 0.000000000 0.996400650 0.000000000 -0.084768768 6.089725971 0.084768768 0.000000000 0.996400650 0.362176508 0.000000000 1.000000000 0.000000000 -24.567167282
0.000000000 0.384615385 0.666666667 0.384615385 0.500000000 0.000000000 0.000000000 0.999960289 0.000000000 0.008911863 6.063814640 -0.008911863 0.000000000 0.999960289 0.393333584 0.000000000 1.000000000 0.000000000 -24.465116501
0.000000000 0.384615385 0.666666667 0.384615385 0.500000000 0.000000000 0.000000000 0.999807178 0.000000000 0.019636871 6.037508965 -0.019636871 0.000000000 0.999807178 0.431657851 0.000000000 1.000000000 0.000000000 -24.358966827
0.000000000 0.384615385 0.666666667 0.384615385 0.500000000 0.000000000 0.000000000 0.999741042 0.000000000 0.022756308 6.011558056 -0.022756308 0.000000000 0.999741042 0.464749902 0.000000000 1.000000000 0.000000000 -24.250558853
0.000000000 0.384615385 0.666666667 0.384615385 0.500000000 0.000000000 0.000000000 0.999714911 0.000000000 0.023876679 5.986589432 -0.023876679 0.000000000 0.999714911 0.486437827 0.000000000 1.000000000 0.000000000 -24.146566391
0.000000000 0.384615385 0.666666667 0.384615385 0.500000000 0.000000000 0.000000000 0.999714911 0.000000000 0.023876679 5.962176323 -0.023876679 0.000000000 0.999714911 0.501785278 0.000000000 1.000000000 0.000000000 -24.041164398
0.000000000 0.384615385 0.666666667 0.384615385 0.500000000 0.000000000 0.000000000 0.995322912 0.000000000 0.096603833 5.938066483 -0.096603833 0.000000000 0.995322912 0.513623953 0.000000000 1.000000000 0.000000000 -23.935382843
0.000000000 0.384615385 0.666666667 0.384615385 0.500000000 0.000000000 0.000000000 0.994336518 0.000000000 0.106277419 5.917792320 -0.106277419 0.000000000 0.994336518 0.521951258 0.000000000 1.000000000 0.000000000 -23.846334457
0.000000000 0.384615385 0.666666667 0.384615385 0.500000000 0.000000000 0.000000000 0.985405584 0.000000000 0.170222897 5.902154446 -0.170222897 0.000000000 0.985405584 0.527769744 0.000000000 1.000000000 0.000000000 -23.776258469
0.000000000 0.384615385 0.666666667 0.384615385 0.500000000 0.000000000 0.000000000 0.970078989 0.000000000 0.242789530 5.886581421 -0.242789530 0.000000000 0.970078989 0.533132136 0.000000000 1.000000000 0.000000000 -23.706167221
0.000000000 0.384615385 0.666666667 0.384615385 0.500000000 0.000000000 0.000000000 0.962902090 0.000000000 0.269851005 5.871057987 -0.269851005 0.000000000 0.962902090 0.538084865 0.000000000 1.000000000 0.000000000 -23.636119843
0.000000000 0.384615385 0.666666667 0.384615385 0.500000000 0.000000000 0.000000000 0.954450085 0.000000000 0.298370634 5.855826855 -0.298370634 0.000000000 0.954450085 0.542458653 0.000000000 1.000000000 0.000000000 -23.566139221
0.000000000 0.384615385 0.666666667 0.384615385 0.500000000 0.000000000 0.000000000 0.946282597 0.000000000 0.323340759 5.840407372 -0.323340759 0.000000000 0.946282597 0.546192586 0.000000000 1.000000000 0.000000000 -23.495815277
0.000000000 0.384615385 0.666666667 0.384615385 0.500000000 0.000000000 0.000000000 0.913905315 0.000000000 0.405927426 5.825082779 -0.405927426 0.000000000 0.913905315 0.549406409 0.000000000 1.000000000 0.000000000 -23.425655365
0.000000000 0.384615385 0.666666667 0.384615385 0.500000000 0.000000000 0.000000000 0.905406601 0.000000000 0.424545506 5.809664726 -0.424545506 0.000000000 0.905406601 0.552124143 0.000000000 1.000000000 0.000000000 -23.355506897
0.000000000 0.384615385 0.666666667 0.384615385 0.500000000 0.000000000 0.000000000 0.871331802 0.000000000 0.490694295 5.790216923 -0.490694295 0.000000000 0.871331802 0.554713607 0.000000000 1.000000000 0.000000000 -23.266571045
0.000000000 0.384615385 0.666666667 0.384615385 0.500000000 0.000000000 0.000000000 0.869837673 0.000000000 0.493338041 5.770814896 -0.493338041 0.000000000 0.869837673 0.556594253 0.000000000 1.000000000 0.000000000 -23.177450180
0.000000000 0.384615385 0.666666667 0.384615385 0.500000000 0.000000000 0.000000000 0.845351116 0.000000000 0.534211092 5.751087666 -0.534211092 0.000000000 0.845351116 0.558282435 0.000000000 1.000000000 0.000000000 -23.088552475
0.000000000 0.384615385 0.666666667 0.384615385 0.500000000 0.000000000 0.000000000 0.840720644 0.000000000 0.541469111 5.731266975 -0.541469111 0.000000000 0.840720644 0.560594141 0.000000000 1.000000000 0.000000000 -22.999652863
0.000000000 0.384615385 0.666666667 0.384615385 0.500000000 0.000000000 0.000000000 0.790505587 0.000000000 0.612454828 5.711347103 -0.612454828 0.000000000 0.790505587 0.563824296 0.000000000 1.000000000 0.000000000 -22.910867691
0.000000000 0.384615385 0.666666667 0.384615385 0.500000000 0.000000000 0.000000000 0.755154291 0.000000000 0.655547097 5.691205502 -0.655547097 0.000000000 0.755154291 0.566943944 0.000000000 1.000000000 0.000000000 -22.822137833
0.000000000 0.384615385 0.666666667 0.384615385 0.500000000 0.000000000 0.000000000 0.707250877 0.000000000 0.706962656 5.672650814 -0.706962656 0.000000000 0.707250877 0.568242788 0.000000000 1.000000000 0.000000000 -22.742279053
0.000000000 0.384615385 0.666666667 0.384615385 0.500000000 0.000000000 0.000000000 0.653696237 0.000000000 0.756757048 5.654015541 -0.756757048 0.000000000 0.653696237 0.566468060 0.000000000 1.000000000 0.000000000 -22.662406921
0.000000000 0.384615385 0.666666667 0.384615385 0.500000000 0.000000000 0.000000000 0.648751380 0.000000000 0.761000425 5.630602837 -0.761000425 0.000000000 0.648751380 0.561734915 0.000000000 1.000000000 0.000000000 -22.563161850
0.000000000 0.384615385 0.666666667 0.384615385 0.500000000 0.000000000 0.000000000 0.646473035 0.000000000 0.762936835 5.606372356 -0.762936835 0.000000000 0.646473035 0.557140052 0.000000000 1.000000000 0.000000000 -22.464159012
0.000000000 0.384615385 0.666666667 0.384615385 0.500000000 0.000000000 0.000000000 0.580960018 0.000000000 0.813932097 5.581485271 -0.813932097 0.000000000 0.580960018 0.556518257 0.000000000 1.000000000 0.000000000 -22.365365982
0.000000000 0.384615385 0.666666667 0.384615385 0.500000000 0.000000000 0.000000000 0.499149672 0.000000000 0.866515784 5.556107044 -0.866515784 0.000000000 0.499149672 0.560146451 0.000000000 1.000000000 0.000000000 -22.266536713
0.000000000 0.384615385 0.666666667 0.384615385 0.500000000 0.000000000 0.000000000 0.495329136 0.000000000 0.868705386 5.529968739 -0.868705386 0.000000000 0.495329136 0.565178812 0.000000000 1.000000000 0.000000000 -22.167961121
0.000000000 0.384615385 0.666666667 0.384615385 0.500000000 0.000000000 0.000000000 0.427079157 0.000000000 0.904214241 5.500281811 -0.904214241 0.000000000 0.427079157 0.569062769 0.000000000 1.000000000 0.000000000 -22.059047699
0.000000000 0.384615385 0.666666667 0.384615385 0.500000000 0.000000000 0.000000000 0.408664268 0.000000000 0.912684785 5.469327927 -0.912684785 0.000000000 0.408664268 0.571129143 0.000000000 1.000000000 0.000000000 -21.950460434
0.000000000 0.384615385 0.666666667 0.384615385 0.500000000 0.000000000 0.000000000 0.346527060 0.000000000 0.938039976 5.437259197 -0.938039976 0.000000000 0.346527060 0.572535992 0.000000000 1.000000000 0.000000000 -21.842031479
0.000000000 0.384615385 0.666666667 0.384615385 0.500000000 0.000000000 0.000000000 0.328825147 0.000000000 0.944390821 5.404020309 -0.944390821 0.000000000 0.328825147 0.573954165 0.000000000 1.000000000 0.000000000 -21.734195709
0.000000000 0.384615385 0.666666667 0.384615385 0.500000000 0.000000000 0.000000000 0.305620692 0.000000000 0.952153345 5.369472027 -0.952153345 0.000000000 0.305620692 0.575208724 0.000000000 1.000000000 0.000000000 -21.626659393
0.000000000 0.384615385 0.666666667 0.384615385 0.500000000 0.000000000 0.000000000 0.309818499 0.000000000 0.950795718 5.339551449 -0.950795718 0.000000000 0.309818499 0.576021731 0.000000000 1.000000000 0.000000000 -21.537719727
0.000000000 0.384615385 0.666666667 0.384615385 0.500000000 0.000000000 0.000000000 0.327291208 0.000000000 0.944923524 5.308785439 -0.944923524 0.000000000 0.327291208 0.576903522 0.000000000 1.000000000 0.000000000 -21.448917389
0.000000000 0.384615385 0.666666667 0.384615385 0.500000000 0.000000000 0.000000000 0.338060448 0.000000000 0.941124399 5.283866405 -0.941124399 0.000000000 0.338060448 0.577213883 0.000000000 1.000000000 0.000000000 -21.379335403
0.000000000 0.384615385 0.666666667 0.384615385 0.500000000 0.000000000 0.000000000 0.347431031 0.000000000 0.937705539 5.258144855 -0.937705539 0.000000000 0.347431031 0.577665389 0.000000000 1.000000000 0.000000000 -21.310115814
0.000000000 0.384615385 0.666666667 0.384615385 0.500000000 0.000000000 0.000000000 0.355595625 0.000000000 0.934639905 5.231790543 -0.934639905 0.000000000 0.355595625 0.577905416 0.000000000 1.000000000 0.000000000 -21.241058350
0.000000000 0.384615385 0.666666667 0.384615385 0.500000000 0.000000000 0.000000000 0.363957451 0.000000000 0.931415575 5.203633308 -0.931415575 0.000000000 0.363957451 0.578432620 0.000000000 1.000000000 0.000000000 -21.168565750
0.000000000 0.384615385 0.666666667 0.384615385 0.500000000 0.000000000 0.000000000 0.373875569 0.000000000 0.927478873 5.177046776 -0.927478873 0.000000000 0.373875569 0.578674018 0.000000000 1.000000000 0.000000000 -21.102773666
0.000000000 0.384615385 0.666666667 0.384615385 0.500000000 0.000000000 0.000000000 0.381037029 0.000000000 0.924559778 5.150159359 -0.924559778 0.000000000 0.381037029 0.578965724 0.000000000 1.000000000 0.000000000 -21.037258148
0.000000000 0.384615385 0.666666667 0.384615385 0.500000000 0.000000000 0.000000000 0.389798639 0.000000000 0.920900115 5.122260094 -0.920900115 0.000000000 0.389798639 0.579295635 0.000000000 1.000000000 0.000000000 -20.971899033
0.000000000 0.384615385 0.666666667 0.384615385 0.500000000 0.000000000 0.000000000 0.398598812 0.000000000 0.917125393 5.094130516 -0.917125393 0.000000000 0.398598812 0.579368114 0.000000000 1.000000000 0.000000000 -20.906789780
0.000000000 0.384615385 0.666666667 0.384615385 0.500000000 0.000000000 0.000000000 0.407417118 0.000000000 0.913242187 5.065222740 -0.913242187 0.000000000 0.407417118 0.579451442 0.000000000 1.000000000 0.000000000 -20.842157364
0.000000000 0.384615385 0.666666667 0.384615385 0.500000000 0.000000000 0.000000000 0.416235564 0.000000000 0.909256815 5.042259216 -0.909256815 0.000000000 0.416235564 0.579415262 0.000000000 1.000000000 0.000000000 -20.791822433
0.000000000 0.384615385 0.666666667 0.384615385 0.500000000 0.000000000 0.000000000 0.423432741 0.000000000 0.905927543 5.018855095 -0.905927543 0.000000000 0.423432741 0.579297960 0.000000000 1.000000000 0.000000000 -20.741668701
0.000000000 0.384615385 0.666666667 0.384615385 0.500000000 0.000000000 0.000000000 0.430574149 0.000000000 0.902555207 4.994962215 -0.902555207 0.000000000 0.430574149 0.579225600 0.000000000 1.000000000 0.000000000 -20.691679001
0.000000000 0.384615385 0.666666667 0.384615385 0.500000000 0.000000000 0.000000000 0.436305777 0.000000000 0.899798460 4.970765114 -0.899798460 0.000000000 0.436305777 0.579242527 0.000000000 1.000000000 0.000000000 -20.641784668
0.000000000 0.384615385 0.666666667 0.384615385 0.500000000 0.000000000 0.000000000 0.443479275 0.000000000 0.896284627 4.938403606 -0.896284627 0.000000000 0.443479275 0.579343855 0.000000000 1.000000000 0.000000000 -20.576416016
0.000000000 0.384615385 0.666666667 0.384615385 0.500000000 0.000000000 0.000000000 0.452171652 0.000000000 0.891930937 4.905378342 -0.891930937 0.000000000 0.452171652 0.579420745 0.000000000 1.000000000 0.000000000 -20.511373520
0.000000000 0.384615385 0.666666667 0.384615385 0.500000000 0.000000000 0.000000000 0.460808439 0.000000000 0.887499624 4.865597725 -0.887499624 0.000000000 0.460808439 0.579572916 0.000000000 1.000000000 0.000000000 -20.434595108
0.000000000 0.384615385 0.666666667 0.384615385 0.500000000 0.000000000 0.000000000 0.470936067 0.000000000 0.882167343 4.830042362 -0.882167343 0.000000000 0.470936067 0.579863548 0.000000000 1.000000000 0.000000000 -20.368007660
0.000000000 0.384615385 0.666666667 0.384615385 0.500000000 0.000000000 0.000000000 0.480714712 0.000000000 0.876877053 4.793857098 -0.876877053 0.000000000 0.480714712 0.580001056 0.000000000 1.000000000 0.000000000 -20.301977158
0.000000000 0.384615385 0.666666667 0.384615385 0.500000000 0.000000000 0.000000000 0.488923339 0.000000000 0.872326756 4.764930725 -0.872326756 0.000000000 0.488923339 0.580012798 0.000000000 1.000000000 0.000000000 -20.250484467