0.000000000 0.532139961 0.946026558 0.500000000 0.500000000 0.000000000 0.000000000 1.000000000 0.000000000 0.000000000 0.000000000 0.000000000 1.000000000 0.000000000 0.000000000 0.000000000 0.000000000 1.000000000 0.000000000
0.000000000 0.532139961 0.946026558 0.500000000 0.500000000 0.000000000 0.000000000 0.999914328 0.000000000 -0.013089596 0.017444761 0.000000000 1.000000000 0.000000000 0.000000000 0.013089596 0.000000000 0.999914328 0.017907549
0.000000000 0.532139961 0.946026558 0.500000000 0.500000000 0.000000000 0.000000000 0.999657325 0.000000000 -0.026176948 0.034653626 0.000000000 1.000000000 0.000000000 0.000000000 0.026176948 0.000000000 0.999657325 0.036041908
0.000000000 0.532139961 0.946026558 0.500000000 0.500000000 0.000000000 0.000000000 0.999229036 0.000000000 -0.039259816 0.051623645 0.000000000 1.000000000 0.000000000 0.000000000 0.039259816 0.000000000 0.999229036 0.054399971
0.000000000 0.532139961 0.946026558 0.500000000 0.500000000 0.000000000 0.000000000 0.998629535 0.000000000 -0.052335956 0.068351910 0.000000000 1.000000000 0.000000000 0.000000000 0.052335956 0.000000000 0.998629535 0.072978591
0.000000000 0.532139961 0.946026558 0.500000000 0.500000000 0.000000000 0.000000000 0.997858923 0.000000000 -0.065403129 0.084835555 0.000000000 1.000000000 0.000000000 0.000000000 0.065403129 0.000000000 0.997858923 0.091774586
0.000000000 0.532139961 0.946026558 0.500000000 0.500000000 0.000000000 0.000000000 0.996917334 0.000000000 -0.078459096 0.101071756 0.000000000 1.000000000 0.000000000 0.000000000 0.078459096 0.000000000 0.996917334 0.110784736
0.000000000 0.532139961 0.946026558 0.500000000 0.500000000 0.000000000 0.000000000 0.995804928 0.000000000 -0.091501619 0.117057731 0.000000000 1.000000000 0.000000000 0.000000000 0.091501619 0.000000000 0.995804928 0.130005781
0.000000000 0.532139961 0.946026558 0.500000000 0.500000000 0.000000000 0.000000000 0.994521895 0.000000000 -0.104528463 0.132790741 0.000000000 1.000000000 0.000000000 0.000000000 0.104528463 0.000000000 0.994521895 0.149434430
0.000000000 0.532139961 0.946026558 0.500000000 0.500000000 0.000000000 0.000000000 0.993068457 0.000000000 -0.117537397 0.148268090 0.000000000 1.000000000 0.000000000 0.000000000 0.117537397 0.000000000 0.993068457 0.169067354
0.000000000 0.532139961 0.946026558 0.500000000 0.500000000 0.000000000 0.000000000 0.991444861 0.000000000 -0.130526192 0.163487126 0.000000000 1.000000000 0.000000000 0.000000000 0.130526192 0.000000000 0.991444861 0.188901187
0.000000000 0.532139961 0.946026558 0.500000000 0.500000000 0.000000000 0.000000000 0.989651387 0.000000000 -0.143492622 0.178445241 0.000000000 1.000000000 0.000000000 0.000000000 0.143492622 0.000000000 0.989651387 0.208932532
0.000000000 0.532139961 0.946026558 0.500000000 0.500000000 0.000000000 0.000000000 0.987688341 0.000000000 -0.156434465 0.193139872 0.000000000 1.000000000 0.000000000 0.000000000 0.156434465 0.000000000 0.987688341 0.229157957
0.000000000 0.532139961 0.946026558 0.500000000 0.500000000 0.000000000 0.000000000 0.985556059 0.000000000 -0.169349504 0.207568502 0.000000000 1.000000000 0.000000000 0.000000000 0.169349504 0.000000000 0.985556059 0.249573996
0.000000000 0.532139961 0.946026558 0.500000000 0.500000000 0.000000000 0.000000000 0.983254908 0.000000000 -0.182235525 0.221728658 0.000000000 1.000000000 0.000000000 0.000000000 0.182235525 0.000000000 0.983254908 0.270177151
0.000000000 0.532139961 0.946026558 0.500000000 0.500000000 0.000000000 0.000000000 0.980785280 0.000000000 -0.195090322 0.235617913 0.000000000 1.000000000 0.000000000 0.000000000 0.195090322 0.000000000 0.980785280 0.290963891
0.000000000 0.532139961 0.946026558 0.500000000 0.500000000 0.000000000 0.000000000 0.978147601 0.000000000 -0.207911691 0.249233889 0.000000000 1.000000000 0.000000000 0.000000000 0.207911691 0.000000000 0.978147601 0.311930655
0.000000000 0.532139961 0.946026558 0.500000000 0.500000000 0.000000000 0.000000000 0.975342321 0.000000000 -0.220697435 0.262574252 0.000000000 1.000000000 0.000000000 0.000000000 0.220697435 0.000000000 0.975342321 0.333073851
0.000000000 0.532139961 0.946026558 0.500000000 0.500000000 0.000000000 0.000000000 0.972369920 0.000000000 -0.233445364 0.275636716 0.000000000 1.000000000 0.000000000 0.000000000 0.233445364 0.000000000 0.972369920 0.354389855
0.000000000 0.532139961 0.946026558 0.500000000 0.500000000 0.000000000 0.000000000 0.969230910 0.000000000 -0.246153293 0.288419043 0.000000000 1.000000000 0.000000000 0.000000000 0.246153293 0.000000000 0.969230910 0.375875015
0.000000000 0.532139961 0.946026558 0.500000000 0.500000000 0.000000000 0.000000000 0.965925826 0.000000000 -0.258819045 0.300919043 0.000000000 1.000000000 0.000000000 0.000000000 0.258819045 0.000000000 0.965925826 0.397525650
0.000000000 0.532139961 0.946026558 0.500000000 0.500000000 0.000000000 0.000000000 0.962455236 0.000000000 -0.271440450 0.313134574 0.000000000 1.000000000 0.000000000 0.000000000 0.271440450 0.000000000 0.962455236 0.419338051
0.000000000 0.532139961 0.946026558 0.500000000 0.500000000 0.000000000 0.000000000 0.958819735 0.000000000 -0.284015345 0.325063543 0.000000000 1.000000000 0.000000000 0.000000000 0.284015345 0.000000000 0.958819735 0.441308478
0.000000000 0.532139961 0.946026558 0.500000000 0.500000000 0.000000000 0.000000000 0.955019944 0.000000000 -0.296541575 0.336703906 0.000000000 1.000000000 0.000000000 0.000000000 0.296541575 0.000000000 0.955019944 0.463433169
0.000000000 0.532139961 0.946026558 0.500000000 0.500000000 0.000000000 0.000000000 0.951056516 0.000000000 -0.309016994 0.348053669 0.000000000 1.000000000 0.000000000 0.000000000 0.309016994 0.000000000 0.951056516 0.485708333
0.000000000 0.532139961 0.946026558 0.500000000 0.500000000 0.000000000 0.000000000 0.946930129 0.000000000 -0.321439465 0.359110886 0.000000000 1.000000000 0.000000000 0.000000000 0.321439465 0.000000000 0.946930129 0.508130151
0.000000000 0.532139961 0.946026558 0.500000000 0.500000000 0.000000000 0.000000000 0.942641491 0.000000000 -0.333806859 0.369873664 0.000000000 1.000000000 0.000000000 0.000000000 0.333806859 0.000000000 0.942641491 0.530694783
0.000000000 0.532139961 0.946026558 0.500000000 0.500000000 0.000000000 0.000000000 0.938191336 0.000000000 -0.346117057 0.380340157 0.000000000 1.000000000 0.000000000 0.000000000 0.346117057 0.000000000 0.938191336 0.553398363
0.000000000 0.532139961 0.946026558 0.500000000 0.500000000 0.000000000 0.000000000 0.933580426 0.000000000 -0.358367950 0.390508573 0.000000000 1.000000000 0.000000000 0.000000000 0.358367950 0.000000000 0.933580426 0.576236999
0.000000000 0.532139961 0.946026558 0.500000000 0.500000000 0.000000000 0.000000000 0.928809553 0.000000000 -0.370557438 0.400377170 0.000000000 1.000000000 0.000000000 0.000000000 0.370557438 0.000000000 0.928809553 0.599206779
0.000000000 0.532139961 0.946026558 0.500000000 0.500000000 0.000000000 0.000000000 0.923879533 0.000000000 -0.382683432 0.409944255 0.000000000 1.000000000 0.000000000 0.000000000 0.382683432 0.000000000 0.923879533 0.622303768
0.000000000 0.532139961 0.946026558 0.500000000 0.500000000 0.000000000 0.000000000 0.918791210 0.000000000 -0.394743856 0.419208191 0.000000000 1.000000000 0.000000000 0.000000000 0.394743856 0.000000000 0.918791210 0.645524006
0.000000000 0.532139961 0.946026558 0.500000000 0.500000000 0.000000000 0.000000000 0.913545458 0.000000000 -0.406736643 0.428167390 0.000000000 1.000000000 0.000000000 0.000000000 0.406736643 0.000000000 0.913545458 0.668863517
0.000000000 0.532139961 0.946026558 0.500000000 0.500000000 0.000000000 0.000000000 0.908143174 0.000000000 -0.418659738 0.436820316 0.000000000 1.000000000 0.000000000 0.000000000 0.418659738 0.000000000 0.908143174 0.692318300
0.000000000 0.532139961 0.946026558 0.500000000 0.500000000 0.000000000 0.000000000 0.902585284 0.000000000 -0.430511097 0.445165488 0.000000000 1.000000000 0.000000000 0.000000000 0.430511097 0.000000000 0.902585284 0.715884338
0.000000000 0.532139961 0.946026558 0.500000000 0.500000000 0.000000000 0.000000000 0.896872742 0.000000000 -0.442288690 0.453201475 0.000000000 1.000000000 0.000000000 0.000000000 0.442288690 0.000000000 0.896872742 0.739557591
0.000000000 0.532139961 0.946026558 0.500000000 0.500000000 0.000000000 0.000000000 0.891006524 0.000000000 -0.453990500 0.460926899 0.000000000 1.000000000 0.000000000 0.000000000 0.453990500 0.000000000 0.891006524 0.763334004
0.000000000 0.532139961 0.946026558 0.500000000 0.500000000 0.000000000 0.000000000 0.884987637 0.000000000 -0.465614520 0.468340439 0.000000000 1.000000000 0.000000000 0.000000000 0.465614520 0.000000000 0.884987637 0.787209502
0.000000000 0.532139961 0.946026558 0.500000000 0.500000000 0.000000000 0.000000000 0.878817113 0.000000000 -0.477158760 0.475440822 0.000000000 1.000000000 0.000000000 0.000000000 0.477158760 0.000000000 0.878817113 0.811179996
0.000000000 0.532139961 0.946026558 0.500000000 0.500000000 0.000000000 0.000000000 0.872496007 0.000000000 -0.488621241 0.482226834 0.000000000 1.000000000 0.000000000 0.000000000 0.488621241 0.000000000 0.872496007 0.835241377
0.000000000 0.532139961 0.946026558 0.500000000 0.500000000 0.000000000 0.000000000 0.866025404 0.000000000 -0.500000000 0.488697310 0.000000000 1.000000000 0.000000000 0.000000000 0.500000000 0.000000000 0.866025404 0.859389522
0.000000000 0.532139961 0.946026558 0.500000000 0.500000000 0.000000000 0.000000000 0.859406412 0.000000000 -0.511293086 0.494851142 0.000000000 1.000000000 0.000000000 0.000000000 0.511293086 0.000000000 0.859406412 0.883620295
0.000000000 0.532139961 0.946026558 0.500000000 0.500000000 0.000000000 0.000000000 0.852640164 0.000000000 -0.522498565 0.500687276 0.000000000 1.000000000 0.000000000 0.000000000 0.522498565 0.000000000 0.852640164 0.907929543
0.000000000 0.532139961 0.946026558 0.500000000 0.500000000 0.000000000 0.000000000 0.845727822 0.000000000 -0.533614516 0.506204712 0.000000000 1.000000000 0.000000000 0.000000000 0.533614516 0.000000000 0.845727822 0.932313101
0.000000000 0.532139961 0.946026558 0.500000000 0.500000000 0.000000000 0.000000000 0.838670568 0.000000000 -0.544639035 0.511402504 0.000000000 1.000000000 0.000000000 0.000000000 0.544639035 0.000000000 0.838670568 0.956766791
0.000000000 0.532139961 0.946026558 0.500000000 0.500000000 0.000000000 0.000000000 0.831469612 0.000000000 -0.555570233 0.516279762 0.000000000 1.000000000 0.000000000 0.000000000 0.555570233 0.000000000 0.831469612 0.981286423
0.000000000 0.532139961 0.946026558 0.500000000 0.500000000 0.000000000 0.000000000 0.824126189 0.000000000 -0.566406237 0.520835651 0.000000000 1.000000000 0.000000000 0.000000000 0.566406237 0.000000000 0.824126189 1.005867796
0.000000000 0.532139961 0.946026558 0.500000000 0.500000000 0.000000000 0.000000000 0.816641555 0.000000000 -0.577145190 0.525069388 0.000000000 1.000000000 0.000000000 0.000000000 0.577145190 0.000000000 0.816641555 1.030506697
0.000000000 0.532139961 0.946026558 0.500000000 0.500000000 0.000000000 0.000000000 0.809016994 0.000000000 -0.587785252 0.528980250 0.000000000 1.000000000 0.000000000 0.000000000 0.587785252 0.000000000 0.809016994 1.055198906
0.000000000 0.532139961 0.946026558 0.500000000 0.500000000 0.000000000 0.000000000 0.801253813 0.000000000 -0.598324601 0.532567565 0.000000000 1.000000000 0.000000000 0.000000000 0.598324601 0.000000000 0.801253813 1.079940191
0.000000000 0.532139961 0.946026558 0.500000000 0.500000000 0.000000000 0.000000000 0.793353340 0.000000000 -0.608761429 0.535830720 0.000000000 1.000000000 0.000000000 0.000000000 0.608761429 0.000000000 0.793353340 1.104726312
0.000000000 0.532139961 0.946026558 0.500000000 0.500000000 0.000000000 0.000000000 0.785316931 0.000000000 -0.619093949 0.538769155 0.000000000 1.000000000 0.000000000 0.000000000 0.619093949 0.000000000 0.785316931 1.129553023
0.000000000 0.532139961 0.946026558 0.500000000 0.500000000 0.000000000 0.000000000 0.777145961 0.000000000 -0.629320391 0.541382367 0.000000000 1.000000000 0.000000000 0.000000000 0.629320391 0.000000000 0.777145961 1.154416071
0.000000000 0.532139961 0.946026558 0.500000000 0.500000000 0.000000000 0.000000000 0.768841832 0.000000000 -0.639439002 0.543669907 0.000000000 1.000000000 0.000000000 0.000000000 0.639439002 0.000000000 0.768841832 1.179311194
0.000000000 0.532139961 0.946026558 0.500000000 0.500000000 0.000000000 0.000000000 0.760405966 0.000000000 -0.649448048 0.545631385 0.000000000 1.000000000 0.000000000 0.000000000 0.649448048 0.000000000 0.760405966 1.204234127
0.000000000 0.532139961 0.946026558 0.500000000 0.500000000 0.000000000 0.000000000 0.751839807 0.000000000 -0.659345815 0.547266463 0.000000000 1.000000000 0.000000000 0.000000000 0.659345815 0.000000000 0.751839807 1.229180600
0.000000000 0.532139961 0.946026558 0.500000000 0.500000000 0.000000000 0.000000000 0.743144825 0.000000000 -0.669130606 0.548574862 0.000000000 1.000000000 0.000000000 0.000000000 0.669130606 0.000000000 0.743144825 1.254146339
0.000000000 0.532139961 0.946026558 0.500000000 0.500000000 0.000000000 0.000000000 0.734322509 0.000000000 -0.678800746 0.549556357 0.000000000 1.000000000 0.000000000 0.000000000 0.678800746 0.000000000 0.734322509 1.279127065
0.000000000 0.532139961 0.946026558 0.500000000 0.500000000 0.000000000 0.000000000 0.725374371 0.000000000 -0.688354576 0.550210781 0.000000000 1.000000000 0.000000000 0.000000000 0.688354576 0.000000000 0.725374371 1.304118498
0.000000000 0.532139961 0.946026558 0.500000000 0.500000000 0.000000000 0.000000000 0.716301943 0.000000000 -0.697790460 0.550538021 0.000000000 1.000000000 0.000000000 0.000000000 0.697790460 0.000000000 0.716301943 1.329116356
0.000000000 0.532139961 0.946026558 0.500000000 0.500000000 0.000000000 0.000000000 0.707106781 0.000000000 -0.707106781 0.550538021 0.000000000 1.000000000 0.000000000 0.000000000 0.707106781 0.000000000 0.707106781 1.354116356
0.000000000 0.532139961 0.946026558 0.500000000 0.500000000 0.000000000 0.000000000 0.697790460 -0.000000000 -0.716301943 0.550210781 0.000000000 1.000000000 0.000000000 0.000000000 0.716301943 0.000000000 0.697790460 1.379114214
0.000000000 0.532139961 0.946026558 0.500000000 0.500000000 0.000000000 0.000000000 0.688354576 -0.000000000 -0.725374371 0.549556357 0.000000000 1.000000000 0.000000000 0.000000000 0.725374371 0.000000000 0.688354576 1.404105647
0.000000000 0.532139961 0.946026558 0.500000000 0.500000000 0.000000000 0.000000000 0.678800746 -0.000000000 -0.734322509 0.548574862 0.000000000 1.000000000 0.000000000 0.000000000 0.734322509 0.000000000 0.678800746 1.429086373
0.000000000 0.532139961 0.946026558 0.500000000 0.500000000 0.000000000 0.000000000 0.669130606 -0.000000000 -0.743144825 0.547266463 0.000000000 1.000000000 0.000000000 0.000000000 0.743144825 0.000000000 0.669130606 1.454052112
0.000000000 0.532139961 0.946026558 0.500000000 0.500000000 0.000000000 0.000000000 0.659345815 -0.000000000 -0.751839807 0.545631385 0.000000000 1.000000000 0.000000000 0.000000000 0.751839807 0.000000000 0.659345815 1.478998585
0.000000000 0.532139961 0.946026558 0.500000000 0.500000000 0.000000000 0.000000000 0.649448048 -0.000000000 -0.760405966 0.543669907 0.000000000 1.000000000 0.000000000 0.000000000 0.760405966 0.000000000 0.649448048 1.503921518
0.000000000 0.532139961 0.946026558 0.500000000 0.500000000 0.000000000 0.000000000 0.639439002 -0.000000000 -0.768841832 0.541382367 0.000000000 1.000000000 0.000000000 0.000000000 0.768841832 0.000000000 0.639439002 1.528816641
0.000000000 0.532139961 0.946026558 0.500000000 0.500000000 0.000000000 0.000000000 0.629320391 -0.000000000 -0.777145961 0.538769155 0.000000000 1.000000000 0.000000000 0.000000000 0.777145961 0.000000000 0.629320391 1.553679689
0.000000000 0.532139961 0.946026558 0.500000000 0.500000000 0.000000000 0.000000000 0.619093949 -0.000000000 -0.785316931 0.535830720 0.000000000 1.000000000 0.000000000 0.000000000 0.785316931 0.000000000 0.619093949 1.578506400
0.000000000 0.532139961 0.946026558 0.500000000 0.500000000 0.000000000 0.000000000 0.608761429 -0.000000000 -0.793353340 0.532567565 0.000000000 1.000000000 0.000000000 0.000000000 0.793353340 0.000000000 0.608761429 1.603292522
0.000000000 0.532139961 0.946026558 0.500000000 0.500000000 0.000000000 0.000000000 0.598324601 -0.000000000 -0.801253813 0.528980250 0.000000000 1.000000000 0.000000000 0.000000000 0.801253813 0.000000000 0.598324601 1.628033806
0.000000000 0.532139961 0.946026558 0.500000000 0.500000000 0.000000000 0.000000000 0.587785252 -0.000000000 -0.809016994 0.525069388 0.000000000 1.000000000 0.000000000 0.000000000 0.809016994 0.000000000 0.587785252 1.652726015
0.000000000 0.532139961 0.946026558 0.500000000 0.500000000 0.000000000 0.000000000 0.577145190 -0.000000000 -0.816641555 0.520835651 0.000000000 1.000000000 0.000000000 0.000000000 0.816641555 0.000000000 0.577145190 1.677364916
0.000000000 0.532139961 0.946026558 0.500000000 0.500000000 0.000000000 0.000000000 0.566406237 -0.000000000 -0.824126189 0.516279762 0.000000000 1.000000000 0.000000000 0.000000000 0.824126189 0.000000000 0.566406237 1.701946289
0.000000000 0.532139961 0.946026558 0.500000000 0.500000000 0.000000000 0.000000000 0.555570233 -0.000000000 -0.831469612 0.511402504 0.000000000 1.000000000 0.000000000 0.000000000 0.831469612 0.000000000 0.555570233 1.726465921
0.000000000 0.532139961 0.946026558 0.500000000 0.500000000 0.000000000 0.000000000 0.544639035 -0.000000000 -0.838670568 0.506204712 0.000000000 1.000000000 0.000000000 0.000000000 0.838670568 0.000000000 0.544639035 1.750919611
0.000000000 0.532139961 0.946026558 0.500000000 0.500000000 0.000000000 0.000000000 0.533614516 -0.000000000 -0.845727822 0.500687276 0.000000000 1.000000000 0.000000000 0.000000000 0.845727822 0.000000000 0.533614516 1.775303169
0.000000000 0.532139961 0.946026558 0.500000000 0.500000000 0.000000000 0.000000000 0.522498565 -0.000000000 -0.852640164 0.494851142 0.000000000 1.000000000 0.000000000 0.000000000 0.852640164 0.000000000 0.522498565 1.799612417
0.000000000 0.532139961 0.946026558 0.500000000 0.500000000 0.000000000 0.000000000 0.511293086 -0.000000000 -0.859406412 0.488697310 0.000000000 1.000000000 0.000000000 0.000000000 0.859406412 0.000000000 0.511293086 1.823843190
0.000000000 0.532139961 0.946026558 0.500000000 0.500000000 0.000000000 0.000000000 0.500000000 -0.000000000 -0.866025404 0.482226834 0.000000000 1.000000000 0.000000000 0.000000000 0.866025404 0.000000000 0.500000000 1.847991335
