0.000000000 0.532139961 0.946026558 0.500000000 0.500000000 0.000000000 0.000000000 1.000000000 0.000000000 0.000000000 0.000000000 0.000000000 1.000000000 0.000000000 0.000000000 0.000000000 0.000000000 1.000000000 0.000000000
0.000000000 0.532139961 0.946026558 0.500000000 0.500000000 0.000000000 0.000000000 1.000000000 0.000000000 0.000000000 -0.025000000 0.000000000 0.999914328 0.013089596 0.000000000 0.000000000 -0.013089596 0.999914328 0.000000000
0.000000000 0.532139961 0.946026558 0.500000000 0.500000000 0.000000000 0.000000000 1.000000000 0.000000000 0.000000000 -0.050000000 0.000000000 0.999657325 0.026176948 0.000000000 0.000000000 -0.026176948 0.999657325 0.000000000
0.000000000 0.532139961 0.946026558 0.500000000 0.500000000 0.000000000 0.000000000 1.000000000 0.000000000 0.000000000 -0.075000000 0.000000000 0.999229036 0.039259816 0.000000000 0.000000000 -0.039259816 0.999229036 0.000000000
0.000000000 0.532139961 0.946026558 0.500000000 0.500000000 0.000000000 0.000000000 1.000000000 0.000000000 0.000000000 -0.100000000 0.000000000 0.998629535 0.052335956 0.000000000 0.000000000 -0.052335956 0.998629535 0.000000000
0.000000000 0.532139961 0.946026558 0.500000000 0.500000000 0.000000000 0.000000000 1.000000000 0.000000000 0.000000000 -0.125000000 0.000000000 0.997858923 0.065403129 0.000000000 0.000000000 -0.065403129 0.997858923 0.000000000
0.000000000 0.532139961 0.946026558 0.500000000 0.500000000 0.000000000 0.000000000 1.000000000 0.000000000 0.000000000 -0.150000000 0.000000000 0.996917334 0.078459096 0.000000000 0.000000000 -0.078459096 0.996917334 0.000000000
0.000000000 0.532139961 0.946026558 0.500000000 0.500000000 0.000000000 0.000000000 1.000000000 0.000000000 0.000000000 -0.175000000 0.000000000 0.995804928 0.091501619 0.000000000 0.000000000 -0.091501619 0.995804928 0.000000000
0.000000000 0.532139961 0.946026558 0.500000000 0.500000000 0.000000000 0.000000000 1.000000000 0.000000000 0.000000000 -0.200000000 0.000000000 0.994521895 0.104528463 0.000000000 0.000000000 -0.104528463 0.994521895 0.000000000
0.000000000 0.532139961 0.946026558 0.500000000 0.500000000 0.000000000 0.000000000 1.000000000 0.000000000 0.000000000 -0.225000000 0.000000000 0.993068457 0.117537397 0.000000000 0.000000000 -0.117537397 0.993068457 0.000000000
0.000000000 0.532139961 0.946026558 0.500000000 0.500000000 0.000000000 0.000000000 1.000000000 0.000000000 0.000000000 -0.250000000 0.000000000 0.991444861 0.130526192 0.000000000 0.000000000 -0.130526192 0.991444861 0.000000000
0.000000000 0.532139961 0.946026558 0.500000000 0.500000000 0.000000000 0.000000000 1.000000000 0.000000000 0.000000000 -0.275000000 0.000000000 0.989651387 0.143492622 0.000000000 0.000000000 -0.143492622 0.989651387 0.000000000
0.000000000 0.532139961 0.946026558 0.500000000 0.500000000 0.000000000 0.000000000 1.000000000 0.000000000 0.000000000 -0.300000000 0.000000000 0.987688341 0.156434465 0.000000000 0.000000000 -0.156434465 0.987688341 0.000000000
0.000000000 0.532139961 0.946026558 0.500000000 0.500000000 0.000000000 0.000000000 1.000000000 0.000000000 0.000000000 -0.325000000 0.000000000 0.985556059 0.169349504 0.000000000 0.000000000 -0.169349504 0.985556059 0.000000000
0.000000000 0.532139961 0.946026558 0.500000000 0.500000000 0.000000000 0.000000000 1.000000000 0.000000000 0.000000000 -0.350000000 0.000000000 0.983254908 0.182235525 0.000000000 0.000000000 -0.182235525 0.983254908 0.000000000
0.000000000 0.532139961 0.946026558 0.500000000 0.500000000 0.000000000 0.000000000 1.000000000 0.000000000 0.000000000 -0.375000000 0.000000000 0.980785280 0.195090322 0.000000000 0.000000000 -0.195090322 0.980785280 0.000000000
0.000000000 0.532139961 0.946026558 0.500000000 0.500000000 0.000000000 0.000000000 1.000000000 0.000000000 0.000000000 -0.400000000 0.000000000 0.978147601 0.207911691 0.000000000 0.000000000 -0.207911691 0.978147601 0.000000000
0.000000000 0.532139961 0.946026558 0.500000000 0.500000000 0.000000000 0.000000000 1.000000000 0.000000000 0.000000000 -0.425000000 0.000000000 0.975342321 0.220697435 0.000000000 0.000000000 -0.220697435 0.975342321 0.000000000
0.000000000 0.532139961 0.946026558 0.500000000 0.500000000 0.000000000 0.000000000 1.000000000 0.000000000 0.000000000 -0.450000000 0.000000000 0.972369920 0.233445364 0.000000000 0.000000000 -0.233445364 0.972369920 0.000000000
0.000000000 0.532139961 0.946026558 0.500000000 0.500000000 0.000000000 0.000000000 1.000000000 0.000000000 0.000000000 -0.475000000 0.000000000 0.969230910 0.246153293 0.000000000 0.000000000 -0.246153293 0.969230910 0.000000000
0.000000000 0.532139961 0.946026558 0.500000000 0.500000000 0.000000000 0.000000000 1.000000000 0.000000000 0.000000000 -0.500000000 0.000000000 0.965925826 0.258819045 0.000000000 0.000000000 -0.258819045 0.965925826 0.000000000
0.000000000 0.532139961 0.946026558 0.500000000 0.500000000 0.000000000 0.000000000 1.000000000 0.000000000 0.000000000 -0.525000000 0.000000000 0.962455236 0.271440450 0.000000000 0.000000000 -0.271440450 0.962455236 0.000000000
0.000000000 0.532139961 0.946026558 0.500000000 0.500000000 0.000000000 0.000000000 1.000000000 0.000000000 0.000000000 -0.550000000 0.000000000 0.958819735 0.284015345 0.000000000 0.000000000 -0.284015345 0.958819735 0.000000000
0.000000000 0.532139961 0.946026558 0.500000000 0.500000000 0.000000000 0.000000000 1.000000000 0.000000000 0.000000000 -0.575000000 0.000000000 0.955019944 0.296541575 0.000000000 0.000000000 -0.296541575 0.955019944 0.000000000
0.000000000 0.532139961 0.946026558 0.500000000 0.500000000 0.000000000 0.000000000 1.000000000 0.000000000 0.000000000 -0.600000000 0.000000000 0.951056516 0.309016994 0.000000000 0.000000000 -0.309016994 0.951056516 0.000000000
0.000000000 0.532139961 0.946026558 0.500000000 0.500000000 0.000000000 0.000000000 1.000000000 0.000000000 0.000000000 -0.625000000 0.000000000 0.946930129 0.321439465 0.000000000 0.000000000 -0.321439465 0.946930129 0.000000000
0.000000000 0.532139961 0.946026558 0.500000000 0.500000000 0.000000000 0.000000000 1.000000000 0.000000000 0.000000000 -0.650000000 0.000000000 0.942641491 0.333806859 0.000000000 0.000000000 -0.333806859 0.942641491 0.000000000
0.000000000 0.532139961 0.946026558 0.500000000 0.500000000 0.000000000 0.000000000 1.000000000 0.000000000 0.000000000 -0.675000000 0.000000000 0.938191336 0.346117057 0.000000000 0.000000000 -0.346117057 0.938191336 0.000000000
0.000000000 0.532139961 0.946026558 0.500000000 0.500000000 0.000000000 0.000000000 1.000000000 0.000000000 0.000000000 -0.700000000 0.000000000 0.933580426 0.358367950 0.000000000 0.000000000 -0.358367950 0.933580426 0.000000000
0.000000000 0.532139961 0.946026558 0.500000000 0.500000000 0.000000000 0.000000000 1.000000000 0.000000000 0.000000000 -0.725000000 0.000000000 0.928809553 0.370557438 0.000000000 0.000000000 -0.370557438 0.928809553 0.000000000
0.000000000 0.532139961 0.946026558 0.500000000 0.500000000 0.000000000 0.000000000 1.000000000 0.000000000 0.000000000 -0.750000000 0.000000000 0.923879533 0.382683432 0.000000000 0.000000000 -0.382683432 0.923879533 0.000000000
0.000000000 0.532139961 0.946026558 0.500000000 0.500000000 0.000000000 0.000000000 1.000000000 0.000000000 0.000000000 -0.775000000 0.000000000 0.918791210 0.394743856 0.000000000 0.000000000 -0.394743856 0.918791210 0.000000000
0.000000000 0.532139961 0.946026558 0.500000000 0.500000000 0.000000000 0.000000000 1.000000000 0.000000000 0.000000000 -0.800000000 0.000000000 0.913545458 0.406736643 0.000000000 0.000000000 -0.406736643 0.913545458 0.000000000
0.000000000 0.532139961 0.946026558 0.500000000 0.500000000 0.000000000 0.000000000 1.000000000 0.000000000 0.000000000 -0.825000000 0.000000000 0.908143174 0.418659738 0.000000000 0.000000000 -0.418659738 0.908143174 0.000000000
0.000000000 0.532139961 0.946026558 0.500000000 0.500000000 0.000000000 0.000000000 1.000000000 0.000000000 0.000000000 -0.850000000 0.000000000 0.902585284 0.430511097 0.000000000 0.000000000 -0.430511097 0.902585284 0.000000000
0.000000000 0.532139961 0.946026558 0.500000000 0.500000000 0.000000000 0.000000000 1.000000000 0.000000000 0.000000000 -0.875000000 0.000000000 0.896872742 0.442288690 0.000000000 0.000000000 -0.442288690 0.896872742 0.000000000
0.000000000 0.532139961 0.946026558 0.500000000 0.500000000 0.000000000 0.000000000 1.000000000 0.000000000 0.000000000 -0.900000000 0.000000000 0.891006524 0.453990500 0.000000000 0.000000000 -0.453990500 0.891006524 0.000000000
0.000000000 0.532139961 0.946026558 0.500000000 0.500000000 0.000000000 0.000000000 1.000000000 0.000000000 0.000000000 -0.925000000 0.000000000 0.884987637 0.465614520 0.000000000 0.000000000 -0.465614520 0.884987637 0.000000000
0.000000000 0.532139961 0.946026558 0.500000000 0.500000000 0.000000000 0.000000000 1.000000000 0.000000000 0.000000000 -0.950000000 0.000000000 0.878817113 0.477158760 0.000000000 0.000000000 -0.477158760 0.878817113 0.000000000
0.000000000 0.532139961 0.946026558 0.500000000 0.500000000 0.000000000 0.000000000 1.000000000 0.000000000 0.000000000 -0.975000000 0.000000000 0.872496007 0.488621241 0.000000000 0.000000000 -0.488621241 0.872496007 0.000000000
0.000000000 0.532139961 0.946026558 0.500000000 0.500000000 0.000000000 0.000000000 1.000000000 0.000000000 0.000000000 -1.000000000 0.000000000 0.866025404 0.500000000 0.000000000 0.000000000 -0.500000000 0.866025404 0.000000000
0.000000000 0.532139961 0.946026558 0.500000000 0.500000000 0.000000000 0.000000000 1.000000000 0.000000000 0.000000000 -1.025000000 0.000000000 0.859406412 0.511293086 0.000000000 0.000000000 -0.511293086 0.859406412 0.000000000
0.000000000 0.532139961 0.946026558 0.500000000 0.500000000 0.000000000 0.000000000 1.000000000 0.000000000 0.000000000 -1.050000000 0.000000000 0.852640164 0.522498565 0.000000000 0.000000000 -0.522498565 0.852640164 0.000000000
0.000000000 0.532139961 0.946026558 0.500000000 0.500000000 0.000000000 0.000000000 1.000000000 0.000000000 0.000000000 -1.075000000 0.000000000 0.845727822 0.533614516 0.000000000 0.000000000 -0.533614516 0.845727822 0.000000000
0.000000000 0.532139961 0.946026558 0.500000000 0.500000000 0.000000000 0.000000000 1.000000000 0.000000000 0.000000000 -1.100000000 0.000000000 0.838670568 0.544639035 0.000000000 0.000000000 -0.544639035 0.838670568 0.000000000
0.000000000 0.532139961 0.946026558 0.500000000 0.500000000 0.000000000 0.000000000 1.000000000 0.000000000 0.000000000 -1.125000000 0.000000000 0.831469612 0.555570233 0.000000000 0.000000000 -0.555570233 0.831469612 0.000000000
0.000000000 0.532139961 0.946026558 0.500000000 0.500000000 0.000000000 0.000000000 1.000000000 0.000000000 0.000000000 -1.150000000 0.000000000 0.824126189 0.566406237 0.000000000 0.000000000 -0.566406237 0.824126189 0.000000000
0.000000000 0.532139961 0.946026558 0.500000000 0.500000000 0.000000000 0.000000000 1.000000000 0.000000000 0.000000000 -1.175000000 0.000000000 0.816641555 0.577145190 0.000000000 0.000000000 -0.577145190 0.816641555 0.000000000
0.000000000 0.532139961 0.946026558 0.500000000 0.500000000 0.000000000 0.000000000 1.000000000 0.000000000 0.000000000 -1.200000000 0.000000000 0.809016994 0.587785252 0.000000000 0.000000000 -0.587785252 0.809016994 0.000000000
0.000000000 0.532139961 0.946026558 0.500000000 0.500000000 0.000000000 0.000000000 1.000000000 0.000000000 0.000000000 -1.225000000 0.000000000 0.801253813 0.598324601 0.000000000 0.000000000 -0.598324601 0.801253813 0.000000000
0.000000000 0.532139961 0.946026558 0.500000000 0.500000000 0.000000000 0.000000000 1.000000000 0.000000000 0.000000000 -1.250000000 0.000000000 0.793353340 0.608761429 0.000000000 0.000000000 -0.608761429 0.793353340 0.000000000
0.000000000 0.532139961 0.946026558 0.500000000 0.500000000 0.000000000 0.000000000 1.000000000 0.000000000 0.000000000 -1.275000000 0.000000000 0.785316931 0.619093949 0.000000000 0.000000000 -0.619093949 0.785316931 0.000000000
0.000000000 0.532139961 0.946026558 0.500000000 0.500000000 0.000000000 0.000000000 1.000000000 0.000000000 0.000000000 -1.300000000 0.000000000 0.777145961 0.629320391 0.000000000 0.000000000 -0.629320391 0.777145961 0.000000000
0.000000000 0.532139961 0.946026558 0.500000000 0.500000000 0.000000000 0.000000000 1.000000000 0.000000000 0.000000000 -1.325000000 0.000000000 0.768841832 0.639439002 0.000000000 0.000000000 -0.639439002 0.768841832 0.000000000
0.000000000 0.532139961 0.946026558 0.500000000 0.500000000 0.000000000 0.000000000 1.000000000 0.000000000 0.000000000 -1.350000000 0.000000000 0.760405966 0.649448048 0.000000000 0.000000000 -0.649448048 0.760405966 0.000000000
0.000000000 0.532139961 0.946026558 0.500000000 0.500000000 0.000000000 0.000000000 1.000000000 0.000000000 0.000000000 -1.375000000 0.000000000 0.751839807 0.659345815 0.000000000 0.000000000 -0.659345815 0.751839807 0.000000000
0.000000000 0.532139961 0.946026558 0.500000000 0.500000000 0.000000000 0.000000000 1.000000000 0.000000000 0.000000000 -1.400000000 0.000000000 0.743144825 0.669130606 0.000000000 0.000000000 -0.669130606 0.743144825 0.000000000
0.000000000 0.532139961 0.946026558 0.500000000 0.500000000 0.000000000 0.000000000 1.000000000 0.000000000 0.000000000 -1.425000000 0.000000000 0.734322509 0.678800746 0.000000000 0.000000000 -0.678800746 0.734322509 0.000000000
0.000000000 0.532139961 0.946026558 0.500000000 0.500000000 0.000000000 0.000000000 1.000000000 0.000000000 0.000000000 -1.450000000 0.000000000 0.725374371 0.688354576 0.000000000 0.000000000 -0.688354576 0.725374371 0.000000000
0.000000000 0.532139961 0.946026558 0.500000000 0.500000000 0.000000000 0.000000000 1.000000000 0.000000000 0.000000000 -1.475000000 0.000000000 0.716301943 0.697790460 0.000000000 0.000000000 -0.697790460 0.716301943 0.000000000
0.000000000 0.532139961 0.946026558 0.500000000 0.500000000 0.000000000 0.000000000 1.000000000 0.000000000 0.000000000 -1.500000000 0.000000000 0.707106781 0.707106781 0.000000000 0.000000000 -0.707106781 0.707106781 0.000000000
0.000000000 0.532139961 0.946026558 0.500000000 0.500000000 0.000000000 0.000000000 1.000000000 0.000000000 0.000000000 -1.525000000 0.000000000 0.697790460 0.716301943 0.000000000 -0.000000000 -0.716301943 0.697790460 -0.000000000
0.000000000 0.532139961 0.946026558 0.500000000 0.500000000 0.000000000 0.000000000 1.000000000 0.000000000 0.000000000 -1.550000000 0.000000000 0.688354576 0.725374371 0.000000000 -0.000000000 -0.725374371 0.688354576 -0.000000000
0.000000000 0.532139961 0.946026558 0.500000000 0.500000000 0.000000000 0.000000000 1.000000000 0.000000000 0.000000000 -1.575000000 0.000000000 0.678800746 0.734322509 0.000000000 -0.000000000 -0.734322509 0.678800746 -0.000000000
0.000000000 0.532139961 0.946026558 0.500000000 0.500000000 0.000000000 0.000000000 1.000000000 0.000000000 0.000000000 -1.600000000 0.000000000 0.669130606 0.743144825 0.000000000 -0.000000000 -0.743144825 0.669130606 -0.000000000
0.000000000 0.532139961 0.946026558 0.500000000 0.500000000 0.000000000 0.000000000 1.000000000 0.000000000 0.000000000 -1.625000000 0.000000000 0.659345815 0.751839807 0.000000000 -0.000000000 -0.751839807 0.659345815 -0.000000000
0.000000000 0.532139961 0.946026558 0.500000000 0.500000000 0.000000000 0.000000000 1.000000000 0.000000000 0.000000000 -1.650000000 0.000000000 0.649448048 0.760405966 0.000000000 -0.000000000 -0.760405966 0.649448048 -0.000000000
0.000000000 0.532139961 0.946026558 0.500000000 0.500000000 0.000000000 0.000000000 1.000000000 0.000000000 0.000000000 -1.675000000 0.000000000 0.639439002 0.768841832 0.000000000 -0.000000000 -0.768841832 0.639439002 -0.000000000
0.000000000 0.532139961 0.946026558 0.500000000 0.500000000 0.000000000 0.000000000 1.000000000 0.000000000 0.000000000 -1.700000000 0.000000000 0.629320391 0.777145961 0.000000000 -0.000000000 -0.777145961 0.629320391 -0.000000000
0.000000000 0.532139961 0.946026558 0.500000000 0.500000000 0.000000000 0.000000000 1.000000000 0.000000000 0.000000000 -1.725000000 0.000000000 0.619093949 0.785316931 0.000000000 -0.000000000 -0.785316931 0.619093949 -0.000000000
0.000000000 0.532139961 0.946026558 0.500000000 0.500000000 0.000000000 0.000000000 1.000000000 0.000000000 0.000000000 -1.750000000 0.000000000 0.608761429 0.793353340 0.000000000 -0.000000000 -0.793353340 0.608761429 -0.000000000
0.000000000 0.532139961 0.946026558 0.500000000 0.500000000 0.000000000 0.000000000 1.000000000 0.000000000 0.000000000 -1.775000000 0.000000000 0.598324601 0.801253813 0.000000000 -0.000000000 -0.801253813 0.598324601 -0.000000000
0.000000000 0.532139961 0.946026558 0.500000000 0.500000000 0.000000000 0.000000000 1.000000000 0.000000000 0.000000000 -1.800000000 0.000000000 0.587785252 0.809016994 0.000000000 -0.000000000 -0.809016994 0.587785252 -0.000000000
0.000000000 0.532139961 0.946026558 0.500000000 0.500000000 0.000000000 0.000000000 1.000000000 0.000000000 0.000000000 -1.825000000 0.000000000 0.577145190 0.816641555 0.000000000 -0.000000000 -0.816641555 0.577145190 -0.000000000
0.000000000 0.532139961 0.946026558 0.500000000 0.500000000 0.000000000 0.000000000 1.000000000 0.000000000 0.000000000 -1.850000000 0.000000000 0.566406237 0.824126189 0.000000000 -0.000000000 -0.824126189 0.566406237 -0.000000000
0.000000000 0.532139961 0.946026558 0.500000000 0.500000000 0.000000000 0.000000000 1.000000000 0.000000000 0.000000000 -1.875000000 0.000000000 0.555570233 0.831469612 0.000000000 -0.000000000 -0.831469612 0.555570233 -0.000000000
0.000000000 0.532139961 0.946026558 0.500000000 0.500000000 0.000000000 0.000000000 1.000000000 0.000000000 0.000000000 -1.900000000 0.000000000 0.544639035 0.838670568 0.000000000 -0.000000000 -0.838670568 0.544639035 -0.000000000
0.000000000 0.532139961 0.946026558 0.500000000 0.500000000 0.000000000 0.000000000 1.000000000 0.000000000 0.000000000 -1.925000000 0.000000000 0.533614516 0.845727822 0.000000000 -0.000000000 -0.845727822 0.533614516 -0.000000000
0.000000000 0.532139961 0.946026558 0.500000000 0.500000000 0.000000000 0.000000000 1.000000000 0.000000000 0.000000000 -1.950000000 0.000000000 0.522498565 0.852640164 0.000000000 -0.000000000 -0.852640164 0.522498565 -0.000000000
0.000000000 0.532139961 0.946026558 0.500000000 0.500000000 0.000000000 0.000000000 1.000000000 0.000000000 0.000000000 -1.975000000 0.000000000 0.511293086 0.859406412 0.000000000 -0.000000000 -0.859406412 0.511293086 -0.000000000
0.000000000 0.532139961 0.946026558 0.500000000 0.500000000 0.000000000 0.000000000 1.000000000 0.000000000 0.000000000 -2.000000000 0.000000000 0.500000000 0.866025404 0.000000000 -0.000000000 -0.866025404 0.500000000 -0.000000000
