0.000000000 0.532139961 0.946026558 0.500000000 0.500000000 0.000000000 0.000000000 1.000000000 0.000000000 0.000000000 0.000000000 0.000000000 1.000000000 0.000000000 0.000000000 0.000000000 0.000000000 1.000000000 0.000000000
0.000000000 0.532139961 0.946026558 0.500000000 0.500000000 0.000000000 0.000000000 0.999957164 0.000042836 0.009255742 -0.017840532 0.000042836 0.999957164 -0.009255742 0.000162863 -0.009255742 0.009255742 0.999914328 -0.017512535
0.000000000 0.532139961 0.946026558 0.500000000 0.500000000 0.000000000 0.000000000 0.999828662 0.000171338 0.018509898 -0.035842385 0.000171338 0.999828662 -0.018509898 0.000487046 -0.018509898 0.018509898 0.999657325 -0.034856935
0.000000000 0.532139961 0.946026558 0.500000000 0.500000000 0.000000000 0.000000000 0.999614518 0.000385482 0.027760882 -0.054003988 0.000385482 0.999614518 -0.027760882 0.000970979 -0.027760882 0.027760882 0.999229036 -0.052030228
0.000000000 0.532139961 0.946026558 0.500000000 0.500000000 0.000000000 0.000000000 0.999314767 0.000685233 0.037007110 -0.072323743 0.000685233 0.999314767 -0.037007110 0.001613065 -0.037007110 0.037007110 0.998629535 -0.069029472
0.000000000 0.532139961 0.946026558 0.500000000 0.500000000 0.000000000 0.000000000 0.998929462 0.001070538 0.046246996 -0.090800027 0.001070538 0.998929462 -0.046246996 0.002411680 -0.046246996 0.046246996 0.997858923 -0.085851753
0.000000000 0.532139961 0.946026558 0.500000000 0.500000000 0.000000000 0.000000000 0.998458667 0.001541333 0.055478959 -0.109431188 0.001541333 0.998458667 -0.055478959 0.003365171 -0.055478959 0.055478959 0.996917334 -0.102494189
0.000000000 0.532139961 0.946026558 0.500000000 0.500000000 0.000000000 0.000000000 0.997902464 0.002097536 0.064701415 -0.128215549 0.002097536 0.997902464 -0.064701415 0.004471862 -0.064701415 0.064701415 0.995804928 -0.118953929
0.000000000 0.532139961 0.946026558 0.500000000 0.500000000 0.000000000 0.000000000 0.997260948 0.002739052 0.073912785 -0.147151404 0.002739052 0.997260948 -0.073912785 0.005730048 -0.073912785 0.073912785 0.994521895 -0.135228153
0.000000000 0.532139961 0.946026558 0.500000000 0.500000000 0.000000000 0.000000000 0.996534228 0.003465772 0.083111491 -0.166237024 0.003465772 0.996534228 -0.083111491 0.007137998 -0.083111491 0.083111491 0.993068457 -0.151314071
0.000000000 0.532139961 0.946026558 0.500000000 0.500000000 0.000000000 0.000000000 0.995722431 0.004277569 0.092295956 -0.185470653 0.004277569 0.995722431 -0.092295956 0.008693958 -0.092295956 0.092295956 0.991444861 -0.167208929
0.000000000 0.532139961 0.946026558 0.500000000 0.500000000 0.000000000 0.000000000 0.994825693 0.005174307 0.101464606 -0.204850511 0.005174307 0.994825693 -0.101464606 0.010396146 -0.101464606 0.101464606 0.989651387 -0.182910001
0.000000000 0.532139961 0.946026558 0.500000000 0.500000000 0.000000000 0.000000000 0.993844170 0.006155830 0.110615871 -0.224374791 0.006155830 0.993844170 -0.110615871 0.012242756 -0.110615871 0.110615871 0.987688341 -0.198414598
0.000000000 0.532139961 0.946026558 0.500000000 0.500000000 0.000000000 0.000000000 0.992778030 0.007221970 0.119748183 -0.244041661 0.007221970 0.992778030 -0.119748183 0.014231958 -0.119748183 0.119748183 0.985556059 -0.213720064
0.000000000 0.532139961 0.946026558 0.500000000 0.500000000 0.000000000 0.000000000 0.991627454 0.008372546 0.128859976 -0.263849268 0.008372546 0.991627454 -0.128859976 0.016361895 -0.128859976 0.128859976 0.983254908 -0.228823775
0.000000000 0.532139961 0.946026558 0.500000000 0.500000000 0.000000000 0.000000000 0.990392640 0.009607360 0.137949690 -0.283795731 0.009607360 0.990392640 -0.137949690 0.018630688 -0.137949690 0.137949690 0.980785280 -0.243723144
0.000000000 0.532139961 0.946026558 0.500000000 0.500000000 0.000000000 0.000000000 0.989073800 0.010926200 0.147015766 -0.303879147 0.010926200 0.989073800 -0.147015766 0.021036434 -0.147015766 0.147015766 0.978147601 -0.258415618
0.000000000 0.532139961 0.946026558 0.500000000 0.500000000 0.000000000 0.000000000 0.987671160 0.012328840 0.156056653 -0.324097589 0.012328840 0.987671160 -0.156056653 0.023577207 -0.156056653 0.156056653 0.975342321 -0.272898679
0.000000000 0.532139961 0.946026558 0.500000000 0.500000000 0.000000000 0.000000000 0.986184960 0.013815040 0.165070800 -0.344449108 0.013815040 0.986184960 -0.165070800 0.026251056 -0.165070800 0.165070800 0.972369920 -0.287169846
0.000000000 0.532139961 0.946026558 0.500000000 0.500000000 0.000000000 0.000000000 0.984615455 0.015384545 0.174056663 -0.364931731 0.015384545 0.984615455 -0.174056663 0.029056010 -0.174056663 0.174056663 0.969230910 -0.301226674
0.000000000 0.532139961 0.946026558 0.500000000 0.500000000 0.000000000 0.000000000 0.982962913 0.017037087 0.183012702 -0.385543462 0.017037087 0.982962913 -0.183012702 0.031990072 -0.183012702 0.183012702 0.965925826 -0.315066753
0.000000000 0.532139961 0.946026558 0.500000000 0.500000000 0.000000000 0.000000000 0.981227618 0.018772382 0.191937383 -0.406282285 0.018772382 0.981227618 -0.191937383 0.035051225 -0.191937383 0.191937383 0.962455236 -0.328687713
0.000000000 0.532139961 0.946026558 0.500000000 0.500000000 0.000000000 0.000000000 0.979409867 0.020590133 0.200829176 -0.427146161 0.020590133 0.979409867 -0.200829176 0.038237432 -0.200829176 0.200829176 0.958819735 -0.342087220
0.000000000 0.532139961 0.946026558 0.500000000 0.500000000 0.000000000 0.000000000 0.977509972 0.022490028 0.209686559 -0.448133029 0.022490028 0.977509972 -0.209686559 0.041546630 -0.209686559 0.209686559 0.955019944 -0.355262977
0.000000000 0.532139961 0.946026558 0.500000000 0.500000000 0.000000000 0.000000000 0.975528258 0.024471742 0.218508012 -0.469240808 0.024471742 0.975528258 -0.218508012 0.044976739 -0.218508012 0.218508012 0.951056516 -0.368212728
0.000000000 0.532139961 0.946026558 0.500000000 0.500000000 0.000000000 0.000000000 0.973465065 0.026534935 0.227292026 -0.490467395 0.026534935 0.973465065 -0.227292026 0.048525657 -0.227292026 0.227292026 0.946930129 -0.380934252
0.000000000 0.532139961 0.946026558 0.500000000 0.500000000 0.000000000 0.000000000 0.971320746 0.028679254 0.236037094 -0.511810668 0.028679254 0.971320746 -0.236037094 0.052191260 -0.236037094 0.236037094 0.942641491 -0.393425371
0.000000000 0.532139961 0.946026558 0.500000000 0.500000000 0.000000000 0.000000000 0.969095668 0.030904332 0.244741718 -0.533268484 0.030904332 0.969095668 -0.244741718 0.055971407 -0.244741718 0.244741718 0.938191336 -0.405683944
0.000000000 0.532139961 0.946026558 0.500000000 0.500000000 0.000000000 0.000000000 0.966790213 0.033209787 0.253404407 -0.554838681 0.033209787 0.966790213 -0.253404407 0.059863934 -0.253404407 0.253404407 0.933580426 -0.417707871
0.000000000 0.532139961 0.946026558 0.500000000 0.500000000 0.000000000 0.000000000 0.964404776 0.035595224 0.262023677 -0.576519078 0.035595224 0.964404776 -0.262023677 0.063866662 -0.262023677 0.262023677 0.928809553 -0.429495092
0.000000000 0.532139961 0.946026558 0.500000000 0.500000000 0.000000000 0.000000000 0.961939766 0.038060234 0.270598050 -0.598307474 0.038060234 0.961939766 -0.270598050 0.067977388 -0.270598050 0.270598050 0.923879533 -0.441043586
0.000000000 0.532139961 0.946026558 0.500000000 0.500000000 0.000000000 0.000000000 0.959395605 0.040604395 0.279126058 -0.620201651 0.040604395 0.959395605 -0.279126058 0.072193895 -0.279126058 0.279126058 0.918791210 -0.452351375
0.000000000 0.532139961 0.946026558 0.500000000 0.500000000 0.000000000 0.000000000 0.956772729 0.043227271 0.287606238 -0.642199371 0.043227271 0.956772729 -0.287606238 0.076513946 -0.287606238 0.287606238 0.913545458 -0.463416522
0.000000000 0.532139961 0.946026558 0.500000000 0.500000000 0.000000000 0.000000000 0.954071587 0.045928413 0.296037139 -0.664298380 0.045928413 0.954071587 -0.296037139 0.080935285 -0.296037139 0.296037139 0.908143174 -0.474237130
0.000000000 0.532139961 0.946026558 0.500000000 0.500000000 0.000000000 0.000000000 0.951292642 0.048707358 0.304417316 -0.686496406 0.048707358 0.951292642 -0.304417316 0.085455642 -0.304417316 0.304417316 0.902585284 -0.484811346
0.000000000 0.532139961 0.946026558 0.500000000 0.500000000 0.000000000 0.000000000 0.948436371 0.051563629 0.312745332 -0.708791159 0.051563629 0.948436371 -0.312745332 0.090072725 -0.312745332 0.312745332 0.896872742 -0.495137357
0.000000000 0.532139961 0.946026558 0.500000000 0.500000000 0.000000000 0.000000000 0.945503262 0.054496738 0.321019761 -0.731180334 0.054496738 0.945503262 -0.321019761 0.094784231 -0.321019761 0.321019761 0.891006524 -0.505213395
0.000000000 0.532139961 0.946026558 0.500000000 0.500000000 0.000000000 0.000000000 0.942493819 0.057506181 0.329239185 -0.753661610 0.057506181 0.942493819 -0.329239185 0.099587838 -0.329239185 0.329239185 0.884987637 -0.515037732
0.000000000 0.532139961 0.946026558 0.500000000 0.500000000 0.000000000 0.000000000 0.939408556 0.060591444 0.337402195 -0.776232649 0.060591444 0.939408556 -0.337402195 0.104481207 -0.337402195 0.337402195 0.878817113 -0.524608686
0.000000000 0.532139961 0.946026558 0.500000000 0.500000000 0.000000000 0.000000000 0.936248004 0.063751996 0.345507393 -0.798891097 0.063751996 0.936248004 -0.345507393 0.109461985 -0.345507393 0.345507393 0.872496007 -0.533924617
0.000000000 0.532139961 0.946026558 0.500000000 0.500000000 0.000000000 0.000000000 0.933012702 0.066987298 0.353553391 -0.821634587 0.066987298 0.933012702 -0.353553391 0.114527806 -0.353553391 0.353553391 0.866025404 -0.542983927
0.000000000 0.532139961 0.946026558 0.500000000 0.500000000 0.000000000 0.000000000 0.929703206 0.070296794 0.361538808 -0.844460737 0.070296794 0.929703206 -0.361538808 0.119676286 -0.361538808 0.361538808 0.859406412 -0.551785066
0.000000000 0.532139961 0.946026558 0.500000000 0.500000000 0.000000000 0.000000000 0.926320082 0.073679918 0.369462278 -0.867367149 0.073679918 0.926320082 -0.369462278 0.124905029 -0.369462278 0.369462278 0.852640164 -0.560326525
0.000000000 0.532139961 0.946026558 0.500000000 0.500000000 0.000000000 0.000000000 0.922863911 0.077136089 0.377322443 -0.890351414 0.077136089 0.922863911 -0.377322443 0.130211624 -0.377322443 0.377322443 0.845727822 -0.568606841
0.000000000 0.532139961 0.946026558 0.500000000 0.500000000 0.000000000 0.000000000 0.919335284 0.080664716 0.385117955 -0.913411107 0.080664716 0.919335284 -0.385117955 0.135593648 -0.385117955 0.385117955 0.838670568 -0.576624594
0.000000000 0.532139961 0.946026558 0.500000000 0.500000000 0.000000000 0.000000000 0.915734806 0.084265194 0.392847479 -0.936543792 0.084265194 0.915734806 -0.392847479 0.141048664 -0.392847479 0.392847479 0.831469612 -0.584378411
0.000000000 0.532139961 0.946026558 0.500000000 0.500000000 0.000000000 0.000000000 0.912063094 0.087936906 0.400509691 -0.959747020 0.087936906 0.912063094 -0.400509691 0.146574222 -0.400509691 0.400509691 0.824126189 -0.591866964
0.000000000 0.532139961 0.946026558 0.500000000 0.500000000 0.000000000 0.000000000 0.908320778 0.091679222 0.408103278 -0.983018330 0.091679222 0.908320778 -0.408103278 0.152167862 -0.408103278 0.408103278 0.816641555 -0.599088968
0.000000000 0.532139961 0.946026558 0.500000000 0.500000000 0.000000000 0.000000000 0.904508497 0.095491503 0.415626938 -1.006355248 0.095491503 0.904508497 -0.415626938 0.157827110 -0.415626938 0.415626938 0.809016994 -0.606043188
0.000000000 0.532139961 0.946026558 0.500000000 0.500000000 0.000000000 0.000000000 0.900626906 0.099373094 0.423079382 -1.029755290 0.099373094 0.900626906 -0.423079382 0.163549483 -0.423079382 0.423079382 0.801253813 -0.612728430
0.000000000 0.532139961 0.946026558 0.500000000 0.500000000 0.000000000 0.000000000 0.896676670 0.103323330 0.430459335 -1.053215962 0.103323330 0.896676670 -0.430459335 0.169332485 -0.430459335 0.430459335 0.793353340 -0.619143551
0.000000000 0.532139961 0.946026558 0.500000000 0.500000000 0.000000000 0.000000000 0.892658465 0.107341535 0.437765530 -1.076734757 0.107341535 0.892658465 -0.437765530 0.175173611 -0.437765530 0.437765530 0.785316931 -0.625287450
0.000000000 0.532139961 0.946026558 0.500000000 0.500000000 0.000000000 0.000000000 0.888572981 0.111427019 0.444996716 -1.100309162 0.111427019 0.888572981 -0.444996716 0.181070346 -0.444996716 0.444996716 0.777145961 -0.631159074
0.000000000 0.532139961 0.946026558 0.500000000 0.500000000 0.000000000 0.000000000 0.884420916 0.115579084 0.452151654 -1.123936650 0.115579084 0.884420916 -0.452151654 0.187020165 -0.452151654 0.452151654 0.768841832 -0.636757418
0.000000000 0.532139961 0.946026558 0.500000000 0.500000000 0.000000000 0.000000000 0.880202983 0.119797017 0.459229119 -1.147614688 0.119797017 0.880202983 -0.459229119 0.193020533 -0.459229119 0.459229119 0.760405966 -0.642081523
0.000000000 0.532139961 0.946026558 0.500000000 0.500000000 0.000000000 0.000000000 0.875919904 0.124080096 0.466227897 -1.171340733 0.124080096 0.875919904 -0.466227897 0.199068909 -0.466227897 0.466227897 0.751839807 -0.647130476
0.000000000 0.532139961 0.946026558 0.500000000 0.500000000 0.000000000 0.000000000 0.871572413 0.128427587 0.473146789 -1.195112235 0.128427587 0.871572413 -0.473146789 0.205162741 -0.473146789 0.473146789 0.743144825 -0.651903412
0.000000000 0.532139961 0.946026558 0.500000000 0.500000000 0.000000000 0.000000000 0.867161255 0.132838745 0.479984610 -1.218926634 0.132838745 0.867161255 -0.479984610 0.211299471 -0.479984610 0.479984610 0.734322509 -0.656399514
0.000000000 0.532139961 0.946026558 0.500000000 0.500000000 0.000000000 0.000000000 0.862687186 0.137312814 0.486740188 -1.242781366 0.137312814 0.862687186 -0.486740188 0.217476533 -0.486740188 0.486740188 0.725374371 -0.660618010
0.000000000 0.532139961 0.946026558 0.500000000 0.500000000 0.000000000 0.000000000 0.858150972 0.141849028 0.493412366 -1.266673856 0.141849028 0.858150972 -0.493412366 0.223691353 -0.493412366 0.493412366 0.716301943 -0.664558178
0.000000000 0.532139961 0.946026558 0.500000000 0.500000000 0.000000000 0.000000000 0.853553391 0.146446609 0.500000000 -1.290601525 0.146446609 0.853553391 -0.500000000 0.229941353 -0.500000000 0.500000000 0.707106781 -0.668219343
0.000000000 0.532139961 0.946026558 0.500000000 0.500000000 0.000000000 0.000000000 0.848895230 0.151104770 0.506501962 -1.314561789 0.151104770 0.848895230 -0.506501962 0.236223947 -0.506501962 0.506501962 0.697790460 -0.671600878
0.000000000 0.532139961 0.946026558 0.500000000 0.500000000 0.000000000 0.000000000 0.844177288 0.155822712 0.512917137 -1.338552056 0.155822712 0.844177288 -0.512917137 0.242536545 -0.512917137 0.512917137 0.688354576 -0.674702203
0.000000000 0.532139961 0.946026558 0.500000000 0.500000000 0.000000000 0.000000000 0.839400373 0.160599627 0.519244426 -1.362569729 0.160599627 0.839400373 -0.519244426 0.248876549 -0.519244426 0.519244426 0.678800746 -0.677522787
0.000000000 0.532139961 0.946026558 0.500000000 0.500000000 0.000000000 0.000000000 0.834565303 0.165434697 0.525482745 -1.386612209 0.165434697 0.834565303 -0.525482745 0.255241359 -0.525482745 0.525482745 0.669130606 -0.680062146
0.000000000 0.532139961 0.946026558 0.500000000 0.500000000 0.000000000 0.000000000 0.829672908 0.170327092 0.531631026 -1.410676890 0.170327092 0.829672908 -0.531631026 0.261628371 -0.531631026 0.531631026 0.659345815 -0.682319846
0.000000000 0.532139961 0.946026558 0.500000000 0.500000000 0.000000000 0.000000000 0.824724024 0.175275976 0.537688215 -1.434761164 0.175275976 0.824724024 -0.537688215 0.268034975 -0.537688215 0.537688215 0.649448048 -0.684295500
0.000000000 0.532139961 0.946026558 0.500000000 0.500000000 0.000000000 0.000000000 0.819719501 0.180280499 0.543653273 -1.458862417 0.180280499 0.819719501 -0.543653273 0.274458559 -0.543653273 0.543653273 0.639439002 -0.685988768
0.000000000 0.532139961 0.946026558 0.500000000 0.500000000 0.000000000 0.000000000 0.814660196 0.185339804 0.549525179 -1.482978035 0.185339804 0.814660196 -0.549525179 0.280896507 -0.549525179 0.549525179 0.629320391 -0.687399362
0.000000000 0.532139961 0.946026558 0.500000000 0.500000000 0.000000000 0.000000000 0.809546975 0.190453025 0.555302927 -1.507105401 0.190453025 0.809546975 -0.555302927 0.287346203 -0.555302927 0.555302927 0.619093949 -0.688527038
0.000000000 0.532139961 0.946026558 0.500000000 0.500000000 0.000000000 0.000000000 0.804380715 0.195619285 0.560985527 -1.531241894 0.195619285 0.804380715 -0.560985527 0.293805027 -0.560985527 0.560985527 0.608761429 -0.689371605
0.000000000 0.532139961 0.946026558 0.500000000 0.500000000 0.000000000 0.000000000 0.799162300 0.200837700 0.566572004 -1.555384894 0.200837700 0.799162300 -0.566572004 0.300270357 -0.566572004 0.566572004 0.598324601 -0.689932917
0.000000000 0.532139961 0.946026558 0.500000000 0.500000000 0.000000000 0.000000000 0.793892626 0.206107374 0.572061403 -1.579531778 0.206107374 0.793892626 -0.572061403 0.306739571 -0.572061403 0.572061403 0.587785252 -0.690210878
0.000000000 0.532139961 0.946026558 0.500000000 0.500000000 0.000000000 0.000000000 0.788572595 0.211427405 0.577452781 -1.603679923 0.211427405 0.788572595 -0.577452781 0.313210047 -0.577452781 0.577452781 0.577145190 -0.690205440
0.000000000 0.532139961 0.946026558 0.500000000 0.500000000 0.000000000 0.000000000 0.783203118 0.216796882 0.582745217 -1.627826706 0.216796882 0.783203118 -0.582745217 0.319679161 -0.582745217 0.582745217 0.566406237 -0.689916605
0.000000000 0.532139961 0.946026558 0.500000000 0.500000000 0.000000000 0.000000000 0.777785117 0.222214883 0.587937801 -1.651969504 0.222214883 0.777785117 -0.587937801 0.326144290 -0.587937801 0.587937801 0.555570233 -0.689344422
0.000000000 0.532139961 0.946026558 0.500000000 0.500000000 0.000000000 0.000000000 0.772319518 0.227680482 0.593029646 -1.676105696 0.227680482 0.772319518 -0.593029646 0.332602811 -0.593029646 0.593029646 0.544639035 -0.688488989
0.000000000 0.532139961 0.946026558 0.500000000 0.500000000 0.000000000 0.000000000 0.766807258 0.233192742 0.598019878 -1.700232659 0.233192742 0.766807258 -0.598019878 0.339052105 -0.598019878 0.598019878 0.533614516 -0.687350452
0.000000000 0.532139961 0.946026558 0.500000000 0.500000000 0.000000000 0.000000000 0.761249282 0.238750718 0.602907642 -1.724347774 0.238750718 0.761249282 -0.602907642 0.345489551 -0.602907642 0.602907642 0.522498565 -0.685929007
0.000000000 0.532139961 0.946026558 0.500000000 0.500000000 0.000000000 0.000000000 0.755646543 0.244353457 0.607692101 -1.748448424 0.244353457 0.755646543 -0.607692101 0.351912531 -0.607692101 0.607692101 0.511293086 -0.684224897
0.000000000 0.532139961 0.946026558 0.500000000 0.500000000 0.000000000 0.000000000 0.750000000 0.250000000 0.612372436 -1.772531994 0.250000000 0.750000000 -0.612372436 0.358318431 -0.612372436 0.612372436 0.500000000 -0.682238414
