0.000000000 0.532139961 0.946026558 0.500000000 0.500000000 0.000000000 0.000000000 1.000000000 0.000000000 0.000000000 0.000000000 0.000000000 1.000000000 0.000000000 0.000000000 0.000000000 0.000000000 1.000000000 0.000000000
0.000000000 0.532139961 0.946026558 0.500000000 0.500000000 0.000000000 0.000000000 0.999914328 0.000000000 -0.013089596 -0.000327240 0.000000000 1.000000000 0.000000000 0.000000000 0.013089596 0.000000000 0.999914328 0.024997858
0.000000000 0.532139961 0.946026558 0.500000000 0.500000000 0.000000000 0.000000000 0.999657325 0.000000000 -0.026176948 -0.000981664 0.000000000 1.000000000 0.000000000 0.000000000 0.026176948 0.000000000 0.999657325 0.049989291
0.000000000 0.532139961 0.946026558 0.500000000 0.500000000 0.000000000 0.000000000 0.999229036 0.000000000 -0.039259816 -0.001963159 0.000000000 1.000000000 0.000000000 0.000000000 0.039259816 0.000000000 0.999229036 0.074970017
0.000000000 0.532139961 0.946026558 0.500000000 0.500000000 0.000000000 0.000000000 0.998629535 0.000000000 -0.052335956 -0.003271558 0.000000000 1.000000000 0.000000000 0.000000000 0.052335956 0.000000000 0.998629535 0.099935756
0.000000000 0.532139961 0.946026558 0.500000000 0.500000000 0.000000000 0.000000000 0.997858923 0.000000000 -0.065403129 -0.004906636 0.000000000 1.000000000 0.000000000 0.000000000 0.065403129 0.000000000 0.997858923 0.124882229
0.000000000 0.532139961 0.946026558 0.500000000 0.500000000 0.000000000 0.000000000 0.996917334 0.000000000 -0.078459096 -0.006868114 0.000000000 1.000000000 0.000000000 0.000000000 0.078459096 0.000000000 0.996917334 0.149805162
0.000000000 0.532139961 0.946026558 0.500000000 0.500000000 0.000000000 0.000000000 0.995804928 0.000000000 -0.091501619 -0.009155654 0.000000000 1.000000000 0.000000000 0.000000000 0.091501619 0.000000000 0.995804928 0.174700285
0.000000000 0.532139961 0.946026558 0.500000000 0.500000000 0.000000000 0.000000000 0.994521895 0.000000000 -0.104528463 -0.011768866 0.000000000 1.000000000 0.000000000 0.000000000 0.104528463 0.000000000 0.994521895 0.199563333
0.000000000 0.532139961 0.946026558 0.500000000 0.500000000 0.000000000 0.000000000 0.993068457 0.000000000 -0.117537397 -0.014707301 0.000000000 1.000000000 0.000000000 0.000000000 0.117537397 0.000000000 0.993068457 0.224390044
0.000000000 0.532139961 0.946026558 0.500000000 0.500000000 0.000000000 0.000000000 0.991444861 0.000000000 -0.130526192 -0.017970455 0.000000000 1.000000000 0.000000000 0.000000000 0.130526192 0.000000000 0.991444861 0.249176166
0.000000000 0.532139961 0.946026558 0.500000000 0.500000000 0.000000000 0.000000000 0.989651387 0.000000000 -0.143492622 -0.021557771 0.000000000 1.000000000 0.000000000 0.000000000 0.143492622 0.000000000 0.989651387 0.273917450
0.000000000 0.532139961 0.946026558 0.500000000 0.500000000 0.000000000 0.000000000 0.987688341 0.000000000 -0.156434465 -0.025468632 0.000000000 1.000000000 0.000000000 0.000000000 0.156434465 0.000000000 0.987688341 0.298609659
0.000000000 0.532139961 0.946026558 0.500000000 0.500000000 0.000000000 0.000000000 0.985556059 0.000000000 -0.169349504 -0.029702370 0.000000000 1.000000000 0.000000000 0.000000000 0.169349504 0.000000000 0.985556059 0.323248560
0.000000000 0.532139961 0.946026558 0.500000000 0.500000000 0.000000000 0.000000000 0.983254908 0.000000000 -0.182235525 -0.034258258 0.000000000 1.000000000 0.000000000 0.000000000 0.182235525 0.000000000 0.983254908 0.347829933
0.000000000 0.532139961 0.946026558 0.500000000 0.500000000 0.000000000 0.000000000 0.980785280 0.000000000 -0.195090322 -0.039135516 0.000000000 1.000000000 0.000000000 0.000000000 0.195090322 0.000000000 0.980785280 0.372349565
0.000000000 0.532139961 0.946026558 0.500000000 0.500000000 0.000000000 0.000000000 0.978147601 0.000000000 -0.207911691 -0.044333309 0.000000000 1.000000000 0.000000000 0.000000000 0.207911691 0.000000000 0.978147601 0.396803255
0.000000000 0.532139961 0.946026558 0.500000000 0.500000000 0.000000000 0.000000000 0.975342321 0.000000000 -0.220697435 -0.049850744 0.000000000 1.000000000 0.000000000 0.000000000 0.220697435 0.000000000 0.975342321 0.421186813
0.000000000 0.532139961 0.946026558 0.500000000 0.500000000 0.000000000 0.000000000 0.972369920 0.000000000 -0.233445364 -0.055686879 0.000000000 1.000000000 0.000000000 0.000000000 0.233445364 0.000000000 0.972369920 0.445496061
0.000000000 0.532139961 0.946026558 0.500000000 0.500000000 0.000000000 0.000000000 0.969230910 0.000000000 -0.246153293 -0.061840711 0.000000000 1.000000000 0.000000000 0.000000000 0.246153293 0.000000000 0.969230910 0.469726834
0.000000000 0.532139961 0.946026558 0.500000000 0.500000000 0.000000000 0.000000000 0.965925826 0.000000000 -0.258819045 -0.068311187 0.000000000 1.000000000 0.000000000 0.000000000 0.258819045 0.000000000 0.965925826 0.493874979
0.000000000 0.532139961 0.946026558 0.500000000 0.500000000 0.000000000 0.000000000 0.962455236 0.000000000 -0.271440450 -0.075097198 0.000000000 1.000000000 0.000000000 0.000000000 0.271440450 0.000000000 0.962455236 0.517936360
0.000000000 0.532139961 0.946026558 0.500000000 0.500000000 0.000000000 0.000000000 0.958819735 0.000000000 -0.284015345 -0.082197582 0.000000000 1.000000000 0.000000000 0.000000000 0.284015345 0.000000000 0.958819735 0.541906854
0.000000000 0.532139961 0.946026558 0.500000000 0.500000000 0.000000000 0.000000000 0.955019944 0.000000000 -0.296541575 -0.089611121 0.000000000 1.000000000 0.000000000 0.000000000 0.296541575 0.000000000 0.955019944 0.565782352
0.000000000 0.532139961 0.946026558 0.500000000 0.500000000 0.000000000 0.000000000 0.951056516 0.000000000 -0.309016994 -0.097336546 0.000000000 1.000000000 0.000000000 0.000000000 0.309016994 0.000000000 0.951056516 0.589558765
0.000000000 0.532139961 0.946026558 0.500000000 0.500000000 0.000000000 0.000000000 0.946930129 0.000000000 -0.321439465 -0.105372533 0.000000000 1.000000000 0.000000000 0.000000000 0.321439465 0.000000000 0.946930129 0.613232018
0.000000000 0.532139961 0.946026558 0.500000000 0.500000000 0.000000000 0.000000000 0.942641491 0.000000000 -0.333806859 -0.113717704 0.000000000 1.000000000 0.000000000 0.000000000 0.333806859 0.000000000 0.942641491 0.636798056
0.000000000 0.532139961 0.946026558 0.500000000 0.500000000 0.000000000 0.000000000 0.938191336 0.000000000 -0.346117057 -0.122370631 0.000000000 1.000000000 0.000000000 0.000000000 0.346117057 0.000000000 0.938191336 0.660252839
0.000000000 0.532139961 0.946026558 0.500000000 0.500000000 0.000000000 0.000000000 0.933580426 0.000000000 -0.358367950 -0.131329829 0.000000000 1.000000000 0.000000000 0.000000000 0.358367950 0.000000000 0.933580426 0.683592350
0.000000000 0.532139961 0.946026558 0.500000000 0.500000000 0.000000000 0.000000000 0.928809553 0.000000000 -0.370557438 -0.140593765 0.000000000 1.000000000 0.000000000 0.000000000 0.370557438 0.000000000 0.928809553 0.706812589
0.000000000 0.532139961 0.946026558 0.500000000 0.500000000 0.000000000 0.000000000 0.923879533 0.000000000 -0.382683432 -0.150160851 0.000000000 1.000000000 0.000000000 0.000000000 0.382683432 0.000000000 0.923879533 0.729909577
0.000000000 0.532139961 0.946026558 0.500000000 0.500000000 0.000000000 0.000000000 0.918791210 0.000000000 -0.394743856 -0.160029448 0.000000000 1.000000000 0.000000000 0.000000000 0.394743856 0.000000000 0.918791210 0.752879357
0.000000000 0.532139961 0.946026558 0.500000000 0.500000000 0.000000000 0.000000000 0.913545458 0.000000000 -0.406736643 -0.170197864 0.000000000 1.000000000 0.000000000 0.000000000 0.406736643 0.000000000 0.913545458 0.775717994
0.000000000 0.532139961 0.946026558 0.500000000 0.500000000 0.000000000 0.000000000 0.908143174 0.000000000 -0.418659738 -0.180664357 0.000000000 1.000000000 0.000000000 0.000000000 0.418659738 0.000000000 0.908143174 0.798421573
0.000000000 0.532139961 0.946026558 0.500000000 0.500000000 0.000000000 0.000000000 0.902585284 0.000000000 -0.430511097 -0.191427134 0.000000000 1.000000000 0.000000000 0.000000000 0.430511097 0.000000000 0.902585284 0.820986205
0.000000000 0.532139961 0.946026558 0.500000000 0.500000000 0.000000000 0.000000000 0.896872742 0.000000000 -0.442288690 -0.202484352 0.000000000 1.000000000 0.000000000 0.000000000 0.442288690 0.000000000 0.896872742 0.843408024
0.000000000 0.532139961 0.946026558 0.500000000 0.500000000 0.000000000 0.000000000 0.891006524 0.000000000 -0.453990500 -0.213834114 0.000000000 1.000000000 0.000000000 0.000000000 0.453990500 0.000000000 0.891006524 0.865683187
0.000000000 0.532139961 0.946026558 0.500000000 0.500000000 0.000000000 0.000000000 0.884987637 0.000000000 -0.465614520 -0.225474477 0.000000000 1.000000000 0.000000000 0.000000000 0.465614520 0.000000000 0.884987637 0.887807878
0.000000000 0.532139961 0.946026558 0.500000000 0.500000000 0.000000000 0.000000000 0.878817113 0.000000000 -0.477158760 -0.237403446 0.000000000 1.000000000 0.000000000 0.000000000 0.477158760 0.000000000 0.878817113 0.909778305
0.000000000 0.532139961 0.946026558 0.500000000 0.500000000 0.000000000 0.000000000 0.872496007 0.000000000 -0.488621241 -0.249618977 0.000000000 1.000000000 0.000000000 0.000000000 0.488621241 0.000000000 0.872496007 0.931590706
0.000000000 0.532139961 0.946026558 0.500000000 0.500000000 0.000000000 0.000000000 0.866025404 0.000000000 -0.500000000 -0.262118977 0.000000000 1.000000000 0.000000000 0.000000000 0.500000000 0.000000000 0.866025404 0.953241341
0.000000000 0.532139961 0.946026558 0.500000000 0.500000000 0.000000000 0.000000000 0.859406412 0.000000000 -0.511293086 -0.274901304 0.000000000 1.000000000 0.000000000 0.000000000 0.511293086 0.000000000 0.859406412 0.974726501
0.000000000 0.532139961 0.946026558 0.500000000 0.500000000 0.000000000 0.000000000 0.852640164 0.000000000 -0.522498565 -0.287963769 0.000000000 1.000000000 0.000000000 0.000000000 0.522498565 0.000000000 0.852640164 0.996042505
0.000000000 0.532139961 0.946026558 0.500000000 0.500000000 0.000000000 0.000000000 0.845727822 0.000000000 -0.533614516 -0.301304131 0.000000000 1.000000000 0.000000000 0.000000000 0.533614516 0.000000000 0.845727822 1.017185701
0.000000000 0.532139961 0.946026558 0.500000000 0.500000000 0.000000000 0.000000000 0.838670568 0.000000000 -0.544639035 -0.314920107 0.000000000 1.000000000 0.000000000 0.000000000 0.544639035 0.000000000 0.838670568 1.038152465
0.000000000 0.532139961 0.946026558 0.500000000 0.500000000 0.000000000 0.000000000 0.831469612 0.000000000 -0.555570233 -0.328809363 0.000000000 1.000000000 0.000000000 0.000000000 0.555570233 0.000000000 0.831469612 1.058939205
0.000000000 0.532139961 0.946026558 0.500000000 0.500000000 0.000000000 0.000000000 0.824126189 0.000000000 -0.566406237 -0.342969519 0.000000000 1.000000000 0.000000000 0.000000000 0.566406237 0.000000000 0.824126189 1.079542360
0.000000000 0.532139961 0.946026558 0.500000000 0.500000000 0.000000000 0.000000000 0.816641555 0.000000000 -0.577145190 -0.357398149 0.000000000 1.000000000 0.000000000 0.000000000 0.577145190 0.000000000 0.816641555 1.099958399
0.000000000 0.532139961 0.946026558 0.500000000 0.500000000 0.000000000 0.000000000 0.809016994 0.000000000 -0.587785252 -0.372092780 0.000000000 1.000000000 0.000000000 0.000000000 0.587785252 0.000000000 0.809016994 1.120183824
0.000000000 0.532139961 0.946026558 0.500000000 0.500000000 0.000000000 0.000000000 0.801253813 0.000000000 -0.598324601 -0.387050895 0.000000000 1.000000000 0.000000000 0.000000000 0.598324601 0.000000000 0.801253813 1.140215169
0.000000000 0.532139961 0.946026558 0.500000000 0.500000000 0.000000000 0.000000000 0.793353340 0.000000000 -0.608761429 -0.402269931 0.000000000 1.000000000 0.000000000 0.000000000 0.608761429 0.000000000 0.793353340 1.160049002
0.000000000 0.532139961 0.946026558 0.500000000 0.500000000 0.000000000 0.000000000 0.785316931 0.000000000 -0.619093949 -0.417747280 0.000000000 1.000000000 0.000000000 0.000000000 0.619093949 0.000000000 0.785316931 1.179681926
0.000000000 0.532139961 0.946026558 0.500000000 0.500000000 0.000000000 0.000000000 0.777145961 0.000000000 -0.629320391 -0.433480289 0.000000000 1.000000000 0.000000000 0.000000000 0.629320391 0.000000000 0.777145961 1.199110575
0.000000000 0.532139961 0.946026558 0.500000000 0.500000000 0.000000000 0.000000000 0.768841832 0.000000000 -0.639439002 -0.449466264 0.000000000 1.000000000 0.000000000 0.000000000 0.639439002 0.000000000 0.768841832 1.218331621
0.000000000 0.532139961 0.946026558 0.500000000 0.500000000 0.000000000 0.000000000 0.760405966 0.000000000 -0.649448048 -0.465702466 0.000000000 1.000000000 0.000000000 0.000000000 0.649448048 0.000000000 0.760405966 1.237341770
0.000000000 0.532139961 0.946026558 0.500000000 0.500000000 0.000000000 0.000000000 0.751839807 0.000000000 -0.659345815 -0.482186111 0.000000000 1.000000000 0.000000000 0.000000000 0.659345815 0.000000000 0.751839807 1.256137765
0.000000000 0.532139961 0.946026558 0.500000000 0.500000000 0.000000000 0.000000000 0.743144825 0.000000000 -0.669130606 -0.498914376 0.000000000 1.000000000 0.000000000 0.000000000 0.669130606 0.000000000 0.743144825 1.274716385
0.000000000 0.532139961 0.946026558 0.500000000 0.500000000 0.000000000 0.000000000 0.734322509 0.000000000 -0.678800746 -0.515884395 0.000000000 1.000000000 0.000000000 0.000000000 0.678800746 0.000000000 0.734322509 1.293074448
0.000000000 0.532139961 0.946026558 0.500000000 0.500000000 0.000000000 0.000000000 0.725374371 0.000000000 -0.688354576 -0.533093259 0.000000000 1.000000000 0.000000000 0.000000000 0.688354576 0.000000000 0.725374371 1.311208807
0.000000000 0.532139961 0.946026558 0.500000000 0.500000000 0.000000000 0.000000000 0.716301943 0.000000000 -0.697790460 -0.550538021 0.000000000 1.000000000 0.000000000 0.000000000 0.697790460 0.000000000 0.716301943 1.329116356
0.000000000 0.532139961 0.946026558 0.500000000 0.500000000 0.000000000 0.000000000 0.707106781 0.000000000 -0.707106781 -0.568215690 0.000000000 1.000000000 0.000000000 0.000000000 0.707106781 0.000000000 0.707106781 1.346794026
0.000000000 0.532139961 0.946026558 0.500000000 0.500000000 0.000000000 0.000000000 0.697790460 -0.000000000 -0.716301943 -0.586123239 0.000000000 1.000000000 0.000000000 0.000000000 0.716301943 0.000000000 0.697790460 1.364238787
0.000000000 0.532139961 0.946026558 0.500000000 0.500000000 0.000000000 0.000000000 0.688354576 -0.000000000 -0.725374371 -0.604257598 0.000000000 1.000000000 0.000000000 0.000000000 0.725374371 0.000000000 0.688354576 1.381447651
0.000000000 0.532139961 0.946026558 0.500000000 0.500000000 0.000000000 0.000000000 0.678800746 -0.000000000 -0.734322509 -0.622615661 0.000000000 1.000000000 0.000000000 0.000000000 0.734322509 0.000000000 0.678800746 1.398417670
0.000000000 0.532139961 0.946026558 0.500000000 0.500000000 0.000000000 0.000000000 0.669130606 -0.000000000 -0.743144825 -0.641194281 0.000000000 1.000000000 0.000000000 0.000000000 0.743144825 0.000000000 0.669130606 1.415145935
0.000000000 0.532139961 0.946026558 0.500000000 0.500000000 0.000000000 0.000000000 0.659345815 -0.000000000 -0.751839807 -0.659990277 0.000000000 1.000000000 0.000000000 0.000000000 0.751839807 0.000000000 0.659345815 1.431629581
0.000000000 0.532139961 0.946026558 0.500000000 0.500000000 0.000000000 0.000000000 0.649448048 -0.000000000 -0.760405966 -0.679000426 0.000000000 1.000000000 0.000000000 0.000000000 0.760405966 0.000000000 0.649448048 1.447865782
0.000000000 0.532139961 0.946026558 0.500000000 0.500000000 0.000000000 0.000000000 0.639439002 -0.000000000 -0.768841832 -0.698221472 0.000000000 1.000000000 0.000000000 0.000000000 0.768841832 0.000000000 0.639439002 1.463851757
0.000000000 0.532139961 0.946026558 0.500000000 0.500000000 0.000000000 0.000000000 0.629320391 -0.000000000 -0.777145961 -0.717650121 0.000000000 1.000000000 0.000000000 0.000000000 0.777145961 0.000000000 0.629320391 1.479584767
0.000000000 0.532139961 0.946026558 0.500000000 0.500000000 0.000000000 0.000000000 0.619093949 -0.000000000 -0.785316931 -0.737283044 0.000000000 1.000000000 0.000000000 0.000000000 0.785316931 0.000000000 0.619093949 1.495062115
0.000000000 0.532139961 0.946026558 0.500000000 0.500000000 0.000000000 0.000000000 0.608761429 -0.000000000 -0.793353340 -0.757116877 0.000000000 1.000000000 0.000000000 0.000000000 0.793353340 0.000000000 0.608761429 1.510281151
0.000000000 0.532139961 0.946026558 0.500000000 0.500000000 0.000000000 0.000000000 0.598324601 -0.000000000 -0.801253813 -0.777148223 0.000000000 1.000000000 0.000000000 0.000000000 0.801253813 0.000000000 0.598324601 1.525239266
0.000000000 0.532139961 0.946026558 0.500000000 0.500000000 0.000000000 0.000000000 0.587785252 -0.000000000 -0.809016994 -0.797373648 0.000000000 1.000000000 0.000000000 0.000000000 0.809016994 0.000000000 0.587785252 1.539933897
0.000000000 0.532139961 0.946026558 0.500000000 0.500000000 0.000000000 0.000000000 0.577145190 -0.000000000 -0.816641555 -0.817789686 0.000000000 1.000000000 0.000000000 0.000000000 0.816641555 0.000000000 0.577145190 1.554362527
0.000000000 0.532139961 0.946026558 0.500000000 0.500000000 0.000000000 0.000000000 0.566406237 -0.000000000 -0.824126189 -0.838392841 0.000000000 1.000000000 0.000000000 0.000000000 0.824126189 0.000000000 0.566406237 1.568522683
0.000000000 0.532139961 0.946026558 0.500000000 0.500000000 0.000000000 0.000000000 0.555570233 -0.000000000 -0.831469612 -0.859179581 0.000000000 1.000000000 0.000000000 0.000000000 0.831469612 0.000000000 0.555570233 1.582411939
0.000000000 0.532139961 0.946026558 0.500000000 0.500000000 0.000000000 0.000000000 0.544639035 -0.000000000 -0.838670568 -0.880146346 0.000000000 1.000000000 0.000000000 0.000000000 0.838670568 0.000000000 0.544639035 1.596027915
0.000000000 0.532139961 0.946026558 0.500000000 0.500000000 0.000000000 0.000000000 0.533614516 -0.000000000 -0.845727822 -0.901289541 0.000000000 1.000000000 0.000000000 0.000000000 0.845727822 0.000000000 0.533614516 1.609368278
0.000000000 0.532139961 0.946026558 0.500000000 0.500000000 0.000000000 0.000000000 0.522498565 -0.000000000 -0.852640164 -0.922605545 0.000000000 1.000000000 0.000000000 0.000000000 0.852640164 0.000000000 0.522498565 1.622430742
0.000000000 0.532139961 0.946026558 0.500000000 0.500000000 0.000000000 0.000000000 0.511293086 -0.000000000 -0.859406412 -0.944090706 0.000000000 1.000000000 0.000000000 0.000000000 0.859406412 0.000000000 0.511293086 1.635213069
0.000000000 0.532139961 0.946026558 0.500000000 0.500000000 0.000000000 0.000000000 0.500000000 -0.000000000 -0.866025404 -0.965741341 0.000000000 1.000000000 0.000000000 0.000000000 0.866025404 0.000000000 0.500000000 1.647713069
