0.000000000 0.532139961 0.946026558 0.500000000 0.500000000 0.000000000 0.000000000 1.000000000 0.000000000 0.000000000 0.000000000 0.000000000 1.000000000 0.000000000 0.000000000 0.000000000 0.000000000 1.000000000 0.000000000
0.000000000 0.532139961 0.946026558 0.500000000 0.500000000 0.000000000 0.000000000 0.999957164 -0.000042836 0.009255742 -0.017513292 -0.000042836 0.999957164 0.009255742 0.000164377 -0.009255742 -0.009255742 0.999914328 0.017839775
0.000000000 0.532139961 0.946026558 0.500000000 0.500000000 0.000000000 0.000000000 0.999828662 -0.000171338 0.018509898 -0.034860721 -0.000171338 0.999828662 0.018509898 0.000494618 -0.018509898 -0.018509898 0.999657325 0.035838599
0.000000000 0.532139961 0.946026558 0.500000000 0.500000000 0.000000000 0.000000000 0.999614518 -0.000385482 0.027760882 -0.052040829 -0.000385482 0.999614518 0.027760882 0.000992180 -0.027760882 -0.027760882 0.999229036 0.053993387
0.000000000 0.532139961 0.946026558 0.500000000 0.500000000 0.000000000 0.000000000 0.999314767 -0.000685233 0.037007110 -0.069052185 -0.000685233 0.999314767 0.037007110 0.001658493 -0.037007110 -0.037007110 0.998629535 0.072301029
0.000000000 0.532139961 0.946026558 0.500000000 0.500000000 0.000000000 0.000000000 0.998929462 -0.001070538 0.046246996 -0.085893391 -0.001070538 0.998929462 0.046246996 0.002494957 -0.046246996 -0.046246996 0.997858923 0.090758389
0.000000000 0.532139961 0.946026558 0.500000000 0.500000000 0.000000000 0.000000000 0.998458667 -0.001541333 0.055478959 -0.102563075 -0.001541333 0.998458667 0.055478959 0.003502942 -0.055478959 -0.055478959 0.996917334 0.109362303
0.000000000 0.532139961 0.946026558 0.500000000 0.500000000 0.000000000 0.000000000 0.997902464 -0.002097536 0.064701415 -0.119059895 -0.002097536 0.997902464 0.064701415 0.004683792 -0.064701415 -0.064701415 0.995804928 0.128109583
0.000000000 0.532139961 0.946026558 0.500000000 0.500000000 0.000000000 0.000000000 0.997260948 -0.002739052 0.073912785 -0.135382538 -0.002739052 0.997260948 0.073912785 0.006038818 -0.073912785 -0.073912785 0.994521895 0.146997019
0.000000000 0.532139961 0.946026558 0.500000000 0.500000000 0.000000000 0.000000000 0.996534228 -0.003465772 0.083111491 -0.151529724 -0.003465772 0.996534228 0.083111491 0.007569302 -0.083111491 -0.083111491 0.993068457 0.166021372
0.000000000 0.532139961 0.946026558 0.500000000 0.500000000 0.000000000 0.000000000 0.995722431 -0.004277569 0.092295956 -0.167500198 -0.004277569 0.995722431 0.092295956 0.009276497 -0.092295956 -0.092295956 0.991444861 0.185179384
0.000000000 0.532139961 0.946026558 0.500000000 0.500000000 0.000000000 0.000000000 0.994825693 -0.005174307 0.101464606 -0.183292740 -0.005174307 0.994825693 0.101464606 0.011161625 -0.101464606 -0.101464606 0.989651387 0.204467772
0.000000000 0.532139961 0.946026558 0.500000000 0.500000000 0.000000000 0.000000000 0.993844170 -0.006155830 0.110615871 -0.198906158 -0.006155830 0.993844170 0.110615871 0.013225876 -0.110615871 -0.110615871 0.987688341 0.223883231
0.000000000 0.532139961 0.946026558 0.500000000 0.500000000 0.000000000 0.000000000 0.992778030 -0.007221970 0.119748183 -0.214339291 -0.007221970 0.992778030 0.119748183 0.015470413 -0.119748183 -0.119748183 0.985556059 0.243422434
0.000000000 0.532139961 0.946026558 0.500000000 0.500000000 0.000000000 0.000000000 0.991627454 -0.008372546 0.128859976 -0.229591010 -0.008372546 0.991627454 0.128859976 0.017896364 -0.128859976 -0.128859976 0.983254908 0.263082033
0.000000000 0.532139961 0.946026558 0.500000000 0.500000000 0.000000000 0.000000000 0.990392640 -0.009607360 0.137949690 -0.244660214 -0.009607360 0.990392640 0.137949690 0.020504828 -0.137949690 -0.137949690 0.980785280 0.282858660
0.000000000 0.532139961 0.946026558 0.500000000 0.500000000 0.000000000 0.000000000 0.989073800 -0.010926200 0.147015766 -0.259545838 -0.010926200 0.989073800 0.147015766 0.023296874 -0.147015766 -0.147015766 0.978147601 0.302748927
0.000000000 0.532139961 0.946026558 0.500000000 0.500000000 0.000000000 0.000000000 0.987671160 -0.012328840 0.156056653 -0.274246845 -0.012328840 0.987671160 0.156056653 0.026273537 -0.156056653 -0.156056653 0.975342321 0.322749424
0.000000000 0.532139961 0.946026558 0.500000000 0.500000000 0.000000000 0.000000000 0.986184960 -0.013815040 0.165070800 -0.288762229 -0.013815040 0.986184960 0.165070800 0.029435822 -0.165070800 -0.165070800 0.972369920 0.342856725
0.000000000 0.532139961 0.946026558 0.500000000 0.500000000 0.000000000 0.000000000 0.984615455 -0.015384545 0.174056663 -0.303091020 -0.015384545 0.984615455 0.174056663 0.032784701 -0.174056663 -0.174056663 0.969230910 0.363067385
0.000000000 0.532139961 0.946026558 0.500000000 0.500000000 0.000000000 0.000000000 0.982962913 -0.017037087 0.183012702 -0.317232275 -0.017037087 0.982962913 0.183012702 0.036321115 -0.183012702 -0.183012702 0.965925826 0.383377940
0.000000000 0.532139961 0.946026558 0.500000000 0.500000000 0.000000000 0.000000000 0.981227618 -0.018772382 0.191937383 -0.331185087 -0.018772382 0.981227618 0.191937383 0.040045973 -0.191937383 -0.191937383 0.962455236 0.403784912
0.000000000 0.532139961 0.946026558 0.500000000 0.500000000 0.000000000 0.000000000 0.979409867 -0.020590133 0.200829176 -0.344948579 -0.020590133 0.979409867 0.200829176 0.043960150 -0.200829176 -0.200829176 0.958819735 0.424284802
0.000000000 0.532139961 0.946026558 0.500000000 0.500000000 0.000000000 0.000000000 0.977509972 -0.022490028 0.209686559 -0.358521908 -0.022490028 0.977509972 0.209686559 0.048064491 -0.209686559 -0.209686559 0.955019944 0.444874099
0.000000000 0.532139961 0.946026558 0.500000000 0.500000000 0.000000000 0.000000000 0.975528258 -0.024471742 0.218508012 -0.371904262 -0.024471742 0.975528258 0.218508012 0.052359807 -0.218508012 -0.218508012 0.951056516 0.465549274
0.000000000 0.532139961 0.946026558 0.500000000 0.500000000 0.000000000 0.000000000 0.973465065 -0.026534935 0.227292026 -0.385094862 -0.026534935 0.973465065 0.227292026 0.056846876 -0.227292026 -0.227292026 0.946930129 0.486306785
0.000000000 0.532139961 0.946026558 0.500000000 0.500000000 0.000000000 0.000000000 0.971320746 -0.028679254 0.236037094 -0.398092963 -0.028679254 0.971320746 0.236037094 0.061526444 -0.236037094 -0.236037094 0.942641491 0.507143075
0.000000000 0.532139961 0.946026558 0.500000000 0.500000000 0.000000000 0.000000000 0.969095668 -0.030904332 0.244741718 -0.410897853 -0.030904332 0.969095668 0.244741718 0.066399224 -0.244741718 -0.244741718 0.938191336 0.528054575
0.000000000 0.532139961 0.946026558 0.500000000 0.500000000 0.000000000 0.000000000 0.966790213 -0.033209787 0.253404407 -0.423508852 -0.033209787 0.966790213 0.253404407 0.071465895 -0.253404407 -0.253404407 0.933580426 0.549037701
0.000000000 0.532139961 0.946026558 0.500000000 0.500000000 0.000000000 0.000000000 0.964404776 -0.035595224 0.262023677 -0.435925313 -0.035595224 0.964404776 0.262023677 0.076727104 -0.262023677 -0.262023677 0.928809553 0.570088857
0.000000000 0.532139961 0.946026558 0.500000000 0.500000000 0.000000000 0.000000000 0.961939766 -0.038060234 0.270598050 -0.448146623 -0.038060234 0.961939766 0.270598050 0.082183463 -0.270598050 -0.270598050 0.923879533 0.591204437
0.000000000 0.532139961 0.946026558 0.500000000 0.500000000 0.000000000 0.000000000 0.959395605 -0.040604395 0.279126058 -0.460172203 -0.040604395 0.959395605 0.279126058 0.087835552 -0.279126058 -0.279126058 0.918791210 0.612380823
0.000000000 0.532139961 0.946026558 0.500000000 0.500000000 0.000000000 0.000000000 0.956772729 -0.043227271 0.287606238 -0.472001507 -0.043227271 0.956772729 0.287606238 0.093683917 -0.287606238 -0.287606238 0.913545458 0.633614385
0.000000000 0.532139961 0.946026558 0.500000000 0.500000000 0.000000000 0.000000000 0.954071587 -0.045928413 0.296037139 -0.483634023 -0.045928413 0.954071587 0.296037139 0.099729072 -0.296037139 -0.296037139 0.908143174 0.654901487
0.000000000 0.532139961 0.946026558 0.500000000 0.500000000 0.000000000 0.000000000 0.951292642 -0.048707358 0.304417316 -0.495069271 -0.048707358 0.951292642 0.304417316 0.105971493 -0.304417316 -0.304417316 0.902585284 0.676238480
0.000000000 0.532139961 0.946026558 0.500000000 0.500000000 0.000000000 0.000000000 0.948436371 -0.051563629 0.312745332 -0.506306807 -0.051563629 0.948436371 0.312745332 0.112411626 -0.312745332 -0.312745332 0.896872742 0.697621709
0.000000000 0.532139961 0.946026558 0.500000000 0.500000000 0.000000000 0.000000000 0.945503262 -0.054496738 0.321019761 -0.517346220 -0.054496738 0.945503262 0.321019761 0.119049883 -0.321019761 -0.321019761 0.891006524 0.719047509
0.000000000 0.532139961 0.946026558 0.500000000 0.500000000 0.000000000 0.000000000 0.942493819 -0.057506181 0.329239185 -0.528187133 -0.057506181 0.942493819 0.329239185 0.125886640 -0.329239185 -0.329239185 0.884987637 0.740512209
0.000000000 0.532139961 0.946026558 0.500000000 0.500000000 0.000000000 0.000000000 0.939408556 -0.060591444 0.337402195 -0.538829203 -0.060591444 0.939408556 0.337402195 0.132922240 -0.337402195 -0.337402195 0.878817113 0.762012132
0.000000000 0.532139961 0.946026558 0.500000000 0.500000000 0.000000000 0.000000000 0.936248004 -0.063751996 0.345507393 -0.549272120 -0.063751996 0.936248004 0.345507393 0.140156992 -0.345507393 -0.345507393 0.872496007 0.783543594
0.000000000 0.532139961 0.946026558 0.500000000 0.500000000 0.000000000 0.000000000 0.933012702 -0.066987298 0.353553391 -0.559515610 -0.066987298 0.933012702 0.353553391 0.147591171 -0.353553391 -0.353553391 0.866025404 0.805102905
0.000000000 0.532139961 0.946026558 0.500000000 0.500000000 0.000000000 0.000000000 0.929703206 -0.070296794 0.361538808 -0.569559432 -0.070296794 0.929703206 0.361538808 0.155225018 -0.361538808 -0.361538808 0.859406412 0.826686371
0.000000000 0.532139961 0.946026558 0.500000000 0.500000000 0.000000000 0.000000000 0.926320082 -0.073679918 0.369462278 -0.579403381 -0.073679918 0.926320082 0.369462278 0.163058740 -0.369462278 -0.369462278 0.852640164 0.848290294
0.000000000 0.532139961 0.946026558 0.500000000 0.500000000 0.000000000 0.000000000 0.922863911 -0.077136089 0.377322443 -0.589047283 -0.077136089 0.922863911 0.377322443 0.171092507 -0.377322443 -0.377322443 0.845727822 0.869910972
0.000000000 0.532139961 0.946026558 0.500000000 0.500000000 0.000000000 0.000000000 0.919335284 -0.080664716 0.385117955 -0.598491000 -0.080664716 0.919335284 0.385117955 0.179326459 -0.385117955 -0.385117955 0.838670568 0.891544701
0.000000000 0.532139961 0.946026558 0.500000000 0.500000000 0.000000000 0.000000000 0.915734806 -0.084265194 0.392847479 -0.607734429 -0.084265194 0.915734806 0.392847479 0.187760700 -0.392847479 -0.392847479 0.831469612 0.913187774
0.000000000 0.532139961 0.946026558 0.500000000 0.500000000 0.000000000 0.000000000 0.912063094 -0.087936906 0.400509691 -0.616777501 -0.087936906 0.912063094 0.400509691 0.196395297 -0.400509691 -0.400509691 0.824126189 0.934836483
0.000000000 0.532139961 0.946026558 0.500000000 0.500000000 0.000000000 0.000000000 0.908320778 -0.091679222 0.408103278 -0.625620181 -0.091679222 0.908320778 0.408103278 0.205230287 -0.408103278 -0.408103278 0.816641555 0.956487117
0.000000000 0.532139961 0.946026558 0.500000000 0.500000000 0.000000000 0.000000000 0.904508497 -0.095491503 0.415626938 -0.634262468 -0.095491503 0.904508497 0.415626938 0.214265670 -0.415626938 -0.415626938 0.809016994 0.978135968
0.000000000 0.532139961 0.946026558 0.500000000 0.500000000 0.000000000 0.000000000 0.900626906 -0.099373094 0.423079382 -0.642704395 -0.099373094 0.900626906 0.423079382 0.223501412 -0.423079382 -0.423079382 0.801253813 0.999779325
0.000000000 0.532139961 0.946026558 0.500000000 0.500000000 0.000000000 0.000000000 0.896676670 -0.103323330 0.430459335 -0.650946031 -0.103323330 0.896676670 0.430459335 0.232937446 -0.430459335 -0.430459335 0.793353340 1.021413482
0.000000000 0.532139961 0.946026558 0.500000000 0.500000000 0.000000000 0.000000000 0.892658465 -0.107341535 0.437765530 -0.658987478 -0.107341535 0.892658465 0.437765530 0.242573668 -0.437765530 -0.437765530 0.785316931 1.043034729
0.000000000 0.532139961 0.946026558 0.500000000 0.500000000 0.000000000 0.000000000 0.888572981 -0.111427019 0.444996716 -0.666828872 -0.111427019 0.888572981 0.444996716 0.252409943 -0.444996716 -0.444996716 0.777145961 1.064639363
0.000000000 0.532139961 0.946026558 0.500000000 0.500000000 0.000000000 0.000000000 0.884420916 -0.115579084 0.452151654 -0.674470386 -0.115579084 0.884420916 0.452151654 0.262446099 -0.452151654 -0.452151654 0.768841832 1.086223683
0.000000000 0.532139961 0.946026558 0.500000000 0.500000000 0.000000000 0.000000000 0.880202983 -0.119797017 0.459229119 -0.681912222 -0.119797017 0.880202983 0.459229119 0.272681932 -0.459229119 -0.459229119 0.760405966 1.107783989
0.000000000 0.532139961 0.946026558 0.500000000 0.500000000 0.000000000 0.000000000 0.875919904 -0.124080096 0.466227897 -0.689154622 -0.124080096 0.875919904 0.466227897 0.283117202 -0.466227897 -0.466227897 0.751839807 1.129316587
0.000000000 0.532139961 0.946026558 0.500000000 0.500000000 0.000000000 0.000000000 0.871572413 -0.128427587 0.473146789 -0.696197859 -0.128427587 0.871572413 0.473146789 0.293751635 -0.473146789 -0.473146789 0.743144825 1.150817788
0.000000000 0.532139961 0.946026558 0.500000000 0.500000000 0.000000000 0.000000000 0.867161255 -0.132838745 0.479984610 -0.703042240 -0.132838745 0.867161255 0.479984610 0.304584924 -0.479984610 -0.479984610 0.734322509 1.172283908
0.000000000 0.532139961 0.946026558 0.500000000 0.500000000 0.000000000 0.000000000 0.862687186 -0.137312814 0.486740188 -0.709688106 -0.137312814 0.862687186 0.486740188 0.315616726 -0.486740188 -0.486740188 0.725374371 1.193711269
0.000000000 0.532139961 0.946026558 0.500000000 0.500000000 0.000000000 0.000000000 0.858150972 -0.141849028 0.493412366 -0.716135835 -0.141849028 0.858150972 0.493412366 0.326846667 -0.493412366 -0.493412366 0.716301943 1.215096199
0.000000000 0.532139961 0.946026558 0.500000000 0.500000000 0.000000000 0.000000000 0.853553391 -0.146446609 0.500000000 -0.722385835 -0.146446609 0.853553391 0.500000000 0.338274337 -0.500000000 -0.500000000 0.707106781 1.236435033
0.000000000 0.532139961 0.946026558 0.500000000 0.500000000 0.000000000 0.000000000 0.848895230 -0.151104770 0.506501962 -0.728438550 -0.151104770 0.848895230 0.506501962 0.349899291 -0.506501962 -0.506501962 0.697790460 1.257724117
0.000000000 0.532139961 0.946026558 0.500000000 0.500000000 0.000000000 0.000000000 0.844177288 -0.155822712 0.512917137 -0.734294458 -0.155822712 0.844177288 0.512917137 0.361721053 -0.512917137 -0.512917137 0.688354576 1.278959801
0.000000000 0.532139961 0.946026558 0.500000000 0.500000000 0.000000000 0.000000000 0.839400373 -0.160599627 0.519244426 -0.739954069 -0.160599627 0.839400373 0.519244426 0.373739112 -0.519244426 -0.519244426 0.678800746 1.300138448
0.000000000 0.532139961 0.946026558 0.500000000 0.500000000 0.000000000 0.000000000 0.834565303 -0.165434697 0.525482745 -0.745417928 -0.165434697 0.834565303 0.525482745 0.385952922 -0.525482745 -0.525482745 0.669130606 1.321256428
0.000000000 0.532139961 0.946026558 0.500000000 0.500000000 0.000000000 0.000000000 0.829672908 -0.170327092 0.531631026 -0.750686614 -0.170327092 0.829672908 0.531631026 0.398361906 -0.531631026 -0.531631026 0.659345815 1.342310123
0.000000000 0.532139961 0.946026558 0.500000000 0.500000000 0.000000000 0.000000000 0.824724024 -0.175275976 0.537688215 -0.755760738 -0.175275976 0.824724024 0.537688215 0.410965451 -0.537688215 -0.537688215 0.649448048 1.363295925
0.000000000 0.532139961 0.946026558 0.500000000 0.500000000 0.000000000 0.000000000 0.819719501 -0.180280499 0.543653273 -0.760640945 -0.180280499 0.819719501 0.543653273 0.423762913 -0.543653273 -0.543653273 0.639439002 1.384210240
0.000000000 0.532139961 0.946026558 0.500000000 0.500000000 0.000000000 0.000000000 0.814660196 -0.185339804 0.549525179 -0.765327915 -0.185339804 0.814660196 0.549525179 0.436753613 -0.549525179 -0.549525179 0.629320391 1.405049482
0.000000000 0.532139961 0.946026558 0.500000000 0.500000000 0.000000000 0.000000000 0.809546975 -0.190453025 0.555302927 -0.769822357 -0.190453025 0.809546975 0.555302927 0.449936841 -0.555302927 -0.555302927 0.619093949 1.425810082
0.000000000 0.532139961 0.946026558 0.500000000 0.500000000 0.000000000 0.000000000 0.804380715 -0.195619285 0.560985527 -0.774125017 -0.195619285 0.804380715 0.560985527 0.463311850 -0.560985527 -0.560985527 0.608761429 1.446488482
0.000000000 0.532139961 0.946026558 0.500000000 0.500000000 0.000000000 0.000000000 0.799162300 -0.200837700 0.566572004 -0.778236671 -0.200837700 0.799162300 0.566572004 0.476877866 -0.566572004 -0.566572004 0.598324601 1.467081139
0.000000000 0.532139961 0.946026558 0.500000000 0.500000000 0.000000000 0.000000000 0.793892626 -0.206107374 0.572061403 -0.782158130 -0.206107374 0.793892626 0.572061403 0.490634076 -0.572061403 -0.572061403 0.587785252 1.487584525
0.000000000 0.532139961 0.946026558 0.500000000 0.500000000 0.000000000 0.000000000 0.788572595 -0.211427405 0.577452781 -0.785890236 -0.211427405 0.788572595 0.577452781 0.504579639 -0.577452781 -0.577452781 0.577145190 1.507995127
0.000000000 0.532139961 0.946026558 0.500000000 0.500000000 0.000000000 0.000000000 0.783203118 -0.216796882 0.582745217 -0.789433865 -0.216796882 0.783203118 0.582745217 0.518713680 -0.582745217 -0.582745217 0.566406237 1.528309446
0.000000000 0.532139961 0.946026558 0.500000000 0.500000000 0.000000000 0.000000000 0.777785117 -0.222214883 0.587937801 -0.792789923 -0.222214883 0.777785117 0.587937801 0.533035292 -0.587937801 -0.587937801 0.555570233 1.548524003
0.000000000 0.532139961 0.946026558 0.500000000 0.500000000 0.000000000 0.000000000 0.772319518 -0.227680482 0.593029646 -0.795959350 -0.227680482 0.772319518 0.593029646 0.547543534 -0.593029646 -0.593029646 0.544639035 1.568635334
0.000000000 0.532139961 0.946026558 0.500000000 0.500000000 0.000000000 0.000000000 0.766807258 -0.233192742 0.598019878 -0.798943118 -0.233192742 0.766807258 0.598019878 0.562237436 -0.598019878 -0.598019878 0.533614516 1.588639993
0.000000000 0.532139961 0.946026558 0.500000000 0.500000000 0.000000000 0.000000000 0.761249282 -0.238750718 0.602907642 -0.801742229 -0.238750718 0.761249282 0.602907642 0.577115995 -0.602907642 -0.602907642 0.522498565 1.608534552
0.000000000 0.532139961 0.946026558 0.500000000 0.500000000 0.000000000 0.000000000 0.755646543 -0.244353457 0.607692101 -0.804357719 -0.244353457 0.755646543 0.607692101 0.592178174 -0.607692101 -0.607692101 0.511293086 1.628315603
0.000000000 0.532139961 0.946026558 0.500000000 0.500000000 0.000000000 0.000000000 0.750000000 -0.250000000 0.612372436 -0.806790653 -0.250000000 0.750000000 0.612372436 0.607422909 -0.612372436 -0.612372436 0.500000000 1.647979755
