0.000000000 0.532139961 0.946026558 0.500000000 0.500000000 0.000000000 0.000000000 1.000000000 0.000000000 0.000000000 0.000000000 0.000000000 1.000000000 0.000000000 0.000000000 0.000000000 0.000000000 1.000000000 0.000000000
0.000000000 0.532139961 0.946026558 0.500000000 0.500000000 0.000000000 0.000000000 0.999957164 -0.000042836 0.009255742 0.024998929 -0.000042836 0.999957164 0.009255742 -0.000001071 -0.009255742 -0.009255742 0.999914328 -0.000231394
0.000000000 0.532139961 0.946026558 0.500000000 0.500000000 0.000000000 0.000000000 0.999828662 -0.000171338 0.018509898 0.049994646 -0.000171338 0.999828662 0.018509898 -0.000005354 -0.018509898 -0.018509898 0.999657325 -0.000694141
0.000000000 0.532139961 0.946026558 0.500000000 0.500000000 0.000000000 0.000000000 0.999614518 -0.000385482 0.027760882 0.074985009 -0.000385482 0.999614518 0.027760882 -0.000014991 -0.027760882 -0.027760882 0.999229036 -0.001388163
0.000000000 0.532139961 0.946026558 0.500000000 0.500000000 0.000000000 0.000000000 0.999314767 -0.000685233 0.037007110 0.099967878 -0.000685233 0.999314767 0.037007110 -0.000032122 -0.037007110 -0.037007110 0.998629535 -0.002313341
0.000000000 0.532139961 0.946026558 0.500000000 0.500000000 0.000000000 0.000000000 0.998929462 -0.001070538 0.046246996 0.124941114 -0.001070538 0.998929462 0.046246996 -0.000058886 -0.046246996 -0.046246996 0.997858923 -0.003469516
0.000000000 0.532139961 0.946026558 0.500000000 0.500000000 0.000000000 0.000000000 0.998458667 -0.001541333 0.055478959 0.149902581 -0.001541333 0.998458667 0.055478959 -0.000097419 -0.055478959 -0.055478959 0.996917334 -0.004856490
0.000000000 0.532139961 0.946026558 0.500000000 0.500000000 0.000000000 0.000000000 0.997902464 -0.002097536 0.064701415 0.174850143 -0.002097536 0.997902464 0.064701415 -0.000149857 -0.064701415 -0.064701415 0.995804928 -0.006474025
0.000000000 0.532139961 0.946026558 0.500000000 0.500000000 0.000000000 0.000000000 0.997260948 -0.002739052 0.073912785 0.199781666 -0.002739052 0.997260948 0.073912785 -0.000218334 -0.073912785 -0.073912785 0.994521895 -0.008321845
0.000000000 0.532139961 0.946026558 0.500000000 0.500000000 0.000000000 0.000000000 0.996534228 -0.003465772 0.083111491 0.224695022 -0.003465772 0.996534228 0.083111491 -0.000304978 -0.083111491 -0.083111491 0.993068457 -0.010399632
0.000000000 0.532139961 0.946026558 0.500000000 0.500000000 0.000000000 0.000000000 0.995722431 -0.004277569 0.092295956 0.249588083 -0.004277569 0.995722431 0.092295956 -0.000411917 -0.092295956 -0.092295956 0.991444861 -0.012707031
0.000000000 0.532139961 0.946026558 0.500000000 0.500000000 0.000000000 0.000000000 0.994825693 -0.005174307 0.101464606 0.274458725 -0.005174307 0.994825693 0.101464606 -0.000541275 -0.101464606 -0.101464606 0.989651387 -0.015243646
0.000000000 0.532139961 0.946026558 0.500000000 0.500000000 0.000000000 0.000000000 0.993844170 -0.006155830 0.110615871 0.299304829 -0.006155830 0.993844170 0.110615871 -0.000695171 -0.110615871 -0.110615871 0.987688341 -0.018009043
0.000000000 0.532139961 0.946026558 0.500000000 0.500000000 0.000000000 0.000000000 0.992778030 -0.007221970 0.119748183 0.324124280 -0.007221970 0.992778030 0.119748183 -0.000875720 -0.119748183 -0.119748183 0.985556059 -0.021002747
0.000000000 0.532139961 0.946026558 0.500000000 0.500000000 0.000000000 0.000000000 0.991627454 -0.008372546 0.128859976 0.348914966 -0.008372546 0.991627454 0.128859976 -0.001085034 -0.128859976 -0.128859976 0.983254908 -0.024224247
0.000000000 0.532139961 0.946026558 0.500000000 0.500000000 0.000000000 0.000000000 0.990392640 -0.009607360 0.137949690 0.373674782 -0.009607360 0.990392640 0.137949690 -0.001325218 -0.137949690 -0.137949690 0.980785280 -0.027672989
0.000000000 0.532139961 0.946026558 0.500000000 0.500000000 0.000000000 0.000000000 0.989073800 -0.010926200 0.147015766 0.398401627 -0.010926200 0.989073800 0.147015766 -0.001598373 -0.147015766 -0.147015766 0.978147601 -0.031348383
0.000000000 0.532139961 0.946026558 0.500000000 0.500000000 0.000000000 0.000000000 0.987671160 -0.012328840 0.156056653 0.423093406 -0.012328840 0.987671160 0.156056653 -0.001906594 -0.156056653 -0.156056653 0.975342321 -0.035249799
0.000000000 0.532139961 0.946026558 0.500000000 0.500000000 0.000000000 0.000000000 0.986184960 -0.013815040 0.165070800 0.447748030 -0.013815040 0.986184960 0.165070800 -0.002251970 -0.165070800 -0.165070800 0.972369920 -0.039376569
0.000000000 0.532139961 0.946026558 0.500000000 0.500000000 0.000000000 0.000000000 0.984615455 -0.015384545 0.174056663 0.472363417 -0.015384545 0.984615455 0.174056663 -0.002636583 -0.174056663 -0.174056663 0.969230910 -0.043727986
0.000000000 0.532139961 0.946026558 0.500000000 0.500000000 0.000000000 0.000000000 0.982962913 -0.017037087 0.183012702 0.496937490 -0.017037087 0.982962913 0.183012702 -0.003062510 -0.183012702 -0.183012702 0.965925826 -0.048303304
0.000000000 0.532139961 0.946026558 0.500000000 0.500000000 0.000000000 0.000000000 0.981227618 -0.018772382 0.191937383 0.521468180 -0.018772382 0.981227618 0.191937383 -0.003531820 -0.191937383 -0.191937383 0.962455236 -0.053101738
0.000000000 0.532139961 0.946026558 0.500000000 0.500000000 0.000000000 0.000000000 0.979409867 -0.020590133 0.200829176 0.545953427 -0.020590133 0.979409867 0.200829176 -0.004046573 -0.200829176 -0.200829176 0.958819735 -0.058122468
0.000000000 0.532139961 0.946026558 0.500000000 0.500000000 0.000000000 0.000000000 0.977509972 -0.022490028 0.209686559 0.570391176 -0.022490028 0.977509972 0.209686559 -0.004608824 -0.209686559 -0.209686559 0.955019944 -0.063364631
0.000000000 0.532139961 0.946026558 0.500000000 0.500000000 0.000000000 0.000000000 0.975528258 -0.024471742 0.218508012 0.594779383 -0.024471742 0.975528258 0.218508012 -0.005220617 -0.218508012 -0.218508012 0.951056516 -0.068827332
0.000000000 0.532139961 0.946026558 0.500000000 0.500000000 0.000000000 0.000000000 0.973465065 -0.026534935 0.227292026 0.619116009 -0.026534935 0.973465065 0.227292026 -0.005883991 -0.227292026 -0.227292026 0.946930129 -0.074509632
0.000000000 0.532139961 0.946026558 0.500000000 0.500000000 0.000000000 0.000000000 0.971320746 -0.028679254 0.236037094 0.643399028 -0.028679254 0.971320746 0.236037094 -0.006600972 -0.236037094 -0.236037094 0.942641491 -0.080410560
0.000000000 0.532139961 0.946026558 0.500000000 0.500000000 0.000000000 0.000000000 0.969095668 -0.030904332 0.244741718 0.667626420 -0.030904332 0.969095668 0.244741718 -0.007373580 -0.244741718 -0.244741718 0.938191336 -0.086529103
0.000000000 0.532139961 0.946026558 0.500000000 0.500000000 0.000000000 0.000000000 0.966790213 -0.033209787 0.253404407 0.691796175 -0.033209787 0.966790213 0.253404407 -0.008203825 -0.253404407 -0.253404407 0.933580426 -0.092864213
0.000000000 0.532139961 0.946026558 0.500000000 0.500000000 0.000000000 0.000000000 0.964404776 -0.035595224 0.262023677 0.715906294 -0.035595224 0.964404776 0.262023677 -0.009093706 -0.262023677 -0.262023677 0.928809553 -0.099414805
0.000000000 0.532139961 0.946026558 0.500000000 0.500000000 0.000000000 0.000000000 0.961939766 -0.038060234 0.270598050 0.739954788 -0.038060234 0.961939766 0.270598050 -0.010045212 -0.270598050 -0.270598050 0.923879533 -0.106179756
0.000000000 0.532139961 0.946026558 0.500000000 0.500000000 0.000000000 0.000000000 0.959395605 -0.040604395 0.279126058 0.763939679 -0.040604395 0.959395605 0.279126058 -0.011060321 -0.279126058 -0.279126058 0.918791210 -0.113157908
0.000000000 0.532139961 0.946026558 0.500000000 0.500000000 0.000000000 0.000000000 0.956772729 -0.043227271 0.287606238 0.787858997 -0.043227271 0.956772729 0.287606238 -0.012141003 -0.287606238 -0.287606238 0.913545458 -0.120348063
0.000000000 0.532139961 0.946026558 0.500000000 0.500000000 0.000000000 0.000000000 0.954071587 -0.045928413 0.296037139 0.811710786 -0.045928413 0.954071587 0.296037139 -0.013289214 -0.296037139 -0.296037139 0.908143174 -0.127748992
0.000000000 0.532139961 0.946026558 0.500000000 0.500000000 0.000000000 0.000000000 0.951292642 -0.048707358 0.304417316 0.835493103 -0.048707358 0.951292642 0.304417316 -0.014506897 -0.304417316 -0.304417316 0.902585284 -0.135359425
0.000000000 0.532139961 0.946026558 0.500000000 0.500000000 0.000000000 0.000000000 0.948436371 -0.051563629 0.312745332 0.859204012 -0.051563629 0.948436371 0.312745332 -0.015795988 -0.312745332 -0.312745332 0.896872742 -0.143178058
0.000000000 0.532139961 0.946026558 0.500000000 0.500000000 0.000000000 0.000000000 0.945503262 -0.054496738 0.321019761 0.882841593 -0.054496738 0.945503262 0.321019761 -0.017158407 -0.321019761 -0.321019761 0.891006524 -0.151203552
0.000000000 0.532139961 0.946026558 0.500000000 0.500000000 0.000000000 0.000000000 0.942493819 -0.057506181 0.329239185 0.906403939 -0.057506181 0.942493819 0.329239185 -0.018596061 -0.329239185 -0.329239185 0.884987637 -0.159434532
0.000000000 0.532139961 0.946026558 0.500000000 0.500000000 0.000000000 0.000000000 0.939408556 -0.060591444 0.337402195 0.929889153 -0.060591444 0.939408556 0.337402195 -0.020110847 -0.337402195 -0.337402195 0.878817113 -0.167869587
0.000000000 0.532139961 0.946026558 0.500000000 0.500000000 0.000000000 0.000000000 0.936248004 -0.063751996 0.345507393 0.953295353 -0.063751996 0.936248004 0.345507393 -0.021704647 -0.345507393 -0.345507393 0.872496007 -0.176507272
0.000000000 0.532139961 0.946026558 0.500000000 0.500000000 0.000000000 0.000000000 0.933012702 -0.066987298 0.353553391 0.976620670 -0.066987298 0.933012702 0.353553391 -0.023379330 -0.353553391 -0.353553391 0.866025404 -0.185346106
0.000000000 0.532139961 0.946026558 0.500000000 0.500000000 0.000000000 0.000000000 0.929703206 -0.070296794 0.361538808 0.999863250 -0.070296794 0.929703206 0.361538808 -0.025136750 -0.361538808 -0.361538808 0.859406412 -0.194384576
0.000000000 0.532139961 0.946026558 0.500000000 0.500000000 0.000000000 0.000000000 0.926320082 -0.073679918 0.369462278 1.023021253 -0.073679918 0.926320082 0.369462278 -0.026978747 -0.369462278 -0.369462278 0.852640164 -0.203621133
0.000000000 0.532139961 0.946026558 0.500000000 0.500000000 0.000000000 0.000000000 0.922863911 -0.077136089 0.377322443 1.046092850 -0.077136089 0.922863911 0.377322443 -0.028907150 -0.377322443 -0.377322443 0.845727822 -0.213054195
0.000000000 0.532139961 0.946026558 0.500000000 0.500000000 0.000000000 0.000000000 0.919335284 -0.080664716 0.385117955 1.069076232 -0.080664716 0.919335284 0.385117955 -0.030923768 -0.385117955 -0.385117955 0.838670568 -0.222682143
0.000000000 0.532139961 0.946026558 0.500000000 0.500000000 0.000000000 0.000000000 0.915734806 -0.084265194 0.392847479 1.091969603 -0.084265194 0.915734806 0.392847479 -0.033030397 -0.392847479 -0.392847479 0.831469612 -0.232503330
0.000000000 0.532139961 0.946026558 0.500000000 0.500000000 0.000000000 0.000000000 0.912063094 -0.087936906 0.400509691 1.114771180 -0.087936906 0.912063094 0.400509691 -0.035228820 -0.400509691 -0.400509691 0.824126189 -0.242516073
0.000000000 0.532139961 0.946026558 0.500000000 0.500000000 0.000000000 0.000000000 0.908320778 -0.091679222 0.408103278 1.137479199 -0.091679222 0.908320778 0.408103278 -0.037520801 -0.408103278 -0.408103278 0.816641555 -0.252718655
0.000000000 0.532139961 0.946026558 0.500000000 0.500000000 0.000000000 0.000000000 0.904508497 -0.095491503 0.415626938 1.160091912 -0.095491503 0.904508497 0.415626938 -0.039908088 -0.415626938 -0.415626938 0.809016994 -0.263109328
0.000000000 0.532139961 0.946026558 0.500000000 0.500000000 0.000000000 0.000000000 0.900626906 -0.099373094 0.423079382 1.182607584 -0.099373094 0.900626906 0.423079382 -0.042392416 -0.423079382 -0.423079382 0.801253813 -0.273686313
0.000000000 0.532139961 0.946026558 0.500000000 0.500000000 0.000000000 0.000000000 0.896676670 -0.103323330 0.430459335 1.205024501 -0.103323330 0.896676670 0.430459335 -0.044975499 -0.430459335 -0.430459335 0.793353340 -0.284447796
0.000000000 0.532139961 0.946026558 0.500000000 0.500000000 0.000000000 0.000000000 0.892658465 -0.107341535 0.437765530 1.227340963 -0.107341535 0.892658465 0.437765530 -0.047659037 -0.437765530 -0.437765530 0.785316931 -0.295391934
0.000000000 0.532139961 0.946026558 0.500000000 0.500000000 0.000000000 0.000000000 0.888572981 -0.111427019 0.444996716 1.249555287 -0.111427019 0.888572981 0.444996716 -0.050444713 -0.444996716 -0.444996716 0.777145961 -0.306516852
0.000000000 0.532139961 0.946026558 0.500000000 0.500000000 0.000000000 0.000000000 0.884420916 -0.115579084 0.452151654 1.271665810 -0.115579084 0.884420916 0.452151654 -0.053334190 -0.452151654 -0.452151654 0.768841832 -0.317820643
0.000000000 0.532139961 0.946026558 0.500000000 0.500000000 0.000000000 0.000000000 0.880202983 -0.119797017 0.459229119 1.293670885 -0.119797017 0.880202983 0.459229119 -0.056329115 -0.459229119 -0.459229119 0.760405966 -0.329301371
0.000000000 0.532139961 0.946026558 0.500000000 0.500000000 0.000000000 0.000000000 0.875919904 -0.124080096 0.466227897 1.315568882 -0.124080096 0.875919904 0.466227897 -0.059431118 -0.466227897 -0.466227897 0.751839807 -0.340957069
0.000000000 0.532139961 0.946026558 0.500000000 0.500000000 0.000000000 0.000000000 0.871572413 -0.128427587 0.473146789 1.337358193 -0.128427587 0.871572413 0.473146789 -0.062641807 -0.473146789 -0.473146789 0.743144825 -0.352785739
0.000000000 0.532139961 0.946026558 0.500000000 0.500000000 0.000000000 0.000000000 0.867161255 -0.132838745 0.479984610 1.359037224 -0.132838745 0.867161255 0.479984610 -0.065962776 -0.479984610 -0.479984610 0.734322509 -0.364785354
0.000000000 0.532139961 0.946026558 0.500000000 0.500000000 0.000000000 0.000000000 0.862687186 -0.137312814 0.486740188 1.380604404 -0.137312814 0.862687186 0.486740188 -0.069395596 -0.486740188 -0.486740188 0.725374371 -0.376953859
0.000000000 0.532139961 0.946026558 0.500000000 0.500000000 0.000000000 0.000000000 0.858150972 -0.141849028 0.493412366 1.402058178 -0.141849028 0.858150972 0.493412366 -0.072941822 -0.493412366 -0.493412366 0.716301943 -0.389289168
0.000000000 0.532139961 0.946026558 0.500000000 0.500000000 0.000000000 0.000000000 0.853553391 -0.146446609 0.500000000 1.423397013 -0.146446609 0.853553391 0.500000000 -0.076602987 -0.500000000 -0.500000000 0.707106781 -0.401789168
0.000000000 0.532139961 0.946026558 0.500000000 0.500000000 0.000000000 0.000000000 0.848895230 -0.151104770 0.506501962 1.444619394 -0.151104770 0.848895230 0.506501962 -0.080380606 -0.506501962 -0.506501962 0.697790460 -0.414451717
0.000000000 0.532139961 0.946026558 0.500000000 0.500000000 0.000000000 0.000000000 0.844177288 -0.155822712 0.512917137 1.465723826 -0.155822712 0.844177288 0.512917137 -0.084276174 -0.512917137 -0.512917137 0.688354576 -0.427274645
0.000000000 0.532139961 0.946026558 0.500000000 0.500000000 0.000000000 0.000000000 0.839400373 -0.160599627 0.519244426 1.486708835 -0.160599627 0.839400373 0.519244426 -0.088291165 -0.519244426 -0.519244426 0.678800746 -0.440255756
0.000000000 0.532139961 0.946026558 0.500000000 0.500000000 0.000000000 0.000000000 0.834565303 -0.165434697 0.525482745 1.507572968 -0.165434697 0.834565303 0.525482745 -0.092427032 -0.525482745 -0.525482745 0.669130606 -0.453392824
0.000000000 0.532139961 0.946026558 0.500000000 0.500000000 0.000000000 0.000000000 0.829672908 -0.170327092 0.531631026 1.528314790 -0.170327092 0.829672908 0.531631026 -0.096685210 -0.531631026 -0.531631026 0.659345815 -0.466683600
0.000000000 0.532139961 0.946026558 0.500000000 0.500000000 0.000000000 0.000000000 0.824724024 -0.175275976 0.537688215 1.548932891 -0.175275976 0.824724024 0.537688215 -0.101067109 -0.537688215 -0.537688215 0.649448048 -0.480125805
0.000000000 0.532139961 0.946026558 0.500000000 0.500000000 0.000000000 0.000000000 0.819719501 -0.180280499 0.543653273 1.569425878 -0.180280499 0.819719501 0.543653273 -0.105574122 -0.543653273 -0.543653273 0.639439002 -0.493717137
0.000000000 0.532139961 0.946026558 0.500000000 0.500000000 0.000000000 0.000000000 0.814660196 -0.185339804 0.549525179 1.589792383 -0.185339804 0.814660196 0.549525179 -0.110207617 -0.549525179 -0.549525179 0.629320391 -0.507455267
0.000000000 0.532139961 0.946026558 0.500000000 0.500000000 0.000000000 0.000000000 0.809546975 -0.190453025 0.555302927 1.610031058 -0.190453025 0.809546975 0.555302927 -0.114968942 -0.555302927 -0.555302927 0.619093949 -0.521337840
0.000000000 0.532139961 0.946026558 0.500000000 0.500000000 0.000000000 0.000000000 0.804380715 -0.195619285 0.560985527 1.630140576 -0.195619285 0.804380715 0.560985527 -0.119859424 -0.560985527 -0.560985527 0.608761429 -0.535362478
0.000000000 0.532139961 0.946026558 0.500000000 0.500000000 0.000000000 0.000000000 0.799162300 -0.200837700 0.566572004 1.650119633 -0.200837700 0.799162300 0.566572004 -0.124880367 -0.566572004 -0.566572004 0.598324601 -0.549526778
0.000000000 0.532139961 0.946026558 0.500000000 0.500000000 0.000000000 0.000000000 0.793892626 -0.206107374 0.572061403 1.669966949 -0.206107374 0.793892626 0.572061403 -0.130033051 -0.572061403 -0.572061403 0.587785252 -0.563828313
0.000000000 0.532139961 0.946026558 0.500000000 0.500000000 0.000000000 0.000000000 0.788572595 -0.211427405 0.577452781 1.689681264 -0.211427405 0.788572595 0.577452781 -0.135318736 -0.577452781 -0.577452781 0.577145190 -0.578264633
0.000000000 0.532139961 0.946026558 0.500000000 0.500000000 0.000000000 0.000000000 0.783203118 -0.216796882 0.582745217 1.709261342 -0.216796882 0.783203118 0.582745217 -0.140738658 -0.582745217 -0.582745217 0.566406237 -0.592833263
0.000000000 0.532139961 0.946026558 0.500000000 0.500000000 0.000000000 0.000000000 0.777785117 -0.222214883 0.587937801 1.728705969 -0.222214883 0.777785117 0.587937801 -0.146294031 -0.587937801 -0.587937801 0.555570233 -0.607531708
0.000000000 0.532139961 0.946026558 0.500000000 0.500000000 0.000000000 0.000000000 0.772319518 -0.227680482 0.593029646 1.748013957 -0.227680482 0.772319518 0.593029646 -0.151986043 -0.593029646 -0.593029646 0.544639035 -0.622357449
0.000000000 0.532139961 0.946026558 0.500000000 0.500000000 0.000000000 0.000000000 0.766807258 -0.233192742 0.598019878 1.767184139 -0.233192742 0.766807258 0.598019878 -0.157815861 -0.598019878 -0.598019878 0.533614516 -0.637307946
0.000000000 0.532139961 0.946026558 0.500000000 0.500000000 0.000000000 0.000000000 0.761249282 -0.238750718 0.602907642 1.786215371 -0.238750718 0.761249282 0.602907642 -0.163784629 -0.602907642 -0.602907642 0.522498565 -0.652380637
0.000000000 0.532139961 0.946026558 0.500000000 0.500000000 0.000000000 0.000000000 0.755646543 -0.244353457 0.607692101 1.805106535 -0.244353457 0.755646543 0.607692101 -0.169893465 -0.607692101 -0.607692101 0.511293086 -0.667572940
0.000000000 0.532139961 0.946026558 0.500000000 0.500000000 0.000000000 0.000000000 0.750000000 -0.250000000 0.612372436 1.823856535 -0.250000000 0.750000000 0.612372436 -0.176143465 -0.612372436 -0.612372436 0.500000000 -0.682882251
