0.000000000 0.532139961 0.946026558 0.500000000 0.500000000 0.000000000 0.000000000 1.000000000 0.000000000 0.000000000 0.000000000 0.000000000 1.000000000 0.000000000 0.000000000 0.000000000 0.000000000 1.000000000 0.000000000
0.000000000 0.532139961 0.946026558 0.500000000 0.500000000 0.000000000 0.000000000 1.000000000 0.000000000 0.000000000 -0.017677670 0.000000000 0.999914328 0.013089596 0.000231394 0.000000000 -0.013089596 0.999914328 0.017676155
0.000000000 0.532139961 0.946026558 0.500000000 0.500000000 0.000000000 0.000000000 1.000000000 0.000000000 0.000000000 -0.035355339 0.000000000 0.999657325 0.026176948 0.000694141 0.000000000 -0.026176948 0.999657325 0.035347767
0.000000000 0.532139961 0.946026558 0.500000000 0.500000000 0.000000000 0.000000000 1.000000000 0.000000000 0.000000000 -0.053033009 0.000000000 0.999229036 0.039259816 0.001388163 0.000000000 -0.039259816 0.999229036 0.053011808
0.000000000 0.532139961 0.946026558 0.500000000 0.500000000 0.000000000 0.000000000 1.000000000 0.000000000 0.000000000 -0.070710678 0.000000000 0.998629535 0.052335956 0.002313341 0.000000000 -0.052335956 0.998629535 0.070665250
0.000000000 0.532139961 0.946026558 0.500000000 0.500000000 0.000000000 0.000000000 1.000000000 0.000000000 0.000000000 -0.088388348 0.000000000 0.997858923 0.065403129 0.003469516 0.000000000 -0.065403129 0.997858923 0.088305071
0.000000000 0.532139961 0.946026558 0.500000000 0.500000000 0.000000000 0.000000000 1.000000000 0.000000000 0.000000000 -0.106066017 0.000000000 0.996917334 0.078459096 0.004856490 0.000000000 -0.078459096 0.996917334 0.105928246
0.000000000 0.532139961 0.946026558 0.500000000 0.500000000 0.000000000 0.000000000 1.000000000 0.000000000 0.000000000 -0.123743687 0.000000000 0.995804928 0.091501619 0.006474025 0.000000000 -0.091501619 0.995804928 0.123531756
0.000000000 0.532139961 0.946026558 0.500000000 0.500000000 0.000000000 0.000000000 1.000000000 0.000000000 0.000000000 -0.141421356 0.000000000 0.994521895 0.104528463 0.008321845 0.000000000 -0.104528463 0.994521895 0.141112586
0.000000000 0.532139961 0.946026558 0.500000000 0.500000000 0.000000000 0.000000000 1.000000000 0.000000000 0.000000000 -0.159099026 0.000000000 0.993068457 0.117537397 0.010399632 0.000000000 -0.117537397 0.993068457 0.158667722
0.000000000 0.532139961 0.946026558 0.500000000 0.500000000 0.000000000 0.000000000 1.000000000 0.000000000 0.000000000 -0.176776695 0.000000000 0.991444861 0.130526192 0.012707031 0.000000000 -0.130526192 0.991444861 0.176194156
0.000000000 0.532139961 0.946026558 0.500000000 0.500000000 0.000000000 0.000000000 1.000000000 0.000000000 0.000000000 -0.194454365 0.000000000 0.989651387 0.143492622 0.015243646 0.000000000 -0.143492622 0.989651387 0.193688887
0.000000000 0.532139961 0.946026558 0.500000000 0.500000000 0.000000000 0.000000000 1.000000000 0.000000000 0.000000000 -0.212132034 0.000000000 0.987688341 0.156434465 0.018009043 0.000000000 -0.156434465 0.987688341 0.211148915
0.000000000 0.532139961 0.946026558 0.500000000 0.500000000 0.000000000 0.000000000 1.000000000 0.000000000 0.000000000 -0.229809704 0.000000000 0.985556059 0.169349504 0.021002747 0.000000000 -0.169349504 0.985556059 0.228571249
0.000000000 0.532139961 0.946026558 0.500000000 0.500000000 0.000000000 0.000000000 1.000000000 0.000000000 0.000000000 -0.247487373 0.000000000 0.983254908 0.182235525 0.024224247 0.000000000 -0.182235525 0.983254908 0.245952904
0.000000000 0.532139961 0.946026558 0.500000000 0.500000000 0.000000000 0.000000000 1.000000000 0.000000000 0.000000000 -0.265165043 0.000000000 0.980785280 0.195090322 0.027672989 0.000000000 -0.195090322 0.980785280 0.263290902
0.000000000 0.532139961 0.946026558 0.500000000 0.500000000 0.000000000 0.000000000 1.000000000 0.000000000 0.000000000 -0.282842712 0.000000000 0.978147601 0.207911691 0.031348383 0.000000000 -0.207911691 0.978147601 0.280582272
0.000000000 0.532139961 0.946026558 0.500000000 0.500000000 0.000000000 0.000000000 1.000000000 0.000000000 0.000000000 -0.300520382 0.000000000 0.975342321 0.220697435 0.035249799 0.000000000 -0.220697435 0.975342321 0.297824052
0.000000000 0.532139961 0.946026558 0.500000000 0.500000000 0.000000000 0.000000000 1.000000000 0.000000000 0.000000000 -0.318198052 0.000000000 0.972369920 0.233445364 0.039376569 0.000000000 -0.233445364 0.972369920 0.315013286
0.000000000 0.532139961 0.946026558 0.500000000 0.500000000 0.000000000 0.000000000 1.000000000 0.000000000 0.000000000 -0.335875721 0.000000000 0.969230910 0.246153293 0.043727986 0.000000000 -0.246153293 0.969230910 0.332147029
0.000000000 0.532139961 0.946026558 0.500000000 0.500000000 0.000000000 0.000000000 1.000000000 0.000000000 0.000000000 -0.353553391 0.000000000 0.965925826 0.258819045 0.048303304 0.000000000 -0.258819045 0.965925826 0.349222347
0.000000000 0.532139961 0.946026558 0.500000000 0.500000000 0.000000000 0.000000000 1.000000000 0.000000000 0.000000000 -0.371231060 0.000000000 0.962455236 0.271440450 0.053101738 0.000000000 -0.271440450 0.962455236 0.366236313
0.000000000 0.532139961 0.946026558 0.500000000 0.500000000 0.000000000 0.000000000 1.000000000 0.000000000 0.000000000 -0.388908730 0.000000000 0.958819735 0.284015345 0.058122468 0.000000000 -0.284015345 0.958819735 0.383186011
0.000000000 0.532139961 0.946026558 0.500000000 0.500000000 0.000000000 0.000000000 1.000000000 0.000000000 0.000000000 -0.406586399 0.000000000 0.955019944 0.296541575 0.063364631 0.000000000 -0.296541575 0.955019944 0.400068538
0.000000000 0.532139961 0.946026558 0.500000000 0.500000000 0.000000000 0.000000000 1.000000000 0.000000000 0.000000000 -0.424264069 0.000000000 0.951056516 0.309016994 0.068827332 0.000000000 -0.309016994 0.951056516 0.416881001
0.000000000 0.532139961 0.946026558 0.500000000 0.500000000 0.000000000 0.000000000 1.000000000 0.000000000 0.000000000 -0.441941738 0.000000000 0.946930129 0.321439465 0.074509632 0.000000000 -0.321439465 0.946930129 0.433620519
0.000000000 0.532139961 0.946026558 0.500000000 0.500000000 0.000000000 0.000000000 1.000000000 0.000000000 0.000000000 -0.459619408 0.000000000 0.942641491 0.333806859 0.080410560 0.000000000 -0.333806859 0.942641491 0.450284223
0.000000000 0.532139961 0.946026558 0.500000000 0.500000000 0.000000000 0.000000000 1.000000000 0.000000000 0.000000000 -0.477297077 0.000000000 0.938191336 0.346117057 0.086529103 0.000000000 -0.346117057 0.938191336 0.466869260
0.000000000 0.532139961 0.946026558 0.500000000 0.500000000 0.000000000 0.000000000 1.000000000 0.000000000 0.000000000 -0.494974747 0.000000000 0.933580426 0.358367950 0.092864213 0.000000000 -0.358367950 0.933580426 0.483372786
0.000000000 0.532139961 0.946026558 0.500000000 0.500000000 0.000000000 0.000000000 1.000000000 0.000000000 0.000000000 -0.512652416 0.000000000 0.928809553 0.370557438 0.099414805 0.000000000 -0.370557438 0.928809553 0.499791974
0.000000000 0.532139961 0.946026558 0.500000000 0.500000000 0.000000000 0.000000000 1.000000000 0.000000000 0.000000000 -0.530330086 0.000000000 0.923879533 0.382683432 0.106179756 0.000000000 -0.382683432 0.923879533 0.516124011
0.000000000 0.532139961 0.946026558 0.500000000 0.500000000 0.000000000 0.000000000 1.000000000 0.000000000 0.000000000 -0.548007755 0.000000000 0.918791210 0.394743856 0.113157908 0.000000000 -0.394743856 0.918791210 0.532366099
0.000000000 0.532139961 0.946026558 0.500000000 0.500000000 0.000000000 0.000000000 1.000000000 0.000000000 0.000000000 -0.565685425 0.000000000 0.913545458 0.406736643 0.120348063 0.000000000 -0.406736643 0.913545458 0.548515454
0.000000000 0.532139961 0.946026558 0.500000000 0.500000000 0.000000000 0.000000000 1.000000000 0.000000000 0.000000000 -0.583363094 0.000000000 0.908143174 0.418659738 0.127748992 0.000000000 -0.418659738 0.908143174 0.564569308
0.000000000 0.532139961 0.946026558 0.500000000 0.500000000 0.000000000 0.000000000 1.000000000 0.000000000 0.000000000 -0.601040764 0.000000000 0.902585284 0.430511097 0.135359425 0.000000000 -0.430511097 0.902585284 0.580524913
0.000000000 0.532139961 0.946026558 0.500000000 0.500000000 0.000000000 0.000000000 1.000000000 0.000000000 0.000000000 -0.618718434 0.000000000 0.896872742 0.442288690 0.143178058 0.000000000 -0.442288690 0.896872742 0.596379533
0.000000000 0.532139961 0.946026558 0.500000000 0.500000000 0.000000000 0.000000000 1.000000000 0.000000000 0.000000000 -0.636396103 0.000000000 0.891006524 0.453990500 0.151203552 0.000000000 -0.453990500 0.891006524 0.612130452
0.000000000 0.532139961 0.946026558 0.500000000 0.500000000 0.000000000 0.000000000 1.000000000 0.000000000 0.000000000 -0.654073773 0.000000000 0.884987637 0.465614520 0.159434532 0.000000000 -0.465614520 0.884987637 0.627774971
0.000000000 0.532139961 0.946026558 0.500000000 0.500000000 0.000000000 0.000000000 1.000000000 0.000000000 0.000000000 -0.671751442 0.000000000 0.878817113 0.477158760 0.167869587 0.000000000 -0.477158760 0.878817113 0.643310409
0.000000000 0.532139961 0.946026558 0.500000000 0.500000000 0.000000000 0.000000000 1.000000000 0.000000000 0.000000000 -0.689429112 0.000000000 0.872496007 0.488621241 0.176507272 0.000000000 -0.488621241 0.872496007 0.658734105
0.000000000 0.532139961 0.946026558 0.500000000 0.500000000 0.000000000 0.000000000 1.000000000 0.000000000 0.000000000 -0.707106781 0.000000000 0.866025404 0.500000000 0.185346106 0.000000000 -0.500000000 0.866025404 0.674043416
0.000000000 0.532139961 0.946026558 0.500000000 0.500000000 0.000000000 0.000000000 1.000000000 0.000000000 0.000000000 -0.724784451 0.000000000 0.859406412 0.511293086 0.194384576 0.000000000 -0.511293086 0.859406412 0.689235719
0.000000000 0.532139961 0.946026558 0.500000000 0.500000000 0.000000000 0.000000000 1.000000000 0.000000000 0.000000000 -0.742462120 0.000000000 0.852640164 0.522498565 0.203621133 0.000000000 -0.522498565 0.852640164 0.704308410
0.000000000 0.532139961 0.946026558 0.500000000 0.500000000 0.000000000 0.000000000 1.000000000 0.000000000 0.000000000 -0.760139790 0.000000000 0.845727822 0.533614516 0.213054195 0.000000000 -0.533614516 0.845727822 0.719258907
0.000000000 0.532139961 0.946026558 0.500000000 0.500000000 0.000000000 0.000000000 1.000000000 0.000000000 0.000000000 -0.777817459 0.000000000 0.838670568 0.544639035 0.222682143 0.000000000 -0.544639035 0.838670568 0.734084648
0.000000000 0.532139961 0.946026558 0.500000000 0.500000000 0.000000000 0.000000000 1.000000000 0.000000000 0.000000000 -0.795495129 0.000000000 0.831469612 0.555570233 0.232503330 0.000000000 -0.555570233 0.831469612 0.748783093
0.000000000 0.532139961 0.946026558 0.500000000 0.500000000 0.000000000 0.000000000 1.000000000 0.000000000 0.000000000 -0.813172798 0.000000000 0.824126189 0.566406237 0.242516073 0.000000000 -0.566406237 0.824126189 0.763351723
0.000000000 0.532139961 0.946026558 0.500000000 0.500000000 0.000000000 0.000000000 1.000000000 0.000000000 0.000000000 -0.830850468 0.000000000 0.816641555 0.577145190 0.252718655 0.000000000 -0.577145190 0.816641555 0.777788043
0.000000000 0.532139961 0.946026558 0.500000000 0.500000000 0.000000000 0.000000000 1.000000000 0.000000000 0.000000000 -0.848528137 0.000000000 0.809016994 0.587785252 0.263109328 0.000000000 -0.587785252 0.809016994 0.792089578
0.000000000 0.532139961 0.946026558 0.500000000 0.500000000 0.000000000 0.000000000 1.000000000 0.000000000 0.000000000 -0.866205807 0.000000000 0.801253813 0.598324601 0.273686313 0.000000000 -0.598324601 0.801253813 0.806253878
0.000000000 0.532139961 0.946026558 0.500000000 0.500000000 0.000000000 0.000000000 1.000000000 0.000000000 0.000000000 -0.883883476 0.000000000 0.793353340 0.608761429 0.284447796 0.000000000 -0.608761429 0.793353340 0.820278516
0.000000000 0.532139961 0.946026558 0.500000000 0.500000000 0.000000000 0.000000000 1.000000000 0.000000000 0.000000000 -0.901561146 0.000000000 0.785316931 0.619093949 0.295391934 0.000000000 -0.619093949 0.785316931 0.834161089
0.000000000 0.532139961 0.946026558 0.500000000 0.500000000 0.000000000 0.000000000 1.000000000 0.000000000 0.000000000 -0.919238816 0.000000000 0.777145961 0.629320391 0.306516852 0.000000000 -0.629320391 0.777145961 0.847899219
0.000000000 0.532139961 0.946026558 0.500000000 0.500000000 0.000000000 0.000000000 1.000000000 0.000000000 0.000000000 -0.936916485 0.000000000 0.768841832 0.639439002 0.317820643 0.000000000 -0.639439002 0.768841832 0.861490551
0.000000000 0.532139961 0.946026558 0.500000000 0.500000000 0.000000000 0.000000000 1.000000000 0.000000000 0.000000000 -0.954594155 0.000000000 0.760405966 0.649448048 0.329301371 0.000000000 -0.649448048 0.760405966 0.874932756
0.000000000 0.532139961 0.946026558 0.500000000 0.500000000 0.000000000 0.000000000 1.000000000 0.000000000 0.000000000 -0.972271824 0.000000000 0.751839807 0.659345815 0.340957069 0.000000000 -0.659345815 0.751839807 0.888223532
0.000000000 0.532139961 0.946026558 0.500000000 0.500000000 0.000000000 0.000000000 1.000000000 0.000000000 0.000000000 -0.989949494 0.000000000 0.743144825 0.669130606 0.352785739 0.000000000 -0.669130606 0.743144825 0.901360600
0.000000000 0.532139961 0.946026558 0.500000000 0.500000000 0.000000000 0.000000000 1.000000000 0.000000000 0.000000000 -1.007627163 0.000000000 0.734322509 0.678800746 0.364785354 0.000000000 -0.678800746 0.734322509 0.914341711
0.000000000 0.532139961 0.946026558 0.500000000 0.500000000 0.000000000 0.000000000 1.000000000 0.000000000 0.000000000 -1.025304833 0.000000000 0.725374371 0.688354576 0.376953859 0.000000000 -0.688354576 0.725374371 0.927164639
0.000000000 0.532139961 0.946026558 0.500000000 0.500000000 0.000000000 0.000000000 1.000000000 0.000000000 0.000000000 -1.042982502 0.000000000 0.716301943 0.697790460 0.389289168 0.000000000 -0.697790460 0.716301943 0.939827188
0.000000000 0.532139961 0.946026558 0.500000000 0.500000000 0.000000000 0.000000000 1.000000000 0.000000000 0.000000000 -1.060660172 0.000000000 0.707106781 0.707106781 0.401789168 0.000000000 -0.707106781 0.707106781 0.952327188
0.000000000 0.532139961 0.946026558 0.500000000 0.500000000 0.000000000 0.000000000 1.000000000 0.000000000 0.000000000 -1.078337841 0.000000000 0.697790460 0.716301943 0.414451717 -0.000000000 -0.716301943 0.697790460 0.964662498
0.000000000 0.532139961 0.946026558 0.500000000 0.500000000 0.000000000 0.000000000 1.000000000 0.000000000 0.000000000 -1.096015511 0.000000000 0.688354576 0.725374371 0.427274645 -0.000000000 -0.725374371 0.688354576 0.976831002
0.000000000 0.532139961 0.946026558 0.500000000 0.500000000 0.000000000 0.000000000 1.000000000 0.000000000 0.000000000 -1.113693180 0.000000000 0.678800746 0.734322509 0.440255756 -0.000000000 -0.734322509 0.678800746 0.988830617
0.000000000 0.532139961 0.946026558 0.500000000 0.500000000 0.000000000 0.000000000 1.000000000 0.000000000 0.000000000 -1.131370850 0.000000000 0.669130606 0.743144825 0.453392824 -0.000000000 -0.743144825 0.669130606 1.000659287
0.000000000 0.532139961 0.946026558 0.500000000 0.500000000 0.000000000 0.000000000 1.000000000 0.000000000 0.000000000 -1.149048519 0.000000000 0.659345815 0.751839807 0.466683600 -0.000000000 -0.751839807 0.659345815 1.012314985
0.000000000 0.532139961 0.946026558 0.500000000 0.500000000 0.000000000 0.000000000 1.000000000 0.000000000 0.000000000 -1.166726189 0.000000000 0.649448048 0.760405966 0.480125805 -0.000000000 -0.760405966 0.649448048 1.023795713
0.000000000 0.532139961 0.946026558 0.500000000 0.500000000 0.000000000 0.000000000 1.000000000 0.000000000 0.000000000 -1.184403858 0.000000000 0.639439002 0.768841832 0.493717137 -0.000000000 -0.768841832 0.639439002 1.035099504
0.000000000 0.532139961 0.946026558 0.500000000 0.500000000 0.000000000 0.000000000 1.000000000 0.000000000 0.000000000 -1.202081528 0.000000000 0.629320391 0.777145961 0.507455267 -0.000000000 -0.777145961 0.629320391 1.046224422
0.000000000 0.532139961 0.946026558 0.500000000 0.500000000 0.000000000 0.000000000 1.000000000 0.000000000 0.000000000 -1.219759198 0.000000000 0.619093949 0.785316931 0.521337840 -0.000000000 -0.785316931 0.619093949 1.057168560
0.000000000 0.532139961 0.946026558 0.500000000 0.500000000 0.000000000 0.000000000 1.000000000 0.000000000 0.000000000 -1.237436867 0.000000000 0.608761429 0.793353340 0.535362478 -0.000000000 -0.793353340 0.608761429 1.067930043
0.000000000 0.532139961 0.946026558 0.500000000 0.500000000 0.000000000 0.000000000 1.000000000 0.000000000 0.000000000 -1.255114537 0.000000000 0.598324601 0.801253813 0.549526778 -0.000000000 -0.801253813 0.598324601 1.078507028
0.000000000 0.532139961 0.946026558 0.500000000 0.500000000 0.000000000 0.000000000 1.000000000 0.000000000 0.000000000 -1.272792206 0.000000000 0.587785252 0.809016994 0.563828313 -0.000000000 -0.809016994 0.587785252 1.088897701
0.000000000 0.532139961 0.946026558 0.500000000 0.500000000 0.000000000 0.000000000 1.000000000 0.000000000 0.000000000 -1.290469876 0.000000000 0.577145190 0.816641555 0.578264633 -0.000000000 -0.816641555 0.577145190 1.099100283
0.000000000 0.532139961 0.946026558 0.500000000 0.500000000 0.000000000 0.000000000 1.000000000 0.000000000 0.000000000 -1.308147545 0.000000000 0.566406237 0.824126189 0.592833263 -0.000000000 -0.824126189 0.566406237 1.109113026
0.000000000 0.532139961 0.946026558 0.500000000 0.500000000 0.000000000 0.000000000 1.000000000 0.000000000 0.000000000 -1.325825215 0.000000000 0.555570233 0.831469612 0.607531708 -0.000000000 -0.831469612 0.555570233 1.118934213
0.000000000 0.532139961 0.946026558 0.500000000 0.500000000 0.000000000 0.000000000 1.000000000 0.000000000 0.000000000 -1.343502884 0.000000000 0.544639035 0.838670568 0.622357449 -0.000000000 -0.838670568 0.544639035 1.128562162
0.000000000 0.532139961 0.946026558 0.500000000 0.500000000 0.000000000 0.000000000 1.000000000 0.000000000 0.000000000 -1.361180554 0.000000000 0.533614516 0.845727822 0.637307946 -0.000000000 -0.845727822 0.533614516 1.137995223
0.000000000 0.532139961 0.946026558 0.500000000 0.500000000 0.000000000 0.000000000 1.000000000 0.000000000 0.000000000 -1.378858223 0.000000000 0.522498565 0.852640164 0.652380637 -0.000000000 -0.852640164 0.522498565 1.147231780
0.000000000 0.532139961 0.946026558 0.500000000 0.500000000 0.000000000 0.000000000 1.000000000 0.000000000 0.000000000 -1.396535893 0.000000000 0.511293086 0.859406412 0.667572940 -0.000000000 -0.859406412 0.511293086 1.156270250
0.000000000 0.532139961 0.946026558 0.500000000 0.500000000 0.000000000 0.000000000 1.000000000 0.000000000 0.000000000 -1.414213562 0.000000000 0.500000000 0.866025404 0.682882251 -0.000000000 -0.866025404 0.500000000 1.165109085
