
0 0.532139961 0.946026558 0.5 0.5 0 0 1.0 0.0 0.0 0.0 0.0 1.0 0.0 0.0 -0.0 0.0 1.0 0.0
0 0.532139961 0.946026558 0.5 0.5 0 0 0.9999164298554373 0.0 -0.012928004685808521 0.0 0.0 1.0 0.0 0.0 0.012928004685808521 0.0 0.9999164298554373 0.0
0 0.532139961 0.946026558 0.5 0.5 0 0 0.9996657333896874 0.0 -0.025853848581176044 0.0 0.0 1.0 0.0 0.0 0.025853848581176044 0.0 0.9996657333896874 0.0
0 0.532139961 0.946026558 0.5 0.5 0 0 0.99924795250423 0.0 -0.03877537125681671 0.0 0.0 1.0 0.0 0.0 0.03877537125681671 0.0 0.99924795250423 0.0
0 0.532139961 0.946026558 0.5 0.5 0 0 0.9986631570270832 0.0 -0.051690413005694553 0.0 0.0 1.0 0.0 0.0 0.051690413005694553 0.0 0.9986631570270832 0.0
0 0.532139961 0.946026558 0.5 0.5 0 0 0.997911444701132 0.0 -0.06459681520399763 0.0 0.0 1.0 0.0 0.0 0.06459681520399763 0.0 0.997911444701132 0.0
0 0.532139961 0.946026558 0.5 0.5 0 0 0.996992941167792 0.0 -0.07749242067193093 0.0 0.0 1.0 0.0 0.0 0.07749242067193093 0.0 0.996992941167792 0.0
0 0.532139961 0.946026558 0.5 0.5 0 0 0.9959077999460093 0.0 -0.0903750740342681 0.0 0.0 1.0 0.0 0.0 0.0903750740342681 0.0 0.9959077999460093 0.0
0 0.532139961 0.946026558 0.5 0.5 0 0 0.9946562024066015 0.0 -0.10324262208060146 0.0 0.0 1.0 0.0 0.0 0.10324262208060146 0.0 0.9946562024066015 0.0
0 0.532139961 0.946026558 0.5 0.5 0 0 0.993238357741943 0.0 -0.11609291412523022 0.0 0.0 1.0 0.0 0.0 0.11609291412523022 0.0 0.993238357741943 0.0
0 0.532139961 0.946026558 0.5 0.5 0 0 0.9916545029310012 0.0 -0.12892380236662662 0.0 0.0 1.0 0.0 0.0 0.12892380236662662 0.0 0.9916545029310012 0.0
0 0.532139961 0.946026558 0.5 0.5 0 0 0.989904902699727 0.0 -0.14173314224642042 0.0 0.0 1.0 0.0 0.0 0.14173314224642042 0.0 0.989904902699727 0.0
0 0.532139961 0.946026558 0.5 0.5 0 0 0.987989849476809 0.0 -0.15451879280784048 0.0 0.0 1.0 0.0 0.0 0.15451879280784048 0.0 0.987989849476809 0.0
0 0.532139961 0.946026558 0.5 0.5 0 0 0.9859096633447965 0.0 -0.16727861705355535 0.0 0.0 1.0 0.0 0.0 0.16727861705355535 0.0 0.9859096633447965 0.0
0 0.532139961 0.946026558 0.5 0.5 0 0 0.9836646919866011 0.0 -0.18001048230285133 0.0 0.0 1.0 0.0 0.0 0.18001048230285133 0.0 0.9836646919866011 0.0
0 0.532139961 0.946026558 0.5 0.5 0 0 0.9812553106273847 0.0 -0.19271226054808965 0.0 0.0 1.0 0.0 0.0 0.19271226054808965 0.0 0.9812553106273847 0.0
0 0.532139961 0.946026558 0.5 0.5 0 0 0.9786819219718442 0.0 -0.20538182881038197 0.0 0.0 1.0 0.0 0.0 0.20538182881038197 0.0 0.9786819219718442 0.0
0 0.532139961 0.946026558 0.5 0.5 0 0 0.9759449561369036 0.0 -0.21801706949442584 0.0 0.0 1.0 0.0 0.0 0.21801706949442584 0.0 0.9759449561369036 0.0
0 0.532139961 0.946026558 0.5 0.5 0 0 0.9730448705798238 0.0 -0.23061587074244014 0.0 0.0 1.0 0.0 0.0 0.23061587074244014 0.0 0.9730448705798238 0.0
0 0.532139961 0.946026558 0.5 0.5 0 0 0.9699821500217435 0.0 -0.24317612678714162 0.0 0.0 1.0 0.0 0.0 0.24317612678714162 0.0 0.9699821500217435 0.0
0 0.532139961 0.946026558 0.5 0.5 0 0 0.966757306366662 0.0 -0.25569573830370357 0.0 0.0 1.0 0.0 0.0 0.25569573830370357 0.0 0.966757306366662 0.0
0 0.532139961 0.946026558 0.5 0.5 0 0 0.9633708786158803 0.0 -0.26817261276063736 0.0 0.0 1.0 0.0 0.0 0.26817261276063736 0.0 0.9633708786158803 0.0
0 0.532139961 0.946026558 0.5 0.5 0 0 0.9598234327779119 0.0 -0.2806046647695387 0.0 0.0 1.0 0.0 0.0 0.2806046647695387 0.0 0.9598234327779119 0.0
0 0.532139961 0.946026558 0.5 0.5 0 0 0.9561155617738797 0.0 -0.29298981643364064 0.0 0.0 1.0 0.0 0.0 0.29298981643364064 0.0 0.9561155617738797 0.0
0 0.532139961 0.946026558 0.5 0.5 0 0 0.9522478853384153 0.0 -0.3053259976951131 0.0 0.0 1.0 0.0 0.0 0.3053259976951131 0.0 0.9522478853384153 0.0
0 0.532139961 0.946026558 0.5 0.5 0 0 0.9482210499160765 0.0 -0.3176111466810532 0.0 0.0 1.0 0.0 0.0 0.3176111466810532 0.0 0.9482210499160765 0.0
0 0.532139961 0.946026558 0.5 0.5 0 0 0.9440357285533 0.0 -0.3298432100481077 0.0 0.0 1.0 0.0 0.0 0.3298432100481077 0.0 0.9440357285533 0.0
0 0.532139961 0.946026558 0.5 0.5 0 0 0.9396926207859084 0.0 -0.34202014332566866 0.0 0.0 1.0 0.0 0.0 0.34202014332566866 0.0 0.9396926207859084 0.0
0 0.532139961 0.946026558 0.5 0.5 0 0 0.9351924525221897 0.0 -0.35413991125758754 0.0 0.0 1.0 0.0 0.0 0.35413991125758754 0.0 0.9351924525221897 0.0
0 0.532139961 0.946026558 0.5 0.5 0 0 0.9305359759215686 0.0 -0.36620048814234796 0.0 0.0 1.0 0.0 0.0 0.36620048814234796 0.0 0.9305359759215686 0.0
0 0.532139961 0.946026558 0.5 0.5 0 0 0.9257239692688904 0.0 -0.3781998581716424 0.0 0.0 1.0 0.0 0.0 0.3781998581716424 0.0 0.9257239692688904 0.0
0 0.532139961 0.946026558 0.5 0.5 0 0 0.9207572368443384 0.0 -0.39013601576729484 0.0 0.0 1.0 0.0 0.0 0.39013601576729484 0.0 0.9207572368443384 0.0
0 0.532139961 0.946026558 0.5 0.5 0 0 0.9156366087890059 0.0 -0.4020069659164739 0.0 0.0 1.0 0.0 0.0 0.4020069659164739 0.0 0.9156366087890059 0.0
0 0.532139961 0.946026558 0.5 0.5 0 0 0.9103629409661467 0.0 -0.4138107245051391 0.0 0.0 1.0 0.0 0.0 0.4138107245051391 0.0 0.9103629409661467 0.0
0 0.532139961 0.946026558 0.5 0.5 0 0 0.9049371148181253 0.0 -0.4255453186496674 0.0 0.0 1.0 0.0 0.0 0.4255453186496674 0.0 0.9049371148181253 0.0
0 0.532139961 0.946026558 0.5 0.5 0 0 0.8993600372190931 0.0 -0.4372087870266006 0.0 0.0 1.0 0.0 0.0 0.4372087870266006 0.0 0.8993600372190931 0.0
0 0.532139961 0.946026558 0.5 0.5 0 0 0.8936326403234123 0.0 -0.4487991802004621 0.0 0.0 1.0 0.0 0.0 0.4487991802004621 0.0 0.8936326403234123 0.0
0 0.532139961 0.946026558 0.5 0.5 0 0 0.887755881409856 0.0 -0.4603145609495856 0.0 0.0 1.0 0.0 0.0 0.4603145609495856 0.0 0.887755881409856 0.0
0 0.532139961 0.946026558 0.5 0.5 0 0 0.881730742721608 0.0 -0.4717530045899035 0.0 0.0 1.0 0.0 0.0 0.4717530045899035 0.0 0.881730742721608 0.0
0 0.532139961 0.946026558 0.5 0.5 0 0 0.8755582313020909 0.0 -0.4831125992966384 0.0 0.0 1.0 0.0 0.0 0.4831125992966384 0.0 0.8755582313020909 0.0
0 0.532139961 0.946026558 0.5 0.5 0 0 0.8692393788266478 0.0 -0.4943914464238468 0.0 0.0 1.0 0.0 0.0 0.4943914464238468 0.0 0.8692393788266478 0.0
0 0.532139961 0.946026558 0.5 0.5 0 0 0.8755582313020909 0.0 -0.4831125992966384 0.0 0.0 1.0 0.0 0.0 0.4831125992966384 0.0 0.8755582313020909 0.0
0 0.532139961 0.946026558 0.5 0.5 0 0 0.881730742721608 0.0 -0.4717530045899035 0.0 0.0 1.0 0.0 0.0 0.4717530045899035 0.0 0.881730742721608 0.0
0 0.532139961 0.946026558 0.5 0.5 0 0 0.887755881409856 0.0 -0.4603145609495856 0.0 0.0 1.0 0.0 0.0 0.4603145609495856 0.0 0.887755881409856 0.0
0 0.532139961 0.946026558 0.5 0.5 0 0 0.8936326403234123 0.0 -0.4487991802004621 0.0 0.0 1.0 0.0 0.0 0.4487991802004621 0.0 0.8936326403234123 0.0
0 0.532139961 0.946026558 0.5 0.5 0 0 0.8993600372190931 0.0 -0.4372087870266006 0.0 0.0 1.0 0.0 0.0 0.4372087870266006 0.0 0.8993600372190931 0.0
0 0.532139961 0.946026558 0.5 0.5 0 0 0.9049371148181253 0.0 -0.4255453186496674 0.0 0.0 1.0 0.0 0.0 0.4255453186496674 0.0 0.9049371148181253 0.0
0 0.532139961 0.946026558 0.5 0.5 0 0 0.9103629409661467 0.0 -0.4138107245051391 0.0 0.0 1.0 0.0 0.0 0.4138107245051391 0.0 0.9103629409661467 0.0
0 0.532139961 0.946026558 0.5 0.5 0 0 0.9156366087890059 0.0 -0.4020069659164739 0.0 0.0 1.0 0.0 0.0 0.4020069659164739 0.0 0.9156366087890059 0.0
0 0.532139961 0.946026558 0.5 0.5 0 0 0.9207572368443384 0.0 -0.39013601576729484 0.0 0.0 1.0 0.0 0.0 0.39013601576729484 0.0 0.9207572368443384 0.0
0 0.532139961 0.946026558 0.5 0.5 0 0 0.9257239692688904 0.0 -0.3781998581716424 0.0 0.0 1.0 0.0 0.0 0.3781998581716424 0.0 0.9257239692688904 0.0
0 0.532139961 0.946026558 0.5 0.5 0 0 0.9305359759215686 0.0 -0.36620048814234796 0.0 0.0 1.0 0.0 0.0 0.36620048814234796 0.0 0.9305359759215686 0.0
0 0.532139961 0.946026558 0.5 0.5 0 0 0.9351924525221897 0.0 -0.35413991125758754 0.0 0.0 1.0 0.0 0.0 0.35413991125758754 0.0 0.9351924525221897 0.0
0 0.532139961 0.946026558 0.5 0.5 0 0 0.9396926207859084 0.0 -0.34202014332566866 0.0 0.0 1.0 0.0 0.0 0.34202014332566866 0.0 0.9396926207859084 0.0
0 0.532139961 0.946026558 0.5 0.5 0 0 0.9440357285533 0.0 -0.3298432100481077 0.0 0.0 1.0 0.0 0.0 0.3298432100481077 0.0 0.9440357285533 0.0
0 0.532139961 0.946026558 0.5 0.5 0 0 0.9482210499160765 0.0 -0.3176111466810532 0.0 0.0 1.0 0.0 0.0 0.3176111466810532 0.0 0.9482210499160765 0.0
0 0.532139961 0.946026558 0.5 0.5 0 0 0.9522478853384153 0.0 -0.3053259976951131 0.0 0.0 1.0 0.0 0.0 0.3053259976951131 0.0 0.9522478853384153 0.0
0 0.532139961 0.946026558 0.5 0.5 0 0 0.9561155617738797 0.0 -0.29298981643364064 0.0 0.0 1.0 0.0 0.0 0.29298981643364064 0.0 0.9561155617738797 0.0
0 0.532139961 0.946026558 0.5 0.5 0 0 0.9598234327779119 0.0 -0.2806046647695387 0.0 0.0 1.0 0.0 0.0 0.2806046647695387 0.0 0.9598234327779119 0.0
0 0.532139961 0.946026558 0.5 0.5 0 0 0.9633708786158803 0.0 -0.26817261276063736 0.0 0.0 1.0 0.0 0.0 0.26817261276063736 0.0 0.9633708786158803 0.0
0 0.532139961 0.946026558 0.5 0.5 0 0 0.966757306366662 0.0 -0.25569573830370357 0.0 0.0 1.0 0.0 0.0 0.25569573830370357 0.0 0.966757306366662 0.0
0 0.532139961 0.946026558 0.5 0.5 0 0 0.9699821500217435 0.0 -0.24317612678714162 0.0 0.0 1.0 0.0 0.0 0.24317612678714162 0.0 0.9699821500217435 0.0
0 0.532139961 0.946026558 0.5 0.5 0 0 0.9730448705798238 0.0 -0.23061587074244014 0.0 0.0 1.0 0.0 0.0 0.23061587074244014 0.0 0.9730448705798238 0.0
0 0.532139961 0.946026558 0.5 0.5 0 0 0.9759449561369036 0.0 -0.21801706949442584 0.0 0.0 1.0 0.0 0.0 0.21801706949442584 0.0 0.9759449561369036 0.0
0 0.532139961 0.946026558 0.5 0.5 0 0 0.9786819219718442 0.0 -0.20538182881038197 0.0 0.0 1.0 0.0 0.0 0.20538182881038197 0.0 0.9786819219718442 0.0
0 0.532139961 0.946026558 0.5 0.5 0 0 0.9812553106273847 0.0 -0.19271226054808965 0.0 0.0 1.0 0.0 0.0 0.19271226054808965 0.0 0.9812553106273847 0.0
0 0.532139961 0.946026558 0.5 0.5 0 0 0.9836646919866011 0.0 -0.18001048230285133 0.0 0.0 1.0 0.0 0.0 0.18001048230285133 0.0 0.9836646919866011 0.0
0 0.532139961 0.946026558 0.5 0.5 0 0 0.9859096633447965 0.0 -0.16727861705355535 0.0 0.0 1.0 0.0 0.0 0.16727861705355535 0.0 0.9859096633447965 0.0
0 0.532139961 0.946026558 0.5 0.5 0 0 0.987989849476809 0.0 -0.15451879280784048 0.0 0.0 1.0 0.0 0.0 0.15451879280784048 0.0 0.987989849476809 0.0
0 0.532139961 0.946026558 0.5 0.5 0 0 0.989904902699727 0.0 -0.14173314224642042 0.0 0.0 1.0 0.0 0.0 0.14173314224642042 0.0 0.989904902699727 0.0
0 0.532139961 0.946026558 0.5 0.5 0 0 0.9916545029310012 0.0 -0.12892380236662662 0.0 0.0 1.0 0.0 0.0 0.12892380236662662 0.0 0.9916545029310012 0.0
0 0.532139961 0.946026558 0.5 0.5 0 0 0.993238357741943 0.0 -0.11609291412523022 0.0 0.0 1.0 0.0 0.0 0.11609291412523022 0.0 0.993238357741943 0.0
0 0.532139961 0.946026558 0.5 0.5 0 0 0.9946562024066015 0.0 -0.10324262208060146 0.0 0.0 1.0 0.0 0.0 0.10324262208060146 0.0 0.9946562024066015 0.0
0 0.532139961 0.946026558 0.5 0.5 0 0 0.9959077999460093 0.0 -0.0903750740342681 0.0 0.0 1.0 0.0 0.0 0.0903750740342681 0.0 0.9959077999460093 0.0
0 0.532139961 0.946026558 0.5 0.5 0 0 0.996992941167792 0.0 -0.07749242067193093 0.0 0.0 1.0 0.0 0.0 0.07749242067193093 0.0 0.996992941167792 0.0
0 0.532139961 0.946026558 0.5 0.5 0 0 0.997911444701132 0.0 -0.06459681520399763 0.0 0.0 1.0 0.0 0.0 0.06459681520399763 0.0 0.997911444701132 0.0
0 0.532139961 0.946026558 0.5 0.5 0 0 0.9986631570270832 0.0 -0.051690413005694553 0.0 0.0 1.0 0.0 0.0 0.051690413005694553 0.0 0.9986631570270832 0.0
0 0.532139961 0.946026558 0.5 0.5 0 0 0.99924795250423 0.0 -0.03877537125681671 0.0 0.0 1.0 0.0 0.0 0.03877537125681671 0.0 0.99924795250423 0.0
0 0.532139961 0.946026558 0.5 0.5 0 0 0.9996657333896874 0.0 -0.025853848581176044 0.0 0.0 1.0 0.0 0.0 0.025853848581176044 0.0 0.9996657333896874 0.0
0 0.532139961 0.946026558 0.5 0.5 0 0 0.9999164298554373 0.0 -0.012928004685808521 0.0 0.0 1.0 0.0 0.0 0.012928004685808521 0.0 0.9999164298554373 0.0
0 0.532139961 0.946026558 0.5 0.5 0 0 1.0 0.0 0.0 0.0 0.0 1.0 0.0 0.0 -0.0 0.0 1.0 0.0
